1 1 42.62655 117.87401 0.3 0.02 10 0.7 2 13.362 13.362 13.362 9 9 9 -9999 -9999 -9999 15.442 46.327 154.425 1726 0.1 0.3 1.5 1.5435 4 -9999 -9999 -9999 0.568 0.531 0.531 1400 1400 1400 2685 2685 2685 7.9 0.29 2 2 0.14 0.14 0.14 0.01 0.03 304.23 0 0 0 0 0
1 2 42.62655 117.95734 0.3 0.02 10 0.7 2 21.868 21.868 21.868 2 2 2 -9999 -9999 -9999 15.442 46.327 154.425 1654 0.1 0.3 1.5 2.0891 4 -9999 -9999 -9999 0.556 0.521 0.521 1240 1240 1240 2685 2685 2685 7.9 0.37 2 2 0.25 0.25 0.25 0.01 0.03 307.9 0 0 0 0 0
1 3 42.62655 118.04068 0.3 0.02 10 0.7 2 21.868 21.868 21.868 2 2 2 -9999 -9999 -9999 15.442 46.327 154.425 1536 0.1 0.3 1.5 2.598 4 -9999 -9999 -9999 0.549 0.515 0.515 1240 1240 1240 2685 2685 2685 7.9 0.37 2 2 0.25 0.25 0.25 0.01 0.03 312.18 0 0 0 0 0
1 4 42.62655 118.12401 0.3 0.02 10 0.7 2 13.362 13.362 13.362 9 9 9 -9999 -9999 -9999 15.442 46.327 154.425 1492 0.1 0.3 1.5 2.9585 4 -9999 -9999 -9999 0.551 0.516 0.516 1400 1400 1400 2685 2685 2685 7.9 0.29 2 2 0.14 0.14 0.14 0.01 0.03 317.08 0 0 0 0 0
1 5 42.62655 118.20734 0.3 0.02 10 0.7 2 13.362 13.362 13.362 9 9 9 -9999 -9999 -9999 15.442 46.327 154.425 1409 0.1 0.3 1.5 3.0028 4 -9999 -9999 -9999 0.56 0.522 0.522 1400 1400 1400 2685 2685 2685 7.9 0.29 2 2 0.14 0.14 0.14 0.01 0.03 322.48 0 0 0 0 0
1 6 42.62655 118.29068 0.3 0.02 10 0.7 2 9.524 9.524 9.524 11 11 11 -9999 -9999 -9999 15.442 46.327 154.425 1377 0.1 0.3 1.5 2.9702 4 -9999 -9999 -9999 0.566 0.526 0.526 1570 1570 1570 2685 2685 2685 7.9 0.21 2 2 0.09 0.09 0.09 0.01 0.03 328.05 0 0 0 0 0
1 7 42.543216 117.54068 0.3 0.02 10 0.7 2 13.362 13.362 13.362 9 9 9 -9999 -9999 -9999 15.442 46.327 154.425 1417 0.1 0.3 1.5 2.091 4 -9999 -9999 -9999 0.55 0.517 0.517 1400 1400 1400 2685 2685 2685 7.8 0.29 2 2 0.14 0.14 0.14 0.01 0.03 297.37 0 0 0 0 0
1 8 42.543216 117.62401 0.3 0.02 10 0.7 2 13.362 13.362 13.362 9 9 9 -9999 -9999 -9999 15.442 46.327 154.425 1725 0.1 0.3 1.5 2.0253 4 -9999 -9999 -9999 0.55 0.517 0.517 1400 1400 1400 2685 2685 2685 7.8 0.29 2 2 0.14 0.14 0.14 0.01 0.03 299.74 0 0 0 0 0
1 9 42.543216 117.70734 0.3 0.02 10 0.7 2 13.362 13.362 13.362 9 9 9 -9999 -9999 -9999 15.442 46.327 154.425 1597 0.1 0.3 1.5 1.8963 4 -9999 -9999 -9999 0.553 0.52 0.52 1400 1400 1400 2685 2685 2685 7.8 0.29 2 2 0.14 0.14 0.14 0.01 0.03 302.59 0 0 0 0 0
1 10 42.543216 117.79068 0.3 0.02 10 0.7 2 13.362 13.362 13.362 9 9 9 -9999 -9999 -9999 15.442 46.327 154.425 1619 0.1 0.3 1.5 1.856 4 -9999 -9999 -9999 0.555 0.521 0.521 1400 1400 1400 2685 2685 2685 7.9 0.29 2 2 0.14 0.14 0.14 0.01 0.03 305.99 0 0 0 0 0
1 11 42.543216 117.87401 0.3 0.02 10 0.7 2 13.362 13.362 13.362 9 9 9 -9999 -9999 -9999 15.442 46.327 154.425 1642 0.1 0.3 1.5 2.0471 4 -9999 -9999 -9999 0.551 0.518 0.518 1400 1400 1400 2685 2685 2685 7.9 0.29 2 2 0.14 0.14 0.14 0.01 0.03 310.01 0 0 0 0 0
1 12 42.543216 117.95734 0.3 0.02 10 0.7 2 13.362 13.362 13.362 9 9 9 -9999 -9999 -9999 15.442 46.327 154.425 1340 0.1 0.3 1.5 2.4104 4 -9999 -9999 -9999 0.544 0.512 0.512 1400 1400 1400 2685 2685 2685 7.9 0.29 2 2 0.14 0.14 0.14 0.01 0.03 314.74 0 0 0 0 0
1 13 42.543216 118.04068 0.3 0.02 10 0.7 2 13.362 13.362 13.362 9 9 9 -9999 -9999 -9999 15.442 46.327 154.425 1285 0.1 0.3 1.5 2.7909 4 -9999 -9999 -9999 0.54 0.508 0.508 1400 1400 1400 2685 2685 2685 7.9 0.29 2 2 0.14 0.14 0.14 0.01 0.03 320.26 0 0 0 0 0
1 14 42.543216 118.12401 0.3 0.02 10 0.7 2 13.362 13.362 13.362 9 9 9 -9999 -9999 -9999 15.442 46.327 154.425 1101 0.1 0.3 1.5 3.0716 4 -9999 -9999 -9999 0.54 0.507 0.507 1400 1400 1400 2685 2685 2685 7.9 0.29 2 2 0.14 0.14 0.14 0.01 0.03 326.53 0 0 0 0 0
1 15 42.543216 118.20734 0.3 0.02 10 0.7 2 13.362 13.362 13.362 9 9 9 -9999 -9999 -9999 15.442 46.327 154.425 1404 0.1 0.3 1.5 3.2753 4 -9999 -9999 -9999 0.544 0.51 0.51 1400 1400 1400 2685 2685 2685 7.9 0.29 2 2 0.14 0.14 0.14 0.01 0.03 333.36 0 0 0 0 0
1 16 42.543216 118.29068 0.3 0.02 10 0.7 2 9.524 9.524 9.524 11 11 11 -9999 -9999 -9999 15.442 46.327 154.425 1221 0.1 0.3 1.5 3.3709 4 -9999 -9999 -9999 0.546 0.511 0.511 1570 1570 1570 2685 2685 2685 7.9 0.21 2 2 0.09 0.09 0.09 0.01 0.03 340.35 0 0 0 0 0
1 17 42.543216 118.37401 0.3 0.02 10 0.7 2 9.524 9.524 9.524 11 11 11 -9999 -9999 -9999 15.442 46.327 154.425 1163 0.1 0.3 1.5 3.6824 4 -9999 -9999 -9999 0.537 0.504 0.504 1570 1570 1570 2685 2685 2685 7.9 0.21 2 2 0.09 0.09 0.09 0.01 0.03 346.84 0 0 0 0 0
1 18 42.543216 118.45734 0.3 0.02 10 0.7 2 9.524 9.524 9.524 11 11 11 -9999 -9999 -9999 15.442 46.327 154.425 1109 0.1 0.3 1.5 4.0845 4 -9999 -9999 -9999 0.525 0.496 0.496 1570 1570 1570 2685 2685 2685 7.9 0.21 2 2 0.09 0.09 0.09 0.01 0.03 352.06 0 0 0 0 0
1 19 42.543216 118.54068 0.3 0.02 10 0.7 2 9.524 9.524 9.524 11 11 11 -9999 -9999 -9999 15.442 46.327 154.425 868 0.1 0.3 1.5 4.615 4 -9999 -9999 -9999 0.511 0.486 0.486 1570 1570 1570 2685 2685 2685 7.9 0.21 2 2 0.09 0.09 0.09 0.01 0.03 355.27 0 0 0 0 0
1 20 42.543216 118.62401 0.3 0.02 10 0.7 2 9.524 9.524 9.524 11 11 11 -9999 -9999 -9999 15.442 46.327 154.425 879 0.1 0.3 1.5 5.0242 4 -9999 -9999 -9999 0.503 0.481 0.481 1570 1570 1570 2685 2685 2685 7.9 0.21 2 2 0.09 0.09 0.09 0.01 0.03 356.03 0 0 0 0 0
1 21 42.543216 118.70734 0.3 0.02 10 0.7 2 13.362 13.362 13.362 9 9 9 -9999 -9999 -9999 15.442 46.327 154.425 799 0.1 0.3 1.5 5.3514 4 -9999 -9999 -9999 0.498 0.478 0.478 1400 1400 1400 2685 2685 2685 7.9 0.29 2 2 0.14 0.14 0.14 0.01 0.03 354.25 0 0 0 0 0
1 22 42.459883 117.54068 0.3 0.02 10 0.7 2 13.362 13.362 13.362 9 9 9 -9999 -9999 -9999 15.442 46.327 154.425 1783 0.1 0.3 1.5 2.2753 4 -9999 -9999 -9999 0.54 0.51 0.51 1400 1400 1400 2685 2685 2685 7.8 0.29 2 2 0.14 0.14 0.14 0.01 0.03 300.58 0 0 0 0 0
1 23 42.459883 117.62401 0.3 0.02 10 0.7 2 13.362 13.362 13.362 9 9 9 -9999 -9999 -9999 15.442 46.327 154.425 1377 0.1 0.3 1.5 2.2826 4 -9999 -9999 -9999 0.537 0.508 0.508 1400 1400 1400 2685 2685 2685 7.8 0.29 2 2 0.14 0.14 0.14 0.01 0.03 303.32 0 0 0 0 0
1 24 42.459883 117.70734 0.3 0.02 10 0.7 2 13.362 13.362 13.362 9 9 9 -9999 -9999 -9999 15.442 46.327 154.425 1221 0.1 0.3 1.5 2.2666 4 -9999 -9999 -9999 0.536 0.507 0.507 1400 1400 1400 2685 2685 2685 7.8 0.29 2 2 0.14 0.14 0.14 0.01 0.03 306.7 0 0 0 0 0
1 25 42.459883 117.79068 0.3 0.02 10 0.7 2 13.362 13.362 13.362 9 9 9 -9999 -9999 -9999 15.442 46.327 154.425 1588 0.1 0.3 1.5 2.3032 4 -9999 -9999 -9999 0.535 0.506 0.506 1400 1400 1400 2685 2685 2685 7.9 0.29 2 2 0.14 0.14 0.14 0.01 0.03 310.77 0 0 0 0 0
1 26 42.459883 117.87401 0.3 0.02 10 0.7 2 13.362 13.362 13.362 9 9 9 -9999 -9999 -9999 15.442 46.327 154.425 1307 0.1 0.3 1.5 2.4429 4 -9999 -9999 -9999 0.533 0.504 0.504 1400 1400 1400 2685 2685 2685 7.9 0.29 2 2 0.14 0.14 0.14 0.01 0.03 315.64 0 0 0 0 0
1 27 42.459883 117.95734 0.3 0.02 10 0.7 2 13.362 13.362 13.362 9 9 9 -9999 -9999 -9999 15.442 46.327 154.425 1502 0.1 0.3 1.5 2.6972 4 -9999 -9999 -9999 0.531 0.501 0.501 1400 1400 1400 2685 2685 2685 7.9 0.29 2 2 0.14 0.14 0.14 0.01 0.03 321.4 0 0 0 0 0
1 28 42.459883 118.04068 0.3 0.02 10 0.7 2 13.362 13.362 13.362 9 9 9 -9999 -9999 -9999 15.442 46.327 154.425 1119 0.1 0.3 1.5 3.0164 4 -9999 -9999 -9999 0.528 0.499 0.499 1400 1400 1400 2685 2685 2685 7.9 0.29 2 2 0.14 0.14 0.14 0.01 0.03 328.09 0 0 0 0 0
1 29 42.459883 118.12401 0.3 0.02 10 0.7 2 13.362 13.362 13.362 9 9 9 -9999 -9999 -9999 15.442 46.327 154.425 967 0.1 0.3 1.5 3.3221 4 -9999 -9999 -9999 0.527 0.497 0.497 1400 1400 1400 2685 2685 2685 7.9 0.29 2 2 0.14 0.14 0.14 0.01 0.03 335.66 0 0 0 0 0
1 30 42.459883 118.20734 0.3 0.02 10 0.7 2 13.362 13.362 13.362 9 9 9 -9999 -9999 -9999 15.442 46.327 154.425 1091 0.1 0.3 1.5 3.6273 4 -9999 -9999 -9999 0.524 0.494 0.494 1400 1400 1400 2685 2685 2685 7.9 0.29 2 2 0.14 0.14 0.14 0.01 0.03 343.87 0 0 0 0 0
1 31 42.459883 118.29068 0.3 0.02 10 0.7 2 9.524 9.524 9.524 11 11 11 -9999 -9999 -9999 15.442 46.327 154.425 1006 0.1 0.3 1.5 3.8064 4 -9999 -9999 -9999 0.522 0.493 0.493 1570 1570 1570 2685 2685 2685 7.9 0.21 2 2 0.09 0.09 0.09 0.01 0.03 352.2 0 0 0 0 0
1 32 42.459883 118.37401 0.3 0.02 10 0.7 2 13.362 13.362 13.362 9 9 9 -9999 -9999 -9999 15.442 46.327 154.425 1153 0.1 0.3 1.5 4.1168 4 -9999 -9999 -9999 0.518 0.49 0.49 1400 1400 1400 2685 2685 2685 7.9 0.29 2 2 0.14 0.14 0.14 0.01 0.03 359.88 0 0 0 0 0
1 33 42.459883 118.45734 0.3 0.02 10 0.7 2 13.362 13.362 13.362 9 9 9 -9999 -9999 -9999 15.442 46.327 154.425 1007 0.1 0.3 1.5 4.4431 4 -9999 -9999 -9999 0.511 0.485 0.485 1400 1400 1400 2685 2685 2685 7.9 0.29 2 2 0.14 0.14 0.14 0.01 0.03 365.98 0 0 0 0 0
1 34 42.459883 118.54068 0.3 0.02 10 0.7 2 9.524 9.524 9.524 11 11 11 -9999 -9999 -9999 15.442 46.327 154.425 981 0.1 0.3 1.5 4.7975 4 -9999 -9999 -9999 0.505 0.481 0.481 1570 1570 1570 2685 2685 2685 7.9 0.21 2 2 0.09 0.09 0.09 0.01 0.03 369.65 0 0 0 0 0
1 35 42.459883 118.62401 0.3 0.02 10 0.7 2 9.524 9.524 9.524 11 11 11 -9999 -9999 -9999 15.442 46.327 154.425 925 0.1 0.3 1.5 5.1617 4 -9999 -9999 -9999 0.5 0.479 0.479 1570 1570 1570 2685 2685 2685 7.9 0.21 2 2 0.09 0.09 0.09 0.01 0.03 370.38 0 0 0 0 0
1 36 42.459883 118.70734 0.3 0.02 10 0.7 2 13.362 13.362 13.362 9 9 9 -9999 -9999 -9999 15.442 46.327 154.425 857 0.1 0.3 1.5 5.4928 4 -9999 -9999 -9999 0.495 0.475 0.475 1400 1400 1400 2685 2685 2685 7.9 0.29 2 2 0.14 0.14 0.14 0.01 0.03 368.13 0 0 0 0 0
1 37 42.459883 118.79068 0.3 0.02 10 0.7 2 13.362 13.362 13.362 9 9 9 -9999 -9999 -9999 15.442 46.327 154.425 768 0.1 0.3 1.5 5.6897 4 -9999 -9999 -9999 0.492 0.473 0.473 1400 1400 1400 2685 2685 2685 7.9 0.29 2 2 0.14 0.14 0.14 0.01 0.03 363.32 0 0 0 0 0
1 38 42.459883 118.87401 0.3 0.02 10 0.7 2 13.362 13.362 13.362 9 9 9 -9999 -9999 -9999 15.442 46.327 154.425 680 0.1 0.3 1.5 5.9512 4 -9999 -9999 -9999 0.485 0.469 0.469 1400 1400 1400 2685 2685 2685 7.9 0.29 2 2 0.14 0.14 0.14 0.01 0.03 356.62 0 0 0 0 0
1 39 42.459883 118.95734 0.3 0.02 10 0.7 2 13.362 13.362 13.362 9 9 9 -9999 -9999 -9999 15.442 46.327 154.425 924 0.1 0.3 1.5 6.1786 4 -9999 -9999 -9999 0.475 0.461 0.461 1400 1400 1400 2685 2685 2685 7.9 0.29 2 2 0.14 0.14 0.14 0.01 0.03 348.82 0 0 0 0 0
1 40 42.459883 119.04068 0.3 0.02 10 0.7 2 13.362 13.362 13.362 9 9 9 -9999 -9999 -9999 15.442 46.327 154.425 861 0.1 0.3 1.5 6.4193 4 -9999 -9999 -9999 0.464 0.454 0.454 1400 1400 1400 2685 2685 2685 7.9 0.29 2 2 0.14 0.14 0.14 0.01 0.03 340.59 0 0 0 0 0
1 41 42.459883 119.12401 0.3 0.02 10 0.7 2 13.362 13.362 13.362 9 9 9 -9999 -9999 -9999 15.442 46.327 154.425 707 0.1 0.3 1.5 6.6879 4 -9999 -9999 -9999 0.453 0.447 0.447 1400 1400 1400 2685 2685 2685 7.9 0.29 2 2 0.14 0.14 0.14 0.01 0.03 332.5 0 0 0 0 0
1 42 42.459883 119.20734 0.3 0.02 10 0.7 2 13.362 13.362 13.362 9 9 9 -9999 -9999 -9999 15.442 46.327 154.425 683 0.1 0.3 1.5 6.9314 4 -9999 -9999 -9999 0.445 0.441 0.441 1400 1400 1400 2685 2685 2685 7.9 0.29 2 2 0.14 0.14 0.14 0.01 0.03 324.91 0 0 0 0 0
1 43 42.37655 117.45735 0.3 0.02 10 0.7 2 13.362 13.362 13.362 9 9 9 -9999 -9999 -9999 15.442 46.327 154.425 1462 0.1 0.3 1.5 2.4405 4 -9999 -9999 -9999 0.535 0.507 0.507 1400 1400 1400 2685 2685 2685 7.8 0.29 2 2 0.14 0.14 0.14 0.01 0.03 301.24 0 0 0 0 0
1 44 42.37655 117.54068 0.3 0.02 10 0.7 2 13.362 13.362 13.362 9 9 9 -9999 -9999 -9999 15.442 46.327 154.425 1507 0.1 0.3 1.5 2.441 4 -9999 -9999 -9999 0.531 0.503 0.503 1400 1400 1400 2685 2685 2685 7.8 0.29 2 2 0.14 0.14 0.14 0.01 0.03 303.61 0 0 0 0 0
1 45 42.37655 117.62401 0.3 0.02 10 0.7 2 13.362 13.362 13.362 9 9 9 -9999 -9999 -9999 15.442 46.327 154.425 1514 0.1 0.3 1.5 2.4331 4 -9999 -9999 -9999 0.526 0.499 0.499 1400 1400 1400 2685 2685 2685 7.8 0.29 2 2 0.14 0.14 0.14 0.01 0.03 306.7 0 0 0 0 0
1 46 42.37655 117.70734 0.3 0.02 10 0.7 2 13.362 13.362 13.362 9 9 9 -9999 -9999 -9999 15.442 46.327 154.425 1708 0.1 0.3 1.5 2.4487 4 -9999 -9999 -9999 0.521 0.495 0.495 1400 1400 1400 2685 2685 2685 7.8 0.29 2 2 0.14 0.14 0.14 0.01 0.03 310.54 0 0 0 0 0
1 47 42.37655 117.79068 0.3 0.02 10 0.7 2 18.152 18.152 18.152 10 10 10 -9999 -9999 -9999 15.442 46.327 154.425 1135 0.1 0.3 1.5 2.4807 4 -9999 -9999 -9999 0.518 0.493 0.493 1410 1410 1410 2685 2685 2685 7.9 0.27 2 2 0.17 0.17 0.17 0.01 0.03 315.22 0 0 0 0 0
1 48 42.37655 117.87401 0.3 0.02 10 0.7 2 18.152 18.152 18.152 10 10 10 -9999 -9999 -9999 15.442 46.327 154.425 1066 0.1 0.3 1.5 2.6021 4 -9999 -9999 -9999 0.518 0.493 0.493 1410 1410 1410 2685 2685 2685 7.9 0.27 2 2 0.17 0.17 0.17 0.01 0.03 320.83 0 0 0 0 0
1 49 42.37655 117.95734 0.3 0.02 10 0.7 2 18.152 18.152 18.152 10 10 10 -9999 -9999 -9999 15.442 46.327 154.425 1080 0.1 0.3 1.5 2.8553 4 -9999 -9999 -9999 0.519 0.492 0.492 1410 1410 1410 2685 2685 2685 7.9 0.27 2 2 0.17 0.17 0.17 0.01 0.03 327.47 0 0 0 0 0
1 50 42.37655 118.04068 0.3 0.02 10 0.7 2 13.362 13.362 13.362 9 9 9 -9999 -9999 -9999 15.442 46.327 154.425 1223 0.1 0.3 1.5 3.2128 4 -9999 -9999 -9999 0.518 0.491 0.491 1400 1400 1400 2685 2685 2685 7.9 0.29 2 2 0.14 0.14 0.14 0.01 0.03 335.16 0 0 0 0 0
1 51 42.37655 118.12401 0.3 0.02 10 0.7 2 13.362 13.362 13.362 9 9 9 -9999 -9999 -9999 15.442 46.327 154.425 1059 0.1 0.3 1.5 3.6095 4 -9999 -9999 -9999 0.515 0.487 0.487 1400 1400 1400 2685 2685 2685 7.9 0.29 2 2 0.14 0.14 0.14 0.01 0.03 343.82 0 0 0 0 0
1 52 42.37655 118.20734 0.3 0.02 10 0.7 2 13.362 13.362 13.362 9 9 9 -9999 -9999 -9999 15.442 46.327 154.425 924 0.1 0.3 1.5 4.0202 4 -9999 -9999 -9999 0.509 0.482 0.482 1400 1400 1400 2685 2685 2685 7.9 0.29 2 2 0.14 0.14 0.14 0.01 0.03 353.15 0 0 0 0 0
1 53 42.37655 118.29068 0.3 0.02 10 0.7 2 13.362 13.362 13.362 9 9 9 -9999 -9999 -9999 15.442 46.327 154.425 843 0.1 0.3 1.5 4.2326 4 -9999 -9999 -9999 0.507 0.48 0.48 1400 1400 1400 2685 2685 2685 7.9 0.29 2 2 0.14 0.14 0.14 0.01 0.03 362.56 0 0 0 0 0
1 54 42.37655 118.37401 0.3 0.02 10 0.7 2 13.362 13.362 13.362 9 9 9 -9999 -9999 -9999 15.442 46.327 154.425 770 0.1 0.3 1.5 4.4315 4 -9999 -9999 -9999 0.505 0.479 0.479 1400 1400 1400 2685 2685 2685 7.9 0.29 2 2 0.14 0.14 0.14 0.01 0.03 371.17 0 0 0 0 0
1 55 42.37655 118.45734 0.3 0.02 10 0.7 2 13.362 13.362 13.362 9 9 9 -9999 -9999 -9999 15.442 46.327 154.425 743 0.1 0.3 1.5 4.657 4 -9999 -9999 -9999 0.502 0.478 0.478 1400 1400 1400 2685 2685 2685 7.9 0.29 2 2 0.14 0.14 0.14 0.01 0.03 377.95 0 0 0 0 0
1 56 42.37655 118.54068 0.3 0.02 10 0.7 2 13.362 13.362 13.362 9 9 9 -9999 -9999 -9999 15.442 46.327 154.425 809 0.1 0.3 1.5 4.9784 4 -9999 -9999 -9999 0.5 0.477 0.477 1400 1400 1400 2685 2685 2685 7.9 0.29 2 2 0.14 0.14 0.14 0.01 0.03 381.95 0 0 0 0 0
1 57 42.37655 118.62401 0.3 0.02 10 0.7 2 13.362 13.362 13.362 9 9 9 -9999 -9999 -9999 15.442 46.327 154.425 734 0.1 0.3 1.5 5.3885 4 -9999 -9999 -9999 0.499 0.477 0.477 1400 1400 1400 2685 2685 2685 7.9 0.29 2 2 0.14 0.14 0.14 0.01 0.03 382.61 0 0 0 0 0
1 58 42.37655 118.70734 0.3 0.02 10 0.7 2 13.362 13.362 13.362 9 9 9 -9999 -9999 -9999 15.442 46.327 154.425 713 0.1 0.3 1.5 5.8035 4 -9999 -9999 -9999 0.498 0.477 0.477 1400 1400 1400 2685 2685 2685 7.9 0.29 2 2 0.14 0.14 0.14 0.01 0.03 379.95 0 0 0 0 0
1 59 42.37655 118.79068 0.3 0.02 10 0.7 2 9.524 9.524 9.524 11 11 11 -9999 -9999 -9999 15.442 46.327 154.425 623 0.1 0.3 1.5 6.0233 4 -9999 -9999 -9999 0.496 0.476 0.476 1570 1570 1570 2685 2685 2685 7.9 0.21 2 2 0.09 0.09 0.09 0.01 0.03 374.46 0 0 0 0 0
1 60 42.37655 118.87401 0.3 0.02 10 0.7 2 9.524 9.524 9.524 11 11 11 -9999 -9999 -9999 15.442 46.327 154.425 607 0.1 0.3 1.5 6.1745 4 -9999 -9999 -9999 0.488 0.471 0.471 1570 1570 1570 2685 2685 2685 7.9 0.21 2 2 0.09 0.09 0.09 0.01 0.03 366.97 0 0 0 0 0
1 61 42.37655 118.95734 0.3 0.02 10 0.7 2 13.362 13.362 13.362 9 9 9 -9999 -9999 -9999 15.442 46.327 154.425 677 0.1 0.3 1.5 6.2947 4 -9999 -9999 -9999 0.472 0.46 0.46 1400 1400 1400 2685 2685 2685 7.9 0.29 2 2 0.14 0.14 0.14 0.01 0.03 358.33 0 0 0 0 0
1 62 42.37655 119.04068 0.3 0.02 10 0.7 2 13.362 13.362 13.362 9 9 9 -9999 -9999 -9999 15.442 46.327 154.425 682 0.1 0.3 1.5 6.4816 4 -9999 -9999 -9999 0.453 0.446 0.446 1400 1400 1400 2685 2685 2685 7.9 0.29 2 2 0.14 0.14 0.14 0.01 0.03 349.31 0 0 0 0 0
1 63 42.37655 119.12401 0.3 0.02 10 0.7 2 13.362 13.362 13.362 9 9 9 -9999 -9999 -9999 15.442 46.327 154.425 579 0.1 0.3 1.5 6.7552 4 -9999 -9999 -9999 0.43 0.431 0.431 1400 1400 1400 2685 2685 2685 7.9 0.29 2 2 0.14 0.14 0.14 0.01 0.03 340.48 0 0 0 0 0
1 64 42.37655 119.20734 0.3 0.02 10 0.7 2 9.524 9.524 9.524 11 11 11 -9999 -9999 -9999 15.442 46.327 154.425 507 0.1 0.3 1.5 7.042 4 -9999 -9999 -9999 0.409 0.416 0.416 1570 1570 1570 2685 2685 2685 7.9 0.21 2 2 0.09 0.09 0.09 0.01 0.03 332.24 0 0 0 0 0
1 65 42.37655 119.29068 0.3 0.02 10 0.7 2 9.524 9.524 9.524 11 11 11 -9999 -9999 -9999 15.442 46.327 154.425 493 0.1 0.3 1.5 7.1598 4 -9999 -9999 -9999 0.398 0.409 0.409 1570 1570 1570 2685 2685 2685 8 0.21 2 2 0.09 0.09 0.09 0.01 0.03 324.79 0 0 0 0 0
1 66 42.293216 117.54068 0.3 0.02 10 0.7 2 13.362 13.362 13.362 9 9 9 -9999 -9999 -9999 15.442 46.327 154.425 1659 0.1 0.3 1.5 2.5501 4 -9999 -9999 -9999 0.524 0.499 0.499 1400 1400 1400 2685 2685 2685 7.8 0.29 2 2 0.14 0.14 0.14 0.01 0.03 306.38 0 0 0 0 0
1 67 42.293216 117.62401 0.3 0.02 10 0.7 2 13.362 13.362 13.362 9 9 9 -9999 -9999 -9999 15.442 46.327 154.425 1490 0.1 0.3 1.5 2.5154 4 -9999 -9999 -9999 0.517 0.493 0.493 1400 1400 1400 2685 2685 2685 7.8 0.29 2 2 0.14 0.14 0.14 0.01 0.03 309.74 0 0 0 0 0
1 68 42.293216 117.70734 0.3 0.02 10 0.7 2 13.362 13.362 13.362 9 9 9 -9999 -9999 -9999 15.442 46.327 154.425 1118 0.1 0.3 1.5 2.442 4 -9999 -9999 -9999 0.509 0.487 0.487 1400 1400 1400 2685 2685 2685 7.8 0.29 2 2 0.14 0.14 0.14 0.01 0.03 313.97 0 0 0 0 0
1 69 42.293216 117.79068 0.3 0.02 10 0.7 2 13.362 13.362 13.362 9 9 9 -9999 -9999 -9999 15.442 46.327 154.425 1508 0.1 0.3 1.5 2.409 4 -9999 -9999 -9999 0.506 0.485 0.485 1400 1400 1400 2685 2685 2685 7.9 0.29 2 2 0.14 0.14 0.14 0.01 0.03 319.13 0 0 0 0 0
1 70 42.293216 117.87401 0.3 0.02 10 0.7 2 13.362 13.362 13.362 9 9 9 -9999 -9999 -9999 15.442 46.327 154.425 1437 0.1 0.3 1.5 2.5463 4 -9999 -9999 -9999 0.508 0.486 0.486 1400 1400 1400 2685 2685 2685 7.9 0.29 2 2 0.14 0.14 0.14 0.01 0.03 325.33 0 0 0 0 0
1 71 42.293216 117.95734 0.3 0.02 10 0.7 2 13.362 13.362 13.362 9 9 9 -9999 -9999 -9999 15.442 46.327 154.425 1195 0.1 0.3 1.5 2.8844 4 -9999 -9999 -9999 0.51 0.486 0.486 1400 1400 1400 2685 2685 2685 7.9 0.29 2 2 0.14 0.14 0.14 0.01 0.03 332.62 0 0 0 0 0
1 72 42.293216 118.04068 0.3 0.02 10 0.7 2 13.362 13.362 13.362 9 9 9 -9999 -9999 -9999 15.442 46.327 154.425 1102 0.1 0.3 1.5 3.3472 4 -9999 -9999 -9999 0.51 0.484 0.484 1400 1400 1400 2685 2685 2685 7.9 0.29 2 2 0.14 0.14 0.14 0.01 0.03 341.04 0 0 0 0 0
1 73 42.293216 118.12401 0.3 0.02 10 0.7 2 13.362 13.362 13.362 9 9 9 -9999 -9999 -9999 15.442 46.327 154.425 1124 0.1 0.3 1.5 3.8733 4 -9999 -9999 -9999 0.506 0.48 0.48 1400 1400 1400 2685 2685 2685 7.9 0.29 2 2 0.14 0.14 0.14 0.01 0.03 350.44 0 0 0 0 0
1 74 42.293216 118.20734 0.3 0.02 10 0.7 2 13.362 13.362 13.362 9 9 9 -9999 -9999 -9999 15.442 46.327 154.425 1015 0.1 0.3 1.5 4.3633 4 -9999 -9999 -9999 0.501 0.474 0.474 1400 1400 1400 2685 2685 2685 7.9 0.29 2 2 0.14 0.14 0.14 0.01 0.03 360.49 0 0 0 0 0
1 75 42.293216 118.29068 0.3 0.02 10 0.7 2 18.152 18.152 18.152 10 10 10 -9999 -9999 -9999 15.442 46.327 154.425 1103 0.1 0.3 1.5 4.6344 4 -9999 -9999 -9999 0.497 0.471 0.471 1410 1410 1410 2685 2685 2685 7.9 0.27 2 2 0.17 0.17 0.17 0.01 0.03 370.56 0 0 0 0 0
1 76 42.293216 118.37401 0.3 0.02 10 0.7 2 13.362 13.362 13.362 9 9 9 -9999 -9999 -9999 15.442 46.327 154.425 1016 0.1 0.3 1.5 4.656 4 -9999 -9999 -9999 0.497 0.472 0.472 1400 1400 1400 2685 2685 2685 7.9 0.29 2 2 0.14 0.14 0.14 0.01 0.03 379.69 0 0 0 0 0
1 77 42.293216 118.45734 0.3 0.02 10 0.7 2 13.362 13.362 13.362 9 9 9 -9999 -9999 -9999 15.442 46.327 154.425 837 0.1 0.3 1.5 4.7714 4 -9999 -9999 -9999 0.497 0.473 0.473 1400 1400 1400 2685 2685 2685 7.9 0.29 2 2 0.14 0.14 0.14 0.01 0.03 386.81 0 0 0 0 0
1 78 42.293216 118.54068 0.3 0.02 10 0.7 2 13.362 13.362 13.362 9 9 9 -9999 -9999 -9999 15.442 46.327 154.425 801 0.1 0.3 1.5 5.1093 4 -9999 -9999 -9999 0.497 0.474 0.474 1400 1400 1400 2685 2685 2685 7.9 0.29 2 2 0.14 0.14 0.14 0.01 0.03 390.95 0 0 0 0 0
1 79 42.293216 118.62401 0.3 0.02 10 0.7 2 13.362 13.362 13.362 9 9 9 -9999 -9999 -9999 15.442 46.327 154.425 770 0.1 0.3 1.5 5.6295 4 -9999 -9999 -9999 0.499 0.477 0.477 1400 1400 1400 2685 2685 2685 7.9 0.29 2 2 0.14 0.14 0.14 0.01 0.03 391.54 0 0 0 0 0
1 80 42.293216 118.70734 0.3 0.02 10 0.7 2 13.362 13.362 13.362 9 9 9 -9999 -9999 -9999 15.442 46.327 154.425 778 0.1 0.3 1.5 6.1758 4 -9999 -9999 -9999 0.505 0.483 0.483 1400 1400 1400 2685 2685 2685 7.9 0.29 2 2 0.14 0.14 0.14 0.01 0.03 388.62 0 0 0 0 0
1 81 42.293216 118.79068 0.3 0.02 10 0.7 2 13.362 13.362 13.362 9 9 9 -9999 -9999 -9999 15.442 46.327 154.425 738 0.1 0.3 1.5 6.4711 4 -9999 -9999 -9999 0.508 0.485 0.485 1400 1400 1400 2685 2685 2685 7.9 0.29 2 2 0.14 0.14 0.14 0.01 0.03 382.74 0 0 0 0 0
1 82 42.293216 118.87401 0.3 0.02 10 0.7 2 9.524 9.524 9.524 11 11 11 -9999 -9999 -9999 15.442 46.327 154.425 603 0.1 0.3 1.5 6.4247 4 -9999 -9999 -9999 0.498 0.478 0.478 1570 1570 1570 2685 2685 2685 7.9 0.21 2 2 0.09 0.09 0.09 0.01 0.03 374.78 0 0 0 0 0
1 83 42.293216 118.95734 0.3 0.02 10 0.7 2 9.524 9.524 9.524 11 11 11 -9999 -9999 -9999 15.442 46.327 154.425 565 0.1 0.3 1.5 6.3808 4 -9999 -9999 -9999 0.474 0.461 0.461 1570 1570 1570 2685 2685 2685 7.9 0.21 2 2 0.09 0.09 0.09 0.01 0.03 365.65 0 0 0 0 0
1 84 42.293216 119.04068 0.3 0.02 10 0.7 2 9.524 9.524 9.524 11 11 11 -9999 -9999 -9999 15.442 46.327 154.425 555 0.1 0.3 1.5 6.5382 4 -9999 -9999 -9999 0.444 0.44 0.44 1570 1570 1570 2685 2685 2685 7.9 0.21 2 2 0.09 0.09 0.09 0.01 0.03 356.16 0 0 0 0 0
1 85 42.293216 119.12401 0.3 0.02 10 0.7 2 9.524 9.524 9.524 11 11 11 -9999 -9999 -9999 15.442 46.327 154.425 531 0.1 0.3 1.5 6.8912 4 -9999 -9999 -9999 0.409 0.416 0.416 1570 1570 1570 2685 2685 2685 7.9 0.21 2 2 0.09 0.09 0.09 0.01 0.03 346.89 0 0 0 0 0
1 86 42.293216 119.20734 0.3 0.02 10 0.7 2 13.362 13.362 13.362 9 9 9 -9999 -9999 -9999 15.442 46.327 154.425 602 0.1 0.3 1.5 7.3176 4 -9999 -9999 -9999 0.373 0.392 0.392 1400 1400 1400 2685 2685 2685 7.9 0.29 2 2 0.14 0.14 0.14 0.01 0.03 338.22 0 0 0 0 0
1 87 42.293216 119.29068 0.3 0.02 10 0.7 2 13.362 13.362 13.362 9 9 9 -9999 -9999 -9999 15.442 46.327 154.425 495 0.1 0.3 1.5 7.5536 4 -9999 -9999 -9999 0.354 0.379 0.379 1400 1400 1400 2685 2685 2685 8 0.29 2 2 0.14 0.14 0.14 0.01 0.03 330.37 0 0 0 0 0
1 88 42.293216 119.37401 0.3 0.02 10 0.7 2 13.362 13.362 13.362 9 9 9 -9999 -9999 -9999 15.442 46.327 154.425 521 0.1 0.3 1.5 7.3775 4 -9999 -9999 -9999 0.368 0.389 0.389 1400 1400 1400 2685 2685 2685 8 0.29 2 2 0.14 0.14 0.14 0.01 0.03 323.43 0 0 0 0 0
1 89 42.209883 117.79068 0.3 0.02 10 0.7 2 13.362 13.362 13.362 9 9 9 -9999 -9999 -9999 15.442 46.327 154.425 1384 0.1 0.3 1.5 2.3 4 -9999 -9999 -9999 0.502 0.482 0.482 1400 1400 1400 2685 2685 2685 7.9 0.29 2 2 0.14 0.14 0.14 0.01 0.03 322.37 0 0 0 0 0
1 90 42.209883 117.87401 0.3 0.02 10 0.7 2 13.362 13.362 13.362 9 9 9 -9999 -9999 -9999 15.442 46.327 154.425 1603 0.1 0.3 1.5 2.4649 4 -9999 -9999 -9999 0.503 0.483 0.483 1400 1400 1400 2685 2685 2685 7.9 0.29 2 2 0.14 0.14 0.14 0.01 0.03 328.94 0 0 0 0 0
1 91 42.209883 117.95734 0.3 0.02 10 0.7 2 13.362 13.362 13.362 9 9 9 -9999 -9999 -9999 15.442 46.327 154.425 1234 0.1 0.3 1.5 2.8944 4 -9999 -9999 -9999 0.505 0.483 0.483 1400 1400 1400 2685 2685 2685 7.9 0.29 2 2 0.14 0.14 0.14 0.01 0.03 336.63 0 0 0 0 0
1 92 42.209883 118.04068 0.3 0.02 10 0.7 2 13.362 13.362 13.362 9 9 9 -9999 -9999 -9999 15.442 46.327 154.425 1193 0.1 0.3 1.5 3.4228 4 -9999 -9999 -9999 0.504 0.48 0.48 1400 1400 1400 2685 2685 2685 7.9 0.29 2 2 0.14 0.14 0.14 0.01 0.03 345.42 0 0 0 0 0
1 93 42.209883 118.12401 0.3 0.02 10 0.7 2 18.152 18.152 18.152 10 10 10 -9999 -9999 -9999 15.442 46.327 154.425 953 0.1 0.3 1.5 4.0076 4 -9999 -9999 -9999 0.501 0.476 0.476 1410 1410 1410 2685 2685 2685 7.9 0.27 2 2 0.17 0.17 0.17 0.01 0.03 355.16 0 0 0 0 0
1 94 42.209883 118.20734 0.3 0.02 10 0.7 2 18.152 18.152 18.152 10 10 10 -9999 -9999 -9999 15.442 46.327 154.425 917 0.1 0.3 1.5 4.5772 4 -9999 -9999 -9999 0.497 0.47 0.47 1410 1410 1410 2685 2685 2685 7.9 0.27 2 2 0.17 0.17 0.17 0.01 0.03 365.46 0 0 0 0 0
1 95 42.209883 118.29068 0.3 0.02 10 0.7 2 13.362 13.362 13.362 9 9 9 -9999 -9999 -9999 15.442 46.327 154.425 781 0.1 0.3 1.5 4.8 4 -9999 -9999 -9999 0.495 0.468 0.468 1400 1400 1400 2685 2685 2685 7.9 0.29 2 2 0.14 0.14 0.14 0.01 0.03 375.66 0 0 0 0 0
1 96 42.209883 118.37401 0.3 0.02 10 0.7 2 13.362 13.362 13.362 9 9 9 -9999 -9999 -9999 15.442 46.327 154.425 780 0.1 0.3 1.5 4.7165 4 -9999 -9999 -9999 0.494 0.469 0.469 1400 1400 1400 2685 2685 2685 7.9 0.29 2 2 0.14 0.14 0.14 0.01 0.03 384.84 0 0 0 0 0
1 97 42.209883 118.45734 0.3 0.02 10 0.7 2 13.362 13.362 13.362 9 9 9 -9999 -9999 -9999 15.442 46.327 154.425 831 0.1 0.3 1.5 4.8031 4 -9999 -9999 -9999 0.493 0.47 0.47 1400 1400 1400 2685 2685 2685 7.9 0.29 2 2 0.14 0.14 0.14 0.01 0.03 391.93 0 0 0 0 0
1 98 42.209883 118.54068 0.3 0.02 10 0.7 2 9.524 9.524 9.524 11 11 11 -9999 -9999 -9999 15.442 46.327 154.425 807 0.1 0.3 1.5 5.1516 4 -9999 -9999 -9999 0.493 0.472 0.472 1570 1570 1570 2685 2685 2685 7.9 0.21 2 2 0.09 0.09 0.09 0.01 0.03 396.01 0 0 0 0 0
1 99 42.209883 118.62401 0.3 0.02 10 0.7 2 9.524 9.524 9.524 11 11 11 -9999 -9999 -9999 15.442 46.327 154.425 834 0.1 0.3 1.5 5.7348 4 -9999 -9999 -9999 0.498 0.477 0.477 1570 1570 1570 2685 2685 2685 7.9 0.21 2 2 0.09 0.09 0.09 0.01 0.03 396.53 0 0 0 0 0
1 100 42.209883 118.70734 0.3 0.02 10 0.7 2 13.362 13.362 13.362 9 9 9 -9999 -9999 -9999 15.442 46.327 154.425 814 0.1 0.3 1.5 6.4077 4 -9999 -9999 -9999 0.508 0.485 0.485 1400 1400 1400 2685 2685 2685 7.9 0.29 2 2 0.14 0.14 0.14 0.01 0.03 393.56 0 0 0 0 0
1 101 42.209883 118.79068 0.3 0.02 10 0.7 2 13.362 13.362 13.362 9 9 9 -9999 -9999 -9999 15.442 46.327 154.425 770 0.1 0.3 1.5 6.7 4 -9999 -9999 -9999 0.517 0.492 0.492 1400 1400 1400 2685 2685 2685 7.9 0.29 2 2 0.14 0.14 0.14 0.01 0.03 387.64 0 0 0 0 0
1 102 42.209883 118.87401 0.3 0.02 10 0.7 2 9.524 9.524 9.524 11 11 11 -9999 -9999 -9999 15.442 46.327 154.425 595 0.1 0.3 1.5 6.5201 4 -9999 -9999 -9999 0.504 0.483 0.483 1570 1570 1570 2685 2685 2685 7.9 0.21 2 2 0.09 0.09 0.09 0.01 0.03 379.64 0 0 0 0 0
1 103 42.209883 118.95734 0.3 0.02 10 0.7 2 13.362 13.362 13.362 9 9 9 -9999 -9999 -9999 15.442 46.327 154.425 627 0.1 0.3 1.5 6.3935 4 -9999 -9999 -9999 0.475 0.461 0.461 1400 1400 1400 2685 2685 2685 7.9 0.29 2 2 0.14 0.14 0.14 0.01 0.03 370.46 0 0 0 0 0
1 104 42.209883 119.04068 0.3 0.02 10 0.7 2 13.362 13.362 13.362 9 9 9 -9999 -9999 -9999 15.442 46.327 154.425 578 0.1 0.3 1.5 6.5305 4 -9999 -9999 -9999 0.439 0.437 0.437 1400 1400 1400 2685 2685 2685 7.9 0.29 2 2 0.14 0.14 0.14 0.01 0.03 360.89 0 0 0 0 0
1 105 42.209883 119.12401 0.3 0.02 10 0.7 2 13.362 13.362 13.362 9 9 9 -9999 -9999 -9999 15.442 46.327 154.425 669 0.1 0.3 1.5 6.942 4 -9999 -9999 -9999 0.398 0.409 0.409 1400 1400 1400 2685 2685 2685 7.9 0.29 2 2 0.14 0.14 0.14 0.01 0.03 351.52 0 0 0 0 0
1 106 42.209883 119.20734 0.3 0.02 10 0.7 2 13.362 13.362 13.362 9 9 9 -9999 -9999 -9999 15.442 46.327 154.425 533 0.1 0.3 1.5 7.5142 4 -9999 -9999 -9999 0.354 0.38 0.38 1400 1400 1400 2685 2685 2685 7.9 0.29 2 2 0.14 0.14 0.14 0.01 0.03 342.72 0 0 0 0 0
1 107 42.209883 119.29068 0.3 0.02 10 0.7 2 13.362 13.362 13.362 9 9 9 -9999 -9999 -9999 15.442 46.327 154.425 555 0.1 0.3 1.5 7.8 4 -9999 -9999 -9999 0.334 0.366 0.366 1400 1400 1400 2685 2685 2685 8 0.29 2 2 0.14 0.14 0.14 0.01 0.03 334.72 0 0 0 0 0
1 108 42.209883 119.37401 0.3 0.02 10 0.7 2 9.524 9.524 9.524 11 11 11 -9999 -9999 -9999 15.442 46.327 154.425 659 0.1 0.3 1.5 7.5346 4 -9999 -9999 -9999 0.351 0.377 0.377 1570 1570 1570 2685 2685 2685 8 0.21 2 2 0.09 0.09 0.09 0.01 0.03 327.6 0 0 0 0 0
1 109 42.12655 117.79068 0.3 0.02 10 0.7 2 13.362 13.362 13.362 9 9 9 -9999 -9999 -9999 15.442 46.327 154.425 1287 0.1 0.3 1.5 2.4605 4 -9999 -9999 -9999 0.503 0.482 0.482 1400 1400 1400 2685 2685 2685 7.9 0.29 2 2 0.14 0.14 0.14 0.01 0.03 324.85 0 0 0 0 0
1 110 42.12655 117.87401 0.3 0.02 10 0.7 2 13.362 13.362 13.362 9 9 9 -9999 -9999 -9999 15.442 46.327 154.425 1137 0.1 0.3 1.5 2.6271 4 -9999 -9999 -9999 0.502 0.482 0.482 1400 1400 1400 2685 2685 2685 7.9 0.29 2 2 0.14 0.14 0.14 0.01 0.03 331.57 0 0 0 0 0
1 111 42.12655 117.95734 0.3 0.02 10 0.7 2 13.362 13.362 13.362 9 9 9 -9999 -9999 -9999 15.442 46.327 154.425 1146 0.1 0.3 1.5 2.9909 4 -9999 -9999 -9999 0.501 0.479 0.479 1400 1400 1400 2685 2685 2685 7.9 0.29 2 2 0.14 0.14 0.14 0.01 0.03 339.37 0 0 0 0 0
1 112 42.12655 118.04068 0.3 0.02 10 0.7 2 13.362 13.362 13.362 9 9 9 -9999 -9999 -9999 15.442 46.327 154.425 1206 0.1 0.3 1.5 3.5038 4 -9999 -9999 -9999 0.497 0.475 0.475 1400 1400 1400 2685 2685 2685 7.9 0.29 2 2 0.14 0.14 0.14 0.01 0.03 348.19 0 0 0 0 0
1 113 42.12655 118.12401 0.3 0.02 10 0.7 2 13.362 13.362 13.362 9 9 9 -9999 -9999 -9999 15.442 46.327 154.425 1062 0.1 0.3 1.5 4.0023 4 -9999 -9999 -9999 0.496 0.472 0.472 1400 1400 1400 2685 2685 2685 7.9 0.29 2 2 0.14 0.14 0.14 0.01 0.03 357.85 0 0 0 0 0
1 114 42.12655 118.20734 0.3 0.02 10 0.7 2 13.362 13.362 13.362 9 9 9 -9999 -9999 -9999 15.442 46.327 154.425 988 0.1 0.3 1.5 4.4326 4 -9999 -9999 -9999 0.495 0.47 0.47 1400 1400 1400 2685 2685 2685 7.9 0.29 2 2 0.14 0.14 0.14 0.01 0.03 367.94 0 0 0 0 0
1 115 42.12655 118.29068 0.3 0.02 10 0.7 2 18.152 18.152 18.152 10 10 10 -9999 -9999 -9999 15.442 46.327 154.425 1661 0.1 0.3 1.5 4.6488 4 -9999 -9999 -9999 0.494 0.468 0.468 1410 1410 1410 2685 2685 2685 7.9 0.27 2 2 0.17 0.17 0.17 0.01 0.03 377.81 0 0 0 0 0
1 116 42.12655 118.37401 0.3 0.02 10 0.7 2 18.152 18.152 18.152 10 10 10 -9999 -9999 -9999 15.442 46.327 154.425 1481 0.1 0.3 1.5 4.6369 4 -9999 -9999 -9999 0.492 0.468 0.468 1410 1410 1410 2685 2685 2685 7.9 0.27 2 2 0.17 0.17 0.17 0.01 0.03 386.6 0 0 0 0 0
1 117 42.12655 118.45734 0.3 0.02 10 0.7 2 18.152 18.152 18.152 10 10 10 -9999 -9999 -9999 15.442 46.327 154.425 1054 0.1 0.3 1.5 4.7178 4 -9999 -9999 -9999 0.488 0.466 0.466 1410 1410 1410 2685 2685 2685 7.9 0.27 2 2 0.17 0.17 0.17 0.01 0.03 393.32 0 0 0 0 0
1 118 42.12655 118.54068 0.3 0.02 10 0.7 2 9.524 9.524 9.524 11 11 11 -9999 -9999 -9999 15.442 46.327 154.425 872 0.1 0.3 1.5 5.0854 4 -9999 -9999 -9999 0.485 0.466 0.466 1570 1570 1570 2685 2685 2685 7.9 0.21 2 2 0.09 0.09 0.09 0.01 0.03 397.16 0 0 0 0 0
1 119 42.12655 118.62401 0.3 0.02 10 0.7 2 9.524 9.524 9.524 11 11 11 -9999 -9999 -9999 15.442 46.327 154.425 877 0.1 0.3 1.5 5.6389 4 -9999 -9999 -9999 0.491 0.471 0.471 1570 1570 1570 2685 2685 2685 7.9 0.21 2 2 0.09 0.09 0.09 0.01 0.03 397.64 0 0 0 0 0
1 120 42.12655 118.70734 0.3 0.02 10 0.7 2 9.524 9.524 9.524 11 11 11 -9999 -9999 -9999 15.442 46.327 154.425 738 0.1 0.3 1.5 6.1701 4 -9999 -9999 -9999 0.5 0.479 0.479 1570 1570 1570 2685 2685 2685 7.9 0.21 2 2 0.09 0.09 0.09 0.01 0.03 394.82 0 0 0 0 0
1 121 42.12655 118.79068 0.3 0.02 10 0.7 2 9.524 9.524 9.524 11 11 11 -9999 -9999 -9999 15.442 46.327 154.425 677 0.1 0.3 1.5 6.4396 4 -9999 -9999 -9999 0.505 0.483 0.483 1570 1570 1570 2685 2685 2685 7.9 0.21 2 2 0.09 0.09 0.09 0.01 0.03 389.2 0 0 0 0 0
1 122 42.12655 118.87401 0.3 0.02 10 0.7 2 9.524 9.524 9.524 11 11 11 -9999 -9999 -9999 15.442 46.327 154.425 678 0.1 0.3 1.5 6.3499 4 -9999 -9999 -9999 0.493 0.475 0.475 1570 1570 1570 2685 2685 2685 7.9 0.21 2 2 0.09 0.09 0.09 0.01 0.03 381.56 0 0 0 0 0
1 123 42.12655 118.95734 0.3 0.02 10 0.7 2 13.362 13.362 13.362 9 9 9 -9999 -9999 -9999 15.442 46.327 154.425 665 0.1 0.3 1.5 6.228 4 -9999 -9999 -9999 0.467 0.456 0.456 1400 1400 1400 2685 2685 2685 7.9 0.29 2 2 0.14 0.14 0.14 0.01 0.03 372.75 0 0 0 0 0
1 124 42.12655 119.04068 0.3 0.02 10 0.7 2 13.362 13.362 13.362 9 9 9 -9999 -9999 -9999 15.442 46.327 154.425 698 0.1 0.3 1.5 6.4093 4 -9999 -9999 -9999 0.432 0.432 0.432 1400 1400 1400 2685 2685 2685 7.9 0.29 2 2 0.14 0.14 0.14 0.01 0.03 363.49 0 0 0 0 0
1 125 42.12655 119.12401 0.3 0.02 10 0.7 2 13.362 13.362 13.362 9 9 9 -9999 -9999 -9999 15.442 46.327 154.425 807 0.1 0.3 1.5 6.8153 4 -9999 -9999 -9999 0.399 0.409 0.409 1400 1400 1400 2685 2685 2685 7.9 0.29 2 2 0.14 0.14 0.14 0.01 0.03 354.36 0 0 0 0 0
1 126 42.12655 119.20734 0.3 0.02 10 0.7 2 9.524 9.524 9.524 11 11 11 -9999 -9999 -9999 15.442 46.327 154.425 614 0.1 0.3 1.5 7.2592 4 -9999 -9999 -9999 0.367 0.388 0.388 1570 1570 1570 2685 2685 2685 7.9 0.21 2 2 0.09 0.09 0.09 0.01 0.03 345.73 0 0 0 0 0
1 127 42.12655 119.29068 0.3 0.02 10 0.7 2 13.362 13.362 13.362 9 9 9 -9999 -9999 -9999 15.442 46.327 154.425 488 0.1 0.3 1.5 7.5024 4 -9999 -9999 -9999 0.351 0.378 0.378 1400 1400 1400 2685 2685 2685 8 0.29 2 2 0.14 0.14 0.14 0.01 0.03 337.82 0 0 0 0 0
1 128 42.12655 119.37401 0.3 0.02 10 0.7 2 9.524 9.524 9.524 11 11 11 -9999 -9999 -9999 15.442 46.327 154.425 558 0.1 0.3 1.5 7.2852 4 -9999 -9999 -9999 0.361 0.384 0.384 1570 1570 1570 2685 2685 2685 8 0.21 2 2 0.09 0.09 0.09 0.01 0.03 330.72 0 0 0 0 0
1 129 42.12655 119.45734 0.3 0.02 10 0.7 2 9.524 9.524 9.524 11 11 11 -9999 -9999 -9999 15.442 46.327 154.425 650 0.1 0.3 1.5 6.8815 4 -9999 -9999 -9999 0.379 0.396 0.396 1570 1570 1570 2685 2685 2685 8 0.21 2 2 0.09 0.09 0.09 0.01 0.03 324.47 0 0 0 0 0
1 130 42.12655 119.54068 0.3 0.02 10 0.7 2 9.524 9.524 9.524 11 11 11 -9999 -9999 -9999 15.442 46.327 154.425 706 0.1 0.3 1.5 6.5196 4 -9999 -9999 -9999 0.389 0.402 0.402 1570 1570 1570 2685 2685 2685 8 0.21 2 2 0.09 0.09 0.09 0.01 0.03 319.04 0 0 0 0 0
1 131 42.12655 119.62401 0.3 0.02 10 0.7 2 9.524 9.524 9.524 11 11 11 -9999 -9999 -9999 15.442 46.327 154.425 811 0.1 0.3 1.5 6.2763 4 -9999 -9999 -9999 0.389 0.401 0.401 1570 1570 1570 2685 2685 2685 8 0.21 2 2 0.09 0.09 0.09 0.01 0.03 314.39 0 0 0 0 0
1 132 42.043216 117.79068 0.3 0.02 10 0.7 2 13.362 13.362 13.362 9 9 9 -9999 -9999 -9999 15.442 46.327 154.425 1267 0.1 0.3 1.5 2.7753 4 -9999 -9999 -9999 0.499 0.479 0.479 1400 1400 1400 2685 2685 2685 7.9 0.29 2 2 0.14 0.14 0.14 0.01 0.03 326.55 0 0 0 0 0
1 133 42.043216 117.87401 0.3 0.02 10 0.7 2 13.362 13.362 13.362 9 9 9 -9999 -9999 -9999 15.442 46.327 154.425 1031 0.1 0.3 1.5 2.9357 4 -9999 -9999 -9999 0.498 0.478 0.478 1400 1400 1400 2685 2685 2685 7.9 0.29 2 2 0.14 0.14 0.14 0.01 0.03 333.21 0 0 0 0 0
1 134 42.043216 117.95734 0.3 0.02 10 0.7 2 13.362 13.362 13.362 9 9 9 -9999 -9999 -9999 15.442 46.327 154.425 1110 0.1 0.3 1.5 3.2387 4 -9999 -9999 -9999 0.493 0.473 0.473 1400 1400 1400 2685 2685 2685 7.9 0.29 2 2 0.14 0.14 0.14 0.01 0.03 340.86 0 0 0 0 0
1 135 42.043216 118.04068 0.3 0.02 10 0.7 2 13.362 13.362 13.362 9 9 9 -9999 -9999 -9999 15.442 46.327 154.425 1169 0.1 0.3 1.5 3.5388 4 -9999 -9999 -9999 0.491 0.471 0.471 1400 1400 1400 2685 2685 2685 7.9 0.29 2 2 0.14 0.14 0.14 0.01 0.03 349.4 0 0 0 0 0
1 136 42.043216 118.12401 0.3 0.02 10 0.7 2 13.362 13.362 13.362 9 9 9 -9999 -9999 -9999 15.442 46.327 154.425 1489 0.1 0.3 1.5 3.8469 4 -9999 -9999 -9999 0.49 0.468 0.468 1400 1400 1400 2685 2685 2685 7.9 0.29 2 2 0.14 0.14 0.14 0.01 0.03 358.63 0 0 0 0 0
1 137 42.043216 118.20734 0.3 0.02 10 0.7 2 13.362 13.362 13.362 9 9 9 -9999 -9999 -9999 15.442 46.327 154.425 1274 0.1 0.3 1.5 4.1534 4 -9999 -9999 -9999 0.49 0.467 0.467 1400 1400 1400 2685 2685 2685 7.9 0.29 2 2 0.14 0.14 0.14 0.01 0.03 368.14 0 0 0 0 0
1 138 42.043216 118.29068 0.3 0.02 10 0.7 2 13.362 13.362 13.362 9 9 9 -9999 -9999 -9999 15.442 46.327 154.425 1069 0.1 0.3 1.5 4.3369 4 -9999 -9999 -9999 0.489 0.466 0.466 1400 1400 1400 2685 2685 2685 7.9 0.29 2 2 0.14 0.14 0.14 0.01 0.03 377.32 0 0 0 0 0
1 139 42.043216 118.37401 0.3 0.02 10 0.7 2 13.362 13.362 13.362 9 9 9 -9999 -9999 -9999 15.442 46.327 154.425 1054 0.1 0.3 1.5 4.4585 4 -9999 -9999 -9999 0.486 0.464 0.464 1400 1400 1400 2685 2685 2685 7.9 0.29 2 2 0.14 0.14 0.14 0.01 0.03 385.4 0 0 0 0 0
1 140 42.043216 118.45734 0.3 0.02 10 0.7 2 13.362 13.362 13.362 9 9 9 -9999 -9999 -9999 15.442 46.327 154.425 1035 0.1 0.3 1.5 4.6787 4 -9999 -9999 -9999 0.479 0.46 0.46 1400 1400 1400 2685 2685 2685 7.9 0.29 2 2 0.14 0.14 0.14 0.01 0.03 391.53 0 0 0 0 0
1 141 42.043216 118.54068 0.3 0.02 10 0.7 2 13.362 13.362 13.362 9 9 9 -9999 -9999 -9999 15.442 46.327 154.425 1086 0.1 0.3 1.5 4.9159 4 -9999 -9999 -9999 0.478 0.46 0.46 1400 1400 1400 2685 2685 2685 7.9 0.29 2 2 0.14 0.14 0.14 0.01 0.03 395.02 0 0 0 0 0
1 142 42.043216 118.62401 0.3 0.02 10 0.7 2 13.362 13.362 13.362 9 9 9 -9999 -9999 -9999 15.442 46.327 154.425 979 0.1 0.3 1.5 5.2474 4 -9999 -9999 -9999 0.479 0.462 0.462 1400 1400 1400 2685 2685 2685 7.9 0.29 2 2 0.14 0.14 0.14 0.01 0.03 395.48 0 0 0 0 0
1 143 42.043216 118.70734 0.3 0.02 10 0.7 2 13.362 13.362 13.362 9 9 9 -9999 -9999 -9999 15.442 46.327 154.425 998 0.1 0.3 1.5 5.6717 4 -9999 -9999 -9999 0.484 0.466 0.466 1400 1400 1400 2685 2685 2685 7.9 0.29 2 2 0.14 0.14 0.14 0.01 0.03 392.96 0 0 0 0 0
1 144 42.043216 118.79068 0.3 0.02 10 0.7 2 13.362 13.362 13.362 9 9 9 -9999 -9999 -9999 15.442 46.327 154.425 669 0.1 0.3 1.5 5.9142 4 -9999 -9999 -9999 0.482 0.466 0.466 1400 1400 1400 2685 2685 2685 7.9 0.29 2 2 0.14 0.14 0.14 0.01 0.03 387.87 0 0 0 0 0
1 145 42.043216 118.87401 0.3 0.02 10 0.7 2 13.362 13.362 13.362 9 9 9 -9999 -9999 -9999 15.442 46.327 154.425 776 0.1 0.3 1.5 5.9588 4 -9999 -9999 -9999 0.472 0.459 0.459 1400 1400 1400 2685 2685 2685 7.9 0.29 2 2 0.14 0.14 0.14 0.01 0.03 380.9 0 0 0 0 0
1 146 42.043216 118.95734 0.3 0.02 10 0.7 2 9.524 9.524 9.524 11 11 11 -9999 -9999 -9999 15.442 46.327 154.425 884 0.1 0.3 1.5 6.0312 4 -9999 -9999 -9999 0.451 0.444 0.444 1570 1570 1570 2685 2685 2685 7.9 0.21 2 2 0.09 0.09 0.09 0.01 0.03 372.77 0 0 0 0 0
1 147 42.043216 119.04068 0.3 0.02 10 0.7 2 9.524 9.524 9.524 11 11 11 -9999 -9999 -9999 15.442 46.327 154.425 876 0.1 0.3 1.5 6.1648 4 -9999 -9999 -9999 0.429 0.43 0.43 1570 1570 1570 2685 2685 2685 7.9 0.21 2 2 0.09 0.09 0.09 0.01 0.03 364.14 0 0 0 0 0
1 148 42.043216 119.12401 0.3 0.02 10 0.7 2 9.524 9.524 9.524 11 11 11 -9999 -9999 -9999 15.442 46.327 154.425 769 0.1 0.3 1.5 6.4131 4 -9999 -9999 -9999 0.407 0.415 0.415 1570 1570 1570 2685 2685 2685 7.9 0.21 2 2 0.09 0.09 0.09 0.01 0.03 355.55 0 0 0 0 0
1 149 42.043216 119.20734 0.3 0.02 10 0.7 2 9.524 9.524 9.524 11 11 11 -9999 -9999 -9999 15.442 46.327 154.425 556 0.1 0.3 1.5 6.7613 4 -9999 -9999 -9999 0.389 0.403 0.403 1570 1570 1570 2685 2685 2685 7.9 0.21 2 2 0.09 0.09 0.09 0.01 0.03 347.33 0 0 0 0 0
1 150 42.043216 119.29068 0.3 0.02 10 0.7 2 13.362 13.362 13.362 9 9 9 -9999 -9999 -9999 15.442 46.327 154.425 512 0.1 0.3 1.5 6.8952 4 -9999 -9999 -9999 0.379 0.396 0.396 1400 1400 1400 2685 2685 2685 8 0.29 2 2 0.14 0.14 0.14 0.01 0.03 339.72 0 0 0 0 0
1 151 42.043216 119.37401 0.3 0.02 10 0.7 2 13.362 13.362 13.362 9 9 9 -9999 -9999 -9999 15.442 46.327 154.425 490 0.1 0.3 1.5 6.801 4 -9999 -9999 -9999 0.38 0.397 0.397 1400 1400 1400 2685 2685 2685 8 0.29 2 2 0.14 0.14 0.14 0.01 0.03 332.83 0 0 0 0 0
1 152 42.043216 119.45734 0.3 0.02 10 0.7 2 9.524 9.524 9.524 11 11 11 -9999 -9999 -9999 15.442 46.327 154.425 527 0.1 0.3 1.5 6.593 4 -9999 -9999 -9999 0.386 0.401 0.401 1570 1570 1570 2685 2685 2685 8 0.21 2 2 0.09 0.09 0.09 0.01 0.03 326.7 0 0 0 0 0
1 153 42.043216 119.54068 0.3 0.02 10 0.7 2 9.524 9.524 9.524 11 11 11 -9999 -9999 -9999 15.442 46.327 154.425 597 0.1 0.3 1.5 6.3619 4 -9999 -9999 -9999 0.391 0.404 0.404 1570 1570 1570 2685 2685 2685 8 0.21 2 2 0.09 0.09 0.09 0.01 0.03 321.33 0 0 0 0 0
1 154 41.959883 118.12401 0.3 0.02 10 0.7 2 9.524 9.524 9.524 11 11 11 -9999 -9999 -9999 15.442 46.327 154.425 1212 0.1 0.3 1.5 3.7376 4 -9999 -9999 -9999 0.483 0.463 0.463 1570 1570 1570 2685 2685 2685 7.9 0.21 2 2 0.09 0.09 0.09 0.01 0.03 357.81 0 0 0 0 0
1 155 41.959883 118.20734 0.3 0.02 10 0.7 2 13.362 13.362 13.362 9 9 9 -9999 -9999 -9999 15.442 46.327 154.425 1002 0.1 0.3 1.5 3.8769 4 -9999 -9999 -9999 0.481 0.461 0.461 1400 1400 1400 2685 2685 2685 7.9 0.29 2 2 0.14 0.14 0.14 0.01 0.03 366.49 0 0 0 0 0
1 156 41.959883 118.29068 0.3 0.02 10 0.7 2 13.362 13.362 13.362 9 9 9 -9999 -9999 -9999 15.442 46.327 154.425 1271 0.1 0.3 1.5 4.0523 4 -9999 -9999 -9999 0.479 0.459 0.459 1400 1400 1400 2685 2685 2685 7.9 0.29 2 2 0.14 0.14 0.14 0.01 0.03 374.76 0 0 0 0 0
1 157 41.959883 118.37401 0.3 0.02 10 0.7 2 13.362 13.362 13.362 9 9 9 -9999 -9999 -9999 15.442 46.327 154.425 1030 0.1 0.3 1.5 4.1468 4 -9999 -9999 -9999 0.479 0.459 0.459 1400 1400 1400 2685 2685 2685 7.9 0.29 2 2 0.14 0.14 0.14 0.01 0.03 381.95 0 0 0 0 0
1 158 41.959883 118.45734 0.3 0.02 10 0.7 2 13.362 13.362 13.362 9 9 9 -9999 -9999 -9999 15.442 46.327 154.425 1120 0.1 0.3 1.5 4.4855 4 -9999 -9999 -9999 0.471 0.454 0.454 1400 1400 1400 2685 2685 2685 7.9 0.29 2 2 0.14 0.14 0.14 0.01 0.03 387.38 0 0 0 0 0
1 159 41.959883 118.54068 0.3 0.02 10 0.7 2 13.362 13.362 13.362 9 9 9 -9999 -9999 -9999 15.442 46.327 154.425 969 0.1 0.3 1.5 4.6893 4 -9999 -9999 -9999 0.469 0.453 0.453 1400 1400 1400 2685 2685 2685 7.9 0.29 2 2 0.14 0.14 0.14 0.01 0.03 390.47 0 0 0 0 0
1 160 41.959883 118.62401 0.3 0.02 10 0.7 2 13.362 13.362 13.362 9 9 9 -9999 -9999 -9999 15.442 46.327 154.425 819 0.1 0.3 1.5 4.8995 4 -9999 -9999 -9999 0.467 0.452 0.452 1400 1400 1400 2685 2685 2685 7.9 0.29 2 2 0.14 0.14 0.14 0.01 0.03 390.93 0 0 0 0 0
1 161 41.959883 118.70734 0.3 0.02 10 0.7 2 13.362 13.362 13.362 9 9 9 -9999 -9999 -9999 15.442 46.327 154.425 795 0.1 0.3 1.5 5.0733 4 -9999 -9999 -9999 0.464 0.451 0.451 1400 1400 1400 2685 2685 2685 7.9 0.29 2 2 0.14 0.14 0.14 0.01 0.03 388.78 0 0 0 0 0
1 162 41.959883 118.79068 0.3 0.02 10 0.7 2 13.362 13.362 13.362 9 9 9 -9999 -9999 -9999 15.442 46.327 154.425 1179 0.1 0.3 1.5 5.3462 4 -9999 -9999 -9999 0.461 0.45 0.45 1400 1400 1400 2685 2685 2685 7.9 0.29 2 2 0.14 0.14 0.14 0.01 0.03 384.36 0 0 0 0 0
1 163 41.959883 118.87401 0.3 0.02 10 0.7 2 13.362 13.362 13.362 9 9 9 -9999 -9999 -9999 15.442 46.327 154.425 949 0.1 0.3 1.5 5.4512 4 -9999 -9999 -9999 0.455 0.446 0.446 1400 1400 1400 2685 2685 2685 7.9 0.29 2 2 0.14 0.14 0.14 0.01 0.03 378.22 0 0 0 0 0
1 164 41.959883 118.95734 0.3 0.02 10 0.7 2 13.362 13.362 13.362 9 9 9 -9999 -9999 -9999 15.442 46.327 154.425 906 0.1 0.3 1.5 5.6806 4 -9999 -9999 -9999 0.439 0.436 0.436 1400 1400 1400 2685 2685 2685 7.9 0.29 2 2 0.14 0.14 0.14 0.01 0.03 370.97 0 0 0 0 0
1 165 41.959883 119.04068 0.3 0.02 10 0.7 2 13.362 13.362 13.362 9 9 9 -9999 -9999 -9999 15.442 46.327 154.425 744 0.1 0.3 1.5 5.8607 4 -9999 -9999 -9999 0.426 0.427 0.427 1400 1400 1400 2685 2685 2685 7.9 0.29 2 2 0.14 0.14 0.14 0.01 0.03 363.18 0 0 0 0 0
1 166 41.959883 119.12401 0.3 0.02 10 0.7 2 9.524 9.524 9.524 11 11 11 -9999 -9999 -9999 15.442 46.327 154.425 628 0.1 0.3 1.5 6.0485 4 -9999 -9999 -9999 0.412 0.418 0.418 1570 1570 1570 2685 2685 2685 7.9 0.21 2 2 0.09 0.09 0.09 0.01 0.03 355.31 0 0 0 0 0
1 167 41.959883 119.20734 0.3 0.02 10 0.7 2 9.524 9.524 9.524 11 11 11 -9999 -9999 -9999 15.442 46.327 154.425 584 0.1 0.3 1.5 6.1954 4 -9999 -9999 -9999 0.4 0.41 0.41 1570 1570 1570 2685 2685 2685 7.9 0.21 2 2 0.09 0.09 0.09 0.01 0.03 347.69 0 0 0 0 0
1 168 41.959883 119.29068 0.3 0.02 10 0.7 2 13.362 13.362 13.362 9 9 9 -9999 -9999 -9999 15.442 46.327 154.425 506 0.1 0.3 1.5 6.3461 4 -9999 -9999 -9999 0.394 0.407 0.407 1400 1400 1400 2685 2685 2685 8 0.29 2 2 0.14 0.14 0.14 0.01 0.03 340.56 0 0 0 0 0
1 169 41.959883 119.37401 0.3 0.02 10 0.7 2 9.524 9.524 9.524 11 11 11 -9999 -9999 -9999 15.442 46.327 154.425 514 0.1 0.3 1.5 6.3259 4 -9999 -9999 -9999 0.394 0.407 0.407 1570 1570 1570 2685 2685 2685 8 0.21 2 2 0.09 0.09 0.09 0.01 0.03 334.02 0 0 0 0 0
1 170 41.959883 119.45734 0.3 0.02 10 0.7 2 9.524 9.524 9.524 11 11 11 -9999 -9999 -9999 15.442 46.327 154.425 586 0.1 0.3 1.5 6.2866 4 -9999 -9999 -9999 0.393 0.406 0.406 1570 1570 1570 2685 2685 2685 8 0.21 2 2 0.09 0.09 0.09 0.01 0.03 328.14 0 0 0 0 0
1 171 41.959883 119.54068 0.3 0.02 10 0.7 2 9.524 9.524 9.524 11 11 11 -9999 -9999 -9999 15.442 46.327 154.425 741 0.1 0.3 1.5 6.1679 4 -9999 -9999 -9999 0.396 0.408 0.408 1570 1570 1570 2685 2685 2685 8 0.21 2 2 0.09 0.09 0.09 0.01 0.03 322.93 0 0 0 0 0
1 172 41.87655 118.12401 0.3 0.02 10 0.7 2 13.362 13.362 13.362 9 9 9 -9999 -9999 -9999 15.442 46.327 154.425 1222 0.1 0.3 1.5 3.6617 4 -9999 -9999 -9999 0.474 0.456 0.456 1400 1400 1400 2685 2685 2685 7.9 0.29 2 2 0.14 0.14 0.14 0.01 0.03 355.75 0 0 0 0 0
1 173 41.87655 118.20734 0.3 0.02 10 0.7 2 13.362 13.362 13.362 9 9 9 -9999 -9999 -9999 15.442 46.327 154.425 1149 0.1 0.3 1.5 3.7298 4 -9999 -9999 -9999 0.469 0.451 0.451 1400 1400 1400 2685 2685 2685 7.9 0.29 2 2 0.14 0.14 0.14 0.01 0.03 363.49 0 0 0 0 0
1 174 41.87655 118.29068 0.3 0.02 10 0.7 2 13.362 13.362 13.362 9 9 9 -9999 -9999 -9999 15.442 46.327 154.425 1095 0.1 0.3 1.5 3.7837 4 -9999 -9999 -9999 0.467 0.448 0.448 1400 1400 1400 2685 2685 2685 7.9 0.29 2 2 0.14 0.14 0.14 0.01 0.03 370.76 0 0 0 0 0
1 175 41.87655 118.37401 0.3 0.02 10 0.7 2 13.362 13.362 13.362 9 9 9 -9999 -9999 -9999 15.442 46.327 154.425 1059 0.1 0.3 1.5 3.9704 4 -9999 -9999 -9999 0.465 0.447 0.447 1400 1400 1400 2685 2685 2685 7.9 0.29 2 2 0.14 0.14 0.14 0.01 0.03 377.03 0 0 0 0 0
1 176 41.87655 118.45734 0.3 0.02 10 0.7 2 13.362 13.362 13.362 9 9 9 -9999 -9999 -9999 15.442 46.327 154.425 1200 0.1 0.3 1.5 4.2492 4 -9999 -9999 -9999 0.463 0.447 0.447 1400 1400 1400 2685 2685 2685 7.9 0.29 2 2 0.14 0.14 0.14 0.01 0.03 381.73 0 0 0 0 0
1 177 41.87655 118.54068 0.3 0.02 10 0.7 2 13.362 13.362 13.362 9 9 9 -9999 -9999 -9999 15.442 46.327 154.425 998 0.1 0.3 1.5 4.463 4 -9999 -9999 -9999 0.46 0.447 0.447 1400 1400 1400 2685 2685 2685 7.9 0.29 2 2 0.14 0.14 0.14 0.01 0.03 384.43 0 0 0 0 0
1 178 41.87655 118.62401 0.3 0.02 10 0.7 2 18.152 18.152 18.152 10 10 10 -9999 -9999 -9999 15.442 46.327 154.425 818 0.1 0.3 1.5 4.6022 4 -9999 -9999 -9999 0.455 0.443 0.443 1410 1410 1410 2685 2685 2685 7.9 0.27 2 2 0.17 0.17 0.17 0.01 0.03 384.88 0 0 0 0 0
1 179 41.87655 118.70734 0.3 0.02 10 0.7 2 13.362 13.362 13.362 9 9 9 -9999 -9999 -9999 15.442 46.327 154.425 943 0.1 0.3 1.5 4.7077 4 -9999 -9999 -9999 0.446 0.438 0.438 1400 1400 1400 2685 2685 2685 7.9 0.29 2 2 0.14 0.14 0.14 0.01 0.03 383.12 0 0 0 0 0
1 180 41.87655 118.79068 0.3 0.02 10 0.7 2 13.362 13.362 13.362 9 9 9 -9999 -9999 -9999 15.442 46.327 154.425 1300 0.1 0.3 1.5 4.7967 4 -9999 -9999 -9999 0.443 0.435 0.435 1400 1400 1400 2685 2685 2685 7.9 0.29 2 2 0.14 0.14 0.14 0.01 0.03 379.4 0 0 0 0 0
1 181 41.87655 118.87401 0.3 0.02 10 0.7 2 13.362 13.362 13.362 9 9 9 -9999 -9999 -9999 15.442 46.327 154.425 1013 0.1 0.3 1.5 4.9966 4 -9999 -9999 -9999 0.438 0.433 0.433 1400 1400 1400 2685 2685 2685 7.9 0.29 2 2 0.14 0.14 0.14 0.01 0.03 374.14 0 0 0 0 0
1 182 41.87655 118.95734 0.3 0.02 10 0.7 2 13.362 13.362 13.362 9 9 9 -9999 -9999 -9999 15.442 46.327 154.425 762 0.1 0.3 1.5 5.3044 4 -9999 -9999 -9999 0.432 0.429 0.429 1400 1400 1400 2685 2685 2685 7.9 0.29 2 2 0.14 0.14 0.14 0.01 0.03 367.84 0 0 0 0 0
1 183 41.87655 119.04068 0.3 0.02 10 0.7 2 13.362 13.362 13.362 9 9 9 -9999 -9999 -9999 15.442 46.327 154.425 601 0.1 0.3 1.5 5.5732 4 -9999 -9999 -9999 0.423 0.424 0.424 1400 1400 1400 2685 2685 2685 7.9 0.29 2 2 0.14 0.14 0.14 0.01 0.03 360.97 0 0 0 0 0
1 184 41.87655 119.12401 0.3 0.02 10 0.7 2 13.362 13.362 13.362 9 9 9 -9999 -9999 -9999 15.442 46.327 154.425 552 0.1 0.3 1.5 5.7659 4 -9999 -9999 -9999 0.411 0.417 0.417 1400 1400 1400 2685 2685 2685 7.9 0.29 2 2 0.14 0.14 0.14 0.01 0.03 353.94 0 0 0 0 0
1 185 41.87655 119.20734 0.3 0.02 10 0.7 2 13.362 13.362 13.362 9 9 9 -9999 -9999 -9999 15.442 46.327 154.425 605 0.1 0.3 1.5 5.8691 4 -9999 -9999 -9999 0.401 0.41 0.41 1400 1400 1400 2685 2685 2685 7.9 0.29 2 2 0.14 0.14 0.14 0.01 0.03 347.04 0 0 0 0 0
1 186 41.87655 119.29068 0.3 0.02 10 0.7 2 13.362 13.362 13.362 9 9 9 -9999 -9999 -9999 15.442 46.327 154.425 513 0.1 0.3 1.5 5.9563 4 -9999 -9999 -9999 0.397 0.408 0.408 1400 1400 1400 2685 2685 2685 8 0.29 2 2 0.14 0.14 0.14 0.01 0.03 340.49 0 0 0 0 0
1 187 41.87655 119.37401 0.3 0.02 10 0.7 2 9.524 9.524 9.524 11 11 11 -9999 -9999 -9999 15.442 46.327 154.425 573 0.1 0.3 1.5 6.0042 4 -9999 -9999 -9999 0.396 0.408 0.408 1570 1570 1570 2685 2685 2685 8 0.21 2 2 0.09 0.09 0.09 0.01 0.03 334.41 0 0 0 0 0
1 188 41.87655 119.45734 0.3 0.02 10 0.7 2 13.362 13.362 13.362 9 9 9 -9999 -9999 -9999 15.442 46.327 154.425 712 0.1 0.3 1.5 6.0355 4 -9999 -9999 -9999 0.396 0.408 0.408 1400 1400 1400 2685 2685 2685 8 0.29 2 2 0.14 0.14 0.14 0.01 0.03 328.88 0 0 0 0 0
1 189 41.87655 119.54068 0.3 0.02 10 0.7 2 13.362 13.362 13.362 9 9 9 -9999 -9999 -9999 15.442 46.327 154.425 639 0.1 0.3 1.5 5.9799 4 -9999 -9999 -9999 0.399 0.411 0.411 1400 1400 1400 2685 2685 2685 8 0.29 2 2 0.14 0.14 0.14 0.01 0.03 323.92 0 0 0 0 0
1 190 41.87655 119.62401 0.3 0.02 10 0.7 2 13.362 13.362 13.362 9 9 9 -9999 -9999 -9999 15.442 46.327 154.425 835 0.1 0.3 1.5 5.869 4 -9999 -9999 -9999 0.401 0.413 0.413 1400 1400 1400 2685 2685 2685 8 0.29 2 2 0.14 0.14 0.14 0.01 0.03 319.53 0 0 0 0 0
1 191 41.793216 118.12401 0.3 0.02 10 0.7 2 13.362 13.362 13.362 9 9 9 -9999 -9999 -9999 15.442 46.327 154.425 1229 0.1 0.3 1.5 3.6703 4 -9999 -9999 -9999 0.465 0.449 0.449 1400 1400 1400 2685 2685 2685 7.9 0.29 2 2 0.14 0.14 0.14 0.01 0.03 352.83 0 0 0 0 0
1 192 41.793216 118.20734 0.3 0.02 10 0.7 2 13.362 13.362 13.362 9 9 9 -9999 -9999 -9999 15.442 46.327 154.425 1148 0.1 0.3 1.5 3.5865 4 -9999 -9999 -9999 0.459 0.441 0.441 1400 1400 1400 2685 2685 2685 7.9 0.29 2 2 0.14 0.14 0.14 0.01 0.03 359.61 0 0 0 0 0
1 193 41.793216 118.29068 0.3 0.02 10 0.7 2 13.362 13.362 13.362 9 9 9 -9999 -9999 -9999 15.442 46.327 154.425 1332 0.1 0.3 1.5 3.5427 4 -9999 -9999 -9999 0.455 0.436 0.436 1400 1400 1400 2685 2685 2685 7.9 0.29 2 2 0.14 0.14 0.14 0.01 0.03 365.91 0 0 0 0 0
1 194 41.793216 118.37401 0.3 0.02 10 0.7 2 13.362 13.362 13.362 9 9 9 -9999 -9999 -9999 15.442 46.327 154.425 1194 0.1 0.3 1.5 3.7174 4 -9999 -9999 -9999 0.456 0.438 0.438 1400 1400 1400 2685 2685 2685 7.9 0.29 2 2 0.14 0.14 0.14 0.01 0.03 371.28 0 0 0 0 0
1 195 41.793216 118.45734 0.3 0.02 10 0.7 2 13.362 13.362 13.362 9 9 9 -9999 -9999 -9999 15.442 46.327 154.425 934 0.1 0.3 1.5 4.0158 4 -9999 -9999 -9999 0.457 0.442 0.442 1400 1400 1400 2685 2685 2685 7.9 0.29 2 2 0.14 0.14 0.14 0.01 0.03 375.3 0 0 0 0 0
1 196 41.793216 118.54068 0.3 0.02 10 0.7 2 13.362 13.362 13.362 9 9 9 -9999 -9999 -9999 15.442 46.327 154.425 1375 0.1 0.3 1.5 4.3276 4 -9999 -9999 -9999 0.45 0.439 0.439 1400 1400 1400 2685 2685 2685 7.9 0.29 2 2 0.14 0.14 0.14 0.01 0.03 377.63 0 0 0 0 0
1 197 41.793216 118.62401 0.3 0.02 10 0.7 2 13.362 13.362 13.362 9 9 9 -9999 -9999 -9999 15.442 46.327 154.425 1125 0.1 0.3 1.5 4.4495 4 -9999 -9999 -9999 0.443 0.435 0.435 1400 1400 1400 2685 2685 2685 7.9 0.29 2 2 0.14 0.14 0.14 0.01 0.03 378.09 0 0 0 0 0
1 198 41.793216 118.70734 0.3 0.02 10 0.7 2 13.362 13.362 13.362 9 9 9 -9999 -9999 -9999 15.442 46.327 154.425 1247 0.1 0.3 1.5 4.3677 4 -9999 -9999 -9999 0.433 0.427 0.427 1400 1400 1400 2685 2685 2685 7.9 0.29 2 2 0.14 0.14 0.14 0.01 0.03 376.69 0 0 0 0 0
1 199 41.793216 118.79068 0.3 0.02 10 0.7 2 13.362 13.362 13.362 9 9 9 -9999 -9999 -9999 15.442 46.327 154.425 1205 0.1 0.3 1.5 4.3023 4 -9999 -9999 -9999 0.427 0.422 0.422 1400 1400 1400 2685 2685 2685 7.9 0.29 2 2 0.14 0.14 0.14 0.01 0.03 373.62 0 0 0 0 0
1 200 41.793216 118.87401 0.3 0.02 10 0.7 2 13.362 13.362 13.362 9 9 9 -9999 -9999 -9999 15.442 46.327 154.425 713 0.1 0.3 1.5 4.5361 4 -9999 -9999 -9999 0.429 0.425 0.425 1400 1400 1400 2685 2685 2685 7.9 0.29 2 2 0.14 0.14 0.14 0.01 0.03 369.22 0 0 0 0 0
1 201 41.793216 118.95734 0.3 0.02 10 0.7 2 13.362 13.362 13.362 9 9 9 -9999 -9999 -9999 15.442 46.327 154.425 751 0.1 0.3 1.5 4.918 4 -9999 -9999 -9999 0.426 0.425 0.425 1400 1400 1400 2685 2685 2685 7.9 0.29 2 2 0.14 0.14 0.14 0.01 0.03 363.85 0 0 0 0 0
1 202 41.793216 119.04068 0.3 0.02 10 0.7 2 9.524 9.524 9.524 11 11 11 -9999 -9999 -9999 15.442 46.327 154.425 632 0.1 0.3 1.5 5.2864 4 -9999 -9999 -9999 0.419 0.421 0.421 1570 1570 1570 2685 2685 2685 7.9 0.21 2 2 0.09 0.09 0.09 0.01 0.03 357.92 0 0 0 0 0
1 203 41.793216 119.12401 0.3 0.02 10 0.7 2 13.362 13.362 13.362 9 9 9 -9999 -9999 -9999 15.442 46.327 154.425 617 0.1 0.3 1.5 5.6048 4 -9999 -9999 -9999 0.407 0.414 0.414 1400 1400 1400 2685 2685 2685 7.9 0.29 2 2 0.14 0.14 0.14 0.01 0.03 351.74 0 0 0 0 0
1 204 41.793216 119.20734 0.3 0.02 10 0.7 2 13.362 13.362 13.362 9 9 9 -9999 -9999 -9999 15.442 46.327 154.425 538 0.1 0.3 1.5 5.705 4 -9999 -9999 -9999 0.396 0.406 0.406 1400 1400 1400 2685 2685 2685 7.9 0.29 2 2 0.14 0.14 0.14 0.01 0.03 345.6 0 0 0 0 0
1 205 41.793216 119.29068 0.3 0.02 10 0.7 2 13.362 13.362 13.362 9 9 9 -9999 -9999 -9999 15.442 46.327 154.425 521 0.1 0.3 1.5 5.7309 4 -9999 -9999 -9999 0.39 0.402 0.402 1400 1400 1400 2685 2685 2685 8 0.29 2 2 0.14 0.14 0.14 0.01 0.03 339.69 0 0 0 0 0
1 206 41.793216 119.37401 0.3 0.02 10 0.7 2 13.362 13.362 13.362 9 9 9 -9999 -9999 -9999 15.442 46.327 154.425 527 0.1 0.3 1.5 5.7977 4 -9999 -9999 -9999 0.393 0.405 0.405 1400 1400 1400 2685 2685 2685 8 0.29 2 2 0.14 0.14 0.14 0.01 0.03 334.14 0 0 0 0 0
1 207 41.793216 119.45734 0.3 0.02 10 0.7 2 13.362 13.362 13.362 9 9 9 -9999 -9999 -9999 15.442 46.327 154.425 548 0.1 0.3 1.5 5.8104 4 -9999 -9999 -9999 0.397 0.408 0.408 1400 1400 1400 2685 2685 2685 8 0.29 2 2 0.14 0.14 0.14 0.01 0.03 329.02 0 0 0 0 0
1 208 41.793216 119.54068 0.3 0.02 10 0.7 2 13.362 13.362 13.362 9 9 9 -9999 -9999 -9999 15.442 46.327 154.425 584 0.1 0.3 1.5 5.7718 4 -9999 -9999 -9999 0.4 0.412 0.412 1400 1400 1400 2685 2685 2685 8 0.29 2 2 0.14 0.14 0.14 0.01 0.03 324.38 0 0 0 0 0
1 209 41.793216 119.62401 0.3 0.02 10 0.7 2 13.362 13.362 13.362 9 9 9 -9999 -9999 -9999 15.442 46.327 154.425 605 0.1 0.3 1.5 5.6934 4 -9999 -9999 -9999 0.403 0.415 0.415 1400 1400 1400 2685 2685 2685 8 0.29 2 2 0.14 0.14 0.14 0.01 0.03 320.23 0 0 0 0 0
1 210 41.793216 119.70734 0.3 0.02 10 0.7 2 13.362 13.362 13.362 9 9 9 -9999 -9999 -9999 15.442 46.327 154.425 673 0.1 0.3 1.5 5.5215 4 -9999 -9999 -9999 0.406 0.418 0.418 1400 1400 1400 2685 2685 2685 8 0.29 2 2 0.14 0.14 0.14 0.01 0.03 316.55 0 0 0 0 0
1 211 41.709883 118.20734 0.3 0.02 10 0.7 2 13.362 13.362 13.362 9 9 9 -9999 -9999 -9999 15.442 46.327 154.425 1258 0.1 0.3 1.5 3.5386 4 -9999 -9999 -9999 0.455 0.436 0.436 1400 1400 1400 2685 2685 2685 7.9 0.29 2 2 0.14 0.14 0.14 0.01 0.03 355.27 0 0 0 0 0
1 212 41.709883 118.29068 0.3 0.02 10 0.7 2 13.362 13.362 13.362 9 9 9 -9999 -9999 -9999 15.442 46.327 154.425 1181 0.1 0.3 1.5 3.4 4 -9999 -9999 -9999 0.451 0.431 0.431 1400 1400 1400 2685 2685 2685 7.9 0.29 2 2 0.14 0.14 0.14 0.01 0.03 360.66 0 0 0 0 0
1 213 41.709883 118.37401 0.3 0.02 10 0.7 2 13.362 13.362 13.362 9 9 9 -9999 -9999 -9999 15.442 46.327 154.425 932 0.1 0.3 1.5 3.5784 4 -9999 -9999 -9999 0.454 0.435 0.435 1400 1400 1400 2685 2685 2685 7.9 0.29 2 2 0.14 0.14 0.14 0.01 0.03 365.23 0 0 0 0 0
1 214 41.709883 118.45734 0.3 0.02 10 0.7 2 13.362 13.362 13.362 9 9 9 -9999 -9999 -9999 15.442 46.327 154.425 1390 0.1 0.3 1.5 3.9575 4 -9999 -9999 -9999 0.452 0.438 0.438 1400 1400 1400 2685 2685 2685 7.9 0.29 2 2 0.14 0.14 0.14 0.01 0.03 368.64 0 0 0 0 0
1 215 41.709883 118.54068 0.3 0.02 10 0.7 2 13.362 13.362 13.362 9 9 9 -9999 -9999 -9999 15.442 46.327 154.425 1349 0.1 0.3 1.5 4.2379 4 -9999 -9999 -9999 0.448 0.438 0.438 1400 1400 1400 2685 2685 2685 7.9 0.29 2 2 0.14 0.14 0.14 0.01 0.03 370.65 0 0 0 0 0
1 216 41.709883 118.62401 0.3 0.02 10 0.7 2 13.362 13.362 13.362 9 9 9 -9999 -9999 -9999 15.442 46.327 154.425 1383 0.1 0.3 1.5 4.3292 4 -9999 -9999 -9999 0.439 0.432 0.432 1400 1400 1400 2685 2685 2685 7.9 0.29 2 2 0.14 0.14 0.14 0.01 0.03 371.11 0 0 0 0 0
1 217 41.709883 118.70734 0.3 0.02 10 0.7 2 13.362 13.362 13.362 9 9 9 -9999 -9999 -9999 15.442 46.327 154.425 1246 0.1 0.3 1.5 4.2601 4 -9999 -9999 -9999 0.428 0.422 0.422 1400 1400 1400 2685 2685 2685 7.9 0.29 2 2 0.14 0.14 0.14 0.01 0.03 370.02 0 0 0 0 0
1 218 41.709883 118.79068 0.3 0.02 10 0.7 2 13.362 13.362 13.362 9 9 9 -9999 -9999 -9999 15.442 46.327 154.425 806 0.1 0.3 1.5 4.1 4 -9999 -9999 -9999 0.422 0.417 0.417 1400 1400 1400 2685 2685 2685 7.9 0.29 2 2 0.14 0.14 0.14 0.01 0.03 367.54 0 0 0 0 0
1 219 41.709883 118.87401 0.3 0.02 10 0.7 2 13.362 13.362 13.362 9 9 9 -9999 -9999 -9999 15.442 46.327 154.425 645 0.1 0.3 1.5 4.326 4 -9999 -9999 -9999 0.425 0.421 0.421 1400 1400 1400 2685 2685 2685 7.9 0.29 2 2 0.14 0.14 0.14 0.01 0.03 363.9 0 0 0 0 0
1 220 41.709883 118.95734 0.3 0.02 10 0.7 2 13.362 13.362 13.362 9 9 9 -9999 -9999 -9999 15.442 46.327 154.425 592 0.1 0.3 1.5 4.7603 4 -9999 -9999 -9999 0.424 0.423 0.423 1400 1400 1400 2685 2685 2685 7.9 0.29 2 2 0.14 0.14 0.14 0.01 0.03 359.4 0 0 0 0 0
1 221 41.709883 119.04068 0.3 0.02 10 0.7 2 13.362 13.362 13.362 9 9 9 -9999 -9999 -9999 15.442 46.327 154.425 678 0.1 0.3 1.5 5.1747 4 -9999 -9999 -9999 0.417 0.42 0.42 1400 1400 1400 2685 2685 2685 7.9 0.29 2 2 0.14 0.14 0.14 0.01 0.03 354.34 0 0 0 0 0
1 222 41.709883 119.12401 0.3 0.02 10 0.7 2 13.362 13.362 13.362 9 9 9 -9999 -9999 -9999 15.442 46.327 154.425 565 0.1 0.3 1.5 5.4765 4 -9999 -9999 -9999 0.405 0.412 0.412 1400 1400 1400 2685 2685 2685 7.9 0.29 2 2 0.14 0.14 0.14 0.01 0.03 349 0 0 0 0 0
1 223 41.709883 119.20734 0.3 0.02 10 0.7 2 13.362 13.362 13.362 9 9 9 -9999 -9999 -9999 15.442 46.327 154.425 629 0.1 0.3 1.5 5.6888 4 -9999 -9999 -9999 0.392 0.403 0.403 1400 1400 1400 2685 2685 2685 7.9 0.29 2 2 0.14 0.14 0.14 0.01 0.03 343.61 0 0 0 0 0
1 224 41.709883 119.29068 0.3 0.02 10 0.7 2 13.362 13.362 13.362 9 9 9 -9999 -9999 -9999 15.442 46.327 154.425 533 0.1 0.3 1.5 5.7 4 -9999 -9999 -9999 0.386 0.398 0.398 1400 1400 1400 2685 2685 2685 8 0.29 2 2 0.14 0.14 0.14 0.01 0.03 338.35 0 0 0 0 0
1 225 41.709883 119.37401 0.3 0.02 10 0.7 2 13.362 13.362 13.362 9 9 9 -9999 -9999 -9999 15.442 46.327 154.425 675 0.1 0.3 1.5 5.7323 4 -9999 -9999 -9999 0.391 0.403 0.403 1400 1400 1400 2685 2685 2685 8 0.29 2 2 0.14 0.14 0.14 0.01 0.03 333.34 0 0 0 0 0
1 226 41.709883 119.45734 0.3 0.02 10 0.7 2 13.362 13.362 13.362 9 9 9 -9999 -9999 -9999 15.442 46.327 154.425 563 0.1 0.3 1.5 5.7204 4 -9999 -9999 -9999 0.396 0.408 0.408 1400 1400 1400 2685 2685 2685 8 0.29 2 2 0.14 0.14 0.14 0.01 0.03 328.67 0 0 0 0 0
1 227 41.709883 119.54068 0.3 0.02 10 0.7 2 13.362 13.362 13.362 9 9 9 -9999 -9999 -9999 15.442 46.327 154.425 609 0.1 0.3 1.5 5.6813 4 -9999 -9999 -9999 0.401 0.414 0.414 1400 1400 1400 2685 2685 2685 8 0.29 2 2 0.14 0.14 0.14 0.01 0.03 324.39 0 0 0 0 0
1 228 41.709883 119.62401 0.3 0.02 10 0.7 2 13.362 13.362 13.362 9 9 9 -9999 -9999 -9999 15.442 46.327 154.425 729 0.1 0.3 1.5 5.569 4 -9999 -9999 -9999 0.405 0.417 0.417 1400 1400 1400 2685 2685 2685 8 0.29 2 2 0.14 0.14 0.14 0.01 0.03 320.51 0 0 0 0 0
1 229 41.709883 119.70734 0.3 0.02 10 0.7 2 13.362 13.362 13.362 9 9 9 -9999 -9999 -9999 15.442 46.327 154.425 835 0.1 0.3 1.5 5.422 4 -9999 -9999 -9999 0.408 0.42 0.42 1400 1400 1400 2685 2685 2685 8 0.29 2 2 0.14 0.14 0.14 0.01 0.03 317.04 0 0 0 0 0
1 230 41.62655 118.29068 0.3 0.02 10 0.7 2 13.362 13.362 13.362 9 9 9 -9999 -9999 -9999 15.442 46.327 154.425 1303 0.1 0.3 1.5 3.5734 4 -9999 -9999 -9999 0.453 0.435 0.435 1400 1400 1400 2685 2685 2685 7.9 0.29 2 2 0.14 0.14 0.14 0.01 0.03 355.35 0 0 0 0 0
1 231 41.62655 118.37401 0.3 0.02 10 0.7 2 13.362 13.362 13.362 9 9 9 -9999 -9999 -9999 15.442 46.327 154.425 1158 0.1 0.3 1.5 3.7637 4 -9999 -9999 -9999 0.454 0.438 0.438 1400 1400 1400 2685 2685 2685 7.9 0.29 2 2 0.14 0.14 0.14 0.01 0.03 359.21 0 0 0 0 0
1 232 41.62655 118.45734 0.3 0.02 10 0.7 2 13.362 13.362 13.362 9 9 9 -9999 -9999 -9999 15.442 46.327 154.425 1536 0.1 0.3 1.5 4.0257 4 -9999 -9999 -9999 0.454 0.441 0.441 1400 1400 1400 2685 2685 2685 7.9 0.29 2 2 0.14 0.14 0.14 0.01 0.03 362.11 0 0 0 0 0
1 233 41.62655 118.54068 0.3 0.02 10 0.7 2 13.362 13.362 13.362 9 9 9 -9999 -9999 -9999 15.442 46.327 154.425 1573 0.1 0.3 1.5 4.3718 4 -9999 -9999 -9999 0.45 0.441 0.441 1400 1400 1400 2685 2685 2685 7.9 0.29 2 2 0.14 0.14 0.14 0.01 0.03 363.83 0 0 0 0 0
1 234 41.62655 118.62401 0.3 0.02 10 0.7 2 13.362 13.362 13.362 9 9 9 -9999 -9999 -9999 15.442 46.327 154.425 1022 0.1 0.3 1.5 4.4303 4 -9999 -9999 -9999 0.44 0.434 0.434 1400 1400 1400 2685 2685 2685 7.9 0.29 2 2 0.14 0.14 0.14 0.01 0.03 364.29 0 0 0 0 0
1 235 41.62655 118.70734 0.3 0.02 10 0.7 2 13.362 13.362 13.362 9 9 9 -9999 -9999 -9999 15.442 46.327 154.425 1299 0.1 0.3 1.5 4.3425 4 -9999 -9999 -9999 0.431 0.426 0.426 1400 1400 1400 2685 2685 2685 7.9 0.29 2 2 0.14 0.14 0.14 0.01 0.03 363.47 0 0 0 0 0
1 236 41.62655 118.79068 0.3 0.02 10 0.7 2 13.362 13.362 13.362 9 9 9 -9999 -9999 -9999 15.442 46.327 154.425 803 0.1 0.3 1.5 4.2722 4 -9999 -9999 -9999 0.426 0.422 0.422 1400 1400 1400 2685 2685 2685 7.9 0.29 2 2 0.14 0.14 0.14 0.01 0.03 361.48 0 0 0 0 0
1 237 41.62655 118.87401 0.3 0.02 10 0.7 2 13.362 13.362 13.362 9 9 9 -9999 -9999 -9999 15.442 46.327 154.425 628 0.1 0.3 1.5 4.4851 4 -9999 -9999 -9999 0.428 0.425 0.425 1400 1400 1400 2685 2685 2685 7.9 0.29 2 2 0.14 0.14 0.14 0.01 0.03 358.51 0 0 0 0 0
1 238 41.62655 118.95734 0.3 0.02 10 0.7 2 13.362 13.362 13.362 9 9 9 -9999 -9999 -9999 15.442 46.327 154.425 647 0.1 0.3 1.5 4.8197 4 -9999 -9999 -9999 0.427 0.427 0.427 1400 1400 1400 2685 2685 2685 7.9 0.29 2 2 0.14 0.14 0.14 0.01 0.03 354.76 0 0 0 0 0
1 239 41.62655 119.04068 0.3 0.02 10 0.7 2 13.362 13.362 13.362 9 9 9 -9999 -9999 -9999 15.442 46.327 154.425 605 0.1 0.3 1.5 5.1704 4 -9999 -9999 -9999 0.421 0.425 0.425 1400 1400 1400 2685 2685 2685 7.9 0.29 2 2 0.14 0.14 0.14 0.01 0.03 350.49 0 0 0 0 0
1 240 41.62655 119.12401 0.3 0.02 10 0.7 2 13.362 13.362 13.362 9 9 9 -9999 -9999 -9999 15.442 46.327 154.425 619 0.1 0.3 1.5 5.4621 4 -9999 -9999 -9999 0.408 0.416 0.416 1400 1400 1400 2685 2685 2685 7.9 0.29 2 2 0.14 0.14 0.14 0.01 0.03 345.92 0 0 0 0 0
1 241 41.62655 119.20734 0.3 0.02 10 0.7 2 13.362 13.362 13.362 9 9 9 -9999 -9999 -9999 15.442 46.327 154.425 617 0.1 0.3 1.5 5.62 4 -9999 -9999 -9999 0.397 0.408 0.408 1400 1400 1400 2685 2685 2685 7.9 0.29 2 2 0.14 0.14 0.14 0.01 0.03 341.24 0 0 0 0 0
1 242 41.62655 119.29068 0.3 0.02 10 0.7 2 13.362 13.362 13.362 9 9 9 -9999 -9999 -9999 15.442 46.327 154.425 547 0.1 0.3 1.5 5.6846 4 -9999 -9999 -9999 0.392 0.403 0.403 1400 1400 1400 2685 2685 2685 8 0.29 2 2 0.14 0.14 0.14 0.01 0.03 336.61 0 0 0 0 0
1 243 41.62655 119.37401 0.3 0.02 10 0.7 2 13.362 13.362 13.362 9 9 9 -9999 -9999 -9999 15.442 46.327 154.425 572 0.1 0.3 1.5 5.7268 4 -9999 -9999 -9999 0.395 0.407 0.407 1400 1400 1400 2685 2685 2685 8 0.29 2 2 0.14 0.14 0.14 0.01 0.03 332.15 0 0 0 0 0
1 244 41.62655 119.45734 0.3 0.02 10 0.7 2 13.362 13.362 13.362 9 9 9 -9999 -9999 -9999 15.442 46.327 154.425 581 0.1 0.3 1.5 5.7352 4 -9999 -9999 -9999 0.401 0.413 0.413 1400 1400 1400 2685 2685 2685 8 0.29 2 2 0.14 0.14 0.14 0.01 0.03 327.94 0 0 0 0 0
1 245 41.62655 119.54068 0.3 0.02 10 0.7 2 13.362 13.362 13.362 9 9 9 -9999 -9999 -9999 15.442 46.327 154.425 631 0.1 0.3 1.5 5.7103 4 -9999 -9999 -9999 0.405 0.418 0.418 1400 1400 1400 2685 2685 2685 8 0.29 2 2 0.14 0.14 0.14 0.01 0.03 324.03 0 0 0 0 0
1 246 41.62655 119.62401 0.3 0.02 10 0.7 2 13.362 13.362 13.362 9 9 9 -9999 -9999 -9999 15.442 46.327 154.425 697 0.1 0.3 1.5 5.5895 4 -9999 -9999 -9999 0.405 0.419 0.419 1400 1400 1400 2685 2685 2685 8 0.29 2 2 0.14 0.14 0.14 0.01 0.03 320.45 0 0 0 0 0
1 247 41.543216 118.37401 0.3 0.02 10 0.7 2 13.362 13.362 13.362 9 9 9 -9999 -9999 -9999 15.442 46.327 154.425 1108 0.1 0.3 1.5 4.0719 4 -9999 -9999 -9999 0.458 0.445 0.445 1400 1400 1400 2685 2685 2685 7.9 0.29 2 2 0.14 0.14 0.14 0.01 0.03 353.46 0 0 0 0 0
1 248 41.543216 118.45734 0.3 0.02 10 0.7 2 13.362 13.362 13.362 9 9 9 -9999 -9999 -9999 15.442 46.327 154.425 1448 0.1 0.3 1.5 4.3209 4 -9999 -9999 -9999 0.456 0.445 0.445 1400 1400 1400 2685 2685 2685 7.9 0.29 2 2 0.14 0.14 0.14 0.01 0.03 355.91 0 0 0 0 0
1 249 41.543216 118.54068 0.3 0.02 10 0.7 2 13.362 13.362 13.362 9 9 9 -9999 -9999 -9999 15.442 46.327 154.425 1272 0.1 0.3 1.5 4.4672 4 -9999 -9999 -9999 0.453 0.445 0.445 1400 1400 1400 2685 2685 2685 7.9 0.29 2 2 0.14 0.14 0.14 0.01 0.03 357.4 0 0 0 0 0
1 250 41.543216 118.62401 0.3 0.02 10 0.7 2 13.362 13.362 13.362 9 9 9 -9999 -9999 -9999 15.442 46.327 154.425 1041 0.1 0.3 1.5 4.5236 4 -9999 -9999 -9999 0.449 0.442 0.442 1400 1400 1400 2685 2685 2685 7.9 0.29 2 2 0.14 0.14 0.14 0.01 0.03 357.85 0 0 0 0 0
1 251 41.543216 118.70734 0.3 0.02 10 0.7 2 13.362 13.362 13.362 9 9 9 -9999 -9999 -9999 15.442 46.327 154.425 800 0.1 0.3 1.5 4.5834 4 -9999 -9999 -9999 0.441 0.436 0.436 1400 1400 1400 2685 2685 2685 7.9 0.29 2 2 0.14 0.14 0.14 0.01 0.03 357.25 0 0 0 0 0
1 252 41.543216 118.79068 0.3 0.02 10 0.7 2 9.524 9.524 9.524 11 11 11 -9999 -9999 -9999 15.442 46.327 154.425 693 0.1 0.3 1.5 4.654 4 -9999 -9999 -9999 0.438 0.434 0.434 1570 1570 1570 2685 2685 2685 7.9 0.21 2 2 0.09 0.09 0.09 0.01 0.03 355.67 0 0 0 0 0
1 253 41.543216 118.87401 0.3 0.02 10 0.7 2 13.362 13.362 13.362 9 9 9 -9999 -9999 -9999 15.442 46.327 154.425 784 0.1 0.3 1.5 4.739 4 -9999 -9999 -9999 0.436 0.434 0.434 1400 1400 1400 2685 2685 2685 7.9 0.29 2 2 0.14 0.14 0.14 0.01 0.03 353.25 0 0 0 0 0
1 254 41.543216 118.95734 0.3 0.02 10 0.7 2 13.362 13.362 13.362 9 9 9 -9999 -9999 -9999 15.442 46.327 154.425 642 0.1 0.3 1.5 4.9948 4 -9999 -9999 -9999 0.432 0.433 0.433 1400 1400 1400 2685 2685 2685 7.9 0.29 2 2 0.14 0.14 0.14 0.01 0.03 350.16 0 0 0 0 0
1 255 41.543216 119.04068 0.3 0.02 10 0.7 2 13.362 13.362 13.362 9 9 9 -9999 -9999 -9999 15.442 46.327 154.425 713 0.1 0.3 1.5 5.2526 4 -9999 -9999 -9999 0.426 0.43 0.43 1400 1400 1400 2685 2685 2685 7.9 0.29 2 2 0.14 0.14 0.14 0.01 0.03 346.58 0 0 0 0 0
1 256 41.543216 119.12401 0.3 0.02 10 0.7 2 13.362 13.362 13.362 9 9 9 -9999 -9999 -9999 15.442 46.327 154.425 562 0.1 0.3 1.5 5.4561 4 -9999 -9999 -9999 0.418 0.425 0.425 1400 1400 1400 2685 2685 2685 7.9 0.29 2 2 0.14 0.14 0.14 0.01 0.03 342.7 0 0 0 0 0
1 257 41.543216 119.20734 0.3 0.02 10 0.7 2 13.362 13.362 13.362 9 9 9 -9999 -9999 -9999 15.442 46.327 154.425 581 0.1 0.3 1.5 5.611 4 -9999 -9999 -9999 0.408 0.418 0.418 1400 1400 1400 2685 2685 2685 7.9 0.29 2 2 0.14 0.14 0.14 0.01 0.03 338.67 0 0 0 0 0
1 258 41.543216 119.29068 0.3 0.02 10 0.7 2 9.524 9.524 9.524 11 11 11 -9999 -9999 -9999 15.442 46.327 154.425 679 0.1 0.3 1.5 5.7249 4 -9999 -9999 -9999 0.404 0.415 0.415 1570 1570 1570 2685 2685 2685 8 0.21 2 2 0.09 0.09 0.09 0.01 0.03 334.63 0 0 0 0 0
1 259 41.543216 119.37401 0.3 0.02 10 0.7 2 13.362 13.362 13.362 9 9 9 -9999 -9999 -9999 15.442 46.327 154.425 567 0.1 0.3 1.5 5.7246 4 -9999 -9999 -9999 0.404 0.416 0.416 1400 1400 1400 2685 2685 2685 8 0.29 2 2 0.14 0.14 0.14 0.01 0.03 330.68 0 0 0 0 0
1 260 41.543216 119.45734 0.3 0.02 10 0.7 2 13.362 13.362 13.362 9 9 9 -9999 -9999 -9999 15.442 46.327 154.425 647 0.1 0.3 1.5 5.7432 4 -9999 -9999 -9999 0.405 0.418 0.418 1400 1400 1400 2685 2685 2685 8 0.29 2 2 0.14 0.14 0.14 0.01 0.03 326.92 0 0 0 0 0
1 261 41.543216 119.54068 0.3 0.02 10 0.7 2 13.362 13.362 13.362 9 9 9 -9999 -9999 -9999 15.442 46.327 154.425 677 0.1 0.3 1.5 5.7383 4 -9999 -9999 -9999 0.408 0.421 0.421 1400 1400 1400 2685 2685 2685 8 0.29 2 2 0.14 0.14 0.14 0.01 0.03 323.38 0 0 0 0 0
1 262 41.459883 118.37401 0.3 0.02 10 0.7 2 13.362 13.362 13.362 9 9 9 -9999 -9999 -9999 15.442 46.327 154.425 1110 0.1 0.3 1.5 4.3587 4 -9999 -9999 -9999 0.463 0.453 0.453 1400 1400 1400 2685 2685 2685 7.9 0.29 2 2 0.14 0.14 0.14 0.01 0.03 348.08 0 0 0 0 0
1 263 41.459883 118.45734 0.3 0.02 10 0.7 2 13.362 13.362 13.362 9 9 9 -9999 -9999 -9999 15.442 46.327 154.425 1261 0.1 0.3 1.5 4.4999 4 -9999 -9999 -9999 0.459 0.451 0.451 1400 1400 1400 2685 2685 2685 7.9 0.29 2 2 0.14 0.14 0.14 0.01 0.03 350.17 0 0 0 0 0
1 264 41.459883 118.54068 0.3 0.02 10 0.7 2 13.362 13.362 13.362 9 9 9 -9999 -9999 -9999 15.442 46.327 154.425 1009 0.1 0.3 1.5 4.5821 4 -9999 -9999 -9999 0.457 0.451 0.451 1400 1400 1400 2685 2685 2685 7.9 0.29 2 2 0.14 0.14 0.14 0.01 0.03 351.46 0 0 0 0 0
1 265 41.459883 118.62401 0.3 0.02 10 0.7 2 13.362 13.362 13.362 9 9 9 -9999 -9999 -9999 15.442 46.327 154.425 862 0.1 0.3 1.5 4.6235 4 -9999 -9999 -9999 0.455 0.45 0.45 1400 1400 1400 2685 2685 2685 7.9 0.29 2 2 0.14 0.14 0.14 0.01 0.03 351.89 0 0 0 0 0
1 266 41.459883 118.70734 0.3 0.02 10 0.7 2 9.524 9.524 9.524 11 11 11 -9999 -9999 -9999 15.442 46.327 154.425 726 0.1 0.3 1.5 4.6349 4 -9999 -9999 -9999 0.454 0.449 0.449 1570 1570 1570 2685 2685 2685 7.9 0.21 2 2 0.09 0.09 0.09 0.01 0.03 351.46 0 0 0 0 0
1 267 41.459883 118.79068 0.3 0.02 10 0.7 2 9.524 9.524 9.524 11 11 11 -9999 -9999 -9999 15.442 46.327 154.425 678 0.1 0.3 1.5 4.8369 4 -9999 -9999 -9999 0.45 0.447 0.447 1570 1570 1570 2685 2685 2685 7.9 0.21 2 2 0.09 0.09 0.09 0.01 0.03 350.22 0 0 0 0 0
1 268 41.459883 118.87401 0.3 0.02 10 0.7 2 13.362 13.362 13.362 9 9 9 -9999 -9999 -9999 15.442 46.327 154.425 647 0.1 0.3 1.5 4.9414 4 -9999 -9999 -9999 0.447 0.446 0.446 1400 1400 1400 2685 2685 2685 7.9 0.29 2 2 0.14 0.14 0.14 0.01 0.03 348.26 0 0 0 0 0
1 269 41.459883 118.95734 0.3 0.02 10 0.7 2 13.362 13.362 13.362 9 9 9 -9999 -9999 -9999 15.442 46.327 154.425 584 0.1 0.3 1.5 5.07 4 -9999 -9999 -9999 0.439 0.441 0.441 1400 1400 1400 2685 2685 2685 7.9 0.29 2 2 0.14 0.14 0.14 0.01 0.03 345.72 0 0 0 0 0
1 270 41.459883 119.04068 0.3 0.02 10 0.7 2 13.362 13.362 13.362 9 9 9 -9999 -9999 -9999 15.442 46.327 154.425 649 0.1 0.3 1.5 5.275 4 -9999 -9999 -9999 0.432 0.437 0.437 1400 1400 1400 2685 2685 2685 7.9 0.29 2 2 0.14 0.14 0.14 0.01 0.03 342.73 0 0 0 0 0
1 271 41.459883 119.12401 0.3 0.02 10 0.7 2 13.362 13.362 13.362 9 9 9 -9999 -9999 -9999 15.442 46.327 154.425 702 0.1 0.3 1.5 5.4453 4 -9999 -9999 -9999 0.425 0.433 0.433 1400 1400 1400 2685 2685 2685 7.9 0.29 2 2 0.14 0.14 0.14 0.01 0.03 339.45 0 0 0 0 0
1 272 41.459883 119.20734 0.3 0.02 10 0.7 2 13.362 13.362 13.362 9 9 9 -9999 -9999 -9999 15.442 46.327 154.425 695 0.1 0.3 1.5 5.5542 4 -9999 -9999 -9999 0.42 0.429 0.429 1400 1400 1400 2685 2685 2685 7.9 0.29 2 2 0.14 0.14 0.14 0.01 0.03 335.99 0 0 0 0 0
1 273 41.459883 119.29068 0.3 0.02 10 0.7 2 13.362 13.362 13.362 9 9 9 -9999 -9999 -9999 15.442 46.327 154.425 648 0.1 0.3 1.5 5.7239 4 -9999 -9999 -9999 0.415 0.426 0.426 1400 1400 1400 2685 2685 2685 8 0.29 2 2 0.14 0.14 0.14 0.01 0.03 332.49 0 0 0 0 0
1 274 41.459883 119.37401 0.3 0.02 10 0.7 2 13.362 13.362 13.362 9 9 9 -9999 -9999 -9999 15.442 46.327 154.425 678 0.1 0.3 1.5 5.7514 4 -9999 -9999 -9999 0.414 0.426 0.426 1400 1400 1400 2685 2685 2685 8 0.29 2 2 0.14 0.14 0.14 0.01 0.03 329.03 0 0 0 0 0
1 275 41.459883 119.45734 0.3 0.02 10 0.7 2 13.362 13.362 13.362 9 9 9 -9999 -9999 -9999 15.442 46.327 154.425 684 0.1 0.3 1.5 5.7463 4 -9999 -9999 -9999 0.411 0.425 0.425 1400 1400 1400 2685 2685 2685 8 0.29 2 2 0.14 0.14 0.14 0.01 0.03 325.69 0 0 0 0 0
1 276 41.37655 118.37401 0.3 0.02 10 0.7 2 13.362 13.362 13.362 9 9 9 -9999 -9999 -9999 15.442 46.327 154.425 1184 0.1 0.3 1.5 4.5761 4 -9999 -9999 -9999 0.466 0.459 0.459 1400 1400 1400 2685 2685 2685 7.9 0.29 2 2 0.14 0.14 0.14 0.01 0.03 343.14 0 0 0 0 0
1 277 41.37655 118.45734 0.3 0.02 10 0.7 2 13.362 13.362 13.362 9 9 9 -9999 -9999 -9999 15.442 46.327 154.425 1089 0.1 0.3 1.5 4.6215 4 -9999 -9999 -9999 0.463 0.457 0.457 1400 1400 1400 2685 2685 2685 7.9 0.29 2 2 0.14 0.14 0.14 0.01 0.03 344.92 0 0 0 0 0
1 278 41.37655 118.54068 0.3 0.02 10 0.7 2 13.362 13.362 13.362 9 9 9 -9999 -9999 -9999 15.442 46.327 154.425 951 0.1 0.3 1.5 4.6781 4 -9999 -9999 -9999 0.462 0.457 0.457 1400 1400 1400 2685 2685 2685 7.9 0.29 2 2 0.14 0.14 0.14 0.01 0.03 346.04 0 0 0 0 0
1 279 41.37655 118.62401 0.3 0.02 10 0.7 2 13.362 13.362 13.362 9 9 9 -9999 -9999 -9999 15.442 46.327 154.425 879 0.1 0.3 1.5 4.6844 4 -9999 -9999 -9999 0.462 0.458 0.458 1400 1400 1400 2685 2685 2685 7.9 0.29 2 2 0.14 0.14 0.14 0.01 0.03 346.46 0 0 0 0 0
1 280 41.37655 118.70734 0.3 0.02 10 0.7 2 13.362 13.362 13.362 9 9 9 -9999 -9999 -9999 15.442 46.327 154.425 662 0.1 0.3 1.5 4.7412 4 -9999 -9999 -9999 0.465 0.462 0.462 1400 1400 1400 2685 2685 2685 7.9 0.29 2 2 0.14 0.14 0.14 0.01 0.03 346.16 0 0 0 0 0
1 281 41.37655 118.79068 0.3 0.02 10 0.7 2 13.362 13.362 13.362 9 9 9 -9999 -9999 -9999 15.442 46.327 154.425 626 0.1 0.3 1.5 4.7866 4 -9999 -9999 -9999 0.464 0.462 0.462 1400 1400 1400 2685 2685 2685 7.9 0.29 2 2 0.14 0.14 0.14 0.01 0.03 345.18 0 0 0 0 0
1 282 41.37655 118.87401 0.3 0.02 10 0.7 2 13.362 13.362 13.362 9 9 9 -9999 -9999 -9999 15.442 46.327 154.425 690 0.1 0.3 1.5 4.9137 4 -9999 -9999 -9999 0.458 0.458 0.458 1400 1400 1400 2685 2685 2685 7.9 0.29 2 2 0.14 0.14 0.14 0.01 0.03 343.6 0 0 0 0 0
1 283 41.37655 118.95734 0.3 0.02 10 0.7 2 13.362 13.362 13.362 9 9 9 -9999 -9999 -9999 15.442 46.327 154.425 922 0.1 0.3 1.5 5.0635 4 -9999 -9999 -9999 0.448 0.45 0.45 1400 1400 1400 2685 2685 2685 7.9 0.29 2 2 0.14 0.14 0.14 0.01 0.03 341.52 0 0 0 0 0
1 284 41.293216 118.45734 0.3 0.02 10 0.7 2 13.362 13.362 13.362 9 9 9 -9999 -9999 -9999 15.442 46.327 154.425 1297 0.1 0.3 1.5 4.6941 4 -9999 -9999 -9999 0.466 0.46 0.46 1400 1400 1400 2685 2685 2685 7.9 0.29 2 2 0.14 0.14 0.14 0.01 0.03 340.16 0 0 0 0 0
1 285 41.293216 118.54068 0.3 0.02 10 0.7 2 13.362 13.362 13.362 9 9 9 -9999 -9999 -9999 15.442 46.327 154.425 929 0.1 0.3 1.5 4.7556 4 -9999 -9999 -9999 0.464 0.46 0.46 1400 1400 1400 2685 2685 2685 7.9 0.29 2 2 0.14 0.14 0.14 0.01 0.03 341.14 0 0 0 0 0
1 286 41.293216 118.62401 0.3 0.02 10 0.7 2 13.362 13.362 13.362 9 9 9 -9999 -9999 -9999 15.442 46.327 154.425 997 0.1 0.3 1.5 4.7737 4 -9999 -9999 -9999 0.468 0.465 0.465 1400 1400 1400 2685 2685 2685 7.9 0.29 2 2 0.14 0.14 0.14 0.01 0.03 341.54 0 0 0 0 0
1 287 41.293216 118.70734 0.3 0.02 10 0.7 2 13.362 13.362 13.362 9 9 9 -9999 -9999 -9999 15.442 46.327 154.425 803 0.1 0.3 1.5 4.5998 4 -9999 -9999 -9999 0.474 0.472 0.472 1400 1400 1400 2685 2685 2685 7.9 0.29 2 2 0.14 0.14 0.14 0.01 0.03 341.34 0 0 0 0 0
1 288 41.293216 118.79068 0.3 0.02 10 0.7 2 18.152 18.152 18.152 10 10 10 -9999 -9999 -9999 15.442 46.327 154.425 692 0.1 0.3 1.5 4.4985 4 -9999 -9999 -9999 0.478 0.476 0.476 1410 1410 1410 2685 2685 2685 7.9 0.27 2 2 0.17 0.17 0.17 0.01 0.03 340.58 0 0 0 0 0
1 289 41.293216 118.87401 0.3 0.02 10 0.7 2 13.362 13.362 13.362 9 9 9 -9999 -9999 -9999 15.442 46.327 154.425 741 0.1 0.3 1.5 4.7053 4 -9999 -9999 -9999 0.471 0.47 0.47 1400 1400 1400 2685 2685 2685 7.9 0.29 2 2 0.14 0.14 0.14 0.01 0.03 339.31 0 0 0 0 0
1 290 41.209883 118.45734 0.3 0.02 10 0.7 2 13.362 13.362 13.362 9 9 9 -9999 -9999 -9999 15.442 46.327 154.425 1191 0.1 0.3 1.5 4.8282 4 -9999 -9999 -9999 0.468 0.463 0.463 1400 1400 1400 2685 2685 2685 7.9 0.29 2 2 0.14 0.14 0.14 0.01 0.03 335.86 0 0 0 0 0
1 291 41.209883 118.54068 0.3 0.02 10 0.7 2 13.362 13.362 13.362 9 9 9 -9999 -9999 -9999 15.442 46.327 154.425 1048 0.1 0.3 1.5 4.9449 4 -9999 -9999 -9999 0.466 0.463 0.463 1400 1400 1400 2685 2685 2685 7.9 0.29 2 2 0.14 0.14 0.14 0.01 0.03 336.73 0 0 0 0 0
1 292 41.209883 118.62401 0.3 0.02 10 0.7 2 13.362 13.362 13.362 9 9 9 -9999 -9999 -9999 15.442 46.327 154.425 947 0.1 0.3 1.5 4.8292 4 -9999 -9999 -9999 0.47 0.468 0.468 1400 1400 1400 2685 2685 2685 7.9 0.29 2 2 0.14 0.14 0.14 0.01 0.03 337.1 0 0 0 0 0
1 293 41.209883 118.70734 0.3 0.02 10 0.7 2 13.362 13.362 13.362 9 9 9 -9999 -9999 -9999 15.442 46.327 154.425 696 0.1 0.3 1.5 4.5305 4 -9999 -9999 -9999 0.479 0.477 0.477 1400 1400 1400 2685 2685 2685 7.9 0.29 2 2 0.14 0.14 0.14 0.01 0.03 336.99 0 0 0 0 0
1 294 41.209883 118.79068 0.3 0.02 10 0.7 2 13.362 13.362 13.362 9 9 9 -9999 -9999 -9999 15.442 46.327 154.425 664 0.1 0.3 1.5 4.3 4 -9999 -9999 -9999 0.484 0.482 0.482 1400 1400 1400 2685 2685 2685 7.9 0.29 2 2 0.14 0.14 0.14 0.01 0.03 336.4 0 0 0 0 0
1 295 41.209883 118.87401 0.3 0.02 10 0.7 2 9.524 9.524 9.524 11 11 11 -9999 -9999 -9999 15.442 46.327 154.425 883 0.1 0.3 1.5 4.5695 4 -9999 -9999 -9999 0.478 0.476 0.476 1570 1570 1570 2685 2685 2685 7.9 0.21 2 2 0.09 0.09 0.09 0.01 0.03 335.38 0 0 0 0 0
1 296 41.12655 118.87401 0.3 0.02 10 0.7 2 9.524 9.524 9.524 11 11 11 -9999 -9999 -9999 15.442 46.327 154.425 791 0.1 0.3 1.5 4.8295 4 -9999 -9999 -9999 0.474 0.473 0.473 1570 1570 1570 2685 2685 2685 7.9 0.21 2 2 0.09 0.09 0.09 0.01 0.03 331.79 0 0 0 0 0
