0.96 95.95 -15.7 1.48
0.02 96.62 -16.88 1.69
21.26 96.49 -18.89 1.49
6.48 96.68 -17.99 3.19
0 97.01 -19.57 2.15
0.01 97.21 -19.5 2.01
0.11 97.3 -17.26 1.46
17.59 96.7 -15.99 1.09
7.4 96.86 -15.6 1.34
0 97.13 -15.52 1.35
0 97.11 -15.87 2.66
0 96.54 -18.56 2.93
0 96.57 -16.08 2.88
1.26 96.38 -15.62 1.22
0 97.47 -15 1.37
0 97.05 -13.93 1.07
0 96.7 -10.85 1.09
0.02 96.61 -6.63 1.29
0 96.08 0.55 3.04
0.08 97.28 -9.08 4.6
0 97.24 -12.71 2.55
0 96.94 -11.04 3.6
0 96.42 -8.12 3
0 95.82 -8.15 3.83
0 96.84 -9.23 3.28
0 106.18 -4.81 2.94
3.04 95.71 -3.54 2.46
0.01 96.36 -10.36 3.68
0 95.93 -5.28 4.04
0 95.97 -5.35 1.69
0 96.57 -8.6 1.61
0.39 96.75 -11.03 1.85
0 96.77 -14.31 2.09
0 96.7 -13.14 2.24
0 96.67 -13.46 1.98
0 97 -13.43 1.43
0.02 96.92 -11.31 2.09
4.01 95.97 -3.42 2.71
0 96.02 -4.25 1.77
0 96.64 -6.77 2.34
0 97.23 -9.93 3.13
0 97.65 -11.8 3.58
0 97.4 -11.58 1.89
0.04 96.76 -10.13 2.07
0 97.17 -10.12 2.35
0 97.35 -12.38 1.75
0 96.9 -10.31 1.68
0.01 96.45 -8.32 2.86
0 96.28 -8.35 2.38
0 95.73 -4.07 1.81
0 95.59 -6.24 1.63
0 95.7 -5.13 1.88
0 95.78 -4.35 2.44
0 94.73 1.25 2.16
5.18 95.03 -1.61 1.82
0 96.13 -5.6 2.4
0.26 96.32 -4.82 1.72
3.63 96 -5.56 2.09
1.73 96.59 -7.01 2.38
0.14 96.31 -7.3 2.01
0.38 96.03 -3.04 3.27
0 96.14 -2.08 2.82
32.44 95.67 -1.29 2.67
3.74 96.79 -8.85 3.36
0 97.5 -10.86 1.91
0.01 97.75 -11.24 1.84
2.98 98.06 -9.61 2.62
0.01 97.28 -9.19 2.53
0 95.92 -4.01 2.46
0.23 94.86 2.41 3.45
0.72 95.96 -3.96 4.34
0 96.64 -2.93 1.91
41.53 96.03 -0.56 1.9
1.62 95.99 -2.45 4.93
0.02 96.45 -4.36 2.41
0 96.85 -5.04 2.18
0 95.89 -2.79 2.71
0.38 94.47 3.97 2.72
41.09 95.09 -0.61 3.47
0 95.5 0.42 2.72
0.06 95.45 4.37 3.77
0 96.15 2.71 2.64
0 96.66 -0.09 2.64
0.04 96.68 -3.09 3.18
0.71 96.19 -2.35 1.92
2.18 96.78 -1.87 1.86
0 96.67 3.25 1.63
0.08 96.46 5.81 1.98
5.2 95.88 8.84 4.06
2.36 95.57 7.77 4.22
0 96.02 2.63 5.12
0 96.07 0.35 3.89
0 95.76 4.52 3.83
0 95.42 9.17 3.51
5.66 96.04 3.25 2.35
0.01 96.7 2.18 2.19
0 96.16 7.2 3.37
0.36 94.98 12.14 5.38
33.85 95.73 2.51 2.62
0 96.03 3.75 2.89
2.21 95.98 2.53 2.02
40.07 95.79 0.87 3.09
0.04 96.58 -0.52 4.86
0 96.71 2.19 2.36
0.3 96.05 4.75 2.76
9.56 96.27 3.39 1.71
0 96.28 5.38 2.74
18.51 95.55 10.86 2.78
50.51 96.02 8.34 1.75
0.2 96.37 8.49 1.88
0.14 96.6 10.12 2.07
0.78 96.36 9.5 2.29
0.13 96.28 8.56 1.88
0 95.88 12.82 2.97
3.06 95.66 13.51 4.15
44.4 95.5 4.82 3.14
12.18 95.07 3.08 3.24
0.12 95.2 5.51 5.59
2.61 95.36 7.35 4.47
6.56 95.61 11.81 2.46
0 95.05 17.14 1.98
0 94.78 18.86 3.81
0.53 95.32 16.83 2.12
4.29 94.83 154.88 2.65
237.2 94.44 10.82 2.84
8.35 94.92 13.43 4.09
29.71 94.97 11.91 1.71
4.22 95.22 15.25 2.36
54.24 95.03 11.12 3.07
10.96 94.92 9.83 2.21
2.56 95.93 10.18 2.42
0 96.19 13.27 1.62
0 96.15 16.01 1.59
3.78 95.75 17.35 3.22
6.07 95.61 20.21 2.5
1.31 95.81 19.25 2.56
31.15 95.37 16.34 2.63
150.34 94.48 12.51 2.55
0.45 94.18 18.46 4.39
0 95 22.06 2.46
0 95.15 24.24 2.61
0.36 95.14 22.43 1.96
1.85 94.79 21.28 2.47
10.04 94.98 17.52 3.79
0.8 95.59 21.38 3.27
0.14 96.02 21.98 2.13
6.11 95.99 19.34 1.85
80.7 95.43 15.6 2.35
54.49 95.02 16.62 2.08
71.52 95.45 15.23 1.77
11.85 96.04 16.64 1.35
2.83 95.97 18.25 1.54
0.65 96.09 19.24 1.57
0 96.14 20.96 1.72
0.01 95.93 21.9 2.1
0 95.63 23.08 2.19
0 95.63 23.31 2.4
0 95.74 24.24 3.07
0 95.86 24.51 2.98
0 95.93 24.79 2.03
2.03 95.81 21.81 2.11
0.07 95.57 21.28 2.93
0.52 95.22 22.78 1.97
18.57 94.98 23.01 2.86
52.25 94.85 22.27 2.71
0.82 94.72 23.76 2.35
13.96 94.82 23.99 1.71
94.86 94.91 21.16 1.91
19.7 94.99 20.61 1.76
1.5 95.07 22.87 1.34
0.12 95.44 23.24 2.66
0.02 95.05 23.52 1.86
10.05 95.37 20.68 2.21
0 95.48 23.23 1.53
0 95.35 25.29 1.9
0 95.34 26.16 2.35
0 95.27 25.66 1.78
27.25 95.08 22.15 1.64
73 94.99 22.4 1.41
0.32 95.05 24.07 1.41
0.09 94.85 25.07 1.42
111.69 94.76 22.12 2.07
3.21 94.75 25.14 1.54
0.05 94.77 27.7 1.55
9.05 94.74 27 2
0 94.73 26.8 2.76
0.04 94.88 25.27 2.47
15.3 95.19 21.68 1.86
4.08 95.36 22.75 1.92
1.25 95.34 22.52 2.11
65.63 95.15 21.24 1.72
89.27 95.13 21.08 1.41
251.14 95.38 20.41 1.28
6.06 95.63 22.65 1.13
0 95.58 24.24 1.96
78.36 95.17 22.8 2.3
6.79 94.95 24.82 2.89
1.59 95.16 25.94 2.31
2.98 95.12 27.06 2.26
15.39 95.22 25.72 2.36
258.85 95.12 23.29 1.75
1.8 95.35 24.54 1.49
2.44 95.46 25.95 1.57
6.59 95.5 26.71 1.49
3.23 95.63 27.47 1.63
0.79 95.49 27.81 2.19
11.55 95.39 27.16 2.2
21.71 95.04 26.87 2.31
187.12 94.64 26.37 2.54
8.17 94.63 22.99 1.41
33.37 94.61 25.69 1.29
177.27 94.92 22.34 1.57
0 95.54 21.75 1.97
0.02 95.44 22.97 1.5
9.92 94.74 24.52 2.59
62.85 94.93 23.34 1.71
142.38 95.32 22.22 2.68
0 96.09 20.87 1.58
19.58 95.72 20.88 1.52
117.07 95.01 22.41 2.1
23.37 95.07 22.83 2.12
0 95.29 22.16 1.88
0 95.02 24.81 2.21
25.19 94.74 24.8 1.79
2 94.63 26.09 2.06
30.23 94.53 24.42 2.84
0 95.03 22.5 2.66
0 95.4 22.84 1.64
13.32 95.42 23.33 2.2
8.5 95.61 23.46 2.31
141.48 95.75 22.5 1.88
1.64 96.03 23.22 1.69
195.22 95.92 18.98 1.54
79.78 95.88 18.94 1.38
0.82 95.89 20.2 1.35
0 95.83 22.41 1.63
0.09 96.03 21.91 1.53
1.44 96.21 21.95 1.67
0 95.93 21.24 1.65
2 95.74 20.43 1.38
26.43 95.35 21.06 1.53
9.94 95.47 21.05 1.39
1.06 95.53 22.06 1.72
25.5 96.02 20.52 1.53
4.72 96.15 21.24 1.34
0.03 96.04 20.07 1.16
0 95.77 19.93 1.58
0 95.56 22.35 1.57
2.74 95.73 23.39 1.6
0 96.27 18.69 1.78
0 96.12 17.54 1.36
1.77 95.69 18.07 1.3
10.23 95.33 19.27 1.47
0.29 95.56 19.76 1.38
0 95.7 20.98 1.1
2.57 95.77 22.39 1.33
0 95.88 22.6 1.55
4.19 95.68 21.64 2.2
123.55 96.03 15.46 2.13
266.91 96.14 9.61 1.98
187.14 96.02 12.37 1.33
0 95.75 16.07 1.42
45.12 95.96 14.82 1.95
206.61 96.6 9.9 2.53
0 96.52 10.21 2.03
0 96.31 12.77 1.42
0.84 96.05 14.81 1.44
8.18 95.81 15.59 2.55
0.32 95.99 13.51 2.27
0 95.92 11.44 4.22
0 96.77 9.42 2.62
0 96.36 10.26 1.43
0.03 96.07 14.93 1.75
1.03 96.37 13.35 1.41
351.47 96.07 8.45 2.32
79.51 96.02 7.65 2.91
0 96.16 9.63 1.82
0 95.8 13.13 1.3
0 95.69 16.65 2.16
0 95.85 17.74 2.52
0 95.79 17.27 2.34
0 95.33 16.83 2.8
23.97 95.88 11.67 2.04
136.41 96.32 5.91 2.26
0 96.45 8.29 1.45
0 96 10.08 1.55
0 96.18 9.12 2.79
0 95.73 8.15 2.77
0 96.5 3.58 2.67
0 97.11 1.39 1.14
20.33 97.06 0.27 1.3
55.59 97.07 1.43 1.2
0 96.95 2.48 1.22
0 96.43 4.43 1.37
0 96.13 9.05 1.57
6.73 96.28 9.6 2.18
4.59 96.8 3.96 3.3
0 97.18 0.46 3.45
0 97.86 -1 2.45
0 97.05 0.84 1.58
0 96.9 4.64 1.91
0 96.89 5.9 1.41
0 96.95 6.06 1.44
0 96.76 6.27 1.86
0 97.27 2.79 3.37
0 96.86 1.83 1.86
0 96.4 5.66 1.74
0 96.5 4.89 1.26
0 96.19 6.99 1.7
0 95.88 7.61 1.5
6.48 96.01 4.11 2.51
0.3 96.55 0.57 3.25
0 96.25 -0.9 1.36
0 95.83 0.5 1.38
41.6 95.24 1.21 3.59
1.6 95.73 -0.33 1.97
1.29 96.71 -0.62 3.55
0 97.7 -4.23 2.49
0.04 97.06 -2.9 2.25
0 96.38 0.48 1.51
0 96.32 1.36 1.88
0 95.99 5.13 3.01
0 95.52 3.82 2.17
0 95.28 5.77 1.78
0.26 95.41 2.51 4.07
0 96.2 -2.34 1.96
0 96.08 -1.7 1.89
0.01 96.28 -1.41 3.81
0 96.57 -5.94 2.31
0.37 95.76 -5.64 2.14
0 96.08 -6.25 5.81
0.27 96.26 -7.29 1.59
0.21 96.16 -6.57 1.32
0 95.79 -2.7 1.95
0.05 95.36 -2.38 1.86
0.06 95.92 -6.79 3.36
0 96.08 -5.81 2.13
0 95.04 2.38 2.3
0 96.36 -2.38 3.12
0 96.95 -5.42 3.07
0 95.68 -4.81 2.2
0 95.64 -6.26 1.61
0 95.18 -4.93 1.81
1.65 94.97 -7.57 3.86
0 96.04 -11.53 1.89
1.27 96.36 -13.19 2.25
0.12 97.12 -14.76 2.88
0 97.02 -15.66 3.38
0 96.73 -14.82 3.24
0 95.43 -8.87 3.07
0 95.27 -6.2 1.59
0 95.3 -3.96 1.77
0 95.56 -3.05 2.3
0 95.81 -1.04 1.83
0 95.54 -6.43 1.41
0.23 96.11 -9.73 2.77
0 97.4 -15.92 3.28
0 97.38 -15.59 3.21
0 96.47 -14.57 3.01
0 95.37 -11.8 2.73
0 95.03 -8.87 2.09
0 95.68 -11.32 3.15
2.53 95.93 -12.01 1.92
0.03 96.09 -12.2 4.52
0.25 96.59 -10.91 5
0 97.02 -10.95 3.11
0 97.18 -11.95 2.56
0 96.8 -12.41 1.06
0.01 96.4 -12.38 1.55
0.03 96.54 -11.26 4.29
0 97.15 -10.02 3.59
0.01 96.5 -8.1 1.82
0.2 96.35 -8.97 3.34
0 96.93 -12.87 3.55
0 96.2 -10.97 2.49
0 95.73 -11.59 3.57
0 95.91 -12.65 1.83
0.01 95.88 -10.91 2.57
0.03 96.89 -14.39 2.84
0 97.32 -17.03 3.41
0 97.12 -15.09 2.19
0 96.94 -14.01 2.37
0 96.67 -14.28 2.64
0 96.64 -14.12 3.08
0 96.55 -12.54 1.99
0 96.36 -12.52 1.54
0 96.36 -12.82 2.86
0.04 96.63 -14.06 3.37
0.01 96.8 -13.98 1.83
0.1 96.96 -14.35 2.17
0 97.4 -14.73 1.61
0 97.69 -13.79 2.47
0.02 97.22 -13.71 2.79
0 96.92 -14.07 3.44
0 96.71 -10.96 3.06
0 96.29 -4 2.55
0 95.98 -4.58 1.62
0 95.92 -7.29 1.38
0 95.79 -5.96 2.03
0 96.04 -5.48 2.12
0.03 95.26 -3.66 4.14
0.04 95.77 -2.67 2.55
0 95.51 -6.07 1.95
0.78 95.6 -6.66 3
0.17 96.44 -9.77 1.89
1.21 96.44 -9.39 1.26
1.57 96.68 -12.54 3.64
0 96.82 -11.93 2.13
0.17 96.73 -11.09 1.92
0.12 96.7 -11.53 1.54
0 95.99 -4.43 2.73
0.84 95.93 -4.99 1.65
2.44 96.35 -4.29 2.47
0 96.34 -4.17 1.8
0 96.2 -0.36 1.86
0 96.52 -0.66 1.59
0 96.14 1.15 1.93
0 95.66 2.19 3.35
3.42 95.44 1.48 2.18
0.29 96.16 -3.16 2.7
0 96.83 -4.52 1.67
7.3 96.25 -1.91 3.79
0.7 96.97 -8.25 3.67
0.06 96.5 -7.28 3.22
0 96.19 -6.03 2.95
0 96.2 -6.12 2.17
0 96.31 -4.03 2.75
0 95.98 -0.94 1.85
0.13 95.46 2.01 2.48
0 96.24 -0.99 3.49
0 95.99 -0.78 4.04
0 96.04 -2.88 4.26
0 96.4 -1.31 3.51
0 96.12 0.43 3.25
0 95.54 2.52 2.84
0 94.8 7.27 2.11
0.02 95.49 3.08 4.11
0 96.67 -1.46 3.88
0 96.37 -4.1 4.36
0 96.14 -2.79 2.98
0 95.56 3.38 3
0 95.18 5.43 4.51
0 95.62 2.52 3.35
0 95.77 0.6 2.32
1.77 96.38 -2.51 3.83
0 96.49 -2.08 2.94
0 96.21 -1.41 2.35
0 96.35 -1.52 4.21
0 101.33 0.12 2.48
0 101.28 1.47 2.64
0 101.11 3.5 2.76
0 101.39 3.25 1.92
0 101.04 7.52 2.88
0 100.75 8.45 1.98
0 100.31 10.69 3.68
0 101.58 3.22 4.12
0 101.54 3.06 2.44
0 101.09 6.15 2.34
0 101 8.02 1.45
0 96.03 10.17 2.71
0.08 95.33 10.8 4.91
1.28 95.63 8.51 4.17
0 95.66 8.52 3.7
0 95.45 9.77 3.65
2.38 96.14 6.15 3.18
0 95.84 9.52 3.08
0 95.22 15.02 3.31
0 95.3 14.23 1.74
0.06 94.56 16.23 2.96
0 95.39 11.3 4.78
0 95.19 12.37 3.95
2.98 95.11 9.09 6.26
0.76 95.77 7.46 4.96
0 95.66 10.11 2.25
0 95.07 14.12 3.74
54.42 95.8 8.09 2.35
3.52 95.68 7.13 2.02
12.57 95.42 5.99 2.77
4.08 94.99 7.04 3.65
0.17 94.59 9.13 1.9
9.65 94.59 9.57 2.59
1.99 95.26 8.15 2.88
0 94.8 10.1 1.7
45.04 94.2 8.88 1.6
8.39 94.12 9.83 2.29
1.34 95.01 14.01 3.53
0.26 95.26 12.31 3.77
0 95.6 13.24 2.73
2.07 95.19 13.09 2.81
137.17 94.42 9.85 2.95
0.13 94.42 11.4 3.24
0.02 94.93 13.84 2.75
1.94 94.99 15.03 3.58
23.08 94.72 16.77 2.72
0 94.98 18.49 2.1
0.17 94.66 17.14 4.33
0.61 94.59 13.71 5.66
0 94.77 15.99 6.01
0 94.89 16.92 4.03
0 95.44 14.12 3.38
0 95.42 14.85 2.08
0.01 94.35 17.71 2.55
21.97 94.11 18.54 3.57
13.09 95.25 14.38 2.92
1.82 95.37 12.73 3.18
0.47 95.27 13.4 3.93
0 95.11 18.27 3.06
0 95.23 19.3 2.77
0 95.37 21.42 3.06
4.14 95.31 20.86 3.99
10.09 95.25 19.13 4.6
0.03 95.06 20.48 2.94
0.59 94.9 23.81 4.92
9.16 94.96 22.73 2.61
39.97 94.53 19.4 3.02
9.7 94.45 17.67 2.76
0.04 94.91 19.91 2.62
5.89 94.65 20.78 4.7
6.18 94.72 19.58 3.49
0.43 94.99 20.17 1.89
1.06 94.86 23.32 2
27.24 94.24 24.49 2.99
15.42 93.96 22.06 2.5
25.6 94.2 21.62 2.07
0 94.61 23.02 2.53
48.03 94.57 20.87 1.98
203.15 94.74 16.49 2.23
8.47 94.91 19.75 2.01
13.49 94.95 21.58 1.51
62.51 94.76 20.48 1.99
67.69 94.74 18.68 2.01
104.72 94.95 17.48 1.69
0.95 95.08 20.45 1.57
0 95.02 23.21 1.35
0 94.87 25.37 2.05
0.05 94.59 26.8 2.71
0 94.51 27.09 2.68
9.46 94.28 22.65 2.28
77.82 94.52 17.03 2.5
1.27 95.2 19.96 2.45
0 95.56 21.15 1.62
7.87 94.95 22.03 2.9
14.2 94.28 22.61 2.32
9.46 94.48 24.64 2.53
0.04 94.64 24.56 3.02
28.76 94.56 23.46 2.51
46.88 94.62 22.41 1.57
0.27 94.5 23.8 2.19
0 94.61 24.34 2.34
0 94.74 25.62 2.24
39.54 94.29 22.7 2.24
0.83 93.97 25.25 3.05
106.25 94.06 18.76 1.69
23.28 94.13 19.29 2.5
6.75 94.79 21.72 1.77
14.95 94.97 23.46 2.2
10.22 95.04 24.17 2.13
9.78 95.05 23.8 2.27
1.4 94.85 24.19 1.46
59.12 94.95 22.38 1.83
13.32 94.93 22.92 1.51
40.02 94.8 22.4 1.65
20.99 94.86 21.66 1.47
44.48 94.91 22.42 1.29
262.19 94.76 21.02 1.65
79.8 94.69 21.38 1.44
89.33 94.64 22.15 1.88
30.28 94.6 23.4 1.9
0.37 94.66 25.27 1.49
30.77 94.65 25.65 2.11
437.94 94.46 22.54 2.27
96.45 94.39 22.99 2.21
12 94.6 23.24 2.01
1.05 94.8 24.95 1.55
60.98 94.99 22.43 1.51
125.95 94.63 21.29 1.57
0.03 94.7 23.66 1.64
0.4 94.83 24.69 1.96
0.91 95.19 23.5 1.8
0.07 94.81 23.82 2.06
0 94.76 24.09 1.84
0.03 94.97 24.35 1.63
7.24 94.97 23.47 1.36
11.1 94.98 23.91 1.55
18.18 94.59 23.95 1.57
11.74 94.71 25.52 1.83
0 95.12 25.01 1.27
0 94.97 25.8 1.3
0 94.69 25.93 1.74
18.75 94.45 25.54 1.77
74.88 94.79 21.88 1.82
281.02 94.85 18.99 1.65
22.91 94.86 21.74 1.45
20.28 95.04 21.24 1.24
0.17 95.3 21.84 1.47
0.2 95.45 22.28 1.28
0 95.44 23.49 1.35
0.88 95.31 23.61 1.6
30.14 95.53 21.44 1.64
0 95.54 20.88 1.28
27.31 95.51 20.46 1.43
4.87 95.73 20.53 1.46
0.57 95.82 21.47 1.38
19.28 95.62 19.76 1.69
11.38 95.29 21.09 1.27
1.22 95.19 22.45 1.41
0 95.12 23.45 1.39
28.45 94.87 22.83 2.66
1.42 95.4 19.52 1.69
0 95.2 20.16 1.47
3.81 95.72 18.64 1.97
0.3 95.65 19.06 1.36
0 95.71 18.42 1.27
0 95.26 19.54 1.29
17.11 94.89 18.95 2.74
3.63 95.53 14.19 1.87
0.16 96.1 13.87 1.81
3.94 96.36 13.92 1.83
13.37 95.83 16.91 1.92
0.29 95.56 17.64 2.08
0.07 95.15 20.02 2.93
15.13 95.21 17.76 1.94
10.08 95.43 15.11 1.55
43.44 95.77 13.28 2.26
0 96.17 10.19 2.36
0 96.61 10.18 2.08
0 96.43 10.82 1.37
0 96.09 12.12 1.56
0 95.68 13.49 1.51
0 95.77 14.56 2.06
0 95.68 14.99 1.79
0 95.42 17.56 2.56
0.09 95.7 18.16 1.79
0.13 95.86 18.83 2.68
0.03 95.69 18.22 2.19
5.92 95.52 15.8 2
0.21 95.96 9.84 2.91
0 96.48 7.28 2.44
0 96.52 7.85 2.73
0 96.99 8.42 2.92
0 96.64 9.62 1.45
0 95.96 11.47 2.13
0 95.37 12.98 3.06
0 95.97 10.46 2.04
0 95.96 10.73 1.34
0 95.73 14.23 2.19
0.1 96.11 14.15 2.58
0 96.65 9.84 1.28
0 96.36 12.13 1.56
0 95.78 14.38 1.33
62.97 95.23 11.02 1.59
5.74 95.14 9.81 1.91
1.29 94.77 9.24 2.48
1.03 95.27 9.49 3.89
0 96.29 5.63 2.09
0 96.35 8.72 1.45
0 96.14 11.06 2.08
0.01 95.98 14.4 3.03
0 95.92 13.74 1.88
0.3 95.8 11.68 1.36
30.42 96.34 5.42 3.47
0.01 96.69 3.01 3.17
0 96.72 4.5 1.75
0 96.28 6.14 1.48
0.87 96.13 7.72 2.32
0 96.41 6.75 1.48
0 96.07 7.19 1.47
0 95.88 9.34 2.87
0 96.08 10.7 3.63
3.16 96.27 11.84 2.56
0.18 96.86 5.91 1.55
0.88 96.56 7.92 1.49
2.7 96.29 10.28 2.72
0.29 96.98 3.73 2.87
0.05 96.84 2.24 1.35
0 96.77 3.58 1.57
0 96.74 3.59 1.5
0 96.54 2.36 1.19
0 95.91 2.64 1.22
0 95.32 4.46 1.98
0 95.58 5.99 3
0.05 96.39 -0.9 2.57
0 96.51 -3.78 1.61
0 96.56 -3.01 1.41
0 96.75 -0.12 1.78
49.84 96.13 0.89 0.94
7.29 95.88 -0.27 2.73
1.24 96.11 -4.51 3.28
0 96.62 -5.94 2.18
0 96.61 -3.92 1.72
14.75 96.19 -4.96 2.43
0.29 96.82 -7.33 2.89
0 96.55 -8.12 0.97
0.08 96.54 -6.3 1.42
0.49 95.85 0.26 1.79
0 95.94 -1.02 1.23
0 96.76 -2.95 2.3
0 97.32 -7.53 1.64
0 97.6 -7.61 2.01
0.09 96.87 -7.47 0.96
0.03 96.15 -5.29 1.03
0 96.35 -6.07 1.37
0 96.7 -7.76 1.01
1.18 96.93 -8.22 0.83
1.26 96.87 -5.34 0.89
0.95 97.15 -6.94 2.55
0.03 97.47 -11.27 3.68
0 97.09 -10.89 2.84
0.01 96.25 -6.65 4.02
0 96.28 -3.38 2.44
0 96.76 -6.46 1.53
0.01 96.06 -3.58 2.72
0 96.76 -8.52 4.19
0 96.99 -12.29 3.2
0 97.12 -11.87 3.37
0 96.85 -10.28 2.06
0 96.91 -10.12 1.95
0 96.81 -10.81 1.04
0 96.47 -9.97 1.84
0 96.42 -9.18 3.61
0 96.69 -11.11 2.31
0 96.2 -9.22 2.74
0 96.38 -12.28 1.67
0 96.89 -12.11 1.52
0 97.15 -11 1.61
0 96.66 -7.62 1.74
0 97.03 -10.29 1.68
0 97.38 -14.25 1.16
0.12 96.83 -12.5 0.98
0.01 96.6 -9.84 1.71
0.23 97 -10.97 1.85
0.6 96.43 -11.44 2.3
0.17 96.58 -12.14 3.72
0 96.82 -11.67 2.34
0 96.6 -11.12 1.68
0 97.42 -13.81 1.33
0.16 97.32 -14.51 0.97
0 96.89 -11.9 1.28
0 96.86 -13.04 1.04
0.1 96.89 -12.28 2.87
0 97.02 -12.25 2.63
0 96.12 -7.06 2.69
0 96.37 -8.75 1.99
0 96.29 -8.85 1.94
0 96.04 -10.11 0.97
0.06 95.85 -8.49 1.19
0.11 96.06 -10.95 1.02
0 96.22 -10.43 1.18
0 96.66 -10.94 1.13
0.01 97.32 -13.23 3.24
0 97.21 -17.07 3
0 96.88 -17.24 2.45
0 96.36 -16.6 2.04
0 96.2 -15.74 2.54
0 95.81 -13.72 2.64
0 95.9 -12.95 1.68
0 96.44 -14.01 1.53
0 96.67 -14.29 1.57
0 97.06 -14.98 1.6
0.06 96.7 -16.61 1.32
0.39 96.19 -15.49 3.51
0 97 -16.84 3.95
0 96.99 -15.31 2.76
0 96.01 -12.65 2.68
0 96.1 -9.81 2.25
0.19 95.53 -6.17 2.21
0.03 96.13 -11.96 4.74
0 96.38 -15.16 4.39
0 95.96 -12.13 4.34
0 96.12 -10 2.85
0 96.47 -10.53 2.6
0 96.5 -10.45 1.7
0 96.24 -8.42 2.44
0.04 95.92 -3.91 2.05
0.15 96.47 -7.97 2.91
0 96.44 -9.96 2.64
0.04 96.51 -10.87 3.08
0 96.64 -12.27 4.32
0 96.55 -9.74 3.06
0 95.95 -5.82 2.57
0 96.05 -7.58 2
0 95.84 -8.89 1.24
15.67 95.42 -7.14 2.28
0 96.38 -6.99 2.36
4.67 96.22 -6.24 2.05
0.04 96.7 -8.09 3.16
0 96.64 -7.93 2.23
0 96.12 -5.77 1.7
0 95.73 -1.49 2.57
0 95.87 0.15 2.07
8.99 96.42 -3.42 1.5
0.49 96.64 -6.69 1.91
0.3 96.61 -5.75 1.52
0.07 95.97 -1.55 1.81
33.41 95.24 -2.88 1.41
29.91 95.28 -3.6 2.41
0.04 95.93 -4.12 3.21
0 96.68 -7.54 3.36
0 96.4 -7.98 1.82
0.24 96.25 -7.23 4.22
0 96.75 -7.2 3.57
0 96.42 -5.41 1.81
0 95.75 -1.26 2.81
0 96.31 -0.44 1.97
0 95.95 2.75 3.07
5.04 95.01 5.61 3.97
7.1 95.66 -2.22 3.5
11.77 96.53 -7.17 2.39
0 96.28 -2.02 2.14
0 96.22 0.14 1.91
0 95.59 4.7 3.38
0 96.15 2.79 1.7
6.35 95.26 1.7 4.04
0 95.67 0.39 5.41
0 96.14 0.89 3.26
0 95.82 5.04 2.25
0 96.01 8.68 3.05
0 96.22 9.52 3.13
0.29 95.19 10.59 6.88
0.58 95.84 2.04 4.55
0.37 95.84 0.12 4.34
0 95.85 0.3 1.96
4.78 95.71 1.93 2.62
0 95.35 4.57 3.91
0 95.14 5.14 4.62
0 95.43 4.31 4.42
0.1 95.81 4.02 2.46
0 95.34 9.79 3.52
0 95.42 11.14 4.31
0 95.34 13.13 3.29
8.79 95.05 14.09 5.14
5.74 95.42 8.29 4.19
0 94.85 12.46 3.05
0 94.73 14.26 3.08
0 94.71 15.67 3.13
2.08 95.31 10.15 3.53
0 95.66 9.37 2.48
0 94.75 16.1 3.91
0 94.79 18.27 3.94
1.94 95.21 14.54 4.09
46.46 95.7 13.13 3.13
2.24 95.13 12.47 2.24
0.33 94.46 14.23 1.85
0.4 94.44 17.58 3.58
170.96 94.89 12.81 2.57
88.66 94.84 9.84 4.29
0 94.28 11.4 3.24
0.11 93.97 12.31 6.54
0 95.22 10.22 3.02
0 95.22 12.94 2.47
0.41 94.91 17.87 3.53
0.47 95.48 17.04 2.38
13.12 94.99 17.85 2.16
0 95.04 20.95 2.01
1.12 95.17 20.51 2.35
0 95.24 18.35 3.27
0 94.88 17.9 2.2
1.72 94.88 16.79 1.72
0 95.09 18.3 1.97
0.06 95.37 20.1 2.34
4.26 95.55 20.44 2.49
67.17 95.59 15.29 1.7
24.7 95.13 13.66 2.51
17.97 94.89 11.87 2.77
5.32 94.84 12.9 3.83
0.01 94.57 12.85 2.93
8.57 94.32 12.91 4.59
0.06 94.79 16.18 1.68
0 94.71 22.11 3.63
19.85 95.24 20.28 2.92
6.71 95.6 18.81 1.9
0.12 95.47 20.52 3.5
2.25 95.18 19.92 3.72
6.22 95.29 17.68 2.86
0 95.27 17.49 2.81
0 95.08 18.47 2.48
0 94.72 20.53 2.42
0 95.18 20.83 2.28
0 95.31 23.07 2.29
11.05 95.31 21.1 2.62
60.92 95.73 15.34 2.64
0.2 95.83 17.32 1.67
12.46 95.41 17.06 2.88
15.75 95.14 17.25 2.81
115.55 94.92 15.75 2.09
14.53 94.61 19.07 3.22
1.58 94.79 20.94 1.99
6.82 94.39 20.28 2.29
14.36 94.24 22.24 2.16
30.45 94.24 22.38 2.38
85.37 94.1 21.45 3.16
15.12 94.24 17.71 2.68
2.08 93.95 17.34 3.04
12.88 94.03 17.28 2.27
146.56 94.65 14.65 1.94
326.19 94.87 14.84 1.98
159.09 94.88 15.92 2.56
4.91 94.75 19.53 1.55
5.87 94.63 22.55 1.62
10.33 94.82 21.73 1.78
63.67 94.57 21.65 1.46
16.22 94.61 22.12 1.61
3.32 94.78 22.06 1.39
42.75 94.75 21.13 1.58
0.94 94.52 22.38 2.14
47.97 94.54 22.38 2.45
33.25 94.9 21.19 2.13
10.95 95.27 22.82 2.12
1.53 95.43 23.08 1.69
2.82 95.17 20.91 2.09
77.39 94.74 20.97 1.99
0 94.57 23.85 1.98
3.1 94.2 24.79 3.58
4.87 94.21 23.19 3.19
0.75 94.17 23.15 2.65
0.07 94.55 23.72 1.64
1.47 94.7 23.41 1.6
0.82 94.58 24.01 1.5
19.96 94.56 24.51 1.86
36.39 94.57 25.36 2.1
35.59 94.62 24.64 1.94
181.42 94.2 21.23 1.76
39.5 93.95 20.02 2.48
68.17 94.35 19.76 2.82
10.09 94.85 21.56 2.6
0 94.88 21.68 1.64
0 94.91 22.97 1.55
0 95.16 24.74 1.37
0 95.27 24.8 2
0.15 95.09 24.76 2.2
2.41 94.92 25.2 1.46
5.98 94.86 25.58 1.65
54.89 94.81 24.19 1.61
502.37 94.37 22.41 3.36
0 94.88 23.75 1.35
0 95.1 24.19 1.67
8.58 95.03 24.42 2.05
85.55 94.64 25.34 3.21
2.76 95 24.4 1.59
143.12 94.57 23.21 2.15
28.83 94.24 24.2 3.37
0.38 94.88 22.47 1.49
94.3 95.18 20.02 1.42
173.46 95.32 19.1 1.64
194.84 95.26 20.2 1.33
24.6 95.3 21.99 1.57
171.11 95.33 21.92 1.66
0 95.51 23.36 1.14
0 95.34 24.37 1.16
0 94.98 25.73 1.9
11.89 94.87 25.02 1.79
13.69 95.14 23.81 1.23
0 95.01 24.47 1.52
14.5 95.09 21.02 2.12
27.71 95.1 18.67 2.06
1.25 95.23 20.33 1.56
3.34 94.94 19.25 1.79
5.04 94.98 21.32 1.59
0 95.34 22.36 1.72
0.05 94.95 23.33 2.87
114.9 94.93 23.34 2.14
3.52 95.03 21.73 1.49
18.92 94.99 20.79 2.25
7.75 95.62 17.12 1.83
0.04 95.77 16.9 1.8
0 95.54 20.34 2.31
0 95.47 21.96 2.02
0.23 95.32 22.23 2.35
1.96 95.35 21.77 1.38
16.42 95.25 21.53 1.5
0.69 94.76 22.82 1.88
1.44 94.91 24.03 2.35
0 95.18 24.69 1.84
0 95.3 25.29 2.15
0.79 95.33 24.96 1.95
219.19 95.25 17.79 2.85
41.79 95.63 13.98 2.52
0.37 95.68 13.68 1.81
1.09 95.8 16.38 1.74
0 95.72 19.58 2
34.3 95.84 17.96 1.45
1.83 95.74 17.39 1.08
0 95.67 18.87 1.12
0 95.6 20.85 1.43
41.09 95.29 19.52 2.1
92.42 95.27 14.02 3.31
0.48 95.42 12.5 2.41
0 95.81 14.18 1.44
0.13 96.26 14.51 1.06
0 96.36 14.31 1.25
0 95.7 15.14 2.17
0 95.22 16.25 2.41
0.3 95.22 16.29 1.53
0 95.45 17.91 1.63
2.59 95.37 18.46 2.07
0.86 95.37 17.66 1.4
5.3 95.69 16.33 1.34
0.44 96.02 16.16 1.35
21.12 95.9 15.36 1.75
3.41 96.13 15.45 1.34
59.52 95.76 11.47 1.59
49.44 95.71 10.19 5.99
1.03 95.9 11.91 3.26
0 95.92 11.65 1.56
0 95.78 12.93 1.42
0.4 95.58 14.53 1.98
1.06 95.4 13.88 2.62
0 95.54 13.43 2.01
0 96.07 11.63 1.59
0 96.5 12.3 1.1
0 96.36 13.83 1.37
0 95.87 15.69 2.25
35.21 95.43 13.31 2.9
0 95.95 9.1 2.07
0.04 95.58 10.8 2.27
0 95.38 13.13 2
0.08 95.75 9.5 3.39
0 96.18 7.34 2
0.01 96.32 7.85 1.87
48.55 95.67 9.42 3.27
0 95.72 4.88 3.25
0 95.8 6.01 2.26
0 95.66 8.02 1.97
0 96.02 7.15 1.47
69.71 96.32 2.73 1.14
76.92 95.75 2.72 1.85
0 95.45 6.49 1.76
0 95.18 9.54 2.8
0 95.82 9.04 1.71
0 95.86 11.05 2.07
7.88 95.7 11.09 2.71
0 96.65 4.06 1.62
1.67 96.53 0.87 2.12
0.06 96.15 0.59 2.61
0.03 95.98 0.32 2.08
0 95.96 2.36 1.47
0 96.17 1.51 1.86
16.97 96.16 2.04 1.48
184.96 95.73 1.07 112.29
58.89 96.01 -0.25 2.96
0 96.09 -2.22 1.07
0 95.76 -0.24 1.6
0 95.99 0.29 1.28
0 96.43 -1.27 1.1
49.61 96.12 -1.29 0.84
139.37 94.78 -1.92 4.76
0.33 95.3 -3.6 3.1
0 95.37 -5.39 4.03
0 96.18 -4.35 2.57
0 96.48 -5.63 1.15
20.27 95.92 -2.33 1.35
0 95.84 -4.68 110.02
0.02 95.57 -4.23 2.75
0.01 96.12 -2.67 2.77
0 96.17 -4.36 1.36
0 95.82 -1.86 1.92
5.53 96.3 -4.81 2.12
0 96.25 -6.36 2.13
0 95.72 -4.9 2.02
0 95.64 -2.49 3.2
0 95.73 -6.81 2.57
0 94.84 -3.46 3.31
0.03 95.55 -5.58 3.9
0.02 96.12 -8.54 2.02
0 96.83 -12.12 2.29
0.14 96.52 -13.07 1.71
0.37 95.41 -4.66 2.81
2.33 95.56 -7.09 3.81
0 95.85 -10.12 1.79
0 95.87 -12.25 2.97
0 95.84 -13.99 2.45
0 95.99 -15.29 2.3
0.01 96 -16.28 3.76
0 96.12 -11.16 3.53
0.06 96.73 -12.57 1.36
0.04 96.9 -12.73 0.99
0.1 96.37 -11.03 1.66
0.02 96.35 -8.17 1.25
17.55 96.4 -9.37 1.26
0.72 96.21 -8.22 1.29
0.59 96.58 -11.07 1.21
0 96.93 -12.06 3.53
0 97.04 -14.31 2.15
0.01 96.5 -14.36 0.93
0.19 96.62 -11.74 144.8
4.71 96.57 -9.54 3.13
0.01 97.05 -15.13 2.79
0 96.88 -19 2.43
0 96.05 -17.77 4.01
0 97.18 -18.1 2.26
0 96.93 -17.95 1.2
0 96.31 -13.3 1.2
5.1 96.3 -13.65 0.97
18.23 96.34 -12.15 3.57
0 95.97 -14.97 3.15
0.03 95.44 -14.99 1.85
0 95.86 -17 3.5
0 96.99 -18.07 3.74
0 97.57 -15.8 2.18
0 96.62 -16.2 1.38
0 96.44 -14.23 1.56
0 96.35 -14.97 1.27
0 96.24 -14.56 1.48
0.03 96.66 -16.34 1.78
0 96.48 -15.21 1.87
0 96.34 -14.68 1.22
0.53 95.98 -12.62 0.88
0 96.05 -11.69 1.61
0 96.07 -12.91 0.91
0 96.5 -10.35 1.92
1.69 96.24 -12.68 1.64
0 96.94 -13.9 2.4
0 97.21 -11.76 1.76
0 96.23 -7.74 2.04
0 96.72 -9.4 1.23
10.62 96.75 -9.04 0.97
0.64 96.77 -8.8 1.69
0 96.55 -12.63 1.18
0.02 95.42 -7.85 2.47
0.03 96 -13.03 3.92
0 96.07 -14.74 1.49
0.24 96.4 -14.11 1.19
0.06 96.32 -11.35 1.68
0 95.87 -6.43 1.19
0 96.15 -7.12 1.18
0.05 96.09 -5.49 1.48
1.59 96.01 -5.42 1.58
1.07 96.55 -7.35 3.81
0 96.71 -10.14 2.28
2.27 95.72 -8.52 2.57
0 96.45 -9.06 2.78
0.02 96 -7.77 1.78
1.21 96.3 -14.32 3.81
0 97.15 -17.41 4.42
0 97.04 -15.95 1.47
0.36 96.15 -11.51 2.07
0 96.75 -12.52 2.15
0.1 96.8 -11.99 1.76
0 96.08 -7 84.94
0 95.85 -4.5 2.72
0 96.48 -8.57 2.29
0 96.44 -9.94 1.47
0 95.76 -6.49 2.25
0.03 95.69 -4.72 3.86
0 96.42 -10.32 3.34
0 96.58 -11.98 2.17
0.02 96.51 -11.29 1.75
0 96.39 -7.88 2.96
0 96.6 -6.78 2.67
0 96.53 -4.62 1.59
0 96.66 -6.11 1.68
5.74 96.51 -6.65 1.76
0.33 95.63 -0.27 2.7
0 95.55 0.83 2.48
0.24 95.02 -1.89 5.39
0 96.79 -7.45 5.35
0 96.86 -5.53 1.65
0 95.76 -0.47 2.86
0 96.08 1.7 2.31
0 95.48 5.43 2.93
0 95.4 3.6 1.62
0 94.82 4.61 2.04
0 94.71 0.84 2.34
0 94.8 -2.07 5.24
0 96.31 -1.28 1.97
0 95.58 4.21 3.55
26.34 95.47 0.37 3.42
0 96.67 -5.51 4.01
0 96.21 0.18 2.94
0 95.72 5.34 2.68
0 96.12 5.39 2.76
0 94.68 7.82 3.36
0.69 94.77 -1.75 3.77
25.1 95.54 -6.49 2.77
0.34 95.99 -6.46 2.7
0 94.74 1.35 5.4
0 95.71 -2.47 2.67
23.93 95.38 -4.6 3.32
0 96.08 -4.54 2.97
0 95.94 -1.64 1.64
0 94.99 4.46 3.87
1.49 95.14 2.19 3.62
0 96 -0.51 3.37
0 96.21 -1.43 2.25
0.56 96.11 0.16 1.75
10.34 95.82 1.62 2.13
102.62 95.91 0.67 2.55
0 95.45 4.33 2.68
0 95.46 6.15 2.7
16.88 95.64 0.44 2.21
55.95 95.89 -0.46 3.11
0 95.67 0.17 2.67
0.31 94.84 1.98 2.59
17.26 94.83 1.22 3.32
4.53 95.76 0.68 3.61
0.73 95.63 1.75 3.41
0 95.67 2.81 3.44
0 95.21 8.19 2.76
0.24 94.7 7.52 4.21
0 94.99 3.52 4.7
0 94.71 5.03 2.36
5.67 94.98 4.6 3.13
45.32 95.32 1.87 941.05
3.9 96.28 1.51 4.63
0 96.31 2.95 2.07
0 95.98 5.72 2.6
0 95.66 8.95 2.08
0.27 95.12 12.38 4.51
72.03 95.14 7.52 2.28
1.05 95.06 8.02 2.99
0.03 95.14 9.2 4.67
0 95.2 10.64 1.72
0 95.17 13.97 2.13
5.66 94.98 12.49 3.45
0.23 95.13 12.37 5.87
0.46 95.61 11.66 5.37
0.66 95.68 12.04 2.06
1.24 95.55 12.51 2.1
4.86 95.75 13.27 1.88
0 95.51 17.25 2.72
0 95.68 20.71 1.69
0 95.59 22.28 2.18
0 95.62 22.03 2.78
0.14 95.39 22.06 4.15
18.02 95.05 14.79 2.2
23.44 94.17 15.21 3.74
0 93.78 18.24 4.32
0 94.35 17.05 2.56
0 94.42 19.03 2.47
0.63 95 17.24 4.48
0 95.91 16.89 2.5
0 95.83 18.05 2.2
0.8 95.21 18.84 2.9
0 94.65 19.47 3.21
18.43 94.01 15.92 4.92
0.01 94.02 18.04 4.09
0 94.34 19.54 2.58
0 95.24 20.24 2.15
6.2 95.04 23.92 3.78
1.8 95.59 18.49 2.2
0 95.23 21.24 2.18
2.47 94.98 21.38 3.55
1.91 94.8 19.57 3.72
0.95 94.54 19.56 2.82
0 94.82 19.85 4.08
0 94.66 24.08 3.07
0.04 94.29 25.56 4.46
0 94.95 20.54 2.41
7.95 94.72 19.06 3.16
0.06 94.9 20.01 3.07
14.92 95.52 18.22 2.31
39.88 95.39 18.74 2.3
6.37 95.19 19.37 2.99
4.06 95 22.02 2.83
0.87 94.85 22.57 3.58
53.82 95.21 17.18 2.35
3.68 95.44 17.67 1.7
15.95 95.16 16.08 2.01
4.3 94.95 17.87 1.85
0.03 95 22.64 3.4
0.16 94.99 24.2 3.75
3.04 94.88 24.6 2.71
145.49 94.84 19.57 2.44
7.08 94.54 21.65 1.65
46.35 94.24 20.94 1.84
0.25 94.59 23.71 1.87
0 95.1 24.07 2.24
0.06 95.26 24.53 1.88
1.65 95.02 22.87 1.48
8.07 94.69 22.46 1.86
55.9 94.56 21.62 2.35
63.58 94.32 21.25 2.36
154.51 94.02 20.57 1.88
63.99 94.16 22.33 2.35
78.73 94.58 21.34 1.89
171.9 94.65 22.23 2.73
25.63 94.6 23.2 3.27
75.64 94.34 23.08 2.19
192.92 93.86 22.81 2.63
0.07 93.86 24.75 3.09
2.85 93.86 24.76 2.42
1.57 94.21 24.94 2.09
1.3 94.44 25 2.29
7.7 94.29 25.54 3.55
54.39 94.55 24.27 1.91
87.67 94.76 22.18 1.49
1.84 94.95 22.8 1.34
0.64 94.94 23.02 1.22
13.72 94.92 23.56 1.95
29.74 95.09 23.13 1.98
0.22 95.08 24.53 1.7
209.61 94.4 22.13 1.94
130.34 94.22 23.05 2.84
0 94.82 23.8 2.2
0.24 94.7 22.86 2.27
98.02 94.6 21.7 2.17
3.2 94.82 22.33 1.72
0.32 94.82 24.13 1.56
22.54 94.7 23.96 1.98
13.08 94.26 24.02 1.87
1.05 94.31 24.53 2.83
0.01 94.64 24.73 1.8
0.04 94.67 25.29 1.62
46.24 94.46 23.07 1.46
10.56 94.36 25.54 2.11
0.31 94.33 25.5 1.45
1.55 94.14 26.3 1.76
8.8 94.25 26.04 1.97
20.12 94.54 25.61 2.68
0.36 94.78 25.78 2.46
1.36 94.57 25.92 2.51
19.61 94.21 26.62 2.59
27.29 94.06 25.5 1.83
13.58 94.23 26.23 2.33
20.52 94.48 26.52 2.16
11.35 94.26 26.8 2.06
15.59 94.45 24.85 1.71
1.56 94.86 26.09 1.46
5.71 94.96 27.11 2.55
43.65 94.68 25.01 2.64
4.34 94.67 25.84 2.7
27.77 94.62 26.72 2.21
3.78 94.66 26.36 1.88
242.93 94.14 24.79 1.58
0.07 104.16 26.07 2.42
0 95.14 22.78 2.49
0 95.4 22.19 1.78
3.46 95.38 21.5 1.04
2.12 94.98 24.1 2.28
0.28 95.11 23.24 1.93
0 95.3 22.99 1.59
0.06 95.3 23.25 1.47
14.84 95.03 22.41 1.73
18.2 95.12 19.94 2.01
8.38 95.07 19.62 1.55
242.36 94.46 18.57 1.33
25.88 94.66 15.88 3
0.13 95.35 16.25 2.37
33.03 95.43 17.04 1.94
1.71 95.68 16.18 1.66
8.11 95.84 16.44 1.54
0 95.92 16.5 1.33
8.33 95.81 17.16 1.45
153.83 95.77 14.67 1.47
36.07 95.83 14.93 1.23
7.79 95.89 16.58 1.25
1.92 95.83 18.13 1.38
10.48 95.37 18.82 1.85
0.19 95.44 17.62 1.48
0 95.52 17.77 2.36
1.85 95.3 20.32 2.65
38.05 94.65 20 3.1
0.3 94.97 19.86 3.13
0 95.61 14.34 1.72
0.96 95.29 16.57 1.59
7.26 95.83 16.78 1.41
9.46 96.28 15.85 0.94
6.15 95.36 19.66 2.87
0 95.74 18.43 1.44
0.07 95.76 19.05 1.33
2.69 95.63 18.46 2.47
53.43 95.96 13.38 2.78
0 96.22 9.29 2.28
0 96.05 11.15 2.06
0 95.73 12.31 1.98
0 95.07 17.46 3.17
0 95.13 16.5 2.62
0 96.03 13.48 1.33
0.81 95.96 14.26 1.76
152.4 95.95 11.46 2.05
0.02 96.08 10.89 2.62
0 95.91 9.78 1.68
0 95.23 16.98 3.4
0 96.22 14.06 1.25
0.01 96.23 15.2 2.25
0.03 96.46 12.9 2.29
0.29 96.01 11.5 1.67
0 95.02 15.51 2.66
9.55 95.04 14.01 3.73
0 95.51 11.1 3
0 96 11.91 1.55
38.2 96.02 10.94 2.29
4.56 96.85 4.81 4.19
0 96.92 3.24 1.26
0 96.5 6.86 1.35
0 96.54 7.35 1.37
0 96.31 10.9 2.56
40.58 96.47 9.52 1.41
2.54 96.5 7.7 1.85
0 96.37 6.49 1.09
31.25 96.25 5.96 2
50.29 96.16 2.52 2.06
0.01 96.37 4.41 3.49
0.01 96.62 6.28 2.62
0 96.18 5.2 1.29
0 95.64 7.31 1.83
6.65 96.15 6.19 1.61
1.55 96.71 4.63 2.29
0 96.65 3.97 1.46
0 96.74 4.75 0.86
0 96.51 5.04 1.28
0.44 95.97 8.38 1.95
2.45 96.25 7.81 2.97
0 96.63 6.01 1.68
0.02 95.9 6.55 2.32
0.18 95.46 6.58 3.54
0.01 95.87 3.72 2.65
0 95.95 3.02 2.14
0.15 96.45 3.13 3.35
0 96.47 -0.9 3.7
0 96.54 1.16 2.19
0 96.4 1.8 1.64
0 95.81 2.26 2.34
0 95.55 3.26 2.88
0 95.53 3.26 1.97
0.16 95.66 2.49 3.1
0.01 96.06 -2.32 3.87
0.04 96.25 -2.81 5.53
0 96.17 -3.25 3.46
0 96.22 -2.22 2.31
0 96.41 -2.64 1.15
0 96.16 1.09 1.73
0 95.86 1.4 1.64
0.03 95.52 -0.05 2.08
0 95.38 -3.3 4.14
0 95.52 -6.2 3.33
0 95.79 -9.17 5.87
0 95.97 -5.37 3.38
0 95.56 0.5 2.94
0 96.18 -2.08 2.27
5284.24 95.95 -1.13 2.43
5284.24 95.7 -0.64 1.33
5284.24 95.97 1.83 1.95
5284.24 95.97 1.54 2.23
5284.24 96.21 -0.93 2.57
5284.24 95.79 -1.66 1.12
5284.24 95.89 -4.25 1.28
5284.26 95.85 -3.15 2.06
5284.25 96.06 -5.01 2.93
5284.42 95.54 -6.97 3.02
5284.54 95.57 -7.95 2.06
5284.24 95.7 -10.79 3.79
5284.24 96.03 -11.03 2.75
5284.24 96.38 -8.5 2.67
5284.24 96.98 -8.17 1.42
5284.24 96.92 -9.42 1.32
5284.73 97.19 -11.25 2.36
5284.42 96.84 -12.57 2.69
5284.46 96.7 -11.45 2.98
5284.25 97.09 -10.54 2.33
5284.24 97.15 -9.96 1.27
5284.24 96.86 -10.01 1.03
5284.24 97 -8.83 1.36
5284.24 96.96 -9.28 1.04
5284.28 96.36 -6.56 2.45
5284.35 96.84 -9.55 3.96
5284.24 96.54 -10.59 1.65
5284.24 96.07 -10.57 2.48
5284.24 95.35 -5.73 3.3
5284.24 95.14 -4.94 2.96
5284.24 94.75 -2.56 4.01
5284.24 95.11 -3.53 2.78
5284.24 95.41 -3.22 3.05
5284.24 95.98 -5 2.36
5285.52 95.93 -7.77 1.72
5288.19 96.17 -8.14 1.87
5284.27 95.91 -6.86 2.86
5284.24 96.38 -6.2 2.61
5284.24 96.87 -13.55 2.84
5284.24 96.49 -14.09 2.38
5284.24 96.48 -11.62 2.23
5284.24 96.56 -9.77 2.24
5284.24 97.09 -11.87 2.13
5284.24 96.8 -12.92 1.6
5284.24 96.83 -11.26 1.83
5284.24 96.62 -7.85 1.79
5291.17 96.66 -9.7 1.6
5284.24 96.62 -10.58 1.62
5284.24 96.86 -8.22 1.99
5284.81 95.9 -6.63 3.72
5284.25 96.35 -9.61 4.39
5284.24 96.57 -9.53 2.6
5284.24 95.89 -6.06 1.86
5284.24 95.09 -1.7 3.29
5284.24 95.61 -2.97 2.3
5284.24 96.54 -8.03 3.28
5284.24 96.17 -7.55 3.76
5284.24 95.51 -3.26 4.35
5284.24 96.18 -7.15 3.5
5284.24 94.82 -0.63 5.25
5284.24 95.54 -6.3 3.03
5284.24 95.67 -6.53 1.79
0.32 95.25 -3.49 2.1
0.07 95.24 -4.01 4.87
0 96.13 -11.64 3.95
0 96.33 -11.37 2.1
0 96.49 -11.53 1.54
0 96.72 -9.65 1.71
2.04 96.42 -10.18 1.6
8.62 96.45 -11.85 3.08
0 97.07 -13.65 3.39
0 96.91 -13.73 1.51
0 96.33 -11.62 1.52
0 96.95 -12.03 1.59
0 96.93 -11.83 1.91
0.06 96.09 -5.19 2.92
0 96.13 -5.54 1.91
0.11 96.72 -6.03 2.07
0 97.27 -8.17 2.02
0.91 96.84 -8.91 1.65
1.47 96.56 -8.42 1.74
0 96.51 -7.28 1.66
0 96.45 -4.63 2.01
1.38 96.95 -6.71 1.6
0.12 96.78 -4.34 1.3
0 96.32 -1.3 1.56
0 96.17 2.02 1.96
0.62 95.87 4.34 3.95
3.04 96.55 -2.56 4.18
0.04 96.29 -6.08 1.72
0 96.13 -4.56 1.7
0.28 96.08 -4.64 2.17
0.55 96.07 -5.12 1.75
2.1 96.37 -4.22 2.85
0 96.44 -5.87 3.06
0 96.61 -6.94 2.69
0 96.61 -5.61 2.29
0 96.12 -4.65 2.03
0 96.42 -4.77 2.42
0 95.93 -2.31 2.28
0 95.65 2.07 3.8
0 96.32 -0.68 4.04
0 95.94 -1.41 1.97
0 95.46 2.13 3.08
0 95.12 7.39 2.58
0 95.54 5.07 2.38
0 95.01 8.03 4.55
0 96.17 4.51 2.13
0.08 96.08 3.85 4.11
0 96.39 4.09 4.82
0 95.81 6.7 2.77
0 95.83 8.05 3.16
0 96.12 8.09 2.65
0 95.11 13.01 4.65
0 95.08 12.16 2.48
0.02 95.09 11.59 2.51
0 95.18 11.27 3.01
57.93 94.91 11.73 2.97
24.82 95.37 10.21 2.54
0 95.59 11.29 2.21
1.15 95.71 9.56 2.05
0 95.17 12.05 2.54
0 95.85 8.58 3.81
0 96.28 3.25 4.5
0 95.45 6.67 4.6
0 96.06 5.54 3.79
0 95.44 13.26 3.75
0 95.38 14.53 1.71
0 95.25 14.61 2.41
0 95.44 12.24 4.22
0 96.2 9.72 2.09
1.05 95.82 10.85 1.9
0.51 95.53 11.85 1.99
0 95.65 13.77 1.83
0 95.53 17.9 3.42
0 96.12 13.58 3.17
0 95.44 13.72 2.28
9.65 95.41 8.96 2.67
0.03 96.1 8.98 2.91
23.15 95.95 8.06 2.63
0.06 95.5 9.83 531.14
0 95.58 11.99 3.62
0 95.28 14.48 2.76
0.98 94.97 16.96 3.8
5.94 95.22 17.9 4.33
0.32 95.68 16.94 3.94
30.61 95.95 11.92 3.33
0 96.19 12.83 2.49
0 96.04 13.92 2.11
0 95.43 15.39 1.62
0 94.88 18.96 2.11
4.51 94.81 18.75 4.52
146.54 95.46 7.56 4.89
7.08 95.08 9.03 4.77
12.2 95.28 5.64 5.4
0.1 95.52 7.99 4.23
0.2 94.95 11.99 2.51
51.43 94.93 8.63 3.86
1.22 95.49 12.19 2.03
66.34 95.8 10.87 2.45
3.18 95.7 12.53 2.13
251.58 94.8 9.24 2.58
75.59 93.93 15.06 3.87
0 94.1 17.88 3.87
0.08 94.45 14.66 3.58
0 94.23 14.51 3.21
0.07 95.01 16.96 2.84
2.19 95.38 16.81 2.1
2.46 95 19.19 3.03
86.86 94.67 16.74 2.55
4.98 94.69 17.49 2.73
0.02 94.81 19.36 2.33
0 94.84 21.9 2.51
0.32 95.13 25.11 3.79
46.71 95.02 17.5 2.87
0.66 94.53 17.23 5.22
0 93.99 21.5 4.14
17.75 93.77 18.97 2.83
0.57 94.22 22.6 2.79
0 94.29 24.42 57.55
0.12 94.9 25.19 2.59
0 94.85 27.71 3.64
5.16 95.05 23.87 2.81
0.87 95.2 22.01 2.69
0 95.07 22.59 2.18
1.26 94.86 22.69 1.92
24.89 94.71 23.7 2.37
282.54 94.86 16.68 2.59
148.43 94.69 13.91 3.27
28.61 94.42 16.48 2.76
44.45 94.74 16.04 2.27
45.88 95.14 15.74 1.83
17.47 95.2 18.6 2.09
21.08 94.98 20.34 2.57
11.17 95.03 21.23 2.31
0.03 94.9 22.09 2.06
4.29 94.71 23.53 1.82
116.84 94.53 20.72 1.95
104 94.42 20.07 2.28
103.81 94.52 19.35 2.35
5.39 94.81 19.69 1.85
43.59 94.95 19.61 1.92
5.52 95.08 19.41 1.61
137.27 95.13 18.82 2.23
1.5 95 21.8 1.9
0.1 94.62 23.81 2.35
13.7 94.44 23 3.24
24.94 94.49 22.35 3.73
0.55 94.9 22.32 3.84
0.9 94.83 23.13 3.03
0 94.91 24.49 1.8
0 94.89 24.99 1.72
17.74 94.84 23.56 2.55
112.82 94.55 20.83 2.41
24.63 94.28 23.35 2.45
0.16 94.75 25.06 2.2
0.89 94.84 25.47 3.03
2 94.69 25.68 2.31
4.06 94.49 25.12 2.96
15.99 94.4 23.81 3.69
0 94.59 23.87 2.78
0 94.3 24.43 3.45
4.44 94.39 22.93 2.93
6.8 94.58 22.26 2.76
0.57 94.51 23.28 2.49
2.61 94.59 24.14 1.92
24.25 94.57 23.78 2.53
133.67 94.64 22.04 57.64
11.29 94.87 22.71 56.99
0.44 94.95 26.18 1.78
0.94 95.04 28.54 2.33
2.95 94.66 29.25 4.36
93.84 94.52 24.48 2.44
0.26 94.82 22.49 1.61
0 94.54 24.92 2.53
0.11 94.91 23.1 1.78
0 94.96 23 1.74
0.01 95.15 23.44 1.83
4.75 95.03 25.5 2.3
5.5 94.56 27.2 3.23
8.6 94.59 25.81 3.65
16.34 94.75 24.27 2.1
0 94.83 26.07 2.54
0 94.8 27.22 2.77
3.27 94.65 26.76 2.53
14.18 94.6 25.94 1.96
89.95 94.86 20.5 2.53
1.79 94.84 22.27 2.03
0 95.1 22.69 2.58
0 95.22 22.04 1.6
0.01 95.1 22.82 2
39.4 94.84 21.99 2.19
30.58 94.57 21.64 1.96
4.1 94.74 22.67 3.38
0.32 94.95 21.58 2.09
23.59 95 19.2 1.9
20.34 94.92 19.13 1.67
13.19 94.95 20.29 2.18
9.43 95.07 20.63 1.72
2.75 95.2 21.43 1.97
7.56 95.39 21.38 1.61
0.57 95.33 22.75 1.67
0.7 95.01 24.42 2.31
6.28 94.99 24.45 1.99
45.71 94.93 23.44 2.13
47.48 94.78 22.95 2
156.2 95.03 19.71 2.18
2.22 95.32 20.06 2.37
0 95.44 21.01 1.79
0 95.53 22.69 1.85
6.84 95.66 21.04 1.78
3.96 95.7 21.02 1.54
0.89 95.67 21.16 2.11
11.73 95.49 20.18 1.68
11.85 95.47 19.99 1.9
270.62 95.4 16.28 2.27
1.34 95.04 17.74 1.83
0 94.71 20.34 2.44
0 95.26 18.92 1.52
0 95.27 20.44 1.56
3.28 94.87 20.84 2.87
0.04 95.13 18.77 2.85
0 95.32 16.09 1.42
0.01 95.59 17.46 1.66
0.11 95.59 18.71 1.91
22.82 95.64 17.24 1.36
0.37 95.46 18.91 2.47
0.13 95.75 16.41 3.01
0 95.86 14.34 2.82
0 95.91 13.64 1.5
0 95.99 16.17 1.31
0 95.95 17.11 1.97
12.96 95.29 16.92 2.37
41.6 95.24 14.75 2.75
0.04 95.84 14.3 1.59
0.48 95.88 16.39 2.04
83.94 96.04 12.8 1.89
24.56 95.81 13.15 1.7
0 95.74 13.74 1.59
52.21 95.11 14.46 2.48
0.1 95.65 13.62 2.2
1.16 95.57 14.28 2.75
25.35 96.34 6.81 3.87
0.14 96.44 5.84 1.72
51.56 95.59 6.85 1.65
36.73 95.44 7.7 2.33
0 95.78 8.76 1.55
88.78 96.01 7.7 1.45
13.64 96.46 8.43 2.36
0 96.28 9.21 2.02
0 95.86 12.44 1.77
0 95.75 14.14 2.38
0 95.92 16.3 2.32
0 96.2 13.77 1.66
0.63 96.09 14.4 2.84
0.54 97.04 9.06 3.72
0 96.61 4.87 1.84
0 95.7 8.28 2.24
0 95.22 10.27 4.61
0 95.77 9.8 3.1
0 95.49 12.88 2.4
0 95.61 13.59 2.28
0 95.32 16.45 3.94
0 96.12 8.15 2.99
0 96.51 3.82 2.02
0 95.98 5.78 1.8
0 95.21 11.16 3.11
0 94.92 13.75 3.12
0 95.12 11.83 2.03
0 96.58 4.93 5.04
0 97.01 2.38 1.62
0 96.45 3.64 1.62
0.05 96.15 7.94 1.77
5.47 96.31 8.66 25.93
2.59 96.06 6.16 1.62
5835.11 95.69 7.11 3.16
5835.16 95.86 4.19 3.95
5835.09 95.66 6.64 2.53
5835.09 95.29 8.07 3.58
5835.1 95.62 6.8 3.21
5835.09 96.9 -0.18 3.22
5835.09 96.89 -1.56 1.63
5835.09 96.47 0.59 1.81
5835.09 96.25 3.99 1.75
5835.09 95.94 4.02 1.64
5835.1 95.58 2.6 3.22
5835.14 96.04 -3.93 5.72
5835.09 96.06 -2.06 2.87
5835.09 96.4 -2.19 1.66
5835.09 96.52 -1.42 1.55
5835.27 96.35 0.85 1.94
5835.09 96.7 -1.54 1.68
5835.09 96.63 -0.67 1.45
5835.09 95.95 1.62 2.8
5835.09 95.37 3.43 3.72
5835.09 95.86 0.8 2.6
5835.09 96.41 -1.73 2.07
5835.17 96.16 1.25 2.72
5835.09 96.55 -2.5 1.88
5835.09 95.67 -2.46 2.08
5835.09 95.19 530.76 4.71
5835.09 96.29 -2.36 2.07
5835.09 95.82 -1.72 1.48
5835.11 95.64 -0.43 2.09
5835.71 95.74 -1.07 5.08
0 96.32 -10.95 6.36
0 96.11 -10.66 3.62
0 95.84 -10.75 5.29
0 95.99 -10.62 4.18
0 96.1 -10.44 3.46
0 96.3 -9.56 2.1
2.66 96.34 -9.2 1.69
0 96.87 -10.39 1.57
0.04 96.74 -7.65 2.68
2.43 96.07 -4.39 4.62
0.07 96.51 -8.89 2.94
0.02 96.1 -9.76 3.82
0 96.27 -10.75 2.52
0 96.31 -8.89 1.78
0.27 96.23 -8.69 3.63
0 96.32 -12.13 3.57
0.01 96.38 -10.83 2.18
0 96.33 -8.14 2.49
0.15 95.99 -5.97 4.16
0 96.33 -9.84 3.63
0 95.99 -9.78 3.45
0 95.77 -3.7 2.49
0 95.79 -3.03 3.08
0 96.64 -5.15 3.69
0 96.89 -5.25 2.51
0 96.66 -7.76 1.43
0 96.24 -4.52 2.26
0 95.64 -5.16 1.94
0 94.97 -3.74 3.21
0.1 95.69 -6.31 85.04
0.03 96.42 -10.25 5.23
0.12 96.43 -10.87 2.8
0 96.36 -7.01 2.99
0 95.12 -2.49 3.69
0 95.36 -3 1.84
0.74 95.68 -2.64 4.64
0 96.25 -7.4 3.11
0 96.62 -9.16 1.62
0 96.52 -8.93 1.82
0 96.37 -5.82 2.33
0.07 95.92 -4.21 3.18
0 96.96 -7.3 2.37
0 97.13 -8.86 1.72
0 96.65 -5.67 1.83
0 96.81 -8.44 1.8
0.34 96.46 -9.03 1.85
2.88 96.43 -9.66 3.46
0 96.56 -8.95 1.92
2.48 95.43 -4.85 3.33
0.02 96.11 -8.23 1.98
0.04 96.01 -7.49 2.02
1.25 96.53 -7.36 2.39
0 96.02 -8.08 1.8
0 95.47 -3.7 3.09
0 96.36 -6.19 2
1.89 95.99 -4.89 1.46
3.54 96.56 -8.25 3.76
0 97.11 -11.74 2.82
0 96.96 -11.71 1.92
0.08 96.35 -8.04 3.45
0 96.97 -10.02 3.52
0 97.25 -9.24 1.82
0 97.05 -7.98 1.59
0 96.88 -7.56 1.54
0.09 96.75 -4.84 2.4
0.06 96.66 -6.05 3.36
0 96.56 -3.92 2.79
0 95.92 -1.37 3
0.03 96.76 -9.98 5.49
0 96.88 -11.58 3.52
0 96.15 -6.06 2.68
0 95.48 -3.28 2.15
0.01 95.51 -5.57 3.25
0 95.72 -6.06 2.44
0 95.35 -4.86 1.86
0 95.14 -0.42 2.31
0.02 95.82 -3.09 1.57
12.04 95.57 -1.01 2.69
0.01 96.17 -1.48 4.36
0 96.83 -3.3 2.6
0 96.35 -3.7 2.98
13.41 95.54 -0.23 3.52
22.33 94.99 -0.51 5.38
0.13 95.4 -5.39 5.56
0 95.69 -6.02 2.03
0 95.32 -5.61 1.9
0.67 95.77 -6.82 3.1
0 96.17 -8.63 3.46
0 96.83 -6.57 1.97
3.44 95.88 -2.52 4.79
0 95.54 -0.62 3.12
0.04 95.12 -2.52 2.48
0.15 95.78 -6.29 5.85
0 96.32 -6.12 2.89
0 96.07 -3.11 3.07
0 95.4 1.64 4.37
0 95.7 1.87 2.8
2.06 96.26 -2.77 3.31
0 97.07 -9.07 5.78
0 96.43 -4.28 3.23
0 96.04 -3.53 3.79
0 95.56 -2.91 2.89
0 133.27 526.77 530.73
0 95.68 0.42 3.58
0 95.32 5.72 3.69
0 95.23 5.92 3.24
0 95.97 3.45 2.55
0 95.27 6.61 2.95
0 95.51 6.73 3.63
0 95.63 5.97 2.58
0 95.57 6.63 3.9
0 96.53 2.29 4.02
0 96.71 3.01 2.74
0 96.91 3.78 1.7
0 96.66 7.65 2.89
0 96.45 12.63 4.07
0 95.65 13.34 5.02
0 95.2 12.36 3.67
0 95.36 10.67 3.3
0 94.89 14.12 4.2
7.14 95.84 6.85 3.23
0 95.97 5.18 1.72
199.08 94.43 2.62 2.41
0.88 95.24 4.41 2.39
1.76 95.19 5.43 1.87
0.16 95.69 4.38 4.41
0 96.84 -0.34 4.13
0 96.82 0.49 3.18
0 96.04 4.78 2.97
0.1 95.76 7.92 3.01
0.13 95.97 8.27 2.35
23.63 96.17 7.2 3.42
181.39 96.74 0.01 4.36
0.66 96.36 3.6 2.16
0 94.77 11.19 1.98
0.59 93.92 14.29 4.32
2.09 94.8 8.93 5.42
0 94.87 11.65 2.42
0.04 95.16 12.79 2.79
0.02 95.61 10.97 3.64
0.01 95.26 11.5 2.99
0.04 95.14 11.72 2.64
0 95.41 14.26 3.96
0 95.58 14.58 4.94
0 95.88 14.56 2.63
0 95.25 20.74 4.15
0 94.87 24.08 4.32
20.66 94.6 20.53 4.33
21.83 95.2 16.52 2.46
0 95.25 19.05 2.22
0 95.16 20.63 2.8
10.68 94.95 17.41 3.71
25.78 95.02 15.59 2.22
0 95.28 13.48 5.05
0 95.13 13.85 4.49
0 94.56 15.14 5.58
0 95.12 12.62 2.57
0.5 95.03 13.17 4.88
22.94 95.35 7.61 2.25
0 95.71 8.94 1.72
70.06 95.6 8.64 2.44
70.28 94.67 7.57 1.93
13.45 93.42 11.11 3.77
0.38 93.5 19.1 3.51
1.72 94.79 16.48 5.32
0.02 95.42 16.15 4.16
0 94.86 18.61 3.34
19.16 94.02 19.11 4.19
30.3 94.18 15.16 5.1
1.27 94.58 13.75 5.62
0 95.41 18.24 4.08
0 95.06 21.5 3.31
0 94.92 22.29 2.76
1.93 94.85 22.36 2.65
0.07 94.68 24.58 3.33
0.31 94.59 25.58 4.02
4.31 94.73 24.3 2.83
0.16 94.74 23.17 3.15
4.38 94.42 23.41 3.83
0.69 94.71 21.05 3.45
0 94.82 20.1 2.65
0 94.01 24.86 6.56
8.76 94.47 22.72 3.01
2.16 95.03 19.45 3.89
0 95.25 21.49 3.07
66.25 94.51 18.2 3.31
41.33 93.99 18.74 2.51
59.39 94.48 18.44 2.43
0.31 94.81 19.73 3.38
1.95 94.54 19.8 2.67
5.8 94.56 18.74 2.05
116.83 94.32 16.79 2.54
206.8 93.82 15.83 2.29
55.8 93.9 16.62 1.74
80.19 94.77 17.39 2.25
0.51 95.04 20.57 1.97
21.27 94.89 22.08 2.01
0.35 94.6 22.99 1.87
182.69 94.6 19.91 2.46
6.2 94.79 18.83 3.34
90.85 95.24 16.7 2.64
0.07 95.33 21.3 2.34
0 94.97 23.49 1.94
4.76 94.71 23.91 2.96
0.29 94.85 23.57 2.54
11.27 94.65 23.66 3.04
14.96 94.37 21.72 2.31
97.19 94.32 20.86 2.03
1.13 94.76 22 1.62
4.55 94.82 23.74 2.18
177.48 94.97 17.57 2.14
29.21 94.39 18.13 1.84
32.62 93.94 19.03 3.19
5.84 94.51 17.15 3.18
0.12 95.09 18.65 2.25
61.07 95.08 19.6 2.04
14.7 95.2 20.41 1.73
0 95.18 22.27 2.02
0.25 95.04 23.75 2.11
3.7 95.19 24.65 2.13
0.21 95.42 25.76 2.46
4.04 95.25 23.95 2.66
0.68 94.96 25.3 2.05
1.37 94.44 26.33 2.24
0.21 94.25 26.57 3.33
8.5 94.6 26.37 2.57
21.65 95.01 24.17 2.27
28.92 95.2 21.28 2.22
16.58 95.05 21.92 1.64
75.45 94.88 22.64 1.78
89.44 95.03 22.56 2.13
41.95 94.96 23.03 2.35
26.62 94.68 23.91 2.26
55.45 94.65 22.94 2.1
11.22 94.65 22.93 1.54
17.14 94.47 22.89 1.82
7.92 94.29 24.12 1.98
8.53 94.66 25.22 2.44
22.67 94.76 24.67 2.05
42.13 94.53 24.28 2.34
104.3 94.5 23.8 2.25
276.16 94.88 21.51 2.43
10.42 95.1 22.35 1.65
1.73 94.92 23.46 1.84
30.33 94.43 24.91 3
0.14 94.41 23.3 2.17
1.44 94.27 24.97 2.45
2.84 94.45 25.53 3.11
18.05 94.84 24.26 2.29
18.1 95.38 22.72 2.39
47.06 95.42 23.02 1.78
13.71 95.32 24 2.15
0 95.35 23.84 1.93
0 95.18 24.24 1.55
0 95.01 24.53 1.5
0 94.7 25.6 1.81
1.71 94.49 25.6 2.24
0.03 94.78 23.94 2.31
0 94.84 23.79 1.74
1.29 132.3 548.38 530.26
49.73 132.6 548.57 530.41
79.95 95.31 20.3 2.01
23.73 95.01 19.47 2.23
5.21 94.82 20.47 2.29
42.79 94.93 20.02 1.79
9.92 95.25 20.31 1.85
24.52 95.47 20.02 1.95
10.68 95.4 20.41 2.33
41.41 95.27 20.21 2.34
0.04 95.2 20.7 2.37
20.24 95.06 19.91 1.84
7.19 95.22 18.87 1.5
16.36 95.37 19 1.65
130.67 95.55 17.85 1.63
100.44 95.59 18.61 2.17
2.64 95.56 20.93 2.22
0.32 95.72 19.89 2
12.59 95.57 18.4 1.46
43.93 95.39 17.57 2.19
0.02 95.53 17.41 1.82
0 95.43 19.31 1.48
2.37 95.58 20.73 2.38
21.66 96.26 16.29 2.23
2.06 96.17 15.07 1.69
46.26 95.62 13.56 1.78
16.06 95.57 14.32 2.75
0 95.49 19.46 2.29
0 95.82 19.61 2.49
0 95.95 19.08 2.69
0 95.79 19.46 2.36
4.21 95.77 19.44 1.56
10.35 95.83 18.69 2.01
0.01 95.91 16.8 1.98
2.89 95.4 16.74 2.28
4.16 95.2 19.24 2.5
46.03 95.06 17.97 3.04
36.5 95.17 14.62 2.1
40.12 95.11 14.87 1.86
15.22 95.09 15.65 2.99
0 95.36 14.19 2.33
0 95.56 16.32 2.53
0.21 96.39 13.69 1.54
2.97 96.86 11.38 1.92
7.39 95.72 15.25 3.16
54.28 94.98 11.22 5.28
0.05 94.91 13.8 4.37
0 95.9 11.36 2
0 96.22 14.07 2.41
0 95.72 17.66 3.53
0 95.62 17.85 2.19
0 95.39 18.09 3.3
0 95.72 10.62 3.7
0.4 95.05 6.14 3.1
3.71 95.22 5.85 5.13
5.35 95.53 10.01 4.48
0 95.93 11.88 2.31
0 96 12.91 1.85
0 95.75 13.76 1.8
0 95.69 14.45 1.74
0 95.71 15.39 2.52
2.71 95.84 13.84 3.01
0 96.62 6.3 2.69
0 95.51 10.34 2.77
26.31 96.08 5.74 1.93
24.82 96.4 5.15 1.95
1.52 103.82 117.99 56.74
0 103.3 118.39 56.66
0 96.64 7.17 2.38
0 96.59 4.58 1.68
7.7 95.36 7.48 4.98
0 95.41 4.13 3.3
0 96.02 2.03 3.32
0 96.35 0.33 3.83
0 96.78 0.51 2.69
0 96.83 2.98 1.52
0 96.16 5.19 1.65
0 95.98 6.05 1.29
0 95.95 8.88 3.59
0 96.13 10.21 3.19
0.72 97.26 1.61 3.82
55.06 97.33 -3.31 3.16
32.89 96.93 -3.32 3.38
6.27 96.45 -2.9 2.06
0.28 96.5 -2.83 1.42
0 96.67 -2.98 1.28
0 96.82 -1.09 1.41
0.13 96.65 1.3 1.34
0.01 95.94 3.33 1.96
0 95.29 5.92 2.6
0.29 96.15 2.51 2.36
5.13 96.01 -2.18 2.54
0 96.69 -4.37 2.44
5.52 96.59 -5.7 2.29
9.66 96.59 -7.11 2.23
6.09 96.59 -8.23 1.99
6.52 97.08 -8.69 1.73
19.43 97.54 -11.05 2.67
9.01 97.6 -12.38 3.12
0.08 97.5 -14.52 2.08
0.01 96.63 -14.04 2.66
0 96.55 -13.78 2.84
0.06 96.08 -11.63 1.35
0.24 96.53 -9.63 1.48
12.49 96.23 -5.39 2.24
0 96.13 -7.59 1.61
0.39 95.45 -3.24 2.3
0.12 95.24 -5.02 4.71
0.31 95.53 -7.12 5.57
0 95.9 -4.6 3.73
0 96.57 -5.01 2.12
0 96.73 -7.75 1.48
0 96.89 -9.02 1
0 96.46 -3.48 2.23
3.41 96.11 0.73 2.8
0.02 96.36 -0.88 3.92
0 96.7 -6.42 1.76
0 96.36 -6.17 1.46
0 96.48 -6.55 1.13
3.93 95.79 -4.87 2.82
0.03 95.86 -6.2 4.22
0.04 96.43 -8.04 5.39
0 96.51 -7.44 2.88
0 96.97 -5.55 1.9
0 96.96 -6.08 1.55
0 96.08 -3.21 2.37
0 96.3 -5.17 1.67
0 96.41 -7.72 1.55
0 96.3 -5.26 2.15
0 96.4 -9.02 2.2
0.01 95.37 -7.08 3.04
0 96.42 -12.24 3.83
0 97.17 -14.28 2.02
0 96.9 -8.48 1.99
0.24 96.47 -5.84 1.56
1.89 96.71 -7.09 1.45
0 96.71 -8.06 1.9
0 95.85 -2.66 2.55
0.01 95.85 -5.64 1.36
2.37 96.05 -7.93 1.92
0 96.5 -10.24 3.54
0 96.33 -11.72 2.57
0 96.61 -9.82 3.12
0 96.44 -9.64 3.04
0 96.25 -10.1 2.75
0 96.01 -9.82 2.23
0 96.76 -11.72 3.08
0 97.01 -12.68 2.64
0 96.48 -12.33 3.21
0.07 95.82 -11.12 3.7
0.1 95.58 -10.82 2.46
0 95.64 -11.41 1.77
14.81 96.27 -14.49 2.54
2.11 96.27 -18.12 2.72
0 95.9 -18.5 3.98
0 96.53 -18.01 1.78
0 97.03 -17.62 1.43
0.85 96.97 -16.93 1.87
0.63 97.48 -20.06 3.26
0 97.37 -23.23 4.95
0 96.86 -15.27 4.41
0 96.29 -10.31 2.89
0 96.16 -11.28 3.3
0 96.24 -9.68 3.15
0 96.77 -12.35 1.89
0 97.23 -15.51 1.89
0 97.02 -16.22 2.22
0 97.06 -13.16 3
0 96.93 -10.8 2.58
0 96.57 -9.06 2.15
0 96.33 -8.26 2.54
0 96.54 -8.15 3.51
0 96.47 -8.42 3.64
0 96.4 -7.02 2.65
0 95.5 -6.78 2.62
0.01 95.12 -3.78 3.4
0 95.79 -2.86 2.68
0 95.47 1.15 2.86
0.08 95.39 1.19 2.23
2.51 95.62 0.67 2.91
30.94 96.34 -7.62 5.89
0 96.42 -11.92 5.12
0 95.79 -9.08 3.81
0 95.66 -4.91 4.11
0 95.61 -2.04 3.78
0 95.57 -3.1 3.72
0.12 96.43 -6.44 3.43
0 96.41 -8.59 3.78
0 96.28 -9.31 2.6
0.01 96.38 -6.43 3.24
0 97.28 -10.09 2.39
0 96.9 -8.63 2.57
0 96.83 -7.99 2.9
0.08 96.16 -6.3 3.11
0.02 96.24 -6.54 1.97
0.12 96.53 -7.65 4.02
0.07 96.79 -8.31 3.37
0.03 95.86 -0.95 2.96
0 95.47 2.29 2.4
0 95.44 1.18 2.42
0.2 95.83 -0.07 1.44
42.39 95.63 0.96 3.64
0.03 95.66 -0.86 2.39
3.96 95.91 -3.46 4.15
0 96.68 -7.13 4.51
0 96.78 -6.98 3.54
0.03 96.56 -6.14 3.37
0 96.04 -5.09 2.02
0 95.41 -0.89 3.98
0 96.15 -1.31 2.65
0 95.98 1.39 2.36
0 95.42 4.98 2.97
0 95.26 8.55 3.44
0 94.88 10.03 5.05
0 95.28 7.86 4.05
0 96.18 4.24 2
0 96.41 5.71 1.97
0 96.03 8.8 2.78
0 96.38 5.97 4.45
0.02 96.95 2.58 4.97
0 96.98 2.55 3.34
0 96.64 3.28 3
0 96.23 7.78 2.98
0 95.66 9.46 2.38
0 95.02 11.42 4.16
1.15 95.5 7.83 3.37
0 95.49 8.93 3.18
0 94.56 15.42 4.85
12.58 94.78 11.03 4.99
0.83 95.86 6.88 3.96
0 95.88 8.3 3.39
0 95.05 10.98 3.72
0.08 95.36 10.53 2.7
0.97 94.75 12.61 4.79
0 95.08 10.59 4.38
0 95.03 12.24 5.69
0 95.31 7.69 3.15
0 95.94 5.54 3.46
0 95.49 6.97 4.45
29.84 94.6 8.58 2.65
0.16 94.32 10.72 4.84
0 95.44 11.55 3.59
0.3 94.96 15.35 4.94
20.73 94.88 10.7 3.82
2.29 94.86 6.81 4.29
7.72 95.19 6.8 2.55
3.53 95.52 8.56 3.46
0.04 95.15 13.9 2.84
0 94.31 15.81 5.81
0 94.85 11.56 5.9
0 95.4 11.42 2.88
0 94.89 14.47 4.67
0.72 95.67 11.27 3.1
25.55 95.9 9.27 2.05
1.44 95.5 12.64 1.83
0 95.64 13.16 2.36
25.61 94.86 13.41 2.74
0.08 94.46 17.08 2.8
21.42 94.18 21.3 4
147 94.95 11.76 2.64
88.77 94.06 11.33 5.04
0 94.59 15.98 3.2
19.23 94.61 15.27 4.7
0.04 94.87 13.5 6
0 95.65 15.92 2.79
0 95.11 18.59 4.38
0.9 95.25 17.24 2.38
0 94.97 17.45 2.22
1.54 94.17 19.98 4.62
185.39 94.87 11.86 4.29
0 95.78 14.88 3.77
26.29 95.41 12.29 4.01
1.57 95.19 13.03 3.48
0 94.69 18.18 3.19
0 94.81 23.44 3.67
0 95.1 24.18 4.44
0 95.32 22.72 3.97
0 95.49 22.35 3.75
0.03 96.14 19.59 3.6
0.03 96.06 18.71 2.62
39.77 95.21 15.2 1.83
22.18 94.14 16.14 4.68
12.5 94.43 18.62 3.31
0.23 94.89 18.93 4.3
0 94.84 21.97 4.4
0.07 94.45 24.23 4.34
0 94.8 19.55 4.23
0 94.52 22.45 4.17
17.62 95.31 17.41 2.28
0 95.37 20.2 1.73
0 95 23.49 2.74
0.01 94.67 24.41 3.31
0.03 94.82 22.86 2.81
0.15 95.07 23.19 2.31
20.7 95.22 19.82 3.25
5.87 95.27 19.35 1.94
0.07 95.01 21.89 2.45
19.88 94.71 21.52 3.98
109.63 94.48 20.24 4.58
35.6 94.94 18.3 2.42
8.47 94.85 19.75 2.03
3.78 94.5 19.98 1.98
135.25 94.41 15.84 2.24
17.99 94.43 18.34 2.04
2.31 94.05 20.26 2.41
40.78 94.09 20.73 1.94
3.18 94.63 21.17 2.83
0.02 94.73 23.58 2.42
22.12 94.4 25.08 2.92
29.18 94.41 24.15 2.66
34.39 94.44 22.97 2.28
21.53 94.68 21.44 2.8
5.96 94.71 21.46 3.62
0 94.88 24.39 2.87
0 94.84 24.9 2.03
27.12 94.59 23.49 2.55
55.95 94.7 19.73 3.17
100.76 94.55 20.54 2.44
54.84 94.57 20.66 1.97
0 94.72 21 1.89
0.23 94.69 22.54 1.65
0 94.82 25.48 2.81
0 95 24.87 2.82
1.9 95.2 25.2 1.89
0 95.29 26.56 1.88
0 95.22 26.93 2.84
0 94.97 26.59 2.67
0 94.72 27.86 2.05
0 94.48 28.89 2.6
5.39 94.16 29.19 3.65
89 94.43 22.7 2.13
1.34 94.75 24.69 2.49
1 95.1 23.22 2.65
6.2 94.79 20.25 2.05
5.17 94.65 20.02 2.15
2.75 94.93 22.04 1.75
0.14 94.94 23.88 2.13
28.26 95.02 23.7 2.63
224.44 95.11 21.27 2.39
809.26 94.64 21.41 2.63
40.11 94.41 23.54 1.78
7.65 94.29 26.68 2.76
0.34 94.79 26.17 2.14
458.89 94.81 21.08 2.67
4.12 94.7 22.5 1.57
1.97 94.48 24.19 2.26
34.54 94.46 24.1 2.27
26.73 94.83 23.69 1.81
141.02 95.1 23.85 2.01
60.58 95.22 22.4 1.74
32.12 95.31 23.04 1.94
0.32 95.31 24.82 1.6
0 95.26 26.3 1.51
0 95.22 27.1 1.86
0 95.12 26.94 2.1
263.26 94.84 25.68 2.14
174.36 95.21 23.64 2.33
0 95.32 22.53 1.41
0 94.96 23.96 2.34
0 94.74 27.2 3.58
0.79 94.75 28.94 3.53
13.93 94.82 25.81 2.31
0 94.78 24.99 1.79
0 95.04 24.29 1.94
4.28 94.96 23.39 1.55
70.46 94.81 22.13 2.02
4.71 94.68 22.94 1.45
261.98 94.64 20.52 1.75
18.49 95.06 21.46 2.24
18.93 95.19 22.07 1.68
0.96 95.32 23.16 1.81
1.76 95.42 23.56 1.57
13.65 94.95 21.51 1.68
19.93 94.75 23.62 2.07
133.46 95.48 18.2 3.89
0 95.77 18.24 2.14
3.7 95.44 18.38 2.08
3.31 95.4 19.11 2.09
0 95.56 18.51 2.28
0 95 18.2 2.31
20.74 93.93 16.72 4.04
26.28 93.8 15.87 2.6
9.92 94.47 19.17 1.52
28.16 94.99 18.57 1.2
88.06 95.25 17.84 1.55
63.01 95.17 17.61 1.47
18.79 95.03 19.29 1.61
2.52 94.79 19.15 1.64
7.73 94.86 18.32 1.7
39.64 95.17 17.11 1.63
16.31 95.34 16.75 1.75
49.77 95.7 15.78 2.02
17.29 95.94 16.31 1.47
2.26 95.89 17.4 1.4
35.84 95.69 18.96 1.89
0.04 95.57 19.94 1.71
3.99 95.64 18.87 1.95
2.13 96.06 16.58 2.12
18.92 96.21 14.42 2.35
0.11 96.24 14.27 2.4
0 96.11 14.46 1.52
0.92 95.91 14.91 2.14
4.21 95.54 16.89 2.26
3.73 95.24 18.61 2.14
1.56 94.98 20.4 3.57
0.05 95.65 17.55 2.13
9.48 95.46 17.33 1.96
2.49 96.15 12.47 4.46
0 96.6 8.74 2.34
0.04 95.83 10.25 2.44
0.07 95.47 15.94 2.11
5.95 95.33 19.02 3.65
3.62 95.36 15.81 2.02
0.86 95.34 15.78 3.33
85.68 95.92 8 2.34
16.58 95.99 6.92 2.12
0.52 96.57 8.72 1.59
60.21 95.73 10.54 2.72
0.99 95.9 6.57 4.6
0 96.15 5.19 1.88
0.73 95.73 6.73 1.94
0 96.27 6.18 66.73
0.29 96.26 7.69 1.61
0 95.84 12.18 1.56
0 95.92 13.57 1.73
0.17 96.09 15.3 2.87
7.62 95.58 14.33 3.91
0 96.05 10.21 2.11
0 95.81 12.12 1.97
0 95.65 13.33 2.51
1.59 96.56 5.22 2.87
38.67 95.94 5.61 1.82
45.08 96.6 2.4 2.96
0 96.25 2.85 1.47
0 95.62 4.07 1.49
0 95.24 8.79 3.19
0 96.42 3.72 2.18
27.84 96.46 3.12 1.37
13.83 96.64 2.76 2.99
0.21 96.74 0.7 2.64
3.69 96.43 0.17 3.38
0 97.25 -4.46 3.03
0 96.88 -2.75 2.61
0 96.16 1.09 3.22
0 95.61 2.24 1.86
0 94.72 4.14 1.67
0 95.72 2.19 3.08
0.17 96.56 -0.73 2.04
7.32 96.78 -1.32 3.32
0 97.16 -3.47 1.83
0 96.57 -1.92 2.26
2.42 95.1 2.84 3.69
2.27 95.32 -0.99 1.77
0.3 95.85 -0.62 1.59
0 95.34 4.31 3.62
0 95.98 1.87 4.86
0 96.28 -2.89 2.1
0 96 0.52 2.39
0 95.95 -0.48 2.5
0.33 95.39 1.27 2.52
2.73 95.88 -3.81 2.35
24.97 96.45 -6.94 1.73
54.83 96.78 -8.85 2.81
0 97.16 -11.16 2.99
0 96.85 -10.48 2.8
0 96.37 -7.97 2.65
0 96.02 -5.52 2.11
0 95.55 -2.14 3.47
0 96.34 -5.61 3.26
0 96.77 -4.25 1.79
0.07 97.06 -4.77 1.9
4.51 95.91 -0.6 3.62
0 96.66 -3.05 3.59
0 96.38 0.46 2.72
0 95.64 2.93 3.39
0 95.72 -0.81 2.63
0.4 96.36 -5.22 3.47
0 95.84 -5.17 3.08
0 96.05 -6.22 2.25
2.66 95.44 -3.55 3.5
0 96.4 -7.19 2.2
0 96.55 -7.84 1.41
0 95.96 -5.44 2.84
6.21 96.26 -3.42 2.47
0 96.87 -8.34 3.45
0 96.82 -9.96 2.23
0.01 96.8 -8.97 3
0 96.03 -4.6 2.58
0 95.98 -4.25 1.24
0 96.14 -3.93 1.07
0 96.19 -3.49 1.26
0.03 96.53 -3.22 1.27
0.09 96.55 -4.75 2.59
3.82 96.2 -9.14 3.84
0 96.62 -9.94 2.6
0 96.54 -10.09 1.34
0.03 96.33 -5.12 3.35
1.84 96.98 -9.02 3.65
0 96.89 -11.21 2.13
0 96.57 -9.37 3.9
0 96.81 -8.97 3
0 96.31 -7.66 1.78
0 96.18 -6.73 1.52
0 95.97 -2.8 3.13
0 96.14 -4.56 2.34
0 95.81 -2.05 2.74
0 96.42 -5.27 1.51
0 96.73 -6.88 1.36
0 96.25 -3.76 1.42
8.06 96.27 -3.81 1.64
9.96 95.85 -4.43 2.21
0.01 96.04 -7.36 3.36
0 96.29 -10.09 3.61
0 96.04 -10.08 2.74
0.01 95.77 -10.99 2.74
0 95.91 -10.08 4.37
0 96.86 -11.5 2.1
0.11 96.84 -13.14 1.4
0.02 96.75 -12.54 1.43
0.18 96.54 -10.52 1.99
0 96.86 -11.13 1.73
15 96.53 -12.2 2.74
0 96.62 -13.31 2.25
0 96.23 -12.16 4.42
0 96.91 -13.6 2.55
0 97.04 -13.88 1.63
0 97.15 -12.46 1.33
0 96.56 -7.95 1.86
0.04 95.79 -3.52 4.85
0 96.35 -6.51 3.53
0 95.78 -7.11 2.66
0.22 96.59 -10.73 4.18
0 96.94 -9.81 3.4
0 96.35 -7.47 3.03
0 97.09 -7.82 3.39
0 96.49 -5.23 2.2
0 95.92 -3.83 1.76
0.34 95.55 -0.74 2.4
0 95.91 -5.07 3.46
0.01 96.85 -6.34 2.6
0.01 96.81 -7.39 1.12
0.03 96.59 -8.15 5.48
0.01 96.13 -9.17 5.69
0 96.32 -8.93 4.7
0 96.43 -7 2.95
0 96.42 -6.34 1.7
0 96.9 -4.78 1.78
0 96.78 -3.59 2.09
0 95.6 2.27 3.46
3.14 95.9 -2.64 4.41
0 96.53 -6.61 3.11
0 95.95 -5.28 2.61
0 94.85 -2.29 4.67
0 96.63 -6.88 4.42
9.49 96.45 -6.17 2.78
15.67 95.78 -3.61 4.34
0 96.29 -4.32 3.64
0 96.02 -2 3.45
0 95.96 -0.64 3.16
0 96.18 -0.7 1.62
0 95.83 1.74 2.99
0 95.78 1.25 2.93
0.81 96.17 -4.05 3.87
0 95.4 -0.68 2.65
0 95.47 0.13 1.69
0.03 95.67 -2.72 2.41
0.15 96.09 -4.63 3.76
0.04 95.85 -6.81 3.81
0 95.86 -4.74 4.49
0 95.37 -0.01 3.82
0 95.19 1.02 3.07
0 95.4 3.43 1.98
0 95.66 4.88 3.02
0 96.47 0.28 4.51
0 96.5 1.15 2.83
0 96.47 1.72 2.26
0 96.2 3.02 1.71
0 95.82 3.61 1.75
1.1 95.72 4.54 2.1
0 96.24 5.75 2.01
0.11 96.35 5.21 2.28
0.73 96.38 2.43 3.4
0 96.22 2.01 2.23
0 95.97 3.24 2.15
0.65 96.37 2.34 1.65
5.5 96.06 1.5 1.47
2.12 95.88 3.13 2.42
0.41 95.8 2.46 2.22
0 95.99 3.32 2.57
0 95.78 5.7 2.48
0 95.7 9.39 3.6
0.07 96.5 4.6 2.71
0 96.32 4.92 2.22
0 95.72 6.01 1.76
0 95.73 9.45 2.07
0 95.65 12.81 3.19
0 95.35 16.5 3.93
0.48 95.1 14.01 3.55
2.13 95.14 10.96 3.51
0.85 95.23 10.31 2.76
0 95.95 9.27 3.68
0 95.96 9.25 2.07
0 94.96 13.2 3.57
0 95.51 8.59 4.15
0 95.44 7.5 2.55
0 94.8 12.62 4.31
0 94.38 15.35 3.14
0 94.82 16.7 3.26
0.21 95.16 14.76 3.12
1.49 94.07 14.95 4.72
0.29 94.24 8.67 5.87
2.51 94.66 8.18 3.2
2.45 94.99 10.05 3.51
0 95.42 10.57 2.35
0.01 94.76 13.84 5.06
0 95.01 10.5 2.97
0 95.31 9.83 3.27
0.01 95.97 9.33 3.54
0 96 10.97 4.68
0 95.17 15.44 4.46
0 94.63 17.5 3.24
0 94.29 20.97 4.32
0 95.16 17.44 2.59
0 95.54 18.01 2.55
0 95.49 21.24 3.96
1.8 95.42 19.01 5.36
16.63 95.36 15.17 3.32
19.02 95.06 10.48 5.88
0 95.28 11.41 6.2
0 95.15 18.28 4
0 94.85 20.8 2.59
0 94.61 20.46 4.44
0.38 94.6 19.2 3.16
0.03 94.73 15.89 5.02
0 94.61 13.81 4.49
1.4 94.81 13.08 4.67
0.2 95.53 14.46 4.83
0 95.5 16.88 2.4
0 94.73 20.15 1.86
0 94.55 23.79 2.43
0 94.55 28.54 4.14
1.61 94.9 26.9 3.44
0.9 95.18 24.13 3.08
5.27 95.5 16.57 3.61
189.02 95.62 10.32 2.38
0.03 95.41 16.61 2.26
0.01 94.98 19.79 2.17
0.08 95.5 15.83 3.3
0 95.07 18.96 2.47
0 94.7 21.37 2.95
0 94.94 22.38 3.74
23.29 95.28 17.28 2.68
0.67 94.74 20.08 3.06
18.99 94.26 20.2 3.01
0 94.75 17.67 3.4
95.66 95.08 11.74 1.96
0 95.19 16.07 2.41
0 95.18 20.32 2.52
0 95.33 21.76 2.29
24.03 95.04 15.8 2.38
1.05 94.76 18.73 2.65
0.39 94.64 22.3 3.84
0 94.73 21.46 3.64
0 95.1 19.4 1.94
8.49 95.26 18.46 1.86
24.31 95.55 18.69 1.79
0 95.56 21.02 2.05
0 95.11 27.12 2.48
0.15 94.84 27.99 1.86
3.39 94.69 27.01 2.81
9.41 94.6 24.8 2.63
41.6 94.6 21.92 3
108.36 94.52 19.75 1.95
9.76 94.56 20.4 2.41
0.47 94.73 21.89 2.25
63.45 95.1 19.12 1.55
105.84 95 17.62 1.64
6.05 94.73 19.39 1.47
5.16 94.69 21.78 1.48
0 94.86 24.21 1.72
14.23 94.76 25.27 2.95
14.1 94.78 26.27 3.24
0.08 94.68 27.12 3.31
9.1 94.55 27.16 2.81
20.73 94.43 27.37 2.56
49.36 94.62 24.72 2.35
0.45 94.72 25.54 2.05
17.29 94.88 24.65 1.82
66.33 95.04 23.15 1.52
75.15 94.82 24.01 2.64
589.93 93.99 23.08 2.51
26.63 93.95 24.88 3.07
64.02 94.13 24.25 2.5
0.57 94.07 24.46 1.82
0 94.35 25.82 2.32
0.5 94.43 28.56 2.73
51.45 94.22 28.14 3.51
19.55 94.62 25.76 2.17
16.88 94.97 26.19 1.78
0 95.09 27.2 1.95
0 95.03 28.26 2.16
0.01 94.76 28.44 3.01
40.68 94.53 26.56 2.79
40.91 94.51 23.2 2.63
62.14 95.24 21.54 2.24
19.72 95.23 21.5 1.59
2.85 94.77 23.74 1.2
2.42 94.88 23.88 1.63
0.47 95.11 24.24 1.89
26.91 94.77 22.27 2.5
1.14 94.97 23.12 2.37
0 95.47 23.28 1.68
0 95.05 23.58 1.62
53.94 94.65 23.89 2.7
0.06 94.81 25.3 1.98
0.71 94.89 26.11 2.51
32.35 94.63 25.38 2.13
838.69 94.05 23.5 2.26
12.6 94.45 24.72 1.49
74.52 94.5 24.61 2.22
40.58 94.34 22.98 1.92
3.76 94.39 23.98 2.12
28.06 94.26 22.9 1.57
40.16 94.09 20.88 1.56
8.67 94.19 23.35 1.48
9.52 94.59 24.17 2.49
47.13 94.97 23.03 2.04
0.35 95.11 23.68 1.71
26.48 95.05 22.21 1.67
20.5 94.94 21.88 1.6
268.12 95.01 19.87 2.06
72.63 95.16 20.78 1.84
33.39 95.31 21.65 1.69
25.03 95.34 22.06 1.75
7.28 94.98 22.48 1.82
0.94 94.71 25.44 1.94
45.71 95.16 22.89 2.21
261.04 95.05 19.54 2.06
0.04 95.06 20.52 3.34
0 95.16 18.59 3.49
0 95.49 19.43 2.11
18.23 95.23 16.9 2.88
7.03 95.64 16.31 2.73
0 95.79 14.89 2.21
0 95.49 17.18 2.07
0.66 95.49 17.52 1.66
3.99 95.33 19.77 1.83
10.24 95.38 19.39 1.91
6.15 95.28 20.04 2.59
2.49 95.12 21.1 2.84
0.04 94.98 20.62 3.48
0 94.91 19.34 1.73
0 94.7 21.33 2.19
0.82 95.23 18.86 2.63
6.43 95.3 18.62 2.03
72.26 95.18 17.17 1.8
0.04 95.4 16.76 2.12
0 95.8 15.68 1.87
0 96.06 16.44 1.68
2.73 96 18.51 2.28
5.66 95.83 18.98 2.08
0.93 95.39 19.26 2.64
0.02 95.22 17.4 2.26
0 94.66 19.28 2.29
0.18 95.1 16.1 2.91
0 95.49 15.56 1.81
0.73 94.85 19.31 3.05
30.52 94.87 17.15 3.47
0 95.06 18.05 3.79
0.12 95.33 18.44 2.51
14.41 95.32 16.45 2.43
26.41 95.6 13.38 2.05
0.07 95.58 10.32 2.27
0 95.46 9.48 3.34
0 95.29 10.38 2.29
0 95.42 13.71 2.71
0.08 95.58 15.75 3.75
0 96.34 9.33 2.5
0 96.69 8.02 1.96
0 96.47 9.71 2.45
0 95.78 14.04 3.54
0 95.55 15.22 3.22
0 95.85 14.1 1.96
21.49 96.14 12.36 1.51
132.28 96.75 8.93 3.22
23.63 96.79 5.48 2.87
0.78 96.59 5.11 2.88
0.97 96.22 4.75 2.19
0 96.09 6.49 2.91
0.01 96.68 5.02 1.26
29.18 96.73 6.69 1.8
0.1 97.07 5.5 1.66
0 96.85 6.07 1.69
3.33 96.19 8.78 1.77
0.05 95.99 9.14 1.3
0 95.69 11.42 2.5
0.01 96.38 7.57 1.99
7.37 96.49 4.33 1.86
0.08 96.49 5.3 1.81
0 96.29 6.89 1.92
0 96.36 8.07 1.37
0 95.75 10.36 1.64
0.03 95.6 10.92 1.85
0 96.43 7.16 4.32
0 96.98 2.13 3.51
0 96.44 5.19 2.33
0 95.56 8.24 2.99
