1.31 96.04 -16.54 1.75
0.02 96.69 -17.85 1.87
15.89 96.58 -19.8 1.56
6.12 96.74 -18.31 3.6
0 97.05 -19.27 2.86
0.02 97.26 -18.95 2.42
0.19 97.35 -17.08 1.77
14.17 96.75 -15.83 1.32
7.34 96.91 -15.71 1.55
0 97.18 -15.47 1.38
0 97.15 -16.37 3.1
0 96.57 -18.74 3.52
0 96.59 -16.07 3.13
0.7 96.44 -16.3 1.42
0 97.52 -15.29 1.56
0 97.1 -14.63 1.08
0 96.74 -11.21 1.26
0.02 96.63 -6.42 1.73
0 96.11 0.23 3.64
0.07 97.35 -9.86 4.96
0 97.27 -13.31 2.67
0 96.95 -11.2 3.41
0 96.43 -8.18 3.02
0 95.83 -8.79 3.79
0 96.84 -9.26 3.71
0 110.5 -4.7 3.31
2.98 95.76 -3.95 3.25
0.01 96.37 -10.74 3.94
0 95.92 -5.36 4.13
0 96.01 -5.5 2.03
0 96.63 -9.5 1.87
0.21 96.82 -11.86 1.94
0 96.82 -15.16 2.18
0 96.74 -13.72 2.57
0 96.72 -14.21 2.15
0 97.06 -13.86 1.6
0.02 96.97 -11.78 2.34
3.41 95.97 -3.4 2.99
0 96.08 -4.78 2.09
0 96.71 -7.68 2.48
0 97.31 -10.67 3.68
0 97.73 -12.46 4.37
0 97.45 -11.84 2.17
0.04 96.8 -10.56 2.11
0 97.21 -10.65 2.55
0 97.4 -12.97 1.96
0 96.94 -10.6 1.96
0.01 96.48 -8.78 2.87
0 96.3 -8.52 2.63
0 95.77 -4.4 1.8
0 95.67 -7.21 1.74
0 95.77 -6.11 1.97
0 95.82 -4.93 2.72
0 94.77 0.26 2.57
6.05 95.11 -2.65 2.05
0 96.21 -6.44 2.45
0.2 96.39 -5.79 1.69
2.95 96.08 -6.5 2.28
1.53 96.66 -7.61 2.64
0.11 96.38 -8.12 2
0.3 96.07 -4.06 3.4
0 96.14 -1.86 3.38
23.74 95.73 -1.88 2.86
5.56 96.85 -9.53 3.49
0 97.56 -11.32 2.16
0.01 97.82 -11.97 2.03
2.01 98.13 -10.04 3.02
0.01 97.31 -9.4 2.57
0 95.93 -3.62 2.69
0.22 94.86 2.43 4.35
1.07 96.01 -4.71 4.77
0 96.68 -3.25 2.19
33.82 96.06 -1.08 2.08
1.89 96 -2.83 5.28
0.04 96.5 -4.88 2.62
0 96.9 -5.8 2.36
0 95.9 -2.74 2.83
0.33 94.51 3.6 2.81
37.83 95.14 -0.99 3.96
0 95.52 0.14 3.08
0.08 95.47 3.84 4.13
0 96.19 2.39 2.9
0 96.73 -0.71 2.87
0.04 96.73 -3.6 3.55
0.56 96.26 -3.08 2.12
1.22 96.83 -2.49 2.13
0 96.72 2.69 1.68
0.06 96.51 5.38 2.28
4.72 95.89 8.81 4.59
2.17 95.59 7.51 4.69
0 96.04 2.26 5.59
0 96.1 -0.08 4.1
0 95.76 4.54 4.42
0 95.47 8.67 3.81
4.41 96.11 3.03 2.49
0.01 96.74 1.75 2.52
0 96.16 7.33 3.84
0.53 94.98 11.66 6.19
28.35 95.81 1.99 2.8
0 96.08 3.29 3.34
1.72 96.06 1.69 2.13
38.6 95.84 0.14 3.52
0.08 96.59 -0.81 5.38
0 96.74 1.73 2.43
0.15 96.09 4.25 3.1
10.3 96.33 3.06 1.64
0 96.31 5.29 3.33
14.64 95.61 9.83 3.21
46.13 96.09 7.94 2.09
0.15 96.42 8.34 1.97
0.11 96.67 9.88 2.29
0.61 96.42 9.19 2.62
0.14 96.32 8.33 1.94
0 95.91 12.77 2.87
2.25 95.68 13.67 4.49
45.82 95.55 4.56 3.38
23.42 95.12 2.67 3.26
0.17 95.22 5.11 6.29
4.79 95.39 6.84 5.03
6.92 95.64 11.49 2.77
0 95.09 16.81 2.12
0 94.82 18.38 4.45
0.44 95.38 16.29 2.23
3.68 94.91 125.49 3.16
251.5 94.51 10.14 3.47
13.29 94.96 12.78 4.68
19.06 95.03 11.44 1.96
2.15 95.27 14.79 2.55
51.83 95.06 10.79 3.1
12.33 94.95 9.73 2.51
5.15 95.98 9.86 2.59
0 96.24 13.21 1.72
0 96.2 15.82 1.85
5.86 95.77 17.36 3.33
7.17 95.64 20.08 2.46
0.91 95.85 19.09 2.87
31.42 95.4 16.47 3.05
137.08 94.5 12.25 3.01
0.88 94.18 18.05 4.7
0 95.02 22.12 2.61
0 95.16 24.75 2.97
0.29 95.19 22.45 2.13
1.27 94.85 21.26 2.72
12.5 95.04 17.27 4.23
1.16 95.64 21.17 3.59
0.12 96.08 21.61 2.23
4.53 96.02 19.4 2.15
87.51 95.46 15.5 2.81
59.69 95.05 16.37 2.3
55.67 95.51 14.93 1.98
10.78 96.09 16.43 1.43
1.95 96.01 18.47 1.67
0.5 96.13 19.25 1.67
0 96.17 21.15 1.76
0.01 95.97 21.9 2.14
0 95.66 23.12 2.27
0 95.67 23.17 2.62
0 95.76 24.39 3.25
0 95.87 24.75 3.1
0 95.96 25.19 2.33
1.42 95.85 22.26 2.18
0.04 95.59 21.57 3.01
0.42 95.26 22.66 2.11
16.06 95 22.99 3.18
64.81 94.88 22.11 2.79
1.36 94.76 23.2 2.54
9.23 94.88 23.81 1.71
78.47 94.96 21.44 2.08
11.69 95.03 21.02 2.03
1.8 95.12 23.12 1.54
0.17 95.49 22.87 2.95
0.02 95.1 22.85 2.27
15.41 95.43 20.2 2.18
0 95.51 23.23 1.56
0 95.39 25.11 1.81
0 95.38 26.22 2.27
0 95.32 25.73 1.93
24.51 95.13 22.3 1.75
63.27 95.05 22.07 1.4
0.25 95.1 23.83 1.4
0.07 94.89 24.78 1.62
102.26 94.8 22.04 2.22
3.59 94.8 25.08 1.52
0.04 94.81 27.66 1.51
7.26 94.78 26.74 2.55
0 94.77 26.37 3.15
0.04 94.94 24.81 2.58
17.7 95.24 20.93 2.09
5.48 95.42 22.33 2.02
1.04 95.4 22.25 2.08
76.02 95.21 20.83 1.91
70.25 95.18 20.92 1.45
178.61 95.45 20.34 1.27
5.68 95.68 22.55 1.19
0 95.62 24.27 1.96
69.21 95.18 22.83 2.55
6.27 94.97 24.72 3.27
1.11 95.19 25.84 2.32
3 95.15 26.98 2.39
12.37 95.23 25.63 2.69
246.2 95.16 23.45 1.96
1.61 95.4 24.47 1.58
3.23 95.5 25.83 1.57
3.17 95.55 26.69 1.63
3.54 95.66 27.45 1.57
0.53 95.52 27.59 2.24
11.68 95.4 27.5 2.07
12.4 95.07 26.78 2.32
112.51 94.67 25.86 2.76
9.3 94.69 22.76 1.43
28.77 94.65 25.74 1.43
136.18 94.96 22.45 2.02
0 95.57 21.56 2.27
0.02 95.48 22.88 1.64
8.53 94.75 24.56 2.78
58.59 94.95 23.61 1.95
148.5 95.35 22.16 3.09
0 96.12 20.91 1.81
19.86 95.76 20.8 1.59
135.19 95.03 22.33 2.51
22.77 95.11 22.48 2.37
0 95.32 21.91 1.94
0 95.04 24.82 2.45
25.28 94.78 24.44 1.77
3.21 94.66 25.62 2.17
26.86 94.56 23.98 2.87
0 95.05 22.23 2.9
0 95.43 22.9 1.63
23.67 95.44 23.15 2.54
8.05 95.63 23.43 2.79
120.57 95.78 22.31 2.12
1.64 96.07 23 1.83
168.03 95.97 18.83 1.53
71.19 95.92 18.96 1.37
1.2 95.92 20.04 1.45
0 95.84 22.51 1.85
0.08 96.09 21.68 1.52
1.37 96.27 21.84 1.73
0 95.98 21.05 1.71
2.25 95.78 20.66 1.37
26.9 95.39 21.08 1.66
11.57 95.52 20.96 1.81
0.75 95.57 21.65 1.87
28.54 96.07 20.47 1.5
3.73 96.2 21.05 1.49
0.04 96.09 20.03 1.11
0 95.81 20 1.69
0 95.59 22.38 1.67
1.9 95.79 23.36 1.64
0 96.34 18.11 1.87
0 96.17 17.22 1.37
1.61 95.73 17.78 1.32
15.6 95.37 18.87 1.74
0.42 95.61 19.46 1.36
0 95.75 20.69 1.12
1.6 95.81 22.35 1.47
0 95.91 22.29 1.5
4.08 95.71 21.65 2.4
124.66 96.1 15.08 2.38
275.29 96.21 9.62 2.11
152.48 96.06 12.51 1.35
0 95.78 16.2 1.57
39.97 96.02 14.71 2.18
193.09 96.64 9.97 2.82
0 96.54 9.97 2.01
0 96.34 12.7 1.53
0.53 96.07 14.68 1.61
12.71 95.82 15.73 2.81
0.34 96.01 13.12 2.3
0 95.95 10.93 4.52
0 96.8 8.96 2.96
0 96.39 10.04 1.46
0.04 96.08 15.01 1.87
1 96.44 12.73 1.43
325.16 96.15 8.07 2.47
89.32 96.07 7.48 3.2
0 96.2 9.72 2.09
0 95.82 13.33 1.47
0 95.69 16.88 2.2
0 95.85 18.09 2.99
0 95.8 17.42 2.74
0 95.34 17.02 2.92
25.78 95.96 11.02 2.45
125.79 96.37 5.4 2.41
0 96.48 8.21 1.69
0 96.03 10.04 1.63
0 96.21 8.64 2.93
0 95.75 7.64 2.96
0 96.58 2.72 3.03
0 97.16 0.77 1.33
16.01 97.12 0.05 1.27
44.97 97.12 1.5 1.26
0 96.99 2.53 1.33
0 96.47 3.8 1.41
0 96.14 8.73 1.86
5.88 96.32 9.2 2.72
3.14 96.86 3.68 3.81
0 97.21 0.3 4.19
0 97.89 -1.28 2.9
0 97.07 0.71 1.93
0 96.92 4.83 2.22
0 96.91 6.25 1.8
0 96.97 6.26 1.76
0 96.79 6.45 2.21
0 97.32 2.47 3.61
0 96.88 1.77 1.98
0 96.43 5.54 2.1
0 96.52 4.96 1.4
0 96.2 7.09 1.93
0 95.91 7.4 1.8
7.85 96.07 3.83 2.78
0.35 96.58 0.41 3.65
0 96.29 -1.11 1.48
0 95.87 -0.12 1.43
50.59 95.27 0.57 3.76
2.25 95.77 -0.47 2.32
1.81 96.74 -1.05 3.46
0 97.73 -4.61 2.49
0.03 97.08 -3.12 2.41
0 96.41 0.16 1.7
0 96.34 1.31 2.19
0 95.99 5.24 3.64
0 95.53 3.81 2.39
0 95.3 5.99 2.07
0.22 95.43 2.38 4.63
0 96.24 -2.84 2.28
0 96.11 -1.99 2.16
0.01 96.28 -1.68 4.13
0 96.61 -6.56 2.28
0.5 95.79 -6.47 1.9
0 96.08 -6.8 6.13
0.5 96.32 -8.03 1.78
0.39 96.23 -7.53 1.27
0 95.81 -3.29 2.05
0.08 95.41 -3.52 2.13
0.07 95.97 -7.98 3.46
0 96.1 -6.04 2.41
0 95.03 1.46 2.23
0 96.43 -3.28 3.59
0 96.98 -6.07 3.24
0 95.71 -5.77 2.21
0 95.68 -7.17 1.76
0 95.23 -5.91 2.04
1.65 95.02 -8.41 4.23
0 96.09 -12.56 1.94
1.96 96.46 -14.26 2.56
0.14 97.17 -15.71 2.84
0 97.04 -16.09 3.86
0 96.73 -15 3.86
0 95.43 -9.49 2.85
0 95.29 -6.66 1.65
0 95.32 -4.1 1.93
0 95.57 -3.74 2.36
0 95.85 -1.68 1.81
0 95.61 -7.56 1.49
0.3 96.18 -10.88 2.92
0 97.44 -16.75 3.71
0 97.41 -16.01 3.6
0 96.5 -15.14 3.42
0 95.39 -11.89 3.31
0 95.07 -9.75 2.2
0 95.7 -11.65 3.75
1.67 95.97 -12.56 2.08
0.03 96.1 -12.31 5.18
0.52 96.62 -11.23 5.83
0 97.23 -11.01 3.39
0 97.4 -12.03 2.91
0 97.02 -12.94 1.18
0.01 96.62 -12.78 1.82
0.02 96.74 -11.43 4.61
0 97.35 -10.23 3.72
0.01 96.69 -7.94 2.04
0.2 96.56 -9.27 3.44
0 97.12 -12.94 3.55
0 96.38 -10.89 2.32
0 95.92 -11.73 3.71
0 96.11 -13.51 1.83
0.01 96.09 -11.51 2.48
0.03 97.11 -14.87 2.71
0 97.54 -17.43 3.72
0 97.34 -15.32 2.41
0 97.15 -14.24 2.79
0 96.86 -14.21 2.77
0 96.84 -14.4 2.96
0 96.75 -12.83 2.22
0 96.57 -12.79 1.71
0 96.56 -13.44 2.91
0.04 96.84 -14.18 3.54
0.01 97.02 -14.25 2.24
0.11 97.18 -14.93 2.44
0 97.61 -15.5 1.7
0 97.9 -14.27 2.34
0.02 97.43 -14.46 2.87
0 97.12 -14.2 3.63
0 96.89 -11.01 2.93
0 96.45 -3.53 2.96
0 96.17 -4.4 1.62
0 96.13 -7.85 1.39
0 95.98 -5.99 2.06
0 96.25 -5.94 2.28
0.03 95.42 -3.49 4.32
0.08 95.97 -2.75 2.8
0 95.74 -6.57 1.98
1.56 95.83 -7.17 3.08
0.11 96.65 -10.21 1.96
0.85 96.67 -10.17 1.26
0.92 96.91 -13.16 3.64
0 97.04 -12.25 2.31
0.13 96.96 -11.58 2.19
0.09 96.9 -11.68 1.7
0 96.16 -4.6 2.57
1.25 96.15 -5.39 1.51
3.04 96.56 -4.8 2.55
0 96.54 -4.38 1.94
0 96.38 -0.15 2.32
0 96.72 -0.95 1.78
0 96.33 1.1 2.03
0 95.82 2.4 3.74
3.65 95.65 1.29 2.32
0.62 96.39 -3.81 2.66
0 97.05 -5.12 1.81
7.03 96.45 -2.18 4.03
0.46 97.22 -8.69 3.73
0.11 96.72 -7.81 3.67
0 96.39 -6.26 2.82
0 96.4 -6.5 2.42
0 96.51 -4.35 2.67
0 96.16 -1.26 1.81
0.18 95.65 1.26 2.51
0 96.45 -1.24 3.99
0 96.17 -0.97 4.18
0 96.23 -3.02 4.94
0 96.59 -1.49 3.73
0 96.31 0.23 3.19
0 95.72 2.43 3.11
0 94.99 6.91 2.17
0.02 95.7 2.14 4.47
0 96.88 -1.91 4.02
0 96.57 -4.26 4.84
0 96.34 -3.14 3.23
0 95.73 3.26 3.38
0 95.35 5.29 4.67
0 95.81 2.07 3.29
0 96 0.36 2.23
0.87 96.58 -2.71 3.68
0 96.69 -2.21 3.15
0 96.42 -1.81 2.44
0 96.54 -1.76 4.4
0 101.49 -0.07 2.72
0 101.45 1.43 2.88
0 101.28 3.3 3.09
0 101.56 3.06 1.91
0 101.19 7.53 3.36
0 100.91 8.19 1.94
0 100.46 10 3.73
0 101.76 3.01 4.4
0 101.71 2.66 2.55
0 101.24 6.05 2.44
0 101.16 7.85 1.54
0 96.2 10.31 3.17
0.12 95.48 11 4.82
1.78 95.82 8.19 3.86
0 95.82 8.73 3.91
0 95.65 9.42 4.1
1.65 96.33 6.06 3.1
0 96.01 9.31 3.07
0 95.37 15.11 3.46
0 95.49 14.18 1.86
0.06 94.74 16.03 2.86
0 95.59 10.92 4.83
0 95.35 12.33 4.01
3.85 95.31 8.56 6.59
1.41 95.98 7.22 5.01
0 95.85 10.08 2.4
0 95.26 13.83 4.02
40.46 96.01 8.15 2.39
3.63 95.88 7.06 2.01
9.3 95.61 5.99 2.78
2.33 95.17 7.28 4.02
0.13 94.78 9.15 2.02
6.95 94.8 9.36 2.83
3.85 95.47 8.05 2.88
0 95 9.88 1.83
42.59 94.4 8.46 1.62
9.17 94.3 10.01 2.54
1.64 95.19 13.56 3.9
0.44 95.45 11.8 3.79
0 95.78 13.13 2.99
1.49 95.38 13.38 3.26
122.57 94.61 9.74 3.13
0.11 94.6 11.21 3.2
0.02 95.12 13.59 2.92
1.35 95.14 15.37 3.87
21.02 94.9 16.77 2.89
0 95.17 18.44 1.97
0.25 94.82 17.23 4.64
0.49 94.72 13.91 6.11
0 94.91 16.12 6.39
0 95.08 16.53 4.1
0 95.64 13.84 3.72
0 95.61 14.75 2.16
0.01 94.56 17.36 2.82
20.23 94.3 18.32 4.02
12.89 95.44 14.3 3.14
0.94 95.55 12.62 3.55
0.45 95.44 13.21 3.91
0 95.29 17.92 2.69
0 95.43 18.72 2.73
0 95.56 21 2.88
4.72 95.46 21.07 4.48
9.86 95.41 19.31 4.64
0.02 95.21 20.94 3.39
0.98 95.02 24.36 5.82
10.07 95.14 22.69 2.6
60.55 94.72 18.92 2.86
12.67 94.64 17.44 2.88
0.03 95.08 19.8 2.55
4.32 94.8 20.96 4.64
6.32 94.9 19.22 3.85
0.91 95.17 19.98 2.08
0.87 95.02 23.43 2.11
23.4 94.41 24.87 3.21
16.3 94.16 21.95 2.73
25.65 94.4 21.62 2.12
0 94.8 22.87 2.91
32.82 94.77 20.99 2.08
252.32 94.94 16.66 2.26
13.46 95.1 19.65 2.17
15.69 95.15 21.33 1.58
52.53 94.97 19.92 1.97
69.13 94.95 18.43 2.07
119.01 95.16 17.25 1.65
0.63 95.28 20.27 1.4
0 95.2 23.26 1.37
0 95.04 25.61 2.29
0.08 94.74 27.06 2.97
0 94.68 27.11 2.7
9.83 94.48 22.2 2.53
78.63 94.73 16.9 2.58
0.97 95.4 19.98 2.37
0 95.76 21.11 1.67
9.43 95.17 21.78 2.81
17.67 94.48 22.39 2.32
4.55 94.65 24.61 2.61
0.04 94.81 24.83 3.48
22.11 94.73 23.23 2.83
74.91 94.81 21.95 1.8
0.39 94.69 23.66 2.46
0 94.79 24.27 2.45
0 94.92 25.38 2.14
26.15 94.44 23.02 2.52
1.36 94.12 25.3 3.17
85.33 94.25 18.6 1.51
39.54 94.32 18.79 2.56
4.64 94.96 21.66 1.86
15.38 95.14 23.37 2.29
14.86 95.21 24.02 2.28
6.76 95.23 23.78 2.42
1.47 95.04 24.04 1.7
75.4 95.15 22.22 1.87
12.8 95.12 23.01 1.49
34.34 95.01 22.35 1.81
37.46 95.06 21.62 1.49
38.61 95.11 22.48 1.14
226.21 94.96 21.15 1.41
88.22 94.89 21.48 1.77
84.01 94.82 22.31 2.11
21.43 94.77 23.56 1.97
0.28 94.85 25.1 1.61
28.43 94.84 25.34 2.42
361.82 94.67 22.65 2.51
126.68 94.57 22.72 2.24
8.71 94.79 23.15 2.28
1.51 94.99 24.74 1.75
38.85 95.17 22.77 1.47
118.84 94.82 21.38 1.69
0.03 94.88 23.47 1.57
0.57 95.01 24.49 2.21
0.68 95.39 23.38 1.84
0.09 95 23.74 2.17
0 94.95 23.79 2.1
0.03 95.16 24.34 1.77
6.74 95.15 23.51 1.47
11.79 95.17 23.92 1.65
18.48 94.79 23.85 1.55
12.84 94.89 25.42 2.01
0 95.31 24.77 1.49
0 95.16 25.35 1.42
0 94.87 25.87 1.85
38.4 94.64 25.31 1.93
59.43 95 21.33 1.78
220.83 95.06 18.93 1.49
22.92 95.06 21.65 1.57
21.3 95.23 21.14 1.24
0.16 95.48 21.67 1.45
0.27 95.63 22.21 1.29
0 95.62 23.51 1.42
0.94 95.51 23.41 1.81
30.24 95.74 21.41 1.76
0 95.74 20.64 1.28
15.7 95.71 20.58 1.45
3.31 95.93 20.64 1.48
0.34 96.01 21.72 1.72
19.43 95.81 20.07 1.83
13.79 95.48 21.03 1.39
1.4 95.37 22.51 1.43
0 95.3 23.53 1.49
25.59 95.05 22.7 2.89
1.01 95.59 19.25 1.54
0 95.4 19.98 1.62
2.49 95.92 18.15 1.71
0.24 95.85 18.76 1.29
0 95.91 18.1 1.14
0 95.45 19.33 1.29
25.92 95.07 18.63 2.91
2.78 95.73 13.85 2
0.11 96.29 13.44 1.99
2.78 96.54 14.21 1.98
9.68 96.01 17.07 1.94
0.23 95.73 17.89 2.43
0.05 95.29 20.43 2.97
29.54 95.41 17.35 2.01
9.44 95.65 14.56 1.72
40.12 95.99 12.81 2.52
0 96.38 9.95 2.39
0 96.8 9.97 2.19
0 96.62 10.62 1.42
0 96.28 11.9 1.56
0 95.86 13.25 1.5
0 95.96 14.26 1.97
0 95.86 14.77 1.71
0 95.57 17.2 2.59
0.13 95.88 17.63 1.67
0.1 96.03 18.42 2.63
0.03 95.85 18.62 2.56
4.6 95.71 15.3 2.35
0.29 96.17 9.12 2.86
0 96.68 7.03 2.55
0 96.72 7.79 2.89
0 97.17 8.41 2.85
0 96.82 9.59 1.41
0 96.13 11.39 2.04
0 95.54 13.08 3.62
0 96.16 10.41 2.58
0 96.15 10.54 1.43
0 95.9 14.02 2.41
0.08 96.32 13.79 2.95
0 96.85 9.44 1.36
0 96.54 12.09 1.81
0 95.96 14.29 1.39
68.16 95.42 11.18 1.68
6.48 95.33 9.63 1.82
1.62 94.93 9.37 2.45
1.48 95.44 9.24 4.28
0 96.49 5.15 2.32
0 96.53 8.46 1.57
0 96.32 11.13 2.44
0.01 96.14 14.7 3.36
0 96.09 13.83 2.08
0.3 96 10.88 1.34
32.95 96.56 5.21 3.93
0.02 96.88 3.15 3.45
0 96.9 4.56 1.92
0 96.47 6.19 1.62
0.82 96.32 7.64 2.18
0 96.6 6.68 1.51
0 96.25 6.91 1.47
0 96.03 9.62 3.18
0 96.23 10.75 3.7
2.02 96.44 11.9 2.65
0.14 97.07 5.44 1.61
0.85 96.75 7.36 1.7
3.63 96.49 10.11 2.96
0.31 97.21 3.47 2.96
0.04 97.06 2 1.41
0 96.97 3.4 1.87
0 96.95 3.01 1.57
0 96.74 2.05 1.29
0 96.11 2.41 1.32
0 95.5 4.34 2.05
0 95.77 5.89 3.28
0.08 96.6 -1.36 2.83
0 96.73 -4.46 1.47
0 96.78 -3.72 1.49
0 96.99 -1.2 1.77
44.17 96.33 0.11 1.09
7.79 96.12 -0.86 3.03
0.87 96.33 -4.93 3.25
0 96.8 -6.16 2.41
0 96.81 -4.49 1.72
18.14 96.43 -5.7 2.24
0.6 97.03 -7.63 3.24
0 96.77 -8.83 1
0.07 96.75 -7.1 1.41
0.94 96.04 -0.34 1.61
0 96.14 -1.8 1.21
0 97 -3.7 2.67
0 97.55 -8.36 1.66
0 97.82 -7.98 2.2
0.09 97.08 -8.03 1.01
0.03 96.37 -5.81 1.06
0 96.57 -6.48 1.55
0 96.92 -8.16 1.28
0.81 97.16 -8.98 0.8
0.9 97.1 -6.19 0.91
0.67 97.38 -7.38 3.01
0.02 97.69 -11.44 3.92
0 97.28 -10.81 3.25
0.01 96.42 -6.51 3.86
0 96.47 -3.47 2.51
0 96.97 -6.97 1.47
0.01 96.25 -3.46 3.1
0 96.95 -8.66 4.46
0 97.19 -12.35 3.68
0 97.3 -11.82 3.59
0 97.05 -10.21 2.4
0 97.1 -10.21 2.16
0 97.03 -11.39 0.99
0 96.66 -10.4 2.07
0 96.61 -9.56 3.46
0 96.89 -11.51 2.19
0 96.39 -9.67 2.62
0 96.6 -13.21 1.44
0 97.11 -13.19 1.31
0 97.36 -12.24 1.37
0 96.85 -8.42 1.51
0 97.27 -11.09 1.88
0 97.61 -15.01 1.23
0.08 97.04 -13.02 1.11
0.01 96.82 -9.98 2.09
0.49 97.22 -11.47 2.07
0.71 96.64 -11.89 2.21
0.27 96.79 -12.23 3.92
0 97.01 -11.75 2.46
0 96.82 -11.97 1.9
0 97.65 -14.4 1.42
0.11 97.54 -15.28 1.08
0 97.1 -12.71 1.3
0 97.08 -13.73 1.05
0.12 97.11 -13.27 2.78
0 97.2 -12.58 2.77
0 96.31 -7.45 2.71
0 96.56 -9.45 1.95
0 96.49 -9.38 1.97
0 96.24 -10.64 1.15
0.05 96.07 -9.6 1.15
0.07 96.29 -11.95 0.94
0 96.44 -11.4 1.2
0 96.9 -11.96 1.11
0.01 97.57 -13.77 3.6
0 97.44 -17.65 2.85
0 97.09 -17.5 2.76
0 96.57 -17.33 2.16
0 96.4 -16.46 2.34
0 96.01 -14.44 2.39
0 96.13 -13.71 1.81
0 96.67 -15 1.58
0 96.89 -15.05 1.58
0 97.29 -15.63 1.81
0.04 96.92 -17.6 1.23
0.26 96.41 -16.25 3.39
0 97.21 -17.17 4.22
0 97.19 -15.27 3.01
0 96.2 -13.03 2.68
0 96.28 -9.96 2.37
0.13 95.71 -6.64 2.03
0.03 96.33 -12.1 4.99
0 96.56 -15.25 4.51
0 96.13 -12.32 4.33
0 96.32 -10.25 2.87
0 96.68 -11.19 2.53
0 96.71 -11.19 1.78
0 96.41 -8.62 2.36
0.03 96.12 -4.35 2.02
0.25 96.68 -8.63 3.09
0 96.64 -10.53 2.67
0.04 96.72 -11.1 3.46
0 96.84 -12.33 4.62
0 96.74 -9.7 3.2
0 96.13 -5.92 2.63
0 96.29 -8.06 1.96
0 96.07 -9.63 1.18
18.13 95.65 -7.55 2.65
0 96.59 -7.2 2.44
5.34 96.44 -6.36 2.24
0.08 96.9 -8.18 3.29
0 96.85 -8.38 2.07
0 96.31 -6.22 1.74
0 95.91 -1.47 2.64
0 96.08 -0.29 1.99
5.69 96.66 -3.61 1.76
0.38 96.86 -7.12 1.98
0.28 96.83 -6.05 1.59
0.07 96.2 -1.95 1.72
34.4 95.47 -3.03 1.36
34.58 95.49 -4.04 2.5
0.03 96.13 -4.74 3.1
0 96.88 -7.69 3.22
0 96.62 -8.62 1.79
0.2 96.46 -7.86 4.48
0 96.93 -7.32 3.71
0 96.63 -5.8 1.94
0 95.94 -1.6 2.87
0 96.51 -0.9 2
0 96.11 2.72 3.35
4.56 95.19 5.61 3.94
8.45 95.92 -3 3.65
7.75 96.75 -7.74 2.71
0 96.47 -2.03 2.43
0 96.42 -0.25 1.84
0 95.76 4.77 3.82
0 96.37 2.64 1.73
7.48 95.46 1.24 3.89
0 95.85 0.29 5.55
0 96.34 0.49 3.55
0 96 4.94 2.5
0 96.2 8.67 3.18
0 96.4 9.29 3.33
0.28 95.35 10.43 7.41
0.53 96.02 1.92 4.57
0.26 96.03 -0.11 4.63
0 96.1 -0.38 1.86
4.07 95.93 1.6 2.55
0 95.53 4.41 3.96
0 95.34 4.73 4.83
0 95.61 4.09 4.52
0.11 96.02 3.45 2.66
0 95.52 9.46 3.74
0 95.59 10.87 4.59
0 95.52 13.04 3.55
8.23 95.24 13.82 5.4
4.75 95.6 8.32 4.62
0 95.03 12.19 3.32
0 94.89 14.38 3.51
0 94.91 14.97 3.3
1.02 95.53 9.73 3.63
0 95.85 9.24 2.66
0 94.89 16.06 3.68
0 94.94 18.39 3.94
1.33 95.39 14.63 4.68
41.04 95.9 13.18 2.99
2.05 95.32 12.59 2.34
0.4 94.66 14.1 1.87
0.57 94.61 17.58 3.89
162.07 95.1 12.66 2.45
86.69 95.03 9.6 4.26
0 94.46 11.18 3.68
0.11 94.12 11.93 7.09
0 95.41 9.96 3.57
0 95.41 12.61 2.66
0.7 95.08 17.81 3.68
0.39 95.7 16.63 2.42
15.69 95.18 17.05 2.04
0 95.22 20.82 2.29
0.74 95.38 20 2.41
0 95.44 18.06 3.75
0 95.08 17.36 2.45
0.83 95.07 16.91 1.98
0 95.28 18.3 2.15
0.05 95.55 20.31 2.5
8.63 95.77 19.91 2.53
61.1 95.8 15.34 1.65
28.06 95.31 13.64 2.41
20.17 95.08 11.95 2.92
4.94 95.02 12.69 3.93
0.01 94.75 12.86 2.94
8.61 94.5 12.62 4.65
0.1 94.97 16.03 1.79
0 94.86 22.22 3.73
13.78 95.44 19.99 3.09
4.94 95.8 19.07 2.12
0.12 95.63 20.86 3.87
3.77 95.35 19.85 3.7
6.18 95.47 17.74 3.21
0 95.47 17.21 2.99
0 95.25 18.34 2.48
0 94.91 20.19 2.44
0 95.39 20.61 2.15
0 95.5 23 2.19
8.79 95.51 20.34 2.66
60.02 95.92 15.16 2.93
0.19 96.02 17.27 1.7
11.82 95.6 17.27 3.32
24.97 95.33 16.94 2.67
102.1 95.13 15.76 2.17
14.69 94.79 18.64 3.03
2.21 94.97 20.76 2.21
6.56 94.55 20.62 2.48
17.46 94.42 22.21 2.43
37.93 94.41 22.11 2.39
70.38 94.28 21.27 3.07
16.26 94.42 17.6 2.62
2.11 94.12 17.09 3.3
12.14 94.23 16.84 2.01
105.08 94.86 14.56 1.72
345.71 95.09 14.89 2.2
182.81 95.07 15.92 2.66
5.68 94.93 19.52 1.58
9.64 94.83 22.18 1.56
11.05 95.03 21.51 1.78
44.23 94.78 21.81 1.38
9.71 94.81 22.59 1.79
2.84 94.97 22.42 1.41
62.44 94.95 20.84 1.63
1.09 94.7 22.26 2.22
38.94 94.71 22.48 2.98
25.31 95.08 21.34 2.39
13.59 95.46 22.85 2.39
1.48 95.62 23.14 1.75
3.33 95.35 21.21 2.52
68.71 94.92 21.14 2.25
0 94.74 23.89 2
4.33 94.38 24.54 3.59
5.43 94.38 22.78 3.23
0.94 94.36 22.7 2.87
0.11 94.74 23.42 1.65
1.15 94.89 23.2 1.75
0.67 94.77 24.19 1.54
18.41 94.75 24.71 2.15
72.77 94.74 25.32 2.36
30.15 94.8 24.68 2.19
204.13 94.41 20.92 1.74
53.19 94.15 19.53 2.56
93.16 94.54 19.48 2.9
16.39 95.06 21.49 2.86
0 95.07 21.58 1.5
0 95.1 22.9 1.53
0 95.35 24.65 1.37
0 95.46 24.87 2.07
0.2 95.28 24.63 2.17
2.18 95.12 24.84 1.5
8.51 95.06 25.09 1.76
47.8 95 23.86 1.67
492.08 94.57 22.15 3.49
0 95.06 23.62 1.5
0 95.28 24.08 1.88
6.47 95.2 24.62 2.49
96.06 94.81 25.41 3.19
1.97 95.19 24.2 1.55
124.4 94.75 23.12 2.56
22.88 94.4 24.02 3.5
0.34 95.07 22.42 1.7
72.86 95.39 20.24 1.45
148.78 95.54 19.3 1.58
193.87 95.46 20.11 1.45
24.19 95.51 21.73 1.64
170.3 95.53 21.87 1.66
0 95.71 23.51 1.21
0 95.54 24.26 1.27
0 95.15 25.58 1.92
14.39 95.04 25.13 1.93
9.84 95.33 23.83 1.36
0 95.21 24.05 1.64
20.47 95.31 20.52 2.14
29.51 95.31 18.33 2.02
0.97 95.42 20.21 1.63
2.87 95.12 19.32 1.91
2.83 95.17 21.36 1.64
0 95.53 22.31 1.95
0.08 95.1 23.32 3.01
85.54 95.12 23.12 2.25
4.37 95.22 21.5 1.36
19.72 95.19 20.53 2.27
8.52 95.82 16.74 1.71
0.06 95.95 16.86 1.9
0 95.7 20.39 2.53
0 95.64 22.07 2.27
0.25 95.49 22.45 2.29
1.9 95.55 21.51 1.4
16.05 95.44 21.37 1.6
0.96 94.96 22.59 1.9
1.33 95.09 23.71 2.57
0 95.34 24.76 2.02
0 95.46 25.53 2.18
0.68 95.51 24.88 1.99
204.46 95.46 17.5 3
49.12 95.83 13.73 2.78
0.58 95.87 13.46 1.66
1.8 95.98 16.17 1.9
0 95.89 19.71 2.12
28.49 96.03 18.28 1.63
1.81 95.94 17.37 1.14
0 95.85 18.7 1.21
0 95.78 20.68 1.74
36.37 95.46 19.65 2.07
86.88 95.46 13.76 3.22
0.38 95.6 12.32 2.33
0 95.99 14.19 1.54
0.12 96.47 14.37 1.16
0 96.57 14.03 1.28
0 95.89 14.9 2.15
0 95.41 15.8 2.26
0.2 95.41 15.94 1.33
0 95.63 17.57 1.55
2.45 95.54 18.77 2.16
1.16 95.56 17.72 1.47
3.59 95.9 16.14 1.37
0.33 96.22 16.06 1.53
19.12 96.07 15.43 1.94
2.66 96.32 15.2 1.15
73.16 95.96 11.46 1.51
95.73 95.88 9.9 6.09
1.85 96.09 11.75 3.63
0 96.12 11.16 1.5
0 95.97 12.67 1.37
0.53 95.77 14.06 2.01
1.49 95.58 13.43 2.69
0 95.72 13.2 1.94
0 96.28 11.19 1.69
0 96.7 11.98 1.23
0 96.55 13.5 1.31
0 96.04 15.87 2.19
31.35 95.61 13.25 2.95
0 96.14 8.58 2.03
0.02 95.76 10.31 2.1
0 95.57 12.81 1.81
0.13 95.93 9.26 3.52
0 96.38 7.18 2.24
0.01 96.52 7.47 1.98
54.03 95.84 9.23 3.22
0 95.89 4.72 3.46
0 95.99 5.55 2.23
0 95.82 8.18 2.13
0 96.24 6.49 1.64
66.32 96.55 2.24 1.03
80.66 95.95 2.45 1.69
0 95.63 6.02 1.68
0 95.35 9.22 2.68
0 96.01 8.69 1.84
0 96.03 11.03 2.36
6.78 95.89 10.96 3.01
0 96.86 3.77 1.65
1.72 96.76 0.52 1.92
0.09 96.35 0.39 3
0.06 96.18 0.06 2.17
0 96.18 2.11 1.53
0 96.41 0.65 1.88
12.68 96.4 1.51 1.42
183.14 96 0.91 75.25
65.62 96.23 -0.29 3.15
0 96.3 -2.92 1.33
0 95.95 -0.79 1.64
0 96.19 -0.11 1.46
0 96.66 -2.17 1.19
47.17 96.34 -1.77 0.98
154.17 94.95 -2 4.97
0.66 95.47 -3.66 3.48
0 95.54 -5.37 4.36
0 96.38 -4.48 2.97
0 96.68 -6.16 1.33
21.49 96.13 -2.73 1.65
0 96.04 -5.48 73.08
0.02 95.75 -5.08 2.56
0.01 96.3 -3.11 2.81
0 96.38 -5.29 1.36
0 96.02 -2.26 2.27
5.34 96.52 -5.24 2.31
0 96.43 -6.05 2.33
0 95.9 -4.93 2.17
0 95.82 -3.04 3.2
0 95.92 -7.39 2.58
0 95 -3.52 3.78
0.02 95.72 -6.02 3.86
0.02 96.32 -9.03 1.98
0 97.04 -12.49 2.21
0.13 96.71 -13.55 1.77
0.5 95.58 -4.66 2.76
2.54 95.74 -7.46 3.77
0 96.06 -10.66 1.74
0 96.07 -12.57 2.98
0 96.04 -14.49 2.57
0 96.2 -15.88 2.27
0.01 96.18 -16.37 4.31
0 96.31 -11.37 4.11
0.05 96.96 -13.11 1.46
0.03 97.11 -13.24 1.14
0.08 96.56 -11.73 1.43
0.02 96.56 -9.18 1.25
12.58 96.64 -10.22 1.4
1.04 96.43 -8.74 1.49
0.36 96.82 -11.97 1.18
0 97.13 -12.26 3.66
0 97.25 -14.38 2.5
0.01 96.71 -14.99 1.08
0.15 96.83 -12.16 207.1
6.09 96.79 -10.14 3.36
0.01 97.28 -15.59 3.08
0 97.08 -19.32 2.27
0 96.23 -18.33 3.76
0 97.39 -18.34 2.58
0 97.13 -18.59 1.28
0 96.53 -13.86 1.27
4.64 96.52 -14.49 1.08
16.55 96.52 -12.35 3.81
0 96.16 -15.13 3.25
0.03 95.64 -15.47 1.63
0 96.07 -17.31 3.94
0 97.17 -17.98 4.74
0 97.76 -15.75 2.28
0 96.81 -16.14 1.56
0 96.64 -14.47 1.58
0 96.55 -15.81 1.37
0 96.46 -15.51 1.67
0.03 96.88 -16.82 1.9
0 96.68 -15.57 1.7
0 96.56 -15.64 1.32
1.02 96.19 -13.91 1
0 96.27 -12.94 1.58
0 96.28 -13.69 1.05
0 96.74 -10.9 1.96
3.08 96.49 -13.72 1.77
0 97.16 -14.38 2.73
0 97.41 -12.19 1.73
0 96.42 -8.33 2.24
0 96.95 -10.13 1.36
10.06 96.99 -10.07 1.04
0.39 97 -9.35 1.97
0 96.76 -13.04 1.21
0.02 95.61 -8.46 2.41
0.05 96.21 -13.89 4.2
0 96.29 -15.33 1.7
0.16 96.62 -15.04 1.22
0.04 96.52 -12.23 1.95
0 96.08 -7.37 1.38
0 96.35 -7.63 1.27
0.04 96.29 -6.14 1.5
1.82 96.22 -6.17 1.6
1.34 96.77 -7.98 4.25
0 96.92 -10.83 2.17
1.84 95.93 -9.2 2.36
0 96.66 -9.54 2.92
0.01 96.21 -8.42 1.89
2.35 96.53 -15.16 4.07
0 97.35 -17.66 5.19
0 97.25 -16.23 1.52
0.66 96.37 -12.23 2.1
0 96.97 -13.11 2.27
0.07 97.01 -12.48 1.75
0 96.27 -7.4 92.73
0 96.04 -5.31 2.7
0 96.7 -9.42 2.31
0 96.65 -10.34 1.59
0 95.94 -6.81 2.26
0.03 95.88 -5.08 4.1
0 96.62 -10.85 3.35
0 96.8 -12.52 2.23
0.02 96.74 -11.93 1.84
0 96.59 -8.55 2.83
0 96.79 -7.29 2.57
0 96.73 -4.78 1.78
0 96.91 -6.79 1.62
7.44 96.73 -7.33 1.95
0.6 95.82 -1.35 2.47
0 95.73 0.35 2.65
0.23 95.19 -2.5 5.87
0 96.98 -7.8 5.95
0 97.05 -5.54 1.87
0 95.95 -1.1 2.67
0 96.26 1.53 2.84
0 95.64 5.27 3.06
0 95.6 3.47 1.69
0 95.02 3.73 2.14
0 94.95 -0.03 2.46
0 95.02 -2.8 5.23
0 96.51 -1.93 2.11
0 95.72 4.18 3.62
21.08 95.69 0.07 3.79
0 96.88 -5.9 4.21
0 96.37 0.57 3.09
0 95.9 5.39 2.67
0 96.31 5.16 3
0 94.86 7.46 3.45
1.01 95.01 -2.6 3.8
23.29 95.78 -6.9 3.22
0.24 96.19 -6.89 2.94
0 94.91 0.99 5.71
0 95.92 -2.86 3
30.21 95.62 -5.15 3.47
0 96.29 -4.88 3.42
0 96.15 -1.77 1.88
0 95.15 4.25 4.12
2.43 95.36 1.51 3.59
0 96.2 -0.72 3.32
0 96.43 -1.58 2.47
0.37 96.32 -0.06 1.76
8.34 96.04 1.29 2.16
114.53 96.14 0.68 2.6
0 95.6 4.11 3.11
0 95.69 5.66 2.98
18.95 95.89 0.04 2.24
55.25 96.11 -0.65 3.21
0 95.88 -0.03 2.84
0.3 95.07 1.58 2.86
14.78 95.04 0.86 3
3.77 95.95 0.81 3.97
0.84 95.81 1.73 3.58
0 95.85 2.76 3.65
0 95.38 7.81 2.65
0.23 94.92 6.67 4.49
0 95.18 2.93 5.41
0 94.95 4.63 2.2
8.24 95.2 4.1 3.21
54.54 95.54 1.48 454.16
6.03 96.48 1.34 4.7
0 96.51 2.7 2.06
0 96.18 5.35 2.68
0 95.85 8.53 2.12
0.21 95.25 12.66 4.68
72.61 95.32 7.62 2.22
1 95.24 8.16 2.88
0.06 95.32 9.11 4.56
0 95.4 10.45 1.85
0 95.37 13.85 2.17
6.45 95.14 12.63 4.16
0.32 95.28 12.22 6.4
0.86 95.8 11.14 5.57
0.94 95.88 11.82 2.12
1.68 95.77 12.36 2.17
3.29 95.95 13.06 1.91
0 95.68 17.5 2.82
0 95.86 20.58 1.81
0 95.79 21.88 2.24
0 95.79 22.1 3.03
0.18 95.54 22.25 4.55
18.09 95.23 14.87 2.24
41.54 94.33 14.95 3.61
0 93.95 17.78 4.45
0 94.54 16.75 2.78
0 94.6 18.93 2.41
1.05 95.19 16.69 4.88
0 96.12 16.58 2.64
0 96.03 17.99 2.33
1.37 95.37 18.87 3.05
0 94.81 19.7 3.43
17.07 94.17 15.98 4.72
0.02 94.18 17.97 4
0 94.53 19.12 2.97
0 95.43 20.17 2.35
12.7 95.2 24.13 4.42
1.39 95.79 18.57 2.23
0 95.4 21.31 2.28
1.66 95.15 21.63 4.08
1.55 94.95 20 4.12
1.47 94.7 19.9 3.11
0 94.98 19.74 4.3
0 94.82 24.08 2.84
0.03 94.42 26.1 5.04
0 95.16 20.29 2.66
7.4 94.92 18.85 3.45
0.1 95.1 19.17 3
10.56 95.73 18.19 2.56
31.81 95.59 18.79 2.66
4.34 95.36 19.47 3.38
2.95 95.16 22.5 3.17
0.75 95 22.99 4.13
37.75 95.4 17.08 2.77
2.99 95.63 17.95 1.76
15.22 95.36 16.31 1.95
5.34 95.13 17.98 1.92
0.04 95.17 22.78 3.9
0.17 95.15 24.58 4.07
3.62 95.04 24.8 2.87
113.34 95.02 19.63 2.31
8.84 94.73 21.68 1.64
37.74 94.43 21.02 1.81
0.4 94.77 23.77 2.1
0 95.29 24.09 2.35
0.1 95.46 24.32 1.88
1.17 95.2 23.42 1.55
8.94 94.88 22.68 2
29.97 94.75 21.84 2.75
84.93 94.52 20.94 2.57
108.97 94.21 20.35 1.87
44.96 94.33 22.52 2.23
66.01 94.77 21.44 1.97
142.92 94.82 22.47 3.01
39.54 94.76 23.22 3.54
62.46 94.52 23.07 2.5
193.71 94.05 22.63 2.73
0.1 94.02 24.82 3.4
2.05 94.03 25.03 2.64
1.67 94.39 24.88 2.15
1.19 94.61 25.39 2.61
8.31 94.45 25.48 3.85
51.83 94.74 24.04 2.15
81.19 94.95 22.11 1.41
1.47 95.15 22.98 1.3
0.62 95.14 23.11 1.26
22.34 95.12 23.34 1.96
50.65 95.29 22.88 1.96
0.31 95.28 24.32 1.78
205.72 94.59 22.09 2.44
135.06 94.39 22.97 3.12
0 94.98 24.1 2.55
0.22 94.87 23.04 2.78
120.58 94.79 21.46 2.19
4.79 95 22.31 1.82
0.26 95.01 24.12 1.66
11.87 94.87 24.05 2.11
18.78 94.44 23.98 1.7
1.75 94.49 24.34 3.21
0.02 94.82 24.73 1.97
0.03 94.85 25.3 1.7
37.49 94.64 23.28 1.8
14.71 94.54 25.44 2.32
0.46 94.5 25.55 1.56
1.52 94.31 26.37 1.82
10.71 94.44 25.65 2.09
13.91 94.71 25.86 2.98
0.35 94.95 25.96 2.7
1.23 94.74 25.89 2.57
12.28 94.37 26.63 2.57
21.74 94.23 25.43 1.75
27.54 94.4 26.07 2.26
15.5 94.64 26.62 2.05
11.07 94.43 26.93 1.95
28.37 94.63 24.76 1.66
1.72 95.04 25.69 1.43
4.64 95.13 26.97 2.57
38.72 94.84 25.22 2.73
6.02 94.84 25.63 2.76
56.24 94.78 26.38 2.39
6 94.85 25.84 1.67
211.87 94.32 24.32 1.46
0.11 102.3 25.68 2.4
0 95.33 22.7 2.7
0 95.59 21.95 1.89
2.58 95.58 21.45 1.25
2.44 95.15 24.05 2.23
0.48 95.29 23.12 1.98
0 95.49 22.69 1.57
0.06 95.49 22.92 1.65
14.56 95.22 22.11 1.86
15.73 95.33 19.57 2.06
13.12 95.27 19.25 1.44
244.6 94.67 18.24 1.31
37.73 94.87 15.53 3.03
0.11 95.54 16.1 2.42
16.72 95.61 17.14 2.08
2.25 95.88 15.89 1.66
7.09 96.04 16.08 1.53
0 96.12 16.22 1.37
5.51 96 17.12 1.64
131.66 95.98 14.86 1.41
32.13 96.03 14.95 1.12
6.47 96.07 16.43 1.35
1.58 96.02 18.1 1.53
19.6 95.54 19.02 2.18
0.14 95.63 17.37 1.68
0 95.69 17.98 2.64
1.52 95.45 20.73 3.17
27.23 94.79 20.58 3.26
0.21 95.14 19.91 3.4
0 95.79 13.91 1.83
0.8 95.47 16.45 1.77
6.56 96.04 16.43 1.28
10.94 96.5 15.69 0.91
7.22 95.52 19.82 3.14
0 95.93 18.37 1.63
0.04 95.95 18.89 1.23
2.7 95.8 18.83 2.75
49.18 96.15 13.44 2.97
0 96.42 9.26 2.23
0 96.25 10.99 2.46
0 95.9 12.37 2.24
0 95.21 18.06 3.47
0 95.32 16.32 2.73
0 96.24 13.01 1.26
1.04 96.15 13.96 1.83
119.43 96.16 11.24 2.24
0.02 96.27 10.83 2.74
0 96.1 9.42 1.81
0 95.37 17.38 3.49
0 96.44 13.54 1.35
0.01 96.41 15.11 2.59
0.03 96.68 12.29 2.48
0.22 96.2 11.15 1.82
0 95.17 15.88 2.71
14.85 95.22 14.1 3.94
0 95.69 10.91 3.01
0 96.19 11.6 1.55
33.2 96.22 11.19 2.85
4.46 97.08 4.44 4.31
0 97.12 3.07 1.38
0 96.7 6.74 1.54
0 96.73 7.1 1.42
0 96.47 11.33 2.9
37.39 96.67 9.67 1.42
3.08 96.7 7.67 1.84
0 96.58 6.47 1.22
34.38 96.47 5.77 2.16
47.42 96.36 2.5 2
0.02 96.54 4.45 4.02
0.02 96.81 6.35 3.02
0 96.37 5.21 1.28
0 95.82 7.2 1.9
6.95 96.36 6.16 1.97
1.27 96.92 4.39 2.35
0 96.84 3.87 1.39
0 96.94 4.49 0.98
0 96.72 4.96 1.5
0.26 96.14 8.26 2
4.81 96.43 7.95 3.09
0 96.81 6.21 1.76
0.02 96.06 6.61 2.59
0.16 95.63 6.76 3.77
0.01 96.05 3.69 2.82
0 96.15 2.05 1.97
0.15 96.68 2.39 3.59
0 96.65 -1 3.94
0 96.74 1.01 2.26
0 96.61 1.68 1.84
0 95.98 2.61 2.65
0 95.73 3.06 2.82
0 95.71 3.19 1.99
0.27 95.86 2.37 3.13
0.01 96.25 -2.47 4.04
0.03 96.43 -2.94 6.09
0 96.36 -3.31 3.68
0 96.43 -2.25 2.68
0 96.61 -2.79 1.4
0 96.34 1.09 1.84
0 96.05 0.91 1.63
0.04 95.72 -0.17 2.4
0 95.57 -3.5 4.2
0 95.71 -6.15 3.69
0 95.95 -9.19 6.07
0 96.14 -5.29 3.96
0 95.73 0.86 3.15
0 96.38 -2.15 2.76
3662.44 96.12 -1 2.48
3662.44 95.89 -0.42 1.45
3662.44 96.15 2.02 1.97
3662.44 96.18 1.73 2.62
3662.44 96.4 -0.83 2.98
3662.44 96 -1.85 1.14
3662.44 96.11 -4.74 1.37
3662.46 96.06 -3.63 2.19
3662.45 96.26 -5.14 3.03
3662.71 95.74 -7.25 3.2
3662.91 95.78 -8.3 2.02
3662.44 95.89 -11.06 3.98
3662.44 96.22 -11.13 3.4
3662.44 96.57 -8.56 2.86
3662.44 97.18 -8.51 1.41
3662.44 97.16 -10.12 1.31
3662.7 97.43 -11.63 2.46
3662.71 97.05 -12.42 3.21
3662.89 96.92 -11.32 3.47
3662.46 97.31 -10.48 2.75
3662.44 97.36 -10.03 1.48
3662.44 97.07 -10.34 1.21
3662.44 97.22 -9.05 1.46
3662.44 97.16 -9.48 1.2
3662.48 96.56 -6.9 2.5
3662.68 97.04 -9.69 4.54
3662.44 96.75 -10.68 2.03
3662.44 96.26 -10.81 2.61
3662.44 95.51 -5.66 3.38
3662.44 95.31 -4.99 3
3662.44 94.91 -2.77 3.97
3662.44 95.33 -4.16 2.75
3662.44 95.61 -3.4 3.26
3662.44 96.22 -5.68 2.27
3664.88 96.18 -8.4 1.7
3669.25 96.41 -8.83 1.65
3662.46 96.09 -6.71 2.99
3662.44 96.63 -6.73 2.79
3662.44 97.11 -13.99 3.08
3662.44 96.71 -14.55 2.34
3662.44 96.71 -12.37 2.26
3662.44 96.79 -10.38 2.35
3662.44 97.34 -12.55 2.3
3662.44 97.05 -13.88 1.76
3662.44 97.06 -11.81 1.78
3662.44 96.84 -8.28 1.8
3670.48 96.94 -10.7 1.71
3662.44 96.86 -11.24 1.62
3662.44 97.1 -8.62 2.07
3663.23 96.13 -7.67 3.49
3662.44 96.59 -10.11 4.47
3662.44 96.78 -9.87 2.5
3662.44 96.11 -6.62 1.88
3662.44 95.27 -2.06 3.16
3662.44 95.85 -3.51 2.22
3662.44 96.79 -8.57 3.61
3662.44 96.35 -7.42 3.78
3662.44 95.73 -3.3 4.39
3662.44 96.39 -7.91 3.63
3662.44 94.98 -0.28 5.65
3662.44 95.78 -7.07 3
3662.44 95.92 -7.14 1.73
0.3 95.48 -4.01 2.24
0.16 95.48 -4.8 4.87
0 96.36 -12.06 4.21
0 96.56 -11.62 2.18
0 96.74 -12.27 1.48
0 96.98 -10.33 1.65
2.98 96.68 -10.62 1.59
9.42 96.7 -11.91 3.26
0 97.31 -13.6 3.55
0 97.15 -14.12 1.73
0 96.58 -12.31 1.66
0 97.21 -12.85 1.64
0 97.17 -12.29 1.89
0.06 96.31 -5.61 2.79
0 96.38 -6.37 2.05
0.25 96.97 -6.84 2.16
0 97.53 -8.96 2.11
0.89 97.1 -9.57 1.66
2.89 96.81 -9.15 1.63
0 96.75 -7.66 1.88
0 96.69 -5.22 2.06
0.99 97.21 -6.96 1.55
0.11 97.03 -4.3 1.17
0 96.54 -1.53 1.58
0 96.37 1.85 2.13
0.5 96.05 4.5 4.1
3.54 96.79 -3.07 4.37
0.04 96.53 -6.27 1.71
0 96.39 -5.17 1.83
0.3 96.34 -5.12 2.07
0.42 96.32 -5.39 1.85
2.06 96.61 -4.25 2.82
0 96.67 -6.16 2.96
0 96.85 -7.58 2.58
0 96.85 -6.38 2.24
0 96.37 -5.04 2.09
0 96.66 -5.2 2.76
0 96.16 -2.97 2.16
0 95.88 1.39 4.18
0 96.56 -0.79 4.11
0 96.17 -1.86 2.15
0 95.67 1.7 2.91
0 95.35 7.17 2.68
0 95.78 4.68 2.53
0 95.22 7.7 4.38
0 96.4 4.22 2.15
0.08 96.31 3.68 3.81
0 96.61 3.94 4.7
0 96.02 6.35 2.63
0 96.06 7.62 2.99
0 96.33 8.1 2.78
0 95.28 13.12 4.78
0 95.3 11.57 2.38
0.02 95.31 11.14 2.67
0 95.38 11.2 3.23
48.56 95.13 11.89 3.15
16.78 95.6 10.05 2.62
0 95.81 10.98 2.31
0.89 95.95 8.95 2.09
0 95.37 12.01 2.58
0 96.11 8.05 3.89
0 96.5 2.67 4.31
0 95.68 6.46 4.68
0 96.28 5.31 3.88
0 95.62 13.16 3.68
0 95.6 14.28 1.78
0 95.46 14.25 2.34
0 95.68 11.86 4.07
0 96.43 9.51 1.98
0.77 96.04 10.96 1.97
0.34 95.76 12.02 2.17
0 95.87 13.67 1.88
0 95.74 17.78 3.4
0 96.35 13.24 3.22
0 95.67 13.38 2.48
12.39 95.68 8.33 2.64
0.03 96.35 8.65 2.84
24.7 96.17 8 2.57
0.06 95.71 9.55 369.33
0 95.79 11.82 3.63
0 95.47 14.56 2.94
0.89 95.15 17.04 3.74
4.63 95.39 18.35 4.27
0.27 95.88 16.81 4.34
21.5 96.14 12.02 3.6
0 96.43 12.59 2.3
0 96.27 13.88 2.19
0 95.65 15.42 1.57
0 95.07 19.08 2.24
3.19 95.02 18.34 4.36
134.64 95.67 7.35 4.77
5.68 95.29 9.04 4.29
21.33 95.48 5.36 5.24
0.09 95.72 7.88 4.15
0.21 95.17 11.89 2.63
91.13 95.17 8.29 3.72
1.55 95.71 12.07 2.03
70.94 96.04 10.49 2.38
4.25 95.92 12.5 2.52
239.22 95.04 9.43 2.54
91.24 94.12 14.55 3.63
0 94.29 17.48 3.84
0.11 94.65 14.66 3.61
0 94.44 14.25 3.18
0.04 95.24 16.71 2.93
2.4 95.6 16.72 2.17
2.81 95.21 18.89 2.79
86.07 94.89 16.21 2.38
7.22 94.91 17.17 2.66
0.02 95.02 19.09 2.62
0 95.06 21.43 2.57
0.47 95.33 24.91 3.86
42.52 95.23 17.44 3.16
0.77 94.69 17.19 5.42
0 94.18 21.1 4.06
9.71 93.97 19 2.85
0.28 94.42 22.58 2.86
0 94.51 24.1 80.52
0.12 95.1 25.17 2.82
0 95.02 28.16 3.94
4.14 95.25 24.16 3.09
0.61 95.39 22.44 2.86
0 95.29 22.82 2.33
1 95.08 22.74 1.98
17.34 94.93 23.78 2.49
256.63 95.09 16.51 2.51
173.54 94.92 13.74 3.35
49.7 94.63 15.98 2.91
53.47 94.96 16.22 2.33
46.54 95.37 15.88 1.8
22.47 95.41 18.53 1.95
18.45 95.2 20.33 2.51
14.25 95.24 21.39 2.08
0.03 95.1 22.2 2.2
4.35 94.92 23.49 1.85
78.22 94.75 20.73 2.15
93.22 94.63 19.97 2.22
113.55 94.75 18.85 2.3
4.11 95.03 19.79 1.81
31.78 95.17 19.94 2.07
5 95.3 19.71 1.63
83.04 95.35 19.47 2.33
1.1 95.2 22.12 1.82
0.17 94.81 23.96 2.3
19.54 94.63 23.32 3.37
29.07 94.69 22.21 3.69
0.81 95.1 22.33 3.83
1.42 95.04 23.06 2.89
0 95.12 24.58 1.68
0 95.09 25.13 1.79
13.47 95.04 24.04 2.73
104.88 94.76 21.05 2.72
41.13 94.48 23.45 2.54
0.11 94.95 25.11 2.15
0.61 95.02 25.8 3.4
4.04 94.89 25.71 2.19
3.69 94.67 25.1 3.17
13.77 94.57 23.94 3.96
0 94.78 23.8 2.87
0 94.51 24.08 3.37
7.3 94.59 22.75 3.2
6.04 94.79 22.2 2.86
0.55 94.71 23.12 2.45
2.77 94.8 24.18 1.97
24.03 94.77 23.55 2.54
132.34 94.86 21.53 80.42
9.38 95.09 22.47 79.82
0.44 95.15 25.94 1.81
1.72 95.23 28.46 2.67
3.04 94.84 29.18 4.21
82.42 94.71 24.5 2.71
0.19 95.02 22.65 1.65
0 94.74 24.77 2.51
0.09 95.13 22.98 1.7
0 95.18 22.94 1.77
0.01 95.37 23.25 1.92
2.98 95.24 25.09 2.19
10.41 94.75 27.07 3.3
10.36 94.79 25.49 3.69
11.02 94.95 24.16 2.21
0 95.03 26.2 2.8
0 95 27.3 2.75
2.8 94.86 26.5 2.49
24.59 94.83 25.6 2.06
71.33 95.07 20.79 2.51
3.64 95.04 22.12 2.1
0 95.32 22.26 2.62
0 95.44 21.8 1.7
0.01 95.3 22.74 2.13
45.51 95.06 21.94 2.46
39.13 94.78 21.7 2.15
2.92 94.94 22.86 3.26
0.27 95.16 21.37 2.16
19.47 95.21 19.15 2.06
21.25 95.12 19.22 1.83
11.48 95.16 20.21 2.16
7.2 95.28 20.37 1.63
1.8 95.41 21.46 1.92
9.85 95.6 21.52 1.47
0.28 95.53 22.58 1.56
0.43 95.2 24.8 2.41
4.18 95.2 24.42 1.88
22.51 95.14 23.66 1.99
41.05 94.99 22.8 1.88
158.62 95.25 19.75 2.22
3.66 95.53 20.16 2.4
0 95.64 20.83 1.9
0 95.75 22.18 1.91
5.16 95.88 21.18 1.9
3.06 95.92 21.06 1.67
0.64 95.88 21.37 2.38
11.76 95.7 20.35 1.75
14.11 95.69 19.86 2.06
279.4 95.63 16.27 2.31
1.13 95.24 17.7 1.75
0 94.92 19.86 2.46
0 95.48 18.58 1.55
0 95.48 20.23 1.64
5.94 95.06 20.97 2.95
0.08 95.34 18.15 2.65
0 95.54 15.43 1.43
0.01 95.81 17.2 1.74
0.08 95.82 18.19 1.82
17.86 95.87 17.22 1.36
0.3 95.65 19.11 2.65
0.09 95.96 16.02 3.1
0 96.07 13.85 2.81
0 96.12 13.63 1.52
0 96.19 15.76 1.34
0 96.16 17.03 2.15
7.15 95.49 17.38 2.52
47.66 95.45 14.66 2.77
0.04 96.07 13.96 1.61
0.37 96.1 16.15 2.16
64.24 96.28 12.73 1.9
19.74 96.03 12.88 1.77
0 95.95 13.45 1.61
52.72 95.3 14.3 2.69
0.13 95.85 13.67 2.3
2.34 95.77 14.52 3.11
38.82 96.59 6.37 3.91
0.29 96.67 5.56 1.7
52.26 95.83 6.33 1.58
33.81 95.67 7.43 2.26
0 96 8.37 1.51
70.84 96.25 7.42 1.43
12.06 96.69 8.28 2.26
0 96.48 9.34 2.11
0 96.06 12.69 1.8
0 95.93 14.56 2.31
0 96.13 15.89 2.38
0 96.42 13.43 1.91
0.76 96.28 14.33 3.25
0.33 97.27 8.8 3.91
0 96.84 4.51 1.95
0 95.89 8.24 2.21
0 95.4 10.27 4.84
0 95.96 9.62 2.89
0 95.69 12.83 2.33
0 95.8 13.67 2.43
0 95.49 16.77 3.97
0 96.38 7.57 3.07
0 96.76 3.13 2.02
0 96.2 5.5 1.99
0 95.38 10.75 2.82
0 95.1 13.34 2.77
0 95.34 11.43 2.06
0 96.83 4.33 5.5
0 97.23 2.27 1.73
0 96.67 2.92 1.59
0.05 96.37 7.36 1.73
7.88 96.55 7.92 25
3.5 96.3 5.66 1.72
4442.62 95.9 6.88 3.03
4442.66 96.07 4.1 3.98
4442.6 95.85 6.43 2.67
4442.6 95.48 7.94 3.4
4442.61 95.84 6.43 3.36
4442.6 97.14 -0.4 3.41
4442.6 97.11 -2.05 1.81
4442.6 96.68 0.47 1.94
4442.6 96.45 4.21 2.05
4442.6 96.14 3.67 1.82
4442.61 95.79 2.17 3.38
4442.66 96.25 -4.45 6.07
4442.6 96.27 -2.45 2.91
4442.6 96.62 -2.46 1.83
4442.6 96.75 -1.88 1.59
4442.73 96.59 -0.17 1.79
4442.6 96.92 -2.46 1.64
4442.6 96.84 -1.07 1.51
4442.6 96.14 1.59 3.03
4442.6 95.55 3.57 4.01
4442.6 96.08 0.56 2.46
4442.6 96.64 -2.32 2.09
4442.66 96.36 1.11 2.54
4442.6 96.79 -2.88 1.86
4442.6 95.87 -2.86 2.17
4442.6 95.37 368.89 4.77
4442.6 96.53 -2.97 1.99
4442.6 96.05 -2.62 1.57
4442.62 95.85 -0.61 2.09
4443.37 95.94 -1.14 4.97
0 96.53 -11.17 6.47
0 96.33 -10.76 3.7
0 96.03 -10.74 5.54
0 96.21 -10.71 4.59
0 96.32 -10.44 3.81
0 96.55 -9.82 2.09
1.91 96.59 -9.69 1.82
0 97.1 -11.15 1.8
0.03 96.95 -8.11 2.35
2.09 96.27 -4.18 4.53
0.06 96.73 -8.96 2.96
0.02 96.31 -9.91 3.77
0 96.5 -11.37 2.36
0 96.55 -9.61 1.89
0.34 96.47 -9.29 3.63
0 96.53 -12.25 3.77
0.01 96.61 -11.06 2.32
0 96.55 -8.49 2.53
0.14 96.21 -6.02 4.01
0 96.55 -9.89 3.53
0 96.19 -9.87 3.57
0 95.97 -3.74 2.45
0 96.01 -3.49 2.87
0 96.86 -4.99 3.81
0 97.11 -5.14 2.92
0 96.88 -7.89 1.49
0 96.45 -4.94 2.19
0 95.85 -5.56 2.01
0 95.18 -4.16 2.97
0.09 95.91 -6.24 93.15
0.03 96.63 -10.41 5.51
0.11 96.65 -10.79 2.92
0 96.57 -7.21 2.99
0 95.3 -2.33 3.53
0 95.57 -2.93 2.02
0.91 95.91 -3.18 4.5
0 96.47 -7.5 3.31
0 96.86 -9.35 1.56
0 96.75 -9.46 1.93
0 96.58 -5.74 2.42
0.11 96.14 -4.76 3.26
0 97.2 -7.63 2.39
0 97.36 -9.47 1.84
0 96.88 -6.6 1.74
0 97.07 -9.03 1.77
0.33 96.71 -9.63 1.93
5.5 96.67 -10.03 3.69
0 96.77 -9.15 1.94
3.38 95.65 -5.2 3.15
0.04 96.34 -8.79 2
0.04 96.26 -8.62 1.92
1.4 96.77 -8.15 2.33
0 96.23 -8.4 1.9
0 95.68 -4.27 3.18
0 96.6 -6.17 2.21
1.6 96.23 -5.65 1.52
4.58 96.82 -8.55 3.76
0 97.35 -11.95 2.99
0 97.2 -11.99 1.78
0.08 96.57 -8.39 3.37
0 97.19 -10.17 3.67
0 97.47 -9.35 2.12
0 97.28 -8.06 1.67
0 97.13 -7.9 1.68
0.08 96.99 -5.49 2.24
0.06 96.89 -6.09 3.45
0 96.76 -3.8 3.08
0 96.14 -1.24 3.12
0.03 97.01 -10.5 5.96
0 97.1 -11.72 3.99
0 96.35 -6.37 2.71
0 95.71 -3.78 2.15
0.01 95.75 -5.53 3.42
0 95.96 -6.03 2.5
0 95.57 -5.41 1.87
0 95.38 -1.36 2.32
0.01 96.08 -3.76 1.62
11.91 95.8 -0.96 2.69
0.01 96.41 -1.59 4.46
0 97.07 -3.5 2.79
0 96.56 -3.76 3.03
11.33 95.73 0.07 3.48
30.64 95.17 -0.29 5.18
0.12 95.57 -5.18 5.67
0 95.91 -5.94 2.11
0 95.57 -6.11 1.9
1.47 96.02 -7.43 2.93
0 96.4 -8.83 3.5
0 97.06 -6.24 2.1
3.36 96.07 -2.39 4.82
0 95.74 -0.82 2.97
0.03 95.36 -3.11 2.36
0.3 96 -6.45 5.92
0 96.54 -6.07 3.12
0 96.27 -2.72 3.3
0 95.58 1.9 4.6
0 95.95 1.3 2.82
2.84 96.52 -3.2 3.53
0 97.3 -9.24 5.79
0 96.65 -4.76 2.99
0 96.27 -3.89 4
0 95.79 -3.25 2.89
0 122.06 364.42 368.68
0 95.88 0.45 3.68
0 95.52 5.58 3.57
0 95.47 5.7 3.26
0 96.22 3.24 2.66
0 95.47 6.68 3.19
0 95.72 6.42 3.46
0 95.85 5.67 2.54
0 95.78 6.23 3.93
0 96.76 1.98 4.17
0 96.95 2.56 2.61
0 97.14 3.54 1.8
0 96.86 7.59 2.91
0 96.62 13.09 4
0 95.81 13.96 5.05
0 95.4 12.53 3.59
0 95.55 10.79 3.47
0 95.11 13.83 4.36
5.83 96.1 6.58 3.17
0 96.19 5.19 1.91
210.8 94.68 2.7 2.39
1.68 95.47 4.47 2.37
1.76 95.43 5.03 2.01
0.24 95.93 3.69 4.35
0 97.07 -0.44 4.15
0 97.04 0.29 3.21
0 96.24 4.97 3.24
0.14 95.98 7.86 3.02
0.09 96.21 8.28 2.22
20.92 96.43 6.89 3.29
167.16 97.01 0.24 4.53
0.46 96.58 3.56 2.13
0 94.97 11.16 2.18
0.44 94.09 14.42 4.73
2.08 94.98 8.77 5.15
0 95.09 11.3 2.38
0.04 95.36 12.96 3.14
0.02 95.84 10.84 3.91
0.01 95.46 11.44 3.2
0.02 95.37 11.38 2.96
0 95.59 14.47 3.84
0 95.8 14.31 4.95
0 96.09 13.99 2.52
0 95.42 21.01 4.1
0 95.03 24.48 4.38
15.69 94.78 20.95 4.64
15.41 95.43 16.68 2.4
0 95.45 19.37 2.27
0 95.38 20.4 2.9
8.98 95.14 17.24 3.61
21.47 95.23 15.75 2.46
0 95.48 13.37 5.21
0 95.3 13.99 4.56
0 94.76 15.11 5.69
0 95.34 12.44 2.58
0.5 95.23 12.88 5.25
24.62 95.59 7.17 2.18
0 95.95 8.86 1.94
73.58 95.85 8.56 2.5
69.4 94.9 7.54 1.95
16.09 93.61 10.94 3.71
0.37 93.68 19.24 3.53
2.85 95 16.29 5.23
0.01 95.61 16.2 4.11
0 95.04 18.72 3.58
19.59 94.22 19.15 4.26
25.83 94.38 14.97 4.95
1.93 94.78 13.47 5.36
0 95.6 18.28 4.11
0 95.24 21.89 3.65
0 95.11 22.66 2.71
1.33 95.03 22.7 2.94
0.05 94.85 25.15 3.41
0.19 94.77 25.74 3.95
2.84 94.95 23.81 2.67
0.13 94.95 23.09 3.34
6.97 94.59 23.64 3.63
0.65 94.92 20.8 3.53
0 95.02 19.92 2.62
0 94.16 25.24 6.84
7.3 94.69 22.29 3.28
3.06 95.23 19.29 3.75
0 95.44 21.42 3.17
44.68 94.69 18.77 3.94
43.84 94.19 18.54 2.57
59.31 94.69 18.63 2.18
0.32 94.99 20.22 3.34
1.63 94.73 19.92 2.73
4.85 94.76 19.28 2.08
106.32 94.53 17.08 2.65
216.19 94.03 16.01 2.4
95.03 94.12 16.58 1.66
58.23 95 17.57 2.32
0.37 95.25 20.7 2.17
14.71 95.09 22.51 1.82
0.27 94.8 23.43 1.95
177.99 94.82 19.96 2.4
9.77 94.99 18.56 3.4
101.08 95.47 16.69 2.48
0.09 95.54 21.47 2.28
0 95.17 23.79 2.03
4.57 94.9 24.17 3.18
0.24 95.04 23.67 2.72
11.95 94.84 23.72 3.18
13.85 94.57 21.97 2.23
81.17 94.54 21.11 1.97
0.74 94.98 22.19 1.63
4.71 95.02 23.84 2.33
155.79 95.19 17.71 2.06
28.79 94.58 18.22 2
22.8 94.14 19.05 3.42
10.89 94.72 17 3.06
0.17 95.3 18.67 2.15
39.87 95.28 19.87 2.17
14.32 95.42 20.56 1.86
0 95.38 22.41 2.14
0.24 95.24 24.08 2.28
5.54 95.4 24.88 2.27
0.22 95.62 26.01 2.73
4.52 95.46 24.16 2.83
0.8 95.16 25.19 1.89
0.98 94.65 26.37 2.1
0.16 94.45 26.36 3.19
6.23 94.79 26.79 2.26
12.6 95.24 24.58 2.43
24.12 95.43 21.4 2.17
14.5 95.27 22.06 1.6
39.65 95.09 23.15 1.89
61.94 95.22 23.06 2.63
31.72 95.16 23.49 2.4
45.88 94.87 24.12 2.26
57.45 94.86 22.89 2.09
15.47 94.86 22.75 1.5
17.03 94.68 22.92 1.95
9.56 94.49 24.19 2.07
7.29 94.86 25.05 2.65
15.78 94.97 24.79 1.85
32.97 94.72 24.55 2.23
82.27 94.74 23.29 2.32
290.72 95.11 21.44 2.32
9.37 95.32 22.24 1.6
1.59 95.12 23.55 2
39.47 94.62 24.77 3.06
0.1 94.59 23.49 2.34
0.93 94.45 25.16 2.21
2.13 94.63 25.9 3.03
18.24 95.05 24.13 2.34
26.75 95.58 22.69 2.37
45.67 95.62 22.86 1.74
9.71 95.53 23.86 2.12
0 95.57 23.63 1.87
0 95.38 24.11 1.64
0 95.23 24.31 1.49
0 94.91 25.47 1.84
2.41 94.69 25.64 2.18
0.06 94.98 23.87 2.4
0 95.05 23.42 1.8
0.95 121 386.93 368.15
36.12 121.32 387.88 368.35
62.73 95.52 20.4 1.98
35.91 95.22 19.47 2.09
4.86 95.02 20.7 2.4
30.8 95.14 20.23 1.76
8.81 95.48 20.44 1.98
23.34 95.69 20.12 1.91
12.87 95.63 20.4 2.49
56.84 95.49 20.22 2.32
0.04 95.41 20.65 2.29
17.01 95.27 19.46 1.8
5.61 95.44 18.8 1.57
12.54 95.58 19.1 1.54
82.94 95.77 18.25 1.53
114.21 95.82 18.72 2.13
4.19 95.77 20.93 2.06
0.44 95.94 19.57 2.01
8.19 95.79 18.6 1.57
26.71 95.63 17.69 2.3
0.02 95.75 17.11 1.65
0 95.63 19.38 1.53
3.19 95.8 20.65 2.5
20.74 96.48 16.25 2.21
1.51 96.38 15.15 1.73
54.73 95.83 13.91 1.79
16.33 95.77 14.39 2.88
0 95.67 19.25 2.26
0 96.01 19.87 2.62
0 96.14 19.46 2.71
0 95.97 19.81 2.61
4.02 95.98 19.38 1.59
10.38 96.05 18.58 2.03
0.02 96.13 16.59 1.82
2.47 95.61 16.7 2.3
3.96 95.42 18.63 2.31
40.21 95.25 18.08 3.27
33.37 95.41 14.23 2.17
48.78 95.33 14.45 1.86
11.35 95.3 15.16 2.77
0 95.58 13.6 2.09
0 95.77 15.58 2.37
0.19 96.62 13.11 1.53
2.25 97.08 11.38 2.07
5.34 95.9 15.82 3.09
51.04 95.19 10.89 5.24
0.08 95.11 13.47 4.58
0 96.12 10.66 2.04
0 96.43 13.47 2.2
0 95.9 17.68 3.45
0 95.8 17.96 2.04
0 95.57 18.46 3.51
0 95.93 10.4 3.46
0.34 95.26 5.86 2.87
7 95.41 5.73 5.02
6.06 95.73 9.91 4.31
0 96.13 11.76 2.33
0 96.22 12.59 1.83
0 95.95 13.63 1.67
0 95.89 13.87 1.81
0 95.9 15.51 2.54
1.82 96.07 13.58 3.11
0 96.86 6.11 2.74
0 95.72 9.91 2.66
26.83 96.34 5.2 1.92
21.68 96.63 4.93 1.94
1.09 106.93 159.7 75.95
0 106.41 160.18 75.84
0 96.89 6.76 2.68
0 96.82 4.2 1.72
5.6 95.53 7.7 5.12
0 95.62 4.02 2.99
0 96.23 1.73 3.19
0 96.55 0.09 3.82
0 97 0.15 2.95
0 97.04 3.09 1.62
0 96.37 5.3 1.82
0 96.19 5.87 1.42
0 96.13 8.97 3.53
0 96.33 10.5 3.26
0.5 97.53 1.32 3.69
36.91 97.6 -2.99 3.23
23.73 97.19 -2.98 3.37
6.85 96.69 -2.73 2.15
0.46 96.73 -2.64 1.47
0 96.9 -2.82 1.36
0 97.05 -1.07 1.46
0.12 96.87 1.16 1.43
0.01 96.14 3.73 2.4
0 95.48 6.22 2.49
0.14 96.4 2.38 2.48
6.6 96.27 -2.91 2.54
0 96.96 -5.05 2.53
6.91 96.86 -6.43 2.28
8.91 96.86 -7.74 2.3
5.95 96.85 -8.96 1.92
4.69 97.34 -9.92 1.76
13.29 97.81 -11.33 2.67
9.58 97.86 -12.32 3.15
0.07 97.76 -14.66 2.04
0.01 96.88 -14.31 2.78
0 96.79 -13.94 3.1
0.05 96.32 -12 1.4
0.19 96.77 -10.05 1.6
11.85 96.47 -6.18 2.17
0 96.36 -8.54 1.56
0.46 95.66 -4.67 1.99
0.17 95.43 -5.16 4.63
0.45 95.73 -7.15 5.9
0 96.08 -4.31 4.19
0 96.79 -4.94 2.18
0 96.97 -8.4 1.56
0 97.14 -9.76 0.97
0 96.65 -3.74 2.13
2.91 96.32 0.36 2.4
0.02 96.59 -1 3.82
0 96.94 -6.97 1.74
0 96.6 -6.42 1.6
0 96.73 -7.12 1.32
3.04 96 -5.2 2.96
0.03 96.06 -6.18 4.4
0.04 96.65 -8.15 5.36
0 96.71 -7.3 2.91
0 97.2 -5.53 2.06
0 97.17 -6.46 1.55
0 96.29 -3.5 2.28
0 96.52 -5.69 1.62
0 96.64 -8.29 1.56
0 96.52 -5.9 2.07
0 96.64 -10 2.16
0.01 95.6 -8.07 2.75
0 96.69 -13.01 4.03
0 97.4 -14.7 1.91
0 97.13 -8.78 1.94
0.2 96.71 -6.84 1.53
1.4 96.96 -7.38 1.49
0 96.93 -8.46 2.02
0 96.05 -3.26 2.48
0.01 96.1 -6.8 1.37
3.7 96.3 -8.28 2.01
0 96.72 -10.42 3.49
0 96.54 -11.75 2.73
0 96.83 -9.67 3.66
0 96.65 -9.63 3
0 96.48 -10.17 3.04
0 96.23 -9.83 2.6
0 97.01 -11.85 3.19
0 97.24 -12.53 2.87
0 96.69 -11.77 3.5
0.07 96.03 -11.04 3.73
0.09 95.81 -11.66 2.23
0 95.9 -11.84 1.75
19.49 96.56 -15.21 2.68
1.9 96.52 -18.51 2.8
0 96.13 -18.72 3.79
0 96.77 -18.49 1.78
0 97.29 -18.54 1.46
0.57 97.24 -17.67 1.95
0.63 97.73 -20.61 3.61
0 97.62 -23.4 5.08
0 97.06 -15.14 4.72
0 96.49 -10.47 3.08
0 96.37 -11.46 3.63
0 96.45 -9.82 3
0 97.03 -13.19 1.91
0 97.49 -16.02 2.03
0 97.26 -16.64 2.13
0 97.29 -13.46 3.17
0 97.15 -10.77 2.6
0 96.79 -8.99 2.2
0 96.55 -8.16 2.66
0 96.75 -8.26 3.51
0 96.69 -8.65 3.52
0 96.61 -7.02 2.61
0 95.71 -7.04 2.41
0.01 95.33 -4.14 3.35
0 96 -2.62 2.69
0 95.67 1.05 3.1
0.08 95.59 0.85 2.49
1.9 95.87 0.38 3.11
25.88 96.6 -8.05 5.93
0 96.65 -12.12 5.39
0 95.98 -8.96 4.15
0 95.85 -4.89 4.24
0 95.8 -1.65 4.03
0 95.79 -3.24 3.81
0.12 96.66 -6.89 3.22
0 96.63 -8.73 3.56
0 96.53 -9.92 2.43
0.01 96.63 -7.39 3.09
0 97.52 -10.41 2.57
0 97.12 -8.67 2.57
0 97.06 -8.26 2.85
0.07 96.38 -6.64 3.13
0.02 96.49 -6.97 1.89
0.11 96.76 -7.83 4.24
0.06 97.01 -8.53 3.37
0.03 96.06 -1.55 2.9
0 95.7 1.42 2.35
0 95.7 0.56 2.25
0.14 96.08 -0.7 1.33
41.86 95.84 0.75 3.49
0.03 95.9 -1.1 2.31
6.16 96.15 -3.99 4.27
0 96.9 -7.25 4.29
0 97.01 -7.06 3.52
0.03 96.78 -6.31 3.46
0 96.26 -5.41 2.01
0 95.62 -0.81 4.16
0 96.38 -1.53 2.87
0 96.19 1.2 2.49
0 95.62 5 2.95
0 95.45 8.69 3.25
0 95.05 10.3 5.27
0 95.5 7.63 4.27
0 96.43 3.81 1.97
0 96.63 5.36 2.03
0 96.25 8.62 2.99
0 96.62 5.74 4.52
0.01 97.18 2.63 5.06
0 97.21 2.49 3.53
0 96.86 3.34 2.78
0 96.44 8.03 3.14
0 95.87 9.33 2.54
0 95.23 11.21 4.07
0.8 95.71 7.72 3.08
0 95.69 8.58 3.21
0 94.72 15.83 4.93
11.57 94.98 10.91 5.27
0.55 96.07 6.65 4.15
0 96.08 8.17 3.35
0 95.25 11.01 3.47
0.06 95.59 10.35 2.49
2.03 94.93 12.83 5.12
0 95.3 10.1 4.63
0 95.21 12.16 5.7
0 95.57 7.1 3.02
0 96.2 5.01 3.51
0 95.72 6.86 4.69
28.55 94.82 8.17 2.37
0.22 94.52 10.52 4.9
0 95.65 11.51 3.43
0.2 95.14 15.4 4.93
17.84 95.1 10.77 3.99
4.11 95.07 6.74 4
6.2 95.4 6.72 2.71
3.5 95.71 9.17 3.65
0.08 95.35 14.13 2.86
0 94.5 15.51 5.71
0 95.04 11.29 5.78
0 95.62 11.18 2.83
0 95.08 14.31 4.75
0.81 95.93 10.65 2.99
19.72 96.16 8.87 2.02
0.8 95.73 12.43 1.9
0 95.87 12.83 2.34
14.09 95.07 13.32 3.08
0.12 94.69 16.7 2.88
10.49 94.37 21.13 3.89
119.64 95.17 12.03 2.5
99.86 94.27 11.29 4.96
0 94.79 16.17 3.31
17.66 94.81 15.27 4.97
0.04 95.06 13.37 5.89
0 95.86 16.04 2.81
0 95.29 18.83 4.16
0.5 95.46 17.57 2.4
0 95.17 17.64 2.23
2.99 94.35 19.98 4.68
176.51 95.07 11.85 4.16
0 95.95 15.56 4.19
22.73 95.59 12.7 4.44
1.84 95.38 13.26 3.48
0 94.89 18.03 2.77
0 94.97 23.81 3.62
0 95.25 25.03 4.67
0 95.49 23.34 4.21
0 95.66 23.03 4.01
0.03 96.37 19.54 3.75
0.03 96.3 18.54 2.48
33.98 95.44 15.11 1.65
23.91 94.32 15.97 4.84
11.31 94.61 18.6 3.22
0.24 95.09 18.83 4.43
0 95 22.6 4.31
0.05 94.61 24.84 4.51
0 95.01 19.38 4.53
0 94.73 22.35 4.16
12.35 95.53 17.86 2.16
0 95.58 20.56 1.69
0 95.19 23.68 2.62
0.01 94.84 25.02 3.31
0.03 95.03 22.82 2.97
0.09 95.27 23.59 2.51
19 95.45 19.75 3.39
6.41 95.49 19.21 1.85
0.07 95.22 21.77 2.15
33.47 94.91 21.19 4.13
96.04 94.67 20.33 4.84
32.53 95.16 18.15 2.44
5.97 95.05 19.81 2.2
2.8 94.71 20.44 2.18
104.26 94.63 16.52 2.34
13.24 94.64 18.68 2.01
2.52 94.24 20.74 2.61
27.06 94.29 20.96 1.99
5.31 94.83 21.18 2.78
0.02 94.94 23.5 2.42
39.35 94.59 25.12 3.17
23.87 94.61 24.13 2.67
46.34 94.65 22.9 2.34
20.99 94.89 21.65 2.9
6.35 94.91 21.48 3.46
0 95.08 24.48 2.93
0 95.05 24.99 2.13
39.22 94.79 23.87 2.66
41.35 94.9 20.01 3.51
87.49 94.75 20.49 2.74
71.09 94.77 20.54 1.84
0 94.94 20.86 1.89
0.33 94.89 22.44 1.69
0 95.01 25.78 3.09
0 95.2 25.08 2.91
1.57 95.41 25.25 1.8
0 95.49 26.55 2.02
0 95.42 27.12 3.02
0 95.16 26.78 2.67
0 94.93 27.79 2.04
0 94.68 28.92 2.84
6.29 94.35 29.13 3.6
84.12 94.63 22.75 2.14
1.44 94.95 24.76 2.5
0.87 95.33 23.08 2.53
5.32 95.02 20.16 1.96
7.45 94.86 20.06 1.93
2.86 95.14 22.24 1.65
0.29 95.14 24.01 2.3
20.61 95.22 24.04 2.98
159.6 95.34 21.83 2.71
749.49 94.89 21.28 2.74
36.61 94.62 23.46 1.91
7.32 94.46 26.66 2.66
0.25 95 26.18 2.35
452.41 95.04 20.96 2.46
4.92 94.9 22.46 1.68
1 94.68 24.1 2.52
63.39 94.67 23.77 2.18
28.01 95.04 23.65 1.66
100.28 95.3 24.13 2.03
80.2 95.44 22.35 1.82
32.76 95.53 23.06 1.87
0.39 95.52 24.82 1.45
0 95.46 26.57 1.65
0 95.41 27.35 2.01
0 95.32 27.15 2.25
147.91 95.04 25.63 2.2
158.25 95.43 23.62 2.28
0 95.53 22.58 1.53
0 95.15 24.09 2.38
0 94.91 27.72 3.51
0.56 94.91 29.39 3.45
10.35 95.01 25.76 2.12
0 94.97 24.9 1.82
0 95.25 24.02 1.86
2.78 95.17 23.24 1.49
45.71 95.02 22.18 1.89
2.38 94.9 23.08 1.45
239.86 94.87 20.54 1.83
19.49 95.29 21.33 2.04
37.66 95.4 21.98 1.64
1.59 95.54 22.94 1.74
1.15 95.63 23.28 1.57
12.45 95.15 21.42 1.75
38.25 94.96 23.36 1.95
164.5 95.7 18.23 3.87
0 95.98 18.17 2.12
3.54 95.65 18.46 1.94
4.57 95.6 19.12 2.01
0 95.78 18.43 2.47
0 95.22 17.98 2.35
27.45 94.13 16.42 4.35
24.06 93.99 16.03 2.84
9.21 94.68 19.22 1.38
30.72 95.21 18.53 1.22
58.71 95.46 17.66 1.48
56.5 95.37 17.67 1.53
25.24 95.23 19.46 1.52
1.83 94.99 19.36 1.57
14.3 95.07 18.3 1.67
30.63 95.39 17.02 1.63
29.53 95.56 16.63 1.81
56.3 95.93 15.81 1.95
15.89 96.17 16.3 1.47
1.85 96.11 17.23 1.32
19.4 95.89 18.78 1.98
0.08 95.76 19.77 1.54
2.78 95.87 18.68 1.97
1.44 96.3 16.34 2.23
22.55 96.44 14.1 2.48
0.08 96.45 14.29 2.28
0 96.32 14.62 1.57
0.66 96.1 15.37 2.12
4.37 95.73 16.9 2.28
3.58 95.44 18.25 2.14
1.23 95.16 20.51 3.85
0.05 95.87 17.34 1.92
6.88 95.66 17.32 2.25
3.91 96.38 11.94 4.22
0 96.82 8.56 2.34
0.04 96.03 9.9 2.34
0.06 95.66 15.96 2.09
8.94 95.5 19.17 3.7
3.08 95.56 15.82 2.1
0.58 95.56 15.15 3.46
93.99 96.17 7.42 2.28
16.23 96.23 6.36 2.22
0.43 96.8 8.39 1.6
57.99 95.92 10.36 2.67
1 96.1 6.44 4.43
0 96.37 4.86 1.72
1.48 95.98 5.89 2.02
0 96.5 5.85 70.68
0.14 96.48 7.19 1.53
0 96.06 11.3 1.42
0 96.13 12.63 1.48
0.12 96.27 15.57 3.15
6.31 95.76 14.43 3.87
0 96.27 9.61 2.07
0 96.01 11.79 2
0 95.88 12.04 2.34
1.21 96.82 4.49 2.83
32.55 96.19 5.24 1.76
40.45 96.85 2.18 2.83
0 96.48 2.66 1.45
0 95.84 3.94 1.63
0 95.44 8.48 3.49
0 96.66 3.08 2.27
21.57 96.67 2.96 1.5
12.37 96.85 2.38 2.75
0.17 96.96 0.41 2.35
7.02 96.67 -0.6 3.13
0 97.46 -4.68 3.01
0 97.09 -2.55 2.66
0 96.36 1.06 3.13
0 95.85 1.72 1.9
0 94.94 2.94 1.41
0 95.97 1.59 2.98
0.16 96.82 -1.33 1.93
7.75 97.03 -1.8 3.32
0 97.41 -3.84 2.03
0 96.79 -2.77 2.08
1.81 95.29 2.47 3.27
4.17 95.56 -1.67 1.85
0.5 96.08 -1.04 1.78
0 95.52 4.17 3.69
0 96.19 1.62 5.11
0 96.51 -3.35 2.11
0 96.25 -0.58 2.15
0 96.15 -0.8 2.81
0.45 95.63 0.37 2.49
3.23 96.13 -4.68 2.63
16.28 96.7 -7.43 1.74
36.81 97.02 -9.07 2.87
0 97.37 -10.9 3.25
0 97.06 -10.27 3.03
0 96.57 -7.9 2.47
0 96.22 -5.32 2.23
0 95.75 -2.09 3.45
0 96.56 -5.95 3.1
0 96.98 -3.83 2.1
0.05 97.29 -4.64 2.03
4.36 96.1 -0.58 3.92
0 96.86 -2.91 3.85
0 96.56 0.78 2.61
0 95.81 3.22 3.28
0 95.97 -0.9 2.78
0.27 96.58 -5.48 3.4
0 96.06 -5.85 2.8
0 96.27 -6.89 2.14
3.64 95.67 -4.11 3.55
0 96.62 -7.43 2.21
0 96.77 -8.23 1.59
0 96.15 -5.39 2.87
6.17 96.5 -3.64 2.68
0 97.11 -8.44 3.85
0 97.05 -9.99 2.43
0.01 97.03 -9.24 3.54
0 96.22 -4.55 2.47
0 96.21 -4.77 1.41
0 96.37 -4.37 1.28
0 96.42 -4.04 1.45
0.05 96.76 -3.64 1.28
0.08 96.83 -5.43 2.67
6.02 96.45 -9.39 3.89
0 96.85 -10.2 2.79
0 96.77 -11.14 1.38
0.03 96.55 -6.26 2.94
1.3 97.24 -9.57 4.06
0 97.12 -11.63 2.23
0 96.78 -9.44 4.09
0 97.01 -9.03 3.03
0 96.52 -8.36 1.6
0 96.4 -7.5 1.47
0 96.17 -3.41 3.17
0 96.35 -4.8 2.35
0 96.02 -3.06 2.42
0 96.66 -6.07 1.55
0 96.98 -7.62 1.46
0 96.48 -4.54 1.2
6.86 96.52 -3.93 1.62
11.17 96.08 -4.52 2.31
0.01 96.26 -7.8 3.3
0 96.5 -10.56 3.48
0 96.27 -10.81 2.54
0.01 96.01 -11.96 2.85
0 96.12 -10.33 4.75
0 97.11 -11.72 2.21
0.07 97.09 -13.7 1.41
0.02 97 -13.14 1.35
0.21 96.78 -11.19 1.9
0 97.1 -11.69 1.76
10.38 96.78 -12.63 2.78
0 96.84 -13.2 2.41
0 96.43 -12.28 4.53
0 97.15 -13.85 2.85
0 97.27 -14.04 2
0 97.38 -12.68 1.46
0 96.76 -8.09 2.1
0.04 95.98 -3.59 5.39
0 96.55 -6.53 3.45
0 96.03 -8.38 2.38
0.42 96.83 -11.05 4.15
0 97.15 -9.8 3.38
0 96.57 -7.77 3.32
0 97.3 -7.74 3.79
0 96.69 -4.66 2.42
0 96.13 -4.48 1.76
0.4 95.78 -1.36 2.43
0 96.15 -5.32 3.62
0.01 97.09 -6.59 2.95
0.01 97.05 -7.57 1.25
0.02 96.81 -8.3 5.47
0.01 96.36 -9.42 6.1
0 96.55 -9.21 5.1
0 96.66 -7.14 3.04
0 96.65 -6.96 1.63
0 97.14 -5.6 1.89
0 96.99 -4.14 2.4
0 95.78 2.28 3.23
2.64 96.15 -3.2 4.73
0 96.75 -6.75 3.33
0 96.19 -5.96 2.48
0 95.08 -3.58 4.95
0 96.86 -7.15 4.61
10.13 96.65 -5.97 2.87
15.29 95.99 -3.78 4.39
0 96.51 -4.49 3.52
0 96.22 -1.9 3.53
0 96.17 -0.52 3.01
0 96.4 -1.18 1.67
0 96.03 1.78 2.99
0 96 0.76 2.92
0.56 96.41 -4.41 3.79
0 95.6 -0.94 2.66
0 95.71 -0.31 1.92
0.06 95.93 -3.54 2.4
0.17 96.33 -4.83 3.56
0.03 96.09 -7.19 4.11
0 96.06 -4.81 4.92
0 95.58 -0.14 4.22
0 95.4 0.94 3.24
0 95.62 2.83 1.92
0 95.87 4.9 3.29
0 96.7 0.1 4.81
0 96.73 1.24 2.8
0 96.7 1.62 2.32
0 96.42 2.93 1.74
0 96.06 3.19 1.71
1.96 95.94 4.02 1.98
0 96.47 5.43 2.25
0.07 96.59 4.9 2.04
0.51 96.62 2.32 3.53
0 96.44 2.08 2.54
0 96.21 3.02 2.17
0.49 96.6 2.26 1.66
3.93 96.29 1.44 1.61
1.47 96.1 3.1 2.5
0.24 96.01 2.5 2.32
0 96.21 3.4 2.59
0 95.98 5.93 2.69
0 95.92 9.29 3.61
0.05 96.74 4.67 2.8
0 96.54 4.73 2.23
0 95.94 5.74 1.78
0 95.93 9.39 2.19
0 95.84 12.87 3.46
0 95.52 16.9 4.27
0.34 95.29 14.33 3.87
3.54 95.37 10.59 3.84
1.52 95.45 9.64 2.71
0 96.18 9.06 3.99
0 96.17 9.18 1.96
0 95.16 13.38 3.61
0 95.74 8.17 4.2
0 95.67 7.05 2.45
0 94.98 12.99 4.71
0 94.58 15.48 3.07
0 95.01 16.81 3.43
0.14 95.4 14.46 3.19
1.05 94.27 14.86 4.54
0.35 94.43 8.62 6.18
4.55 94.86 8.36 3.19
4.07 95.21 9.85 3.37
0 95.62 10.71 2.44
0.01 94.96 13.79 4.92
0 95.23 10.17 3.15
0 95.53 9.7 3.27
0.01 96.18 9.38 3.66
0 96.2 11.02 4.6
0 95.35 15.52 4.31
0 94.82 17.67 3.34
0 94.48 21 4.54
0 95.4 16.8 2.47
0 95.74 17.9 2.53
0 95.67 21.53 4.53
1.33 95.6 19.22 6.19
13.86 95.55 15.34 3.42
13.44 95.23 10.62 5.94
0 95.48 10.99 6.29
0 95.33 18.52 3.79
0 95.05 20.65 2.72
0 94.79 20.99 4.79
0.4 94.8 19.23 3.36
0.05 94.92 15.72 5.35
0 94.8 13.77 4.45
2.73 95.02 12.69 4.35
0.34 95.74 14.28 4.72
0 95.71 17.07 2.41
0 94.93 20.17 1.87
0 94.74 23.65 2.45
0 94.7 28.87 4.17
1.01 95.1 26.85 3.47
0.45 95.41 23.4 3.14
5.8 95.76 15.71 3.82
205.26 95.85 10.17 2.3
0.03 95.61 16.58 2.09
0.02 95.19 19.5 2.14
0.13 95.73 15.44 3.26
0 95.3 18.69 2.48
0 94.92 21.29 3.27
0 95.16 21.82 3.91
20.15 95.45 17.74 2.97
0.5 94.94 20.36 3.01
16.15 94.49 20.07 2.95
0 94.97 17.19 3.39
106.56 95.3 12.01 2.12
0 95.39 16.41 2.62
0 95.39 20.22 2.32
0 95.54 21.93 2.35
22.07 95.24 16.23 2.78
1.36 94.95 18.96 2.75
0.27 94.84 22.26 3.6
0 94.95 20.98 3.46
0 95.32 19.05 1.92
5.9 95.48 18.45 1.97
13.42 95.77 18.86 1.82
0 95.76 21.17 2.16
0 95.29 27.41 2.55
0.09 95.03 28.36 2.03
2.35 94.89 27.14 2.54
6.2 94.78 24.99 2.65
38.34 94.8 21.93 2.97
121.05 94.73 19.73 1.92
9.08 94.76 20.39 2.53
0.4 94.96 21.43 2.27
38.28 95.32 19.57 1.68
81.38 95.22 17.99 1.64
5.69 94.93 19.95 1.54
4.73 94.9 22.25 1.67
0 95.07 24.35 1.78
26.48 94.96 25.29 2.7
9.48 94.97 26.14 3.11
0.08 94.86 27.38 3.57
6.42 94.74 27.16 2.57
17.99 94.62 27.57 2.59
48.66 94.84 24.72 2.18
0.4 94.94 25.58 2.11
15.73 95.09 24.68 1.95
57.69 95.25 23.6 1.61
56.13 95.03 24.35 2.84
679.07 94.2 22.92 2.64
20.43 94.13 25.1 3.03
55.61 94.32 24.37 2.77
0.49 94.27 24.18 1.74
0 94.53 25.94 2.49
0.84 94.62 28.41 2.75
35.62 94.41 27.95 3.27
13.09 94.83 26.22 1.99
14.1 95.16 26.65 2.02
0 95.29 27.2 2.01
0 95.21 28.77 2.31
0.01 94.94 28.87 3.25
55.91 94.73 26.53 2.76
63.97 94.73 22.5 2.49
51.33 95.46 21.54 2.25
17.77 95.43 21.89 1.69
1.98 94.97 23.91 1.26
1.7 95.09 23.88 1.67
0.31 95.32 24.01 1.89
29.32 94.97 22.56 2.66
1.95 95.17 23.23 2.5
0 95.68 23.05 1.84
0 95.25 23.46 1.68
26.21 94.84 24.29 2.32
0.1 95.01 25.41 2.01
0.68 95.07 26.6 2.72
35.09 94.83 25.44 2.19
812.64 94.27 23.36 2.38
8.65 94.67 24.92 1.46
120.3 94.72 24.5 2.29
57.52 94.55 22.69 1.82
3.15 94.59 23.9 2.1
23.39 94.47 22.87 1.56
35.31 94.29 21.26 1.59
7.4 94.39 23.31 1.56
11.25 94.79 23.86 2.49
49.87 95.17 23.1 2.09
0.31 95.32 23.78 1.83
35.84 95.26 22.25 1.75
30.79 95.16 21.73 1.63
219.07 95.23 20.06 1.98
91.1 95.38 20.95 1.85
55.96 95.53 21.56 1.61
19.28 95.56 22.16 1.59
8.23 95.19 22.58 1.93
0.8 94.91 25.34 1.84
40.11 95.37 22.85 2.02
228.01 95.28 19.39 1.94
0.08 95.26 20.25 3.34
0 95.34 18.41 3.4
0 95.67 19.63 2.18
14.33 95.4 17.51 2.82
6.14 95.86 16.07 2.84
0 95.99 14.42 2.12
0 95.71 16.61 2.01
0.49 95.71 16.96 1.57
3.09 95.54 19.61 1.7
14.3 95.59 19.27 1.98
5.96 95.47 20.17 2.86
2.36 95.3 21.38 3.02
0.04 95.17 20.46 3.39
0 95.1 19.18 1.69
0 94.88 21.4 2.31
0.68 95.47 18.47 2.6
12.05 95.53 17.89 2.07
61.34 95.38 17.02 1.77
0.08 95.62 16.47 2.1
0 96.02 15.1 1.99
0 96.28 16.02 1.6
2.6 96.24 17.74 2.06
8.54 96.03 18.83 1.98
1.45 95.59 19.06 2.39
0.02 95.41 16.96 2.15
0 94.84 19.19 2.39
0.29 95.31 15.54 3.04
0 95.69 15.5 1.71
0.69 95.02 19.53 3.26
27.95 95.04 17.29 3.59
0 95.22 18.53 4.13
0.09 95.55 17.99 2.61
14.81 95.52 16.58 2.66
25.53 95.82 13.14 2.2
0.16 95.79 9.99 2.25
0 95.66 9.01 3.25
0 95.5 9.86 2.33
0 95.62 13.48 2.92
0.1 95.8 15.2 3.96
0 96.57 9.18 2.45
0 96.92 7.39 1.94
0 96.67 9.64 2.58
0 95.95 14.43 3.4
0 95.72 15.61 3.47
0 96.06 13.92 1.88
18.63 96.37 12.32 1.51
114.4 97 8.83 3.07
21.47 97.02 5.48 2.85
1.38 96.81 4.95 2.77
1.5 96.43 4.78 2.01
0 96.29 6.51 2.92
0.01 96.91 4.61 1.35
25.58 96.95 6.34 1.88
0.13 97.29 4.96 1.68
0 97.09 5.44 1.74
2.69 96.41 8.27 1.5
0.06 96.21 8.8 1.41
0 95.88 11.46 2.62
0.01 96.63 7.19 2.08
4.16 96.73 4.09 1.79
0.07 96.72 4.82 1.79
0 96.49 6.64 1.96
0 96.58 7.88 1.45
0 95.95 10.52 1.58
0.04 95.79 10.95 1.82
0 96.64 7 4.2
0 97.19 1.89 3.52
0 96.64 5.23 2.29
0 95.73 8.07 2.9
