0.99 96.62 -14.21 1.48
0.03 97.31 -15.66 1.82
25.59 97.19 -17.81 1.48
6.2 97.36 -17.25 3.14
0 97.74 -19.42 1.82
0.01 97.91 -19.05 1.81
0.1 98 -16.62 1.45
14.94 97.42 -15.19 1.05
7.54 97.54 -14.27 1.41
0 97.84 -14.58 1.42
0 97.82 -15.17 2.3
0 97.27 -18.36 2.62
0 97.31 -16.13 2.31
0.63 97.1 -14.93 1.16
0 98.2 -14.22 1.34
0 97.8 -13.47 1.08
0 97.43 -10.39 1.05
0.02 97.35 -6.58 1.15
0 96.8 0.46 2.48
0.09 97.92 -7.9 4.5
0 97.96 -11.97 2.47
0 97.68 -10.6 2.82
0 97.16 -8.16 2.47
0 96.54 -7.69 3.48
0 97.58 -9.07 2.89
0 107.76 -5.16 2.67
4.49 96.39 -3.08 2.12
0.01 97.09 -9.53 3.19
0 96.65 -5.16 3.29
0 96.66 -5.45 1.42
0 97.24 -7.94 1.59
0.26 97.44 -10.4 1.83
0 97.48 -13.6 1.84
0 97.43 -12.75 1.88
0 97.37 -12.68 1.68
0 97.71 -12.67 1.4
0.03 97.68 -10.86 1.95
6.02 96.75 -3.45 2.52
0 96.71 -3.33 1.81
0 97.3 -5.65 2.23
0 97.89 -8.87 3.22
0 98.32 -10.98 3.63
0 98.1 -10.97 1.74
0.04 97.49 -9.87 1.85
0 97.86 -9.27 2.26
0 98.07 -11.86 1.68
0 97.64 -9.81 1.73
0.01 97.15 -7.42 2.75
0 97 -8.18 1.91
0 96.44 -3.93 1.67
0 96.27 -4.67 1.54
0 96.34 -3.24 1.87
0 96.54 -4.02 2.19
0 95.46 1.52 2.13
7 95.65 0.34 1.78
0 96.76 -4.14 2.75
0.3 96.99 -3.73 1.75
4.63 96.69 -4.31 2.05
2.6 97.23 -5.59 2.53
0.17 97.01 -6.26 2.06
0.45 96.73 -2.36 3.04
0 96.91 -2.19 2.56
15.9 96.34 0.09 2.51
3.69 97.46 -7.12 3.28
0 98.17 -9.18 2.02
0.01 98.41 -9.48 2.05
3.61 98.73 -8.66 2.62
0.01 97.98 -8.53 2.51
0 96.67 -3.7 2.4
0.22 95.63 2.48 3.19
0.65 96.6 -2.59 4.2
0 97.37 -2.67 1.87
40.61 96.78 -0.52 1.69
2.06 96.69 -1.87 4.09
0.02 97.14 -3.6 2.06
0 97.53 -4.03 2.03
0 96.64 -2.6 2.66
0.54 95.16 4.11 2.91
39.29 95.72 0.11 3.14
0 96.21 0.96 2.44
0.05 96.13 5.06 3.53
0 96.87 3.16 2.62
0 97.29 0.83 2.65
0.03 97.36 -2.36 2.79
0.32 96.86 -1.38 1.98
1.1 97.46 -0.9 1.99
0 97.37 3.72 1.75
0.11 97.19 5.92 2.01
6.45 96.62 8.84 3.84
2.65 96.26 8.27 3.56
0 96.71 3.83 4.79
0 96.76 1.28 3.64
0 96.52 4.58 3.39
0 96.08 9.76 3.08
7.72 96.66 4.09 2.4
0.01 97.37 2.86 2.05
0 96.89 7.34 3.13
0.34 95.74 11.95 4.99
46 96.38 2.83 2.49
0 96.7 4.53 2.61
3.43 96.64 3.72 2.03
26.57 96.44 1.83 2.75
0.03 97.26 0.32 4.54
0 97.42 2.5 2.15
0.14 96.76 5.4 2.84
10.43 96.91 4.13 1.69
0 97 5.84 2.49
10.33 96.24 11.55 2.68
73.86 96.65 8.49 1.62
0.24 97 9.01 1.71
0.17 97.22 10.84 2.12
0.99 96.99 10.12 2.4
0.1 96.95 9.08 1.94
0 96.59 13 2.96
3.85 96.39 13.72 4.08
60.72 96.16 5.21 2.81
6.97 95.71 3.9 3.08
0.11 95.85 6.26 4.94
2.04 96.01 8 3.82
4.51 96.28 12.06 2.39
0 95.72 17.26 1.93
0 95.42 19.42 3.3
0.91 95.97 17.37 2.08
6.62 95.48 269.63 2.58
258.44 95.02 12.24 2.79
7.49 95.55 14.03 3.79
18.07 95.62 12.74 1.77
1.98 95.88 16 2.21
60.62 95.72 11.05 2.64
8.38 95.57 10.54 2.12
1.45 96.55 10.89 2.59
0 96.84 13.44 1.62
0 96.82 15.97 1.57
2.46 96.46 17.21 2.87
3.88 96.29 20.08 2.49
2.17 96.5 18.89 2.64
45.09 96.08 15.24 2.45
106.85 95.16 12.96 2.29
0.22 94.87 18.92 4.13
0 95.66 22.53 2.4
0 95.83 23.8 2.5
0.39 95.78 22.31 1.87
3.28 95.4 21 2.4
7.33 95.54 17.82 3.7
0.88 96.18 21.74 3.4
0.15 96.62 22.22 2.04
7.95 96.64 19.49 1.72
72.05 96.13 15.61 2.12
38.61 95.67 16.79 2.16
71.79 96.06 15.42 1.7
16.75 96.67 16.78 1.52
2.89 96.63 18.21 1.57
0.89 96.74 19.18 1.63
0 96.81 20.39 1.67
0.01 96.61 21.17 2.14
0 96.3 22.4 2.18
0 96.29 22.83 2.36
0 96.43 23.79 2.67
0 96.53 24.33 2.61
0 96.58 24.56 1.76
3.48 96.46 21.65 1.99
0.13 96.26 20.85 2.47
0.63 95.9 22.03 1.98
13.91 95.68 22.42 2.74
37.48 95.52 22.26 2.64
0.73 95.35 24.07 2.24
18.91 95.44 24.42 1.78
113.5 95.56 21.09 1.78
12.6 95.62 20.41 1.61
1.76 95.69 22.79 1.41
0.12 96.04 23.69 2.62
0.03 95.67 23.93 1.84
10.04 95.96 21.45 2.33
0 96.12 23.24 1.54
0 96.01 24.92 1.96
0 96 25.48 2.09
0 95.91 25.15 1.77
41.71 95.7 22.36 1.69
117.2 95.61 22.54 1.38
0.57 95.66 24.27 1.45
0.09 95.51 24.5 1.43
147.74 95.38 21.98 1.8
4.27 95.34 25.4 1.73
0.05 95.39 27.6 1.42
14.67 95.36 26.9 1.89
0 95.34 27.14 2.44
0.05 95.49 25.65 2.37
20.59 95.8 22.5 1.86
4.7 95.96 23.29 1.82
1.46 95.97 22.98 1.91
78.85 95.81 21.07 1.71
71.63 95.75 21.49 1.39
246.27 95.99 20.73 1.23
8.73 96.24 22.98 1.28
0 96.22 24.34 1.74
85.03 95.85 22.95 2.04
9.52 95.63 24.72 2.72
1.98 95.83 25.8 2.3
3.84 95.78 26.9 2.09
25.38 95.9 25.36 2.09
401.5 95.73 22.7 1.52
3.07 95.96 24.41 1.46
2.71 96.08 26 1.55
2.99 96.14 26.52 1.59
2.54 96.28 27.41 1.75
1.36 96.15 27.69 2.34
14.27 96.04 26.76 2
10.06 95.69 27.03 2.31
102.18 95.27 27.09 2.42
6.41 95.21 24.08 1.56
27.57 95.23 25.82 1.35
181.62 95.52 22.72 1.44
0 96.15 22.38 1.82
0.03 96.07 23.27 1.51
13.8 95.42 24.1 2.14
73.81 95.56 23.48 1.5
199.93 95.94 22.32 2.22
0 96.72 21.33 1.44
13.44 96.37 21.44 1.56
140.23 95.67 22.4 1.88
18 95.69 23.13 1.97
0 95.93 22.7 1.85
0 95.67 24.82 1.89
11.65 95.38 24.91 1.68
1.46 95.28 26.05 1.91
51.73 95.17 24.75 2.42
0 95.66 22.8 2.3
0 96.03 23.29 1.61
7.85 96.08 23.75 2.16
10.59 96.29 23.64 2.09
201.29 96.4 22.5 1.74
2.29 96.66 23.76 1.58
266.11 96.54 19.4 1.54
92.19 96.51 18.85 1.41
0.61 96.53 20.34 1.3
0 96.48 22.39 1.43
0.09 96.65 22.18 1.32
1.6 96.79 22.3 1.82
0 96.52 21.61 1.68
2.61 96.34 20.94 1.25
26.91 95.97 21.58 1.47
14.26 96.1 21.5 1.42
1.76 96.17 22.39 1.59
35.35 96.63 21.07 1.45
2.75 96.76 21.66 1.4
0.02 96.65 20.21 1.24
0 96.42 19.92 1.39
0 96.22 22.01 1.48
4.8 96.33 23.22 1.4
0 96.84 19.44 1.95
0 96.75 17.81 1.36
1.85 96.34 18.09 1.29
10.26 95.96 19.72 1.42
0.3 96.18 20.25 1.31
0 96.32 21.47 1.17
3.18 96.4 22.56 1.27
0 96.52 22.67 1.38
3.36 96.34 21.96 2.16
144.37 96.61 16.34 2.07
224.43 96.74 10.22 2.17
232.75 96.64 12.22 1.32
0 96.4 15.92 1.28
43.02 96.54 15.06 1.82
222.41 97.21 10.2 2.58
0 97.19 10.56 1.77
0 96.97 13.14 1.41
1.05 96.73 14.94 1.48
6.04 96.52 15.55 2.43
0.42 96.66 14.45 1.98
0 96.56 12.18 3.54
0 97.42 9.95 2.56
0 97.04 10.56 1.42
0.02 96.76 14.69 1.63
1.04 96.98 14.41 1.41
417.21 96.64 9.81 2.24
66.01 96.63 7.8 3.27
0 96.81 9.94 1.91
0 96.48 12.85 1.28
0 96.38 16.23 1.91
0 96.56 17.14 2.2
0 96.5 16.64 2.15
0 96.03 16.21 2.26
22.53 96.48 12.62 1.91
136.83 96.93 6.97 2.37
0 97.13 8.39 1.26
0 96.66 10.49 1.4
0 96.83 9.92 2.38
0 96.43 8.69 2.65
0 97.12 4.98 2.45
0 97.79 2.29 1.26
24.7 97.74 0.87 1.28
54.4 97.72 2.1 1.35
0 97.63 3.06 1.25
0 97.13 4.94 1.35
0 96.84 9.39 1.63
5.61 96.92 10.65 1.99
6.69 97.43 4.54 3.07
0 97.85 1.33 3.31
0 98.56 -0.46 2.47
0 97.76 0.86 1.49
0 97.59 4.63 1.54
0 97.58 5.92 1.31
0 97.62 6.15 1.3
0 97.41 6.25 1.55
0 97.9 3.53 3.28
0 97.57 2.16 1.79
0 97.08 5.99 1.72
0 97.17 5.11 1.21
0 96.87 7.08 1.54
0 96.55 7.91 1.43
7.31 96.63 5.11 2.73
0.33 97.2 1 2.88
0 96.94 -0.56 1.21
0 96.55 0.93 1.46
54.15 95.88 1.93 3.16
1.31 96.44 0.12 1.86
1.38 97.4 0.36 3.05
0 98.39 -3.37 2.27
0.04 97.8 -2.67 2.07
0 97.07 0.79 1.43
0 97.05 1.4 1.7
0 96.73 5.11 2.55
0 96.23 4.2 1.93
0 96 5.54 1.53
0.28 96.09 2.91 3.77
0 96.89 -1.93 1.74
0 96.83 -1.22 1.79
0.01 96.98 -0.78 3.25
0 97.27 -5.3 1.98
0.28 96.5 -4.93 1.95
0 96.78 -4.96 5.17
0.18 96.96 -6.44 1.72
0.19 96.87 -5.81 1.38
0 96.52 -2.1 1.86
0.04 96.04 -0.77 1.71
0.06 96.57 -5.18 3.08
0 96.84 -5.93 1.94
0 95.79 2.16 2.27
0 96.99 -1.3 3.07
0 97.65 -4.73 2.83
0 96.38 -3.96 1.97
0 96.32 -5.17 1.72
0 95.93 -4.36 1.77
0.99 95.62 -5.9 3.7
0 96.75 -10.15 2.06
1.1 97.01 -11.54 2.42
0.16 97.81 -13.52 2.97
0 97.75 -14.77 2.99
0 97.47 -14.09 2.8
0 96.18 -8.72 2.68
0 95.99 -5.52 1.73
0 96 -3.69 1.6
0 96.27 -2.98 2.09
0 96.51 -0.85 1.75
0 96.21 -5.12 1.34
0.2 96.77 -8.06 2.65
0 98.09 -14.44 3.35
0 98.1 -15.13 2.79
0 97.19 -14.07 2.46
0 96.08 -11.52 2.32
0 95.73 -8.07 1.96
0 96.37 -10.55 2.72
1.39 96.63 -11.09 1.86
0.03 96.77 -11.49 4.11
0.21 97.25 -10.34 4.57
0 97.87 -10.35 2.69
0 98.05 -11.36 2.17
0 97.66 -11.54 1.15
0.01 97.26 -11.67 1.46
0.03 97.39 -10.86 3.44
0 98.01 -9.62 2.96
0.01 97.4 -8.22 1.78
0.2 97.19 -8.16 2.91
0 97.82 -12.11 3
0 97.1 -10.82 2.14
0 96.6 -10.6 3.25
0 96.81 -12.13 1.66
0.01 96.75 -10.33 1.98
0.03 97.75 -13.19 2.5
0 98.21 -16.18 3.2
0 98 -14.9 1.7
0 97.82 -13.67 2
0 97.57 -14 2.19
0 97.52 -13.53 2.69
0 97.44 -12.27 1.67
0 97.24 -12.06 1.46
0 97.24 -11.91 2.37
0.04 97.5 -13.3 3.12
0.01 97.68 -13.44 1.7
0.13 97.84 -13.57 1.9
0 98.28 -13.77 1.52
0 98.58 -13.17 2.08
0.02 98.1 -12.8 2.2
0 97.81 -13.16 3.01
0 97.6 -10.88 2.4
0 97.16 -4.27 2.17
0 96.83 -4.42 1.41
0 96.75 -6.51 1.24
0 96.66 -5.71 1.87
0 96.87 -5.02 1.83
0.03 96.2 -3.98 3.27
0.03 96.6 -2 2.3
0 96.36 -5.33 1.8
0.64 96.4 -5.59 2.67
0.33 97.29 -8.64 1.86
1.89 97.3 -8.4 1.5
1.18 97.52 -11.35 3.37
0 97.69 -11.17 1.98
0.25 97.58 -10.12 1.77
0.2 97.59 -11.08 1.48
0 96.92 -4.97 2.63
0.57 96.78 -4.56 1.58
1.22 97.18 -3.39 2.24
0 97.2 -4.07 1.57
0 97.04 -0.44 1.59
0 97.38 -0.44 1.44
0 97.02 0.83 1.68
0 96.57 1.84 2.86
1.97 96.28 2.1 2.2
0.23 96.98 -1.96 2.63
0 97.7 -3.95 1.57
7.79 97.15 -1.65 3.09
1.12 97.73 -7.16 3.79
0.06 97.33 -6.31 2.98
0 97.04 -5.08 2.58
0 97.07 -5.26 1.88
0 97.17 -3.47 2.38
0 96.85 -0.84 1.73
0.13 96.29 2.89 2.33
0 97.05 -0.14 3.15
0 96.82 0.02 3.45
0 96.87 -1.84 3.53
0 97.26 -0.59 3.01
0 96.95 1.11 2.66
0 96.43 2.64 2.54
0 95.65 7.49 1.96
0.02 96.27 4.31 3.66
0 97.49 -0.49 3.77
0 97.22 -2.97 4.06
0 97 -2.02 2.61
0 96.46 3.45 2.62
0 96.01 6.24 3.91
0 96.47 3.36 2.78
0 96.56 1.85 2.43
0.87 97.2 -1.28 3.42
0 97.35 -1.32 2.49
0 97.05 -0.6 2.09
0 97.18 -0.5 3.61
0 104.12 0.82 2.11
0 104.07 1.98 2.14
0 103.88 4.09 2.28
0 104.17 3.79 1.91
0 103.83 7.71 2.26
0 103.54 8.88 1.88
0 103.08 11.31 3.04
0 104.31 4.33 4.03
0 104.31 3.99 2.45
0 103.87 6.36 1.96
0 103.79 8.37 1.53
0 96.91 10.17 2.6
0.07 96.24 10.85 4.47
1.06 96.46 9.26 3.62
0 96.53 8.73 3.35
0 96.23 11.03 3.58
4.42 96.96 6.93 2.92
0 96.68 9.87 2.67
0 96.05 15.35 3.02
0 96.09 14.72 1.78
0.09 95.37 16.4 2.66
0 96.14 12.26 4.18
0 96.07 12.51 3.64
3.86 95.87 10.18 5.33
0.69 96.52 8.06 4.79
0 96.5 10.54 2.27
0 95.85 14.74 3.25
60.16 96.56 8.79 2.48
3.72 96.46 7.86 2.03
11.64 96.2 6.85 2.46
2.82 95.81 7.61 3.32
0.31 95.39 9.49 1.87
15.82 95.36 9.66 2.1
1.07 96.04 8.83 2.86
0 95.61 10.53 1.89
56.52 95.03 9.2 1.5
12.48 94.94 10.1 2.27
1.67 95.8 14.7 3.24
0.19 96.04 13.55 3.24
0 96.4 13.83 2.48
2.69 96.03 13.2 2.5
155.66 95.28 10.35 2.74
0.13 95.22 11.79 2.65
0.02 95.72 14.4 2.27
3.35 95.87 14.9 3.21
36.28 95.51 16.69 2.27
0 95.77 18.77 1.82
0.13 95.45 17.9 3.42
0.69 95.41 14.54 5.15
0 95.57 16.69 5.16
0 95.69 17.7 3.41
0 96.2 15.26 3.27
0 96.23 15.66 1.88
0.01 95.18 17.98 2.57
27.84 94.93 18.26 3.22
14.99 96.02 15.31 2.8
0.89 96.17 13.67 2.88
0.46 96.1 13.95 3.47
0 95.92 19.06 3.05
0 96.04 20.18 2.7
0 96.18 21.92 2.99
3.97 96.17 21.1 3.44
12.97 96.12 19.29 4.02
0.07 95.9 20.62 2.81
0.4 95.76 23.86 4.29
9.4 95.77 23.02 2.47
28.95 95.31 20.37 2.85
10.34 95.22 18.05 2.35
0.05 95.71 20.16 2.21
6.02 95.48 20.92 3.85
9.32 95.49 20.35 2.83
0.25 95.76 20.81 1.79
1.17 95.66 23.48 2.09
43.25 95.06 24.41 2.81
19.2 94.74 22.23 2.18
37.89 94.98 21.48 1.9
0 95.37 23.47 2.27
67.07 95.33 21.13 1.9
203.15 95.51 16.92 1.76
8.2 95.67 19.98 1.97
17.91 95.74 21.87 1.64
53.11 95.55 20.9 1.95
80 95.53 18.88 1.94
82.24 95.75 17.69 1.55
1.87 95.86 20.67 1.42
0 95.8 22.62 1.45
0 95.69 24.57 2.08
0.04 95.41 25.99 2.43
0 95.31 26.88 2.57
7.26 95.06 23.25 2.17
103.14 95.23 17.97 2.43
1.75 95.93 20.68 2.29
0 96.31 21.51 1.7
9.9 95.66 22.03 2.76
17.87 95.03 22.3 2
4.29 95.3 24.58 2.31
0.06 95.48 23.98 2.67
23.74 95.38 23.19 2.29
28.19 95.4 22.81 1.61
0.25 95.24 24.08 1.9
0 95.34 24.88 2.1
0 95.5 25.9 1.84
38.2 95.1 22.68 1.84
0.74 94.76 25.49 2.61
133.28 94.83 19.6 1.68
19.53 94.93 20.24 2.28
3.97 95.57 22.31 1.64
8.82 95.77 23.91 2.06
8.42 95.84 24.42 2.18
15.44 95.85 23.87 2.14
1.18 95.63 24.28 1.48
74.17 95.71 22.94 1.86
15.39 95.7 23.46 1.41
35.56 95.58 23.23 1.54
18.63 95.63 22.3 1.58
35.65 95.66 23.07 1.26
181.97 95.49 21.69 1.28
94.87 95.47 21.65 1.26
119.14 95.44 22.18 1.68
50.89 95.39 23.61 1.8
0.67 95.44 25.29 1.5
33.09 95.45 25.65 1.89
525.72 95.23 22.67 2.23
108.02 95.16 23.69 1.96
20.84 95.41 23.41 1.89
1.14 95.58 25.33 1.59
36.49 95.75 23.31 1.34
192.63 95.4 21.41 1.52
0.02 95.47 23.93 1.56
0.43 95.6 25.19 1.67
1.55 95.97 23.81 1.56
0.07 95.62 23.92 2.02
0 95.55 24.32 1.86
0.03 95.76 24.41 1.61
9.51 95.77 23.28 1.29
14.8 95.78 23.94 1.36
26.43 95.32 24.18 1.54
15.53 95.47 25.66 1.54
0 95.88 25.51 1.14
0 95.73 25.89 1.39
0 95.48 25.75 1.67
8.61 95.22 25.56 1.73
55.9 95.51 23.17 1.78
347.48 95.59 19.76 1.53
32.47 95.6 22.34 1.46
30.32 95.81 21.78 1.18
0.25 96.06 22.41 1.32
0.22 96.24 22.46 1.35
0 96.22 23.74 1.35
1.03 96.09 24.08 1.65
44.5 96.29 21.72 1.57
0 96.32 21.29 1.19
27.13 96.3 20.87 1.49
7.64 96.52 21.04 1.38
0.5 96.62 21.52 1.22
27.82 96.43 19.68 1.31
14.93 96.07 21.4 1.15
1.56 95.98 22.79 1.39
0 95.91 23.68 1.36
42.8 95.64 23.31 2.3
2.28 96.16 20.13 1.73
0 95.98 20.37 1.31
4.41 96.47 19.55 1.65
0.38 96.42 19.65 1.2
0 96.46 19.06 1.23
0 96.06 19.8 1.28
17.05 95.66 19.67 2.27
5.81 96.31 14.99 1.9
0.24 96.89 14.8 1.71
6.2 97.19 14.02 1.58
23.23 96.67 16.95 1.7
0.33 96.4 17.59 1.92
0.11 96.01 20.02 2.63
7.78 96 18.47 1.75
7.63 96.18 16.57 1.55
51.89 96.53 14.45 2.27
0 96.94 11.36 2.37
0 97.39 10.92 1.78
0 97.23 11.3 1.31
0 96.88 12.42 1.45
0 96.47 13.64 1.5
0 96.54 14.72 1.82
0 96.5 15.18 1.67
0 96.25 17.66 2.26
0.09 96.51 18.69 1.89
0.14 96.7 18.91 2.24
0.03 96.55 17.77 1.93
3.76 96.33 16.68 1.86
0.22 96.72 11.86 2.78
0 97.3 8.2 2.26
0 97.33 8.68 2.42
0 97.8 8.85 2.42
0 97.47 9.85 1.42
0 96.8 11.75 2.05
0 96.18 13.7 2.66
0 96.77 10.99 1.86
0 96.78 10.9 1.32
0 96.59 14.25 2.1
0.14 96.89 14.91 2.03
0 97.45 10.6 1.29
0 97.18 12.18 1.4
0 96.6 14.38 1.22
59.58 96.07 11.45 1.45
7.45 95.95 10.59 1.56
1.34 95.57 10.25 2.2
0.82 96.07 10.61 3.31
0 97.12 6.47 2.07
0 97.19 9.08 1.45
0 97.01 11.11 1.87
0.01 96.85 14.31 2.52
0 96.76 13.76 1.73
0.28 96.6 12.25 1.21
21.93 97.1 6.52 3.19
0.01 97.51 3.81 2.89
0 97.58 4.73 1.56
0 97.13 6.42 1.39
0.82 96.98 8.3 2.21
0 97.24 7.03 1.3
0 96.92 7.41 1.43
0 96.75 9.39 2.35
0 96.97 11.17 3.17
3.74 97.1 12.72 2.31
0.3 97.68 7.48 1.55
0.91 97.42 8.42 1.25
1.98 97.1 10.94 2.06
0.43 97.75 5.2 3.06
0.05 97.65 3.77 1.66
0 97.59 4.11 1.6
0 97.54 4.26 1.46
0 97.37 2.86 1.14
0 96.75 3.01 1.23
0 96.18 4.65 1.8
0 96.41 6.78 2.49
0.04 97.21 0.52 2.36
0 97.35 -2.49 1.52
0 97.43 -1.73 1.31
0 97.56 2.2 1.9
75.76 96.98 2.13 1
10.1 96.66 0.9 2.68
1.87 96.95 -3.31 3.09
0 97.5 -5.07 1.78
0 97.48 -3.21 1.48
14.63 96.99 -3.62 2.26
0.14 97.68 -6.67 2.81
0 97.41 -7.24 1.02
0.09 97.43 -5.43 1.42
0.26 96.71 0.71 1.47
0 96.8 -0.69 1.12
0 97.56 -1.51 2.26
0 98.15 -5.99 1.8
0 98.44 -6.64 1.98
0.09 97.75 -6.89 0.98
0.03 96.99 -4.95 0.99
0 97.2 -5.43 1.36
0 97.55 -6.9 0.97
2.12 97.82 -7.01 0.85
2.2 97.72 -3.74 0.98
1.5 97.98 -5.39 2.38
0.03 98.33 -10.35 3.66
0 97.99 -10.47 2.43
0.01 97.15 -6.72 3.07
0 97.13 -2.95 1.97
0 97.63 -5.7 1.37
0.01 96.96 -3.13 2.42
0 97.62 -7.36 3.79
0 97.87 -11.26 2.92
0 98.02 -11.54 2.78
0 97.73 -10.1 1.8
0 97.79 -9.76 1.6
0 97.68 -10.1 1.05
0 97.35 -9.39 1.5
0 97.29 -8.44 3.1
0 97.6 -10.37 1.95
0 97.07 -8.55 2.17
0 97.26 -11.23 1.51
0 97.77 -11.43 1.39
0 98.05 -10.62 1.36
0 97.55 -7.68 1.38
0 97.86 -9.17 1.7
0 98.27 -13.29 1.23
0.19 97.74 -12.07 1.15
0.01 97.46 -9.63 1.47
0.19 97.87 -10.28 1.61
0.83 97.32 -10.77 2.05
0.15 97.45 -11.53 3.15
0 97.71 -11.31 1.97
0 97.47 -10.54 1.5
0 98.3 -12.78 1.38
0.23 98.22 -13.72 1.03
0 97.76 -11.08 1.13
0 97.74 -12.42 1.13
0.1 97.76 -11.41 2.57
0 97.96 -11.73 2.27
0 97.01 -6.87 2.14
0 97.24 -8.37 1.6
0 97.15 -8.45 1.48
0 96.93 -9.53 1.01
0.06 96.69 -7.71 1.09
0.14 96.91 -9.32 1.06
0 97.1 -9.57 1.1
0 97.51 -9.83 1.06
0.01 98.16 -11.79 3.16
0 98.09 -15.83 2.83
0 97.79 -16.53 2.05
0 97.26 -15.73 1.83
0 97.09 -14.72 2.36
0 96.71 -13.06 2.24
0 96.76 -11.9 1.57
0 97.3 -12.44 1.54
0 97.56 -13.38 1.3
0 97.94 -14.05 1.42
0.1 97.6 -15.51 1.37
0.74 97.04 -14.04 3.06
0 97.88 -15.8 3.47
0 97.91 -14.72 2.44
0 96.89 -11.8 2.24
0 97 -9.45 1.89
0.35 96.43 -5.6 2.09
0.03 96.96 -10.43 4.35
0 97.28 -14.16 3.81
0 96.86 -11.27 3.53
0 97.01 -9.15 2.49
0 97.37 -9.62 2.19
0 97.37 -9.48 1.75
0 97.18 -8.03 2.04
0.04 96.79 -3.4 1.79
0.11 97.31 -6.52 2.72
0 97.31 -9.19 2.39
0.04 97.37 -9.72 2.64
0 97.52 -11.24 3.81
0 97.44 -9.18 2.56
0 96.84 -5.86 2.23
0 96.88 -6.26 1.73
0 96.7 -7.38 1.35
12.36 96.24 -5.59 2.1
0 97.23 -6.22 2.22
2.32 97.05 -5.75 1.82
0.03 97.56 -7.11 2.93
0 97.51 -7.3 1.86
0 97.01 -5.11 1.98
0 96.64 -1.11 2.51
0 96.72 0.78 1.96
4.47 97.23 -2.45 1.69
0.64 97.47 -5.25 2.08
0.3 97.48 -4.84 1.53
0.07 96.85 -0.99 1.65
35.29 96.06 -1.7 1.14
29.72 96.1 -2.62 2.16
0.04 96.77 -3.26 2.62
0 97.53 -6.34 2.9
0 97.29 -6.82 1.78
0.28 97.09 -5.91 3.93
0 97.62 -6.22 3.16
0 97.29 -4.5 1.76
0 96.6 -0.37 2.49
0 97.17 0.4 1.88
0 96.88 2.56 2.69
7.93 95.9 5.34 3.46
4.61 96.42 -0.83 3.18
12.82 97.36 -5.91 2.59
0 97.13 -1.55 1.81
0 97.07 0.63 1.75
0 96.46 5.03 2.95
0 96.98 3.63 1.65
7.53 96.09 2.12 3.43
0 96.49 1.4 4.9
0 96.98 1.65 2.93
0 96.66 5.03 1.94
0 96.82 9.16 2.6
0 97.1 9.6 2.67
0.33 96.04 11.48 5.56
0.63 96.68 3.27 4.12
0.44 96.66 1.21 3.9
0 96.69 1.18 1.94
7.91 96.5 2.67 2.38
0 96.18 5.17 3.25
0 95.94 6.01 4.01
0 96.25 5.32 3.84
0.08 96.65 4.55 2.37
0 96.22 9.52 3.15
0 96.23 12.17 3.46
0 96.2 13.23 3.08
13.09 95.86 14.65 4.28
10.03 96.24 8.98 3.62
0 95.66 13.03 2.56
0 95.57 14.33 2.72
0 95.52 16.35 2.97
1.02 96.05 11.64 3.11
0 96.51 10.04 2.33
0 95.63 15.92 3.6
0 95.65 17.84 3.73
2.07 96.11 13.87 3.41
74.89 96.57 12.76 2.8
3.18 95.97 12.08 1.93
0.4 95.27 14.12 1.84
0.31 95.31 17.09 2.96
142.23 95.65 13.29 2.08
110.95 95.6 10.6 4.08
0 95.13 11.86 2.81
0.09 94.78 13.54 5.33
0 96.05 11.04 2.62
0 96.07 13.14 2.18
0.31 95.74 17.87 3.21
0.52 96.25 17.85 2.23
8.83 95.76 18.71 2.12
0 95.82 21.24 1.79
2.2 95.9 21.18 2.11
0 96 19 3.1
0 95.64 18.58 1.97
0.78 95.66 17.12 1.38
0 95.86 18.38 1.73
0.06 96.19 19.94 2.13
2.06 96.28 21.48 2.13
46.15 96.36 16.51 1.64
29.6 95.97 13.59 2.17
15.12 95.73 12.74 2.77
8.4 95.66 13.98 3.33
0.01 95.38 13.66 2.45
11.94 95.11 13.57 3.87
0.06 95.6 16.58 1.83
0 95.56 21.76 3.31
34.16 96.02 20.76 2.8
9.81 96.41 19.12 1.79
0.12 96.32 20.45 2.77
1.92 96.01 20.09 3.35
9.36 96.09 18.14 2.43
0 96.05 18.12 2.36
0 95.9 18.84 2.47
0 95.49 21.31 2.23
0 95.96 21.22 2.22
0 96.13 23.12 2.14
13.28 96.11 22.08 2.61
67.03 96.51 16.12 2.35
0.21 96.63 17.83 1.74
12.51 96.27 17 2.41
15.21 95.95 18.23 2.5
182.01 95.75 15.81 1.88
16.04 95.42 19.51 2.8
1.69 95.56 21.23 1.76
9.4 95.21 20.36 1.93
18.56 95.04 22.39 2.02
32.9 95.06 22.55 2.42
135.97 94.91 21.52 3.02
18.47 95.03 18.06 2.21
1.62 94.76 18.35 2.7
8.63 94.81 18.29 1.99
95.95 95.4 15.76 1.91
325.92 95.62 15.57 1.84
91.39 95.64 16.49 2.2
3.27 95.54 19.98 1.46
5.04 95.4 23.31 1.6
14.73 95.58 21.89 1.81
111.48 95.35 21.78 1.41
17.19 95.39 22.36 1.5
4.18 95.56 22.21 1.44
36.65 95.55 21.34 1.59
1.16 95.34 22.39 2.2
42.61 95.36 22.7 2.26
37.14 95.72 21.45 1.63
8.83 96.09 22.9 2.04
1.57 96.23 23.11 1.64
3.35 96 20.9 1.95
114.32 95.55 20.54 1.7
0 95.35 23.95 1.79
3.35 95 25.14 2.98
6.9 94.97 23.83 2.49
0.47 94.91 23.96 2.39
0.06 95.31 24.24 1.65
1.84 95.48 23.73 1.55
0.94 95.35 24.3 1.45
24.87 95.35 24.81 1.79
20.9 95.36 25.56 1.94
56.91 95.42 24.07 1.77
194.98 94.98 21.21 1.71
34.48 94.68 20.95 2.18
42.88 95.07 20.83 2.38
5.05 95.57 22.49 2.52
0 95.62 22.15 1.6
0 95.66 23.32 1.64
0 95.93 24.97 1.46
0 96.07 24.59 1.93
0.17 95.9 24.64 2.09
2.52 95.69 25.45 1.42
4.97 95.63 26.16 1.55
66.14 95.6 24.78 1.76
637.9 95.11 23.12 3.26
0 95.67 24.33 1.34
0 95.9 24.49 1.49
13.23 95.85 24.46 1.86
120.96 95.47 25.06 2.61
4.42 95.77 24.83 1.56
194.78 95.4 23.56 1.91
47.82 95.01 24.77 2.69
0.51 95.64 22.9 1.59
152.68 95.94 20 1.33
251.29 96.06 19.2 1.61
278.75 96 20.69 1.32
35.7 96.07 22.16 1.52
261.49 96.07 22.02 1.65
0 96.27 23.48 1.1
0 96.1 24.63 1.06
0 95.78 25.64 1.74
13.01 95.64 25.34 1.69
23.57 95.89 24.2 1.18
0 95.79 24.72 1.43
11.27 95.84 21.84 1.89
27.42 95.83 19.61 2.01
1.68 96 20.89 1.59
3.85 95.74 19.36 1.58
3.4 95.75 21.46 1.34
0 96.14 22.63 1.62
0.04 95.78 23.34 2.56
135.97 95.7 23.69 1.91
4.28 95.79 22.61 1.48
26.18 95.74 21.63 1.97
10.48 96.41 17.82 1.81
0.03 96.57 17.39 1.64
0 96.39 19.9 2.07
0 96.31 21.67 1.9
0.18 96.15 21.8 2.23
1.97 96.15 21.66 1.5
24.14 96.06 21.49 1.27
0.55 95.5 22.99 1.76
2.41 95.66 24.54 1.85
0 95.98 24.6 1.57
0 96.1 25.23 1.85
0.89 96.12 25.1 1.96
215.3 95.99 19.27 2.55
56.49 96.39 14.4 2.39
0.34 96.46 14.58 1.6
0.79 96.63 16.64 1.67
0 96.56 19.45 1.96
55.5 96.67 17.66 1.36
2.67 96.54 17.53 1.02
0 96.46 19.07 1.14
0 96.42 20.9 1.34
56.99 96.11 19.58 1.77
81.88 96.04 15.05 2.78
0.55 96.22 13.29 2.07
0 96.61 14.26 1.42
0.18 97.05 14.75 1.02
0 97.14 14.79 1.21
0 96.44 15.75 1.96
0 95.98 16.43 2.05
0.6 96 16.65 1.46
0 96.27 18.12 1.55
2.93 96.2 18.39 1.77
0.77 96.17 17.83 1.4
9.61 96.46 16.84 1.25
0.57 96.82 16.55 1.28
16.03 96.73 16.01 1.53
5.81 96.92 16.35 1.23
66.23 96.56 12.44 1.65
35.69 96.48 10.53 4.98
0.89 96.66 12.47 2.92
0 96.72 11.84 1.4
0 96.59 13.08 1.33
0.31 96.39 14.88 1.73
1.06 96.19 14.56 2.02
0 96.34 13.63 1.66
0 96.84 12.49 1.3
0 97.32 12.82 1.06
0 97.18 13.94 1.34
0 96.72 15.18 1.85
51.56 96.24 13.89 2.41
0 96.78 9.56 1.74
0.05 96.43 11.06 2.25
0 96.2 13.4 1.69
0.05 96.56 10.48 2.81
0 97.01 7.77 1.62
0.01 97.17 8.58 1.67
64.57 96.52 9.72 2.71
0 96.59 5.42 2.65
0 96.62 6.46 1.92
0 96.52 8.13 1.76
0 96.82 7.8 1.5
69.01 97.13 3.92 1.19
67.97 96.56 3.36 2.02
0 96.29 6.83 1.59
0 96 9.62 2.1
0 96.65 9.46 1.43
0 96.72 10.87 1.72
11.47 96.5 11.71 2.2
0 97.47 5.14 1.78
1.53 97.35 1.87 1.92
0.05 97.01 1.42 2.38
0.03 96.82 1.17 1.91
0 96.81 2.68 1.41
0 97.02 2.68 1.73
27.94 96.94 4.11 1.44
182.71 96.39 2.92 222.84
54.16 96.77 0.32 2.79
0 96.92 -0.67 1.2
0 96.6 0.8 1.31
0 96.82 1.49 1.28
0 97.28 0.3 1.15
45.94 96.96 -0.02 0.83
157.28 95.57 -1.25 3.96
0.29 96.15 -2.87 2.6
0 96.21 -4.51 3.33
0 97.03 -3.85 2.19
0 97.36 -4.68 1.26
19.31 96.77 -1.61 1.35
0 96.69 -3.97 220.83
0.02 96.46 -2.99 2.38
0.01 96.98 -1.86 2.35
0 97.03 -3.41 1.17
0 96.66 -0.98 1.58
5.48 97.13 -3.79 2.03
0 97.14 -5.89 1.71
0 96.62 -4.19 1.84
0 96.5 -1.63 2.7
0 96.6 -5.68 2.24
0 95.76 -2.68 2.81
0.03 96.41 -4.22 3.37
0.02 96.99 -7.38 1.72
0 97.69 -10.81 2.33
0.16 97.46 -11.69 1.89
0.41 96.34 -4.26 2.49
3.17 96.41 -6 3.53
0 96.72 -8.96 1.53
0 96.75 -11.12 2.55
0 96.73 -12.84 1.92
0 96.87 -13.95 1.88
0.01 96.89 -15.17 3.33
0 96.98 -10.73 2.94
0.06 97.59 -11.08 1.27
0.05 97.77 -11.58 1.02
0.15 97.3 -10.1 1.62
0.04 97.22 -7.13 1.1
18.25 97.23 -7.45 1.48
0.6 97.05 -6.55 1.38
0.57 97.43 -9.48 1.23
0 97.79 -10.91 3.12
0 97.93 -13.35 2
0.01 97.39 -13.52 0.9
0.22 97.52 -10.8 156.42
4.44 97.41 -8.19 2.61
0.01 97.92 -13.92 2.64
0 97.8 -18 2.27
0 96.99 -17.13 3.45
0 98.1 -17.16 2.09
0 97.87 -16.89 1.25
0 97.21 -12.68 1.12
2.96 97.16 -11.98 1.03
20.43 97.22 -11.23 2.96
0 96.87 -14.48 2.64
0.03 96.34 -14.54 1.56
0 96.72 -15.63 2.82
0 97.9 -17.47 2.96
0 98.48 -15.61 1.85
0 97.53 -15.79 1.45
0 97.31 -13.96 1.47
0 97.24 -14.36 1.16
0 97.1 -13.5 1.42
0.03 97.55 -15.39 1.66
0 97.39 -15 1.57
0 97.24 -13.89 1.25
0.29 96.85 -11.18 0.95
0 96.93 -10.63 1.52
0 96.97 -11.98 0.92
0 97.36 -9.77 1.8
1.19 97.12 -11.23 1.73
0 97.81 -12.9 2.29
0 98.11 -11.45 1.44
0 97.12 -8.14 1.78
0 97.59 -8.41 1.35
8.2 97.63 -7.88 0.94
0.32 97.59 -7.66 1.69
0 97.44 -11.28 1.23
0.02 96.29 -7.53 2.12
0.03 96.85 -11.64 3.4
0 96.95 -13.55 1.39
0.48 97.28 -12.94 1.16
0.1 97.24 -10.78 1.53
0 96.73 -5.83 1.14
0 97.04 -6.74 1.18
0.08 97.01 -5.11 1.48
1.87 96.91 -4.32 1.39
1.27 97.37 -6 3.44
0 97.62 -9.18 1.98
3.75 96.63 -7.2 2.15
0 97.32 -8.05 2.66
0.03 96.88 -7.22 1.52
0.71 97.14 -12.85 3.43
0 98.04 -16.4 3.94
0 97.95 -14.89 1.44
0.21 97.03 -10.34 1.94
0 97.63 -11.41 2.13
0.18 97.7 -10.92 1.73
0 96.98 -6.12 67.05
0 96.71 -3.59 2.54
0 97.33 -7.17 2.04
0 97.33 -9.16 1.45
0 96.69 -6.12 2.11
0.04 96.55 -3.53 3.54
0 97.29 -8.81 2.75
0 97.47 -10.74 1.97
0.02 97.38 -10.26 1.64
0 97.28 -7.23 2.54
0 97.47 -5.8 2.35
0 97.39 -4.05 1.54
0 97.49 -4.81 1.59
5 97.4 -5.53 1.63
0.28 96.5 0.51 2.35
0 96.4 1.33 2.1
0.36 95.88 -0.74 4.49
0 97.62 -6.33 5
0 97.75 -5.08 1.56
0 96.62 -0.13 2.32
0 96.93 2.05 2.03
0 96.35 5.54 2.69
0 96.23 3.66 1.41
0 95.67 4.77 1.76
0 95.52 2.36 2.34
0 95.59 -0.61 4.85
0 97.19 -0.93 1.93
0 96.5 3.9 3.21
38.65 96.26 1.09 2.94
0 97.51 -4.55 3.85
0 97.14 -0.01 2.75
0 96.57 5.41 2.42
0 96.99 5.58 2.3
0 95.52 8.16 2.85
0.51 95.58 -0.51 3.54
13.34 96.35 -4.89 2.89
0.52 96.86 -5.29 2.57
0 95.63 1.76 4.62
0 96.55 -1.46 2.61
21.76 96.2 -3.44 2.9
0 96.92 -3.67 2.93
0 96.81 -0.95 1.56
0 95.9 4.73 3.53
1.09 95.94 3.64 2.99
0 96.84 0.41 2.91
0 97.04 -0.5 2.07
0.73 96.98 0.74 1.79
5.34 96.67 2.44 2.16
79.71 96.69 1.26 2.41
0 96.33 4.96 2.47
0 96.25 7.35 2.49
15.86 96.44 2.01 2.06
49.99 96.69 0.54 2.96
0 96.49 1.07 2.7
0.29 95.71 2.44 2.21
12.93 95.66 2.28 3.08
6.17 96.58 1.42 3.17
0.48 96.48 2.31 2.72
0 96.5 3.52 3.16
0 96.06 8.31 2.3
0.24 95.48 8.92 3.68
0 95.83 4.64 3.82
0 95.5 6.24 2.37
3.19 95.75 5.84 3.05
25.28 96.12 3.04 427.59
3.77 97.08 2.61 4.17
0 97.12 3.93 1.82
0 96.79 6.48 2.19
0 96.5 9.65 2.06
0.31 96.03 12.34 4.15
59.38 95.96 8.3 2.37
1.56 95.88 8.42 2.45
0.03 95.95 9.86 4.04
0 96.01 11.23 1.62
0 96.02 14.16 1.99
7.97 95.85 12.51 2.92
0.25 95.93 13.18 5.18
0.4 96.38 12.6 4.78
0.71 96.47 12.91 2.04
1.35 96.33 12.75 1.8
8.27 96.55 13.74 1.73
0 96.37 17.1 2.71
0 96.49 20.8 1.75
0 96.37 22.72 1.82
0 96.45 21.96 2.38
0.13 96.25 21.6 3.5
14.24 95.87 15.18 2.14
14.13 94.98 15.99 3.49
0 94.56 19.08 3.49
0 95.12 17.72 2.13
0 95.24 19.1 2.32
0.55 95.76 18.45 3.82
0 96.68 17.75 2.48
0 96.65 18.42 2.06
0.51 96.06 18.63 2.66
0 95.52 18.68 2.89
21 94.83 15.98 4.14
0.01 94.87 18.31 3.79
0 95.1 20.02 2.3
0 96.04 20.49 1.88
2.85 95.89 23.28 3.08
2.72 96.35 18.86 2.14
0 96.06 21.28 2.03
4.77 95.85 20.54 3.19
2.98 95.68 18.81 3.12
0.76 95.34 19.29 2.35
0 95.62 20.64 3.56
0 95.49 24.33 2.94
0.04 95.14 25.16 4.3
0 95.71 21.16 2.17
11.19 95.57 19.36 2.8
0.05 95.65 21.42 2.68
24.16 96.33 18.55 2.03
66.73 96.22 18.19 2.26
4.29 96.04 19.03 2.5
5.24 95.84 21.63 2.56
0.97 95.69 22.44 3.11
36.9 95.99 17.94 2.35
6.24 96.22 17.6 1.68
23.79 95.94 16.05 1.86
5.07 95.75 18.03 1.9
0.02 95.84 22.31 2.99
0.14 95.85 23.79 3.42
2.39 95.7 24.3 2.54
96.86 95.59 20.29 2.24
8.02 95.3 22.13 1.68
49.19 94.99 21.38 1.83
0.19 95.34 23.97 1.83
0 95.85 24.59 2.17
0.05 96.01 25.08 1.86
1.92 95.81 23 1.53
5.35 95.47 22.78 1.96
33.17 95.36 21.92 2.29
62.81 95.14 21.24 2.28
95.2 94.81 21.33 2.04
63.45 94.94 22.72 1.96
63.49 95.35 21.84 1.74
268.7 95.49 21.91 2.53
19.02 95.45 22.97 2.76
118.33 95.14 22.84 2.02
233.42 94.6 23.21 2.52
0.07 94.62 25.14 2.51
4.08 94.6 25.06 2.17
2.09 94.96 25.32 1.91
1.34 95.25 25.13 2.13
7.41 95.12 25.26 3.21
72.17 95.32 24.52 1.78
122.63 95.52 22.24 1.35
3.01 95.69 22.7 1.3
0.69 95.7 23.27 1.22
11.11 95.68 24.09 1.73
22.6 95.85 23.88 1.92
0.24 95.87 24.57 1.78
213.1 95.2 22.34 1.91
178.28 94.99 23.37 2.41
0 95.63 23.81 1.92
0.31 95.54 22.7 2.01
61.42 95.35 22.62 1.82
3.01 95.57 22.98 1.73
0.36 95.61 24.35 1.52
13.02 95.5 24.25 1.7
7.78 95.04 24.34 1.76
0.92 95.06 25.3 2.47
0.01 95.39 25.17 1.7
0.05 95.44 25.43 1.6
35.05 95.24 23.26 1.35
13.73 95.12 26.04 1.93
0.22 95.11 25.94 1.42
1.81 94.92 26.31 1.94
8.04 95.04 26.17 2.08
33.98 95.35 25.46 2.53
0.4 95.6 25.58 2.21
1.47 95.38 26.07 2.31
19.36 95 26.92 2.42
46.32 94.84 25.44 1.75
6.44 95.03 26.41 2.07
30.89 95.26 26.83 1.88
14.59 95.04 27.04 1.89
10.66 95.21 25.64 1.63
1.7 95.63 26.58 1.52
7.07 95.76 27.11 2.28
62 95.51 24.78 2.35
4.51 95.48 26.02 2.44
13.57 95.44 27.2 2.23
3.16 95.43 27.22 1.88
219.47 94.93 25.4 1.7
0.06 113.04 26.82 2.16
0 95.89 23.5 2.13
0 96.16 22.91 1.61
4.56 96.15 22.26 0.95
2.57 95.78 24.35 2.24
0.25 95.89 23.68 1.64
0 96.05 23.52 1.46
0.09 96.05 23.82 1.44
15.78 95.81 22.93 1.79
28.72 95.86 20.75 1.97
3.84 95.87 20.1 1.53
298.14 95.25 18.75 1.32
14.24 95.37 17.16 2.78
0.16 96.13 16.7 2.21
20.25 96.2 17.57 1.78
1.89 96.46 17.14 1.52
12.82 96.62 17.33 1.57
0 96.7 17.21 1.3
16.75 96.59 17.54 1.3
160.69 96.55 15.11 1.27
26.41 96.62 15.69 1.36
12.93 96.68 17.13 1.29
2.12 96.64 18.45 1.26
9.86 96.2 19.16 1.75
0.3 96.23 17.87 1.46
0 96.36 18.05 2.07
2.13 96.15 20.08 2.23
60.84 95.51 19.96 2.64
0.46 95.75 20.53 2.66
0 96.4 14.99 1.54
1.06 96.11 16.8 1.5
11.26 96.59 17.48 1.31
8.35 97.07 16.94 1.05
5.13 96.2 19.63 2.39
0 96.53 18.8 1.24
0.13 96.57 19.34 1.36
3.76 96.47 18.34 2.04
80.88 96.73 14.07 2.3
0 97.02 9.76 2.18
0 96.86 11.47 1.84
0 96.58 12.45 1.72
0 95.94 16.79 2.72
0 95.96 16.49 2.38
0 96.79 14.23 1.27
0.62 96.8 14.77 1.71
185.68 96.73 11.95 1.81
0.03 96.88 11.05 2.16
0 96.76 10.31 1.52
0 96.12 16.34 2.85
0 97 14.9 1.25
0.01 97.09 15.13 1.96
0.04 97.24 13.73 2.13
0.38 96.84 11.86 1.43
0 95.89 15.18 2.27
9 95.82 14.6 3.09
0 96.33 11.75 2.51
0 96.8 12.36 1.39
60.27 96.87 10.54 1.67
6.57 97.62 5.89 3.51
0 97.76 3.62 1.28
0 97.32 6.66 1.21
0 97.39 7.69 1.41
0 97.19 10.41 2.06
34.59 97.29 9.68 1.29
3.28 97.29 8.21 1.73
0 97.2 6.92 0.9
21.6 97.08 6.75 1.79
76.79 96.98 3.57 1.89
0.01 97.19 4.78 2.87
0.01 97.42 6.6 2.19
0 97.01 5.52 1.23
0 96.5 7.23 1.56
9.63 96.94 6.41 1.35
1.5 97.53 5.02 1.93
0 97.49 4.14 1.22
0 97.55 5.08 0.81
0 97.35 5.48 1.11
0.29 96.81 8.16 1.58
2.24 97.05 8.12 2.55
0 97.47 6.22 1.53
0.02 96.77 6.45 1.95
0.19 96.3 7.06 3.01
0.01 96.72 4.39 2.37
0 96.81 4 2.07
0.21 97.23 4.61 3.03
0 97.32 -0.25 3.12
0 97.39 1.25 1.91
0 97.24 1.92 1.42
0 96.7 2.39 2.16
0 96.4 3.63 2.42
0 96.39 3.52 1.77
0.12 96.46 3.21 2.65
0.01 96.89 -1.4 3.21
0.04 97.06 -1.91 4.66
0 97 -2.75 2.92
0 97.06 -2.3 1.76
0 97.26 -2.31 1.11
0 97.02 0.89 1.51
0 96.69 1.65 1.33
0.03 96.32 0.39 1.72
0 96.21 -2.47 3.53
0 96.36 -5.23 2.81
0 96.67 -8.19 4.95
0 96.84 -5.31 2.73
0 96.43 0.15 2.48
0 97 -1.65 2
9245.3 96.82 -1.68 1.84
9245.3 96.54 -0.89 1.2
9245.3 96.8 1.45 1.57
9245.3 96.78 1.52 1.71
9245.3 97.06 -0.56 2.18
9245.3 96.64 -1.3 1.15
9245.3 96.74 -3.68 1.14
9245.32 96.68 -2.02 1.7
9245.31 96.88 -4.1 2.78
9245.46 96.39 -6.03 2.72
9245.57 96.45 -7.04 1.97
9245.3 96.56 -9.78 3.2
9245.3 96.91 -10.44 2.28
9245.3 97.25 -8.22 2.15
9245.3 97.85 -7.92 1.29
9245.3 97.77 -8.55 1.23
9245.68 98.03 -10.13 2.29
9245.45 97.7 -11.84 2.37
9245.49 97.55 -10.84 2.81
9245.31 97.94 -9.86 2.35
9245.3 98.01 -9.48 1.21
9245.3 97.74 -9.65 1.01
9245.3 97.84 -8.29 1.43
9245.3 97.85 -8.91 1.06
9245.34 97.21 -6.24 2.03
9245.39 97.69 -8.78 3.53
9245.3 97.41 -10.18 1.49
9245.3 96.95 -10.35 2.1
9245.3 96.24 -5.69 2.68
9245.3 96.01 -4.82 2.41
9245.3 95.62 -1.89 3.63
9245.3 95.91 -3 2.57
9245.3 96.24 -3.29 2.74
9245.3 96.76 -4.61 2.22
9245.98 96.75 -7.43 1.67
9248.79 96.96 -7.14 1.99
9245.36 96.79 -6.81 2.76
9245.3 97.14 -5.16 2.7
9245.3 97.68 -12.63 2.57
9245.3 97.34 -13.95 2.26
9245.3 97.31 -11.3 2.06
9245.3 97.38 -9.17 2.17
9245.3 97.91 -10.76 2.31
9245.3 97.63 -12.24 1.51
9245.3 97.67 -11.03 1.73
9245.3 97.44 -7.79 1.63
9249.46 97.42 -8.53 1.53
9245.3 97.45 -10.27 1.61
9245.3 97.68 -8 1.93
9245.92 96.75 -5.97 3.35
9245.3 97.14 -8.69 4.53
9245.3 97.41 -9.02 2.85
9245.3 96.72 -5.6 1.88
9245.3 95.97 -1.9 3.45
9245.3 96.37 -2.3 2.53
9245.3 97.32 -6.8 3.43
9245.3 97.07 -7.89 3.58
9245.3 96.31 -2.29 4.47
9245.3 97.06 -6.64 3.27
9245.3 95.69 -0.74 4.97
9245.3 96.34 -5.18 2.79
9245.3 96.49 -5.72 1.76
0.47 96.08 -2.58 2.06
0.06 96.02 -3.2 4.4
0 96.95 -10.35 3.79
0 97.17 -11.17 2.02
0 97.29 -10.64 1.64
0 97.5 -8.8 1.78
1.37 97.22 -9.31 1.73
4.86 97.22 -11.09 3.24
0 97.88 -12.61 3.53
0 97.75 -12.91 1.47
0 97.15 -11 1.57
0 97.73 -10.6 1.72
0 97.79 -10.79 1.79
0.05 96.94 -4.5 2.9
0 96.93 -4.52 1.84
0.09 97.5 -4.89 1.92
0 98.05 -6.49 2.26
0.92 97.66 -8.16 1.82
0.76 97.36 -7.15 1.68
0 97.36 -6.84 1.76
0 97.25 -4.32 1.89
2.38 97.71 -5.35 1.67
0.15 97.59 -3.43 1.48
0 97.14 -0.79 1.54
0 97 1.76 2.01
0.81 96.69 4.49 4.05
3.92 97.32 -1.36 4.24
0.04 97.11 -5.16 1.58
0 96.91 -3.47 1.72
0.22 96.87 -3.54 2.06
0.34 96.84 -4.04 1.56
1.81 97.14 -2.96 2.93
0 97.23 -4.65 3.2
0 97.42 -5.93 2.48
0 97.42 -4.8 2.18
0 96.91 -3.54 1.96
0 97.2 -4.07 2.35
0 96.78 -1.92 2.41
0 96.42 3.19 3.63
0 97.09 0.27 3.75
0 96.73 -0.67 1.95
0 96.28 2.35 2.76
0 95.88 7.79 2.45
0 96.34 5.55 2.36
0 95.77 8.34 3.98
0 96.93 5.29 2.18
0.09 96.83 4.28 3.47
0 97.16 4.47 4.84
0 96.61 6.79 2.43
0 96.56 8.55 3.23
0 96.93 8.24 2.59
0 95.93 12.92 4.32
0 95.83 12.54 2.52
0.03 95.82 12.16 2.21
0 95.98 11.89 2.69
51.38 95.65 11.97 2.76
21.48 96.09 10.86 2.81
0 96.33 11.57 2.01
1.82 96.46 10.39 2.09
0 95.95 12.25 2.32
0 96.55 9.71 3.76
0 97.04 4.4 4.49
0 96.2 7.11 4.55
0 96.82 5.89 3.46
0 96.23 13 3.52
0 96.12 15.03 1.76
0 96.04 14.62 2.24
0 96.15 13.29 4.12
0 96.96 10.31 2.17
1.22 96.59 11 1.66
0.63 96.31 11.83 1.9
0 96.42 13.87 2.06
0 96.29 17.98 3.47
0 96.84 14.54 3.29
0 96.19 14.09 2.1
7.6 96.12 10.89 2.36
0.02 96.81 10.41 3.14
16.66 96.73 8.84 2.73
0.06 96.27 10.45 926.52
0 96.33 12.47 3.39
0 96.05 14.92 2.72
1.36 95.76 17.46 3.94
10.55 96.05 17.61 4.57
0.35 96.46 17.25 3.82
30.57 96.73 12.29 3.18
0 96.91 13.35 2.47
0 96.76 14.44 2.22
0 96.18 15.68 1.69
0 95.65 18.73 2.24
5.69 95.54 19.53 4.52
125.21 96.18 8.56 4.87
4.76 95.87 10.29 4.35
9.04 96.05 6.4 5.24
0.11 96.3 8.23 3.99
0.26 95.73 12.13 2.52
39.8 95.64 9.82 3.6
1.49 96.23 12.98 2.17
50.65 96.55 11.79 2.46
2.62 96.49 13.07 2.1
296.47 95.51 9.48 2.61
84.24 94.68 15.47 3.91
0 94.83 18.78 3.69
0.08 95.18 15.49 3.49
0 94.97 15.32 3
0.13 95.72 17.51 2.59
2.14 96.13 17.36 2.14
2.16 95.72 20.09 3.18
109.91 95.44 17.26 2.65
5.11 95.42 17.86 2.47
0.03 95.53 19.86 2.21
0 95.6 22.25 2.67
0.26 95.91 25.16 3.87
50.36 95.8 17.46 2.85
0.77 95.3 17.65 4.72
0 94.73 22.02 4.02
15.55 94.48 19.42 2.91
0.26 94.97 23.32 3.37
0 94.98 25.14 60.85
0.11 95.65 25.24 2.57
0 95.63 26.9 3.01
7.23 95.79 23.87 2.76
1.51 95.94 21.84 2.69
0 95.78 22.46 2.12
2.27 95.57 22.82 1.8
38.12 95.43 23.88 2.33
209.75 95.54 17.63 2.81
168.09 95.38 14.79 3.23
28.16 95.15 17.2 2.49
51.55 95.49 16.4 2.45
49.31 95.87 16.11 1.88
20.37 95.91 18.96 1.98
30.86 95.67 20.64 2.48
11.15 95.73 21.52 2.22
0.02 95.61 22.34 1.89
4.88 95.42 23.87 2.05
70.12 95.26 21.1 1.89
143.62 95.16 20.53 2.59
98.25 95.22 20.18 2.31
8.03 95.51 20.21 1.84
71.22 95.67 19.7 1.8
5.86 95.81 19.33 1.64
93.05 95.84 18.99 1.81
1.94 95.71 21.96 1.94
0.07 95.36 23.92 2.37
8.55 95.22 23.2 3.33
29.81 95.2 23.08 3.76
0.56 95.59 22.77 3.78
0.96 95.53 23.44 2.97
0 95.62 24.62 1.76
0 95.61 25.02 1.78
23.15 95.58 23.67 2.41
167.19 95.31 20.97 2.29
19.36 95.03 23.44 2.61
0.28 95.48 25.04 1.99
1.41 95.62 25 2.82
1.68 95.44 25.32 2.36
4.63 95.25 25.02 2.89
16.81 95.14 24.43 3.6
0 95.32 24.02 2.45
0 95 24.94 3.05
2.79 95.08 23.57 2.76
9.68 95.28 22.96 2.69
0.63 95.21 23.79 2.43
2.18 95.32 24.53 2
32.08 95.33 24.21 2.58
163.76 95.38 22.63 60.89
17.94 95.6 23.08 60.15
0.62 95.69 26.21 1.84
0.57 95.79 28.46 2.31
3.05 95.44 29.25 4.39
123.03 95.24 24.86 2.36
0.36 95.55 22.65 1.52
0 95.27 24.77 2.21
0.15 95.62 23.27 1.59
0 95.67 22.93 1.85
0.01 95.87 23.59 1.9
5.87 95.78 25.44 2.24
2.97 95.33 27.12 3.18
7.52 95.35 25.88 3.71
20.1 95.51 23.92 2.22
0 95.59 25.59 2.52
0 95.55 27.11 2.81
2.15 95.35 27.52 2.52
14.57 95.28 26.52 1.94
103.54 95.55 20.99 2.57
0.87 95.56 22.67 2.09
0 95.79 23.55 2.56
0 95.94 22.61 1.71
0.01 95.84 23.16 1.96
24.48 95.59 22.69 1.94
41.11 95.3 22.16 2.14
7.18 95.43 23.15 3.17
0.35 95.65 22.33 2
35.15 95.75 19.23 1.77
28.66 95.66 19.45 1.65
17.48 95.66 20.62 2.14
17.64 95.81 21.11 1.77
4.81 95.94 21.31 1.78
7.08 96.12 21.41 1.55
0.26 96.05 22.98 1.57
0.86 95.75 24.72 2.22
12.28 95.69 24.68 2.14
21.61 95.67 23.94 1.97
31.66 95.51 23.6 2.28
229.9 95.73 19.89 2.12
2.25 96.03 20.19 2.17
0 96.19 21.12 1.66
0 96.26 22.85 2
9.57 96.41 21.27 1.73
5.32 96.45 21.05 1.42
1.33 96.42 21.41 2.1
14.22 96.24 20.28 1.49
13.48 96.21 20.51 1.88
288.48 96.1 16.89 2.12
1.65 95.78 18.1 2.08
0 95.43 20.89 2.48
0 95.99 19.42 1.57
0 96.02 20.51 1.55
2.85 95.63 20.96 2.62
0.03 95.86 19.5 2.83
0 96.03 16.87 1.45
0.01 96.32 18.03 1.7
0.14 96.33 19.11 1.97
18.18 96.38 17.9 1.32
0.4 96.24 19.26 2.37
0.27 96.49 16.7 2.81
0 96.6 14.75 2.34
0 96.66 14.1 1.63
0 96.73 16.37 1.31
0 96.71 17.3 1.94
7.08 96.06 17.1 2.24
48.36 95.97 15.54 2.61
0.06 96.58 14.92 1.68
0.6 96.65 16.79 2.05
92.59 96.75 13.63 1.86
30.15 96.53 13.74 1.78
0 96.49 14.05 1.57
57.77 95.9 14.96 2.44
0.13 96.41 13.81 2.03
0.55 96.36 14.24 2.53
14.68 97.02 8.24 3.83
0.06 97.22 6.57 1.73
70.47 96.35 7.56 1.49
57.36 96.18 7.96 2.42
0 96.54 8.97 1.48
77.89 96.77 8.59 1.37
8.38 97.18 9.21 2.33
0 97.07 9.53 1.95
0 96.64 12.4 1.82
0 96.56 13.77 2.34
0 96.68 16.57 2.42
0 96.98 14.25 1.55
0.58 96.86 14.79 2.67
0.52 97.76 10.14 3.99
0 97.37 5.77 2.13
0 96.5 8.23 2.16
0 96 10.82 4.6
0 96.59 10.15 3.3
0 96.26 13.02 2.25
0 96.39 13.65 2.26
0 96.14 16.19 3.58
0 96.81 9.45 3.22
0 97.27 4.9 2.22
0 96.8 5.91 1.8
0 96.03 11.25 3.32
0 95.72 13.75 3.24
0 95.86 12.67 2.14
0 97.3 6.37 4.94
0 97.8 2.9 1.67
0 97.25 4.03 1.61
0.05 96.95 8.15 1.76
3.75 97.03 9.77 25.82
1.65 96.82 7.49 1.74
9828.24 96.45 7.88 2.87
9828.29 96.64 5.14 4.1
9828.23 96.47 6.74 2.45
9828.23 96.11 8.05 3.53
9828.24 96.37 7.7 3.16
9828.23 97.65 0.97 3.47
9828.23 97.68 -0.92 1.68
9828.23 97.26 0.95 1.75
9828.23 97.04 3.61 1.56
9828.23 96.72 4.31 1.72
9828.24 96.34 2.89 2.83
9828.27 96.82 -2.66 5.37
9828.23 96.87 -1.83 2.72
9828.23 97.19 -1.95 1.61
9828.23 97.32 -0.73 1.59
9828.46 97.12 1.75 1.98
9828.23 97.49 -1.11 1.84
9828.23 97.43 -0.45 1.33
9828.23 96.78 1.4 2.44
9828.23 96.2 3.52 3.25
9828.23 96.64 1.18 2.54
9828.23 97.21 -1.15 2.02
9828.34 96.99 1 2.4
9828.23 97.32 -1.75 1.83
9828.23 96.52 -2.48 1.79
9828.23 96.03 926.22 4.14
9828.23 97.06 -1.07 2.14
9828.23 96.62 -1.23 1.49
9828.26 96.47 -0.51 1.96
9828.96 96.51 -0.37 4.6
0 97.12 -9.94 5.9
0 96.94 -10.22 3.32
0 96.67 -10.06 4.55
0 96.81 -10.11 3.61
0 96.91 -10.32 3.22
0 97.11 -8.76 2.32
4.88 97.15 -8.33 1.77
0 97.7 -9.99 1.46
0.04 97.62 -7.38 2.62
3.82 96.89 -3.68 4.46
0.07 97.33 -8.39 2.84
0.02 96.93 -9.1 3.64
0 97.1 -10.11 2.56
0 97.13 -8.29 1.77
0.26 97.03 -7.76 3.77
0 97.15 -11.31 3.63
0.01 97.21 -10.43 2.14
0 97.21 -8.26 2.22
0.15 96.78 -5.39 3.77
0 97.15 -9.07 3.45
0 96.83 -9.38 3.46
0 96.6 -4.07 2.59
0 96.57 -2.66 3.06
0 97.44 -4.78 3.53
0 97.69 -5.4 2.18
0 97.49 -7.2 1.58
0 97.06 -4.59 2.08
0 96.44 -5.05 1.78
0 95.77 -3.25 3
0.11 96.47 -5.59 67.35
0.03 97.23 -9.09 4.94
0.12 97.27 -10.39 2.71
0 97.2 -6.75 2.96
0 95.97 -2.79 3.51
0 96.17 -3.1 1.78
0.88 96.45 -1.93 4.15
0 97.06 -7.1 2.96
0 97.42 -8.8 1.64
0 97.34 -8.9 1.54
0 97.19 -5.99 2.23
0.06 96.7 -3.38 3.39
0 97.75 -6.55 2.4
0 97.98 -8.43 1.63
0 97.49 -5.32 1.78
0 97.57 -7.35 1.91
0.34 97.24 -7.71 1.85
1.99 97.21 -8.73 3.19
0 97.4 -8.71 1.78
3.02 96.24 -4.38 3.18
0.02 96.94 -7.69 2.14
0.04 96.82 -6.88 1.77
1.63 97.31 -6.45 2.82
0 96.86 -8.02 1.69
0 96.27 -3.4 2.81
0 97.16 -5.32 1.95
2.92 96.83 -4.72 1.6
2.09 97.33 -7.44 3.59
0 97.92 -11.08 2.72
0 97.79 -11.18 1.78
0.09 97.16 -7.2 3.13
0 97.78 -9.3 3.38
0 98.07 -9.14 1.86
0 97.86 -7.66 1.53
0 97.69 -7.2 1.38
0.09 97.53 -4.32 2.26
0.06 97.45 -5.12 3.37
0 97.38 -3.74 2.6
0 96.69 -1.43 2.91
0.03 97.52 -8.69 5.36
0 97.73 -11.45 3.17
0 96.99 -6 2.63
0 96.25 -3.09 1.91
0.01 96.28 -4.82 2.9
0 96.51 -5.61 2.56
0 96.17 -4.76 1.86
0 95.91 0.63 2.17
0.03 96.58 -1.73 1.81
15.62 96.34 -0.52 2.82
0.01 96.93 -0.92 3.99
0 97.61 -2.72 2.74
0 97.21 -3.65 2.9
21.24 96.43 -0.37 3.3
24.1 95.85 -0.4 4.92
0.14 96.23 -4.71 5.18
0 96.49 -5.61 2.07
0 96.1 -4.57 1.8
0.56 96.51 -5.32 3.16
0 96.97 -7.74 3.19
0 97.65 -6.15 2
4.72 96.76 -2.68 4.39
0 96.35 -0.16 3.13
0.04 95.87 -1.48 2.5
0.07 96.55 -5.29 5.44
0 97.14 -5.75 2.97
0 96.92 -3.16 3
0 96.27 1.43 4.05
0 96.48 2.65 2.61
1.45 96.99 -1.67 3.42
0 97.87 -8.07 5.81
0 97.25 -3.96 3.14
0 96.82 -2.57 3.78
0 96.34 -2.3 2.84
0 161.98 923.46 926.33
0 96.53 0.29 3.44
0 96.14 5.92 3.36
0 96 6.37 3.26
0 96.73 4.46 2.59
0 96.08 6.35 2.72
0 96.28 7.18 3.45
0 96.4 6.71 2.61
0 96.34 7.42 3.66
0 97.31 2.98 3.76
0 97.5 3.16 2.58
0 97.71 3.89 1.79
0 97.49 7.41 2.93
0 97.27 12.37 3.96
0 96.5 13.03 5.01
0 95.95 12.53 3.55
0 96.16 10.8 3.3
0 95.68 14.1 4.04
11.65 96.54 7.53 3.43
0 96.73 5.82 1.69
197.03 95.15 3.1 2.51
0.52 95.98 5.38 2.56
1.6 95.95 6.26 1.86
0.12 96.42 5.83 3.95
0 97.6 0.52 4.15
0 97.61 1.12 2.92
0 96.86 5.04 3.14
0.11 96.55 8.29 3.05
0.27 96.73 8.87 2.76
36.75 96.91 7.85 3.06
187.33 97.4 1.04 4.03
1.21 97.13 4.42 2.39
0 95.55 11.01 1.89
0.69 94.69 14.39 4.29
3.21 95.58 9.82 5.15
0 95.62 12.56 2.72
0.04 95.93 12.95 2.51
0.03 96.32 11.7 3.67
0.01 96.03 12.04 2.77
0.05 95.88 12.56 2.74
0 96.22 14.42 4
0 96.31 15.47 4.55
0 96.65 15.24 2.79
0 96.04 20.72 4.11
0 95.65 24.23 4.24
31.81 95.38 20.44 4.66
38.12 95.94 16.49 2.3
0 96.03 18.81 2.09
0 95.92 20.49 2.65
8.14 95.71 18.09 3.81
42.04 95.8 15.55 2.18
0 96 14.43 4.54
0 95.94 14.07 4.62
0 95.3 15.96 5.29
0 95.9 13.29 2.57
0.69 95.79 13.98 4.27
29.07 96.08 8.43 2.5
0 96.47 9.42 1.82
58.35 96.36 9.45 2.23
84.92 95.44 7.99 1.82
10.75 94.17 11.5 3.41
0.37 94.26 19.24 3.37
1.24 95.49 17.63 5.05
0.03 96.17 16.82 4.08
0 95.64 18.67 3.2
22.53 94.8 19.41 4.73
49.66 94.92 16.26 4.76
0.93 95.33 14.76 5.39
0 96.14 18.19 3.9
0 95.82 21.37 3.5
0 95.67 22.17 2.97
3.31 95.61 22.32 2.93
0.09 95.45 23.97 3.46
0.38 95.37 25.31 4.06
3.76 95.44 25.49 3.21
0.18 95.46 23.62 3.17
3.23 95.22 22.94 4
1.09 95.44 21.12 3.11
0 95.58 20.51 2.95
0 94.84 24.69 6.51
15.3 95.17 23.4 2.88
2.3 95.74 20.25 3.7
0 95.99 21.71 3.26
69.62 95.3 18.23 3.2
49.2 94.75 18.61 2.43
80.3 95.22 18.52 2.55
0.47 95.59 19.66 3
1.38 95.27 20.18 2.68
8.79 95.31 18.42 1.93
154.44 95.08 16.69 2.42
241.93 94.56 16.5 2.41
39.05 94.63 17.2 1.88
91.76 95.47 17.88 2.18
0.32 95.76 20.71 2.07
36.2 95.62 22.06 1.9
0.61 95.34 22.85 1.79
245.62 95.3 20.76 2.36
5.03 95.52 19.44 2.8
92.25 95.94 16.98 2.6
0.07 96.04 21.21 2.36
0 95.72 23.51 2.17
4.76 95.48 23.54 3.13
0.32 95.62 23.29 2.52
9.29 95.42 23.4 3.19
15.85 95.11 21.85 2.39
139.36 95.03 20.86 1.71
1.44 95.49 22.02 1.67
3.9 95.58 23.64 2.14
194.85 95.66 17.86 2.28
20.27 95.12 18.28 1.95
31.17 94.66 19.4 3.14
3.38 95.21 18.08 2.92
0.15 95.8 19.04 2.45
67.79 95.83 19.63 2.07
19.12 95.94 20.6 1.87
0 95.94 22.11 1.92
0.25 95.8 23.3 1.99
2.43 95.95 24.36 2.1
0.2 96.19 25.45 2.33
3.27 96.02 23.83 2.63
0.6 95.7 25.57 2.36
2.53 95.12 26.41 2.1
0.26 94.91 27.06 3.42
10.27 95.32 26.49 2.6
16.83 95.69 25.19 2.16
20.8 95.87 22.23 2.33
14.41 95.75 22.51 1.65
42.4 95.61 23.1 1.79
142.23 95.78 22.57 2
70.47 95.72 22.84 2.22
19.78 95.42 24.1 2.39
35.26 95.37 23.35 2.4
11.31 95.37 23.52 1.76
22.47 95.19 23.34 1.98
9.75 95.03 24.31 1.93
14.53 95.37 25.63 2.47
35.7 95.49 24.68 2.32
65.57 95.26 24.57 2.33
63.97 95.2 24.75 2.18
360.42 95.56 22.37 2.45
15.79 95.8 22.7 1.69
1.88 95.65 23.82 1.83
33.95 95.19 24.81 2.78
0.21 95.14 23.87 2.2
1.8 95 25.28 2.29
3.39 95.19 25.53 2.88
18.3 95.59 24.35 2.62
18.83 96.12 23.19 2.25
68.33 96.15 23.18 1.96
26.83 96.03 24.33 2.02
0 96.05 24.15 1.66
0 95.88 24.61 1.57
0 95.72 24.89 1.48
0 95.43 25.87 1.86
1.81 95.21 25.91 2.03
0.03 95.49 24.34 2.16
0 95.55 24.36 1.9
2.05 161.11 941.94 926.13
40.44 161.38 942.01 926.24
57.11 96.06 20.65 2.15
24.56 95.74 19.72 2.34
3.3 95.53 20.99 2.08
42.6 95.63 20.46 1.78
11.84 95.95 20.43 1.69
14.56 96.16 20.62 1.85
12.15 96.07 20.98 2.49
21.03 95.96 21.09 2.33
0.05 95.91 21.15 2.22
13.82 95.77 20.38 1.81
11.93 95.93 19.39 1.6
24.55 96.09 19.46 1.83
113.25 96.26 18.03 1.78
84.22 96.28 19.22 1.99
2.34 96.25 21.39 2.08
0.34 96.42 20.69 2.09
13.51 96.31 18.79 1.41
42.24 96.08 18.45 2.13
0.03 96.24 17.95 1.82
0 96.18 19.31 1.57
1.81 96.33 21.01 2.25
17.27 96.95 17.15 2.4
2.8 96.9 15.93 1.76
28.62 96.35 13.88 1.79
22.81 96.31 14.48 2.98
0 96.25 19.52 2.25
0 96.59 19.58 2.49
0 96.74 18.96 2.55
0 96.57 19.34 2.21
4.12 96.52 19.2 1.6
13.33 96.55 18.77 1.8
0.01 96.63 17.34 1.87
2.48 96.16 17.14 2.26
3.85 95.96 19.83 2.74
50.23 95.86 18.38 3.07
57.69 95.88 15.98 2.1
44.31 95.87 15.27 1.79
26.93 95.83 16.16 2.79
0 96.13 14.72 2.41
0 96.29 17.25 2.53
0.3 97.12 14.21 1.45
3.77 97.62 11.74 1.75
10.91 96.54 15.38 3.17
63.49 95.74 11.72 5.05
0.04 95.69 14.37 3.94
0 96.67 12.24 2.34
0 97 14.61 2.44
0 96.52 17.64 3.49
0 96.39 18.03 2.47
0 96.17 18.12 3.27
0 96.48 11.6 3.59
0.44 95.8 6.8 3
2.07 95.98 6.41 4.87
6.9 96.27 10.33 4.14
0 96.69 11.84 2.22
0 96.76 13.19 1.92
0 96.51 13.83 1.94
0 96.45 14.97 1.88
0 96.49 15.28 2.43
1.31 96.57 14.83 2.95
0 97.37 7.36 2.77
0 96.29 10.62 2.77
15.49 96.8 7.17 2.19
36.42 97.16 5.75 1.97
2.37 105.23 127.24 62.59
0 104.7 127.57 62.49
0 97.36 7.83 2.48
0 97.39 4.97 1.65
10.12 96.19 7.52 4.22
0 96.19 4.83 2.93
0 96.8 2.82 3.06
0 97.13 1.08 3.69
0 97.57 0.84 2.41
0 97.63 2.82 1.47
0 96.95 4.68 1.53
0 96.75 6.07 1.31
0 96.8 8.53 3.16
0 96.93 10.27 3.03
1.18 97.98 2.58 3.97
63.39 98.05 -2.67 3.72
35.53 97.64 -2.65 3.6
4.74 97.2 -2.11 2.25
0.2 97.28 -2.23 1.52
0 97.49 -2.37 1.17
0 97.62 0.22 1.29
0.18 97.47 2.12 1.38
0.01 96.76 3.89 1.69
0 96.1 6.28 2.54
0.13 96.88 3.31 2.48
4.53 96.79 -0.91 2.54
0 97.43 -2.89 2.61
3.44 97.36 -3.88 2.28
10.48 97.35 -5.55 2.37
8.33 97.37 -6.97 2.05
10.69 97.86 -7.39 1.95
25.25 98.3 -10.11 2.8
6.95 98.38 -11.53 3.4
0.09 98.3 -13.64 2.22
0.01 97.43 -13.16 2.67
0 97.37 -13.24 2.83
0.06 96.92 -11.31 1.31
0.27 97.36 -8.73 1.52
18.79 97.04 -4.88 1.94
0 96.97 -7.31 1.61
0.37 96.29 -2.39 2.54
0.1 96.07 -4.07 4.38
0.23 96.33 -6.43 5.16
0 96.72 -4.44 3.28
0 97.37 -4.78 1.98
0 97.53 -7.11 1.39
0 97.71 -8.16 1.06
0 97.32 -3.47 2.18
5.43 96.94 1.46 2.81
0.02 97.11 0.08 4.22
0 97.49 -5.46 1.98
0 97.15 -5.7 1.31
0 97.26 -5.88 1.18
3.46 96.61 -4.3 2.53
0.03 96.68 -5.65 3.74
0.04 97.22 -7.28 5.18
0 97.36 -7.49 2.68
0 97.77 -5.61 1.76
0 97.8 -5.86 1.64
0 96.92 -3.16 2.39
0 97.1 -4.88 1.58
0 97.23 -7.33 1.36
0 97.09 -4.76 2
0 97.21 -8.12 2.03
0.01 96.21 -6.33 3.19
0 97.18 -10.97 3.99
0 98.02 -13.6 2.12
0 97.74 -8.96 1.67
0.26 97.28 -5.41 1.55
0.98 97.5 -6.49 1.63
0 97.56 -7.71 1.65
0 96.68 -2.68 2.65
0.01 96.62 -4.83 1.39
1.2 96.83 -7.26 1.84
0 97.31 -9.41 3.31
0 97.17 -11.27 2.46
0 97.4 -9.71 2.85
0 97.27 -9.54 2.63
0 97.06 -9.79 2.43
0 96.82 -9.5 2.06
0 97.56 -10.82 2.94
0 97.83 -12.26 2.42
0 97.32 -12.31 3.06
0.07 96.64 -10.74 3.23
0.11 96.4 -10.07 2.38
0 96.43 -10.54 1.79
8.61 97.02 -12.51 2.64
3.04 97.07 -16.71 2.96
0 96.73 -17.64 3.74
0 97.36 -17.18 1.84
0 97.86 -16.49 1.36
1.53 97.79 -15.73 1.54
0.83 98.3 -18.75 3.16
0 98.22 -22.43 4.84
0 97.69 -15.43 3.95
0 97.12 -10.57 2.61
0 96.98 -10.83 2.76
0 97.08 -9.44 2.67
0 97.55 -10.93 1.91
0 98.02 -14.22 2.1
0 97.85 -15.44 2.25
0 97.89 -12.85 2.75
0 97.75 -10.74 2.26
0 97.38 -9.06 2.17
0 97.13 -8.04 2.39
0 97.35 -7.51 3.33
0 97.26 -7.93 3.69
0 97.22 -6.81 2.54
0 96.32 -6.26 2.44
0.01 95.9 -2.83 3.4
0 96.62 -2.67 2.51
0 96.32 0.72 2.71
0.12 96.24 0.94 1.95
3.49 96.36 1.32 2.49
37.1 97.06 -6.44 5.8
0 97.23 -11.19 4.64
0 96.63 -8.68 3.52
0 96.46 -4.59 3.99
0 96.46 -1.93 3.6
0 96.35 -2.12 3.52
0.12 97.23 -5.41 3.36
0 97.23 -7.69 3.72
0 97.14 -8.4 2.74
0.01 97.17 -5.09 3.27
0 98.09 -9.12 2.38
0 97.73 -7.97 2.63
0 97.65 -7.11 2.63
0.09 96.98 -5.59 3.01
0.02 97.04 -5.43 1.97
0.13 97.32 -6.75 3.94
0.08 97.62 -7.57 3.41
0.04 96.69 -0.59 3.09
0 96.26 3.42 2.71
0 96.19 2.4 2.17
0.27 96.59 1.3 1.48
63.14 96.42 1.8 3.26
0.03 96.45 -0.15 2.14
2.34 96.67 -1.94 4.01
0 97.47 -6 4.54
0 97.59 -6.04 3.26
0.02 97.37 -5.21 3.24
0 96.86 -4.49 1.97
0 96.24 -0.81 3.66
0 96.94 -0.47 2.52
0 96.78 1.38 2.03
0 96.25 5.02 3.16
0 96.08 8.59 3.66
0 95.73 9.63 4.62
0 96.01 8.6 3.4
0 96.93 5.18 2.11
0 97.18 5.97 2.02
0 96.79 9.06 2.62
0 97.1 7.04 4.52
0.03 97.7 3.39 5.08
0 97.74 3.21 3.14
0 97.41 3.56 2.91
0 96.97 7.88 2.62
0 96.44 9.53 2.11
0 95.78 11.8 4.51
2 96.26 8.7 3.27
0 96.3 9.22 3
0 95.4 15.15 4.86
17.92 95.54 12.07 4.64
1.66 96.63 8.03 3.54
0 96.67 8.66 3.09
0 95.84 11.38 3.87
0.1 96.12 11.13 3.01
0.86 95.58 12.47 4.41
0 95.82 11.49 3.63
0 95.83 12.78 5.43
0 96.04 8.87 3.24
0 96.67 6.54 3.57
0 96.34 6.89 4.16
44.86 95.4 8.05 2.71
0.15 95.1 10.84 4.3
0 96.21 12.19 3.96
0.38 95.79 15.13 4.57
32.95 95.63 10.74 3.29
1.4 95.61 7.64 4.27
13.36 95.96 7.16 2.47
5.07 96.35 8.75 3.15
0.03 95.94 13.7 2.66
0 95.06 16.37 5.37
0 95.61 12.84 5.59
0 96.17 12 2.7
0 95.71 14.44 4.47
0.73 96.37 12.87 2.98
13.35 96.61 11.1 2
0.87 96.22 13.71 1.88
0 96.34 14.12 2.39
18.18 95.64 14.13 2.75
0.09 95.21 17.6 2.87
10.32 94.94 21.61 3.81
134.63 95.66 12.58 3.05
126.42 94.76 11.2 5.21
0 95.34 16 3.14
30.56 95.42 14.79 4.07
0.06 95.62 14.32 5.77
0 96.42 16.45 2.89
0 95.91 18.25 4.25
0.68 95.98 17.53 2.14
0 95.72 17.55 2.17
0.88 94.97 19.91 4.95
231.4 95.6 12.37 3.77
0 96.61 14.56 3.66
28.51 96.24 12.18 3.73
1.96 95.94 13.22 3.4
0 95.47 18.06 3.12
0 95.6 23.44 3.76
0 95.92 23.45 4.53
0 96.13 22.2 4.04
0 96.3 21.66 3.76
0.02 96.82 20.03 3.31
0.03 96.76 19.57 2.78
45.81 95.96 15.51 1.81
15.58 94.92 16.85 4.54
19.21 95.21 18.64 3.28
0.21 95.64 19.28 3.74
0 95.64 21.72 4.04
0.09 95.23 23.73 4.38
0 95.53 20.21 3.86
0 95.24 22.69 3.69
28 96.02 17.29 2.62
0 96.1 20.31 2.04
0 95.75 23.53 2.93
0.01 95.44 23.94 3.3
0.02 95.55 22.68 2.78
0.18 95.83 22.77 2.46
27.2 95.93 20.08 3.05
8.93 96.01 19.52 1.99
0.07 95.73 21.87 2.26
13.48 95.48 22.24 3.85
147.11 95.25 20.05 4.48
30.86 95.65 18.91 2.4
6.79 95.58 20.29 1.96
5.22 95.23 20.05 1.9
200.53 95.12 15.89 2.4
24.67 95.15 18.15 2.22
2.19 94.8 20.4 2.44
30.89 94.82 20.95 1.97
2.58 95.35 22.04 2.73
0.02 95.46 23.83 2.25
14.68 95.17 24.87 2.8
35.36 95.16 24.39 2.9
40.57 95.17 23.27 2.37
28.72 95.38 21.76 2.41
8.88 95.42 21.82 3.41
0 95.59 24.32 2.53
0 95.57 25.09 2.12
24.44 95.33 23.51 2.34
75.04 95.48 19.98 3.09
93.73 95.32 20.67 2.54
37.3 95.29 21.29 2.12
0 95.43 21.57 2.05
0.17 95.42 22.92 1.73
0 95.57 25.31 2.7
0 95.76 24.54 2.55
2.1 95.95 25.01 1.9
0 96.04 26.33 2.03
0 95.99 26.31 2.82
0 95.73 26.02 2.62
0 95.46 27.64 2.23
0 95.22 28.66 2.66
4.91 94.92 28.94 3.88
74.51 95.1 23.6 2.22
1.89 95.44 25.02 2.48
1.09 95.77 24.09 2.57
7.51 95.48 20.86 1.99
5.16 95.33 20.98 2.09
1.35 95.65 22.34 1.89
0.06 95.69 23.87 2.08
47.56 95.79 22.96 2.41
347.62 95.81 21.16 2.49
816.96 95.32 22.22 2.46
49.37 95.14 23.74 1.75
8.53 95.05 26.48 2.59
0.46 95.49 26.71 2.07
497.51 95.49 22.05 2.54
5.4 95.41 22.83 1.58
1.09 95.19 24.37 2.02
22.97 95.17 24.89 2.39
38.62 95.55 24.3 1.92
186.82 95.83 24.01 1.9
70.27 95.92 22.76 1.78
45.15 96 23.45 1.9
0.38 96.01 25.04 1.56
0 95.99 26.36 1.55
0 95.95 26.97 1.84
0 95.88 26.71 2.1
138.5 95.57 26.14 2.32
200.28 95.9 23.86 2.24
0 96.03 22.97 1.51
0 95.72 23.81 2.29
0 95.52 27.28 3.83
0.98 95.51 28.77 3.95
21.23 95.53 26.31 2.3
0 95.49 25.37 1.75
0 95.73 24.92 2.04
5.42 95.67 23.45 1.55
34.78 95.52 22.95 2.09
2.21 95.4 23.28 1.54
308.23 95.34 20.83 1.62
25.6 95.74 21.86 2.37
9.31 95.9 22.48 1.64
0.69 96.01 23.76 1.77
3.15 96.13 24.06 1.5
17.36 95.71 21.78 1.63
10.63 95.46 24.15 1.77
95.95 96.14 18.91 3.87
0 96.49 18.54 2.09
3.53 96.16 18.79 2.15
3.62 96.1 19.53 2.11
0 96.24 19.13 2.38
0 95.68 19.02 2.64
22.42 94.63 17.27 3.79
33.71 94.52 16.15 2.4
14.95 95.19 19.23 1.47
39.6 95.72 18.81 1.21
66.39 95.98 18.3 1.61
93.69 95.9 18.05 1.59
16.94 95.76 19.61 1.78
3.63 95.53 19.18 1.66
5.24 95.58 18.72 1.74
26.72 95.87 18.05 1.36
9.59 96.05 17.58 1.77
52.81 96.41 16.47 1.82
25.44 96.66 16.89 1.55
1.51 96.64 17.72 1.52
17.08 96.45 19.54 2.07
0.03 96.31 20.53 1.77
5.87 96.34 19.71 1.81
3.26 96.76 17.57 2.25
14.12 96.91 15.46 2.58
0.14 96.96 14.94 2.34
0 96.85 14.97 1.59
1.35 96.7 14.91 2.03
3.61 96.32 17.24 2.29
5.65 96 18.95 2.31
2.05 95.76 20.36 3.48
0.05 96.39 18.26 2.08
12.48 96.23 17.7 1.72
2.07 96.85 13.67 4.15
0 97.34 9.55 2.45
0.03 96.62 10.65 2.68
0.08 96.24 16.07 1.92
4.32 96.13 18.84 3.68
5.7 96.12 15.66 1.74
1.04 96.06 16.99 3.34
60.12 96.63 9.42 2.38
24.63 96.72 8.39 2.29
0.63 97.34 9.45 1.69
73.04 96.55 10.43 2.49
1.36 96.65 7.39 4.31
0 96.93 5.79 2.06
0.47 96.49 7.91 2.11
0 97.02 7.07 88.63
0.13 97.05 8.17 1.79
0 96.61 12.79 1.72
0 96.7 14.17 1.87
0.26 96.89 15.39 3.01
12.58 96.4 14.18 3.39
0 96.8 10.95 1.93
0 96.61 12.04 2
0 96.39 14.57 2.65
2.09 97.28 6.92 3.18
40.38 96.7 6.42 1.77
50.66 97.32 3.16 3.46
0 97.02 3.44 1.42
0 96.4 4.5 1.39
0 96.01 9.2 2.85
0 97.18 5.12 2.23
45.55 97.26 3.75 1.41
22.25 97.4 3.73 2.85
0.23 97.56 1.16 2.68
2.04 97.2 1.31 3.33
0 98.05 -3.64 2.84
0 97.71 -2.51 2.7
0 96.97 1.23 3.17
0 96.41 2.58 1.89
0 95.51 4.83 1.79
0 96.42 3.5 3.7
0.18 97.35 0.25 2.1
9.73 97.54 -0.42 3.25
0 97.95 -2.58 1.87
0 97.42 -1.46 2.29
3.89 95.94 3.17 3.87
1.25 96.12 -0.28 1.58
0.22 96.64 0.44 1.65
0 96.19 4.27 3.32
0 96.75 2.84 4.37
0 97.12 -2.27 2.1
0 96.77 1.64 2.2
0 96.79 0.11 2.47
0.35 96.14 3.26 2.32
3.21 96.62 -2.15 2.51
26.48 97.26 -5.9 1.61
64.64 97.56 -7.87 3.02
0 97.99 -10.94 2.85
0 97.69 -10.46 2.67
0 97.21 -7.86 2.37
0 96.86 -5.46 2.11
0 96.39 -1.7 3.33
0 97.13 -4.55 3.47
0 97.58 -4.09 1.68
0.12 97.89 -4.21 1.89
6.48 96.74 -0.01 3.52
0 97.48 -2.52 3.14
0 97.21 -0.05 2.49
0 96.48 2.32 3.31
0 96.45 -0.31 2.3
0.48 97.14 -4.38 3.38
0 96.66 -4.38 3.12
0 96.85 -5.4 2.08
2.16 96.23 -2.57 3.35
0 97.21 -6.74 2.11
0 97.35 -7.53 1.23
0 96.83 -5.4 2.91
3.96 97.02 -2.93 2.34
0 97.64 -7.24 3.32
0 97.64 -9.62 2.28
0.01 97.6 -8.74 2.74
0 96.88 -4.83 2.5
0 96.77 -3.73 1.22
0 96.92 -3.66 0.99
0 96.99 -3.44 1.28
0.04 97.33 -3.24 1.07
0.09 97.28 -3.78 2.45
2.3 96.94 -8.24 4.05
0 97.4 -9.03 2.76
0 97.39 -9.38 1.3
0.03 97.15 -4.85 2.8
3.24 97.75 -8.05 3.43
0 97.72 -10.92 2
0 97.41 -8.97 3.45
0 97.66 -9.16 2.77
0 97.15 -7.7 1.75
0 97 -6.72 1.41
0 96.79 -2.95 2.8
0 96.94 -4.39 2.33
0 96.63 -1.92 2.49
0 97.19 -4.72 1.56
0 97.54 -6.22 1.18
0 97.06 -3.85 1.21
8.25 97.02 -3.56 1.76
10.11 96.62 -3.94 2.21
0.01 96.84 -6.6 3.3
0 97.11 -9.21 3.22
0 96.85 -9.21 2.57
0.01 96.56 -9.89 2.67
0 96.71 -9.34 3.7
0 97.66 -10.86 2.03
0.18 97.67 -12.38 1.45
0.03 97.57 -11.61 1.46
0.21 97.36 -9.49 1.87
0 97.67 -10.49 1.61
18.6 97.32 -11.33 2.98
0 97.47 -13.2 2.19
0 97.05 -11.51 4.35
0 97.73 -13.21 2.32
0 97.86 -13.66 1.48
0 97.98 -12.2 1.36
0 97.42 -8.12 1.92
0.04 96.61 -3.03 4.68
0 97.21 -6.22 3.47
0 96.59 -5.91 2.6
0.14 97.33 -9.43 4.29
0 97.77 -9.53 3.2
0 97.16 -6.81 2.86
0 97.91 -7.42 3.12
0 97.31 -5.57 2.05
0 96.73 -3.65 1.81
0.37 96.32 -0.13 2.23
0 96.67 -3.86 3.29
0.01 97.64 -5.69 2.83
0.01 97.59 -6.83 1.09
0.03 97.37 -7.34 5.13
0.01 96.92 -8.3 5.23
0 97.11 -8.25 4.43
0 97.23 -6.92 2.69
0 97.22 -6.04 1.6
0 97.68 -4.34 1.96
0 97.62 -3.42 2.13
0 96.44 1.84 3.27
4.97 96.63 -1.68 4.26
0 97.34 -6.21 2.82
0 96.78 -4.94 2.53
0 95.63 -1.39 4.26
0 97.41 -6.31 4.54
11.39 97.32 -5.96 2.61
23.39 96.56 -3.16 4.2
0 97.1 -3.65 3.43
0 96.82 -1.75 3.15
0 96.74 -0.38 3.03
0 96.97 -0.45 1.54
0 96.63 1.96 2.94
0 96.53 2.18 2.82
1.41 96.93 -3.12 4.18
0 96.22 -0.67 2.65
0 96.22 0.79 1.75
0.03 96.42 -1.19 2.46
0.16 96.87 -3.58 3.9
0.04 96.62 -5.84 3.36
0 96.65 -4.13 3.93
0 96.14 0.66 3.66
0 95.95 1.41 3
0 96.18 3.84 1.95
0 96.41 5.71 2.74
0 97.22 1.34 4.35
0 97.27 1.43 2.73
0 97.23 2.13 2.47
0 96.99 3.19 1.86
0 96.59 4.05 1.64
0.65 96.5 5.35 2.33
0 97.01 6.43 2.02
0.14 97.11 6.2 2.62
1.1 97.09 3.19 3.3
0 96.99 2.31 2.29
0 96.72 3.7 2.13
0.89 97.12 3.36 1.9
8.08 96.85 1.77 1.48
3.43 96.64 3.41 2.07
0.29 96.55 3.29 2.24
0 96.74 3.88 2.57
0 96.58 5.97 2.36
0 96.47 9.69 3.4
0.09 97.23 5.37 2.74
0 97.08 5.77 2.56
0 96.47 6.46 1.77
0 96.49 9.67 1.94
0 96.43 13.08 3.23
0 96.16 16.2 3.79
0.76 95.92 13.31 3.3
1.62 95.89 11.03 3.35
0.55 96.01 10.93 2.85
0 96.66 10.16 3.86
0 96.73 9.79 1.97
0 95.74 13.02 3.05
0 96.24 9.67 4.25
0 96.18 8.36 2.7
0 95.6 12.53 4.15
0 95.13 15.42 3.26
0 95.55 17.05 3.14
0.25 95.89 15.59 2.92
1.2 94.81 15.75 4.47
0.3 94.97 9.89 5.71
1.41 95.46 8.5 3.22
1.5 95.73 10.96 3.67
0 96.17 11.14 2.44
0.01 95.52 14.49 4.96
0 95.76 11.45 2.93
0 96.04 10.87 3.1
0.01 96.72 10.02 3.24
0 96.75 11.54 4.46
0 95.91 15.8 4.32
0 95.35 18.01 3.12
0 95.03 21.17 4.15
0 95.86 18.6 2.77
0 96.33 18.08 2.52
0 96.29 20.72 3.7
2.32 96.24 18.67 4.89
26.01 96.14 15.41 2.89
25.08 95.85 11.39 5.61
0 96.04 12.58 5.88
0 95.92 18.3 3.72
0 95.59 21.14 2.6
0 95.44 19.77 4.48
0.5 95.34 19.09 3.04
0.04 95.45 16.96 4.75
0 95.36 14.96 4.17
0.76 95.52 14.28 4.84
0.18 96.24 15.37 4.68
0 96.23 17.28 2.36
0 95.48 20.32 1.95
0 95.31 23.72 2.71
0 95.34 28.01 4.47
2 95.62 27.29 3.45
0.47 95.89 25.09 3.41
5.2 96.15 18.76 3.49
180.58 96.32 11.35 2.49
0.02 96.16 16.85 2.26
0.01 95.69 20.28 2.23
0.07 96.19 16.81 3.57
0 95.83 18.81 2.44
0 95.48 21 2.88
0 95.64 22.86 3.32
30.46 96.05 17.14 2.56
0.99 95.5 20.01 2.97
31.43 94.97 20.18 3.05
0 95.45 17.98 3.3
75.51 95.8 12.15 2
0 95.93 16.33 2.44
0 95.91 20.8 2.66
0 96.09 21.82 2.36
26.55 95.82 15.8 2.17
1.19 95.5 18.72 2.44
0.7 95.37 22.92 3.9
0 95.42 22.35 3.62
0 95.82 20.12 1.85
13.91 95.97 18.67 1.87
21.88 96.26 18.92 1.82
0 96.28 21.24 1.98
0 95.82 27.14 2.55
0.18 95.53 28.64 2.17
5.93 95.4 27.74 2.77
8.15 95.32 25.78 3.06
41.52 95.32 23.42 3.46
146.41 95.25 20.26 2.1
15.55 95.27 20.93 2.27
0.71 95.43 22.74 2.18
61.38 95.8 19.65 1.55
125.51 95.7 18.02 1.62
8.12 95.44 19.44 1.53
7.51 95.4 21.38 1.5
0 95.57 24.3 1.75
7.42 95.51 25.27 2.77
7.33 95.55 25.84 3.28
0.08 95.46 26.74 3.49
13.9 95.28 27.04 3.04
21.69 95.16 27.54 2.94
72.96 95.34 24.43 2.19
0.55 95.44 25.45 1.92
18.27 95.6 25.23 1.77
95.05 95.77 23.69 1.47
121.11 95.57 23.92 2.53
542.77 94.7 23.66 2.53
35.01 94.71 25.12 3.4
107.77 94.89 23.79 2.17
0.82 94.78 24.97 1.73
0 95.1 26.3 2.57
0.44 95.16 28.77 3.06
25.39 94.96 28.8 3.79
32.32 95.3 26.33 2.48
26.34 95.69 26.07 1.8
0 95.81 27.24 2.12
0 95.78 27.85 2.38
0.01 95.51 27.9 3.14
58.84 95.25 26.64 2.71
30.61 95.18 24.79 2.82
98.7 95.91 21.85 2.5
21.45 95.94 21.64 1.52
4.18 95.49 23.65 1.15
4.18 95.56 23.84 1.61
0.75 95.83 24.61 1.77
32.4 95.54 21.86 2.22
0.95 95.66 23.25 2.17
0 96.18 23.57 1.72
0 95.79 23.61 1.57
24.59 95.38 24.38 2.44
0.05 95.55 25.35 2.08
0.71 95.66 25.81 2.55
34.74 95.37 25.68 2.24
983.62 94.73 24.27 2.59
10.51 95.16 25.57 1.54
69.96 95.21 25.09 2.17
40.57 95.03 23.79 1.89
6.62 95.09 24.28 2.01
43.9 94.97 23.35 1.66
44.77 94.81 21.11 1.55
4.29 94.91 23.7 1.55
7.41 95.32 24.66 2.48
59.26 95.72 23.27 2.07
0.41 95.84 23.9 1.64
30.29 95.77 22.3 1.7
14.5 95.64 22.45 1.63
259.87 95.7 20.37 1.76
72.39 95.84 21.12 1.67
23.71 96 22.1 1.58
38.52 96.05 22.42 1.59
6.79 95.72 22.7 1.77
0.82 95.44 25.35 1.92
70.51 95.85 23.16 2.36
228.5 95.73 20.28 2.15
0.03 95.78 21.15 2.83
0 95.9 19.14 3.41
0 96.25 19.78 2.06
26.26 96.03 16.87 3.05
11.23 96.35 16.94 2.61
0 96.55 15.64 2.46
0 96.22 17.8 1.88
0.99 96.21 18.28 1.75
6.86 96.06 19.92 1.85
9.52 96.13 19.54 1.89
6.99 96.06 20.26 2.6
2.23 95.9 21.21 2.89
0.05 95.72 21.21 3.3
0 95.64 19.62 1.71
0 95.46 21.27 2.28
0.4 95.91 19.94 2.52
3.77 96.04 19.56 1.91
76.36 95.94 17.93 1.97
0.03 96.11 17.32 2.09
0 96.53 16.32 2.05
0 96.8 17.16 1.67
2.54 96.72 19.53 2.26
4.51 96.59 19.6 2.06
0.93 96.15 19.59 2.62
0.02 95.96 17.64 2.06
0 95.4 19.36 2.5
0.13 95.82 17.01 2.73
0 96.25 16 2.05
0.7 95.66 19.18 2.94
49.13 95.62 17.53 3.25
0 95.87 18.04 3.67
0.2 96.05 19.38 2.49
12.33 96.09 17.09 2.26
23.47 96.33 14.05 2.12
0.06 96.34 10.98 2.29
0 96.22 10.37 3.14
0 96.05 11.1 1.85
0 96.21 14.08 2.92
0.06 96.29 16.97 3.56
0 97.08 9.97 2.44
0 97.45 8.63 1.85
0 97.27 9.91 2.4
0 96.61 13.61 3.37
0 96.37 15.11 3.43
0 96.6 14.37 1.94
35.55 96.89 12.75 1.37
189.34 97.44 9.39 3.18
25.56 97.5 6.15 3.22
0.44 97.35 5.44 2.64
0.82 97.01 5.09 2.09
0 96.86 7.08 2.75
0.01 97.46 5.73 1.31
34.1 97.51 6.9 1.72
0.16 97.84 6.04 1.5
0 97.6 6.92 1.61
3.89 96.98 9.34 1.96
0.04 96.74 9.72 1.21
0 96.48 11.28 2.54
0.01 97.09 8.59 2.21
5.86 97.22 5.09 2.09
0.09 97.23 5.76 2
0 97.09 6.88 2.02
0 97.11 8.55 1.4
0 96.53 10.62 1.73
0.02 96.4 10.74 1.79
0 97.16 7.95 3.98
0 97.76 2.7 3.28
0 97.25 5.11 2.27
0 96.39 8.17 3.15
