1.23 96.06 -16.29 1.69
0.02 96.71 -17.59 1.83
17.11 96.6 -19.57 1.54
6.17 96.77 -18.2 3.5
0 97.09 -19.32 2.69
0.02 97.29 -19.04 2.32
0.17 97.38 -17.09 1.7
14.91 96.78 -15.83 1.28
7.44 96.94 -15.64 1.5
0 97.21 -15.43 1.37
0 97.18 -16.24 2.98
0 96.6 -18.7 3.36
0 96.62 -16.05 3.05
0.79 96.47 -16.12 1.37
0 97.55 -15.21 1.51
0 97.13 -14.46 1.07
0 96.77 -11.1 1.22
0.02 96.67 -6.45 1.63
0 96.14 0.34 3.5
0.07 97.38 -9.64 4.88
0 97.3 -13.13 2.63
0 96.99 -11.13 3.41
0 96.47 -8.15 2.99
0 95.87 -8.61 3.78
0 96.88 -9.24 3.6
0 110.31 -4.7 3.23
3.14 95.79 -3.82 3.07
0.01 96.41 -10.63 3.85
0 95.96 -5.33 4.07
0 96.04 -5.48 1.94
0 96.66 -9.28 1.81
0.24 96.84 -11.65 1.92
0 96.85 -14.96 2.14
0 96.77 -13.58 2.48
0 96.75 -14.02 2.09
0 97.09 -13.74 1.56
0.02 97 -11.65 2.28
3.54 96.01 -3.38 2.93
0 96.11 -4.61 2.03
0 96.74 -7.42 2.44
0 97.33 -10.46 3.57
0 97.75 -12.28 4.2
0 97.48 -11.75 2.1
0.04 96.83 -10.44 2.1
0 97.24 -10.49 2.49
0 97.43 -12.82 1.9
0 96.97 -10.51 1.9
0.01 96.52 -8.63 2.84
0 96.34 -8.46 2.56
0 95.81 -4.31 1.79
0 95.7 -6.93 1.71
0 95.8 -5.81 1.96
0 95.86 -4.78 2.65
0 94.81 0.51 2.49
5.95 95.13 -2.31 2.01
0 96.23 -6.2 2.45
0.21 96.42 -5.54 1.7
3.11 96.1 -6.24 2.24
1.59 96.69 -7.41 2.58
0.12 96.4 -7.89 2
0.31 96.1 -3.79 3.36
0 96.18 -1.89 3.26
24.86 95.76 -1.67 2.81
5.17 96.88 -9.31 3.45
0 97.59 -11.14 2.11
0.01 97.85 -11.74 2
2.18 98.15 -9.9 2.94
0.01 97.34 -9.31 2.55
0 95.97 -3.69 2.65
0.22 94.9 2.46 4.16
0.96 96.03 -4.48 4.67
0 96.71 -3.17 2.12
35.14 96.1 -0.96 2.03
1.89 96.04 -2.71 5.16
0.03 96.53 -4.73 2.55
0 96.93 -5.59 2.3
0 95.94 -2.73 2.81
0.34 94.54 3.7 2.81
38.93 95.17 -0.89 3.84
0 95.56 0.22 2.99
0.07 95.5 4 4.05
0 96.22 2.48 2.84
0 96.76 -0.53 2.82
0.04 96.76 -3.45 3.45
0.58 96.28 -2.88 2.09
1.39 96.86 -2.32 2.07
0 96.75 2.85 1.67
0.07 96.54 5.48 2.22
4.83 95.93 8.83 4.49
2.19 95.63 7.6 4.56
0 96.07 2.41 5.46
0 96.13 0.06 4.03
0 95.8 4.55 4.28
0 95.5 8.81 3.73
4.7 96.13 3.11 2.46
0.01 96.77 1.88 2.44
0 96.2 7.31 3.73
0.48 95.02 11.75 6.01
30.41 95.83 2.1 2.76
0 96.11 3.43 3.23
1.9 96.08 1.93 2.1
38.29 95.87 0.34 3.4
0.07 96.63 -0.7 5.26
0 96.78 1.85 2.41
0.17 96.12 4.41 3.03
10.33 96.36 3.16 1.65
0 96.34 5.33 3.19
15.01 95.64 10.1 3.13
48.67 96.11 8.02 2.01
0.16 96.45 8.39 1.94
0.11 96.69 9.96 2.23
0.64 96.45 9.3 2.56
0.13 96.35 8.41 1.92
0 95.95 12.8 2.89
2.38 95.72 13.66 4.41
46.56 95.57 4.64 3.31
20.96 95.15 2.8 3.25
0.15 95.25 5.24 6.1
4.29 95.42 6.98 4.87
6.85 95.67 11.57 2.7
0 95.12 16.88 2.08
0 94.85 18.5 4.29
0.47 95.4 16.44 2.2
3.82 94.93 135.05 3.05
249.64 94.53 10.34 3.33
12.3 94.99 12.94 4.54
20.8 95.06 11.56 1.9
2.49 95.3 14.93 2.5
52.93 95.09 10.85 3.08
11.87 94.98 9.78 2.44
4.53 96 9.96 2.55
0 96.27 13.23 1.7
0 96.23 15.86 1.79
5.37 95.8 17.36 3.3
6.78 95.67 20.11 2.48
0.99 95.88 19.13 2.81
32.14 95.43 16.39 2.96
137.69 94.54 12.33 2.9
0.79 94.22 18.17 4.62
0 95.05 22.14 2.58
0 95.2 24.63 2.89
0.3 95.22 22.45 2.09
1.49 94.88 21.24 2.66
11.61 95.06 17.33 4.13
1.09 95.66 21.24 3.54
0.12 96.1 21.71 2.2
4.85 96.05 19.4 2.08
85.39 95.49 15.53 2.71
58.08 95.08 16.42 2.25
59.64 95.54 14.99 1.93
11.46 96.12 16.48 1.42
2.11 96.04 18.43 1.65
0.53 96.16 19.25 1.65
0 96.2 21.08 1.75
0.01 96 21.87 2.13
0 95.69 23.09 2.26
0 95.7 23.19 2.58
0 95.79 24.35 3.2
0 95.91 24.7 3.06
0 95.99 25.1 2.25
1.53 95.88 22.17 2.16
0.05 95.63 21.5 2.97
0.44 95.29 22.66 2.09
16.23 95.03 22.98 3.11
59.36 94.91 22.16 2.78
1.21 94.79 23.35 2.5
10 94.9 23.88 1.71
82.41 94.98 21.39 2.04
12.93 95.06 20.93 1.96
1.76 95.14 23.07 1.5
0.16 95.51 22.98 2.88
0.02 95.13 23.02 2.19
14.6 95.45 20.34 2.19
0 95.54 23.23 1.56
0 95.42 25.14 1.83
0 95.41 26.19 2.28
0 95.34 25.7 1.9
26.2 95.15 22.27 1.73
69 95.08 22.14 1.4
0.27 95.13 23.89 1.4
0.07 94.92 24.81 1.58
106.61 94.82 22.05 2.18
3.6 94.82 25.11 1.53
0.04 94.84 27.67 1.51
8.11 94.81 26.79 2.43
0 94.8 26.49 3.06
0.03 94.96 24.93 2.55
17.58 95.27 21.13 2.04
5.33 95.44 22.44 1.99
1.08 95.42 22.33 2.08
73.67 95.23 20.92 1.88
73.36 95.21 20.98 1.44
193.05 95.47 20.37 1.27
5.8 95.71 22.58 1.18
0 95.65 24.27 1.95
70.9 95.22 22.84 2.49
6.38 95 24.74 3.18
1.19 95.22 25.86 2.32
2.93 95.18 27 2.36
13.02 95.27 25.64 2.61
257.27 95.19 23.39 1.91
1.66 95.43 24.48 1.56
3.12 95.53 25.86 1.58
3.74 95.58 26.69 1.61
3.44 95.69 27.45 1.58
0.58 95.55 27.64 2.24
11.83 95.44 27.42 2.09
13.88 95.1 26.82 2.32
124.51 94.7 26.01 2.72
8.88 94.71 22.84 1.43
29.44 94.67 25.73 1.4
144.52 94.98 22.44 1.92
0 95.6 21.63 2.2
0.02 95.51 22.92 1.61
8.93 94.79 24.54 2.72
60 94.99 23.56 1.9
151.58 95.38 22.18 2.98
0 96.15 20.92 1.75
19.49 95.79 20.86 1.58
133 95.06 22.35 2.41
22.32 95.13 22.58 2.32
0 95.35 22 1.93
0 95.07 24.84 2.38
24.76 94.81 24.52 1.77
2.88 94.69 25.73 2.14
27.81 94.59 24.1 2.84
0 95.08 22.31 2.83
0 95.46 22.92 1.64
21.27 95.47 23.22 2.47
7.98 95.66 23.46 2.68
125.12 95.81 22.36 2.07
1.69 96.09 23.08 1.8
175.95 96 18.89 1.52
74.12 95.95 18.95 1.37
1.09 95.95 20.09 1.43
0 95.88 22.51 1.79
0.08 96.11 21.75 1.52
1.36 96.29 21.89 1.72
0 96 21.11 1.69
2.25 95.81 20.63 1.36
26.52 95.42 21.11 1.63
11.54 95.54 21.01 1.72
0.81 95.6 21.76 1.84
28.32 96.1 20.51 1.5
3.85 96.23 21.12 1.46
0.04 96.11 20.05 1.12
0 95.84 19.99 1.66
0 95.62 22.37 1.65
2.25 95.81 23.36 1.62
0 96.36 18.27 1.86
0 96.2 17.29 1.37
1.63 95.76 17.84 1.31
14.59 95.4 18.99 1.68
0.39 95.64 19.56 1.37
0 95.77 20.78 1.11
1.75 95.83 22.38 1.44
0 95.94 22.37 1.5
4.02 95.74 21.68 2.36
125.21 96.12 15.2 2.32
272.44 96.23 9.64 2.09
162.97 96.09 12.47 1.33
0 95.81 16.17 1.53
40.88 96.04 14.75 2.12
197.21 96.67 9.97 2.76
0 96.57 10.04 2
0 96.37 12.75 1.5
0.57 96.11 14.74 1.57
11.64 95.86 15.72 2.75
0.34 96.04 13.27 2.28
0 95.98 11.1 4.42
0 96.83 9.09 2.88
0 96.43 10.11 1.46
0.04 96.11 15.01 1.84
0.99 96.46 12.93 1.42
336.02 96.17 8.21 2.43
86.88 96.1 7.51 3.15
0 96.23 9.72 2.03
0 95.86 13.29 1.43
0 95.73 16.84 2.18
0 95.89 18.02 2.88
0 95.84 17.38 2.65
0 95.37 16.98 2.87
24.97 95.98 11.22 2.36
127.45 96.4 5.55 2.38
0 96.51 8.24 1.63
0 96.06 10.09 1.61
0 96.24 8.79 2.87
0 95.79 7.79 2.91
0 96.6 2.97 2.94
0 97.19 0.93 1.29
17.1 97.14 0.1 1.28
47.78 97.15 1.51 1.25
0 97.02 2.54 1.31
0 96.5 3.95 1.39
0 96.18 8.82 1.8
6.02 96.35 9.35 2.61
3.41 96.88 3.77 3.69
0 97.24 0.37 4.02
0 97.93 -1.19 2.81
0 97.11 0.75 1.85
0 96.96 4.8 2.14
0 96.94 6.19 1.71
0 97.01 6.23 1.69
0 96.82 6.42 2.12
0 97.35 2.58 3.55
0 96.91 1.81 1.95
0 96.47 5.61 2.02
0 96.55 4.97 1.36
0 96.24 7.09 1.88
0 95.94 7.48 1.74
7.57 96.09 3.94 2.73
0.33 96.61 0.47 3.54
0 96.32 -1.04 1.44
0 95.9 0.05 1.42
49.63 95.3 0.74 3.71
2.06 95.8 -0.41 2.24
1.72 96.77 -0.9 3.45
0 97.76 -4.48 2.47
0.03 97.12 -3.05 2.36
0 96.44 0.27 1.65
0 96.37 1.35 2.12
0 96.03 5.26 3.5
0 95.57 3.86 2.34
0 95.34 5.97 2
0.23 95.46 2.44 4.49
0 96.27 -2.7 2.2
0 96.14 -1.88 2.1
0.01 96.32 -1.56 4.03
0 96.64 -6.38 2.26
0.46 95.82 -6.24 1.94
0 96.12 -6.61 6.03
0.44 96.35 -7.83 1.74
0.34 96.25 -7.3 1.28
0 95.85 -3.11 2.02
0.07 95.44 -3.15 2.07
0.07 96 -7.64 3.42
0 96.14 -5.97 2.34
0 95.07 1.72 2.26
0 96.45 -3.01 3.48
0 97.01 -5.88 3.19
0 95.75 -5.49 2.2
0 95.71 -6.91 1.73
0 95.26 -5.66 1.99
1.61 95.05 -8.13 4.14
0 96.12 -12.26 1.93
1.81 96.48 -13.97 2.51
0.14 97.2 -15.45 2.84
0 97.08 -15.95 3.72
0 96.77 -14.92 3.69
0 95.47 -9.34 2.88
0 95.33 -6.52 1.63
0 95.36 -4.02 1.89
0 95.61 -3.57 2.33
0 95.88 -1.5 1.82
0 95.64 -7.24 1.47
0.28 96.2 -10.56 2.88
0 97.47 -16.5 3.61
0 97.44 -15.88 3.48
0 96.53 -14.98 3.29
0 95.42 -11.85 3.15
0 95.1 -9.52 2.16
0 95.73 -11.53 3.59
1.8 96 -12.41 2.04
0.03 96.14 -12.24 5.01
0.44 96.65 -11.12 5.62
0 97.23 -10.95 3.31
0 97.4 -11.98 2.81
0 97.02 -12.79 1.16
0.01 96.62 -12.66 1.75
0.02 96.74 -11.36 4.5
0 97.36 -10.15 3.65
0.01 96.7 -7.96 1.99
0.2 96.56 -9.16 3.39
0 97.13 -12.87 3.52
0 96.39 -10.89 2.35
0 95.93 -11.64 3.66
0 96.12 -13.3 1.83
0.01 96.09 -11.32 2.48
0.03 97.11 -14.7 2.71
0 97.54 -17.29 3.63
0 97.34 -15.26 2.33
0 97.16 -14.18 2.68
0 96.87 -14.21 2.71
0 96.84 -14.32 2.96
0 96.76 -12.75 2.15
0 96.57 -12.71 1.66
0 96.57 -13.26 2.88
0.04 96.84 -14.12 3.49
0.01 97.02 -14.16 2.14
0.11 97.18 -14.77 2.37
0 97.62 -15.3 1.67
0 97.9 -14.15 2.34
0.02 97.44 -14.26 2.81
0 97.13 -14.12 3.56
0 96.9 -11 2.91
0 96.47 -3.65 2.84
0 96.18 -4.42 1.61
0 96.13 -7.69 1.37
0 95.98 -5.95 2.05
0 96.25 -5.82 2.23
0.03 95.43 -3.52 4.26
0.07 95.97 -2.69 2.73
0 95.74 -6.42 1.96
1.33 95.82 -7 3.04
0.12 96.65 -10.07 1.93
0.92 96.67 -9.95 1.27
1.03 96.9 -12.98 3.62
0 97.04 -12.13 2.26
0.14 96.96 -11.42 2.13
0.09 96.91 -11.63 1.66
0 96.17 -4.56 2.6
1.15 96.15 -5.27 1.54
2.86 96.56 -4.64 2.52
0 96.54 -4.33 1.9
0 96.39 -0.19 2.21
0 96.72 -0.87 1.73
0 96.33 1.12 2
0 95.84 2.37 3.64
3.43 95.65 1.39 2.31
0.52 96.39 -3.61 2.66
0 97.05 -4.96 1.78
6.9 96.45 -2.09 3.96
0.51 97.21 -8.54 3.72
0.09 96.72 -7.65 3.56
0 96.4 -6.15 2.82
0 96.41 -6.37 2.35
0 96.51 -4.26 2.67
0 96.17 -1.18 1.81
0.16 95.66 1.49 2.5
0 96.45 -1.14 3.86
0 96.18 -0.88 4.12
0 96.24 -2.93 4.75
0 96.6 -1.41 3.66
0 96.31 0.31 3.17
0 95.73 2.47 3.05
0 95 7.03 2.15
0.02 95.7 2.41 4.37
0 96.88 -1.77 3.98
0 96.57 -4.17 4.71
0 96.35 -3.02 3.16
0 95.74 3.31 3.28
0 95.36 5.37 4.61
0 95.82 2.22 3.28
0 96 0.47 2.26
1.02 96.58 -2.6 3.68
0 96.7 -2.14 3.08
0 96.42 -1.68 2.4
0 96.54 -1.67 4.33
0 101.65 0.01 2.65
0 101.6 1.46 2.8
0 101.43 3.38 2.99
0 101.71 3.13 1.91
0 101.35 7.55 3.22
0 101.06 8.27 1.94
0 100.62 10.21 3.7
0 101.91 3.11 4.33
0 101.86 2.79 2.53
0 101.4 6.09 2.4
0 101.32 7.91 1.53
0 96.22 10.3 3.07
0.11 95.5 10.97 4.82
1.66 95.83 8.3 3.9
0 95.84 8.7 3.85
0 95.65 9.56 4.01
1.86 96.34 6.12 3.1
0 96.02 9.38 3.05
0 95.39 15.14 3.42
0 95.49 14.22 1.83
0.06 94.75 16.09 2.87
0 95.59 11.05 4.79
0 95.36 12.35 3.99
3.66 95.31 8.73 6.47
1.23 95.97 7.3 4.99
0 95.86 10.11 2.37
0 95.27 13.94 3.95
43.97 96.01 8.17 2.39
3.62 95.88 7.12 2.01
10.06 95.61 6.02 2.75
2.63 95.17 7.25 3.92
0.14 94.78 9.17 1.99
7.48 94.8 9.43 2.76
3.41 95.47 8.11 2.88
0 95 9.95 1.81
43.51 94.4 8.57 1.61
9.18 94.31 9.98 2.48
1.59 95.2 13.7 3.81
0.39 95.46 11.98 3.77
0 95.79 13.18 2.92
1.59 95.39 13.34 3.15
126.95 94.62 9.79 3.08
0.11 94.61 11.27 3.18
0.02 95.13 13.67 2.86
1.46 95.16 15.31 3.79
21.77 94.91 16.77 2.83
0 95.17 18.47 1.98
0.23 94.83 17.26 4.54
0.51 94.74 13.91 5.98
0 94.92 16.14 6.26
0 95.08 16.66 4.05
0 95.64 13.96 3.64
0 95.62 14.81 2.13
0.01 94.56 17.45 2.76
21.11 94.31 18.36 3.91
12.99 95.45 14.36 3.08
1.09 95.56 12.7 3.46
0.45 95.45 13.29 3.89
0 95.29 18.05 2.77
0 95.43 18.91 2.73
0 95.56 21.14 2.92
4.51 95.48 21.05 4.36
9.6 95.42 19.3 4.61
0.02 95.22 20.87 3.3
0.89 95.04 24.26 5.63
9.55 95.15 22.72 2.59
55.58 94.73 19.08 2.88
12.02 94.64 17.52 2.83
0.03 95.09 19.84 2.54
4.62 94.81 20.94 4.62
6.41 94.9 19.35 3.73
0.79 95.17 20.06 2.03
0.9 95.03 23.43 2.09
25.73 94.42 24.8 3.16
15.94 94.16 21.99 2.67
26.07 94.4 21.62 2.1
0 94.8 22.94 2.81
36.38 94.77 20.97 2.06
242.86 94.94 16.64 2.23
12.29 95.1 19.69 2.14
15.78 95.15 21.4 1.57
54.88 94.97 20.05 1.97
70.26 94.95 18.48 2.06
114.89 95.16 17.31 1.65
0.69 95.28 20.32 1.43
0 95.21 23.21 1.37
0 95.05 25.53 2.25
0.07 94.75 26.97 2.91
0 94.69 27.11 2.69
9.52 94.48 22.34 2.48
79.37 94.73 16.97 2.56
1.03 95.4 20.02 2.37
0 95.76 21.14 1.66
9.32 95.17 21.83 2.82
17.52 94.47 22.42 2.3
5.37 94.66 24.62 2.59
0.04 94.82 24.75 3.37
23.17 94.74 23.27 2.76
68.32 94.81 22.07 1.75
0.36 94.69 23.71 2.39
0 94.8 24.31 2.41
0 94.93 25.44 2.14
28.51 94.45 22.95 2.44
1.2 94.13 25.31 3.13
91.55 94.25 18.68 1.54
35.09 94.32 18.95 2.53
4.96 94.97 21.7 1.84
14.76 95.15 23.41 2.26
13.78 95.22 24.08 2.25
7.68 95.23 23.79 2.38
1.44 95.05 24.08 1.64
72.78 95.15 22.28 1.86
13.13 95.13 23.02 1.49
35.22 95.01 22.41 1.77
33.14 95.06 21.66 1.49
38.76 95.11 22.49 1.16
231.3 94.96 21.15 1.44
87.38 94.89 21.47 1.69
86.37 94.83 22.28 2.05
24.94 94.77 23.54 1.95
0.31 94.85 25.13 1.57
28.67 94.85 25.42 2.35
381.84 94.67 22.64 2.46
121.14 94.58 22.81 2.22
9.36 94.79 23.18 2.21
1.48 94.99 24.81 1.71
42.6 95.17 22.75 1.47
123.26 94.82 21.36 1.66
0.03 94.88 23.52 1.59
0.54 95.01 24.57 2.15
0.73 95.39 23.43 1.82
0.09 95.01 23.77 2.15
0 94.96 23.87 2.04
0.03 95.17 24.35 1.74
6.85 95.16 23.5 1.44
11.88 95.18 23.92 1.62
19.14 94.79 23.88 1.54
12.9 94.89 25.45 1.96
0 95.31 24.86 1.43
0 95.16 25.46 1.4
0 94.88 25.87 1.83
34.03 94.64 25.36 1.9
61.21 95 21.51 1.79
237.17 95.06 18.97 1.52
23.61 95.06 21.7 1.54
21.86 95.23 21.19 1.24
0.16 95.48 21.74 1.44
0.26 95.64 22.24 1.29
0 95.62 23.53 1.41
0.95 95.51 23.49 1.77
31.04 95.74 21.43 1.73
0 95.74 20.71 1.28
17.54 95.71 20.58 1.45
3.58 95.93 20.65 1.47
0.38 96.02 21.68 1.64
19.98 95.82 20.01 1.78
13.69 95.48 21.06 1.35
1.39 95.38 22.52 1.42
0 95.3 23.53 1.47
27.56 95.05 22.76 2.82
1.09 95.59 19.34 1.57
0 95.4 20.05 1.58
2.7 95.92 18.3 1.75
0.25 95.85 18.86 1.3
0 95.91 18.19 1.16
0 95.45 19.39 1.29
23.48 95.08 18.74 2.86
2.94 95.73 13.97 1.97
0.12 96.29 13.59 1.95
3.01 96.54 14.16 1.94
11.06 96.01 17.06 1.93
0.24 95.74 17.85 2.35
0.05 95.31 20.36 2.95
26.23 95.41 17.48 1.98
9.39 95.65 14.75 1.68
40.44 95.98 12.97 2.46
0 96.38 10.06 2.38
0 96.81 10.05 2.15
0 96.63 10.69 1.4
0 96.28 11.97 1.55
0 95.87 13.31 1.5
0 95.97 14.34 1.97
0 95.87 14.83 1.72
0 95.58 17.31 2.57
0.12 95.88 17.79 1.7
0.11 96.04 18.53 2.63
0.03 95.87 18.53 2.48
4.78 95.71 15.48 2.27
0.27 96.17 9.38 2.86
0 96.69 7.13 2.52
0 96.72 7.85 2.85
0 97.18 8.44 2.84
0 96.83 9.62 1.42
0 96.14 11.45 2.06
0 95.55 13.11 3.48
0 96.16 10.46 2.46
0 96.16 10.61 1.42
0 95.91 14.09 2.37
0.08 96.32 13.92 2.85
0 96.85 9.56 1.34
0 96.55 12.11 1.75
0 95.97 14.33 1.37
66.89 95.43 11.17 1.66
6.48 95.34 9.71 1.82
1.57 94.94 9.41 2.43
1.37 95.45 9.36 4.17
0 96.49 5.29 2.27
0 96.54 8.55 1.55
0 96.33 11.14 2.36
0.01 96.15 14.65 3.28
0 96.1 13.84 2.04
0.3 96 11.1 1.33
31.83 96.55 5.31 3.82
0.02 96.89 3.16 3.37
0 96.91 4.56 1.88
0 96.47 6.21 1.59
0.82 96.32 7.71 2.21
0 96.61 6.72 1.5
0 96.26 7 1.46
0 96.05 9.6 3.1
0 96.25 10.79 3.68
2.28 96.45 11.95 2.62
0.15 97.07 5.62 1.59
0.85 96.76 7.5 1.64
3.42 96.49 10.19 2.89
0.31 97.2 3.59 2.95
0.04 97.06 2.12 1.41
0 96.98 3.47 1.81
0 96.95 3.16 1.55
0 96.74 2.14 1.27
0 96.11 2.49 1.3
0 95.51 4.4 2.03
0 95.77 5.98 3.2
0.07 96.6 -1.19 2.76
0 96.73 -4.25 1.5
0 96.78 -3.52 1.47
0 96.98 -0.86 1.78
46.48 96.34 0.31 1.06
7.87 96.12 -0.69 2.96
0.93 96.33 -4.79 3.24
0 96.81 -6.06 2.34
0 96.81 -4.32 1.72
17.42 96.43 -5.49 2.27
0.53 97.03 -7.53 3.15
0 96.77 -8.63 1
0.07 96.75 -6.88 1.41
0.84 96.05 -0.16 1.63
0 96.14 -1.61 1.2
0 96.99 -3.47 2.59
0 97.55 -8.11 1.66
0 97.82 -7.85 2.16
0.09 97.08 -7.88 1
0.03 96.37 -5.69 1.05
0 96.57 -6.36 1.5
0 96.92 -8.03 1.22
0.88 97.16 -8.77 0.81
0.97 97.1 -5.93 0.9
0.72 97.38 -7.21 2.9
0.02 97.69 -11.36 3.87
0 97.29 -10.8 3.14
0.01 96.43 -6.53 3.85
0 96.48 -3.42 2.46
0 96.97 -6.83 1.47
0.01 96.26 -3.45 3.01
0 96.96 -8.56 4.38
0 97.19 -12.28 3.56
0 97.31 -11.8 3.5
0 97.06 -10.2 2.31
0 97.11 -10.19 2.1
0 97.03 -11.23 0.99
0 96.67 -10.27 2.01
0 96.62 -9.45 3.45
0 96.9 -11.38 2.2
0 96.4 -9.52 2.62
0 96.61 -12.95 1.47
0 97.11 -12.93 1.34
0 97.36 -11.94 1.41
0 96.86 -8.22 1.54
0 97.26 -10.86 1.84
0 97.61 -14.81 1.22
0.09 97.04 -12.89 1.09
0.01 96.82 -9.95 2
0.41 97.22 -11.33 2.01
0.68 96.65 -11.77 2.21
0.24 96.79 -12.17 3.85
0 97.02 -11.7 2.4
0 96.82 -11.74 1.85
0 97.65 -14.23 1.4
0.12 97.55 -15.08 1.06
0 97.11 -12.5 1.28
0 97.08 -13.56 1.04
0.11 97.12 -13.02 2.79
0 97.22 -12.48 2.72
0 96.32 -7.33 2.68
0 96.57 -9.27 1.94
0 96.5 -9.24 1.94
0 96.24 -10.49 1.11
0.05 96.07 -9.31 1.15
0.07 96.29 -11.67 0.96
0 96.44 -11.16 1.19
0 96.89 -11.69 1.11
0.01 97.56 -13.59 3.51
0 97.44 -17.47 2.86
0 97.09 -17.4 2.67
0 96.57 -17.13 2.13
0 96.41 -16.26 2.37
0 96.01 -14.24 2.43
0 96.13 -13.49 1.78
0 96.67 -14.72 1.57
0 96.89 -14.84 1.57
0 97.29 -15.45 1.75
0.05 96.93 -17.35 1.25
0.28 96.41 -16.02 3.39
0 97.21 -17.04 4.13
0 97.2 -15.24 2.93
0 96.2 -12.9 2.65
0 96.29 -9.91 2.33
0.15 95.72 -6.47 2.07
0.03 96.33 -11.98 4.91
0 96.57 -15.17 4.44
0 96.14 -12.24 4.27
0 96.32 -10.14 2.85
0 96.69 -11.01 2.52
0 96.72 -10.99 1.76
0 96.43 -8.55 2.36
0.03 96.13 -4.21 2.02
0.22 96.68 -8.41 3.03
0 96.64 -10.36 2.65
0.04 96.72 -11 3.35
0 96.85 -12.27 4.52
0 96.75 -9.67 3.14
0 96.14 -5.9 2.61
0 96.28 -7.89 1.96
0 96.07 -9.41 1.2
17.5 95.65 -7.39 2.56
0 96.6 -7.12 2.4
5.09 96.44 -6.32 2.18
0.07 96.9 -8.1 3.25
0 96.85 -8.26 2.08
0 96.32 -6.09 1.75
0 95.92 -1.43 2.63
0 96.08 -0.14 2
6.18 96.66 -3.53 1.72
0.4 96.86 -6.97 1.97
0.28 96.83 -5.95 1.57
0.07 96.2 -1.83 1.73
34.41 95.47 -2.94 1.36
33.79 95.49 -3.9 2.46
0.03 96.14 -4.57 3.08
0 96.89 -7.6 3.22
0 96.62 -8.43 1.79
0.2 96.46 -7.66 4.41
0 96.94 -7.24 3.65
0 96.63 -5.68 1.92
0 95.95 -1.47 2.84
0 96.51 -0.76 1.99
0 96.12 2.74 3.27
4.67 95.2 5.61 3.93
8.03 95.91 -2.77 3.6
8.6 96.75 -7.56 2.64
0 96.48 -2.01 2.34
0 96.42 -0.14 1.85
0 95.77 4.78 3.71
0 96.37 2.7 1.71
7.26 95.46 1.36 3.89
0 95.86 0.36 5.49
0 96.35 0.62 3.47
0 96.01 4.95 2.43
0 96.2 8.7 3.12
0 96.41 9.35 3.27
0.28 95.36 10.52 7.23
0.54 96.03 2.01 4.54
0.28 96.04 -0.01 4.55
0 96.09 -0.2 1.87
4.29 95.93 1.71 2.54
0 95.54 4.48 3.91
0 95.34 4.85 4.74
0 95.62 4.19 4.47
0.11 96.02 3.59 2.61
0 95.53 9.54 3.69
0 95.6 10.98 4.48
0 95.53 13.08 3.49
8.64 95.25 13.92 5.31
4.98 95.61 8.35 4.49
0 95.04 12.28 3.24
0 94.9 14.36 3.41
0 94.91 15.16 3.26
1.19 95.53 9.89 3.59
0 95.85 9.3 2.61
0 94.91 16.08 3.72
0 94.95 18.37 3.93
1.44 95.4 14.59 4.52
44.14 95.91 13.15 3
2.13 95.33 12.55 2.3
0.4 94.66 14.12 1.86
0.52 94.62 17.56 3.8
162.6 95.1 12.72 2.46
88.82 95.04 9.68 4.25
0 94.47 11.26 3.57
0.11 94.13 12.08 6.91
0 95.41 10.06 3.43
0 95.42 12.7 2.6
0.64 95.09 17.85 3.64
0.4 95.69 16.76 2.4
15.01 95.18 17.27 2.07
0 95.22 20.87 2.22
0.81 95.38 20.15 2.38
0 95.44 18.16 3.64
0 95.08 17.51 2.38
0.98 95.07 16.9 1.9
0 95.29 18.31 2.1
0.05 95.55 20.28 2.45
7.64 95.76 20.09 2.51
61.27 95.8 15.39 1.65
27.37 95.32 13.64 2.41
19.45 95.08 11.98 2.88
5.12 95.02 12.79 3.89
0.01 94.75 12.9 2.91
8.87 94.5 12.71 4.6
0.09 94.98 16.08 1.77
0 94.87 22.19 3.7
16.22 95.44 20.08 3.05
5.27 95.8 19.04 2.07
0.12 95.64 20.8 3.76
3.4 95.36 19.88 3.69
6.5 95.48 17.75 3.11
0 95.47 17.31 2.93
0 95.26 18.4 2.48
0 94.91 20.32 2.43
0 95.39 20.68 2.18
0 95.5 23.03 2.2
9.08 95.51 20.57 2.65
60.77 95.92 15.24 2.86
0.19 96.02 17.32 1.69
11.76 95.61 17.24 3.2
22.57 95.33 17.07 2.69
108.48 95.13 15.76 2.13
14.42 94.79 18.76 3.06
2.09 94.98 20.81 2.15
6.72 94.56 20.55 2.42
16.77 94.42 22.22 2.37
36.27 94.42 22.18 2.4
76.26 94.28 21.32 3.08
16.03 94.42 17.65 2.61
2.06 94.13 17.2 3.24
12.06 94.23 16.99 2.05
111.35 94.86 14.63 1.76
341.46 95.08 14.92 2.15
175.37 95.07 15.94 2.62
5.39 94.94 19.55 1.56
8.56 94.83 22.3 1.57
11.15 95.03 21.56 1.78
52.34 94.78 21.77 1.39
10.72 94.81 22.49 1.75
2.95 94.97 22.34 1.41
57.89 94.95 20.91 1.62
1.08 94.71 22.29 2.21
39.74 94.72 22.48 2.86
26.75 95.09 21.33 2.3
12.79 95.47 22.86 2.33
1.48 95.62 23.14 1.73
3.22 95.36 21.15 2.42
72.04 94.93 21.09 2.18
0 94.75 23.89 1.99
4.13 94.38 24.62 3.56
5.4 94.38 22.9 3.19
0.88 94.36 22.84 2.81
0.1 94.74 23.51 1.64
1.21 94.89 23.27 1.72
0.7 94.77 24.17 1.53
18.61 94.75 24.69 2.09
63.65 94.75 25.35 2.3
31.82 94.81 24.65 2.13
201.45 94.41 20.98 1.74
49.4 94.15 19.69 2.53
86.81 94.54 19.59 2.86
14.88 95.05 21.55 2.8
0 95.07 21.63 1.53
0 95.1 22.94 1.54
0 95.35 24.68 1.38
0 95.46 24.85 2.05
0.2 95.29 24.67 2.17
2.21 95.12 24.93 1.49
7.78 95.06 25.24 1.74
48.53 95 23.97 1.66
499.32 94.57 22.24 3.46
0 95.07 23.68 1.47
0 95.29 24.13 1.83
6.85 95.21 24.6 2.39
95.47 94.82 25.39 3.16
2.12 95.19 24.27 1.55
128.52 94.76 23.17 2.46
24.38 94.41 24.1 3.44
0.34 95.07 22.46 1.66
78.87 95.39 20.2 1.43
155.27 95.53 19.26 1.59
200.57 95.46 20.15 1.42
24.98 95.51 21.8 1.62
175.28 95.53 21.88 1.66
0 95.71 23.49 1.18
0 95.54 24.29 1.24
0 95.16 25.61 1.9
14.02 95.05 25.14 1.9
11.49 95.33 23.85 1.33
0 95.21 24.16 1.61
18.75 95.3 20.67 2.13
28.71 95.31 18.45 2.03
1.02 95.42 20.27 1.61
2.95 95.13 19.32 1.88
3.21 95.18 21.37 1.62
0 95.53 22.35 1.9
0.07 95.11 23.34 2.97
95.46 95.12 23.19 2.22
4.29 95.22 21.59 1.38
20.5 95.19 20.63 2.25
8.49 95.82 16.86 1.73
0.05 95.96 16.9 1.86
0 95.71 20.38 2.47
0 95.65 22.06 2.21
0.24 95.5 22.41 2.31
1.89 95.55 21.57 1.4
16.56 95.44 21.41 1.57
0.88 94.96 22.65 1.89
1.35 95.09 23.81 2.49
0 95.35 24.75 1.97
0 95.47 25.5 2.16
0.7 95.51 24.92 1.99
206.69 95.46 17.64 2.96
48.62 95.83 13.8 2.72
0.53 95.87 13.55 1.68
1.59 95.99 16.23 1.86
0 95.9 19.69 2.09
30.23 96.04 18.21 1.58
1.87 95.94 17.38 1.12
0 95.86 18.74 1.19
0 95.79 20.74 1.67
38.19 95.47 19.64 2.06
86.57 95.46 13.87 3.22
0.4 95.6 12.4 2.33
0 95.99 14.21 1.51
0.13 96.47 14.42 1.14
0 96.56 14.11 1.28
0 95.89 14.99 2.14
0 95.41 15.91 2.27
0.22 95.41 16.04 1.37
0 95.63 17.67 1.56
2.43 95.55 18.72 2.13
1.06 95.57 17.73 1.46
4.01 95.9 16.21 1.36
0.35 96.22 16.11 1.49
19.14 96.08 15.45 1.89
2.9 96.32 15.3 1.19
70.43 95.96 11.51 1.53
83.72 95.89 9.98 6.02
1.61 96.09 11.82 3.53
0 96.12 11.28 1.5
0 95.97 12.75 1.38
0.49 95.77 14.19 1.99
1.41 95.59 13.57 2.65
0 95.73 13.26 1.93
0 96.28 11.33 1.65
0 96.7 12.09 1.2
0 96.55 13.59 1.32
0 96.05 15.83 2.18
33.24 95.61 13.3 2.92
0 96.15 8.72 2.02
0.02 95.77 10.45 2.15
0 95.57 12.92 1.83
0.11 95.94 9.37 3.46
0 96.38 7.24 2.16
0.01 96.52 7.6 1.95
53.67 95.85 9.3 3.19
0 95.9 4.79 3.39
0 96 5.68 2.22
0 95.83 8.17 2.09
0 96.24 6.67 1.61
66.73 96.55 2.4 1.06
79.71 95.95 2.53 1.73
0 95.64 6.15 1.69
0 95.36 9.31 2.68
0 96.02 8.8 1.8
0 96.04 11.05 2.29
7.18 95.9 11.03 2.92
0 96.86 3.89 1.64
1.69 96.76 0.64 1.95
0.08 96.35 0.48 2.91
0.05 96.18 0.17 2.13
0 96.18 2.19 1.52
0 96.41 0.88 1.86
14 96.4 1.71 1.43
183.2 95.98 1.04 82.29
64.61 96.23 -0.27 3.09
0 96.3 -2.71 1.27
0 95.95 -0.62 1.62
0 96.19 0.03 1.41
0 96.66 -1.91 1.17
47.47 96.34 -1.62 0.94
151.93 94.96 -1.94 4.88
0.57 95.48 -3.61 3.34
0 95.55 -5.33 4.23
0 96.38 -4.42 2.86
0 96.68 -6 1.3
21.14 96.13 -2.6 1.59
0 96.05 -5.27 80.11
0.02 95.76 -4.84 2.57
0.01 96.31 -2.96 2.76
0 96.38 -5.05 1.35
0 96.02 -2.1 2.19
5.37 96.52 -5.11 2.26
0 96.44 -6.1 2.27
0 95.91 -4.88 2.14
0 95.83 -2.86 3.17
0 95.93 -7.21 2.55
0 95.01 -3.44 3.66
0.02 95.73 -5.85 3.83
0.02 96.33 -8.86 1.97
0 97.04 -12.34 2.22
0.13 96.72 -13.38 1.77
0.48 95.59 -4.6 2.77
2.56 95.75 -7.31 3.75
0 96.06 -10.48 1.74
0 96.08 -12.45 2.95
0 96.05 -14.32 2.51
0 96.21 -15.69 2.25
0.01 96.19 -16.29 4.15
0 96.32 -11.29 3.96
0.05 96.96 -12.93 1.43
0.03 97.12 -13.09 1.11
0.08 96.57 -11.53 1.48
0.02 96.56 -8.9 1.25
13.66 96.64 -9.95 1.38
0.94 96.43 -8.56 1.45
0.4 96.82 -11.71 1.18
0 97.13 -12.16 3.6
0 97.25 -14.31 2.41
0.01 96.71 -14.81 1.05
0.16 96.83 -12.02 203.72
5.72 96.79 -9.94 3.28
0.01 97.28 -15.44 3
0 97.09 -19.2 2.29
0 96.24 -18.17 3.79
0 97.39 -18.24 2.49
0 97.14 -18.39 1.27
0 96.53 -13.69 1.25
4.64 96.52 -14.23 1.05
17.12 96.53 -12.27 3.72
0 96.17 -15.08 3.19
0.03 95.65 -15.34 1.66
0 96.07 -17.17 3.81
0 97.19 -17.97 4.48
0 97.77 -15.75 2.23
0 96.82 -16.13 1.53
0 96.65 -14.42 1.56
0 96.56 -15.61 1.35
0 96.46 -15.25 1.63
0.03 96.88 -16.68 1.86
0 96.68 -15.49 1.72
0 96.56 -15.39 1.3
0.91 96.2 -13.57 0.97
0 96.27 -12.6 1.58
0 96.28 -13.48 1.02
0 96.74 -10.75 1.95
2.71 96.48 -13.44 1.75
0 97.16 -14.23 2.65
0 97.42 -12.08 1.71
0 96.42 -8.19 2.2
0 96.95 -9.93 1.34
10.04 96.99 -9.8 1.02
0.42 96.99 -9.17 1.91
0 96.77 -12.9 1.2
0.02 95.62 -8.29 2.41
0.04 96.21 -13.63 4.11
0 96.29 -15.13 1.64
0.17 96.63 -14.79 1.21
0.04 96.53 -12.01 1.89
0 96.08 -7.12 1.34
0 96.36 -7.48 1.25
0.04 96.3 -5.98 1.49
1.77 96.22 -5.95 1.58
1.3 96.77 -7.77 4.14
0 96.92 -10.62 2.19
1.94 95.94 -8.98 2.38
0 96.66 -9.39 2.88
0.01 96.22 -8.24 1.85
2.09 96.52 -14.91 3.99
0 97.36 -17.55 5
0 97.26 -16.12 1.5
0.59 96.37 -12 2.08
0 96.97 -12.94 2.24
0.08 97.02 -12.32 1.75
0 96.28 -7.25 90.29
0 96.05 -5.06 2.7
0 96.7 -9.16 2.29
0 96.66 -10.21 1.56
0 95.95 -6.71 2.25
0.03 95.89 -4.92 4.03
0 96.63 -10.67 3.32
0 96.8 -12.34 2.2
0.02 96.74 -11.74 1.81
0 96.59 -8.37 2.84
0 96.8 -7.13 2.57
0 96.73 -4.7 1.73
0 96.9 -6.58 1.63
6.98 96.73 -7.14 1.9
0.52 95.83 -1.06 2.5
0 95.74 0.5 2.6
0.23 95.2 -2.3 5.72
0 96.98 -7.67 5.81
0 97.06 -5.51 1.81
0 95.96 -0.92 2.69
0 96.27 1.6 2.71
0 95.66 5.33 3.02
0 95.6 3.51 1.66
0 95.03 3.92 2.11
0 94.94 0.21 2.42
0 95.02 -2.58 5.2
0 96.52 -1.77 2.08
0 95.74 4.2 3.6
22.74 95.68 0.18 3.69
0 96.88 -5.77 4.17
0 96.38 0.48 3.05
0 95.91 5.41 2.67
0 96.31 5.23 2.93
0 94.87 7.57 3.41
0.93 95.01 -2.35 3.79
23.16 95.78 -6.74 3.13
0.26 96.19 -6.74 2.88
0 94.92 1.11 5.63
0 95.92 -2.73 2.92
28.81 95.61 -4.97 3.42
0 96.29 -4.77 3.31
0 96.15 -1.71 1.82
0 95.16 4.32 4.06
2.2 95.36 1.72 3.56
0 96.2 -0.62 3.3
0 96.43 -1.5 2.41
0.4 96.32 0.01 1.76
8.61 96.04 1.41 2.16
111.75 96.14 0.69 2.58
0 95.62 4.18 3.02
0 95.68 5.82 2.91
18.32 95.88 0.19 2.23
55.4 96.11 -0.57 3.18
0 95.88 0.05 2.81
0.3 95.07 1.7 2.79
15 95.04 1 3.05
4.11 95.96 0.81 3.86
0.79 95.82 1.76 3.5
0 95.86 2.8 3.59
0 95.39 7.9 2.65
0.23 94.91 6.92 4.4
0 95.19 3.11 5.21
0 94.94 4.77 2.23
7.56 95.2 4.25 3.19
51.79 95.54 1.6 534.89
5.64 96.48 1.42 4.66
0 96.52 2.8 2.05
0 96.18 5.47 2.64
0 95.86 8.67 2.11
0.22 95.27 12.63 4.64
72.12 95.33 7.64 2.24
1.02 95.24 8.15 2.87
0.05 95.33 9.16 4.55
0 95.4 10.52 1.82
0 95.37 13.89 2.15
6.37 95.15 12.61 3.98
0.31 95.3 12.29 6.25
0.75 95.8 11.29 5.5
0.93 95.88 11.91 2.1
1.56 95.77 12.4 2.13
3.58 95.95 13.13 1.89
0 95.69 17.46 2.8
0 95.87 20.63 1.8
0 95.79 22.01 2.22
0 95.8 22.09 2.96
0.17 95.55 22.2 4.44
17.82 95.23 14.88 2.23
37.24 94.34 15.04 3.62
0 93.96 17.95 4.38
0 94.54 16.85 2.71
0 94.61 18.97 2.41
0.93 95.19 16.87 4.75
0 96.12 16.69 2.61
0 96.03 18.03 2.3
1.24 95.38 18.86 3
0 94.82 19.63 3.37
17.39 94.18 15.98 4.72
0.02 94.2 18.01 4
0 94.53 19.24 2.87
0 95.43 20.2 2.3
11.26 95.21 24.07 4.26
1.49 95.79 18.56 2.22
0 95.41 21.3 2.25
1.82 95.17 21.55 3.95
1.62 94.97 19.88 4
1.31 94.71 19.82 3.03
0 94.99 19.81 4.22
0 94.83 24.11 2.88
0.03 94.44 25.98 4.92
0 95.16 20.38 2.59
7.71 94.92 18.93 3.37
0.08 95.1 19.42 2.99
11.37 95.73 18.22 2.5
33.84 95.6 18.75 2.58
4.65 95.37 19.45 3.28
3.14 95.17 22.39 3.09
0.77 95.02 22.91 4
40.07 95.4 17.15 2.69
3.24 95.63 17.89 1.75
15.68 95.37 16.26 1.95
5.17 95.14 17.97 1.91
0.04 95.18 22.75 3.79
0.17 95.16 24.48 3.99
3.45 95.05 24.76 2.83
117.93 95.03 19.67 2.34
8.33 94.73 21.7 1.63
40.41 94.43 21.01 1.81
0.35 94.77 23.77 2.05
0 95.29 24.12 2.32
0.08 95.46 24.4 1.88
1.25 95.21 23.32 1.54
8.61 94.88 22.66 1.97
34.3 94.76 21.81 2.66
79.91 94.52 21.02 2.52
115.47 94.21 20.45 1.88
49.46 94.34 22.5 2.24
68.6 94.77 21.44 1.95
152.21 94.83 22.41 2.95
35.7 94.78 23.22 3.46
64.5 94.52 23.07 2.43
195.41 94.05 22.68 2.7
0.09 94.03 24.83 3.3
2.2 94.03 25 2.58
1.71 94.4 24.92 2.13
1.21 94.62 25.32 2.53
8.1 94.46 25.49 3.78
53.14 94.74 24.11 2.1
84.57 94.96 22.13 1.41
1.56 95.15 22.94 1.31
0.63 95.14 23.11 1.24
19.88 95.12 23.42 1.95
45.19 95.29 22.97 1.97
0.31 95.28 24.37 1.77
205.88 94.59 22.12 2.33
136.61 94.39 23.01 3.04
0 94.99 24.05 2.46
0.23 94.88 23 2.66
111.98 94.79 21.56 2.17
4.31 95 22.35 1.8
0.27 95.01 24.14 1.64
13.59 94.88 24.05 2.06
17.23 94.45 24.01 1.73
1.55 94.5 24.43 3.12
0.02 94.83 24.75 1.92
0.03 94.86 25.32 1.69
38.99 94.64 23.26 1.72
13.73 94.55 25.49 2.27
0.43 94.5 25.57 1.54
1.54 94.32 26.38 1.82
10.23 94.44 25.74 2.06
15.05 94.72 25.83 2.91
0.35 94.96 25.93 2.64
1.22 94.75 25.92 2.55
13.41 94.38 26.67 2.57
22.91 94.24 25.46 1.77
24.41 94.41 26.13 2.26
16.52 94.65 26.64 2.06
11.36 94.43 26.94 1.97
24.62 94.63 24.84 1.67
1.71 95.05 25.81 1.44
4.83 95.14 27.02 2.56
40.57 94.85 25.18 2.7
5.47 94.85 25.7 2.74
49.82 94.79 26.5 2.36
5.49 94.85 26.01 1.71
215.78 94.33 24.46 1.49
0.1 102.97 25.82 2.39
0 95.33 22.77 2.63
0 95.6 22.05 1.86
2.73 95.58 21.51 1.2
2.4 95.16 24.09 2.24
0.42 95.3 23.19 1.96
0 95.49 22.79 1.57
0.06 95.49 23.03 1.61
14.61 95.22 22.21 1.83
17.17 95.32 19.69 2.04
11.99 95.28 19.35 1.46
246.76 94.67 18.32 1.31
34.77 94.87 15.66 3.01
0.11 95.54 16.15 2.4
19.42 95.62 17.16 2.04
2.19 95.88 16.01 1.65
7.42 96.04 16.21 1.53
0 96.12 16.31 1.36
6.05 96 17.16 1.59
136.01 95.98 14.85 1.41
32.34 96.03 14.99 1.15
6.92 96.08 16.5 1.33
1.64 96.02 18.14 1.5
16.91 95.55 19.01 2.11
0.16 95.64 17.44 1.63
0 95.7 17.97 2.57
1.58 95.47 20.65 3.05
30.2 94.81 20.47 3.21
0.23 95.15 19.96 3.32
0 95.8 14.04 1.8
0.83 95.48 16.49 1.73
6.72 96.04 16.55 1.3
10.45 96.5 15.79 0.92
6.87 95.53 19.8 3.06
0 95.93 18.42 1.57
0.05 95.95 18.95 1.25
2.78 95.81 18.76 2.67
51.19 96.16 13.47 2.9
0 96.42 9.29 2.23
0 96.25 11.06 2.36
0 95.91 12.38 2.18
0 95.22 17.92 3.39
0 95.32 16.38 2.7
0 96.24 13.15 1.28
0.97 96.15 14.05 1.82
128.62 96.16 11.31 2.19
0.02 96.28 10.86 2.69
0 96.11 9.53 1.77
0 95.39 17.3 3.46
0 96.44 13.7 1.33
0.01 96.42 15.14 2.51
0.03 96.67 12.47 2.43
0.24 96.2 11.25 1.78
0 95.19 15.82 2.69
13.43 95.22 14.13 3.87
0 95.7 11 2.98
0 96.19 11.71 1.54
35.23 96.22 11.12 2.71
4.61 97.07 4.57 4.25
0 97.12 3.13 1.35
0 96.7 6.77 1.5
0 96.74 7.18 1.41
0 96.48 11.25 2.81
38.23 96.67 9.66 1.41
3.03 96.7 7.72 1.84
0 96.58 6.5 1.18
33.12 96.47 5.86 2.11
49.26 96.36 2.56 2
0.02 96.55 4.46 3.87
0.02 96.82 6.37 2.91
0 96.38 5.23 1.28
0 95.83 7.24 1.88
7.03 96.36 6.19 1.88
1.32 96.92 4.46 2.32
0 96.85 3.91 1.4
0 96.95 4.57 0.96
0 96.72 5 1.44
0.29 96.15 8.29 1.98
4.15 96.44 7.94 3.05
0 96.82 6.18 1.74
0.02 96.07 6.62 2.52
0.16 95.64 6.77 3.7
0.01 96.06 3.74 2.77
0 96.16 2.32 2
0.15 96.67 2.64 3.52
0 96.66 -0.94 3.85
0 96.74 1.06 2.24
0 96.61 1.72 1.79
0 96 2.56 2.59
0 95.74 3.13 2.81
0 95.72 3.25 1.98
0.24 95.86 2.44 3.1
0.01 96.26 -2.39 3.97
0.03 96.44 -2.86 5.94
0 96.37 -3.26 3.6
0 96.43 -2.25 2.58
0 96.62 -2.75 1.35
0 96.35 1.09 1.81
0 96.05 1.05 1.62
0.04 95.72 -0.12 2.31
0 95.57 -3.41 4.16
0 95.72 -6.11 3.58
0 95.96 -9.13 5.97
0 96.15 -5.3 3.8
0 95.74 0.77 3.09
0 96.39 -2.12 2.64
4340.34 96.14 -1.05 2.45
4340.34 95.9 -0.47 1.42
4340.34 96.16 1.97 1.95
4340.34 96.18 1.7 2.52
4340.34 96.41 -0.83 2.87
4340.34 96.01 -1.77 1.14
4340.34 96.11 -4.61 1.35
4340.36 96.06 -3.47 2.14
4340.35 96.26 -5.06 3
4340.59 95.75 -7.14 3.16
4340.77 95.78 -8.18 2.01
4340.34 95.89 -10.95 3.9
4340.34 96.22 -11.08 3.22
4340.34 96.58 -8.53 2.78
4340.34 97.19 -8.43 1.4
4340.34 97.16 -9.93 1.3
4340.64 97.43 -11.5 2.44
4340.59 97.05 -12.42 3.08
4340.73 96.92 -11.31 3.36
4340.36 97.31 -10.46 2.66
4340.34 97.36 -9.99 1.42
4340.34 97.08 -10.24 1.17
4340.34 97.22 -8.98 1.44
4340.34 97.17 -9.41 1.17
4340.39 96.57 -6.79 2.47
4340.55 97.05 -9.61 4.39
4340.34 96.76 -10.64 1.94
4340.34 96.26 -10.75 2.56
4340.34 95.53 -5.66 3.33
4340.34 95.32 -4.97 2.97
4340.34 94.92 -2.68 3.96
4340.34 95.33 -4 2.75
4340.34 95.61 -3.35 3.21
4340.34 96.21 -5.52 2.29
4342.52 96.17 -8.25 1.71
4346.52 96.4 -8.63 1.71
4340.37 96.1 -6.72 2.98
4340.34 96.62 -6.55 2.76
4340.34 97.1 -13.86 3.02
4340.34 96.71 -14.45 2.35
4340.34 96.7 -12.18 2.26
4340.34 96.79 -10.21 2.33
4340.34 97.33 -12.36 2.27
4340.34 97.04 -13.64 1.73
4340.34 97.05 -11.68 1.79
4340.34 96.83 -8.17 1.8
4348.05 96.92 -10.44 1.68
4340.34 96.85 -11.1 1.62
4340.34 97.09 -8.54 2.05
4341.11 96.12 -7.41 3.53
4340.35 96.58 -9.95 4.47
4340.34 96.78 -9.78 2.54
4340.34 96.1 -6.45 1.89
4340.34 95.28 -1.96 3.22
4340.34 95.84 -3.35 2.26
4340.34 96.78 -8.4 3.56
4340.34 96.36 -7.45 3.78
4340.34 95.72 -3.21 4.41
4340.34 96.4 -7.72 3.6
4340.34 94.99 -0.32 5.59
4340.34 95.77 -6.83 3
4340.34 95.91 -6.95 1.75
0.31 95.48 -3.85 2.21
0.14 95.47 -4.58 4.85
0 96.35 -11.91 4.15
0 96.56 -11.57 2.16
0 96.73 -12.07 1.5
0 96.97 -10.15 1.67
2.76 96.67 -10.49 1.61
9.09 96.69 -11.87 3.24
0 97.31 -13.56 3.53
0 97.14 -14 1.68
0 96.57 -12.12 1.63
0 97.2 -12.61 1.64
0 97.17 -12.15 1.89
0.06 96.31 -5.45 2.83
0 96.37 -6.12 2.02
0.21 96.96 -6.6 2.13
0 97.51 -8.71 2.11
0.88 97.09 -9.39 1.67
2.57 96.8 -8.93 1.65
0 96.74 -7.55 1.83
0 96.68 -5.08 2.05
1.16 97.19 -6.85 1.56
0.11 97.02 -4.28 1.21
0 96.53 -1.46 1.58
0 96.37 1.9 2.11
0.51 96.06 4.51 4.1
3.5 96.78 -2.9 4.34
0.04 96.53 -6.18 1.71
0 96.37 -4.99 1.81
0.3 96.33 -4.97 2.08
0.44 96.31 -5.28 1.83
2.06 96.6 -4.19 2.83
0 96.66 -6.04 2.99
0 96.84 -7.4 2.59
0 96.84 -6.17 2.25
0 96.36 -4.91 2.08
0 96.65 -5.08 2.69
0 96.15 -2.81 2.2
0 95.87 1.61 4.11
0 96.55 -0.71 4.09
0 96.16 -1.73 2.11
0 95.67 1.8 2.93
0 95.34 7.25 2.66
0 95.77 4.79 2.5
0 95.22 7.8 4.4
0 96.39 4.31 2.15
0.08 96.3 3.75 3.85
0 96.61 3.99 4.74
0 96.02 6.42 2.65
0 96.05 7.76 3.04
0 96.33 8.11 2.76
0 95.29 13.13 4.77
0 95.29 11.73 2.41
0.02 95.3 11.26 2.63
0 95.38 11.25 3.17
50.1 95.12 11.87 3.11
18.5 95.59 10.12 2.63
0 95.8 11.07 2.28
0.98 95.94 9.12 2.09
0 95.37 12.04 2.56
0 96.09 8.23 3.88
0 96.5 2.84 4.37
0 95.67 6.51 4.67
0 96.27 5.37 3.85
0 95.62 13.18 3.7
0 95.59 14.36 1.77
0 95.45 14.34 2.34
0 95.66 12 4.11
0 96.42 9.58 2
0.82 96.03 10.96 1.94
0.37 95.75 11.99 2.14
0 95.86 13.7 1.89
0 95.73 17.84 3.42
0 96.34 13.35 3.23
0 95.66 13.49 2.43
11.67 95.66 8.56 2.64
0.03 96.33 8.79 2.87
24.07 96.16 8.06 2.6
0.06 95.7 9.65 436.99
0 95.78 11.88 3.63
0 95.47 14.56 2.91
0.9 95.15 17.06 3.77
4.94 95.4 18.26 4.32
0.28 95.88 16.87 4.27
23.18 96.15 12.03 3.55
0 96.41 12.67 2.34
0 96.26 13.91 2.19
0 95.64 15.44 1.59
0 95.07 19.05 2.22
3.39 95.01 18.5 4.42
136.84 95.66 7.43 4.82
5.83 95.29 9.11 4.38
19.01 95.48 5.45 5.28
0.09 95.72 7.92 4.17
0.22 95.16 11.94 2.61
81.58 95.16 8.4 3.76
1.53 95.71 12.13 2.04
69.8 96.03 10.6 2.4
3.92 95.92 12.52 2.43
244.72 95.03 9.4 2.56
88.96 94.11 14.68 3.69
0 94.29 17.63 3.84
0.1 94.65 14.71 3.6
0 94.43 14.35 3.18
0.05 95.23 16.79 2.9
2.33 95.59 16.77 2.16
2.66 95.2 19.01 2.87
88.07 94.88 16.34 2.43
6.89 94.9 17.24 2.66
0.02 95.02 19.17 2.55
0 95.05 21.55 2.57
0.42 95.33 24.96 3.87
43.61 95.23 17.45 3.11
0.75 94.7 17.22 5.36
0 94.18 21.22 4.07
11.12 93.96 19.02 2.85
0.33 94.42 22.63 2.89
0 94.5 24.2 76.21
0.12 95.1 25.18 2.77
0 95.03 28.03 3.87
4.36 95.25 24.11 3.04
0.7 95.39 22.36 2.83
0 95.28 22.77 2.3
1.08 95.07 22.74 1.97
20.13 94.92 23.77 2.47
259.03 95.08 16.58 2.55
169.52 94.91 13.81 3.33
44.1 94.62 16.13 2.87
52.17 94.96 16.2 2.33
47.05 95.36 15.86 1.81
21.67 95.4 18.56 1.98
19.48 95.19 20.34 2.52
13.46 95.23 21.38 2.12
0.03 95.1 22.19 2.16
4.21 94.91 23.52 1.86
84.4 94.74 20.75 2.11
97.1 94.63 20.02 2.26
111.49 94.74 18.99 2.31
4.46 95.02 19.79 1.82
34.99 95.16 19.88 2.03
5.07 95.29 19.64 1.63
92.55 95.34 19.34 2.28
1.17 95.19 22.06 1.83
0.15 94.81 23.94 2.32
18.12 94.63 23.27 3.36
28.77 94.68 22.28 3.72
0.75 95.1 22.35 3.84
1.26 95.04 23.1 2.93
0 95.11 24.57 1.71
0 95.09 25.11 1.78
14.18 95.04 23.96 2.69
107.41 94.75 21.02 2.65
35.78 94.48 23.44 2.54
0.13 94.95 25.1 2.16
0.66 95.02 25.71 3.32
3.44 94.89 25.69 2.22
3.74 94.67 25.11 3.13
13.94 94.57 23.96 3.91
0 94.78 23.83 2.84
0 94.5 24.19 3.37
6.65 94.59 22.82 3.14
6.1 94.78 22.25 2.84
0.56 94.7 23.19 2.47
2.72 94.79 24.19 1.97
23.57 94.77 23.64 2.54
135.75 94.86 21.68 76.14
9.96 95.08 22.54 75.52
0.45 95.15 26 1.81
1.53 95.23 28.48 2.6
2.97 94.84 29.2 4.26
85.3 94.71 24.51 2.66
0.2 95.02 22.63 1.64
0 94.74 24.82 2.51
0.1 95.12 23.02 1.71
0 95.17 22.95 1.77
0.01 95.36 23.3 1.9
3.25 95.24 25.18 2.21
9.31 94.75 27.11 3.29
9.8 94.79 25.57 3.7
11.89 94.94 24.17 2.19
0 95.02 26.17 2.75
0 94.99 27.29 2.76
2.81 94.85 26.61 2.51
21.36 94.82 25.71 2.05
75.64 95.07 20.76 2.52
3.22 95.04 22.18 2.09
0 95.31 22.4 2.61
0 95.43 21.88 1.69
0.01 95.3 22.79 2.1
43.56 95.05 22 2.39
36.72 94.78 21.72 2.13
3.41 94.93 22.85 3.29
0.28 95.15 21.45 2.14
20.89 95.2 19.17 2.02
21.87 95.12 19.21 1.79
12.05 95.15 20.25 2.17
7.77 95.27 20.46 1.66
1.97 95.4 21.46 1.93
9.26 95.6 21.5 1.5
0.33 95.53 22.64 1.58
0.47 95.19 24.75 2.39
4.58 95.2 24.45 1.91
26.35 95.14 23.65 2.02
41.35 94.98 22.88 1.92
163.08 95.24 19.75 2.21
3.29 95.53 20.15 2.39
0 95.63 20.88 1.88
0 95.74 22.31 1.91
5.47 95.87 21.17 1.87
3.24 95.91 21.07 1.63
0.68 95.87 21.35 2.33
11.61 95.7 20.33 1.73
13.66 95.68 19.92 2.03
278.22 95.62 16.31 2.3
1.2 95.24 17.72 1.78
0 94.92 20.01 2.47
0 95.47 18.67 1.55
0 95.48 20.29 1.63
5.14 95.06 20.96 2.94
0.07 95.34 18.33 2.69
0 95.53 15.61 1.44
0.01 95.8 17.29 1.73
0.08 95.81 18.33 1.85
18.66 95.86 17.26 1.36
0.31 95.65 19.09 2.62
0.1 95.95 16.12 3.08
0 96.06 13.98 2.79
0 96.12 13.66 1.53
0 96.19 15.87 1.34
0 96.15 17.08 2.13
8.11 95.49 17.31 2.49
47.45 95.44 14.72 2.77
0.04 96.06 14.07 1.62
0.39 96.09 16.23 2.14
68.79 96.27 12.79 1.91
21.15 96.03 12.96 1.76
0 95.95 13.53 1.61
53.52 95.3 14.35 2.64
0.12 95.85 13.67 2.28
2.07 95.77 14.48 3.04
35.37 96.57 6.52 3.91
0.26 96.66 5.65 1.71
53.51 95.82 6.47 1.59
35.55 95.66 7.48 2.28
0 95.99 8.46 1.53
73.35 96.24 7.51 1.44
12.15 96.68 8.34 2.28
0 96.48 9.34 2.1
0 96.06 12.66 1.8
0 95.94 14.48 2.34
0 96.13 16.03 2.39
0 96.41 13.54 1.86
0.72 96.28 14.38 3.17
0.36 97.26 8.91 3.89
0 96.83 4.63 1.94
0 95.89 8.26 2.22
0 95.4 10.33 4.81
0 95.96 9.69 2.96
0 95.69 12.87 2.35
0 95.8 13.68 2.41
0 95.5 16.72 3.97
0 96.36 7.76 3.07
0 96.75 3.32 2.03
0 96.19 5.57 1.95
0 95.39 10.86 2.92
0 95.11 13.46 2.87
0 95.33 11.58 2.07
0 96.81 4.52 5.41
0 97.23 2.31 1.7
0 96.67 3.09 1.6
0.05 96.37 7.5 1.75
7.25 96.54 8.15 25.01
3.26 96.29 5.82 1.71
5077.32 95.89 6.97 3.05
5077.37 96.06 4.17 3.99
5077.31 95.85 6.5 2.64
5077.31 95.48 8 3.46
5077.31 95.83 6.57 3.33
5077.31 97.13 -0.3 3.39
5077.31 97.11 -1.92 1.78
5077.31 96.68 0.52 1.91
5077.31 96.45 4.16 1.98
5077.31 96.14 3.77 1.8
5077.31 95.79 2.28 3.33
5077.36 96.24 -4.29 5.97
5077.31 96.27 -2.37 2.9
5077.31 96.62 -2.4 1.8
5077.31 96.74 -1.75 1.59
5077.44 96.58 0.1 1.83
5077.31 96.92 -2.24 1.67
5077.31 96.84 -0.97 1.5
5077.31 96.14 1.61 2.98
5077.31 95.55 3.56 3.95
5077.31 96.08 0.63 2.5
5077.31 96.63 -2.17 2.09
5077.37 96.36 1.14 2.58
5077.31 96.78 -2.76 1.86
5077.31 95.87 -2.76 2.14
5077.31 95.38 436.6 4.76
5077.31 96.52 -2.78 2.02
5077.31 96.04 -2.39 1.56
5077.32 95.85 -0.55 2.09
5078.08 95.94 -1.08 4.97
0 96.53 -11.07 6.43
0 96.33 -10.71 3.67
0 96.04 -10.71 5.45
0 96.21 -10.67 4.47
0 96.32 -10.44 3.72
0 96.54 -9.73 2.11
2.07 96.58 -9.55 1.8
0 97.09 -10.98 1.75
0.03 96.95 -7.98 2.43
2.14 96.27 -4.18 4.55
0.06 96.73 -8.91 2.96
0.02 96.31 -9.85 3.78
0 96.49 -11.22 2.41
0 96.54 -9.41 1.88
0.32 96.46 -9.12 3.64
0 96.53 -12.19 3.73
0.01 96.61 -11 2.29
0 96.55 -8.4 2.51
0.14 96.21 -5.97 4.03
0 96.54 -9.83 3.55
0 96.19 -9.84 3.55
0 95.97 -3.73 2.48
0 96.01 -3.34 2.93
0 96.85 -5 3.78
0 97.1 -5.17 2.82
0 96.88 -7.82 1.5
0 96.45 -4.83 2.21
0 95.85 -5.46 1.99
0 95.18 -4.01 3.01
0.09 95.91 -6.22 90.66
0.03 96.62 -10.31 5.44
0.11 96.65 -10.78 2.89
0 96.57 -7.14 2.99
0 95.3 -2.34 3.58
0 95.57 -2.95 1.98
0.9 95.9 -3.02 4.5
0 96.47 -7.46 3.26
0 96.85 -9.3 1.58
0 96.74 -9.35 1.89
0 96.58 -5.77 2.4
0.1 96.13 -4.59 3.28
0 97.2 -7.52 2.39
0 97.36 -9.32 1.81
0 96.88 -6.37 1.77
0 97.05 -8.85 1.79
0.33 96.7 -9.44 1.93
4.83 96.66 -9.91 3.63
0 96.77 -9.1 1.92
3.14 95.64 -5.09 3.19
0.03 96.34 -8.65 2.01
0.04 96.25 -8.34 1.93
1.41 96.76 -7.93 2.37
0 96.23 -8.32 1.88
0 95.67 -4.1 3.16
0 96.59 -6.13 2.17
1.7 96.22 -5.48 1.52
4.29 96.8 -8.45 3.75
0 97.34 -11.87 2.95
0 97.19 -11.91 1.81
0.08 96.57 -8.26 3.38
0 97.19 -10.09 3.64
0 97.47 -9.33 2.06
0 97.27 -8.02 1.65
0 97.12 -7.8 1.65
0.08 96.98 -5.32 2.27
0.06 96.88 -6.03 3.42
0 96.76 -3.81 3.01
0 96.13 -1.25 3.11
0.03 97 -10.33 5.87
0 97.1 -11.68 3.88
0 96.35 -6.29 2.72
0 95.71 -3.67 2.14
0.01 95.74 -5.5 3.36
0 95.95 -6.02 2.5
0 95.57 -5.29 1.87
0 95.37 -1.08 2.32
0.01 96.06 -3.56 1.63
12.07 95.79 -0.93 2.71
0.01 96.4 -1.53 4.44
0 97.06 -3.42 2.76
0 96.56 -3.73 3.03
12.18 95.73 0.03 3.5
28.85 95.18 -0.32 5.21
0.12 95.58 -5.18 5.62
0 95.91 -5.93 2.09
0 95.56 -5.94 1.9
1.23 96.01 -7.24 2.97
0 96.4 -8.75 3.48
0 97.05 -6.29 2.08
3.29 96.08 -2.41 4.82
0 95.74 -0.73 3.01
0.03 95.35 -2.93 2.39
0.26 95.99 -6.38 5.9
0 96.54 -6.06 3.08
0 96.27 -2.79 3.26
0 95.59 1.86 4.56
0 95.93 1.48 2.82
2.61 96.51 -3.05 3.5
0 97.3 -9.16 5.8
0 96.65 -4.64 3.05
0 96.26 -3.77 3.96
0 95.78 -3.15 2.89
0 126.84 432.28 436.41
0 95.89 0.45 3.67
0 95.52 5.62 3.6
0 95.46 5.78 3.28
0 96.21 3.33 2.64
0 95.47 6.67 3.14
0 95.72 6.52 3.5
0 95.84 5.77 2.55
0 95.78 6.36 3.91
0 96.75 2.09 4.13
0 96.94 2.66 2.64
0 97.14 3.6 1.79
0 96.86 7.6 2.92
0 96.63 13.01 4.04
0 95.82 13.82 5.07
0 95.4 12.51 3.61
0 95.55 10.77 3.45
0 95.1 13.9 4.34
6.26 96.08 6.66 3.2
0 96.19 5.21 1.87
208.57 94.67 2.7 2.4
1.49 95.46 4.5 2.38
1.74 95.42 5.15 1.99
0.21 95.92 3.91 4.34
0 97.06 -0.38 4.15
0 97.04 0.36 3.2
0 96.24 4.95 3.21
0.13 95.97 7.9 3.03
0.1 96.2 8.32 2.29
21.96 96.41 6.99 3.31
171.94 96.99 0.23 4.49
0.53 96.57 3.59 2.14
0 94.97 11.14 2.14
0.46 94.1 14.41 4.67
2.15 94.99 8.85 5.18
0 95.08 11.43 2.41
0.04 95.36 12.94 3.06
0.02 95.83 10.9 3.86
0.01 95.46 11.5 3.15
0.02 95.36 11.5 2.9
0 95.59 14.44 3.89
0 95.79 14.41 4.94
0 96.08 14.16 2.55
0 95.42 20.98 4.13
0 95.04 24.43 4.38
16.86 94.78 20.87 4.62
17.74 95.42 16.64 2.41
0 95.45 19.3 2.25
0 95.37 20.45 2.88
9.15 95.14 17.32 3.66
23.19 95.22 15.72 2.41
0 95.48 13.44 5.16
0 95.31 13.97 4.56
0 94.75 15.17 5.66
0 95.34 12.52 2.57
0.51 95.23 12.99 5.15
24.74 95.57 7.29 2.22
0 95.94 8.9 1.89
71.71 95.84 8.64 2.49
70.32 94.89 7.57 1.94
15.24 93.61 10.99 3.71
0.37 93.68 19.23 3.53
2.52 94.99 16.39 5.25
0.01 95.61 16.23 4.13
0 95.04 18.71 3.53
19.57 94.22 19.17 4.3
27.29 94.37 15.08 4.98
1.76 94.78 13.58 5.42
0 95.6 18.28 4.1
0 95.24 21.82 3.6
0 95.11 22.59 2.74
1.56 95.03 22.64 2.9
0.05 94.85 25.03 3.42
0.21 94.77 25.72 3.98
3.08 94.94 23.99 2.73
0.14 94.95 23.14 3.31
6.32 94.59 23.58 3.7
0.66 94.91 20.87 3.5
0 95.02 19.99 2.65
0 94.17 25.17 6.81
7.8 94.68 22.43 3.22
2.83 95.23 19.37 3.77
0 95.44 21.46 3.17
49.48 94.69 18.66 3.82
43.72 94.19 18.58 2.55
60.28 94.68 18.59 2.24
0.32 95 20.12 3.34
1.67 94.73 19.91 2.73
5.15 94.76 19.14 2.07
110.95 94.53 17.01 2.62
216.62 94.02 16 2.39
85.51 94.11 16.61 1.69
63.87 94.99 17.55 2.3
0.39 95.25 20.68 2.14
17.2 95.08 22.42 1.86
0.3 94.8 23.34 1.93
184.9 94.81 19.99 2.4
8.97 94.99 18.64 3.36
99.33 95.46 16.71 2.51
0.09 95.54 21.43 2.3
0 95.17 23.73 2.03
4.57 94.9 24.1 3.16
0.25 95.04 23.64 2.68
11.69 94.84 23.71 3.17
13.78 94.56 21.92 2.26
86.53 94.53 21.05 1.97
0.82 94.97 22.15 1.64
4.64 95.02 23.82 2.29
161.66 95.18 17.69 2.09
28.45 94.58 18.2 1.97
25.18 94.14 19.06 3.37
9.76 94.71 17.08 3.08
0.15 95.29 18.68 2.18
45.7 95.28 19.82 2.15
14.58 95.41 20.53 1.85
0 95.38 22.37 2.1
0.24 95.24 23.99 2.24
5.11 95.39 24.82 2.24
0.21 95.62 25.95 2.66
4.37 95.46 24.11 2.8
0.77 95.16 25.23 1.94
1.07 94.64 26.36 2.13
0.17 94.44 26.43 3.24
6.6 94.79 26.7 2.33
14.06 95.22 24.55 2.39
24.63 95.42 21.42 2.19
14.67 95.26 22.06 1.61
45.59 95.08 23.07 1.87
71.12 95.22 22.95 2.52
34.68 95.16 23.38 2.39
40.81 94.87 24.09 2.27
55.55 94.86 22.93 2.12
14.54 94.86 22.82 1.53
17.19 94.67 22.94 1.94
9.67 94.48 24.19 2.05
7.78 94.86 25.11 2.62
17.13 94.96 24.77 1.91
35.05 94.72 24.51 2.27
85.56 94.73 23.44 2.31
292.36 95.1 21.5 2.35
9.85 95.31 22.28 1.61
1.61 95.12 23.55 1.97
37.59 94.62 24.81 3.04
0.11 94.59 23.49 2.32
1.01 94.45 25.15 2.26
2.22 94.63 25.85 3.05
17.95 95.04 24.18 2.35
23.87 95.58 22.72 2.37
46.76 95.62 22.92 1.76
10.49 95.52 23.92 2.12
0 95.56 23.7 1.87
0 95.38 24.16 1.62
0 95.22 24.37 1.49
0 94.9 25.51 1.85
2.28 94.69 25.66 2.19
0.05 94.98 23.92 2.37
0 95.04 23.53 1.8
1.08 125.8 454.35 435.91
38.72 126.11 455.13 436.1
65.38 95.51 20.4 2
32.25 95.22 19.48 2.13
4.79 95.02 20.68 2.38
33.56 95.14 20.21 1.77
8.81 95.47 20.44 1.95
23.06 95.68 20.14 1.91
12.5 95.61 20.44 2.47
52.89 95.48 20.26 2.32
0.04 95.41 20.69 2.3
17.44 95.26 19.57 1.8
6.21 95.43 18.84 1.56
13.22 95.58 19.1 1.57
92.5 95.76 18.17 1.56
111.04 95.8 18.73 2.14
3.88 95.76 20.96 2.09
0.42 95.93 19.68 2.01
8.95 95.79 18.6 1.55
29.54 95.62 17.72 2.28
0.02 95.74 17.19 1.69
0 95.63 19.36 1.52
2.95 95.79 20.7 2.47
20.55 96.47 16.3 2.23
1.61 96.38 15.19 1.72
52.17 95.83 13.86 1.8
16.84 95.76 14.38 2.87
0 95.68 19.32 2.27
0 96.01 19.84 2.6
0 96.14 19.4 2.71
0 95.97 19.76 2.55
4.03 95.98 19.4 1.58
10.35 96.04 18.61 2.02
0.02 96.12 16.67 1.85
2.49 95.61 16.74 2.3
3.94 95.41 18.81 2.38
41.22 95.25 18.09 3.24
34.69 95.39 14.39 2.16
47.26 95.33 14.55 1.86
12.15 95.29 15.31 2.81
0 95.57 13.76 2.16
0 95.77 15.81 2.42
0.19 96.61 13.27 1.53
2.37 97.07 11.41 2.04
5.84 95.9 15.72 3.12
52.2 95.18 10.99 5.25
0.07 95.11 13.59 4.53
0 96.12 10.85 2.05
0 96.43 13.64 2.26
0 95.9 17.7 3.48
0 95.8 17.98 2.1
0 95.57 18.4 3.47
0 95.92 10.51 3.51
0.35 95.26 5.97 2.91
6.24 95.41 5.78 5.05
6.01 95.73 9.95 4.35
0 96.13 11.78 2.33
0 96.21 12.68 1.84
0 95.94 13.7 1.72
0 95.89 14.04 1.81
0 95.9 15.51 2.54
1.94 96.06 13.72 3.1
0 96.85 6.19 2.74
0 95.72 10.04 2.71
26.2 96.32 5.38 1.94
23.4 96.62 5 1.94
1.17 106.44 152.82 73.29
0 105.93 153.27 73.18
0 96.87 6.89 2.62
0 96.81 4.29 1.72
6.21 95.53 7.67 5.07
0 95.62 4.08 3.03
0 96.23 1.83 3.21
0 96.55 0.16 3.82
0 97 0.23 2.89
0 97.03 3.06 1.6
0 96.37 5.26 1.78
0 96.18 5.92 1.4
0 96.13 8.95 3.54
0 96.33 10.46 3.24
0.58 97.51 1.43 3.73
41.05 97.58 -3.03 3.25
25.88 97.17 -3.02 3.38
6.64 96.68 -2.73 2.13
0.41 96.72 -2.65 1.47
0 96.89 -2.82 1.34
0 97.04 -1.01 1.44
0.13 96.87 1.23 1.42
0.01 96.14 3.68 2.3
0 95.49 6.19 2.53
0.16 96.39 2.44 2.46
6.22 96.26 -2.7 2.54
0 96.94 -4.84 2.52
6.53 96.85 -6.19 2.29
8.87 96.84 -7.54 2.3
5.94 96.84 -8.75 1.95
5.19 97.33 -9.6 1.77
14.89 97.8 -11.23 2.68
9.38 97.85 -12.3 3.16
0.07 97.75 -14.59 2.05
0.01 96.87 -14.22 2.75
0 96.78 -13.87 3.05
0.05 96.32 -11.9 1.39
0.2 96.76 -9.92 1.58
12.35 96.46 -6 2.17
0 96.35 -8.33 1.57
0.43 95.66 -4.33 2.07
0.15 95.43 -5.08 4.64
0.42 95.73 -7.1 5.82
0 96.08 -4.36 4.08
0 96.79 -4.94 2.16
0 96.96 -8.23 1.54
0 97.13 -9.57 0.98
0 96.65 -3.68 2.17
3.23 96.32 0.51 2.51
0.02 96.58 -0.9 3.88
0 96.93 -6.8 1.75
0 96.59 -6.34 1.56
0 96.71 -6.97 1.28
3.19 96 -5.1 2.92
0.03 96.06 -6.16 4.34
0.04 96.64 -8.08 5.38
0 96.71 -7.32 2.91
0 97.19 -5.54 2.02
0 97.17 -6.35 1.56
0 96.29 -3.4 2.32
0 96.52 -5.54 1.64
0 96.63 -8.13 1.55
0 96.52 -5.72 2.09
0 96.63 -9.75 2.17
0.01 95.6 -7.81 2.84
0 96.68 -12.79 4
0 97.4 -14.58 1.94
0 97.12 -8.73 1.94
0.2 96.7 -6.59 1.54
1.47 96.95 -7.29 1.49
0 96.93 -8.36 1.99
0 96.05 -3.09 2.52
0.01 96.09 -6.5 1.37
3.38 96.29 -8.17 1.99
0 96.72 -10.34 3.5
0 96.54 -11.73 2.7
0 96.83 -9.7 3.54
0 96.65 -9.63 2.97
0 96.47 -10.13 2.96
0 96.22 -9.78 2.53
0 97 -11.78 3.17
0 97.24 -12.54 2.81
0 96.69 -11.88 3.43
0.07 96.03 -11.03 3.71
0.1 95.8 -11.44 2.29
0 95.89 -11.72 1.76
18.25 96.54 -14.98 2.66
1.94 96.51 -18.36 2.8
0 96.12 -18.63 3.82
0 96.76 -18.35 1.78
0 97.28 -18.3 1.46
0.63 97.22 -17.47 1.93
0.63 97.72 -20.43 3.53
0 97.61 -23.32 5.06
0 97.06 -15.17 4.63
0 96.49 -10.44 3.03
0 96.37 -11.4 3.55
0 96.45 -9.76 3.02
0 97.02 -12.95 1.91
0 97.48 -15.86 2.01
0 97.25 -16.52 2.15
0 97.29 -13.39 3.12
0 97.14 -10.79 2.58
0 96.78 -9.01 2.2
0 96.55 -8.16 2.63
0 96.75 -8.21 3.51
0 96.68 -8.59 3.55
0 96.61 -7 2.62
0 95.71 -6.95 2.46
0.01 95.33 -4.01 3.37
0 96 -2.65 2.69
0 95.67 1.09 3.06
0.09 95.59 0.92 2.42
2.01 95.85 0.49 3.06
27.19 96.59 -7.9 5.93
0 96.64 -12.04 5.31
0 95.99 -8.97 4.06
0 95.85 -4.89 4.22
0 95.8 -1.72 3.99
0 95.78 -3.15 3.8
0.12 96.66 -6.75 3.27
0 96.63 -8.65 3.62
0 96.52 -9.74 2.48
0.01 96.62 -7.11 3.14
0 97.51 -10.3 2.53
0 97.12 -8.62 2.59
0 97.05 -8.16 2.86
0.07 96.38 -6.52 3.14
0.02 96.48 -6.82 1.91
0.11 96.75 -7.75 4.19
0.06 97.01 -8.44 3.38
0.03 96.06 -1.38 2.93
0 95.69 1.7 2.38
0 95.68 0.74 2.28
0.15 96.07 -0.51 1.36
43.34 95.84 0.83 3.51
0.03 95.89 -1 2.32
5.54 96.14 -3.8 4.25
0 96.89 -7.17 4.34
0 97 -6.99 3.51
0.03 96.78 -6.23 3.44
0 96.26 -5.31 2.02
0 95.62 -0.81 4.12
0 96.37 -1.44 2.83
0 96.19 1.24 2.46
0 95.62 5 2.98
0 95.45 8.69 3.33
0 95.06 10.24 5.23
0 95.49 7.73 4.21
0 96.41 3.95 1.98
0 96.63 5.44 2.03
0 96.24 8.68 2.95
0 96.61 5.84 4.52
0.01 97.17 2.66 5.07
0 97.2 2.54 3.5
0 96.86 3.35 2.84
0 96.44 7.99 3.1
0 95.87 9.37 2.5
0 95.23 11.29 4.13
0.95 95.71 7.78 3.14
0 95.69 8.67 3.21
0 94.73 15.76 4.94
12.14 94.98 10.99 5.22
0.6 96.07 6.77 4.1
0 96.08 8.23 3.36
0 95.25 11.05 3.54
0.07 95.58 10.43 2.56
1.71 94.94 12.79 5.05
0 95.29 10.27 4.55
0 95.22 12.21 5.71
0 95.56 7.27 3.07
0 96.19 5.16 3.51
0 95.71 6.89 4.64
30.01 94.82 8.24 2.45
0.2 94.52 10.57 4.89
0 95.65 11.55 3.49
0.21 95.14 15.4 4.94
19.32 95.09 10.76 3.93
3.69 95.07 6.78 4.07
6.78 95.4 6.74 2.68
3.65 95.71 9.06 3.61
0.07 95.35 14.08 2.85
0 94.5 15.62 5.73
0 95.04 11.41 5.8
0 95.61 11.27 2.84
0 95.08 14.36 4.75
0.77 95.92 10.86 3.02
20.32 96.14 9.03 2.03
0.9 95.72 12.53 1.89
0 95.86 12.95 2.35
16.36 95.06 13.38 3.01
0.11 94.68 16.81 2.87
12.3 94.37 21.2 3.91
124.84 95.16 12.02 2.55
99.68 94.26 11.28 4.99
0 94.79 16.14 3.29
18.31 94.81 15.25 4.9
0.04 95.06 13.44 5.91
0 95.86 16.05 2.81
0 95.29 18.78 4.22
0.56 95.46 17.52 2.38
0 95.16 17.61 2.23
2.65 94.35 20 4.71
181.59 95.06 11.87 4.16
0 95.95 15.41 4.1
23.34 95.6 12.61 4.35
1.83 95.38 13.23 3.48
0 94.89 18.07 2.86
0 94.98 23.76 3.65
0 95.26 24.83 4.65
0 95.49 23.2 4.19
0 95.66 22.87 3.97
0.03 96.36 19.59 3.72
0.03 96.29 18.62 2.53
35.7 95.43 15.14 1.68
23.17 94.33 16.05 4.8
12.04 94.61 18.61 3.24
0.24 95.08 18.87 4.39
0 95.01 22.46 4.32
0.05 94.62 24.71 4.49
0 95 19.46 4.46
0 94.72 22.41 4.15
14.22 95.52 17.74 2.21
0 95.57 20.48 1.72
0 95.19 23.66 2.67
0.01 94.85 24.89 3.33
0.03 95.02 22.82 2.94
0.1 95.27 23.5 2.48
19.55 95.44 19.79 3.35
6.3 95.48 19.26 1.87
0.07 95.21 21.8 2.21
30.19 94.91 21.3 4.1
99.9 94.67 20.3 4.81
33.1 95.15 18.21 2.43
6.42 95.04 19.82 2.17
2.98 94.7 20.35 2.13
114.62 94.62 16.37 2.33
14.58 94.63 18.59 2.03
2.41 94.24 20.64 2.58
29.57 94.29 20.92 1.99
4.81 94.83 21.22 2.79
0.02 94.93 23.53 2.42
35.34 94.59 25.12 3.12
24.51 94.61 24.16 2.7
44.56 94.64 22.94 2.34
21.75 94.88 21.62 2.87
6.3 94.91 21.51 3.49
0 95.07 24.47 2.91
0 95.05 24.98 2.12
36.42 94.78 23.8 2.63
44.52 94.9 19.97 3.44
90.06 94.75 20.51 2.69
66.4 94.77 20.61 1.87
0 94.93 20.92 1.9
0.3 94.89 22.48 1.69
0 95.01 25.73 3.03
0 95.2 25.03 2.88
1.63 95.4 25.24 1.82
0 95.48 26.55 2
0 95.42 27.07 2.99
0 95.16 26.73 2.67
0 94.92 27.8 2.06
0 94.67 28.91 2.8
6.06 94.35 29.14 3.64
84.43 94.63 22.78 2.15
1.47 94.95 24.75 2.51
0.89 95.32 23.16 2.56
5.46 95 20.21 1.98
7.02 94.86 20.1 1.97
2.78 95.13 22.21 1.68
0.26 95.14 23.98 2.26
23.58 95.22 23.94 2.9
175.01 95.33 21.71 2.65
762.8 94.88 21.35 2.72
37.37 94.62 23.49 1.88
7.25 94.47 26.66 2.68
0.27 94.99 26.21 2.31
454.54 95.03 21.04 2.51
4.94 94.89 22.48 1.66
1.16 94.68 24.13 2.46
56.53 94.66 23.88 2.22
27.94 95.04 23.68 1.71
110.71 95.3 24.08 2.02
75.96 95.43 22.38 1.8
33.37 95.52 23.06 1.89
0.38 95.52 24.83 1.48
0 95.46 26.51 1.62
0 95.41 27.3 1.99
0 95.32 27.1 2.22
166.29 95.04 25.68 2.2
162.79 95.42 23.63 2.29
0 95.53 22.59 1.51
0 95.15 24.06 2.38
0 94.91 27.62 3.56
0.6 94.92 29.29 3.51
10.99 95 25.8 2.17
0 94.97 24.94 1.82
0 95.24 24.11 1.89
3.01 95.16 23.28 1.5
49.58 95.01 22.2 1.93
2.77 94.89 23.07 1.46
247.88 94.86 20.55 1.82
19.79 95.28 21.37 2.09
33.43 95.4 22.02 1.65
1.41 95.53 23.02 1.76
1.26 95.62 23.37 1.57
12.69 95.15 21.46 1.74
34.07 94.96 23.44 1.97
156.76 95.69 18.26 3.88
0 95.97 18.2 2.12
3.5 95.64 18.47 1.98
4.4 95.6 19.14 2.03
0 95.77 18.48 2.44
0 95.21 18.07 2.36
26.09 94.12 16.5 4.27
24.91 93.99 16.01 2.78
9.71 94.67 19.22 1.41
31.34 95.2 18.54 1.22
63.68 95.45 17.7 1.5
59.34 95.37 17.67 1.52
24.11 95.23 19.44 1.55
2 94.99 19.31 1.59
12.83 95.06 18.33 1.69
32.06 95.38 17.08 1.62
26.56 95.55 16.69 1.8
54.36 95.92 15.84 1.96
16.5 96.16 16.33 1.47
1.86 96.1 17.29 1.34
21.97 95.89 18.85 1.98
0.07 95.76 19.85 1.59
2.98 95.86 18.77 1.96
1.55 96.28 16.45 2.23
21.38 96.43 14.22 2.48
0.09 96.45 14.32 2.31
0 96.31 14.61 1.57
0.72 96.1 15.29 2.13
4.29 95.74 16.92 2.28
3.65 95.44 18.35 2.16
1.29 95.16 20.5 3.8
0.05 95.86 17.44 1.97
7.3 95.65 17.35 2.18
3.5 96.37 12.12 4.27
0 96.81 8.64 2.35
0.04 96.03 10 2.38
0.06 95.66 15.99 2.1
8.24 95.5 19.15 3.71
3.36 95.56 15.81 2.07
0.62 95.56 15.35 3.44
90.74 96.16 7.61 2.31
16.84 96.22 6.55 2.21
0.45 96.79 8.49 1.61
58.51 95.93 10.4 2.67
1.02 96.1 6.51 4.46
0 96.36 4.96 1.76
1.3 95.96 6.14 2.01
0 96.5 5.95 72.31
0.16 96.47 7.33 1.56
0 96.05 11.53 1.47
0 96.13 12.89 1.55
0.13 96.27 15.55 3.11
6.87 95.76 14.41 3.86
0 96.27 9.78 2.07
0 96.01 11.88 2
0 95.87 12.41 2.4
1.28 96.8 4.72 2.86
33.88 96.18 5.35 1.78
41.61 96.84 2.26 2.87
0 96.47 2.72 1.46
0 95.84 4 1.6
0 95.43 8.59 3.42
0 96.65 3.29 2.26
23.84 96.67 3.04 1.48
13.19 96.85 2.51 2.79
0.18 96.96 0.5 2.42
6.28 96.66 -0.37 3.19
0 97.46 -4.59 3.01
0 97.09 -2.57 2.67
0 96.36 1.1 3.17
0 95.84 1.87 1.9
0 94.93 3.25 1.47
0 95.96 1.79 3.04
0.16 96.81 -1.16 1.96
7.83 97.02 -1.66 3.32
0 97.4 -3.72 2
0 96.79 -2.56 2.12
1.94 95.29 2.59 3.39
3.74 95.55 -1.49 1.82
0.44 96.07 -0.9 1.75
0 95.53 4.21 3.67
0 96.19 1.73 5.04
0 96.5 -3.22 2.11
0 96.24 -0.27 2.2
0 96.15 -0.7 2.75
0.43 95.62 0.67 2.5
3.11 96.12 -4.44 2.57
18.27 96.69 -7.29 1.73
41.46 97.01 -8.97 2.86
0 97.37 -10.95 3.18
0 97.06 -10.33 2.99
0 96.57 -7.91 2.5
0 96.22 -5.34 2.22
0 95.75 -2.06 3.47
0 96.56 -5.82 3.16
0 96.98 -3.9 2.03
0.05 97.29 -4.65 2.01
4.4 96.11 -0.55 3.86
0 96.86 -2.91 3.78
0 96.57 0.71 2.64
0 95.82 3.18 3.33
0 95.95 -0.85 2.74
0.29 96.57 -5.37 3.42
0 96.06 -5.64 2.89
0 96.26 -6.71 2.16
3.37 95.66 -3.93 3.54
0 96.62 -7.36 2.2
0 96.77 -8.12 1.54
0 96.16 -5.38 2.89
6.12 96.49 -3.57 2.63
0 97.11 -8.37 3.77
0 97.04 -9.97 2.4
0.01 97.03 -9.17 3.41
0 96.22 -4.54 2.5
0 96.2 -4.62 1.37
0 96.36 -4.26 1.24
0 96.41 -3.9 1.42
0.04 96.75 -3.53 1.27
0.08 96.81 -5.24 2.65
5.46 96.43 -9.31 3.89
0 96.84 -10.1 2.76
0 96.76 -10.87 1.37
0.03 96.55 -5.98 3.02
1.52 97.23 -9.41 3.97
0 97.11 -11.53 2.2
0 96.78 -9.4 4.03
0 97.01 -9.03 3.02
0 96.52 -8.2 1.64
0 96.4 -7.31 1.48
0 96.17 -3.25 3.16
0 96.35 -4.74 2.35
0 96.02 -2.8 2.49
0 96.65 -5.87 1.55
0 96.97 -7.43 1.43
0 96.47 -4.36 1.24
7.07 96.51 -3.89 1.64
11.09 96.07 -4.48 2.29
0.01 96.25 -7.67 3.31
0 96.5 -10.42 3.49
0 96.26 -10.6 2.58
0.01 96 -11.72 2.81
0 96.12 -10.24 4.64
0 97.1 -11.64 2.19
0.08 97.08 -13.55 1.42
0.02 96.99 -12.98 1.38
0.21 96.77 -11.01 1.93
0 97.09 -11.55 1.74
11.45 96.77 -12.5 2.79
0 96.83 -13.21 2.37
0 96.43 -12.2 4.51
0 97.14 -13.78 2.77
0 97.27 -14.01 1.92
0 97.38 -12.64 1.43
0 96.76 -8.05 2.05
0.04 95.98 -3.53 5.27
0 96.55 -6.49 3.48
0 96.02 -8.03 2.45
0.37 96.82 -10.93 4.17
0 97.15 -9.76 3.38
0 96.56 -7.65 3.26
0 97.3 -7.73 3.69
0 96.69 -4.78 2.37
0 96.13 -4.31 1.78
0.39 95.77 -1.17 2.43
0 96.14 -5.2 3.59
0.01 97.08 -6.5 2.89
0.01 97.04 -7.52 1.22
0.02 96.8 -8.24 5.46
0.01 96.35 -9.32 6.01
0 96.54 -9.12 5.01
0 96.66 -7.11 3.01
0 96.65 -6.82 1.64
0 97.13 -5.41 1.88
0 96.99 -4 2.35
0 95.78 2.32 3.29
2.87 96.13 -3.03 4.66
0 96.75 -6.69 3.27
0 96.18 -5.8 2.51
0 95.07 -3.26 4.88
0 96.85 -7.06 4.6
10.05 96.66 -5.99 2.85
15.95 95.99 -3.72 4.38
0 96.51 -4.42 3.54
0 96.22 -1.9 3.5
0 96.17 -0.54 3.04
0 96.39 -1.07 1.66
0 96.03 1.79 3
0 96 0.92 2.93
0.66 96.4 -4.29 3.82
0 95.6 -0.87 2.67
0 95.7 -0.18 1.87
0.05 95.92 -3.3 2.41
0.17 96.32 -4.74 3.62
0.03 96.08 -7.06 4.03
0 96.06 -4.76 4.8
0 95.57 -0.07 4.12
0 95.4 0.98 3.2
0 95.62 2.99 1.94
0 95.87 4.95 3.23
0 96.69 0.19 4.74
0 96.72 1.25 2.8
0 96.69 1.66 2.33
0 96.41 2.96 1.75
0 96.05 3.3 1.72
1.77 95.94 4.18 2.02
0 96.46 5.53 2.21
0.07 96.58 5.02 2.12
0.55 96.61 2.39 3.51
0 96.43 2.08 2.48
0 96.2 3.08 2.17
0.52 96.59 2.32 1.67
4.27 96.28 1.47 1.59
1.66 96.1 3.13 2.47
0.26 96.01 2.53 2.31
0 96.2 3.42 2.59
0 95.98 5.9 2.64
0 95.91 9.35 3.61
0.05 96.73 4.69 2.78
0 96.53 4.8 2.24
0 95.93 5.81 1.78
0 95.93 9.42 2.17
0 95.84 12.88 3.43
0 95.52 16.82 4.21
0.36 95.29 14.23 3.8
3.16 95.36 10.67 3.77
1.36 95.44 9.82 2.73
0 96.17 9.15 3.95
0 96.17 9.22 1.98
0 95.16 13.35 3.58
0 95.73 8.32 4.2
0 95.66 7.19 2.48
0 94.98 12.92 4.65
0 94.58 15.46 3.1
0 95.01 16.8 3.39
0.15 95.38 14.56 3.16
1.14 94.26 14.93 4.58
0.34 94.43 8.69 6.13
4.09 94.86 8.33 3.2
3.7 95.21 9.95 3.42
0 95.62 10.7 2.42
0.01 94.96 13.85 4.96
0 95.22 10.28 3.11
0 95.53 9.79 3.26
0.01 96.17 9.41 3.63
0 96.19 11.04 4.62
0 95.35 15.53 4.34
0 94.82 17.66 3.32
0 94.48 21.01 4.49
0 95.38 16.99 2.51
0 95.74 17.93 2.53
0 95.67 21.46 4.41
1.41 95.61 19.16 6.01
14.98 95.55 15.31 3.37
15.04 95.24 10.64 5.92
0 95.47 11.14 6.27
0 95.33 18.47 3.83
0 95.05 20.71 2.7
0 94.79 20.86 4.74
0.41 94.79 19.22 3.32
0.04 94.92 15.81 5.28
0 94.8 13.85 4.45
2.43 95.01 12.83 4.44
0.3 95.74 14.36 4.75
0 95.7 17.05 2.41
0 94.93 20.17 1.88
0 94.74 23.69 2.46
0 94.71 28.79 4.19
1.1 95.09 26.89 3.48
0.52 95.4 23.62 3.15
5.57 95.74 16 3.78
201.83 95.84 10.25 2.32
0.03 95.61 16.6 2.13
0.02 95.18 19.59 2.15
0.12 95.72 15.56 3.29
0 95.29 18.74 2.48
0 94.91 21.28 3.2
0 95.15 21.96 3.86
21.38 95.45 17.62 2.91
0.54 94.94 20.3 3.02
17.48 94.48 20.1 2.97
0 94.96 17.3 3.39
103.99 95.3 11.95 2.08
0 95.38 16.34 2.58
0 95.39 20.27 2.38
0 95.53 21.9 2.35
22.61 95.24 16.14 2.68
1.32 94.95 18.9 2.72
0.29 94.83 22.31 3.67
0 94.94 21.14 3.51
0 95.31 19.17 1.92
6.85 95.47 18.45 1.94
15.8 95.76 18.83 1.82
0 95.76 21.15 2.13
0 95.29 27.36 2.54
0.1 95.02 28.32 2.01
2.78 94.88 27.15 2.6
6.67 94.78 25 2.67
38.66 94.8 22 3.02
121.15 94.72 19.76 1.93
9.31 94.76 20.42 2.5
0.41 94.95 21.58 2.27
42.97 95.31 19.49 1.65
87.18 95.21 17.93 1.64
5.89 94.93 19.83 1.52
4.86 94.89 22.12 1.63
0 95.07 24.33 1.78
23.71 94.96 25.3 2.74
10.15 94.97 26.15 3.15
0.08 94.86 27.32 3.54
6.86 94.74 27.16 2.65
17.82 94.62 27.56 2.61
50.97 94.83 24.7 2.21
0.41 94.93 25.57 2.09
15.79 95.09 24.7 1.93
61.76 95.24 23.52 1.59
63.14 95.03 24.27 2.79
661.51 94.2 22.98 2.61
21.45 94.13 25.08 3.07
58.69 94.32 24.32 2.69
0.51 94.26 24.27 1.75
0 94.53 25.95 2.48
0.74 94.62 28.46 2.77
37.63 94.41 28.03 3.35
14.31 94.82 26.16 2.05
14.93 95.16 26.54 1.97
0 95.28 27.2 2.01
0 95.21 28.65 2.3
0.01 94.94 28.76 3.21
50.68 94.73 26.55 2.78
57.83 94.72 22.73 2.54
55.16 95.45 21.56 2.26
18.01 95.43 21.81 1.67
2.13 94.96 23.87 1.24
1.98 95.08 23.89 1.66
0.33 95.31 24.09 1.89
28.63 94.97 22.49 2.62
1.73 95.17 23.22 2.47
0 95.68 23.11 1.81
0 95.25 23.49 1.67
30.8 94.84 24.24 2.39
0.08 95.01 25.4 2.01
0.68 95.08 26.49 2.68
34 94.83 25.45 2.19
824.86 94.26 23.42 2.38
9.34 94.66 24.91 1.47
108.48 94.71 24.56 2.27
53.5 94.54 22.8 1.85
3.37 94.59 23.93 2.1
24.73 94.46 22.9 1.57
36.25 94.29 21.19 1.58
7.42 94.39 23.34 1.55
10.72 94.79 23.96 2.5
49.49 95.17 23.11 2.08
0.32 95.31 23.78 1.8
34 95.25 22.25 1.74
28.23 95.15 21.79 1.63
229.23 95.22 20.04 1.99
88.31 95.37 20.92 1.84
50.67 95.52 21.6 1.62
20.51 95.55 22.16 1.62
8 95.18 22.58 1.91
0.8 94.91 25.36 1.87
43.14 95.36 22.87 2.08
233.42 95.27 19.46 1.97
0.07 95.25 20.34 3.32
0 95.34 18.49 3.42
0 95.68 19.61 2.17
15.15 95.4 17.39 2.86
6.43 95.85 16.16 2.82
0 95.99 14.56 2.15
0 95.7 16.77 2.02
0.54 95.7 17.12 1.6
3.44 95.53 19.65 1.73
13.28 95.58 19.31 1.97
5.92 95.47 20.16 2.81
2.38 95.3 21.33 3
0.04 95.17 20.53 3.41
0 95.1 19.24 1.71
0 94.88 21.4 2.3
0.69 95.45 18.6 2.61
10.67 95.52 18.08 2.06
64.03 95.38 17.09 1.8
0.07 95.61 16.56 2.1
0 96.01 15.26 1.98
0 96.27 16.14 1.62
2.59 96.23 17.96 2.12
7.7 96.03 18.91 2.01
1.33 95.59 19.13 2.45
0.02 95.41 17.07 2.17
0 94.84 19.24 2.4
0.26 95.3 15.71 3.01
0 95.69 15.53 1.75
0.69 95.03 19.5 3.23
29.63 95.05 17.28 3.56
0 95.23 18.44 4.07
0.09 95.54 18.14 2.6
14.36 95.52 16.58 2.61
25.38 95.81 13.22 2.17
0.14 95.79 10.09 2.26
0 95.66 9.16 3.26
0 95.5 10.01 2.3
0 95.62 13.55 2.9
0.09 95.79 15.38 3.92
0 96.56 9.24 2.45
0 96.91 7.55 1.94
0 96.67 9.67 2.56
0 95.96 14.35 3.44
0 95.72 15.54 3.44
0 96.05 13.99 1.9
19.63 96.36 12.35 1.51
121.62 96.99 8.87 3.1
21.76 97.01 5.52 2.87
1.24 96.8 5 2.79
1.4 96.43 4.8 2.05
0 96.29 6.55 2.92
0.01 96.9 4.73 1.34
26.62 96.95 6.42 1.86
0.12 97.28 5.1 1.68
0 97.08 5.62 1.73
2.8 96.4 8.42 1.57
0.05 96.2 8.9 1.38
0 95.88 11.46 2.61
0.01 96.62 7.32 2.08
4.69 96.72 4.17 1.81
0.07 96.71 4.94 1.81
0 96.49 6.7 1.97
0 96.57 7.95 1.44
0 95.95 10.53 1.6
0.04 95.79 10.96 1.83
0 96.63 7.09 4.21
0 97.19 1.96 3.5
0 96.64 5.23 2.31
0 95.74 8.14 2.95
