0.14 94.88 -17.01 0.99
0 95.56 -17.33 1.1
21.89 95.4 -19.46 1.34
7.8 95.64 -18.52 2.45
0 95.91 -20 1.54
0 96.13 -20.95 1.6
0.02 96.24 -18.35 0.9
28.35 95.59 -17.47 0.68
7.73 95.81 -17.69 0.72
0 96.05 -17.22 1.06
0 96.04 -15.9 2.48
0 95.45 -18.14 2.36
0 95.47 -15.56 3.47
3.64 95.27 -15.66 0.8
0 96.36 -15.76 1.06
0 95.89 -13.35 1.01
0 95.58 -11.17 0.69
0 95.51 -7.03 0.72
0 95 1.81 3.2
0.02 96.3 -9.63 4.1
0 96.13 -12.56 2.14
0 95.85 -11.1 5.23
0 95.32 -7.47 3.75
0 94.75 -7.28 4.45
0 95.74 -9.09 3.01
0 95.9 -3.83 2.75
0.24 94.64 -3.18 1.59
0 95.29 -10.91 4.09
0 94.87 -4.85 5.27
0 94.93 -4.41 1.48
0 95.51 -8 1.1
0.93 95.65 -10.54 1.65
0 95.67 -13.86 2.38
0 95.6 -12.48 2.33
0 95.57 -13.32 2.2
0 95.93 -13.83 1.15
0 95.77 -11.03 1.86
0.6 94.84 -2.87 2.62
0 94.95 -4.67 0.95
0 95.6 -6.99 2.32
0 96.21 -10.27 1.91
0 96.61 -11.96 2.07
0 96.31 -12.09 1.66
0.01 95.66 -9.56 2.37
0 96.12 -10.39 2.07
0 96.27 -11.96 1.47
0 95.8 -10.3 1.02
0 95.41 -8.84 3
0 95.2 -8.1 2.78
0 94.64 -3.31 2.14
0 94.51 -7.61 1.53
0 94.69 -7.12 1.72
0 94.64 -3.98 2.43
0 93.59 2.85 1.5
0.54 94.06 -3.63 1.38
0 95.15 -7.13 1.77
0.05 95.27 -5.28 1.63
1.49 94.88 -6.21 1.84
0.22 95.59 -8.5 1.63
0.03 95.22 -7.65 1.92
0.09 94.95 -2.09 3.41
0 95.01 -2.03 2.31
82.7 94.64 -2.64 2.62
1.29 95.78 -10.67 3.32
0 96.46 -13.1 1.29
0 96.74 -13.23 1.11
2.27 97.02 -10.46 1.93
0 96.22 -9.8 2.43
0 94.83 -4.99 2.08
0.05 93.73 2.6 2.24
0.13 94.98 -4.9 3.88
0 95.51 -2.68 1.49
60.65 94.89 0.41 2
0.16 94.96 -2.5 5.76
0 95.4 -4.57 2.77
0 95.81 -5.28 2.05
0 94.76 -3.01 2.53
0.06 93.39 4.47 2.16
49.31 94.13 -1.18 3.19
0 94.43 0.01 2.64
0.01 94.42 4.3 3.56
0 95.06 2.8 2.18
0 95.67 -0.62 2.18
0.01 95.64 -3.34 3.16
1.83 95.14 -2.81 1.31
6.34 95.74 -2.64 1.13
0 95.59 3.41 1.25
0.01 95.33 6.63 1.32
0.95 94.77 9.2 3.66
1.28 94.56 7.8 4.61
0 95.02 1.36 4.96
0 95.05 -0.39 4.01
0 94.65 4.56 3.66
0 94.4 9.44 3.87
4.17 95.09 2.19 1.97
0 95.68 1.86 1.79
0 95.08 6.91 2.99
0.06 93.85 13.72 4.66
23.13 94.7 2.91 2.46
0 95.01 3.29 2.59
0.23 94.92 1.8 1.67
69.31 94.77 0.63 2.97
0 95.56 -1.36 4.58
0 95.65 2.73 2.59
0.91 94.95 4.78 2.02
6.31 95.28 2.58 1.88
0 95.2 4.83 2.21
41.7 94.49 11.5 2.2
15.9 95.02 8.73 1.3
0.04 95.41 7.85 2
0.03 95.65 9.42 1.59
0.15 95.39 9.08 1.44
0.03 95.28 8.26 1.57
0 94.82 12.91 3.17
0.66 94.56 13.34 3.77
12.92 94.47 4.91 3.31
2.2 94.09 2.58 3.4
0.02 94.23 5.15 5.66
0.35 94.37 7.24 4.66
10.4 94.6 12.03 1.99
0 94.04 17.77 1.83
0 93.81 19.09 3.6
0.06 94.3 17.14 2.03
0.59 93.78 31.44 1.84
175.63 93.52 9.41 1.71
1.18 93.98 13.53 3.61
71.86 93.97 11.02 1.04
12.71 94.18 14.79 2.25
48.77 94 12.12 3.58
14.53 93.93 8.88 1.71
0.44 94.96 9.38 1.8
0 95.19 13.03 1.36
0 95.1 16.59 1.1
1.62 94.69 18.03 3.81
9.53 94.59 21.03 2.57
0.2 94.75 20.48 1.82
3.32 94.28 18.11 2.26
256.65 93.48 12.2 2.19
0.08 93.2 18.44 4.26
0 94.03 21.34 2.25
0 94.17 24.69 2.18
0.08 94.16 23.04 1.76
0.12 93.85 21.99 2.16
14.22 94.12 17.4 3.05
0.09 94.69 21.34 2.5
0.03 95.09 22.46 2.11
1.23 95 19.41 1.56
77.02 94.37 15.92 1.98
80.24 94.02 16.85 1.49
104.24 94.49 15.45 1.47
1.34 95.08 16.92 0.87
3.1 94.97 18.18 1.25
0.11 95.09 19.53 1.25
0 95.11 21.88 1.79
0 94.89 23.56 2.01
0 94.61 24.49 2.11
0 94.6 24.76 2.06
0 94.72 25.14 3.63
0 94.85 24.73 3.53
0 94.96 24.93 1.95
0.32 94.83 21.74 2.19
0.01 94.53 21.81 3.79
0.1 94.18 24.47 1.73
29.13 93.93 24.32 2.47
83.37 93.84 22.86 2.7
0.11 93.76 24.34 2.24
3.9 93.88 23.76 1.53
89.9 93.92 21.08 1.83
50.31 94.03 20.43 1.56
0.18 94.1 22.79 0.71
0.01 94.53 23.23 2.27
0 94.06 24.13 1.13
1.05 94.46 19.97 2.02
0 94.51 23.36 1.42
0 94.35 26.5 1.98
0 94.33 27.58 3.01
0 94.27 26.65 1.47
2.29 94.13 21.42 1.26
5.29 94.04 22.66 1.49
0.03 94.1 24.09 1.32
0.02 93.82 26.68 1.06
63.77 93.82 22.62 2.29
0.33 93.85 24.82 1.15
0.01 93.83 28.12 1.78
0.72 93.79 27.84 1.08
0 93.82 27.09 2.57
0.01 93.95 25.36 2.43
1.6 94.24 21.46 1.39
0.42 94.44 22.5 1.92
0.26 94.38 22.36 2.55
25.42 94.12 22.47 1.28
147.74 94.15 20.78 1.33
420.25 94.43 19.94 1.39
0.84 94.72 22.32 0.68
0 94.62 24.17 2.36
80.71 94.16 22.59 2.4
1.13 93.92 25.31 2.56
0.37 94.16 26.58 2.37
0.48 94.13 27.76 2.31
2.23 94.23 26.8 2.33
25.88 94.18 24.03 1.81
0.21 94.41 24.94 1.34
0.27 94.51 26.07 1.52
20.79 94.52 27.14 0.98
0.84 94.65 27.67 1.51
0.12 94.5 28.49 1.84
6.43 94.42 27.47 2.89
63.63 94.05 26.94 2.3
500.84 93.67 25.91 2.34
9.91 93.73 21.07 1.05
50.07 93.65 25.27 0.87
260.32 94.02 21.35 0.93
0 94.62 20.88 1.67
0.01 94.49 22.69 1.08
1.48 93.72 25.45 3.23
44.11 94.01 22.69 1.64
14.46 94.38 22.42 2.67
0 95.14 20.15 1.44
26.11 94.73 20.29 1.25
40.51 94.04 22.73 1.7
36.3 94.12 23.1 1.86
0 94.34 21.78 1.82
0 94.04 25.02 2.4
54.04 93.77 25.29 1.98
0.39 93.66 27.18 2.11
3.39 93.57 24.93 3.53
0 94.1 22.69 2.89
0 94.45 21.98 1.7
4.2 94.43 23.22 1.61
1.65 94.59 23.43 1.96
90.37 94.77 22.99 1.65
0.17 95.08 22.78 1.55
116.81 94.98 18.52 1.59
77.01 94.95 19 1.23
0.17 94.92 20.42 1.15
0 94.85 22.54 1.54
0.02 95.08 21.94 1.95
0.32 95.32 21.75 1.26
0 95.02 21.14 1.44
0.21 94.82 19.07 1.59
26.01 94.41 20.17 1.35
1 94.51 20.52 0.54
0.16 94.54 22.45 1.64
6.32 95.07 19.75 1.68
11.06 95.22 20.97 0.88
0 95.11 19.98 1.03
0 94.79 19.89 1.7
0 94.56 23.07 1.52
0.15 94.79 23.99 1.8
0 95.39 18.3 1.27
0 95.17 17.42 1.32
0.38 94.69 18.37 1.22
1.21 94.38 19.15 0.92
0.03 94.63 19.4 1.5
0 94.78 20.68 0.85
0.67 94.82 22.27 1.15
0 94.9 23.24 1.95
4.28 94.69 21.36 1.94
83.72 95.12 14.57 1.77
341.81 95.24 8.36 1.39
159.85 95.08 12.25 1.31
0 94.78 16.03 1.33
53.59 95.06 14.68 1.75
202.97 95.68 9.34 1.91
0 95.51 10.07 2.47
0 95.31 12.32 1.16
0.22 95.03 14.92 0.98
1.7 94.76 15.71 2.34
0.04 94.98 12.85 2.75
0 94.96 11.21 4.95
0 95.79 9.5 2.18
0 95.36 10.24 1.32
0 95.05 15.4 1.64
0.23 95.41 12.52 1.32
280.33 95.18 6.43 2.23
97.41 95.11 7.38 1.67
0 95.2 8.81 1.11
0 94.8 13.3 0.89
0 94.68 17.2 2.47
0 94.82 18.56 2.27
0 94.75 18.5 2.05
0 94.32 18 3.69
5.56 94.94 11.32 1.58
149.23 95.39 4.8 1.78
0 95.43 8.36 1.26
0 95.01 9.52 1.54
0 95.22 8.74 3.34
0 94.68 8.2 2.48
0 95.54 2.46 2.46
0 96.09 0.82 0.51
18.24 96.01 -0.58 1.31
78.36 96.09 0.14 0.85
0 95.93 1.41 0.87
0 95.35 4.62 1.39
0 95.05 9.29 0.99
10.42 95.29 8.54 1.52
0.87 95.84 3.51 2.81
0 96.18 -0.7 2.25
0 96.83 -1.33 1.63
0 95.98 1.2 1.02
0 95.89 4.57 2.02
0 95.88 5.44 0.82
0 95.95 5.71 1
0 95.78 6.26 1.76
0 96.31 2.19 3.22
0 95.81 1.42 1.73
0 95.39 5.53 1.11
0 95.5 4.43 1.05
0 95.18 6.79 1.55
0 94.87 7.7 1
3.51 95.07 2.88 1.48
0.06 95.56 0.2 3.24
0 95.21 -0.88 1.41
0 94.73 0.96 1.05
5.58 94.25 1.14 4.06
0.32 94.66 -0.7 1.5
0.14 95.7 -1.33 4.67
0 96.66 -4.83 2.95
0.01 95.96 -2.7 2.23
0 95.33 0.77 1.26
0 95.23 1.61 1.66
0 94.93 5.29 2.69
0 94.48 3.38 2.22
0 94.23 6.18 1.65
0.06 94.41 2.33 3.47
0 95.15 -1.87 1.76
0 94.96 -1.78 1.65
0 95.25 -1.7 4.2
0 95.52 -5.66 3.02
0.08 94.65 -5.19 2.81
0 95.05 -7.38 6.62
0.05 95.18 -7.54 0.83
0.02 95.04 -6.3 1.3
0 94.69 -2.68 1.83
0.01 94.3 -3.74 1.65
0.01 94.91 -7.69 3.6
0 94.94 -4.81 2.03
0 93.94 4.8 2.38
0 95.37 -2.68 2.19
0 95.9 -5.32 3.13
0 94.62 -4.58 2.49
0 94.61 -6.57 1.01
0 94 -4.12 1.46
2.86 93.98 -9.2 3.41
0 94.93 -12.15 1.46
0.2 95.35 -14.58 1.33
0.01 96.06 -15.25 2.81
0 95.95 -16.31 3.12
0 95.64 -15.58 2.69
0 94.32 -7.9 4
0 94.19 -6.46 1.09
0 94.25 -4.06 1.65
0 94.53 -1.83 2.34
0 94.76 -0.05 1.9
0 94.51 -6.95 1.4
0.04 95.09 -10.85 2.65
0 96.35 -16.98 2.21
0 96.29 -15.5 3.33
0 95.4 -14.24 3.39
0 94.29 -12.01 2.41
0 93.98 -8.56 2.04
0 94.64 -11.92 2.9
6.42 94.87 -12.52 1.59
0.01 95.07 -12.99 4.12
0.03 95.6 -10.93 4.44
0 95.3 -11.6 3.4
0 95.44 -12.74 2.63
0 95.06 -13.07 0.5
0 94.65 -12.89 1.03
0.01 94.83 -11.45 5.4
0 95.43 -9.93 4.68
0 94.75 -7.65 1.47
0.04 94.65 -9.54 4.03
0 95.18 -13.86 4.51
0 94.44 -11.13 3.31
0 94 -12.91 3.89
0 94.14 -11.9 2.08
0 94.16 -10.81 3.84
0.01 95.13 -15.62 3.7
0 95.54 -17.85 3.17
0 95.36 -14.79 2.75
0 95.19 -13.89 2.27
0 94.92 -14.61 3.17
0 94.89 -14.44 4
0 94.8 -12.22 2.04
0 94.62 -12.65 1.28
0 94.63 -13.09 3.62
0.01 94.88 -15.11 3.51
0 95.03 -14.32 1.31
0.01 95.2 -14.55 2.06
0 95.62 -14.89 1.53
0 95.91 -13.86 3.47
0 95.46 -13.8 3.79
0 95.17 -15.31 3.95
0 94.96 -10.77 4.53
0 94.62 -3.86 2.47
0 94.32 -4.75 1.89
0 94.24 -7.41 1.51
0 94.09 -6.13 2.19
0 94.36 -5.3 2.47
0.01 93.48 -2.96 5.69
0 94.12 -3.39 2.62
0 93.77 -6.43 2.18
0.1 93.96 -7.73 3.54
0.02 94.73 -11.08 1.9
0.2 94.68 -9.98 0.77
3.67 94.96 -13.54 4.15
0 95.07 -12.67 2.04
0.03 94.99 -12.03 1.67
0.02 94.93 -11.9 1.27
0 94.19 -2.71 3.22
0.19 94.22 -4.97 2.04
3.86 94.69 -4.91 2.77
0 94.65 -3.64 1.91
0 94.54 -0.18 1.49
0 94.82 -0.23 1.53
0 94.41 2.2 2.27
0 93.95 2.79 3.68
7.34 93.76 0.96 1.85
0.04 94.5 -4.16 2.81
0 95.09 -4.54 1.54
3.19 94.47 -1.62 4.78
0.12 95.37 -9.57 3.59
0.01 94.82 -8.06 2.89
0 94.5 -7.13 3.88
0 94.49 -6.8 2.15
0 94.62 -4.32 3.6
0 94.26 -0.26 2.08
0.02 93.79 1.83 2.68
0 94.62 -2.02 3.28
0 94.33 -1.75 4.91
0 94.38 -4.45 4.45
0 94.71 -2.23 4.14
0 94.48 -0.28 4.61
0 93.83 2.64 2.91
0 93.14 7.82 2.28
0 93.91 2.72 4.24
0 95.01 -2.35 3.75
0 94.7 -5.82 4.09
0 94.45 -3.55 3.28
0 93.83 3.63 3.03
0 93.55 4.53 5.25
0 93.94 2.06 4.63
0 94.15 -1.3 2.29
5.43 94.74 -4.33 4.88
0 94.81 -3.11 3.45
0 94.54 -2.08 2.67
0 94.7 -2.87 5.11
0 95.44 -0.74 2.78
0 95.42 0.68 3.16
0 95.26 2.84 3.17
0 95.53 2.65 1.99
0 95.18 7.37 3.28
0 94.85 8.27 2.26
0 94.46 11.11 4.85
0 95.8 1.57 4.01
0 95.68 2.15 2.31
0 95.23 6.07 2.93
0 95.13 7.87 1.06
0 94.36 10.24 1.96
0.01 93.61 10.52 6.04
0.26 94 7.9 5.78
0 93.98 8.03 3.99
0 93.88 8.29 3.01
0.23 94.53 4.99 3.9
0 94.2 9.45 3.9
0 93.61 14.66 3.74
0 93.73 13.62 1.37
0.01 92.98 16.51 3.62
0 93.86 10.28 6.11
0 93.5 12.29 4.53
0.31 93.58 8.22 7.57
0.08 94.25 6.69 5.41
0 94.01 9.38 1.95
0 93.49 13.68 4.25
67.95 94.24 6.67 2.04
3.02 94.11 5.92 2
21.38 93.84 4.32 3.34
10.08 93.41 5.58 3.64
0.02 92.99 8.45 1.73
1.49 93.01 9.89 3.15
0.37 93.7 7.02 2.97
0 93.17 9.64 1.01
24.09 92.54 9.04 1.78
0.74 92.54 9.1 1.72
0.15 93.45 13.67 3.44
0.05 93.7 11.14 4.77
0 94.03 12.54 2.8
0.44 93.54 12.7 2.57
132.62 92.74 9.24 3
0.03 92.84 11.18 4.45
0 93.36 13.32 3.43
0.29 93.31 14.82 3.79
2.73 93.16 17.28 3.26
0 93.42 18.35 2.89
0.03 93.11 16.05 5.34
0.14 93.03 12.13 5.75
0 93.23 14.71 7.09
0 93.32 16.39 5.16
0 93.89 12.47 2.99
0 93.84 13.54 2.3
0 92.7 17.69 2.07
14.19 92.49 19.79 3.45
11.89 93.72 12.94 2.84
5.44 93.8 11.24 3.05
0.1 93.63 12.82 4.73
0 93.5 17.68 3.7
0 93.6 18.85 2.98
0 93.75 21.56 3.52
0.96 93.66 20.39 4.29
4.24 93.61 18.79 5.74
0 93.46 19.67 2.4
0.12 93.3 23.07 4.51
2.75 93.37 22.71 3.03
26.33 92.98 18.6 3.63
2.96 92.92 17.47 3.35
0.01 93.34 19.85 3.49
9.38 93.04 20.49 6.71
0.63 93.2 18.9 4.15
0.07 93.45 19.43 1.66
0.23 93.31 23.08 1.58
2.84 92.67 24.29 2.92
5.04 92.39 22.22 2.77
2.83 92.65 21.95 2.12
0 93.08 22.76 2.36
38.99 93.04 20.43 1.92
128.21 93.17 15.43 3.17
1.82 93.38 19.51 1.83
1.14 93.39 21.64 0.99
102.59 93.16 20.73 2.1
28.03 93.16 18.78 2.01
126.35 93.35 17.4 2.05
0.12 93.54 20.31 2.13
0 93.45 24.2 1.06
0 93.29 26.49 1.49
0.01 93.01 27.96 2.8
0 92.95 27.68 2.87
8.83 92.72 22.37 2.04
12.05 93.05 15.47 2.58
0.22 93.72 18.71 3.01
0 94.04 20.71 1.35
0.8 93.49 22.67 3.42
1.29 92.76 23.65 3.01
29.83 92.9 24.86 2.86
0 93.04 25.15 2.86
49.29 92.94 24.37 2.42
29.39 93.06 22.52 1
0.05 92.99 23.75 2.23
0 93.13 23.56 2.67
0 93.24 25.73 3.26
52.91 92.73 22.27 2.42
0.11 92.47 24.98 3.72
91.29 92.52 17.59 1.97
7.68 92.56 18.6 2.78
14.96 93.25 20.79 1.81
25.72 93.39 23 2.37
2 93.46 24.07 1.76
1.99 93.48 23.85 2.3
0.35 93.29 24.35 0.99
7.58 93.43 21.58 1.72
4.8 93.39 21.9 1.68
58.91 93.23 20.96 1.62
2.99 93.32 20.6 1.15
57.61 93.38 21.22 1.56
506.33 93.27 19.57 2.83
29.95 93.14 20.76 1.17
41.06 93.06 21.92 1.91
2.29 93.04 22.78 2.07
0.03 93.11 25.56 1.24
6.82 93.07 26.28 1.87
372.38 92.88 22.3 2.03
22.35 92.85 22.25 2.73
1.7 93.02 23.25 1.76
0.09 93.26 24.77 1.08
151.37 93.47 20.42 1.86
21.01 93.11 20.87 1.44
0.01 93.16 23.57 1.87
0.04 93.29 24.29 2.02
0.11 93.64 23.28 2.16
0.01 93.22 23.86 1.93
0 93.2 24.25 1.3
0.01 93.41 24.37 1.43
1.26 93.37 23.84 1.23
1.27 93.42 23.97 1.7
1.53 93.12 23.72 1.61
1.34 93.22 25.55 2.09
0 93.61 24.52 1.06
0 93.42 26.54 0.79
0 93.14 26.5 1.71
3.53 92.9 26.08 1.54
131.04 93.31 20.42 2.05
266.95 93.35 17.43 2.21
2.37 93.37 20.8 1.25
1.91 93.5 20.47 1.3
0.02 93.78 21.23 1.77
0.02 93.89 22.26 1.04
0 93.89 23.11 1.14
0.13 93.76 23.27 1.01
6.54 94 21.11 1.53
0 93.97 20.6 1.4
35.85 93.94 19.51 1.23
0.88 94.16 19.5 1.51
0.97 94.25 21.04 0.99
1.98 94.04 19.36 2.16
1.09 93.72 20.8 1.23
0.13 93.62 21.92 1.41
0 93.57 23.03 1.23
2.39 93.32 22.39 2.98
0.22 93.87 18.92 1.88
0 93.64 20.23 1.43
1.78 94.2 17.99 3.13
0.06 94.1 18.61 1.76
0 94.18 17.76 1.56
0 93.68 19.56 1.22
8.75 93.34 18.4 3.34
0.55 93.97 13.5 1.56
0.03 94.53 13.03 1.57
0.62 94.75 13.43 2
1.06 94.19 16.7 2.34
0.07 93.95 17.64 1.77
0.01 93.55 19.46 3.52
2.86 93.6 17.21 2.17
12.35 93.89 13.19 1.25
32.38 94.22 11.92 1.71
0 94.61 8.55 2.3
0 95.04 9.34 2.47
0 94.85 10.4 1.32
0 94.51 12.06 1.69
0 94.12 13.72 1.43
0 94.22 14.98 2.79
0 94.05 15.29 2.15
0 93.82 18.22 3.05
0.01 94.1 18.59 1.8
0.03 94.24 19.76 3.66
0.01 94.05 18.55 2.04
11.39 93.89 15.18 1.66
0.02 94.39 7.25 3.18
0 94.85 6.02 2.59
0 94.92 6.6 3.07
0 95.38 7.91 4.13
0 95.01 9.53 1.51
0 94.33 11.33 2.45
0 93.79 11.78 2.79
0 94.39 9.73 1.5
0 94.32 10.92 1.14
0 94.06 14.84 2.02
0.02 94.55 13.58 3.06
0 95.05 9.14 1.05
0 94.76 12.25 1.36
0 94.17 14.78 1.41
58.57 93.59 10.09 1.69
0.6 93.56 9 2.71
0.19 93.19 7.36 3.04
0.22 93.69 8.01 4.37
0 94.65 4.94 1.67
0 94.69 8.65 1.24
0 94.46 11.13 1.93
0 94.32 14.36 3.54
0 94.28 13.67 1.82
0.07 94.17 12.22 1.59
38.29 94.78 3.84 3.25
0 95.08 1.54 3.3
0 95.05 4.19 1.81
0 94.61 5.71 1.34
0.22 94.46 7.09 2.82
0 94.76 6.64 1.76
0 94.4 7.56 1.5
0 94.22 8.99 3.43
0 94.42 9.87 4.56
3.07 94.63 10.48 2.86
0.01 95.21 4.04 1.43
0.19 94.86 8.03 1.6
2.18 94.65 9.6 3.6
0.03 95.4 1.36 2.53
0.01 95.22 -0.23 0.68
0 95.13 2.95 0.83
0 95.1 3.46 1.42
0 94.89 2 1.04
0 94.24 2.55 0.95
0 93.65 4.6 2.18
0 93.95 4.95 3.4
0.01 94.73 -2.5 2.61
0 94.8 -5.09 1.96
0 94.8 -4.19 1.41
0 95.08 -2.83 1.53
12.12 94.42 -0.19 0.48
0.77 94.27 -1.48 2.44
0.22 94.44 -5.97 3.59
0 94.89 -6.94 2.57
0 94.87 -4.07 2.15
9.7 94.54 -6.19 3.03
0.05 95.11 -7.8 2.48
0 94.81 -8.43 0.74
0.02 94.77 -6.45 1.41
0.09 94.16 0.88 2.76
0 94.25 0.05 1.48
0 95.11 -4.23 1.71
0 95.63 -8.98 1.34
0 95.89 -8.7 1.75
0.02 95.11 -7.55 0.75
0.01 94.44 -5.06 1.01
0 94.64 -6.26 0.98
0 94.97 -8.48 0.58
0.17 95.16 -9.22 0.81
0.18 95.15 -7.03 0.64
0.15 95.44 -9 1.94
0.01 95.72 -12.5 3.2
0 95.33 -11.56 2.77
0 94.51 -6.47 6.21
0 94.61 -3.73 3.22
0 95.03 -6.75 1.94
0 94.3 -4.19 2.56
0 95.07 -10.1 4.57
0 95.25 -13.79 2.88
0 95.34 -12.23 4.21
0 95.11 -10.36 1.87
0 95.18 -10.26 2.28
0 95.07 -10.89 1.01
0 94.74 -10.07 2.01
0 94.72 -9.54 4.92
0 94.91 -11.62 3.19
0 94.47 -9.39 4.12
0 94.62 -12.55 2.32
0 95.12 -11.38 2.12
0 95.35 -9.26 2.48
0 94.9 -5.76 2.84
0 95.32 -10.91 1.35
0 95.6 -14.77 0.86
0.02 95.02 -12.58 0.31
0 94.86 -9.9 1.31
0.02 95.25 -11.31 1.91
0.07 94.65 -11.8 2.77
0.02 94.84 -12.87 4.45
0 95.05 -12.01 2.78
0 94.85 -10.58 1.55
0 95.65 -14.49 1.05
0.03 95.52 -14.56 0.58
0 95.12 -11.88 1.41
0 95.08 -12.96 0.76
0.02 95.15 -11.94 3.53
0 95.2 -12.44 3.07
0 94.37 -6.16 3.77
0 94.64 -7.92 2.8
0 94.56 -8.35 2.8
0 94.27 -10.08 0.49
0.01 94.13 -7.66 1.46
0.03 94.33 -12.14 1.09
0 94.47 -10.13 1.21
0 94.92 -11.16 1.2
0 95.6 -14.79 2.79
0 95.44 -18.15 3.62
0 95.07 -17.88 2.62
0 94.57 -16.85 2.12
0 94.44 -16.23 3.13
0 94.04 -13.45 3.83
0 94.15 -13.43 1.55
0 94.67 -15.08 1.42
0 94.9 -14.55 1.89
0 95.29 -15.35 1.46
0.01 94.88 -16.77 1.23
0.05 94.45 -16.73 4.56
0 95.23 -18.02 4.38
0 95.2 -16.23 2.84
0 94.26 -13.3 3.43
0 94.33 -9.79 2.75
0.03 93.78 -5.98 2.72
0.01 94.46 -14.3 5.01
0 94.63 -16.68 5.3
0 94.2 -13.15 6.01
0 94.38 -10.89 3.43
0 94.7 -10.77 3.49
0 94.76 -10.76 1.37
0 94.43 -8.55 3.45
0.01 94.17 -3.66 2.63
0.03 94.78 -9.26 2.93
0 94.7 -10.09 2.98
0.01 94.78 -12.38 3.31
0 94.91 -13.94 4.78
0 94.8 -10.64 3.74
0 94.2 -5.16 3.13
0 94.36 -9.16 2.61
0 94.07 -10.62 1.04
19.38 93.73 -9.52 1.97
0 94.67 -7.99 2.51
8.52 94.55 -7 2.13
0 94.99 -9.64 3.38
0 94.91 -8.21 3.35
0 94.36 -6.04 0.92
0 93.99 -1.84 2.59
0 94.17 -0.07 2.44
24.66 94.77 -4.85 0.63
0.09 94.96 -8.76 1.54
0.07 94.85 -7.04 1.34
0.01 94.21 -1.66 2.33
29.15 93.56 -4.73 2.03
24.35 93.64 -4.62 2.69
0.01 94.27 -4.44 4.54
0 94.97 -9.33 4.54
0 94.63 -8.95 1.9
0.06 94.56 -8.36 4.24
0 95.02 -8.67 4.15
0 94.69 -6.18 1.64
0 94.06 -2.08 3.18
0 94.59 -1 2.02
0 94.18 3.45 3.37
0.65 93.28 6.35 5.13
8.21 94.07 -3.43 4.02
16.3 94.86 -8.5 1.37
0 94.6 -2.66 2.38
0 94.54 0.12 2.34
0 93.9 4.29 3.51
0 94.48 1.54 1.72
0.91 93.59 1.84 5.51
0 94.05 -1.15 6.21
0 94.48 0.23 3.48
0 94.17 5.42 2.33
0 94.41 8.11 3.73
0 94.53 10.07 3.74
0.06 93.56 9.54 8.62
0.12 94.2 0.17 5.4
0.09 94.2 -1.37 4.76
0 94.13 -0.19 2.17
0.54 94.06 1.16 3.23
0 93.71 3.77 5.15
0 93.55 4.34 5.36
0 93.8 2.93 5.48
0.03 94.13 3.91 2.25
0 93.63 11.01 3.79
0 93.84 9.98 5.49
0 93.67 13.25 3.31
0.93 93.43 13.75 6.52
0.68 93.83 7.11 4.51
0 93.26 12.08 3.48
0 93.11 14.18 2.87
0 93.07 15.87 3.12
6.34 93.8 8.18 4.29
0 94 8.39 2.43
0 93.08 16.85 4.94
0 93.13 19.15 4.34
2.07 93.48 15.59 4.48
3.89 93.98 13.89 4.14
0.28 93.46 13.12 2.82
0.03 92.84 14.72 1.81
0.08 92.77 18.66 4.32
235.69 93.34 12.32 3.82
57.31 93.28 8.97 4.75
0 92.64 11.08 3.25
0.03 92.4 10.97 7.89
0 93.56 9.35 2.79
0 93.55 13.3 2.7
0.07 93.31 18.28 4.02
0.1 93.93 16.33 2.59
12.07 93.43 17.64 2.37
0 93.48 20.86 1.86
0.14 93.66 20.33 2.68
0 93.7 17.73 2.79
0 93.35 17.51 2.22
5.42 93.34 15.84 1.9
0 93.56 18.2 2.11
0.01 93.76 20.33 2.41
0.79 94.04 19.53 3.2
113.07 94.02 13.04 1.88
13.24 93.47 13.95 3.15
19.93 93.25 10.18 2.46
0.57 93.24 11.49 4.53
0 93 11.59 3.88
2.48 92.75 12.09 5.94
0.01 93.2 15.67 1.18
0 93.08 22.79 4.13
1.32 93.68 20.23 2.83
1.13 93.99 17.97 1.66
0.03 93.84 20.3 4.32
0.36 93.56 19.94 4.41
0.51 93.72 17.02 3.02
0 93.7 17.07 3.35
0 93.51 18.25 2.5
0 93.16 19.89 2.76
0 93.59 20.59 2.64
0 93.68 23.17 2.74
4.09 93.71 21.12 2.52
58.5 94.17 14.37 2.72
0.04 94.23 16.71 1.37
6.9 93.74 16.99 3.02
1.99 93.54 16.16 3.68
19.08 93.28 15.61 2.29
7.8 93.01 19.21 4.42
0.17 93.23 20.95 2.02
0.92 92.8 19.68 2.67
2.18 92.68 22.41 1.95
14.41 92.66 22.78 2.3
15.69 92.52 22.03 3.63
9.34 92.68 17.47 3.6
2.11 92.38 16.08 3.2
21.87 92.48 16.41 3.34
314.93 93.12 12.94 2.42
309.92 93.32 13.53 1.84
254.71 93.34 14.83 3.05
6.06 93.19 18.77 1.69
0.93 93.08 21.91 1.78
1.08 93.27 21.78 1.71
3.61 93.01 21.01 1.68
14.95 93.05 20.88 1.45
0.62 93.21 21.14 1.22
8.26 93.15 21.26 1.43
0.12 92.89 22.56 1.85
59.95 92.95 21.75 1.9
33.81 93.31 20.55 2.66
2.48 93.65 22.84 1.85
0.32 93.83 23.15 1.7
0.48 93.56 20.61 1.6
27.95 93.14 21.54 2.02
0 93.03 23.77 2.27
0.32 92.63 24.82 4.75
0.57 92.69 22.95 4.53
0.98 92.67 22.52 2.79
0.01 93.02 23.38 1.53
0.3 93.14 23.34 1.36
0.18 93.04 23.35 1.51
4.05 93 23.91 1.47
11.92 93 25.25 2.02
4.29 93.02 25.67 1.91
117.05 92.64 21.74 1.88
12.78 92.48 19.15 3.02
71.08 92.87 18.17 3.68
8.72 93.39 19.89 2.42
0 93.38 21.04 1.95
0 93.4 22.52 1.33
0 93.61 24.5 1.14
0 93.67 25.15 2
0.02 93.48 25.3 2.54
0.52 93.38 25.5 1.42
1.16 93.31 25.52 1.62
17.66 93.24 24.02 1.24
276.39 92.86 21.57 3.32
0 93.34 23.03 0.98
0 93.53 23.98 1.63
1.4 93.44 24.19 1.6
9.74 93.04 25.9 4.52
0.43 93.47 24.16 1.7
75.54 92.97 22.65 1.79
3.6 92.72 23.69 4.48
0.07 93.35 21.92 0.9
16.83 93.63 19.8 1.5
82.13 93.82 18.65 1.78
47.35 93.75 19.32 1.15
2.61 93.74 22 1.52
16.3 93.83 21.66 1.7
0 93.99 22.86 1.04
0 93.81 24.11 1.05
0 93.4 26.29 2.17
4.01 93.35 24.28 1.72
0.8 93.62 23.16 1.05
0 93.43 25.04 1.44
3.01 93.54 20.49 2.54
28.2 93.6 17.35 2.27
0.22 93.7 19.56 1.34
0.69 93.36 19.08 1.99
11.99 93.45 21.1 1.96
0 93.77 22.09 1.38
0.01 93.35 23.37 3.34
131.43 93.38 23.33 2.38
0.35 93.5 20.67 1.69
2.57 93.46 19.93 2.75
2.58 94.05 16.68 1.99
0.01 94.19 16.24 1.91
0 93.91 21.25 2.41
0 93.83 22.42 1.84
0.06 93.7 22.88 2.73
0.41 93.74 22.55 1.05
1.78 93.64 22 1.7
0.15 93.26 22.95 2.08
0.17 93.4 23.76 2.95
0 93.62 24.85 2.01
0 93.75 25.26 2.65
0.16 93.76 25.19 1.82
242.72 93.72 15.83 3.17
4.02 94.07 13.7 2.27
0.05 94.11 12.49 2.42
0.19 94.19 16.43 1.47
0 94.1 19.89 1.83
4.04 94.21 18 1.25
0.19 94.14 17.14 1.03
0 94.08 18.88 0.85
0 94 21.2 0.99
20.28 93.68 19.45 2.89
136.37 93.72 12.7 4.46
0.11 93.85 11.46 3.28
0 94.22 14.24 1.25
0.01 94.68 14.53 0.85
0 94.79 13.98 1.22
0 94.18 14.51 2.64
0 93.68 16.92 3.45
0.04 93.64 16.41 1.94
0 93.85 18.35 1.87
0.54 93.76 18.36 2.54
0.17 93.8 17.4 1.23
0.64 94.14 15.82 1.4
0.09 94.41 15.72 1.07
28.87 94.3 14.2 1.89
0.36 94.54 14.44 1.83
26.33 94.14 9.78 1.52
10.44 94.17 10.01 7.95
0.13 94.35 11.23 3.4
0 94.34 12.26 1.95
0 94.15 13.21 1.59
0.09 93.95 14.87 2.36
0.14 93.83 13.63 3.52
0 93.96 13.7 2.8
0 94.5 10.91 1.97
0 94.88 11.98 0.86
0 94.73 14.44 1.49
0 94.22 16.56 3.17
11.01 93.82 12.61 3.72
0 94.32 9.45 2.81
0.01 93.91 11.41 2.63
0 93.74 13.54 2.88
0.01 94.18 8.34 4.07
0 94.55 6.99 2.3
0 94.64 7.3 2.08
6.04 94.01 9.58 4.38
0 94.05 4.32 4.11
0 94.16 6.27 3
0 93.98 7.71 2.1
0 94.39 7.2 0.99
74.05 94.66 1.25 1.19
93.26 94.12 1.82 1.8
0 93.8 6.79 2.24
0 93.56 10.3 4.47
0 94.18 9.03 1.99
0 94.2 11.74 2.29
3.41 94.09 10.5 3.1
0 95 2.54 1.25
1.96 94.87 -0.54 2.81
0.01 94.44 -0.51 2.29
0 94.3 -0.8 2.29
0 94.22 2.2 1.42
0 94.41 0.81 2.08
1.94 94.55 -1.22 1.51
195.35 94.26 -2.07 18.19
60.2 94.45 -1.27 3.11
0 94.42 -3.95 0.32
0 94.1 -1.23 1.98
0 94.35 -1.02 0.96
0 94.73 -2.62 0.76
60.04 94.43 -2.86 0.48
98 93.19 -2.84 5.82
0.03 93.65 -4.71 3.41
0 93.72 -6.94 4.84
0 94.48 -4.89 2.63
0 94.72 -6.53 0.51
20.11 94.24 -2.96 0.64
0 94.16 -4.43 15.27
0 93.81 -5 3.85
0 94.44 -3.29 3.6
0 94.46 -4.24 1.75
0 94.14 -2.52 2
5.19 94.64 -5.91 1.87
0 94.53 -7.64 2.49
0 93.99 -6.09 2.1
0 93.97 -2.8 4.11
0 94.03 -7.69 3.3
0 93.09 -4.54 3.35
0.01 93.87 -7.03 5.06
0 94.4 -9.58 2.71
0 95.09 -13.69 2.39
0.03 94.69 -14.68 1.25
0.04 93.63 -5.04 3.59
0.25 93.87 -8.25 4.35
0 94.11 -11.01 2.42
0 94.14 -13.52 3.8
0 94.07 -15.06 3.31
0 94.25 -16.62 3.19
0 94.26 -18.04 3.44
0 94.39 -11.28 3.64
0.01 95 -14.27 1.32
0.01 95.15 -13.76 0.58
0.02 94.55 -11.52 2.2
0 94.61 -8.13 1.56
24.79 94.73 -11.67 0.67
0.14 94.5 -10.76 0.7
0.96 94.84 -12.56 1.13
0 95.2 -13.66 4.06
0 95.26 -15.93 1.78
0 94.71 -14.88 0.66
0.04 94.82 -12.73 13.07
1.72 94.85 -10.77 3.83
0 95.29 -16.42 2.57
0 95.06 -20.13 2.95
0 94.23 -17.64 5.58
0 95.37 -19.38 1.97
0 95.08 -18.69 0.95
0 94.53 -13.3 1.21
10.31 94.55 -15.35 0.57
18.47 94.61 -13.23 4.18
0 94.21 -15.39 4.01
0.01 93.68 -14.72 2.77
0 94.14 -18.76 4.07
0 95.23 -19.04 3.36
0 95.8 -15.78 2.73
0 94.86 -16.63 0.72
0 94.7 -13.92 1.69
0 94.57 -14.31 1.15
0 94.49 -14.62 1.16
0.01 94.89 -17.07 1.65
0 94.7 -14.72 2.77
0 94.55 -14.2 0.95
0.1 94.21 -12.97 0.4
0 94.3 -11.3 1.78
0 94.29 -13.31 0.49
0 94.76 -10.44 2.09
0.29 94.46 -13.87 1.1
0 95.19 -14.91 1.91
0 95.44 -11.33 2.42
0 94.48 -5.74 2.04
0 94.98 -9.82 0.6
15.52 94.98 -9.42 0.83
1.82 95.08 -9.91 1.11
0 94.81 -14.1 0.95
0 93.69 -7.02 3.13
0.01 94.28 -13.99 4.46
0 94.32 -15.61 1.34
0.03 94.63 -14.85 1.05
0.01 94.54 -10.75 1.46
0 94.14 -5.78 0.87
0 94.39 -6.97 0.87
0.01 94.28 -4.87 1.41
0.24 94.21 -5.87 1.96
0.11 94.89 -8.24 3.83
0 94.94 -10.48 3.01
0.3 93.91 -9.58 3.82
0 94.73 -9.88 2.81
0 94.26 -7.37 2.09
0.21 94.58 -15.46 4.01
0 95.38 -18.7 3.94
0 95.23 -17.37 1.41
0.07 94.38 -12.23 2.2
0 95 -13.29 1.94
0.02 95.03 -12.88 1.72
0 94.35 -7.71 24.19
0 94.15 -4.39 3.05
0 94.78 -9.51 2.67
0 94.69 -10.5 1.24
0 93.94 -6.39 2.55
0.01 94 -5.96 4.09
0 94.71 -11.83 4.47
0 94.81 -13.22 2.47
0 94.77 -11.91 1.73
0 94.64 -7.56 4.05
0 94.89 -7.5 3.42
0 94.83 -5.11 1.27
0 94.96 -7.4 1.88
3.53 94.74 -7.62 1.64
0.04 93.93 0.38 3.76
0 93.88 1.06 2.87
0.03 93.36 -2.72 6.25
0 95.13 -8.64 5.07
0 95.09 -6.17 1.45
0 94.07 0.29 4.22
0 94.41 1.56 1.81
0 93.8 5.85 3.18
0 93.76 3.84 1.81
0 93.13 6.11 2.45
0 93.04 -0.96 2.06
0 93.19 -3.72 5.86
0 94.55 -0.81 1.67
0 93.84 5.13 4.12
11.53 93.85 -0.28 3.7
0 94.99 -6.69 4.01
0 94.44 -0.06 3.01
0 94.05 5.41 3.22
0 94.43 5.62 3.25
0 93.03 8 4.12
0.15 93.11 -2.66 4.16
52.37 93.9 -8.85 1.76
0.06 94.26 -7.95 2.54
0 93.01 1.34 6.46
0 94.02 -3.77 2.2
17.23 93.69 -6.04 3.78
0 94.41 -5.52 2.32
0 94.23 -2.61 1.36
0 93.25 4.61 4.09
0.27 93.5 0.79 4.87
0 94.33 -1.79 4.37
0 94.55 -2.86 2.22
0.13 94.39 -0.46 1.63
24.81 94.11 0.66 1.93
133.25 94.3 -0.53 2.78
0 93.78 3.41 2.13
0 93.87 4.89 2.55
12.3 94.01 -1.92 2.47
73.54 94.29 -2.09 3.21
0 94.04 -1.24 2.35
0.08 93.09 1.79 2.81
31.71 93.16 -0.09 4.28
2.18 94.16 -0.83 3.82
0.99 93.98 0.95 4.48
0 94.04 1.62 3.52
0 93.55 8.85 3.94
0.05 93.12 6.69 4.6
0 93.36 2.55 5.19
0 93.08 3.39 2.57
5.34 93.4 3.07 3.19
69.54 93.68 0.29 2961.97
0.51 94.69 -0.21 5.5
0 94.69 1.62 2.55
0 94.36 5.11 3.31
0 93.99 8.48 2.02
0.06 93.43 12.26 5.02
104.41 93.55 5.83 2.21
0.13 93.48 7.27 4.16
0 93.56 8.27 6.12
0 93.59 10.02 1.63
0 93.5 13.97 2.37
0.56 93.31 12.38 3.12
0.02 93.59 11.3 6.29
0.06 94.05 10.78 6.29
0.06 94.1 10.9 2.01
0.18 93.95 12.31 2.48
0.79 94.16 12.9 2.09
0 93.86 17.35 2.53
0 94.11 21.15 1.27
0 94.03 22.47 2.74
0 94.03 22.4 3.09
0.03 93.74 22.86 4.76
22.07 93.45 13.98 2.28
9.99 92.61 14.27 4.42
0 92.26 17.67 5.66
0 92.82 16.5 2.97
0 92.79 19.16 2.78
0.08 93.48 15.98 5.07
0 94.36 15.8 2.41
0 94.21 17.61 2.14
0.16 93.56 19.32 3.09
0 93 20.8 3.48
19.25 92.42 15.8 6.77
0 92.39 17.87 4.89
0 92.81 19.69 2.37
0 93.65 20 2.22
1.17 93.41 25.11 4.02
0.28 94.07 17.86 2.3
0 93.63 21.27 2.29
0.32 93.31 22.56 3.35
0.29 93.13 20.4 4.33
0.17 92.98 19.74 3.11
0 93.29 18.69 4.66
0 93.08 23.94 3.7
0.01 92.7 25.82 3.65
0 93.39 20.08 2.42
0.91 93.05 19.12 3.31
0.01 93.39 19.09 3.97
2.39 93.92 17.88 2.41
4.99 93.73 19.84 1.71
13.18 93.53 19.92 3.37
0.85 93.38 22.17 2.89
0.18 93.25 22.39 3.62
113.2 93.67 16.08 1.54
0.32 93.89 17.34 1.54
1.84 93.61 15.75 2.37
0.51 93.36 17.52 1.63
0 93.38 23.2 3.26
0.04 93.37 24.46 3.74
0.74 93.29 25.02 2.79
297.03 93.35 18.23 3.09
1.12 93.04 20.94 1.61
56.23 92.74 20.1 1.9
0.05 93.08 23.39 1.48
0 93.6 23.25 2.21
0.01 93.75 24.01 1.9
1.17 93.47 21.9 1.24
10.16 93.15 21.74 1.37
146.66 92.98 20.79 1.8
18.62 92.68 21.95 2.22
374.16 92.45 19.65 1.62
102.21 92.63 21.4 3.44
129.22 93.03 20.39 1.93
55.16 93.02 22.55 2.71
4.98 92.97 23.71 3.91
30.68 92.77 23.69 2.03
128.83 92.4 22.42 2.62
0.01 92.37 24.05 3.66
0.51 92.39 24.04 2.51
0.16 92.74 24.58 2.37
0.28 92.89 24.2 1.98
1.71 92.67 26.27 3.78
19.06 93 24.42 1.74
33.09 93.22 22.35 1.94
0.23 93.45 22.95 1.49
0.12 93.43 22.61 1.05
2.25 93.38 23.1 2.35
13.18 93.56 22.18 2.09
0.02 93.52 24.92 1.36
182.56 92.82 21.98 1.05
46.27 92.72 22.7 3.11
0 93.25 23.43 2.05
0.04 93.1 22.81 1.89
156.3 93.09 20.42 2.9
0.54 93.32 21.21 1.53
0.07 93.27 23.96 1.36
59.73 93.13 23.51 2.36
12.59 92.72 23.62 2.42
0.14 92.83 23.48 2.76
0 93.15 24.05 1.65
0.01 93.12 25.25 1.44
82.01 92.9 22.53 1.07
0.96 92.87 24.93 2.11
0.07 92.81 24.68 1.25
0.27 92.59 26.35 1.27
1.84 92.68 26.74 1.49
3.13 92.96 25.72 2.44
0.07 93.2 26.11 2.59
0.33 93 26.02 2.77
23.08 92.68 26.35 2.95
3.54 92.52 26.05 2.14
2.54 92.66 26.41 3
3.34 92.98 26.07 2.89
4.05 92.75 26.46 2.54
11.54 92.95 23.83 1.97
0.26 93.31 26.1 1.33
1.14 93.38 27.74 3.12
12.4 93.1 25.25 3.13
0.72 93.11 26.17 3.14
5.16 93.06 26.62 1.85
0.69 93.13 25.93 2.23
334.64 92.58 24.56 1.51
0.01 93.83 25.64 2.94
0 93.65 21.76 2.87
0 93.89 21.5 1.9
0.7 93.86 20.37 0.77
0.31 93.41 24.03 2.47
0.04 93.58 22.93 2.35
0 93.8 22.82 1.79
0.01 93.79 22.95 1.09
12.3 93.47 22.16 1.36
2.19 93.61 19.07 2.09
9.23 93.47 19.39 1.77
124.07 92.88 18.84 1.31
25.35 93.19 14.08 3.44
0.03 93.82 15.81 2.58
88.81 93.89 16.06 1.93
0.2 94.14 14.99 1.88
0.95 94.29 15.54 1.43
0 94.37 15.82 1.23
1.03 94.24 16.71 1.42
182.39 94.2 13.61 1.95
65.42 94.26 13.61 1.11
0.79 94.31 16.01 0.87
0.43 94.25 17.78 1.25
1.29 93.78 17.98 1.39
0.02 93.88 17.81 1.08
0 93.91 17.05 2.34
0.39 93.7 20.2 2.39
6.69 93.05 19.35 3.81
0.05 93.42 19 3.65
0 94.03 14.13 1.81
0.21 93.7 16.62 1.44
0.96 94.3 16.12 1.83
6.09 94.7 14.16 0.65
3.81 93.74 19.58 3.2
0 94.2 18.07 1.51
0.01 94.15 19.03 1.39
0.28 94.03 18.37 2.86
11 94.43 12.2 3.36
0 94.65 8.64 2.57
0 94.46 10.95 1.69
0 94.1 12.09 1.94
0 93.43 18.01 3.49
0 93.5 17.21 2.95
0 94.48 12.91 1.56
0.19 94.34 13.9 1.71
151.04 94.39 10.86 2.12
0 94.48 10.85 3.32
0 94.23 9.41 1.71
0 93.56 17.76 4.37
0 94.65 13.41 1.04
0 94.58 15.69 2.15
0.01 94.89 12.63 2.22
0.06 94.36 11.47 1.81
0 93.39 15.58 3.32
1.39 93.49 13.13 4.54
0 93.92 10.57 4.06
0 94.42 11.91 1.78
8.05 94.36 11.35 2.52
0.48 95.28 3.51 5.43
0 95.27 2.83 0.88
0 94.86 7.57 1.23
0 94.86 7.26 1.14
0 94.64 11.32 2.97
61.26 94.85 9.27 1.51
0.23 94.91 7.02 2.08
0 94.73 5.84 1.12
40.93 94.58 5.04 2.11
11 94.55 1.07 2.46
0 94.74 3.83 3.73
0 95.01 5.8 2.88
0 94.54 4.88 1.31
0 93.98 8.02 2.17
0.7 94.55 6.06 1.38
1.95 95.08 4.54 2.93
0 95 4.12 2.02
0 95.11 4.82 0.65
0 94.85 4.52 1.15
0.94 94.32 9.24 2.54
0.25 94.66 7.3 3.54
0 94.98 5.59 1.8
0 94.23 6.97 2.58
0.04 93.83 5.8 4.15
0 94.2 2.68 2.88
0 94.25 3.3 2.62
0.02 94.84 1.84 3.5
0 94.79 -1.75 4.27
0 94.84 1.35 2.49
0 94.74 1.86 1.71
0 94.12 1.57 2.06
0 93.91 3.14 3.8
0 93.87 3.06 2.27
0.03 94.05 1.63 3.91
0 94.41 -3.52 4.97
0.01 94.63 -4.02 6.41
0 94.52 -3.87 4.29
0 94.55 -1.86 2.69
0 94.74 -2.82 0.69
0 94.5 1.84 1.98
0 94.22 2.1 2.24
0 93.91 -0.41 2.13
0 93.73 -4.17 5.41
0 93.86 -7.77 3.69
0 94.08 -10.76 7.27
0 94.27 -5.35 3.62
0 93.89 0.75 3.45
0 94.55 -2.5 1.98
296.17 94.28 -0.07 3.47
296.17 94.05 -0.12 1.32
296.17 94.33 2.64 2.62
296.17 94.36 1.71 2.58
296.17 94.55 -1.56 2.64
296.17 94.11 -1.77 0.93
296.17 94.19 -4.35 1.31
296.18 94.19 -4.16 2.4
296.18 94.41 -6.3 3.09
296.2 93.85 -8.04 3.2
296.22 93.84 -8.93 2.2
296.17 94.01 -12.09 4.46
296.17 94.3 -11.75 2.42
296.17 94.68 -8.64 3.34
296.17 95.24 -7.65 1.68
296.17 95.21 -9.58 1.49
297.13 95.5 -12.43 2.32
296.2 95.11 -14.04 2.39
296.2 95 -12.68 2.41
296.17 95.4 -11.78 1.54
296.17 95.42 -10.41 0.96
296.17 95.12 -9.96 0.67
296.17 95.31 -9.29 1.05
296.17 95.19 -9.51 0.67
296.18 94.67 -6.24 3.06
296.18 95.15 -10.45 3.7
296.17 94.8 -10.84 1.2
296.17 94.34 -10.29 2.96
296.17 93.63 -5.58 4.37
296.17 93.46 -4.61 3.98
296.17 93.08 -3.2 4.81
296.17 93.5 -3.29 3.16
296.17 93.76 -2.46 3.28
296.17 94.37 -4.2 2.74
296.42 94.23 -7.06 1.87
296.66 94.52 -8.71 1.97
296.18 94.19 -7.08 2.8
296.17 94.75 -6.92 2.08
296.17 95.18 -14.34 2.91
296.17 94.77 -13.35 2.66
296.17 94.79 -10.71 2.46
296.17 94.89 -9.61 2.13
296.17 95.39 -12.66 1.41
296.17 95.11 -12.44 1.44
296.17 95.14 -10.55 2.07
296.17 94.96 -6.91 2.06
306.8 95.02 -10.28 1.59
296.17 94.93 -10 1.52
296.17 95.17 -7.79 2
296.23 94.17 -5.82 4.92
296.17 94.73 -10.45 3.79
296.17 94.87 -9.65 2.31
296.17 94.19 -5.66 1.72
296.17 93.38 -0.06 3.26
296.17 94.02 -3.08 1.93
296.17 94.94 -9.3 2.42
296.17 94.42 -6.99 4.22
296.17 93.9 -4.71 3.94
296.17 94.44 -6.72 3.84
296.17 93.16 -0.74 4.94
296.17 93.9 -6.85 3.61
296.17 93.98 -6.93 1.96
0.04 93.57 -4.1 2.01
0.01 93.63 -3.84 5.79
0 94.48 -13.17 3.67
0 94.61 -11.08 2.03
0 94.8 -11.83 1.42
0 95.07 -10.02 1.69
1.25 94.75 -11.18 1.33
14.41 94.82 -13.14 2.4
0 95.42 -15.51 2.94
0 95.19 -14.39 1.09
0 94.63 -11.26 1.08
0 95.3 -13.16 1.17
0 95.19 -12.91 2.17
0.02 94.41 -5.48 3.23
0 94.49 -5.64 1.74
0.01 95.08 -6.4 2.12
0 95.63 -9.87 1.38
0.21 95.13 -9.13 1.25
0.28 94.91 -9.38 2.05
0 94.8 -7.18 1.01
0 94.78 -3.96 2.18
0.08 95.36 -8.93 1.59
0.02 95.13 -6.15 1.2
0 94.67 -1.85 1.51
0 94.51 3.02 1.55
0.12 94.26 4.23 3.53
0.33 94.94 -3.66 3.75
0.01 94.6 -7.38 2.05
0 94.5 -5.38 1.37
0.07 94.43 -5.81 2.55
0.97 94.45 -6.5 1.89
2.86 94.79 -6.22 2.8
0 94.8 -7.23 2.99
0 94.96 -7.51 3.39
0 94.96 -5.53 2.56
0 94.49 -5.98 2.01
0 94.8 -5.27 1.97
0 94.21 -1.82 2.28
0 94.07 1.44 3.45
0 94.74 -2.09 4.6
0 94.32 -1.82 1.66
0 93.82 2.52 4.05
0 93.57 7.49 2.69
0 93.9 4.96 2.14
0 93.47 8.37 5.99
0 94.6 3.67 2.02
0.02 94.52 3.49 5.93
0 94.83 3.72 5.11
0 94.22 7.35 3.75
0 94.31 8.02 3.26
0 94.51 8.06 2.52
0 93.55 13.37 5.11
0 93.56 12.81 2.57
0 93.58 11.69 2.78
0 93.59 10.6 3.36
90.88 93.37 11.15 3.08
47.98 93.88 9.37 1.95
0 94.06 11.51 2.47
0.13 94.15 9.24 1.83
0 93.62 12.04 2.87
0 94.37 7.48 3.79
0 94.74 1.94 4.75
0 93.9 6.09 4.51
0 94.49 5.23 4.24
0 93.88 14.22 4.31
0 93.85 14.42 1.52
0 93.67 15.51 2.92
0 93.97 10.92 4.79
0 94.63 8.98 2.1
0.25 94.25 10.36 2.18
0.12 93.94 11.71 1.83
0 94.08 13.93 1.27
0 93.99 18.35 3.3
0 94.62 12.33 2.83
0 93.86 13.89 2.23
4.58 93.91 6.51 3.3
0.01 94.61 6.84 2.77
30.62 94.36 6.82 2.5
0.01 93.95 9.38 33.07
0 94.06 11.74 4.11
0 93.73 13.9 2.45
0.16 93.41 16.22 3.68
0.71 93.63 17.89 4.08
0.07 94.1 17.15 3.47
45.91 94.4 11.32 3.13
0 94.7 12.47 2.92
0 94.55 13.07 1.75
0 93.91 14.77 1.52
0 93.34 19.41 1.58
1.04 93.31 18.71 4.67
220.71 93.98 5.99 5.22
14.01 93.49 6.98 6.45
1.98 93.74 4.77 5.99
0.02 93.97 7.87 4.89
0.02 93.37 12.12 2.24
12.23 93.47 6.82 4.59
0.11 93.98 11.01 1.74
83.67 94.25 9.8 2.42
0.66 94.11 11.68 1.51
198.73 93.3 8.57 2.66
36.46 92.41 15.23 4.22
0 92.63 17.33 4.24
0.01 92.98 13.39 3.69
0 92.73 13.56 3.71
0.01 93.54 16.51 3.17
0.48 93.86 16.29 1.85
1.34 93.5 18.46 3.14
41.42 93.11 16.9 2.66
0.55 93.19 17.47 3.4
0 93.33 19 1.98
0 93.29 22.13 2.06
0.06 93.58 25.91 3.52
41.29 93.43 17.91 2.45
0.09 93.03 16.8 5.82
0 92.5 21.44 4.62
40.38 92.32 18.24 2.47
1.81 92.72 21.48 1.46
0 92.85 23.9 8
0.03 93.4 25.34 2.18
0 93.34 28.67 4.33
0.89 93.56 23.68 2.29
0.07 93.71 21.87 2.43
0 93.6 22.58 1.95
0.12 93.38 22.57 1.92
12.17 93.24 23.41 2.14
467.46 93.41 15.25 2.31
78.96 93.26 12.48 3.29
3.68 92.91 16.08 2.99
14.22 93.2 15.19 1.77
29.1 93.62 14.89 1.8
2.13 93.74 18.14 2.61
2.88 93.55 19.93 2.93
2.18 93.58 20.71 2.98
0.01 93.44 21.63 2.1
0.87 93.25 23.34 1.27
291.62 93.03 20.06 1.58
27.94 92.89 19.53 1.75
97.42 93.07 18.89 2.41
2.4 93.35 18.62 1.98
5.4 93.46 18.98 1.83
1.21 93.58 19.29 1.51
327.75 93.68 17.49 3
0.32 93.55 21.24 1.98
0.02 93.12 23.66 2.38
11.18 92.91 22.34 2.84
3.19 93.02 21.45 3.77
0.06 93.49 21.65 4.04
0.12 93.39 22.8 3.42
0 93.47 24.29 2.06
0 93.41 24.88 1.45
9.91 93.36 22.77 2.51
36.48 93.02 20.26 2.15
21.11 92.76 23.11 2.04
0.01 93.28 25.24 2.72
0.15 93.3 25.94 2.84
0.26 93.18 26.4 2.46
0.81 92.97 25.59 2.73
18.8 92.94 22.61 3.27
0 93.14 24.01 3.25
0 92.87 24.33 4.37
0.92 92.95 22.31 2.75
1.18 93.15 21.27 2.71
0.11 93.07 22.87 2.59
0.66 93.13 23.69 1.64
5.89 93.04 23.64 2.4
86.16 93.11 22.02 8.68
1.38 93.37 22.49 8.09
0.05 93.44 26.7 1.62
0.17 93.54 28.93 1.79
0.6 93.15 29.53 4.62
68.8 93.06 23.85 2.07
0.05 93.37 22.04 1.69
0 93.06 25.64 3.12
0.02 93.46 23.07 2.24
0 93.51 23.18 1.44
0 93.68 23.41 1.46
1.23 93.5 26.35 2.64
1.06 93.04 27.77 3.28
1.85 93.06 26.61 3.57
6.26 93.21 25.32 1.73
0 93.3 26.89 2.15
0 93.28 27.52 2.77
5.73 93.19 26.01 2.66
2.66 93.19 25.58 1.82
80.59 93.46 19.15 2.57
0.33 93.36 22.05 1.75
0 93.67 22.08 2.59
0 93.77 21.59 1.16
0 93.59 22.49 1.75
51.17 93.32 21.04 2.22
6.14 93.1 20.77 1.29
0.25 93.32 21.76 4.08
0.07 93.51 20.89 2.19
3.03 93.5 19.51 1.91
2.68 93.4 18.71 1.45
9.1 93.48 20.07 2.28
1.01 93.57 20.28 1.7
0.43 93.69 21.8 2.43
5.28 93.91 21.2 1.95
1.81 93.86 22.75 2.05
0.18 93.52 23.32 2.39
0.81 93.55 24.27 1.89
140.37 93.43 22.38 2.71
87.12 93.3 22.22 1.71
14.77 93.57 19.5 2.12
0.25 93.86 19.89 2.67
0 93.94 21.31 1.73
0 94.04 23.58 1.37
1.2 94.15 20.69 1.55
0.71 94.19 21.13 1.52
0.15 94.15 20.61 1.66
2.25 93.97 19.9 1.88
1.87 93.94 19.49 1.64
222.86 93.95 15.13 2.56
1.02 93.53 17.24 1.45
0 93.24 20.24 2.22
0 93.75 18.68 1.33
0 93.74 20.89 1.34
0.48 93.35 20.52 3.16
0 93.66 18.78 3.31
0 93.85 15.93 1.23
0 94.08 17.01 1.35
0.02 94.05 19.06 1.9
38.96 94.13 16.11 1.4
0.09 93.92 18.08 2.33
0.02 94.24 16.85 3.26
0 94.34 14.74 3.77
0 94.38 13.02 1.15
0 94.47 16.81 1.22
0 94.43 17.12 1.57
34.82 93.74 16.07 2.32
19.19 93.76 13.44 3.05
0 94.33 13.73 1.34
0.1 94.32 16.26 1.75
102.15 94.58 11.36 1.97
22.69 94.32 12.55 1.43
0 94.19 13.76 1.52
39.02 93.54 13.85 2.08
0.01 94.12 13.39 2.37
0.22 93.99 14.26 2.47
19.32 94.88 4.9 3.97
0.03 94.86 5.05 1.7
10.16 94 6.49 2.12
3.58 93.93 7.62 2.36
0 94.23 9.19 1.68
135.34 94.43 6.53 1.58
27.16 94.95 7.3 2.56
0 94.73 8.62 1.92
0 94.31 12.27 1.53
0 94.17 14.42 2.56
0 94.39 16.73 2.1
0 94.63 13.56 1.36
0.13 94.55 14.15 2.38
0.94 95.52 7.78 2.89
0 95.07 4.03 1.1
0 94.12 8.53 2.46
0 93.68 9.59 4.23
0 94.17 9.81 3.07
0 93.95 13.24 2.82
0 94.05 13.63 2.03
0 93.73 16.79 4.6
0 94.64 6.72 2.61
0 94.94 2.81 1.64
0 94.34 6.12 1.46
0 93.6 12.08 3.31
0 93.34 14.91 3.57
0 93.58 11.02 1.65
0 95.07 3.41 4.48
0 95.41 1.83 1.27
0 94.8 4.25 1.69
0.01 94.53 8.81 1.87
2.82 94.79 8.06 7.38
2.21 94.5 4.56 1.17
354.68 94.15 6.32 3.9
354.69 94.31 2.74 3.55
354.68 94.07 7.07 2.42
354.68 93.67 8.72 4.09
354.68 94.07 6.15 3.02
354.68 95.34 -1.85 2.49
354.68 95.27 -1.74 1.17
354.68 94.88 0.38 1.64
354.68 94.67 4.67 1.55
354.68 94.36 4.44 1.08
354.68 94.02 3.06 3.66
354.69 94.46 -5.21 5.81
354.68 94.42 -1.61 3.07
354.68 94.79 -1.89 1.44
354.68 94.89 -1.73 1.34
354.71 94.75 1.21 2.07
354.68 95.08 -0.53 1.33
354.68 95 -0.15 1.5
354.68 94.3 2.5 3.08
354.68 93.74 3.42 4.07
354.68 94.29 0.81 2.93
354.68 94.77 -1.45 2.1
354.69 94.52 2.45 3.65
354.68 94.96 -3.02 2.06
354.68 94 -1.49 2.46
354.68 93.57 32.96 5.74
354.68 94.69 -3.39 2.09
354.68 94.18 -0.83 1.24
354.68 94 0.33 2.36
354.74 94.17 -1.89 6.16
0 94.71 -12.22 7.26
0 94.44 -10.95 4.12
0 94.21 -11.82 6.3
0 94.33 -11.26 4.42
0 94.43 -10.51 3.25
0 94.64 -10.6 1.73
0.33 94.68 -10.02 1.19
0 95.17 -9.66 1.35
0.01 95 -7.07 3.53
0.36 94.44 -5.7 5.11
0.02 94.83 -9.49 3.08
0 94.45 -10.55 4.24
0 94.58 -10.6 2.75
0 94.64 -8.54 1.53
0.05 94.59 -9.14 3.33
0 94.68 -13.29 3.07
0 94.68 -11.17 2.02
0 94.57 -7.24 2.94
0.03 94.37 -6.68 5.23
0 94.69 -10.92 4.12
0 94.32 -10.18 3.23
0 94.12 -2.68 2.3
0 94.2 -2.43 3.5
0 95.03 -5.93 3.87
0 95.26 -4.96 2.44
0 94.97 -8.31 0.96
0 94.59 -3.27 2.73
0 94.01 -4.38 2.09
0 93.37 -3.63 4.06
0.02 94.08 -7.57 23.32
0.01 94.79 -11.87 5.38
0.02 94.74 -11.65 2.79
0 94.68 -6.88 3.08
0 93.45 -1.85 4.36
0 93.72 -2.6 1.64
0.08 94.09 -2.62 6
0 94.59 -7.53 3.02
0 94.97 -9.32 1.68
0 94.83 -7.96 2.09
0 94.73 -5.38 2.31
0.01 94.31 -4.56 2.56
0 95.33 -7.97 2.3
0 95.39 -8.42 1.71
0 94.95 -4.24 2.05
0 95.2 -9.28 1.69
0.07 94.81 -10.47 1.71
0.45 94.8 -10.62 3.6
0 94.88 -8.62 2.25
0.29 93.8 -4.79 3.99
0 94.4 -8.01 1.64
0.01 94.34 -6.46 2.7
0.13 94.91 -7.4 1.68
0 94.33 -7.35 1.81
0 93.85 -2.84 3.45
0 94.73 -7.57 1.75
0.22 94.29 -3.73 1.05
4.86 94.94 -9.06 3.98
0 95.44 -12.46 2.64
0 95.26 -11.94 2.42
0.02 94.69 -8.62 4.27
0 95.33 -10.86 3.59
0 95.58 -8.83 1.19
0 95.39 -7.99 1.52
0 95.22 -7.4 1.6
0.02 95.12 -4.52 2.85
0.01 95.05 -7.47 3.14
0 94.92 -4.28 2.56
0 94.32 -1.02 2.91
0.01 95.15 -11.31 4.98
0 95.18 -11.29 3.44
0 94.48 -5.13 2.69
0 93.89 -2.39 2.63
0 93.92 -6.79 3.66
0 94.09 -6.74 2.12
0 93.7 -3.8 1.73
0 93.56 -0.53 2.64
0 94.24 -4.48 0.98
7.26 93.99 -1.91 2.34
0 94.61 -2.16 5
0 95.23 -3.88 2.06
0 94.65 -3.62 3.07
1.4 93.8 -0.31 4.24
4.08 93.32 -0.66 6.78
0.03 93.77 -6.7 6.13
0 94.04 -6.51 1.82
0 93.68 -6.49 2.08
0.07 94.2 -8.38 3.26
0 94.54 -9.72 3.93
0 95.15 -7.68 1.65
0.58 94.17 -2.19 5.57
0 93.9 -0.86 3.35
0.01 93.54 -3.36 2.58
0.03 94.21 -7.59 6.67
0 94.67 -6.59 2.36
0 94.38 -3.47 2.83
0 93.73 1.99 4.65
0 94.08 1.86 3.14
1.25 94.71 -3.92 2.61
0 95.45 -10.47 5.85
0 94.75 -3.83 3.8
0 94.43 -4.53 3.45
0 93.95 -3.3 2.98
0 96.49 27.18 32.65
0 94.01 0.74 3.59
0 93.68 5.83 4.48
0 93.64 5.68 3.1
0 94.41 2.03 2.4
0 93.63 7.19 3
0 93.94 6.79 4.29
0 94.07 5.39 2.51
0 94.01 6.17 4.26
0 94.91 1.64 4.35
0 95.09 3.67 3.31
0 95.26 4.12 1.27
0 95.02 8.53 2.79
0 94.85 12.73 4.42
0 94.05 13.19 5.05
0 93.67 12.02 4.03
0 93.78 10.41 3.02
0 93.27 14.93 4.35
0.8 94.37 6.07 3
0 94.41 4.11 1.37
185.9 92.92 1.62 2.3
0.15 93.71 2.52 2.12
0.43 93.63 4.57 1.55
0.03 94.17 3.15 5.38
0 95.25 -1.59 4.17
0 95.19 -0.17 3.72
0 94.41 4.15 2.12
0.01 94.17 7.74 2.9
0.02 94.4 7.44 1.75
2.86 94.6 6.78 4.52
197.43 95.28 -2.23 4.91
0.06 94.82 2.33 1.75
0 93.23 11.8 1.75
0.14 92.39 14.25 3.6
0.15 93.26 7.71 6.45
0 93.33 10.82 1.86
0.01 93.61 12.42 2.72
0 94.11 9.98 3.16
0 93.71 10.74 3.02
0.01 93.63 11 1.83
0 93.84 13.82 4.06
0 94.06 13.64 5.69
0 94.32 14.43 2.43
0 93.72 20.65 4.34
0 93.36 23.58 4.46
2.96 93.04 20.45 3.22
1.75 93.67 16.41 2.93
0 93.7 19.09 2.38
0 93.61 21.6 2.81
16.58 93.41 16.94 3.75
4.13 93.47 15.5 1.78
0 93.82 12.19 5.65
0 93.56 13.34 4.13
0 93.05 14.05 6.11
0 93.56 12 2.51
0.05 93.49 12.58 5.44
9.44 93.81 6.95 1.76
0 94.16 8.34 1.11
65.96 94.01 7.63 2.68
49.34 93.09 7.11 2.09
15.59 91.91 10.73 4.58
0.08 92 19.12 3.6
0.31 93.36 14.92 6.14
0 93.91 15.07 4.44
0 93.33 18.56 3.14
8.03 92.48 18.86 3.1
3.4 92.71 13.71 5.9
0.26 93.08 12.57 6.62
0 93.93 18.51 4.43
0 93.55 21.53 2.25
0 93.41 22.33 2.43
0.15 93.33 22.18 1.54
0.02 93.16 25.1 2.94
0.08 93.06 26.16 4.14
6.79 93.24 23.13 2.42
0.04 93.26 22.7 2.76
0.86 92.86 24.17 3.93
0.08 93.22 21.64 3.94
0 93.28 19.86 2.07
0 92.45 24.78 6.21
0.87 93.02 22.36 2.75
0.27 93.57 18.15 4.51
0 93.76 21.52 2.55
95.96 92.98 17.45 2.44
22.88 92.44 19.48 2.59
26.97 92.98 18.21 2.57
0.04 93.27 19.33 4.27
2.95 93.06 19.14 2.51
0.76 93.06 18.72 2.19
59.55 92.78 16.63 2.68
131.39 92.33 14.36 1.85
20.59 92.41 15.69 1.52
101.47 93.33 16.16 2.3
0.96 93.58 20.23 1.31
1.69 93.4 21.56 2.6
0.04 93.1 22.72 1.9
76.19 93.17 18.28 2.6
1.04 93.31 18.39 4.21
68.75 93.79 16.31 3.03
0.01 93.88 21.37 2.47
0 93.47 23.13 1.29
1.01 93.17 24.41 2.27
0.07 93.31 24.11 2.33
2.91 93.11 24.36 2.54
10.55 92.85 21.24 2.36
56.9 92.85 20.54 2.79
1.03 93.29 21.65 1.43
1.14 93.29 23.95 2.02
163.72 93.55 16.72 2
51.46 92.91 17.75 1.29
55.45 92.5 18.37 2.85
1.09 93.07 15.58 3.89
0.01 93.63 18.05 2.1
88.97 93.55 19.16 1.74
9.87 93.7 19.86 1.18
0 93.65 22.47 2.01
0.05 93.5 24.16 2.1
0.84 93.65 24.88 2.01
0.05 93.88 26.06 2.24
1 93.71 23.99 2.44
0.15 93.46 25.17 1.72
0.17 93.01 26.28 2.81
0.04 92.88 26.12 3.53
1.97 93.16 25.67 3.09
40.32 93.59 21.69 2.14
47.39 93.8 19.56 2.18
20.96 93.6 20.8 1.69
208.86 93.4 21.16 1.54
37.14 93.52 21.96 1.51
4.75 93.42 22.74 2.56
6.51 93.17 23.43 2.1
89.57 93.17 22.42 1.55
2.38 93.18 22.24 1.15
5.85 93 22.16 1.19
0.75 92.79 23.89 1.91
0.82 93.22 25.05 2.05
3.78 93.29 24.75 1.9
15.04 93.04 23.47 2.63
238.1 93.03 22.96 2.21
68.63 93.46 20.13 2.65
2.8 93.65 22.01 1.68
0.36 93.43 22.76 1.47
5.2 92.92 25.56 3.34
0.02 92.96 22.18 1.76
0.36 92.83 24.48 3.18
0.68 92.96 25.19 3.78
6.51 93.32 24.74 1.57
4.63 93.9 22.04 2.82
5.33 93.94 23.37 1.52
1.67 93.88 23.85 2.46
0 93.91 23.84 2.61
0 93.73 23.97 1.34
0 93.57 24.37 1.51
0 93.22 25.47 1.63
0.18 93.04 25.27 2.73
0 93.34 23.66 2.48
0 93.38 23.63 1.27
0.13 95.44 53.81 31.79
95.34 95.81 52.82 31.9
160.07 93.78 19.8 1.73
7.5 93.52 19.28 2.27
8.67 93.37 19.24 2.56
69.03 93.48 19.01 1.89
6.04 93.8 20 1.98
44.78 94.03 18.89 2.25
1.62 93.97 19.47 1.76
50.65 93.85 18.66 2.55
0.01 93.76 20.13 2.91
40.84 93.61 19.94 1.98
0.68 93.76 17.99 1.15
2.87 93.89 18.09 1.5
256.99 94.09 16.92 1.5
110.64 94.15 17.41 2.63
0.37 94.12 20.32 2.8
0.03 94.28 19.12 1.82
14.32 94.07 17.47 1.25
65.79 93.94 15.86 2.11
0 94.07 16.93 2.14
0 93.92 19.37 1.15
0.52 94.06 20.64 2.48
31.03 94.81 14.84 2.01
0.41 94.69 13.53 1.44
63.26 94.12 12.51 1.71
3.13 94.06 14.02 2
0 93.98 20.03 2.38
0 94.3 19.54 2.23
0 94.39 18.96 3.04
0 94.24 19.36 2.23
0.99 94.23 20.16 1.42
1.78 94.33 18.92 2.36
0 94.44 16.45 2.51
3.19 93.87 16.37 2.29
1.08 93.65 19.53 2.38
35.98 93.49 17.4 2.64
4.88 93.67 12.77 1.93
8.11 93.56 15.11 1.98
1.98 93.6 15.93 3.85
0 93.8 14.53 2.55
0 94.05 16.24 2.83
0.03 94.86 13.88 1.68
0.63 95.3 10.91 1.92
1.15 94.16 14.29 3.34
45.07 93.45 11.05 5.74
0.01 93.36 13.47 4.84
0 94.34 10.99 1.21
0 94.64 14.36 2.72
0 94.18 18.04 3.74
0 94.08 17.72 1.83
0 93.86 17.86 2.95
0 94.18 9.46 4.39
0.09 93.51 5.58 3.7
0.69 93.69 5.15 5.88
0.59 94.01 9.7 5.45
0 94.39 12.39 2.47
0 94.46 13.11 1.71
0 94.21 14.23 1.69
0 94.15 14.9 1.34
0 94.16 15.69 2.67
7.31 94.33 12.8 2.83
0 95.08 4.6 2.51
0 93.91 10.75 2.95
46.62 94.57 4.12 1.44
4.99 94.86 4.46 1.99
0.26 95.43 19.94 7.24
0 94.93 20.19 7.15
0 95.13 6.79 1.7
0 94.96 4.58 1.62
6.86 93.75 7.37 6.24
0 93.85 3.25 4.61
0 94.43 1.32 4.07
0 94.76 -0.45 4.14
0 95.16 0.72 2.8
0 95.21 3.32 1.42
0 94.58 6.15 1.53
0 94.41 6.64 0.95
0 94.3 9.73 4.64
0 94.53 10.04 3.52
0.07 95.74 0.41 3.94
64.61 95.82 -4.99 2.1
41.48 95.44 -5.16 3.27
6.38 94.91 -4.76 1.72
0.05 94.89 -4.31 1.13
0 95 -4.41 1.31
0 95.17 -3.68 1.58
0.01 95.01 -0.04 1.05
0 94.32 1.7 1.75
0 93.7 4.98 2.93
0.9 94.62 1.33 1.95
1.09 94.38 -3.39 2.51
0 95.12 -6.03 2.04
5.4 94.97 -8.12 2.38
9.21 94.99 -9.07 1.92
1.01 94.94 -9.47 1.98
0.83 95.43 -8.89 1.26
17.87 95.93 -12.19 2.59
11.76 95.99 -14.09 2.64
0.02 95.84 -15.7 1.99
0 94.99 -15.04 2.36
0 94.89 -14.21 2.45
0.01 94.36 -11.62 1.31
0.06 94.84 -10.52 1.15
1.22 94.56 -4.76 2.99
0 94.42 -5.94 1.68
0.08 93.75 -1.79 2.43
0.02 93.6 -6.31 5.49
0.06 93.93 -8.13 5.78
0 94.27 -5.09 3.73
0 94.94 -5.3 2.28
0 95.07 -7.52 1.42
0 95.2 -9.23 0.92
0 94.78 -2.9 2.53
0.23 94.45 0.26 3.62
0 94.79 -2.13 3.59
0 95.08 -6.94 1.35
0 94.72 -6.43 1.5
0 94.86 -6.73 0.68
6.58 94.15 -5.28 3.09
0.01 94.23 -6.96 4.84
0.01 94.81 -8.97 5.9
0 94.82 -7.27 3.16
0 95.33 -5.03 1.91
0 95.26 -5.48 1.33
0 94.4 -2.34 2.54
0 94.67 -4.26 1.87
0 94.72 -7.09 1.86
0 94.67 -4.62 2.62
0 94.75 -8.59 2.55
0 93.67 -6.66 3.23
0 94.8 -13.31 3.18
0 95.45 -14.47 2.07
0 95.21 -6.62 2.78
0.05 94.8 -4.68 1.59
4.61 95.08 -7.42 0.97
0 95.03 -7.57 2.17
0 94.19 -1.07 2.48
0 94.22 -4.77 1.22
2.16 94.41 -8.48 1.83
0 94.86 -11.23 4.03
0 94.63 -12.19 2.43
0 94.97 -9.93 2.69
0 94.77 -9.41 3.98
0 94.59 -10.17 2.9
0 94.37 -10.04 1.87
0 95.11 -12.82 3.18
0 95.34 -13.29 2.71
0 94.8 -12.87 3.03
0.02 94.18 -11.6 4.59
0.02 93.9 -10.46 3
0 93.99 -12.23 1.7
18.86 94.67 -17.27 2.23
0.32 94.61 -20.02 2.08
0 94.2 -19.53 4.78
0 94.8 -18.51 1.7
0 95.31 -18.03 1.49
0.13 95.27 -17.84 2.35
0.11 95.76 -21.32 2.79
0 95.63 -24.15 4.9
0 95.17 -14.75 4.86
0 94.61 -9.13 2.93
0 94.5 -11.46 3.76
0 94.56 -9.43 4.41
0 95.13 -13.3 1.81
0 95.56 -16.89 1.28
0 95.31 -16.69 2.29
0 95.37 -12.9 3.19
0 95.25 -10.57 3.21
0 94.91 -8.71 2.01
0 94.7 -8.37 2.6
0 94.91 -8.72 3.92
0 94.84 -8.57 3.76
0 94.73 -7.15 2.95
0 93.86 -6.89 3.29
0 93.52 -4.59 3.47
0 94.15 -3.28 3.04
0 93.79 2.68 2.79
0.01 93.7 2.79 2.46
0.46 94.07 0.42 3.35
27.22 94.81 -8.98 6.14
0 94.78 -12.67 5.64
0 94.13 -9.75 3.66
0 94.05 -5.29 4.1
0 93.97 -2.57 3.7
0 93.97 -4.34 3.96
0.03 94.8 -7.21 3.91
0 94.75 -9.66 4.37
0 94.54 -9.73 2.66
0 94.75 -7.06 3.44
0 95.61 -11.13 1.98
0 95.22 -9.47 2.41
0 95.17 -8.87 3.51
0.02 94.5 -6.74 3.34
0 94.6 -7.64 2.08
0.03 94.92 -8.81 3.75
0.02 95.11 -9.14 3.38
0.01 94.21 -0.29 2.8
0 93.87 1.91 1.85
0 93.86 -0.08 3.27
0.04 94.24 -1.56 1.49
8.54 94.05 -0.03 4.5
0.01 94.05 -1.58 3.01
4.07 94.33 -5.18 4.2
0 95.07 -8.84 4.99
0 95.14 -8.38 4.12
0.01 94.92 -7.4 3.4
0 94.39 -5.42 2.09
0 93.76 -0.78 4.42
0 94.54 -2.25 2.45
0 94.36 2.06 2.68
0 93.8 5.22 2.62
0 93.67 8.69 3.37
0 93.24 10.68 5.6
0 93.75 7.19 4.97
0 94.63 3.28 1.9
0 94.84 6.02 1.73
0 94.48 8.99 2.72
0 94.88 4.53 4.3
0 95.41 1.07 4.71
0 95.4 1.65 3.47
0 95.08 2.82 3.59
0 94.7 7.4 3.44
0 94.1 9.95 2.58
0 93.48 11.64 3.63
0.07 93.96 6.77 4.08
0 93.87 9.13 3.38
0 92.95 15.54 4.69
1.5 93.26 9.84 5.18
0.1 94.31 5.41 4.45
0 94.29 8.15 4.08
0 93.49 10.56 3.93
0.02 93.8 10.07 2.49
0.11 93.14 12.9 5.06
0 93.56 10.06 5.39
0 93.45 11.7 6.2
0 93.77 6.43 3.16
0 94.41 4.5 3.21
0 93.78 7.42 4.58
2.68 92.98 10.43 3.01
0.03 92.77 11.02 5.77
0 93.88 10.59 3.29
0.08 93.36 15.98 5.75
1.74 93.34 10.91 4.45
0.43 93.34 5.53 4.96
0.68 93.63 6.5 2.42
0.33 93.92 7.42 3.91
0 93.59 14.22 3.15
0 92.79 15.78 6.92
0 93.32 9.92 6.76
0 93.84 11.06 3.33
0 93.26 15.14 4.94
0.14 94.19 9.22 3.53
61.76 94.41 6.36 2.18
3.68 94 10.9 1.63
0 94.17 11.92 2.38
63.65 93.29 12 2.11
0.01 92.92 16.72 2.53
65.25 92.65 21.41 4.59
220.28 93.51 9.91 2.14
8.01 92.63 11.51 4.89
0 93.08 15.8 3.19
2.17 92.98 16.26 5.5
0 93.38 12.38 6.69
0 94.12 14.97 2.61
0 93.54 19.1 5.06
1.88 93.79 16.45 2.92
0 93.45 17.2 2.21
0.27 92.59 20.47 3.94
125.43 93.39 11.07 5.53
0 94.2 14.47 3.13
26.41 93.81 11.86 3.83
0.16 93.69 12.53 3.66
0 93.15 18.86 4.12
0 93.3 23.26 3.51
0 93.54 24.31 3.87
0 93.76 22.79 3.44
0 93.91 22.75 3.26
0.01 94.69 19.1 3.86
0.01 94.62 17.5 2.58
32.88 93.67 15.07 2.23
32.81 92.61 15.41 4.77
1.09 92.89 19 3.55
0.06 93.4 18.75 5.26
0 93.31 21.63 5.34
0.02 92.92 24.6 3.94
0 93.34 18.83 4.48
0 93.03 22.51 5.23
2.69 93.85 17.06 1.84
0 93.9 19.57 1.16
0 93.49 23.36 2.59
0 93.15 24.63 3.36
0.01 93.31 23.56 2.54
0.04 93.55 23.54 1.69
4.99 93.73 19.83 3.47
0.7 93.77 19.52 1.99
0.01 93.52 22.54 3.43
3.86 93.16 20.98 3.99
75.01 92.93 20.79 4.4
50.65 93.48 17.47 2.48
16.72 93.38 18.79 1.84
0.7 93.05 19.43 1.75
58.41 92.96 14.6 1.68
13.94 92.97 18.07 1.66
1.3 92.57 19.41 2.05
89.89 92.62 20.15 1.73
0.5 93.17 19.73 3.15
0 93.25 23.47 2.75
4.15 92.87 25.75 2.73
28.52 92.92 24.04 2.15
5.54 92.94 22.76 2.02
9.1 93.26 20.68 3.34
0.68 93.28 21 4.38
0 93.43 24.63 3.42
0 93.37 24.6 1.58
7.89 93.1 23.11 2.78
41.59 93.16 19.12 2.84
141.35 93.01 20.56 1.78
69.2 93.11 19.77 1.82
0 93.28 20.34 1.63
0.05 93.22 22.2 1.35
0 93.32 25.55 2.54
0 93.46 25.16 3.24
0.42 93.69 25.54 1.98
0 93.77 27.18 1.29
0 93.68 27.87 2.62
0 93.43 27.47 2.86
0 93.23 28.5 1.73
0 92.99 29.33 2.08
1.16 92.66 30.04 3.39
121.7 93.04 20.99 2
0.13 93.32 24.06 2.49
0.21 93.68 22 3.02
1.25 93.36 19.46 2.35
0.69 93.23 18.36 2.78
5.6 93.47 21.29 1.69
0.03 93.44 23.88 1.94
2.32 93.49 24.68 2.52
117.63 93.68 20.53 1.62
963.54 93.17 20.21 2.85
16.07 92.91 23.4 1.63
1.58 92.8 27.28 3.38
0.06 93.36 25.43 1.85
442.57 93.4 19.39 3.37
0.39 93.25 21.97 1.34
5.48 93.04 24.09 2.22
6.07 93.02 23.41 2.19
5.52 93.38 22.62 1.79
124.26 93.61 23.33 2.18
8.66 93.78 21.92 1.53
8.79 93.89 22.21 2.25
0.04 93.89 24.51 1.95
0 93.81 25.77 1.16
0 93.74 26.93 1.63
0 93.61 27.08 1.84
727.53 93.36 25.12 1.73
175.07 93.79 23.41 2.73
0 93.86 21.69 0.89
0 93.45 24.08 2.39
0 93.25 26.23 3.3
0.18 93.27 28.64 2.84
2.31 93.4 25.2 2.71
0 93.34 24.84 1.8
0 93.63 23.8 1.89
1.06 93.51 23.7 1.6
194.72 93.37 20.42 2.16
14.47 93.22 22.17 1.23
217.59 93.18 19.96 1.88
1.93 93.65 20.95 2.44
3.57 93.74 21.54 1.79
0.17 93.9 22.53 1.98
0.27 93.96 23.2 1.69
3.29 93.44 21.29 1.69
3.79 93.28 23.28 2.88
160.35 94.08 16.86 3.97
0 94.32 18.06 2.36
3.28 93.97 17.73 2.09
0.34 93.96 18.44 2.17
0 94.14 17.58 1.84
0 93.59 17.02 1.65
7.44 92.51 16.08 3.94
16.02 92.34 15.1 2.45
0.83 92.98 19.17 1.93
2.66 93.5 18.16 1.12
174.55 93.75 17.35 1.51
14.31 93.69 16.87 1.14
11.18 93.57 18.65 1.41
1.19 93.29 19 1.69
1.39 93.41 17.89 1.61
85.56 93.71 15.56 2.14
3.96 93.86 15.67 1.62
11.69 94.22 14.53 2.52
3.82 94.46 15.3 1.32
4.65 94.35 17.19 1.3
107.04 94.16 18.33 1.36
0 94.07 19.46 1.86
0.74 94.19 17.85 2.17
0.4 94.61 15.38 1.74
15.76 94.75 13.26 1.68
0.02 94.78 13.26 2.82
0 94.61 13.48 1.24
0.15 94.35 14.35 2.44
1.06 94 16.48 2.27
0.47 93.7 18.95 1.91
0.29 93.43 20.61 3.32
0.01 94.14 16.81 2.61
7.64 93.91 16.82 1.92
0.42 94.7 11.43 5.45
0 95.09 7.75 2.2
0.01 94.26 10.4 2.12
0.02 93.93 16.01 2.45
1.27 93.77 19.54 3.49
0.31 93.83 16.39 2.37
0.21 93.84 14.75 3.12
115.35 94.41 6.2 2.46
1.64 94.48 5 1.66
0.11 94.99 8.13 1.34
36.03 94.08 11.27 3.15
0.12 94.38 5.55 5.54
0 94.56 4.79 1.79
0.11 94.15 6.15 1.46
0 94.74 5.18 7.81
0.9 94.66 7.82 1.33
0 94.28 12.88 1.49
0 94.35 14.36 1.86
0.03 94.54 15.06 2.1
0.67 93.98 14.63 5.04
0 94.49 10.03 2.54
0 94.21 13.17 1.82
0 94.11 13.42 2.56
0.3 95.05 3.13 2.35
39.55 94.37 4.77 2.06
48.64 95.12 1.25 2.35
0 94.69 2.16 1.59
0 94.03 3.61 1.42
0 93.68 8.88 3.3
0 94.85 2.14 1.92
2.84 94.85 2.35 0.97
1.23 95.09 1.91 3.77
0.05 95.11 0.63 3.1
0.69 94.82 -0.51 3.9
0 95.63 -5.43 3.45
0 95.24 -3.35 2.33
0 94.56 1.12 3.45
0 93.97 2.58 1.72
0 93.1 4.97 1.86
0 94.23 0.65 2.09
0.04 94.93 -1.69 2
1.68 95.19 -2.21 3.47
0 95.53 -4.43 1.29
0 94.85 -1.17 2.62
0.36 93.46 3.25 4.09
0.45 93.68 -0.76 2.06
0.05 94.24 -1.58 1.08
0 93.68 4.95 4.19
0 94.43 0.84 5.35
0 94.6 -3.05 2.18
0 94.41 0.48 3.33
0 94.29 -0.89 2.06
0.04 93.82 -0.91 3.1
0.41 94.32 -5.74 1.53
37.62 94.79 -8.07 1.89
69.98 95.15 -10.1 2.2
0 95.5 -11.82 2.76
0 95.18 -10.67 2.55
0 94.69 -8.03 3.64
0 94.36 -5.72 1.84
0 93.91 -2.78 3.74
0 94.72 -6.98 3.09
0 95.15 -5.1 1.38
0.01 95.4 -5.8 1.72
0.66 94.27 -1.45 3.27
0 95.03 -4.18 3.97
0 94.74 1.4 3.38
0 94.01 3.98 3.79
0 94.18 -1.22 3.05
0.1 94.75 -6.15 3.75
0 94.17 -5.3 3.5
0 94.41 -6.59 2.74
0.56 93.83 -4.28 3.68
0 94.77 -7.35 2.37
0 94.91 -7.36 1.42
0 94.26 -5.13 2.77
11.25 94.68 -3.64 2.34
0 95.28 -10.03 3.14
0 95.17 -10.3 1.77
0 95.16 -8.76 2.51
0 94.35 -4.01 2.93
0 94.35 -3.94 0.95
0 94.52 -3.36 0.77
0 94.58 -2.43 0.78
0 94.9 -2.29 1.65
0.02 94.99 -5.37 2.84
2.42 94.65 -10.44 3.52
0 95.01 -10.95 2.06
0 94.83 -9.32 1.31
0.01 94.67 -3.06 5.2
0.11 95.39 -9.76 3.45
0 95.19 -10.73 2.28
0 94.92 -9.64 4.44
0 95.13 -8.08 3.51
0 94.64 -5.86 2.13
0 94.54 -5.04 1.76
0 94.34 -1.06 3.63
0 94.53 -4.05 2.38
0 94.18 -0.2 3.74
0 94.8 -4.6 1.33
0 95.08 -6.7 1.49
0 94.61 -1.94 2.27
9.03 94.71 -3.91 1.5
8.1 94.27 -4.82 1.95
0 94.4 -7.74 3.57
0 94.64 -10.7 4.65
0 94.37 -10.19 3.4
0 94.12 -11.17 2.71
0 94.29 -10.78 5.04
0 95.2 -12.24 2.02
0.02 95.15 -13.44 1.22
0 95.06 -13.17 1.49
0.03 94.86 -11.1 2.35
0 95.19 -11.01 1.96
18.17 94.89 -12.96 2.01
0 94.91 -13.52 2.04
0 94.58 -12.89 4.39
0 95.23 -13.65 2.52
0 95.37 -13.61 1.27
0 95.48 -12.28 0.96
0 94.84 -7.14 1.29
0.01 94.17 -3.86 4.29
0 94.64 -6.74 3.83
0 94.1 -6.75 3.36
0.04 95.03 -12.52 4.08
0 95.26 -10.04 3.91
0 94.72 -7.62 2.84
0 95.44 -8.38 3.24
0 94.86 -5 2.12
0 94.28 -2.67 1.62
0.05 93.96 -0.38 2.66
0 94.34 -6.51 3.58
0 95.24 -6.89 1.47
0 95.19 -7.96 0.94
0.01 94.99 -9.13 6.27
0 94.51 -10.15 5.89
0 94.69 -9.57 4.54
0 94.8 -6.6 3.34
0 94.78 -5.57 2.04
0 95.29 -3.98 1.18
0 95.09 -2.69 1.49
0 93.95 3.46 4.33
0.29 94.35 -3.15 4.14
0 94.88 -6.91 3.29
0 94.25 -4.56 3.02
0 93.24 -1.45 4.98
0 95.02 -7.38 3.93
2.38 94.76 -6.67 3.05
1.5 94.18 -3.76 4.63
0 94.67 -4.99 4.37
0 94.41 -2.31 3.93
0 94.39 -1.08 3.7
0 94.56 0.02 1.61
0 94.24 1.56 3.08
0 94.22 0.83 3.16
0.05 94.6 -5.03 3.43
0 93.77 -0.2 2.52
0 93.91 -0.22 1.1
0 94.1 -4.18 2.31
0.03 94.5 -6.14 3.94
0.01 94.25 -7.83 4.17
0 94.27 -5.55 4.88
0 93.82 -0.93 3.39
0 93.63 0.53 2.92
0 93.82 3.95 2.17
0 94.13 3.52 3.02
0 94.93 -1.25 4.33
0 94.93 0.72 3.14
0 94.91 1.31 1.75
0 94.59 3.05 1.27
0 94.25 3.79 2.05
0.21 94.13 4.08 1.82
0 94.68 5.36 1.57
0.03 94.77 4.07 2
0.13 94.87 1.3 3.47
0 94.66 1.53 1.59
0 94.43 2.9 2.18
0.12 94.82 0.6 1.16
0.95 94.45 1.21 1.15
0.27 94.32 2.81 2.86
0.93 94.27 1.03 1.94
0 94.44 2.37 2.66
0 94.22 4.97 2.26
0 94.15 9.48 4.1
0.02 95 3.08 2.52
0 94.76 3.8 1.49
0 94.18 5.63 1.62
0 94.2 9.36 2.09
0 94.1 12.48 2.58
0 93.78 16.65 3.63
0.08 93.48 14.82 3.59
1.16 93.59 11.6 3.25
0.16 93.65 10.49 2.69
0 94.49 8.02 2.89
0 94.4 8.55 2.45
0 93.4 13.59 4.56
0 94.01 7.47 3.83
0 93.9 6.82 2.41
0 93.24 12.48 3.87
0 92.86 15.43 3.08
0 93.34 16.37 3.13
0.05 93.68 14.02 3.45
2.8 92.57 14.02 5.48
0.05 92.79 6.7 5.64
0.5 93.06 7.47 3.1
0.52 93.48 8.95 3.47
0 93.92 9.5 2.04
0 93.22 13.02 5.5
0 93.46 9.55 2.74
0 93.81 8.4 3.57
0 94.45 8.19 3.94
0 94.49 9.98 5.37
0 93.69 14.98 5.08
0 93.17 16.57 3.29
0 92.83 20.93 4.3
0 93.71 16.53 2.49
0 93.97 18.31 2.68
0 93.93 22.05 3.41
0.38 93.84 19.51 4.65
2.54 93.82 14.71 4.01
17.52 93.53 8.69 6.25
0 93.77 10.1 6.71
0 93.64 18.02 4.94
0 93.34 20.8 2.33
0 93.01 21.11 3.78
0.04 93.09 19.69 3.02
0 93.28 14.57 5.01
0 93.12 11.96 5.28
0.26 93.37 11.62 4.92
0.03 94.08 13.14 5.46
0 94.02 16.06 2.48
0 93.21 19.84 1.63
0 93.03 24.37 1.86
0 93.04 29.27 3.46
0.42 93.44 26.72 3.31
2.72 93.68 23.82 2.3
1.19 94.1 13.85 3.51
172.67 94.17 8.6 2.38
0.01 93.9 16.4 2.55
0 93.51 19.57 2.03
0.01 94.07 14.4 2.92
0 93.52 19.62 2.5
0 93.12 22.2 2.56
0 93.5 22.61 4.25
9.97 93.78 16.96 2.44
0.11 93.22 19.91 3.43
1.6 92.8 20.69 3.08
0 93.3 18.01 3.65
116.98 93.6 10.49 1.57
0 93.7 15.12 1.96
0 93.73 19.8 2.64
0 93.83 21.59 2.03
21.44 93.51 15.26 2.15
0.13 93.27 18.52 2.88
0.05 93.18 21.67 4.21
0 93.3 20.8 4.1
0 93.64 18.73 2.09
0.79 93.77 18.37 1.64
51.16 94.07 18.15 1.62
0 94.1 20.53 2.01
0 93.69 26.95 2.31
0.04 93.43 26.45 0.93
0.19 93.25 25.71 3.39
13.16 93.15 23.12 1.79
49.54 93.17 19.2 2.18
21.66 93.03 18.97 1.8
1.16 93.12 19.49 2.41
0.07 93.28 21.21 2.38
105.63 93.67 17.49 1.26
99.24 93.55 16.36 1.69
2.39 93.29 18.35 1.24
0.64 93.25 21.82 1.07
0 93.42 23.92 1.53
4.48 93.24 25.44 3.85
35.91 93.26 27.58 3.52
0.02 93.16 27.53 2.57
1.64 93.09 27.75 2.84
15.53 92.97 26.99 1.78
4.11 93.15 25.32 2.99
0.09 93.26 25.75 2.19
5.71 93.42 23.75 1.72
27.79 93.58 21.43 1.42
7.31 93.32 23.82 2.6
557.86 92.52 22.44 2.32
14.09 92.47 24.48 2.54
6.64 92.63 25.15 2.78
0.09 92.63 24.18 2.07
0 92.9 25.03 1.5
0.07 92.96 28.79 2.07
135.49 92.75 27.27 3.46
4.86 93.23 24.08 1.83
2.1 93.52 25.84 1.28
0 93.64 27.26 1.46
0 93.54 28.15 1.48
0 93.26 28.78 2.38
4.72 93.06 26.41 3.04
7.79 93.09 21.37 2.48
8.38 93.83 20.95 1.75
9.18 93.8 20.63 1.59
0.52 93.31 23.7 1.21
0.18 93.46 24.13 1.6
0.08 93.64 24.15 2.16
5.97 93.26 22.8 2.85
0.16 93.53 22.89 2.57
0 94.03 23.34 1.27
0 93.56 23.99 1.61
169.1 93.18 22.3 3.99
0.01 93.32 25.1 1.73
0.15 93.38 25.94 2.14
13.7 93.15 24.99 1.83
749.77 92.63 22.17 1.4
22.74 93.01 22.75 1.41
12.19 93.04 24.1 2.12
8.83 92.91 22.14 2.16
0.36 92.96 23.62 2.36
4.59 92.83 22.32 1.33
33.7 92.63 19.92 1.59
21.12 92.71 22.91 1.15
3.12 93.11 23.95 2.49
7.27 93.46 22.77 1.91
0.07 93.63 23.38 1.62
3.01 93.57 22.02 1.44
4.41 93.5 21.15 1.43
392.81 93.58 18.64 2.88
46.41 93.74 19.91 2.24
6.15 93.87 21.05 2.05
4.12 93.89 21.36 2.31
1.53 93.49 22.03 1.71
1.05 93.25 25.98 2.15
4.5 93.72 22.84 2.26
379.71 93.64 18.26 2.16
0 93.62 20.08 4.28
0 93.7 18.09 3.75
0 93.99 18.57 2.01
7.79 93.68 16.02 2.69
0.82 94.16 15.72 2.63
0 94.25 14.39 1.84
0 94.02 17.21 2.61
0.09 94.01 17.17 1.61
0.35 93.85 19.87 1.97
1.73 93.85 19.45 1.73
1.27 93.74 19.69 2.07
2.96 93.59 20.63 2.52
0.01 93.52 20.08 3.93
0 93.43 19.33 1.79
0 93.21 21.52 1.76
1.86 93.79 17.53 2.94
1.17 93.76 18.04 2.18
78.43 93.66 15.86 1.44
0 93.94 16.46 2.19
0 94.32 15.55 1.28
0 94.54 15.83 1.78
1.45 94.47 17.91 2.71
1.04 94.28 18.31 2.34
0.1 93.88 19.31 3.19
0 93.73 18.02 2.82
0 93.18 19.5 1.59
0.03 93.65 15.65 2.99
0 93.98 15.09 1.52
0.17 93.29 19.52 2.92
2.17 93.39 16.45 3.6
0 93.53 17.53 3.37
0.02 93.87 17.78 2.4
20.06 93.81 15.15 2.49
38.58 94.11 12.66 1.58
0.01 94.02 9.89 2.21
0 93.94 8.88 3.91
0 93.77 10.15 3.09
0 93.86 13.57 1.83
0.02 94.09 14.73 3.78
0 94.84 8.48 2.84
0 95.14 8.19 2.17
0 94.88 9.58 2.24
0 94.18 14.42 4.18
0 93.97 15 2.4
0 94.32 14.12 2.16
2.33 94.61 11.82 1.76
56.67 95.3 8.34 3.71
23.44 95.31 4.31 2.34
0.16 95.04 4.89 3.67
0.16 94.66 4.38 2.71
0 94.55 5.72 3.24
0 95.11 4.58 0.95
27.65 95.14 7.02 1.8
0.01 95.49 5.61 1.88
0 95.29 5.59 1.78
1.5 94.6 8.74 1.85
0.01 94.45 8.71 1.22
0 94.12 11.96 2.15
0 94.9 6.4 1.54
14.27 94.97 3.24 1.62
0.02 94.96 5.35 1.52
0 94.71 7.48 1.63
0 94.82 7.76 1.14
0 94.18 9.9 1.59
0 94.03 11.55 1.98
0 94.94 6.3 5.17
0 95.42 1.62 4.11
0 94.85 5.6 2.47
0 93.95 9 2.71
