0.79 95.21 -17.57 1.76
0.01 95.85 -18.64 1.77
15.16 95.72 -20.42 1.58
6.28 95.92 -18.9 3.65
0 96.2 -19.51 3.25
0.01 96.42 -19.2 2.66
0.11 96.52 -17.88 1.73
16.31 95.89 -16.69 1.46
6.12 96.08 -17.05 1.5
0 96.33 -15.96 1.31
0 96.31 -17.02 3.32
0 95.72 -18.99 3.8
0 95.73 -16.06 3.54
0.89 95.59 -16.7 1.53
0 96.66 -15.94 1.5
0 96.22 -14.91 1.08
0 95.88 -11.2 1.31
0.01 95.77 -5.86 1.87
0 95.26 0.81 3.99
0.05 96.56 -10.73 5.23
0 96.42 -14.03 2.72
0 96.11 -11.63 3.87
0 95.58 -8.29 3.31
0 95 -9.46 3.99
0 95.99 -9.4 4.01
0 102.14 -4.42 3.6
1.56 94.95 -4.35 3.74
0.01 95.53 -11.34 4.23
0 95.09 -5.57 4.53
0 95.2 -5.6 2.31
0 95.81 -10.3 1.85
0.26 95.97 -12.16 1.92
0 95.97 -15.83 2.22
0 95.89 -14.1 2.81
0 95.88 -14.94 2.3
0 96.22 -14.53 1.57
0.01 96.08 -12.11 2.47
2.26 95.08 -3.44 3.12
0 95.26 -5.47 2.17
0 95.9 -8.37 2.49
0 96.5 -11.5 3.69
0 96.91 -13.03 4.69
0 96.61 -12.11 2.4
0.03 95.95 -10.66 2.26
0 96.39 -11.38 2.46
0 96.55 -13.66 1.92
0 96.08 -11.09 1.93
0.01 95.67 -9.55 2.83
0 95.46 -8.74 2.98
0 94.95 -4.71 1.71
0 94.86 -8.74 1.74
0 94.98 -7.52 1.84
0 94.94 -4.78 2.89
0 93.93 -0.03 2.44
3.37 94.34 -3.96 1.85
0 95.41 -7.42 2.03
0.16 95.57 -6.38 1.68
2.73 95.26 -7.6 2.36
0.96 95.87 -8.67 2.49
0.09 95.54 -8.95 1.94
0.24 95.25 -4.75 3.56
0 95.25 -1.37 3.72
33.69 94.94 -2.9 2.92
4.46 96.05 -10.95 3.46
0 96.74 -12.67 1.97
0.01 97.01 -13.47 1.77
1.75 97.31 -10.79 3.12
0.01 96.48 -9.99 2.57
0 95.08 -3.64 2.79
0.18 93.99 2.46 4.72
0.7 95.23 -5.81 4.83
0 95.81 -3.36 2.23
29.7 95.2 -1.14 1.97
1.04 95.2 -3.4 5.93
0.02 95.69 -5.47 2.84
0 96.09 -6.72 2.45
0 95.03 -2.78 2.86
0.24 93.7 3.36 2.64
37.65 94.39 -1.66 4.24
0 94.68 -0.35 3.24
0.06 94.68 3.35 4.52
0 95.35 1.96 2.91
0 95.95 -1.38 2.82
0.03 95.92 -4.2 3.94
0.85 95.44 -3.76 2.1
1.51 96.01 -3.14 2.1
0 95.9 2.45 1.48
0.05 95.65 5.51 2.23
4.72 95.02 8.98 4.79
2.18 94.79 7.16 5.12
0 95.24 1.26 5.76
0 95.3 -0.95 4.16
0 94.88 4.53 4.85
0 94.68 8.14 4.01
3.2 95.34 2.48 2.33
0.01 95.94 1.05 2.65
0 95.32 7.23 4.19
0.33 94.12 11.69 6.67
18.42 95.02 1.64 3.02
0 95.28 2.65 3.62
1.06 95.25 0.72 2.17
50.61 95.07 -0.63 3.97
0.04 95.8 -1.47 5.66
0 95.92 1.23 2.56
0.21 95.27 3.64 3.19
9.16 95.56 2.51 1.52
0 95.46 5.14 3.68
15.53 94.8 9.42 3.23
27.02 95.32 7.86 2.39
0.12 95.66 7.81 2.08
0.08 95.92 9.23 2.25
0.47 95.67 8.65 2.56
0.12 95.54 7.81 1.89
0 95.1 12.52 2.82
1.82 94.84 13.48 4.36
26.08 94.75 4.18 3.67
35.82 94.36 1.68 3.34
0.11 94.47 4.36 7.09
4.55 94.62 6.28 5.84
8.92 94.85 11.39 2.85
0 94.32 16.84 2.02
0 94.06 18.17 5.05
0.27 94.61 15.69 2.24
2.44 94.13 81.59 3.29
217.42 93.79 8.99 3.57
14.43 94.22 12.34 5.14
24.77 94.25 10.96 2.06
2.98 94.49 14.3 2.62
42.92 94.27 10.74 3.48
10.75 94.18 9.27 2.71
6.67 95.23 9.42 2.42
0 95.46 13.24 1.77
0 95.41 15.82 1.92
8.38 94.95 17.42 3.48
8.4 94.85 20.24 2.23
0.67 95.04 19.37 2.8
18.3 94.57 17.44 3.03
169.96 93.71 11.88 3.3
1.38 93.39 17.75 5.02
0 94.25 21.85 2.58
0 94.39 24.94 3.05
0.24 94.44 22.25 2.28
0.71 94.12 21.39 2.86
8.09 94.35 17.27 4.3
0.65 94.93 20.87 3.46
0.1 95.35 21.24 2.17
3.55 95.25 18.98 2.22
106.35 94.63 15.39 3.07
62.86 94.26 16.48 2.14
60.05 94.77 14.72 2.16
8.27 95.34 16.18 1.35
1.8 95.23 18.39 1.59
0.37 95.35 19.17 1.61
0 95.38 21.61 1.67
0.01 95.17 22.5 1.99
0 94.87 23.79 2.17
0 94.89 23.63 2.57
0 94.96 24.81 3.41
0 95.08 24.79 3.41
0 95.19 25.22 2.66
1.04 95.08 22.01 2.24
0.03 94.78 21.69 3.36
0.32 94.46 23.41 1.88
19.96 94.18 23.83 3.19
42.26 94.09 22.43 2.8
0.8 94.02 23.1 2.6
7.58 94.14 23.58 1.66
55.97 94.18 21.52 2.27
13.64 94.27 21.27 2.37
1.03 94.37 23.17 1.58
0.09 94.76 22.48 2.99
0.01 94.36 22.51 2.38
9.36 94.7 19.72 2.07
0 94.75 23.2 1.56
0 94.62 25.35 1.59
0 94.6 26.87 2.4
0 94.55 26.14 1.98
16.94 94.38 22.17 1.74
34.38 94.31 21.96 1.38
0.16 94.36 23.76 1.32
0.06 94.11 25.11 1.43
77.25 94.06 22.06 2.4
2.02 94.08 24.82 1.32
0.03 94.07 27.66 1.62
3.99 94.05 26.68 2.92
0 94.06 26.07 3.53
0.02 94.21 24.71 2.72
15.64 94.5 20.23 2.24
3.19 94.69 22.01 2.16
0.84 94.65 21.81 2.25
55.84 94.43 20.9 1.95
78.16 94.43 20.56 1.46
184.34 94.71 19.89 1.25
3.52 94.95 22.21 1.06
0 94.87 24.13 2.16
58.67 94.39 22.76 2.72
4.68 94.17 24.9 3.18
0.91 94.41 26.11 2.14
1.93 94.38 27.26 2.35
8.86 94.45 25.75 2.96
136.13 94.42 23.94 2.21
0.98 94.67 24.53 1.65
1.79 94.76 25.82 1.65
4.57 94.79 27 1.61
3.19 94.9 27.69 1.37
0.38 94.75 27.83 2.07
8.88 94.64 28.12 2.12
17.73 94.32 26.76 2.27
152.79 93.93 25.3 2.9
10.34 93.97 21.98 1.26
33.76 93.9 25.74 1.41
120.32 94.23 22.33 2.3
0 94.84 21.1 2.5
0.02 94.73 22.65 1.69
5.87 93.96 25.05 3.06
38.96 94.2 23.6 2.17
84.64 94.62 22.22 3.72
0 95.37 20.48 1.96
26.49 94.99 20.3 1.49
109.72 94.26 22.41 2.76
17.52 94.36 22.26 2.53
0 94.57 21.49 2.06
0 94.27 24.99 2.8
38.21 94.03 24.32 1.75
3.42 93.9 25.72 2.25
16.64 93.8 23.72 3.05
0 94.32 21.92 3.3
0 94.68 22.59 1.66
33.65 94.67 22.72 2.55
6.54 94.83 23.29 2.81
99.58 95 22.13 2.2
0.95 95.32 22.49 2
131.06 95.23 18.33 1.4
53.69 95.17 18.99 1.27
0.96 95.16 19.84 1.46
0 95.07 22.57 2.04
0.07 95.35 21.34 1.61
1.15 95.56 21.34 1.53
0 95.27 20.51 1.65
1.28 95.04 20.12 1.51
21.53 94.64 20.66 1.75
6.05 94.77 20.6 1.83
0.55 94.81 21.22 2.01
14.7 95.33 19.91 1.59
5.34 95.46 20.51 1.48
0.03 95.34 19.92 1.05
0 95.04 19.95 1.93
0 94.81 22.61 1.7
1.02 95.06 23.54 1.82
0 95.62 17.45 1.65
0 95.41 17.16 1.41
1.29 94.95 17.65 1.27
8.01 94.62 18.41 1.87
0.23 94.87 18.99 1.46
0 95.01 20.15 1.09
1.38 95.06 22.24 1.58
0 95.15 22.13 1.53
4.77 94.93 21.42 2.43
131.67 95.38 14.3 2.44
306.21 95.47 9.05 2.06
122.81 95.3 12.57 1.3
0 95.02 16.43 1.79
44.68 95.3 14.43 2.28
192.54 95.9 9.56 2.78
0 95.74 9.49 2.1
0 95.56 12.49 1.48
0.45 95.28 14.51 1.61
18.1 95 15.7 2.96
0.21 95.22 12.06 2.44
0 95.19 10.28 5.12
0 96.02 8.3 3.08
0 95.61 9.64 1.43
0.03 95.27 15.21 1.87
0.81 95.69 11.78 1.32
266.92 95.44 6.92 2.52
91.75 95.34 7.54 2.87
0 95.43 9.59 1.96
0 95.02 13.89 1.47
0 94.89 17.42 2.36
0 95.02 18.61 3.31
0 94.98 17.89 2.88
0 94.53 17.52 3.3
23.83 95.22 10.12 2.58
125 95.62 4.52 2.28
0 95.67 8.12 1.84
0 95.25 9.65 1.76
0 95.44 7.82 3
0 94.95 7.26 3.11
0 95.81 1.65 3.22
0 96.35 0.02 1.33
15.81 96.3 -0.57 1.3
46.06 96.34 0.67 1.07
0 96.18 1.9 1.38
0 95.64 3.22 1.33
0 95.31 8.32 1.94
6.2 95.54 8.41 3.07
2.43 96.09 3.13 4.22
0 96.42 -0.45 4.56
0 97.08 -1.83 2.9
0 96.24 0.69 2.14
0 96.11 4.77 2.58
0 96.1 6.2 1.88
0 96.18 6.08 2
0 96.01 6.45 2.51
0 96.55 1.78 3.66
0 96.05 1.57 1.95
0 95.64 5.21 2.11
0 95.72 4.87 1.42
0 95.4 7.01 2.08
0 95.12 7.1 2.01
9.58 95.32 2.86 2.63
0.22 95.8 0.01 3.86
0 95.47 -1.55 1.58
0 95.03 -0.53 1.35
31.33 94.51 -0.15 3.98
1.7 94.93 -0.83 2.42
0.99 95.93 -1.92 3.73
0 96.91 -5.43 2.42
0.03 96.22 -3.36 2.58
0 95.59 -0.15 1.79
0 95.48 1.61 2.52
0 95.15 5.29 4.31
0 94.7 3.39 2.66
0 94.47 6.13 2.23
0.18 94.63 1.85 5.01
0 95.41 -3.34 2.54
0 95.23 -2.22 2.16
0.01 95.46 -2.35 4.51
0 95.78 -7.31 2.46
0.41 94.92 -7.23 1.84
0 95.27 -7.96 6.47
0.57 95.48 -8.65 1.77
0.19 95.38 -8.12 1.1
0 94.95 -3.58 2.07
0.05 94.6 -4.73 2.16
0.05 95.17 -9.12 3.56
0 95.21 -5.61 2.56
0 94.18 1.66 2.16
0 95.65 -4.05 3.67
0 96.15 -6.53 3.45
0 94.88 -6.51 2.48
0 94.87 -8.04 1.63
0 94.35 -6.51 1.86
1.97 94.24 -9.73 4.41
0 95.24 -13.8 1.61
2.05 95.64 -15.43 2.38
0.07 96.33 -16.75 2.64
0 96.18 -16.79 4.15
0 95.87 -15.67 4.33
0 94.57 -9.63 3.08
0 94.45 -7.34 1.39
0 94.49 -4.09 2.12
0 94.75 -3.82 2.51
0 95.02 -1.88 1.87
0 94.81 -8.68 1.44
0.22 95.37 -12.18 3
0 96.6 -17.8 3.59
0 96.55 -16.45 3.97
0 95.66 -15.64 3.69
0 94.55 -11.89 3.64
0 94.25 -10.6 2.17
0 94.88 -12.31 4.24
2.13 95.14 -13.38 2.29
0.02 95.29 -12.9 5.75
0.25 95.84 -11.91 6.45
0 96.34 -11.42 3.77
0 96.49 -12.1 3.4
0 96.11 -13.36 1.11
0.01 95.72 -13.17 2.04
0.02 95.86 -11.73 5.46
0 96.47 -10.59 4.07
0.01 95.78 -7.94 2.01
0.16 95.67 -9.96 3.68
0 96.21 -13.53 3.81
0 95.45 -10.97 2.52
0 95.02 -12.42 3.95
0 95.18 -14.14 1.9
0.01 95.18 -11.71 2.91
0.02 96.2 -15.53 2.87
0 96.61 -17.8 3.89
0 96.42 -15.2 2.8
0 96.24 -14.44 3.17
0 95.95 -14.4 3.04
0 95.93 -15.06 3.07
0 95.84 -13.19 2.46
0 95.65 -13.18 1.71
0 95.66 -14.29 3.23
0.03 95.93 -14.8 3.69
0.01 96.1 -14.61 2.41
0.06 96.27 -15.37 2.78
0 96.69 -16.4 1.72
0 96.97 -14.75 2.4
0.02 96.52 -15.17 3.19
0 96.21 -14.78 3.8
0 95.99 -11.2 3.2
0 95.58 -3.47 3.04
0 95.3 -4.57 1.65
0 95.26 -8.72 1.43
0 95.08 -5.88 2.13
0 95.37 -6.28 2.47
0.02 94.47 -3.11 5.08
0.04 95.1 -3.32 3.01
0 94.84 -7.14 2.1
0.82 94.98 -8.1 3.23
0.07 95.76 -10.99 1.8
0.64 95.76 -10.76 1.07
1.04 96.02 -14 3.83
0 96.13 -12.64 2.45
0.1 96.06 -12.05 2.33
0.06 95.97 -11.87 1.77
0 95.22 -4.18 2.5
1.49 95.27 -5.72 1.46
4.29 95.69 -5.46 2.62
0 95.64 -4.59 2.11
0 95.51 -0.15 2.62
0 95.82 -1.06 2
0 95.42 1.46 2.22
0 94.89 2.99 4.31
2.73 94.78 0.81 2.29
0.32 95.52 -4.56 2.64
0 96.14 -5.54 1.89
5.54 95.51 -2.2 4.55
0.36 96.38 -9.38 3.47
0.06 95.85 -8.41 4.12
0 95.51 -6.86 3.01
0 95.5 -7.14 2.69
0 95.62 -4.69 2.86
0 95.26 -1.21 1.74
0.11 94.78 0.95 2.77
0 95.6 -1.75 4.33
0 95.31 -1.57 4.57
0 95.37 -3.73 5.76
0 95.7 -1.89 4
0 95.45 -0.39 3.25
0 94.8 2.62 3.39
0 94.12 6.94 2.3
0.02 94.89 1.2 4.88
0 96.02 -2.61 3.94
0 95.69 -5.05 5.19
0 95.45 -3.65 3.47
0 94.81 3.7 3.8
0 94.49 4.83 5.18
0 94.93 1.39 3.59
0 95.15 -0.5 2.04
1.22 95.71 -3.59 3.84
0 95.81 -2.67 3.45
0 95.54 -2.32 2.45
0 95.68 -2.54 4.84
0 98.67 -0.57 3.01
0 98.64 1.22 3.27
0 98.48 2.82 3.44
0 98.75 2.72 1.98
0 98.41 7.41 3.89
0 98.09 8.01 1.96
0 97.68 9.64 4.2
0 98.99 2.21 4.32
0 98.91 1.94 2.51
0 98.44 5.89 2.69
0 98.35 7.62 1.44
0 95.31 10.44 3.46
0.07 94.56 11.09 5.02
2.08 94.98 7.51 4.03
0 94.93 8.54 4.16
0 94.83 8.62 4.19
1.02 95.49 5.42 3.14
0 95.15 9.16 3.33
0 94.53 14.94 3.65
0 94.67 13.73 1.87
0.04 93.91 16.12 2.79
0 94.79 10.38 5.12
0 94.45 12.61 4.21
2.05 94.52 7.73 7.37
0.7 95.19 6.97 4.92
0 94.98 9.87 2.38
0 94.44 13.58 4.41
38.86 95.2 7.67 2.22
3.51 95.06 6.31 1.79
9.79 94.79 5.24 2.9
2.76 94.34 6.78 4.38
0.08 93.95 8.6 1.84
4.92 93.99 8.97 3.09
5.29 94.65 7.44 2.72
0 94.15 9.58 1.68
33.56 93.53 8.33 1.57
4.83 93.46 9.96 2.71
0.96 94.38 13.03 4.3
0.33 94.64 10.76 4.32
0 94.96 12.54 3.18
1.2 94.51 13.29 3.67
104.12 93.71 9.39 3.09
0.09 93.76 11.05 3.59
0.01 94.3 13.25 3.3
0.98 94.24 15.57 4.06
12.82 94.08 16.78 3.2
0 94.35 18.17 2.05
0.19 94 16.71 5.44
0.4 93.9 13.15 6.65
0 94.11 15.49 7.04
0 94.26 15.92 4.35
0 94.83 13.06 4.02
0 94.78 14.14 2.32
0.01 93.69 17.31 2.54
14.9 93.46 18.77 4.17
11.07 94.64 13.63 3.26
1.26 94.72 11.88 3.82
0.37 94.59 12.83 4.28
0 94.46 17.45 2.69
0 94.6 17.95 2.83
0 94.73 20.27 2.9
6.1 94.59 20.86 5.2
6.61 94.52 19.06 5.1
0.01 94.36 20.79 3.58
1.46 94.15 24.32 6.77
7.29 94.31 22.34 2.51
74.76 93.91 18.15 2.99
8.43 93.84 17.08 3.26
0.02 94.26 19.55 2.73
3.74 93.95 20.98 5.12
3.62 94.1 18.61 4.28
1.06 94.36 19.46 2.12
0.71 94.21 23.37 2.03
12.57 93.58 25.06 3.39
10.64 93.35 22.02 2.82
15.49 93.59 21.81 2.19
0 94.01 22.61 3.21
25.48 93.98 20.71 2.15
300.49 94.13 16.21 2.49
7 94.31 19.55 2.3
8.36 94.33 21.05 1.53
46.88 94.14 19.59 2.04
42.18 94.12 18.4 2.13
144.82 94.33 17.12 1.68
0.44 94.47 20.13 1.43
0 94.38 23.85 1.25
0 94.2 26.43 2.29
0.06 93.9 27.88 3.14
0 93.86 27.4 2.72
9.34 93.67 21.86 2.55
75.64 93.97 16.04 2.58
0.73 94.63 19.26 2.33
0 94.98 20.64 1.61
5.18 94.42 21.77 2.95
9.09 93.69 22.82 2.58
6.55 93.81 24.9 2.67
0.02 93.95 25.6 3.68
26.13 93.88 23.61 2.87
111.58 94 21.56 1.84
0.53 93.91 23.43 2.69
0 94.03 23.87 2.58
0 94.14 24.97 2.29
25.68 93.61 23.33 2.98
0.81 93.31 25.21 3.4
64.32 93.45 17.89 1.37
31.09 93.5 17.99 2.67
5.21 94.16 21.35 1.95
14.37 94.32 23.07 2.22
20.59 94.38 23.99 2.05
4.46 94.4 23.74 2.31
1.31 94.23 24.11 1.66
93.11 94.36 21.59 1.9
8.23 94.33 22.52 1.51
33.6 94.2 21.77 1.8
34.05 94.26 21.04 1.46
36.75 94.32 21.94 1.12
292.49 94.19 20.48 1.58
66.44 94.08 21.15 2.06
56.41 93.99 22.29 2.24
12.28 93.95 23.48 1.87
0.16 94.04 25.19 1.46
24.06 94.01 25.69 2.5
333 93.84 22.56 2.44
79.3 93.77 22.25 2.19
6.17 93.95 22.91 2.28
0.72 94.18 24.48 1.73
47.39 94.37 22.27 1.59
70.66 94.02 21.36 1.76
0.02 94.08 23.28 1.64
0.31 94.2 24.22 2.51
0.45 94.57 23.09 2.08
0.05 94.16 23.85 2.23
0 94.13 23.7 2.11
0.02 94.35 24.36 1.72
5.05 94.32 23.69 1.39
6.85 94.34 23.9 1.79
10.01 94.03 23.63 1.53
7.3 94.11 25.17 2.22
0 94.52 24.41 1.62
0 94.36 25.31 1.4
0 94.06 25.95 1.8
60.48 93.84 25.24 2.01
73.16 94.24 20.23 1.75
176.11 94.27 18.47 1.53
13.24 94.28 21.19 1.58
16.02 94.43 20.73 1.22
0.09 94.69 21.13 1.49
0.15 94.82 21.97 1.21
0 94.81 23.29 1.47
0.56 94.7 22.92 1.85
16.83 94.95 21.07 1.84
0 94.92 20.26 1.35
16.1 94.88 20.35 1.42
2.56 95.11 20.21 1.54
0.36 95.18 21.71 2
11.22 94.97 20.14 2.22
7.29 94.65 20.71 1.47
0.78 94.55 22.21 1.33
0 94.48 23.35 1.48
14.5 94.25 22.3 3.08
0.73 94.78 18.72 1.41
0 94.59 19.9 1.73
2.19 95.12 17.32 1.76
0.19 95.05 18.42 1.37
0 95.12 17.64 1.06
0 94.62 19.23 1.27
16.61 94.27 18.26 3.34
1.93 94.93 13.04 2.02
0.08 95.46 12.75 2.2
2.03 95.68 14.14 2.28
5.54 95.15 17.02 2.05
0.19 94.87 17.94 2.72
0.04 94.43 20.45 3.03
43.01 94.59 16.6 2.02
11.7 94.86 13.37 1.64
41.23 95.19 12 2.59
0 95.57 9.01 2.27
0 95.99 9.21 2.37
0 95.8 10.07 1.49
0 95.45 11.48 1.65
0 95.05 12.97 1.47
0 95.16 13.78 1.96
0 95.01 14.57 1.67
0 94.73 17.02 2.84
0.06 95.05 16.68 1.52
0.08 95.17 18.14 2.85
0.03 94.98 19.07 2.73
5.21 94.86 14.65 2.33
0.16 95.36 7.98 2.81
0 95.84 6.26 2.74
0 95.88 7.16 3.19
0 96.34 8.01 3.12
0 95.97 9.13 1.24
0 95.28 11.15 1.97
0 94.72 12.58 4.05
0 95.33 9.84 2.86
0 95.3 10.36 1.5
0 95.01 14.19 2.49
0.05 95.51 13.04 3.45
0 96.01 8.89 1.33
0 95.7 12.16 1.99
0 95.12 14.34 1.43
81.22 94.56 10.78 1.74
3.69 94.5 8.72 2.01
0.98 94.11 8.49 2.53
2.09 94.62 8.4 4.7
0 95.63 4.53 2.31
0 95.66 8.33 1.58
0 95.42 11.17 2.54
0.01 95.25 14.73 3.72
0 95.23 13.77 2.15
0.25 95.17 10.38 1.39
44.82 95.74 4.29 4.26
0.01 96.04 2.45 3.67
0 96.03 4.23 2.01
0 95.59 6.01 1.76
0.72 95.45 7.1 2.19
0 95.74 6.34 1.59
0 95.37 6.68 1.46
0 95.14 9.71 3.75
0 95.33 10.64 4.17
1.72 95.58 11.15 2.67
0.07 96.21 4.18 1.61
0.69 95.86 7.08 1.87
4.99 95.64 9.51 3.45
0.18 96.39 2.31 2.63
0.03 96.21 0.79 1.12
0 96.12 3.03 1.93
0 96.1 2.42 1.55
0 95.88 1.66 1.38
0 95.24 2.03 1.32
0 94.62 4.27 2.22
0 94.91 5.29 3.79
0.05 95.74 -2.51 2.88
0 95.84 -5.27 1.53
0 95.87 -4.55 1.52
0 96.12 -2.7 1.62
26.67 95.44 -0.78 1.05
4.44 95.29 -1.59 2.97
0.66 95.46 -5.71 3.4
0 95.9 -6.73 2.64
0 95.9 -4.8 1.87
18.41 95.59 -6.52 2.23
0.92 96.14 -7.96 3.27
0 95.87 -9.53 0.95
0.06 95.82 -7.6 1.37
1.42 95.15 -0.67 1.76
0 95.25 -2.06 1.19
0 96.14 -4.68 2.74
0 96.67 -9.43 1.57
0 96.93 -8.38 2.24
0.07 96.17 -8.3 1.06
0.02 95.48 -5.94 1.08
0 95.68 -6.84 1.55
0 96.02 -8.77 1.3
0.58 96.24 -9.85 0.7
0.64 96.21 -7.14 0.75
0.5 96.5 -8.21 3.31
0.02 96.79 -12 4.13
0 96.37 -10.94 3.8
0.01 95.52 -6.4 4.42
0 95.6 -4.09 2.61
0 96.06 -7.72 1.37
0.01 95.32 -3.55 3.45
0 96.07 -9.51 4.77
0 96.28 -13.14 3.91
0 96.38 -12.03 3.97
0 96.15 -10.39 2.68
0 96.2 -10.77 2.32
0 96.13 -12.25 0.83
0 95.76 -10.71 2.4
0 95.72 -10.23 3.47
0 95.96 -12.11 2.2
0 95.49 -10.07 2.91
0 95.69 -13.99 1.46
0 96.19 -13.57 1.32
0 96.42 -12.55 1.41
0 95.93 -8.14 1.66
0 96.38 -12.04 1.73
0 96.67 -15.39 1.27
0.06 96.1 -12.84 1
0.01 95.92 -9.71 2.51
0.23 96.31 -11.73 2.22
0.41 95.72 -12.03 2.52
0.16 95.89 -12.63 4.52
0 96.1 -11.97 2.62
0 95.92 -12.4 2.04
0 96.73 -15.11 1.37
0.09 96.61 -15.78 1.12
0 96.19 -12.95 1.42
0 96.16 -14.1 0.98
0.08 96.21 -13.84 3.02
0 96.25 -12.84 2.98
0 95.41 -7.72 3.11
0 95.66 -9.9 2.21
0 95.59 -9.71 2.23
0 95.32 -10.95 1.12
0.04 95.19 -10.19 1.12
0.06 95.39 -12.93 0.83
0 95.53 -11.91 1.3
0 96 -12.82 1.04
0.01 96.69 -14.78 3.76
0 96.52 -18.58 2.71
0 96.15 -17.93 2.96
0 95.63 -17.94 2.41
0 95.48 -17.21 2.32
0 95.08 -14.97 2.6
0 95.23 -14.4 2.03
0 95.76 -16.17 1.54
0 95.97 -15.57 1.85
0 96.36 -16.24 1.94
0.03 95.98 -18.38 1.17
0.18 95.51 -17.19 3.41
0 96.3 -17.8 4.61
0 96.26 -15.66 3.16
0 95.28 -13.62 2.79
0 95.36 -10.33 2.57
0.09 94.8 -7.16 1.89
0.02 95.46 -13.19 5.26
0 95.65 -16.01 4.71
0 95.22 -13.07 4.65
0 95.4 -10.99 3.03
0 95.76 -12.16 2.57
0 95.81 -11.99 1.69
0 95.45 -8.73 2.49
0.02 95.22 -4.89 2.19
0.19 95.8 -9.76 3.02
0 95.73 -11.12 2.87
0.03 95.82 -11.84 3.78
0 95.94 -13.02 5.06
0 95.83 -10.05 3.46
0 95.21 -5.98 2.83
0 95.4 -8.89 1.97
0 95.16 -10.7 1.04
18.68 94.79 -8.63 2.89
0 95.7 -7.48 2.53
7.58 95.58 -6.54 2.41
0.04 96.01 -8.73 3.42
0 95.94 -8.71 2.19
0 95.4 -6.68 1.53
0 94.99 -1.63 2.68
0 95.2 -0.74 2.02
7.98 95.8 -4.17 1.53
0.29 95.99 -8.09 1.67
0.24 95.91 -6.47 1.63
0.05 95.29 -2.42 1.73
32.09 94.61 -4.06 1.51
32.26 94.64 -4.82 2.59
0.03 95.26 -5.23 3.39
0 96 -8.51 3.34
0 95.7 -9.59 1.81
0.16 95.59 -8.89 4.75
0 96.03 -8 3.89
0 95.72 -6.53 1.94
0 95.06 -2.18 3.15
0 95.61 -1.42 2
0 95.16 2.99 3.46
2.87 94.28 5.88 4.11
10.85 95.09 -4.06 3.7
7.49 95.88 -8.78 2.55
0 95.59 -2.43 2.47
0 95.53 -0.64 1.8
0 94.88 4.61 4.24
0 95.5 2.03 1.76
5.16 94.59 1.05 4.38
0 95.02 -0.47 5.82
0 95.48 -0.02 3.69
0 95.14 5.05 2.7
0 95.37 8.26 3.36
0 95.5 9.26 3.65
0.21 94.49 9.8 8.45
0.41 95.16 0.95 4.85
0.22 95.17 -0.88 4.91
0 95.21 -1.06 1.75
2.52 95.09 1.01 2.74
0 94.68 4.05 4.32
0 94.52 3.95 5.33
0 94.77 3.42 4.87
0.1 95.14 3.29 2.64
0 94.62 10.15 3.94
0 94.74 10.33 5.1
0 94.62 13.28 3.77
4.7 94.41 13.61 5.89
2.97 94.76 7.87 5.01
0 94.2 11.65 3.58
0 94.03 14.49 3.82
0 94.07 14.67 3.4
1.43 94.73 8.66 3.86
0 94.97 8.86 2.69
0 94 16.5 3.69
0 94.05 19.17 3.73
1.21 94.46 15.61 5.12
22.6 95.01 13.46 2.8
1.27 94.44 13 2.56
0.22 93.81 14.3 1.86
0.45 93.72 18.4 4.29
200.4 94.29 12.32 2.72
56.39 94.23 9.23 4.49
0 93.59 11.02 4.26
0.1 93.28 10.99 8.06
0 94.55 9.32 3.88
0 94.54 12.43 2.83
0.98 94.23 17.93 3.9
0.32 94.88 15.93 2.47
18.97 94.37 16.42 2.03
0 94.4 20.71 2.58
0.51 94.61 19.4 2.42
0 94.64 17.58 3.88
0 94.28 16.92 2.67
1.19 94.26 16.79 2.35
0 94.48 18.51 2.42
0.04 94.69 20.68 2.67
13.04 94.99 19.02 2.67
78.34 94.98 14.28 1.65
22.17 94.44 13.8 2.52
21.93 94.21 11.24 2.77
2.94 94.17 11.75 4.23
0.01 93.91 12.11 3.17
5.29 93.69 12.09 5.21
0.05 94.14 15.8 1.59
0 93.98 22.8 3.82
7.62 94.63 19.66 3.15
3.7 94.96 18.71 2.27
0.09 94.76 20.89 4.44
4.35 94.51 19.67 3.75
3.26 94.64 17.34 3.67
0 94.66 16.63 3.18
0 94.43 17.99 2.47
0 94.11 19.52 2.46
0 94.56 20.33 2.23
0 94.65 23.24 2.1
8.2 94.7 19.44 2.55
45.77 95.11 14.66 3.35
0.15 95.19 16.84 1.61
10.87 94.72 17.53 3.68
14.62 94.49 16.4 2.79
60.09 94.27 15.75 2.19
11.95 93.96 18.19 3.15
1.18 94.17 20.46 2.38
4.02 93.71 20.71 2.74
21.03 93.6 21.89 2.6
41.25 93.58 21.77 2.27
40.92 93.45 21.16 3.14
9.66 93.6 17.21 2.94
1.84 93.29 16.4 3.6
11.32 93.42 16.02 2.05
134.55 94.07 13.5 1.64
362.34 94.29 14.21 2.46
248.16 94.28 15.32 3.02
6.38 94.12 19.22 1.57
6.61 94.02 21.73 1.46
6.3 94.23 21.36 1.75
23.73 93.97 21.74 1.39
9.35 94 22.44 2.01
1.99 94.15 22.36 1.27
79.87 94.13 20.56 1.43
0.93 93.85 22.33 1.91
41.47 93.87 22.27 3.09
27.14 94.24 21.01 2.77
11.34 94.62 22.73 2.32
1.18 94.79 23.04 1.66
3.92 94.49 21.15 2.65
42.98 94.09 21.63 2.38
0 93.94 23.78 2.16
2.31 93.56 24.32 3.98
4.98 93.59 22.3 3.78
0.99 93.59 22.14 3.16
0.07 93.95 22.99 1.56
0.91 94.09 22.65 1.87
0.54 93.97 23.82 1.62
15.67 93.94 24.25 2.27
87.22 93.92 25.17 2.41
19.02 93.98 25.08 2.24
190.51 93.6 21.06 1.7
56.46 93.39 18.85 2.87
125.54 93.79 18.69 3.29
24.62 94.3 20.8 2.88
0 94.3 21.08 1.48
0 94.31 22.51 1.46
0 94.54 24.41 1.33
0 94.62 25.07 2.03
0.11 94.45 24.89 2.07
1.76 94.33 24.65 1.55
7.32 94.26 24.6 1.93
42.7 94.18 23.36 1.27
439.1 93.8 21.6 3.55
0 94.26 23.08 1.57
0 94.45 23.83 2.04
4.85 94.36 24.71 2.73
78.56 93.97 25.61 3.48
1.43 94.39 23.67 1.6
90.17 93.9 23.01 2.72
14.88 93.61 23.58 4.01
0.23 94.28 22.09 1.65
47.36 94.59 20.09 1.55
123.97 94.75 19.01 1.57
118.5 94.68 19.81 1.43
14.26 94.7 21.65 1.77
95.41 94.75 21.82 1.71
0 94.92 23.34 1.25
0 94.74 24 1.39
0 94.33 25.64 1.98
8.85 94.25 25.07 1.99
5.29 94.55 23.59 1.46
0 94.4 23.81 1.68
16.85 94.51 19.77 2.37
30.18 94.54 17.54 2.01
0.73 94.63 19.72 1.64
2.26 94.29 19.18 2.04
3.38 94.38 21.28 1.88
0 94.7 22.09 2.1
0.06 94.24 23.48 3.24
61.92 94.33 22.72 2.41
2.37 94.42 20.74 1.32
10.47 94.41 19.89 2.44
5.59 95 16.08 1.68
0.04 95.13 16.47 1.99
0 94.83 20.89 2.73
0 94.78 22.49 2.32
0.22 94.64 22.92 2.33
1.49 94.72 21.5 1.21
9.47 94.59 21.34 1.71
0.68 94.19 22.41 2
0.81 94.32 23.14 2.92
0 94.52 24.97 2.34
0 94.64 25.72 2.45
0.54 94.69 24.82 2.01
211.01 94.68 16.1 3.21
26.38 95.03 13.48 3.17
0.35 95.05 12.61 1.76
1.39 95.12 15.84 2.01
0 95.04 19.73 2.12
17.91 95.18 18.65 1.66
1.05 95.11 17.35 1.19
0 95.03 18.52 1.19
0 94.94 20.78 1.82
26.05 94.62 19.47 2.11
74.76 94.66 12.91 3.65
0.31 94.77 11.51 2.47
0 95.16 14.12 1.59
0.07 95.65 13.91 1.26
0 95.75 13.44 1.35
0 95.11 14.17 2.19
0 94.62 15.29 2.39
0.13 94.59 15.48 1.31
0 94.79 17.18 1.59
1.93 94.69 18.84 2.32
0.9 94.74 17.58 1.44
2.4 95.1 15.71 1.47
0.26 95.39 15.75 1.62
21.39 95.22 14.93 2.14
1.64 95.5 14.28 1.1
57.93 95.13 10.67 1.42
88.45 95.1 9.75 6.77
1.02 95.3 11.22 3.86
0 95.3 10.82 1.59
0 95.12 12.59 1.42
0.44 94.93 13.72 2.22
0.9 94.76 12.9 3.19
0 94.9 12.85 2.02
0 95.47 10.33 1.82
0 95.85 11.67 1.33
0 95.7 13.41 1.32
0 95.16 16.45 2.38
18.43 94.77 12.77 3.3
0 95.29 7.91 2.12
0.02 94.89 9.98 2.07
0 94.72 12.42 1.87
0.1 95.11 8.39 3.93
0 95.53 6.65 2.43
0.01 95.63 7 2.14
43.87 94.97 8.91 3.41
0 95.01 4.29 4.01
0 95.14 5.13 2.4
0 94.93 8.28 2.32
0 95.41 5.88 1.52
73.48 95.69 1.44 0.93
90.63 95.11 2.05 1.44
0 94.77 5.61 1.74
0 94.51 9.05 3.15
0 95.15 8.34 2.11
0 95.14 11.29 2.71
4.29 95.06 10.41 3.48
0 96 2.97 1.46
1.89 95.9 -0.11 1.99
0.06 95.46 -0.09 3.37
0.03 95.3 -0.47 2.28
0 95.28 1.96 1.6
0 95.52 -0.43 1.98
8.12 95.57 -0.28 1.43
200.51 95.25 -0.58 53.16
70.65 95.43 -0.62 3.27
0 95.43 -4.34 1.24
0 95.08 -1.57 1.84
0 95.33 -1.33 1.41
0 95.77 -3.79 1.17
52.34 95.47 -3.09 1.03
114.15 94.15 -2.6 5.81
0.32 94.62 -4.29 3.45
0 94.69 -6.05 4.72
0 95.5 -4.89 3.32
0 95.77 -6.75 1.34
22.36 95.25 -3.2 1.75
0 95.17 -6.21 50.9
0.01 94.84 -5.99 2.66
0.01 95.42 -3.81 2.97
0 95.49 -6.21 1.52
0 95.15 -2.7 2.68
5.68 95.66 -6.1 2.35
0 95.53 -6.25 2.68
0 94.99 -5.28 2.37
0 94.94 -3.8 3.63
0 95.03 -8.4 2.61
0 94.06 -3.79 4.48
0.02 94.86 -7.19 3.96
0.02 95.43 -10.04 1.94
0 96.13 -13.39 2.06
0.11 95.74 -14.74 1.57
0.27 94.64 -4.83 3.02
1.44 94.87 -8.29 3.85
0 95.16 -11.6 1.87
0 95.17 -13.37 3.25
0 95.12 -15.44 3.04
0 95.29 -16.97 2.38
0.01 95.28 -17.2 4.67
0 95.42 -11.76 4.81
0.04 96.06 -14.33 1.57
0.02 96.21 -14.28 1.17
0.06 95.6 -12.58 1.25
0.01 95.66 -10.07 1.31
13.68 95.77 -11.74 1.13
0.8 95.54 -9.71 1.44
0.37 95.92 -13.09 1.12
0 96.24 -13 3.94
0 96.33 -15.11 2.62
0.01 95.79 -15.63 1.15
0.12 95.9 -12.88 99.48
6.49 95.91 -11.31 3.77
0.01 96.37 -16.68 3.13
0 96.14 -20.13 2.11
0 95.28 -18.99 4.06
0 96.45 -19.18 2.49
0 96.17 -19.39 1.3
0 95.61 -14.33 1.39
6.68 95.62 -15.69 1.03
15.05 95.61 -12.96 4.39
0 95.24 -15.56 3.43
0.02 94.71 -15.76 1.71
0 95.17 -18.28 4.41
0 96.25 -18.49 5.6
0 96.84 -16.23 2.23
0 95.89 -16.66 1.48
0 95.74 -15.1 1.42
0 95.63 -16.63 1.52
0 95.55 -16.49 1.68
0.02 95.95 -17.45 2.04
0 95.74 -15.64 1.76
0 95.63 -16.33 1.33
1.47 95.29 -15 0.91
0 95.36 -13.76 1.51
0 95.35 -14.22 1.05
0 95.84 -11 2.06
3.03 95.57 -14.67 1.72
0 96.26 -14.82 3.05
0 96.49 -12.27 1.82
0 95.51 -7.79 2.66
0 96.04 -10.64 1.34
12.87 96.07 -10.9 1.03
0.46 96.12 -9.89 1.96
0 95.84 -13.89 1.24
0.02 94.72 -8.61 2.65
0.04 95.33 -14.91 4.4
0 95.38 -16.22 1.67
0.11 95.7 -15.82 1.34
0.03 95.58 -12.53 2.18
0 95.19 -7.56 1.45
0 95.44 -7.72 1.28
0.03 95.36 -6.77 1.37
1.25 95.29 -7.34 1.59
0.74 95.91 -9.13 4.62
0 95.99 -11.63 2.3
1.21 95.01 -10.17 2.51
0 95.76 -10.27 2.86
0.01 95.32 -8.79 2.08
3.35 95.64 -16.37 4.38
0 96.43 -18.43 5.69
0 96.31 -16.98 1.44
0.97 95.46 -13.15 2.07
0 96.07 -14.09 2.15
0.05 96.09 -13.38 1.72
0 95.35 -7.81 84.06
0 95.16 -6.3 2.86
0 95.81 -10.64 2.41
0 95.74 -10.87 1.52
0 94.99 -7.06 2.17
0.02 95.01 -5.88 4.29
0 95.73 -12.15 3.68
0 95.88 -13.52 2.23
0.01 95.83 -12.58 1.98
0 95.68 -9.12 2.97
0 95.89 -8.07 2.61
0 95.84 -5.25 1.67
0 96.03 -7.67 1.67
7.52 95.8 -8.16 2.07
0.34 94.93 -2.07 2.62
0 94.85 0.07 2.86
0.14 94.31 -3.38 6.5
0 96.14 -8.77 6.18
0 96.13 -5.78 1.76
0 95.08 -1.21 3.03
0 95.39 1.44 3.18
0 94.77 5.12 3.2
0 94.75 3.49 1.88
0 94.15 3.48 2.19
0 94.09 -0.87 2.37
0 94.19 -3.79 5.31
0 95.61 -2.11 2.09
0 94.8 4.7 3.92
13.88 94.85 -0.35 4.03
0 96.01 -6.58 4.31
0 95.43 0.89 3.29
0 95.03 5.35 2.8
0 95.41 5.13 3.39
0 94.01 7.34 3.77
1.26 94.16 -3.33 3.74
33.49 94.92 -8 3.09
0.18 95.28 -7.8 2.92
0 94.01 0.73 6.25
0 95.04 -3.5 3.07
31.64 94.76 -6.07 3.74
0 95.43 -5.44 3.44
0 95.26 -2.21 1.86
0 94.24 4.04 4.31
2.67 94.52 0.49 3.96
0 95.33 -1.34 3.51
0 95.57 -2.24 2.57
0.31 95.42 -0.39 1.79
11.1 95.16 0.62 2.06
130.02 95.31 0.29 2.72
0 94.71 3.66 3.37
0 94.86 4.8 3.07
18.81 95.04 -1.02 2.27
56.97 95.27 -1.32 3.4
0 95.02 -0.5 2.76
0.26 94.17 1.47 3.28
13.34 94.18 0.3 3.15
2.74 95.11 0.18 4.29
0.92 94.96 1.17 3.91
0 95 2.27 3.94
0 94.5 7.82 2.92
0.18 94.11 5.75 4.73
0 94.32 2.19 6.14
0 94.1 3.81 2.14
10.58 94.38 3.17 3.23
72.95 94.69 0.79 652.54
7.1 95.65 0.45 5.12
0 95.67 1.83 2.11
0 95.33 4.74 2.94
0 94.99 8.15 2.19
0.17 94.35 12.9 5.08
83.24 94.48 7.28 2.17
0.61 94.4 7.88 3.1
0.03 94.51 8.6 4.93
0 94.56 9.85 1.86
0 94.49 13.73 2.11
3.49 94.24 12.68 4.61
0.17 94.48 11.67 6.9
0.46 95 10.57 5.89
0.45 95.06 11.06 2.02
1.23 94.94 12.23 2.39
2.41 95.12 12.6 2.05
0 94.82 17.64 2.89
0 95.05 20.33 1.8
0 94.99 21.61 2.44
0 94.95 22.25 3.31
0.14 94.66 22.65 5.07
19.17 94.39 14.57 2.07
52.46 93.51 14.36 3.71
0 93.15 17.39 5.12
0 93.74 16.24 3.06
0 93.75 19.12 2.3
0.62 94.4 15.91 5.33
0 95.31 15.9 2.56
0 95.18 17.65 2.45
1.99 94.5 19.01 3.08
0 93.94 20.49 3.64
11.64 93.33 16.22 5.14
0.01 93.34 17.73 4.06
0 93.74 18.68 3.17
0 94.6 20.01 2.69
20.01 94.34 24.7 5.18
0.98 94.99 18.21 2.27
0 94.56 21.41 2.24
1.15 94.26 22.28 4.29
1.12 94.05 20.66 4.46
1.13 93.89 20.03 3.53
0 94.17 19.08 4.64
0 93.99 23.82 2.76
0.02 93.57 26.39 5.42
0 94.36 19.82 2.75
4.97 94.05 18.61 3.87
0.06 94.32 17.96 2.96
7.83 94.89 17.85 2.83
20.56 94.73 19.1 2.53
5.38 94.48 20 3.74
2.35 94.3 22.93 3.22
0.61 94.14 23.13 4.67
49 94.59 16.36 2.93
1.69 94.81 17.95 1.78
8.68 94.56 16.26 1.95
2.99 94.3 17.81 1.83
0.03 94.3 23.29 4.34
0.15 94.28 24.97 4.33
3.14 94.2 25.19 2.9
148.23 94.24 19.22 2.35
7.23 93.95 21.25 1.51
30.95 93.65 20.66 1.77
0.31 93.99 23.5 2.2
0 94.52 23.67 2.37
0.06 94.68 23.91 1.86
1.01 94.4 23.25 1.49
12.37 94.07 22.44 1.85
37.98 93.92 21.74 2.84
80.98 93.67 21.05 2.47
130.62 93.39 19.83 1.63
38.44 93.53 22.34 2.28
72.16 93.97 21.07 2.06
97.4 93.95 22.84 3.09
35.46 93.89 23.67 3.68
42.66 93.69 23.42 2.46
140.43 93.29 22.29 2.8
0.05 93.24 24.6 3.74
1.54 93.26 24.7 2.85
0.95 93.62 24.48 2.25
0.96 93.79 25.54 2.86
8.81 93.59 25.89 3.96
41.36 93.94 23.94 2.36
55.04 94.16 21.97 1.52
0.95 94.37 22.95 1.34
0.46 94.35 22.73 1.27
16.39 94.33 22.87 2.17
55.36 94.5 22.2 2.02
0.15 94.47 24.31 1.67
208.18 93.75 21.86 2.52
77.96 93.6 22.67 3.56
0 94.15 24.22 2.87
0.17 94.02 23.32 3.07
106.16 94.01 20.7 2.43
3.65 94.21 21.79 1.82
0.21 94.2 23.99 1.74
15.34 94.05 23.86 2.16
22.94 93.64 23.93 1.65
1.04 93.72 23.78 3.62
0.01 94.04 24.49 2.08
0.02 94.05 25.23 1.79
46.44 93.82 23.03 1.88
7.32 93.77 25.12 2.42
0.6 93.69 25.31 1.66
1.08 93.5 26.57 1.6
13.1 93.62 25.55 1.99
10.22 93.88 25.93 3.03
0.26 94.11 26.22 2.81
1.02 93.92 25.8 2.67
11.8 93.56 26.58 2.62
14.11 93.43 25.45 1.66
42.52 93.57 25.87 2.27
11.4 93.85 26.27 2.07
6.94 93.63 26.81 2.01
22.15 93.85 23.94 1.6
1.08 94.25 25.22 1.42
3.65 94.3 26.98 2.72
26.87 93.99 25.39 2.84
3.6 94.02 25.43 2.89
85.89 93.95 26.05 2.33
8.53 94.06 24.94 1.49
244.06 93.52 23.66 1.26
0.07 98.43 24.97 2.46
0 94.55 22.11 2.83
0 94.81 21.21 1.98
2.02 94.77 20.81 1.4
2.64 94.32 23.8 2.17
0.28 94.49 22.5 2.19
0 94.71 22.09 1.58
0.04 94.7 22.33 1.73
12.28 94.41 21.66 1.71
8.58 94.54 19.09 2.06
20.45 94.45 18.98 1.37
223.85 93.84 18.11 1.15
52.21 94.12 14.53 3.06
0.09 94.74 15.74 2.5
21.95 94.81 16.77 2.22
1.21 95.07 15.19 1.6
4.39 95.23 15.39 1.43
0 95.31 15.59 1.44
3.81 95.18 16.81 1.86
151.09 95.17 14.35 1.58
31.72 95.21 14.18 1.01
3.84 95.25 15.93 1.35
1.29 95.19 17.74 1.61
9.66 94.7 18.81 2.4
0.08 94.82 17.1 1.68
0 94.83 17.95 2.94
1.23 94.59 21.01 3.66
18.2 93.92 20.5 3.52
0.16 94.34 19.4 3.71
0 94.97 13.28 1.98
0.65 94.63 16.12 1.87
4.05 95.25 15.84 1.25
12.44 95.67 14.84 0.75
8.27 94.66 19.89 3.49
0 95.12 18.05 1.71
0.03 95.1 18.73 1.04
1.57 94.94 18.96 3.04
30.45 95.36 12.75 3.17
0 95.6 8.73 2.18
0 95.42 10.82 2.67
0 95.04 12.3 2.48
0 94.33 18.6 3.82
0 94.48 16.05 2.81
0 95.43 12.23 1.14
0.88 95.29 13.6 1.83
97.04 95.35 10.81 2.47
0.01 95.44 10.7 3.03
0 95.22 9.19 1.88
0 94.48 18.05 3.72
0 95.62 12.72 1.23
0.01 95.52 15.04 2.88
0.02 95.87 11.57 2.49
0.18 95.33 11.1 2.08
0 94.29 16.4 2.85
9.67 94.41 13.62 4.55
0 94.86 10.24 3.23
0 95.36 11.21 1.55
19.53 95.35 11.58 3.51
2.62 96.27 3.49 4.65
0 96.25 2.75 1.34
0 95.85 7.11 1.6
0 95.85 6.89 1.35
0 95.57 11.95 3.38
44.31 95.83 9.49 1.43
1.63 95.87 7.18 1.92
0 95.72 6.2 1.43
46.75 95.6 5.21 2.31
32.64 95.5 1.52 2.1
0.01 95.7 4.12 4.56
0.01 95.99 6.03 3.33
0 95.52 4.82 1.28
0 94.94 7.14 2
3.99 95.54 5.93 2.13
0.99 96.07 3.97 2.56
0 95.98 3.64 1.5
0 96.1 4.06 1.02
0 95.85 4.65 1.75
0.3 95.28 8.61 2.35
2.25 95.61 7.6 3.33
0 95.94 5.87 1.79
0.02 95.17 6.74 2.9
0.13 94.79 6.11 4.09
0.01 95.18 3.17 2.98
0 95.27 1 1.76
0.08 95.85 1.21 3.66
0 95.77 -1.49 4.31
0 95.85 1.16 2.41
0 95.74 1.76 2.04
0 95.09 2.7 2.78
0 94.86 2.58 3.06
0 94.84 3.18 2.14
0.18 95.03 1.95 3.47
0.01 95.4 -3.32 4.48
0.03 95.6 -3.65 6.99
0 95.51 -3.7 3.85
0 95.56 -2.06 3.24
0 95.74 -3.09 1.49
0 95.46 1.17 1.96
0 95.19 0.56 1.78
0.02 94.88 -0.46 2.64
0 94.71 -4.14 4.49
0 94.85 -6.91 4.04
0 95.05 -9.93 6.57
0 95.26 -5.45 4.47
0 94.85 1.18 3.52
0 95.53 -2.43 3.11
1960.69 95.25 -0.55 2.91
1960.69 95.03 -0.22 1.54
1960.69 95.3 2.21 2.1
1960.69 95.34 1.62 2.97
1960.69 95.53 -0.98 3.38
1960.69 95.13 -2.13 1.08
1960.69 95.22 -5.2 1.52
1960.71 95.2 -4.41 2.56
1960.7 95.4 -5.89 3.07
1960.87 94.87 -8 3.64
1960.97 94.88 -8.98 1.86
1960.69 95 -11.73 4.33
1960.69 95.31 -11.5 3.73
1960.69 95.68 -8.84 3.1
1960.69 96.28 -8.89 1.37
1960.69 96.27 -10.8 1.28
1961 96.54 -12.5 2.62
1960.87 96.16 -12.88 3.69
1960.91 96.04 -11.82 3.72
1960.7 96.43 -10.89 2.89
1960.69 96.46 -10.37 1.49
1960.69 96.17 -10.56 1.31
1960.69 96.34 -9.44 1.41
1960.69 96.24 -9.51 1.22
1960.72 95.69 -6.95 2.81
1960.8 96.16 -10.14 5.14
1960.69 95.86 -10.9 2.17
1960.69 95.36 -10.87 2.89
1960.69 94.61 -5.61 3.87
1960.69 94.43 -4.98 3.46
1960.69 94.03 -3.43 4.1
1960.69 94.47 -4.51 2.81
1960.69 94.73 -3.25 3.58
1960.69 95.38 -6.09 2.32
1964.21 95.3 -8.63 1.71
1965.72 95.55 -9.58 1.56
1960.71 95.16 -6.07 3.38
1960.69 95.79 -7.49 2.68
1960.69 96.24 -14.58 3.31
1960.69 95.8 -14.72 2.42
1960.69 95.82 -12.51 2.46
1960.69 95.92 -10.8 2.51
1960.69 96.45 -13.21 2.23
1960.69 96.16 -14.35 1.96
1960.69 96.16 -11.84 1.85
1960.69 95.96 -8.31 1.89
1972.29 96.09 -11.64 1.57
1960.69 95.97 -11.48 1.53
1960.69 96.22 -8.69 2.08
1961.11 95.21 -8.29 3.74
1960.7 95.74 -10.5 4.62
1960.69 95.89 -10.23 2.28
1960.69 95.21 -6.85 1.89
1960.69 94.36 -2.01 2.94
1960.69 95.02 -4.05 2.02
1960.69 95.94 -9.49 3.62
1960.69 95.41 -6.95 4.03
1960.69 94.87 -3.84 4.5
1960.69 95.46 -8.17 3.84
1960.69 94.07 0.15 6.18
1960.69 94.92 -7.92 3.1
1960.69 95.04 -7.84 1.74
0.18 94.59 -4.72 2.27
0.07 94.64 -5.24 5.12
0 95.48 -12.95 4.44
0 95.67 -11.83 2.25
0 95.86 -13.01 1.46
0 96.11 -10.97 1.54
4.28 95.8 -11.19 1.44
13.8 95.86 -12.44 3.24
0 96.44 -14.34 3.53
0 96.24 -14.87 1.85
0 95.69 -12.93 1.68
0 96.35 -14.02 1.53
0 96.25 -13.1 1.87
0.06 95.42 -6.05 2.86
0 95.52 -7.31 2.15
0.11 96.12 -7.9 2.35
0 96.66 -10.25 1.84
0.96 96.21 -10.11 1.58
4.28 95.94 -10.29 1.65
0 95.84 -7.83 1.91
0 95.82 -5.3 2.3
0.53 96.37 -7.92 1.42
0.07 96.15 -4.89 1.04
0 95.66 -1.78 1.58
0 95.49 2.25 2.22
0.37 95.19 4.65 4.24
1.98 95.96 -3.97 4.45
0.03 95.65 -6.89 1.74
0 95.54 -5.95 1.97
0.27 95.48 -5.97 2.2
0.45 95.47 -6.33 2.07
2.1 95.77 -5.21 2.83
0 95.81 -7.2 2.83
0 95.98 -8.52 2.6
0 95.98 -7.16 2.24
0 95.52 -5.93 2.03
0 95.81 -5.71 2.93
0 95.25 -3.22 1.9
0 95.05 0.39 4.58
0 95.73 -1.6 4.42
0 95.31 -2.58 2.17
0 94.79 1.65 3.1
0 94.53 6.86 2.79
0 94.91 4.35 2.6
0 94.41 7.59 4.66
0 95.57 3.59 2.06
0.06 95.5 3.25 4.19
0 95.79 3.65 4.75
0 95.17 6.14 2.75
0 95.27 7.48 2.97
0 95.47 8.12 2.91
0 94.43 13.43 5.29
0 94.5 11.26 2.43
0.01 94.51 10.87 2.97
0 94.53 10.65 3.42
44.97 94.32 11.84 3.36
19.61 94.81 9.65 2.39
0 95 10.81 2.38
0.55 95.13 7.99 1.96
0 94.54 11.79 2.63
0 95.33 7.37 3.89
0 95.69 1.78 4.53
0 94.86 6.36 4.75
0 95.45 5.07 4.19
0 94.79 13.5 3.97
0 94.8 13.77 1.74
0 94.62 14.28 2.31
0 94.9 11.25 4.14
0 95.6 9.07 1.93
0.64 95.2 10.83 2.22
0.28 94.92 12.05 2.24
0 95.04 13.47 1.67
0 94.93 17.89 3.43
0 95.55 12.56 3.13
0 94.86 12.99 2.69
15.28 94.89 6.6 2.72
0.02 95.56 7.53 2.58
29.92 95.32 7.43 2.68
0.04 94.89 8.78 199.62
0 94.98 11.13 3.88
0 94.65 13.99 3.06
0.58 94.31 16.64 3.57
2.98 94.52 18.6 4.03
0.22 95.06 16.4 4.58
23.93 95.31 11.52 3.85
0 95.64 11.89 2.2
0 95.48 13.35 2.2
0 94.84 15.15 1.49
0 94.26 19.27 2.19
2.6 94.24 17.62 4.52
160.01 94.9 6.43 4.71
5.39 94.45 8.04 4.64
20.63 94.67 4.81 5.4
0.07 94.91 7.6 4.45
0.12 94.33 11.79 2.7
106.3 94.4 7.27 4.07
0.8 94.92 11.31 1.84
90.5 95.22 9.66 2.63
3.4 95.07 11.97 2.7
198.46 94.25 9.06 2.46
88.11 93.32 14.14 3.57
0 93.52 16.69 3.97
0.07 93.88 13.82 3.58
0 93.65 13.5 3.3
0.03 94.46 16.32 3.25
2.84 94.8 16.13 2.22
2.27 94.42 18.03 2.69
73.25 94.08 15.65 2.1
4.03 94.12 16.84 2.86
0.01 94.24 18.55 2.82
0 94.23 21.39 2.55
0.36 94.51 24.92 4
39.4 94.39 17.4 3.19
0.47 93.88 16.81 5.92
0 93.4 20.56 4.11
11.15 93.2 18.47 2.89
0.4 93.64 21.97 2.54
0 93.76 23.53 44.37
0.11 94.3 25.12 2.92
0 94.2 28.78 4.48
3.81 94.47 24.14 3.34
0.36 94.6 22.35 2.89
0 94.52 22.65 2.49
0.6 94.31 22.45 2.06
11.03 94.15 23.62 2.58
327.73 94.33 15.69 2.33
158.88 94.17 13.04 3.42
40.82 93.83 15.29 3.28
48.48 94.15 15.9 2.24
50.29 94.58 15.3 1.74
15.17 94.64 18.21 2.04
11.19 94.45 19.95 2.51
18.77 94.48 21.1 2.06
0.02 94.33 21.88 2.3
2.91 94.15 22.99 1.71
96.52 93.96 20.35 2.36
74.79 93.84 19.59 2.03
112.95 93.99 18.06 2.37
2.79 94.26 19.22 1.73
21.03 94.38 19.78 2.25
4.13 94.51 19.65 1.66
94.37 94.59 19.35 2.68
0.82 94.43 21.81 1.77
0.13 94.03 23.75 2.26
28.64 93.8 23.09 3.26
17.61 93.92 21.69 3.74
0.46 94.36 21.92 3.92
0.76 94.29 22.82 2.94
0 94.36 24.43 1.62
0 94.31 25.08 1.75
12.59 94.24 23.99 2.91
62.99 93.94 20.92 2.81
22.07 93.67 23.59 2.39
0.06 94.16 25.23 2.25
0.46 94.19 26.33 3.63
2.01 94.09 26.01 1.99
2.93 93.86 25.31 3.31
11.73 93.79 23.5 4.08
0 94.01 23.5 3.11
0 93.76 23.69 3.63
10.19 93.84 22.2 3.46
4.15 94.03 21.62 3.02
0.41 93.95 22.63 2.58
2.48 94.02 23.81 1.99
23.22 93.96 23.21 2.31
90.04 94.07 20.95 43.96
5.7 94.3 22.08 43.56
0.25 94.36 25.93 1.65
2.02 94.42 28.76 2.85
2.4 94.02 29.31 4.19
57.29 93.94 24.24 2.8
0.15 94.24 22.49 1.75
0 93.97 24.74 2.7
0.06 94.36 22.77 1.84
0 94.41 23 1.71
0.01 94.59 23.12 1.89
2.56 94.43 25.28 2.11
15.94 93.93 27.31 3.3
8.09 93.98 25.51 3.7
9.27 94.13 24.41 1.89
0 94.21 26.8 2.92
0 94.2 27.41 2.62
2.74 94.09 25.88 2.54
12.25 94.08 25.22 2.09
74.05 94.33 20.11 2.37
5.56 94.27 21.57 2.14
0 94.56 21.32 2.66
0 94.66 21.29 1.7
0.01 94.5 22.42 2.23
63.22 94.26 21.26 2.66
25.18 94 21.42 2.17
1.58 94.2 22.42 3.39
0.22 94.4 20.61 2.14
11.88 94.41 19.06 2.31
15.95 94.31 18.8 1.83
7.7 94.39 19.84 2.18
4.53 94.49 19.8 1.58
1.34 94.62 21.32 2
5.72 94.82 21.47 1.46
0.4 94.75 22.29 1.61
0.37 94.4 24.74 2.51
2.91 94.44 24.11 1.72
31.69 94.35 23.16 2.01
43.35 94.21 22.32 1.57
101.64 94.48 19.53 2.3
1.88 94.76 20.08 2.62
0 94.84 20.65 2
0 94.96 21.86 1.89
3.91 95.08 20.87 1.89
2.33 95.11 20.86 1.74
0.48 95.07 21.01 2.47
13.55 94.89 20.22 1.91
9.87 94.89 19.27 2.15
298.18 94.86 15.74 2.44
0.79 94.44 17.44 1.58
0 94.15 19.45 2.42
0 94.69 18.1 1.53
0 94.68 20.07 1.62
3.29 94.25 21.1 3.18
0.04 94.56 17.25 2.49
0 94.77 14.59 1.44
0.01 95.02 16.74 1.8
0.06 95.02 17.66 1.74
22.06 95.07 16.65 1.32
0.26 94.82 18.83 2.84
0.06 95.16 15.53 3.26
0 95.27 13.11 3.03
0 95.31 13.18 1.5
0 95.4 15.19 1.34
0 95.35 16.81 2.28
9.17 94.67 17.32 2.65
31.12 94.65 14.13 3
0.02 95.27 13.42 1.68
0.29 95.28 15.81 2.15
53.64 95.5 12.03 1.77
15.58 95.24 12.28 1.69
0 95.13 13.23 1.64
45.96 94.46 13.98 2.73
0.07 95.04 13.34 2.41
3.66 94.93 14.63 3.45
50.36 95.82 5.12 3.83
0.45 95.84 4.87 1.77
47.23 95 5.56 1.55
19.43 94.87 7.24 2.2
0 95.18 8.07 1.59
86.47 95.43 6.55 1.48
16.13 95.9 7.36 2.22
0 95.65 8.97 2.25
0 95.23 12.75 1.79
0 95.08 14.97 2.29
0 95.32 15.61 2.27
0 95.58 13.17 2.06
0.6 95.46 13.96 3.5
0.34 96.48 7.83 3.71
0 96.02 3.56 1.66
0 95.04 8.37 2.2
0 94.58 9.87 5.04
0 95.1 9.17 2.82
0 94.87 12.42 2.36
0 94.96 13.84 2.49
0 94.63 16.89 4.23
0 95.6 6.5 2.71
0 95.93 2.3 1.86
0 95.32 5.51 2.06
0 94.52 10.8 2.72
0 94.26 13.06 2.55
0 94.54 10.89 2
0 96.04 3.15 5.72
0 96.38 1.86 1.67
0 95.81 2.57 1.54
0.04 95.52 7.23 1.64
9.65 95.76 6.94 20.25
4.54 95.47 4.67 1.62
2378.36 95.08 6.19 3.35
2378.41 95.24 3.36 3.94
2378.35 95.01 6.15 2.75
2378.35 94.62 7.9 3.51
2378.36 95.03 5.33 3.2
2378.35 96.32 -1.4 3.3
2378.35 96.26 -2.68 1.8
2378.35 95.83 0.26 2.06
2378.35 95.62 4.6 2.24
2378.35 95.31 3.23 1.82
2378.36 94.98 1.75 3.8
2378.4 95.42 -5.53 6.49
2378.35 95.41 -2.82 2.97
2378.35 95.77 -2.7 1.9
2378.35 95.89 -2.44 1.69
2378.46 95.75 -1.2 1.74
2378.35 96.07 -2.91 1.52
2378.35 95.98 -1.32 1.54
2378.35 95.25 1.83 3.47
2378.35 94.68 3.18 4.42
2378.35 95.24 0.09 2.47
2378.35 95.77 -2.89 2.18
2378.39 95.49 1.22 2.74
2378.35 95.95 -3.5 1.85
2378.35 94.97 -2.68 2.39
2378.35 94.49 198.97 5.42
2378.35 95.68 -4.13 1.92
2378.35 95.17 -3.06 1.59
2378.36 94.97 -0.35 2.14
2378.75 95.11 -1.96 5.32
0 95.7 -12 6.68
0 95.46 -11.23 3.82
0 95.17 -11.34 6.07
0 95.33 -11.18 5.17
0 95.45 -10.62 4.06
0 95.67 -10.27 1.96
1.28 95.72 -10.07 1.83
0 96.2 -11.67 1.93
0.03 96.03 -8.57 2.18
1.4 95.41 -4.83 4.69
0.05 95.85 -9.33 3.06
0.01 95.44 -10.52 3.93
0 95.61 -12.12 2.36
0 95.66 -9.9 1.99
0.23 95.61 -10.16 3.48
0 95.66 -13.04 3.7
0.01 95.71 -11.38 2.25
0 95.6 -7.93 2.65
0.11 95.37 -6.54 4.32
0 95.68 -10.53 3.62
0 95.31 -10.25 3.63
0 95.1 -3.47 2.42
0 95.17 -3.87 2.87
0 96 -5.26 3.92
0 96.25 -5.24 3.23
0 96 -8.32 1.44
0 95.58 -4.76 2.35
0 94.99 -5.69 2.07
0 94.33 -4.37 3.04
0.07 95.07 -6.77 84.36
0.02 95.77 -11.31 5.77
0.09 95.77 -11.11 2.87
0 95.68 -7.29 2.99
0 94.41 -1.73 3.77
0 94.7 -2.87 2.12
0.51 95.08 -3.75 4.67
0 95.6 -7.68 3.38
0 95.98 -9.62 1.43
0 95.86 -9.17 2.27
0 95.72 -5.56 2.48
0.07 95.29 -5.24 3.33
0 96.35 -8.08 2.36
0 96.44 -9.73 1.85
0 95.99 -6.93 1.79
0 96.22 -9.96 1.59
0.26 95.85 -10.53 2.02
5.48 95.83 -10.72 3.89
0 95.89 -9.72 1.86
1.83 94.79 -5.44 3.36
0.02 95.44 -9.21 1.77
0.03 95.38 -9.3 2.02
0.79 95.92 -8.86 2.17
0 95.33 -8.15 2
0 94.82 -4.34 3.45
0 95.73 -6.63 2.36
0.97 95.34 -6.06 1.36
5.49 95.98 -9.19 3.74
0 96.47 -12.52 3.04
0 96.3 -12.39 1.81
0.06 95.7 -8.92 3.64
0 96.33 -10.73 3.81
0 96.59 -9.64 2.11
0 96.41 -8.59 1.74
0 96.25 -8.26 1.84
0.07 96.14 -5.82 2.42
0.04 96.04 -6.83 3.54
0 95.9 -3.8 3.34
0 95.3 -1.23 3.28
0.02 96.17 -11.41 6.24
0 96.21 -11.76 4.46
0 95.47 -6.57 2.81
0 94.88 -3.97 2.29
0.01 94.92 -5.91 3.67
0 95.1 -6.22 2.36
0 94.7 -5.6 1.86
0 94.55 -2.07 2.33
0.01 95.24 -4.82 1.55
7.24 94.96 -1.06 2.79
0.01 95.59 -1.87 4.88
0 96.22 -3.8 2.67
0 95.64 -3.35 3.13
6.71 94.79 0.51 3.51
31.77 94.29 -0.48 5.34
0.09 94.71 -5.89 5.76
0 95.04 -6.44 1.97
0 94.72 -7.02 1.99
0.66 95.2 -8.76 2.76
0 95.55 -9.6 3.6
0 96.17 -6.52 2.12
2.1 95.16 -2.11 5.4
0 94.88 -1.33 2.88
0.03 94.54 -3.85 2.33
0.46 95.17 -7.21 6.29
0 95.67 -6.41 3.05
0 95.36 -2.48 3.48
0 94.68 2.05 4.9
0 95.11 0.57 3.05
2.7 95.71 -3.98 3.48
0 96.45 -10 5.83
0 95.77 -5.08 2.99
0 95.42 -4.58 4.13
0 94.95 -3.79 2.93
0 109.21 194.01 198.83
0 94.99 0.8 3.97
0 94.65 5.34 3.8
0 94.64 5.62 3.33
0 95.39 2.5 2.68
0 94.6 7.17 3.49
0 94.9 6.04 3.82
0 95.02 5.09 2.53
0 94.97 5.62 4.21
0 95.91 1.65 4.27
0 96.1 2.57 2.66
0 96.27 3.57 1.78
0 95.98 7.91 2.95
0 95.76 13.48 4.23
0 94.94 14.14 5.19
0 94.59 12.59 3.71
0 94.69 10.82 3.52
0 94.26 13.89 4.47
3.61 95.32 5.91 2.92
0 95.36 4.66 2.08
221 93.89 2.27 2.22
2.16 94.66 3.68 2.24
1.53 94.61 4.37 2.07
0.18 95.13 2.62 4.68
0 96.24 -1.15 4.01
0 96.18 -0.26 3.37
0 95.37 4.81 3.26
0.08 95.14 7.36 3.04
0.06 95.37 7.83 1.96
12.79 95.62 6.19 3.58
173.18 96.24 -0.71 4.78
0.28 95.75 2.66 1.92
0 94.15 11.16 2.19
0.36 93.27 14.56 4.98
1.09 94.17 8.06 5.19
0 94.28 10.61 2.2
0.03 94.53 13.07 3.48
0.01 95.06 10.27 3.93
0.01 94.64 11.1 3.41
0.02 94.58 10.54 3
0 94.74 14.31 3.85
0 95.02 13.54 5.2
0 95.27 13.39 2.4
0 94.6 21.18 4.27
0 94.22 24.19 4.67
10.39 93.95 20.95 4.75
8.88 94.63 16.5 2.46
0 94.63 19.55 2.34
0 94.58 20.33 2.9
11.6 94.33 16.34 3.52
12.42 94.39 15.78 2.5
0 94.71 12.65 5.69
0 94.47 13.72 4.44
0 93.97 14.52 5.95
0 94.51 11.79 2.55
0.29 94.42 12.22 5.78
20.53 94.77 6.6 2.12
0 95.13 8.47 2
90.41 95.02 7.82 2.74
50.98 94.08 7.22 2.08
13.23 92.82 10.72 4
0.29 92.87 19.38 3.77
2.19 94.25 15.37 5.29
0.01 94.81 15.71 4.29
0 94.22 18.66 3.81
15.03 93.39 18.97 4.11
15.97 93.59 14.21 5.39
1.92 93.99 12.65 5.56
0 94.82 18.12 4.3
0 94.45 21.84 3.7
0 94.31 22.62 2.54
0.77 94.23 22.72 2.79
0.04 94.03 25.9 3.43
0.16 93.96 25.91 4
2.82 94.19 22.77 2.3
0.11 94.17 22.73 3.43
8.6 93.74 24.15 3.27
0.39 94.14 20.68 3.79
0 94.2 19.69 2.5
0 93.3 25.44 6.99
4.38 93.92 21.74 3.4
1.83 94.46 18.8 3.75
0 94.65 21.06 3.06
43.13 93.85 18.46 4.11
38.06 93.38 18.73 2.45
34.35 93.89 18.71 1.92
0.19 94.17 20.37 3.64
1.59 93.95 19.53 2.73
3.06 93.95 19.56 2.21
71.78 93.7 17.24 2.61
194.2 93.23 15.41 2.27
114.45 93.33 16.07 1.52
54.77 94.24 17.11 2.39
0.41 94.48 20.46 2.19
8.39 94.3 22.39 1.86
0.17 94.01 23.57 1.94
146.91 94.06 19.24 2.39
10.88 94.21 18.02 3.87
118.45 94.71 16.14 2.43
0.05 94.78 21.26 2.3
0 94.37 23.74 1.88
3.65 94.08 24.44 3.12
0.2 94.22 23.89 2.64
10.74 94.02 23.99 3.04
10.32 93.77 21.84 2.1
58.27 93.77 21.02 2.21
0.63 94.19 22.06 1.66
4.18 94.22 23.92 2.26
136.67 94.43 17.48 1.83
32.05 93.8 18.11 2.03
20.14 93.38 18.81 3.47
15.73 93.95 16.3 3.23
0.09 94.52 18.24 2.02
33.3 94.48 19.85 2.17
8.99 94.62 20.4 1.83
0 94.57 22.52 2.22
0.2 94.42 24.58 2.33
7.11 94.58 25.28 2.22
0.18 94.8 26.28 2.92
3.97 94.64 24.38 2.87
0.9 94.37 24.96 1.56
0.65 93.9 26.28 2.23
0.13 93.73 25.83 2.98
5.15 94.02 26.53 2.17
14.04 94.48 23.81 2.46
30.4 94.69 20.45 2.01
16.59 94.5 21.45 1.59
52.44 94.3 22.82 1.9
40.16 94.42 22.84 2.72
20.26 94.34 23.58 2.34
51.49 94.07 24.03 2.07
67.79 94.09 22.34 1.91
10.13 94.09 22.16 1.34
12.36 93.9 22.58 1.89
4.93 93.69 24.06 1.99
4.32 94.1 24.55 2.6
11.65 94.19 24.66 1.69
25.79 93.93 24.14 2.2
75.83 93.98 22.53 2.37
305.69 94.36 20.68 2.31
6.04 94.56 21.76 1.48
1.26 94.34 23.2 2.11
39.32 93.82 24.79 3.06
0.07 93.81 22.99 2.36
0.78 93.67 24.76 2.25
1.75 93.83 26.03 3.16
21.41 94.25 23.93 2.02
17.1 94.8 22.16 2.44
27.39 94.84 22.58 1.6
6.48 94.77 23.37 2.17
0 94.81 23.19 1.97
0 94.62 23.63 1.67
0 94.47 23.8 1.54
0 94.12 25.16 1.86
1.3 93.92 25.35 2.32
0.03 94.22 23.38 2.45
0 94.28 22.76 1.7
0.58 108.16 217.37 197.95
39.89 108.49 218.52 198.26
75.75 94.71 19.89 1.86
19.29 94.44 19.1 1.96
4.65 94.26 20.39 2.55
32.53 94.38 19.83 1.74
6.43 94.72 20.24 2.06
32.49 94.94 19.45 1.85
12.78 94.88 19.79 2.39
83.29 94.74 19.34 2.24
0.03 94.66 20.14 2.41
19.54 94.5 18.69 1.73
3.71 94.66 18.26 1.51
9.69 94.8 18.58 1.41
83.05 95 17.96 1.4
154.26 95.06 17.95 2.23
4.37 95.02 20.39 2.11
0.24 95.18 18.73 1.94
7.67 94.99 18.21 1.7
27.38 94.87 16.74 2.38
0.01 94.98 16.5 1.58
0 94.83 19.27 1.41
2.64 95 20.37 2.56
22.96 95.72 15.46 1.98
1.19 95.59 14.36 1.72
78.81 95.05 13.39 1.81
9.17 94.97 14.2 2.85
0 94.88 18.9 2.25
0 95.2 19.64 2.75
0 95.29 19.39 2.83
0 95.14 19.89 2.79
3.46 95.17 19.43 1.42
8.74 95.27 18.51 2.16
0.01 95.35 15.91 1.84
2.96 94.8 16.23 2.37
3.53 94.61 17.77 2.11
38.98 94.41 17.7 3.28
21.44 94.62 13.18 2.17
60.67 94.51 14.12 1.92
8.2 94.51 14.53 2.95
0 94.77 12.76 1.97
0 94.99 14.42 2.21
0.12 95.82 12.37 1.6
1.79 96.25 11.05 2.41
3.84 95.04 15.59 2.98
35.61 94.4 10.48 5.57
0.06 94.29 13.13 4.96
0 95.3 9.79 1.83
0 95.59 13.01 2.16
0 95.07 17.42 3.47
0 94.99 17.64 1.82
0 94.75 18.44 3.55
0 95.11 9.52 3.4
0.27 94.45 5.18 2.88
9.78 94.61 5.14 5.32
5.08 94.94 9.66 4.66
0 95.32 11.74 2.33
0 95.4 12.31 1.77
0 95.13 13.57 1.55
0 95.08 13.29 1.72
0 95.07 15.68 2.58
2.6 95.28 12.89 3.11
0 96.04 5.42 2.71
0 94.89 9.64 2.76
35.64 95.54 3.99 1.54
12.46 95.81 4.34 1.96
0.81 101.24 89.51 42.14
0 100.74 90.13 42
0 96.09 6.19 2.62
0 95.95 4.13 1.82
4.06 94.65 7.78 5.86
0 94.79 3.42 3.01
0 95.39 0.92 3.33
0 95.71 -0.54 3.89
0 96.16 -0.31 3.22
0 96.18 3.12 1.6
0 95.52 5.79 1.98
0 95.36 5.64 1.34
0 95.23 9.26 3.78
0 95.49 10.2 3.21
0.31 96.72 0.55 3.33
32.15 96.78 -3.61 2.81
19.64 96.39 -3.68 3.15
8.75 95.87 -3.48 1.92
0.35 95.88 -3.09 1.36
0 96.01 -3.16 1.37
0 96.17 -1.88 1.51
0.07 96 0.93 1.36
0.01 95.26 3.53 2.75
0 94.63 5.96 2.5
0.2 95.59 1.73 2.37
8.04 95.42 -3.94 2.5
0 96.13 -6.07 2.27
9 96.01 -7.73 2.15
6.38 96 -8.63 2.06
6.29 95.98 -9.72 1.76
3.12 96.47 -10.89 1.62
10.31 96.96 -11.95 2.45
12.1 97.01 -13.02 2.92
0.05 96.88 -15.33 1.82
0.01 96.02 -15.16 2.74
0 95.91 -14.39 3.12
0.04 95.42 -12.05 1.45
0.16 95.88 -10.57 1.59
6.6 95.6 -6.53 2.39
0 95.46 -8.77 1.46
0.37 94.78 -6.04 1.65
0.13 94.56 -5.95 5.1
0.58 94.88 -7.63 6.6
0 95.22 -4.55 4.73
0 95.93 -5.22 2.19
0 96.1 -8.86 1.71
0 96.24 -10.32 0.92
0 95.74 -3.5 2.19
1.52 95.43 -0.21 2.26
0.01 95.77 -1.63 3.68
0 96.08 -7.72 1.52
0 95.74 -6.75 1.77
0 95.87 -7.69 1.31
2.63 95.13 -5.32 3.38
0.02 95.2 -6.66 4.81
0.03 95.8 -8.76 5.67
0 95.82 -7.18 3.22
0 96.34 -5.44 2.21
0 96.27 -6.57 1.47
0 95.4 -3.61 2.23
0 95.66 -6.09 1.71
0 95.75 -8.53 1.64
0 95.67 -6.21 2.2
0 95.77 -10.78 2.28
0.01 94.71 -8.52 2.69
0 95.84 -13.92 3.97
0 96.5 -15.18 1.75
0 96.23 -8.18 2.13
0.16 95.83 -7.16 1.59
2.02 96.1 -7.99 1.3
0 96.03 -8.93 2.26
0 95.17 -2.98 2.52
0.01 95.25 -7.73 1.27
5.6 95.44 -8.64 2.17
0 95.85 -11.01 3.64
0 95.65 -12.24 2.85
0 95.98 -9.8 4.03
0 95.78 -9.9 3.09
0 95.61 -10.35 3.36
0 95.36 -9.78 2.92
0 96.14 -12.41 3.41
0 96.37 -12.9 3.04
0 95.81 -11.71 3.61
0.06 95.17 -11.39 4.11
0.08 94.92 -12.29 2.32
0 95.03 -12.4 1.76
26.96 95.71 -16.57 2.5
1.57 95.64 -19.46 2.7
0 95.23 -19.2 3.98
0 95.87 -19.18 1.57
0 96.38 -19.37 1.47
0.41 96.34 -18.27 2.19
0.71 96.83 -21.58 3.82
0 96.71 -24.07 5.41
0 96.18 -15.06 5.15
0 95.6 -10.35 3.37
0 95.49 -11.86 4.19
0 95.56 -10.03 3.26
0 96.17 -14.36 1.82
0 96.61 -16.96 1.81
0 96.36 -17.08 2.13
0 96.4 -13.8 3.48
0 96.27 -10.86 2.72
0 95.91 -9.11 2.16
0 95.69 -8.29 2.78
0 95.89 -8.85 3.65
0 95.84 -9.24 3.5
0 95.74 -7.2 2.64
0 94.84 -7.38 2.51
0.01 94.49 -4.78 3.4
0 95.12 -2.54 2.87
0 94.76 1.49 3.19
0.05 94.68 0.88 2.55
1.46 95.05 -0.07 3.46
18.53 95.8 -8.97 6.01
0 95.79 -12.69 5.77
0 95.1 -9.28 4.54
0 95.01 -5.3 4.37
0 94.91 -1.71 4.3
0 94.95 -4.03 4.09
0.09 95.8 -7.84 3.26
0 95.75 -9.56 3.58
0 95.61 -10.54 2.28
0.01 95.77 -8.51 3.04
0 96.64 -11.14 2.57
0 96.24 -9.15 2.61
0 96.17 -8.87 3.15
0.06 95.5 -7.11 3.3
0.02 95.62 -7.71 1.77
0.09 95.91 -8.42 4.43
0.05 96.12 -8.99 3.25
0.02 95.19 -1.8 2.9
0 94.86 0.62 2.09
0 94.87 -0.36 2.42
0.11 95.25 -1.8 1.31
22.64 94.99 0.13 3.97
0.02 95.04 -1.53 2.5
6.75 95.32 -5.14 4.52
0 96.04 -8.13 4.07
0 96.14 -7.77 3.57
0.02 95.91 -6.93 3.51
0 95.39 -5.94 1.96
0 94.74 -0.79 4.47
0 95.53 -2.13 3.08
0 95.33 1.3 2.77
0 94.75 5.01 2.8
0 94.6 8.56 3.13
0 94.16 10.92 5.73
0 94.7 7.13 4.7
0 95.6 3.06 1.88
0 95.81 5.06 2.06
0 95.43 8.45 3.21
0 95.83 5.11 4.66
0.01 96.37 2.04 5.12
0 96.38 1.93 3.82
0 96.04 3.12 2.79
0 95.64 7.95 3.43
0 95.04 9.11 2.73
0 94.42 10.94 3.9
0.44 94.9 6.99 3.17
0 94.82 8.48 3.59
0 93.85 16.09 4.98
7.01 94.16 10.32 5.86
0.38 95.25 5.79 4.5
0 95.23 7.88 3.56
0 94.42 10.83 3.44
0.05 94.76 9.88 2.24
0.96 94.06 12.95 5.63
0 94.5 9.4 5.36
0 94.38 11.67 6.05
0 94.76 6.38 2.8
0 95.39 4.33 3.4
0 94.81 6.96 4.98
15.65 93.97 8.59 2.22
0.14 93.69 10.81 5.59
0 94.82 11.22 3.23
0.17 94.26 15.76 5.27
9.97 94.29 10.59 4.58
5.66 94.28 6.03 3.99
3.62 94.58 6.39 2.94
1.89 94.83 9.1 3.89
0.04 94.51 14.26 2.87
0 93.7 15.25 6.24
0 94.23 10.24 6
0 94.79 10.63 2.91
0 94.22 14.44 5.04
0.58 95.15 9.69 2.86
25.61 95.36 7.63 1.94
0.97 94.94 11.78 1.77
0 95.09 12.04 2.08
16.59 94.22 13.09 3.2
0.06 93.88 16.55 2.82
14.74 93.56 21.24 3.91
135.3 94.39 11.32 2.12
52.76 93.53 11.47 4.47
0 94 16.15 3.38
11.56 93.94 15.75 5.51
0.02 94.27 12.69 5.98
0 95.05 15.63 2.61
0 94.45 19.21 4.15
0.58 94.68 17.21 2.48
0 94.35 17.48 2.35
4.04 93.5 19.98 4.54
131.28 94.28 11.39 4.56
0 95.08 15.86 4.36
22.73 94.71 12.84 4.72
1.03 94.59 13.05 3.49
0 94.07 18.1 2.59
0 94.15 23.87 3.6
0 94.39 25.76 4.71
0 94.63 23.92 4.18
0 94.8 23.67 3.99
0.02 95.62 19.13 4.06
0.02 95.53 17.79 2.2
26.76 94.63 14.76 1.54
30.32 93.51 15.33 5.13
7.81 93.79 18.5 3.19
0.21 94.29 18.51 4.94
0 94.17 22.76 4.45
0.04 93.8 25.12 4.56
0 94.23 18.81 4.9
0 93.95 22.36 4.52
7.54 94.75 17.75 1.95
0 94.79 20.41 1.52
0 94.4 23.59 2.52
0.01 94.03 25.45 3.25
0.02 94.23 22.84 2.98
0.08 94.45 24.01 2.34
13.37 94.68 19.53 3.58
4.82 94.69 19.11 1.72
0.05 94.43 21.64 2.18
44.35 94.09 20.5 4.42
74.36 93.84 20.53 5.04
33.75 94.39 17.59 2.33
6.25 94.26 19.33 2.36
2.14 93.93 20.2 2.27
67.51 93.84 16.39 2.37
9.24 93.86 18.84 1.92
2.04 93.45 20.61 2.61
28.82 93.5 20.75 1.96
5.67 94.05 20.51 2.8
0.01 94.15 23.28 2.5
56.38 93.78 25.35 3.13
19.59 93.81 23.81 2.43
27.9 93.85 22.85 2.21
12.98 94.13 21.48 3.32
3.65 94.15 21.21 3.59
0 94.31 24.57 3.18
0 94.27 24.89 2.15
44.84 93.98 23.86 2.8
34.07 94.07 19.61 3.65
93.49 93.93 20.3 2.7
72.89 94 20.2 1.62
0 94.17 20.39 1.8
0.27 94.11 22.11 1.66
0 94.2 26.1 3.27
0 94.38 25.33 3.11
1.28 94.61 25.27 1.75
0 94.68 26.52 1.91
0 94.59 27.79 2.93
0 94.34 27.32 2.55
0 94.14 28.02 1.8
0 93.88 29.29 2.88
7.35 93.55 29.32 3.36
84.24 93.9 22 2
0.79 94.2 24.37 2.6
0.7 94.58 22.24 2.46
4.89 94.26 19.52 1.91
6.95 94.11 19.12 1.85
4.07 94.36 21.89 1.51
0.45 94.33 23.93 2.35
11.88 94.39 24.65 3.17
115.07 94.56 21.86 2.84
706.67 94.13 20.56 2.74
27.8 93.82 23.35 1.89
5.77 93.66 26.78 2.61
0.19 94.24 25.79 2.46
455.68 94.3 20.2 2.56
2.59 94.12 22.22 1.77
1.33 93.92 23.92 2.95
80.02 93.9 23.09 2.05
16.22 94.27 23.17 1.61
84.74 94.52 23.92 1.99
79.93 94.69 21.91 1.79
18.92 94.78 22.69 1.9
0.22 94.76 24.47 1.42
0 94.68 26.47 1.71
0 94.62 27.49 2.05
0 94.51 27.36 2.25
205.33 94.27 25.25 1.99
111.31 94.67 23.41 2.36
0 94.76 22.12 1.5
0 94.34 24.27 2.42
0 94.09 27.81 3.46
0.46 94.11 29.53 3.13
7.85 94.25 24.99 2.03
0 94.21 24.35 1.87
0 94.5 23.31 1.84
2.36 94.41 22.91 1.49
60.72 94.25 21.4 1.8
3.26 94.12 22.71 1.35
199.91 94.1 20.22 2.01
11.17 94.54 21.06 1.86
57.15 94.63 21.52 1.64
1.22 94.78 22.37 1.74
0.84 94.86 22.81 1.62
12.03 94.35 21.09 1.79
56.07 94.2 22.85 2.1
208.63 94.96 17.73 3.96
0 95.21 17.72 2.15
3.32 94.86 18.06 1.83
2.41 94.84 18.6 1.95
0 95.04 17.77 2.31
0 94.47 17.27 1.9
16.73 93.39 16.12 4.44
19.56 93.22 15.86 3.08
5.67 93.89 19.02 1.33
22.04 94.41 18.43 1.21
66.64 94.66 17.1 1.44
39.19 94.58 17.06 1.38
34.88 94.45 18.94 1.35
1.31 94.2 19.21 1.54
21.88 94.28 17.83 1.64
30.61 94.62 16.19 1.81
43.93 94.78 15.86 1.77
69.04 95.15 15.14 2.01
10.2 95.38 15.68 1.43
1.66 95.29 16.86 1.13
25.3 95.08 18.25 1.94
0.04 94.97 18.99 1.37
2.13 95.11 17.87 1.93
1.1 95.52 15.47 2.15
25.94 95.67 13 2.27
0.07 95.68 13.55 2.22
0 95.52 14.17 1.53
0.49 95.26 15.36 2.1
3.88 94.9 16.48 2.16
2.21 94.62 17.64 1.94
0.93 94.33 20.44 3.92
0.04 95.07 16.73 1.86
6.19 94.83 16.92 2.48
2.91 95.61 10.92 4.35
0 96.02 7.81 2.28
0.04 95.18 9.51 2.22
0.05 94.83 15.96 2.16
12.24 94.66 18.97 3.72
2.31 94.74 15.78 2.26
0.49 94.78 14.28 3.53
119.2 95.37 6.53 2.22
9.36 95.42 5.25 2.05
0.34 95.96 7.78 1.63
52.54 95.04 10.47 2.69
0.61 95.3 5.71 4.52
0 95.53 4.2 1.49
1.65 95.16 4.8 1.89
0 95.68 5.17 40.84
0.2 95.63 6.77 1.38
0 95.24 10.55 1.24
0 95.31 11.92 1.3
0.09 95.42 15.52 3.19
3.6 94.91 14.31 4.19
0 95.45 8.91 2.03
0 95.16 11.82 2
0 95.08 11 2.12
0.94 96.01 3.36 2.66
32.91 95.36 4.62 1.72
38.59 96.05 1.66 2.33
0 95.64 2.2 1.52
0 95 3.59 1.76
0 94.61 8.01 3.9
0 95.83 2.2 2.2
12.94 95.82 2.51 1.56
6.96 96.03 1.41 2.67
0.14 96.08 0.04 2.3
10.46 95.83 -1.45 3.08
0 96.6 -5.36 3.04
0 96.2 -2.61 2.79
0 95.51 1.03 3.3
0 94.99 1.5 1.98
0 94.1 2.12 1.21
0 95.18 0.78 2.47
0.13 95.96 -1.97 1.81
5.03 96.19 -2.23 3.42
0 96.55 -4.46 2.08
0 95.87 -2.86 1.87
1.24 94.4 2.26 3.12
6.27 94.7 -2.59 1.88
0.37 95.22 -1.91 1.74
0 94.63 4.15 3.88
0 95.37 0.77 5.6
0 95.61 -3.82 2.06
0 95.41 -1.3 2.12
0 95.24 -0.83 3.04
0.24 94.81 -0.81 2.52
2.55 95.3 -5.59 2.43
14.42 95.82 -7.95 1.86
30 96.16 -9.73 2.78
0 96.49 -11.13 3.26
0 96.17 -10.31 3.32
0 95.68 -7.92 2.58
0 95.33 -5.06 2.36
0 94.87 -2.63 3.54
0 95.72 -6.8 3.03
0 96.12 -3.73 2.24
0.04 96.39 -5.02 2.1
2.69 95.23 -0.99 4.11
0 95.99 -3.22 4.11
0 95.69 1.07 2.75
0 94.94 3.92 3.4
0 95.16 -1.35 2.93
0.23 95.73 -6.03 3.36
0 95.18 -6.48 2.81
0 95.39 -7.31 2.22
3.45 94.83 -4.6 3.87
0 95.76 -7.98 2.2
0 95.9 -8.5 1.71
0 95.24 -5.34 2.96
8.4 95.68 -4.13 2.69
0 96.27 -9.18 4.13
0 96.17 -10.09 2.58
0.01 96.17 -9.32 3.92
0 95.33 -3.84 2.59
0 95.35 -5.07 1.45
0 95.51 -4.54 1.42
0 95.56 -4.07 1.53
0.02 95.88 -3.29 1.4
0.06 96.01 -6.12 2.6
7.5 95.63 -10.05 3.56
0 95.99 -11 2.61
0 95.86 -11.74 1.4
0.02 95.68 -6.85 3.14
0.71 96.39 -10.25 4.32
0 96.22 -11.8 2.26
0 95.89 -9.75 4.41
0 96.11 -8.87 3.22
0 95.64 -8.38 1.53
0 95.53 -7.65 1.5
0 95.3 -3.24 3.52
0 95.49 -4.84 2.32
0 95.15 -3.33 2.5
0 95.81 -6.65 1.59
0 96.1 -8.17 1.59
0 95.61 -4.51 1.24
8.04 95.69 -3.93 1.49
11.48 95.25 -4.98 2.39
0.01 95.39 -8.49 3.35
0 95.62 -11.28 3.64
0 95.39 -11.39 2.68
0.01 95.15 -12.84 2.85
0 95.27 -10.84 5.25
0 96.23 -12.07 2.26
0.05 96.2 -14.36 1.38
0.01 96.11 -13.93 1.36
0.13 95.89 -11.94 2.06
0 96.22 -12.34 1.67
8.46 95.92 -13.27 2.68
0 95.93 -13.37 2.31
0 95.56 -12.76 4.66
0 96.27 -14.22 3.06
0 96.38 -14.28 2.2
0 96.49 -13.05 1.37
0 95.84 -7.68 2.15
0.03 95.12 -3.91 5.67
0 95.64 -6.81 3.52
0 95.16 -9.74 2.28
0.53 96.01 -12.18 3.95
0 96.26 -9.92 3.48
0 95.7 -8.37 3.65
0 96.42 -7.98 4.16
0 95.83 -4.48 2.54
0 95.27 -4.66 1.78
0.24 94.94 -1.83 2.71
0 95.32 -6.05 3.81
0.01 96.24 -6.91 2.89
0.01 96.19 -8.04 1.14
0.02 95.97 -8.89 5.83
0.01 95.51 -10.12 6.67
0 95.69 -9.7 5.55
0 95.8 -7.12 3.14
0 95.78 -7.39 1.58
0 96.28 -5.97 1.9
0 96.09 -4.18 2.44
0 94.88 3.02 3.34
1.51 95.34 -4.19 4.85
0 95.87 -6.98 3.59
0 95.28 -6.17 2.4
0 94.24 -4.49 5.31
0 96 -7.48 4.74
10.24 95.73 -6.07 3
8.51 95.16 -4.32 4.38
0 95.65 -4.95 3.58
0 95.36 -2.02 3.84
0 95.33 -0.81 3.02
0 95.54 -1.72 1.67
0 95.17 1.76 3.15
0 95.18 0.06 3.02
0.3 95.57 -5.06 3.37
0 94.73 -0.77 2.72
0 94.89 -0.85 1.83
0.03 95.12 -4.8 2.24
0.11 95.48 -5.42 3.46
0.03 95.26 -8.02 4.58
0 95.22 -5.23 5.45
0 94.76 -0.58 4.46
0 94.58 0.73 3.3
0 94.79 2.52 1.91
0 95.06 4.63 3.58
0 95.88 -0.76 5.05
0 95.9 1.15 2.83
0 95.87 1.36 2.18
0 95.56 2.87 1.64
0 95.23 2.81 1.8
2.91 95.1 3.4 1.81
0 95.64 4.8 2.33
0.06 95.77 4.07 1.67
0.39 95.83 1.67 3.44
0 95.61 1.77 2.51
0 95.39 2.58 2.04
0.38 95.77 1.54 1.43
2.93 95.44 1.12 1.63
0.96 95.28 2.82 2.84
0.28 95.2 1.66 2.28
0 95.4 2.8 2.59
0 95.14 5.8 2.8
0 95.1 8.93 3.65
0.04 95.94 4.06 2.74
0 95.72 3.97 1.96
0 95.12 5.26 1.8
0 95.13 9.03 2.22
0 95.01 12.64 3.73
0 94.66 17.16 4.43
0.25 94.42 14.95 3.9
2.87 94.56 10.68 4.07
2.06 94.61 9.1 2.69
0 95.4 8.35 3.9
0 95.34 8.63 1.99
0 94.33 13.56 3.96
0 94.94 7.43 4.13
0 94.86 6.38 2.29
0 94.14 13.13 5.14
0 93.78 15.3 2.96
0 94.22 16.68 3.66
0.11 94.6 13.74 3.26
1.01 93.47 14.22 4.73
0.25 93.65 7.69 6.58
6.81 94.01 8.06 3.16
5.57 94.42 8.9 3.2
0 94.82 10.08 2.36
0.01 94.15 13.27 5.03
0 94.41 9.46 3.15
0 94.74 8.9 3.36
0.01 95.37 8.79 3.78
0 95.4 10.59 4.91
0 94.57 15.12 4.37
0 94.05 17.35 3.45
0 93.7 20.73 4.8
0 94.62 15.76 2.21
0 94.9 17.93 2.4
0 94.82 22.02 5
1.06 94.73 19.59 6.86
8.26 94.72 15.03 3.47
9.91 94.4 9.97 6.29
0 94.67 10.05 6.4
0 94.52 18.59 3.95
0 94.25 20.23 2.76
0 93.92 21.81 4.89
0.23 94.01 19.28 3.49
0.02 94.15 14.94 5.81
0 93.99 12.9 4.63
4.18 94.25 11.65 4.1
0.2 94.97 13.65 4.67
0 94.92 16.56 2.42
0 94.12 20.23 1.7
0 93.93 23.89 2.2
0 93.88 29.17 3.82
0.86 94.33 26.44 3.42
0.62 94.65 22.59 2.93
6.27 95.03 13.94 3.84
224.23 95.08 9.28 2.14
0.02 94.81 16.42 1.96
0.01 94.41 19.18 2.11
0.08 94.97 14.79 2.92
0 94.47 18.97 2.55
0 94.07 21.67 3.32
0 94.41 21.4 4.1
12.93 94.63 17.78 3.15
0.37 94.13 20.44 3.04
9.2 93.72 19.98 2.87
0 94.21 16.7 3.42
139.93 94.52 11.49 2.08
0 94.59 16 2.63
0 94.61 19.6 2.16
0 94.72 21.91 2.25
21.56 94.41 16.04 2.99
1.65 94.16 18.86 2.87
0.19 94.07 21.49 3.6
0 94.2 20.21 3.32
0 94.54 18.43 1.94
3.52 94.7 17.98 1.92
14.28 94.99 18.35 1.85
0 94.98 20.75 2.28
0 94.54 27.1 2.44
0.08 94.28 27.82 1.88
1.26 94.12 26.4 2.44
6.31 94.01 24.19 2.41
32.8 94.03 20.78 2.76
88.37 93.93 19.45 1.67
5.54 93.99 19.96 2.69
0.28 94.19 20.7 2.33
40.2 94.55 18.85 1.61
74.62 94.45 17.42 1.73
3.84 94.16 19.69 1.55
2.87 94.14 22.39 1.69
0 94.31 24.15 1.72
40.91 94.16 25.18 2.54
13.35 94.15 26.37 2.88
0.06 94.03 27.89 3.45
4.96 93.97 27.07 2.29
13.31 93.84 27.44 2.38
26.92 94.05 25.03 2.18
0.31 94.17 25.5 2.23
17.2 94.31 23.87 2.01
51.59 94.46 22.93 1.61
34.24 94.22 24.3 2.93
756.99 93.42 22.43 2.55
17.82 93.33 24.81 2.72
33.43 93.51 24.54 2.99
0.33 93.51 23.68 1.75
0 93.73 25.52 2.46
0.5 93.84 28.11 2.5
44.52 93.62 27.63 3
9.71 94.08 25.63 1.87
9.05 94.38 26.6 2.11
0 94.52 27.03 1.83
0 94.4 29.17 2.01
0.01 94.13 29.36 3.13
28.87 93.95 26.46 2.72
62.71 94 21.25 2.23
31.15 94.71 21.09 2.02
18.56 94.66 21.64 1.84
1.52 94.19 23.92 1.29
0.97 94.34 23.59 1.6
0.24 94.54 23.64 1.96
26.17 94.15 22.74 2.98
1.45 94.42 22.97 2.66
0 94.91 22.57 1.85
0 94.46 23.18 1.71
37.68 94.05 24 2.26
0.06 94.22 25.3 1.81
0.54 94.26 26.95 2.68
31.38 94.04 25.08 2.06
595.27 93.52 22.81 2.05
9.27 93.9 24.36 1.44
124.46 93.95 24.09 2.38
37.82 93.79 22 1.82
1.88 93.83 23.61 2.16
16.79 93.71 22.25 1.46
33.94 93.52 20.92 1.58
9.2 93.61 22.97 1.5
10.22 94.01 23.25 2.47
34.85 94.36 22.72 1.99
0.26 94.52 23.57 1.87
19.3 94.47 22.34 1.81
36.5 94.41 21.11 1.66
232.5 94.48 19.34 2.21
82.5 94.62 20.56 1.9
74.03 94.77 21.16 1.65
13.3 94.79 21.69 1.64
6.63 94.39 22.36 2.02
0.72 94.13 25.34 1.81
22.78 94.62 22.39 2.02
251.2 94.52 18.86 1.89
0.04 94.49 19.61 3.8
0 94.55 17.84 3.49
0 94.87 19.33 2.19
10.09 94.56 17.61 2.76
3.82 95.09 15.59 2.94
0 95.18 13.79 2
0 94.92 16.03 2.05
0.33 94.93 16.21 1.54
1.81 94.74 19.47 1.71
13.19 94.77 19.15 2.05
4.8 94.64 19.86 2.9
2.37 94.47 21.29 2.98
0.03 94.39 19.82 3.48
0 94.31 18.87 1.74
0 94.07 21.52 2.34
0.95 94.71 17.68 2.56
15 94.72 17.11 2.12
57.05 94.57 16.27 1.59
0.04 94.84 15.86 2.09
0 95.24 14.45 1.85
0 95.48 15.39 1.6
2.15 95.44 17.01 2.16
6.35 95.21 18.33 1.93
0.78 94.79 18.67 2.25
0.01 94.62 16.51 2.23
0 94.05 19.11 2.37
0.23 94.54 14.59 3.1
0 94.88 14.9 1.49
0.59 94.17 19.88 3.46
14.64 94.24 16.97 3.87
0 94.37 18.53 4.36
0.06 94.77 17.12 2.64
11.73 94.68 16.36 2.81
19.99 95.03 12.69 2.16
0.07 94.97 9.58 2.32
0 94.85 8.19 3.38
0 94.69 9.28 2.56
0 94.77 13.35 2.95
0.08 95.01 14.15 4.09
0 95.77 8.72 2.4
0 96.1 6.67 1.98
0 95.8 9.64 2.71
0 95.08 14.79 3.56
0 94.85 15.74 3.43
0 95.26 13.54 1.84
11.33 95.56 11.8 1.54
76.5 96.23 8.42 2.92
23.97 96.23 4.73 2.5
2.02 95.99 4.52 2.79
2.04 95.59 4.39 2.09
0 95.47 5.88 3.06
0.01 96.07 3.91 1.34
18.75 96.1 6.25 1.96
0.07 96.45 4.42 1.81
0 96.26 4.74 1.78
2.23 95.56 7.85 1.31
0.05 95.4 8.27 1.5
0 95.04 11.7 2.7
0.01 95.83 6.44 1.79
4.7 95.91 3.74 1.49
0.05 95.9 4.5 1.61
0 95.65 6.74 1.98
0 95.77 7.46 1.46
0 95.11 10.43 1.49
0.03 94.94 11.22 1.84
0 95.84 6.27 4.38
0 96.36 1.27 3.56
0 95.79 5.23 2.35
0 94.87 7.93 2.79
