1.42 94.16 -16.02 1.5
0.07 94.83 -17.27 1.86
26.27 94.63 -18.61 1.71
6.81 94.98 -19.4 3.67
0 95.29 -21.08 2.1
0.01 95.47 -21.29 2.31
0.09 95.56 -19.12 1.71
19.7 94.91 -17.28 1.19
4.29 95.14 -16.51 1.77
0 95.43 -16.75 1.8
0 95.44 -17.29 3.19
0 94.88 -20.19 3.81
0 94.91 -18.1 3.45
1.18 94.68 -16.2 1.88
0 95.75 -15.92 1.71
0 95.35 -14.85 1.19
0 95.04 -10.94 1.62
0.01 94.95 -7.09 1.52
0 94.45 -1.41 2.58
0.31 95.58 -10.16 4.69
0 95.57 -14.65 4.11
0 95.31 -13.07 4.83
0 94.79 -9.68 4.16
0 94.21 -10.63 4.51
0 95.17 -10.72 4.02
0 98.49 -7.25 2.84
1.77 94.07 -5.51 2.63
0.04 94.72 -11.76 4.2
0 94.33 -6.86 4.55
0 94.32 -6.74 2.13
0 94.87 -9.64 1.96
0.83 94.99 -11.64 2.23
0 95.04 -15.22 2.45
0 94.99 -14.23 2.58
0 94.96 -14.4 2.44
0 95.26 -14.46 1.62
0.04 95.14 -12.61 2.44
7.26 94.28 -5.46 2.41
0 94.36 -6.02 1.95
0 94.93 -7.93 2.57
0 95.52 -11.36 3.35
0 95.92 -12.67 3.5
0 95.67 -12.67 2.16
0.12 95.05 -11.41 2.18
0 95.47 -11.81 2.97
0 95.63 -13.72 2.07
0 95.18 -11.96 1.94
0.02 94.78 -9.92 3.32
0 94.59 -9.65 2.55
0 94.06 -5.67 1.79
0 93.87 -6.19 1.91
0 94.02 -5.37 1.91
0 94.07 -4.48 2.59
0 93.09 0.21 2.07
3.01 93.36 -1.89 1.95
0 94.36 -5.07 2.16
0.86 94.57 -4.39 1.98
9.65 94.24 -5.74 2.01
2.03 94.85 -7.88 2.52
0.32 94.55 -8.12 2.16
1.74 94.4 -4.72 3.69
0 94.46 -3.34 2.79
31.65 94 -2.67 2.73
1.95 95.1 -10.2 3.58
0 95.73 -12 1.82
0.03 95.95 -11.92 1.82
7.26 96.28 -10.5 2.54
0.02 95.59 -10.81 3.01
0 94.28 -5.39 2.52
0.72 93.22 0.67 3.58
1.67 94.33 -5.57 4.3
0 94.91 -3.71 2.21
41.74 94.36 -1.21 2.19
0.91 94.41 -3.95 5.72
0.02 94.76 -5.72 2.49
0 95.14 -6.45 2.59
0 94.2 -3.92 2.85
0.63 92.84 3.44 2.44
31.56 93.48 -1.05 3.76
0 93.82 -0.09 2.87
0.13 93.86 3.01 3.73
0 94.5 1.44 2.7
0 94.97 -0.92 2.71
0.12 95 -4.01 3.66
0.54 94.49 -2.91 2.37
1.7 95.05 -2.03 2.03
0 95.01 2.48 1.69
0.16 94.8 4.87 2.39
14.7 94.21 7.5 3.3
6.04 94 6.09 4.7
0 94.41 0.92 5.25
0 94.44 -0.84 4.21
0 94.07 3.43 3.72
0 93.8 7.56 3.47
5.48 94.37 2.38 2.51
0.02 95.06 1.02 2.55
0 94.5 6.27 3.45
0.52 93.34 11.41 5.37
18.5 94.02 2.65 3.02
0 94.37 2.88 3.17
2.61 94.26 2 2.41
44.63 94.18 -0.19 3.38
0.02 94.95 -1.74 4.88
0 95.05 0.84 2.6
0.27 94.4 3.21 2.49
5.72 94.57 3.2 2.05
0 94.59 4.29 2.56
18.6 93.93 10.12 2.64
27.62 94.37 8.36 1.89
0.78 94.74 7.89 2.08
0.4 94.98 9.03 2.19
2.15 94.75 8.31 2.24
0.36 94.67 7.27 2.29
0 94.27 11.41 3.09
11.92 94.03 11.63 4.16
26.44 93.87 3.48 3.44
6.87 93.48 1.95 3.81
0.19 93.67 4.1 5.82
1.39 93.83 6.36 4.91
4.01 94.03 11.16 2.62
0 93.5 16.28 2.26
0 93.26 17.75 4
0.35 93.74 15.4 2.36
4.99 93.22 84.76 2.64
223.99 92.86 10.33 3.1
5 93.41 12.9 3.98
35.78 93.37 12.24 2.3
3.83 93.6 14.47 2.83
45.13 93.45 10.26 4.02
14.52 93.34 8.81 2.67
1.49 94.33 9.79 2.5
0 94.57 12.75 1.82
0 94.52 15.44 1.82
6.15 94.18 15.75 3.07
4.54 94.06 19.05 2.33
1.85 94.22 18.1 2.56
20.17 93.75 16.55 2.53
180.51 92.94 11.91 2.57
0.29 92.69 17.69 4.63
0 93.47 20.83 2.74
0 93.64 22.47 2.43
1.36 93.6 21.14 2.22
0.56 93.25 20.81 2.44
8.89 93.5 17.16 4.04
0.49 94.09 20.13 2.87
0.52 94.44 20.86 2.18
21.98 94.4 17.63 1.83
115.38 93.8 14.96 2.26
44.64 93.46 16.32 2.27
45.15 93.88 15.06 1.99
10.79 94.46 16.1 1.39
6.31 94.38 16.98 1.68
1.29 94.5 18.35 1.73
0 94.56 20.31 1.81
0.04 94.37 21.13 2.04
0 94.08 22.16 2.16
0 94.07 22.23 2.45
0 94.18 22.81 2.9
0 94.3 23.04 2.91
0 94.39 22.96 2.21
3.94 94.25 20 2.2
0.05 93.98 20.29 2.93
1.57 93.66 22.45 2.06
30.8 93.42 22.17 2.87
37.92 93.33 20.81 2.59
0.64 93.23 22.68 2.52
57.89 93.29 22.74 2
93.38 93.33 19.85 2.06
18.08 93.43 19.7 1.91
1.51 93.55 21.96 1.65
0.07 93.91 22.25 2.61
0.07 93.51 22.54 1.88
5.06 93.78 20.53 2.13
0 93.93 22.47 1.67
0 93.81 24.53 1.94
0 93.8 25.08 2.54
0 93.72 24.87 2.04
13.56 93.52 22.26 1.69
24.49 93.43 22.7 1.45
0.23 93.49 23.9 1.67
0.37 93.32 25.27 1.43
82.66 93.24 21.77 2.14
1.83 93.25 24.53 1.81
0.18 93.27 27.1 1.88
4.63 93.26 26.3 2.17
0 93.27 25.88 3.17
0.05 93.37 24.92 2.74
8.51 93.62 21.28 1.91
2.18 93.81 22.48 2.21
3.73 93.77 21.6 2.16
66.84 93.57 20.53 1.97
142.41 93.56 20.11 1.7
203.39 93.82 20.07 1.3
7.31 94.08 22.1 1.5
0 94.03 23.36 2.18
100.94 93.62 21.88 2.3
10.2 93.4 24.23 2.83
7.54 93.64 24.94 2.06
5.16 93.62 25.95 2.47
18.44 93.69 24.69 2.34
131.87 93.57 23.43 1.75
1.31 93.81 24.27 1.72
1.63 93.93 25.55 1.75
5.35 93.97 26.24 1.53
9.22 94.11 27 1.7
1.34 93.99 27.21 2.06
9.45 93.91 26.21 2.03
18.68 93.54 25.9 2.19
202.41 93.12 26.11 2.51
8.73 93.06 23.48 1.44
49.25 93.1 25.73 1.43
161.42 93.39 22.09 1.67
0 94 21.03 2.01
0.09 93.9 21.96 1.81
17.56 93.23 23.54 2.52
73.7 93.43 22.52 1.71
81.33 93.84 20.97 3.16
0 94.54 19.59 1.59
36.88 94.14 19.2 1.74
91.76 93.46 21.66 2.36
40.31 93.54 21.76 2.2
0 93.77 20.83 1.98
0 93.51 23.42 2.36
18.78 93.23 24.38 2.02
3.51 93.14 25.13 2.19
20.86 93.04 22.82 3.21
0 93.54 21.06 2.77
0 93.86 21.76 1.81
13.64 93.87 21.63 2.25
24.26 94.03 21.99 2.11
126.06 94.19 21.7 1.92
0.95 94.49 21.85 2
177.36 94.38 18.27 1.69
51 94.34 18.79 1.71
1.38 94.35 19.18 1.71
0 94.29 21.07 1.81
0.25 94.49 21.07 1.71
3.51 94.67 20.66 1.72
0 94.41 20.07 1.95
1.18 94.19 19.79 1.68
22.03 93.83 20.03 1.83
5.67 93.93 20.06 1.45
1.54 94 20.77 2.01
10.4 94.47 19.49 1.61
3.59 94.6 20.37 1.52
0.03 94.46 19.38 1.44
0 94.21 19.33 1.8
0 94.03 21.39 1.77
0.59 94.21 22.46 2
0 94.68 18.28 1.87
0 94.53 17.8 1.51
5.77 94.12 18.42 1.51
9.98 93.81 18.66 1.86
0.17 94.02 19.12 1.59
0 94.17 20.08 1.45
16.29 94.25 21.24 1.51
0 94.34 21.4 1.92
10.96 94.14 19.85 2.12
119.61 94.41 14.9 2.09
261.18 94.49 9.47 1.91
179.86 94.41 12.68 1.52
0 94.18 15.91 1.55
68.32 94.38 14.06 2.07
196.8 95 9.13 2.59
0 94.93 9.49 2.7
0 94.7 11.82 1.86
5.35 94.46 13.58 1.77
16.7 94.23 13.88 2.34
0.31 94.41 11.44 2.45
0 94.38 9.94 4.63
0 95.17 8.18 2.41
0 94.77 9.2 1.57
0.03 94.51 13.72 2.11
3.27 94.75 12.5 1.61
272.6 94.46 8.13 2.39
50.46 94.46 8.36 2.94
0 94.58 9.29 2.06
0 94.23 12.64 1.85
0 94.14 15.35 2.41
0 94.28 16.2 2.58
0 94.24 15.83 2.19
0 93.8 15.25 2.65
77.59 94.25 10.54 1.87
172.95 94.7 5.34 2.34
0 94.84 7.49 1.8
0 94.43 8.94 2.21
0 94.61 7.7 3.07
0 94.14 7.11 3.18
0 94.82 3.13 2.71
0 95.4 1.05 1.34
24.34 95.31 0.61 1.53
43.14 95.37 0.9 1.17
0 95.29 1.77 1.52
0 94.78 4.21 1.35
0 94.54 8.01 1.38
6.69 94.66 8.41 1.94
13.54 95.16 3.31 3.29
0 95.55 -0.45 3.97
0 96.18 -2.07 2.21
0 95.4 -0.19 1.87
0 95.29 3.5 2.03
0 95.28 4.73 1.64
0 95.34 4.99 1.72
0 95.16 5.08 2.19
0 95.62 1.52 3.04
0 95.21 1.03 2
0 94.81 4.21 1.92
0 94.89 3.88 1.67
0 94.6 5.79 1.84
0 94.3 6.13 1.64
4.33 94.43 3.12 2.92
0.82 94.92 -0.42 3.49
0 94.58 -2.19 1.6
0 94.16 -0.3 1.56
20.7 93.66 0.59 3.86
2.87 94.06 -1.26 2.3
0.78 95.08 -2.43 4.04
0 96.01 -5.83 2.87
0.1 95.38 -4.2 2.47
0 94.74 -0.98 1.73
0 94.67 -0.03 1.91
0 94.36 3.18 2.78
0 93.88 2.3 2.27
0 93.66 3.98 2.08
0.93 93.84 0.95 4.97
0 94.54 -3.73 2.2
0 94.38 -3.23 1.93
0.04 94.67 -3.52 4.38
0 94.89 -7.38 2.61
0.74 94.06 -6.93 2.76
0 94.46 -7.99 5.97
0.28 94.54 -7.7 2.02
0.16 94.42 -6.27 1.48
0 94.12 -3.41 2.22
0.04 93.7 -2.61 2
0.12 94.31 -7.21 3.99
0 94.39 -7.41 2.09
0 93.47 0.1 2.21
0 94.73 -3.28 3.66
0 95.3 -6.82 3.59
0 94.01 -6.37 2.73
0 93.97 -7.3 2.08
0 93.46 -5.65 1.96
2.09 93.35 -8.55 4.16
0 94.29 -12.56 2.15
1.23 94.54 -12.72 2.13
0.06 95.35 -15.71 3.13
0 95.32 -17.02 4.46
0 95.05 -16.24 4.61
0 93.76 -9.35 3.96
0 93.61 -7.18 2.21
0 93.67 -5.31 2.22
0 93.94 -3.53 3.26
0 94.16 -2.31 2.14
0 93.86 -7 1.47
0.44 94.42 -10.02 3.36
0 95.66 -17.33 4.09
0 95.66 -16.66 3.6
0 94.78 -15.6 3.39
0 93.74 -12.59 3.35
0 93.4 -9.7 2.8
0 94.03 -12.8 3.6
2.65 94.24 -12.98 2.48
0.08 94.47 -14.03 4.82
0.17 95 -13.18 5.02
0 95.38 -12.87 3.43
0 95.51 -13.22 2.78
0 95.11 -12.91 1.5
0.04 94.74 -13.24 2.27
0.09 94.95 -12.66 4.56
0 95.57 -12.24 3.95
0.04 94.91 -10.02 2.09
0.58 94.73 -10.72 3.77
0 95.3 -14.62 4.22
0 94.57 -12.09 3.01
0 94.11 -13.25 4.1
0 94.23 -13.45 2.12
0.02 94.24 -12.24 2.92
0.08 95.21 -15.78 3.34
0 95.64 -18.05 3.89
0 95.44 -16.18 2.36
0 95.3 -15.22 2.81
0 95.04 -15.65 3.36
0 95 -15.23 3.8
0 94.92 -13.76 2.58
0 94.72 -13.56 2.17
0 94.73 -14.36 3.24
0.12 94.98 -15.09 3.81
0.04 95.11 -15.03 2.12
0.06 95.29 -15.49 2.74
0 95.7 -15.7 2.05
0 95.99 -14.66 2.84
0.06 95.55 -14.87 3.13
0 95.28 -15.59 3.66
0 95.11 -11.89 3.84
0 94.75 -5.48 3.25
0 94.41 -6.44 2.36
0 94.31 -8.8 1.94
0 94.19 -7.42 2.3
0 94.38 -6.2 2.2
0.08 93.65 -5.35 3.49
0.02 94.18 -4.31 2.72
0 93.81 -6.87 2.19
0.66 93.96 -7.34 3.19
0.14 94.75 -10.38 1.98
2.14 94.72 -9.48 1.35
1.42 95.01 -13.34 3.86
0 95.12 -12.97 2.41
0.33 95.01 -11.66 2.1
0.19 95.02 -12.55 1.9
0 94.4 -6.25 2.78
1.58 94.29 -5.85 1.73
2.08 94.72 -5.34 2.66
0 94.73 -5.5 2.16
0 94.62 -1.84 1.9
0 94.88 -1.84 1.69
0 94.53 -0.25 2.05
0 94.06 0.91 3.02
2.39 93.84 -0.27 2.12
0.19 94.54 -4.19 3.15
0 95.13 -4.8 1.95
22.03 94.6 -3.13 3.8
1.29 95.25 -8.73 3.16
0.1 94.86 -7.99 3.16
0 94.58 -7.42 3.22
0 94.57 -7.69 2.65
0 94.71 -4.97 3.08
0 94.38 -2.23 2.02
0.3 93.86 0.81 2.48
0 94.66 -1.99 3.6
0 94.42 -2.05 4.47
0 94.45 -4.07 4.41
0 94.8 -2.3 3.75
0 94.54 -0.9 3.35
0 93.93 1.27 2.71
0 93.24 5.66 2.04
0.06 93.96 1.91 4.54
0 95.06 -2.36 4.58
0 94.76 -5.07 4.71
0 94.51 -3.65 3.02
0 93.96 2.45 3.07
0 93.62 3.81 5.17
0 93.99 1.2 3.53
0 94.11 -0.09 2.31
1.46 94.76 -3.78 4.31
0 94.87 -3.19 3.01
0 94.6 -2.59 2.56
0 94.76 -2.48 4.31
0 97.75 -0.97 2.59
0 97.72 0.57 2.87
0 97.56 2.68 2.78
0 97.8 2.41 1.88
0 97.55 6.37 2.85
0 97.21 7.56 2.12
0 96.82 9.08 3.71
0 98 2.36 3.81
0 97.97 2.06 2.22
0 97.57 5.22 2.46
0 97.46 6.99 1.58
0 94.45 8.71 3.09
0.11 93.74 9.91 4.74
2.27 94.1 7.49 4.62
0 94.09 7.18 3.85
0 93.88 8.25 3.26
1.46 94.58 4.95 3.26
0 94.3 8.3 3.19
0 93.72 12.79 2.96
0 93.76 12.85 1.94
0.04 93.09 14.94 3.36
0 93.85 10.39 4.55
0 93.63 11.52 3.78
1.7 93.64 7.98 6.71
0.43 94.23 7.06 4.58
0 94.08 9.45 2.19
0 93.54 12.72 3.49
53.56 94.21 7.43 2.27
2.17 94.11 6.47 2.29
8.31 93.85 5.78 3.12
3.76 93.47 6.32 3.78
0.08 93.01 8.49 2.01
16.84 93.05 8.81 2.64
1.38 93.68 7.58 2.75
0 93.22 9.82 1.85
62.21 92.62 8.37 1.67
4.19 92.59 9.18 2.66
0.97 93.52 12.98 3.48
0.29 93.76 10.82 3.8
0 94.06 12.25 2.56
8.02 93.6 11.46 2.86
120.14 92.84 9.1 3.03
0.43 92.9 10.52 3.54
0.01 93.4 13.06 2.83
2.71 93.42 13.98 3.68
19.32 93.23 15.59 2.89
0 93.46 17.23 2.33
0.26 93.2 15.02 4.98
2.53 93.16 11.85 6.2
0 93.34 14.54 6.05
0 93.4 15.8 4.23
0 93.9 13.4 3.36
0 93.86 14.09 2.48
0.04 92.78 17.72 2.54
12.05 92.64 17.58 3.53
8.55 93.7 13.16 2.91
1.67 93.85 11.67 3.22
1.34 93.74 12.46 4.57
0 93.6 16.79 3.15
0 93.72 18.03 2.83
0 93.86 19.89 3.05
17.4 93.79 18.97 3.63
19.71 93.71 17.54 4.25
0.03 93.57 18.92 2.73
1.23 93.4 22.15 4.24
32.64 93.46 20.91 2.39
35.71 93.06 18.07 3.4
7.72 92.97 16.64 2.98
0.08 93.41 18.86 2.94
4.93 93.16 19.19 4.3
3.65 93.25 18.32 3.85
0.22 93.49 19 2.29
4.03 93.39 21.85 2.33
10.49 92.78 22.82 2.89
26.26 92.51 20.58 2.4
18.03 92.73 21.18 2.52
0 93.13 21.49 2.67
58.26 93.05 19.91 2.15
134.88 93.23 15.89 2.22
6.21 93.43 19.11 1.97
5.61 93.44 20.79 1.92
44.74 93.22 20.35 2.22
116.12 93.2 18.59 2.01
96.14 93.4 17.49 1.88
0.98 93.58 20.28 2.01
0 93.51 23.3 1.83
0 93.38 25.1 2.11
0.06 93.13 26.12 2.58
0 93.06 25.78 2.65
22.12 92.79 21.78 2.26
99.7 92.99 16.48 2.29
2.52 93.7 18.81 2.45
0 94.04 20.19 1.74
4.41 93.48 21.25 2.67
6.55 92.81 22.28 2.28
7.68 92.99 24 2.49
0.02 93.13 24.02 3.04
35.12 93.05 23.32 2.42
52.5 93.13 21.78 1.75
0.5 93.03 22.81 2.31
0 93.16 23.39 2.5
0 93.29 24.65 2.29
117.27 92.82 21.66 2.48
0.86 92.53 23.96 2.99
79.03 92.57 17.74 2.01
22.15 92.65 18.11 2.79
9.21 93.31 20.81 1.92
15.03 93.49 22.19 2.13
17.8 93.55 23.2 2.21
11.65 93.56 22.76 2.17
4.23 93.37 23.64 1.58
30.28 93.46 21.99 1.86
35.23 93.43 21.97 1.66
32.76 93.31 21.59 1.73
14.88 93.35 20.94 1.6
106.64 93.41 21.63 1.59
189.61 93.27 20.49 1.67
66.76 93.18 20.84 1.53
68.66 93.12 21.6 1.85
19.08 93.11 22.85 1.76
0.14 93.18 25.09 1.65
80.5 93.16 25.15 2.34
523.42 92.93 21.59 2.05
68.4 92.91 22.38 2.31
14.76 93.1 22.5 2.29
0.42 93.34 24.08 1.57
61.28 93.51 20.94 1.68
83.4 93.14 21.2 1.71
0.07 93.22 22.93 1.84
0.23 93.37 23.56 2.19
0.9 93.69 22.5 2
0.04 93.31 22.91 2.12
0 93.28 23.82 1.93
0.08 93.49 23.55 1.61
11.85 93.45 22.87 1.69
9.04 93.48 23.22 1.78
7.75 93.13 23.64 1.99
9.97 93.27 24.69 1.91
0 93.66 24.28 1.59
0 93.49 25.17 1.52
0 93.21 25.42 1.87
9.9 92.96 24.8 1.82
125.43 93.28 21.37 1.63
254.58 93.33 19.19 1.63
15.21 93.38 21.28 1.64
8.6 93.55 20.48 1.47
0.09 93.82 20.89 1.78
0.12 93.96 21.28 1.52
0 93.96 22.5 1.54
1.56 93.84 22.33 1.84
9.95 94.01 20.59 1.71
0 94.01 20.24 1.54
103.49 93.98 19.67 1.37
11.25 94.2 19.39 1.64
1.45 94.29 20.45 1.5
11.58 94.09 19.18 1.79
5.68 93.77 20.07 1.55
0.71 93.7 21.1 1.64
0 93.64 22.44 1.56
14.97 93.41 21.73 2.71
2.15 93.88 18.73 2.05
0 93.72 18.97 1.73
20.23 94.18 17.5 2.15
0.89 94.14 18.15 1.67
0 94.18 17.96 1.54
0 93.74 18.72 1.54
9.88 93.4 17.88 2.64
5.02 93.99 13.07 2.02
0.26 94.58 12.55 2.1
6.33 94.81 12.6 1.95
6.83 94.31 15.88 1.82
1.3 94.05 15.9 2.17
0.11 93.66 18.8 2.86
10.62 93.68 17.31 2.09
24.78 93.87 14.97 1.75
51.61 94.23 12.65 2.45
0 94.62 9.07 2.33
0 95.06 9.02 2.34
0 94.89 9.85 1.66
0 94.55 11.26 1.82
0 94.17 12.72 1.93
0 94.26 13.61 2.15
0 94.16 13.77 2.04
0 93.92 16.07 2.73
0.03 94.2 16.31 2.05
0.48 94.34 17.12 2.57
0.09 94.15 17.08 2.09
8.79 93.99 14.43 1.78
0.13 94.44 8.82 3.42
0 94.91 6.56 2.53
0 94.98 6.32 2.85
0 95.44 7.05 2.9
0 95.09 8.06 1.99
0 94.43 9.63 2.12
0 93.89 10.95 3.23
0 94.42 9.1 1.85
0 94.4 9.64 1.54
0 94.2 12.81 1.97
0.16 94.57 12.89 2.49
0 95.08 9.21 1.55
0 94.83 11.24 1.71
0 94.26 12.92 1.6
61.95 93.69 10.14 1.63
3.44 93.61 7.93 2.23
2.01 93.28 7.37 2.96
2.77 93.77 8.12 3.92
0 94.69 4.99 2.26
0 94.78 7.54 1.42
0 94.58 9.55 1.96
0.04 94.42 12.89 2.64
0 94.38 12.73 1.8
0.85 94.27 10.56 1.74
52.76 94.77 4.38 3.19
0.01 95.13 1.52 3.27
0 95.15 3.28 1.81
0 94.71 4.86 1.65
3.31 94.58 5.87 2.31
0 94.83 5.33 1.53
0 94.5 5.75 1.63
0 94.33 7.58 2.49
0 94.52 9.44 2.98
7.33 94.72 9.82 2.47
0.04 95.25 4.53 1.73
2.38 94.96 7.8 1.61
3.23 94.74 8.93 2.61
0.19 95.35 3.07 2.63
0.18 95.23 1.45 1.24
0 95.19 2.96 1.78
0 95.14 3.1 1.74
0 94.95 1.72 1.37
0 94.34 1.56 1.49
0 93.76 2.82 1.92
0 94.04 4.38 3.54
0.04 94.78 -2.46 2.49
0 94.84 -4.29 1.86
0 94.9 -3.19 1.63
0 95.08 -0.14 1.84
38.54 94.48 1.73 1.1
4.49 94.24 -0.38 2.44
2.33 94.5 -5.28 3.88
0 94.99 -7.33 2.32
0 94.99 -5.1 1.88
11.12 94.56 -5.25 2.98
0.16 95.2 -8.45 2.92
0 94.87 -8.58 1.21
0.28 94.88 -6.64 1.74
0.38 94.29 -1.76 1.77
0 94.35 -2.11 1.53
0 95.09 -3.82 2.31
0 95.62 -7.91 1.6
0 95.91 -8.44 2.17
0.27 95.21 -8.09 1.28
0.11 94.49 -5.39 1.21
0 94.71 -7.5 1.76
0 95.01 -8.75 1.06
1.42 95.22 -8.29 1.13
1.5 95.22 -5.22 1.11
1.58 95.5 -8.05 3.04
0.09 95.81 -12.55 4.03
0 95.47 -12.42 3.37
0.02 94.68 -7.86 4.2
0 94.7 -4.43 2.87
0 95.1 -7.58 1.76
0.02 94.44 -5.32 2.97
0 95.16 -10.54 4.2
0 95.36 -14.1 3.3
0 95.5 -13.63 3.65
0 95.23 -11.86 2.49
0 95.29 -11.46 2.14
0 95.16 -11.87 1.5
0 94.86 -11.37 2.09
0 94.83 -10.35 3.99
0 95.03 -12.35 2.7
0 94.58 -11.01 2.95
0 94.72 -12.96 2.32
0 95.21 -12.67 1.93
0 95.48 -12.1 1.96
0 95.03 -9.26 1.94
0 95.33 -10.89 1.68
0 95.64 -14.45 1.35
0.25 95.17 -12.33 1.3
0.02 94.96 -10.19 2.3
0.12 95.32 -11.76 2
0.56 94.78 -12.16 3.13
0.18 94.97 -13.57 4.19
0 95.17 -12.84 3.04
0 94.93 -12.09 1.85
0 95.69 -14.82 1.54
0.3 95.62 -15.11 1.32
0 95.22 -12.6 1.91
0 95.17 -13.3 1.51
0.21 95.25 -13.15 3.36
0 95.34 -13.3 2.92
0 94.52 -9.46 2.7
0 94.74 -10.17 2.23
0 94.66 -9.83 2.17
0 94.38 -11.15 1.33
0.22 94.19 -9.74 1.38
0.7 94.38 -11.71 1.16
0 94.56 -11.14 1.58
0 94.98 -11.34 1.62
0.04 95.63 -14.38 3.35
0 95.52 -18.27 3.45
0 95.19 -18.51 2.91
0 94.67 -17.4 2.38
0 94.54 -16.8 3.1
0 94.15 -15.12 2.87
0 94.23 -13.96 1.95
0 94.72 -15.09 1.75
0 94.97 -15.08 2.09
0 95.35 -16.23 2.11
0.1 94.97 -17.3 1.83
0.38 94.53 -16.61 3.88
0 95.32 -18.19 4.33
0 95.33 -16.62 3.5
0 94.39 -13.88 3.39
0 94.46 -11.49 2.34
0.23 93.91 -8.58 2.47
0.08 94.53 -14.01 5.2
0 94.75 -16.69 4.84
0 94.34 -13.6 5.06
0 94.47 -11.71 2.99
0 94.79 -11.69 3
0 94.82 -11.5 2.13
0 94.56 -9.86 2.37
0.1 94.29 -5.66 2.13
0.17 94.84 -9.67 3.37
0 94.8 -11.54 3.21
0.12 94.86 -12.3 3.24
0 95.01 -13.6 4.62
0 94.92 -11.12 3.52
0 94.33 -7.18 2.65
0 94.35 -8.46 2.01
0 94.13 -8.85 1.62
11.99 93.79 -7.22 2.29
0 94.72 -7.68 2.78
3.87 94.57 -6.48 2.41
0.02 95.05 -9.41 3.18
0 94.97 -8.67 2.39
0 94.47 -6.81 2.09
0 94.1 -3.34 2.55
0 94.24 -1.19 2
9.5 94.74 -3.88 1.52
1.11 94.93 -6.81 1.77
0.85 94.9 -5.72 1.73
0.15 94.31 -2.47 1.95
26.18 93.59 -3.84 1.65
18 93.7 -4.32 2.96
0.1 94.34 -4.95 3.81
0 95.03 -9 3.67
0 94.7 -8.49 2.16
1.26 94.66 -8.47 4.77
0 95.12 -8.49 3.88
0 94.77 -6.53 1.9
0 94.16 -2.74 3.38
0 94.67 -1.7 2.44
0 94.33 1.43 3.12
5.06 93.43 4.66 3.7
10.14 93.98 -2.87 3.34
14.26 94.86 -7.82 2.57
0 94.65 -3.05 2.07
0 94.6 -0.97 2.02
0 94.04 3.35 3.08
0 94.5 2.36 2.07
10.2 93.7 1.22 4.38
0 94.13 -0.79 5.74
0 94.55 0.03 3.11
0 94.26 4.16 2.58
0 94.49 7.31 3.41
0 94.63 8.48 3.18
0.76 93.69 8.98 7.03
2.06 94.27 0.44 4.81
1.97 94.25 -1.23 4.19
0 94.15 0.11 2.27
3.5 94.09 1.44 2.79
0 93.79 3.87 4.17
0 93.61 4.56 5.3
0 93.88 3.27 4.58
0.29 94.2 4.18 2.76
0 93.79 9.23 3.69
0 93.91 9.83 4.72
0 93.77 12.25 3.14
7.91 93.52 12.85 4.59
4.66 93.89 7.09 4.48
0 93.34 11.31 3.31
0 93.21 13.15 3.18
0 93.17 14.68 3.32
1.74 93.74 9.23 3.27
0 94.07 8.6 2.65
0 93.22 14.75 3.93
0 93.26 16.81 4.05
3.93 93.61 14.31 3.89
21.24 94.1 12.54 3.15
2.35 93.55 11.95 2.1
0.19 92.91 13.78 2.11
0.7 92.91 17.14 3.61
213.18 93.36 12.16 2.49
47.99 93.33 8.93 4.48
0 92.73 10.25 3.46
0.32 92.5 10.73 7.02
0 93.64 9.3 3.39
0 93.63 12.33 2.77
0.22 93.42 16.46 3
1.8 93.91 16.5 2.69
21.98 93.47 17.36 2.45
0 93.55 19.76 2.25
1.01 93.64 19.52 2.75
0 93.73 17.44 3.25
0 93.34 17.67 2.23
1.4 93.34 16.43 1.76
0 93.59 17.46 2.14
0.22 93.86 18.62 2.55
2.53 94.01 19.49 2.33
93.07 93.99 14.22 1.95
16.85 93.58 13.07 3.42
19.43 93.32 10.85 2.91
3.42 93.3 11.37 4.14
0.04 93.06 11.37 3.08
3.81 92.83 12.66 4.86
0.03 93.24 16.11 1.86
0 93.21 21.1 3.48
8.92 93.71 19 2.82
11.99 94.05 17.7 2.2
0.35 93.93 19.16 3.55
1.57 93.66 18.98 3.9
2.58 93.77 16.15 3.03
0 93.77 16.14 3.02
0 93.58 16.89 2.45
0 93.22 19.1 2.41
0 93.6 20.16 2.24
0 93.8 22.5 2.64
39.25 93.82 18.86 2.83
35.59 94.21 14.06 2.62
0.56 94.29 15.83 2.22
40.86 93.83 16.08 3
12.44 93.62 15.81 2.83
71.76 93.35 15.47 2.54
23.02 93.12 18.3 3.17
0.91 93.29 20.01 2.14
8.43 92.91 19.4 2.33
12.97 92.77 21.02 2.05
21.3 92.77 21.59 2.19
65.53 92.64 19.75 3.09
9.39 92.75 16.65 3.17
4.02 92.46 15.91 3.08
16.55 92.55 15.74 2.41
204.88 93.1 13.14 1.94
248.84 93.35 13.87 1.94
133.28 93.4 15.53 2.68
7.01 93.26 18.69 1.78
6.35 93.15 21.35 1.75
6.55 93.28 21.73 1.87
13.96 93.04 21.77 1.63
79.7 93.1 21.54 1.81
10.08 93.27 21.53 1.46
98.43 93.23 20.85 1.84
0.73 93 22.1 2.37
123.74 93.01 21.37 2.38
53.55 93.36 20.34 2.37
25.5 93.75 21.77 2.09
4.22 93.91 22.08 1.85
3.8 93.63 19.89 2.18
50.75 93.22 20.62 2.25
0 93.11 22.93 2.12
1.76 92.75 23.64 3.64
2.87 92.77 21.95 3.18
0.59 92.71 22.38 2.46
0.05 93.05 22.88 1.95
4.41 93.19 22.5 1.79
2.97 93.09 22.95 1.56
43.84 93.07 22.93 1.83
20.71 93.07 24.12 2.03
31.71 93.1 24.4 1.73
131.37 92.7 21.42 1.81
89.14 92.48 19.34 2.18
62.56 92.88 19.33 2.58
8.44 93.37 20.91 2.31
0 93.39 20.77 1.79
0 93.42 22.13 1.69
0 93.66 24.07 1.48
0 93.75 24.15 2.11
0.09 93.58 23.96 2.18
7.86 93.44 24.45 1.6
11.8 93.37 24.51 1.7
138.6 93.3 22.81 1.63
422.4 92.91 21.8 3.48
0 93.4 22.61 1.69
0 93.61 23.24 1.92
14.61 93.53 23.07 2.11
52.59 93.16 24.76 3.19
4.06 93.51 23.32 1.99
163.99 93.04 22.9 2.57
28.16 92.82 22.91 3.58
0.76 93.38 21.27 1.7
115.61 93.65 19.24 1.59
157.62 93.79 18.58 1.72
87 93.73 20.11 1.55
15.84 93.76 22.16 1.66
89.54 93.81 22.3 1.68
0 94.02 22.85 1.52
0 93.85 23.77 1.55
0 93.5 25.04 2.13
9.39 93.42 24.08 1.71
3.22 93.66 22.91 1.46
0 93.53 23.3 1.81
26.4 93.56 20.49 2.01
25.04 93.58 18.5 2.09
2.57 93.75 19.47 1.77
10.62 93.43 18.08 1.89
6.35 93.5 20.41 1.68
0 93.83 21.34 2.08
0.06 93.45 22.54 2.66
53.25 93.47 22.39 2.17
1.92 93.53 20.6 1.98
10.37 93.54 19.47 2.62
4.74 94.1 15.99 2.25
0.04 94.24 15.76 2.12
0 94.03 19.2 2.42
0 93.97 20.97 2.06
0.65 93.84 20.86 2.2
5.72 93.84 21.1 1.68
12.17 93.73 20.87 1.84
1.53 93.29 22.37 1.96
1.12 93.45 22.98 2.53
0 93.7 23.69 2.08
0 93.84 23.67 2.36
2.38 93.85 23.27 2
272.39 93.74 16.09 2.84
21.29 94.1 13.44 2.6
0.27 94.16 12.71 2.22
1.19 94.28 15.31 2.22
0 94.22 17.94 2.14
29.33 94.29 17.27 1.83
1.05 94.2 17.08 1.47
0 94.16 18.44 1.3
0 94.09 19.73 1.58
38.94 93.76 18.13 2.05
82.83 93.78 12.82 3.6
2.09 93.91 11.24 2.47
0 94.29 12.69 1.74
0.07 94.72 13.38 1.3
0 94.81 13.45 1.45
0 94.2 14.14 2.33
0 93.74 15.23 2.53
0.25 93.71 15.2 1.84
0 93.94 16.56 1.82
8.14 93.86 16.85 2.07
1.82 93.87 16.52 1.53
5.36 94.17 15.45 1.52
1.19 94.46 15.32 1.63
39.78 94.35 14.22 1.68
2.46 94.6 14.07 1.56
54.64 94.24 10.49 1.92
28.83 94.26 10.01 5.96
0.74 94.4 10.86 3.21
0 94.39 11.05 1.86
0 94.23 12.05 1.78
0.89 94.04 13.57 2.2
0.91 93.9 12.45 3.09
0 94.03 12.41 2.44
0 94.52 10.71 1.83
0 94.95 11.28 1.41
0 94.82 12.49 1.64
0 94.33 14.42 2.29
21.64 93.92 11.74 3.17
0 94.4 7.71 2.4
0.23 94.01 9.39 2.21
0 93.85 11.71 2.4
0.08 94.23 7.83 4.32
0 94.61 6.44 2.35
0.04 94.7 6.74 1.93
50.06 94.13 7.87 4.13
0 94.14 3.85 3.22
0 94.22 4.65 2.33
0 94.08 6.78 2.05
0 94.44 6.27 1.82
82.48 94.67 2.32 1.23
57.2 94.15 2.93 2.05
0 93.9 5.66 1.9
0 93.65 8.06 2.7
0 94.25 8.05 2.05
0 94.3 9.48 2.05
5.14 94.18 9.66 3.15
0 95.01 3.18 1.73
1.27 94.9 0.64 2.46
0.08 94.55 -0.27 2.82
0.03 94.36 -0.5 2.28
0 94.31 2.02 1.46
0 94.48 1.31 2.05
18.34 94.48 2.24 1.82
173.73 94.14 -0.22 93.82
36.94 94.45 -0.44 3.05
0 94.48 -2.45 1.24
0 94.2 -0.77 2.03
0 94.37 -0.8 1.54
0 94.78 -1.59 1.41
53.41 94.48 -1.51 1.31
80.67 93.33 -3.17 5.42
0.18 93.77 -4.73 4
0 93.83 -6.54 4.59
0 94.58 -5.48 2.67
0 94.84 -6.03 1.4
19.26 94.31 -2.77 1.82
0 94.22 -5.54 91.55
0.01 93.96 -4.95 3.15
0.04 94.51 -3.74 3.06
0 94.55 -5.45 1.43
0 94.21 -3.56 1.6
8.88 94.66 -5.36 2.61
0 94.63 -7.44 2.39
0 94.09 -6.02 2
0 94.07 -4.29 3.92
0 94.1 -8.07 2.68
0 93.21 -5.13 3.54
0.09 93.97 -7.32 4.44
0.06 94.47 -9.96 2.33
0 95.15 -13.68 2.44
0.34 94.82 -14.17 1.57
0.25 93.79 -6.55 2.51
1.88 93.98 -8.59 4.56
0 94.2 -11.84 1.91
0 94.23 -13.81 3.19
0 94.15 -15.2 2.57
0 94.33 -16.46 2.63
0.04 94.4 -17.77 4.88
0 94.55 -12.9 3.54
0.22 95.01 -13.46 1.58
0.09 95.2 -13.78 1.21
0.21 94.69 -11.72 1.69
0.04 94.7 -9.17 1.23
18.13 94.68 -9.31 1.09
1.15 94.53 -7.49 1.55
1 94.87 -11.15 1.65
0 95.3 -13.38 4.04
0 95.37 -15.25 2.44
0.04 94.83 -14.63 1.11
0.59 94.93 -12.37 58.25
10.14 94.94 -11.11 3.19
0.02 95.37 -16.2 3.24
0 95.19 -20.26 3.22
0 94.4 -19.51 4.11
0 95.46 -18.78 2.71
0 95.24 -18.97 1.37
0 94.65 -14.59 1.28
4.82 94.61 -14.06 1.27
10.94 94.72 -13.46 4.3
0 94.32 -15.68 3.57
0.08 93.79 -16.1 2.09
0 94.18 -18.59 3.65
0 95.36 -19.61 4.23
0 95.92 -17.26 2.46
0 94.98 -17.85 2
0 94.79 -15.16 1.98
0 94.67 -15.91 1.68
0 94.56 -15.74 1.7
0.08 94.97 -17.19 2.37
0 94.8 -15.9 2.14
0 94.64 -15.81 1.35
0.42 94.32 -13.13 1.54
0 94.37 -12.83 1.85
0 94.4 -13 1.37
0 94.78 -10.72 1.93
1.76 94.53 -11.83 2.1
0 95.27 -14.4 2.82
0 95.55 -12.55 2.22
0 94.63 -8.83 2.46
0 95.01 -9.89 1.42
13.13 95.03 -8.81 1.13
0.57 95.08 -9.41 2.05
0 94.87 -13.95 1.41
0.06 93.83 -9.32 2.93
0.05 94.34 -14.17 4.33
0 94.38 -16.23 1.6
0.21 94.71 -13.76 1.82
0.08 94.65 -11.83 1.76
0 94.23 -7.2 1.54
0 94.49 -7.58 1.62
0.08 94.43 -6 1.65
2.07 94.34 -6.45 1.79
0.63 94.93 -9.52 3.68
0 95.03 -11.81 2.46
2.33 94.05 -9.88 2.62
0 94.78 -10.34 2.99
0.03 94.36 -9.19 2.05
0.68 94.64 -15.29 4.13
0 95.47 -18.7 4.55
0 95.3 -16.78 1.59
0.32 94.5 -13.03 2.4
0 95.07 -13.68 2.37
0.13 95.12 -13.23 2.23
0 94.43 -8.91 238.43
0 94.22 -6.53 2.72
0 94.8 -10.01 2.61
0 94.74 -11.03 1.59
0 94.09 -7.65 2.2
0.07 94.09 -6.8 4.01
0 94.76 -12.01 3.78
0 94.86 -13.01 2.41
0.01 94.81 -12.41 2.12
0 94.73 -9.35 3.31
0 94.95 -8.07 3.21
0 94.89 -6.22 1.93
0 94.92 -6.44 1.95
8.1 94.77 -6.44 1.92
0.25 94.05 -1.23 3.09
0 93.95 -0.75 2.85
0.25 93.48 -3.36 5.87
0 95.18 -8.94 5.08
0 95.19 -6.54 1.8
0 94.19 -2 3.14
0 94.49 0.41 2.39
0 93.9 3.79 2.86
0 93.8 3.06 2.14
0 93.24 4.37 2.12
0 93.04 2.3 2.76
0 93.25 -1.59 6.31
0 94.65 -1.49 2.39
0 93.98 2.81 3.3
20.9 93.85 -0.53 3.32
0 94.98 -5.95 3.78
0 94.59 -0.55 2.89
0 94.15 3.69 2.5
0 94.49 4.64 2.74
0 93.12 6.9 3.62
1.39 93.13 -2.09 4.18
24.8 93.83 -7.01 2.6
0.66 94.3 -7.12 2.96
0 93.14 0.56 4.84
0 94.03 -2.85 2.69
19.84 93.7 -4.32 3.74
0 94.43 -5.21 2.93
0 94.29 -2.41 1.68
0 93.4 3.64 3.81
1.86 93.55 1.35 4.23
0 94.37 -1.54 3.54
0 94.53 -2.15 2.33
2.57 94.42 -0.44 1.81
7.92 94.16 0.69 2.17
77.09 94.27 0.73 2.65
0 93.87 4.13 2.87
0 93.83 5.31 2.81
26.75 93.94 0.34 2.17
38.87 94.25 -0.49 3.13
0 94.03 -0.43 2.61
1.01 93.18 1.55 2.81
14.73 93.24 0.24 3.81
3.17 94.17 -0.29 3.93
1.17 94.05 0.54 3.59
0 94.08 1.93 3.69
0 93.63 7.44 2.85
0.7 93.16 6.29 4.74
0 93.41 2.73 4.71
0 93.03 4.99 2.52
5.59 93.34 4.48 3.01
44.24 93.66 1.76 764.4
1.72 94.67 0.71 4.64
0 94.67 2.15 2.3
0 94.38 4.78 2.47
0 94.08 7.84 2.15
1.21 93.56 10.5 3.84
51.21 93.56 6.94 2.22
1.01 93.54 6.92 3.48
0.03 93.63 8.19 5.04
0 93.62 9.65 1.86
0 93.58 13.24 2.22
3.45 93.41 11.56 3.88
0.14 93.65 11.54 5.89
0.32 94.08 11.33 5.33
0.26 94.12 11.17 2.17
1.09 93.94 12.12 2.5
10.07 94.18 12.49 2.09
0 93.99 15.94 2.66
0 94.17 19.29 1.79
0 94.08 20.8 2.32
0 94.09 20.78 3
0.35 93.84 20.95 4.08
28.8 93.5 14.08 2.11
16.54 92.7 14.4 4.14
0 92.32 16.69 4.54
0 92.82 15.84 2.67
0 92.88 18.61 3.12
0.49 93.52 16.28 4.8
0 94.34 16.39 2.37
0 94.25 17.11 2.53
1.09 93.64 18.35 3.06
0 93.13 18.32 3.14
11.74 92.53 15.08 5.33
0.01 92.51 17.03 4.11
0 92.82 18.42 2.71
0 93.68 19.6 2.34
3.28 93.54 22.77 3.64
3.68 94.06 17.71 2.2
0 93.69 20.19 2.28
2.32 93.42 20.96 3.43
2.82 93.25 18.77 3.53
1.2 93.07 18.33 3.15
0 93.36 18.71 4.52
0 93.18 22.37 3.08
0.1 92.81 23.85 4.3
0 93.42 19.34 2.47
8.69 93.17 17.97 3.3
0.04 93.39 18.69 3.28
24.95 93.95 16.95 2.37
38.85 93.82 18.29 2.4
12.08 93.63 18.67 2.84
14.62 93.46 20.82 2.52
2.65 93.33 21.07 3.09
76.88 93.7 16.05 2.25
2 93.9 17.13 1.98
21.81 93.62 15.48 2.39
3.82 93.41 17 1.98
0.03 93.46 21.75 3.42
0.46 93.46 23.45 3.99
7.81 93.39 23.56 2.52
188.55 93.33 18.38 2.29
7.89 93.06 20.45 1.97
34.3 92.76 20.39 1.93
0.31 93.13 22.53 2
0 93.62 22.85 2.26
0.04 93.77 23.55 1.97
4.33 93.53 21.54 1.53
16.25 93.18 21.11 1.84
68.22 93.03 20.69 2.27
72.35 92.78 20.53 2.25
134.11 92.53 19.45 1.8
48.55 92.67 21.38 2.22
78.72 93.05 20.39 2.41
128.38 93.12 21.49 2.52
38.57 93.07 22.63 3.03
80.25 92.84 22.35 2
146.9 92.43 22.26 2.79
0.04 92.45 23.68 3.37
7.84 92.43 23.18 2.37
0.9 92.75 23.78 2.15
4.11 92.95 23.93 2.51
25.24 92.78 24.67 3.34
58.94 93.06 23.33 1.8
57.37 93.25 21.68 1.62
1.9 93.44 21.96 1.49
1.44 93.43 22.02 1.61
14.06 93.42 22.79 1.94
20.88 93.57 22.73 2.12
0.09 93.57 24.2 1.9
284.02 92.85 21.35 1.92
69.24 92.77 22.19 3.13
0 93.31 22.59 2.22
0.45 93.18 22.3 2.27
80.71 93.12 21.1 2.16
3.37 93.32 21.47 1.83
1.43 93.33 22.87 2
37.17 93.2 22.66 2.22
11.38 92.8 23.33 2.02
0.82 92.89 23.5 3.03
0.01 93.16 23.7 2.06
0.08 93.17 23.95 1.83
55.07 92.95 22.03 1.4
4.82 92.9 24.55 2.16
0.56 92.87 24.49 1.66
3.32 92.66 25.1 1.93
22.81 92.78 25.18 2.3
31.41 93.05 24.04 2.61
0.84 93.27 24.51 2.41
6.44 93.09 24.44 2.51
77.31 92.77 24.61 2.44
28.38 92.62 23.99 1.79
7.5 92.76 25.01 2.48
41.64 93.04 24.67 2.2
13.37 92.84 24.88 2.21
9.82 93 23.09 1.85
3.84 93.38 24.81 1.72
16.4 93.46 25.6 2.55
56.63 93.18 24.01 2.52
8.74 93.21 24.23 2.59
16.42 93.16 25.22 2.14
4.19 93.2 24.64 1.94
326.39 92.67 24.33 1.82
0.09 97.81 24.47 2.72
0 93.68 21.44 2.65
0 93.92 20.88 1.94
11.14 93.85 20.02 1.26
2.64 93.49 22.69 2.23
0.22 93.65 21.44 2.1
0 93.83 21.4 2.02
0.04 93.81 21.87 1.9
15.92 93.53 21.25 1.92
6.15 93.58 19.33 2.01
5.16 93.52 19.09 1.82
240.1 92.92 18.55 1.58
24.24 93.16 15.22 3
0.4 93.85 15.4 2.54
45.49 93.92 15.53 2.31
1.57 94.15 15.12 1.94
6.7 94.31 15.31 1.91
0 94.39 15.46 1.7
7.11 94.27 16.13 1.48
161.86 94.21 13.83 1.66
30.33 94.28 13.73 1.34
5.3 94.35 15.43 1.61
7.32 94.3 16.9 1.74
9.23 93.84 17.71 1.85
0.11 93.93 16.5 1.74
0 93.99 16.36 2.72
6.15 93.76 19.12 2.79
63.05 93.15 18.41 2.97
0.49 93.51 17.51 3.05
0 94.06 12.91 2
3.68 93.77 15.42 1.68
10.21 94.27 16.14 1.33
17.53 94.68 15.1 1.21
14.42 93.83 18.94 3.21
0 94.23 16.86 1.56
0.05 94.21 17.79 1.65
1.6 94.08 16.93 2.39
37.02 94.45 12.17 3.14
0 94.67 8.25 2.55
0 94.51 9.67 2.37
0 94.17 11.25 2.2
0 93.54 15.9 3.27
0 93.6 14.92 2.46
0 94.43 13.14 1.42
1.82 94.4 13.77 1.78
130.62 94.4 11.23 2.19
0.01 94.53 9.93 2.83
0 94.3 9.41 1.87
0 93.71 15.62 3.24
0 94.62 13.55 1.41
0.04 94.65 14.28 2.46
0.13 94.92 11.92 2.3
0.83 94.42 11.2 1.86
0 93.5 14.26 2.69
12.12 93.55 12.11 4.12
0 93.98 9.36 2.9
0 94.44 10.44 1.91
26.74 94.42 10.37 2.21
2.89 95.25 4.19 4
0 95.31 2.76 1.72
0 94.91 5.9 1.48
0 94.93 6.53 1.58
0 94.75 9.39 2.4
24.88 94.92 8.02 1.87
1.16 94.92 6.44 1.99
0 94.76 5.51 1.33
46.84 94.63 4.43 2.2
27.2 94.57 0.17 2.37
0.01 94.83 3.34 3.69
0.01 95.06 4.87 2.35
0 94.6 3.93 1.66
0 94.09 5.74 2.05
4.19 94.56 5.03 1.9
2.77 95.11 3.67 2.5
0 95.06 2.78 1.56
0 95.13 3.67 1.08
0 94.89 4.06 1.45
0.8 94.41 7.2 1.98
1.3 94.71 6.4 3.05
0 95.05 4.46 1.87
0.06 94.32 4.68 2.13
0.65 93.93 4.34 3.73
0.04 94.26 2.6 2.69
0 94.32 1.53 2.21
0.09 94.85 1.85 3.65
0 94.89 -2.18 4.39
0 94.93 0.45 2.61
0 94.78 1.16 1.75
0 94.21 1.15 2.35
0 93.98 2.21 3.51
0 93.95 1.76 2.04
0.19 94.11 1 3.29
0.04 94.48 -3.65 3.87
0.1 94.7 -4.41 4.93
0 94.58 -4.47 3.11
0 94.6 -2.86 2.3
0 94.8 -3.37 1.43
0 94.59 -0.3 1.72
0 94.29 -0.17 1.91
0.05 93.93 -1.19 2.32
0 93.79 -5.06 3.73
0 93.92 -7.94 3.62
0 94.22 -10.62 6.65
0 94.42 -6.5 3.54
0 94.02 -0.35 2.98
0 94.57 -3.18 2.27
1132.97 94.38 -2.19 2.47
1132.97 94.13 -2.12 1.53
1132.97 94.41 0.38 2.17
1132.97 94.38 0.04 1.99
1132.97 94.59 -2.18 2.72
1132.97 94.17 -2.88 1.2
1132.97 94.24 -4.84 1.43
1133.04 94.27 -4.43 2.59
1133.02 94.45 -6.32 2.94
1133.27 93.95 -8.28 3.1
1133.42 93.93 -8.88 2.66
1132.97 94.08 -11.78 4.57
1132.97 94.4 -11.87 3.3
1132.97 94.78 -9.58 3.18
1132.97 95.32 -9.21 1.73
1132.97 95.23 -10.43 1.66
1134.4 95.48 -12.48 2.37
1133.24 95.16 -13.76 2.66
1133.14 95.04 -12.7 3.05
1132.98 95.43 -11.65 2.3
1132.97 95.49 -11.3 1.58
1132.97 95.2 -10.88 1.2
1132.97 95.33 -9.55 1.44
1132.97 95.29 -10.11 1.25
1133.1 94.76 -8.34 3.03
1133.03 95.23 -11.06 4.21
1132.97 94.89 -11.92 1.94
1132.97 94.44 -11.58 2.75
1132.97 93.76 -7.14 3.39
1132.97 93.56 -6.64 3.15
1132.97 93.18 -3.59 4.47
1132.97 93.57 -3.91 3.18
1132.97 93.87 -4.19 2.88
1132.97 94.42 -5.86 2.5
1134.03 94.31 -8.53 1.67
1135.29 94.54 -8.72 1.85
1133 94.34 -8.17 2.34
1132.97 94.81 -7.77 2.49
1132.97 95.23 -14.34 2.82
1132.97 94.86 -14.61 2.38
1132.97 94.88 -12.59 2.14
1132.97 94.97 -10.77 2.24
1132.97 95.45 -12.42 2.15
1132.97 95.16 -13.4 1.67
1132.97 95.22 -11.93 1.94
1132.97 95.03 -9.04 1.62
1138.57 94.99 -9.38 1.42
1132.97 95.02 -10.49 1.96
1132.97 95.23 -8.43 1.89
1133.28 94.31 -7.42 3.74
1133 94.79 -10.56 4.36
1132.97 94.98 -10.45 2.28
1132.97 94.32 -7.48 1.73
1132.97 93.57 -4.15 2.78
1132.97 94.08 -3.94 2.16
1132.97 94.94 -8.67 2.9
1132.97 94.57 -8.66 3.23
1132.97 94.01 -5.38 3.89
1132.97 94.56 -7.67 3.03
1132.97 93.32 -2.54 4.48
1132.97 93.95 -7.56 2.95
1132.97 94.05 -7.19 1.6
0.33 93.67 -4.21 1.94
0.03 93.74 -5.3 5.06
0 94.53 -12.7 4.22
0 94.71 -11.91 2.45
0 94.84 -12.08 1.59
0 95.03 -9.97 1.53
2.76 94.72 -9.87 1.52
9.25 94.82 -12.24 2.96
0 95.44 -14.98 2.88
0 95.26 -14.76 1.74
0 94.71 -12.84 1.71
0 95.29 -13.03 1.83
0 95.27 -12.29 2.06
0.19 94.5 -6.89 2.51
0 94.53 -7.06 2.03
0.05 95.1 -7.57 2.39
0 95.59 -8.98 1.83
3.58 95.16 -9.3 1.63
1.15 94.93 -9.42 1.82
0 94.89 -8.47 1.75
0 94.84 -5.49 1.96
0.31 95.27 -6.87 1.46
0.28 95.14 -4.34 1.19
0 94.77 -1.55 1.59
0 94.63 0.86 1.7
1.94 94.35 2.43 3.13
1.94 94.99 -4.04 3.79
0.12 94.69 -7.27 1.57
0 94.54 -5.36 1.86
0.79 94.47 -5.38 2.32
0.97 94.46 -6.25 1.77
1.41 94.79 -5.87 2.76
0 94.85 -7.63 2.98
0 94.99 -7.96 2.62
0 95 -6.92 2.43
0 94.53 -5.43 2.16
0 94.8 -5.22 2.23
0 94.34 -2.74 2.2
0 94.14 0.43 3.24
0 94.77 -2.07 3.5
0 94.36 -2.24 2.13
0 93.91 1.82 3.1
0 93.6 5.65 2.45
0 93.93 4.55 2.53
0 93.56 6.7 4.73
0 94.59 3.88 2.07
0.32 94.56 2.97 3.96
0 94.88 3.38 4.17
0 94.3 5.91 2.56
0 94.33 6.6 3.06
0 94.59 6.95 2.63
0 93.66 11.11 3.78
0 93.6 10.97 2.42
0.01 93.62 10.45 2.49
0 93.65 9.81 2.87
63.2 93.41 11.01 2.68
18.1 93.88 9.49 2.05
0 94.09 10.26 2.17
1.14 94.15 8.65 2.18
0 93.69 10.72 2.66
0 94.31 7.74 3.25
0 94.75 3.19 4.41
0 93.96 6.76 4.45
0 94.54 5.35 3.64
0 94 11.99 3.52
0 93.89 12.98 1.52
0 93.77 13.59 2.45
0 93.93 11.4 3.75
0 94.63 9.29 2.25
5.22 94.27 10.15 1.92
2.61 94 11.11 1.91
0 94.13 12.99 1.66
0 94.08 16.27 3.08
0 94.56 13.29 2.86
0 93.93 12.49 2.33
20.16 93.86 8.16 2.44
0.07 94.53 8.72 2.27
31.77 94.37 7.23 2.37
0.17 94.01 8.88 116.59
0 94.1 10.55 3.28
0 93.8 12.91 2.64
1.78 93.48 15.07 3.28
5.12 93.75 16.64 3.54
1.23 94.21 14.87 3.41
36.9 94.44 10.57 2.93
0 94.68 11.71 2.51
0 94.54 13.12 2.04
0 93.93 14.91 1.77
0 93.42 17.9 2.07
21.32 93.42 15.79 4.27
108.08 93.97 7.34 4.36
8.4 93.61 7.15 4.84
10.45 93.83 4.98 5.13
0.39 94.04 7.09 3.77
0.11 93.43 10.91 2.56
31.58 93.43 8.73 3.5
0.56 93.97 11.4 2.14
68.67 94.2 10.52 2.59
6.77 94.14 12 2.05
199.87 93.3 8.5 2.14
41.71 92.51 14.81 3.69
0 92.72 15.81 3.91
0.14 93.03 13.23 3.7
0 92.76 13.58 2.91
0.05 93.52 16.3 2.82
7.39 93.89 15.31 2.27
6 93.55 17.05 2.63
59.71 93.18 16.26 2.47
2.99 93.24 17.19 2.6
0.07 93.33 18.84 2.43
0 93.36 21.51 2.58
0.52 93.68 23.76 3.44
61.82 93.5 16.76 2.46
0.89 93.1 16.12 4.98
0 92.58 20.81 3.88
14.68 92.36 17.84 3.3
0.47 92.8 21.3 2.42
0 92.87 23.4 34.53
0.39 93.44 24.26 2.67
0 93.42 26.84 3.45
11.56 93.63 22.44 2.74
0.52 93.75 20.48 2.4
0 93.6 21.84 2.32
0.71 93.4 21.63 2.21
8.75 93.28 23.1 2.42
322.79 93.39 16.12 2.23
87.59 93.25 13.68 2.97
16.7 92.94 15.97 2.89
40.45 93.25 15.16 2.21
50.36 93.64 15.21 1.8
13.62 93.75 18.12 1.86
46.37 93.55 19.65 2.27
21.26 93.59 19.58 2.02
0.07 93.47 21.17 2.06
15.19 93.28 21.85 1.85
94.7 93.06 19.93 2.11
120.13 92.96 19.37 1.98
73.76 93.08 18.65 2.73
7.17 93.33 19 1.8
48.22 93.47 18.92 1.91
16.09 93.6 18.41 1.45
133.03 93.68 18.04 2.13
7.01 93.57 20.63 1.91
0.11 93.19 22.45 2.26
17.92 93 21.6 2.82
23.68 93.09 21.16 3.27
0.35 93.51 21.42 3.4
1.05 93.43 22.2 2.66
0 93.49 23.53 1.96
0 93.45 23.99 1.86
32.45 93.38 21.91 2.29
88.61 93.06 19.99 2.19
20.05 92.85 22.36 2.08
0.03 93.31 24.14 2.09
1.44 93.38 24.68 2.73
1.88 93.25 25.37 2.24
9.57 93.04 24.13 2.65
24.26 93 22.47 3.63
0 93.19 22.45 2.96
0 92.91 23.17 3.54
6.43 92.98 21.71 2.92
19.06 93.17 20.96 2.61
1.42 93.11 21.97 2.57
7.55 93.16 22.65 1.94
36.75 93.12 22.48 2.51
71.45 93.17 21.26 34.33
16.02 93.39 22.41 33.79
0.26 93.51 25.7 1.79
0.79 93.61 28.05 1.97
8.34 93.23 28.53 3.88
83.46 93.11 23.61 2.41
0.63 93.42 21.58 1.7
0 93.15 23.9 2.37
0.15 93.45 22.4 1.95
0 93.5 22.91 1.65
0.03 93.68 23.62 2
29.94 93.58 25.05 2.25
5.17 93.15 25.96 2.82
21.19 93.13 24.49 2.99
72.92 93.29 23.38 1.91
0 93.39 25.21 2.16
0 93.37 25.9 2.4
4.9 93.23 25.53 2.06
15.31 93.17 25.12 1.87
141.97 93.43 19.58 2.2
0.97 93.43 21 2.13
0 93.67 21.47 2.39
0 93.77 20.85 1.62
0.04 93.63 21.58 2.14
60.57 93.38 20.53 2.19
22 93.14 20.6 1.62
1.03 93.34 21.03 3.11
1.23 93.53 19.83 2.11
40.68 93.54 17.92 1.67
8.66 93.45 18.1 1.77
7.25 93.51 19.17 2
6.21 93.62 19.63 1.9
4.09 93.75 20.3 2.01
9.68 93.94 20.35 1.64
0.47 93.88 21.85 1.82
4.42 93.59 23.04 2.07
5.97 93.56 23.35 1.86
39.32 93.51 21.87 2.19
62.19 93.35 21.49 1.75
95.95 93.59 18.76 2.29
1.42 93.88 18.96 2.61
0 94 19.98 2.11
0 94.1 21.4 1.86
13.56 94.2 19.63 2.09
8.4 94.23 19.86 1.62
1.51 94.18 19.65 1.76
27.5 94.02 19.05 1.76
17.58 93.99 18.85 1.72
245.61 93.91 15.77 2.05
1.26 93.59 17.11 2.06
0 93.29 19.39 2.36
0 93.77 18.25 1.53
0 93.81 19.46 1.67
4.13 93.43 19.88 2.62
0.02 93.7 17.23 2.68
0 93.84 15.23 1.59
0.04 94.1 16.58 1.73
0.38 94.11 17.68 2.02
32.73 94.15 16.36 1.37
1.69 93.98 17.87 2.26
0.11 94.29 15.23 2.77
0 94.39 13.02 2.87
0 94.42 12.4 1.51
0 94.52 14.93 1.39
0 94.5 15.69 2.07
15 93.8 15.14 2.33
25.14 93.75 14 2.52
0.02 94.33 13.76 1.61
1.4 94.41 15.55 2.1
93.95 94.52 12.32 1.6
19.81 94.3 12.9 1.54
0 94.22 13.08 1.89
48.92 93.62 14.12 2.91
0.08 94.16 12.64 1.98
0.68 94.09 13.01 2.7
26.94 94.79 6.52 3.49
0.07 94.89 5.21 1.7
38.14 94.06 6.53 1.42
21.87 93.92 7.9 1.8
0 94.26 8.07 1.65
137.18 94.42 7.67 1.45
12.24 94.95 7.84 2.42
0 94.77 7.87 2.04
0 94.37 10.88 1.84
0 94.28 12.54 2.18
0 94.45 14.83 1.8
0 94.67 13.01 1.67
1.56 94.62 12.89 2.66
0.63 95.51 7.65 3.18
0 95.07 3.74 1.73
0 94.2 7.38 2.02
0 93.78 8.22 3.88
0 94.26 8.29 2.79
0 94.02 10.83 2.19
0 94.12 11.98 2.05
0 93.82 14.6 3.59
0 94.55 7.78 2.27
0 94.9 4.3 1.84
0 94.46 5.25 1.81
0 93.75 9.43 2.35
0 93.46 11.76 2.47
0 93.66 10.72 2.12
0 95.06 4.11 4.36
0 95.43 1.56 1.9
0 94.9 3.15 1.59
0.15 94.64 7.08 1.63
9.8 94.77 7.54 69.73
3.63 94.5 5.96 1.68
1452.63 94.2 5.88 3.15
1452.79 94.38 3.11 3.88
1452.62 94.17 5.53 2.46
1452.62 93.78 6.25 2.98
1452.64 94.13 5.11 3.16
1452.62 95.32 -1.36 2.74
1452.62 95.31 -2.37 1.58
1452.62 94.94 -0.44 2.02
1452.62 94.75 2.68 1.69
1452.62 94.44 2.55 1.58
1452.64 94.09 1.81 3.3
1452.76 94.52 -4.86 5.55
1452.62 94.52 -2.4 2.77
1452.62 94.83 -3.01 1.62
1452.62 94.95 -2.17 1.74
1453.22 94.8 -0.14 2.08
1452.62 95.15 -2.18 1.63
1452.62 95.07 -1.79 1.61
1452.62 94.39 -0.21 2.68
1452.62 93.84 1.92 3.48
1452.62 94.33 -0.5 2.48
1452.62 94.83 -3.11 2.01
1452.71 94.63 -0.31 2.57
1452.62 94.95 -3.85 1.71
1452.62 94.11 -3.47 2.17
1452.62 93.67 114.65 3.92
1452.62 94.69 -3.81 1.99
1452.62 94.24 -2.69 1.5
1452.66 94.11 -1.92 1.88
1452.98 94.25 -2.79 5.45
0 94.8 -12.39 5.74
0 94.54 -12.29 3.36
0 94.31 -11.97 5.5
0 94.44 -11.45 4.6
0 94.54 -10.86 3.54
0 94.68 -10 1.74
2.44 94.71 -9.37 1.92
0 95.25 -10.63 1.58
0.13 95.14 -8.79 2.18
3.99 94.54 -6.12 4.48
0.24 94.92 -10.23 2.95
0.06 94.53 -10.75 3.81
0 94.67 -11.54 2.39
0 94.69 -10.12 1.53
0.57 94.67 -9.77 3.64
0 94.74 -12.99 3.49
0.02 94.75 -10.89 2.17
0 94.7 -8.62 2.47
0.44 94.45 -7.31 3.93
0 94.76 -11.16 3.57
0 94.41 -10.51 3.33
0 94.24 -4.54 2.26
0 94.26 -5.32 2.58
0 95.09 -6.3 3.6
0 95.31 -5.96 2.42
0 95.08 -9.35 1.34
0 94.7 -6.13 2.14
0 94.09 -6.15 2
0 93.46 -5.59 3.21
0.39 94.11 -7.32 238.26
0.08 94.89 -11.88 4.85
0.33 94.85 -12.08 2.63
0 94.78 -8.25 2.84
0 93.61 -4.65 2.88
0 93.81 -3.83 1.85
0.49 94.17 -4.04 4.46
0 94.69 -8.29 3.06
0 95 -9.92 1.64
0 94.93 -9.17 2.05
0 94.82 -6.71 2.43
0.05 94.38 -5.68 2.68
0 95.35 -8.29 2.27
0 95.5 -9.5 1.77
0 95.09 -7.47 1.63
0 95.16 -9.43 1.41
0.99 94.82 -9.44 1.56
2.18 94.86 -10.16 3.46
0 94.99 -10.08 1.96
2.48 93.91 -6.26 3.09
0.02 94.5 -9.06 1.94
0.12 94.41 -8.28 2.01
0.73 94.93 -8.49 2.23
0 94.43 -9.12 1.79
0 93.96 -5.67 2.99
0 94.74 -7.53 2
2.04 94.41 -5.15 1.38
2.78 94.99 -9.09 3.98
0 95.5 -12.64 3.04
0 95.31 -12.83 1.96
0.25 94.79 -9.77 3.2
0 95.39 -11.48 3.32
0 95.66 -10.46 1.63
0 95.44 -9.53 1.8
0 95.27 -8.63 1.49
0.27 95.18 -5.62 2.79
0.17 95.12 -7.37 3.43
0 95.02 -4.85 2.94
0 94.4 -2.89 2.74
0.08 95.16 -11.01 4.92
0 95.29 -12.79 3.22
0 94.62 -7.77 2.43
0 93.95 -3.93 2.13
0.02 93.96 -6.84 3.24
0 94.14 -6.95 2.12
0 93.78 -5.35 2.08
0 93.59 -1.75 1.93
0.03 94.21 -3.2 1.46
7.43 94.04 -2.12 2.59
0.02 94.63 -2.6 3.79
0 95.24 -4.49 2.13
0 94.75 -4.44 2.68
11.5 93.98 -1.76 2.48
21.88 93.5 -2.48 5.06
0.43 93.93 -7.22 5.63
0 94.1 -7.65 1.97
0 93.73 -6.86 1.92
0.32 94.19 -7.83 3.15
0 94.59 -9.86 3.32
0 95.19 -7.81 2.08
9.21 94.32 -3.82 4.1
0 93.98 -2.01 3.11
0.1 93.57 -3.42 2.5
0.1 94.27 -7.68 5.27
0 94.73 -7.63 2.48
0 94.48 -4.43 2.66
0 93.83 -0.13 3.64
0 94.13 0.11 2.52
2.94 94.67 -3.5 3.32
0 95.48 -10.06 5.05
0 94.86 -5.12 3.25
0 94.47 -4.47 3.51
0 93.99 -3.73 2.88
0 102.42 110.73 115.94
0 94.11 -0.22 3.3
0 93.78 4.94 3.69
0 93.67 5.13 2.97
0 94.38 2.38 2.09
0 93.74 5.69 2.62
0 93.99 5.26 3.38
0 94.1 4.54 2.75
0 94.08 5.27 4.08
0 94.98 1.47 3.77
0 95.15 2.38 2.66
0 95.32 3.17 1.76
0 95.13 6.39 2.43
0 94.96 10.62 3.65
0 94.15 11.61 3.99
0 93.73 11.19 3.33
0 93.83 9.63 2.88
0 93.38 13.46 3.3
6.01 94.28 6.7 2.91
0 94.41 4.29 1.84
175.37 92.89 2.2 2.18
0.58 93.68 3.69 2.2
5.72 93.63 5.27 1.83
0.25 94.2 3.1 4.75
0 95.25 -1.37 3.81
0 95.22 -0.59 3.02
0 94.48 3.63 2.51
0.06 94.24 6.5 2.78
0.11 94.41 6.74 2.02
27.88 94.59 6.06 2.85
147.89 95.18 -0.78 3.61
0.33 94.84 2.9 2.24
0 93.3 10.75 2.07
2.9 92.49 12.84 3.63
0.71 93.33 7.85 5.55
0 93.38 10.2 2.17
0.1 93.66 11.64 2.52
0.01 94.11 9.96 3.16
0.04 93.78 10.23 3.02
0.23 93.66 10.34 2.5
0 93.93 13.02 3.6
0 94.11 13.58 4.85
0 94.4 13.51 2.8
0 93.84 18.91 3.62
0 93.46 21.9 3.58
36.79 93.14 18.36 3.16
12.33 93.71 16.07 2.32
0 93.78 18.33 2.2
0 93.69 19.66 2.8
20.71 93.5 15.57 3.08
15.26 93.52 14.98 2.33
0 93.85 12.03 5.23
0 93.66 12.99 4.17
0 93.13 13.32 4.96
0 93.6 11.23 2.81
0.29 93.57 11.61 4.57
16.7 93.79 7.03 2.27
0 94.17 8.05 1.83
141.85 94.03 6.7 2.29
48.51 93.16 6.36 1.94
10.34 91.99 10.73 3.67
1.05 92.11 17.17 3.66
1.88 93.37 15.14 4.63
0.03 93.95 14.62 3.61
0 93.41 17.2 3.12
37.5 92.55 17.68 3.19
22.58 92.76 13.61 5.19
2.1 93.19 12.33 5.24
0 93.99 17.08 3.62
0 93.65 19.5 3
0 93.49 20.38 2.45
1.02 93.42 20.88 2.27
0.47 93.27 22.52 2.84
1.9 93.16 23.92 3.45
8.55 93.29 22.78 2.46
0.59 93.26 22.1 3.03
8.1 92.99 22.15 3.24
0.55 93.3 19.85 3.37
0 93.35 18.9 2.6
0 92.58 23.66 5.6
4.94 93.02 21.78 2.82
1.56 93.59 19.1 3.9
0 93.82 20.03 2.8
83.09 93.03 16.24 2.78
30.86 92.54 18.2 2.44
33.12 93.04 17.31 2.74
0.23 93.37 18.22 3.13
3.36 93.11 18.8 2.49
9.98 93.08 17.78 2.19
109.61 92.81 16.1 2.36
129.02 92.38 14.83 1.97
48.42 92.45 15.86 1.72
54.53 93.33 16.95 2.22
0.85 93.6 19.83 2
18.4 93.44 21.17 1.9
0.27 93.17 21.79 1.83
84.66 93.19 19.19 2.87
7.17 93.37 17.75 3.66
77.5 93.77 16 2.53
0.04 93.89 20.45 2.17
0 93.53 22.47 1.98
13.58 93.26 22.83 2.47
1.12 93.4 22.79 2.52
34.59 93.21 22.45 2.5
46.24 92.92 20.87 1.95
53.63 92.88 20.25 1.91
1.74 93.3 21.65 1.62
13.99 93.38 22.85 2.08
250.84 93.5 17.31 2.03
21.64 92.95 17.86 2
20.12 92.54 18.38 2.88
4.71 93.08 16.64 3.06
0.07 93.62 17.95 2.14
33.1 93.61 18.92 1.85
5.73 93.72 19.79 1.73
0 93.71 21.63 2.12
0.73 93.58 22.96 1.9
6.87 93.73 24.09 1.98
0.61 93.95 25.02 2.33
11.2 93.79 23.2 2.54
1.62 93.52 24.42 1.97
1.26 93.03 25.65 2.24
0.62 92.86 25.83 2.98
38.36 93.2 25.18 2.35
61.11 93.56 22.74 2.47
51.65 93.74 19.69 1.95
25.71 93.59 20.71 1.61
76.72 93.43 21.11 1.72
49.18 93.55 21.41 2.07
36.06 93.48 22.23 2.25
45.76 93.25 22.66 1.85
78.2 93.22 22.03 1.66
11.8 93.21 22.22 1.43
31.71 93.04 21.86 1.75
5.3 92.87 22.86 1.96
4.45 93.24 23.9 2.05
46.79 93.33 23.51 1.86
42.72 93.09 23.2 1.94
77.38 93.06 23.4 2.26
294.6 93.43 20.51 2.04
5.9 93.64 21.73 1.55
4.66 93.46 22.63 2.01
26.58 93 23.98 2.81
0.19 93 21.52 1.95
8.66 92.88 22.96 2.53
14.2 93.03 23.54 2.76
60.62 93.41 22.54 1.97
38.32 93.94 21.66 1.95
66.45 94 21.27 1.47
11.12 93.91 22.76 2.13
0 93.92 22.76 1.98
0 93.75 23.06 1.59
0 93.57 23.72 1.64
0 93.27 24.64 1.81
1.03 93.11 24.04 2.2
0.03 93.37 22.42 2.24
0 93.42 22.51 1.76
1.4 101.46 134.53 115.33
40.45 101.79 134.82 115.61
80.04 93.85 18.81 1.86
32.54 93.58 18.34 2.17
7.03 93.4 19.36 2.1
28.7 93.49 18.94 1.86
21.99 93.79 19.22 1.7
37.7 94.02 18.64 1.79
12.19 93.96 19.35 2
38.82 93.84 19.21 2.03
0.1 93.78 19.71 2.21
17.59 93.63 19.25 1.85
4.63 93.75 18.36 1.4
32.78 93.9 18.14 1.53
116.28 94.08 17.28 1.56
75.37 94.13 17.58 1.94
1.62 94.13 19.75 2.18
0.19 94.26 18.76 1.99
27.37 94.09 17.01 1.6
108.47 93.91 16.25 2.03
0.04 94.06 17.1 1.78
0 93.97 18.57 1.61
4.9 94.13 19.4 2.12
35.11 94.77 15.26 1.96
6.5 94.71 13.43 1.77
57.43 94.15 12.38 1.63
9.58 94.12 13.52 2.55
0 94.08 17.95 2.22
0 94.36 17.82 2.23
0 94.47 17.25 2.4
0 94.32 17.71 2.13
12.72 94.31 18.44 1.58
16.44 94.37 17.78 2.02
0.01 94.45 15.27 2
10.09 93.93 15.39 2.16
16.23 93.74 18.03 2.18
83.36 93.56 16.57 2.66
27.24 93.67 13.84 2.08
58.03 93.61 14.15 1.79
15.29 93.65 13.85 2.63
0 93.88 12.9 2.38
0 94.11 14.42 2.48
0.27 94.87 12.92 1.61
10.77 95.32 10.28 1.95
14.82 94.23 13.7 2.71
47.27 93.56 10.26 5.22
0.06 93.46 13.03 4.06
0 94.41 11 1.98
0 94.72 12.87 2.15
0 94.26 15.65 3.05
0 94.17 15.81 2.04
0 93.96 16.04 3.05
0 94.24 9.13 3.69
1.61 93.56 4.87 3.18
3 93.79 4.89 4.64
3.02 94.09 9.21 4.17
0 94.47 11.07 2.27
0 94.52 11.99 1.84
0 94.29 11.74 1.63
0 94.22 12.64 1.55
0 94.24 13.6 2.33
2.57 94.37 11.61 2.88
0 95.02 5.98 2.32
0 94.01 9.36 2.29
34.87 94.49 4.66 1.7
25.44 94.84 4.79 1.68
3.1 99.1 70.93 33.51
0 98.61 71.56 33.63
0 95.08 6.42 2.06
0 95.01 4.44 1.73
6.21 93.87 6.2 4.69
0 93.91 3.01 3.43
0 94.48 0.86 3.03
0 94.82 -0.5 3.52
0 95.23 0.03 2.55
0 95.29 2.13 1.54
0 94.66 4.38 1.77
0 94.47 4.87 1.42
0 94.43 7.46 3.27
0 94.62 8.34 2.6
0.59 95.64 1.03 3.38
83.42 95.68 -4.15 2.41
39.86 95.31 -3.99 2.67
12.11 94.84 -3.17 1.64
0.3 94.91 -3.46 1.27
0 95.06 -3.51 1.52
0 95.22 -1.46 1.4
0.07 95.09 0.78 1.39
0.03 94.39 2.27 1.72
0 93.79 4.42 2.15
0.23 94.57 2.07 2.18
13.48 94.39 -1.99 2.44
0 95.05 -4.27 2.15
8.6 94.92 -5.21 2.16
14.95 94.91 -6.73 1.8
11.05 94.92 -7.68 1.77
8.3 95.41 -9.16 1.72
20.6 95.84 -11.69 2.29
9.63 95.93 -12.82 2.67
0.29 95.82 -15.48 1.91
0.04 95.02 -14.97 2.82
0 94.96 -14.98 2.58
0.19 94.47 -11.62 1.39
1.05 94.88 -9.96 1.45
11.1 94.67 -5.82 2.11
0 94.53 -8.88 1.7
1.17 93.88 -4.38 2.07
0.21 93.72 -6.39 4.58
0.52 94.07 -8.51 5.16
0 94.42 -6.02 3.63
0 95 -6.03 2.07
0 95.12 -8.83 1.52
0 95.28 -9.32 1.13
0 94.9 -3.97 1.82
1.21 94.55 -0.76 2.06
0.01 94.82 -2.65 3
0 95.08 -7.8 1.79
0 94.78 -7.18 1.3
0 94.87 -6.81 1.21
4.24 94.24 -5.43 2.9
0.11 94.34 -7.44 4.19
0.12 94.9 -9.73 4.71
0 94.97 -8.85 2.63
0 95.4 -6.89 1.92
0 95.39 -7.78 1.55
0 94.53 -5.48 2.02
0 94.75 -7.2 1.66
0 94.82 -9.11 1.59
0 94.75 -7.23 1.84
0 94.81 -10.48 2.1
0.02 93.79 -7.68 2.7
0 94.75 -12.05 3.42
0 95.56 -15.67 1.88
0 95.33 -9.66 1.81
0.97 94.88 -6.85 1.49
2.14 95.13 -8.05 1.69
0 95.14 -9.54 1.86
0 94.33 -5.15 2.07
0.02 94.29 -6.77 1.51
1.98 94.43 -8.47 2.1
0 94.92 -11.44 3.49
0 94.76 -12.78 2.71
0 95.04 -11.13 2.75
0 94.91 -11.2 3.3
0 94.69 -11.77 2.6
0 94.45 -11.57 1.93
0 95.13 -13.05 2.83
0 95.42 -14.46 2.61
0 94.95 -14.18 3.13
0.21 94.28 -12.73 3.78
0.34 93.98 -11.82 2.2
0 93.99 -11.82 1.7
14.27 94.54 -14.24 2.05
3.37 94.62 -19.1 2.54
0 94.32 -19.82 4.15
0 94.88 -18.84 1.77
0 95.35 -17.97 1.41
1.37 95.29 -17.2 1.92
0.84 95.83 -21.25 3.24
0 95.75 -24.65 4.58
0 95.38 -17.24 4.38
0 94.77 -11.5 3.21
0 94.59 -12.62 3.11
0 94.63 -11.48 2.84
0 95.14 -13.66 1.98
0 95.53 -16.46 1.75
0 95.38 -17.06 2.29
0 95.47 -14.06 3.02
0 95.36 -11.78 2.55
0 95.01 -10.35 2.15
0 94.79 -10.17 2.57
0 95 -9.81 3.18
0 94.93 -9.81 3.47
0 94.84 -8.4 2.7
0 93.97 -8.56 2.49
0.02 93.59 -5.34 3.24
0 94.23 -4.45 2.33
0 93.91 -1.11 2.24
0.05 93.83 -0.28 1.92
5.87 94.08 -0.88 2.73
35.42 94.78 -8.29 5.24
0 94.87 -13.35 4.96
0 94.27 -10.2 4.11
0 94.16 -5.92 3.93
0 94.08 -3.48 3.19
0 94.07 -4.87 3.5
0.35 94.87 -8.18 3.18
0 94.82 -10.36 3.22
0 94.63 -10.21 2.45
0.02 94.8 -7.71 2.87
0 95.66 -11.27 2.7
0 95.3 -10.43 2.43
0 95.23 -9.58 2.74
0.28 94.57 -7.93 2.51
0.06 94.65 -7.93 2.14
0.41 94.97 -9.11 3.91
0.26 95.18 -9.48 3
0.13 94.32 -2.3 2.56
0 93.94 0.52 2.06
0 93.83 1.25 2.29
0.72 94.22 -0.27 1.58
18.07 94.1 -0.16 3.84
0.08 94.07 -2.22 2.25
3.09 94.37 -4.85 3.97
0 95.1 -8.38 4.13
0 95.21 -8.46 3.58
0.07 94.98 -7.35 3.4
0 94.45 -6.18 2.04
0 93.86 -2.47 3.4
0 94.58 -2.56 2.61
0 94.44 0.31 2.61
0 93.89 3.82 2.61
0 93.77 6.6 2.92
0 93.36 8.61 4.12
0 93.79 6.36 3.59
0 94.61 3.74 1.73
0 94.88 5.27 1.95
0 94.55 7.43 2.51
0 94.84 4.93 3.8
0.03 95.42 1.61 4.23
0 95.42 1.2 2.85
0 95.11 2.17 2.77
0 94.75 6.29 2.88
0 94.17 7.97 2.4
0 93.56 9.28 3.55
0.3 94 6.26 3.18
0 93.95 8.11 3.1
0 93.05 13.81 4.27
17.65 93.34 8.77 4.46
0.71 94.34 5.31 3.76
0 94.35 6.84 2.87
0 93.58 8.94 3.11
0.24 93.81 8.94 2.37
0.62 93.26 11 3.93
0 93.62 9.05 4.2
0 93.57 10.96 4.94
0 93.72 7.56 2.77
0 94.33 5.49 2.96
0 93.89 6.41 4.16
17.19 93.09 8.34 2.37
0.29 92.87 9.88 4.31
0 93.9 10.57 3.01
1.77 93.48 14.26 4.25
11.12 93.42 9.33 4.05
2.45 93.39 5.85 3.85
3.73 93.67 6.05 2.32
3.09 94.01 6.71 2.58
0.02 93.68 12.48 2.62
0 92.9 13.67 5.17
0 93.4 10.03 5.62
0 93.88 9.91 2.7
0 93.39 13.03 3.93
2.25 94.09 10.94 3.02
26.38 94.32 9.2 2.05
2.43 93.98 12.31 1.73
0 94.09 12.69 2.26
18.12 93.33 13.5 2.53
0.05 92.96 16.87 2.66
20.02 92.74 19.93 3.72
169.84 93.49 10.4 2.28
42.43 92.68 11.61 5.03
0 93.13 14.82 2.86
13.72 93.11 15.01 4.28
0.02 93.46 12.31 5.91
0 94.16 14.34 2.57
0 93.65 17.55 3.75
1.85 93.8 15.86 2.11
0 93.49 16.19 2.32
0.95 92.71 18.67 3.67
119.18 93.43 11.09 4.35
0 94.26 13.6 3.87
38.56 93.9 11.47 3.45
0.91 93.74 11.79 3.29
0 93.26 17.18 2.96
0 93.39 21.38 3.59
0 93.65 22.71 3.8
0 93.86 21.19 3.22
0 94.02 20.87 3.34
0.07 94.66 18.33 3.25
0.08 94.56 17.7 2.34
49.62 93.71 14.22 1.88
21.64 92.71 14.76 4.05
6.36 92.99 17.55 3.22
0.71 93.46 17.59 3.93
0 93.4 20.39 3.88
0.47 93.04 22.31 3.76
0 93.36 18.45 3.75
0 93.09 20.81 3.61
27.48 93.81 16.57 2.03
0 93.91 19.15 1.53
0 93.56 22.01 2.39
0.02 93.24 22.57 2.88
0.07 93.35 21.8 2.64
0.93 93.61 22.01 2.3
40.86 93.76 18.36 3
4.25 93.79 18.41 2.01
0.2 93.55 20.51 2.28
31.7 93.24 20.22 3.55
83.81 93.01 19.26 3.81
29.73 93.49 17.66 2.26
9.2 93.4 18.74 1.9
9.36 93.06 18.4 2.08
138.14 92.92 15.07 2.14
12.55 92.98 18.19 2.23
5.51 92.62 19.18 2.18
29.89 92.67 19.68 1.92
2.74 93.21 19.95 2.76
0.01 93.29 22.54 2.41
24.61 92.97 23.4 2.71
34.39 92.99 22.65 2.34
23.07 93.02 21.48 2.03
12.05 93.25 20.51 2.77
4.26 93.33 19.95 3.44
0 93.49 23.24 2.76
0 93.41 23.79 2.12
40.37 93.12 21.95 2.55
75.43 93.19 18.14 2.62
90.63 93.09 19.67 1.92
43.65 93.16 19.67 2.22
0 93.28 19.95 1.79
0.38 93.25 21.56 1.87
0 93.37 23.94 2.59
0 93.52 24.23 2.69
7.27 93.74 24.62 1.92
0 93.85 25.76 1.9
0 93.78 26.11 2.57
0 93.53 25.71 2.43
0 93.3 27.25 1.94
0 93.06 28.13 2.42
15.43 92.77 27.97 3.01
93.17 93.01 21.83 1.88
0.72 93.34 23.96 2.28
3.2 93.63 22.16 2.36
17.92 93.31 19.31 1.83
3.73 93.2 18.77 1.87
1.98 93.47 21.45 1.71
0.07 93.49 23.08 2.18
17.47 93.55 23.03 2.29
233.34 93.61 20.74 1.99
674.31 93.17 20.59 2.13
91.99 92.94 23.07 1.8
24 92.89 25.75 2.42
0.81 93.38 24.7 1.96
372.53 93.36 20.44 2.15
2.09 93.27 22.15 1.62
2.63 93.07 23.62 2.01
30.05 93.04 23.01 1.98
18.53 93.39 23.32 1.94
160.54 93.67 22.27 2.07
48.54 93.77 21.76 1.7
14.08 93.87 22.79 1.77
0.25 93.89 24.17 1.78
0 93.83 25.6 1.59
0 93.78 26.6 1.79
0 93.69 26.34 2.04
323.02 93.43 24.52 1.76
116.47 93.77 23.12 2.05
0 93.86 21.84 1.7
0 93.52 23.26 2.16
0 93.34 26.01 2.97
3.3 93.35 27.86 2.77
23.68 93.43 24.5 1.98
0 93.39 23.55 1.78
0 93.61 23.17 1.81
24.53 93.53 22.57 1.77
54.28 93.36 21.9 1.9
3.78 93.24 22.01 1.4
218.41 93.18 20.12 1.53
11.13 93.6 21.09 2
12.02 93.73 21.6 1.8
1.05 93.87 22.42 1.98
2.41 93.96 22.99 1.62
30.61 93.49 20.77 1.48
15.04 93.33 22.85 1.99
97.69 94.05 17.62 3.47
0 94.33 17.07 2.11
6.02 94.01 17.13 2.25
1.8 93.97 18.08 2.08
0 94.1 17.58 1.88
0 93.54 17.7 1.92
11.98 92.56 16.78 4.26
22.73 92.39 15.39 2.79
4.28 93.01 18.31 1.5
12.92 93.51 18.45 1.39
151.37 93.76 17.6 1.65
46.95 93.73 16.87 1.43
8.73 93.6 18.32 1.58
2.98 93.34 18.24 1.82
4.55 93.42 16.91 1.64
29.61 93.71 16.24 1.74
16.5 93.86 15.42 1.74
126.69 94.18 15.04 1.96
17.02 94.43 15.68 1.46
2.67 94.4 16.81 1.47
32.05 94.23 18.1 1.59
0.02 94.13 18.38 1.73
11.1 94.16 17.5 1.99
5.61 94.57 15.39 1.71
34.75 94.73 13.21 2.08
0.39 94.78 12.83 2.24
0 94.62 13.06 1.6
1.85 94.42 13.45 1.97
12.82 94.07 15.47 1.85
3.62 93.77 17.2 1.8
3.51 93.52 19.05 2.96
0.15 94.15 16.29 2.13
18.4 93.97 16.52 1.73
2.87 94.71 11.07 4.6
0 95.08 7.43 2.13
0.11 94.33 9.03 2.19
0.26 94 14.21 2.01
11.61 93.87 17.31 3.06
1.73 93.87 15.06 2.28
4.71 93.86 14.97 2.9
107.25 94.33 7.93 1.9
10.06 94.44 6.76 2.12
1.5 94.99 8.14 1.7
72.04 94.18 10.06 3.24
1.16 94.42 5.17 4.33
0 94.6 4.38 1.82
0.36 94.2 5.7 1.75
0 94.72 5.54 39.08
0.23 94.73 7 1.67
0 94.35 11.19 1.42
0 94.45 12.37 1.74
0.28 94.59 13.35 2.39
4.07 94.09 13.67 3.74
0 94.52 9.33 2.17
0 94.32 10.72 1.9
0 94.16 12.16 2.14
4.04 94.92 5.32 2.57
59.8 94.39 5.4 1.64
32.21 95.02 2.38 2.67
0 94.7 2.31 1.48
0 94.08 3.15 1.51
0 93.76 7.45 2.83
0 94.83 3.15 1.9
24.76 94.92 2.24 1.46
6.83 95.11 1.42 2.77
0.79 95.15 -0.51 2.53
2.78 94.87 -0.54 3.16
0 95.65 -5.53 3.14
0 95.3 -4.04 2.27
0 94.63 -0.53 2.88
0 94.06 1.5 1.74
0 93.22 3.76 1.77
0 94.15 1.93 2.64
0.51 94.91 -0.37 2.12
7.13 95.21 -1.48 3.09
0 95.55 -4.12 1.87
0 94.96 -2.42 2.1
4.78 93.56 1.61 3.16
2.46 93.75 -2.19 1.66
0.31 94.27 -1.93 1.58
0 93.8 3.19 3.01
0 94.48 0.39 4.84
0 94.69 -3.81 1.96
0 94.44 -0.43 1.99
0 94.39 -1.21 2.13
0.22 93.83 0.63 2
3.11 94.29 -2.75 2.47
25.32 94.82 -6.92 1.93
44.15 95.19 -9.99 3.03
0 95.58 -11.94 3.3
0 95.26 -11.03 2.72
0 94.79 -9.32 2.31
0 94.44 -7.15 1.96
0 93.99 -3.35 3.09
0 94.78 -6.33 3.04
0 95.22 -5.54 1.73
0.13 95.43 -5.75 1.67
8.2 94.37 -2.04 3.4
0 95.11 -4.08 3.57
0 94.88 -1.66 2.31
0 94.14 0.51 2.55
0 94.15 -2.1 2.5
2.26 94.8 -6.45 3.36
0 94.27 -6.42 2.63
0 94.46 -6.29 2.41
6.13 93.91 -4.61 3.47
0 94.82 -8.28 2.14
0 94.96 -9.38 1.56
0 94.39 -7.37 2.16
4.11 94.69 -4.38 2.45
0 95.27 -9.31 2.85
0 95.23 -11.13 2.13
0.02 95.23 -9.48 3.1
0 94.5 -5.93 2.13
0 94.42 -5.48 1.17
0 94.58 -4.95 1.28
0 94.66 -4.52 1.33
0.02 94.98 -4.26 1.24
0.28 94.93 -4.97 2.23
4.08 94.61 -9.34 3.44
0 95.02 -11.2 2.33
0 94.94 -11.1 1.37
0.11 94.8 -6.87 2.99
0.48 95.34 -9.33 3.26
0 95.27 -12.21 2.08
0 95.01 -10.96 3.82
0 95.23 -10.34 2.56
0 94.76 -9.28 1.71
0 94.62 -7.87 1.47
0 94.45 -4.41 2.77
0 94.59 -5.84 2.17
0 94.29 -3.56 2.62
0 94.82 -6.23 1.55
0 95.1 -7.39 1.36
0 94.71 -4.74 1.46
11.51 94.68 -4.35 1.38
5.39 94.33 -5.8 2.45
0.04 94.47 -8.64 3.41
0 94.71 -11.18 3.58
0 94.46 -11.42 2.72
0.04 94.18 -11.54 2.83
0 94.39 -11.4 4.38
0 95.22 -12.16 2.11
0.15 95.2 -14.08 1.43
0.07 95.1 -13.03 1.46
0.45 94.94 -11.26 1.99
0 95.24 -12.2 1.71
11.29 94.92 -12.99 2.94
0 95.01 -14.43 2.36
0 94.69 -13.82 3.98
0 95.3 -14.6 2.4
0 95.41 -15.16 1.48
0 95.53 -13.11 1.64
0 94.98 -8.82 1.76
0.12 94.3 -5.67 4.22
0 94.75 -7.99 3
0 94.19 -8.9 2.26
0.17 95.01 -11.5 3.78
0 95.35 -11.57 3.12
0 94.81 -9.9 2.72
0 95.52 -9.42 3.11
0 94.96 -7.52 2.13
0 94.37 -5.22 1.66
0.53 94.02 -2.35 2.1
0 94.37 -6.84 3.03
0.02 95.25 -7.63 2.52
0.02 95.18 -8.05 1.31
0.09 95.04 -9.35 5.08
0.04 94.62 -10.46 5.21
0 94.77 -9.8 4.34
0 94.86 -7.98 2.91
0 94.83 -6.97 1.63
0 95.32 -5.3 1.72
0 95.21 -4.38 1.87
0 94.08 0.1 2.76
1.91 94.34 -3.74 4.02
0 94.94 -7.75 2.94
0 94.32 -5.8 2.57
0 93.35 -2.93 4.43
0 95.05 -7.62 3.53
17.99 94.85 -7.35 2.38
9.45 94.26 -5.08 3.82
0 94.75 -5.87 3.24
0 94.5 -3.5 3.19
0 94.43 -1.61 3.12
0 94.62 -1.84 1.83
0 94.31 0.15 2.63
0 94.25 -0.65 2.81
0.17 94.6 -4.9 3.72
0 93.87 -1.43 2.62
0 93.88 -0.55 1.83
0.03 94.09 -3.01 2.4
0.33 94.52 -5.51 3.32
0.13 94.28 -7.68 3.55
0 94.35 -5.92 4.39
0 93.89 -1.01 3.74
0 93.67 0.28 2.87
0 93.9 2.42 1.93
0 94.17 3.46 2.9
0 94.94 -0.74 4.14
0 94.95 -0.14 2.63
0 94.9 0.77 2.06
0 94.64 2.14 1.85
0 94.27 2.56 1.65
1.25 94.19 3.65 1.93
0 94.71 4.37 1.87
0.7 94.78 4.31 2.16
1.35 94.8 1.6 2.84
0 94.67 0.98 1.97
0 94.4 2.52 2
1.59 94.77 1.79 1.67
13.72 94.47 1.03 1.43
3.76 94.35 2.31 2.45
0.53 94.28 1.31 2.25
0 94.45 1.95 2.08
0 94.27 4.47 2.53
0 94.21 7.46 3
0.47 94.95 3.94 2.62
0 94.78 4.05 2.24
0 94.18 5.67 1.81
0 94.24 8.44 1.91
0 94.16 11.47 2.77
0 93.85 15.16 3.35
0.73 93.56 13.68 3.02
1.8 93.66 10.79 3.13
1.04 93.73 9.64 2.36
0 94.43 8.61 2.88
0 94.42 8.36 2.15
0 93.49 11.66 3.23
0 94.02 7.55 3.84
0 93.91 6.58 2.5
0 93.32 11.14 3.7
0 92.93 13.79 2.75
0 93.39 14.84 3.29
1.23 93.63 13.64 2.92
1.35 92.63 13.16 4.48
0.51 92.82 7.21 5.32
2.86 93.14 7.51 3.11
3.51 93.52 8.73 3.32
0 93.94 9.45 2.34
0.04 93.28 12.2 4.56
0 93.49 9.49 2.9
0 93.82 8.2 3.36
0.02 94.48 8.09 3.44
0 94.53 9.73 3.98
0 93.76 13.84 4.02
0 93.21 16.03 3.25
0 92.9 19.39 3.91
0 93.65 16.52 2.45
0 94.04 16.91 2.65
0 94 19.72 3.67
6.15 93.91 18.06 5.15
13.46 93.87 13.91 3.26
14.43 93.58 9.31 5.84
0 93.82 10.53 5.84
0 93.71 17.24 3.64
0 93.4 19.04 2.44
0 93.14 19.11 3.81
0.22 93.17 18.08 2.94
0.02 93.33 14.04 4.64
0 93.12 12.12 4.03
0.97 93.37 12.09 4.41
0.16 94.07 13.59 4.1
0 94.03 15.56 2.16
0 93.27 19.55 1.9
0 93.12 22.6 2.12
0 93.16 27.16 3.48
10.24 93.48 25.11 3.18
0.72 93.72 23.09 2.79
20.47 93.97 16.02 3.17
182.4 94.1 10 2.09
0.07 93.95 15.81 2.31
0.01 93.55 18.79 2.47
0.06 93.97 16.24 2.86
0 93.55 19.16 2.43
0 93.19 21.43 2.72
0 93.51 21.87 3.72
42.97 93.81 16.32 2.37
1.12 93.28 19.24 2.69
8.22 92.81 19.18 2.95
0 93.28 17.2 3.11
77.83 93.54 11.59 2
0 93.73 15.3 2.16
0 93.72 19.17 2.04
0 93.87 20.61 2.3
27.78 93.54 14.71 2.15
0.63 93.33 18.13 2.61
0.48 93.24 20.38 3.3
0 93.27 20.47 3.23
0 93.62 18.55 2.07
10.34 93.76 17.42 1.76
15.79 94.05 17.91 1.73
0 94.1 20.08 1.9
0 93.74 25.4 2.23
0.93 93.44 26.34 1.66
0.73 93.28 25.57 2.77
32.98 93.19 22.4 2.13
48.79 93.16 20.48 2.53
52.85 93.07 18.69 1.74
7.93 93.12 19.74 2.37
0.65 93.28 21.03 2.11
107.82 93.61 18.06 1.72
149.35 93.49 16.79 1.48
4.31 93.27 18.65 1.46
5.59 93.26 21.34 1.61
0 93.43 23.44 1.72
14.02 93.33 24.12 2.89
17.32 93.35 25.14 2.83
0.23 93.26 25.94 2.64
18.3 93.15 25.66 2.22
86.41 93.03 25.59 2.12
22.61 93.16 24.25 2.15
1.08 93.27 25.04 2.01
72.38 93.43 23.41 1.67
30.3 93.57 22.55 1.55
68.11 93.34 23.29 2.25
413.92 92.56 22.41 2.22
59.91 92.54 23.1 2.56
38.92 92.69 23.36 2.32
0.82 92.68 23.5 2.09
0 92.95 24.2 1.91
0.39 93.01 27.07 2.43
45.76 92.8 27.46 3.05
43.2 93.22 24.34 2.14
16.92 93.54 25.32 1.67
0 93.66 26.6 1.83
0 93.61 27.8 1.9
0.02 93.33 27.83 2.72
30.05 93.09 26.25 2.26
57.32 93.06 22.97 2.36
49.3 93.76 21.28 1.96
69.51 93.77 21.01 1.25
7.54 93.34 23.22 1.24
1.14 93.45 23.17 1.57
0.85 93.66 23.26 1.81
37 93.31 21.23 2.1
0.87 93.54 22.21 2.09
0 94.03 22.51 1.85
0 93.6 22.61 1.59
44.75 93.21 22.96 2.59
0.04 93.37 24.58 1.91
2.01 93.45 25.25 2.19
86.85 93.19 24.1 1.94
515.22 92.62 23.45 2.03
15.66 93.02 24.1 1.59
75.66 93.08 23.45 2.36
34.36 92.93 22.01 1.86
2.06 92.98 23.37 1.89
44.67 92.83 21.83 1.72
61.48 92.65 20.13 1.45
6.55 92.75 22.38 1.6
23.52 93.14 23.36 2.39
63.83 93.5 21.89 2.02
0.8 93.65 22.42 1.66
22.79 93.58 21.65 1.73
39.99 93.49 21.29 1.6
216.35 93.56 19.39 1.88
37.49 93.72 20.26 1.64
39.55 93.84 21.03 1.67
64.59 93.87 21.14 1.71
15.59 93.53 21.66 1.69
2.82 93.3 24.61 1.77
39.56 93.72 21.64 1.89
308.37 93.6 19.33 1.75
0.02 93.66 19.21 3.31
0 93.75 17.18 3.28
0 94.04 18.04 2.06
27.34 93.78 15.58 2.19
5.64 94.18 15.33 2.93
0 94.31 14.06 2.12
0 94.03 16.2 1.94
1.06 94.02 16.9 1.77
2.44 93.84 19.47 1.94
12.23 93.88 18.61 1.93
16.84 93.8 18.86 2.4
3.13 93.65 19.79 2.24
0.1 93.57 19.16 3.51
0 93.47 18.04 1.8
0 93.28 20 2.02
0.83 93.72 18.39 2.37
4.96 93.79 18.95 1.99
111.28 93.71 17.03 1.77
0.02 93.95 15.64 2.23
0 94.33 15.13 1.79
0 94.56 16.01 1.79
8.17 94.49 18.21 1.98
8.41 94.34 17.66 1.78
0.59 93.97 17.85 2.3
0.01 93.79 16.07 2.28
0 93.25 17.95 2.15
0.19 93.68 14.9 2.94
0 94.02 14.38 1.73
2.47 93.4 17.54 2.72
10.9 93.42 15.82 3.4
0 93.58 16.39 3.53
0.19 93.86 16.99 2.15
17.11 93.83 15.31 1.98
21.37 94.12 12.89 1.96
0.03 94.09 9.28 2.35
0 93.97 8.16 3.2
0 93.81 9.26 2.26
0 93.91 12.78 2.66
0.17 94.1 14.61 3.29
0 94.81 8.82 2.28
0 95.17 7.15 2.07
0 94.92 8.74 2.43
0 94.28 12.42 3.02
0 94.07 13.71 2.63
0 94.36 12.84 1.78
14.89 94.64 11.58 1.44
89.95 95.21 8.32 2.96
28.77 95.24 4.67 2.34
0.93 95.05 4.43 2.57
1.06 94.68 3.32 2.11
0 94.58 4.76 2.53
0.02 95.11 4.13 1.33
30.99 95.17 6.23 1.69
0.07 95.52 4.69 1.8
0 95.28 5.69 1.57
7.34 94.68 8.17 1.55
0.14 94.47 8.76 1.43
0 94.22 9.89 2.26
0.04 94.81 6.89 1.53
18.17 94.91 4.2 1.7
0.31 94.94 4.81 1.57
0 94.79 6.09 1.7
0 94.85 6.66 1.35
0 94.26 8.63 1.5
0.03 94.11 9.31 1.81
0 94.97 5.17 4.2
0 95.45 1.47 3.24
0 94.93 4.05 2.29
0 94.08 6.43 2.61
