0.87 95.7 -15.7 1.41
0.03 96.37 -16.73 1.63
23.22 96.23 -18.7 1.51
6.75 96.45 -18.09 3.12
0 96.78 -19.76 2
0.01 96.97 -19.91 1.95
0.09 97.06 -17.6 1.38
18.93 96.45 -16.27 1.02
6.89 96.62 -15.85 1.3
0 96.9 -15.82 1.36
0 96.89 -15.86 2.65
0 96.32 -18.55 2.92
0 96.35 -16.21 2.98
1.61 96.14 -15.51 1.22
0 97.23 -15.07 1.36
0 96.81 -13.8 1.09
0 96.47 -10.84 1.08
0.01 96.38 -6.76 1.2
0 95.86 0.47 2.92
0.1 97.05 -9.04 4.52
0 97.01 -12.76 2.66
0 96.72 -11.2 3.94
0 96.2 -8.2 3.19
0 95.6 -8.2 4
0 96.61 -9.31 3.27
0 103.32 -5.03 2.85
2.3 95.48 -3.63 2.28
0.01 96.14 -10.43 3.74
0 95.71 -5.36 4.21
0 95.74 -5.32 1.67
0 96.33 -8.46 1.57
0.52 96.5 -10.83 1.87
0 96.53 -14.13 2.18
0 96.47 -13.04 2.25
0 96.43 -13.37 2.04
0 96.76 -13.44 1.4
0.02 96.67 -11.32 2.07
4.47 95.74 -3.58 2.64
0 95.79 -4.39 1.65
0 96.4 -6.75 2.36
0 97 -9.92 2.96
0 97.41 -11.71 3.35
0 97.16 -11.65 1.87
0.05 96.53 -10.1 2.11
0 96.94 -10.2 2.37
0 97.12 -12.33 1.73
0 96.67 -10.4 1.6
0.01 96.23 -8.45 2.94
0 96.05 -8.4 2.42
0 95.5 -4.09 1.85
0 95.35 -6.23 1.65
0 95.47 -5.19 1.85
0 95.54 -4.2 2.44
0 94.5 1.38 2.03
4.53 94.8 -1.77 1.74
0 95.88 -5.52 2.34
0.31 96.07 -4.61 1.76
4.01 95.74 -5.5 2.03
1.81 96.35 -7.13 2.31
0.16 96.06 -7.26 2.05
0.49 95.8 -2.93 3.33
0 95.91 -2.2 2.71
39.52 95.44 -1.51 2.65
3.01 96.56 -8.98 3.42
0 97.26 -11.09 1.83
0.01 97.51 -11.35 1.75
3.78 97.81 -9.67 2.53
0.01 97.05 -9.36 2.57
0 95.7 -4.29 2.4
0.25 94.63 2.21 3.21
0.7 95.74 -4.03 4.24
0 96.39 -2.88 1.9
45.31 95.79 -0.44 1.94
1.38 95.78 -2.51 5.07
0.02 96.22 -4.39 2.45
0 96.61 -5.01 2.22
0 95.65 -2.89 2.69
0.42 94.24 3.97 2.59
40.18 94.87 -0.59 3.42
0 95.26 0.43 2.71
0.06 95.23 4.3 3.71
0 95.92 2.67 2.57
0 96.43 -0.1 2.58
0.04 96.45 -3.06 3.22
0.85 95.95 -2.29 1.88
2.75 96.54 -1.81 1.8
0 96.44 3.27 1.59
0.1 96.22 5.88 1.93
5.69 95.64 8.74 3.87
2.62 95.36 7.68 4.27
0 95.81 2.43 5.06
0 95.85 0.26 3.93
0 95.53 4.42 3.73
0 95.19 9.12 3.52
6.18 95.81 3.13 2.33
0.01 96.48 2.13 2.16
0 95.93 7.07 3.3
0.33 94.75 12.32 5.22
31.2 95.49 2.74 2.63
0 95.8 3.73 2.86
1.89 95.73 2.53 2
44.39 95.57 0.91 3.11
0.03 96.36 -0.63 4.78
0 96.48 2.2 2.4
0.39 95.82 4.65 2.63
8.84 96.04 3.39 1.8
0 96.05 5.26 2.6
21.85 95.33 10.94 2.63
43.82 95.79 8.49 1.69
0.25 96.15 8.43 1.92
0.17 96.38 10 2.03
0.95 96.14 9.4 2.15
0.13 96.06 8.47 1.9
0 95.66 12.68 3.04
3.91 95.43 13.27 4.1
38.2 95.27 4.8 3.2
9 94.85 3.05 3.34
0.11 94.99 5.43 5.57
1.96 95.15 7.39 4.53
6.58 95.39 11.85 2.4
0 94.84 17.22 1.98
0 94.57 18.87 3.76
0.53 95.09 16.8 2.15
4.61 94.6 144.6 2.49
226.08 94.22 10.75 2.68
6.63 94.72 13.55 3.95
36.41 94.75 12.03 1.68
5.46 94.99 15.21 2.39
52.54 94.81 11.29 3.24
11.54 94.7 9.69 2.18
1.9 95.71 10.17 2.36
0 95.97 13.25 1.62
0 95.92 16.09 1.54
3.47 95.53 17.25 3.27
6.3 95.4 20.18 2.49
1.57 95.59 19.27 2.44
28.6 95.13 16.58 2.53
168.81 94.27 12.49 2.47
0.34 93.98 18.43 4.36
0 94.79 21.82 2.45
0 94.95 24 2.48
0.42 94.93 22.34 1.96
1.39 94.58 21.34 2.4
10.23 94.78 17.6 3.7
0.65 95.39 21.34 3.1
0.16 95.8 22.02 2.14
7.26 95.77 19.2 1.8
84.66 95.2 15.62 2.25
55.87 94.8 16.72 2.02
71.96 95.23 15.36 1.75
9.44 95.83 16.7 1.29
3.52 95.75 18.1 1.52
0.78 95.87 19.2 1.54
0 95.92 20.99 1.76
0.01 95.71 22.02 2.09
0 95.41 23.13 2.19
0 95.41 23.39 2.34
0 95.52 24.19 3.11
0 95.64 24.34 3.02
0 95.72 24.57 2.01
2.44 95.6 21.53 2.12
0.08 95.34 21.21 3.03
0.63 95 22.96 1.94
22 94.76 23.07 2.79
54.81 94.64 22.19 2.69
0.68 94.52 23.76 2.36
18.69 94.61 23.85 1.73
96.45 94.69 20.98 1.9
24.73 94.77 20.47 1.73
1.37 94.86 22.74 1.26
0.1 95.23 23.22 2.58
0.03 94.83 23.58 1.73
7.67 95.15 20.7 2.21
0 95.26 23.18 1.55
0 95.14 25.37 1.93
0 95.12 26.18 2.47
0 95.05 25.68 1.76
20.5 94.86 22.1 1.6
55 94.78 22.55 1.44
0.32 94.83 24.13 1.45
0.11 94.63 25.35 1.36
102.55 94.55 22.19 2.09
2.78 94.55 25.08 1.52
0.05 94.56 27.72 1.62
7.19 94.54 27.1 1.83
0 94.53 26.82 2.72
0.04 94.67 25.37 2.48
11.75 94.97 21.77 1.79
3.3 95.15 22.83 1.96
1.48 95.12 22.51 2.19
63.37 94.93 21.37 1.66
103.73 94.91 20.99 1.43
284.16 95.17 20.36 1.31
6.48 95.42 22.61 1.14
0 95.37 24.15 2.04
83.77 94.95 22.68 2.29
7.09 94.73 24.83 2.79
2.12 94.95 25.93 2.28
3.33 94.91 27.04 2.3
16.67 95.01 25.73 2.33
219.45 94.9 23.38 1.75
1.87 95.14 24.59 1.49
2.05 95.25 25.96 1.58
8.63 95.29 26.76 1.42
3.35 95.42 27.47 1.65
0.94 95.28 27.86 2.15
9.97 95.19 27.09 2.29
27.65 94.83 26.81 2.3
234.54 94.43 26.36 2.5
8.67 94.41 22.94 1.39
37.53 94.4 25.69 1.25
191.4 94.71 22.26 1.47
0 95.33 21.66 1.91
0.03 95.23 22.87 1.46
9.89 94.53 24.54 2.66
63.18 94.73 23.2 1.69
125.78 95.12 22.16 2.7
0 95.88 20.68 1.55
21.95 95.5 20.67 1.51
106.48 94.8 22.41 2.03
26.55 94.86 22.86 2.06
0 95.08 22.05 1.87
0 94.81 24.67 2.24
28.06 94.53 24.87 1.84
1.83 94.43 26.16 2.07
30.32 94.33 24.37 2.98
0 94.83 22.39 2.66
0 95.19 22.63 1.66
11.01 95.2 23.16 2.11
9.89 95.39 23.29 2.2
150.26 95.53 22.52 1.82
1.45 95.82 23.07 1.69
197.23 95.71 18.89 1.58
77.96 95.67 18.95 1.41
0.75 95.68 20.15 1.34
0 95.62 22.26 1.63
0.1 95.82 21.84 1.6
1.64 96 21.81 1.62
0 95.72 21.16 1.66
1.74 95.53 20.2 1.44
27.49 95.14 20.87 1.53
8.95 95.26 20.9 1.24
1.27 95.31 22.02 1.73
19.3 95.8 20.38 1.55
5.59 95.94 21.17 1.29
0.02 95.82 20.02 1.18
0 95.56 19.88 1.61
0 95.35 22.32 1.59
1.9 95.52 23.4 1.66
0 96.06 18.74 1.74
0 95.9 17.64 1.39
2.01 95.47 18.21 1.31
8.29 95.12 19.24 1.42
0.24 95.35 19.7 1.43
0 95.5 20.89 1.11
3.65 95.56 22.26 1.32
0 95.66 22.59 1.66
4.84 95.47 21.42 2.13
119.48 95.81 15.43 2.06
273.16 95.92 9.52 1.91
184.52 95.8 12.39 1.38
0 95.54 16.06 1.4
49.36 95.75 14.76 1.91
206.45 96.39 9.79 2.44
0 96.3 10.17 2.16
0 96.09 12.63 1.44
1.2 95.83 14.68 1.41
7.71 95.59 15.39 2.47
0.31 95.77 13.28 2.35
0 95.72 11.3 4.29
0 96.55 9.42 2.51
0 96.15 10.18 1.44
0.02 95.85 14.8 1.76
1.15 96.15 13.23 1.41
332.92 95.86 8.33 2.32
76.36 95.82 7.82 2.71
0 95.95 9.52 1.71
0 95.59 13.09 1.3
0 95.48 16.53 2.21
0 95.64 17.62 2.44
0 95.58 17.24 2.25
0 95.13 16.77 2.9
26.54 95.66 11.63 1.91
143.77 96.1 5.89 2.23
0 96.23 8.25 1.44
0 95.79 9.92 1.62
0 95.97 9.01 2.88
0 95.51 8.11 2.75
0 96.27 3.6 2.63
0 96.88 1.44 1.08
21.18 96.81 0.34 1.34
56.34 96.84 1.29 1.18
0 96.72 2.35 1.19
0 96.2 4.59 1.38
0 95.91 9.07 1.46
7.12 96.06 9.42 1.99
5.84 96.58 3.95 3.19
0 96.96 0.35 3.29
0 97.64 -1.06 2.26
0 96.82 0.81 1.52
0 96.68 4.49 1.91
0 96.67 5.7 1.32
0 96.73 5.9 1.37
0 96.54 6.13 1.84
0 97.05 2.67 3.28
0 96.63 1.74 1.85
0 96.19 5.49 1.64
0 96.28 4.74 1.27
0 95.97 6.82 1.67
0 95.66 7.46 1.42
6.14 95.8 3.93 2.41
0.33 96.33 0.5 3.25
0 96.02 -0.97 1.38
0 95.6 0.58 1.36
32.23 95.02 1.31 3.68
1.5 95.5 -0.34 1.92
1.06 96.49 -0.75 3.77
0 97.47 -4.35 2.59
0.04 96.83 -2.95 2.26
0 96.15 0.4 1.48
0 96.09 1.25 1.83
0 95.77 4.85 2.85
0 95.3 3.59 2.16
0 95.06 5.56 1.76
0.3 95.2 2.38 4.03
0 95.97 -2.32 1.92
0 95.84 -1.81 1.85
0.01 96.06 -1.65 3.88
0 96.34 -5.93 2.45
0.35 95.52 -5.59 2.29
0 95.86 -6.42 5.94
0.21 96.02 -7.21 1.51
0.16 95.91 -6.3 1.34
0 95.56 -2.72 1.94
0.04 95.13 -2.54 1.84
0.06 95.7 -6.73 3.46
0 95.84 -5.8 2.1
0 94.82 2.4 2.29
0 96.14 -2.41 3.01
0 96.73 -5.43 3.13
0 95.45 -4.87 2.3
0 95.41 -6.23 1.58
0 94.93 -4.75 1.77
1.84 94.75 -7.7 3.8
0 95.79 -11.53 1.86
1.06 96.11 -13.06 2.09
0.1 96.87 -14.71 2.94
0 96.8 -15.75 3.42
0 96.5 -14.98 3.25
0 95.2 -8.69 3.29
0 95.04 -6.28 1.59
0 95.08 -4.14 1.77
0 95.34 -2.88 2.39
0 95.59 -1.07 1.85
0 95.31 -6.42 1.39
0.22 95.88 -9.67 2.81
0 97.16 -15.98 3.22
0 97.15 -15.6 3.21
0 96.24 -14.53 3.05
0 95.15 -11.87 2.68
0 94.81 -8.79 2.16
0 95.46 -11.45 3.1
3.12 95.7 -12.01 1.95
0.03 95.87 -12.41 4.42
0.19 96.38 -11.06 4.86
0 96.69 -11.17 3.16
0 96.85 -12.13 2.55
0 96.46 -12.43 1.01
0.01 96.06 -12.45 1.53
0.03 96.22 -11.37 4.42
0 96.83 -10.2 3.77
0.02 96.18 -8.27 1.78
0.22 96.02 -9.13 3.48
0 96.6 -13.12 3.75
0 95.87 -11.1 2.66
0 95.4 -11.85 3.66
0 95.57 -12.5 1.89
0.01 95.55 -10.97 2.77
0.03 96.55 -14.54 3.04
0 96.98 -17.12 3.4
0 96.78 -15.1 2.25
0 96.61 -14.04 2.37
0 96.34 -14.41 2.78
0 96.31 -14.19 3.27
0 96.22 -12.54 2.03
0 96.03 -12.55 1.58
0 96.03 -12.89 2.97
0.05 96.3 -14.19 3.41
0.01 96.46 -14.02 1.76
0.09 96.62 -14.32 2.19
0 97.05 -14.68 1.65
0 97.35 -13.74 2.65
0.02 96.88 -13.68 2.95
0 96.59 -14.29 3.51
0 96.38 -10.97 3.34
0 95.99 -4.2 2.57
0 95.67 -4.8 1.73
0 95.59 -7.36 1.47
0 95.47 -6.1 2.07
0 95.71 -5.46 2.17
0.03 94.94 -3.78 4.24
0.03 95.46 -2.88 2.56
0 95.16 -6.07 2.01
0.62 95.27 -6.73 3.11
0.19 96.1 -9.82 1.91
1.48 96.09 -9.32 1.21
1.92 96.34 -12.55 3.74
0 96.48 -12.06 2.13
0.21 96.38 -11.14 1.88
0.15 96.36 -11.58 1.54
0 95.67 -4.41 2.84
0.77 95.6 -5.04 1.74
2.5 96.03 -4.36 2.53
0 96.02 -4.18 1.84
0 95.88 -0.52 1.76
0 96.19 -0.67 1.58
0 95.82 1.1 1.99
0 95.35 2.06 3.31
3.81 95.12 1.19 2.09
0.22 95.83 -3.24 2.78
0 96.49 -4.42 1.68
8.57 95.91 -1.99 3.88
0.91 96.63 -8.3 3.67
0.06 96.17 -7.3 3.14
0 95.87 -6.19 3.13
0 95.88 -6.25 2.2
0 95.99 -4.05 2.92
0 95.65 -0.91 1.92
0.13 95.14 1.97 2.52
0 95.93 -1.11 3.45
0 95.67 -0.96 4.16
0 95.72 -3.1 4.24
0 96.08 -1.44 3.6
0 95.81 0.27 3.43
0 95.22 2.44 2.8
0 94.49 7.13 2.12
0.02 95.18 3.09 4.15
0 96.35 -1.52 3.96
0 96.05 -4.28 4.35
0 95.82 -2.83 3.02
0 95.24 3.34 2.98
0 94.87 5.18 4.65
0 95.29 2.42 3.55
0 95.44 0.4 2.34
2.3 96.06 -2.76 4.07
0 96.17 -2.23 2.99
0 95.89 -1.51 2.41
0 96.03 -1.64 4.35
0 100.49 -0.02 2.51
0 100.44 1.37 2.71
0 100.28 3.41 2.81
0 100.55 3.21 1.96
0 100.22 7.4 2.88
0 99.91 8.39 2.05
0 99.48 10.64 3.83
0 100.74 3.05 4.09
0 100.7 2.98 2.41
0 100.26 6.08 2.43
0 100.17 7.96 1.42
0 95.72 10.02 2.64
0.07 95.01 10.65 5.06
1.23 95.32 8.43 4.46
0 95.35 8.34 3.73
0 95.14 9.51 3.49
2.28 95.83 5.97 3.32
0 95.53 9.44 3.2
0 94.92 14.71 3.31
0 94.99 14.03 1.72
0.06 94.27 16.16 3.11
0 95.08 11.2 4.97
0 94.87 12.31 4.02
2.54 94.82 8.99 6.47
0.59 95.47 7.45 4.97
0 95.35 10.01 2.21
0 94.76 13.93 3.74
56.29 95.48 7.9 2.32
3.19 95.37 6.97 2.04
13.31 95.11 5.85 2.89
5.05 94.69 6.85 3.62
0.16 94.27 8.99 1.88
11.52 94.28 9.52 2.65
1.52 94.95 8 2.89
0 94.48 10.09 1.62
44.88 93.88 8.95 1.65
6.84 93.82 9.72 2.26
1.16 94.71 13.98 3.46
0.23 94.96 12.12 3.89
0 95.29 13.14 2.71
2.66 94.87 12.86 2.75
132.26 94.1 9.76 2.93
0.15 94.11 11.35 3.45
0.01 94.62 13.78 2.84
2.32 94.67 14.85 3.59
23.35 94.42 16.73 2.79
0 94.68 18.36 2.26
0.16 94.37 16.79 4.49
0.75 94.3 13.37 5.7
0 94.49 15.74 6.12
0 94.59 16.85 4.2
0 95.13 13.96 3.31
0 95.11 14.67 2.17
0.01 94.03 17.78 2.49
18.52 93.81 18.68 3.52
12.62 94.95 14.18 2.95
2.35 95.07 12.51 3.15
0.51 94.96 13.29 4.09
0 94.8 18.08 3.2
0 94.92 19.15 2.85
0 95.06 21.29 3.13
4.84 95 20.59 3.96
11.63 94.94 18.9 4.68
0.04 94.76 20.13 2.82
0.54 94.6 23.46 4.66
10.55 94.66 22.55 2.67
36.06 94.24 19.2 3.17
8.6 94.16 17.58 2.86
0.05 94.61 19.81 2.77
6.64 94.35 20.57 4.93
5.53 94.43 19.43 3.58
0.31 94.69 20 1.89
1.26 94.57 23.13 2
20.55 93.95 24.23 2.94
16.44 93.66 21.94 2.53
23.88 93.9 21.64 2.12
0 94.31 22.86 2.51
52.59 94.27 20.76 2
178.74 94.43 16.35 2.35
6.89 94.61 19.7 1.97
9.99 94.65 21.59 1.49
64.98 94.45 20.68 2.05
66.13 94.43 18.81 2
106.26 94.64 17.54 1.78
1.1 94.78 20.47 1.71
0 94.71 23.38 1.37
0 94.57 25.46 1.96
0.04 94.29 26.83 2.7
0 94.22 27.01 2.71
10.48 93.98 22.54 2.22
74.53 94.22 16.86 2.48
1.51 94.9 19.72 2.56
0 95.26 21.05 1.61
6.68 94.66 22.1 2.96
11.25 93.98 22.77 2.42
12.38 94.18 24.6 2.57
0.04 94.34 24.52 2.96
33.58 94.25 23.57 2.47
42.19 94.32 22.41 1.48
0.27 94.2 23.72 2.18
0 94.32 24.19 2.41
0 94.45 25.59 2.39
49.32 93.99 22.6 2.25
0.71 93.69 25.07 3.14
104.41 93.76 18.58 1.81
19.52 93.83 19.19 2.59
8.23 94.49 21.56 1.78
16.45 94.67 23.29 2.22
9.84 94.74 24.06 2.09
9.4 94.75 23.69 2.27
1.49 94.55 24.19 1.42
48.4 94.65 22.3 1.84
14.58 94.63 22.71 1.56
42.03 94.5 22.19 1.66
16.57 94.56 21.5 1.46
52.42 94.61 22.21 1.38
287.61 94.46 20.81 1.84
73.66 94.39 21.26 1.4
81.34 94.33 22.07 1.86
23.02 94.3 23.29 1.92
0.31 94.36 25.36 1.48
34.8 94.35 25.72 2.08
450.28 94.14 22.42 2.19
79.01 94.09 22.93 2.3
13.8 94.3 23.2 1.99
0.78 94.51 24.86 1.48
75.3 94.69 22.01 1.58
117.54 94.33 21.28 1.58
0.03 94.4 23.63 1.69
0.33 94.53 24.57 1.98
0.97 94.89 23.41 1.86
0.06 94.51 23.75 2.04
0 94.46 24.13 1.77
0.03 94.67 24.29 1.6
7.58 94.66 23.46 1.38
10.24 94.68 23.86 1.59
14.38 94.3 23.96 1.64
10.88 94.42 25.44 1.86
0 94.83 24.9 1.27
0 94.67 25.88 1.25
0 94.39 25.98 1.76
13.6 94.14 25.58 1.73
90.33 94.49 21.75 1.84
279.36 94.55 18.92 1.75
20.39 94.56 21.63 1.48
16.54 94.74 21.12 1.29
0.15 95 21.74 1.55
0.17 95.15 22.22 1.28
0 95.14 23.34 1.34
0.88 95.01 23.45 1.53
22.34 95.23 21.36 1.63
0 95.23 20.85 1.34
37.36 95.2 20.3 1.4
6.22 95.43 20.3 1.49
0.75 95.52 21.3 1.31
17.23 95.32 19.64 1.75
9.43 94.98 21 1.29
1.05 94.89 22.26 1.44
0 94.83 23.31 1.38
21.49 94.57 22.72 2.71
1.68 95.09 19.44 1.79
0 94.9 20.08 1.49
5.2 95.41 18.55 2.2
0.37 95.35 19 1.47
0 95.4 18.39 1.38
0 94.95 19.52 1.32
14.03 94.59 18.85 2.78
4.3 95.22 14.08 1.84
0.19 95.8 13.74 1.79
4.66 96.05 13.72 1.85
10.99 95.52 16.76 1.96
0.36 95.26 17.41 2.02
0.09 94.86 19.77 2.99
11.47 94.9 17.71 1.98
11.79 95.12 14.97 1.52
47.63 95.46 13.19 2.21
0 95.86 9.98 2.35
0 96.3 10.02 2.16
0 96.12 10.73 1.39
0 95.78 12.08 1.6
0 95.38 13.48 1.54
0 95.47 14.57 2.19
0 95.37 14.96 1.89
0 95.12 17.52 2.64
0.06 95.4 18.07 1.84
0.15 95.56 18.78 2.79
0.03 95.38 18.09 2.13
6.98 95.21 15.64 1.89
0.17 95.65 9.56 3.01
0 96.17 7.15 2.45
0 96.22 7.6 2.75
0 96.68 8.26 3.06
0 96.33 9.45 1.54
0 95.65 11.25 2.19
0 95.07 12.62 2.99
0 95.66 10.27 1.88
0 95.65 10.69 1.33
0 95.42 14.17 2.11
0.11 95.8 14.01 2.6
0 96.33 9.82 1.27
0 96.06 12.1 1.53
0 95.47 14.27 1.38
63.44 94.92 10.84 1.6
5 94.84 9.57 2.07
1.17 94.47 8.81 2.61
1.04 94.97 9.24 3.92
0 95.97 5.62 2.02
0 96.03 8.65 1.42
0 95.82 10.92 2.01
0.01 95.67 14.19 3.01
0 95.61 13.57 1.85
0.32 95.48 11.7 1.43
33.84 96.03 5.22 3.37
0.01 96.38 2.74 3.17
0 96.4 4.36 1.75
0 95.97 5.95 1.49
1 95.82 7.47 2.4
0 96.09 6.62 1.52
0 95.75 7.12 1.5
0 95.57 9.05 2.85
0 95.77 10.48 3.65
3.57 95.96 11.46 2.57
0.13 96.53 5.67 1.55
0.96 96.23 8.02 1.5
2.56 95.97 10.08 2.78
0.27 96.66 3.49 2.84
0.05 96.52 1.95 1.28
0 96.45 3.49 1.46
0 96.42 3.66 1.5
0 96.22 2.33 1.19
0 95.59 2.57 1.2
0 95.01 4.32 1.99
0 95.28 5.71 3.08
0.04 96.07 -1.12 2.57
0 96.17 -3.84 1.69
0 96.22 -2.97 1.44
0 96.41 -0.28 1.74
46.31 95.79 1.05 0.9
6.52 95.55 -0.27 2.65
1.56 95.79 -4.63 3.4
0 96.29 -6.12 2.23
0 96.28 -3.96 1.8
12.91 95.86 -4.95 2.61
0.21 96.49 -7.36 2.83
0 96.21 -8.04 0.97
0.09 96.2 -6.2 1.45
0.38 95.53 0.19 1.93
0 95.62 -0.88 1.31
0 96.42 -3.05 2.23
0 96.98 -7.54 1.64
0 97.26 -7.69 2.01
0.1 96.53 -7.44 0.96
0.04 95.81 -5.17 1.06
0 96.02 -6.13 1.34
0 96.36 -7.84 0.94
1.4 96.59 -8.16 0.89
1.46 96.54 -5.38 0.88
1.15 96.81 -7.17 2.51
0.03 97.13 -11.45 3.64
0 96.76 -11.1 2.83
0.01 95.94 -6.76 4.3
0 95.97 -3.51 2.58
0 96.42 -6.46 1.62
0.01 95.73 -3.79 2.67
0 96.44 -8.84 4.22
0 96.66 -12.59 3.12
0 96.79 -12.07 3.48
0 96.53 -10.44 2.03
0 96.58 -10.21 1.99
0 96.48 -10.82 1.09
0 96.15 -10.05 1.86
0 96.1 -9.23 3.83
0 96.36 -11.21 2.47
0 95.87 -9.36 2.96
0 96.05 -12.19 1.85
0 96.55 -11.87 1.67
0 96.81 -10.72 1.79
0 96.33 -7.46 1.92
0 96.69 -10.28 1.63
0 97.03 -14.12 1.15
0.16 96.49 -12.34 0.93
0.01 96.27 -9.81 1.68
0.17 96.66 -10.98 1.86
0.57 96.09 -11.42 2.45
0.15 96.25 -12.31 3.87
0 96.48 -11.79 2.47
0 96.26 -11.04 1.65
0 97.07 -13.81 1.32
0.19 96.98 -14.39 0.95
0 96.55 -11.8 1.36
0 96.51 -12.89 1.06
0.1 96.56 -12.1 2.99
0 96.68 -12.29 2.72
0 95.79 -7.18 2.83
0 96.04 -8.69 2.14
0 95.96 -8.79 2.08
0 95.7 -10.09 0.94
0.07 95.51 -8.39 1.26
0.16 95.72 -10.94 1.05
0 95.89 -10.27 1.22
0 96.32 -10.8 1.2
0.02 96.98 -13.36 3.2
0 96.87 -17.16 3.17
0 96.53 -17.35 2.49
0 96.02 -16.56 2.07
0 95.87 -15.77 2.7
0 95.47 -13.72 2.82
0 95.56 -12.96 1.67
0 96.09 -14.03 1.54
0 96.33 -14.23 1.66
0 96.71 -14.99 1.63
0.08 96.34 -16.47 1.38
0.45 95.85 -15.56 3.7
0 96.66 -17.03 4.02
0 96.66 -15.5 2.82
0 95.68 -12.78 2.84
0 95.76 -9.91 2.32
0.23 95.21 -6.39 2.31
0.03 95.81 -12.38 4.83
0 96.05 -15.43 4.56
0 95.63 -12.32 4.65
0 95.79 -10.24 2.92
0 96.13 -10.5 2.77
0 96.16 -10.44 1.7
0 95.9 -8.52 2.57
0.04 95.59 -4.01 2.16
0.13 96.14 -8.14 2.95
0 96.11 -10.01 2.74
0.05 96.18 -11.07 3.11
0 96.32 -12.53 4.39
0 96.22 -9.95 3.18
0 95.62 -5.83 2.64
0 95.71 -7.75 2.09
0 95.49 -8.93 1.27
15.46 95.09 -7.31 2.24
0 96.05 -7.07 2.47
4.98 95.89 -6.28 2.11
0.03 96.37 -8.31 3.2
0 96.31 -7.9 2.42
0 95.79 -5.82 1.65
0 95.41 -1.74 2.57
0 95.54 -0.01 2.12
11.34 96.09 -3.55 1.39
0.59 96.3 -6.79 1.88
0.33 96.26 -5.79 1.52
0.07 95.63 -1.6 1.91
31.41 94.91 -3.19 1.53
26.88 94.97 -3.66 2.52
0.04 95.61 -4.09 3.46
0 96.35 -7.79 3.57
0 96.06 -8 1.88
0.32 95.93 -7.33 4.28
0 96.42 -7.44 3.68
0 96.09 -5.5 1.79
0 95.43 -1.44 2.91
0 95.98 -0.5 2.06
0 95.62 2.71 3.1
5.32 94.69 5.54 4.09
7.44 95.33 -2.28 3.55
13.48 96.2 -7.23 2.27
0 95.95 -2.14 2.14
0 95.9 0.1 1.98
0 95.28 4.5 3.33
0 95.82 2.7 1.78
6.05 94.94 1.79 4.29
0 95.36 0.18 5.52
0 95.82 0.85 3.25
0 95.51 5.06 2.28
0 95.7 8.5 3.17
0 95.9 9.54 3.21
0.32 94.89 10.32 7.07
0.68 95.53 1.74 4.7
0.49 95.52 -0.07 4.37
0 95.51 0.36 2.06
4.82 95.38 1.89 2.78
0 95.04 4.46 4.11
0 94.84 5.11 4.8
0 95.12 4.16 4.6
0.1 95.48 4.2 2.47
0 95.03 9.91 3.55
0 95.12 10.93 4.49
0 95.02 13.08 3.26
7.9 94.74 13.9 5.23
6.04 95.12 8.06 4.25
0 94.55 12.34 3.1
0 94.42 14.13 3.03
0 94.4 15.64 3.13
2.71 95 9.94 3.61
0 95.34 9.23 2.49
0 94.44 16.03 4.08
0 94.48 18.16 4.01
2.4 94.88 14.61 4.07
38.37 95.37 13.16 3.29
2.19 94.81 12.51 2.3
0.28 94.15 14.29 1.89
0.38 94.13 17.67 3.66
183.04 94.58 12.74 2.75
80.79 94.53 9.75 4.42
0 93.97 11.26 3.22
0.12 93.67 12.07 6.7
0 94.9 10.11 2.99
0 94.9 12.97 2.54
0.32 94.61 17.7 3.52
0.56 95.17 16.96 2.46
13.35 94.68 17.87 2.21
0 94.74 20.83 2
1.3 94.86 20.44 2.44
0 94.94 18.26 3.16
0 94.57 17.95 2.2
2.25 94.57 16.69 1.74
0 94.79 18.25 2
0.07 95.07 19.97 2.37
3.12 95.24 20.28 2.56
76.36 95.27 14.96 1.77
22.49 94.81 13.69 2.69
18.31 94.58 11.6 2.76
5.06 94.53 12.62 3.94
0.02 94.27 12.6 3.07
6.85 94.02 12.89 4.79
0.04 94.48 16.19 1.67
0 94.41 22.07 3.68
14.58 94.93 20.22 2.89
8.1 95.29 18.54 1.89
0.13 95.16 20.29 3.59
1.82 94.87 19.84 3.82
4.95 94.99 17.5 2.88
0 94.97 17.35 2.87
0 94.78 18.31 2.5
0 94.42 20.36 2.47
0 94.86 20.8 2.35
0 95 23.04 2.42
13.99 95.01 20.91 2.64
57.92 95.42 15.16 2.62
0.22 95.52 17.1 1.72
14.58 95.09 16.93 2.85
13.05 94.83 17.02 2.94
103.92 94.6 15.74 2.17
15.45 94.31 19.09 3.4
1.29 94.49 20.92 1.99
7.06 94.09 20.12 2.34
14.11 93.94 22.14 2.11
26.96 93.94 22.39 2.35
73.76 93.81 21.37 3.25
13.75 93.94 17.62 2.86
2.29 93.65 17.08 3.05
14.4 93.73 17.11 2.47
177.2 94.34 14.36 2.05
313.46 94.56 14.61 1.95
165.54 94.58 15.82 2.62
5.17 94.45 19.39 1.61
4.99 94.33 22.4 1.68
9.25 94.51 21.82 1.79
44.47 94.26 21.62 1.53
22.49 94.31 21.9 1.6
3.86 94.47 21.9 1.38
41.3 94.44 21.19 1.61
0.83 94.21 22.39 2.14
59.06 94.23 22.17 2.32
38.95 94.59 21.01 2.22
10.89 94.96 22.7 2.07
1.68 95.12 22.97 1.72
2.77 94.86 20.74 2
72.75 94.43 21 2
0 94.28 23.75 2.03
2.53 93.91 24.71 3.75
4.28 93.92 23.13 3.35
0.75 93.88 23.09 2.6
0.06 94.25 23.63 1.67
1.79 94.39 23.31 1.59
0.99 94.28 23.8 1.52
21.69 94.26 24.26 1.78
27.82 94.26 25.2 2.07
36.5 94.31 24.74 1.9
169.23 93.9 21.43 1.8
39.81 93.66 19.94 2.49
65.75 94.05 19.61 2.89
8.96 94.56 21.34 2.53
0 94.58 21.55 1.73
0 94.61 22.86 1.53
0 94.86 24.67 1.35
0 94.96 24.79 2.02
0.13 94.78 24.77 2.26
2.74 94.63 25.21 1.48
5.73 94.56 25.51 1.65
65.57 94.5 24.07 1.57
475.52 94.08 22.33 3.36
0 94.59 23.57 1.34
0 94.8 24.1 1.68
10.03 94.73 24.22 1.96
76.5 94.34 25.32 3.38
3.29 94.7 24.29 1.66
150.28 94.26 23.11 2.12
30.47 93.95 24.04 3.51
0.45 94.58 22.31 1.43
97.01 94.87 19.89 1.47
179.14 95.02 18.98 1.69
159.16 94.95 20.16 1.36
22.18 94.99 22.07 1.58
149.43 95.03 22 1.7
0 95.21 23.26 1.18
0 95.04 24.33 1.2
0 94.68 25.76 1.98
10.85 94.58 24.82 1.77
9.64 94.84 23.68 1.24
0 94.71 24.5 1.55
13.6 94.78 21.01 2.15
28.73 94.8 18.58 2.1
1.5 94.94 20.2 1.55
3.87 94.64 19.1 1.82
6.36 94.69 21.2 1.65
0 95.04 22.24 1.7
0.04 94.65 23.23 2.9
105.83 94.63 23.28 2.2
2.92 94.73 21.56 1.6
15.45 94.7 20.63 2.37
7.15 95.31 17.05 1.93
0.03 95.46 16.74 1.85
0 95.23 20.32 2.34
0 95.16 21.88 1.99
0.24 95.02 22.11 2.38
2.14 95.04 21.85 1.38
15.05 94.94 21.57 1.55
0.65 94.47 22.85 1.9
1.5 94.61 23.94 2.43
0 94.88 24.61 1.88
0 95.01 25.08 2.23
0.92 95.03 24.8 1.92
229.59 94.95 17.43 2.9
34.9 95.32 13.99 2.48
0.3 95.37 13.5 1.95
0.94 95.5 16.32 1.76
0 95.42 19.39 1.98
34.81 95.53 17.87 1.46
1.64 95.43 17.4 1.13
0 95.36 18.92 1.1
0 95.3 20.8 1.38
39.79 94.98 19.36 2.21
98.84 94.97 13.83 3.51
0.6 95.12 12.29 2.51
0 95.5 14.05 1.45
0.11 95.95 14.44 1.05
0 96.05 14.25 1.27
0 95.4 15.01 2.26
0 94.92 16.29 2.57
0.35 94.91 16.24 1.63
0 95.15 17.85 1.69
3.06 95.06 18.24 2.12
0.86 95.07 17.52 1.39
5.64 95.39 16.23 1.37
0.54 95.7 16.07 1.33
24.43 95.59 15.13 1.76
3.28 95.82 15.24 1.45
52.72 95.45 11.22 1.63
37.79 95.42 10.29 6.25
0.83 95.6 11.77 3.24
0 95.62 11.75 1.64
0 95.46 12.93 1.49
0.39 95.27 14.52 2.05
0.89 95.1 13.76 2.77
0 95.24 13.41 2.17
0 95.76 11.54 1.66
0 96.19 12.23 1.1
0 96.05 13.81 1.43
0 95.56 15.65 2.39
29.9 95.12 13.1 3.06
0 95.64 9.09 2.21
0.05 95.26 10.77 2.33
0 95.07 13.06 2.18
0.07 95.45 9.23 3.55
0 95.87 7.27 2.06
0.02 95.99 7.77 1.9
43.91 95.36 9.34 3.52
0 95.4 4.77 3.35
0 95.48 5.98 2.37
0 95.34 7.84 1.99
0 95.7 7.17 1.42
72.41 95.99 2.66 1.19
76.1 95.43 2.75 1.88
0 95.14 6.53 1.85
0 94.87 9.5 3
0 95.5 9 1.77
0 95.55 10.97 2.07
7.45 95.39 10.95 2.81
0 96.32 3.88 1.61
1.69 96.2 0.82 2.26
0.05 95.82 0.43 2.55
0.03 95.65 0.2 2.14
0 95.62 2.39 1.47
0 95.81 1.58 1.92
16.36 95.82 1.79 1.55
189.78 95.41 0.62 129.67
55.09 95.7 -0.28 3.07
0 95.76 -2.3 0.97
0 95.44 -0.29 1.69
0 95.67 0.13 1.25
0 96.1 -1.3 1.08
53.36 95.79 -1.4 0.85
124.46 94.49 -2.09 4.97
0.25 94.99 -3.77 3.21
0 95.06 -5.6 4.18
0 95.85 -4.45 2.55
0 96.14 -5.61 1.09
20.01 95.6 -2.35 1.28
0 95.52 -4.56 127.29
0.01 95.24 -4.24 2.96
0.01 95.8 -2.74 2.93
0 95.84 -4.27 1.43
0 95.49 -2.06 1.85
5.86 95.98 -4.85 2.15
0 95.93 -6.59 2.17
0 95.4 -5.14 2.01
0 95.33 -2.66 3.38
0 95.41 -6.88 2.69
0 94.51 -3.77 3.29
0.03 95.23 -5.8 4.15
0.02 95.79 -8.72 2.15
0 96.49 -12.32 2.36
0.15 96.18 -13.26 1.63
0.31 95.08 -4.92 2.88
2.05 95.24 -7.29 3.96
0 95.52 -10.31 1.9
0 95.54 -12.45 3.12
0 95.5 -14.14 2.57
0 95.66 -15.4 2.47
0.02 95.68 -16.56 3.79
0 95.8 -11.32 3.47
0.07 96.39 -12.72 1.38
0.05 96.56 -12.83 0.94
0.13 96.03 -11.02 1.77
0.03 96.02 -8.05 1.31
19.23 96.06 -9.44 1.18
0.67 95.87 -8.28 1.22
0.76 96.24 -11.02 1.28
0 96.6 -12.27 3.65
0 96.7 -14.52 2.1
0.01 96.16 -14.29 0.92
0.22 96.27 -11.82 106.97
4.82 96.24 -9.73 3.23
0.01 96.71 -15.23 2.81
0 96.54 -19.15 2.61
0 95.71 -17.8 4.24
0 96.83 -18.21 2.24
0 96.58 -18 1.2
0 95.98 -13.35 1.23
5.87 95.96 -13.73 0.95
17.46 96.01 -12.29 3.71
0 95.64 -15 3.3
0.03 95.11 -14.96 2.02
0 95.52 -17.27 3.56
0 96.67 -18.28 3.65
0 97.24 -15.88 2.29
0 96.29 -16.39 1.33
0 96.11 -14.2 1.62
0 96.01 -14.81 1.28
0 95.9 -14.51 1.44
0.03 96.32 -16.36 1.82
0 96.14 -15.1 2.03
0 96 -14.58 1.19
0.41 95.64 -12.49 0.89
0 95.71 -11.61 1.65
0 95.73 -12.82 0.9
0 96.16 -10.3 1.96
1.39 95.9 -12.52 1.61
0 96.6 -13.92 2.35
0 96.88 -11.7 1.91
0 95.91 -7.54 2.06
0 96.38 -9.37 1.14
11.74 96.4 -8.86 0.96
0.81 96.43 -8.86 1.65
0 96.22 -12.8 1.17
0.02 95.1 -7.84 2.6
0.03 95.66 -13.08 4.03
0 95.73 -14.87 1.48
0.28 96.06 -13.99 1.24
0.07 95.99 -11.14 1.65
0 95.54 -6.29 1.18
0 95.81 -7.08 1.18
0.06 95.75 -5.35 1.52
1.53 95.67 -5.45 1.67
0.9 96.22 -7.53 3.78
0 96.38 -10.23 2.4
2.47 95.38 -8.67 2.77
0 96.12 -9.14 2.83
0.02 95.67 -7.76 1.87
0.91 95.96 -14.38 3.85
0 96.81 -17.59 4.32
0 96.69 -16.12 1.49
0.28 95.81 -11.65 2.12
0 96.41 -12.55 2.12
0.12 96.47 -12.11 1.82
0 95.75 -7.2 88.01
0 95.53 -4.66 2.74
0 96.15 -8.69 2.38
0 96.11 -10.01 1.44
0 95.42 -6.54 2.3
0.04 95.37 -4.99 3.88
0 96.09 -10.51 3.53
0 96.24 -12.09 2.25
0.01 96.17 -11.3 1.8
0 96.06 -7.87 3.15
0 96.27 -6.86 2.86
0 96.2 -4.79 1.56
0 96.31 -6.15 1.74
5.54 96.16 -6.57 1.76
0.27 95.31 -0.16 2.88
0 95.23 0.73 2.53
0.26 94.72 -2.08 5.49
0 96.47 -7.62 5.26
0 96.52 -5.69 1.65
0 95.45 -0.46 3.09
0 95.76 1.61 2.19
0 95.16 5.29 2.93
0 95.08 3.62 1.7
0 94.5 4.88 2.1
0 94.37 0.93 2.35
0 94.49 -2.04 5.43
0 95.97 -1.12 1.97
0 95.26 4.16 3.58
25.67 95.15 0.25 3.41
0 96.33 -5.57 3.97
0 95.89 0.06 2.94
0 95.4 5.1 2.73
0 95.8 5.39 2.8
0 94.37 7.74 3.49
0.65 94.44 -1.73 3.88
28.8 95.21 -6.71 2.62
0.44 95.65 -6.57 2.71
0 94.42 1.31 5.41
0 95.37 -2.54 2.63
21.89 95.04 -4.62 3.43
0 95.75 -4.6 2.85
0 95.61 -1.77 1.6
0 94.67 4.41 3.87
1.28 94.82 2.1 3.89
0 95.68 -0.67 3.54
0 95.88 -1.61 2.24
0.75 95.77 0.12 1.77
12.09 95.49 1.44 2.11
101.03 95.58 0.63 2.62
0 95.14 4.23 2.59
0 95.14 6.01 2.68
17.2 95.31 0.32 2.27
55.52 95.57 -0.53 3.15
0 95.35 0.05 2.63
0.35 94.5 2 2.64
19.49 94.51 1.06 3.56
3.75 95.45 0.47 3.67
0.79 95.32 1.58 3.57
0 95.35 2.67 3.46
0 94.89 8.26 2.95
0.26 94.39 7.47 4.29
0 94.68 3.48 4.69
0 94.37 4.96 2.43
5.33 94.65 4.59 3.13
46.86 94.99 1.85 1230.21
2.86 95.96 1.36 4.78
0 95.99 2.79 2.18
0 95.66 5.64 2.67
0 95.34 8.81 2.08
0.34 94.81 12.08 4.47
72.19 94.83 7.31 2.3
1.04 94.76 7.86 3.22
0.03 94.84 9.07 4.9
0 94.89 10.51 1.72
0 94.85 13.96 2.19
4.85 94.66 12.35 3.38
0.19 94.84 12.27 5.87
0.37 95.3 11.71 5.5
0.49 95.37 11.9 2.08
1.08 95.23 12.53 2.22
5.98 95.44 13.21 1.94
0 95.21 17.09 2.69
0 95.38 20.57 1.65
0 95.29 22.15 2.26
0 95.32 21.91 2.82
0.15 95.08 21.97 4.21
19.57 94.74 14.59 2.23
19.07 93.88 15.07 3.89
0 93.49 18.05 4.49
0 94.05 16.91 2.6
0 94.11 19.03 2.6
0.52 94.7 17.09 4.56
0 95.6 16.77 2.48
0 95.51 17.92 2.23
0.68 94.89 18.84 2.92
0 94.35 19.47 3.23
17.85 93.71 15.84 5.26
0.01 93.72 17.95 4.21
0 94.04 19.51 2.54
0 94.92 20.19 2.18
4.5 94.74 23.88 3.72
2 95.29 18.43 2.24
0 94.92 21.17 2.21
2.86 94.67 21.44 3.46
2.12 94.48 19.54 3.72
0.86 94.25 19.41 2.85
0 94.53 19.63 4.19
0 94.37 23.85 3.19
0.04 94 25.31 4.27
0 94.64 20.42 2.41
6.53 94.4 18.99 3.18
0.05 94.6 19.91 3.2
18.03 95.2 18.08 2.31
42.52 95.07 18.81 2.2
7.99 94.87 19.33 2.98
5.17 94.69 21.81 2.77
1 94.55 22.29 3.46
66.96 94.91 16.96 2.19
3.13 95.13 17.57 1.71
14.88 94.86 16 2.12
3.88 94.64 17.74 1.84
0.02 94.69 22.58 3.33
0.17 94.69 24.08 3.75
3.07 94.58 24.46 2.69
170.39 94.54 19.27 2.51
6.72 94.25 21.45 1.71
46.2 93.94 20.87 1.89
0.22 94.29 23.58 1.81
0 94.81 23.88 2.23
0.05 94.96 24.4 1.89
2.06 94.72 22.54 1.46
8.93 94.39 22.2 1.79
72.14 94.25 21.42 2.25
56.98 94.01 21.3 2.34
186.07 93.72 20.35 1.86
66.59 93.87 22.12 2.5
85.28 94.27 21.17 1.96
167.97 94.34 22.14 2.67
22.97 94.29 23.17 3.3
84.03 94.04 23.04 2.13
181.37 93.58 22.78 2.64
0.05 93.58 24.58 3.16
3.4 93.58 24.5 2.4
1.38 93.92 24.81 2.12
1.46 94.15 24.77 2.24
8.53 93.98 25.53 3.52
52.06 94.25 24.21 1.86
77.35 94.45 22.18 1.59
1.94 94.65 22.73 1.4
0.66 94.64 22.87 1.25
11.58 94.62 23.48 2
25.35 94.79 23.03 2.01
0.16 94.78 24.58 1.68
217.54 94.09 22.06 1.77
114.19 93.93 22.95 2.87
0 94.52 23.59 2.15
0.25 94.4 22.77 2.17
101.46 94.3 21.53 2.29
2.92 94.52 22.14 1.7
0.4 94.52 23.99 1.58
29.64 94.4 23.76 2.07
12.32 93.97 23.91 1.99
0.87 94.03 24.33 2.79
0.01 94.34 24.57 1.8
0.05 94.37 25.15 1.61
51.85 94.15 22.88 1.38
8.28 94.07 25.4 2.1
0.28 94.04 25.3 1.46
1.58 93.84 26.16 1.72
9.18 93.95 26.1 1.97
24.43 94.24 25.36 2.61
0.38 94.48 25.65 2.46
1.71 94.28 25.78 2.55
26.31 93.92 26.35 2.62
29.93 93.77 25.39 1.87
9.93 93.93 26.12 2.45
23.94 94.2 26.22 2.26
11.35 93.98 26.47 2.16
13.34 94.16 24.53 1.77
1.59 94.56 26 1.48
6.75 94.65 27.05 2.63
43.08 94.38 24.91 2.68
4.42 94.38 25.74 2.75
20.46 94.33 26.57 2.15
3.37 94.37 26.16 1.95
271.04 93.84 24.76 1.62
0.06 103.14 25.89 2.52
0 94.85 22.56 2.54
0 95.11 22.01 1.8
4.31 95.08 21.25 1.02
1.93 94.68 23.94 2.3
0.24 94.82 23 1.97
0 95.01 22.84 1.67
0.06 95 23.1 1.45
14 94.73 22.33 1.7
13.8 94.81 19.88 2.04
7.59 94.76 19.62 1.63
228.44 94.15 18.68 1.35
24.19 94.36 15.71 3.05
0.16 95.06 16.2 2.42
43.4 95.13 16.75 1.96
1.47 95.38 15.99 1.72
8.14 95.54 16.27 1.56
0 95.62 16.39 1.36
9.65 95.5 17.03 1.45
164.92 95.46 14.46 1.57
40.37 95.52 14.67 1.23
7.23 95.58 16.45 1.23
2.29 95.53 17.98 1.39
8.56 95.07 18.59 1.77
0.14 95.14 17.59 1.44
0 95.22 17.51 2.37
2.19 95 20.11 2.57
39.21 94.35 19.68 3.18
0.36 94.68 19.5 3.15
0 95.3 14.26 1.75
1.15 94.99 16.49 1.58
7.59 95.52 16.67 1.46
10.14 95.97 15.62 0.93
6.63 95.05 19.55 2.91
0 95.44 18.22 1.45
0.08 95.45 18.94 1.39
2.39 95.33 18.25 2.48
51.05 95.66 13.14 2.89
0 95.92 9.16 2.36
0 95.75 10.99 2.01
0 95.42 12.18 1.97
0 94.77 17.27 3.2
0 94.82 16.4 2.63
0 95.71 13.44 1.37
0.79 95.65 14.23 1.74
150.84 95.65 11.44 2.07
0.02 95.77 10.8 2.71
0 95.58 9.77 1.71
0 94.93 16.83 3.47
0 95.91 14 1.22
0.01 95.92 15.2 2.22
0.04 96.15 12.87 2.25
0.36 95.69 11.55 1.7
0 94.72 15.3 2.74
8.36 94.74 13.71 3.84
0 95.21 10.9 3.13
0 95.69 11.79 1.62
34.48 95.7 10.94 2.26
4.16 96.54 4.71 4.31
0 96.6 3.2 1.26
0 96.18 6.87 1.33
0 96.22 7.29 1.36
0 96 10.72 2.56
40.8 96.16 9.34 1.48
1.98 96.19 7.51 1.89
0 96.05 6.35 1.1
34.34 95.92 5.73 2.03
44.35 95.85 2.18 2.16
0.01 96.06 4.28 3.49
0.01 96.31 6.08 2.58
0 95.87 5.06 1.34
0 95.33 7.25 1.89
6.04 95.83 6.1 1.58
1.72 96.39 4.61 2.4
0 96.34 3.92 1.55
0 96.42 4.71 0.85
0 96.19 4.94 1.26
0.55 95.66 8.41 2.02
1.85 95.94 7.61 3.04
0 96.31 5.8 1.72
0.02 95.58 6.4 2.29
0.21 95.15 6.22 3.62
0.01 95.55 3.53 2.65
0 95.62 3.03 2.23
0.13 96.13 2.96 3.35
0 96.15 -1.08 3.81
0 96.21 1.17 2.27
0 96.08 1.78 1.65
0 95.5 2.05 2.25
0 95.24 3.17 3.05
0 95.22 3.07 2.02
0.14 95.35 2.28 3.24
0.01 95.75 -2.52 4
0.04 95.94 -3.04 5.53
0 95.85 -3.38 3.5
0 95.9 -2.18 2.3
0 96.09 -2.67 1.09
0 95.85 1.04 1.75
0 95.54 1.36 1.76
0.03 95.2 -0.15 2.08
0 95.06 -3.47 4.27
0 95.2 -6.51 3.38
0 95.48 -9.43 6.13
0 95.66 -5.44 3.37
0 95.25 0.4 2.98
0 95.86 -2.18 2.19
3669.93 95.64 -1.13 2.55
3669.93 95.39 -0.76 1.34
3669.93 95.66 1.76 2.04
3669.93 95.66 1.36 2.19
3669.93 95.89 -1.09 2.57
3669.93 95.47 -1.82 1.09
3669.93 95.56 -4.23 1.28
3669.95 95.53 -3.26 2.14
3669.94 95.74 -5.22 2.96
3670.1 95.22 -7.14 3.03
3670.2 95.24 -8.04 2.16
3669.93 95.37 -10.94 3.96
3669.93 95.7 -11.1 2.7
3669.93 96.06 -8.57 2.79
3669.93 96.64 -8.11 1.5
3669.93 96.58 -9.4 1.38
3670.59 96.85 -11.34 2.37
3670.09 96.5 -12.8 2.6
3670.1 96.37 -11.7 2.85
3669.94 96.76 -10.75 2.19
3669.93 96.82 -10.09 1.24
3669.93 96.53 -10.02 0.98
3669.93 96.66 -8.9 1.32
3669.93 96.62 -9.31 1
3669.98 96.04 -6.64 2.59
3670.01 96.52 -9.74 3.91
3669.93 96.21 -10.7 1.59
3669.93 95.74 -10.54 2.56
3669.93 95.03 -5.88 3.43
3669.93 94.83 -5.02 3.12
3669.93 94.44 -2.75 4.16
3669.93 94.82 -3.42 2.85
3669.93 95.11 -3.19 2.99
3669.93 95.68 -4.82 2.4
3670.92 95.61 -7.6 1.72
3672.97 95.85 -8.12 1.87
3669.97 95.6 -6.97 2.73
3669.93 96.07 -6.32 2.48
3669.93 96.55 -13.51 2.82
3669.93 96.17 -13.9 2.37
3669.93 96.17 -11.47 2.2
3669.93 96.25 -9.76 2.17
3669.93 96.77 -11.82 2.01
3669.93 96.48 -12.7 1.56
3669.93 96.52 -11.1 1.85
3669.93 96.31 -7.78 1.78
3677.13 96.33 -9.53 1.56
3669.93 96.31 -10.31 1.64
3669.93 96.54 -8.08 1.95
3670.39 95.58 -6.43 3.85
3669.94 96.05 -9.67 4.24
3669.93 96.26 -9.55 2.48
3669.93 95.58 -6.11 1.79
3669.93 94.79 -1.76 3.17
3669.93 95.31 -3.01 2.2
3669.93 96.23 -8.04 3.05
3669.93 95.86 -7.56 3.73
3669.93 95.22 -3.67 4.14
3669.93 95.87 -7.01 3.45
3669.93 94.53 -0.99 4.95
3669.93 95.23 -6.37 3.09
3669.93 95.35 -6.56 1.77
0.33 94.94 -3.51 2.04
0.05 94.94 -3.94 4.99
0 95.82 -11.77 3.89
0 96.01 -11.25 2.12
0 96.16 -11.44 1.52
0 96.39 -9.57 1.68
1.93 96.09 -10.11 1.56
9.37 96.13 -11.91 2.94
0 96.76 -13.92 3.24
0 96.59 -13.78 1.46
0 96.01 -11.56 1.45
0 96.63 -12.08 1.53
0 96.61 -11.86 1.95
0.07 95.79 -5.37 2.89
0 95.82 -5.61 1.87
0.08 96.4 -6.07 2.1
0 96.94 -8.25 1.9
1.07 96.51 -8.81 1.58
1.11 96.25 -8.47 1.79
0 96.2 -7.27 1.56
0 96.13 -4.49 2.02
0.97 96.63 -6.84 1.59
0.12 96.47 -4.44 1.29
0 96.02 -1.29 1.54
0 95.87 2.02 1.83
0.77 95.58 4.05 3.69
2.67 96.24 -2.7 4.01
0.05 95.97 -6.26 1.76
0 95.82 -4.6 1.66
0.29 95.77 -4.73 2.23
0.64 95.76 -5.3 1.74
2.17 96.07 -4.5 2.84
0 96.13 -6.09 3.01
0 96.3 -6.91 2.8
0 96.3 -5.57 2.31
0 95.81 -4.75 2.04
0 96.1 -4.71 2.29
0 95.62 -2.15 2.28
0 95.36 1.9 3.58
0 96.02 -0.89 4
0 95.63 -1.41 1.92
0 95.16 2.25 3.2
0 94.83 7.26 2.55
0 95.22 5.11 2.34
0 94.73 8.01 4.72
0 95.86 4.49 2.12
0.1 95.78 3.78 4.33
0 96.1 4.09 4.73
0 95.52 6.79 2.88
0 95.54 7.96 3.12
0 95.82 8 2.59
0 94.84 12.78 4.51
0 94.8 12.16 2.46
0.02 94.81 11.53 2.51
0 94.88 11.07 3.01
63.61 94.62 11.57 2.89
27.2 95.09 10.12 2.37
0 95.3 11.29 2.23
1.09 95.4 9.56 2.03
0 94.89 11.94 2.58
0 95.56 8.51 3.7
0 95.99 3.28 4.46
0 95.16 6.74 4.54
0 95.76 5.63 3.81
0 95.16 13.24 3.75
0 95.09 14.42 1.65
0 94.96 14.66 2.5
0 95.15 12.08 4.23
0 95.89 9.72 2.14
1.36 95.52 10.75 1.93
0.69 95.23 11.77 1.94
0 95.36 13.72 1.73
0 95.25 17.73 3.31
0 95.82 13.5 3.05
0 95.14 13.68 2.24
9.81 95.12 8.68 2.7
0.03 95.8 8.84 2.81
24.51 95.64 7.91 2.55
0.06 95.21 9.72 369.84
0 95.3 11.88 3.58
0 94.99 14.28 2.66
1.13 94.68 16.65 3.7
6.33 94.94 17.71 4.13
0.38 95.39 16.74 3.74
35.84 95.66 11.74 3.18
0 95.9 12.75 2.57
0 95.75 13.79 2.03
0 95.15 15.29 1.63
0 94.59 18.89 2.01
6.01 94.54 18.44 4.46
151.02 95.17 7.48 4.83
8.32 94.79 8.67 5.02
9.8 95 5.62 5.4
0.12 95.24 7.98 4.2
0.17 94.65 11.89 2.43
40.76 94.65 8.57 3.88
0.96 95.2 12.03 2
66.33 95.49 10.84 2.46
3.11 95.4 12.44 2
240.52 94.51 9.09 2.53
63.82 93.65 15.19 3.86
0 93.83 17.64 3.86
0.08 94.18 14.42 3.57
0 93.95 14.36 3.19
0.08 94.72 16.95 2.87
2.45 95.09 16.65 2.08
2.65 94.72 18.92 2.98
74.32 94.38 16.82 2.56
3.96 94.41 17.6 2.81
0.03 94.52 19.33 2.25
0 94.55 21.98 2.44
0.3 94.85 25.1 3.65
48.33 94.72 17.51 2.73
0.61 94.26 17.12 5.16
0 93.72 21.49 4.16
22.12 93.5 18.78 2.82
0.75 93.95 22.32 2.5
0 94.01 24.36 47.24
0.13 94.62 25.16 2.52
0 94.58 27.66 3.63
5.95 94.78 23.65 2.68
0.72 94.92 21.77 2.58
0 94.79 22.51 2.15
1.17 94.58 22.59 1.95
19.62 94.43 23.64 2.31
313.65 94.57 16.56 2.49
130.21 94.42 13.83 3.21
22.64 94.13 16.48 2.78
39.05 94.45 15.89 2.16
41.94 94.85 15.63 1.81
15.24 94.92 18.56 2.13
20.91 94.71 20.3 2.57
11.65 94.75 21.02 2.38
0.03 94.62 21.97 2.03
5.05 94.43 23.36 1.72
140.12 94.24 20.6 1.88
97.63 94.13 20.01 2.15
96.85 94.25 19.36 2.39
5.6 94.52 19.55 1.88
44.91 94.66 19.45 1.88
6.3 94.79 19.31 1.57
167.18 94.85 18.55 2.31
1.9 94.72 21.62 1.91
0.09 94.34 23.66 2.32
13.22 94.16 22.73 3.08
22.21 94.21 22.16 3.63
0.45 94.64 22.2 3.75
0.85 94.56 23.04 2.99
0 94.64 24.4 1.85
0 94.61 24.87 1.7
21.37 94.56 23.25 2.49
107.85 94.26 20.65 2.32
22.6 94 23.2 2.33
0.11 94.47 25 2.25
1.11 94.55 25.42 2.91
1.59 94.41 25.74 2.34
4.58 94.21 25.09 2.86
18.26 94.13 23.52 3.54
0 94.32 23.75 2.82
0 94.03 24.34 3.54
3.81 94.11 22.79 2.86
7.87 94.31 22.08 2.71
0.63 94.24 23.14 2.47
2.76 94.32 23.96 1.87
28.35 94.29 23.68 2.5
112.82 94.35 22.03 47.42
11.2 94.58 22.71 46.8
0.39 94.66 26.26 1.76
0.75 94.76 28.57 2.18
3.25 94.39 29.21 4.31
94.74 94.24 24.35 2.36
0.33 94.55 22.37 1.61
0 94.27 24.89 2.54
0.12 94.63 23.06 1.86
0 94.68 23.07 1.68
0.01 94.87 23.53 1.79
6.74 94.74 25.62 2.35
4.31 94.29 27.14 3.18
8.71 94.31 25.81 3.53
21.78 94.46 24.33 2.01
0 94.55 26.08 2.41
0 94.52 27.1 2.71
3.81 94.37 26.57 2.46
12.66 94.33 25.88 1.92
96.31 94.59 20.26 2.51
1.31 94.56 22.15 1.98
0 94.83 22.6 2.53
0 94.95 21.94 1.53
0.02 94.81 22.68 1.96
42 94.56 21.74 2.18
27.54 94.3 21.46 1.8
2.96 94.47 22.4 3.39
0.38 94.67 21.39 2.1
23.26 94.72 19.16 1.86
15.52 94.63 19.07 1.66
12.17 94.67 20.22 2.15
9.62 94.79 20.53 1.73
3.47 94.92 21.38 2.03
7.25 95.11 21.26 1.66
0.75 95.05 22.71 1.74
0.99 94.74 24.09 2.29
7.33 94.72 24.31 1.94
59.57 94.66 23.1 2.21
54.43 94.5 22.75 1.91
128.74 94.75 19.66 2.16
1.82 95.04 19.98 2.41
0 95.16 21 1.79
0 95.25 22.72 1.76
8.25 95.38 20.86 1.77
4.75 95.42 20.92 1.53
1.07 95.38 20.93 1.97
13.54 95.21 20.02 1.69
11.5 95.18 19.83 1.82
260.5 95.12 16.14 2.27
1.34 94.76 17.68 1.81
0 94.44 20.29 2.34
0 94.97 18.92 1.48
0 94.99 20.46 1.52
2.81 94.59 20.73 2.84
0.03 94.86 18.73 2.88
0 95.03 16.12 1.4
0.01 95.3 17.41 1.61
0.14 95.3 18.72 1.91
26.47 95.35 17.05 1.36
0.46 95.18 18.72 2.38
0.15 95.47 16.42 2.95
0 95.57 14.36 2.93
0 95.62 13.48 1.43
0 95.7 16.16 1.29
0 95.67 16.96 1.87
16.6 95 16.57 2.33
37.37 94.95 14.6 2.74
0.04 95.55 14.27 1.54
0.59 95.59 16.35 1.97
89.44 95.76 12.64 1.85
24.73 95.52 13.16 1.62
0 95.44 13.77 1.61
47.68 94.82 14.43 2.44
0.09 95.36 13.57 2.15
0.85 95.28 14.16 2.63
23.22 96.04 6.73 3.83
0.1 96.14 5.78 1.72
43.56 95.29 6.9 1.68
32.67 95.15 7.85 2.25
0 95.48 8.84 1.55
104.39 95.7 7.69 1.46
15.53 96.17 8.33 2.38
0 95.99 9.01 1.97
0 95.58 12.18 1.71
0 95.47 13.95 2.34
0 95.64 16.17 2.19
0 95.91 13.72 1.59
0.65 95.8 14.23 2.69
0.68 96.74 8.88 3.5
0 96.32 4.78 1.73
0 95.41 8.22 2.22
0 94.94 9.96 4.35
0 95.48 9.7 3.02
0 95.21 12.7 2.39
0 95.32 13.41 2.18
0 95.03 16.22 3.92
0 95.82 8.09 2.83
0 96.2 3.93 1.96
0 95.68 5.84 1.74
0 94.92 11.16 3
0 94.64 13.71 3.07
0 94.83 11.64 1.95
0 96.29 4.85 4.79
0 96.71 2.35 1.59
0 96.14 3.8 1.62
0.06 95.86 8.08 1.76
5.25 96.02 8.58 28.06
2.53 95.76 6.08 1.55
4118.46 95.4 6.95 3.22
4118.52 95.58 4 3.87
4118.45 95.37 6.6 2.45
4118.45 95 7.95 3.54
4118.46 95.33 6.59 3.11
4118.45 96.6 -0.37 3.03
4118.45 96.58 -1.52 1.53
4118.45 96.17 0.56 1.79
4118.45 95.96 3.92 1.66
4118.45 95.65 3.95 1.51
4118.46 95.29 2.65 3.24
4118.5 95.75 -4 5.65
4118.45 95.76 -1.92 2.83
4118.45 96.1 -2.13 1.6
4118.45 96.21 -1.41 1.53
4118.67 96.05 0.95 1.95
4118.45 96.4 -1.3 1.59
4118.45 96.32 -0.63 1.46
4118.45 95.65 1.54 2.77
4118.45 95.07 3.23 3.65
4118.45 95.57 0.69 2.58
4118.45 96.1 -1.7 2.04
4118.54 95.86 1.25 2.78
4118.45 96.24 -2.63 1.87
4118.45 95.37 -2.35 2.12
4118.45 94.9 369.34 4.63
4118.45 95.98 -2.47 2.08
4118.45 95.51 -1.53 1.43
4118.48 95.34 -0.47 2.09
4118.96 95.45 -1.29 5.23
0 96.03 -11.14 6.37
0 95.81 -10.8 3.6
0 95.55 -10.92 5.37
0 95.69 -10.66 4.19
0 95.79 -10.39 3.35
0 95.99 -9.63 1.97
2.95 96.02 -9.14 1.62
0 96.55 -10.15 1.51
0.04 96.43 -7.62 2.73
2.76 95.78 -4.7 4.61
0.08 96.2 -9.05 2.91
0.02 95.8 -9.87 3.83
0 95.96 -10.66 2.49
0 95.99 -8.86 1.67
0.27 95.93 -8.72 3.55
0 96.02 -12.24 3.44
0.01 96.06 -10.76 2.12
0 96.01 -7.98 2.52
0.16 95.69 -6.17 4.23
0 96.03 -10.03 3.62
0 95.69 -9.82 3.33
0 95.47 -3.68 2.36
0 95.5 -3.22 3
0 96.34 -5.31 3.67
0 96.58 -5.25 2.42
0 96.35 -7.95 1.33
0 95.94 -4.49 2.28
0 95.34 -5.11 1.93
0 94.68 -3.89 3.28
0.12 95.38 -6.49 87.86
0.03 96.13 -10.51 5.15
0.13 96.12 -11.03 2.73
0 96.05 -7.06 2.94
0 94.82 -2.72 3.62
0 95.06 -3.07 1.78
0.63 95.39 -2.67 4.79
0 95.94 -7.4 3.03
0 96.3 -9.17 1.61
0 96.2 -8.71 1.85
0 96.07 -5.81 2.31
0.06 95.62 -4.36 2.93
0 96.65 -7.35 2.33
0 96.81 -8.72 1.72
0 96.35 -5.54 1.82
0 96.49 -8.52 1.71
0.37 96.14 -9.11 1.76
2.25 96.12 -9.66 3.45
0 96.25 -8.92 1.97
2.14 95.14 -4.88 3.37
0.02 95.79 -8.12 1.91
0.05 95.7 -7.26 2.11
1.09 96.22 -7.26 2.27
0 95.71 -7.99 1.78
0 95.18 -3.75 3.06
0 96.05 -6.42 1.94
1.84 95.68 -4.63 1.38
3.51 96.25 -8.31 3.78
0 96.8 -11.83 2.76
0 96.64 -11.73 1.97
0.09 96.04 -8.17 3.5
0 96.66 -10.19 3.45
0 96.94 -9.24 1.65
0 96.74 -8.11 1.57
0 96.57 -7.57 1.52
0.1 96.44 -4.75 2.49
0.06 96.36 -6.28 3.34
0 96.26 -4.03 2.72
0 95.62 -1.53 2.85
0.03 96.45 -10.05 5.29
0 96.57 -11.54 3.4
0 95.85 -6.07 2.59
0 95.18 -3.13 2.19
0.01 95.21 -5.77 3.25
0 95.41 -6.14 2.32
0 95.04 -4.64 1.84
0 94.84 -0.49 2.28
0.02 95.51 -3.09 1.46
11.01 95.27 -1.18 2.55
0.01 95.87 -1.61 4.29
0 96.53 -3.4 2.43
0 96.04 -3.71 2.91
12.27 95.23 -0.43 3.46
19.58 94.7 -0.74 5.5
0.15 95.12 -5.72 5.56
0 95.38 -6.18 1.97
0 95.01 -5.74 1.92
0.49 95.46 -6.88 3.13
0 95.87 -8.73 3.47
0 96.51 -6.8 1.93
3.93 95.58 -2.62 4.74
0 95.24 -0.75 3.12
0.04 94.82 -2.55 2.49
0.11 95.49 -6.44 5.85
0 96.01 -6.24 2.69
0 95.76 -3.3 2.95
0 95.1 1.45 4.25
0 95.39 1.76 2.76
1.96 95.95 -2.84 3.16
0 96.77 -9.2 5.66
0 96.12 -4.2 3.28
0 95.73 -3.6 3.68
0 95.25 -2.91 2.85
0 121.58 365.21 369.46
0 95.38 0.43 3.47
0 95.02 5.67 3.74
0 94.93 5.85 3.13
0 95.67 3.28 2.47
0 94.97 6.59 2.86
0 95.21 6.63 3.64
0 95.34 5.82 2.57
0 95.28 6.56 3.92
0 96.22 2.25 4.03
0 96.41 3.15 2.8
0 96.6 3.84 1.64
0 96.36 7.66 2.78
0 96.16 12.34 4
0 95.37 13.06 4.83
0 94.92 12.23 3.64
0 95.07 10.54 3.16
0 94.59 14.15 4.05
7 95.55 6.84 3.14
0 95.67 5.04 1.67
193.98 94.13 2.51 2.36
0.68 94.94 4.21 2.35
1.94 94.89 5.44 1.8
0.14 95.4 4.29 4.54
0 96.53 -0.48 4.09
0 96.51 0.41 3.21
0 95.74 4.6 2.75
0.08 95.47 7.78 2.95
0.15 95.67 8.05 2.18
23.52 95.86 7.14 3.49
178.66 96.44 -0.28 4.34
0.58 96.07 3.52 2.13
0 94.49 11.3 1.93
0.76 93.64 14.13 4.02
1.56 94.52 8.78 5.59
0 94.58 11.5 2.3
0.04 94.87 12.65 2.69
0.02 95.32 10.83 3.47
0.01 94.97 11.29 2.98
0.05 94.86 11.59 2.47
0 95.13 14.08 3.89
0 95.29 14.45 4.97
0 95.59 14.53 2.63
0 94.98 20.49 4.04
0 94.6 23.72 4.2
22.41 94.31 20.25 3.96
18.03 94.91 16.47 2.51
0 94.97 18.96 2.23
0 94.87 20.65 2.78
12.85 94.67 17.17 3.6
22.96 94.73 15.53 2.14
0 95.01 13.26 5.06
0 94.85 13.74 4.37
0 94.28 14.87 5.49
0 94.83 12.49 2.58
0.44 94.75 13.01 4.82
20.03 95.04 7.67 2.16
0 95.42 8.83 1.65
77.75 95.29 8.35 2.42
65.89 94.38 7.46 1.94
13.23 93.14 11.15 3.83
0.41 93.23 18.9 3.46
1.48 94.52 16.26 5.27
0.02 95.14 15.89 4.09
0 94.58 18.46 3.24
18.94 93.74 18.94 3.87
30.07 93.91 14.91 5.15
1.14 94.31 13.57 5.67
0 95.14 18.18 4
0 94.79 21.26 3.05
0 94.64 22.05 2.69
1.53 94.57 22.13 2.4
0.1 94.4 24.32 3.17
0.43 94.31 25.43 3.91
5.44 94.45 24.04 2.74
0.19 94.45 23.03 3.04
4.03 94.14 23.34 3.75
0.7 94.44 21.02 3.48
0 94.53 19.99 2.54
0 93.73 24.66 6.27
8.26 94.19 22.66 2.93
1.84 94.75 19.33 3.95
0 94.97 21.38 2.91
73.19 94.23 17.84 3.03
36.76 93.7 18.83 2.51
50.06 94.2 18.35 2.49
0.3 94.53 19.51 3.45
2.24 94.26 19.66 2.59
5.77 94.27 18.68 2.07
106.98 94.03 16.75 2.53
183.49 93.55 15.56 2.16
46.49 93.62 16.5 1.7
81.38 94.5 17.25 2.24
0.61 94.77 20.49 1.85
16.72 94.61 21.92 2.09
0.34 94.32 22.8 1.86
149.09 94.33 19.68 2.53
5.28 94.52 18.79 3.45
85.78 94.96 16.6 2.67
0.06 95.06 21.24 2.32
0 94.69 23.32 1.84
5.19 94.43 23.85 2.74
0.35 94.57 23.55 2.5
11.99 94.37 23.62 2.85
17.64 94.08 21.57 2.25
87.59 94.04 20.78 2.13
1.33 94.48 21.93 1.59
4.88 94.54 23.7 2.13
178.64 94.69 17.49 2.1
30.75 94.11 18.13 1.76
33.93 93.68 18.96 3.04
4.52 94.23 17 3.23
0.1 94.81 18.61 2.23
59.98 94.79 19.48 1.95
12.11 94.92 20.32 1.64
0 94.89 22.26 2.03
0.28 94.75 23.72 2.09
3.35 94.9 24.63 2.1
0.23 95.13 25.72 2.36
4.18 94.97 23.91 2.6
0.7 94.68 25.25 2
1.5 94.16 26.3 2.32
0.26 93.98 26.54 3.3
11 94.33 26.19 2.62
28.56 94.73 23.73 2.27
34.42 94.92 20.95 2.19
19.38 94.77 21.7 1.66
97.56 94.6 22.25 1.72
77.76 94.74 22.35 1.99
41.79 94.67 22.89 2.35
23.82 94.4 23.73 2.18
61.97 94.37 22.84 1.96
10 94.37 22.83 1.48
17.2 94.19 22.75 1.71
6.16 94.01 24.01 1.98
7.79 94.39 25.14 2.3
27.64 94.48 24.63 2.02
45.75 94.25 24.07 2.32
120.59 94.22 23.77 2.21
248.38 94.61 21.28 2.4
9.67 94.82 22.3 1.64
1.93 94.63 23.31 1.78
27.39 94.15 24.9 2.98
0.16 94.14 22.96 2.03
2.01 94.01 24.7 2.56
3.75 94.17 25.21 3.13
21.14 94.56 24.16 2.14
18.51 95.11 22.58 2.4
41.76 95.15 22.94 1.71
15.56 95.05 23.9 2.17
0 95.08 23.82 2.03
0 94.9 24.15 1.51
0 94.73 24.5 1.52
0 94.42 25.54 1.78
1.4 94.23 25.41 2.28
0.03 94.51 23.79 2.29
0 94.56 23.74 1.66
1.06 120.58 388.15 368.92
54.84 120.9 388.09 369.07
92.52 95.02 20.15 1.92
22 94.73 19.42 2.22
5.88 94.54 20.23 2.28
45.13 94.65 19.85 1.81
11.79 94.97 20.18 1.83
28.34 95.19 19.77 1.97
9.93 95.12 20.23 2.17
40.2 95 19.99 2.32
0.05 94.93 20.59 2.41
23.14 94.79 19.98 1.86
6.01 94.94 18.78 1.42
19.25 95.08 18.83 1.61
150.39 95.27 17.69 1.6
97.48 95.31 18.36 2.19
2.12 95.29 20.77 2.28
0.26 95.44 19.77 1.95
16.02 95.29 18.12 1.43
56.96 95.1 17.21 2.14
0.02 95.25 17.41 1.87
0 95.15 19.27 1.45
2.27 95.3 20.59 2.33
23.88 95.97 16.05 2.17
2.56 95.89 14.74 1.67
48.56 95.34 13.32 1.74
12.84 95.29 14.26 2.57
0 95.22 19.37 2.26
0 95.54 19.36 2.38
0 95.66 18.82 2.67
0 95.5 19.21 2.27
4.71 95.48 19.43 1.54
10.61 95.55 18.68 2.03
0.01 95.63 16.67 2.06
3.61 95.12 16.59 2.24
4.8 94.92 19.2 2.42
50 94.77 17.77 2.89
34.01 94.88 14.4 2.04
36.57 94.82 14.96 1.86
16.88 94.82 15.57 3.04
0 95.07 14.19 2.35
0 95.28 16.18 2.53
0.22 96.09 13.73 1.55
3.69 96.56 11.24 1.89
8.18 95.44 14.91 3.11
52.43 94.71 11.19 5.27
0.04 94.63 13.72 4.31
0 95.61 11.46 1.89
0 95.92 14.08 2.39
0 95.45 17.43 3.44
0 95.34 17.57 2.09
0 95.12 17.81 3.15
0 95.43 10.42 3.79
0.49 94.76 6 3.19
2.89 94.94 5.77 5.13
4.04 95.25 9.93 4.52
0 95.65 11.92 2.3
0 95.72 12.87 1.8
0 95.46 13.59 1.72
0 95.4 14.37 1.63
0 95.43 15.21 2.5
3.36 95.56 13.5 2.9
0 96.31 6.2 2.64
0 95.21 10.32 2.69
29.43 95.78 5.59 1.83
20.91 96.1 5.13 1.93
1.85 102.16 98.29 47.16
0 101.65 98.72 47.11
0 96.34 7.2 2.22
0 96.28 4.71 1.66
7.52 95.07 7.34 5.04
0 95.12 4 3.51
0 95.72 1.94 3.34
0 96.05 0.28 3.77
0 96.48 0.6 2.63
0 96.53 2.96 1.49
0 95.87 5.24 1.62
0 95.69 6.03 1.23
0 95.65 8.83 3.66
0 95.84 9.92 3.1
0.63 96.95 1.54 3.81
61.46 97.02 -3.56 2.95
36.01 96.63 -3.58 3.29
6.82 96.15 -3.09 1.97
0.24 96.19 -3.04 1.34
0 96.35 -3.14 1.3
0 96.51 -1.4 1.42
0.11 96.35 1.13 1.28
0.01 95.64 3.03 1.85
0 95 5.65 2.56
0.38 95.85 2.44 2.27
5.24 95.7 -2.1 2.54
0 96.38 -4.35 2.35
5.58 96.27 -5.75 2.29
10.96 96.27 -7.11 2.14
6.62 96.26 -8.12 1.96
6.79 96.75 -8.5 1.69
20.25 97.21 -11.07 2.66
9.31 97.28 -12.52 3.03
0.1 97.18 -14.62 2.07
0.01 96.32 -14.14 2.63
0 96.24 -13.83 2.73
0.07 95.76 -11.5 1.34
0.3 96.21 -9.61 1.41
10.6 95.92 -5.16 2.3
0 95.81 -7.28 1.62
0.42 95.14 -2.97 2.27
0.11 94.95 -5.24 4.74
0.28 95.25 -7.3 5.44
0 95.61 -4.79 3.62
0 96.27 -5.09 2.09
0 96.41 -7.65 1.44
0 96.58 -8.85 1.02
0 96.16 -3.36 2.19
2.46 95.81 0.55 2.8
0.01 96.06 -1.16 3.7
0 96.39 -6.46 1.71
0 96.05 -6.22 1.41
0 96.17 -6.47 1.07
4.46 95.49 -4.89 2.83
0.04 95.57 -6.34 4.25
0.05 96.13 -8.27 5.29
0 96.21 -7.55 2.82
0 96.66 -5.6 1.87
0 96.65 -6.11 1.5
0 95.78 -3.31 2.32
0 96 -5.21 1.67
0 96.09 -7.66 1.57
0 95.99 -5.3 2.14
0 96.09 -8.88 2.19
0.01 95.06 -6.98 2.96
0 96.1 -12.14 3.63
0 96.86 -14.33 1.98
0 96.6 -8.32 2.05
0.29 96.16 -5.69 1.53
2.31 96.4 -7.09 1.41
0 96.41 -8.03 1.91
0 95.55 -2.72 2.43
0.01 95.54 -5.5 1.34
2.14 95.73 -7.95 1.89
0 96.2 -10.37 3.54
0 96.02 -11.8 2.5
0 96.3 -9.93 2.93
0 96.14 -9.72 3.18
0 95.94 -10.22 2.71
0 95.7 -9.99 2.07
0 96.44 -11.85 3.01
0 96.7 -12.89 2.62
0 96.18 -12.59 3.1
0.08 95.52 -11.28 3.77
0.12 95.27 -10.71 2.47
0 95.32 -11.38 1.73
14.58 95.94 -14.58 2.45
2.3 95.95 -18.27 2.61
0 95.59 -18.64 4.09
0 96.2 -18.01 1.74
0 96.7 -17.48 1.42
1.02 96.64 -16.84 1.92
0.7 97.16 -20.13 3.16
0 97.05 -23.37 4.82
0 96.56 -15.42 4.39
0 95.99 -10.25 2.86
0 95.85 -11.36 3.27
0 95.93 -9.8 3.24
0 96.45 -12.39 1.87
0 96.9 -15.58 1.78
0 96.7 -16.17 2.24
0 96.75 -13.12 2.96
0 96.62 -10.78 2.63
0 96.26 -9.1 2.08
0 96.03 -8.46 2.51
0 96.24 -8.31 3.48
0 96.17 -8.49 3.6
0 96.09 -7.13 2.67
0 95.2 -6.92 2.68
0.01 94.82 -3.97 3.35
0 95.49 -3.03 2.66
0 95.17 1.05 2.7
0.07 95.08 1.32 2.19
3.06 95.32 0.55 2.89
32.06 96.04 -7.69 5.81
0 96.12 -12.05 5.12
0 95.5 -9.2 3.75
0 95.37 -4.98 4.01
0 95.32 -2.26 3.61
0 95.28 -3.37 3.67
0.13 96.13 -6.55 3.43
0 96.1 -8.81 3.73
0 95.96 -9.3 2.58
0.01 96.07 -6.49 3.19
0 96.96 -10.18 2.35
0 96.59 -8.85 2.49
0 96.52 -8.12 2.93
0.09 95.85 -6.44 3.01
0.02 95.93 -6.67 1.99
0.14 96.23 -7.81 3.94
0.08 96.48 -8.41 3.31
0.04 95.56 -0.91 2.84
0 95.17 2.16 2.24
0 95.13 1.18 2.51
0.25 95.52 -0.11 1.47
33.12 95.34 0.85 3.76
0.03 95.35 -1.03 2.44
3.65 95.61 -3.65 4.08
0 96.38 -7.33 4.5
0 96.48 -7.2 3.59
0.03 96.25 -6.31 3.32
0 95.73 -5.11 2.01
0 95.11 -1.02 3.9
0 95.85 -1.45 2.58
0 95.68 1.44 2.41
0 95.13 4.91 2.83
0 94.98 8.29 3.33
0 94.59 9.9 4.92
0 94.99 7.66 4.05
0 95.88 4.21 1.97
0 96.11 5.82 1.89
0 95.74 8.71 2.7
0 96.09 5.82 4.31
0.02 96.66 2.38 4.78
0 96.68 2.37 3.22
0 96.35 3.16 3.02
0 95.94 7.55 2.97
0 95.37 9.42 2.38
0 94.74 11.21 3.93
0.81 95.21 7.67 3.44
0 95.19 8.97 3.16
0 94.27 15.16 4.67
11.2 94.5 10.74 4.88
0.96 95.57 6.64 3.96
0 95.58 8.22 3.38
0 94.77 10.7 3.65
0.1 95.06 10.37 2.62
0.76 94.46 12.45 4.65
0 94.79 10.48 4.44
0 94.75 12.08 5.58
0 95 7.7 3.08
0 95.63 5.59 3.34
0 95.18 7.03 4.35
24.62 94.31 8.87 2.64
0.15 94.04 10.72 4.81
0 95.14 11.41 3.46
0.42 94.68 15.29 4.88
16.85 94.59 10.63 3.89
1.86 94.58 6.69 4.33
6.75 94.89 6.79 2.48
2.87 95.23 8.18 3.36
0.03 94.87 13.8 2.82
0 94.03 15.6 5.82
0 94.57 11.34 5.9
0 95.1 11.31 2.89
0 94.59 14.42 4.53
0.79 95.37 11.19 3.15
30.8 95.6 9.11 2.09
1.88 95.21 12.46 1.79
0 95.34 13.08 2.36
30.25 94.56 13.32 2.6
0.07 94.17 17.11 2.73
28.01 93.9 21.17 4.02
162.34 94.67 11.43 2.55
72.62 93.8 11.48 4.99
0 94.31 15.87 3.11
18.86 94.31 15.38 4.67
0.04 94.6 13.3 5.99
0 95.37 15.66 2.73
0 94.83 18.5 4.36
1.18 94.98 16.96 2.41
0 94.68 17.31 2.22
1.16 93.88 19.88 4.32
166.83 94.59 11.73 4.45
0 95.49 14.64 3.64
28.96 95.12 12.12 3.84
1.35 94.91 12.87 3.43
0 94.41 18.2 3.29
0 94.54 23.14 3.61
0 94.82 23.93 4.22
0 95.04 22.46 3.73
0 95.2 22.15 3.57
0.03 95.86 19.42 3.52
0.03 95.78 18.54 2.58
39.62 94.92 15.17 1.92
23.66 93.87 15.98 4.56
9.63 94.15 18.61 3.32
0.25 94.62 18.83 4.32
0 94.57 21.68 4.42
0.1 94.18 23.99 4.14
0 94.53 19.42 4.17
0 94.24 22.29 4.19
15.29 95.02 17.39 2.2
0 95.09 20.08 1.62
0 94.72 23.3 2.67
0.01 94.39 24.13 3.21
0.03 94.53 22.86 2.73
0.21 94.79 23.06 2.2
21.6 94.94 19.73 3.25
5.67 94.99 19.33 1.99
0.07 94.73 21.85 2.57
17.43 94.42 21.39 3.9
110.07 94.19 20.25 4.37
37.78 94.66 18.23 2.41
9.94 94.57 19.57 1.98
4.63 94.23 19.73 1.94
126.6 94.13 15.58 2.13
17.36 94.15 18.33 2.02
2.53 93.77 20.05 2.29
47.36 93.82 20.57 1.88
2.59 94.36 20.94 2.85
0.01 94.45 23.52 2.45
18.55 94.12 24.98 2.83
34.13 94.14 23.95 2.52
29.36 94.16 22.79 2.21
19.57 94.41 21.3 2.85
5.78 94.45 21.27 3.69
0 94.61 24.32 2.88
0 94.57 24.76 1.96
24.13 94.31 23.29 2.57
62.76 94.41 19.46 3.02
107.13 94.27 20.49 2.25
54.1 94.3 20.51 1.99
0 94.45 20.88 1.85
0.21 94.41 22.45 1.64
0 94.54 25.29 2.69
0 94.71 24.82 2.84
2.27 94.92 25.19 1.91
0 95.01 26.54 1.79
0 94.94 26.93 2.75
0 94.69 26.57 2.66
0 94.45 27.89 2.01
0 94.2 28.87 2.48
5.7 93.89 29.17 3.5
92.87 94.16 22.46 2.08
1.09 94.48 24.59 2.44
1.15 94.82 23.03 2.65
7.36 94.51 20.13 2.07
4.3 94.37 19.72 2.22
3.01 94.65 21.94 1.73
0.1 94.66 23.83 2.09
22.93 94.74 23.76 2.52
241.73 94.82 21.1 2.21
826.68 94.35 21.21 2.58
43.94 94.12 23.52 1.74
8.92 94.02 26.67 2.78
0.41 94.52 25.95 2.03
456.43 94.54 20.87 2.68
3.41 94.42 22.48 1.54
2.59 94.21 24.18 2.18
26.91 94.19 23.99 2.21
25.12 94.56 23.59 1.82
145.85 94.82 23.62 2.05
53.75 94.94 22.31 1.68
25.77 95.04 22.99 1.98
0.29 95.04 24.77 1.67
0 94.99 26.16 1.45
0 94.94 27.01 1.8
0 94.84 26.9 2.03
339.47 94.57 25.52 2.02
168.68 94.93 23.61 2.37
0 95.04 22.41 1.37
0 94.68 23.93 2.31
0 94.47 26.91 3.43
1.02 94.48 28.76 3.27
17.05 94.56 25.62 2.3
0 94.51 24.89 1.76
0 94.77 24.21 1.9
5.92 94.69 23.37 1.58
86.96 94.53 21.94 2.03
6.09 94.41 22.76 1.41
253.55 94.36 20.44 1.71
16.46 94.78 21.44 2.26
14.1 94.91 22.02 1.72
0.83 95.05 23.09 1.85
2.18 95.14 23.53 1.58
15.05 94.67 21.46 1.63
15.27 94.47 23.58 2.16
127.98 95.2 18.07 3.82
0 95.5 18.14 2.14
4.11 95.16 18.21 2.07
2.68 95.13 18.95 2.06
0 95.28 18.37 2.13
0 94.72 18.11 2.15
17.34 93.67 16.78 3.96
24.48 93.53 15.79 2.56
7.32 94.18 19.14 1.58
22.39 94.71 18.59 1.21
107.54 94.96 17.89 1.56
54.98 94.89 17.51 1.42
15.1 94.76 19.15 1.57
2.7 94.51 19.09 1.66
6.09 94.59 18.17 1.65
45.48 94.88 16.91 1.71
13.18 95.05 16.6 1.72
54.5 95.41 15.58 2.07
16.5 95.65 16.17 1.45
2.69 95.6 17.38 1.4
46.16 95.41 18.86 1.75
0.03 95.29 19.77 1.71
5.03 95.36 18.65 1.97
2.81 95.78 16.39 2.01
19.84 95.93 14.24 2.21
0.14 95.96 14.05 2.44
0 95.83 14.21 1.47
1.07 95.62 14.66 2.14
4.51 95.26 16.72 2.2
3.7 94.96 18.56 2.06
1.87 94.69 20.29 3.38
0.06 95.36 17.37 2.19
11.36 95.17 17.21 1.88
2.2 95.88 12.34 4.59
0 96.31 8.57 2.28
0.04 95.54 10.22 2.32
0.08 95.18 15.74 2.12
5.55 95.05 18.85 3.47
2.83 95.07 15.89 2.09
1.17 95.05 15.73 3.2
91.23 95.61 7.96 2.3
14.23 95.69 6.83 2.05
0.62 96.26 8.72 1.57
60.83 95.42 10.65 2.81
0.91 95.61 6.38 4.67
0 95.85 5.14 1.86
0.53 95.43 6.67 1.82
0 95.97 6.14 58.59
0.38 95.96 7.75 1.57
0 95.55 12.31 1.53
0 95.63 13.64 1.75
0.21 95.81 15 2.63
6.53 95.29 14.29 3.99
0 95.75 10.22 2.17
0 95.52 12.16 1.92
0 95.36 13.37 2.47
1.95 96.25 5.19 2.79
41.74 95.64 5.62 1.82
45.51 96.3 2.4 2.91
0 95.95 2.85 1.5
0 95.32 3.97 1.46
0 94.95 8.68 3.09
0 96.11 3.62 2.09
25.34 96.16 3 1.29
11.81 96.35 2.63 3.08
0.25 96.44 0.63 2.68
2.82 96.12 0.18 3.38
0 96.94 -4.57 3.1
0 96.58 -2.94 2.47
0 95.87 0.9 3.13
0 95.31 2.26 1.8
0 94.42 4.31 1.71
0 95.42 2.1 2.86
0.19 96.24 -0.62 2.04
6.46 96.48 -1.29 3.31
0 96.85 -3.53 1.71
0 96.25 -1.72 2.29
2.74 94.8 2.82 3.66
1.82 95.01 -0.95 1.79
0.26 95.54 -0.76 1.49
0 95.04 4.32 3.56
0 95.69 1.69 4.82
0 95.97 -2.87 2.09
0 95.7 0.6 2.48
0 95.65 -0.49 2.33
0.27 95.09 1.12 2.52
2.45 95.57 -3.64 2.24
27.28 96.13 -6.88 1.79
56.49 96.47 -9 2.77
0 96.86 -11.23 2.94
0 96.54 -10.46 2.67
0 96.06 -8.06 2.72
0 95.72 -5.71 2.01
0 95.25 -2.34 3.37
0 96.04 -5.75 3.16
0 96.48 -4.51 1.67
0.1 96.75 -4.94 1.81
4.84 95.61 -0.8 3.49
0 96.36 -3.27 3.54
0 96.09 0.3 2.71
0 95.35 2.68 3.26
0 95.42 -0.94 2.64
0.54 96.06 -5.34 3.48
0 95.53 -5.25 3.03
0 95.74 -6.1 2.33
2.59 95.14 -3.61 3.51
0 96.1 -7.19 2.19
0 96.24 -7.83 1.4
0 95.66 -5.57 2.7
6.54 95.96 -3.44 2.43
0 96.57 -8.51 3.29
0 96.51 -10.02 2.09
0.01 96.49 -8.89 2.87
0 95.73 -4.69 2.54
0 95.68 -4.25 1.17
0 95.83 -3.87 1.02
0 95.9 -3.38 1.16
0.03 96.23 -3.18 1.31
0.1 96.24 -4.69 2.55
3.42 95.9 -9.13 3.75
0 96.31 -10.07 2.46
0 96.23 -9.91 1.33
0.04 96.03 -4.9 3.54
1.34 96.67 -8.93 3.57
0 96.57 -11.1 2.12
0 96.27 -9.5 3.9
0 96.5 -8.92 2.96
0 96.01 -7.51 1.82
0 95.88 -6.54 1.53
0 95.68 -2.79 3.08
0 95.84 -4.58 2.27
0 95.52 -1.93 2.83
0 96.11 -5.16 1.47
0 96.42 -6.74 1.36
0 95.95 -3.53 1.56
8.98 95.97 -3.82 1.59
8.96 95.56 -4.56 2.17
0.02 95.73 -7.39 3.37
0 95.98 -10.12 3.71
0 95.73 -10.1 2.79
0.01 95.46 -10.84 2.71
0 95.61 -10.18 4.4
0 96.54 -11.55 2.06
0.13 96.52 -13.1 1.37
0.03 96.43 -12.47 1.43
0.19 96.23 -10.44 2.01
0 96.54 -11.06 1.75
16.22 96.22 -12.22 2.64
0 96.31 -13.42 2.19
0 95.93 -12.4 4.3
0 96.6 -13.59 2.49
0 96.73 -13.86 1.51
0 96.84 -12.4 1.29
0 96.25 -7.87 1.73
0.05 95.5 -3.76 4.6
0 96.04 -6.66 3.46
0 95.47 -7.08 2.69
0.17 96.29 -10.86 4.09
0 96.63 -9.99 3.38
0 96.05 -7.68 2.9
0 96.79 -7.98 3.26
0 96.19 -5.5 2.13
0 95.62 -3.77 1.71
0.32 95.26 -0.79 2.35
0 95.62 -5.31 3.37
0.01 96.55 -6.41 2.36
0.01 96.5 -7.41 1.11
0.03 96.29 -8.29 5.47
0.01 95.84 -9.31 5.55
0 96.02 -8.97 4.55
0 96.13 -6.97 2.95
0 96.11 -6.14 1.72
0 96.59 -4.55 1.65
0 96.47 -3.46 1.95
0 95.3 2.12 3.46
2.7 95.59 -2.68 4.24
0 96.22 -6.66 3.07
0 95.63 -5.11 2.64
0 94.55 -2.04 4.62
0 96.32 -6.88 4.15
9.46 96.14 -6.33 2.73
13.51 95.49 -3.69 4.25
0 96 -4.46 3.67
0 95.73 -2.16 3.41
0 95.67 -0.74 3.18
0 95.88 -0.6 1.63
0 95.54 1.58 2.92
0 95.48 1.13 2.89
0.56 95.87 -4.09 3.78
0 95.11 -0.64 2.58
0 95.16 0.14 1.58
0.03 95.37 -2.74 2.39
0.15 95.79 -4.74 3.75
0.04 95.55 -6.84 3.76
0 95.57 -4.87 4.46
0 95.09 -0.16 3.68
0 94.89 0.97 2.96
0 95.11 3.49 2
0 95.37 4.59 2.95
0 96.18 0.12 4.39
0 96.2 1.03 2.82
0 96.17 1.66 2.12
0 95.9 2.98 1.65
0 95.53 3.61 1.78
0.9 95.42 4.47 2.02
0 95.95 5.64 1.89
0.16 96.05 5.05 2.21
0.91 96.08 2.26 3.29
0 95.93 1.9 2.06
0 95.67 3.21 2.1
0.81 96.06 2.16 1.59
6.43 95.75 1.47 1.4
2.1 95.58 3.06 2.44
0.51 95.51 2.22 2.14
0 95.69 3.12 2.5
0 95.5 5.5 2.44
0 95.42 9.21 3.55
0.1 96.21 4.43 2.66
0 96.02 4.82 2.11
0 95.42 6.05 1.75
0 95.44 9.4 2.02
0 95.36 12.64 2.99
0 95.06 16.28 3.74
0.58 94.8 14.03 3.46
1.84 94.85 11.18 3.39
0.71 94.94 10.37 2.69
0 95.67 9.15 3.41
0 95.66 9.14 2.15
0 94.68 13.08 3.64
0 95.22 8.49 4.02
0 95.14 7.44 2.52
0 94.52 12.41 4.07
0 94.1 15.21 3.04
0 94.54 16.49 3.19
0.28 94.87 14.66 3.13
1.7 93.79 14.65 4.75
0.28 93.97 8.42 5.71
2.03 94.36 8.08 3.11
2.09 94.71 9.84 3.42
0 95.14 10.42 2.31
0.02 94.47 13.59 5
0 94.71 10.42 2.91
0 95.03 9.56 3.3
0.01 95.69 9.13 3.53
0 95.72 10.78 4.65
0 94.9 15.23 4.42
0 94.36 17.27 3.2
0 94.03 20.83 4.2
0 94.88 17.4 2.58
0 95.25 17.98 2.57
0 95.21 21.12 3.76
2.28 95.13 18.92 5.1
14.96 95.07 15 3.36
18.44 94.78 10.15 5.85
0 95 11.29 6.12
0 94.88 18.14 4.05
0 94.57 20.63 2.5
0 94.33 20.32 4.22
0.33 94.32 19.18 3.07
0.03 94.46 15.61 4.89
0 94.33 13.48 4.52
1.06 94.54 12.95 4.64
0.17 95.25 14.34 4.77
0 95.22 16.7 2.38
0 94.45 20.07 1.85
0 94.27 23.74 2.32
0 94.28 28.39 3.92
2.3 94.63 26.67 3.36
1.16 94.9 24.04 2.93
6.12 95.21 16.34 3.51
183.92 95.33 10.18 2.35
0.03 95.13 16.57 2.32
0.01 94.71 19.73 2.18
0.07 95.21 15.84 3.19
0 94.78 19.13 2.47
0 94.4 21.54 2.83
0 94.66 22.48 3.74
23.13 95 17.17 2.56
0.8 94.46 19.96 3.05
15.87 93.98 20.21 3.02
0 94.47 17.83 3.38
94.84 94.79 11.66 1.92
0 94.91 15.91 2.29
0 94.91 20.19 2.45
0 95.05 21.63 2.24
24.63 94.76 15.6 2.29
0.78 94.49 18.7 2.65
0.45 94.37 22.05 3.78
0 94.45 21.38 3.61
0 94.82 19.34 1.99
6.99 94.97 18.49 1.81
27.23 95.26 18.61 1.75
0 95.28 20.88 2.01
0 94.85 26.88 2.4
0.21 94.57 27.63 1.69
2.35 94.42 26.73 2.89
12.33 94.33 24.39 2.45
43.28 94.33 21.53 2.82
86.56 94.24 19.64 1.93
9.91 94.29 20.28 2.37
0.55 94.45 21.8 2.22
77.82 94.82 18.8 1.52
113.82 94.71 17.41 1.64
5.66 94.45 19.18 1.45
5.08 94.42 21.75 1.42
0 94.59 24.13 1.69
11.44 94.48 25.19 3.09
17.56 94.51 26.34 3.24
0.09 94.41 27 3.08
11.6 94.28 27.07 2.74
26.5 94.16 27.11 2.39
38.64 94.34 24.79 2.43
0.5 94.44 25.53 2.04
21.28 94.6 24.42 1.77
54.42 94.76 22.9 1.5
63.87 94.53 23.94 2.57
556.8 93.71 23.02 2.46
31.85 93.68 24.64 2.9
61.42 93.85 24.28 2.49
0.65 93.8 24.41 1.89
0 94.09 25.55 2.09
0.42 94.15 28.46 2.58
63.19 93.95 27.99 3.43
23.65 94.36 25.38 2.12
17.24 94.69 26.03 1.68
0 94.82 27.16 1.85
0 94.75 28.12 2.01
0.01 94.48 28.38 2.85
39.24 94.25 26.5 2.73
36.4 94.23 23.09 2.54
58.71 94.96 21.46 2.13
23.06 94.96 21.36 1.53
3.58 94.49 23.69 1.21
1.89 94.6 23.86 1.59
0.61 94.83 24.17 1.93
26.45 94.49 22.21 2.44
0.94 94.69 23.02 2.32
0 95.2 23.28 1.61
0 94.77 23.57 1.62
70.49 94.37 23.53 2.89
0.05 94.53 25.18 1.93
0.77 94.61 25.97 2.39
35.82 94.35 25.23 2.05
798.64 93.77 23.41 2.1
14.74 94.18 24.46 1.48
65.37 94.23 24.47 2.19
33.86 94.07 22.86 1.94
3.47 94.12 23.94 2.1
28.77 93.99 22.76 1.56
43.55 93.81 20.69 1.55
10.17 93.91 23.22 1.44
9.67 94.31 24.11 2.44
47.91 94.69 22.89 2
0.4 94.83 23.53 1.67
22.67 94.76 22.17 1.63
18.91 94.67 21.8 1.57
285.2 94.73 19.7 2.15
62.31 94.88 20.68 1.87
28.09 95.03 21.59 1.74
29.1 95.06 21.91 1.82
7.19 94.7 22.38 1.76
1.15 94.44 25.46 1.94
39.47 94.88 22.84 2.15
285.54 94.78 19.47 2.05
0.03 94.8 20.42 3.42
0 94.89 18.46 3.44
0 95.21 19.18 2.05
20.33 94.95 16.6 2.72
7.09 95.36 16.23 2.7
0 95.5 14.85 2.14
0 95.21 17.19 2.12
0.64 95.21 17.54 1.66
3.39 95.04 19.84 1.85
8.81 95.09 19.4 1.85
6.87 95 19.89 2.43
2.68 94.84 20.89 2.68
0.05 94.71 20.45 3.51
0 94.63 19.25 1.73
0 94.43 21.21 2.07
0.96 94.94 18.76 2.61
5.06 95 18.75 2.03
77.52 94.9 17.06 1.72
0.03 95.12 16.72 2.12
0 95.52 15.76 1.74
0 95.77 16.46 1.69
3.09 95.7 18.56 2.29
5.14 95.54 18.8 2.06
0.75 95.12 19.17 2.68
0.01 94.94 17.44 2.31
0 94.39 19.18 2.12
0.15 94.83 16.04 2.88
0 95.21 15.42 1.75
0.82 94.57 19.15 2.94
22.58 94.59 17.01 3.43
0 94.79 17.75 3.61
0.15 95.05 18.33 2.39
14.98 95.04 16.27 2.36
27.06 95.32 13.37 1.96
0.05 95.29 10.29 2.25
0 95.18 9.41 3.39
0 95.01 10.36 2.37
0 95.13 13.68 2.52
0.07 95.29 15.64 3.62
0 96.05 9.27 2.52
0 96.4 8.09 1.97
0 96.17 9.66 2.39
0 95.49 13.84 3.52
0 95.27 14.98 2.97
0 95.56 13.99 1.96
21 95.85 12.26 1.51
121.02 96.46 8.86 3.29
26.16 96.5 5.3 2.73
0.63 96.29 5.11 2.93
0.79 95.93 4.61 2.23
0 95.81 6.26 2.85
0.01 96.38 4.98 1.21
29.32 96.43 6.8 1.76
0.1 96.77 5.58 1.69
0 96.55 6.1 1.67
3.92 95.9 8.8 1.74
0.05 95.7 9.13 1.29
0 95.41 11.32 2.37
0.01 96.08 7.47 1.88
9.75 96.19 4.32 1.84
0.1 96.19 5.39 1.74
0 96 6.94 1.84
0 96.07 7.9 1.31
0 95.46 10.12 1.61
0.02 95.31 10.83 1.84
0 96.15 6.88 4.38
0 96.69 2.12 3.57
0 96.15 5.14 2.31
0 95.28 8.09 2.85
