1.29 94.67 -17.34 1.39
0.03 95.33 -18.45 1.54
19.1 95.17 -19.93 1.52
6.58 95.44 -19.16 3.3
0 95.73 -20.41 2.33
0.01 95.93 -20.68 2.24
0.1 96.03 -18.58 1.4
19.74 95.38 -17.41 1.08
5.84 95.6 -17.21 1.38
0 95.85 -16.78 1.4
0 95.84 -17.04 3.05
0 95.27 -19.34 3.27
0 95.27 -16.81 3.66
1.71 95.09 -16.34 1.33
0 96.17 -15.88 1.46
0 95.73 -14.46 1.03
0 95.41 -11.14 1.34
0.01 95.31 -6.8 1.37
0 94.81 -0.61 3.27
0.14 96.08 -10.71 4.72
0 95.95 -14.16 3.29
0 95.66 -12.18 4.8
0 95.13 -8.7 3.91
0 94.56 -9.31 4.39
0 95.53 -9.98 4.04
0 98.5 -5.06 3.21
1.04 94.48 -4.83 2.8
0.02 95.08 -11.58 4.36
0 94.65 -6.1 4.93
0 94.72 -5.89 2.11
0 95.31 -9.55 1.72
0.56 95.46 -11.96 2.02
0 95.47 -15.19 2.42
0 95.4 -13.9 2.66
0 95.39 -14.5 2.24
0 95.72 -14.53 1.49
0.02 95.56 -12.36 2.06
3.07 94.63 -4.14 2.7
0 94.77 -5.68 1.97
0 95.4 -8.34 2.35
0 96.01 -11.48 3
0 96.41 -12.93 3.49
0 96.11 -12.49 1.95
0.09 95.46 -10.7 2.25
0 95.9 -11.54 2.56
0 96.06 -13.26 2.01
0 95.59 -11.31 1.63
0.01 95.19 -9.69 3.08
0 94.98 -8.87 2.88
0 94.46 -4.72 1.8
0 94.34 -7.77 1.71
0 94.48 -6.87 1.76
0 94.45 -4.68 2.57
0 93.45 0.46 1.95
2.49 93.85 -3.57 1.92
0 94.9 -6.89 1.99
0.39 95.06 -5.89 1.77
4.17 94.72 -7.11 2
1.04 95.36 -8.77 2.27
0.19 95.02 -8.68 1.95
0.62 94.78 -4.28 3.54
0 94.8 -2.41 2.97
45.59 94.45 -3.11 2.89
2.45 95.56 -10.81 3.38
0 96.23 -12.82 1.72
0.02 96.48 -13.04 1.64
3.49 96.8 -10.94 2.58
0.01 96.01 -10.21 2.6
0 94.62 -4.58 2.6
0.57 93.54 1.81 3.67
0.95 94.77 -5.77 4.3
0 95.31 -3.42 1.86
38.75 94.72 -0.73 2.01
0.76 94.77 -3.58 5.9
0.02 95.2 -5.52 2.68
0 95.6 -6.37 2.42
0 94.56 -3.19 2.63
0.46 93.23 3.75 2.45
47.6 93.93 -1.54 3.77
0 94.21 -0.31 2.88
0.16 94.24 3.08 3.78
0 94.88 1.83 2.65
0 95.46 -1.38 2.72
0.14 95.43 -4.12 3.6
0.94 94.94 -3.49 1.83
2.79 95.51 -2.74 1.71
0 95.41 2.7 1.49
0.08 95.17 5.37 1.89
5.76 94.57 8.56 3.86
2.63 94.36 6.67 4.92
0 94.79 0.89 5.41
0 94.84 -0.93 4.17
0 94.41 4.36 4.04
0 94.21 8.02 3.89
4.06 94.86 2.17 2.43
0.01 95.47 1.33 2.28
0 94.85 6.96 3.44
0.43 93.67 11.96 5.68
18.57 94.51 1.93 2.71
0 94.8 2.62 3.21
1.42 94.74 1.21 2.1
49.71 94.6 -0.45 3.42
0.02 95.35 -1.65 5.11
0 95.44 1.49 2.56
0.4 94.78 3.61 2.53
6.71 95.06 2.64 1.72
0 94.98 4.74 2.7
29.56 94.32 9.97 2.65
22.6 94.84 8.2 1.98
0.3 95.19 7.96 2.07
0.18 95.44 9.06 2.01
0.97 95.2 8.54 2.21
0.58 95.07 7.72 1.9
0 94.64 12.12 2.87
4.22 94.37 12.64 4.06
21 94.28 4 3.38
14.24 93.91 1.88 3.48
0.14 94.05 4.29 6.03
2.02 94.2 6.49 5.15
6.86 94.41 11.47 2.54
0 93.86 17.02 1.94
0 93.62 18.01 4.27
0.24 94.14 15.86 2.07
3.03 93.64 66.56 2.53
219.05 93.33 9.23 2.97
7.23 93.79 12.8 4.05
41.71 93.78 11.22 1.69
6.37 94.01 14.29 2.6
43 93.82 10.84 3.67
11.25 93.74 8.91 2.38
2.78 94.76 9.58 2.35
0 94.99 13.13 1.63
0 94.93 15.98 1.62
5.88 94.51 16.87 3.18
6.88 94.42 19.96 2.41
0.95 94.59 19.33 2.36
14.91 94.11 17.61 2.58
194.39 93.29 12.03 2.79
0.53 93 17.78 4.85
0 93.82 21.39 2.62
0 93.97 24.08 2.72
0.63 93.99 22.07 2.03
0.41 93.67 21.43 2.53
9.34 93.94 17.07 3.98
0.49 94.51 20.67 3.04
0.25 94.89 21.46 2.22
8.71 94.8 18.66 1.91
90.03 94.17 15.44 2.36
63.38 93.83 16.36 1.89
65.09 94.31 15.06 1.85
13.51 94.89 16.32 1.19
3.75 94.78 18.06 1.52
0.64 94.9 19.18 1.48
0 94.94 21.39 1.67
0.02 94.73 22.48 1.94
0 94.44 23.59 2.02
0 94.44 23.52 2.32
0 94.52 24.37 3.2
0 94.65 24.41 3.25
0 94.76 24.53 2.32
1.71 94.64 21.37 2.16
0.03 94.33 21.43 3.2
0.71 94.02 23.49 1.85
25.7 93.75 23.5 2.92
49.39 93.67 21.94 2.77
0.68 93.59 23.37 2.46
17 93.69 23.37 1.66
75.53 93.73 21.04 2.01
25.65 93.83 20.63 1.88
0.98 93.94 22.65 1.43
0.06 94.33 22.55 2.57
0.03 93.91 22.95 1.88
5.52 94.24 20.1 2.02
0 94.32 23.11 1.53
0 94.18 25.55 1.8
0 94.16 26.58 2.52
0 94.1 26.03 1.82
11.26 93.94 22.06 1.64
20.95 93.86 22.47 1.45
0.15 93.91 23.92 1.5
0.2 93.67 25.75 1.39
68.36 93.63 22.32 2.32
1.5 93.65 24.93 1.36
0.08 93.65 27.65 1.72
2.84 93.64 26.87 2.31
0 93.65 26.27 3.14
0.03 93.77 24.96 2.62
9.86 94.05 20.86 1.92
2.04 94.24 22.26 2.07
2.24 94.19 21.82 2.35
72.65 93.96 21.11 1.75
104.35 93.98 20.44 1.5
242.06 94.25 20.05 1.31
4.05 94.51 22.27 1.11
0 94.42 23.97 2.17
72.27 93.96 22.49 2.41
12.81 93.74 24.69 2.91
2.19 93.99 25.81 2.18
2.69 93.96 26.94 2.49
18.85 94.03 25.81 2.43
97.35 93.98 23.96 1.86
0.87 94.22 24.68 1.54
1.58 94.32 25.96 1.61
8.94 94.35 26.97 1.43
14.86 94.47 27.46 1.49
0.54 94.32 27.99 1.94
8.4 94.25 27.31 2.26
31.39 93.89 26.35 2.21
250.07 93.49 25.65 2.48
9.28 93.52 22.09 1.33
37.51 93.48 25.67 1.22
158.71 93.81 22.11 1.8
0 94.41 21.19 2.13
0.04 94.29 22.6 1.59
11.96 93.54 24.68 2.84
46.72 93.79 23.37 1.97
64.3 94.21 21.76 3.27
0 94.93 20.25 1.63
32.38 94.54 19.84 1.46
93.45 93.82 22.16 2.3
25.2 93.93 22.35 2.33
0 94.14 21.47 1.83
0 93.85 24.34 2.37
32.78 93.6 24.61 1.86
3.02 93.48 25.91 2.19
15.19 93.39 23.68 3.41
0 93.91 21.74 2.9
0 94.25 22.2 1.59
16.94 94.24 22.34 2.2
11.04 94.39 22.81 2.26
98.86 94.57 22.32 2.06
0.74 94.88 22.42 1.87
131.71 94.79 18.72 1.55
55.7 94.74 19.21 1.52
2.18 94.73 19.85 1.41
0 94.65 22.15 1.81
0.17 94.9 21.43 1.68
4.26 95.11 21.2 1.5
0 94.83 20.56 1.66
0.98 94.61 19.94 1.49
25.06 94.22 20.36 1.63
4.2 94.32 20.33 1.32
0.79 94.37 21.44 1.85
9.55 94.88 19.86 1.61
5.89 95.02 20.57 1.33
0.04 94.89 19.64 1.17
0 94.59 19.85 1.7
0 94.38 22.52 1.7
0.49 94.63 23.24 1.91
0 95.16 17.97 1.62
0 94.96 17.54 1.36
3.34 94.51 18.39 1.3
8.7 94.2 18.59 1.64
0.16 94.44 19.2 1.48
0 94.58 20.42 1.09
3.73 94.63 22 1.4
0 94.72 22.32 1.65
6.56 94.5 20.75 2.12
101.47 94.9 14.45 2.14
283.04 95 9.04 1.74
133.87 94.85 12.78 1.39
0 94.57 16.32 1.51
50.48 94.85 14.42 2.1
181.78 95.45 9.32 2.54
0 95.31 9.88 2.48
0 95.11 12.21 1.46
1.22 94.83 14.47 1.37
12.2 94.57 15.06 2.53
0.2 94.77 12.05 2.65
0 94.77 10 4.89
0 95.58 8.62 2.53
0 95.15 9.77 1.38
0.04 94.85 15.09 2.09
2.24 95.21 12.19 1.42
262.17 94.96 7.13 2.3
73.95 94.91 7.8 2.51
0 94.99 9.32 1.61
0 94.59 13.34 1.57
0 94.47 16.79 2.48
0 94.6 17.91 2.76
0 94.56 17.59 2.2
0 94.12 17.08 3.16
63.48 94.74 10.03 2.07
150.13 95.16 4.89 2.09
0 95.22 8.03 1.84
0 94.81 9.46 1.89
0 95.01 7.83 3.18
0 94.5 7.28 3.1
0 95.32 1.95 2.93
0 95.86 0.45 0.98
17.47 95.8 -0.29 1.29
49.83 95.85 0.59 1.05
0 95.71 1.78 1.18
0 95.17 3.88 1.31
0 94.87 8.29 1.39
7.43 95.1 8.09 2.34
4.6 95.63 3.1 3.46
0 95.97 -0.7 3.65
0 96.61 -1.8 2.21
0 95.78 0.6 1.85
0 95.67 4.37 2.28
0 95.66 5.71 1.65
0 95.73 5.76 1.7
0 95.57 5.97 2.3
0 96.09 1.6 3.29
0 95.59 1.46 2.04
0 95.19 4.92 1.73
0 95.28 4.56 1.4
0 94.96 6.83 1.99
0 94.68 6.94 1.54
5.4 94.88 2.84 2.54
0.4 95.35 -0.18 3.58
0 95 -1.52 1.4
0 94.56 -0.17 1.3
18.9 94.07 0.39 3.89
3.85 94.46 -1.18 2.01
0.72 95.48 -2.19 4.09
0 96.44 -5.54 2.76
0.07 95.75 -3.46 2.64
0 95.13 -0.17 1.65
0 95.03 0.76 1.93
0 94.71 4.64 3.39
0 94.25 2.96 2.4
0 94.02 5.45 2.12
0.47 94.2 1.5 4.53
0 94.94 -3.25 2.22
0 94.76 -2.83 1.82
0.02 95.03 -2.82 4.54
0 95.31 -7.08 2.76
1.14 94.45 -6.93 2.4
0 94.83 -8.09 6.17
0.3 94.98 -8.27 1.61
0.14 94.87 -7.37 1.23
0 94.49 -3.46 2.16
0.04 94.11 -3.87 1.91
0.09 94.72 -8.56 3.73
0 94.75 -6.37 2.08
0 93.76 2.15 2.42
0 95.18 -3.92 3.35
0 95.69 -6.5 3.46
0 94.42 -5.92 2.59
0 94.4 -7.58 1.61
0 93.85 -5.89 1.7
2.31 93.79 -9.46 4.12
0 94.74 -13.16 1.83
1.81 95.11 -14.75 2
0.05 95.83 -16.34 2.72
0 95.73 -17.01 3.9
0 95.43 -16.05 4.06
0 94.12 -9.26 3.83
0 93.99 -7.07 1.8
0 94.04 -4.52 2.19
0 94.31 -3.24 2.84
0 94.56 -1.57 2.03
0 94.31 -7.79 1.38
0.44 94.88 -11.36 2.91
0 96.12 -17.75 3.39
0 96.08 -16.47 3.56
0 95.2 -15.59 3.35
0 94.12 -12.39 3.17
0 93.79 -9.93 2.33
0 94.44 -12.57 3.4
3.58 94.67 -13.22 2.09
0.06 94.87 -13.41 4.67
0.16 95.42 -12.18 5.07
0 95.67 -12.15 3.39
0 95.81 -12.82 2.92
0 95.41 -13.33 1.08
0.02 95.02 -13.25 1.82
0.05 95.21 -12.04 4.94
0 95.81 -11.13 4.04
0.03 95.12 -8.77 1.99
0.4 95 -10.42 3.62
0 95.53 -14.19 4.23
0 94.78 -11.62 3.17
0 94.35 -13.06 3.98
0 94.48 -13.32 2.12
0.01 94.5 -11.87 3.12
0.06 95.5 -15.89 3.29
0 95.92 -18.06 3.55
0 95.73 -15.63 2.66
0 95.56 -14.89 2.71
0 95.27 -15.06 3.22
0 95.25 -15.04 3.62
0 95.16 -13.21 2.45
0 94.97 -13.32 1.8
0 94.97 -14.17 3.53
0.09 95.25 -15.07 3.54
0.02 95.39 -14.81 1.91
0.05 95.56 -15.4 2.48
0 95.98 -15.9 1.74
0 96.26 -14.54 2.97
0.04 95.82 -14.94 3.32
0 95.54 -15.4 3.7
0 95.33 -11.35 3.87
0 94.95 -4.32 3.25
0 94.65 -5.36 2.04
0 94.58 -8.44 1.6
0 94.42 -6.47 2.31
0 94.69 -6.29 2.28
0.06 93.82 -4.08 4.54
0.02 94.44 -3.9 2.82
0 94.12 -7.13 2.06
0.82 94.29 -7.97 3.29
0.08 95.05 -10.96 1.82
1.02 95.04 -10.38 1.05
1.96 95.33 -13.84 3.91
0 95.43 -13.08 2.25
0.16 95.35 -12.29 2.14
0.09 95.28 -12.28 1.66
0 94.57 -4.13 2.85
2.61 94.58 -5.6 1.63
3.7 95.02 -5.59 2.68
0 94.98 -4.59 2.07
0 94.86 -0.59 2.2
0 95.14 -1.38 1.6
0 94.75 0.99 2.02
0 94.25 2.12 3.71
3.68 94.11 0.32 2.06
0.24 94.84 -4.7 2.93
0 95.43 -5.02 1.72
10.94 94.85 -2.88 4.22
0.58 95.66 -9.39 3.27
0.07 95.17 -8.41 3.37
0 94.84 -7.35 3.42
0 94.83 -7.22 2.58
0 94.96 -4.81 3.2
0 94.6 -1.3 2.04
0.16 94.12 0.97 2.54
0 94.95 -2.03 3.77
0 94.67 -1.95 4.5
0 94.72 -4.17 4.89
0 95.04 -2.25 4.01
0 94.79 -0.59 3.77
0 94.14 2.25 3.07
0 93.47 6.54 2.11
0.04 94.24 1.52 4.59
0 95.35 -2.76 4.12
0 95.03 -5.4 4.63
0 94.78 -3.58 3.19
0 94.16 3.06 3.36
0 93.86 4.17 5.21
0 94.26 1.22 3.78
0 94.46 -0.93 2.18
2.37 95.05 -4.08 4.31
0 95.14 -3.09 3.34
0 94.87 -2.48 2.67
0 95.03 -2.68 4.64
0 97.42 -0.7 2.75
0 97.39 0.79 3.09
0 97.23 2.66 3.08
0 97.48 2.59 1.9
0 97.18 6.95 3.3
0 96.84 7.77 2
0 96.46 9.32 4.23
0 97.73 1.89 3.97
0 97.65 2.04 2.3
0 97.21 5.79 2.56
0 97.1 7.4 1.38
0 94.66 9.79 2.82
0.09 93.93 10.49 5.32
2.7 94.34 7.43 4.73
0 94.29 8.02 4.01
0 94.18 7.95 3.63
0.88 94.84 5.05 3.35
0 94.51 9.03 3.44
0 93.92 14.25 3.39
0 94.03 13.48 1.71
0.03 93.3 15.87 3.4
0 94.16 10.12 5.03
0 93.82 12.21 4.17
1.44 93.91 7.72 7
0.44 94.55 6.89 4.7
0 94.32 9.63 2.12
0 93.81 13.15 4.1
45.99 94.53 7.46 2.22
3.23 94.41 6.36 1.99
12.43 94.14 5.25 3.1
5.66 93.71 6.18 3.9
0.06 93.29 8.57 1.83
6.99 93.34 9.22 2.97
2.64 93.99 7.4 2.73
0 93.49 9.68 1.58
35.1 92.87 8.42 1.63
3.24 92.84 9.45 2.46
1.04 93.76 13.04 3.59
0.44 94.01 10.52 4.08
0 94.33 12.48 2.84
2.7 93.85 12.4 2.97
109.53 93.06 9.24 3.07
0.24 93.13 10.75 3.79
0.01 93.66 13.19 3.16
1.38 93.6 14.93 3.87
12.15 93.46 16.62 3.21
0 93.72 17.86 2.36
0.3 93.39 15.71 5.42
1.06 93.33 12.36 6.19
0 93.54 14.86 6.6
0 93.64 15.74 4.6
0 94.2 12.78 3.42
0 94.13 13.96 2.28
0.02 93.03 17.49 2.41
13.77 92.85 18.39 3.78
9.88 93.99 13.15 3.07
2.42 94.1 11.53 3.46
0.99 93.96 12.48 4.48
0 93.83 17.15 3.15
0 93.96 18.06 2.73
0 94.08 20.37 2.93
5.65 93.97 20.2 4.2
9.75 93.9 18.62 5.02
0.02 93.75 20.02 2.97
0.75 93.56 23.5 5.28
13.21 93.69 21.86 2.57
44.56 93.29 18.2 3.21
8.28 93.23 17.12 3.21
0.04 93.64 19.41 3.08
5.46 93.35 20.29 5.14
2.81 93.49 18.53 4.1
0.4 93.75 19.33 2.01
1.86 93.6 22.83 1.91
8.05 92.98 24.27 3.03
20.32 92.73 21.69 2.66
13.71 92.98 21.71 2.45
0 93.38 22.18 2.75
36.26 93.34 20.41 2.04
170.47 93.5 15.95 2.51
6.03 93.69 19.53 1.95
5.98 93.7 21.19 1.48
64.06 93.49 20.13 2.07
52.32 93.47 18.49 2.05
119.43 93.68 17.4 1.75
0.5 93.84 20.49 1.78
0 93.75 24 1.29
0 93.59 26.23 1.95
0.09 93.31 27.66 2.89
0 93.26 27.15 2.7
21.85 93.03 21.96 2.26
73.16 93.33 15.97 2.42
1.26 94 18.97 2.47
0 94.34 20.59 1.56
3.72 93.79 21.93 2.91
5.68 93.07 22.91 2.52
12.83 93.2 24.76 2.59
0.02 93.33 25.31 3.39
34.49 93.26 23.75 2.51
58.47 93.37 22.03 1.54
0.31 93.3 23.23 2.54
0 93.42 23.72 2.57
0 93.53 25.23 2.5
49.71 93.01 22.83 2.65
0.73 92.73 24.66 3.41
76.28 92.82 17.68 1.82
29.27 92.88 18.13 2.73
13.59 93.54 21.05 1.88
23.51 93.7 22.69 2.17
12.62 93.76 23.85 2.06
5.65 93.78 23.69 2.27
5.77 93.61 23.99 1.45
40.03 93.73 21.97 1.82
12.73 93.69 22.24 1.63
44.41 93.56 21.59 1.73
21.44 93.62 20.87 1.4
79.11 93.69 21.51 1.35
298.89 93.56 20.24 1.91
69.34 93.44 21 1.6
64.46 93.36 21.98 1.95
10.56 93.34 23.1 1.89
0.1 93.42 25.3 1.47
86.24 93.39 25.46 2.52
440.42 93.2 22.04 2.16
87.09 93.15 22.13 2.35
8.94 93.33 22.65 1.98
0.39 93.57 24.31 1.53
79.63 93.76 21.21 1.61
60.91 93.39 21.15 1.65
0.12 93.46 23.3 1.77
0.21 93.6 23.97 2.16
0.5 93.94 23 1.94
0.03 93.53 23.55 2.05
0 93.51 23.84 1.83
0.06 93.72 24.07 1.56
14.58 93.69 23.48 1.47
6.02 93.72 23.68 1.71
6.51 93.41 23.75 1.63
6.21 93.52 25.23 2.13
0 93.91 24.46 1.43
0 93.74 25.56 1.26
0 93.44 26.01 1.71
22.03 93.21 25.29 1.76
106.19 93.59 20.49 1.75
204.05 93.64 18.53 1.68
10.66 93.66 21.02 1.5
8.4 93.81 20.59 1.32
0.07 94.07 21.16 1.68
0.1 94.2 21.89 1.24
0 94.19 23.04 1.34
0.77 94.08 22.83 1.54
10.17 94.31 20.99 1.72
0 94.28 20.38 1.38
36.65 94.25 20.01 1.37
4.87 94.47 19.87 1.6
0.74 94.54 21.2 1.46
8.96 94.34 19.81 1.96
4.84 94.03 20.71 1.42
0.59 93.93 21.91 1.41
0 93.87 23.11 1.4
15.8 93.65 21.89 3.02
1.04 94.15 18.73 1.76
0 93.97 19.69 1.72
5.65 94.48 17.47 2.23
0.39 94.41 18.39 1.52
0 94.47 17.83 1.38
0 93.98 19.22 1.35
11 93.66 17.7 3.1
2.55 94.28 13.02 1.89
0.14 94.83 12.73 2.04
3.09 95.04 13.59 2.01
4.09 94.52 16.63 2.01
0.49 94.25 17.13 2.11
0.05 93.83 19.83 3.1
20.44 93.93 16.86 2.04
17.75 94.19 13.6 1.52
39.02 94.53 11.99 2.34
0 94.92 8.76 2.25
0 95.34 9.26 2.29
0 95.15 10.23 1.41
0 94.81 11.77 1.68
0 94.43 13.2 1.57
0 94.53 14.17 2.24
0 94.38 14.53 1.84
0 94.12 17.23 2.92
0.03 94.43 17.1 1.7
0.22 94.54 18.24 2.89
0.13 94.35 18.45 2.22
12.15 94.22 14.69 1.99
0.12 94.71 7.74 3.12
0 95.18 6.29 2.55
0 95.24 6.77 2.87
0 95.7 7.63 3.2
0 95.33 9.03 1.64
0 94.65 10.87 2.26
0 94.11 11.88 3.45
0 94.69 9.53 1.97
0 94.65 10.25 1.29
0 94.39 13.68 2.02
0.08 94.86 12.93 2.85
0 95.36 9.03 1.32
0 95.07 11.91 1.76
0 94.49 13.93 1.44
64.56 93.92 10.25 1.62
2.84 93.86 8.66 2.3
1.76 93.5 7.75 2.81
1.37 94 8.03 4.39
0 94.96 4.81 2.07
0 95.01 8.18 1.39
0 94.78 10.45 1.98
0.02 94.62 14.07 3.2
0 94.6 13.49 1.93
0.85 94.52 10.95 1.68
39.49 95.09 4.06 3.59
0.01 95.4 1.82 3.28
0 95.38 3.97 1.89
0 94.94 5.54 1.51
2.91 94.8 6.61 2.39
0 95.08 6.11 1.52
0 94.73 6.5 1.53
0 94.52 8.67 2.95
0 94.7 9.91 3.68
3.17 94.95 10.49 2.8
0.04 95.53 3.96 1.52
2.03 95.2 7.2 1.54
3.08 94.99 9.09 3.18
0.14 95.7 2.2 2.5
0.08 95.53 0.71 1
0 95.46 3.01 1.63
0 95.43 2.93 1.52
0 95.22 1.73 1.19
0 94.58 2.01 1.13
0 93.98 3.71 2.07
0 94.27 4.58 3.6
0.04 95.06 -2.77 2.62
0 95.14 -5.03 1.71
0 95.17 -4.24 1.5
0 95.41 -2.21 1.63
24.54 94.76 -0.32 0.91
3.46 94.6 -1.43 2.68
1.1 94.78 -5.84 3.58
0 95.23 -7.12 2.63
0 95.23 -4.86 2.01
14.4 94.89 -6.21 2.61
0.34 95.47 -8.35 2.84
0 95.16 -9.13 0.95
0.14 95.13 -7.34 1.39
0.61 94.5 -0.69 2.01
0 94.59 -1.7 1.36
0 95.44 -4.64 2.24
0 95.96 -9.02 1.44
0 96.23 -8.77 1.9
0.19 95.47 -8.06 0.95
0.05 94.79 -5.57 1.11
0 94.99 -7.15 1.43
0 95.32 -8.96 0.96
0.78 95.52 -9.29 0.83
0.89 95.51 -6.8 0.79
0.82 95.8 -8.69 2.74
0.05 96.1 -12.41 3.72
0 95.7 -11.73 3.31
0.01 94.87 -7.07 4.88
0 94.94 -4.29 3.07
0 95.37 -7.42 1.69
0.01 94.66 -4.84 2.92
0 95.41 -10.25 4.4
0 95.61 -13.85 3.34
0 95.71 -12.83 3.82
0 95.48 -11.02 2.28
0 95.53 -10.93 2.28
0 95.43 -11.75 1.16
0 95.09 -10.78 2.28
0 95.06 -10.28 4.22
0 95.26 -12.07 2.82
0 94.82 -10.34 3.28
0 94.98 -13.33 1.97
0 95.48 -12.7 1.72
0 95.72 -11.5 1.99
0 95.26 -7.83 2.08
0 95.67 -11.43 1.58
0 95.95 -15.01 1.11
0.11 95.41 -12.65 0.85
0.01 95.23 -10.13 1.96
0.13 95.61 -11.8 2.01
0.42 95.03 -12.2 2.64
0.17 95.22 -13.14 4.18
0 95.41 -12.36 2.87
0 95.22 -11.85 1.92
0 96.01 -15.08 1.3
0.14 95.89 -15.29 0.97
0 95.49 -12.89 1.5
0 95.45 -13.6 1.04
0.16 95.52 -13.1 3.22
0 95.56 -12.91 3.12
0 94.74 -7.83 3.2
0 94.98 -9.4 2.44
0 94.91 -9.47 2.35
0 94.63 -10.77 1.04
0.1 94.48 -9.61 1.27
0.16 94.68 -12.61 1.01
0 94.83 -11.29 1.28
0 95.29 -11.94 1.21
0.03 95.96 -15.01 3.19
0 95.81 -18.57 3.2
0 95.45 -18.31 2.87
0 94.93 -17.51 2.32
0 94.79 -16.93 2.85
0 94.39 -14.6 3.1
0 94.51 -14.13 1.89
0 95.03 -15.65 1.55
0 95.25 -15.35 2.02
0 95.64 -16.17 2.02
0.05 95.25 -17.79 1.46
0.21 94.82 -17.13 3.89
0 95.6 -18.23 4.39
0 95.57 -16.3 3.24
0 94.61 -13.75 3.3
0 94.68 -10.66 2.62
0.12 94.13 -7.64 2.4
0.06 94.8 -14.03 5.15
0 94.98 -16.6 4.86
0 94.55 -13.45 5.2
0 94.72 -11.32 3.4
0 95.05 -11.67 3.1
0 95.1 -11.5 1.76
0 94.77 -9.19 2.57
0.05 94.54 -4.93 2.21
0.26 95.12 -9.82 3.29
0 95.05 -11.09 3.04
0.09 95.14 -12.39 3.37
0 95.26 -13.58 4.7
0 95.15 -10.74 3.6
0 94.55 -6.13 2.95
0 94.68 -8.95 2.13
0 94.44 -10.24 1.22
14.91 94.09 -8.54 2.33
0 95.01 -7.8 2.48
5.9 94.89 -6.67 2.37
0.02 95.33 -9.2 3.35
0 95.25 -8.56 2.63
0 94.71 -6.54 1.58
0 94.32 -2.46 2.39
0 94.52 -0.8 2.1
12.02 95.1 -4.66 1.37
0.53 95.27 -8.07 1.66
0.79 95.2 -6.64 1.56
0.17 94.58 -2.48 1.84
28.33 93.91 -4.33 1.69
25.61 93.97 -4.62 2.54
0.07 94.6 -5.18 3.79
0 95.31 -9.07 3.75
0 94.98 -9.25 1.85
0.41 94.93 -8.89 4.54
0 95.37 -8.55 4
0 95.03 -6.58 1.83
0 94.4 -2.43 3.23
0 94.93 -1.47 2.2
0 94.51 2.54 3.15
3.1 93.63 5.47 4.27
12.17 94.37 -3.73 3.5
11.24 95.18 -8.58 2.3
0 94.92 -2.79 2.36
0 94.86 -0.62 2.04
0 94.24 3.93 3.66
0 94.8 1.94 1.81
5.47 93.95 1.18 4.54
0 94.38 -0.91 5.81
0 94.81 0.05 3.4
0 94.49 4.96 2.7
0 94.73 7.92 3.41
0 94.84 9.13 3.4
0.49 93.87 9.17 7.88
0.98 94.52 0.41 4.86
0.58 94.52 -1.19 4.64
0 94.48 -0.61 1.99
2.33 94.41 1.02 2.97
0 94.03 3.77 4.37
0 93.88 4.05 5.3
0 94.13 3.11 4.9
0.46 94.47 3.7 2.47
0 93.98 9.84 3.83
0 94.13 9.84 5.2
0 93.98 12.75 3.18
4.28 93.78 12.89 5.69
2.87 94.13 7.35 4.71
0 93.58 11.65 3.61
0 93.41 14.01 3.5
0 93.42 14.64 3.14
2.78 94.08 8.45 3.71
0 94.31 8.65 2.59
0 93.39 15.96 4.12
0 93.44 18.55 4.12
2.36 93.8 15.29 4.41
15.45 94.34 13.36 3.3
1.38 93.79 12.77 2.29
0.16 93.16 14.37 1.76
0.92 93.1 17.83 3.85
186.3 93.64 12.11 2.87
51.03 93.6 8.94 4.42
0 92.95 10.76 3.54
0.41 92.68 10.6 7.7
0 93.89 9.04 3.37
0 93.87 12.54 2.7
0.39 93.62 17.59 3.62
0.83 94.22 16.13 2.55
30.04 93.73 16.91 2.21
0 93.78 20.43 2.32
0.58 93.96 19.48 2.61
0 94.01 17.51 3.21
0 93.64 17.3 2.46
2.33 93.63 16.68 1.91
0 93.86 18.19 2.12
0.1 94.08 19.82 2.49
5.31 94.33 19.25 2.66
98.27 94.31 13.8 1.79
17.14 93.8 13.5 3.07
18.5 93.56 10.79 2.81
2.45 93.53 11.39 4.39
0.03 93.3 11.57 3.36
4.06 93.07 12.3 5.17
0.03 93.49 15.94 1.51
0 93.38 22.31 3.68
4.94 94 19.38 3.07
5.97 94.31 18.24 2.04
0.24 94.12 20.34 3.94
2.45 93.88 19.36 4.09
2.04 94.01 16.74 3.28
0 94.03 16.4 3.2
0 93.8 17.78 2.55
0 93.47 19.46 2.54
0 93.9 20.2 2.27
0 94.02 22.89 2.43
15.97 94.06 19.42 2.75
43.35 94.48 14.41 2.78
0.38 94.54 16.5 1.7
21.15 94.06 16.73 3.11
14.37 93.85 15.98 3.07
52.5 93.61 15.57 2.27
31.41 93.34 18.33 3.55
0.83 93.55 20.38 2.12
4.52 93.1 20.08 2.58
11.43 92.99 21.79 2.19
25.05 92.97 21.89 2.19
35.48 92.85 20.75 3.35
9.03 92.98 17.02 3.32
3.71 92.67 15.91 3.25
18.81 92.79 15.89 2.47
196.78 93.41 13.27 1.94
318.15 93.66 13.83 2.18
196.82 93.66 15.36 2.83
9.54 93.5 18.98 1.65
9.08 93.4 21.63 1.69
4.95 93.58 21.54 1.72
11.53 93.33 21.57 1.61
23.22 93.36 21.79 1.71
3.65 93.52 21.94 1.35
49.15 93.48 21.08 1.62
0.61 93.22 22.27 2.04
64.63 93.23 21.88 2.42
34.48 93.59 20.74 2.47
35.47 93.98 22.27 2.07
2.84 94.15 22.68 1.66
3.6 93.86 20.52 2.04
41.42 93.46 21.27 2.3
0 93.34 23.55 2.2
1.6 92.95 24.11 4.04
3.09 92.99 22.29 3.75
0.92 92.98 22.19 2.77
0.06 93.32 23.02 1.65
2 93.45 22.88 1.69
1.37 93.35 23.49 1.58
53.05 93.31 23.73 1.85
37.48 93.3 24.88 2.06
19.13 93.34 25.21 1.89
141.8 92.96 21.51 1.84
56.14 92.77 19.09 2.56
88.79 93.17 18.73 2.95
13.3 93.67 20.66 2.4
0 93.67 21.07 1.65
0 93.69 22.51 1.44
0 93.91 24.47 1.29
0 93.99 24.95 1.97
0.08 93.81 24.79 2.2
4.54 93.7 24.83 1.48
10.93 93.63 24.66 1.66
78.89 93.55 23.09 1.34
379.17 93.18 21.6 3.42
0 93.64 23 1.47
0 93.83 23.88 1.73
8.6 93.74 23.99 2.04
45.89 93.36 25.29 3.72
2.06 93.77 23.73 1.65
130.01 93.27 22.63 2.33
16.41 93.02 23.14 3.95
0.37 93.65 21.78 1.42
55.57 93.94 19.74 1.54
114.08 94.1 18.89 1.73
80.25 94.03 19.86 1.4
13.58 94.05 21.94 1.63
69.31 94.11 22.05 1.67
0 94.29 23.24 1.27
0 94.11 24.1 1.32
0 93.71 25.72 1.97
7.95 93.65 24.6 1.91
2.67 93.93 23.29 1.34
0 93.77 23.8 1.66
39.87 93.86 19.85 2.21
31.49 93.89 17.9 2.07
1.28 94.01 19.67 1.55
5.37 93.66 18.83 1.87
6.79 93.76 20.98 1.83
0 94.07 21.84 1.79
0.09 93.63 23.18 2.93
72.15 93.71 22.56 2.36
1.66 93.79 20.6 1.61
7.52 93.79 19.61 2.55
4.48 94.37 16.09 1.96
0.05 94.48 16.16 1.97
0 94.21 20.48 2.47
0 94.16 22.13 2.04
1.05 94.03 22.32 2.34
3.82 94.09 21.71 1.31
8.9 93.96 21.41 1.72
2.41 93.57 22.54 1.89
0.83 93.71 23.26 2.71
0 93.91 24.63 2.05
0 94.04 24.92 2.39
1.3 94.08 24.35 1.99
249.44 94.05 15.64 3.14
17.99 94.39 13.41 2.66
0.32 94.41 12.49 2.05
1.83 94.49 15.88 1.94
0 94.42 19.34 2.07
17.85 94.53 18.14 1.54
0.81 94.46 17.36 1.23
0 94.4 18.77 1.12
0 94.31 20.54 1.46
26.29 93.99 18.95 2.3
87.87 94.04 12.75 3.87
0.73 94.15 11.47 2.65
0 94.53 13.81 1.56
0.06 95 13.98 1.13
0 95.1 13.71 1.31
0 94.48 14.38 2.33
0 94 15.83 2.67
0.14 93.96 15.63 1.68
0 94.16 17.3 1.71
3.66 94.07 18 2.19
1.36 94.11 17.31 1.35
2.79 94.45 15.7 1.37
0.53 94.72 15.55 1.52
34.48 94.58 14.33 1.84
1.52 94.86 14.23 1.5
46.84 94.48 10.42 1.67
43.59 94.51 9.86 6.64
0.79 94.67 11.1 3.35
0 94.65 11.32 1.7
0 94.48 12.56 1.55
1.42 94.28 13.81 2.15
1.15 94.13 12.76 3.32
0 94.27 12.98 2.35
0 94.81 10.61 1.86
0 95.2 11.65 1.15
0 95.05 13.42 1.43
0 94.53 15.81 2.54
17.08 94.15 12.28 3.36
0 94.64 8.32 2.36
0.05 94.24 9.97 2.18
0 94.08 12.18 2.27
0.13 94.47 7.89 4.18
0 94.87 6.52 2.48
0.03 94.96 6.76 1.95
31.35 94.34 8.38 3.82
0 94.36 4.06 3.85
0 94.48 5.16 2.6
0 94.29 7.52 2.16
0 94.73 6.3 1.57
72.89 94.99 1.62 1.08
76.85 94.44 2.31 1.72
0 94.12 6.1 1.97
0 93.88 8.91 3.3
0 94.49 8.31 1.94
0 94.51 10.52 2.19
4.19 94.43 9.99 3.3
0 95.32 2.84 1.47
1.74 95.21 -0.09 2.29
0.07 94.79 -0.44 2.87
0.03 94.63 -0.63 2.24
0 94.58 1.96 1.49
0 94.79 0.3 1.99
9.64 94.85 0.08 1.58
188.97 94.56 -1.08 57.05
53.34 94.77 -0.89 3.07
0 94.76 -3.83 0.95
0 94.43 -1.28 1.99
0 94.65 -1.2 1.35
0 95.07 -2.9 1.08
55.24 94.78 -2.6 0.94
95.51 93.56 -2.86 5.35
0.18 93.99 -4.76 3.56
0 94.06 -6.52 4.56
0 94.83 -5.22 2.8
0 95.09 -6.64 1.04
21.76 94.58 -3.13 1.42
0 94.49 -5.68 54.49
0.01 94.18 -5.69 3.07
0.02 94.76 -3.6 3.19
0 94.8 -5.59 1.5
0 94.48 -3.45 1.95
6.52 94.97 -5.92 2.31
0 94.86 -7.1 2.69
0 94.31 -5.71 2.19
0 94.29 -3.9 3.86
0 94.35 -8.25 2.87
0 93.4 -4.96 3.71
0.05 94.2 -7.44 4.48
0.04 94.74 -10.16 2.42
0 95.43 -13.84 2.3
0.35 95.04 -14.74 1.44
0.21 93.98 -5.72 3.04
1.19 94.22 -8.63 4.21
0 94.46 -11.77 2
0 94.49 -13.79 3.33
0 94.41 -15.45 3.03
0 94.6 -16.82 2.65
0.03 94.62 -17.73 4.4
0 94.78 -12.21 3.88
0.1 95.34 -14.31 1.39
0.04 95.5 -14.2 0.98
0.1 94.91 -12.09 1.61
0.02 94.97 -9.57 1.31
16.91 95.04 -11.26 0.99
1.51 94.84 -9.64 1.23
0.72 95.2 -12.58 1.29
0 95.56 -13.61 3.87
0 95.63 -15.52 2.25
0.02 95.08 -15.25 0.98
0.29 95.2 -12.9 53.71
5.62 95.22 -11.33 3.46
0.01 95.66 -16.65 2.93
0 95.44 -20.27 2.82
0 94.6 -18.79 4.39
0 95.73 -19.19 2.42
0 95.46 -19.24 1.14
0 94.9 -14.2 1.23
6.48 94.91 -15.14 0.97
13.64 94.94 -13.41 4.29
0 94.56 -15.71 3.6
0.06 94.03 -15.7 2.2
0 94.45 -18.83 4.1
0 95.57 -19.18 4.4
0 96.13 -16.75 2.38
0 95.19 -17.49 1.45
0 95.03 -15.1 1.65
0 94.91 -16.01 1.54
0 94.82 -15.98 1.55
0.06 95.22 -17.67 1.97
0 95.03 -15.71 2.19
0 94.89 -15.99 1.24
0.65 94.56 -13.88 1
0 94.63 -12.93 1.82
0 94.63 -13.84 1.18
0 95.09 -11.15 2.01
2.21 94.81 -13.72 1.59
0 95.54 -15.03 2.52
0 95.77 -12.68 2.04
0 94.82 -7.57 2.4
0 95.3 -10.72 1.24
13.39 95.32 -10.31 0.99
0.85 95.39 -10.16 1.77
0 95.13 -14.41 1.22
0.04 94.04 -8.63 3.04
0.06 94.61 -14.78 4.43
0 94.65 -16.56 1.52
0.13 94.97 -15.19 1.35
0.04 94.87 -12.06 1.8
0 94.47 -7.26 1.34
0 94.72 -7.76 1.36
0.04 94.64 -6.14 1.46
2.17 94.56 -7.09 1.81
0.54 95.21 -9.56 3.94
0 95.26 -11.47 2.69
1.35 94.28 -10.3 2.93
0 95.04 -10.34 2.97
0.01 94.6 -8.86 2.15
1.29 94.92 -16 4.28
0 95.72 -18.72 4.87
0 95.56 -17.24 1.43
0.45 94.74 -13.13 2.29
0 95.34 -13.91 2.24
0.07 95.36 -13.45 1.86
0 94.65 -8.22 382.71
0 94.46 -6.04 2.88
0 95.08 -10.34 2.62
0 95 -11.01 1.52
0 94.28 -7.32 2.29
0.04 94.32 -6.66 4.06
0 95.01 -12.42 4
0 95.14 -13.51 2.4
0.01 95.09 -12.65 1.97
0 94.96 -9.1 3.3
0 95.19 -8.15 3.14
0 95.13 -5.44 1.85
0 95.27 -7.54 1.79
7.43 95.06 -7.87 1.85
0.29 94.25 -1.37 3.07
0 94.18 -0.13 2.85
0.15 93.67 -3.52 6.29
0 95.45 -9.08 5.46
0 95.42 -6.43 1.82
0 94.4 -1.26 3.44
0 94.71 0.97 2.57
0 94.11 4.91 3.29
0 94.05 3.28 1.89
0 93.46 4.18 2.26
0 93.35 -0.28 2.4
0 93.52 -3.41 5.94
0 94.89 -1.54 2.1
0 94.14 4.22 3.71
14.99 94.16 -0.87 4.1
0 95.28 -6.56 4.15
0 94.75 0.29 3.17
0 94.36 4.9 2.83
0 94.72 4.84 2.99
0 93.34 7.14 3.93
1.54 93.43 -3.17 3.87
33.41 94.19 -8.3 2.71
0.31 94.56 -7.62 2.77
0 93.33 0.64 5.89
0 94.32 -3.58 2.78
26.18 94.03 -5.75 3.84
0 94.72 -5.62 2.95
0 94.55 -2.65 1.67
0 93.57 3.66 4.06
2.23 93.82 0.53 4.39
0 94.63 -1.67 3.9
0 94.84 -2.55 2.46
0.75 94.7 -0.65 1.69
12.89 94.44 0.68 2.23
105.11 94.6 0.17 2.69
0 94.05 4.05 3.16
0 94.16 4.7 3.09
24.47 94.3 -1.12 2.37
51.04 94.57 -1.48 3.36
0 94.32 -0.82 2.48
1.07 93.44 1.35 2.89
19.46 93.48 -0.02 3.61
3.85 94.45 -0.35 4.03
1.23 94.28 0.78 4.04
0 94.33 1.92 3.84
0 93.84 7.75 3.12
0.45 93.44 5.7 5.03
0 93.65 2.15 5.4
0 93.37 3.81 2.44
9.34 93.68 3.31 3.2
59.78 93.98 0.76 1275.44
2.89 94.97 0.21 4.94
0 94.97 1.79 2.31
0 94.65 4.71 2.91
0 94.3 8 2.1
0.45 93.71 11.9 4.69
69.59 93.81 6.84 2.26
0.63 93.76 7.32 3.65
0.03 93.86 8.26 5.34
0 93.88 9.81 1.76
0 93.81 13.51 2.27
2.68 93.59 12.04 3.95
0.12 93.86 11.33 6.58
0.34 94.35 10.74 5.83
0.24 94.39 11.04 2.2
1.51 94.25 12.24 2.51
3.78 94.44 12.57 1.98
0 94.17 16.92 2.67
0 94.4 20.1 1.68
0 94.33 21.38 2.53
0 94.3 21.75 3.07
0.25 94.02 22.19 4.71
29.9 93.74 14.11 2.19
27.79 92.89 14.36 4.09
0 92.53 16.99 5.22
0 93.08 16.06 3.07
0 93.1 18.57 2.78
0.53 93.76 15.85 5
0 94.63 15.96 2.39
0 94.5 17.33 2.36
1.11 93.84 18.91 3.08
0 93.29 19.8 3.26
13.12 92.71 15.6 5.78
0.01 92.69 17.51 4.38
0 93.09 18.7 2.97
0 93.93 19.79 2.44
7.29 93.71 24.08 4.33
1.59 94.33 18 2.32
0 93.9 20.91 2.24
1.31 93.6 22.37 3.66
2.15 93.41 20.07 3.98
1.54 93.26 19.29 3.39
0 93.55 18.73 4.71
0 93.36 23.41 3.3
0.05 92.96 25.38 4.56
0 93.69 19.42 2.6
7.2 93.39 18.04 3.39
0.05 93.67 18.12 3.45
12.23 94.21 17.48 2.54
22.06 94.05 19.12 2.42
9.21 93.83 19.55 3.15
5.08 93.66 22.09 2.8
1.62 93.5 22.34 3.79
70.24 93.94 16.14 2.39
1.31 94.15 17.51 1.72
8.55 93.89 16.03 2.29
2.63 93.64 17.51 1.74
0.04 93.65 22.57 3.64
0.65 93.64 24.29 4.14
12.13 93.57 24.59 2.76
184.09 93.6 18.62 2.5
9.02 93.31 20.79 1.64
38.61 93.02 20.41 1.95
0.43 93.36 23.02 2.05
0 93.88 23.11 2.36
0.05 94.03 23.76 1.97
2.08 93.76 22.38 1.41
11.75 93.43 21.63 1.8
75.98 93.26 21.08 2.28
87.47 93 20.93 2.31
193.79 92.74 19.52 1.66
55.52 92.89 21.75 2.63
88.05 93.31 20.63 2.15
93.38 93.31 22.27 2.68
56.29 93.25 22.97 3.36
49.88 93.05 23 2.28
130.14 92.67 22.29 2.76
0.04 92.64 24.04 3.79
2.81 92.65 23.86 2.61
0.73 93 24.07 2.26
2.47 93.15 24.65 2.34
14.71 92.95 25.59 3.69
43.79 93.29 23.67 1.88
51.16 93.51 21.93 1.67
1.07 93.72 22.46 1.39
1 93.7 22.35 1.37
20.67 93.67 22.59 2.08
28.54 93.84 22.22 1.93
0.08 93.81 24.23 1.66
222.86 93.09 21.67 1.92
63.17 92.99 22.43 3.29
0 93.51 23.49 2.43
0.33 93.37 22.98 2.41
122.27 93.37 20.55 2.36
4.77 93.57 21.42 1.66
0.56 93.55 23.45 1.75
31.48 93.41 23.23 2.21
18.2 93.01 23.47 1.9
0.88 93.11 23.5 3.29
0.01 93.41 23.99 1.92
0.04 93.4 24.76 1.71
56.49 93.18 22.49 1.42
4.38 93.14 24.8 2.2
0.7 93.07 24.98 1.54
2.49 92.88 25.96 1.69
13.86 92.98 25.68 1.92
15.1 93.24 25.21 2.65
0.58 93.47 25.48 2.59
2.55 93.28 25.26 2.69
26.59 92.94 25.78 2.71
15.64 92.81 25.08 1.84
16.12 92.95 25.69 2.46
17.3 93.23 25.78 2.49
8.04 93.03 25.99 2.29
13.15 93.22 23.62 1.82
1.89 93.6 25.23 1.44
8.74 93.66 26.54 2.62
29.12 93.36 24.93 2.79
4.71 93.39 25.32 2.86
32.14 93.33 26.02 2.11
4.27 93.42 25.07 1.87
294.9 92.88 23.85 1.56
0.08 96.72 24.73 2.85
0 93.92 21.59 2.77
0 94.17 21.04 1.9
4.32 94.12 20.34 1.22
1.86 93.69 23.26 2.38
0.24 93.86 22.22 2.18
0 94.07 21.93 1.81
0.03 94.06 22.32 1.58
15.38 93.77 21.45 1.71
5.3 93.87 18.98 1.94
10.31 93.77 19 1.66
189.9 93.17 18.16 1.45
40.7 93.46 14.44 3.15
0.2 94.1 15.54 2.57
43.69 94.17 15.97 2.15
1.04 94.41 14.98 1.94
4.25 94.57 15.34 1.57
0 94.65 15.53 1.45
4.3 94.52 16.43 1.55
155.59 94.49 13.92 1.69
39.97 94.54 13.79 1.14
3.29 94.59 15.73 1.31
3.38 94.52 17.45 1.56
9.52 94.05 18.09 1.95
0.14 94.17 16.98 1.61
0 94.18 16.94 2.62
3.13 93.94 20.33 3.11
24.61 93.3 19.56 3.36
0.25 93.72 18.31 3.56
0 94.3 13.33 1.91
1.7 93.98 15.87 1.58
4.46 94.57 15.7 1.53
13.74 94.97 14.37 0.92
9.71 94.01 19.26 3.49
0 94.46 17.62 1.62
0.03 94.44 18.19 1.35
1.24 94.28 18.06 2.67
27 94.71 12.31 3.35
0 94.93 8.54 2.43
0 94.75 10.38 2.32
0 94.37 11.86 2.24
0 93.69 17.71 3.57
0 93.81 15.98 2.73
0 94.74 12.51 1.38
2.91 94.63 13.46 1.78
111.01 94.68 10.96 2.45
0.01 94.78 10.24 2.93
0 94.53 9.07 1.79
0 93.85 16.93 3.85
0 94.92 12.88 1.29
0.02 94.85 14.89 2.56
0.06 95.19 11.66 2.53
0.37 94.65 10.9 1.89
0 93.66 15.8 3.15
10.56 93.77 12.76 4.42
0 94.2 10.03 3.44
0 94.69 11.03 1.81
17 94.66 11.08 2.81
2.14 95.57 3.42 4.71
0 95.56 2.79 1.44
0 95.16 6.79 1.44
0 95.16 6.67 1.37
0 94.92 10.72 2.83
38.49 95.16 8.67 1.63
1.04 95.19 6.71 2
0 95.02 5.75 1.36
40.81 94.89 4.91 2.24
23.79 94.82 0.71 2.21
0.01 95.05 3.7 4.19
0.01 95.32 5.41 2.8
0 94.84 4.42 1.45
0 94.28 6.81 2.12
3.13 94.85 5.54 2.14
1.54 95.38 3.71 2.62
0 95.3 3.34 1.61
0 95.41 4.12 1.05
0 95.15 4.19 1.41
0.65 94.62 8.21 2.31
1.28 94.96 6.92 3.33
0 95.27 5.13 1.93
0.04 94.51 6.03 2.62
0.33 94.13 5.4 4.13
0.02 94.49 2.72 2.87
0 94.56 1.3 2.12
0.07 95.15 1.11 3.68
0 95.09 -1.91 4.41
0 95.16 0.92 2.57
0 95.05 1.42 1.76
0 94.41 1.72 2.54
0 94.19 2.55 3.38
0 94.16 2.73 2.31
0.23 94.36 1.22 3.5
0.02 94.73 -3.63 4.34
0.07 94.95 -4.11 6.02
0 94.83 -4.04 3.82
0 94.87 -2.35 2.82
0 95.05 -3.26 1.26
0 94.79 0.77 1.94
0 94.51 0.75 2.06
0.04 94.2 -0.88 2.54
0 94.03 -4.6 4.42
0 94.16 -7.78 3.71
0 94.4 -10.58 6.98
0 94.61 -5.87 3.83
0 94.19 0.4 3.33
0 94.84 -3 2.41
940.18 94.58 -0.84 3
940.18 94.36 -1.09 1.47
940.18 94.63 1.47 2.34
940.18 94.66 0.88 2.67
940.18 94.84 -1.68 2.96
940.18 94.42 -2.46 1.17
940.18 94.51 -5.05 1.44
940.22 94.51 -4.68 2.54
940.2 94.71 -6.31 3.01
940.45 94.18 -8.28 3.28
940.53 94.17 -9.09 2.41
940.18 94.32 -12.1 4.55
940.18 94.62 -11.93 3.32
940.18 95 -9.21 3.31
940.18 95.57 -9 1.62
940.18 95.53 -10.68 1.47
940.85 95.8 -12.83 2.34
940.47 95.44 -13.62 2.97
940.33 95.32 -12.42 3.09
940.19 95.72 -11.57 2.42
940.18 95.75 -11.04 1.29
940.18 95.45 -10.66 1.04
940.18 95.62 -9.78 1.26
940.18 95.52 -9.79 1.05
940.27 94.99 -7.3 3.04
940.24 95.48 -10.79 4.33
940.18 95.14 -11.7 1.88
940.18 94.66 -11.26 2.94
940.18 93.94 -6.28 3.88
940.18 93.75 -5.43 3.54
940.18 93.37 -3.63 4.52
940.18 93.8 -4.2 3.14
940.18 94.06 -3.58 3.39
940.18 94.68 -5.81 2.52
942.07 94.57 -8.39 1.74
943.15 94.83 -9.53 1.73
940.2 94.5 -7.25 2.85
940.18 95.08 -7.87 2.59
940.18 95.51 -14.66 3.02
940.18 95.09 -14.5 2.5
940.18 95.11 -12.32 2.3
940.18 95.21 -10.76 2.4
940.18 95.72 -13.16 1.95
940.18 95.43 -13.68 1.66
940.18 95.45 -11.76 1.95
940.18 95.27 -8.32 1.94
949.61 95.33 -10.68 1.53
940.18 95.26 -10.79 1.75
940.18 95.5 -8.74 1.96
940.46 94.52 -7.59 3.93
940.2 95.05 -10.61 4.35
940.18 95.2 -10.29 2.4
940.18 94.52 -6.95 1.9
940.18 93.71 -2.31 3.07
940.18 94.34 -4.07 2.1
940.18 95.23 -9.48 3.1
940.18 94.72 -7.45 3.69
940.18 94.22 -4.85 4.34
940.18 94.75 -7.6 3.55
940.18 93.44 -0.95 5.57
940.18 94.21 -7.84 3.17
940.18 94.32 -7.7 1.77
0.19 93.9 -4.87 2
0.04 93.97 -5.42 5.35
0 94.78 -13.19 4.25
0 94.95 -11.85 2.3
0 95.13 -12.52 1.55
0 95.37 -10.71 1.62
3.1 95.05 -11 1.5
11.71 95.14 -12.81 3.05
0 95.73 -15.1 3.07
0 95.52 -14.93 1.65
0 94.97 -12.75 1.48
0 95.6 -13.69 1.55
0 95.52 -13.07 2.02
0.25 94.73 -6.69 2.81
0 94.81 -7.23 2.1
0.06 95.39 -7.9 2.31
0 95.92 -10.17 1.76
1.66 95.47 -9.86 1.47
1.88 95.22 -9.96 1.81
0 95.13 -8.17 1.58
0 95.11 -5.25 2.14
0.26 95.63 -8.17 1.56
0.09 95.43 -5.47 1.19
0 94.98 -2.01 1.64
0 94.83 1.94 1.8
0.7 94.54 3.3 3.66
1.54 95.26 -4.23 4.06
0.09 94.94 -7.11 1.79
0 94.82 -5.96 1.7
1.28 94.75 -5.94 2.23
1.56 94.76 -6.62 1.83
1.95 95.08 -6.2 2.76
0 95.11 -7.72 2.83
0 95.26 -8.19 2.87
0 95.27 -6.75 2.4
0 94.81 -5.85 2.15
0 95.1 -5.61 2.32
0 94.55 -2.8 2.07
0 94.39 0.49 3.89
0 95.04 -2.1 4.04
0 94.62 -2.43 1.91
0 94.12 1.92 3.21
0 93.86 6.39 2.65
0 94.21 4.18 2.34
0 93.77 7.05 4.98
0 94.89 3.65 2.16
0.1 94.83 3.08 4.7
0 95.13 3.54 4.53
0 94.51 6.39 3.03
0 94.6 7.34 3.08
0 94.81 7.53 2.62
0 93.82 12.49 4.61
0 93.85 11.47 2.36
0.01 93.87 10.58 2.91
0 93.87 10.02 3.06
67.96 93.67 11.09 3.12
25.43 94.15 9.33 2.21
0 94.35 10.62 2.28
0.57 94.44 8.45 1.99
0 93.9 11.47 2.86
0 94.65 7.17 3.88
0 95.02 2.29 4.66
0 94.22 6.49 4.71
0 94.79 5.19 4.04
0 94.17 13.23 4
0 94.14 13.56 1.64
0 93.97 14.34 2.51
0 94.23 11.26 4.13
0 94.91 9.15 2.14
1.7 94.52 10.62 2.17
0.71 94.25 11.67 2.09
0 94.38 13.4 1.59
0 94.3 17.11 3.34
0 94.87 12.52 2.98
0 94.18 12.91 2.52
19.11 94.2 6.66 2.96
0.12 94.87 7.36 2.46
34.32 94.64 6.77 2.48
0.11 94.24 8.8 97.45
0 94.33 11.01 3.64
0 94.01 13.48 2.79
0.77 93.67 16.07 3.65
3.06 93.9 17.91 3.85
0.57 94.42 15.76 3.86
31.4 94.66 11.15 3.47
0 94.97 12.05 2.49
0 94.82 13.24 1.9
0 94.18 14.97 1.61
0 93.62 18.94 1.91
6.16 93.64 16.71 4.85
150.61 94.24 6.59 4.74
9.29 93.8 7.21 5.03
15.6 94.04 4.68 5.47
0.18 94.26 7.47 4.36
0.09 93.67 11.49 2.43
51.12 93.74 7.63 4.1
0.5 94.25 11.3 1.97
91.31 94.51 9.85 2.56
7.64 94.4 11.62 2.05
190.12 93.58 8.75 2.44
53.26 92.71 14.61 3.89
0 92.92 16.28 4.09
0.11 93.26 13.34 3.64
0 93.01 13.35 3.31
0.03 93.81 16.05 3.14
3.3 94.14 15.78 2.06
4.02 93.79 17.67 2.78
61.84 93.42 15.92 2.52
3.34 93.48 17.08 2.94
0.03 93.6 18.69 2.49
0 93.58 21.38 2.33
0.57 93.89 24.52 3.63
54.07 93.73 17.13 2.62
0.51 93.27 16.43 5.67
0 92.79 20.69 4.25
19.65 92.59 18.08 2.93
0.78 93 21.52 2.22
0 93.13 23.43 31.66
0.43 93.66 24.69 2.6
0 93.6 28.26 4.13
4.87 93.84 23.39 2.93
0.3 93.97 21.69 2.5
0 93.87 22.44 2.32
0.51 93.67 22.24 2.2
9.92 93.53 23.12 2.48
348.39 93.68 15.7 2.25
111.81 93.54 13.09 3.19
21.89 93.19 15.52 3.04
31.21 93.49 15.32 2.1
66.85 93.92 15.09 1.78
12.13 94.01 18.11 2.07
15.15 93.82 19.86 2.51
14.17 93.85 20.39 2.25
0.12 93.71 21.52 2.25
5.59 93.52 22.67 1.58
144.82 93.31 20.13 2.05
85.39 93.2 19.36 2
107.62 93.35 18.33 2.49
3.47 93.62 18.98 1.83
25.25 93.74 19.3 2.06
12.66 93.86 19.04 1.58
186.67 93.95 18.39 2.49
1.74 93.81 21.26 1.81
0.17 93.4 23.15 2.24
18.41 93.2 22.32 3.03
27.2 93.31 21.27 3.65
0.37 93.76 21.56 3.73
0.65 93.67 22.72 3.02
0 93.73 24.08 1.84
0 93.68 24.67 1.69
17.7 93.61 23.02 2.58
61.05 93.29 20.45 2.41
19.87 93.05 22.97 2.14
0.03 93.54 24.76 2.28
0.69 93.57 25.69 3.04
2.12 93.47 25.84 2.18
7.26 93.24 24.59 2.74
16.64 93.19 22.79 3.79
0 93.4 23.32 3.06
0 93.14 23.4 3.84
9.06 93.23 21.85 3.12
6.47 93.42 21.11 2.77
1.01 93.34 22.28 2.59
11.1 93.39 23.15 1.82
22.39 93.33 22.91 2.38
82.49 93.42 21.12 31.65
6.3 93.65 22.24 31.12
0.2 93.73 25.97 1.67
1.36 93.81 28.52 2.24
4.9 93.41 29.03 4.1
63.42 93.33 23.91 2.59
0.28 93.63 22.19 1.66
0 93.35 24.71 2.99
0.08 93.72 22.71 1.96
0 93.77 23.05 1.61
0.02 93.94 23.43 1.81
6.99 93.8 25.51 2.38
6.89 93.32 27.12 3.22
24.37 93.35 25.1 3.19
21.66 93.5 24.35 1.78
0 93.59 26.37 2.4
0 93.57 27.07 2.59
5.28 93.47 25.7 2.44
10.01 93.45 25.03 1.94
90.78 93.7 19.73 2.37
2.07 93.65 21.47 2
0 93.94 21.53 2.57
0 94.03 21.23 1.42
0.03 93.86 22.21 2.11
56.74 93.61 20.76 2.33
20.44 93.38 20.64 1.66
0.83 93.59 21.59 3.42
0.57 93.77 20.32 2.15
14.55 93.77 18.8 1.94
8.81 93.68 18.34 1.69
7.87 93.76 19.43 2.17
4.29 93.85 19.87 1.7
1.92 93.99 21.12 2.03
5.84 94.19 21.04 1.67
0.78 94.12 22.28 1.75
1.01 93.79 23.72 2.39
3.37 93.81 23.9 1.77
63.11 93.73 22.48 2.3
79.3 93.58 21.79 1.68
65.93 93.85 19.27 2.33
1.28 94.13 19.44 2.58
0 94.21 20.61 1.98
0 94.33 22.2 1.7
6.84 94.44 20.27 1.9
4.13 94.47 20.62 1.62
0.75 94.42 20.43 2.03
12.6 94.26 19.64 1.92
15.16 94.24 19 1.86
255.91 94.21 15.63 2.33
0.92 93.81 17.23 1.64
0 93.52 19.56 2.49
0 94.03 18.21 1.43
0 94.04 20.07 1.62
3.74 93.63 20.33 3.2
0.02 93.93 17.69 2.95
0 94.12 15.09 1.43
0.02 94.36 16.66 1.63
0.12 94.36 17.93 1.87
27.02 94.41 16.42 1.42
0.83 94.19 18.34 2.5
0.06 94.53 15.68 3.09
0 94.62 13.58 3.28
0 94.66 12.8 1.39
0 94.75 15.5 1.33
0 94.72 16.44 1.9
20.73 94.02 16.16 2.44
24.58 94.01 13.86 2.75
0.02 94.6 13.57 1.46
0.62 94.63 15.58 2.18
72.1 94.83 11.89 1.83
17.55 94.58 12.52 1.61
0 94.47 13.25 1.7
40.97 93.82 13.75 2.61
0.06 94.39 13.13 2.27
1.38 94.29 13.59 2.96
40.61 95.14 5.27 3.9
0.17 95.15 4.99 1.7
36.02 94.32 6.13 1.68
15.26 94.2 7.56 2.13
0 94.51 8.37 1.6
111.8 94.73 6.76 1.54
18.91 95.23 7.48 2.38
0 95 8.37 2.06
0 94.59 12.01 1.77
0 94.45 13.78 2.34
0 94.67 15.69 2.04
0 94.91 12.87 1.73
1.11 94.82 13.34 2.88
0.59 95.8 7.42 3.38
0 95.34 3.62 1.53
0 94.39 8.18 2.26
0 93.96 9.09 4.38
0 94.45 9.05 2.93
0 94.23 12.03 2.47
0 94.32 12.95 2.22
0 94 16.09 4.28
0 94.9 6.7 2.51
0 95.22 2.88 1.77
0 94.66 5.45 1.77
0 93.9 10.48 2.67
0 93.63 13 2.81
0 93.89 10.65 1.96
0 95.36 3.19 4.93
0 95.7 1.65 1.76
0 95.12 3.18 1.61
0.1 94.85 7.5 1.72
10.01 95.07 7.22 49
4.13 94.78 4.76 1.57
1233 94.43 5.96 3.54
1233.18 94.6 2.96 3.9
1232.99 94.36 6.26 2.69
1232.99 93.96 7.57 3.41
1233 94.38 5.18 3.35
1232.99 95.62 -1.58 2.91
1232.99 95.57 -2.37 1.58
1232.99 95.16 -0.06 1.83
1232.99 94.97 3.72 1.85
1232.99 94.66 3.27 1.59
1233 94.32 1.97 3.55
1233.22 94.76 -5.45 5.94
1232.99 94.74 -2.4 3.01
1232.99 95.09 -2.8 1.66
1232.99 95.2 -2.33 1.65
1233.22 95.07 -0.4 1.94
1232.99 95.39 -2.14 1.46
1232.99 95.3 -1.23 1.61
1232.99 94.59 1.03 3.02
1232.99 94.02 2.68 4.18
1232.99 94.57 0.02 2.66
1232.99 95.07 -2.88 2.11
1233.04 94.83 0.76 3
1232.99 95.25 -3.76 1.84
1232.99 94.3 -2.93 2.31
1232.99 93.84 96.57 5
1232.99 94.97 -4.24 1.99
1232.99 94.48 -2.6 1.5
1233.01 94.3 -0.81 2.2
1233.25 94.47 -2.4 5.54
0 95.03 -12.47 6.51
0 94.76 -11.77 3.79
0 94.51 -11.9 6.06
0 94.66 -11.48 4.76
0 94.77 -10.85 3.63
0 94.96 -10.56 1.77
1.41 95 -10.18 1.7
0 95.49 -10.95 1.68
0.07 95.33 -8.44 2.49
1.78 94.75 -5.74 4.72
0.13 95.15 -9.95 2.92
0.03 94.75 -10.69 4.07
0 94.9 -11.48 2.46
0 94.94 -9.72 1.8
0.38 94.92 -9.97 3.56
0 94.97 -13.16 3.5
0.01 95 -11.22 2.21
0 94.9 -8.16 2.77
0.28 94.69 -7.13 4.4
0 94.99 -11.05 3.74
0 94.62 -10.41 3.46
0 94.43 -3.75 2.38
0 94.5 -4.14 2.97
0 95.33 -5.74 3.69
0 95.56 -5.5 2.77
0 95.3 -8.75 1.28
0 94.9 -5.09 2.43
0 94.31 -5.66 2.08
0 93.67 -4.79 3.41
0.18 94.38 -7.36 382.51
0.06 95.11 -11.85 5.24
0.23 95.08 -11.88 2.84
0 95 -7.74 3.02
0 93.76 -2.73 3.66
0 94.03 -3.56 1.86
0.4 94.41 -3.89 5.13
0 94.92 -8.15 3.28
0 95.27 -9.76 1.59
0 95.17 -9.21 2.09
0 95.04 -5.96 2.47
0.06 94.62 -5.27 2.92
0 95.64 -8.35 2.26
0 95.73 -9.51 1.76
0 95.3 -6.57 1.82
0 95.49 -9.79 1.59
0.73 95.12 -10.41 1.73
3.24 95.13 -10.85 3.61
0 95.2 -9.74 2.05
1.57 94.11 -5.66 3.42
0.02 94.73 -9.13 1.83
0.09 94.68 -8.33 2.27
0.6 95.21 -8.68 1.96
0 94.64 -8.49 1.92
0 94.16 -4.6 3.4
0 95.02 -7.44 1.99
1 94.63 -5.26 1.38
4.12 95.28 -9.45 4.13
0 95.76 -12.79 2.88
0 95.58 -12.7 2
0.16 95.02 -9.44 3.66
0 95.64 -11.23 3.56
0 95.89 -9.98 1.73
0 95.7 -8.97 1.67
0 95.53 -8.32 1.65
0.17 95.44 -5.54 2.64
0.11 95.37 -7.31 3.41
0 95.23 -4.45 3.02
0 94.64 -2.13 3.09
0.06 95.46 -11.67 5.44
0 95.51 -12.09 3.64
0 94.8 -6.67 2.81
0 94.2 -3.94 2.36
0.01 94.23 -6.71 3.58
0 94.41 -6.86 2.19
0 94.01 -5.26 1.94
0 93.86 -1.94 2.3
0.01 94.52 -4.5 1.36
6.76 94.29 -1.84 2.69
0.01 94.92 -2.4 4.48
0 95.53 -4.25 2.3
0 94.96 -4.05 2.83
6.35 94.13 -0.44 3.34
19.12 93.64 -1.31 5.74
0.24 94.08 -6.64 6
0 94.35 -7.16 1.98
0 94 -7.08 2.01
0.34 94.49 -8.53 3.16
0 94.85 -9.78 3.65
0 95.46 -7.41 1.92
3.06 94.49 -2.85 4.95
0 94.21 -1.65 3.17
0.07 93.85 -3.73 2.6
0.18 94.51 -7.69 5.99
0 94.97 -6.89 2.63
0 94.68 -3.52 2.9
0 94.01 1.25 4.42
0 94.41 0.33 2.9
4.63 95 -4.28 3.32
0 95.76 -10.42 5.45
0 95.09 -4.78 3.42
0 94.73 -4.76 3.81
0 94.26 -3.72 2.95
0 101.33 91.55 96.9
0 94.31 0.15 3.66
0 93.98 5.09 3.98
0 93.95 4.98 3.22
0 94.69 2.22 2.34
0 93.94 6.2 3.13
0 94.23 5.64 3.82
0 94.34 4.75 2.69
0 94.31 5.24 4.22
0 95.23 1.37 4.14
0 95.41 2.56 2.78
0 95.57 3.48 1.63
0 95.32 7.46 2.68
0 95.12 12.29 4
0 94.3 13.35 4.93
0 93.96 11.85 3.84
0 94.03 10.27 3.07
0 93.6 13.91 4.01
3.55 94.63 5.91 2.87
0 94.68 4.34 1.81
193.9 93.21 1.98 2.25
1.02 93.98 3.17 2.12
6.02 93.91 4.39 1.85
0.27 94.47 2.47 4.8
0 95.54 -1.65 3.93
0 95.48 -0.56 3.23
0 94.7 4.08 2.75
0.05 94.47 6.93 2.91
0.06 94.69 7.11 1.89
13.25 94.91 6.14 3.59
169.04 95.55 -1.22 4.31
0.21 95.09 2.34 1.93
0 93.51 11.01 2.13
0.96 92.66 13.68 4.21
0.62 93.53 7.76 5.91
0 93.62 10.36 2.21
0.05 93.89 12.18 2.87
0.01 94.39 9.84 3.58
0.02 93.99 10.69 3.28
0.05 93.92 10.6 2.7
0 94.1 13.83 3.96
0 94.37 13.17 5.28
0 94.61 13.81 2.67
0 93.99 20.3 4.13
0 93.62 23.34 4.21
14.6 93.32 20.17 3.73
6.68 93.97 16.48 2.55
0 93.98 19.06 2.27
0 93.92 20.42 3.02
13.98 93.7 16.11 3.38
10.26 93.74 15.54 2.34
0 94.08 12 5.65
0 93.83 13.42 4.37
0 93.34 13.66 5.73
0 93.84 11.52 2.59
0.23 93.78 11.8 5.33
13.76 94.09 6.66 2.08
0 94.45 8.23 1.72
112.8 94.32 7.15 2.74
51.11 93.4 6.72 2.07
13.01 92.2 10.59 4.1
0.72 92.28 18.19 3.73
2.9 93.63 14.81 5.37
0.01 94.17 14.93 4.16
0 93.59 18.22 3.55
19.6 92.77 18.11 3.38
14.88 92.97 13.58 5.65
3.23 93.38 12.36 5.6
0 94.2 17.86 4.16
0 93.84 21.03 3.22
0 93.69 21.75 2.48
0.59 93.61 21.97 2.24
0.11 93.43 24.72 3.1
0.44 93.34 25.49 3.76
5.66 93.54 22.75 2.35
0.27 93.52 22.3 3.04
5.93 93.14 23.62 3.63
0.36 93.52 20.47 3.79
0 93.56 19.26 2.33
0 92.71 24.43 6.3
3.52 93.28 21.63 3.23
1.58 93.84 18.49 4.2
0 94.03 20.85 2.78
63.11 93.23 17.69 3.32
27.92 92.74 18.73 2.53
28.3 93.26 18.09 2.36
0.16 93.55 19.38 3.57
4.28 93.33 19.08 2.59
3.84 93.32 18.76 2.1
81.07 93.05 16.66 2.51
146.75 92.61 14.95 2.06
70.95 92.7 15.82 1.61
64.29 93.61 16.91 2.25
1.34 93.85 20.25 2.05
6.86 93.67 21.82 2.07
0.17 93.38 22.88 1.89
102.67 93.45 18.98 2.91
8.02 93.59 17.81 3.84
82.55 94.07 16.27 2.65
0.03 94.15 21.18 2.32
0 93.75 23.17 1.65
9.36 93.46 23.99 2.54
0.52 93.6 23.59 2.36
48.79 93.4 23.34 2.74
19.36 93.15 21.38 2.15
54.71 93.14 20.81 2.25
1.03 93.55 21.93 1.56
18.06 93.6 23.49 2.15
170.64 93.79 17.32 2.07
32.64 93.17 17.87 1.83
29.75 92.77 18.5 3.29
8.16 93.33 16.17 3.35
0.06 93.89 18.03 1.98
47.19 93.84 19.38 1.96
7.23 93.97 20.08 1.6
0 93.93 22.3 2.07
0.5 93.79 23.94 2.1
11.22 93.95 24.77 2.02
0.62 94.17 25.84 2.44
16.51 94.01 23.74 2.6
1.86 93.74 24.79 1.74
0.7 93.28 26.06 2.34
0.27 93.12 25.91 2.94
13.55 93.42 25.84 2.43
31.67 93.85 22.93 2.49
41.51 94.05 19.99 2.03
20.51 93.86 21.04 1.7
101.42 93.67 21.73 1.78
40.99 93.78 22.04 2.1
21.46 93.7 22.86 2.36
30.44 93.46 23.28 1.98
76.91 93.46 22.28 1.71
9.61 93.46 22.17 1.37
13.19 93.28 22.27 1.64
4.02 93.08 23.62 2.06
3.32 93.48 24.37 2.36
19.07 93.56 24.22 1.79
28.04 93.31 23.75 2.2
118.13 93.33 22.88 2.28
196.78 93.72 20.51 2.39
4.99 93.92 21.88 1.63
3.12 93.7 22.89 1.93
27.57 93.2 24.66 3.18
0.1 93.2 22.32 2.16
2.01 93.08 24.12 2.53
4.14 93.23 25.02 3.16
27.97 93.62 23.63 1.89
15.78 94.17 22.19 2.36
26.4 94.22 22.43 1.56
6.7 94.15 23.28 2.38
0 94.18 23.33 2.15
0 94 23.59 1.5
0 93.83 24.03 1.58
0 93.49 25.11 1.76
0.92 93.32 24.83 2.45
0.03 93.61 23 2.4
0 93.65 22.98 1.63
0.76 100.3 116.3 96.07
51.83 100.64 116.59 96.22
93.21 94.07 19.54 1.91
20.84 93.82 18.83 2.13
10.25 93.64 19.7 2.38
41.58 93.75 19.34 1.86
11.69 94.07 19.86 1.9
32.74 94.3 19.15 2
12.12 94.24 19.58 2.04
69.26 94.11 19.15 2.14
0.13 94.03 20.02 2.39
22.88 93.88 19.45 1.85
4.87 94.02 18.22 1.37
22.85 94.16 18.32 1.51
139.71 94.35 17.43 1.54
106.04 94.42 17.71 2.27
2.06 94.39 20.11 2.36
0.17 94.54 18.84 1.91
15.2 94.34 17.66 1.61
59.6 94.21 16.36 2.21
0.02 94.33 16.85 1.77
0 94.2 19.13 1.47
7.6 94.36 19.9 2.46
24.86 95.07 15.32 2.02
2.5 94.95 13.99 1.69
60.72 94.41 12.89 1.76
6.51 94.34 13.92 2.55
0 94.26 19.08 2.38
0 94.57 19.02 2.43
0 94.66 18.62 2.58
0 94.51 19.09 2.4
13.19 94.54 19.42 1.56
18.61 94.63 18.29 2.22
0.01 94.71 15.81 2.06
4.05 94.15 15.79 2.2
14.99 93.96 17.98 2.12
57.92 93.77 16.74 2.69
24.05 93.95 13.14 2.11
40.32 93.85 14.18 1.88
8.83 93.87 14.63 3.13
0 94.11 13.17 2.19
0 94.35 14.67 2.47
0.15 95.15 12.74 1.58
4.13 95.58 10.61 2.06
6.48 94.41 14.73 3.1
39.38 93.77 10.41 5.48
0.09 93.66 12.79 4.77
0 94.64 10.56 1.79
0 94.94 13.2 2.27
0 94.44 17.07 3.46
0 94.36 16.93 2
0 94.14 17.27 3.26
0 94.47 9.1 3.88
0.71 93.8 5 3.21
4.85 93.99 5.04 5.33
4.1 94.33 9.4 4.83
0 94.68 11.58 2.33
0 94.75 12.48 1.8
0 94.5 13.06 1.57
0 94.44 13.43 1.55
0 94.44 14.91 2.51
3.63 94.63 12 3.28
0 95.34 5.09 2.57
0 94.23 9.43 2.74
33.2 94.83 4.17 1.66
11.58 95.13 4.37 1.91
1.34 98.91 65.1 30.23
0 98.41 65.96 30.25
0 95.41 6.24 2.33
0 95.27 4 1.74
5.05 94.03 6.88 5.7
0 94.14 3 3.78
0 94.72 0.91 3.48
0 95.05 -0.59 3.89
0 95.48 -0.08 2.95
0 95.51 2.64 1.51
0 94.88 5.24 1.76
0 94.7 5.51 1.29
0 94.59 8.73 3.81
0 94.84 9.39 3.23
0.31 96 0.29 3.55
51.6 96.06 -4.22 2.44
31.65 95.68 -4.24 2.91
11.1 95.17 -3.78 1.72
0.47 95.18 -3.58 1.29
0 95.31 -3.79 1.39
0 95.48 -2.5 1.47
0.06 95.31 0.38 1.35
0.02 94.6 2.32 2.07
0 93.99 4.98 2.58
0.39 94.89 1.46 2.32
9.26 94.69 -3.53 2.63
0 95.4 -6.08 2.16
11.59 95.26 -7.49 2.22
9.21 95.27 -8.92 1.95
5.7 95.25 -9.8 1.89
3.92 95.74 -10.45 1.53
14.59 96.21 -12.42 2.37
11.51 96.28 -13.44 2.79
0.13 96.14 -15.95 1.85
0.02 95.31 -15.25 2.8
0 95.22 -14.96 2.59
0.11 94.71 -12.12 1.37
0.42 95.15 -10.77 1.44
5.78 94.9 -6.15 2.39
0 94.76 -8.45 1.65
0.77 94.08 -4.71 1.96
0.21 93.9 -6.49 4.92
0.48 94.26 -8.2 5.77
0 94.58 -5.41 4.17
0 95.24 -5.65 2.3
0 95.39 -8.84 1.58
0 95.53 -10.08 1
0 95.08 -3.78 2.19
0.85 94.75 -0.5 2.59
0.01 95.1 -2.51 3.46
0 95.37 -7.88 1.54
0 95.04 -6.98 1.45
0 95.16 -7.33 1.11
4.31 94.45 -5.63 3.16
0.06 94.54 -7.15 4.69
0.09 95.14 -9.45 5.39
0 95.15 -8 3.03
0 95.65 -6.3 1.94
0 95.59 -6.75 1.48
0 94.73 -3.94 2.19
0 94.98 -6.21 1.7
0 95.05 -8.59 1.79
0 94.99 -6.35 2.2
0 95.06 -10.4 2.44
0.01 94.01 -8.03 2.83
0 95.11 -13.73 3.66
0 95.79 -15.5 1.85
0 95.54 -8.78 2.14
0.42 95.13 -6.61 1.58
2.57 95.4 -8.17 1.3
0 95.34 -8.94 2.08
0 94.51 -3.51 2.39
0.01 94.55 -6.89 1.42
3.28 94.73 -8.97 2.03
0 95.16 -11.49 3.82
0 94.96 -12.61 2.77
0 95.29 -10.42 3.31
0 95.11 -10.43 3.39
0 94.92 -11.22 2.94
0 94.68 -10.85 2.32
0 95.42 -13.15 3.17
0 95.67 -13.88 2.76
0 95.14 -13.16 3.24
0.14 94.49 -12.13 4.08
0.2 94.22 -11.92 2.53
0 94.3 -12.43 1.74
18.69 94.94 -16.3 2.31
1.69 94.91 -19.89 2.51
0 94.54 -19.69 4.13
0 95.14 -19.33 1.64
0 95.64 -18.96 1.45
0.59 95.6 -18.37 2.09
0.55 96.1 -21.78 3.42
0 96 -24.43 4.96
0 95.54 -15.76 4.57
0 94.94 -10.81 3.34
0 94.8 -12.33 3.71
0 94.86 -10.58 3.64
0 95.44 -14.07 1.8
0 95.87 -17.09 1.68
0 95.64 -17.35 2.35
0 95.7 -13.82 3.14
0 95.59 -11.48 2.75
0 95.24 -9.76 2.15
0 95.02 -9.18 2.65
0 95.22 -9.52 3.44
0 95.16 -9.5 3.52
0 95.06 -7.83 2.7
0 94.17 -8.01 2.9
0.01 93.82 -5.11 3.31
0 94.45 -3.53 2.75
0 94.1 0.46 2.63
0.04 94.01 0.64 2.3
2.79 94.38 -0.84 3.4
25.45 95.11 -9.15 5.79
0 95.1 -13.05 5.38
0 94.45 -9.8 4.24
0 94.35 -5.54 4.22
0 94.26 -2.75 3.93
0 94.29 -4.86 3.72
0.24 95.11 -7.94 3.61
0 95.06 -10.12 3.78
0 94.88 -10.67 2.32
0.01 95.07 -8.16 3.24
0 95.93 -11.34 2.54
0 95.54 -9.86 2.55
0 95.47 -9.36 3.09
0.14 94.8 -7.48 2.92
0.04 94.92 -8.01 2.02
0.22 95.23 -8.89 4.2
0.12 95.42 -9.29 3.21
0.06 94.52 -1.6 2.81
0 94.18 0.81 2.26
0 94.16 -0.03 2.57
0.23 94.53 -1.42 1.51
14.82 94.32 -0.26 4.23
0.06 94.34 -2.05 2.63
4.76 94.63 -5.42 4.24
0 95.36 -8.58 4.43
0 95.45 -8.38 3.76
0.12 95.22 -7.48 3.46
0 94.69 -5.91 2.13
0 94.07 -1.61 4.08
0 94.84 -2.55 2.81
0 94.65 1.09 2.74
0 94.09 4.45 2.73
0 93.96 7.89 3.14
0 93.52 9.97 5.18
0 94.05 6.49 4.55
0 94.91 3.32 1.91
0 95.14 5.23 1.89
0 94.79 8 2.89
0 95.16 4.57 4.35
0.01 95.7 1.44 4.74
0 95.7 1.41 3.32
0 95.38 2.74 3.06
0 95 7.21 3.2
0 94.39 8.82 2.55
0 93.78 10.3 3.73
0.24 94.24 6.55 3.53
0 94.16 8.61 3.37
0 93.22 15.28 4.63
10.24 93.54 9.23 5.18
0.41 94.58 5.27 4.49
0 94.56 7.6 3.59
0 93.78 10 3.53
0.11 94.08 9.38 2.33
0.58 93.43 12.04 4.84
0 93.85 9.09 4.99
0 93.74 11.22 5.88
0 94.06 6.54 2.93
0 94.68 4.48 3.23
0 94.11 6.8 4.46
11.58 93.31 8.92 2.54
0.22 93.06 10.24 5.21
0 94.15 10.68 3.05
0.43 93.64 15.16 4.97
7.21 93.65 10.06 4.44
3.38 93.63 5.7 4.09
2.68 93.92 6.12 2.49
1.5 94.18 7.99 3.37
0.02 93.87 13.83 2.98
0 93.08 14.67 6.02
0 93.6 9.78 6.12
0 94.12 10.4 3
0 93.58 13.92 4.69
1.03 94.44 9.72 3.31
34.31 94.67 7.48 2.05
1.93 94.27 11.57 1.86
0 94.41 12.15 2.33
28.84 93.57 12.8 2.74
0.04 93.21 16.58 2.74
29.04 92.94 20.36 4.12
150.11 93.75 10.84 2.24
34.56 92.93 11.67 4.93
0 93.36 15.64 3.18
9.47 93.29 15.37 5.17
0.02 93.66 12.27 6.3
0 94.39 14.98 2.63
0 93.83 18.47 4.33
1.2 94.05 16.43 2.57
0 93.71 17.03 2.35
1.68 92.88 19.51 4
114.26 93.66 11.02 4.82
0 94.43 15.05 4.13
26.89 94.08 12.24 4.17
0.76 93.96 12.45 3.57
0 93.44 18.05 3.19
0 93.55 22.81 3.62
0 93.78 24.78 4.36
0 94.02 23.08 3.53
0 94.18 22.69 3.7
0.12 94.97 18.71 3.85
0.06 94.87 17.6 2.46
42.83 93.97 14.49 1.86
26.41 92.89 14.87 4.62
5.64 93.17 18.05 3.29
0.85 93.67 18.06 4.65
0 93.56 21.91 4.67
0.11 93.2 24.09 4.35
0 93.59 18.54 4.44
0 93.32 21.68 4.5
8.83 94.1 17.33 1.95
0 94.16 19.82 1.37
0 93.77 22.99 2.39
0.01 93.43 24.3 3.15
0.12 93.6 22.88 2.86
0.21 93.83 23.25 2.18
25.04 94.03 18.92 3.36
3.23 94.05 18.68 2
0.11 93.8 21.32 2.5
26.57 93.45 20.43 3.86
75.08 93.21 19.86 4.23
38.81 93.75 17.56 2.45
9.27 93.64 18.97 2.06
3.94 93.3 19.51 2.11
76.32 93.2 15.91 2.23
10.72 93.23 18.61 2.01
3.37 92.82 19.84 2.26
45.38 92.89 20.14 2.03
4.05 93.44 19.94 2.98
0.01 93.52 23.07 2.51
26.1 93.16 24.69 2.85
30.14 93.19 23.46 2.32
20.78 93.23 22.27 2.18
11.26 93.52 20.79 3.17
3.04 93.55 20.69 3.82
0 93.71 24.08 3.12
0 93.64 24.46 2.04
28.16 93.35 23.04 2.65
48.94 93.42 18.93 2.93
99.1 93.3 20.2 2.15
59.82 93.39 19.84 2.04
0 93.54 20.27 1.8
0.6 93.48 21.86 1.65
0 93.58 25.24 2.73
0 93.74 25.1 2.98
3.36 93.97 25.34 1.93
0 94.06 26.64 1.69
0 93.97 27.48 2.73
0 93.72 27.05 2.54
0 93.51 28.07 1.85
0 93.26 29.12 2.41
9.64 92.95 29.12 3.1
114.99 93.28 21.72 1.94
0.71 93.59 24.24 2.42
1.75 93.94 22.07 2.67
8.36 93.61 19.52 2.18
4.06 93.48 18.81 2.15
3.43 93.73 21.51 1.61
0.17 93.71 23.66 2.12
9.72 93.76 24.19 2.62
146.6 93.91 21.43 2.27
720.95 93.48 20.41 2.66
41.51 93.19 23.13 1.77
11.26 93.06 26.63 2.7
0.34 93.63 25.19 2.19
400.57 93.66 19.95 2.58
1.8 93.5 22.26 1.61
2.68 93.29 24.03 2.38
50.16 93.28 23.01 2.1
14.6 93.64 22.99 1.7
107.76 93.89 23.34 2.16
59.9 94.05 21.81 1.66
13.14 94.15 22.66 1.93
0.18 94.14 24.46 1.66
0 94.07 26.18 1.44
0 94 27.16 1.75
0 93.89 27.07 2.06
362.83 93.65 24.84 1.83
121.14 94.04 23.19 2.35
0 94.12 21.95 1.35
0 93.72 23.97 2.27
0 93.5 27.01 3.13
1.06 93.52 29 3.04
11.49 93.65 25.07 2.23
0 93.61 24.06 1.8
0 93.88 23.51 1.8
6.47 93.78 23.08 1.56
90.66 93.62 21.44 1.88
6.27 93.49 22.37 1.37
207.68 93.46 20.03 1.75
8.75 93.89 20.98 2.07
23.61 94 21.56 1.84
1.62 94.15 22.32 1.89
1.16 94.22 22.85 1.61
16.69 93.71 20.88 1.59
28.11 93.57 22.63 2.3
143.74 94.34 17.33 3.86
0 94.58 17.56 2.08
8.2 94.24 17.46 1.98
1.63 94.22 18.47 1.99
0 94.39 17.69 1.96
0 93.83 17.41 1.82
13.54 92.8 16.34 4.42
20.29 92.62 15.46 2.96
4.89 93.25 18.83 1.5
12.62 93.77 18.28 1.22
114.62 94.01 17.51 1.55
35.57 93.96 16.97 1.39
16.18 93.83 18.61 1.45
1.75 93.57 18.74 1.65
8.38 93.66 17.45 1.67
45 93.98 16.05 1.86
21.51 94.13 15.57 1.68
66.84 94.48 14.82 2.22
14.44 94.72 15.46 1.45
3 94.64 16.85 1.29
50.48 94.45 18.16 1.7
0.02 94.35 18.8 1.7
3.82 94.46 17.55 2.2
1.95 94.87 15.19 1.85
35.97 95.02 13.04 2.18
0.21 95.04 13.24 2.37
0 94.87 13.53 1.44
0.84 94.62 14.44 2.1
16.85 94.27 16.04 2.07
2.96 93.99 17.76 1.8
1.69 93.71 19.85 3.52
0.1 94.42 16.36 2.11
12.97 94.18 16.5 2.04
3.76 94.98 10.81 4.76
0 95.36 7.55 2.13
0.14 94.54 9.4 2.15
0.12 94.2 15.05 2.23
12.05 94.04 18.5 3.49
1.38 94.1 15.37 2.3
1.33 94.13 14.14 3.4
119.46 94.68 6.63 2.16
8.88 94.74 5.43 1.86
0.88 95.27 7.75 1.51
56.61 94.39 10.29 3.04
0.79 94.66 5.26 4.75
0 94.85 4.4 1.78
0.64 94.47 5.18 1.71
0 95.01 5.13 31.65
0.39 94.96 6.91 1.45
0 94.58 11.09 1.42
0 94.66 12.5 1.61
0.14 94.79 14.56 2.64
2.72 94.27 14.15 4.29
0 94.77 9.13 2.33
0 94.51 11.55 1.9
0 94.41 11.68 2.39
1.84 95.29 3.61 2.58
44.92 94.67 4.62 1.88
36.28 95.36 1.74 2.59
0 94.96 2.15 1.56
0 94.33 3.28 1.56
0 93.97 7.76 3.6
0 95.13 2.17 1.99
12.53 95.15 2.21 1.45
5 95.36 1.35 3.25
0.36 95.4 -0.24 2.53
4.72 95.14 -1.3 3.49
0 95.91 -5.51 3.25
0 95.52 -3.34 2.5
0 94.84 0.54 3.3
0 94.3 1.61 1.76
0 93.43 3.28 1.6
0 94.49 0.94 2.46
0.32 95.23 -1.63 2.07
4.17 95.5 -2.34 3.31
0 95.84 -4.6 1.9
0 95.18 -2.62 2.13
1.78 93.76 1.67 3.59
3.56 94 -2.23 1.9
0.46 94.52 -2.22 1.5
0 93.97 3.74 3.61
0 94.72 0.28 5.33
0 94.91 -3.89 1.97
0 94.71 -0.85 2.38
0 94.58 -1.46 2.31
0.19 94.11 -0.83 2.61
4.05 94.6 -5.26 2.16
22.66 95.1 -8 1.98
41.93 95.46 -10.21 2.77
0 95.81 -11.72 3.15
0 95.48 -10.77 2.91
0 94.99 -8.39 2.82
0 94.65 -6.02 2.16
0 94.2 -3.07 3.61
0 95.03 -6.77 3.08
0 95.45 -4.66 1.96
0.06 95.69 -5.86 1.8
3.34 94.57 -1.77 3.85
0 95.32 -3.87 4.1
0 95.04 0.39 2.91
0 94.3 2.89 3.27
0 94.47 -1.97 3.05
0.61 95.05 -6.44 3.66
0 94.49 -6.23 2.9
0 94.7 -7.02 2.55
6.66 94.15 -4.76 3.55
0 95.07 -8.03 2.29
0 95.21 -8.78 1.58
0 94.57 -6.56 2.46
7.01 94.98 -4.32 2.9
0 95.58 -9.86 3.39
0 95.48 -10.76 2.15
0.01 95.48 -9.59 3.14
0 94.67 -4.78 2.68
0 94.67 -5.35 1.23
0 94.83 -4.77 1.17
0 94.89 -4 1.34
0.02 95.21 -3.53 1.47
0.16 95.28 -5.73 2.51
6.15 94.94 -10.1 3.49
0 95.3 -11.44 2.26
0 95.16 -11.18 1.34
0.06 95.01 -6.26 3.81
0.38 95.68 -10.27 3.81
0 95.51 -11.99 2.17
0 95.22 -10.21 4.34
0 95.43 -9.41 2.99
0 94.96 -8.25 1.82
0 94.84 -7.16 1.75
0 94.64 -3.11 3.66
0 94.82 -5.33 2.27
0 94.49 -2.55 3.16
0 95.11 -6.24 1.47
0 95.39 -7.89 1.5
0 94.94 -4.05 1.68
8.64 94.99 -4.35 1.44
7.59 94.59 -5.47 2.29
0.03 94.7 -8.53 3.48
0 94.93 -11.23 4.04
0 94.69 -11.18 2.95
0.02 94.45 -12.17 2.9
0 94.61 -11.23 4.89
0 95.51 -12.33 2.21
0.08 95.47 -14.13 1.33
0.03 95.38 -13.56 1.44
0.19 95.18 -11.78 2.21
0 95.5 -12.25 1.83
11.63 95.21 -13.25 2.76
0 95.23 -13.97 2.29
0 94.9 -13.3 4.46
0 95.56 -14.44 2.67
0 95.68 -14.73 1.67
0 95.79 -13.2 1.32
0 95.16 -8.14 1.75
0.09 94.48 -4.6 4.99
0 94.95 -7.27 3.63
0 94.45 -8.94 2.54
0.25 95.32 -12.27 4
0 95.57 -10.66 3.49
0 95.03 -8.77 3.17
0 95.74 -8.68 3.61
0 95.16 -5.74 2.32
0 94.59 -4.41 1.73
0.3 94.27 -1.94 2.53
0 94.65 -6.85 3.51
0.01 95.54 -7.34 2.49
0.01 95.49 -8.13 1.25
0.05 95.3 -9.32 5.68
0.02 94.85 -10.47 6.03
0 95.02 -9.87 4.89
0 95.12 -7.59 3.16
0 95.09 -6.93 1.8
0 95.59 -5.45 1.55
0 95.41 -4.12 1.88
0 94.24 1.93 3.5
1.19 94.65 -4.24 4.59
0 95.18 -7.4 3.29
0 94.57 -5.84 2.66
0 93.58 -3.62 5.12
0 95.32 -7.73 4.03
9.27 95.05 -6.94 2.67
6.55 94.5 -4.56 4.4
0 94.98 -5.37 3.75
0 94.71 -2.6 3.68
0 94.67 -1.23 3.12
0 94.86 -1.22 1.68
0 94.51 1.11 3.05
0 94.51 -0.41 3.02
0.14 94.88 -5.33 3.57
0 94.07 -0.74 2.83
0 94.19 -0.81 1.7
0.03 94.41 -4.27 2.43
0.23 94.8 -5.98 3.54
0.07 94.56 -8.04 4.18
0 94.58 -5.73 4.99
0 94.12 -0.99 4.03
0 93.92 0.34 3.04
0 94.12 2.74 2.02
0 94.42 3.5 3.27
0 95.22 -1.1 4.67
0 95.23 0.39 2.91
0 95.18 0.93 2
0 94.89 2.54 1.7
0 94.55 2.77 1.8
1.47 94.44 3.44 1.84
0 94.97 4.5 1.88
0.16 95.07 3.9 2.06
0.64 95.14 1.28 3.38
0 94.93 1.39 2.06
0 94.71 2.52 2.12
0.73 95.08 1.12 1.48
5.38 94.75 0.92 1.41
1.27 94.62 2.54 2.93
0.56 94.55 1.15 2.13
0 94.73 2.26 2.4
0 94.48 5.14 2.77
0 94.45 8.41 3.64
0.11 95.27 3.45 2.71
0 95.05 3.8 1.91
0 94.45 5.52 1.74
0 94.48 8.94 2.11
0 94.37 12.02 2.96
0 94.03 16.47 3.93
0.37 93.76 14.72 3.64
2.03 93.91 10.68 3.82
1.03 93.96 9.36 2.66
0 94.74 8.07 3.32
0 94.67 8.44 2.14
0 93.69 12.78 4.03
0 94.28 7.14 4.06
0 94.18 6.35 2.5
0 93.5 12.31 4.36
0 93.15 14.81 2.96
0 93.6 15.78 3.35
0.31 93.92 13.53 3.23
1.97 92.84 13.48 5.1
0.76 93.04 7 5.91
3.98 93.35 7.48 3.19
5.77 93.77 8.54 3.17
0 94.18 9.65 2.24
0.03 93.51 12.52 5.07
0 93.75 9.09 2.99
0 94.09 8.13 3.47
0.01 94.73 8.16 3.81
0 94.76 10.08 4.75
0 93.97 14.46 4.42
0 93.44 16.48 3.3
0 93.11 20.11 4.42
0 93.96 16.09 2.38
0 94.26 17.57 2.55
0 94.18 21.37 3.96
2.39 94.09 18.99 5.72
7.67 94.08 14.53 3.79
12.44 93.77 9.24 6.16
0 94.04 9.93 6.32
0 93.91 18.04 4.29
0 93.62 19.98 2.48
0 93.3 20.71 4.14
0.18 93.39 18.85 3.24
0.02 93.54 14.28 5.1
0 93.36 12.15 4.82
1.65 93.63 11.69 4.54
0.17 94.34 13.46 4.77
0 94.28 16.14 2.3
0 93.49 20.08 1.76
0 93.31 23.68 2.1
0 93.3 28.8 3.87
2.34 93.71 25.94 3.45
1.18 93.99 22.86 2.81
8.05 94.34 14.26 3.66
194.95 94.41 9.26 2.18
0.12 94.18 16.21 2.34
0.01 93.79 19.07 2.22
0.07 94.29 15.2 2.97
0 93.81 19.13 2.52
0 93.42 21.7 2.91
0 93.78 21.71 4.32
17.09 94.01 17.44 2.73
0.57 93.5 19.92 3.04
6.38 93.08 19.93 3.02
0 93.57 17.26 3.52
108.79 93.85 11.32 1.98
0 93.96 15.66 2.34
0 93.98 19.49 2.22
0 94.09 21.4 2.2
22.71 93.77 15.52 2.41
0.89 93.54 18.54 2.89
0.26 93.45 20.98 3.73
0 93.56 20.11 3.56
0 93.89 18.55 2.02
3.84 94.04 18 1.96
23.65 94.34 18.24 1.77
0 94.35 20.48 2.03
0 93.96 26.58 2.41
0.21 93.67 26.8 1.55
0.6 93.51 25.92 2.86
15.55 93.4 23.11 2.18
38.76 93.4 20.41 2.51
54.27 93.31 18.98 1.69
5.19 93.37 19.76 2.58
0.36 93.55 20.82 2.24
71.53 93.9 18.31 1.66
93.53 93.79 17.05 1.64
3.46 93.53 19.29 1.46
3.1 93.51 22.13 1.51
0 93.68 24.01 1.68
18.56 93.53 25.11 2.96
20.7 93.54 26.4 2.96
0.16 93.43 27.24 2.73
9.65 93.36 26.87 2.42
26.02 93.24 26.88 2.17
17.68 93.42 25.08 2.46
0.74 93.53 25.48 2.17
27.95 93.68 23.68 1.79
34.84 93.83 22.45 1.6
39.14 93.58 23.77 2.54
551.75 92.8 22.29 2.36
27.33 92.72 24.06 2.67
27.67 92.89 24.24 2.76
0.44 92.9 23.76 1.96
0 93.14 24.85 1.85
0.42 93.22 27.9 2.35
75.9 93.02 27.24 3.04
15.47 93.47 24.75 1.93
9.95 93.77 25.93 1.69
0 93.9 27.01 1.74
0 93.8 28.68 1.87
0.01 93.52 29.01 2.73
21.42 93.34 26.46 2.67
81.63 93.36 21.5 2.37
29.85 94.07 21 1.96
26.07 94.03 21.26 1.52
2.79 93.57 23.7 1.22
0.7 93.72 23.66 1.64
0.38 93.91 23.53 1.99
31.53 93.52 22.21 2.51
1.02 93.8 22.58 2.47
0 94.28 22.73 1.53
0 93.82 23.26 1.64
73.13 93.43 23.2 2.8
0.05 93.59 25.06 1.87
1.39 93.64 26.21 2.28
39.17 93.42 24.62 1.92
578.37 92.89 22.85 1.8
24.06 93.27 23.75 1.49
97.98 93.32 23.74 2.24
41.74 93.18 21.86 1.83
1.54 93.22 23.49 2.22
18.39 93.09 22.17 1.47
40.51 92.89 20.32 1.47
11.01 92.98 22.71 1.45
35.57 93.37 23.27 2.38
57.97 93.73 22.06 1.93
0.88 93.89 22.87 1.77
15.85 93.84 21.9 1.63
50.75 93.77 21.09 1.61
253.6 93.85 19.17 2.18
51.42 94 20.23 1.89
43.22 94.13 21.04 1.82
21.03 94.14 21.46 1.91
22.51 93.75 22.01 1.79
1.42 93.52 25.13 1.93
21.02 93.99 22.05 1.91
280.17 93.89 18.87 1.91
0.02 93.87 19.46 3.83
0 93.95 17.68 3.69
0 94.24 18.81 2.23
14.13 93.95 16.9 2.61
3.78 94.45 15.26 3
0 94.53 13.95 2.06
0 94.28 16.24 2.22
0.5 94.28 16.59 1.65
1.5 94.11 19.4 1.77
17.31 94.13 18.92 1.96
12.28 94.01 19.26 2.41
2.74 93.85 20.53 2.53
0.06 93.78 19.47 3.69
0 93.69 18.59 1.79
0 93.47 20.91 2.1
1.41 94.04 17.64 2.64
8.81 94.06 17.79 2.11
67.56 93.94 16.58 1.67
0.02 94.21 15.74 2.15
0 94.59 14.99 1.77
0 94.82 15.58 1.69
6.55 94.77 17.38 2.25
11.26 94.56 17.89 1.98
0.59 94.16 18.52 2.58
0.01 93.99 16.83 2.44
0 93.44 18.8 2.15
0.3 93.92 14.71 3.03
0 94.25 14.71 1.56
2.22 93.56 18.76 3.08
8.83 93.62 16.35 3.82
0 93.75 17.67 3.77
0.09 94.13 17.04 2.48
15.24 94.05 15.52 2.35
23.49 94.39 12.56 2.14
0.04 94.32 9.3 2.32
0 94.21 8.23 3.48
0 94.04 9.44 2.64
0 94.12 12.89 2.41
0.27 94.37 13.98 3.8
0 95.1 8.42 2.46
0 95.43 7.11 1.99
0 95.14 9.19 2.46
0 94.45 14.09 3.54
0 94.23 14.94 2.89
0 94.6 13.43 1.98
10 94.9 11.61 1.65
70.43 95.56 8.31 3.31
23.24 95.56 4.56 2.53
1.54 95.32 4.47 2.95
1.04 94.92 3.95 2.18
0 94.82 5.35 3.09
0.01 95.38 4.01 1.23
21.84 95.43 6.31 1.89
0.05 95.77 4.77 1.85
0 95.57 5.01 1.69
5.59 94.9 7.89 1.58
0.23 94.73 8.39 1.4
0 94.41 10.86 2.59
0.02 95.14 6.39 1.61
9.98 95.22 3.69 1.63
0.14 95.22 4.7 1.55
0 95 6.74 1.83
0 95.1 7.16 1.46
0 94.47 9.66 1.56
0.04 94.3 10.51 1.93
0 95.21 5.76 4.76
0 95.7 1.41 3.67
0 95.13 4.83 2.37
0 94.24 7.98 3.05
