1.17 94.56 -16.28 1.41
0.05 95.24 -17.35 1.69
24.4 95.05 -18.89 1.62
6.89 95.36 -19.06 3.39
0 95.67 -20.65 2.06
0.01 95.85 -20.96 2.17
0.09 95.95 -18.73 1.52
20.45 95.3 -17.17 1.09
5.25 95.52 -16.65 1.53
0 95.8 -16.67 1.59
0 95.8 -16.85 3.01
0 95.24 -19.56 3.44
0 95.26 -17.33 3.41
1.62 95.04 -16.03 1.57
0 96.12 -15.76 1.55
0 95.7 -14.45 1.13
0 95.39 -10.99 1.39
0.01 95.29 -7 1.36
0 94.79 -0.67 2.8
0.22 95.97 -10 4.6
0 95.92 -14.05 3.55
0 95.65 -12.43 4.75
0 95.13 -9.07 3.93
0 94.55 -9.68 4.42
0 95.52 -10.2 3.79
0 98.81 -6.21 2.88
1.48 94.42 -4.86 2.48
0.03 95.07 -11.41 4.14
0 94.66 -6.3 4.64
0 94.68 -6.13 1.99
0 95.24 -9.24 1.77
0.75 95.37 -11.42 2.08
0 95.41 -14.87 2.41
0 95.36 -13.79 2.51
0 95.33 -14.12 2.32
0 95.64 -14.22 1.51
0.03 95.52 -12.19 2.26
5.54 94.63 -4.69 2.51
0 94.72 -5.58 1.79
0 95.31 -7.71 2.47
0 95.91 -11.02 3.07
0 96.31 -12.46 3.31
0 96.05 -12.41 2.03
0.1 95.42 -10.88 2.2
0 95.85 -11.36 2.72
0 96.01 -13.22 1.94
0 95.55 -11.43 1.74
0.02 95.15 -9.54 3.2
0 94.95 -9.16 2.61
0 94.41 -5.02 1.85
0 94.25 -6.59 1.81
0 94.4 -5.76 1.86
0 94.43 -4.39 2.55
0 93.42 0.7 1.98
2.88 93.74 -2.35 1.85
0 94.77 -5.62 2.12
0.63 94.96 -4.73 1.88
7.01 94.62 -5.96 1.99
1.69 95.25 -7.96 2.35
0.25 94.94 -8 2.09
1.19 94.74 -4.08 3.58
0 94.81 -2.87 2.75
40.99 94.37 -2.57 2.73
2.08 95.48 -10.14 3.51
0 96.13 -12.1 1.75
0.03 96.37 -12.14 1.7
5.76 96.69 -10.42 2.48
0.02 95.96 -10.38 2.82
0 94.62 -5.06 2.46
0.56 93.55 1.28 3.38
1.24 94.69 -5.28 4.24
0 95.27 -3.41 2.04
44.27 94.7 -0.83 2.11
0.87 94.74 -3.51 5.66
0.02 95.13 -5.35 2.55
0 95.52 -6.06 2.46
0 94.55 -3.54 2.75
0.53 93.19 3.67 2.42
36.95 93.84 -1.05 3.65
0 94.18 -0.01 2.83
0.11 94.2 3.36 3.72
0 94.85 1.85 2.62
0 95.35 -0.82 2.63
0.1 95.37 -3.79 3.54
0.8 94.86 -2.88 2.1
2.57 95.44 -2.14 1.85
0 95.36 2.74 1.6
0.13 95.14 5.3 2.12
10.46 94.56 8.04 3.51
4.47 94.33 6.62 4.66
0 94.76 1.2 5.21
0 94.8 -0.62 4.14
0 94.42 3.85 3.76
0 94.15 8.08 3.59
5.35 94.76 2.46 2.41
0.02 95.42 1.34 2.37
0 94.85 6.57 3.38
0.44 93.67 11.9 5.31
20.58 94.4 2.62 2.85
0 94.73 3.03 3.07
2.02 94.64 1.94 2.21
48.35 94.53 0.05 3.32
0.02 95.3 -1.5 4.87
0 95.4 1.37 2.56
0.38 94.75 3.66 2.47
6.4 94.95 3.09 1.95
0 94.95 4.58 2.55
23.57 94.28 10.37 2.58
27.41 94.74 8.42 1.81
0.55 95.11 8 2.05
0.3 95.35 9.23 2.08
1.63 95.11 8.6 2.13
0.32 95.02 7.64 2.1
0 94.61 11.88 3.06
8.37 94.36 12.21 4.1
25.68 94.23 3.93 3.39
7.67 93.83 2.2 3.65
0.15 94.01 4.46 5.81
1.45 94.16 6.65 4.88
5.53 94.37 11.42 2.51
0 93.83 16.72 2.12
0 93.59 18.11 3.97
0.33 94.08 15.88 2.25
4.31 93.57 82.49 2.51
217.09 93.22 10.14 2.86
5.12 93.74 13.08 3.94
40.98 93.72 11.96 1.98
5.51 93.95 14.6 2.67
45.98 93.78 10.75 3.81
13.55 93.68 8.98 2.45
1.62 94.68 9.79 2.38
0 94.92 12.93 1.72
0 94.87 15.77 1.67
5.19 94.5 16.4 3.2
5.76 94.39 19.58 2.39
1.57 94.55 18.73 2.43
18.86 94.08 16.92 2.51
190.17 93.26 12.07 2.55
0.31 93 17.9 4.58
0 93.8 21.11 2.62
0 93.96 23.18 2.45
0.97 93.94 21.67 2.1
0.55 93.59 21.14 2.41
9.8 93.84 17.27 3.87
0.47 94.43 20.55 2.88
0.38 94.8 21.32 2.18
15.41 94.75 18.23 1.81
103.05 94.14 15.25 2.24
53.32 93.79 16.47 2.09
58.33 94.23 15.18 1.88
9.59 94.81 16.34 1.28
5.28 94.73 17.46 1.58
1.04 94.84 18.75 1.61
0 94.9 20.77 1.78
0.03 94.7 21.75 2.03
0 94.41 22.79 2.14
0 94.4 22.9 2.37
0 94.5 23.53 3.07
0 94.63 23.64 3.05
0 94.72 23.67 2.17
3.03 94.59 20.63 2.18
0.05 94.31 20.78 3.09
1.16 93.99 22.93 1.97
28.89 93.74 22.76 2.82
47.94 93.65 21.42 2.64
0.61 93.55 23.13 2.46
39.89 93.63 23.11 1.86
91.17 93.67 20.33 2
24.21 93.78 20.04 1.84
1.28 93.88 22.27 1.45
0.07 94.26 22.56 2.55
0.05 93.84 22.94 1.77
5.01 94.14 20.44 2.12
0 94.27 22.78 1.61
0 94.14 25.04 1.93
0 94.13 25.76 2.58
0 94.05 25.38 1.9
12.32 93.87 22.13 1.63
24.24 93.78 22.66 1.46
0.21 93.83 23.98 1.58
0.27 93.64 25.54 1.37
80.27 93.57 22.03 2.18
1.75 93.59 24.72 1.62
0.12 93.6 27.4 1.81
4.15 93.58 26.7 2.01
0 93.59 26.23 3.02
0.05 93.7 25.07 2.64
8.03 93.97 21.33 1.83
2.12 94.16 22.53 2.12
2.84 94.12 21.88 2.25
62.94 93.91 20.97 1.81
131.77 93.9 20.37 1.59
248.51 94.17 20.11 1.32
6.26 94.43 22.24 1.3
0 94.37 23.67 2.19
92.34 93.94 22.18 2.33
9.13 93.72 24.52 2.8
5.12 93.96 25.41 2.15
4.2 93.93 26.48 2.43
16.61 94.01 25.26 2.35
125.14 93.91 23.58 1.78
1.23 94.15 24.47 1.61
1.54 94.26 25.74 1.68
8.22 94.3 26.55 1.43
8.18 94.43 27.23 1.64
1.06 94.31 27.58 2.03
8.8 94.22 26.66 2.21
27.28 93.85 26.23 2.23
249.32 93.45 26.06 2.49
9.12 93.42 22.95 1.38
45.93 93.43 25.68 1.31
177.08 93.74 22.05 1.58
0 94.35 21.15 1.98
0.06 94.24 22.29 1.64
13.86 93.54 24.09 2.68
64.84 93.76 22.78 1.74
77.72 94.16 21.45 3.06
0 94.88 19.92 1.58
32.79 94.49 19.65 1.61
88.33 93.79 21.98 2.23
35.37 93.87 22.18 2.16
0 94.1 21.23 1.92
0 93.83 23.92 2.35
26.44 93.55 24.6 1.97
2.84 93.45 25.64 2.16
19.62 93.36 23.43 3.25
0 93.86 21.55 2.78
0 94.2 21.99 1.74
12.66 94.2 22.15 2.16
17.77 94.36 22.47 2.13
122.95 94.53 22.07 1.9
0.91 94.82 22.23 1.88
167.84 94.72 18.46 1.64
58.52 94.68 18.92 1.59
1.28 94.69 19.58 1.54
0 94.62 21.58 1.76
0.19 94.83 21.34 1.72
3.03 95.02 21.04 1.62
0 94.75 20.44 1.8
1.13 94.54 19.8 1.61
24.22 94.17 20.22 1.7
5.42 94.27 20.27 1.29
1.3 94.33 21.25 1.9
10.55 94.81 19.72 1.61
5.13 94.94 20.6 1.38
0.03 94.82 19.59 1.32
0 94.55 19.56 1.75
0 94.35 21.9 1.71
0.6 94.55 22.9 1.91
0 95.05 18.32 1.75
0 94.88 17.71 1.45
4.32 94.46 18.4 1.42
8.52 94.14 18.79 1.65
0.17 94.37 19.25 1.54
0 94.52 20.32 1.28
10.57 94.58 21.63 1.42
0 94.67 21.94 1.85
8.64 94.47 20.39 2.1
112.59 94.79 14.89 2.06
275.19 94.88 9.31 1.83
170.01 94.77 12.62 1.46
0 94.52 16.02 1.5
61.22 94.75 14.29 2.02
196.38 95.37 9.3 2.48
0 95.27 9.72 2.56
0 95.05 12.06 1.66
3.47 94.8 14.03 1.57
12.91 94.56 14.49 2.39
0.27 94.75 11.97 2.51
0 94.72 10.29 4.65
0 95.52 8.6 2.42
0 95.11 9.55 1.5
0.03 94.84 14.27 2
2.48 95.12 12.56 1.52
278.82 94.84 7.84 2.35
63 94.82 8.12 2.68
0 94.93 9.28 1.82
0 94.57 12.9 1.61
0 94.46 15.95 2.39
0 94.61 16.94 2.54
0 94.56 16.61 2.19
0 94.12 16.07 2.89
59.48 94.62 10.72 1.87
162.59 95.07 5.32 2.23
0 95.19 7.79 1.69
0 94.77 9.23 2
0 94.96 8.03 3.1
0 94.48 7.41 3.03
0 95.21 2.96 2.7
0 95.78 1.01 1.16
22.16 95.7 0.33 1.45
49.71 95.76 0.84 1.12
0 95.65 1.84 1.34
0 95.13 4.29 1.36
0 94.87 8.37 1.35
7.32 95.02 8.52 1.95
9.82 95.53 3.41 3.25
0 95.91 -0.38 3.63
0 96.55 -1.78 2.15
0 95.75 0.25 1.72
0 95.64 3.9 2.06
0 95.63 5.1 1.5
0 95.69 5.33 1.58
0 95.51 5.5 2.11
0 96 1.79 3.13
0 95.56 1.25 1.95
0 95.15 4.65 1.75
0 95.24 4.18 1.5
0 94.94 6.21 1.8
0 94.64 6.61 1.52
4.68 94.79 3.17 2.62
0.61 95.29 -0.16 3.44
0 94.94 -1.75 1.51
0 94.52 0 1.43
19.77 94.01 0.75 3.88
2.55 94.42 -1.02 2.11
0.75 95.44 -2.01 4.09
0 96.38 -5.44 2.83
0.08 95.74 -3.73 2.44
0 95.09 -0.46 1.62
0 95.01 0.46 1.87
0 94.7 3.86 2.87
0 94.23 2.7 2.26
0 94 4.67 1.99
0.68 94.18 1.41 4.59
0 94.9 -3.23 2.11
0 94.74 -2.79 1.87
0.03 95.01 -2.94 4.31
0 95.26 -6.92 2.66
0.67 94.42 -6.53 2.64
0 94.81 -7.7 6.09
0.25 94.91 -7.69 1.74
0.14 94.79 -6.42 1.4
0 94.47 -3.25 2.12
0.03 94.06 -2.96 1.93
0.1 94.66 -7.4 3.84
0 94.74 -6.71 2.09
0 93.78 1.25 2.27
0 95.1 -3.19 3.35
0 95.66 -6.38 3.45
0 94.37 -5.88 2.62
0 94.33 -7.09 1.81
0 93.81 -5.36 1.84
2.19 93.72 -8.63 4.01
0 94.67 -12.44 1.98
1.18 94.97 -13.27 2.01
0.06 95.74 -15.58 3.01
0 95.69 -16.73 4.07
0 95.41 -15.94 4.11
0 94.11 -9.06 3.84
0 93.96 -6.96 1.93
0 94.02 -4.9 2.08
0 94.29 -3.2 2.96
0 94.52 -1.78 2.05
0 94.24 -7.04 1.43
0.37 94.8 -10.25 3.13
0 96.05 -17.13 3.64
0 96.03 -16.33 3.5
0 95.15 -15.28 3.33
0 94.09 -12.38 3.11
0 93.75 -9.47 2.55
0 94.39 -12.45 3.41
3.31 94.61 -12.8 2.25
0.06 94.83 -13.57 4.66
0.16 95.36 -12.45 4.94
0 95.62 -12.36 3.39
0 95.76 -12.94 2.75
0 95.36 -12.92 1.24
0.03 94.98 -13.08 1.95
0.06 95.18 -12.23 4.7
0 95.79 -11.5 4.04
0.03 95.12 -9.3 1.95
0.45 94.97 -10.31 3.74
0 95.53 -14.24 4.2
0 94.79 -11.76 3.02
0 94.34 -12.97 3.99
0 94.47 -13.1 2.08
0.02 94.47 -11.84 3.04
0.06 95.46 -15.57 3.34
0 95.88 -17.88 3.69
0 95.69 -15.77 2.44
0 95.54 -14.83 2.67
0 95.27 -15.24 3.24
0 95.23 -14.94 3.72
0 95.15 -13.31 2.42
0 94.96 -13.26 1.93
0 94.96 -13.96 3.29
0.1 95.22 -14.94 3.68
0.03 95.36 -14.75 1.94
0.05 95.53 -15.17 2.54
0 95.95 -15.47 1.89
0 96.24 -14.39 2.91
0.05 95.79 -14.57 3.22
0 95.52 -15.33 3.69
0 95.33 -11.53 3.86
0 94.96 -4.93 3.06
0 94.63 -5.84 2.17
0 94.54 -8.36 1.78
0 94.42 -6.93 2.25
0 94.63 -6 2.24
0.06 93.86 -4.65 4.01
0.02 94.42 -3.93 2.7
0 94.06 -6.73 2.14
0.62 94.21 -7.38 3.25
0.13 95 -10.44 1.94
1.74 94.98 -9.64 1.22
1.85 95.26 -13.3 3.89
0 95.38 -12.81 2.3
0.27 95.27 -11.71 2.02
0.16 95.26 -12.27 1.74
0 94.61 -5.25 2.85
1.45 94.54 -5.6 1.76
2.59 94.97 -5.18 2.66
0 94.96 -4.94 2.07
0 94.84 -1.27 1.88
0 95.12 -1.41 1.64
0 94.75 0.41 2.07
0 94.28 1.46 3.24
3.39 94.07 0.15 2.06
0.18 94.78 -4.11 3.03
0 95.38 -4.73 1.84
16.31 94.83 -2.76 3.99
1.06 95.54 -8.84 3.31
0.08 95.11 -7.94 3.16
0 94.81 -7.18 3.32
0 94.81 -7.29 2.52
0 94.94 -4.71 3.15
0 94.6 -1.65 2.02
0.22 94.09 1.12 2.52
0 94.9 -1.86 3.58
0 94.65 -1.84 4.48
0 94.68 -3.97 4.47
0 95.03 -2.14 3.81
0 94.77 -0.6 3.58
0 94.15 1.75 2.8
0 93.46 6.24 2.09
0.05 94.19 2.13 4.46
0 95.3 -2.27 4.34
0 95 -5.07 4.58
0 94.75 -3.48 3.09
0 94.17 2.81 3.1
0 93.85 4.13 5.11
0 94.23 1.48 3.71
0 94.37 -0.27 2.29
2.2 95.01 -3.73 4.36
0 95.11 -3.01 3.12
0 94.84 -2.34 2.57
0 94.99 -2.4 4.47
0 97.86 -0.75 2.63
0 97.83 0.76 2.92
0 97.67 2.82 2.89
0 97.92 2.61 1.91
0 97.64 6.73 2.97
0 97.31 7.8 2.11
0 96.92 9.57 3.94
0 98.13 2.32 3.9
0 98.08 2.22 2.28
0 97.67 5.54 2.53
0 97.56 7.31 1.47
0 94.67 9.25 2.86
0.09 93.96 10.18 5.03
1.98 94.32 7.67 4.76
0 94.3 7.58 3.87
0 94.13 8.39 3.33
1.35 94.81 5.14 3.37
0 94.52 8.72 3.32
0 93.93 13.5 3.17
0 93.99 13.21 1.81
0.03 93.3 15.45 3.37
0 94.09 10.47 4.88
0 93.84 11.84 3.97
1.63 93.86 8.13 6.83
0.42 94.48 7.08 4.75
0 94.31 9.57 2.16
0 93.77 13.06 3.71
54.1 94.46 7.43 2.25
2.55 94.36 6.47 2.17
11.1 94.09 5.56 3.12
5 93.69 6.32 3.76
0.08 93.25 8.58 1.93
13.27 93.28 9.1 2.76
1.48 93.93 7.57 2.79
0 93.45 9.84 1.68
51 92.85 8.57 1.69
3.92 92.81 9.31 2.47
0.92 93.74 13.24 3.49
0.28 93.98 11.01 3.97
0 94.29 12.47 2.66
5.61 93.83 11.96 2.83
120.43 93.06 9.25 3.02
0.32 93.12 10.77 3.68
0.01 93.63 13.23 2.96
2.29 93.63 14.35 3.71
17.45 93.45 16.11 2.97
0 93.69 17.62 2.4
0.23 93.4 15.5 5.03
1.77 93.35 12.19 6.08
0 93.54 14.8 6.27
0 93.61 16.02 4.4
0 94.14 13.3 3.32
0 94.1 14.1 2.39
0.03 93 17.71 2.47
13.11 92.84 18.14 3.57
9.67 93.94 13.3 2.95
2.33 94.07 11.73 3.24
1.05 93.95 12.64 4.51
0 93.81 17.13 3.23
0 93.93 18.28 2.85
0 94.07 20.35 3.1
11.72 93.99 19.56 3.85
15.62 93.92 18.05 4.6
0.03 93.78 19.33 2.74
0.92 93.6 22.65 4.49
22.91 93.67 21.5 2.54
36.08 93.27 18.31 3.36
7.47 93.19 16.96 3.05
0.07 93.62 19.2 3
5.81 93.36 19.72 4.81
3.44 93.47 18.59 3.89
0.24 93.71 19.26 2.12
2.87 93.6 22.34 2.13
9.95 92.98 23.42 2.92
21.73 92.71 21.14 2.51
16.7 92.94 21.43 2.41
0 93.35 21.95 2.63
52.4 93.28 20.18 2.09
144.61 93.45 15.94 2.4
5.78 93.65 19.33 1.95
5.54 93.66 21.08 1.69
57.13 93.44 20.45 2.16
88.34 93.42 18.66 2.01
105.27 93.63 17.49 1.87
0.85 93.81 20.36 1.95
0 93.73 23.55 1.59
0 93.59 25.5 1.99
0.05 93.33 26.68 2.67
0 93.26 26.39 2.69
18.82 93 21.98 2.23
82.97 93.24 16.36 2.37
2.03 93.94 18.97 2.54
0 94.28 20.45 1.65
4.24 93.71 21.66 2.84
6.38 93.03 22.63 2.43
11.79 93.2 24.31 2.57
0.02 93.34 24.43 3.07
36.93 93.26 23.55 2.44
49.24 93.35 22 1.59
0.39 93.25 23.12 2.32
0 93.38 23.59 2.52
0 93.5 25.01 2.45
88.81 93.02 22.07 2.47
0.75 92.74 24.34 3.17
84.18 92.79 17.84 1.95
21.09 92.86 18.34 2.76
10.44 93.52 20.96 1.88
18.01 93.69 22.52 2.18
14.32 93.75 23.53 2.12
9.45 93.77 23.17 2.22
3.59 93.58 23.87 1.47
31.17 93.68 22 1.84
25.25 93.66 22.11 1.65
39.16 93.52 21.61 1.71
14.7 93.57 20.98 1.5
88.55 93.63 21.66 1.52
257.69 93.5 20.4 1.88
64.34 93.41 20.92 1.48
66.71 93.34 21.77 1.88
15.48 93.33 22.95 1.84
0.14 93.39 25.23 1.56
67.07 93.37 25.42 2.28
481.94 93.16 21.87 2.08
66.77 93.12 22.42 2.37
12.76 93.31 22.72 2.14
0.42 93.55 24.31 1.49
77.27 93.73 21.08 1.68
78.38 93.36 21.19 1.66
0.06 93.44 23.17 1.81
0.23 93.58 23.86 2.14
0.79 93.91 22.81 1.99
0.04 93.52 23.25 2.08
0 93.49 23.92 1.82
0.06 93.7 23.84 1.58
10.52 93.67 23.17 1.56
8.09 93.69 23.48 1.74
7.55 93.36 23.74 1.84
8.72 93.48 24.99 1.96
0 93.87 24.42 1.46
0 93.71 25.5 1.36
0 93.42 25.73 1.82
11.44 93.18 25.15 1.77
118.65 93.52 21.18 1.73
250.97 93.57 18.87 1.73
13.84 93.6 21.25 1.56
8.6 93.77 20.6 1.4
0.09 94.04 21.11 1.73
0.11 94.18 21.64 1.39
0 94.17 22.78 1.43
1.21 94.05 22.68 1.66
10.59 94.24 20.84 1.68
0 94.24 20.4 1.48
75.41 94.21 19.82 1.36
8.67 94.43 19.62 1.6
1.19 94.52 20.76 1.42
10.93 94.31 19.38 1.86
5.51 94 20.4 1.46
0.68 93.91 21.5 1.55
0 93.85 22.75 1.47
13.89 93.62 21.98 2.79
1.78 94.11 18.87 1.95
0 93.93 19.4 1.66
13.55 94.42 17.72 2.3
0.67 94.36 18.38 1.64
0 94.41 18 1.5
0 93.96 19.02 1.45
10.42 93.62 18.06 2.81
4.28 94.23 13.26 1.92
0.21 94.8 12.82 1.98
5.23 95.04 13.01 1.95
6.13 94.52 16.22 1.93
0.89 94.26 16.51 2.09
0.09 93.86 19.17 2.99
11.32 93.9 17.29 2.08
20.31 94.12 14.56 1.62
48.34 94.47 12.56 2.32
0 94.86 9.11 2.32
0 95.3 9.24 2.32
0 95.12 10.11 1.55
0 94.78 11.56 1.75
0 94.4 13.03 1.76
0 94.49 14.01 2.25
0 94.37 14.25 2
0 94.13 16.71 2.78
0.03 94.41 16.94 1.94
0.34 94.55 17.83 2.78
0.08 94.36 17.61 2.11
9.34 94.21 14.72 1.81
0.12 94.66 8.58 3.29
0 95.14 6.56 2.53
0 95.21 6.62 2.86
0 95.67 7.43 3.11
0 95.31 8.58 1.82
0 94.64 10.25 2.19
0 94.1 11.43 3.18
0 94.65 9.42 1.83
0 94.63 10.05 1.43
0 94.4 13.37 2
0.13 94.81 13.14 2.63
0 95.31 9.29 1.41
0 95.05 11.6 1.65
0 94.47 13.48 1.53
62.75 93.9 10.26 1.64
3.28 93.84 8.42 2.28
1.65 93.49 7.63 2.9
1.99 93.99 8.26 4.05
0 94.93 5.07 2.12
0 95 7.93 1.4
0 94.79 10.08 1.97
0.03 94.64 13.42 2.88
0 94.6 13.07 1.83
0.69 94.49 10.97 1.67
46.41 95.02 4.4 3.28
0.01 95.37 1.76 3.26
0 95.37 3.66 1.82
0 94.93 5.22 1.57
2.53 94.79 6.36 2.39
0 95.06 5.79 1.56
0 94.72 6.27 1.58
0 94.55 8.11 2.72
0 94.73 9.71 3.37
5.61 94.94 10.23 2.58
0.04 95.49 4.56 1.63
1.91 95.18 7.77 1.59
2.98 94.96 9.19 2.84
0.18 95.61 2.82 2.63
0.12 95.47 1.22 1.15
0 95.42 3.05 1.6
0 95.38 3.21 1.63
0 95.19 1.85 1.28
0 94.56 1.9 1.33
0 93.98 3.38 1.98
0 94.26 4.66 3.47
0.03 95.02 -2.3 2.55
0 95.09 -4.42 1.83
0 95.13 -3.41 1.56
0 95.34 -0.79 1.75
34.65 94.72 1.12 0.98
4.24 94.5 -0.63 2.51
1.91 94.74 -5.33 3.74
0 95.22 -7.07 2.38
0 95.21 -4.77 1.92
11.57 94.81 -5.44 2.89
0.18 95.43 -8.18 2.85
0 95.12 -8.55 1.08
0.2 95.11 -6.65 1.6
0.38 94.5 -1.02 1.95
0 94.57 -1.61 1.47
0 95.35 -3.87 2.22
0 95.88 -8.13 1.56
0 96.17 -8.4 2.06
0.21 95.44 -7.92 1.12
0.08 94.74 -5.34 1.15
0 94.95 -7.09 1.55
0 95.27 -8.61 0.97
1.23 95.47 -8.51 1.01
1.31 95.46 -5.69 0.97
1.31 95.74 -8.12 2.8
0.06 96.06 -12.35 3.83
0 95.69 -12.01 3.21
0.02 94.89 -7.41 4.56
0 94.93 -4.2 2.9
0 95.34 -7.27 1.76
0.02 94.66 -4.89 2.86
0 95.39 -10.19 4.29
0 95.59 -13.8 3.23
0 95.72 -13.11 3.72
0 95.46 -11.36 2.32
0 95.52 -11.04 2.16
0 95.4 -11.57 1.33
0 95.08 -10.93 2.07
0 95.05 -10.07 4.12
0 95.26 -12.05 2.75
0 94.81 -10.48 3.15
0 94.96 -12.84 2.2
0 95.45 -12.38 1.89
0 95.71 -11.47 2.01
0 95.26 -8.37 2.07
0 95.59 -10.88 1.62
0 95.9 -14.49 1.23
0.2 95.4 -12.38 1.06
0.02 95.2 -10.08 2.04
0.12 95.57 -11.59 1.98
0.49 95.01 -11.99 2.92
0.16 95.19 -13.22 4.19
0 95.4 -12.51 2.91
0 95.18 -11.72 1.8
0 95.95 -14.65 1.41
0.24 95.86 -14.94 1.12
0 95.46 -12.43 1.71
0 95.41 -13.23 1.28
0.17 95.49 -12.82 3.3
0 95.57 -12.98 2.94
0 94.74 -8.51 2.93
0 94.97 -9.57 2.32
0 94.89 -9.45 2.26
0 94.61 -10.8 1.13
0.16 94.43 -9.29 1.36
0.45 94.63 -11.77 1.11
0 94.8 -10.9 1.44
0 95.23 -11.32 1.45
0.03 95.89 -14.35 3.24
0 95.77 -18.12 3.41
0 95.42 -18.22 2.81
0 94.91 -17.21 2.29
0 94.77 -16.59 3.02
0 94.38 -14.64 3.01
0 94.47 -13.77 1.85
0 94.98 -15 1.65
0 95.22 -14.92 2
0 95.6 -15.91 1.95
0.08 95.22 -17.16 1.64
0.34 94.78 -16.53 3.95
0 95.56 -18 4.31
0 95.56 -16.35 3.28
0 94.61 -13.63 3.3
0 94.68 -10.92 2.43
0.2 94.13 -7.83 2.47
0.06 94.77 -13.81 5.13
0 94.98 -16.48 4.87
0 94.56 -13.32 5.14
0 94.71 -11.35 3.1
0 95.03 -11.38 3.05
0 95.07 -11.25 1.92
0 94.79 -9.4 2.56
0.08 94.52 -5.08 2.21
0.16 95.08 -9.41 3.25
0 95.04 -11.07 3.09
0.1 95.1 -12.12 3.26
0 95.24 -13.47 4.63
0 95.15 -10.82 3.51
0 94.55 -6.58 2.75
0 94.61 -8.51 2.11
0 94.39 -9.26 1.44
13.8 94.03 -7.69 2.26
0 94.96 -7.63 2.67
4.89 94.82 -6.52 2.34
0.02 95.29 -9.23 3.24
0 95.22 -8.46 2.55
0 94.7 -6.53 1.81
0 94.33 -2.81 2.53
0 94.48 -0.85 2.09
11.94 95.01 -4.05 1.38
0.87 95.2 -7.2 1.75
0.69 95.15 -6.01 1.63
0.12 94.54 -2.25 1.97
27.44 93.84 -3.93 1.69
20.99 93.93 -4.29 2.81
0.08 94.57 -4.79 3.85
0 95.27 -8.86 3.78
0 94.95 -8.57 2.05
0.84 94.89 -8.34 4.61
0 95.35 -8.36 3.91
0 95.01 -6.33 1.84
0 94.38 -2.42 3.27
0 94.9 -1.39 2.31
0 94.54 2.03 3.15
4.46 93.64 5.1 4.01
9.88 94.26 -2.97 3.48
14.13 95.12 -7.9 2.35
0 94.89 -2.81 2.16
0 94.84 -0.63 2.06
0 94.25 3.71 3.26
0 94.75 2.27 1.96
7.82 93.92 1.39 4.54
0 94.36 -0.69 5.77
0 94.78 0.2 3.22
0 94.48 4.58 2.53
0 94.71 7.68 3.42
0 94.85 8.93 3.29
0.59 93.9 9.26 7.36
1.48 94.5 0.61 4.88
1.31 94.49 -1.04 4.36
0 94.41 0.02 2.19
3.25 94.33 1.43 2.89
0 94.02 3.94 4.32
0 93.84 4.56 5.25
0 94.11 3.36 4.75
0.26 94.43 4.12 2.62
0 94 9.63 3.71
0 94.13 10.01 4.86
0 93.98 12.57 3.18
6.58 93.74 13.1 5.08
4.24 94.12 7.28 4.5
0 93.56 11.61 3.35
0 93.42 13.55 3.18
0 93.39 14.95 3.24
2.59 94 9.11 3.52
0 94.3 8.69 2.6
0 93.42 15.36 4.1
0 93.46 17.54 4.09
3.36 93.82 14.65 4.08
20.21 94.32 12.92 3.32
2.01 93.77 12.3 2.24
0.18 93.13 14.07 1.99
0.62 93.11 17.51 3.75
207.33 93.59 12.26 2.75
53.84 93.55 9.07 4.51
0 92.95 10.57 3.41
0.27 92.7 10.93 7.19
0 93.87 9.39 3.26
0 93.86 12.57 2.73
0.24 93.63 17 3.29
1.28 94.16 16.49 2.63
20.79 93.7 17.4 2.36
0 93.76 20.15 2.18
0.92 93.88 19.74 2.68
0 93.96 17.62 3.17
0 93.58 17.65 2.27
2.14 93.58 16.47 1.81
0 93.82 17.8 2.12
0.16 94.07 19.2 2.51
2.81 94.25 19.57 2.52
94.03 94.24 14.13 1.9
17.33 93.8 13.35 3.23
19.32 93.55 10.89 2.83
3.22 93.52 11.57 4.2
0.03 93.28 11.62 3.22
4 93.05 12.59 5.03
0.03 93.47 16.06 1.71
0 93.41 21.62 3.62
7.57 93.94 19.39 2.87
9.84 94.28 17.93 2.07
0.28 94.14 19.63 3.72
1.61 93.87 19.28 3.98
2.51 93.99 16.55 3.06
0 93.99 16.46 3.07
0 93.8 17.4 2.48
0 93.44 19.44 2.49
0 93.84 20.32 2.31
0 94.01 22.73 2.6
28.17 94.03 19.49 2.76
42.5 94.44 14.32 2.65
0.44 94.51 16.21 1.97
29.97 94.05 16.41 3
11.78 93.83 16.05 2.99
67.09 93.58 15.55 2.42
21.59 93.33 18.54 3.42
0.88 93.51 20.33 2.1
7.07 93.11 19.65 2.42
11.99 92.98 21.46 2.07
22.02 92.97 21.89 2.23
55.11 92.84 20.41 3.22
9.94 92.97 16.96 3.21
3.57 92.67 16.1 3.12
17.26 92.77 16.05 2.55
212.54 93.34 13.33 2.02
275.42 93.59 13.94 1.97
162.03 93.62 15.49 2.74
7.02 93.48 18.86 1.73
6.01 93.37 21.61 1.74
6.09 93.51 21.75 1.82
14.29 93.27 21.65 1.63
54.62 93.32 21.57 1.73
7.18 93.49 21.62 1.41
71.44 93.45 21 1.73
0.65 93.21 22.23 2.24
98.11 93.23 21.6 2.33
47.38 93.58 20.52 2.41
22.31 93.96 22.1 2.06
3.29 94.13 22.43 1.79
3.3 93.85 20.19 2.07
50.13 93.44 20.89 2.2
0 93.32 23.25 2.14
1.7 92.95 24.01 3.86
2.81 92.97 22.31 3.46
0.71 92.93 22.48 2.56
0.05 93.27 23.07 1.82
3.28 93.41 22.77 1.7
2.14 93.31 23.2 1.55
37.45 93.28 23.36 1.79
23.2 93.29 24.52 2.05
28.27 93.32 24.73 1.81
137.28 92.92 21.51 1.83
67.92 92.71 19.38 2.38
68.39 93.11 19.16 2.81
9.24 93.6 20.83 2.37
0 93.62 20.98 1.79
0 93.65 22.36 1.58
0 93.88 24.28 1.39
0 93.97 24.5 2.07
0.08 93.79 24.37 2.25
5.88 93.66 24.75 1.55
9.66 93.59 24.8 1.68
107.61 93.52 23.17 1.53
406.81 93.13 21.84 3.44
0 93.62 22.86 1.53
0 93.82 23.55 1.82
12.06 93.74 23.51 2.02
50.21 93.36 25.06 3.46
3.42 93.73 23.62 1.86
149.01 93.25 22.86 2.38
24.79 93.02 23.2 3.74
0.61 93.61 21.58 1.53
93.46 93.88 19.48 1.56
147.92 94.03 18.7 1.73
89.08 93.97 20.01 1.46
14.92 93.99 22.11 1.63
85.83 94.05 22.17 1.69
0 94.24 22.98 1.38
0 94.07 23.96 1.42
0 93.7 25.4 2.1
8.95 93.63 24.29 1.76
3.27 93.88 23.12 1.36
0 93.74 23.76 1.71
23.97 93.79 20.48 2.12
27.21 93.82 18.31 2.11
2.06 93.97 19.63 1.66
7.84 93.65 18.47 1.89
7.17 93.72 20.7 1.73
0 94.05 21.64 1.9
0.05 93.65 22.83 2.82
70.84 93.68 22.66 2.24
1.85 93.75 20.76 1.84
9.69 93.75 19.72 2.59
4.82 94.33 16.26 2.13
0.04 94.46 16.03 2.04
0 94.23 19.81 2.42
0 94.17 21.45 2.03
0.57 94.04 21.5 2.3
4.42 94.06 21.48 1.51
10.92 93.95 21.2 1.77
1.36 93.52 22.55 1.95
1.05 93.67 23.26 2.59
0 93.91 24.12 2.04
0 94.04 24.25 2.38
1.8 94.06 23.87 1.96
259.44 93.98 16.18 2.95
20.58 94.33 13.57 2.56
0.26 94.38 12.78 2.18
1.16 94.49 15.69 2.03
0 94.43 18.58 2.07
26.3 94.51 17.58 1.67
1 94.42 17.2 1.34
0 94.38 18.63 1.19
0 94.3 20.19 1.47
34.82 93.98 18.6 2.22
92.76 94 12.95 3.74
1.43 94.13 11.46 2.59
0 94.51 13.25 1.61
0.07 94.95 13.77 1.19
0 95.05 13.69 1.38
0 94.43 14.36 2.36
0 93.96 15.68 2.66
0.23 93.93 15.57 1.8
0 94.16 17.07 1.79
5.95 94.07 17.41 2.15
1.43 94.08 16.9 1.44
4.6 94.4 15.65 1.46
0.91 94.69 15.52 1.51
35.77 94.58 14.37 1.75
2.22 94.82 14.31 1.57
49.52 94.45 10.5 1.8
30.36 94.47 10.06 6.36
0.71 94.63 11.08 3.26
0 94.61 11.35 1.81
0 94.45 12.4 1.68
0.8 94.26 13.9 2.2
0.86 94.11 12.83 3.14
0 94.25 12.8 2.43
0 94.76 10.85 1.83
0 95.17 11.57 1.26
0 95.04 13.06 1.56
0 94.54 15.06 2.45
20.54 94.14 12.12 3.26
0 94.62 8.21 2.42
0.15 94.23 9.91 2.27
0 94.06 12.19 2.41
0.08 94.45 8.11 4.16
0 94.84 6.65 2.33
0.03 94.93 6.97 1.95
41.22 94.34 8.37 4.03
0 94.36 4.08 3.44
0 94.45 5.12 2.46
0 94.3 7.16 2.07
0 94.67 6.52 1.62
78.89 94.92 2.17 1.2
66.98 94.39 2.71 1.94
0 94.12 6 1.94
0 93.87 8.66 3.05
0 94.47 8.35 1.98
0 94.51 10.12 2.1
5.16 94.4 10.01 3.13
0 95.26 3.17 1.63
1.49 95.14 0.44 2.45
0.07 94.77 -0.22 2.72
0.03 94.6 -0.43 2.26
0 94.55 2.1 1.47
0 94.73 1.16 2.03
15.01 94.75 1.45 1.72
182.27 94.42 -0.45 87.42
44.42 94.7 -0.55 3.08
0 94.72 -2.8 1.05
0 94.42 -0.81 1.97
0 94.62 -0.75 1.4
0 95.03 -1.85 1.23
55.01 94.73 -1.8 1.1
90.43 93.54 -2.91 5.41
0.17 93.98 -4.58 3.76
0 94.04 -6.42 4.57
0 94.81 -5.2 2.67
0 95.07 -6.1 1.2
19.89 94.55 -2.78 1.54
0 94.46 -5.27 85
0.01 94.18 -4.95 3.2
0.03 94.74 -3.5 3.13
0 94.78 -5.14 1.48
0 94.45 -3.21 1.73
7.64 94.91 -5.41 2.42
0 94.86 -7.27 2.42
0 94.32 -5.86 2.04
0 94.29 -3.83 3.85
0 94.34 -7.86 2.79
0 93.43 -4.85 3.51
0.06 94.2 -7.07 4.49
0.05 94.71 -9.76 2.36
0 95.39 -13.49 2.41
0.28 95.05 -14.17 1.52
0.23 94.01 -6.03 2.77
1.61 94.2 -8.36 4.4
0 94.43 -11.51 1.98
0 94.47 -13.56 3.28
0 94.39 -15.07 2.73
0 94.57 -16.35 2.69
0.03 94.62 -17.6 4.48
0 94.76 -12.37 3.6
0.16 95.28 -13.56 1.49
0.07 95.45 -13.69 1.06
0.17 94.92 -11.63 1.75
0.04 94.94 -8.93 1.3
19 94.96 -9.88 1.04
1.03 94.79 -8.29 1.36
0.94 95.13 -11.48 1.49
0 95.53 -13.27 3.97
0 95.61 -15.25 2.29
0.03 95.06 -14.68 1.02
0.44 95.17 -12.4 57.86
7.7 95.18 -10.9 3.32
0.02 95.62 -16.13 3.06
0 95.42 -20.07 3.04
0 94.62 -18.91 4.35
0 95.7 -18.81 2.51
0 95.47 -18.82 1.27
0 94.88 -14.2 1.26
5.92 94.86 -14.32 1.1
13.1 94.95 -13.23 4.21
0 94.56 -15.54 3.6
0.06 94.02 -15.7 2.18
0 94.43 -18.44 3.77
0 95.59 -19.27 4.08
0 96.14 -16.79 2.47
0 95.2 -17.43 1.66
0 95.02 -14.85 1.85
0 94.91 -15.56 1.54
0 94.8 -15.45 1.57
0.06 95.21 -17.1 2.15
0 95.04 -15.6 2.21
0 94.88 -15.46 1.26
0.41 94.55 -13.12 1.23
0 94.61 -12.49 1.81
0 94.63 -13.13 1.17
0 95.04 -10.69 1.97
1.62 94.78 -12.43 1.83
0 95.51 -14.46 2.6
0 95.78 -12.29 2.18
0 94.85 -8.09 2.34
0 95.27 -9.92 1.25
13.37 95.28 -9.1 1.05
0.8 95.34 -9.49 1.84
0 95.12 -13.86 1.29
0.05 94.04 -8.74 2.92
0.04 94.58 -14.07 4.33
0 94.62 -16 1.55
0.19 94.95 -14.12 1.57
0.06 94.88 -11.61 1.72
0 94.46 -6.9 1.38
0 94.72 -7.46 1.43
0.07 94.65 -5.79 1.58
1.82 94.57 -6.33 1.8
0.6 95.17 -9.08 3.76
0 95.26 -11.37 2.55
2.05 94.28 -9.73 2.83
0 95.02 -10.1 2.95
0.02 94.59 -8.71 2.05
0.75 94.89 -15.27 4.1
0 95.71 -18.52 4.51
0 95.55 -16.81 1.54
0.31 94.73 -12.75 2.32
0 95.31 -13.48 2.26
0.12 95.36 -13.05 2.06
0 94.66 -8.41 211.66
0 94.46 -5.95 2.78
0 95.05 -9.8 2.59
0 94.99 -10.8 1.52
0 94.31 -7.29 2.27
0.06 94.32 -6.41 4.01
0 95 -11.81 3.86
0 95.11 -12.96 2.4
0.01 95.06 -12.2 2.02
0 94.96 -8.87 3.37
0 95.19 -7.82 3.18
0 95.12 -5.76 1.79
0 95.19 -6.66 1.89
7.13 95.03 -6.79 1.86
0.24 94.26 -0.91 3.13
0 94.18 -0.24 2.8
0.22 93.69 -3.13 5.92
0 95.42 -8.72 5.17
0 95.43 -6.35 1.75
0 94.41 -1.39 3.31
0 94.71 0.81 2.32
0 94.12 4.41 2.97
0 94.03 3.28 2
0 93.46 4.63 2.18
0 93.3 1.34 2.57
0 93.48 -2.17 6.07
0 94.88 -1.34 2.2
0 94.19 3.49 3.5
19.89 94.1 -0.44 3.5
0 95.24 -6.05 3.88
0 94.8 -0.27 2.96
0 94.37 4.26 2.67
0 94.73 4.9 2.85
0 93.34 7.18 3.72
1.16 93.38 -2.25 4.1
30.07 94.11 -7.36 2.53
0.54 94.54 -7.19 2.85
0 93.35 0.78 5.27
0 94.28 -3 2.65
20.74 93.96 -4.76 3.72
0 94.68 -5.19 2.85
0 94.53 -2.36 1.64
0 93.61 3.86 3.89
1.67 93.78 1.28 4.29
0 94.61 -1.44 3.7
0 94.79 -2.2 2.33
1.74 94.67 -0.37 1.77
11.29 94.41 0.8 2.14
90.95 94.53 0.51 2.68
0 94.09 4.05 2.79
0 94.09 5.28 2.81
23.41 94.22 -0.12 2.26
47.1 94.51 -0.8 3.19
0 94.28 -0.49 2.56
0.82 93.42 1.63 2.81
18.31 93.47 0.3 3.81
3.12 94.41 -0.22 3.91
1.1 94.28 0.79 3.78
0 94.31 2.02 3.67
0 93.86 7.78 3.04
0.54 93.39 6.43 4.71
0 93.64 2.75 4.88
0 93.29 4.64 2.51
6.13 93.6 4.19 3.08
49.89 93.92 1.49 1172.57
1.87 94.92 0.65 4.82
0 94.92 2.14 2.32
0 94.62 4.94 2.67
0 94.3 8.07 2.12
0.83 93.77 11.14 4.19
62.81 93.8 6.86 2.24
0.87 93.76 7.17 3.56
0.03 93.85 8.36 5.2
0 93.86 9.85 1.8
0 93.8 13.49 2.25
3.2 93.62 11.84 3.73
0.13 93.86 11.61 6.04
0.31 94.31 11.27 5.55
0.26 94.35 11.24 2.14
1.06 94.19 12.25 2.47
7.61 94.41 12.67 2.06
0 94.19 16.43 2.65
0 94.39 19.8 1.7
0 94.3 21.27 2.4
0 94.31 21.28 3
0.27 94.05 21.5 4.28
26.88 93.72 14.15 2.17
17.91 92.91 14.49 4.13
0 92.53 17.04 4.77
0 93.05 16.11 2.76
0 93.1 18.74 2.96
0.47 93.74 16.3 4.84
0 94.58 16.32 2.39
0 94.48 17.33 2.42
0.93 93.86 18.62 3.05
0 93.33 19.01 3.22
13.62 92.73 15.36 5.58
0.01 92.72 17.34 4.26
0 93.05 18.77 2.69
0 93.91 19.78 2.33
3.78 93.74 23.4 3.8
2.78 94.29 17.9 2.24
0 93.91 20.58 2.27
2.09 93.63 21.44 3.46
2.4 93.45 19.28 3.72
1.12 93.27 18.8 3.14
0 93.57 18.85 4.53
0 93.38 22.92 3.21
0.08 93.01 24.52 4.26
0 93.65 19.6 2.49
7.09 93.38 18.27 3.31
0.04 93.62 18.84 3.38
20.44 94.18 17.32 2.39
34.21 94.04 18.67 2.3
11.17 93.84 19.04 2.97
10.37 93.67 21.3 2.64
2 93.54 21.58 3.31
79.49 93.92 16.2 2.17
1.83 94.13 17.28 1.85
16.24 93.86 15.69 2.33
3.37 93.63 17.25 1.88
0.03 93.67 22.16 3.42
0.4 93.67 23.79 3.95
6.91 93.59 24.01 2.61
197.55 93.57 18.52 2.45
7.29 93.28 20.71 1.85
38.98 92.98 20.46 1.93
0.29 93.34 22.87 1.91
0 93.84 23.09 2.26
0.04 93.99 23.76 1.95
3.37 93.75 21.85 1.47
13.72 93.41 21.43 1.78
79.93 93.25 20.88 2.22
66.46 92.99 20.87 2.28
179.51 92.74 19.62 1.77
57.93 92.89 21.55 2.47
86.94 93.28 20.56 2.25
121.57 93.33 21.82 2.58
35.36 93.28 22.88 3.23
72.82 93.05 22.7 2.07
147.04 92.65 22.38 2.75
0.04 92.64 23.92 3.44
5.67 92.64 23.58 2.43
0.87 92.97 24.08 2.18
3.1 93.16 24.2 2.38
18.47 92.98 25.14 3.47
51.56 93.27 23.63 1.82
55.93 93.47 21.88 1.66
1.65 93.67 22.27 1.46
1.14 93.66 22.27 1.46
13.59 93.64 22.91 2.02
22.11 93.8 22.64 2.07
0.09 93.79 24.35 1.77
255.26 93.08 21.58 1.8
71.46 92.98 22.41 3.11
0 93.52 22.97 2.23
0.37 93.39 22.54 2.23
99.16 93.34 21 2.3
3.27 93.55 21.54 1.75
0.99 93.54 23.25 1.83
37.79 93.41 23.01 2.22
12.85 93.01 23.47 2.05
0.79 93.09 23.62 3
0.01 93.38 23.92 1.95
0.07 93.39 24.4 1.74
57.91 93.17 22.29 1.37
4.72 93.12 24.76 2.15
0.49 93.07 24.71 1.57
2.6 92.87 25.53 1.79
17.16 92.98 25.58 2.11
25.94 93.25 24.58 2.6
0.66 93.48 25.01 2.47
4.4 93.29 24.95 2.58
55.47 92.97 25.24 2.57
24.85 92.82 24.59 1.85
8.53 92.96 25.44 2.54
31.88 93.24 25.21 2.34
11.41 93.04 25.45 2.26
11.07 93.21 23.46 1.85
2.81 93.59 25.19 1.6
12.29 93.67 26.2 2.64
45.44 93.39 24.43 2.66
6.74 93.41 24.85 2.73
17.98 93.36 25.7 2.1
3.74 93.41 25.07 1.96
315.4 92.88 24.34 1.72
0.08 97.82 24.85 2.74
0 93.89 21.68 2.68
0 94.14 21.15 1.91
8.05 94.09 20.29 1.17
2.14 93.7 23.11 2.29
0.21 93.86 21.95 2.12
0 94.05 21.86 1.91
0.03 94.04 22.25 1.69
15 93.75 21.55 1.79
6.2 93.82 19.35 2.02
6.76 93.75 19.21 1.77
217.1 93.15 18.56 1.5
26.88 93.4 15.06 3.08
0.3 94.08 15.61 2.53
50.09 94.15 15.84 2.19
1.34 94.38 15.22 1.91
6.06 94.54 15.49 1.75
0 94.62 15.66 1.56
6.56 94.5 16.38 1.49
164.69 94.44 13.92 1.69
37.72 94.51 13.87 1.26
4.81 94.58 15.7 1.42
5.21 94.52 17.25 1.6
8.34 94.06 17.93 1.8
0.1 94.15 16.9 1.6
0 94.2 16.7 2.61
4.5 93.98 19.57 2.76
47.32 93.35 18.87 3.17
0.41 93.72 18.08 3.21
0 94.29 13.33 1.93
2.62 93.99 15.79 1.62
7.96 94.51 16.14 1.44
14.8 94.93 14.96 1.07
11.39 94.04 19.15 3.21
0 94.45 17.32 1.55
0.05 94.43 18.16 1.54
1.52 94.3 17.47 2.5
34.98 94.68 12.34 3.17
0 94.9 8.49 2.51
0 94.74 10.13 2.24
0 94.39 11.58 2.14
0 93.74 16.62 3.33
0 93.82 15.55 2.58
0 94.69 13.06 1.42
1.64 94.62 13.81 1.77
131.99 94.64 11.2 2.21
0.01 94.76 10.22 2.89
0 94.53 9.42 1.83
0 93.91 16.23 3.5
0 94.87 13.5 1.32
0.03 94.87 14.68 2.41
0.09 95.15 12.11 2.31
0.63 94.65 11.25 1.84
0 93.7 14.79 2.84
10.18 93.77 12.56 4.17
0 94.2 9.83 3.15
0 94.67 10.9 1.84
23.96 94.65 10.69 2.35
2.71 95.5 4.09 4.33
0 95.55 2.86 1.52
0 95.14 6.38 1.42
0 95.16 6.75 1.47
0 94.96 10.01 2.56
33.26 95.14 8.46 1.74
1.13 95.16 6.7 1.99
0 95 5.72 1.28
43.71 94.86 4.76 2.18
26.98 94.8 0.67 2.34
0.01 95.05 3.61 3.75
0.01 95.29 5.24 2.52
0 94.83 4.29 1.54
0 94.3 6.39 2.05
3.91 94.8 5.39 1.83
2.32 95.35 3.93 2.56
0 95.29 3.2 1.62
0 95.37 4.03 0.99
0 95.13 4.28 1.38
0.76 94.63 7.78 2.11
1.26 94.94 6.77 3.16
0 95.27 4.9 1.85
0.05 94.53 5.41 2.28
0.47 94.14 4.94 3.83
0.03 94.49 2.77 2.73
0 94.55 1.92 2.25
0.08 95.1 1.89 3.59
0 95.11 -1.92 4.3
0 95.16 0.75 2.54
0 95.02 1.38 1.73
0 94.43 1.42 2.32
0 94.21 2.51 3.45
0 94.17 2.24 2.11
0.17 94.34 1.3 3.4
0.03 94.71 -3.45 4.09
0.08 94.93 -4.11 5.36
0 94.81 -4.16 3.42
0 94.84 -2.55 2.42
0 95.03 -3.17 1.27
0 94.81 0.31 1.79
0 94.51 0.46 1.96
0.04 94.17 -0.89 2.3
0 94.02 -4.64 4.12
0 94.15 -7.68 3.62
0 94.43 -10.44 6.71
0 94.63 -6.1 3.58
0 94.22 0 3.09
0 94.81 -2.91 2.25
1162.99 94.6 -1.58 2.68
1162.99 94.36 -1.53 1.47
1162.99 94.63 1.02 2.23
1162.99 94.62 0.54 2.19
1162.99 94.83 -1.86 2.73
1162.99 94.41 -2.55 1.15
1162.99 94.48 -4.71 1.39
1163.04 94.49 -4.25 2.5
1163.02 94.69 -6.14 2.98
1163.24 94.17 -8.07 3.13
1163.36 94.16 -8.78 2.5
1162.99 94.31 -11.72 4.48
1162.99 94.63 -11.73 3.12
1162.99 95 -9.26 3.16
1162.99 95.56 -8.82 1.68
1162.99 95.49 -10.21 1.57
1164.13 95.75 -12.33 2.36
1163.22 95.41 -13.61 2.66
1163.14 95.29 -12.49 2.94
1163 95.68 -11.5 2.21
1162.99 95.73 -10.97 1.41
1162.99 95.44 -10.6 1.08
1162.99 95.58 -9.45 1.35
1162.99 95.52 -9.86 1.12
1163.09 94.99 -7.69 2.98
1163.04 95.46 -10.74 4.13
1162.99 95.13 -11.57 1.79
1162.99 94.67 -11.21 2.78
1162.99 93.97 -6.65 3.59
1162.99 93.78 -5.97 3.3
1162.99 93.39 -3.45 4.47
1162.99 93.8 -3.8 3.12
1162.99 94.09 -3.75 3.01
1162.99 94.65 -5.48 2.51
1164.07 94.55 -8.17 1.7
1165.3 94.79 -8.74 1.84
1163.02 94.55 -7.7 2.51
1162.99 95.04 -7.46 2.45
1162.99 95.48 -14.23 2.86
1162.99 95.1 -14.32 2.42
1162.99 95.11 -12.15 2.2
1162.99 95.2 -10.48 2.23
1162.99 95.69 -12.44 2.01
1162.99 95.41 -13.2 1.62
1162.99 95.45 -11.6 1.94
1162.99 95.26 -8.49 1.74
1170 95.26 -9.68 1.47
1162.99 95.25 -10.41 1.83
1162.99 95.47 -8.33 1.92
1163.29 94.53 -7.09 3.91
1163.01 95.02 -10.4 4.26
1162.99 95.21 -10.18 2.31
1162.99 94.54 -7 1.75
1162.99 93.77 -3.06 2.91
1162.99 94.31 -3.72 2.12
1162.99 95.19 -8.74 2.88
1162.99 94.78 -8.1 3.47
1162.99 94.22 -4.99 3.97
1162.99 94.79 -7.44 3.26
1162.99 93.51 -1.9 4.74
1162.99 94.19 -7.34 3.08
1162.99 94.29 -7.14 1.69
0.29 93.9 -4.18 1.96
0.03 93.95 -4.93 5.17
0 94.77 -12.67 4.11
0 94.95 -11.68 2.33
0 95.09 -12 1.54
0 95.31 -10.01 1.57
2.53 94.99 -10.2 1.5
10.28 95.08 -12.35 2.9
0 95.69 -14.88 2.96
0 95.5 -14.57 1.61
0 94.95 -12.43 1.56
0 95.55 -12.98 1.65
0 95.51 -12.39 2.05
0.16 94.73 -6.48 2.68
0 94.77 -6.71 1.98
0.05 95.35 -7.25 2.3
0 95.86 -9.13 1.77
2.52 95.42 -9.26 1.55
1.15 95.18 -9.34 1.83
0 95.12 -8.08 1.61
0 95.08 -5.11 2.02
0.32 95.55 -7.27 1.5
0.19 95.39 -4.71 1.2
0 94.99 -1.59 1.58
0 94.85 1.44 1.71
1.4 94.57 2.98 3.31
1.82 95.22 -3.81 3.84
0.1 94.92 -7.09 1.69
0 94.78 -5.33 1.74
0.7 94.72 -5.4 2.32
1.01 94.71 -6.17 1.79
1.78 95.04 -5.73 2.77
0 95.09 -7.35 2.95
0 95.24 -7.75 2.78
0 95.25 -6.51 2.42
0 94.77 -5.44 2.13
0 95.05 -5.18 2.21
0 94.56 -2.53 2.2
0 94.36 0.76 3.39
0 95.01 -1.88 3.77
0 94.6 -2.07 2
0 94.13 2.01 3.24
0 93.83 6.21 2.52
0 94.17 4.65 2.42
0 93.77 7.15 4.91
0 94.84 3.94 2.09
0.22 94.79 3.17 4.36
0 95.11 3.58 4.39
0 94.52 6.3 2.82
0 94.56 7.09 3.08
0 94.81 7.33 2.6
0 93.86 11.81 4.14
0 93.83 11.43 2.42
0.01 93.84 10.77 2.59
0 93.87 10.12 2.97
67.09 93.64 11.12 2.82
23.84 94.11 9.56 2.1
0 94.32 10.63 2.23
0.95 94.39 8.84 2.09
0 93.9 11.17 2.7
0 94.57 7.75 3.47
0 94.99 2.96 4.48
0 94.18 6.67 4.5
0 94.77 5.39 3.79
0 94.2 12.63 3.7
0 94.11 13.45 1.56
0 93.98 14.09 2.52
0 94.17 11.44 3.99
0 94.87 9.33 2.2
3.52 94.5 10.36 2
1.74 94.23 11.38 1.93
0 94.36 13.28 1.61
0 94.29 16.83 3.16
0 94.81 13.11 2.89
0 94.15 12.9 2.33
16.73 94.12 7.81 2.66
0.06 94.79 8.33 2.42
30.9 94.61 7.23 2.42
0.13 94.23 9.05 119.57
0 94.32 10.97 3.46
0 94.01 13.33 2.64
1.4 93.69 15.58 3.43
4.61 93.95 17.14 3.7
0.87 94.42 15.54 3.52
37.64 94.66 10.93 3.06
0 94.92 12.02 2.56
0 94.78 13.25 1.97
0 94.16 14.97 1.69
0 93.63 18.38 1.97
14.43 93.62 16.64 4.42
133.36 94.2 7.12 4.57
9.25 93.81 7.38 5.08
10.26 94.04 5.04 5.31
0.28 94.26 7.4 4.03
0.11 93.66 11.28 2.47
33.59 93.67 8.35 3.76
0.55 94.21 11.44 2.04
73.09 94.46 10.41 2.55
5.7 94.38 11.99 1.98
203.34 93.54 8.64 2.3
45.36 92.71 14.91 3.79
0 92.92 16.32 3.95
0.12 93.25 13.45 3.67
0 92.98 13.67 3.09
0.05 93.76 16.41 2.92
5.25 94.11 15.7 2.16
4.71 93.77 17.58 2.75
59.09 93.4 16.38 2.51
2.91 93.45 17.3 2.78
0.05 93.56 18.92 2.36
0 93.57 21.65 2.46
0.45 93.89 24.32 3.49
56.37 93.72 17.07 2.52
0.7 93.31 16.41 5.19
0 92.78 20.96 4.05
19.69 92.57 18.07 3.08
0.71 93 21.5 2.27
0 93.09 23.62 33.17
0.32 93.65 24.6 2.58
0 93.62 27.39 3.67
8.73 93.84 22.9 2.7
0.45 93.97 21.01 2.44
0 93.83 22.13 2.25
0.66 93.63 21.99 2.14
10.14 93.49 23.23 2.37
343.06 93.62 16.05 2.27
95.66 93.48 13.5 3.07
16.84 93.17 16 2.9
35.66 93.47 15.31 2.12
48.48 93.87 15.24 1.79
12.48 93.98 18.2 2.02
32.19 93.78 19.84 2.42
16.91 93.81 20.06 2.22
0.06 93.69 21.41 2.09
10.66 93.5 22.38 1.71
132.4 93.28 20.09 2.01
101.76 93.17 19.5 1.97
84.81 93.31 18.75 2.6
5.84 93.57 19.05 1.84
40.77 93.7 19.07 1.92
12.7 93.83 18.75 1.49
169.73 93.91 18.12 2.32
4.62 93.79 20.95 1.9
0.11 93.4 22.88 2.27
16.64 93.21 21.96 2.88
21.69 93.29 21.36 3.42
0.34 93.72 21.6 3.55
0.88 93.64 22.48 2.84
0 93.71 23.85 1.94
0 93.66 24.33 1.76
26.96 93.6 22.38 2.39
82.28 93.28 20.19 2.23
20.74 93.05 22.66 2.11
0.04 93.53 24.5 2.21
1.21 93.59 25.1 2.81
1.7 93.46 25.62 2.27
7.76 93.25 24.51 2.7
21.8 93.2 22.69 3.58
0 93.4 22.95 2.98
0 93.12 23.52 3.67
5.83 93.2 21.97 2.92
13.39 93.38 21.2 2.65
1.12 93.32 22.3 2.55
6.56 93.38 23.05 1.87
31.68 93.33 22.86 2.47
78.67 93.39 21.44 33.17
12.16 93.62 22.44 32.62
0.24 93.72 25.95 1.75
0.81 93.82 28.31 2.02
6.27 93.43 28.82 4.05
80.85 93.32 23.8 2.39
0.49 93.62 21.86 1.67
0 93.35 24.37 2.57
0.13 93.68 22.63 1.97
0 93.73 23.01 1.62
0.03 93.91 23.57 1.88
19.46 93.79 25.37 2.33
4.82 93.34 26.52 2.98
17.65 93.35 25.03 3.15
49.99 93.5 23.91 1.88
0 93.6 25.72 2.23
0 93.57 26.45 2.51
4.95 93.45 25.76 2.24
12.97 93.4 25.28 1.88
120.58 93.66 19.66 2.31
1.11 93.63 21.37 2.04
0 93.9 21.73 2.45
0 94 21.17 1.52
0.03 93.85 21.95 2.06
56.24 93.59 20.8 2.22
20.8 93.36 20.76 1.6
1.04 93.56 21.41 3.29
0.87 93.74 20.27 2.12
29.83 93.76 18.43 1.77
8.55 93.67 18.38 1.71
8.18 93.73 19.49 2.08
5.84 93.83 19.89 1.82
3.47 93.97 20.77 2.06
8.2 94.16 20.7 1.69
0.71 94.1 22.16 1.82
2.87 93.8 23.33 2.18
5.39 93.78 23.68 1.85
58.02 93.72 22.19 2.27
66.68 93.56 21.81 1.75
84.92 93.81 19.08 2.26
1.35 94.1 19.31 2.58
0 94.21 20.4 2
0 94.31 21.97 1.76
10.94 94.42 20.03 1.95
6.68 94.45 20.29 1.59
1.25 94.41 20.07 1.81
20.8 94.24 19.39 1.79
14.75 94.21 19.09 1.74
246.18 94.16 15.74 2.18
1.19 93.8 17.25 1.88
0 93.5 19.65 2.34
0 94 18.41 1.48
0 94.02 19.88 1.6
3.49 93.64 20.16 2.8
0.02 93.91 17.71 2.81
0 94.07 15.44 1.5
0.03 94.33 16.78 1.65
0.27 94.33 18.04 1.96
31.8 94.38 16.45 1.38
1.19 94.19 18.1 2.32
0.1 94.51 15.67 2.89
0 94.61 13.52 3.05
0 94.65 12.7 1.43
0 94.74 15.41 1.34
0 94.71 16.16 1.94
18.53 94.02 15.61 2.34
26.24 93.98 14.03 2.64
0.02 94.57 13.82 1.54
1.05 94.62 15.76 2.04
91.02 94.77 12.2 1.71
20.66 94.54 12.86 1.54
0 94.45 13.31 1.78
45.68 93.83 14.09 2.69
0.07 94.38 12.96 2.09
0.75 94.3 13.42 2.69
27.65 95.05 6.2 3.65
0.09 95.13 5.26 1.7
35.05 94.29 6.53 1.57
20.3 94.16 7.84 1.97
0 94.49 8.38 1.63
129.18 94.67 7.43 1.48
15.6 95.19 7.81 2.42
0 95 8.21 2.01
0 94.59 11.4 1.76
0 94.48 13.16 2.26
0 94.67 15.36 1.92
0 94.9 13.16 1.63
1.21 94.83 13.3 2.66
0.69 95.75 7.82 3.21
0 95.31 3.93 1.62
0 94.41 7.76 2.13
0 93.98 8.76 4.03
0 94.48 8.79 2.86
0 94.23 11.56 2.32
0 94.34 12.52 2.08
0 94.03 15.31 3.84
0 94.81 7.56 2.42
0 95.16 3.89 1.82
0 94.67 5.48 1.75
0 93.95 10.16 2.58
0 93.66 12.6 2.72
0 93.87 10.86 2
0 95.3 4.02 4.51
0 95.67 1.74 1.76
0 95.12 3.4 1.61
0.11 94.86 7.5 1.69
8.35 95.01 7.7 55.06
3.41 94.74 5.64 1.58
1470.28 94.42 6.1 3.3
1470.42 94.6 3.19 3.83
1470.27 94.38 5.98 2.47
1470.27 93.99 6.98 3.24
1470.29 94.35 5.45 3.15
1470.27 95.57 -1.28 2.76
1470.27 95.55 -2.15 1.52
1470.27 95.16 -0.12 1.91
1470.27 94.97 3.25 1.69
1470.27 94.66 3.08 1.5
1470.29 94.31 2.11 3.37
1470.4 94.75 -4.84 5.65
1470.27 94.74 -2.22 2.84
1470.27 95.07 -2.69 1.59
1470.27 95.18 -2.02 1.64
1470.7 95.04 0.14 2.02
1470.27 95.38 -1.83 1.55
1470.27 95.3 -1.33 1.57
1470.27 94.61 0.55 2.78
1470.27 94.05 2.39 3.67
1470.27 94.56 -0.09 2.56
1470.27 95.06 -2.65 2.03
1470.35 94.84 0.41 2.78
1470.27 95.2 -3.55 1.79
1470.27 94.32 -2.97 2.22
1470.27 93.88 118.22 4.37
1470.27 94.94 -3.61 2.01
1470.27 94.47 -2.27 1.46
1470.3 94.32 -1.27 2.01
1470.61 94.47 -2.4 5.51
0 95.02 -12.18 6.13
0 94.77 -11.82 3.54
0 94.53 -11.77 5.66
0 94.66 -11.29 4.54
0 94.77 -10.72 3.48
0 94.92 -10.08 1.76
2.19 94.96 -9.5 1.75
0 95.48 -10.46 1.56
0.09 95.36 -8.35 2.46
3.13 94.76 -5.8 4.59
0.17 95.15 -9.92 2.94
0.05 94.76 -10.57 3.89
0 94.9 -11.27 2.44
0 94.93 -9.68 1.58
0.44 94.9 -9.56 3.57
0 94.98 -12.92 3.43
0.02 94.99 -10.92 2.14
0 94.92 -8.28 2.57
0.34 94.68 -7.05 4.18
0 94.99 -10.94 3.65
0 94.64 -10.33 3.32
0 94.45 -4.09 2.27
0 94.49 -4.52 2.78
0 95.32 -6.01 3.65
0 95.54 -5.65 2.47
0 95.3 -8.93 1.28
0 94.92 -5.4 2.27
0 94.32 -5.71 2.01
0 93.68 -4.99 3.34
0.28 94.35 -7.22 211.39
0.06 95.11 -11.66 5.01
0.26 95.08 -11.83 2.68
0 95.01 -7.82 2.9
0 93.81 -3.77 3.26
0 94.03 -3.54 1.81
0.45 94.39 -3.65 4.79
0 94.91 -8.03 3.08
0 95.24 -9.69 1.63
0 95.16 -8.95 2.03
0 95.05 -6.29 2.4
0.05 94.61 -5.31 2.71
0 95.6 -8.1 2.27
0 95.73 -9.24 1.75
0 95.31 -6.67 1.73
0 95.43 -9.32 1.5
0.78 95.07 -9.65 1.62
2.17 95.1 -10.22 3.51
0 95.21 -9.67 2.01
2.04 94.13 -5.78 3.28
0.02 94.73 -8.79 1.88
0.1 94.65 -7.91 2.14
0.7 95.18 -8.18 2.12
0 94.65 -8.63 1.81
0 94.17 -4.91 3.1
0 94.99 -7.35 1.95
1.67 94.64 -4.9 1.34
3.35 95.23 -9.01 3.97
0 95.74 -12.5 2.92
0 95.56 -12.52 2.02
0.19 95.02 -9.34 3.43
0 95.62 -11.17 3.4
0 95.89 -10 1.59
0 95.68 -9.05 1.71
0 95.51 -8.27 1.53
0.21 95.41 -5.34 2.72
0.13 95.35 -7.2 3.38
0 95.24 -4.59 2.87
0 94.62 -2.37 2.8
0.06 95.41 -10.97 5.05
0 95.52 -12.29 3.33
0 94.83 -7.05 2.52
0 94.18 -3.63 2.23
0.02 94.2 -6.64 3.34
0 94.38 -6.77 2.15
0 94 -5.03 1.97
0 93.82 -1.47 2.11
0.02 94.47 -3.51 1.38
7.74 94.27 -1.9 2.55
0.02 94.87 -2.36 4.09
0 95.49 -4.21 2.18
0 94.98 -4.16 2.77
9.69 94.19 -1.19 2.95
19.11 93.7 -1.83 5.42
0.32 94.13 -6.85 5.72
0 94.34 -7.21 1.95
0 93.97 -6.68 1.95
0.32 94.44 -7.83 3.16
0 94.83 -9.63 3.46
0 95.44 -7.57 1.98
6.54 94.53 -3.3 4.48
0 94.21 -1.63 3.13
0.08 93.81 -3.31 2.52
0.1 94.49 -7.46 5.63
0 94.96 -7.17 2.5
0 94.7 -4.01 2.75
0 94.05 0.55 3.95
0 94.37 0.59 2.67
2.87 94.93 -3.55 3.21
0 95.73 -10.01 5.27
0 95.09 -4.77 3.34
0 94.71 -4.37 3.56
0 94.23 -3.53 2.89
0 102.87 113.89 119.02
0 94.33 0.06 3.39
0 94 5.17 3.82
0 93.91 5.28 3.03
0 94.64 2.47 2.21
0 93.95 6.08 2.77
0 94.22 5.7 3.57
0 94.33 4.87 2.68
0 94.3 5.58 4.09
0 95.21 1.61 3.93
0 95.38 2.7 2.77
0 95.56 3.45 1.66
0 95.34 7 2.55
0 95.16 11.35 3.82
0 94.36 12.27 4.35
0 93.95 11.55 3.52
0 94.05 9.97 2.96
0 93.59 13.79 3.62
5.3 94.54 6.55 2.94
0 94.65 4.41 1.75
182.01 93.14 2.16 2.23
0.61 93.93 3.58 2.2
4.6 93.87 5.11 1.8
0.21 94.43 3.2 4.8
0 95.5 -1.28 3.91
0 95.46 -0.36 3.16
0 94.71 3.92 2.52
0.06 94.46 6.91 2.83
0.1 94.65 7.08 1.97
22.2 94.84 6.34 3.25
160.24 95.45 -0.92 3.98
0.31 95.07 2.88 2.12
0 93.51 11.02 2.02
1.96 92.69 13.33 3.75
0.7 93.54 7.98 5.71
0 93.6 10.5 2.14
0.07 93.88 11.98 2.61
0.01 94.34 10.09 3.26
0.03 93.99 10.52 3.05
0.15 93.89 10.65 2.44
0 94.14 13.4 3.73
0 94.33 13.66 5.02
0 94.61 13.83 2.71
0 94.03 19.55 3.82
0 93.65 22.56 3.85
28.12 93.34 19.15 3.35
10.67 93.94 16.24 2.45
0 93.99 18.63 2.23
0 93.91 20.14 2.83
18.2 93.7 16.04 3.27
14.28 93.74 15.22 2.24
0 94.07 12.23 5.31
0 93.86 13.23 4.21
0 93.34 13.69 5.26
0 93.83 11.57 2.71
0.28 93.78 11.96 4.81
15.68 94.04 7.1 2.16
0 94.41 8.24 1.7
119.86 94.27 7.11 2.42
51.4 93.38 6.68 1.98
11.89 92.2 10.8 3.86
0.82 92.3 17.8 3.61
1.84 93.59 15.24 5
0.02 94.17 14.91 3.85
0 93.62 17.7 3.2
28.33 92.77 18.07 3.28
20.71 92.97 13.82 5.32
1.92 93.39 12.56 5.51
0 94.2 17.54 3.84
0 93.85 20.23 2.93
0 93.7 21.06 2.48
0.89 93.62 21.38 2.19
0.3 93.46 23.41 2.93
1.23 93.36 24.64 3.62
7.64 93.51 22.99 2.48
0.43 93.49 22.34 2.99
6.34 93.18 22.78 3.43
0.5 93.5 20.33 3.52
0 93.56 19.23 2.48
0 92.77 24.05 5.85
4.69 93.24 21.96 2.89
1.49 93.81 18.95 4.02
0 94.03 20.54 2.76
79.85 93.24 16.84 2.85
30.22 92.74 18.53 2.49
33.42 93.25 17.71 2.62
0.21 93.57 18.72 3.38
3.32 93.32 19.01 2.51
7.31 93.3 18.2 2.16
97.91 93.04 16.37 2.45
138.51 92.6 14.91 1.99
48.35 92.67 15.95 1.68
64.97 93.56 16.92 2.23
0.9 93.82 20.05 1.9
13.62 93.66 21.44 2.04
0.24 93.38 22.22 1.85
92.26 93.41 19.13 2.8
6.34 93.58 18.01 3.72
78.45 94.01 16.17 2.63
0.04 94.12 20.8 2.24
0 93.74 22.78 1.82
10.61 93.47 23.35 2.48
0.8 93.6 23.19 2.47
29.52 93.41 22.98 2.57
33.65 93.14 21.1 2.06
57.91 93.1 20.46 2.1
1.53 93.52 21.75 1.58
11.72 93.59 23.21 2.09
215.58 93.74 17.3 2.04
28.05 93.16 17.92 1.85
27.44 92.76 18.5 2.95
4.75 93.3 16.52 3.22
0.06 93.85 18.1 2.12
44.71 93.83 19.11 1.87
7.04 93.95 19.94 1.63
0 93.93 21.94 2.09
0.57 93.79 23.38 1.99
6.27 93.94 24.38 2.01
0.5 94.17 25.39 2.34
9.75 94 23.5 2.55
1.37 93.73 24.71 1.9
1.12 93.25 25.9 2.33
0.46 93.08 26.01 3.07
26.37 93.41 25.51 2.48
49.31 93.8 22.8 2.41
47.5 93.98 19.91 2.03
24.1 93.82 20.92 1.65
100.1 93.65 21.37 1.7
49.29 93.77 21.72 1.99
31.9 93.69 22.49 2.32
35.43 93.46 23.01 1.94
77.26 93.43 22.25 1.69
10.35 93.43 22.31 1.4
23.48 93.26 22.1 1.66
4.64 93.08 23.28 1.98
4.27 93.46 24.3 2.12
36.18 93.54 23.95 1.87
39.08 93.3 23.45 2.11
109.11 93.29 23.33 2.24
244.3 93.66 20.58 2.21
5.93 93.87 21.88 1.59
3.66 93.68 22.79 1.9
24.7 93.21 24.4 2.95
0.16 93.21 21.92 1.96
5.63 93.08 23.57 2.6
9.54 93.24 24.2 2.98
43.69 93.62 23.2 1.93
28.28 94.16 21.93 2.18
48.59 94.21 21.95 1.52
10.32 94.12 23.14 2.2
0 94.15 23.15 2.09
0 93.97 23.42 1.53
0 93.79 23.98 1.6
0 93.48 24.96 1.77
0.98 93.31 24.5 2.31
0.03 93.59 22.86 2.29
0 93.63 22.91 1.66
1.08 101.87 138.2 118.34
50.61 102.21 138.28 118.57
93.43 94.06 19.25 1.85
26.31 93.79 18.71 2.17
7.61 93.61 19.54 2.22
37.41 93.71 19.17 1.85
17.46 94.02 19.55 1.78
36.32 94.25 18.93 1.9
10.72 94.19 19.54 1.99
44.93 94.07 19.27 2.14
0.09 94 19.95 2.34
21.99 93.85 19.5 1.87
4.27 93.98 18.38 1.37
26.52 94.13 18.27 1.53
141.86 94.31 17.34 1.55
87.32 94.37 17.69 2.1
1.62 94.36 20.03 2.29
0.18 94.49 18.98 1.94
22.97 94.31 17.33 1.54
89.11 94.15 16.35 2.08
0.03 94.29 17.1 1.83
0 94.19 18.87 1.51
4.42 94.34 19.79 2.24
31.3 95.01 15.34 2
4.7 94.94 13.72 1.71
57.33 94.37 12.63 1.67
8.52 94.34 13.77 2.48
0 94.28 18.57 2.26
0 94.57 18.43 2.27
0 94.68 17.89 2.54
0 94.53 18.33 2.2
10.33 94.52 18.94 1.55
14.37 94.59 18.13 2.08
0.01 94.67 15.71 2.08
7.35 94.15 15.75 2.18
12.48 93.95 18.36 2.22
69.64 93.78 16.87 2.68
25.07 93.91 13.69 2.06
46.28 93.83 14.41 1.84
13.55 93.87 14.46 2.9
0 94.1 13.33 2.35
0 94.32 14.92 2.51
0.23 95.1 13.14 1.6
7.64 95.56 10.55 1.95
11.33 94.44 14.1 2.89
46.47 93.77 10.52 5.31
0.05 93.67 13.13 4.28
0 94.63 11.03 1.84
0 94.93 13.28 2.26
0 94.47 16.39 3.23
0 94.38 16.45 2
0 94.16 16.7 3.07
0 94.46 9.36 3.81
1.14 93.78 5.15 3.25
3.02 93.99 5.09 4.95
2.97 94.3 9.41 4.46
0 94.68 11.44 2.3
0 94.74 12.32 1.81
0 94.5 12.49 1.62
0 94.44 13.26 1.53
0 94.45 14.28 2.42
3.41 94.6 12.07 2.92
0 95.28 5.74 2.43
0 94.23 9.67 2.48
35.12 94.75 4.68 1.68
19.66 95.08 4.76 1.79
2.42 99.15 68.78 32.28
0 98.66 69.38 32.33
0 95.34 6.57 2.08
0 95.25 4.46 1.7
6.26 94.07 6.61 5.06
0 94.13 3.2 3.64
0 94.71 1.1 3.26
0 95.04 -0.37 3.67
0 95.46 0.2 2.64
0 95.51 2.48 1.51
0 94.88 4.86 1.72
0 94.69 5.35 1.31
0 94.64 8.13 3.56
0 94.83 8.91 2.86
0.5 95.91 0.94 3.53
73.39 95.97 -4.15 2.45
38.44 95.59 -4.08 2.86
10.52 95.11 -3.41 1.7
0.3 95.16 -3.5 1.26
0 95.3 -3.58 1.44
0 95.46 -1.86 1.43
0.07 95.31 0.68 1.33
0.03 94.62 2.33 1.79
0 94 4.75 2.35
0.36 94.83 1.97 2.18
10.17 94.64 -2.37 2.5
0 95.32 -4.73 2.16
8.25 95.19 -5.95 2.21
13.11 95.19 -7.37 1.88
8.57 95.18 -8.24 1.83
6.75 95.68 -9.19 1.64
19.45 96.12 -11.73 2.39
10.11 96.2 -12.99 2.74
0.21 96.09 -15.42 1.93
0.03 95.27 -14.88 2.73
0 95.2 -14.7 2.59
0.14 94.7 -11.65 1.37
0.73 95.13 -10.07 1.4
8.9 94.89 -5.62 2.28
0 94.76 -8.2 1.67
0.87 94.1 -3.91 2.11
0.18 93.93 -6.22 4.75
0.44 94.27 -8.22 5.35
0 94.62 -5.63 3.71
0 95.23 -5.73 2.13
0 95.36 -8.48 1.5
0 95.52 -9.32 1.07
0 95.11 -3.71 2
1.11 94.77 -0.42 2.41
0.01 95.06 -2.35 3.21
0 95.33 -7.5 1.69
0 95.01 -6.91 1.36
0 95.12 -6.82 1.11
4.61 94.46 -5.35 2.95
0.08 94.56 -7.17 4.35
0.1 95.13 -9.38 5.02
0 95.18 -8.34 2.76
0 95.63 -6.39 1.91
0 95.61 -7.1 1.5
0 94.75 -4.57 2.14
0 94.97 -6.42 1.69
0 95.05 -8.57 1.65
0 94.98 -6.52 2.02
0 95.05 -9.98 2.21
0.02 94.02 -7.52 2.79
0 95.02 -12.44 3.44
0 95.79 -15.29 1.9
0 95.55 -8.97 2
0.69 95.11 -6.39 1.51
2.53 95.37 -7.83 1.51
0 95.36 -8.98 1.94
0 94.54 -4.09 2.2
0.02 94.52 -6.37 1.43
2.23 94.68 -8.46 2.02
0 95.16 -11.24 3.6
0 94.98 -12.52 2.64
0 95.27 -10.69 2.85
0 95.12 -10.64 3.38
0 94.92 -11.26 2.7
0 94.67 -11.05 2
0 95.38 -12.84 2.94
0 95.66 -13.99 2.65
0 95.16 -13.63 3.12
0.16 94.5 -12.27 3.91
0.25 94.21 -11.5 2.38
0 94.25 -11.87 1.7
15.48 94.83 -14.92 2.17
2.69 94.87 -19.17 2.49
0 94.54 -19.57 4.21
0 95.12 -18.73 1.73
0 95.6 -18.02 1.43
1.09 95.55 -17.37 2
0.73 96.07 -21.15 3.21
0 95.98 -24.35 4.7
0 95.57 -16.45 4.46
0 94.98 -10.93 3.14
0 94.81 -12.24 3.29
0 94.86 -10.86 3.19
0 95.39 -13.47 1.91
0 95.8 -16.45 1.68
0 95.62 -16.9 2.29
0 95.7 -13.73 3.04
0 95.59 -11.42 2.67
0 95.23 -9.87 2.11
0 95.01 -9.55 2.57
0 95.22 -9.4 3.34
0 95.16 -9.4 3.53
0 95.06 -7.97 2.72
0 94.19 -8.03 2.67
0.02 93.82 -5.02 3.28
0 94.46 -3.95 2.52
0 94.13 -0.13 2.42
0.05 94.04 0.47 2.08
4.56 94.32 -0.52 2.92
32.65 95.03 -8.39 5.5
0 95.1 -13.02 5.13
0 94.48 -9.92 4.02
0 94.37 -5.63 4
0 94.3 -3.08 3.41
0 94.28 -4.58 3.6
0.28 95.1 -7.77 3.36
0 95.06 -10 3.49
0 94.87 -10.07 2.46
0.02 95.04 -7.52 3.03
0 95.9 -11.07 2.54
0 95.54 -9.98 2.44
0 95.46 -9.22 2.9
0.2 94.8 -7.49 2.73
0.05 94.89 -7.7 2.09
0.3 95.21 -8.83 3.94
0.19 95.42 -9.23 3.12
0.09 94.54 -1.75 2.65
0 94.17 0.96 2.07
0 94.09 0.91 2.48
0.5 94.48 -0.55 1.54
17.7 94.33 0.01 3.96
0.06 94.31 -1.94 2.42
3.56 94.61 -4.78 4.04
0 95.34 -8.28 4.32
0 95.44 -8.23 3.67
0.06 95.21 -7.2 3.39
0 94.68 -5.86 2.05
0 94.08 -1.92 3.68
0 94.82 -2.34 2.61
0 94.66 0.82 2.61
0 94.11 4.25 2.64
0 93.98 7.27 3.04
0 93.57 9.24 4.55
0 94.02 6.66 3.96
0 94.86 3.71 1.81
0 95.11 5.45 1.89
0 94.77 7.89 2.62
0 95.09 4.98 4
0.02 95.66 1.66 4.42
0 95.66 1.47 3.03
0 95.35 2.5 2.93
0 94.97 6.75 3
0 94.39 8.56 2.44
0 93.77 9.98 3.61
0.3 94.23 6.6 3.37
0 94.17 8.45 3.18
0 93.26 14.42 4.41
13.46 93.55 9.26 4.71
0.66 94.57 5.52 3.98
0 94.57 7.33 3.19
0 93.79 9.54 3.33
0.18 94.05 9.35 2.4
0.58 93.46 11.6 4.29
0 93.84 9.4 4.5
0 93.77 11.25 5.3
0 93.98 7.33 2.88
0 94.6 5.27 3.08
0 94.12 6.7 4.27
15.51 93.3 8.77 2.5
0.24 93.07 10.2 4.67
0 94.14 10.73 3.09
1.16 93.68 14.74 4.61
9.96 93.63 9.83 4.14
2.28 93.61 5.95 4.08
3.55 93.9 6.26 2.38
2.42 94.22 7.21 2.96
0.02 93.89 13.1 2.76
0 93.09 14.35 5.58
0 93.61 10.19 5.85
0 94.11 10.34 2.84
0 93.6 13.62 4.23
1.61 94.35 10.62 3.14
32.48 94.58 8.64 2.07
2.42 94.22 12.06 1.75
0 94.35 12.6 2.3
26.79 93.56 13.21 2.52
0.05 93.18 16.86 2.67
27.99 92.95 20.33 3.92
172.06 93.72 10.57 2.29
40.86 92.89 11.63 4.98
0 93.35 15.23 2.97
12.69 93.31 15.28 4.6
0.02 93.67 12.47 6.05
0 94.38 14.71 2.6
0 93.85 18 4.06
1.67 94.02 16.17 2.32
0 93.71 16.61 2.3
1.02 92.91 19.18 3.81
124.66 93.65 11.18 4.58
0 94.48 14.08 3.78
34.21 94.11 11.74 3.65
0.87 93.96 12.15 3.38
0 93.46 17.67 3.18
0 93.59 22.07 3.57
0 93.85 23.39 3.94
0 94.06 21.85 3.35
0 94.22 21.56 3.4
0.06 94.9 18.64 3.44
0.06 94.81 17.8 2.42
44.97 93.94 14.52 1.93
24.15 92.91 15.04 4.28
5.85 93.19 17.96 3.28
0.59 93.67 17.99 4.24
0 93.6 20.96 4.24
0.3 93.24 23.09 3.9
0 93.58 18.66 4
0 93.3 21.35 4.01
19.28 94.05 16.92 2.02
0 94.13 19.47 1.47
0 93.77 22.51 2.45
0.02 93.44 23.29 3.01
0.06 93.57 22.34 2.67
0.6 93.83 22.53 2.19
31.61 93.98 18.84 3.15
3.96 94.02 18.73 2.01
0.15 93.77 21.07 2.49
25.58 93.45 20.52 3.7
85.81 93.22 19.69 4.01
34.82 93.72 17.73 2.34
10.2 93.62 18.92 1.93
7.1 93.28 18.89 2.03
116.33 93.16 15.24 2.09
13.19 93.21 18.29 2.1
4.29 92.83 19.45 2.18
41.87 92.88 19.95 1.9
2.65 93.42 20.08 2.84
0.01 93.51 22.89 2.47
21.71 93.17 24.11 2.74
34.17 93.2 23.11 2.33
21.7 93.22 21.94 2.07
12.63 93.48 20.71 2.91
3.97 93.54 20.39 3.64
0 93.69 23.7 2.9
0 93.62 24.14 2.02
32.2 93.34 22.46 2.6
67.09 93.42 18.57 2.75
100.77 93.3 19.98 1.98
50.89 93.37 19.84 2.11
0 93.5 20.2 1.78
0.35 93.47 21.83 1.75
0 93.58 24.52 2.61
0 93.74 24.57 2.82
5.18 93.95 24.94 1.93
0 94.06 26.18 1.78
0 93.98 26.65 2.62
0 93.73 26.25 2.53
0 93.5 27.62 1.91
0 93.26 28.54 2.38
11.52 92.96 28.56 3.12
99.83 93.24 21.82 1.93
0.68 93.56 24.12 2.34
2.38 93.87 22.26 2.52
13.29 93.55 19.49 1.98
3.53 93.43 18.87 2.07
2.78 93.7 21.53 1.69
0.09 93.7 23.39 2.13
14.84 93.76 23.52 2.4
212.21 93.85 20.88 2.02
736.86 93.4 20.61 2.36
68.45 93.16 23.19 1.77
17.54 93.08 26.2 2.62
0.62 93.6 25.04 1.98
396.57 93.59 20.32 2.42
2.02 93.48 22.22 1.57
2.98 93.28 23.84 2.11
29.66 93.26 23.21 2.05
17.61 93.61 23.25 1.86
145.4 93.88 22.77 2.1
46.69 94 21.87 1.67
14.56 94.1 22.75 1.88
0.22 94.11 24.36 1.76
0 94.05 25.8 1.49
0 93.99 26.79 1.77
0 93.89 26.64 2.02
379.37 93.64 24.79 1.8
131.29 94 23.25 2.22
0 94.09 21.94 1.5
0 93.73 23.58 2.22
0 93.53 26.32 3.08
2.29 93.55 28.26 2.87
19.6 93.64 24.83 2.14
0 93.6 23.98 1.77
0 93.84 23.46 1.83
16.14 93.75 22.9 1.69
81.3 93.59 21.68 1.94
5.77 93.46 22.2 1.38
221.03 93.41 20.15 1.63
10.56 93.84 21.13 2.09
13.07 93.96 21.67 1.8
1.03 94.1 22.53 1.95
2.06 94.19 23.09 1.62
23.45 93.71 20.96 1.54
15.73 93.54 22.98 2.17
115.95 94.28 17.58 3.63
0 94.55 17.43 2.13
5.82 94.22 17.42 2.15
1.74 94.19 18.32 2.06
0 94.34 17.73 1.91
0 93.78 17.66 1.89
12.48 92.77 16.66 4.19
21.57 92.6 15.45 2.74
4.19 93.23 18.63 1.56
12.66 93.74 18.44 1.3
141.76 93.99 17.63 1.61
42.27 93.94 17 1.39
10.78 93.82 18.54 1.53
2.64 93.55 18.55 1.75
4.98 93.64 17.3 1.63
40.98 93.94 16.25 1.8
15.24 94.09 15.67 1.71
94.34 94.43 15.03 2.08
14.94 94.67 15.69 1.44
2.99 94.62 16.96 1.41
45.85 94.45 18.26 1.59
0.02 94.34 18.78 1.73
8.09 94.4 17.72 2.04
4.2 94.81 15.51 1.77
30.65 94.96 13.35 2.06
0.29 95.01 13.13 2.35
0 94.85 13.36 1.51
1.45 94.63 13.89 2.06
10.81 94.29 15.86 1.98
3.21 93.99 17.69 1.84
2.75 93.73 19.54 3.14
0.11 94.38 16.52 2.19
15.4 94.19 16.66 1.82
2.68 94.94 11.27 4.72
0 95.32 7.67 2.15
0.1 94.54 9.43 2.18
0.19 94.21 14.76 2.11
9.57 94.07 17.97 3.21
1.62 94.09 15.41 2.27
3.13 94.09 14.94 3.03
108.22 94.59 7.56 2.06
9.41 94.69 6.39 2.01
1.14 95.24 8.19 1.61
64.51 94.4 10.33 3.13
0.96 94.64 5.41 4.58
0 94.83 4.55 1.81
0.4 94.43 5.82 1.71
0 94.96 5.55 37.35
0.36 94.95 7.21 1.57
0 94.57 11.55 1.44
0 94.66 12.81 1.73
0.23 94.81 13.96 2.41
3.77 94.3 13.95 4
0 94.75 9.53 2.24
0 94.53 11.35 1.89
0 94.39 12.41 2.27
3.11 95.2 4.82 2.58
52.74 94.63 5.26 1.75
36.65 95.28 2.19 2.66
0 94.94 2.38 1.51
0 94.31 3.35 1.5
0 93.97 7.83 3.03
0 95.08 2.97 1.94
20.5 95.14 2.37 1.37
6.49 95.35 1.66 3
0.56 95.39 -0.16 2.61
2.82 95.11 -0.54 3.31
0 95.9 -5.36 3.19
0 95.53 -3.69 2.33
0 94.86 0.02 3.02
0 94.29 1.76 1.74
0 93.43 3.9 1.74
0 94.41 1.66 2.56
0.39 95.17 -0.71 2.09
5.89 95.45 -1.64 3.2
0 95.8 -4.12 1.77
0 95.19 -2.18 2.18
3.56 93.78 1.99 3.39
2.28 93.98 -1.84 1.76
0.3 94.51 -1.75 1.49
0 94.01 3.66 3.3
0 94.7 0.63 4.95
0 94.91 -3.57 2.01
0 94.68 -0.23 2.27
0 94.61 -1.08 2.16
0.2 94.07 0.29 2.29
2.85 94.54 -3.56 2.28
26.65 95.07 -7.18 1.92
48.34 95.43 -9.88 2.86
0 95.81 -11.76 3.16
0 95.49 -10.83 2.71
0 95.01 -8.83 2.59
0 94.67 -6.59 1.97
0 94.22 -3.1 3.26
0 95.02 -6.37 3.05
0 95.45 -5.2 1.71
0.11 95.68 -5.64 1.7
6.15 94.59 -1.74 3.46
0 95.34 -3.94 3.68
0 95.09 -0.71 2.57
0 94.35 1.57 2.88
0 94.4 -1.8 2.67
1.49 95.03 -6.23 3.47
0 94.49 -6.1 2.81
0 94.7 -6.38 2.46
5.05 94.14 -4.44 3.51
0 95.06 -7.95 2.19
0 95.2 -8.81 1.52
0 94.61 -6.71 2.34
5.73 94.93 -4.13 2.5
0 95.53 -9.33 3.02
0 95.46 -10.78 2.07
0.02 95.46 -9.3 3
0 94.7 -5.36 2.35
0 94.65 -5.1 1.15
0 94.81 -4.58 1.16
0 94.88 -4.03 1.24
0.02 95.21 -3.76 1.33
0.21 95.2 -5.08 2.38
4.14 94.87 -9.51 3.5
0 95.27 -11.02 2.29
0 95.17 -10.71 1.35
0.08 95.02 -6.04 3.45
0.48 95.61 -9.44 3.41
0 95.51 -11.81 2.12
0 95.24 -10.46 3.98
0 95.45 -9.71 2.78
0 94.98 -8.46 1.79
0 94.85 -7.23 1.55
0 94.67 -3.61 3.04
0 94.82 -5.37 2.21
0 94.51 -2.8 2.85
0 95.07 -5.88 1.49
0 95.35 -7.26 1.4
0 94.93 -4.13 1.61
10.53 94.93 -4.22 1.43
6.49 94.56 -5.44 2.32
0.03 94.7 -8.31 3.42
0 94.94 -10.95 3.78
0 94.69 -11.03 2.83
0.03 94.42 -11.46 2.8
0 94.61 -11.1 4.54
0 95.47 -12.08 2.1
0.13 95.44 -13.83 1.38
0.05 95.35 -13.01 1.45
0.32 95.17 -11.16 2.06
0 95.48 -11.88 1.76
12.96 95.17 -12.89 2.76
0 95.24 -14.09 2.28
0 94.91 -13.43 4.13
0 95.54 -14.3 2.47
0 95.66 -14.7 1.49
0 95.77 -12.9 1.46
0 95.19 -8.36 1.69
0.1 94.51 -5.02 4.38
0 94.98 -7.53 3.25
0 94.42 -8.38 2.48
0.17 95.26 -11.61 3.88
0 95.58 -11.02 3.29
0 95.03 -9.14 2.82
0 95.75 -8.96 3.21
0 95.18 -6.67 2.15
0 94.59 -4.59 1.67
0.41 94.25 -1.84 2.26
0 94.61 -6.57 3.21
0.02 95.5 -7.3 2.35
0.02 95.44 -7.93 1.23
0.06 95.28 -9.15 5.35
0.03 94.84 -10.24 5.44
0 95 -9.63 4.47
0 95.1 -7.59 3
0 95.07 -6.64 1.71
0 95.56 -5.03 1.61
0 95.43 -4 1.83
0 94.28 1.04 3.14
1.72 94.59 -3.58 4.14
0 95.18 -7.41 3.05
0 94.56 -5.54 2.64
0 93.56 -2.72 4.62
0 95.29 -7.47 3.71
13.59 95.08 -7.04 2.54
8.66 94.49 -4.63 4.05
0 94.97 -5.47 3.5
0 94.72 -3.02 3.37
0 94.66 -1.35 3.18
0 94.85 -1.33 1.75
0 94.53 0.68 2.78
0 94.48 -0.17 2.88
0.18 94.84 -4.83 3.67
0 94.09 -1.05 2.62
0 94.14 -0.43 1.68
0.03 94.34 -3.28 2.39
0.26 94.76 -5.5 3.49
0.09 94.52 -7.59 3.74
0 94.57 -5.68 4.55
0 94.11 -0.86 3.73
0 93.9 0.45 2.9
0 94.12 2.81 1.98
0 94.4 3.64 2.97
0 95.18 -0.7 4.27
0 95.19 0.24 2.75
0 95.15 1.01 2.01
0 94.87 2.44 1.72
0 94.51 2.9 1.74
1.12 94.42 3.79 1.9
0 94.95 4.7 1.83
0.45 95.03 4.33 2.12
1.11 95.06 1.62 3.05
0 94.91 1.26 1.95
0 94.66 2.68 2.05
1.23 95.03 1.62 1.57
10.11 94.72 1.11 1.39
2.71 94.58 2.53 2.57
0.58 94.52 1.4 2.17
0 94.69 2.23 2.25
0 94.49 4.79 2.52
0 94.43 8.09 3.29
0.3 95.2 3.86 2.62
0 95.02 4.12 2.07
0 94.42 5.73 1.77
0 94.47 8.78 1.97
0 94.37 11.85 2.79
0 94.06 15.68 3.51
0.61 93.78 14.03 3.24
1.79 93.88 10.95 3.28
0.89 93.95 9.82 2.48
0 94.68 8.55 3.01
0 94.66 8.52 2.18
0 93.7 12.27 3.57
0 94.25 7.63 3.89
0 94.15 6.72 2.48
0 93.53 11.66 3.85
0 93.14 14.35 2.85
0 93.6 15.4 3.25
0.8 93.87 13.83 3.06
1.67 92.84 13.52 4.72
0.46 93.03 7.32 5.49
2.62 93.36 7.6 3.11
3.28 93.74 8.9 3.31
0 94.16 9.65 2.28
0.03 93.5 12.55 4.79
0 93.72 9.6 2.9
0 94.05 8.42 3.39
0.02 94.71 8.28 3.56
0 94.75 9.99 4.34
0 93.97 14.27 4.24
0 93.42 16.36 3.24
0 93.11 19.9 4.06
0 93.9 16.61 2.46
0 94.26 17.34 2.63
0 94.21 20.44 3.68
4.43 94.12 18.5 5.16
11.54 94.09 14.27 3.44
14.91 93.79 9.35 5.92
0 94.03 10.52 6.04
0 93.92 17.59 3.94
0 93.61 19.62 2.43
0 93.34 19.76 3.9
0.21 93.38 18.56 3
0.02 93.54 14.37 4.77
0 93.35 12.32 4.37
1 93.6 12.13 4.5
0.15 94.3 13.66 4.44
0 94.26 15.89 2.25
0 93.48 19.75 1.85
0 93.32 23.14 2.11
0 93.35 27.83 3.58
6.64 93.69 25.64 3.26
1.09 93.94 23.27 2.75
14.16 94.24 15.56 3.34
183.41 94.35 9.77 2.17
0.06 94.17 16.07 2.34
0.01 93.77 19.07 2.34
0.06 94.23 15.84 2.92
0 93.78 19.23 2.46
0 93.41 21.61 2.74
0 93.73 22.04 3.87
31.88 94.03 16.72 2.45
0.93 93.5 19.53 2.87
7.96 93.04 19.64 2.98
0 93.52 17.43 3.27
89.46 93.79 11.48 1.94
0 93.95 15.45 2.18
0 93.95 19.45 2.18
0 94.09 21 2.24
25.92 93.77 15.04 2.21
0.61 93.54 18.35 2.69
0.41 93.44 20.86 3.52
0 93.51 20.6 3.42
0 93.85 18.71 2.06
7.44 94 17.83 1.79
22.63 94.29 18.11 1.72
0 94.33 20.32 1.94
0 93.95 25.97 2.28
0.6 93.66 26.62 1.55
0.75 93.49 25.82 2.87
24.82 93.4 22.9 2.13
46.61 93.39 20.49 2.51
52.68 93.29 18.94 1.77
7.23 93.35 19.81 2.4
0.55 93.51 21.14 2.17
98.44 93.85 18.15 1.63
130.72 93.74 16.89 1.56
4.2 93.5 18.81 1.44
4.75 93.48 21.6 1.5
0 93.65 23.7 1.69
13.1 93.53 24.6 3.05
20.04 93.55 25.81 2.99
0.18 93.46 26.48 2.7
14.9 93.35 26.3 2.39
59.63 93.24 26.17 2.11
21.28 93.39 24.61 2.34
0.86 93.5 25.27 2.06
50.21 93.65 23.64 1.7
32.74 93.8 22.47 1.54
55.37 93.56 23.53 2.38
471.49 92.77 22.5 2.29
46.4 92.74 23.63 2.61
36.86 92.9 23.86 2.47
0.69 92.89 23.77 2.04
0 93.15 24.59 1.86
0.38 93.22 27.61 2.38
63.7 93.01 27.48 3.13
32.06 93.44 24.53 2.06
14.7 93.76 25.59 1.63
0 93.88 26.83 1.77
0 93.81 28.03 1.85
0.02 93.53 28.21 2.69
27.89 93.31 26.34 2.48
52.78 93.3 22.58 2.39
43.87 94 21.24 1.95
48.74 94 21.07 1.37
5.58 93.56 23.43 1.23
1.02 93.68 23.47 1.58
0.71 93.88 23.54 1.9
31.69 93.53 21.72 2.29
0.84 93.77 22.47 2.23
0 94.25 22.77 1.69
0 93.82 23.02 1.61
67.67 93.43 23 2.83
0.04 93.58 24.81 1.88
1.57 93.66 25.59 2.22
63.49 93.4 24.46 1.93
589.91 92.84 23.22 1.92
17.61 93.24 23.96 1.53
70.45 93.29 23.73 2.28
32.68 93.15 22.14 1.9
1.95 93.2 23.53 2.02
33.72 93.06 22.09 1.61
53.11 92.87 20.23 1.48
9.5 92.96 22.62 1.5
20.87 93.36 23.53 2.4
55.73 93.72 22.17 1.99
0.68 93.87 22.77 1.67
19.59 93.81 21.82 1.66
34.21 93.72 21.34 1.57
252.78 93.79 19.33 2.08
43.73 93.95 20.3 1.79
34.71 94.08 21.13 1.75
45.8 94.1 21.34 1.83
13.77 93.74 21.88 1.71
2.15 93.51 24.99 1.86
32.35 93.95 22.04 1.96
309.84 93.83 19.18 1.86
0.02 93.87 19.54 3.52
0 93.96 17.56 3.41
0 94.25 18.39 2.07
22.65 93.98 15.98 2.37
5.15 94.41 15.51 2.87
0 94.53 14.21 2.07
0 94.26 16.48 2.08
0.82 94.25 16.99 1.71
2.11 94.08 19.58 1.9
11.35 94.11 18.89 1.9
12.98 94.01 19.17 2.36
3.01 93.86 20.17 2.37
0.08 93.78 19.51 3.58
0 93.68 18.46 1.79
0 93.49 20.5 2
1.06 93.97 18.25 2.51
5.18 94.02 18.67 2.04
95.37 93.93 16.85 1.7
0.02 94.18 15.94 2.19
0 94.56 15.28 1.71
0 94.79 16.02 1.75
6.42 94.72 18.12 2.14
7.61 94.56 17.94 1.91
0.56 94.17 18.32 2.5
0.01 94 16.63 2.37
0 93.45 18.44 2.07
0.19 93.89 15.14 2.95
0 94.24 14.68 1.67
1.92 93.6 18.2 2.82
10.38 93.63 16.17 3.48
0 93.79 16.92 3.54
0.16 94.09 17.3 2.25
16.73 94.06 15.5 2.15
24.47 94.35 12.9 1.94
0.03 94.31 9.52 2.3
0 94.2 8.46 3.35
0 94.03 9.56 2.43
0 94.13 13.04 2.49
0.15 94.33 14.68 3.46
0 95.06 8.8 2.41
0 95.4 7.43 2.05
0 95.15 9.06 2.4
0 94.49 13.11 3.29
0 94.27 14.23 2.67
0 94.58 13.25 1.88
13.78 94.87 11.72 1.52
87.39 95.47 8.41 3.15
27.4 95.5 4.71 2.41
0.88 95.29 4.62 2.8
0.91 94.92 3.74 2.2
0 94.81 5.19 2.73
0.02 95.36 4.3 1.25
28.73 95.41 6.44 1.74
0.07 95.75 4.97 1.8
0 95.53 5.65 1.63
6.12 94.9 8.29 1.6
0.13 94.7 8.76 1.38
0 94.43 10.49 2.3
0.03 95.07 6.86 1.59
15.28 95.17 4.06 1.7
0.22 95.19 4.96 1.57
0 95.01 6.49 1.72
0 95.08 7.04 1.33
0 94.47 9.15 1.53
0.03 94.32 9.97 1.85
0 95.19 5.64 4.42
0 95.68 1.59 3.46
0 95.15 4.51 2.32
0 94.28 7.19 2.7
