0.48 95.11 -16.88 1.25
0.01 95.78 -17.54 1.36
20.56 95.63 -19.54 1.43
7.21 95.86 -18.54 2.87
0 96.15 -19.86 2.02
0.01 96.36 -20.36 1.92
0.06 96.46 -18.1 1.19
23.57 95.82 -17.06 0.93
7.17 96.03 -17.17 1.03
0 96.28 -16.66 1.19
0 96.27 -16.17 2.71
0 95.68 -18.45 2.81
0 95.7 -15.84 3.39
2.58 95.52 -15.88 1.06
0 96.6 -15.67 1.23
0 96.15 -13.81 1.04
0 95.82 -11.12 0.92
0.01 95.74 -6.74 1.08
0 95.23 1.22 3.31
0.05 96.5 -9.79 4.45
0 96.37 -12.97 2.41
0 96.08 -11.27 4.67
0 95.55 -7.84 3.55
0 94.97 -8 4.26
0 95.97 -9.23 3.31
0 98.93 -4.24 2.97
0.97 94.88 -3.58 2.23
0.01 95.51 -10.93 4.06
0 95.08 -5.15 4.89
0 95.15 -4.9 1.72
0 95.74 -8.63 1.38
0.69 95.89 -11 1.77
0 95.91 -14.38 2.32
0 95.83 -12.99 2.43
0 95.81 -13.72 2.19
0 96.16 -13.92 1.3
0.01 96.01 -11.37 2.04
1.81 95.07 -3.18 2.73
0 95.18 -4.82 1.39
0 95.82 -7.29 2.37
0 96.43 -10.51 2.54
0 96.83 -12.18 2.93
0 96.54 -12.03 1.87
0.03 95.89 -9.95 2.29
0 96.34 -10.6 2.24
0 96.5 -12.44 1.64
0 96.03 -10.53 1.35
0 95.62 -8.95 2.96
0 95.42 -8.32 2.76
0 94.88 -3.81 1.98
0 94.75 -7.57 1.61
0 94.91 -6.81 1.78
0 94.88 -4.23 2.53
0 93.85 1.85 1.83
2.06 94.27 -3.33 1.58
0 95.35 -6.86 1.95
0.14 95.49 -5.41 1.67
2.34 95.13 -6.4 2
0.73 95.8 -8.27 1.97
0.07 95.45 -7.89 1.95
0.22 95.19 -2.9 3.43
0 95.24 -1.94 2.71
62.32 94.86 -2.49 2.7
2.36 95.99 -10.4 3.38
0 96.68 -12.59 1.56
0.01 96.95 -12.89 1.4
2.51 97.24 -10.39 2.32
0.01 96.44 -9.77 2.5
0 95.06 -4.56 2.31
0.14 93.96 2.46 3.01
0.41 95.18 -4.96 4.17
0 95.75 -2.89 1.74
50.19 95.14 -0.13 1.99
0.63 95.17 -2.73 5.66
0.01 95.62 -4.76 2.72
0 96.03 -5.57 2.18
0 95 -2.94 2.64
0.19 93.63 4.11 2.36
44.94 94.33 -1.17 3.48
0 94.65 0.01 2.79
0.04 94.63 4.05 3.8
0 95.29 2.56 2.44
0 95.88 -0.71 2.42
0.03 95.86 -3.5 3.35
1.4 95.37 -2.94 1.62
4.47 95.96 -2.59 1.49
0 95.83 3.15 1.38
0.04 95.58 6.19 1.66
2.88 95 9.03 3.95
1.79 94.77 7.59 4.66
0 95.22 1.53 5.17
0 95.26 -0.4 4.03
0 94.87 4.52 3.94
0 94.62 9.04 3.84
4.36 95.28 2.44 2.14
0.01 95.89 1.73 2.07
0 95.3 7.01 3.32
0.19 94.08 12.94 5.24
23.58 94.92 2.57 2.62
0 95.22 3.21 2.89
0.78 95.15 1.7 1.86
59.59 94.99 0.37 3.22
0.02 95.77 -1.25 4.87
0 95.87 2.26 2.54
0.64 95.19 4.46 2.41
7.48 95.49 2.73 1.78
0 95.42 4.98 2.62
31.89 94.73 10.88 2.52
24.11 95.24 8.48 1.64
0.11 95.61 7.96 2.01
0.08 95.85 9.48 1.83
0.42 95.6 9.03 1.85
0.09 95.49 8.19 1.71
0 95.05 12.75 3.06
1.7 94.79 13.33 3.98
21.14 94.69 4.7 3.37
11 94.3 2.46 3.38
0.06 94.43 5.01 5.96
1.63 94.58 7.04 4.9
9.18 94.81 11.83 2.28
0 94.26 17.43 1.91
0 94.01 18.8 3.96
0.2 94.52 16.72 2.1
1.88 94.02 65.6 2.31
196.54 93.72 9.58 2.35
5.32 94.18 13.25 4.01
53.68 94.18 11.21 1.41
8.97 94.41 14.75 2.37
48.13 94.22 11.61 3.5
13.03 94.14 9.12 2.04
2.13 95.17 9.56 2.06
0 95.4 13.12 1.51
0 95.33 16.31 1.38
3.56 94.91 17.7 3.61
8.55 94.81 20.65 2.48
0.59 94.98 19.96 2.17
12.17 94.51 17.65 2.5
218.27 93.68 12.19 2.5
0.42 93.39 18.26 4.46
0 94.23 21.54 2.37
0 94.37 24.58 2.44
0.21 94.37 22.7 1.92
0.5 94.05 21.71 2.37
11.99 94.3 17.4 3.48
0.35 94.88 21.22 2.85
0.08 95.28 22.08 2.14
3.21 95.21 19.26 1.76
85.03 94.59 15.73 2.28
71.19 94.22 16.72 1.75
86.85 94.7 15.27 1.69
4.86 95.28 16.7 1.07
2.96 95.18 18.21 1.39
0.33 95.3 19.38 1.39
0 95.33 21.63 1.76
0.01 95.12 22.98 2.02
0 94.82 24.03 2.13
0 94.82 24.2 2.24
0 94.93 24.85 3.47
0 95.06 24.65 3.39
0 95.16 24.91 2.12
0.94 95.04 21.75 2.19
0.03 94.74 21.66 3.52
0.29 94.4 23.91 1.81
25.66 94.15 23.93 2.71
67.8 94.05 22.59 2.73
0.41 93.97 23.92 2.35
8.03 94.08 23.72 1.6
83.39 94.13 21.15 1.95
36.55 94.23 20.62 1.77
0.65 94.31 22.86 1.03
0.05 94.72 23.04 2.49
0.01 94.28 23.63 1.54
4.42 94.65 20.07 2.07
0 94.71 23.28 1.48
0 94.56 25.99 1.88
0 94.55 27.11 2.76
0 94.48 26.33 1.65
9.35 94.33 21.74 1.45
21.93 94.25 22.48 1.46
0.12 94.3 24.02 1.36
0.05 94.04 26.05 1.21
74.41 94.01 22.41 2.27
1.26 94.04 24.88 1.27
0.03 94.03 27.93 1.71
2.75 94 27.42 1.67
0 94.01 26.79 2.83
0.02 94.15 25.21 2.5
6.85 94.44 21.24 1.67
1.69 94.63 22.45 1.98
0.72 94.59 22.26 2.41
41.27 94.35 21.87 1.52
122.65 94.36 20.76 1.38
336.06 94.64 20.02 1.34
2.66 94.91 22.36 0.87
0 94.82 24.16 2.25
76.23 94.37 22.64 2.45
3.49 94.13 25.1 2.75
0.9 94.37 26.32 2.3
1.46 94.34 27.48 2.33
7.03 94.43 26.33 2.46
90.62 94.37 23.88 1.89
0.72 94.61 24.78 1.44
1.04 94.71 25.99 1.56
14.49 94.73 27.03 1.22
2.36 94.85 27.63 1.51
0.35 94.71 28.2 1.96
7.71 94.62 27.52 2.59
45.53 94.26 26.85 2.29
364.52 93.87 25.86 2.5
9.72 93.92 21.68 1.18
43.6 93.85 25.47 1.07
212.84 94.2 21.77 1.36
0 94.8 21.1 1.91
0.01 94.69 22.72 1.31
4.48 93.93 25.16 3.06
47.2 94.19 23.01 1.77
54.53 94.58 22.3 2.92
0 95.33 20.33 1.58
25.57 94.93 20.36 1.36
70.86 94.23 22.57 2.01
30 94.32 22.85 2.06
0 94.54 21.76 1.88
0 94.24 24.91 2.45
44.62 93.98 24.98 1.9
1.46 93.87 26.62 2.13
11.95 93.77 24.51 3.32
0 94.29 22.43 2.93
0 94.64 22.25 1.68
12.22 94.63 23.07 1.93
4.74 94.8 23.35 2.21
104.03 94.97 22.7 1.82
0.63 95.28 22.77 1.68
136.17 95.18 18.57 1.55
71.64 95.14 19 1.29
0.55 95.12 20.22 1.26
0 95.05 22.47 1.67
0.05 95.29 21.78 1.8
0.9 95.5 21.66 1.4
0 95.21 21 1.54
0.79 95.01 19.56 1.54
25.54 94.61 20.43 1.48
3.79 94.71 20.6 0.98
0.48 94.75 22.07 1.74
10.78 95.27 19.92 1.63
8.55 95.41 20.9 1.11
0.02 95.3 19.96 1.07
0 95 19.9 1.73
0 94.77 22.81 1.58
0.68 94.99 23.75 1.78
0 95.57 18.2 1.46
0 95.36 17.41 1.35
1.06 94.9 18.19 1.25
4.46 94.58 19 1.25
0.12 94.82 19.37 1.47
0 94.97 20.6 0.96
1.5 95.02 22.25 1.28
0 95.11 22.84 1.79
4.61 94.9 21.36 2.09
101.1 95.31 14.68 1.98
318.11 95.42 8.77 1.65
155.69 95.27 12.37 1.33
0 94.98 16.13 1.45
50.63 95.25 14.64 1.91
200.24 95.86 9.48 2.22
0 95.72 9.96 2.33
0 95.52 12.41 1.3
0.49 95.24 14.77 1.22
6.7 94.98 15.62 2.51
0.14 95.19 12.74 2.6
0 95.16 10.98 4.85
0 95.99 9.2 2.45
0 95.57 10.09 1.37
0.02 95.25 15.23 1.73
0.63 95.62 12.49 1.34
287.29 95.37 6.94 2.31
91.19 95.3 7.52 2.17
0 95.4 9.14 1.43
0 95 13.38 1.12
0 94.89 17.09 2.4
0 95.02 18.36 2.54
0 94.96 18.08 2.28
0 94.52 17.62 3.43
15.95 95.14 11.08 1.88
142.88 95.58 4.96 1.99
0 95.64 8.28 1.44
0 95.22 9.63 1.62
0 95.41 8.57 3.18
0 94.9 7.95 2.69
0 95.74 2.5 2.67
0 96.3 0.76 0.81
18.21 96.23 -0.38 1.31
65.98 96.29 0.51 0.97
0 96.14 1.72 1.05
0 95.58 4.29 1.38
0 95.28 9.01 1.3
8.77 95.5 8.67 1.97
2.31 96.04 3.5 3.21
0 96.39 -0.43 3
0 97.04 -1.4 2.04
0 96.2 1 1.39
0 96.09 4.59 2.13
0 96.09 5.67 1.18
0 96.15 5.83 1.31
0 95.98 6.26 1.96
0 96.51 2.18 3.33
0 96.02 1.52 1.81
0 95.6 5.44 1.45
0 95.7 4.59 1.19
0 95.38 6.85 1.7
0 95.08 7.49 1.32
5.35 95.27 3.09 1.95
0.16 95.76 0.2 3.39
0 95.42 -1.06 1.44
0 94.97 0.53 1.19
16.98 94.46 0.87 3.97
1.02 94.88 -0.67 1.8
0.55 95.91 -1.37 4.27
0 96.87 -4.88 2.76
0.02 96.19 -2.92 2.33
0 95.55 0.46 1.43
0 95.45 1.5 1.88
0 95.14 5.18 3.09
0 94.68 3.41 2.31
0 94.44 6.02 1.81
0.15 94.61 2.21 3.94
0 95.37 -2.32 1.98
0 95.19 -1.92 1.8
0.01 95.46 -1.87 4.22
0 95.74 -6.12 2.78
0.25 94.88 -5.77 2.49
0 95.25 -7.34 6.44
0.2 95.41 -7.74 1.2
0.09 95.29 -6.73 1.27
0 94.92 -2.92 1.92
0.02 94.53 -3.72 1.81
0.03 95.12 -7.84 3.57
0 95.18 -5.24 2.16
0 94.16 3.55 2.32
0 95.58 -2.97 2.71
0 96.12 -5.64 3.21
0 94.84 -5.1 2.45
0 94.82 -6.85 1.28
0 94.26 -4.82 1.62
2.46 94.19 -9.02 3.73
0 95.17 -12.41 1.59
0.83 95.56 -14.46 1.74
0.04 96.28 -15.51 2.8
0 96.17 -16.33 3.42
0 95.86 -15.5 3.2
0 94.55 -8.47 3.66
0 94.41 -6.63 1.28
0 94.46 -4.1 1.8
0 94.74 -2.52 2.41
0 94.98 -0.7 1.89
0 94.73 -7.24 1.41
0.14 95.3 -10.92 2.77
0 96.56 -16.99 2.75
0 96.52 -15.76 3.45
0 95.62 -14.65 3.39
0 94.52 -11.98 2.75
0 94.2 -9.09 2.11
0 94.85 -11.93 3.24
4.75 95.09 -12.63 1.83
0.02 95.27 -12.87 4.54
0.11 95.81 -11.21 4.97
0 95.82 -11.5 3.43
0 95.97 -12.5 2.79
0 95.58 -13.02 0.75
0.01 95.18 -12.88 1.37
0.02 95.35 -11.52 5.19
0 95.95 -10.17 4.35
0.01 95.27 -7.88 1.67
0.12 95.16 -9.58 3.83
0 95.7 -13.65 4.2
0 94.96 -11.11 3.01
0 94.52 -12.61 3.86
0 94.66 -12.55 2.01
0 94.67 -11.08 3.4
0.02 95.66 -15.4 3.38
0 96.08 -17.71 3.38
0 95.89 -14.98 2.66
0 95.71 -14.08 2.49
0 95.44 -14.55 3.07
0 95.42 -14.54 3.64
0 95.32 -12.53 2.14
0 95.14 -12.77 1.45
0 95.15 -13.35 3.41
0.03 95.41 -14.86 3.53
0.01 95.56 -14.34 1.65
0.04 95.73 -14.72 2.26
0 96.15 -15.21 1.61
0 96.44 -14.05 3.07
0.01 95.99 -14.11 3.48
0 95.7 -15 3.82
0 95.48 -10.92 3.99
0 95.11 -3.86 2.64
0 94.81 -4.75 1.82
0 94.74 -7.71 1.49
0 94.59 -6.09 2.16
0 94.86 -5.58 2.4
0.02 94 -3.2 5.22
0.02 94.62 -3.3 2.7
0 94.29 -6.54 2.13
0.39 94.46 -7.62 3.38
0.07 95.24 -10.81 1.88
0.58 95.21 -10.03 0.93
2.7 95.48 -13.46 3.99
0 95.6 -12.56 2.15
0.08 95.51 -11.87 1.87
0.06 95.45 -11.85 1.44
0 94.73 -3.42 2.98
0.67 94.74 -5.17 1.84
3.67 95.19 -4.94 2.69
0 95.15 -3.99 1.95
0 95.03 -0.26 1.81
0 95.32 -0.54 1.64
0 94.92 1.77 2.19
0 94.44 2.65 3.74
5.53 94.26 0.95 2
0.14 95 -4.09 2.77
0 95.61 -4.75 1.65
5.13 95 -1.88 4.53
0.34 95.85 -9.27 3.57
0.03 95.33 -8 3.21
0 95.01 -6.9 3.53
0 95 -6.78 2.29
0 95.12 -4.37 3.29
0 94.77 -0.64 1.97
0.07 94.28 1.63 2.66
0 95.11 -1.78 3.55
0 94.83 -1.56 4.67
0 94.88 -4.02 4.69
0 95.21 -2 4
0 94.97 -0.21 4.06
0 94.33 2.57 2.99
0 93.63 7.44 2.25
0.01 94.39 2.42 4.37
0 95.51 -2.26 3.85
0 95.2 -5.33 4.39
0 94.95 -3.43 3.27
0 94.34 3.56 3.19
0 94.03 4.7 5.12
0 94.44 1.95 4.16
0 94.64 -0.78 2.25
3.8 95.23 -3.85 4.48
0 95.31 -2.84 3.36
0 95.04 -2.04 2.58
0 95.19 -2.55 4.88
0 97.25 -0.56 2.77
0 97.22 0.93 3.09
0 97.06 2.94 3.16
0 97.33 2.77 1.98
0 96.99 7.37 3.33
0 96.67 8.21 2.15
0 96.26 10.63 4.49
0 97.58 2.01 4.1
0 97.49 2.27 2.37
0 97.03 6.02 2.77
0 96.93 7.81 1.23
0 94.85 10.22 2.44
0.04 94.11 10.66 5.6
0.93 94.49 7.91 5.11
0 94.47 8.2 3.98
0 94.35 8.58 3.38
0.81 95.01 5.28 3.61
0 94.69 9.37 3.62
0 94.08 14.71 3.62
0 94.2 13.72 1.56
0.02 93.45 16.33 3.34
0 94.32 10.47 5.64
0 93.99 12.35 4.35
1.19 94.05 8.25 7.28
0.34 94.71 6.91 5.19
0 94.5 9.62 2.1
0 93.96 13.68 4.17
58.53 94.71 7.16 2.14
3.19 94.58 6.23 1.97
16.96 94.31 4.86 3.15
7.36 93.88 6.11 3.8
0.06 93.46 8.6 1.79
4.35 93.49 9.6 3.03
1.74 94.17 7.32 2.9
0 93.66 9.72 1.3
30.63 93.04 8.85 1.71
2.93 93.01 9.42 2.07
0.57 93.91 13.58 3.63
0.17 94.17 11.23 4.47
0 94.49 12.66 2.86
1.13 94.03 12.85 2.86
125.54 93.24 9.38 3.01
0.08 93.3 11.17 4.05
0.01 93.83 13.39 3.27
0.87 93.8 14.99 3.81
9.34 93.62 17.04 3.15
0 93.89 18.29 2.57
0.11 93.57 16.32 5.19
0.36 93.48 12.61 5.95
0 93.69 15.09 6.87
0 93.79 16.36 4.78
0 94.36 12.9 3.28
0 94.31 13.91 2.27
0.01 93.2 17.62 2.28
15.19 92.97 19.29 3.63
11.81 94.17 13.34 2.96
3.83 94.26 11.64 3.25
0.29 94.12 12.9 4.49
0 93.98 17.69 3.37
0 94.1 18.69 2.91
0 94.24 21.19 3.29
2.96 94.14 20.53 4.41
6.42 94.09 18.86 5.36
0.01 93.93 20.01 2.76
0.51 93.75 23.43 5.04
5.75 93.84 22.57 2.83
39.14 93.44 18.61 3.38
5.6 93.38 17.4 3.23
0.02 93.81 19.76 3.17
7.5 93.51 20.6 5.96
2.35 93.65 18.93 4.06
0.33 93.91 19.55 1.82
0.62 93.77 23.14 1.77
8.6 93.13 24.44 3.03
9.05 92.87 22.09 2.73
10.25 93.12 21.85 2.15
0 93.54 22.72 2.58
38.59 93.5 20.55 1.99
175.29 93.64 15.81 2.84
4.18 93.84 19.56 1.96
4.71 93.86 21.49 1.23
82.03 93.64 20.46 2.08
39.84 93.63 18.7 2.03
125.72 93.83 17.37 1.91
0.38 94 20.31 1.89
0 93.92 23.96 1.17
0 93.75 26.26 1.77
0.03 93.47 27.71 2.86
0 93.41 27.47 2.8
9.85 93.19 22.28 2.2
40.18 93.5 15.89 2.56
0.64 94.16 19.04 2.76
0 94.5 20.77 1.47
3.11 93.94 22.34 3.21
5.22 93.22 23.27 2.78
20.79 93.37 24.81 2.75
0.02 93.51 25.12 3.07
40.71 93.42 24.02 2.53
50.09 93.53 22.28 1.29
0.21 93.44 23.65 2.33
0 93.57 23.76 2.6
0 93.69 25.52 2.85
46.2 93.18 22.58 2.51
0.42 92.91 25.03 3.53
87.55 92.98 17.86 1.81
15.82 93.03 18.57 2.72
11.52 93.71 21.07 1.84
21.71 93.86 23.06 2.31
7.88 93.92 24.04 1.9
4.09 93.94 23.79 2.3
0.99 93.76 24.26 1.23
34.54 93.89 21.74 1.79
7.83 93.85 22.21 1.62
49.95 93.71 21.4 1.67
12.98 93.78 20.89 1.29
53.31 93.84 21.58 1.43
409.36 93.72 20.04 2.34
48.53 93.61 20.95 1.42
53.74 93.53 22.03 1.97
8.74 93.5 23.04 1.99
0.11 93.58 25.43 1.35
19.13 93.54 26.01 2.07
380.97 93.35 22.37 2.16
49.02 93.31 22.38 2.52
5.26 93.49 23.15 1.93
0.38 93.72 24.71 1.32
111.6 93.92 21.16 1.74
52.4 93.56 21.07 1.54
0.02 93.62 23.51 1.78
0.17 93.75 24.32 2.12
0.37 94.11 23.26 2.08
0.03 93.69 23.82 2.02
0 93.67 24.09 1.58
0.02 93.88 24.34 1.53
3.81 93.85 23.72 1.31
4.51 93.88 23.92 1.7
6.16 93.56 23.75 1.6
4.78 93.67 25.44 2.07
0 94.06 24.57 1.23
0 93.89 26.11 1.03
0 93.6 26.26 1.74
18.06 93.36 25.77 1.69
109.65 93.76 20.65 1.94
247.12 93.8 17.99 1.96
8.74 93.82 21.06 1.37
8.05 93.96 20.66 1.28
0.06 94.23 21.31 1.67
0.08 94.35 22.18 1.13
0 94.35 23.19 1.26
0.41 94.23 23.22 1.31
11.92 94.47 21.15 1.62
0 94.44 20.57 1.38
31.82 94.41 19.87 1.31
2.41 94.63 19.83 1.52
0.79 94.71 21.24 1.29
7.38 94.51 19.6 2.08
4.31 94.19 20.82 1.3
0.48 94.09 22.05 1.4
0 94.03 23.16 1.32
9.31 93.79 22.42 2.95
0.65 94.32 18.98 1.76
0 94.11 20.11 1.52
2.68 94.65 17.94 2.62
0.17 94.57 18.64 1.61
0 94.64 17.86 1.41
0 94.15 19.47 1.26
11.57 93.8 18.42 3.22
1.65 94.44 13.5 1.72
0.07 94.99 13.1 1.76
1.81 95.22 13.65 2.03
4.02 94.68 16.78 2.19
0.17 94.42 17.64 2.03
0.03 94.01 19.75 3.29
13.7 94.09 17.17 2.1
12.29 94.36 13.6 1.4
37.34 94.69 12.19 2.02
0 95.08 8.94 2.31
0 95.51 9.45 2.38
0 95.32 10.39 1.38
0 94.98 11.94 1.67
0 94.58 13.5 1.46
0 94.69 14.62 2.48
0 94.54 15.04 1.99
0 94.29 17.79 2.92
0.03 94.58 18.03 1.75
0.07 94.72 19.17 3.29
0.02 94.53 18.56 2.21
9.24 94.38 15.14 1.86
0.09 94.86 7.88 3.07
0 95.34 6.31 2.59
0 95.4 6.92 3.02
0 95.86 7.99 3.66
0 95.5 9.42 1.47
0 94.81 11.26 2.29
0 94.26 12.12 3.12
0 94.86 9.86 1.88
0 94.81 10.73 1.26
0 94.55 14.52 2.14
0.05 95.02 13.53 3.04
0 95.53 9.22 1.16
0 95.24 12.19 1.54
0 94.65 14.55 1.41
64.39 94.08 10.39 1.68
2.29 94.03 9.05 2.42
0.63 93.66 7.91 2.84
0.81 94.16 8.34 4.35
0 95.14 4.98 1.89
0 95.18 8.56 1.35
0 94.95 11.07 2.08
0.01 94.8 14.39 3.46
0 94.76 13.66 1.9
0.19 94.67 11.68 1.52
38.71 95.25 4.22 3.5
0.01 95.56 1.98 3.35
0 95.54 4.23 1.84
0 95.11 5.81 1.46
0.58 94.96 7.15 2.59
0 95.25 6.56 1.67
0 94.89 7.25 1.5
0 94.7 9.14 3.36
0 94.9 10.15 4.26
2.88 95.11 10.82 2.77
0.05 95.71 4.39 1.49
0.53 95.36 7.79 1.64
2.87 95.14 9.66 3.39
0.12 95.88 2.02 2.61
0.03 95.71 0.46 0.91
0 95.62 3.08 1.22
0 95.6 3.26 1.47
0 95.39 1.98 1.15
0 94.74 2.42 1.08
0 94.14 4.44 2.14
0 94.44 5.15 3.42
0.02 95.23 -2.24 2.66
0 95.31 -4.88 1.8
0 95.33 -4.03 1.45
0 95.58 -2.27 1.59
22.42 94.93 -0.08 0.7
2.85 94.76 -1.27 2.61
0.61 94.94 -5.64 3.51
0 95.4 -6.74 2.52
0 95.39 -4.24 2.02
12.35 95.05 -6.02 2.76
0.28 95.62 -7.77 2.73
0 95.33 -8.61 0.84
0.05 95.3 -6.68 1.41
0.45 94.66 0.35 2.35
0 94.75 -0.66 1.38
0 95.61 -4.11 2.05
0 96.14 -8.79 1.45
0 96.4 -8.44 1.91
0.06 95.64 -7.71 0.86
0.02 94.95 -5.29 1.04
0 95.16 -6.4 1.19
0 95.49 -8.44 0.82
0.51 95.69 -9.15 0.8
0.55 95.67 -6.72 0.72
0.45 95.96 -8.46 2.37
0.02 96.25 -12.18 3.5
0 95.85 -11.35 3.02
0 95.03 -6.54 5.4
0 95.11 -3.78 2.96
0 95.55 -6.92 1.75
0 94.83 -4.01 2.78
0 95.57 -9.73 4.53
0 95.77 -13.42 3.17
0 95.87 -12.18 4
0 95.63 -10.41 2.09
0 95.7 -10.38 2.23
0 95.6 -11.2 1
0 95.26 -10.23 2.07
0 95.23 -9.65 4.37
0 95.44 -11.66 2.83
0 94.99 -9.57 3.6
0 95.15 -12.82 2.03
0 95.65 -12 1.85
0 95.89 -10.34 2.1
0 95.43 -6.69 2.38
0 95.84 -11.04 1.5
0 96.13 -14.79 1.01
0.06 95.56 -12.6 0.6
0 95.38 -9.86 1.66
0.1 95.78 -11.36 1.97
0.26 95.18 -11.79 2.65
0.09 95.37 -12.72 4.33
0 95.58 -11.97 2.69
0 95.38 -11.11 1.69
0 96.19 -14.51 1.18
0.08 96.06 -14.81 0.78
0 95.65 -12.14 1.41
0 95.61 -13.22 0.88
0.06 95.68 -12.42 3.3
0 95.74 -12.52 2.98
0 94.9 -6.76 3.42
0 95.16 -8.55 2.53
0 95.08 -8.77 2.52
0 94.8 -10.3 0.74
0.03 94.65 -8.42 1.34
0.06 94.85 -12.09 1.03
0 94.99 -10.59 1.23
0 95.45 -11.47 1.17
0.01 96.13 -14.51 3.09
0 95.97 -18.06 3.33
0 95.61 -17.81 2.67
0 95.1 -17.05 2.18
0 94.96 -16.38 2.87
0 94.56 -13.87 3.34
0 94.68 -13.57 1.69
0 95.21 -15.12 1.48
0 95.43 -14.74 1.84
0 95.82 -15.5 1.62
0.03 95.43 -17.1 1.26
0.16 94.98 -16.61 4.13
0 95.76 -17.79 4.36
0 95.74 -15.97 2.92
0 94.78 -13.28 3.17
0 94.85 -9.96 2.62
0.08 94.3 -6.38 2.46
0.02 94.96 -13.67 5.03
0 95.15 -16.28 5.02
0 94.72 -12.97 5.42
0 94.9 -10.8 3.25
0 95.23 -11.05 3.14
0 95.28 -10.99 1.52
0 94.96 -8.61 3.04
0.02 94.7 -4.04 2.43
0.1 95.29 -9.16 2.97
0 95.22 -10.34 2.91
0.03 95.3 -12.01 3.37
0 95.43 -13.45 4.75
0 95.32 -10.38 3.56
0 94.72 -5.51 2.96
0 94.87 -8.82 2.36
0 94.61 -10.29 1.09
18.3 94.25 -8.85 2.24
0 95.18 -7.7 2.5
7.5 95.05 -6.75 2.19
0.02 95.5 -9.17 3.35
0 95.43 -8.27 2.89
0 94.89 -6.15 1.22
0 94.5 -1.8 2.6
0 94.68 -0.23 2.28
17.99 95.27 -4.44 1.01
0.25 95.46 -8.2 1.64
0.19 95.38 -6.66 1.45
0.04 94.74 -1.84 2.1
30.21 94.07 -4.26 1.81
26.62 94.14 -4.47 2.63
0.02 94.76 -4.57 4.05
0 95.48 -8.84 4.07
0 95.16 -8.91 1.88
0.14 95.07 -8.29 4.37
0 95.53 -8.28 3.99
0 95.21 -6.13 1.74
0 94.56 -1.99 3.12
0 95.1 -1.01 2.03
0 94.7 3.17 3.33
2.14 93.79 6.05 4.68
8.78 94.55 -3.35 3.84
13.66 95.36 -8.31 1.83
0 95.1 -2.51 2.35
0 95.04 -0.07 2.15
0 94.4 4.38 3.63
0 94.98 1.89 1.74
3.07 94.09 1.63 4.99
0 94.54 -0.73 5.98
0 94.98 0.29 3.48
0 94.66 5.25 2.41
0 94.89 8.21 3.53
0 95.03 9.75 3.6
0.17 94.04 9.73 8.25
0.34 94.69 0.66 5.12
0.22 94.69 -1 4.71
0 94.65 -0.28 2.06
1.88 94.56 1.26 3.03
0 94.2 3.96 4.74
0 94.03 4.4 5.24
0 94.29 3.28 5.15
0.07 94.63 3.82 2.39
0 94.14 10.55 3.78
0 94.31 10.23 5.2
0 94.16 13.2 3.39
3.26 93.92 13.71 6.1
2.28 94.3 7.47 4.57
0 93.73 12.02 3.43
0 93.58 14.22 3.13
0 93.57 15.51 3.18
4.44 94.25 8.64 4.05
0 94.49 8.67 2.5
0 93.56 16.57 4.48
0 93.61 18.93 4.14
1.97 93.98 15.38 4.53
15.1 94.5 13.63 3.66
0.93 93.96 12.96 2.64
0.13 93.32 14.53 1.84
0.26 93.26 18.36 4.17
215.37 93.81 12.39 3.34
61.86 93.75 9.18 4.62
0 93.13 11.09 3.46
0.08 92.85 11.18 7.68
0 94.05 9.48 3.08
0 94.05 13.02 2.7
0.32 93.78 18.06 3.88
0.28 94.4 16.36 2.54
14.47 93.89 17.4 2.26
0 93.94 20.8 2.06
0.45 94.12 20.12 2.58
0 94.17 17.79 3.11
0 93.81 17.47 2.32
3.78 93.8 16.25 1.97
0 94.02 18.28 2.15
0.03 94.24 20.31 2.46
3.97 94.5 19.56 2.94
97.75 94.49 13.72 1.81
17.12 93.96 13.85 2.92
19.96 93.74 10.71 2.6
2.05 93.71 11.77 4.35
0.01 93.46 11.91 3.55
4.03 93.22 12.26 5.53
0.02 93.67 15.81 1.38
0 93.55 22.63 3.96
5.33 94.15 20.07 2.92
3.27 94.47 18.25 1.85
0.07 94.31 20.42 4.19
1.59 94.04 19.84 4.15
2.04 94.18 17.17 3.14
0 94.17 17 3.21
0 93.97 18.19 2.5
0 93.63 19.89 2.63
0 94.06 20.56 2.48
0 94.17 23.14 2.53
7.35 94.2 20.65 2.56
55.22 94.63 14.59 2.83
0.12 94.71 16.8 1.5
9.87 94.24 17.08 3.13
7.59 94.02 16.37 3.32
45.88 93.77 15.67 2.25
11.16 93.49 18.94 3.92
0.66 93.7 20.82 2.09
2.97 93.27 20 2.62
8.77 93.14 22.22 2.13
22.84 93.13 22.46 2.3
33.08 92.99 21.66 3.44
10.31 93.14 17.43 3.3
2.2 92.84 16.34 3.26
18.15 92.94 16.45 2.86
244.74 93.58 13.36 2.16
321.6 93.79 13.9 2.01
233.24 93.81 15.16 2.95
6.08 93.66 19 1.65
3.39 93.55 21.96 1.69
4.05 93.74 21.69 1.74
15.95 93.48 21.31 1.59
15.47 93.52 21.45 1.61
1.69 93.68 21.58 1.27
31.27 93.63 21.1 1.48
0.45 93.38 22.47 1.93
56.15 93.41 21.95 2.26
33.34 93.78 20.75 2.59
7.48 94.14 22.77 2
0.91 94.31 23.07 1.7
1.78 94.03 20.75 1.92
40.6 93.62 21.44 2.11
0 93.49 23.76 2.2
1.29 93.1 24.66 4.36
2.34 93.14 22.82 4.11
0.94 93.12 22.54 2.83
0.03 93.48 23.33 1.57
0.81 93.61 23.18 1.53
0.48 93.5 23.55 1.54
11.82 93.47 24.05 1.72
31.79 93.46 25.21 2.12
14.39 93.5 25.34 1.98
144.49 93.11 21.53 1.83
29.33 92.92 19.24 2.87
82.16 93.32 18.59 3.41
12.22 93.83 20.41 2.54
0 93.83 21.16 1.8
0 93.85 22.59 1.4
0 94.08 24.52 1.23
0 94.15 25.05 2.01
0.06 93.96 25.09 2.38
1.44 93.84 25.24 1.46
3.9 93.78 25.29 1.69
35.03 93.71 23.85 1.32
353.37 93.32 21.73 3.38
0 93.8 23.15 1.2
0 93.99 23.97 1.73
4.15 93.91 24.3 1.93
38.88 93.51 25.7 4.05
1.27 93.93 24.07 1.67
96.16 93.44 22.81 2.08
11.77 93.17 23.71 4.16
0.19 93.81 22.03 1.19
40.44 94.1 19.89 1.51
110.9 94.27 18.81 1.72
86.12 94.2 19.61 1.26
9.54 94.21 21.94 1.59
62.11 94.28 21.78 1.7
0 94.45 23.06 1.12
0 94.27 24.13 1.16
0 93.87 26.03 2.09
6.72 93.8 24.56 1.8
3.52 94.08 23.36 1.18
0 93.91 24.62 1.52
9.76 94.01 20.42 2.41
28.8 94.05 17.66 2.17
0.64 94.16 19.73 1.46
1.89 93.83 19.1 1.96
8.87 93.91 21.15 1.88
0 94.24 22.11 1.61
0.03 93.81 23.35 3.21
109.35 93.85 23.16 2.35
1.39 93.96 20.86 1.59
7.07 93.93 20.05 2.6
4.22 94.52 16.61 1.91
0.02 94.66 16.38 1.92
0 94.39 20.96 2.46
0 94.32 22.31 1.98
0.17 94.18 22.71 2.56
1.17 94.23 22.16 1.16
6.42 94.12 21.75 1.67
0.45 93.72 22.8 2.02
0.59 93.85 23.65 2.83
0 94.08 24.82 2.05
0 94.21 25.3 2.51
0.45 94.23 25 1.89
233.63 94.19 16.2 3.13
15.77 94.54 13.7 2.51
0.18 94.58 12.72 2.17
0.71 94.67 16.26 1.66
0 94.58 19.73 1.93
13.61 94.7 18.12 1.39
0.69 94.62 17.24 1.09
0 94.55 18.81 0.98
0 94.48 21 1.26
25.6 94.16 19.42 2.57
114.14 94.19 12.97 4.08
0.28 94.31 11.64 2.93
0 94.69 14.16 1.37
0.05 95.16 14.36 0.99
0 95.26 13.92 1.26
0 94.64 14.54 2.46
0 94.15 16.41 3.02
0.12 94.11 16.15 1.74
0 94.32 17.97 1.77
1.49 94.24 18.43 2.4
0.53 94.27 17.46 1.31
2.04 94.61 15.88 1.41
0.23 94.89 15.79 1.26
26.74 94.77 14.55 1.92
1.25 95.01 14.56 1.59
39.12 94.63 10.28 1.53
33.82 94.63 10.01 7.31
0.5 94.82 11.34 3.46
0 94.81 11.82 1.8
0 94.64 13 1.53
0.28 94.44 14.52 2.26
0.51 94.29 13.47 3.29
0 94.43 13.44 2.5
0 94.98 10.91 1.87
0 95.36 11.95 1.02
0 95.22 14.06 1.44
0 94.71 16.32 2.83
16.54 94.3 12.73 3.49
0 94.81 9.01 2.53
0.02 94.4 10.93 2.44
0 94.23 13.15 2.51
0.05 94.64 8.51 3.94
0 95.04 6.96 2.29
0.01 95.14 7.31 2.05
22.58 94.5 9.35 3.98
0 94.54 4.39 3.93
0 94.65 5.93 2.74
0 94.47 7.84 2.13
0 94.89 6.88 1.21
73.41 95.16 1.59 1.13
88.55 94.61 2.08 1.74
0 94.29 6.47 2.05
0 94.04 9.82 3.85
0 94.67 8.85 1.97
0 94.69 11.44 2.33
4.43 94.58 10.55 3.13
0 95.5 2.91 1.38
1.89 95.37 -0.16 2.51
0.03 94.95 -0.23 2.59
0.02 94.8 -0.52 2.25
0 94.75 2.18 1.47
0 94.94 0.69 2.02
6.39 95.04 -0.36 1.51
194.83 94.71 -1.18 47.61
61.11 94.93 -0.92 3.13
0 94.92 -3.7 0.67
0 94.59 -1.12 1.89
0 94.84 -0.86 1.13
0 95.24 -2.61 0.92
56.87 94.94 -2.6 0.69
106.94 93.67 -2.64 5.63
0.15 94.14 -4.43 3.39
0 94.21 -6.47 4.67
0 94.99 -4.81 2.76
0 95.25 -6.4 0.82
20.62 94.74 -2.9 1.03
0 94.66 -4.88 44.95
0.01 94.33 -5.09 3.4
0.01 94.93 -3.3 3.32
0 94.97 -4.72 1.63
0 94.64 -2.51 2.11
5.48 95.14 -5.74 2.05
0 95.04 -7.12 2.47
0 94.5 -5.72 2.14
0 94.46 -3.03 3.85
0 94.53 -7.7 3.02
0 93.6 -4.26 3.59
0.02 94.37 -6.83 4.63
0.01 94.91 -9.53 2.43
0 95.61 -13.36 2.31
0.08 95.23 -14.41 1.41
0.16 94.15 -5.01 3.3
0.92 94.37 -8.08 4.16
0 94.63 -11.03 2.18
0 94.66 -13.29 3.53
0 94.6 -14.97 3.09
0 94.77 -16.45 2.86
0.01 94.78 -17.55 3.8
0 94.91 -11.43 3.86
0.03 95.52 -13.97 1.39
0.02 95.68 -13.71 0.79
0.05 95.09 -11.66 1.89
0.01 95.13 -8.58 1.45
20.98 95.23 -11.22 0.89
0.46 95.01 -10.01 0.98
0.79 95.37 -12.37 1.17
0 95.72 -13.24 3.95
0 95.79 -15.46 2.04
0.01 95.25 -14.94 0.83
0.11 95.36 -12.59 53.39
3.49 95.37 -10.7 3.68
0 95.82 -16.24 2.75
0 95.61 -19.94 2.7
0 94.77 -18 4.95
0 95.91 -19.1 2.15
0 95.63 -18.72 1.08
0 95.07 -13.56 1.25
8.5 95.08 -15.09 0.76
17.35 95.12 -12.99 4.13
0 94.74 -15.36 3.73
0.02 94.2 -15.03 2.38
0 94.65 -18.37 4.04
0 95.75 -18.77 3.93
0 96.32 -15.93 2.53
0 95.38 -16.62 1.03
0 95.22 -14.27 1.62
0 95.1 -14.96 1.27
0 95.02 -15.04 1.34
0.02 95.42 -17.04 1.78
0 95.23 -15.03 2.39
0 95.09 -14.8 1.09
0.47 94.74 -13.34 0.63
0 94.83 -11.95 1.7
0 94.82 -13.43 0.72
0 95.29 -10.56 2.05
1.18 95 -13.77 1.35
0 95.72 -14.71 2.26
0 95.97 -11.66 2.18
0 95 -6.61 2.19
0 95.5 -9.95 0.89
14.12 95.51 -9.66 0.91
1.29 95.59 -9.72 1.43
0 95.33 -13.81 1.06
0.01 94.21 -7.59 2.92
0.02 94.8 -14.04 4.37
0 94.85 -15.63 1.45
0.1 95.17 -14.9 1.16
0.03 95.07 -11.26 1.66
0 94.66 -6.32 1.07
0 94.92 -7.18 1.04
0.02 94.82 -5.41 1.43
0.81 94.75 -6.14 1.82
0.43 95.39 -8.34 3.99
0 95.47 -10.71 2.72
0.96 94.46 -9.55 3.3
0 95.24 -9.83 2.83
0.01 94.79 -7.81 2.04
1.05 95.1 -15.46 4.07
0 95.91 -18.42 4.42
0 95.77 -17.04 1.44
0.31 94.91 -12.35 2.16
0 95.53 -13.34 2.03
0.05 95.56 -12.86 1.75
0 94.86 -7.65 62.95
0 94.66 -4.91 2.94
0 95.29 -9.62 2.56
0 95.21 -10.51 1.35
0 94.48 -6.6 2.41
0.02 94.5 -5.78 4.09
0 95.22 -11.66 4.1
0 95.34 -13.07 2.37
0.01 95.29 -11.96 1.81
0 95.16 -8.02 3.62
0 95.39 -7.52 3.13
0 95.33 -5.09 1.44
0 95.47 -7.21 1.81
4.94 95.27 -7.53 1.76
0.17 94.44 -0.32 3.31
0 94.38 0.73 2.8
0.11 93.85 -2.76 6.15
0 95.63 -8.48 5.36
0 95.62 -6 1.57
0 94.58 -0.24 3.71
0 94.91 1.52 2.21
0 94.3 5.55 3.14
0 94.25 3.7 1.8
0 93.64 5.23 2.32
0 93.55 -0.55 2.2
0 93.68 -3.39 5.66
0 95.08 -1.18 1.84
0 94.34 4.8 3.95
14.97 94.34 -0.22 3.73
0 95.49 -6.44 4.07
0 94.96 0.18 3.06
0 94.54 5.31 3.02
0 94.93 5.44 3.18
0 93.52 7.77 3.92
0.53 93.62 -2.64 4.01
42.91 94.39 -8.22 2.25
0.17 94.77 -7.63 2.67
0 93.52 1.17 6.18
0 94.53 -3.46 2.49
21.63 94.2 -5.75 3.71
0 94.91 -5.32 2.69
0 94.74 -2.36 1.53
0 93.76 4.41 4.09
1.07 94 0.98 4.46
0 94.83 -1.47 4.01
0 95.05 -2.47 2.31
0.31 94.9 -0.34 1.69
18.92 94.63 0.81 2.01
124.97 94.79 -0.09 2.73
0 94.26 3.65 2.52
0 94.35 5.08 2.71
15.11 94.5 -1.25 2.39
65.56 94.77 -1.59 3.24
0 94.53 -0.81 2.5
0.21 93.62 1.74 2.88
25.03 93.66 0.22 3.87
2.66 94.63 -0.34 3.9
0.95 94.47 1.12 4.17
0 94.52 1.98 3.61
0 94.04 8.47 3.5
0.14 93.6 6.6 4.59
0 93.84 2.64 5.3
0 93.57 3.81 2.45
6.64 93.88 3.4 3.19
65.27 94.17 0.72 2065.07
2.45 95.16 0.26 5.25
0 95.17 1.91 2.37
0 94.84 5.13 3.09
0 94.49 8.45 2.07
0.16 93.92 12.34 4.91
91.98 94.01 6.47 2.22
0.43 93.95 7.52 3.73
0.02 94.03 8.5 5.59
0 94.07 10.08 1.7
0 93.99 13.9 2.28
2.14 93.79 12.42 3.52
0.1 94.04 11.57 6.35
0.22 94.52 10.92 6.03
0.24 94.58 11.14 2.04
0.67 94.43 12.34 2.41
2.23 94.63 12.89 2.05
0 94.35 17.34 2.65
0 94.58 20.82 1.48
0 94.5 22.18 2.57
0 94.5 22.24 3.08
0.09 94.22 22.61 4.71
21.27 93.92 14.23 2.23
21.51 93.07 14.45 4.15
0 92.71 17.66 5.29
0 93.28 16.51 2.92
0 93.27 19.1 2.64
0.32 93.94 16.18 5.02
0 94.83 16.02 2.46
0 94.69 17.67 2.23
0.69 94.04 19.14 3.06
0 93.49 20.43 3.46
17.17 92.89 15.89 6.09
0.01 92.87 17.85 4.56
0 93.27 19.4 2.6
0 94.12 20.03 2.32
5.98 93.89 24.73 4.22
0.83 94.52 18.06 2.28
0 94.1 21.26 2.27
1.01 93.8 22.27 3.59
0.9 93.61 20.27 4.22
0.6 93.44 19.72 3.16
0 93.74 18.96 4.57
0 93.55 23.87 3.39
0.02 93.16 25.82 4.18
0 93.86 20.07 2.5
3.18 93.55 18.94 3.41
0.03 93.85 18.97 3.59
6.99 94.4 17.9 2.48
16.28 94.23 19.45 2.01
10.34 94.02 19.8 3.36
2.21 93.85 22.25 2.94
0.51 93.72 22.52 3.82
88.71 94.13 16.32 2
1.19 94.35 17.53 1.63
6.12 94.08 15.92 2.23
1.84 93.83 17.63 1.72
0.02 93.85 23.07 3.51
0.11 93.84 24.49 3.88
2.17 93.76 24.92 2.8
235.78 93.79 18.66 2.8
3.95 93.49 21.1 1.61
48.31 93.19 20.38 1.87
0.16 93.53 23.44 1.72
0 94.05 23.46 2.25
0.03 94.21 24.06 1.89
1.36 93.94 22.33 1.34
10.42 93.61 21.98 1.58
106.3 93.45 21.13 2.13
42.49 93.17 21.59 2.31
278.33 92.92 19.82 1.68
79.9 93.08 21.75 2.98
107 93.49 20.7 1.97
87.5 93.5 22.52 2.78
17.58 93.45 23.56 3.72
44.14 93.23 23.47 2.16
141.99 92.84 22.46 2.67
0.03 92.81 24.27 3.59
1.39 92.83 24.27 2.56
0.61 93.18 24.59 2.29
0.78 93.35 24.61 2.23
5.14 93.14 26.02 3.76
31.35 93.47 24.24 1.9
47.23 93.68 22.22 1.77
0.75 93.9 22.89 1.43
0.35 93.88 22.68 1.15
8.31 93.85 23.11 2.23
25.02 94.02 22.36 2.05
0.08 93.99 24.69 1.5
196.81 93.29 21.96 1.54
67.51 93.16 22.73 3.16
0 93.71 23.63 2.26
0.13 93.57 22.92 2.21
133.64 93.54 20.7 2.66
1.95 93.76 21.53 1.63
0.19 93.73 23.96 1.5
43.27 93.6 23.62 2.26
15.1 93.18 23.73 2.15
0.53 93.27 23.71 2.96
0.01 93.59 24.24 1.78
0.02 93.58 25.21 1.56
67.46 93.36 22.71 1.32
3.92 93.32 25.06 2.18
0.25 93.26 24.95 1.39
0.81 93.05 26.34 1.45
6.2 93.15 26.32 1.71
9.19 93.42 25.68 2.61
0.2 93.66 26.02 2.61
0.84 93.47 25.9 2.7
21.4 93.13 26.38 2.81
11.34 92.98 25.75 1.98
12.85 93.12 26.21 2.72
9.69 93.42 26.14 2.58
6.34 93.2 26.52 2.34
14.19 93.4 23.99 1.85
0.79 93.78 25.87 1.38
3.14 93.85 27.39 2.92
22.23 93.56 25.2 2.97
2.27 93.57 25.9 3
26.01 93.52 26.47 2.03
2.99 93.59 25.73 2.01
300.82 93.05 24.38 1.48
0.04 96.75 25.51 2.76
0 94.1 21.99 2.79
0 94.34 21.53 1.89
1.85 94.31 20.64 0.97
1.17 93.87 23.93 2.37
0.14 94.04 22.83 2.24
0 94.25 22.64 1.73
0.02 94.24 22.83 1.31
12.86 93.94 22.06 1.52
5.97 94.06 19.23 2.07
11.25 93.95 19.33 1.66
168.13 93.35 18.63 1.29
31.37 93.64 14.51 3.27
0.08 94.28 15.87 2.53
63.86 94.35 16.35 2.01
0.72 94.6 15.23 1.8
3.24 94.76 15.65 1.46
0 94.84 15.88 1.31
3.34 94.71 16.78 1.52
170.68 94.68 13.95 1.78
52.46 94.73 13.96 1.11
2.79 94.78 16.08 1.06
1.13 94.72 17.8 1.36
4.87 94.25 18.28 1.7
0.06 94.35 17.59 1.3
0 94.38 17.33 2.48
1.06 94.16 20.36 2.72
16.1 93.51 19.67 3.61
0.14 93.89 19.16 3.56
0 94.5 13.95 1.84
0.57 94.17 16.46 1.56
3.05 94.76 16.15 1.63
8.59 95.18 14.61 0.74
5.58 94.21 19.63 3.22
0 94.66 18.08 1.54
0.03 94.63 18.91 1.32
1.03 94.49 18.46 2.82
23.84 94.89 12.51 3.23
0 95.12 8.76 2.44
0 94.94 10.91 1.99
0 94.58 12.14 2.07
0 93.9 17.98 3.51
0 93.99 16.76 2.85
0 94.94 12.86 1.43
0.57 94.82 13.88 1.75
137.81 94.86 10.97 2.2
0.01 94.96 10.79 3.13
0 94.73 9.42 1.75
0 94.05 17.6 4.03
0 95.13 13.36 1.13
0.01 95.06 15.43 2.34
0.02 95.36 12.42 2.3
0.16 94.85 11.38 1.84
0 93.86 15.7 3.1
5.01 93.95 13.33 4.39
0 94.39 10.55 3.67
0 94.89 11.7 1.71
16 94.86 11.31 2.69
1.76 95.76 3.74 5.02
0 95.76 2.89 1.08
0 95.35 7.3 1.34
0 95.35 7.16 1.24
0 95.13 11.31 2.97
52.64 95.34 9.31 1.49
0.93 95.38 7.14 2
0 95.22 6.02 1.19
40.79 95.08 5.21 2.14
22.59 95.03 1.38 2.32
0.01 95.22 3.98 3.87
0.01 95.49 5.89 2.91
0 95.03 4.89 1.32
0 94.47 7.64 2.08
2.59 95.03 6.02 1.61
1.69 95.57 4.41 2.73
0 95.49 3.95 1.8
0 95.6 4.61 0.78
0 95.35 4.62 1.31
0.72 94.81 8.9 2.38
1.05 95.13 7.42 3.39
0 95.47 5.68 1.79
0.01 94.72 6.77 2.59
0.11 94.31 5.94 4.03
0.01 94.7 2.95 2.86
0 94.76 2.68 2.34
0.06 95.33 1.9 3.51
0 95.28 -1.57 4.19
0 95.34 1.25 2.43
0 95.24 1.81 1.77
0 94.61 1.91 2.27
0 94.4 3.01 3.48
0 94.36 3.07 2.2
0.09 94.53 1.81 3.67
0.01 94.91 -3.28 4.65
0.02 95.12 -3.75 6.34
0 95.01 -3.74 4.02
0 95.05 -1.99 2.73
0 95.24 -2.86 0.96
0 94.99 1.5 1.93
0 94.71 1.57 2.04
0.02 94.39 -0.39 2.25
0 94.22 -4.04 4.95
0 94.36 -7.34 3.7
0 94.58 -10.31 6.88
0 94.78 -5.41 3.76
0 94.38 0.76 3.37
0 95.04 -2.44 2.27
1315.26 94.77 -0.41 3.15
1315.26 94.54 -0.31 1.38
1315.26 94.82 2.33 2.38
1315.26 94.84 1.58 2.59
1315.26 95.04 -1.35 2.79
1315.26 94.61 -1.89 1
1315.26 94.7 -4.53 1.35
1315.27 94.69 -4.05 2.38
1315.27 94.9 -6 3.06
1315.37 94.36 -7.86 3.26
1315.42 94.36 -8.77 2.13
1315.26 94.51 -11.79 4.34
1315.26 94.81 -11.58 2.79
1315.26 95.19 -8.69 3.18
1315.26 95.76 -8.06 1.57
1315.26 95.73 -9.85 1.42
1316.01 96.01 -12.24 2.39
1315.36 95.63 -13.53 2.72
1315.37 95.51 -12.29 2.8
1315.27 95.91 -11.38 1.99
1315.26 95.94 -10.36 1.14
1315.26 95.64 -10.13 0.88
1315.26 95.81 -9.27 1.19
1315.26 95.72 -9.48 0.87
1315.29 95.18 -6.51 2.91
1315.31 95.66 -10.26 4.07
1315.26 95.33 -10.86 1.51
1315.26 94.85 -10.5 2.86
1315.26 94.13 -5.68 4.06
1315.26 93.96 -4.8 3.68
1315.26 93.57 -3.18 4.52
1315.26 93.99 -3.61 3.03
1315.26 94.25 -2.82 3.28
1315.26 94.86 -4.78 2.58
1316.41 94.75 -7.55 1.8
1317.35 95.02 -8.81 1.85
1315.27 94.7 -6.86 2.91
1315.26 95.26 -6.96 2.3
1315.26 95.7 -14.24 2.98
1315.26 95.29 -13.8 2.54
1315.26 95.3 -11.3 2.4
1315.26 95.4 -9.94 2.23
1315.26 95.91 -12.63 1.72
1315.26 95.63 -12.95 1.58
1315.26 95.65 -10.98 1.97
1315.26 95.46 -7.43 1.96
1325.34 95.53 -10.44 1.58
1315.26 95.45 -10.41 1.56
1315.26 95.68 -8.08 2
1315.49 94.69 -6.53 4.42
1315.27 95.22 -10.31 4.07
1315.26 95.38 -9.78 2.34
1315.26 94.7 -6.06 1.77
1315.26 93.89 -0.9 3.17
1315.26 94.51 -3.3 2.01
1315.26 95.43 -9.09 2.82
1315.26 94.94 -7.12 4.06
1315.26 94.39 -4.33 4.11
1315.26 94.96 -7.12 3.75
1315.26 93.64 -0.62 5.23
1315.26 94.4 -7.02 3.39
1315.26 94.5 -7.08 1.87
0.14 94.08 -4.15 2.07
0.03 94.12 -4.22 5.47
0 94.98 -12.85 3.9
0 95.14 -11.3 2.11
0 95.32 -12.03 1.45
0 95.57 -10.16 1.65
2.09 95.26 -10.96 1.41
13.14 95.32 -12.73 2.71
0 95.92 -14.93 3.13
0 95.71 -14.39 1.34
0 95.15 -11.73 1.29
0 95.81 -13.15 1.33
0 95.72 -12.75 2.05
0.04 94.92 -5.63 3.07
0 94.99 -6.05 1.87
0.05 95.58 -6.71 2.17
0 96.13 -9.64 1.59
0.6 95.65 -9.3 1.39
1.34 95.42 -9.41 1.91
0 95.32 -7.38 1.33
0 95.29 -4.4 2.17
0.35 95.84 -8.27 1.55
0.05 95.63 -5.52 1.18
0 95.17 -1.73 1.54
0 95.01 2.61 1.76
0.33 94.74 4.24 3.71
1.22 95.44 -3.56 3.96
0.03 95.12 -7.04 1.92
0 95 -5.37 1.56
0.2 94.94 -5.63 2.4
0.82 94.95 -6.22 1.9
2.53 95.27 -5.66 2.81
0 95.3 -7.02 2.95
0 95.46 -7.63 3.09
0 95.46 -5.92 2.44
0 94.99 -5.72 2.03
0 95.29 -5.26 2.25
0 94.73 -2.22 2.19
0 94.55 1.28 3.73
0 95.22 -1.74 4.42
0 94.81 -1.92 1.83
0 94.31 2.26 3.65
0 94.04 7.26 2.68
0 94.4 4.83 2.28
0 93.94 8.08 5.42
0 95.07 3.82 2.05
0.05 95 3.48 5.2
0 95.3 3.78 4.93
0 94.7 6.95 3.34
0 94.78 7.87 3.17
0 94.99 8.04 2.62
0 94.01 13.23 5
0 94.02 12.3 2.51
0.01 94.04 11.44 2.77
0 94.06 10.68 3.29
74.85 93.84 11.37 3.1
36.93 94.33 9.58 2.14
0 94.53 11.28 2.39
0.42 94.62 9.02 1.91
0 94.08 11.95 2.76
0 94.83 7.64 3.8
0 95.21 2.19 4.64
0 94.37 6.29 4.58
0 94.97 5.28 4.14
0 94.35 13.83 4.11
0 94.32 14.25 1.6
0 94.15 15.03 2.69
0 94.42 11.24 4.51
0 95.11 9.16 2.07
0.62 94.72 10.55 2.14
0.29 94.42 11.79 1.95
0 94.55 13.77 1.46
0 94.46 18.07 3.33
0 95.07 12.62 2.94
0 94.35 13.62 2.34
8.45 94.38 6.97 3.05
0.02 95.06 7.4 2.73
29.38 94.84 7.16 2.55
0.03 94.42 9.3 134.88
0 94.52 11.62 3.94
0 94.2 13.98 2.63
0.46 93.87 16.39 3.66
2.37 94.1 18 4.07
0.19 94.58 16.85 3.77
38.61 94.86 11.45 3.31
0 95.16 12.4 2.68
0 95 13.29 1.9
0 94.37 14.97 1.54
0 93.8 19.26 1.81
2.54 93.77 18.35 4.6
191.02 94.43 6.41 5.02
10.93 93.97 7.55 5.72
8.24 94.21 4.95 5.73
0.06 94.44 7.82 4.63
0.08 93.85 11.98 2.38
39.11 93.92 7.3 4.31
0.45 94.44 11.29 1.82
81.76 94.72 9.98 2.47
2.09 94.59 11.89 1.88
206.64 93.76 8.79 2.59
53.45 92.87 14.97 4
0 93.08 17.22 4.1
0.04 93.43 13.69 3.64
0 93.18 13.7 3.5
0.03 93.99 16.54 3.12
1.49 94.32 16.31 1.98
1.96 93.96 18.43 3
55.39 93.59 16.58 2.52
2.17 93.65 17.35 3.15
0.01 93.78 18.96 2.23
0 93.76 21.91 2.25
0.2 94.05 25.48 3.65
42.78 93.91 17.69 2.67
0.3 93.47 16.85 5.7
0 92.95 21.23 4.4
29.73 92.76 18.4 2.65
1.26 93.18 21.75 1.92
0 93.29 23.89 25.35
0.08 93.85 25.23 2.42
0 93.79 28.48 4.21
2.65 94.01 23.76 2.62
0.26 94.16 21.95 2.56
0 94.05 22.58 2.12
0.44 93.83 22.54 1.97
13.25 93.69 23.49 2.28
401.99 93.86 15.63 2.35
107.56 93.7 12.89 3.29
16.08 93.37 15.97 3.01
27.08 93.67 15.49 1.96
37.4 94.09 15.14 1.79
8.09 94.18 18.24 2.37
8.64 93.99 20.01 2.75
7.95 94.02 20.85 2.64
0.02 93.88 21.75 2.14
2.34 93.69 23.25 1.46
214.65 93.49 20.23 1.82
53.92 93.36 19.64 1.9
101.52 93.52 18.79 2.4
3.14 93.8 18.95 1.9
17.2 93.91 19.26 1.94
3.35 94.04 19.37 1.56
241.1 94.12 18.13 2.77
0.79 93.99 21.44 1.91
0.07 93.57 23.66 2.34
15.49 93.37 22.58 2.98
11.18 93.47 21.63 3.73
0.25 93.92 21.81 3.94
0.43 93.83 22.85 3.21
0 93.9 24.34 1.92
0 93.85 24.91 1.57
13.04 93.8 23.14 2.59
57.05 93.48 20.49 2.33
21.65 93.22 23.22 2.17
0.04 93.72 25.17 2.51
0.42 93.76 25.91 3.03
0.98 93.64 26.17 2.33
2.32 93.42 25.39 2.88
17.1 93.38 22.98 3.52
0 93.57 23.83 3.13
0 93.3 24.16 4.03
3.76 93.39 22.37 2.93
3.33 93.58 21.5 2.78
0.32 93.5 22.85 2.56
1.86 93.57 23.75 1.76
14.49 93.5 23.53 2.4
92.32 93.58 21.76 25.68
4.38 93.83 22.44 25.13
0.17 93.9 26.42 1.66
0.74 93.99 28.8 2.11
1.75 93.6 29.4 4.45
71.19 93.5 24.04 2.3
0.13 93.8 22.21 1.69
0 93.51 25.27 2.91
0.05 93.9 22.99 2.07
0 93.95 23.12 1.55
0.01 94.12 23.37 1.63
2.78 93.96 25.95 2.46
5.03 93.5 27.52 3.27
5.52 93.52 26.15 3.57
10.54 93.67 24.9 1.82
0 93.76 26.69 2.38
0 93.74 27.39 2.72
4.75 93.63 26.08 2.58
7.02 93.62 25.54 1.9
82.37 93.89 19.61 2.51
1.68 93.81 21.95 1.89
0 94.11 22.01 2.59
0 94.21 21.59 1.36
0.01 94.04 22.51 1.91
52.12 93.78 21.22 2.31
14.98 93.55 21.04 1.59
1.07 93.75 22.02 3.77
0.19 93.94 20.91 2.16
9.28 93.95 19.32 1.98
8.26 93.86 18.79 1.58
9.41 93.93 20.03 2.23
3.53 94.03 20.22 1.68
1.25 94.15 21.59 2.25
5.85 94.36 21.26 1.78
1.26 94.3 22.63 1.88
0.41 93.96 23.79 2.39
2.57 93.99 24.23 1.86
98.39 93.89 22.69 2.45
71.17 93.75 22.33 1.72
57.77 94.01 19.53 2.17
0.97 94.3 19.93 2.6
0 94.39 21.08 1.81
0 94.5 23 1.57
3.44 94.61 20.75 1.68
2.03 94.65 21.02 1.57
0.42 94.61 20.76 1.91
7.22 94.43 19.99 1.85
6.17 94.4 19.5 1.79
246.7 94.4 15.48 2.47
1.03 93.98 17.37 1.56
0 93.69 20.06 2.3
0 94.21 18.59 1.4
0 94.21 20.6 1.45
1.71 93.81 20.68 3.1
0.02 94.11 18.41 3.04
0 94.3 15.66 1.32
0.01 94.54 17.02 1.51
0.06 94.52 18.66 1.87
32.41 94.59 16.43 1.38
0.23 94.38 18.38 2.45
0.05 94.7 16.44 3.19
0 94.8 14.29 3.43
0 94.84 13.14 1.29
0 94.93 16.3 1.26
0 94.89 17 1.79
25.25 94.2 16.44 2.4
25.82 94.2 13.84 2.96
0.02 94.79 13.77 1.45
0.26 94.79 16.15 1.89
88.14 95.02 11.78 1.9
21.38 94.77 12.62 1.53
0 94.66 13.63 1.58
42.3 94 13.99 2.31
0.04 94.58 13.41 2.33
1.1 94.46 14.29 2.72
27.59 95.33 5.33 3.91
0.14 95.34 5.16 1.72
25.48 94.49 6.37 1.9
13.23 94.39 7.59 2.3
0 94.7 8.86 1.63
117.69 94.91 6.78 1.54
22.19 95.41 7.54 2.45
0 95.19 8.77 2
0 94.77 12.34 1.63
0 94.64 14.42 2.45
0 94.85 16.34 2.15
0 95.1 13.48 1.57
0.39 95.01 14.09 2.7
0.75 95.99 8 3.21
0 95.54 4.07 1.36
0 94.59 8.42 2.35
0 94.14 9.7 4.43
0 94.65 9.63 3
0 94.41 12.91 2.62
0 94.52 13.6 2.17
0 94.2 16.67 4.37
0 95.09 6.95 2.67
0 95.42 2.93 1.75
0 94.83 5.91 1.65
0 94.08 11.56 3.09
0 93.81 14.21 3.23
0 94.05 11.1 1.8
0 95.54 3.63 4.82
0 95.89 1.94 1.44
0 95.3 3.77 1.64
0.03 95.02 8.28 1.8
5.06 95.26 7.9 16.53
2.86 94.97 4.89 1.36
1545.84 94.61 6.4 3.63
1545.88 94.78 3.13 3.71
1545.84 94.55 6.75 2.5
1545.84 94.15 8.35 3.83
1545.84 94.54 6.03 3.09
1545.84 95.82 -1.44 2.78
1545.84 95.76 -1.92 1.39
1545.84 95.36 0.37 1.76
1545.84 95.15 4.47 1.73
1545.84 94.83 4.04 1.34
1545.84 94.49 2.66 3.6
1545.88 94.94 -5.05 5.92
1545.84 94.92 -1.96 3
1545.84 95.28 -2.14 1.58
1545.84 95.39 -1.84 1.46
1545.93 95.24 0.59 1.97
1545.84 95.57 -1.25 1.43
1545.84 95.49 -0.53 1.51
1545.84 94.79 2.11 3.09
1545.84 94.22 3.31 4.06
1545.84 94.76 0.61 2.75
1545.84 95.27 -1.86 2.1
1545.87 95.02 1.89 3.26
1545.84 95.44 -3.07 1.97
1545.84 94.49 -1.97 2.37
1545.84 94.05 134.55 5.42
1545.84 95.17 -3.39 2.05
1545.84 94.68 -1.51 1.36
1545.85 94.49 -0.02 2.25
1546.07 94.64 -1.8 5.77
0 95.2 -11.96 6.93
0 94.95 -11.01 3.94
0 94.7 -11.54 6.05
0 94.83 -11.13 4.55
0 94.94 -10.52 3.45
0 95.15 -10.34 1.82
1.07 95.19 -9.86 1.43
0 95.68 -10.23 1.52
0.02 95.52 -7.55 3.05
1.11 94.93 -5.32 4.91
0.04 95.34 -9.39 3.03
0.01 94.94 -10.41 4.08
0 95.09 -10.96 2.6
0 95.14 -8.94 1.67
0.15 95.09 -9.3 3.42
0 95.17 -13.02 3.3
0 95.19 -11.13 2.1
0 95.09 -7.58 2.79
0.09 94.87 -6.57 4.81
0 95.18 -10.67 3.9
0 94.82 -10.13 3.34
0 94.61 -3.09 2.34
0 94.68 -2.96 3.24
0 95.52 -5.66 3.84
0 95.75 -5.1 2.61
0 95.48 -8.25 1.15
0 95.09 -3.9 2.55
0 94.5 -4.85 2.05
0 93.85 -3.88 3.67
0.06 94.57 -7.18 62.5
0.02 95.28 -11.48 5.41
0.07 95.25 -11.42 2.8
0 95.18 -7.04 3.03
0 93.94 -2.04 4.06
0 94.21 -2.8 1.78
0.3 94.58 -2.92 5.44
0 95.09 -7.56 3.11
0 95.47 -9.37 1.61
0 95.34 -8.42 2.08
0 95.23 -5.53 2.35
0.03 94.8 -4.7 2.81
0 95.83 -7.89 2.32
0 95.91 -8.8 1.74
0 95.47 -5.16 1.94
0 95.69 -9.29 1.67
0.21 95.32 -10.21 1.78
2 95.3 -10.46 3.63
0 95.39 -8.95 2.11
1.05 94.29 -4.98 3.71
0.01 94.92 -8.33 1.73
0.03 94.85 -7.29 2.42
0.49 95.4 -7.73 1.91
0 94.83 -7.69 1.85
0 94.34 -3.41 3.37
0 95.22 -7.14 1.92
0.73 94.81 -4.46 1.2
4.7 95.44 -8.95 3.9
0 95.95 -12.36 2.75
0 95.78 -12.02 2.18
0.05 95.19 -8.63 3.96
0 95.82 -10.72 3.61
0 96.08 -9.12 1.5
0 95.89 -8.18 1.58
0 95.72 -7.65 1.64
0.05 95.62 -4.88 2.67
0.03 95.54 -7.09 3.27
0 95.41 -4.14 2.77
0 94.81 -1.22 2.98
0.02 95.64 -11.09 5.32
0 95.7 -11.47 3.65
0 94.98 -5.68 2.7
0 94.38 -2.94 2.46
0 94.41 -6.4 3.57
0 94.59 -6.52 2.21
0 94.2 -4.41 1.79
0 94.04 -0.9 2.49
0.01 94.72 -4.27 1.21
8 94.47 -1.59 2.49
0 95.09 -2 4.81
0 95.72 -3.78 2.27
0 95.15 -3.6 3.04
4.86 94.32 -0.17 3.9
13.6 93.82 -0.66 6.18
0.08 94.26 -6.33 5.93
0 94.54 -6.45 1.89
0 94.18 -6.47 2.03
0.29 94.68 -8.16 3.13
0 95.04 -9.49 3.76
0 95.65 -7.25 1.82
1.65 94.68 -2.28 5.34
0 94.4 -0.96 3.2
0.02 94.02 -3.31 2.51
0.14 94.69 -7.29 6.4
0 95.17 -6.49 2.58
0 94.88 -3.23 2.99
0 94.22 1.87 4.61
0 94.58 1.51 3.04
1.85 95.18 -3.73 2.93
0 95.95 -10.11 5.79
0 95.26 -4.21 3.51
0 94.92 -4.37 3.65
0 94.44 -3.34 2.94
0 104.16 129.3 134.39
0 94.51 0.67 3.65
0 94.17 5.67 4.17
0 94.13 5.67 3.16
0 94.89 2.39 2.47
0 94.12 7.02 3.08
0 94.41 6.55 4.04
0 94.54 5.38 2.53
0 94.48 6.09 4.18
0 95.4 1.75 4.26
0 95.59 3.29 3.05
0 95.76 3.92 1.46
0 95.51 8.18 2.82
0 95.32 12.79 4.28
0 94.52 13.37 5.03
0 94.13 12.17 3.88
0 94.24 10.51 3.16
0 93.77 14.51 4.3
2.72 94.82 6.19 3.01
0 94.88 4.42 1.6
195.15 93.39 1.95 2.29
0.72 94.17 3.13 2.19
1.19 94.1 4.69 1.72
0.1 94.64 3.23 5.04
0 95.73 -1.28 4.11
0 95.68 -0.08 3.52
0 94.9 4.38 2.51
0.04 94.65 7.64 2.94
0.05 94.88 7.63 1.88
9.5 95.08 6.7 4.08
187.2 95.73 -1.47 4.75
0.21 95.29 2.64 1.87
0 93.69 11.54 1.89
0.35 92.84 14.27 3.99
0.65 93.72 8 5.99
0 93.8 10.89 2.03
0.02 94.07 12.59 2.88
0.01 94.57 10.2 3.4
0.01 94.17 10.92 3.1
0.02 94.09 11.01 2.24
0 94.3 13.98 3.98
0 94.53 13.76 5.43
0 94.79 14.21 2.47
0 94.17 20.71 4.26
0 93.81 23.73 4.43
8.73 93.5 20.51 3.7
6.54 94.14 16.45 2.73
0 94.16 19.16 2.34
0 94.08 21.1 2.83
14.67 93.88 16.83 3.66
9.76 93.93 15.57 2.03
0 94.26 12.49 5.54
0 94.02 13.51 4.26
0 93.51 14.3 5.93
0 94.03 12.04 2.54
0.19 93.96 12.55 5.38
14.01 94.28 7.01 1.93
0 94.63 8.46 1.43
75.16 94.5 7.8 2.64
53.19 93.57 7.19 2.05
14.64 92.37 10.81 4.29
0.22 92.45 19.09 3.61
1.12 93.79 15.28 5.76
0.01 94.36 15.37 4.32
0 93.78 18.55 3.32
12.13 92.94 18.87 3.47
11.81 93.15 14.04 5.63
0.91 93.53 12.78 6.17
0 94.38 18.34 4.31
0 94.01 21.52 2.75
0 93.87 22.32 2.51
0.56 93.79 22.28 2
0.04 93.61 25.09 3.09
0.18 93.51 25.94 4.05
5.66 93.7 23.22 2.46
0.09 93.71 22.76 2.97
3.35 93.32 23.98 3.75
0.28 93.68 21.27 3.81
0 93.74 19.83 2.26
0 92.9 24.88 6.39
3.17 93.46 22.26 2.94
1 94.01 18.53 4.22
0 94.21 21.38 2.74
78.83 93.43 17.76 2.94
28.99 92.91 19.16 2.54
33.11 93.43 18.34 2.41
0.12 93.73 19.59 3.94
2.59 93.5 19.32 2.58
2.36 93.51 18.89 2.17
72.57 93.24 16.78 2.63
155.7 92.78 14.85 2.01
47.48 92.86 15.94 1.56
86.04 93.78 16.61 2.3
0.79 94.02 20.34 1.63
6.17 93.85 21.82 2.32
0.13 93.55 22.93 1.9
106.29 93.61 18.79 2.56
4.27 93.76 18.37 3.97
83 94.24 16.34 2.82
0.03 94.32 21.32 2.39
0 93.92 23.3 1.54
2.86 93.63 24.29 2.56
0.17 93.77 23.93 2.43
8.08 93.57 24.09 2.72
12.23 93.31 21.44 2.28
62.94 93.3 20.7 2.52
1 93.73 21.81 1.51
3.18 93.76 23.87 2.1
161.06 93.98 17.06 1.99
42.5 93.35 17.91 1.56
42.78 92.94 18.59 3.03
5.1 93.5 16.04 3.6
0.05 94.07 18.21 2.1
69.74 94.01 19.38 1.88
9.99 94.15 20.08 1.43
0 94.11 22.43 2.06
0.15 93.96 24.15 2.15
3.04 94.12 24.91 2.07
0.14 94.34 26.03 2.41
2.87 94.17 24.05 2.57
0.48 93.91 25.13 1.74
0.54 93.45 26.28 2.57
0.12 93.29 26.14 3.34
4.91 93.59 25.97 2.78
32.1 94.02 22.6 2.25
41.06 94.23 20.05 2.14
19.78 94.04 21.13 1.67
149.63 93.85 21.75 1.66
45.69 93.97 22.23 1.88
15.91 93.88 22.95 2.47
20.23 93.62 23.61 2.1
79.1 93.62 22.49 1.71
6.01 93.63 22.34 1.26
9.76 93.44 22.37 1.46
2.92 93.24 23.94 1.95
3.05 93.66 24.94 2.23
10.65 93.73 24.69 1.87
23.82 93.49 23.75 2.46
176.27 93.49 23.02 2.25
158.03 93.9 20.49 2.52
4.97 94.1 22.01 1.63
1.01 93.88 22.97 1.68
17.74 93.38 25.23 3.21
0.06 93.39 22.51 1.95
0.82 93.26 24.57 2.84
1.65 93.4 25.37 3.5
13.33 93.78 24.41 1.79
10.4 94.35 22.19 2.64
17.97 94.39 23.09 1.57
5.47 94.31 23.74 2.34
0 94.35 23.68 2.34
0 94.17 23.93 1.45
0 94.01 24.27 1.52
0 93.67 25.41 1.71
0.72 93.48 25.3 2.54
0.02 93.78 23.6 2.43
0 93.82 23.45 1.45
0.43 103.12 154.45 133.59
73.89 103.47 154.15 133.75
126.25 94.25 19.89 1.8
13.47 93.98 19.25 2.19
7.4 93.81 19.7 2.49
55.43 93.92 19.37 1.84
7.47 94.24 20.09 1.97
38.41 94.47 19.2 2.1
6.07 94.41 19.7 1.99
55.97 94.29 19.09 2.42
0.03 94.2 20.22 2.69
32.14 94.05 19.67 1.9
2.49 94.2 18.22 1.29
8.27 94.34 18.35 1.5
194.63 94.53 17.32 1.5
116.58 94.59 17.73 2.44
1.64 94.56 20.42 2.54
0.13 94.72 19.16 1.87
13.32 94.53 17.77 1.39
55.6 94.38 16.34 2.18
0.01 94.51 16.93 1.96
0 94.38 19.32 1.28
1.64 94.52 20.54 2.47
27.62 95.25 15.24 2.03
1.09 95.14 13.97 1.56
63.33 94.58 12.88 1.74
6.49 94.52 14.1 2.31
0 94.44 19.63 2.33
0 94.76 19.51 2.38
0 94.85 19.02 2.9
0 94.7 19.44 2.36
2.74 94.7 19.84 1.45
5.66 94.79 18.77 2.24
0.01 94.89 16.36 2.26
3.25 94.33 16.37 2.29
2.85 94.12 19.04 2.32
40.28 93.95 17.51 2.83
14.84 94.13 13.2 2.01
25.86 94.03 14.83 1.94
6.4 94.05 15.52 3.47
0 94.28 14.04 2.37
0 94.51 15.79 2.63
0.09 95.33 13.49 1.64
1.64 95.77 11 2.02
3.33 94.62 14.71 3.21
44.43 93.92 10.93 5.59
0.03 93.83 13.42 4.76
0 94.81 10.81 1.5
0 95.12 13.98 2.52
0 94.64 17.76 3.61
0 94.54 17.64 1.88
0 94.32 17.95 3.13
0 94.65 9.65 4.04
0.24 93.97 5.56 3.41
3.22 94.15 5.27 5.59
2.41 94.48 9.72 5.07
0 94.85 12.13 2.4
0 94.93 12.87 1.75
0 94.67 13.92 1.66
0 94.61 14.4 1.49
0 94.62 15.56 2.61
5.39 94.8 12.93 2.92
0 95.55 5.11 2.58
0 94.4 10.38 2.84
40.3 95.03 4.4 1.55
10 95.33 4.57 1.97
0.73 98.27 53.91 24.43
0 97.77 54.3 24.34
0 95.59 6.73 2.02
0 95.45 4.49 1.67
6.32 94.22 7.43 5.89
0 94.32 3.43 4.02
0 94.91 1.34 3.75
0 95.24 -0.33 4
0 95.65 0.45 2.86
0 95.7 3.18 1.47
0 95.06 5.86 1.65
0 94.88 6.27 1.11
0 94.78 9.42 4.23
0 95.01 10.03 3.36
0.24 96.21 0.66 3.77
56.56 96.28 -4.38 2.43
35.42 95.89 -4.49 3.23
7.13 95.38 -4.11 1.81
0.18 95.38 -3.77 1.23
0 95.5 -3.87 1.32
0 95.67 -2.8 1.53
0.05 95.5 0.4 1.17
0.01 94.8 2.37 1.99
0 94.17 5.32 2.75
0.63 95.09 1.64 2.12
3.69 94.88 -3.25 2.52
0 95.6 -5.71 2.15
6.44 95.47 -7.54 2.31
8.97 95.48 -8.59 2
3.39 95.44 -9.27 1.93
2.59 95.93 -9.3 1.44
16.59 96.42 -11.93 2.57
11.31 96.48 -13.52 2.79
0.05 96.34 -15.41 1.97
0.01 95.49 -14.89 2.51
0 95.4 -14.2 2.66
0.04 94.89 -11.71 1.35
0.14 95.35 -10.36 1.31
4.4 95.07 -5.27 2.7
0 94.94 -6.9 1.62
0.24 94.26 -3.03 2.22
0.08 94.09 -6.03 5.23
0.23 94.41 -7.86 5.88
0 94.76 -4.93 3.93
0 95.43 -5.25 2.22
0 95.57 -7.88 1.49
0 95.72 -9.42 0.94
0 95.27 -3.16 2.38
0.96 94.94 0.19 3.13
0.01 95.27 -1.85 3.62
0 95.57 -7.04 1.47
0 95.22 -6.48 1.53
0 95.35 -6.9 0.91
5.25 94.64 -5.23 3.1
0.02 94.72 -6.78 4.71
0.03 95.3 -8.8 5.71
0 95.33 -7.34 3.09
0 95.83 -5.28 1.96
0 95.77 -5.88 1.4
0 94.91 -2.86 2.42
0 95.16 -4.91 1.79
0 95.23 -7.57 1.75
0 95.17 -5.16 2.42
0 95.25 -9.18 2.42
0 94.19 -7.18 3.04
0 95.3 -13.23 3.45
0 95.98 -14.64 1.97
0 95.72 -7.38 2.47
0.14 95.31 -5.48 1.58
3.53 95.58 -7.5 1.14
0 95.53 -8 2.13
0 94.69 -1.9 2.47
0 94.72 -5.62 1.27
2.91 94.91 -8.43 1.92
0 95.36 -11.03 3.84
0 95.14 -12.14 2.55
0 95.47 -9.92 3.04
0 95.28 -9.61 3.61
0 95.1 -10.26 2.96
0 94.86 -10.02 2.15
0 95.61 -12.56 3.19
0 95.85 -13.15 2.76
0 95.31 -12.58 3.18
0.04 94.67 -11.51 4.3
0.06 94.41 -10.95 2.73
0 94.49 -12.11 1.72
19.66 95.16 -16.55 2.33
1.03 95.11 -19.55 2.34
0 94.72 -19.29 4.45
0 95.33 -18.58 1.68
0 95.84 -18.24 1.47
0.37 95.79 -17.76 2.22
0.37 96.29 -21.16 3.11
0 96.16 -23.99 4.99
0 95.68 -14.98 4.81
0 95.11 -9.68 3.02
0 95 -11.56 3.75
0 95.06 -9.68 3.9
0 95.64 -13.37 1.82
0 96.07 -16.65 1.51
0 95.83 -16.7 2.25
0 95.88 -13.17 3.2
0 95.76 -10.71 2.97
0 95.41 -8.91 2.06
0 95.2 -8.4 2.62
0 95.4 -8.69 3.76
0 95.34 -8.73 3.66
0 95.23 -7.18 2.82
0 94.35 -7.04 2.99
0 94 -4.53 3.43
0 94.64 -3.09 2.92
0 94.29 2.01 2.85
0.03 94.2 2.01 2.42
1.29 94.54 0.29 3.29
26.34 95.28 -8.73 6.03
0 95.28 -12.57 5.55
0 94.63 -9.54 3.88
0 94.54 -5.24 4.14
0 94.45 -2.33 3.82
0 94.46 -4.1 3.92
0.07 95.3 -7.24 3.67
0 95.25 -9.48 4.05
0 95.07 -9.86 2.55
0 95.25 -7.3 3.3
0 96.12 -10.95 2.2
0 95.73 -9.3 2.48
0 95.67 -8.74 3.3
0.05 95 -6.79 3.25
0.01 95.1 -7.48 1.99
0.07 95.41 -8.53 3.95
0.04 95.61 -8.97 3.33
0.02 94.7 -0.79 2.82
0 94.36 1.64 2
0 94.34 0.11 2.91
0.1 94.72 -1.31 1.45
16.61 94.52 0.17 4.23
0.02 94.54 -1.48 2.77
4.58 94.81 -4.87 4.24
0 95.55 -8.38 4.68
0 95.63 -8.02 3.89
0.02 95.41 -7.09 3.41
0 94.88 -5.48 2.05
0 94.25 -0.86 4.31
0 95.03 -2.08 2.62
0 94.85 1.74 2.65
0 94.29 5.08 2.7
0 94.14 8.55 3.3
0 93.72 10.54 5.47
0 94.22 7.24 4.72
0 95.1 3.42 1.91
0 95.32 5.75 1.84
0 94.95 8.78 2.82
0 95.34 4.91 4.38
0.01 95.88 1.55 4.81
0 95.88 1.85 3.49
0 95.55 2.95 3.28
0 95.17 7.54 3.34
0 94.57 9.63 2.57
0 93.95 11.35 3.75
0.29 94.43 6.98 3.74
0 94.35 8.94 3.38
0 93.42 15.56 4.74
4.94 93.72 10.09 5.26
0.33 94.78 5.73 4.36
0 94.76 8.09 3.81
0 93.96 10.62 3.75
0.04 94.27 10.06 2.46
0.44 93.62 12.79 5.08
0 94.02 9.96 5.18
0 93.92 11.75 6.03
0 94.24 6.67 3.06
0 94.88 4.68 3.28
0 94.3 7.22 4.61
10.19 93.48 9.67 2.75
0.09 93.23 10.88 5.51
0 94.35 10.89 3.3
0.18 93.83 15.76 5.45
6.69 93.81 10.75 4.36
1.93 93.81 5.88 4.6
2.57 94.1 6.52 2.54
1.22 94.39 7.95 3.77
0.02 94.06 14.13 3.02
0 93.25 15.58 6.52
0 93.78 10.27 6.4
0 94.31 11 3.14
0 93.74 14.8 4.87
0.41 94.65 9.73 3.31
46.95 94.86 7.22 2.11
2.68 94.46 11.42 1.7
0 94.61 12.19 2.32
45.72 93.75 12.52 2.46
0.04 93.39 16.75 2.64
45.79 93.11 21.27 4.32
187.68 93.95 10.55 2.22
31.72 93.07 11.51 4.83
0 93.54 15.88 3.21
7.76 93.47 15.94 5.32
0.02 93.83 12.62 6.38
0 94.58 15.25 2.64
0 94 18.98 4.7
1.44 94.23 16.72 2.71
0 93.9 17.28 2.25
1.29 93.06 20.21 4.14
134.33 93.83 11.27 5.08
0 94.66 14.82 3.53
26.14 94.28 12.14 4.03
0.63 94.14 12.71 3.57
0 93.61 18.54 3.6
0 93.74 23.35 3.55
0 93.99 24.56 4.13
0 94.22 22.98 3.66
0 94.37 22.82 3.49
0.02 95.14 19.16 3.83
0.02 95.06 17.78 2.5
33.36 94.14 15 2.01
30.18 93.07 15.49 4.8
4.39 93.35 18.78 3.42
0.16 93.85 18.69 4.98
0 93.76 21.89 4.95
0.04 93.38 24.57 4.13
0 93.78 18.93 4.5
0 93.48 22.4 4.84
6.37 94.29 17.29 1.94
0 94.34 19.86 1.33
0 93.95 23.39 2.58
0 93.6 24.69 3.3
0.02 93.77 23.25 2.69
0.09 94.01 23.53 1.95
10.88 94.19 19.71 3.45
2.63 94.23 19.36 1.94
0.04 93.97 22.16 2.96
16.03 93.63 20.94 4.06
81.81 93.39 20.59 4.52
44.2 93.92 17.66 2.44
12.88 93.82 19.07 1.98
1.93 93.48 19.66 1.91
74.28 93.4 15.23 1.94
13.44 93.41 18.31 1.8
1.82 93.01 19.81 2.22
66.88 93.06 20.36 1.82
2.15 93.61 20.15 3.01
0.01 93.7 23.43 2.63
18.73 93.33 25.47 2.84
27.76 93.37 23.95 2.29
15.82 93.4 22.76 2.11
12.21 93.69 20.97 3.23
2.43 93.72 21.09 4.05
0 93.87 24.53 3.25
0 93.81 24.69 1.79
19.67 93.54 23.3 2.74
44.38 93.62 19.29 3.05
122.8 93.48 20.48 2.08
66.69 93.55 20.01 1.83
0 93.71 20.46 1.71
0.15 93.66 22.22 1.49
0 93.77 25.6 2.73
0 93.92 25.13 3.13
1.12 94.15 25.41 1.92
0 94.23 26.9 1.54
0 94.14 27.65 2.72
0 93.89 27.25 2.74
0 93.68 28.26 1.81
0 93.44 29.22 2.34
3.75 93.11 29.68 3.39
108.27 93.46 21.53 2.02
0.49 93.76 24.24 2.5
0.58 94.12 22.26 2.82
3.56 93.8 19.61 2.19
2.91 93.66 18.81 2.45
4.67 93.91 21.56 1.66
0.14 93.89 23.88 2.06
8.61 93.95 24.48 2.66
141.98 94.11 20.96 2.02
872.82 93.63 20.49 2.77
25.15 93.36 23.4 1.71
4.42 93.24 27.03 3.07
0.17 93.8 25.6 2.02
445.46 93.83 19.88 3.03
1.55 93.69 22.14 1.48
3.92 93.47 24.07 2.37
27.31 93.45 23.45 2.16
12.1 93.82 22.95 1.75
119.1 94.06 23.52 2.12
34.88 94.22 22 1.62
14.49 94.32 22.49 2.11
0.14 94.32 24.56 1.77
0 94.24 26.02 1.34
0 94.18 27.08 1.76
0 94.07 27.11 1.98
525.77 93.81 25.22 1.85
158.25 94.22 23.44 2.57
0 94.3 21.94 1.13
0 93.9 24.09 2.37
0 93.69 26.73 3.35
0.44 93.7 28.87 2.99
6.73 93.83 25.25 2.47
0 93.78 24.72 1.8
0 94.06 23.77 1.88
2.47 93.95 23.45 1.57
140.99 93.81 20.98 2.05
10.13 93.66 22.41 1.3
220.68 93.62 20.11 1.87
7.2 94.08 21.07 2.27
17.63 94.18 21.64 1.75
0.62 94.33 22.6 1.9
0.78 94.4 23.17 1.65
8 93.89 21.27 1.7
17.98 93.73 23.23 2.55
163.15 94.51 17.31 3.93
0 94.76 17.99 2.26
3.65 94.41 17.89 2.03
1.35 94.39 18.58 2.1
0 94.57 17.79 2
0 94.02 17.31 1.81
11.87 92.95 16.24 4.07
18.67 92.78 15.42 2.62
3.36 93.43 19.12 1.72
11.12 93.95 18.31 1.16
135.99 94.2 17.42 1.5
28.55 94.13 17.05 1.26
17.02 94.01 18.82 1.43
1.53 93.74 19.05 1.65
6.83 93.84 17.92 1.62
64.59 94.15 15.98 1.97
14.79 94.31 15.9 1.67
34.17 94.67 14.88 2.31
8.15 94.91 15.56 1.37
3.57 94.82 17.15 1.29
75.49 94.62 18.41 1.57
0.02 94.52 19.4 1.72
1.99 94.64 18 2.08
1.07 95.05 15.59 1.88
19.62 95.19 13.4 1.93
0.06 95.22 13.49 2.6
0 95.06 13.77 1.36
0.43 94.81 14.63 2.3
2.95 94.46 16.52 2.23
1.58 94.17 18.55 1.94
0.81 93.89 20.48 3.47
0.03 94.6 16.89 2.35
8.24 94.37 16.91 2.03
1.53 95.14 11.48 5.02
0 95.55 7.92 2.23
0.03 94.73 10.14 2.18
0.04 94.39 15.91 2.32
4.82 94.23 19.25 3.53
1.25 94.29 16.12 2.29
0.5 94.3 14.82 3.23
111.49 94.87 6.64 2.37
6.12 94.94 5.44 1.83
0.29 95.46 8.16 1.45
45.19 94.57 10.93 2.98
0.42 94.84 5.74 5.12
0 95.04 4.72 1.74
0.53 94.64 5.93 1.63
0 95.2 5.37 26.51
0.63 95.14 7.55 1.39
0 94.75 12.21 1.44
0 94.83 13.63 1.71
0.08 95 15.12 2.45
2.52 94.45 14.48 4.62
0 94.96 9.8 2.35
0 94.69 12.62 1.88
0 94.58 12.83 2.44
0.84 95.51 3.61 2.51
38.78 94.85 4.91 1.93
45.32 95.57 1.59 2.47
0 95.16 2.31 1.55
0 94.51 3.67 1.51
0 94.15 8.61 3.4
0 95.33 2.44 2.02
9.74 95.33 2.51 1.18
4.69 95.55 1.93 3.38
0.12 95.6 0.47 2.83
3.3 95.31 -0.6 3.61
0 96.11 -5.25 3.29
0 95.73 -3.12 2.46
0 95.04 1.04 3.34
0 94.47 2.25 1.79
0 93.6 4.17 1.69
0 94.68 0.98 2.34
0.1 95.43 -1.53 1.98
3.46 95.68 -2.04 3.42
0 96.03 -4.26 1.56
0 95.37 -1.7 2.38
1.06 93.95 2.89 3.78
2.05 94.18 -1.23 1.96
0.19 94.73 -1.51 1.31
0 94.17 4.61 3.98
0 94.9 0.97 5.3
0 95.1 -3.21 2.13
0 94.9 0.07 2.87
0 94.78 -0.83 2.33
0.14 94.3 -0.49 2.84
1.44 94.79 -5.28 1.89
30.07 95.3 -7.81 1.87
57.67 95.65 -9.81 2.46
0 96 -11.55 2.92
0 95.68 -10.56 2.75
0 95.19 -8.03 3.2
0 94.86 -5.59 1.99
0 94.4 -2.67 3.62
0 95.21 -6.69 3.09
0 95.64 -4.68 1.64
0.04 95.89 -5.47 1.82
2.02 94.76 -1.24 3.51
0 95.52 -3.79 3.92
0 95.23 1.07 3.1
0 94.49 3.67 3.58
0 94.65 -1.22 2.95
0.23 95.24 -5.97 3.61
0 94.67 -5.58 3.23
0 94.9 -6.67 2.54
1.83 94.32 -4.24 3.68
0 95.26 -7.47 2.3
0 95.41 -7.75 1.48
0 94.76 -5.32 2.78
9.53 95.16 -3.73 2.45
0 95.76 -9.54 3.39
0 95.67 -10.22 2.02
0 95.66 -8.94 2.9
0 94.85 -4.15 2.77
0 94.85 -4.3 1.11
0 95.01 -3.77 0.97
0 95.07 -3.02 1.04
0.01 95.39 -2.73 1.52
0.05 95.47 -5.41 2.72
3.86 95.13 -10.08 3.57
0 95.5 -10.8 2.26
0 95.35 -10.02 1.33
0.02 95.18 -4.35 4.38
0.48 95.87 -9.72 3.67
0 95.7 -11.08 2.24
0 95.41 -9.66 4.32
0 95.63 -8.47 3.31
0 95.14 -6.82 1.93
0 95.03 -5.97 1.66
0 94.83 -1.95 3.5
0 95.01 -4.37 2.34
0 94.67 -1.3 3.27
0 95.29 -5.21 1.41
0 95.58 -7.06 1.49
0 95.11 -2.88 1.89
8.78 95.19 -3.92 1.51
8.97 94.75 -4.83 2.1
0.01 94.89 -7.86 3.48
0 95.13 -10.73 4.22
0 94.88 -10.47 3.11
0.01 94.62 -11.5 2.75
0 94.78 -10.69 4.95
0 95.7 -12.07 2.08
0.05 95.67 -13.59 1.29
0.01 95.57 -13.21 1.45
0.09 95.37 -11.17 2.21
0 95.7 -11.35 1.86
15.46 95.39 -12.89 2.31
0 95.42 -13.48 2.14
0 95.07 -12.78 4.43
0 95.74 -13.79 2.63
0 95.87 -13.84 1.53
0 95.98 -12.5 1.13
0 95.35 -7.44 1.57
0.03 94.65 -3.88 4.67
0 95.15 -6.76 3.68
0 94.62 -7.52 2.97
0.18 95.5 -12.11 4.05
0 95.76 -10.03 3.7
0 95.21 -7.84 3.03
0 95.94 -8.23 3.45
0 95.35 -5.02 2.22
0 94.77 -3.38 1.67
0.16 94.45 -0.83 2.6
0 94.82 -6.19 3.58
0 95.73 -6.82 1.98
0 95.68 -7.88 1.03
0.02 95.48 -8.92 5.99
0.01 95 -9.99 5.98
0 95.19 -9.49 4.76
0 95.29 -6.83 3.22
0 95.28 -6.12 1.87
0 95.78 -4.57 1.44
0 95.6 -3.22 1.8
0 94.43 3.03 3.92
1.06 94.82 -3.32 4.33
0 95.38 -6.9 3.31
0 94.76 -5.06 2.8
0 93.74 -2.3 4.98
0 95.51 -7.31 4.14
5.7 95.26 -6.48 2.96
5.61 94.67 -3.9 4.49
0 95.16 -4.89 4.04
0 94.89 -2.23 3.79
0 94.86 -0.96 3.43
0 95.05 -0.52 1.63
0 94.71 1.59 3.06
0 94.69 0.68 3.07
0.2 95.08 -4.86 3.5
0 94.26 -0.43 2.58
0 94.39 -0.3 1.37
0.02 94.59 -4.03 2.32
0.08 94.98 -5.71 3.79
0.02 94.74 -7.68 4.17
0 94.75 -5.35 4.92
0 94.29 -0.71 3.69
0 94.1 0.65 3.01
0 94.3 3.51 2.07
0 94.59 3.96 3.13
0 95.4 -0.87 4.5
0 95.41 0.86 3
0 95.38 1.38 1.93
0 95.08 2.98 1.44
0 94.73 3.51 1.94
0.97 94.61 3.99 1.86
0 95.15 5.26 1.8
0.06 95.25 4.26 1.98
0.36 95.33 1.57 3.42
0 95.13 1.65 1.9
0 94.9 2.88 2.13
0.34 95.29 1.13 1.32
2.63 94.94 1.24 1.31
0.8 94.79 2.85 2.77
0.69 94.73 1.41 2.06
0 94.91 2.61 2.6
0 94.68 5.26 2.43
0 94.62 9.27 3.88
0.04 95.46 3.57 2.6
0 95.23 4.04 1.73
0 94.65 5.64 1.69
0 94.66 9.29 2.11
0 94.56 12.53 2.92
0 94.24 16.67 3.83
0.22 93.96 14.68 3.63
1.7 94.06 11.28 3.47
0.7 94.13 10.13 2.69
0 94.94 8.32 3.22
0 94.87 8.68 2.28
0 93.87 13.45 4.23
0 94.47 7.65 3.94
0 94.37 6.83 2.41
0 93.7 12.6 4.19
0 93.32 15.34 3.04
0 93.78 16.43 3.26
0.12 94.13 14.07 3.34
2.17 93.02 14.16 5.16
0.17 93.22 7.26 5.86
2.25 93.54 7.72 3.12
2.09 93.94 9.11 3.39
0 94.37 9.82 2.17
0.01 93.68 13.17 5.29
0 93.93 9.68 2.87
0 94.27 8.72 3.47
0 94.91 8.51 3.82
0 94.94 10.28 5.1
0 94.13 15.04 4.77
0 93.61 16.87 3.31
0 93.27 20.84 4.39
0 94.15 16.53 2.45
0 94.44 18.13 2.59
0 94.39 21.83 3.83
0.99 94.3 19.39 5.25
6.4 94.28 14.83 3.76
15.86 93.98 9.27 6.17
0 94.22 10.32 6.51
0 94.09 18.16 4.53
0 93.8 20.62 2.46
0 93.48 21.08 4.12
0.15 93.55 19.47 3.14
0.01 93.71 14.84 5.15
0 93.56 12.47 4.97
1.29 93.8 11.9 4.68
0.1 94.52 13.5 5.13
0 94.47 16.3 2.44
0 93.67 19.97 1.7
0 93.49 24.12 2.03
0 93.48 29.05 3.64
0.94 93.88 26.62 3.35
1.9 94.15 23.56 2.58
3.52 94.53 14.38 3.59
186.62 94.61 9.09 2.32
0.02 94.36 16.43 2.37
0.01 93.96 19.5 2.08
0.04 94.5 14.8 2.98
0 93.99 19.36 2.5
0 93.59 21.94 2.79
0 93.94 22.29 4.12
13.51 94.22 17.2 2.62
0.32 93.68 20.03 3.25
6.24 93.25 20.42 3.02
0 93.74 17.67 3.54
116.73 94.05 10.97 1.77
0 94.15 15.49 2.18
0 94.17 19.83 2.48
0 94.28 21.66 2.13
22.11 93.97 15.51 2.37
0.61 93.72 18.64 2.83
0.17 93.62 21.69 3.97
0 93.74 20.76 3.82
0 94.08 18.78 2.04
2.68 94.22 18.31 1.75
37.5 94.52 18.3 1.7
0 94.54 20.65 2.07
0 94.12 26.96 2.36
0.09 93.85 26.99 1.3
0.84 93.68 26.07 3.07
11.63 93.58 23.61 2.07
44.28 93.6 20.05 2.44
49.92 93.48 19.21 1.8
3.99 93.55 19.76 2.47
0.22 93.72 21.21 2.33
84.82 94.1 18.08 1.4
96.44 93.99 16.83 1.69
3.42 93.72 18.85 1.35
2.1 93.69 21.95 1.29
0 93.86 24.02 1.61
13.95 93.7 25.33 3.39
26.88 93.72 27.03 3.31
0.05 93.61 27.49 2.87
4.56 93.53 27.44 2.69
17.52 93.41 27.11 2.05
16.46 93.59 25.15 2.69
0.25 93.7 25.65 2.17
12.04 93.86 23.91 1.79
38.17 94.02 22.08 1.49
25.4 93.77 23.95 2.66
599.07 92.96 22.55 2.4
18.88 92.91 24.57 2.65
24 93.08 24.82 2.76
0.27 93.07 24.1 1.96
0 93.33 25.23 1.83
0.25 93.4 28.55 2.27
99.78 93.19 27.49 3.34
9.84 93.65 24.7 1.9
6.93 93.95 26.04 1.55
0 94.07 27.19 1.63
0 93.98 28.38 1.71
0.01 93.7 28.83 2.64
17.13 93.5 26.44 2.9
28.63 93.53 21.69 2.44
23.94 94.26 21.09 1.89
14.51 94.23 21.02 1.63
1.42 93.75 23.75 1.23
0.7 93.89 23.95 1.6
0.23 94.08 24.02 2.07
15.56 93.71 22.65 2.78
0.64 93.97 22.93 2.53
0 94.46 23.14 1.47
0 94.01 23.71 1.63
118.05 93.62 22.94 3.36
0.03 93.77 25.16 1.79
0.42 93.83 26.17 2.31
22.74 93.59 25.05 1.93
720.33 93.06 22.58 1.7
18.31 93.45 23.47 1.43
49.54 93.48 24.16 2.19
22.12 93.35 22.25 2.03
1.35 93.39 23.68 2.26
12.36 93.26 22.4 1.41
35.96 93.07 20.31 1.57
16.04 93.16 22.98 1.3
7.22 93.56 23.81 2.47
23.49 93.91 22.76 1.95
0.21 94.07 23.43 1.69
11.17 94.01 22.11 1.56
15.91 93.94 21.27 1.51
331.7 94.02 19.03 2.56
57.59 94.17 20.22 2.08
26.44 94.31 21.18 1.89
11.56 94.33 21.55 2.06
4.6 93.94 22.17 1.79
1.02 93.69 25.71 2.03
15.96 94.16 22.72 2.17
329.77 94.07 18.66 2.07
0.02 94.06 20.03 3.99
0 94.13 18.1 3.63
0 94.43 18.87 2.07
10.99 94.14 16.51 2.7
2.82 94.61 15.77 2.73
0 94.71 14.34 1.94
0 94.46 16.92 2.38
0.27 94.46 17.02 1.6
1.3 94.29 19.76 1.88
6.35 94.31 19.36 1.83
3.64 94.2 19.75 2.33
2.78 94.04 20.82 2.65
0.02 93.96 20.08 3.74
0 93.87 19.19 1.77
0 93.65 21.44 1.95
1.47 94.23 17.81 2.78
5.25 94.23 17.98 2.14
73.19 94.12 16.22 1.54
0.02 94.38 16.36 2.15
0 94.77 15.34 1.51
0 95 15.86 1.72
2.15 94.94 17.83 2.49
3.55 94.74 18.4 2.18
0.41 94.34 19.12 2.87
0.01 94.18 17.55 2.58
0 93.62 19.33 1.88
0.12 94.09 15.47 3
0 94.43 15.11 1.56
0.48 93.75 19.49 3.04
9.05 93.82 16.67 3.63
0 93.97 17.79 3.64
0.06 94.31 17.72 2.45
17.11 94.25 15.64 2.52
31.8 94.56 12.8 1.8
0.03 94.49 9.88 2.24
0 94.4 8.82 3.68
0 94.23 9.98 2.82
0 94.33 13.51 2.22
0.05 94.54 14.76 3.82
0 95.29 8.69 2.67
0 95.61 7.81 2.08
0 95.35 9.59 2.37
0 94.65 14.37 3.89
0 94.43 15.15 2.75
0 94.79 13.95 2.05
8.24 95.07 11.9 1.66
74.17 95.75 8.47 3.45
24.03 95.76 4.61 2.46
0.69 95.51 4.85 3.31
0.72 95.12 4.42 2.46
0 95.01 5.85 3.12
0.01 95.58 4.5 1.09
25.87 95.62 6.79 1.83
0.04 95.96 5.32 1.83
0 95.77 5.49 1.76
2.32 95.08 8.53 1.7
0.04 94.92 8.69 1.3
0 94.59 11.73 2.33
0.01 95.35 6.62 1.66
11.18 95.43 3.58 1.64
0.05 95.42 5.15 1.58
0 95.18 7.19 1.75
0 95.29 7.7 1.25
0 94.65 10.04 1.57
0.02 94.49 11.3 1.92
0 95.39 6.39 4.83
0 95.89 1.64 3.87
0 95.33 5.4 2.41
0 94.43 8.55 2.77
