0.58 94.85 -16.86 1.18
0.02 95.52 -17.5 1.33
21.86 95.36 -19.4 1.44
7.33 95.61 -18.71 2.84
0 95.9 -20.16 1.84
0.01 96.11 -20.8 1.86
0.05 96.21 -18.41 1.15
24.55 95.57 -17.31 0.86
6.85 95.78 -17.3 1.04
0 96.03 -16.93 1.24
0 96.03 -16.28 2.71
0 95.45 -18.64 2.79
0 95.46 -16.14 3.46
2.76 95.27 -15.85 1.08
0 96.35 -15.74 1.25
0 95.9 -13.8 1.05
0 95.58 -11.12 0.96
0.01 95.5 -6.95 1.01
0 94.99 0.84 3.14
0.08 96.26 -9.87 4.35
0 96.13 -13.15 2.63
0 95.85 -11.54 4.96
0 95.32 -8.04 3.76
0 94.74 -8.18 4.4
0 95.73 -9.46 3.36
0 97.42 -4.57 2.88
0.73 94.64 -3.82 2.05
0.01 95.27 -11.09 4.13
0 94.86 -5.37 5.02
0 94.91 -5.05 1.71
0 95.49 -8.57 1.38
0.8 95.63 -10.99 1.81
0 95.65 -14.32 2.39
0 95.59 -13.03 2.42
0 95.56 -13.7 2.23
0 95.9 -14 1.3
0.01 95.75 -11.51 2
2.23 94.83 -3.48 2.63
0 94.94 -5.01 1.34
0 95.57 -7.37 2.36
0 96.18 -10.62 2.41
0 96.58 -12.22 2.68
0 96.29 -12.19 1.81
0.04 95.65 -10.05 2.3
0 96.09 -10.77 2.3
0 96.25 -12.47 1.67
0 95.78 -10.7 1.31
0.01 95.38 -9.11 3.05
0 95.18 -8.46 2.75
0 94.63 -3.94 2.01
0 94.5 -7.39 1.63
0 94.66 -6.72 1.76
0 94.63 -4.2 2.49
0 93.6 1.89 1.72
1.62 94.02 -3.29 1.59
0 95.09 -6.71 1.91
0.24 95.24 -5.26 1.71
3.13 94.87 -6.3 1.92
0.76 95.55 -8.36 1.93
0.11 95.2 -7.89 1.97
0.41 94.95 -2.93 3.46
0 95 -2.23 2.57
65.13 94.62 -2.65 2.7
1.81 95.75 -10.49 3.38
0 96.42 -12.73 1.5
0.01 96.68 -12.89 1.36
3.26 96.98 -10.49 2.21
0.01 96.2 -9.96 2.55
0 94.82 -4.86 2.27
0.25 93.73 2.19 2.81
0.53 94.95 -5.08 4.07
0 95.5 -2.96 1.7
52.41 94.89 -0.1 2.03
0.49 94.95 -2.89 5.73
0.01 95.38 -4.88 2.7
0 95.78 -5.62 2.21
0 94.75 -3.12 2.61
0.25 93.39 4.14 2.3
45.56 94.1 -1.18 3.42
0 94.41 -0.02 2.74
0.06 94.41 3.9 3.67
0 95.05 2.44 2.39
0 95.63 -0.76 2.39
0.05 95.61 -3.55 3.33
1.42 95.12 -2.92 1.6
4.73 95.71 -2.52 1.43
0 95.58 3.13 1.38
0.06 95.33 6.1 1.63
3.93 94.76 8.84 3.7
2.21 94.54 7.37 4.67
0 94.99 1.31 5.11
0 95.03 -0.5 4.07
0 94.63 4.38 3.78
0 94.38 8.9 3.81
4.51 95.04 2.31 2.16
0.01 95.65 1.67 2.03
0 95.06 6.87 3.19
0.22 93.85 12.96 5.04
22.12 94.67 2.67 2.6
0 94.98 3.14 2.83
0.88 94.9 1.75 1.87
60.35 94.76 0.33 3.16
0.01 95.54 -1.39 4.76
0 95.63 2.2 2.57
0.68 94.95 4.34 2.25
6.63 95.24 2.74 1.86
0 95.18 4.81 2.42
34.52 94.49 10.95 2.4
20.85 95 8.56 1.56
0.2 95.37 7.93 2.03
0.12 95.61 9.35 1.79
0.65 95.36 8.91 1.76
0.18 95.25 8.06 1.75
0 94.81 12.57 3.09
2.96 94.56 13.01 3.92
18.36 94.45 4.56 3.35
6.46 94.07 2.4 3.46
0.07 94.21 4.88 5.79
1.04 94.36 7 4.81
8.65 94.58 11.8 2.23
0 94.03 17.39 1.92
0 93.79 18.69 3.83
0.17 94.29 16.64 2.09
2.02 93.78 53.89 2.16
194.05 93.48 9.59 2.24
3.58 93.96 13.3 3.81
57.88 93.95 11.3 1.39
9.65 94.17 14.69 2.41
47.26 93.99 11.58 3.63
13.55 93.91 8.96 2.02
1.3 94.93 9.54 2.05
0 95.17 13.05 1.5
0 95.09 16.29 1.34
3.27 94.69 17.48 3.56
8.2 94.58 20.51 2.5
0.7 94.75 19.86 2.09
10.1 94.28 17.71 2.4
226.82 93.46 12.16 2.4
0.25 93.18 18.21 4.44
0 94.01 21.34 2.4
0 94.15 24.27 2.35
0.37 94.15 22.57 1.89
0.31 93.83 21.69 2.3
12.23 94.09 17.34 3.43
0.28 94.66 21.08 2.72
0.15 95.05 22.03 2.15
5.53 94.98 19.05 1.7
85.49 94.35 15.69 2.14
70.6 94 16.69 1.72
86.02 94.47 15.32 1.65
5.28 95.05 16.69 1.04
3.68 94.95 18.03 1.38
0.44 95.07 19.3 1.38
0 95.1 21.54 1.77
0.01 94.89 22.93 2.01
0 94.6 23.93 2.11
0 94.6 24.1 2.19
0 94.7 24.65 3.42
0 94.83 24.45 3.37
0 94.94 24.61 2.07
1.22 94.81 21.47 2.18
0.02 94.52 21.52 3.51
0.46 94.18 23.91 1.81
28.01 93.93 23.81 2.65
68.68 93.83 22.39 2.7
0.36 93.75 23.88 2.33
13.81 93.86 23.57 1.63
87.27 93.9 20.93 1.91
39.08 94 20.41 1.7
0.63 94.09 22.68 1.02
0.04 94.5 22.98 2.41
0.02 94.05 23.64 1.44
3.13 94.42 20.12 2.06
0 94.49 23.2 1.49
0 94.34 25.98 1.93
0 94.32 26.98 2.81
0 94.26 26.25 1.64
6.85 94.1 21.72 1.43
14.25 94.02 22.61 1.47
0.11 94.07 24.04 1.41
0.1 93.82 26.21 1.2
69.8 93.79 22.43 2.27
0.98 93.82 24.83 1.3
0.05 93.81 27.88 1.77
2.09 93.78 27.4 1.55
0 93.8 26.75 2.78
0.02 93.93 25.23 2.51
4.93 94.21 21.33 1.6
1.25 94.41 22.48 1.99
1.18 94.36 22.18 2.44
42.94 94.11 21.87 1.5
133.59 94.13 20.65 1.42
345.76 94.41 20.02 1.36
2.87 94.68 22.31 0.91
0 94.6 24.05 2.28
81.29 94.15 22.51 2.39
4.84 93.91 25.02 2.69
1.68 94.15 26.18 2.29
1.82 94.12 27.33 2.36
8.54 94.21 26.26 2.37
69.25 94.15 23.9 1.83
0.63 94.39 24.78 1.44
0.88 94.49 25.98 1.57
15.4 94.5 26.99 1.18
4.49 94.63 27.55 1.54
0.43 94.49 28.19 1.92
7.37 94.41 27.29 2.61
48.32 94.04 26.7 2.27
388.56 93.65 25.9 2.42
9.67 93.69 21.74 1.19
46.17 93.64 25.46 1.05
220.53 93.98 21.69 1.26
0 94.58 21.04 1.84
0.02 94.46 22.61 1.31
6.09 93.71 25.01 3.03
49.55 93.98 22.87 1.73
43.05 94.37 22.11 2.88
0 95.11 20.16 1.52
28.15 94.71 20.12 1.37
63.8 94.01 22.47 1.95
33.23 94.1 22.77 2.02
0 94.32 21.64 1.85
0 94.03 24.68 2.39
43.57 93.76 25.01 1.95
1.46 93.65 26.59 2.14
10.35 93.55 24.38 3.42
0 94.08 22.28 2.87
0 94.42 22.07 1.69
9.11 94.41 22.86 1.86
6.94 94.57 23.14 2.09
102.06 94.75 22.66 1.79
0.5 95.05 22.63 1.68
134.33 94.95 18.56 1.59
69.5 94.92 19.02 1.36
0.75 94.9 20.14 1.28
0 94.83 22.28 1.65
0.09 95.06 21.72 1.84
1.53 95.28 21.52 1.39
0 94.99 20.9 1.56
0.63 94.78 19.44 1.57
25.72 94.39 20.27 1.48
2.94 94.49 20.46 0.89
0.57 94.53 22 1.74
8.38 95.05 19.8 1.64
8.66 95.19 20.84 1.09
0.02 95.07 19.86 1.11
0 94.77 19.83 1.72
0 94.55 22.71 1.6
0.37 94.77 23.62 1.83
0 95.34 18.26 1.46
0 95.13 17.51 1.36
1.81 94.67 18.35 1.28
4.4 94.36 18.98 1.23
0.1 94.6 19.35 1.5
0 94.75 20.56 0.99
3.16 94.8 22.11 1.26
0 94.89 22.78 1.86
5.56 94.68 21.08 2.02
95.3 95.08 14.66 1.92
314.86 95.18 8.75 1.58
157.51 95.03 12.43 1.36
0 94.75 16.09 1.41
54.08 95.02 14.56 1.88
198.11 95.63 9.37 2.17
0 95.49 9.96 2.46
0 95.29 12.27 1.33
1.04 95.01 14.65 1.2
6.26 94.75 15.36 2.41
0.13 94.96 12.56 2.66
0 94.94 10.82 4.85
0 95.76 9.15 2.32
0 95.33 10.01 1.38
0.02 95.03 15.09 1.79
1.07 95.38 12.49 1.38
278.85 95.13 6.94 2.28
85.78 95.07 7.63 2.09
0 95.17 9.04 1.38
0 94.78 13.23 1.18
0 94.66 16.86 2.44
0 94.8 18.09 2.44
0 94.74 17.9 2.14
0 94.31 17.4 3.4
26.4 94.9 10.99 1.76
150.72 95.34 4.97 1.96
0 95.41 8.19 1.46
0 94.99 9.48 1.69
0 95.19 8.45 3.24
0 94.67 7.87 2.71
0 95.5 2.52 2.61
0 96.05 0.82 0.76
18.96 95.98 -0.29 1.34
66.06 96.04 0.44 0.96
0 95.9 1.63 1.04
0 95.34 4.41 1.37
0 95.05 8.93 1.18
9.09 95.27 8.51 1.8
3.55 95.8 3.45 3.06
0 96.15 -0.57 2.86
0 96.8 -1.49 1.89
0 95.97 0.89 1.35
0 95.86 4.41 2.08
0 95.86 5.45 1.14
0 95.92 5.67 1.27
0 95.75 6.07 1.94
0 96.27 2.04 3.23
0 95.79 1.42 1.84
0 95.37 5.25 1.39
0 95.47 4.43 1.22
0 95.15 6.69 1.69
0 94.85 7.33 1.24
4.36 95.04 2.99 1.95
0.25 95.53 0.08 3.35
0 95.18 -1.17 1.43
0 94.73 0.53 1.19
12.42 94.24 0.92 3.98
1.41 94.64 -0.81 1.75
0.43 95.67 -1.58 4.39
0 96.63 -5.04 2.86
0.04 95.95 -3.05 2.35
0 95.31 0.33 1.42
0 95.22 1.24 1.78
0 94.91 4.88 2.89
0 94.45 3.19 2.27
0 94.21 5.73 1.81
0.27 94.39 2.01 3.92
0 95.13 -2.41 1.93
0 94.95 -2.15 1.75
0.01 95.23 -2.13 4.27
0 95.49 -6.19 2.86
0.38 94.64 -5.8 2.66
0 95.02 -7.51 6.41
0.15 95.16 -7.69 1.19
0.08 95.03 -6.53 1.31
0 94.68 -2.95 1.95
0.02 94.29 -3.59 1.78
0.05 94.89 -7.76 3.66
0 94.93 -5.49 2.07
0 93.94 3.46 2.35
0 95.35 -3.01 2.68
0 95.88 -5.75 3.26
0 94.6 -5.12 2.52
0 94.58 -6.85 1.31
0 94.01 -4.73 1.6
2.58 93.95 -9.06 3.69
0 94.92 -12.38 1.65
0.74 95.3 -14.29 1.64
0.03 96.02 -15.5 2.84
0 95.93 -16.48 3.47
0 95.63 -15.69 3.25
0 94.31 -8.43 3.88
0 94.18 -6.67 1.4
0 94.23 -4.31 1.84
0 94.51 -2.44 2.55
0 94.74 -0.74 1.95
0 94.48 -7.12 1.41
0.19 95.06 -10.79 2.8
0 96.31 -17.09 2.77
0 96.27 -15.84 3.41
0 95.38 -14.71 3.37
0 94.29 -12.13 2.72
0 93.97 -9.03 2.2
0 94.62 -12.1 3.13
5.08 94.85 -12.68 1.84
0.03 95.05 -13.13 4.38
0.09 95.59 -11.45 4.72
0 95.53 -11.81 3.4
0 95.67 -12.74 2.72
0 95.29 -13.06 0.78
0.01 94.89 -12.97 1.38
0.03 95.07 -11.7 5.14
0 95.67 -10.46 4.39
0.01 94.99 -8.19 1.68
0.2 94.88 -9.81 3.88
0 95.42 -13.93 4.35
0 94.67 -11.33 3.17
0 94.23 -12.88 3.92
0 94.37 -12.45 2.07
0.01 94.39 -11.22 3.49
0.03 95.37 -15.59 3.51
0 95.78 -17.85 3.37
0 95.59 -15.14 2.65
0 95.43 -14.25 2.45
0 95.15 -14.78 3.17
0 95.13 -14.63 3.82
0 95.03 -12.63 2.19
0 94.86 -12.88 1.51
0 94.86 -13.45 3.49
0.04 95.12 -15.01 3.55
0.01 95.26 -14.47 1.58
0.03 95.44 -14.81 2.25
0 95.85 -15.19 1.65
0 96.14 -14.08 3.21
0.02 95.69 -14.16 3.55
0 95.41 -15.25 3.84
0 95.2 -11.03 4.2
0 94.85 -4.15 2.73
0 94.54 -5.06 1.95
0 94.46 -7.79 1.57
0 94.31 -6.33 2.21
0 94.57 -5.63 2.38
0.03 93.72 -3.51 5.09
0.01 94.34 -3.55 2.68
0 93.99 -6.59 2.14
0.37 94.17 -7.65 3.42
0.06 94.94 -10.86 1.89
0.74 94.91 -9.96 0.93
2.89 95.19 -13.5 4.03
0 95.3 -12.73 2.14
0.11 95.21 -11.96 1.84
0.07 95.16 -12.01 1.45
0 94.45 -3.56 3.05
0.86 94.45 -5.22 1.89
3.52 94.9 -5.05 2.72
0 94.87 -4.1 1.97
0 94.76 -0.47 1.72
0 95.04 -0.69 1.58
0 94.64 1.58 2.18
0 94.17 2.39 3.6
5.69 93.98 0.71 1.95
0.12 94.71 -4.19 2.86
0 95.31 -4.67 1.65
7.36 94.71 -2.08 4.49
0.44 95.55 -9.32 3.49
0.04 95.04 -8.06 3.07
0 94.72 -7.11 3.64
0 94.72 -6.94 2.31
0 94.84 -4.46 3.4
0 94.49 -0.75 2.04
0.09 94.01 1.54 2.63
0 94.83 -1.93 3.46
0 94.56 -1.75 4.71
0 94.6 -4.22 4.55
0 94.93 -2.16 4.02
0 94.69 -0.36 4.18
0 94.05 2.39 2.92
0 93.36 7.24 2.21
0.02 94.12 2.4 4.35
0 95.22 -2.36 3.95
0 94.91 -5.5 4.32
0 94.67 -3.49 3.23
0 94.06 3.37 3.12
0 93.76 4.43 5.18
0 94.15 1.82 4.24
0 94.35 -0.92 2.27
4.04 94.95 -4.06 4.62
0 95.03 -3.02 3.35
0 94.76 -2.17 2.64
0 94.92 -2.66 4.87
0 96.61 -0.69 2.74
0 96.58 0.77 3.09
0 96.43 2.84 3.1
0 96.69 2.67 1.96
0 96.36 7.18 3.22
0 96.03 8.1 2.17
0 95.64 10.46 4.51
0 96.94 1.87 4
0 96.85 2.19 2.32
0 96.4 5.92 2.77
0 96.3 7.69 1.23
0 94.57 9.97 2.35
0.05 93.83 10.47 5.65
1.08 94.22 7.8 5.3
0 94.2 7.98 3.96
0 94.08 8.33 3.23
0.68 94.74 5.1 3.67
0 94.42 9.23 3.66
0 93.82 14.37 3.55
0 93.93 13.54 1.54
0.02 93.19 16.17 3.49
0 94.05 10.35 5.62
0 93.72 12.2 4.33
0.92 93.79 8.15 7.28
0.25 94.44 6.85 5.14
0 94.22 9.51 2.05
0 93.7 13.48 4.1
60.21 94.43 7.04 2.13
2.99 94.31 6.17 2.03
17.19 94.04 4.82 3.23
7.92 93.61 5.93 3.72
0.04 93.19 8.53 1.8
5.4 93.22 9.59 3.02
1.16 93.89 7.25 2.89
0 93.38 9.72 1.28
32.35 92.76 8.84 1.73
2.17 92.74 9.26 2.04
0.52 93.65 13.49 3.5
0.18 93.9 11.06 4.45
0 94.23 12.56 2.79
1.96 93.75 12.54 2.73
125.31 92.96 9.28 3.02
0.13 93.04 11.04 4.13
0.01 93.56 13.31 3.26
1.01 93.53 14.77 3.79
8.65 93.36 16.91 3.17
0 93.62 18.13 2.66
0.13 93.31 15.95 5.25
0.66 93.24 12.28 5.91
0 93.44 14.83 6.81
0 93.53 16.23 4.86
0 94.09 12.78 3.17
0 94.04 13.79 2.31
0.01 92.92 17.66 2.25
14.03 92.72 19.17 3.55
11.17 93.9 13.13 2.92
4.08 94 11.47 3.18
0.48 93.85 12.76 4.6
0 93.72 17.5 3.47
0 93.83 18.6 2.91
0 93.97 21.08 3.31
4.05 93.88 20.23 4.21
7.89 93.82 18.63 5.33
0.01 93.67 19.71 2.61
0.43 93.5 23.11 4.7
8.81 93.58 22.32 2.83
33.1 93.18 18.49 3.47
5.22 93.12 17.31 3.24
0.03 93.54 19.65 3.27
7.78 93.25 20.33 5.96
1.88 93.4 18.8 4.07
0.2 93.65 19.42 1.83
1.11 93.51 22.91 1.77
5.99 92.88 24.14 2.95
11.39 92.61 21.91 2.7
8.85 92.86 21.79 2.23
0 93.28 22.51 2.51
41.62 93.23 20.41 1.99
145.3 93.38 15.69 2.86
3.68 93.58 19.5 1.9
3.36 93.59 21.45 1.25
84.05 93.37 20.56 2.11
45.72 93.36 18.71 2.02
120.85 93.56 17.42 1.95
0.39 93.74 20.36 2
0 93.66 24 1.22
0 93.49 26.2 1.71
0.03 93.22 27.6 2.8
0 93.16 27.3 2.8
12.83 92.92 22.22 2.14
40.9 93.23 15.82 2.51
0.86 93.9 18.87 2.8
0 94.23 20.67 1.46
2.4 93.67 22.31 3.19
3.71 92.96 23.27 2.78
22.1 93.11 24.73 2.74
0.01 93.24 25.02 3.01
43.29 93.16 24.04 2.46
40.95 93.27 22.31 1.25
0.19 93.19 23.53 2.31
0 93.32 23.64 2.61
0 93.43 25.48 2.91
57.98 92.93 22.38 2.47
0.4 92.66 24.82 3.53
87.53 92.72 17.72 1.92
14.84 92.77 18.49 2.76
13.19 93.45 20.92 1.84
23.27 93.6 22.88 2.3
7.16 93.66 23.93 1.9
4.52 93.68 23.68 2.28
1.87 93.5 24.19 1.2
21.7 93.63 21.76 1.77
10.61 93.59 22.06 1.66
51.41 93.44 21.27 1.66
9.77 93.52 20.79 1.29
65.84 93.58 21.43 1.5
408.14 93.46 19.93 2.42
46.48 93.34 20.87 1.34
52.58 93.26 21.92 1.92
7.19 93.24 22.91 1.99
0.08 93.32 25.44 1.36
32.63 93.28 25.94 2.08
405.64 93.08 22.19 2.08
45.52 93.05 22.31 2.57
5.91 93.22 23.05 1.9
0.25 93.47 24.6 1.27
118.97 93.66 20.81 1.77
45.3 93.3 21.02 1.53
0.04 93.36 23.45 1.83
0.13 93.5 24.17 2.08
0.37 93.84 23.15 2.08
0.02 93.43 23.69 1.99
0 93.4 24.1 1.53
0.03 93.61 24.22 1.5
5.5 93.58 23.63 1.35
4.08 93.62 23.83 1.71
4.35 93.3 23.75 1.66
4.3 93.41 25.38 2.06
0 93.81 24.51 1.23
0 93.63 26.12 1.02
0 93.34 26.24 1.74
10.14 93.1 25.73 1.65
120.97 93.49 20.64 1.93
251.39 93.53 18 1.99
7.26 93.56 20.98 1.37
5.31 93.7 20.56 1.32
0.05 93.97 21.22 1.73
0.07 94.09 22.08 1.16
0 94.09 23.05 1.25
0.51 93.97 23.08 1.27
8.73 94.2 21.06 1.61
0 94.17 20.53 1.41
42.81 94.14 19.72 1.29
3.42 94.36 19.65 1.55
0.95 94.45 21.05 1.2
5.97 94.24 19.48 2.05
3.17 93.92 20.72 1.32
0.38 93.82 21.87 1.44
0 93.77 23.01 1.32
7.81 93.53 22.26 2.94
0.77 94.06 18.91 1.86
0 93.85 19.97 1.54
4.81 94.38 17.87 2.75
0.26 94.3 18.55 1.67
0 94.37 17.85 1.5
0 93.88 19.39 1.29
9.91 93.54 18.24 3.17
1.9 94.17 13.4 1.71
0.09 94.73 12.98 1.75
2.25 94.95 13.42 1.99
3.08 94.41 16.61 2.18
0.32 94.16 17.34 1.93
0.04 93.76 19.5 3.31
8.92 93.82 17.18 2.12
14.63 94.08 13.62 1.39
38.01 94.42 12.13 1.98
0 94.81 8.79 2.3
0 95.24 9.34 2.4
0 95.05 10.33 1.39
0 94.71 11.9 1.7
0 94.32 13.47 1.52
0 94.42 14.61 2.55
0 94.27 14.93 2.05
0 94.03 17.7 2.95
0.02 94.32 17.95 1.8
0.13 94.45 19.05 3.3
0.04 94.26 18.34 2.11
10.65 94.11 15.02 1.77
0.07 94.59 7.73 3.17
0 95.06 6.24 2.57
0 95.13 6.7 2.98
0 95.59 7.8 3.7
0 95.23 9.25 1.58
0 94.55 11.04 2.34
0 94 11.79 3.02
0 94.59 9.67 1.7
0 94.54 10.62 1.24
0 94.29 14.32 2.04
0.06 94.75 13.4 2.93
0 95.25 9.19 1.18
0 94.97 12.07 1.5
0 94.38 14.35 1.44
61.42 93.81 10.21 1.67
1.83 93.76 8.86 2.51
0.81 93.4 7.59 2.94
0.84 93.9 8.14 4.3
0 94.86 4.97 1.86
0 94.91 8.43 1.31
0 94.68 10.81 1.97
0.01 94.54 14.13 3.34
0 94.5 13.51 1.85
0.34 94.39 11.69 1.6
40.01 94.98 4.08 3.35
0.01 95.29 1.72 3.29
0 95.27 4.07 1.83
0 94.83 5.61 1.43
1.12 94.68 6.89 2.63
0 94.98 6.38 1.67
0 94.62 7.1 1.52
0 94.44 8.79 3.2
0 94.63 9.9 4.13
3.55 94.85 10.5 2.78
0.03 95.42 4.22 1.49
0.89 95.08 7.83 1.6
2.59 94.87 9.46 3.34
0.1 95.59 1.92 2.57
0.05 95.42 0.35 0.87
0 95.35 3.01 1.17
0 95.31 3.31 1.48
0 95.11 1.94 1.13
0 94.46 2.32 1.08
0 93.87 4.2 2.11
0 94.17 4.88 3.44
0.02 94.95 -2.43 2.61
0 95.02 -4.88 1.87
0 95.04 -3.98 1.46
0 95.29 -2.2 1.6
20.71 94.64 0.1 0.69
2.32 94.47 -1.24 2.52
0.8 94.66 -5.74 3.6
0 95.12 -6.94 2.53
0 95.11 -4.34 2.06
11.17 94.76 -5.99 2.9
0.16 95.34 -7.93 2.65
0 95.04 -8.57 0.86
0.08 95 -6.65 1.44
0.28 94.39 0.18 2.41
0 94.47 -0.66 1.44
0 95.32 -4.18 1.95
0 95.84 -8.76 1.42
0 96.11 -8.59 1.87
0.09 95.35 -7.72 0.87
0.03 94.66 -5.23 1.06
0 94.87 -6.57 1.2
0 95.19 -8.55 0.76
0.57 95.39 -9.05 0.86
0.61 95.38 -6.65 0.75
0.57 95.67 -8.66 2.31
0.03 95.96 -12.38 3.45
0 95.57 -11.63 2.97
0.01 94.76 -6.76 5.53
0 94.83 -3.91 3.08
0 95.26 -6.96 1.84
0.01 94.54 -4.38 2.7
0 95.29 -10.05 4.48
0 95.49 -13.72 3.07
0 95.59 -12.48 4.01
0 95.35 -10.67 2.05
0 95.41 -10.52 2.24
0 95.31 -11.19 1.1
0 94.97 -10.37 2.07
0 94.95 -9.76 4.56
0 95.15 -11.76 2.98
0 94.7 -9.77 3.71
0 94.85 -12.75 2.19
0 95.35 -11.87 1.97
0 95.59 -10.21 2.24
0 95.14 -6.75 2.49
0 95.54 -10.99 1.46
0 95.83 -14.73 1
0.08 95.27 -12.54 0.6
0.01 95.09 -9.96 1.61
0.07 95.48 -11.44 1.95
0.25 94.89 -11.88 2.76
0.09 95.08 -12.94 4.33
0 95.29 -12.15 2.8
0 95.09 -11.08 1.67
0 95.88 -14.59 1.18
0.1 95.76 -14.77 0.78
0 95.36 -12.17 1.48
0 95.32 -13.14 0.93
0.08 95.38 -12.35 3.39
0 95.45 -12.62 3.03
0 94.61 -6.98 3.45
0 94.87 -8.57 2.6
0 94.79 -8.81 2.57
0 94.51 -10.35 0.74
0.06 94.36 -8.4 1.39
0.14 94.56 -12.1 1.07
0 94.7 -10.52 1.27
0 95.15 -11.34 1.25
0.01 95.83 -14.66 3
0 95.67 -18.17 3.47
0 95.31 -17.98 2.7
0 94.81 -17.04 2.19
0 94.67 -16.41 3.02
0 94.27 -13.92 3.47
0 94.39 -13.61 1.68
0 94.9 -15.12 1.5
0 95.13 -14.75 1.92
0 95.52 -15.59 1.67
0.04 95.12 -17.03 1.35
0.16 94.69 -16.7 4.26
0 95.47 -17.99 4.36
0 95.44 -16.21 2.99
0 94.49 -13.42 3.33
0 94.56 -10.16 2.64
0.09 94.02 -6.66 2.58
0.03 94.68 -14.03 5.06
0 94.86 -16.54 5.1
0 94.44 -13.18 5.6
0 94.61 -11.01 3.32
0 94.93 -11.05 3.28
0 94.99 -10.99 1.56
0 94.67 -8.82 3.07
0.03 94.41 -4.19 2.45
0.1 95 -9.33 3.05
0 94.93 -10.46 3
0.04 95.01 -12.24 3.32
0 95.14 -13.69 4.73
0 95.03 -10.63 3.64
0 94.44 -5.64 3
0 94.57 -8.92 2.4
0 94.31 -10.2 1.16
17.39 93.96 -8.87 2.13
0 94.89 -7.82 2.54
7.2 94.76 -6.8 2.22
0.01 95.21 -9.39 3.34
0 95.14 -8.31 3
0 94.6 -6.22 1.25
0 94.22 -2.12 2.55
0 94.4 -0.36 2.29
19.03 94.98 -4.57 0.96
0.36 95.16 -8.22 1.63
0.32 95.08 -6.69 1.45
0.06 94.45 -1.92 2.14
28.86 93.78 -4.41 1.87
24.21 93.86 -4.51 2.68
0.04 94.48 -4.62 4.2
0 95.19 -9.09 4.19
0 94.86 -8.88 1.92
0.28 94.79 -8.39 4.38
0 95.25 -8.51 4.05
0 94.92 -6.24 1.72
0 94.28 -2.17 3.19
0 94.81 -1.13 2.11
0 94.42 2.98 3.29
2.15 93.52 5.91 4.7
9.19 94.25 -3.34 3.81
14.74 95.07 -8.33 1.79
0 94.81 -2.67 2.33
0 94.75 -0.16 2.2
0 94.13 4.14 3.5
0 94.69 1.83 1.79
3.4 93.82 1.63 5.08
0 94.27 -0.93 6.02
0 94.7 0.23 3.41
0 94.39 5.16 2.43
0 94.62 8.02 3.58
0 94.75 9.65 3.57
0.26 93.78 9.47 8.18
0.58 94.41 0.4 5.16
0.43 94.41 -1.19 4.65
0 94.35 -0.21 2.13
1.66 94.28 1.23 3.09
0 93.93 3.85 4.79
0 93.76 4.38 5.3
0 94.02 3.13 5.19
0.14 94.35 3.92 2.39
0 93.87 10.47 3.77
0 94.05 10.02 5.26
0 93.89 13.03 3.28
3.04 93.65 13.49 6.03
2.1 94.03 7.25 4.55
0 93.47 11.92 3.46
0 93.32 14.04 3.07
0 93.3 15.45 3.16
4.73 93.98 8.52 4.01
0 94.22 8.55 2.5
0 93.3 16.37 4.57
0 93.35 18.69 4.22
2.4 93.71 15.31 4.4
11.01 94.22 13.57 3.77
0.95 93.68 12.87 2.59
0.1 93.05 14.51 1.85
0.35 93 18.25 4.11
218.61 93.54 12.3 3.38
56.84 93.49 9.04 4.63
0 92.85 10.93 3.35
0.14 92.6 10.96 7.67
0 93.78 9.35 3.01
0 93.77 13 2.71
0.19 93.52 17.87 3.79
0.5 94.12 16.35 2.58
16.71 93.63 17.46 2.33
0 93.68 20.65 2.02
0.44 93.85 20.06 2.65
0 93.9 17.7 2.98
0 93.54 17.52 2.28
4.02 93.53 16.18 1.9
0 93.76 18.14 2.12
0.06 93.97 20.03 2.45
2.36 94.23 19.52 2.94
104.04 94.21 13.52 1.87
15.42 93.69 13.75 3.11
19.61 93.46 10.52 2.62
1.71 93.44 11.56 4.41
0.01 93.2 11.67 3.61
3.3 92.96 12.27 5.56
0.02 93.4 15.82 1.38
0 93.29 22.45 3.93
3.72 93.88 19.92 2.89
4.22 94.2 18.06 1.84
0.12 94.05 20.19 4.12
1.14 93.78 19.71 4.23
1.42 93.92 16.93 3.09
0 93.91 16.85 3.24
0 93.71 18.01 2.5
0 93.37 19.75 2.65
0 93.79 20.48 2.49
0 93.9 23.04 2.63
11.28 93.93 20.47 2.61
52.61 94.37 14.42 2.73
0.19 94.44 16.6 1.57
14.05 93.96 16.85 3.04
6.9 93.75 16.16 3.39
39.24 93.5 15.61 2.31
14.58 93.23 18.91 4
0.51 93.44 20.73 2.06
3.2 93.01 19.8 2.6
6.82 92.88 22.1 2.04
19.01 92.87 22.42 2.27
29.71 92.73 21.46 3.48
9.66 92.88 17.31 3.42
2.7 92.58 16.12 3.2
19.85 92.68 16.29 2.97
264 93.31 13.17 2.23
305.92 93.53 13.74 1.95
223.08 93.55 15.12 2.93
6.71 93.4 18.87 1.69
3.63 93.29 21.83 1.75
3.3 93.47 21.74 1.74
8.7 93.21 21.29 1.64
23.83 93.26 21.26 1.57
2.61 93.41 21.44 1.29
30.47 93.36 21.17 1.53
0.36 93.11 22.44 1.97
67.53 93.15 21.78 2.13
36.95 93.51 20.62 2.57
12.09 93.87 22.6 1.95
1.46 94.04 22.92 1.72
1.76 93.77 20.54 1.81
37.31 93.35 21.35 2.11
0 93.24 23.64 2.22
0.99 92.84 24.53 4.4
1.73 92.89 22.72 4.12
0.91 92.87 22.48 2.74
0.03 93.22 23.27 1.61
1.29 93.34 23.14 1.51
0.83 93.24 23.38 1.53
19.14 93.21 23.81 1.63
21.18 93.2 25.05 2.05
13.75 93.23 25.35 1.9
130.25 92.84 21.63 1.86
32.96 92.67 19.22 2.8
74.89 93.06 18.55 3.35
9.99 93.57 20.3 2.43
0 93.57 21.07 1.85
0 93.59 22.51 1.41
0 93.81 24.46 1.23
0 93.88 24.97 2.02
0.05 93.7 25 2.41
2.46 93.58 25.21 1.46
4.9 93.52 25.22 1.65
48.75 93.44 23.69 1.33
332.89 93.06 21.67 3.37
0 93.54 23.02 1.2
0 93.73 23.89 1.7
5.39 93.64 24.05 1.8
28.92 93.26 25.6 4.1
1.51 93.67 23.98 1.72
103.81 93.17 22.72 2.04
11.79 92.92 23.53 4.19
0.25 93.55 21.86 1.15
43.27 93.83 19.75 1.52
107.08 94 18.73 1.76
67.74 93.93 19.6 1.27
8.15 93.94 22.01 1.57
47.51 94.01 21.85 1.7
0 94.18 22.99 1.15
0 94.01 24.09 1.18
0 93.61 25.98 2.12
6.21 93.55 24.38 1.77
1.98 93.82 23.22 1.18
0 93.64 24.54 1.54
13.73 93.74 20.4 2.38
28.66 93.78 17.7 2.19
0.87 93.9 19.63 1.46
3.14 93.56 18.93 1.94
9.75 93.65 21.01 1.88
0 93.97 21.97 1.59
0.03 93.55 23.23 3.15
106.28 93.59 23.06 2.35
1.06 93.69 20.73 1.69
5.6 93.67 19.88 2.66
3.66 94.25 16.52 2
0.02 94.39 16.22 1.95
0 94.12 20.79 2.43
0 94.05 22.16 1.93
0.32 93.92 22.49 2.56
1.94 93.96 22.15 1.21
5.67 93.85 21.72 1.71
0.75 93.46 22.79 2.01
0.54 93.6 23.58 2.81
0 93.82 24.67 2.03
0 93.95 25.01 2.53
0.74 93.97 24.77 1.88
245.36 93.92 15.96 3.12
11.77 94.27 13.65 2.43
0.16 94.31 12.61 2.27
0.74 94.4 16.18 1.69
0 94.32 19.52 1.93
12.85 94.42 17.96 1.4
0.55 94.35 17.21 1.13
0 94.29 18.81 0.98
0 94.21 20.87 1.21
25.22 93.89 19.21 2.61
116.8 93.93 12.83 4.16
0.5 94.05 11.51 2.98
0 94.43 13.97 1.39
0.04 94.88 14.28 0.98
0 94.99 13.89 1.27
0 94.37 14.48 2.5
0 93.88 16.43 3.1
0.11 93.85 16.09 1.84
0 94.06 17.88 1.81
2.31 93.97 18.13 2.38
0.68 94 17.3 1.31
2.1 94.34 15.79 1.41
0.36 94.62 15.68 1.26
30.77 94.5 14.33 1.86
1.11 94.75 14.42 1.69
36.23 94.36 10.12 1.6
23.42 94.38 10.02 7.32
0.43 94.56 11.22 3.37
0 94.54 11.87 1.86
0 94.37 12.92 1.59
0.45 94.17 14.47 2.28
0.5 94.03 13.33 3.37
0 94.17 13.38 2.61
0 94.7 10.87 1.91
0 95.09 11.86 1.01
0 94.95 13.95 1.49
0 94.44 16.1 2.87
14.86 94.04 12.5 3.53
0 94.54 8.97 2.61
0.05 94.13 10.82 2.46
0 93.96 13 2.63
0.05 94.38 8.28 4.07
0 94.76 6.86 2.32
0.01 94.85 7.18 2.03
19.97 94.23 9.13 4.15
0 94.26 4.26 3.9
0 94.37 5.83 2.79
0 94.2 7.59 2.11
0 94.61 6.89 1.24
74.8 94.87 1.58 1.17
84.57 94.33 2.14 1.81
0 94.02 6.49 2.11
0 93.77 9.69 3.9
0 94.39 8.77 1.97
0 94.42 11.18 2.24
4.13 94.31 10.35 3.14
0 95.21 2.8 1.39
1.83 95.08 -0.18 2.61
0.03 94.67 -0.38 2.51
0.02 94.51 -0.63 2.27
0 94.45 2.15 1.45
0 94.64 0.82 2.05
6.71 94.74 -0.31 1.57
192.08 94.43 -1.42 45.39
56.02 94.65 -0.99 3.11
0 94.64 -3.63 0.62
0 94.32 -1.11 1.96
0 94.56 -0.94 1.14
0 94.95 -2.47 0.93
57.89 94.65 -2.54 0.71
97.87 93.42 -2.81 5.63
0.11 93.87 -4.62 3.5
0 93.94 -6.67 4.71
0 94.71 -4.97 2.68
0 94.96 -6.41 0.78
20.39 94.46 -2.93 1
0 94.38 -4.84 42.67
0.01 94.05 -5.08 3.53
0.01 94.65 -3.37 3.39
0 94.69 -4.68 1.64
0 94.36 -2.78 1.96
5.92 94.85 -5.76 2.08
0 94.76 -7.39 2.49
0 94.22 -5.92 2.11
0 94.19 -3.2 3.97
0 94.25 -7.78 3.09
0 93.32 -4.61 3.47
0.03 94.09 -7.04 4.78
0.02 94.62 -9.67 2.55
0 95.31 -13.59 2.37
0.14 94.93 -14.51 1.37
0.13 93.87 -5.33 3.29
0.8 94.1 -8.28 4.3
0 94.34 -11.21 2.23
0 94.37 -13.5 3.58
0 94.3 -15.09 3.11
0 94.48 -16.54 2.95
0.01 94.5 -17.8 3.85
0 94.64 -11.65 3.69
0.06 95.22 -14.05 1.38
0.03 95.38 -13.78 0.77
0.07 94.79 -11.63 1.98
0.02 94.84 -8.56 1.45
21.84 94.93 -11.13 0.84
0.58 94.72 -9.94 0.96
0.9 95.07 -12.28 1.24
0 95.43 -13.47 3.99
0 95.5 -15.63 2
0.01 94.95 -14.88 0.81
0.18 95.06 -12.65 35.14
3.79 95.09 -10.84 3.65
0.01 95.52 -16.34 2.75
0 95.31 -20.08 2.9
0 94.48 -18.11 5.04
0 95.61 -19.17 2.18
0 95.34 -18.78 1.07
0 94.77 -13.65 1.23
8.54 94.78 -15.04 0.77
16.5 94.84 -13.19 4.19
0 94.45 -15.45 3.81
0.03 93.91 -15.1 2.5
0 94.36 -18.61 4
0 95.46 -19.04 3.75
0 96.03 -16.14 2.59
0 95.09 -16.9 1.07
0 94.93 -14.33 1.71
0 94.8 -14.9 1.3
0 94.72 -15.03 1.33
0.03 95.12 -17.14 1.82
0 94.93 -15.08 2.5
0 94.78 -14.8 1.08
0.31 94.44 -13.17 0.7
0 94.53 -11.88 1.77
0 94.52 -13.36 0.77
0 94.98 -10.61 2.05
1 94.69 -13.52 1.36
0 95.42 -14.78 2.2
0 95.67 -11.77 2.27
0 94.72 -6.64 2.17
0 95.2 -9.98 0.88
14.54 95.2 -9.51 0.91
1.38 95.29 -9.82 1.41
0 95.03 -14.02 1.07
0.02 93.93 -7.7 3.03
0.02 94.5 -14.1 4.41
0 94.55 -15.8 1.43
0.09 94.86 -14.74 1.22
0.03 94.77 -11.19 1.59
0 94.37 -6.31 1.08
0 94.62 -7.22 1.08
0.03 94.53 -5.32 1.46
0.95 94.45 -6.17 1.88
0.34 95.1 -8.6 3.86
0 95.17 -10.83 2.81
0.97 94.16 -9.69 3.4
0 94.95 -9.96 2.87
0.01 94.49 -7.92 2.08
0.61 94.81 -15.47 4.07
0 95.62 -18.6 4.27
0 95.46 -17.16 1.45
0.22 94.62 -12.47 2.23
0 95.23 -13.4 2.06
0.05 95.26 -12.97 1.81
0 94.57 -7.9 117.43
0 94.37 -5.03 2.95
0 94.99 -9.68 2.63
0 94.91 -10.62 1.36
0 94.18 -6.74 2.43
0.02 94.22 -6.1 4.06
0 94.92 -11.85 4.21
0 95.04 -13.16 2.43
0.01 94.99 -12.06 1.84
0 94.87 -8.12 3.72
0 95.1 -7.64 3.28
0 95.04 -5.28 1.49
0 95.16 -7.21 1.85
5.08 94.96 -7.45 1.74
0.15 94.16 -0.25 3.44
0 94.09 0.57 2.83
0.11 93.58 -2.91 6.16
0 95.35 -8.67 5.2
0 95.32 -6.2 1.59
0 94.3 -0.36 3.83
0 94.63 1.32 2.09
0 94.02 5.37 3.14
0 93.97 3.62 1.86
0 93.35 5.38 2.35
0 93.25 -0.3 2.24
0 93.4 -3.28 5.87
0 94.78 -1.08 1.87
0 94.07 4.6 3.9
14.61 94.05 -0.38 3.72
0 95.2 -6.47 4.01
0 94.67 0 3.03
0 94.27 5.08 3.01
0 94.64 5.34 3.12
0 93.25 7.66 3.98
0.61 93.32 -2.62 4.08
43.34 94.09 -8.33 2.15
0.23 94.47 -7.67 2.66
0 93.24 1.1 6.08
0 94.23 -3.51 2.43
19.99 93.9 -5.67 3.76
0 94.62 -5.41 2.58
0 94.45 -2.51 1.49
0 93.48 4.29 4.04
0.99 93.71 0.91 4.61
0 94.54 -1.62 4.1
0 94.75 -2.59 2.3
0.58 94.6 -0.43 1.68
19.28 94.33 0.73 2.03
118.7 94.49 -0.12 2.74
0 93.99 3.68 2.48
0 94.06 4.99 2.71
16.74 94.2 -1.28 2.4
63.45 94.48 -1.63 3.23
0 94.24 -0.93 2.44
0.39 93.32 1.7 2.83
26.12 93.38 0.07 4.02
2.66 94.36 -0.53 3.88
1.03 94.19 0.94 4.22
0 94.24 1.83 3.61
0 93.76 8.41 3.56
0.23 93.32 6.5 4.68
0 93.57 2.57 5.17
0 93.27 3.8 2.52
6.3 93.59 3.42 3.17
63.08 93.88 0.71 2194.82
1.45 94.88 0.13 5.23
0 94.88 1.82 2.44
0 94.56 5.04 3.08
0 94.2 8.33 2.06
0.3 93.65 11.99 4.78
88.43 93.74 6.31 2.23
0.42 93.68 7.31 3.89
0.02 93.76 8.35 5.72
0 93.79 9.98 1.69
0 93.71 13.8 2.32
1.73 93.52 12.23 3.43
0.08 93.79 11.43 6.28
0.19 94.25 10.92 6.03
0.16 94.3 11.05 2.07
0.66 94.15 12.31 2.47
2.94 94.35 12.82 2.06
0 94.08 17.1 2.6
0 94.31 20.66 1.45
0 94.23 22.02 2.61
0 94.23 22.05 3.06
0.12 93.95 22.44 4.64
23.94 93.65 14.08 2.24
16.15 92.82 14.38 4.27
0 92.45 17.45 5.34
0 93.01 16.37 2.93
0 93 18.98 2.79
0.28 93.67 16.08 5
0 94.55 15.98 2.41
0 94.41 17.53 2.25
0.55 93.77 19.09 3.07
0 93.22 20.22 3.39
16.89 92.63 15.7 6.26
0.01 92.61 17.72 4.63
0 93 19.32 2.56
0 93.85 19.94 2.29
3.36 93.63 24.53 4.05
1.11 94.25 17.94 2.29
0 93.83 21.08 2.28
1 93.52 22.25 3.46
1.14 93.34 20.1 4.13
0.66 93.18 19.48 3.16
0 93.48 18.79 4.62
0 93.28 23.64 3.49
0.03 92.9 25.49 4
0 93.59 19.9 2.47
3.46 93.27 18.77 3.34
0.03 93.58 18.9 3.71
8.77 94.12 17.73 2.44
16.2 93.95 19.43 1.98
11.65 93.74 19.66 3.25
3.7 93.58 21.99 2.83
0.85 93.45 22.24 3.61
95.87 93.86 16.17 1.87
0.94 94.08 17.39 1.64
6.47 93.8 15.82 2.32
1.7 93.56 17.49 1.72
0.02 93.58 22.87 3.39
0.21 93.57 24.3 3.86
3.81 93.49 24.72 2.75
248.92 93.53 18.43 2.82
4.14 93.22 20.91 1.67
48.78 92.93 20.28 1.91
0.18 93.27 23.25 1.69
0 93.79 23.25 2.25
0.03 93.94 23.94 1.92
1.82 93.67 22.04 1.33
11.06 93.34 21.71 1.56
115.99 93.18 20.92 2.01
42.56 92.9 21.53 2.27
291.43 92.65 19.67 1.67
82.41 92.82 21.55 3.04
110.78 93.22 20.53 2.03
81.59 93.23 22.35 2.69
20.9 93.18 23.4 3.66
45.77 92.97 23.35 2.1
135.66 92.58 22.42 2.67
0.02 92.56 24.07 3.62
2.08 92.58 23.97 2.51
0.48 92.92 24.42 2.3
1.32 93.08 24.34 2.15
7.68 92.88 25.9 3.7
31.82 93.2 24.12 1.8
43.09 93.42 22.18 1.82
0.77 93.63 22.73 1.46
0.52 93.61 22.52 1.2
8.55 93.58 23 2.22
19.32 93.75 22.32 2.06
0.05 93.72 24.66 1.51
206.41 93.02 21.86 1.41
58.23 92.91 22.62 3.14
0 93.45 23.38 2.18
0.17 93.3 22.8 2.09
135.55 93.28 20.62 2.66
2.03 93.5 21.38 1.61
0.35 93.47 23.75 1.53
48.13 93.33 23.39 2.3
13.97 92.92 23.59 2.22
0.47 93.02 23.57 2.91
0.01 93.33 24.06 1.77
0.03 93.32 25.01 1.56
70.69 93.1 22.51 1.23
2.78 93.06 24.91 2.14
0.28 93 24.78 1.38
1.18 92.79 26.13 1.47
7.61 92.89 26.28 1.72
11.15 93.16 25.4 2.53
0.3 93.4 25.78 2.57
1.54 93.21 25.68 2.71
29.5 92.88 26.05 2.81
11.6 92.72 25.56 2.01
7.39 92.86 26.08 2.78
12.69 93.17 25.87 2.67
6.68 92.95 26.19 2.41
12.12 93.14 23.77 1.9
1.14 93.51 25.76 1.41
5.04 93.58 27.2 2.92
23.53 93.3 25.03 2.96
2.88 93.31 25.74 2.99
15.04 93.26 26.33 1.97
2.25 93.33 25.61 2.09
318.6 92.78 24.39 1.56
0.04 95.66 25.33 2.85
0 93.84 21.78 2.8
0 94.08 21.38 1.9
3 94.04 20.42 0.95
1.06 93.61 23.72 2.4
0.13 93.78 22.62 2.25
0 93.99 22.48 1.8
0.02 93.98 22.7 1.32
13.38 93.67 21.93 1.53
4.1 93.79 19.16 2.05
9.16 93.67 19.3 1.74
160.73 93.08 18.66 1.37
28.76 93.37 14.43 3.29
0.12 94.01 15.76 2.56
69.9 94.08 16.06 2.02
0.66 94.33 15.09 1.88
3.01 94.49 15.54 1.52
0 94.56 15.78 1.34
3.21 94.44 16.63 1.47
173.08 94.4 13.79 1.83
53.94 94.46 13.77 1.15
2.4 94.51 15.93 1.08
2.02 94.45 17.64 1.38
4.59 93.98 18.04 1.61
0.06 94.08 17.48 1.3
0 94.11 17.02 2.46
1.8 93.89 20.12 2.62
19.4 93.25 19.34 3.58
0.18 93.63 18.75 3.53
0 94.23 13.84 1.85
1.01 93.9 16.33 1.52
3.33 94.48 16.08 1.67
9.49 94.89 14.45 0.79
6.52 93.94 19.45 3.24
0 94.39 17.86 1.54
0.02 94.35 18.72 1.4
0.83 94.22 18.16 2.75
21.11 94.62 12.31 3.29
0 94.84 8.63 2.51
0 94.66 10.71 1.94
0 94.3 11.97 2.04
0 93.64 17.67 3.47
0 93.72 16.61 2.83
0 94.66 12.88 1.49
0.93 94.54 13.83 1.74
139.12 94.59 10.98 2.2
0.01 94.68 10.63 3.14
0 94.45 9.38 1.76
0 93.78 17.29 4.05
0 94.84 13.36 1.15
0.01 94.79 15.33 2.29
0.04 95.09 12.36 2.3
0.25 94.57 11.34 1.83
0 93.6 15.46 3.16
5.22 93.69 13.01 4.41
0 94.12 10.35 3.71
0 94.61 11.55 1.78
14.18 94.57 11.17 2.55
1.46 95.47 3.68 5.03
0 95.48 2.85 1.13
0 95.07 7.17 1.32
0 95.07 7.06 1.26
0 94.86 10.96 2.86
50.62 95.06 9.03 1.57
0.66 95.1 6.94 2.03
0 94.93 5.85 1.2
41.39 94.79 5 2.15
18.39 94.74 1.02 2.37
0.01 94.96 3.81 3.82
0.01 95.22 5.66 2.8
0 94.75 4.71 1.38
0 94.2 7.45 2.12
2.11 94.75 5.86 1.62
1.91 95.28 4.29 2.77
0 95.21 3.8 1.84
0 95.31 4.53 0.8
0 95.06 4.46 1.26
0.83 94.53 8.74 2.39
0.76 94.86 7.17 3.4
0 95.19 5.41 1.83
0.02 94.44 6.49 2.52
0.19 94.04 5.6 4.06
0.01 94.41 2.77 2.84
0 94.47 2.64 2.42
0.04 95.04 1.77 3.54
0 95.01 -1.76 4.28
0 95.06 1.15 2.5
0 94.95 1.7 1.73
0 94.33 1.63 2.22
0 94.12 2.91 3.6
0 94.08 2.85 2.23
0.1 94.26 1.55 3.7
0.01 94.63 -3.46 4.64
0.04 94.84 -3.98 6.12
0 94.73 -3.92 3.99
0 94.76 -2.09 2.65
0 94.96 -2.95 0.94
0 94.72 1.31 1.92
0 94.43 1.48 2.12
0.02 94.11 -0.56 2.24
0 93.94 -4.28 4.92
0 94.07 -7.66 3.68
0 94.31 -10.57 7.04
0 94.5 -5.58 3.66
0 94.11 0.55 3.34
0 94.75 -2.63 2.14
710.85 94.49 -0.55 3.18
710.85 94.27 -0.58 1.38
710.85 94.54 2.08 2.45
710.85 94.56 1.33 2.51
710.85 94.76 -1.59 2.72
710.85 94.32 -2.05 1.02
710.85 94.4 -4.54 1.35
710.87 94.4 -4.21 2.43
710.86 94.62 -6.2 3.05
710.98 94.07 -8.03 3.21
711.03 94.07 -8.87 2.28
710.85 94.22 -11.94 4.45
710.85 94.53 -11.73 2.75
710.85 94.9 -8.85 3.27
710.85 95.47 -8.14 1.65
710.85 95.43 -9.9 1.49
711.75 95.7 -12.4 2.35
710.97 95.33 -13.78 2.58
710.93 95.22 -12.52 2.68
710.85 95.61 -11.61 1.88
710.85 95.64 -10.6 1.13
710.85 95.35 -10.21 0.84
710.85 95.52 -9.38 1.16
710.85 95.42 -9.61 0.85
710.89 94.89 -6.73 3.01
710.88 95.37 -10.51 3.94
710.85 95.03 -11.1 1.47
710.85 94.57 -10.64 2.9
710.85 93.86 -5.92 4.08
710.85 93.68 -5.03 3.72
710.85 93.3 -3.31 4.64
710.85 93.71 -3.57 3.12
710.85 93.98 -2.95 3.23
710.85 94.58 -4.78 2.63
711.65 94.46 -7.55 1.8
712.35 94.73 -8.83 1.89
710.86 94.42 -7.18 2.76
710.85 94.97 -7.15 2.26
710.85 95.4 -14.32 2.93
710.85 95 -13.78 2.56
710.85 95.01 -11.33 2.37
710.85 95.11 -10 2.2
710.85 95.61 -12.66 1.66
710.85 95.33 -12.84 1.53
710.85 95.36 -11 2
710.85 95.17 -7.52 1.96
720.43 95.23 -10.22 1.56
710.85 95.16 -10.25 1.63
710.85 95.39 -8.08 1.97
711.02 94.41 -6.44 4.47
710.85 94.94 -10.42 4.01
710.85 95.1 -9.86 2.32
710.85 94.42 -6.18 1.76
710.85 93.62 -1.14 3.14
710.85 94.23 -3.38 2
710.85 95.14 -9.14 2.68
710.85 94.65 -7.3 3.95
710.85 94.12 -4.71 4.02
710.85 94.67 -7.05 3.66
710.85 93.38 -1 5.02
710.85 94.12 -7.1 3.4
710.85 94.21 -7.09 1.86
0.14 93.8 -4.21 2
0.02 93.85 -4.34 5.53
0 94.69 -12.99 3.88
0 94.85 -11.33 2.14
0 95.02 -11.98 1.46
0 95.27 -10.12 1.65
1.92 94.95 -10.89 1.41
12.91 95.03 -12.84 2.65
0 95.63 -15.19 2.99
0 95.42 -14.48 1.32
0 94.86 -11.77 1.27
0 95.51 -13.17 1.35
0 95.42 -12.77 2.1
0.08 94.63 -5.88 3.03
0 94.7 -6.14 1.86
0.03 95.29 -6.82 2.18
0 95.83 -9.69 1.55
0.96 95.35 -9.27 1.37
0.85 95.12 -9.43 1.94
0 95.03 -7.52 1.27
0 95 -4.44 2.14
0.19 95.54 -8.33 1.56
0.07 95.34 -5.62 1.2
0 94.89 -1.78 1.54
0 94.73 2.47 1.65
0.51 94.47 3.84 3.53
1 95.15 -3.73 3.84
0.04 94.83 -7.2 1.92
0 94.72 -5.43 1.52
0.39 94.64 -5.69 2.43
1.03 94.66 -6.37 1.86
2.46 94.99 -5.98 2.79
0 95.02 -7.26 2.95
0 95.17 -7.65 3.14
0 95.17 -5.95 2.48
0 94.71 -5.78 2.06
0 95 -5.28 2.12
0 94.45 -2.16 2.22
0 94.28 1.15 3.54
0 94.95 -1.96 4.31
0 94.53 -1.95 1.79
0 94.03 2.29 3.69
0 93.77 7.04 2.64
0 94.11 4.78 2.25
0 93.68 7.89 5.51
0 94.79 3.77 2.06
0.08 94.72 3.38 5.3
0 95.03 3.7 4.84
0 94.43 6.94 3.38
0 94.51 7.72 3.18
0 94.72 7.84 2.56
0 93.75 12.9 4.81
0 93.76 12.25 2.49
0.01 93.78 11.31 2.75
0 93.79 10.45 3.22
79.73 93.57 11.18 3.03
37.78 94.07 9.46 2.05
0 94.26 11.17 2.38
0.42 94.34 9.03 1.92
0 93.82 11.77 2.81
0 94.55 7.54 3.73
0 94.94 2.27 4.65
0 94.11 6.32 4.55
0 94.7 5.29 4.1
0 94.09 13.68 4.1
0 94.05 14.08 1.56
0 93.88 14.97 2.74
0 94.15 11.15 4.48
0 94.83 9.13 2.13
1.19 94.44 10.44 2.13
0.56 94.15 11.66 1.91
0 94.28 13.7 1.42
0 94.2 17.81 3.28
0 94.79 12.59 2.88
0 94.07 13.51 2.3
9.78 94.1 6.91 3.08
0.04 94.78 7.35 2.65
30.86 94.56 6.98 2.49
0.06 94.15 9.23 74.48
0 94.26 11.47 3.87
0 93.93 13.75 2.57
0.58 93.61 16.11 3.62
2.25 93.84 17.76 3.96
0.34 94.32 16.57 3.58
41.05 94.59 11.25 3.19
0 94.89 12.32 2.74
0 94.73 13.19 1.84
0 94.1 14.89 1.57
0 93.54 19.11 1.75
4.73 93.52 17.95 4.62
187.16 94.16 6.4 4.98
11.84 93.71 7.22 5.83
6.83 93.95 4.87 5.73
0.11 94.17 7.73 4.58
0.06 93.58 11.84 2.33
26.75 93.65 7.36 4.29
0.32 94.17 11.21 1.85
81.75 94.43 9.99 2.48
2.98 94.31 11.79 1.75
200.2 93.49 8.66 2.54
43.61 92.62 15.05 4.04
0 92.83 16.97 4.13
0.06 93.17 13.47 3.67
0 92.92 13.59 3.49
0.02 93.72 16.45 3.1
2.05 94.05 16.12 1.96
2.56 93.7 18.18 2.98
50.32 93.32 16.61 2.59
1.76 93.39 17.38 3.17
0.02 93.51 18.95 2.17
0 93.49 21.9 2.21
0.25 93.79 25.31 3.55
46.46 93.64 17.59 2.53
0.32 93.22 16.69 5.64
0 92.7 21.21 4.41
31.37 92.51 18.22 2.69
1.34 92.92 21.55 1.81
0 93.03 23.79 20.15
0.15 93.59 25.09 2.36
0 93.53 28.31 4.13
3.47 93.76 23.49 2.52
0.22 93.9 21.69 2.46
0 93.78 22.48 2.09
0.35 93.57 22.41 2.01
11.51 93.43 23.35 2.26
412.46 93.59 15.57 2.3
92.35 93.44 12.87 3.23
11.25 93.1 15.98 2.98
23.34 93.4 15.3 1.92
39.47 93.82 15.05 1.79
6.91 93.92 18.18 2.37
11.37 93.74 19.93 2.73
7.96 93.77 20.57 2.66
0.04 93.63 21.6 2.12
3.85 93.44 23.04 1.44
224.36 93.22 20.12 1.77
56.45 93.1 19.53 1.85
97.15 93.26 18.78 2.45
3.41 93.53 18.83 1.92
18.37 93.65 19.1 1.9
5.69 93.77 19.17 1.53
259.76 93.86 17.87 2.74
1.44 93.74 21.23 1.93
0.07 93.32 23.44 2.33
14.05 93.11 22.31 2.89
11.91 93.22 21.45 3.67
0.2 93.67 21.67 3.87
0.42 93.58 22.75 3.2
0 93.65 24.19 1.98
0 93.6 24.75 1.57
15.45 93.54 22.8 2.51
54.12 93.22 20.32 2.23
21.06 92.97 23.02 2.09
0.02 93.46 25.01 2.51
0.52 93.5 25.73 2.89
0.95 93.38 26.12 2.36
3.54 93.17 25.2 2.75
18.9 93.13 22.73 3.45
0 93.33 23.67 3.14
0 93.05 24.01 4.08
3.56 93.14 22.2 2.86
4.8 93.33 21.29 2.71
0.5 93.25 22.68 2.57
3.49 93.31 23.5 1.73
15.71 93.24 23.37 2.41
84.88 93.32 21.74 20.54
4.86 93.56 22.45 19.97
0.13 93.64 26.4 1.66
0.58 93.73 28.73 1.96
2.68 93.34 29.29 4.4
71.48 93.25 23.9 2.25
0.2 93.55 22.07 1.68
0 93.26 25.18 2.95
0.06 93.64 22.92 2.11
0 93.69 23.13 1.52
0.01 93.86 23.45 1.62
5.84 93.7 25.97 2.51
3.33 93.25 27.38 3.21
8.94 93.26 25.99 3.43
17.99 93.41 24.82 1.79
0 93.51 26.54 2.24
0 93.49 27.22 2.68
5.38 93.38 25.94 2.52
6.77 93.37 25.44 1.86
90.4 93.63 19.44 2.48
0.96 93.56 21.82 1.86
0 93.85 21.94 2.56
0 93.95 21.47 1.31
0.01 93.78 22.35 1.89
53.16 93.52 21 2.25
12.94 93.29 20.81 1.46
0.62 93.5 21.72 3.76
0.34 93.69 20.71 2.16
11.28 93.69 19.16 1.89
5.69 93.6 18.62 1.56
8.85 93.67 19.87 2.21
3.03 93.77 20.15 1.72
1.5 93.89 21.47 2.26
6.05 94.1 21.1 1.82
1.34 94.04 22.55 1.93
0.86 93.71 23.47 2.35
2.56 93.73 24.1 1.86
105.01 93.63 22.42 2.51
78.76 93.49 22.1 1.71
44.33 93.76 19.4 2.18
0.77 94.05 19.73 2.62
0 94.14 20.99 1.83
0 94.24 22.96 1.53
4.64 94.35 20.52 1.71
2.8 94.39 20.87 1.56
0.54 94.34 20.51 1.79
8.55 94.17 19.78 1.86
7.34 94.14 19.35 1.72
236.23 94.13 15.4 2.43
1.05 93.73 17.28 1.58
0 93.43 20 2.29
0 93.94 18.56 1.39
0 93.95 20.53 1.45
1.81 93.55 20.46 3.08
0.01 93.85 18.36 3.11
0 94.03 15.68 1.33
0.01 94.27 16.93 1.48
0.09 94.25 18.63 1.9
34.6 94.32 16.29 1.39
0.44 94.12 18.19 2.37
0.05 94.44 16.38 3.14
0 94.54 14.27 3.49
0 94.58 12.96 1.26
0 94.67 16.26 1.26
0 94.63 16.81 1.73
27.76 93.94 16.06 2.35
22.82 93.94 13.71 2.9
0.01 94.52 13.75 1.41
0.41 94.53 16.05 1.89
93.19 94.75 11.7 1.88
21.43 94.5 12.64 1.5
0 94.39 13.58 1.61
41.04 93.74 13.92 2.32
0.04 94.32 13.29 2.29
0.64 94.2 14.01 2.62
25.43 95.05 5.33 3.88
0.08 95.06 5.13 1.7
21.71 94.21 6.45 1.9
10.69 94.12 7.67 2.24
0 94.43 8.86 1.64
127.56 94.63 6.81 1.55
22.72 95.14 7.5 2.49
0 94.92 8.54 1.97
0 94.51 12.07 1.63
0 94.38 14.07 2.44
0 94.59 16.23 2.06
0 94.83 13.38 1.5
0.55 94.75 13.86 2.56
0.82 95.71 7.8 3.08
0 95.26 3.98 1.32
0 94.32 8.31 2.34
0 93.88 9.38 4.24
0 94.38 9.47 2.99
0 94.15 12.67 2.63
0 94.25 13.3 2.09
0 93.93 16.36 4.35
0 94.81 6.95 2.57
0 95.13 3.08 1.72
0 94.56 5.87 1.6
0 93.82 11.38 3.02
0 93.55 14.05 3.22
0 93.79 10.96 1.79
0 95.26 3.57 4.6
0 95.61 1.82 1.47
0 95.02 3.86 1.65
0.05 94.75 8.27 1.8
5.35 94.98 7.86 25.85
2.86 94.69 4.89 1.34
889.76 94.35 6.25 3.67
889.82 94.51 2.95 3.69
889.75 94.28 6.68 2.48
889.75 93.89 8.14 3.77
889.76 94.27 5.86 3.1
889.75 95.54 -1.59 2.65
889.75 95.48 -1.92 1.34
889.75 95.08 0.23 1.74
889.75 94.88 4.21 1.65
889.75 94.57 3.93 1.28
889.76 94.23 2.65 3.57
889.82 94.67 -5.11 5.81
889.75 94.64 -1.89 2.99
889.75 95 -2.22 1.52
889.75 95.11 -1.88 1.47
889.91 94.96 0.67 2.02
889.75 95.29 -1.14 1.41
889.75 95.21 -0.6 1.53
889.75 94.52 1.83 3
889.75 93.95 3.09 3.99
889.75 94.49 0.48 2.78
889.75 94.98 -1.95 2.08
889.79 94.74 1.7 3.3
889.75 95.16 -3.23 1.95
889.75 94.22 -2.07 2.37
889.75 93.78 73.96 5.28
889.75 94.89 -3.53 2.05
889.75 94.39 -1.48 1.34
889.76 94.22 -0.22 2.24
889.93 94.38 -2.04 5.86
0 94.93 -12.18 6.86
0 94.67 -11.24 3.92
0 94.42 -11.75 6.08
0 94.56 -11.25 4.51
0 94.66 -10.59 3.38
0 94.85 -10.42 1.75
1.05 94.89 -9.89 1.42
0 95.39 -10.09 1.46
0.04 95.23 -7.6 3.07
1.31 94.66 -5.65 4.91
0.07 95.05 -9.61 3.01
0.02 94.66 -10.53 4.11
0 94.81 -10.91 2.61
0 94.85 -9 1.6
0.2 94.81 -9.35 3.43
0 94.89 -13.13 3.25
0.01 94.9 -11.1 2.08
0 94.8 -7.64 2.81
0.15 94.59 -6.79 4.82
0 94.9 -10.88 3.92
0 94.54 -10.22 3.29
0 94.34 -3.2 2.31
0 94.41 -3.19 3.22
0 95.24 -5.86 3.79
0 95.47 -5.2 2.51
0 95.2 -8.48 1.1
0 94.81 -4.07 2.55
0 94.23 -4.91 2.06
0 93.59 -4.11 3.74
0.11 94.29 -7.38 116.85
0.03 95.01 -11.73 5.29
0.12 94.97 -11.66 2.77
0 94.9 -7.22 3.02
0 93.68 -2.41 3.98
0 93.93 -2.97 1.73
0.25 94.31 -3.05 5.52
0 94.81 -7.71 3.08
0 95.18 -9.46 1.64
0 95.06 -8.41 2.07
0 94.95 -5.67 2.36
0.03 94.53 -4.83 2.68
0 95.54 -8.01 2.29
0 95.62 -8.8 1.73
0 95.19 -5.22 1.93
0 95.4 -9.34 1.63
0.35 95.02 -10.23 1.71
1.49 95.02 -10.52 3.58
0 95.11 -9.04 2.15
0.98 94.02 -5.14 3.71
0.01 94.63 -8.36 1.73
0.04 94.56 -7.15 2.47
0.39 95.12 -7.78 1.85
0 94.55 -7.82 1.83
0 94.07 -3.61 3.35
0 94.94 -7.41 1.85
0.74 94.53 -4.3 1.18
4.42 95.16 -9.06 3.98
0 95.66 -12.48 2.74
0 95.48 -12.16 2.23
0.08 94.91 -8.87 3.95
0 95.54 -10.94 3.54
0 95.8 -9.27 1.4
0 95.6 -8.37 1.58
0 95.43 -7.74 1.6
0.09 95.33 -4.88 2.75
0.06 95.27 -7.31 3.26
0 95.14 -4.34 2.72
0 94.54 -1.49 2.91
0.03 95.36 -11.22 5.12
0 95.41 -11.62 3.47
0 94.71 -5.83 2.66
0 94.1 -2.95 2.48
0.01 94.13 -6.66 3.56
0 94.31 -6.71 2.15
0 93.91 -4.36 1.81
0 93.76 -0.97 2.45
0.01 94.43 -4.22 1.16
7.45 94.2 -1.83 2.45
0.01 94.81 -2.19 4.69
0 95.43 -3.97 2.15
0 94.87 -3.78 2.96
4.52 94.04 -0.48 3.78
11.02 93.55 -0.98 6.24
0.13 94 -6.64 5.98
0 94.26 -6.72 1.88
0 93.89 -6.59 2.03
0.2 94.4 -8.21 3.2
0 94.76 -9.64 3.76
0 95.36 -7.53 1.79
2.35 94.4 -2.52 5.21
0 94.12 -1.13 3.25
0.04 93.75 -3.37 2.56
0.08 94.42 -7.5 6.31
0 94.89 -6.72 2.46
0 94.6 -3.54 2.85
0 93.94 1.57 4.46
0 94.3 1.33 2.99
2.16 94.9 -3.84 2.89
0 95.66 -10.28 5.66
0 94.98 -4.21 3.6
0 94.64 -4.48 3.56
0 94.16 -3.39 2.94
0 99.62 68.7 74
0 94.23 0.51 3.56
0 93.9 5.56 4.21
0 93.85 5.5 3.11
0 94.6 2.24 2.37
0 93.85 6.8 2.98
0 94.14 6.37 4.02
0 94.27 5.21 2.57
0 94.22 5.92 4.2
0 95.13 1.63 4.22
0 95.31 3.26 3.07
0 95.48 3.87 1.43
0 95.24 8.01 2.73
0 95.06 12.39 4.2
0 94.25 13.06 4.88
0 93.87 11.93 3.87
0 93.97 10.32 3.04
0 93.49 14.47 4.14
2.55 94.54 6.18 2.97
0 94.6 4.28 1.55
187.86 93.11 1.86 2.28
0.47 93.9 2.97 2.16
2.2 93.82 4.7 1.68
0.12 94.37 3.1 5.11
0 95.45 -1.46 4.07
0 95.4 -0.22 3.49
0 94.62 4.15 2.36
0.03 94.38 7.45 2.89
0.05 94.6 7.37 1.83
9.67 94.8 6.6 4.05
183.54 95.45 -1.66 4.61
0.16 95.01 2.53 1.88
0 93.43 11.5 1.88
0.67 92.59 13.99 3.78
0.42 93.46 7.84 6.14
0 93.53 10.72 2
0.03 93.8 12.33 2.75
0.01 94.3 10.04 3.28
0.01 93.91 10.73 3.07
0.05 93.83 10.9 2.15
0 94.04 13.77 3.96
0 94.26 13.62 5.44
0 94.52 14.2 2.53
0 93.92 20.39 4.18
0 93.56 23.37 4.29
11.07 93.24 20.16 3.4
5.14 93.87 16.4 2.74
0 93.9 19.01 2.33
0 93.82 21.05 2.85
16.2 93.62 16.63 3.58
8.24 93.66 15.47 2
0 94 12.24 5.54
0 93.76 13.37 4.2
0 93.25 13.98 5.84
0 93.76 11.87 2.57
0.15 93.7 12.35 5.27
12.13 94 6.98 1.92
0 94.35 8.33 1.37
85.04 94.21 7.5 2.62
50.94 93.3 7 2.06
14.37 92.11 10.76 4.31
0.37 92.2 18.72 3.61
1.18 93.54 15.06 5.72
0.01 94.1 15.09 4.25
0 93.53 18.34 3.24
14.38 92.68 18.6 3.24
10.53 92.9 13.79 5.68
1.12 93.28 12.6 6.16
0 94.12 18.2 4.24
0 93.76 21.2 2.61
0 93.61 21.99 2.46
0.44 93.53 22.01 1.85
0.09 93.36 24.69 2.98
0.37 93.26 25.71 3.96
6.67 93.44 23.08 2.43
0.17 93.44 22.59 2.88
3.14 93.06 23.77 3.75
0.25 93.42 21.15 3.81
0 93.48 19.65 2.22
0 92.65 24.6 6.17
2.52 93.2 22.17 2.88
0.87 93.75 18.44 4.31
0 93.95 21.21 2.66
84.77 93.17 17.43 2.73
26.22 92.65 19.12 2.55
29.58 93.18 18.12 2.52
0.11 93.48 19.26 3.93
3.16 93.25 19.15 2.53
2.83 93.24 18.66 2.16
72.82 92.98 16.62 2.6
139.5 92.52 14.66 1.94
38.02 92.6 15.82 1.58
86.02 93.52 16.52 2.28
0.96 93.76 20.23 1.59
5.46 93.59 21.63 2.36
0.12 93.3 22.68 1.89
88.05 93.36 18.66 2.68
3.69 93.5 18.25 4.01
75.33 93.97 16.29 2.85
0.02 94.06 21.22 2.38
0 93.67 23.1 1.49
4.72 93.37 24.12 2.4
0.31 93.52 23.82 2.38
15.4 93.32 23.89 2.6
16.64 93.05 21.28 2.26
57.95 93.04 20.6 2.52
1.14 93.47 21.75 1.49
5.98 93.5 23.73 2.07
173.69 93.72 17 2.02
42.29 93.1 17.84 1.53
43.76 92.69 18.47 2.96
3.49 93.25 15.96 3.62
0.04 93.81 18.11 2.09
70.31 93.75 19.23 1.82
8.88 93.89 19.96 1.38
0 93.85 22.34 2.05
0.25 93.7 23.97 2.09
3.74 93.86 24.77 2.03
0.24 94.08 25.89 2.32
5.23 93.91 23.87 2.5
0.7 93.66 25.03 1.77
0.53 93.2 26.18 2.6
0.18 93.05 26.09 3.32
9.13 93.34 25.73 2.82
39.29 93.77 22.28 2.26
45.54 93.97 19.8 2.12
21.54 93.78 20.93 1.68
160.98 93.59 21.4 1.63
41.76 93.71 21.98 1.76
15.31 93.62 22.75 2.47
17.96 93.37 23.36 2.05
83.25 93.37 22.39 1.63
5.85 93.37 22.27 1.25
11.08 93.19 22.22 1.4
2.43 92.99 23.75 1.96
2.35 93.41 24.79 2.14
14.37 93.48 24.51 1.87
24.15 93.23 23.57 2.43
183.67 93.23 23.05 2.23
138.15 93.64 20.36 2.5
4.22 93.83 21.97 1.65
1.62 93.62 22.83 1.66
14.79 93.12 25.14 3.21
0.07 93.14 22.22 1.89
1.7 93.01 24.27 2.91
3.11 93.15 25 3.48
18.21 93.52 24.22 1.73
12.06 94.09 22.08 2.59
19.13 94.14 22.91 1.54
5.11 94.06 23.62 2.37
0 94.1 23.62 2.39
0 93.92 23.81 1.42
0 93.75 24.24 1.54
0 93.41 25.32 1.69
0.56 93.23 25.06 2.57
0.02 93.53 23.4 2.42
0 93.57 23.38 1.43
0.47 98.58 94.36 73.19
76.11 98.94 93.88 73.34
130.79 93.98 19.69 1.79
14.31 93.72 19.11 2.22
8.47 93.55 19.46 2.45
56.14 93.66 19.17 1.87
9.54 93.98 19.91 1.93
40 94.21 19.01 2.11
5.82 94.15 19.56 1.89
52.65 94.03 18.95 2.38
0.05 93.95 20.11 2.68
32.86 93.79 19.75 1.92
2.32 93.94 18.16 1.25
11.78 94.08 18.22 1.51
205.85 94.27 17.16 1.52
106 94.33 17.58 2.43
1.1 94.31 20.26 2.58
0.1 94.46 19.08 1.86
16.27 94.26 17.53 1.38
67.85 94.12 16.13 2.13
0.01 94.25 16.97 1.99
0 94.12 19.23 1.29
2.51 94.26 20.35 2.42
29.45 94.99 15.1 2.01
1.74 94.88 13.73 1.55
61.39 94.31 12.67 1.71
5.28 94.26 13.98 2.23
0 94.18 19.53 2.34
0 94.5 19.24 2.29
0 94.59 18.71 2.84
0 94.44 19.13 2.27
4.94 94.44 19.75 1.47
7.47 94.53 18.65 2.26
0.01 94.62 16.21 2.31
4.11 94.07 16.18 2.25
5.55 93.86 18.99 2.3
46.91 93.69 17.23 2.69
13.75 93.86 13.11 1.99
23.43 93.76 14.8 1.93
6.43 93.79 15.38 3.49
0 94.01 14.02 2.42
0 94.25 15.68 2.67
0.1 95.06 13.51 1.64
2.78 95.5 10.82 1.96
4.54 94.35 14.39 3.19
44.58 93.66 10.84 5.58
0.03 93.57 13.3 4.69
0 94.55 10.93 1.47
0 94.85 13.92 2.52
0 94.38 17.52 3.56
0 94.29 17.34 1.89
0 94.06 17.56 3.04
0 94.38 9.44 4.13
0.43 93.71 5.42 3.49
2.21 93.9 5.16 5.55
1.92 94.22 9.61 5.08
0 94.59 12.04 2.4
0 94.66 12.82 1.75
0 94.41 13.66 1.65
0 94.35 14.28 1.43
0 94.37 15.27 2.58
5.64 94.53 12.58 2.92
0 95.26 5.02 2.52
0 94.13 10.29 2.8
41.05 94.75 4.32 1.54
9.7 95.05 4.55 1.93
0.98 97.29 43.55 19.28
0 96.8 44 19.24
0 95.31 6.68 1.92
0 95.17 4.47 1.66
6.39 93.96 7.16 5.85
0 94.05 3.25 4.19
0 94.63 1.24 3.76
0 94.96 -0.41 3.98
0 95.38 0.47 2.79
0 95.43 3.04 1.46
0 94.79 5.71 1.62
0 94.61 6.16 1.1
0 94.51 9.21 4.22
0 94.74 9.71 3.31
0.23 95.92 0.56 3.78
63.23 95.98 -4.58 2.29
38.49 95.6 -4.67 3.13
7.98 95.09 -4.2 1.74
0.19 95.09 -3.93 1.2
0 95.22 -4.04 1.35
0 95.39 -2.97 1.52
0.04 95.22 0.25 1.17
0.01 94.53 2.05 1.84
0 93.91 5 2.72
0.67 94.81 1.55 2.08
4.52 94.59 -3.14 2.53
0 95.31 -5.68 2.1
7.01 95.17 -7.45 2.31
10.07 95.18 -8.59 1.93
3.7 95.15 -9.2 1.93
2.9 95.64 -9.22 1.41
17.61 96.12 -12.05 2.52
11.27 96.18 -13.65 2.71
0.08 96.04 -15.6 1.96
0.01 95.2 -14.99 2.52
0 95.11 -14.39 2.54
0.06 94.6 -11.7 1.34
0.26 95.06 -10.41 1.27
4.02 94.79 -5.2 2.7
0 94.65 -6.9 1.66
0.37 93.98 -2.84 2.26
0.1 93.82 -6.25 5.2
0.23 94.15 -8.09 5.7
0 94.5 -5.2 3.81
0 95.15 -5.42 2.24
0 95.28 -7.95 1.47
0 95.43 -9.38 0.96
0 95 -3.23 2.34
0.61 94.67 0 3.13
0.01 94.99 -2.17 3.49
0 95.28 -7.18 1.47
0 94.94 -6.6 1.46
0 95.07 -6.85 0.87
5.64 94.36 -5.33 3.06
0.03 94.45 -6.98 4.69
0.04 95.03 -9.08 5.61
0 95.06 -7.6 3.04
0 95.55 -5.53 1.92
0 95.49 -6.05 1.39
0 94.63 -3.11 2.38
0 94.88 -5.09 1.79
0 94.95 -7.68 1.78
0 94.89 -5.35 2.4
0 94.96 -9.21 2.43
0.01 93.91 -7.12 3.04
0 95 -13.16 3.34
0 95.69 -14.8 1.98
0 95.44 -7.54 2.47
0.25 95.02 -5.44 1.57
3.7 95.3 -7.61 1.16
0 95.25 -8.11 2.1
0 94.42 -2.19 2.4
0.01 94.44 -5.54 1.3
2.45 94.62 -8.52 1.91
0 95.08 -11.22 3.87
0 94.86 -12.29 2.53
0 95.19 -10.15 2.86
0 95 -9.83 3.7
0 94.82 -10.55 2.87
0 94.58 -10.35 2
0 95.32 -12.81 3.12
0 95.56 -13.48 2.71
0 95.04 -13.01 3.1
0.07 94.4 -11.78 4.32
0.11 94.12 -10.95 2.75
0 94.19 -12.14 1.71
18.18 94.85 -16.48 2.25
1.16 94.82 -19.71 2.27
0 94.43 -19.5 4.51
0 95.03 -18.66 1.69
0 95.53 -18.17 1.47
0.45 95.49 -17.78 2.21
0.36 95.99 -21.29 3.02
0 95.87 -24.18 4.88
0 95.42 -15.28 4.72
0 94.85 -9.83 3.03
0 94.72 -11.75 3.65
0 94.77 -9.93 3.95
0 95.34 -13.43 1.83
0 95.77 -16.76 1.46
0 95.54 -16.81 2.29
0 95.6 -13.24 3.14
0 95.48 -10.89 2.99
0 95.13 -9.13 2.06
0 94.92 -8.73 2.6
0 95.12 -8.95 3.7
0 95.06 -8.88 3.66
0 94.96 -7.41 2.84
0 94.08 -7.29 3.05
0.01 93.73 -4.73 3.4
0 94.37 -3.41 2.87
0 94.01 1.67 2.7
0.03 93.92 1.88 2.35
1.86 94.27 0.04 3.25
28.11 95 -8.82 5.93
0 95 -12.76 5.48
0 94.36 -9.74 3.85
0 94.27 -5.37 4.1
0 94.18 -2.65 3.69
0 94.19 -4.4 3.84
0.12 95.02 -7.41 3.71
0 94.97 -9.74 4.04
0 94.77 -9.94 2.55
0.01 94.96 -7.33 3.3
0 95.83 -11.09 2.21
0 95.44 -9.58 2.44
0 95.38 -8.96 3.28
0.08 94.71 -6.99 3.13
0.02 94.82 -7.65 2.05
0.12 95.13 -8.75 3.89
0.07 95.33 -9.13 3.29
0.04 94.43 -0.86 2.77
0 94.08 1.52 1.98
0 94.06 0.19 2.94
0.17 94.44 -1.26 1.5
12.66 94.25 0 4.3
0.03 94.25 -1.69 2.79
4.15 94.54 -5.05 4.17
0 95.27 -8.58 4.71
0 95.35 -8.26 3.93
0.04 95.13 -7.29 3.4
0 94.6 -5.57 2.08
0 93.98 -1.14 4.19
0 94.75 -2.26 2.56
0 94.57 1.62 2.66
0 94.01 4.89 2.65
0 93.88 8.26 3.25
0 93.46 10.25 5.29
0 93.95 7 4.65
0 94.82 3.42 1.89
0 95.04 5.76 1.8
0 94.69 8.59 2.73
0 95.06 4.72 4.25
0.01 95.61 1.35 4.66
0 95.6 1.63 3.35
0 95.28 2.78 3.32
0 94.9 7.27 3.29
0 94.3 9.46 2.55
0 93.68 11.06 3.65
0.17 94.16 6.77 3.79
0 94.08 8.9 3.33
0 93.16 15.27 4.62
5.75 93.46 9.7 5.09
0.32 94.51 5.49 4.34
0 94.49 7.91 3.78
0 93.7 10.29 3.71
0.07 94 9.84 2.44
0.34 93.35 12.5 4.87
0 93.76 9.79 5.1
0 93.66 11.56 5.93
0 93.96 6.7 3.05
0 94.59 4.71 3.2
0 94.01 7.16 4.5
8.03 93.2 9.74 2.79
0.11 92.98 10.72 5.41
0 94.08 10.7 3.22
0.36 93.57 15.56 5.34
5.12 93.55 10.55 4.36
1.49 93.54 5.73 4.59
1.93 93.83 6.42 2.44
1.07 94.12 7.56 3.61
0.01 93.79 13.93 3.02
0 92.99 15.3 6.44
0 93.52 10.04 6.41
0 94.04 10.83 3.14
0 93.48 14.6 4.74
0.63 94.36 9.7 3.38
49.2 94.58 7.18 2.13
2.99 94.19 11.34 1.7
0 94.34 12.16 2.35
47.91 93.49 12.47 2.34
0.03 93.12 16.75 2.61
48.98 92.85 21.01 4.33
194.41 93.69 10.31 2.2
23.14 92.82 11.57 4.9
0 93.28 15.69 3.14
6.62 93.2 15.88 5.23
0.01 93.58 12.44 6.44
0 94.32 14.98 2.62
0 93.75 18.76 4.68
1.66 93.97 16.44 2.71
0 93.64 17.08 2.25
0.8 92.8 20.02 3.95
125.36 93.58 11.13 5.15
0 94.39 14.54 3.47
28.13 94.01 11.94 3.87
0.49 93.88 12.49 3.57
0 93.36 18.45 3.7
0 93.49 22.97 3.54
0 93.74 24.23 3.99
0 93.96 22.67 3.47
0 94.11 22.5 3.39
0.04 94.87 18.97 3.76
0.03 94.79 17.65 2.52
36.82 93.87 14.88 2.08
29.64 92.82 15.29 4.65
3.3 93.09 18.62 3.43
0.29 93.59 18.5 4.91
0 93.51 21.58 4.95
0.09 93.13 24.21 4.02
0 93.52 18.79 4.38
0 93.23 22.14 4.8
7.38 94.03 17.13 1.91
0 94.08 19.66 1.28
0 93.69 23.14 2.53
0.01 93.35 24.32 3.24
0.04 93.51 23.17 2.64
0.18 93.75 23.29 1.9
14.42 93.93 19.49 3.39
2.14 93.96 19.22 1.99
0.06 93.71 22 3.02
13.61 93.37 20.82 3.92
79.22 93.13 20.4 4.31
44.65 93.67 17.59 2.44
13.63 93.56 18.9 1.92
2.79 93.23 19.38 1.88
75.76 93.13 15.04 1.89
13.32 93.15 18.25 1.82
2.32 92.76 19.56 2.13
69.65 92.81 20.16 1.82
1.73 93.36 19.93 3.03
0.01 93.44 23.3 2.63
13.36 93.08 25.21 2.77
30.25 93.12 23.76 2.23
13.02 93.14 22.53 2.07
10.82 93.44 20.77 3.21
2.09 93.47 20.86 4.09
0 93.62 24.35 3.24
0 93.56 24.51 1.77
17.73 93.28 23.01 2.72
49.07 93.35 19.02 2.87
123.95 93.22 20.38 1.93
63.67 93.3 19.85 1.92
0 93.46 20.34 1.7
0.21 93.4 22.09 1.5
0 93.51 25.31 2.61
0 93.66 25.03 3.1
2.01 93.89 25.37 1.95
0 93.97 26.85 1.49
0 93.89 27.52 2.65
0 93.64 27.12 2.72
0 93.43 28.22 1.8
0 93.18 29.12 2.23
5.05 92.86 29.54 3.29
113.96 93.21 21.38 1.98
0.39 93.5 24.14 2.45
0.98 93.85 22.12 2.83
5.3 93.53 19.51 2.22
2.18 93.4 18.62 2.49
4.54 93.65 21.43 1.67
0.08 93.63 23.76 2.02
7.08 93.69 24.34 2.53
148.31 93.84 20.81 1.86
867.12 93.36 20.38 2.71
31.91 93.1 23.33 1.69
6.87 92.99 26.93 3.07
0.24 93.54 25.36 1.95
427.98 93.57 19.77 3
1.15 93.43 22.11 1.45
4.29 93.22 24.04 2.24
20.58 93.2 23.34 2.14
10.75 93.56 22.88 1.78
125.44 93.81 23.26 2.15
28.73 93.96 21.92 1.59
11.63 94.07 22.45 2.1
0.12 94.07 24.5 1.84
0 93.99 25.89 1.3
0 93.93 26.96 1.7
0 93.81 27 1.93
567.26 93.56 25.04 1.78
155.81 93.97 23.36 2.55
0 94.04 21.84 1.12
0 93.65 23.98 2.33
0 93.44 26.46 3.24
0.78 93.46 28.66 2.9
8.42 93.58 25.13 2.48
0 93.53 24.54 1.79
0 93.8 23.7 1.86
5 93.69 23.42 1.61
147 93.55 20.94 2.06
10.75 93.4 22.26 1.29
217.83 93.36 20.04 1.81
5.8 93.82 21.03 2.29
10.72 93.92 21.6 1.79
0.66 94.07 22.53 1.94
0.91 94.14 23.14 1.65
10.35 93.63 21.17 1.65
12.06 93.47 23.13 2.59
148.8 94.25 17.18 3.88
0 94.5 17.86 2.25
4.56 94.16 17.67 2.07
1.02 94.14 18.46 2.11
0 94.31 17.68 1.9
0 93.76 17.28 1.76
10.27 92.7 16.28 4.07
18.27 92.53 15.3 2.61
2.55 93.17 19.01 1.75
7.65 93.69 18.27 1.18
151.8 93.94 17.46 1.53
25.9 93.88 16.96 1.25
12.69 93.75 18.67 1.44
1.67 93.48 18.89 1.69
4.03 93.59 17.73 1.62
66.99 93.89 15.87 2
10.52 94.04 15.72 1.65
40.28 94.4 14.75 2.35
8.47 94.64 15.46 1.37
3.9 94.55 17.1 1.32
80.76 94.36 18.32 1.49
0.01 94.27 19.24 1.78
2.96 94.37 17.83 2.13
1.56 94.78 15.43 1.79
22.33 94.93 13.29 1.87
0.11 94.96 13.29 2.62
0 94.8 13.53 1.34
0.59 94.55 14.32 2.29
5.54 94.2 16.31 2.18
1.62 93.91 18.47 1.88
1.14 93.63 20.27 3.33
0.05 94.33 16.71 2.41
10.14 94.11 16.76 1.93
1.61 94.89 11.34 5.12
0 95.28 7.76 2.18
0.05 94.46 10.03 2.14
0.07 94.13 15.6 2.32
5.07 93.97 19.02 3.43
0.89 94.02 16.01 2.32
1 94.03 14.73 3.15
113.66 94.59 6.65 2.32
5.15 94.66 5.45 1.79
0.48 95.18 8.11 1.44
46.76 94.3 10.88 3.1
0.46 94.58 5.53 5.15
0 94.76 4.69 1.79
0.31 94.36 5.92 1.57
0 94.93 5.31 21.23
0.67 94.87 7.53 1.41
0 94.49 12.25 1.46
0 94.56 13.66 1.77
0.1 94.73 14.77 2.3
1.97 94.19 14.4 4.64
0 94.69 9.78 2.42
0 94.43 12.48 1.85
0 94.31 12.88 2.46
1.25 95.21 3.66 2.46
42.89 94.57 4.9 1.95
43.92 95.28 1.59 2.48
0 94.88 2.26 1.56
0 94.24 3.53 1.47
0 93.88 8.47 3.3
0 95.05 2.39 1.95
9.25 95.06 2.38 1.15
3.53 95.28 1.8 3.47
0.22 95.32 0.33 2.87
2.12 95.03 -0.62 3.66
0 95.83 -5.37 3.34
0 95.45 -3.37 2.37
0 94.77 0.8 3.31
0 94.19 2.22 1.74
0 93.33 4.38 1.77
0 94.4 0.98 2.28
0.17 95.13 -1.43 2.03
3.22 95.4 -2.06 3.39
0 95.74 -4.34 1.52
0 95.08 -1.66 2.42
1.37 93.68 2.71 3.82
1.53 93.9 -1.25 1.96
0.19 94.44 -1.67 1.26
0 93.9 4.46 3.89
0 94.63 0.76 5.24
0 94.82 -3.28 2.1
0 94.62 0.09 2.9
0 94.51 -0.98 2.16
0.11 94.02 -0.55 2.82
1.63 94.51 -5.12 1.84
31.94 95.01 -7.81 1.91
59.38 95.36 -10 2.47
0 95.72 -11.73 2.92
0 95.4 -10.68 2.66
0 94.91 -8.23 3.22
0 94.58 -5.91 1.93
0 94.13 -2.86 3.59
0 94.94 -6.75 3.08
0 95.36 -4.98 1.57
0.05 95.61 -5.7 1.74
2.44 94.49 -1.51 3.43
0 95.24 -4.01 3.91
0 94.96 0.77 3.09
0 94.23 3.27 3.49
0 94.37 -1.44 2.95
0.47 94.96 -6.16 3.65
0 94.39 -5.63 3.22
0 94.62 -6.61 2.61
2.55 94.05 -4.36 3.63
0 94.98 -7.57 2.31
0 95.12 -7.91 1.47
0 94.49 -5.68 2.64
9.18 94.88 -3.84 2.47
0 95.48 -9.75 3.19
0 95.38 -10.43 1.92
0.01 95.38 -9.01 2.76
0 94.58 -4.43 2.74
0 94.57 -4.43 1.06
0 94.73 -3.87 0.93
0 94.8 -3.08 1
0.01 95.11 -2.84 1.54
0.09 95.18 -5.35 2.68
3.56 94.84 -10.11 3.52
0 95.21 -10.98 2.17
0 95.06 -9.98 1.32
0.03 94.9 -4.34 4.49
0.28 95.58 -9.74 3.53
0 95.41 -11.18 2.22
0 95.13 -9.88 4.31
0 95.35 -8.66 3.24
0 94.87 -6.9 1.98
0 94.75 -5.95 1.7
0 94.56 -2.04 3.48
0 94.74 -4.55 2.32
0 94.4 -1.26 3.39
0 95.01 -5.19 1.39
0 95.29 -7.03 1.47
0 94.83 -2.85 1.98
9.29 94.9 -4.04 1.48
7.84 94.48 -5.03 2.1
0.01 94.61 -7.97 3.51
0 94.85 -10.81 4.3
0 94.59 -10.54 3.16
0.01 94.34 -11.4 2.76
0 94.51 -10.88 4.89
0 95.41 -12.18 2.07
0.06 95.37 -13.62 1.28
0.02 95.28 -13.17 1.46
0.13 95.08 -11.19 2.24
0 95.41 -11.4 1.88
15.79 95.1 -12.95 2.32
0 95.14 -13.68 2.14
0 94.8 -13.03 4.35
0 95.46 -13.91 2.55
0 95.58 -14.01 1.41
0 95.69 -12.56 1.14
0 95.07 -7.58 1.48
0.04 94.39 -4.2 4.47
0 94.87 -6.97 3.65
0 94.33 -7.51 2.99
0.12 95.22 -12.2 4.03
0 95.48 -10.32 3.68
0 94.93 -8.12 2.91
0 95.66 -8.5 3.31
0 95.07 -5.45 2.17
0 94.49 -3.43 1.65
0.18 94.17 -0.97 2.54
0 94.55 -6.49 3.49
0.01 95.45 -7 1.88
0.01 95.39 -7.95 1.06
0.03 95.2 -9.11 5.94
0.01 94.73 -10.16 5.82
0 94.91 -9.59 4.61
0 95.01 -6.98 3.22
0 95 -6.06 1.91
0 95.5 -4.49 1.36
0 95.32 -3.25 1.67
0 94.17 2.66 3.89
0.87 94.55 -3.4 4.23
0 95.1 -7.06 3.24
0 94.47 -5.02 2.85
0 93.47 -2.15 4.92
0 95.23 -7.41 3.93
6.24 94.98 -6.74 2.87
4.52 94.4 -4.06 4.45
0 94.89 -5.1 4.04
0 94.62 -2.47 3.74
0 94.59 -1.12 3.46
0 94.77 -0.51 1.65
0 94.44 1.33 3
0 94.42 0.44 3.06
0.11 94.79 -4.97 3.51
0 93.99 -0.48 2.59
0 94.1 -0.34 1.35
0.02 94.3 -3.95 2.34
0.12 94.7 -5.88 3.77
0.04 94.46 -7.75 4.07
0 94.48 -5.55 4.83
0 94.02 -0.87 3.6
0 93.83 0.53 2.94
0 94.03 3.48 2.09
0 94.33 3.63 3.06
0 95.12 -1.03 4.39
0 95.13 0.61 3
0 95.1 1.22 1.87
0 94.8 2.85 1.45
0 94.45 3.43 1.93
0.71 94.34 3.93 1.84
0 94.88 5.1 1.7
0.14 94.97 4.15 2.03
0.47 95.05 1.42 3.36
0 94.85 1.49 1.78
0 94.62 2.81 2.13
0.5 95.01 1 1.32
3.85 94.66 1.16 1.27
1 94.52 2.73 2.79
0.77 94.47 1.21 2.03
0 94.64 2.39 2.53
0 94.42 5.02 2.41
0 94.35 9.01 3.82
0.09 95.18 3.4 2.58
0 94.96 3.93 1.71
0 94.37 5.66 1.68
0 94.4 9.19 2.07
0 94.29 12.3 2.73
0 93.97 16.42 3.68
0.27 93.69 14.61 3.53
1.52 93.8 11.29 3.37
0.53 93.86 10.14 2.64
0 94.67 8.21 3.03
0 94.6 8.57 2.32
0 93.61 13.18 4.22
0 94.2 7.51 3.89
0 94.1 6.75 2.44
0 93.44 12.31 3.98
0 93.06 15.11 3
0 93.53 16.11 3.2
0.25 93.85 13.94 3.32
2.34 92.77 13.87 5.21
0.25 92.97 7 5.68
1.72 93.27 7.56 3.11
2.07 93.68 8.93 3.37
0 94.11 9.63 2.14
0.01 93.42 12.89 5.25
0 93.66 9.54 2.83
0 94 8.44 3.5
0.01 94.65 8.28 3.82
0 94.69 10.07 5.02
0 93.89 14.78 4.75
0 93.36 16.58 3.28
0 93.02 20.6 4.28
0 93.88 16.51 2.47
0 94.17 17.98 2.63
0 94.13 21.58 3.61
1.64 94.04 19.2 5
5.91 94.01 14.63 3.82
15.98 93.72 9.02 6.15
0 93.96 10.22 6.47
0 93.84 17.96 4.56
0 93.54 20.42 2.39
0 93.22 20.77 3.91
0.12 93.3 19.31 3.07
0.01 93.46 14.56 4.99
0 93.3 12.17 4.97
0.78 93.55 11.81 4.73
0.09 94.26 13.38 5.09
0 94.2 16.1 2.4
0 93.41 19.88 1.71
0 93.23 23.98 1.98
0 93.24 28.86 3.57
1.99 93.63 26.38 3.32
2.02 93.88 23.53 2.52
5.15 94.26 14.39 3.51
180.46 94.34 9.04 2.3
0.04 94.1 16.32 2.45
0.01 93.7 19.39 2.13
0.04 94.23 14.9 2.94
0 93.72 19.43 2.49
0 93.33 21.97 2.69
0 93.68 22.32 4.15
15.95 93.96 17.03 2.51
0.4 93.42 19.86 3.23
4.48 92.99 20.33 3.04
0 93.48 17.75 3.53
109.73 93.78 10.92 1.74
0 93.89 15.35 2.1
0 93.91 19.71 2.46
0 94.02 21.46 2.12
22.7 93.7 15.3 2.24
0.41 93.46 18.52 2.83
0.19 93.37 21.42 3.95
0 93.48 20.67 3.82
0 93.82 18.73 2.07
2.86 93.96 18.23 1.74
38.93 94.25 18.2 1.68
0 94.28 20.52 2.01
0 93.88 26.71 2.32
0.18 93.61 26.64 1.21
0.46 93.43 25.84 3.15
15.44 93.34 23.19 1.97
46.46 93.34 19.82 2.34
37.61 93.22 19.03 1.78
3.64 93.3 19.66 2.44
0.25 93.46 21.15 2.3
95.7 93.84 17.86 1.42
104.66 93.72 16.67 1.66
3.15 93.46 18.68 1.33
2.18 93.43 21.85 1.26
0 93.6 23.92 1.6
9.73 93.44 25.21 3.48
28.8 93.46 26.96 3.3
0.08 93.36 27.27 2.67
6.31 93.28 27.28 2.66
25.87 93.16 26.84 1.95
11.83 93.33 25.12 2.73
0.38 93.44 25.6 2.15
18.83 93.6 23.76 1.74
31.46 93.75 21.92 1.49
25.12 93.51 23.78 2.56
546.13 92.71 22.47 2.34
23.73 92.66 24.27 2.59
19.64 92.82 24.7 2.7
0.31 92.82 24.04 2.03
0 93.08 24.96 1.68
0.22 93.15 28.39 2.21
105.92 92.94 27.36 3.31
12.97 93.4 24.39 1.9
6.98 93.7 25.84 1.46
0 93.82 27.13 1.59
0 93.73 28.24 1.65
0.01 93.45 28.7 2.54
14.6 93.25 26.41 2.85
31.39 93.27 21.71 2.44
22.22 93.99 21.05 1.85
20.37 93.97 20.89 1.54
2.09 93.49 23.66 1.22
0.51 93.64 23.9 1.6
0.3 93.82 23.92 2.07
16.99 93.45 22.47 2.67
0.53 93.72 22.78 2.47
0 94.21 23.11 1.42
0 93.75 23.65 1.62
125.51 93.36 22.69 3.47
0.03 93.51 25.05 1.79
0.7 93.57 25.95 2.21
28.8 93.34 24.85 1.88
688.92 92.81 22.57 1.62
21 93.19 23.29 1.45
42.81 93.23 24 2.18
21.21 93.1 22.14 2.03
1.06 93.14 23.61 2.25
13.98 93.01 22.28 1.43
39.26 92.81 20.12 1.55
16.38 92.9 22.85 1.3
11.91 93.3 23.76 2.45
27.99 93.65 22.55 1.94
0.34 93.81 23.21 1.66
9.89 93.75 21.99 1.53
18.82 93.68 21.22 1.5
333.55 93.76 18.95 2.56
48.5 93.92 20.11 2.07
20.97 94.05 21.11 1.93
16.36 94.06 21.42 2.11
7.49 93.68 22.04 1.74
1.32 93.44 25.62 2.04
14.76 93.9 22.56 2.13
342.09 93.81 18.63 2.05
0.01 93.81 19.89 4
0 93.88 17.95 3.64
0 94.18 18.63 2.06
12.6 93.88 16.23 2.61
2.6 94.35 15.64 2.75
0 94.45 14.3 1.93
0 94.2 16.89 2.4
0.34 94.2 17.04 1.63
1.05 94.03 19.73 1.91
6.8 94.05 19.26 1.81
5.78 93.94 19.55 2.22
2.92 93.78 20.56 2.51
0.04 93.71 19.89 3.79
0 93.62 19.03 1.78
0 93.4 21.22 1.89
1.56 93.96 17.76 2.78
3.83 93.96 18.14 2.13
79.08 93.86 16.25 1.54
0.01 94.12 16.26 2.18
0 94.51 15.4 1.47
0 94.73 15.86 1.75
3.35 94.67 17.88 2.49
4.37 94.48 18.2 2.17
0.33 94.08 18.97 2.9
0.01 93.92 17.5 2.63
0 93.37 19.16 1.82
0.12 93.83 15.4 2.99
0 94.17 14.97 1.56
0.88 93.5 19.14 2.94
5.94 93.57 16.44 3.61
0 93.71 17.48 3.5
0.07 94.05 17.59 2.38
18.09 93.99 15.39 2.41
32.32 94.3 12.74 1.77
0.02 94.23 9.75 2.25
0 94.13 8.71 3.69
0 93.97 9.91 2.84
0 94.06 13.37 2.11
0.09 94.28 14.64 3.72
0 95.02 8.59 2.66
0 95.34 7.83 2.1
0 95.07 9.43 2.32
0 94.39 14.09 3.85
0 94.17 14.86 2.58
0 94.52 13.82 2.06
7.11 94.81 11.8 1.68
68.74 95.47 8.39 3.49
24.52 95.48 4.5 2.4
0.59 95.24 4.78 3.32
0.54 94.85 4.21 2.48
0 94.75 5.6 3.08
0.01 95.3 4.45 1.07
26.68 95.34 6.77 1.81
0.04 95.69 5.33 1.85
0 95.49 5.52 1.73
3.26 94.81 8.5 1.73
0.07 94.65 8.69 1.29
0 94.33 11.47 2.27
0.01 95.07 6.55 1.58
13.28 95.15 3.56 1.64
0.08 95.15 5.16 1.55
0 94.92 7.13 1.7
0 95.02 7.53 1.24
0 94.38 9.74 1.57
0.02 94.23 11.04 1.93
0 95.13 6.12 4.9
0 95.62 1.61 3.87
0 95.06 5.23 2.41
0 94.17 8.4 2.76
