0.81 96.91 -14.05 1.32
0.01 97.6 -15.75 1.66
22.03 97.5 -18.12 1.21
5.99 97.62 -17 2.78
0 97.99 -19.31 1.63
0.01 98.17 -18.36 1.53
0.08 98.26 -15.79 1.34
17.12 97.7 -14.75 0.99
10.17 97.8 -13.89 1.17
0 98.1 -14.03 1.35
0 98.07 -15.14 1.94
0 97.51 -18.52 2.01
0 97.55 -15.7 1.9
0.28 97.36 -15.14 0.9
0 98.46 -14.09 1.2
0 98.05 -13.65 0.89
0 97.68 -10.39 0.83
0.02 97.61 -6.48 0.92
0 97.04 1.33 2.46
0.04 98.2 -7.88 4.17
0 98.21 -11.48 1.92
0 97.92 -10.15 2.06
0 97.4 -7.75 1.98
0 96.78 -7.1 2.93
0 97.82 -9 2.47
0 112.08 -4.35 2.59
7.66 96.64 -2.58 1.83
0.01 97.34 -9.42 2.89
0 96.87 -4.93 2.86
0 96.91 -5.5 1.15
0 97.51 -7.84 1.4
0.1 97.72 -10.58 1.59
0 97.74 -13.69 1.42
0 97.69 -12.69 1.61
0 97.63 -12.6 1.35
0 97.98 -12.56 1.33
0.01 97.97 -10.49 1.72
2.91 97.01 -2.92 2.4
0 96.97 -2.81 1.75
0 97.57 -5.22 1.88
0 98.15 -8.74 3.01
0 98.6 -11.08 3.19
0 98.37 -10.85 1.47
0.02 97.75 -9.66 1.72
0 98.12 -8.82 1.95
0 98.33 -11.61 1.53
0 97.9 -9.35 1.61
0 97.4 -6.88 2.42
0 97.26 -7.98 1.54
0 96.69 -3.49 1.62
0 96.53 -4.3 1.19
0 96.61 -2.89 1.87
0 96.82 -4.1 1.86
0 95.71 2.27 1.96
5.31 95.9 1.53 1.77
0 97.06 -4.31 2.59
0.13 97.27 -3.95 1.51
4.13 96.96 -3.92 2.02
1.47 97.51 -5.22 2.23
0.07 97.29 -6.1 1.73
0.18 96.97 -1.97 2.58
0 97.18 -2.17 2.22
7.15 96.57 0.95 2.28
4.5 97.73 -6.97 2.76
0 98.46 -8.75 1.86
0.01 98.7 -9.21 1.9
1.34 99.01 -8.52 2.2
0.01 98.23 -8.15 2.3
0 96.91 -3.28 2.26
0.11 95.89 3.29 2.91
0.43 96.85 -2.38 4.11
0 97.65 -2.77 1.5
39.18 97.05 -0.44 1.33
1.79 96.92 -1.62 3.42
0.02 97.4 -3.42 1.73
0 97.8 -3.9 1.61
0 96.91 -2.54 2.49
0.24 95.4 4.68 3.12
48.82 95.96 0.08 2.73
0 96.49 0.95 2.05
0.03 96.36 5.57 3.23
0 97.13 3.46 2.46
0 97.55 1.06 2.52
0.02 97.62 -2.33 2.28
0.15 97.13 -1.3 1.81
0.62 97.74 -0.91 1.66
0 97.62 4.14 1.75
0.04 97.46 6.11 1.78
5.3 96.89 9.3 3.8
2.01 96.5 8.7 3
0 96.96 4.17 4.51
0 97.01 1.56 3.37
0 96.8 4.89 3.14
0 96.33 10.47 2.79
4.81 96.93 4.42 2.16
0.01 97.63 3.15 1.73
0 97.15 7.63 2.72
0.24 96 12.13 4.45
55.42 96.67 2.33 2.29
0 96.96 4.76 2.18
5.47 96.91 4.05 1.91
17.95 96.67 1.97 2.22
0.04 97.51 0.46 4.28
0 97.67 2.82 1.92
0.06 97 6.16 2.67
9.02 97.17 4.1 1.37
0 97.28 6.18 2.29
5.83 96.47 12.54 2.65
92.34 96.92 8.33 1.33
0.09 97.26 9.12 1.42
0.07 97.47 11.08 1.83
0.4 97.23 10.34 2.35
0.05 97.2 9.39 1.72
0 96.84 13.55 2.6
1.45 96.65 14.39 3.66
79.1 96.42 5.16 2.21
5.95 95.95 3.94 2.68
0.08 96.07 6.6 4.28
2.1 96.23 7.97 2.99
5.11 96.52 12.11 2.19
0 95.97 17.23 1.73
0 95.65 19.83 2.71
0.5 96.21 18 1.73
3.28 95.73 172.62 2.46
265.85 95.25 12.77 2.49
6.36 95.77 13.95 3.67
12.16 95.89 12.33 1.52
0.81 96.14 16.39 1.93
63.81 95.98 10.63 2.04
6.67 95.8 10.75 1.85
1.21 96.8 10.73 2.42
0 97.1 13.39 1.37
0 97.08 15.9 1.34
1.37 96.7 17.68 2.53
2.49 96.53 20.62 2.45
0.8 96.75 19.3 2.56
31.47 96.36 14.66 2.28
70.35 95.4 13.03 1.99
0.15 95.09 19.31 3.93
0 95.9 23.3 2.2
0 96.06 24.5 2.55
0.17 96.01 22.95 1.56
5.79 95.63 21 2.33
6.56 95.75 17.54 3.27
0.83 96.41 21.81 3.5
0.07 96.86 22.33 1.82
5.73 96.89 19.72 1.45
48.89 96.41 15.58 1.84
32.43 95.91 16.51 1.98
96.14 96.3 15.04 1.45
27.96 96.92 16.77 1.49
1.17 96.89 18.46 1.45
0.36 97 19.32 1.6
0 97.06 20.33 1.4
0.01 96.86 21.23 1.98
0 96.54 22.58 2
0 96.54 22.99 2.18
0 96.68 24.04 2.36
0 96.79 24.88 2.47
0 96.83 25.04 1.49
1.26 96.71 22.31 1.92
0.05 96.53 20.88 2.19
0.27 96.15 21.94 1.92
5.98 95.93 22.57 2.56
29.82 95.74 22.86 2.51
0.6 95.57 24.8 1.84
6.49 95.68 25.09 1.66
132.79 95.82 21.34 1.59
5.49 95.88 20.44 1.39
1.41 95.93 22.96 1.35
0.12 96.28 23.97 2.53
0.01 95.91 24.27 1.81
12.17 96.22 21.49 2.12
0 96.36 23.47 1.35
0 96.25 25.11 1.85
0 96.25 25.74 1.78
0 96.16 25.3 1.61
74.73 95.95 22.13 1.61
190.01 95.85 22.35 1.24
0.32 95.91 24.18 1.23
0.04 95.76 24.05 1.37
179.73 95.61 21.77 1.58
3.39 95.58 25.44 1.71
0.02 95.63 27.65 1.19
24.7 95.61 26.84 1.82
0 95.56 27.39 2.23
0.02 95.73 25.51 2.18
30.47 96.05 22.59 1.78
4.82 96.21 23.08 1.54
0.62 96.22 23.03 1.68
53.6 96.07 21.16 1.69
52.21 96 21.77 1.24
188.84 96.23 20.73 1.07
4.93 96.48 22.96 1.04
0 96.47 24.47 1.45
77.68 96.1 23.24 1.77
4.71 95.88 24.91 2.63
0.72 96.07 26.1 2.32
1.88 96.01 27.17 1.68
11.24 96.16 25.63 1.82
477.66 95.98 22.33 1.23
1.53 96.2 24.32 1.37
2.49 96.32 26.01 1.48
1.19 96.39 26.3 1.59
1.37 96.51 27.41 1.63
0.54 96.38 27.79 2.19
21.99 96.27 26.57 1.89
4.24 95.91 27.28 2.21
60.33 95.51 27.44 2.19
4.01 95.46 23.86 1.47
22.14 95.47 25.52 1.21
186.09 95.76 22.43 1.23
0 96.4 22.46 1.65
0.01 96.31 23.51 1.41
15.72 95.66 24.02 1.73
65.3 95.8 23.28 1.17
157.26 96.17 22.53 1.71
0 96.97 21.73 1.31
6.66 96.63 22.09 1.46
115.19 95.92 22.47 1.63
12.64 95.93 23.17 1.89
0 96.18 23.04 1.87
0 95.91 25.42 1.49
5.95 95.62 25.06 1.5
0.89 95.5 26.48 1.73
27.19 95.39 25.54 1.91
0 95.88 23.47 2.19
0 96.27 23.75 1.58
5.11 96.32 24.47 1.99
4.48 96.56 24.26 1.95
112.61 96.66 22.59 1.66
1.72 96.9 24.3 1.39
216.54 96.78 19.71 1.31
93.65 96.75 18.79 1.17
0.4 96.77 20.72 1.22
0 96.72 22.89 1.17
0.04 96.88 22.72 1.16
0.69 97.03 22.81 1.8
0 96.74 21.93 1.46
2.08 96.58 21.2 1
16.7 96.2 21.88 1.3
11.51 96.35 21.99 1.38
0.65 96.41 22.9 1.41
62.12 96.88 21.24 1.46
1.24 97 21.87 1.26
0.01 96.91 20.3 1.17
0 96.67 19.94 1.2
0 96.46 22.16 1.26
9.56 96.56 23.18 1.2
0 97.1 19.45 1.76
0 97 17.57 1.09
0.87 96.59 17.88 1.2
11.85 96.18 20.07 1.14
0.29 96.42 20.54 1.13
0 96.55 21.94 1.02
1.04 96.63 22.96 1.18
0 96.76 23.13 1.08
1.51 96.58 22.6 2.19
147.82 96.88 16.32 1.99
211.18 97.01 10.09 2.04
273.6 96.9 11.98 0.95
0 96.65 15.71 1.17
35.45 96.77 15.13 1.64
234.55 97.46 10.36 2.45
0 97.44 10.81 1.45
0 97.22 13.57 1.12
0.34 96.98 15.6 1.28
3.06 96.77 16.04 2.3
0.28 96.91 15.31 1.67
0 96.79 13 3.26
0 97.66 10.08 2.49
0 97.27 10.92 1.22
0.01 96.99 15.26 1.45
0.49 97.22 15.14 1.37
499.84 96.89 9.72 2.03
75.41 96.87 7.01 3.49
0 97.06 9.93 1.9
0 96.73 12.71 1.04
0 96.62 16.5 1.74
0 96.81 17.34 1.94
0 96.73 16.73 1.86
0 96.26 16.3 1.78
10.63 96.73 13.08 1.88
125.65 97.19 6.83 2.06
0 97.39 8.44 1
0 96.9 10.81 1.03
0 97.06 10.53 2
0 96.66 9.18 2.51
0 97.4 5.05 2.1
0 98.06 2.26 1.12
25.14 98.03 0.33 1.11
71.95 97.99 2.11 1.17
0 97.89 2.99 1.2
0 97.38 4.66 1.18
0 97.09 9.38 1.55
6.35 97.16 11.25 2.04
2.88 97.69 4.45 2.84
0 98.09 1.25 2.96
0 98.81 -0.32 2.59
0 98.01 0.95 1.21
0 97.83 4.9 1.19
0 97.83 6.15 1.15
0 97.87 6.32 1.19
0 97.66 6.54 1.28
0 98.16 3.84 3.36
0 97.83 2.34 1.65
0 97.32 6.6 1.68
0 97.42 5.29 0.99
0 97.12 7.49 1.39
0 96.78 8.59 1.29
4.16 96.86 5.63 2.57
0.18 97.45 1.06 2.36
0 97.19 -0.37 1.03
0 96.81 1.04 1.32
79.95 96.1 1.78 2.72
0.85 96.72 -0.29 1.63
1.3 97.65 0.66 2.44
0 98.65 -3.09 2.04
0.02 98.06 -2.52 1.77
0 97.32 1.26 1.34
0 97.31 1.63 1.45
0 96.98 6.02 2.43
0 96.49 4.79 1.77
0 96.25 6.14 1.34
0.13 96.33 3.21 3.33
0 97.15 -1.74 1.59
0 97.1 -0.86 1.59
0.01 97.22 0.09 2.73
0 97.52 -5.02 1.56
0.17 96.78 -4.59 1.8
0 97.02 -4.46 4.47
0.14 97.23 -6.48 1.7
0.21 97.15 -6.19 1.32
0 96.78 -1.61 1.7
0.03 96.27 0.7 1.4
0.03 96.81 -4.99 2.63
0 97.1 -5.88 1.63
0 96.02 3.48 2.28
0 97.25 -0.48 2.93
0 97.89 -4.34 2.47
0 96.63 -2.91 1.66
0 96.58 -4.87 1.55
0 96.21 -4.27 1.56
0.54 95.85 -5.36 3.54
0 97.02 -9.72 2.07
0.85 97.31 -11.61 2.42
0.15 98.1 -13.26 2.55
0 98 -14.53 2.43
0 97.71 -13.8 2.22
0 96.43 -8.89 2.21
0 96.25 -5.03 1.57
0 96.24 -3.02 1.38
0 96.51 -2.9 1.75
0 96.76 0.1 1.72
0 96.46 -4.4 1.35
0.12 97.03 -7.93 2.32
0 98.35 -14.19 2.93
0 98.35 -14.84 2.59
0 97.43 -13.75 2.09
0 96.31 -11.36 1.99
0 95.97 -7.72 1.54
0 96.61 -10.14 2.34
0.67 96.88 -11.07 1.5
0.01 96.99 -11.13 3.83
0.22 97.46 -9.86 4.19
0 98.22 -9.93 2.24
0 98.41 -10.94 1.86
0 98.02 -11.24 1.17
0.01 97.62 -11.27 1.25
0.01 97.71 -10.42 2.98
0 98.34 -8.94 2.39
0.01 97.74 -7.66 1.65
0.1 97.53 -7.7 2.44
0 98.16 -11.54 2.44
0 97.45 -10.58 1.74
0 96.94 -10.06 2.93
0 97.18 -12 1.43
0 97.09 -9.69 1.57
0.01 98.11 -12.79 2.05
0 98.57 -15.88 2.95
0 98.36 -14.59 1.41
0 98.17 -13.36 1.62
0 97.91 -13.78 1.72
0 97.87 -13.23 2.43
0 97.78 -12.09 1.29
0 97.59 -11.85 1.13
0 97.58 -11.29 2.11
0.02 97.86 -13.26 2.91
0.01 98.05 -13.35 1.55
0.11 98.2 -13.5 1.58
0 98.65 -13.43 1.28
0 98.95 -13.12 1.71
0.01 98.45 -12.52 1.73
0 98.15 -12.73 2.8
0 97.93 -10.88 1.81
0 97.49 -3.81 1.78
0 97.17 -3.81 1.09
0 97.1 -5.82 0.92
0 97 -5.35 1.68
0 97.24 -4.63 1.53
0.01 96.56 -3.63 2.94
0.04 96.95 -1.43 1.99
0 96.75 -5.17 1.62
0.64 96.75 -5.36 2.19
0.12 97.66 -8.63 1.66
0.69 97.67 -8.24 1.67
0.58 97.88 -11.38 3.07
0 98.05 -10.62 1.8
0.1 97.95 -9.89 1.6
0.07 97.96 -11.01 1.28
0 97.25 -4.62 2.34
0.34 97.12 -4.08 1.32
0.72 97.54 -3.04 1.93
0 97.55 -3.84 1.3
0 97.38 0.07 1.48
0 97.75 -0.14 1.21
0 97.37 1.42 1.33
0 96.92 2.3 2.52
1.51 96.61 3.32 2.36
0.25 97.34 -1.55 2.29
0 98.08 -3.87 1.34
3.49 97.51 -1.02 2.79
0.37 98.12 -7.26 3.33
0.05 97.69 -6.17 2.68
0 97.39 -4.81 2.14
0 97.42 -4.81 1.52
0 97.51 -3.33 1.95
0 97.2 -0.66 1.46
0.08 96.63 3.56 2.05
0 97.39 0.1 2.74
0 97.14 0.53 3.14
0 97.21 -1.51 2.94
0 97.6 -0.34 2.58
0 97.29 1.64 2.33
0 96.79 2.95 2.33
0 95.97 8.61 1.82
0.01 96.59 4.69 3.1
0 97.85 -0.34 3.27
0 97.58 -2.89 3.51
0 97.35 -1.98 2.19
0 96.81 3.69 2.27
0 96.34 6.96 3.36
0 96.81 3.82 2.3
0 96.93 2.23 2.32
0.36 97.55 -0.87 2.75
0 97.7 -1.08 2.23
0 97.4 -0.21 1.83
0 97.53 -0.46 2.97
0 102.74 1.12 1.85
0 102.69 2.03 1.69
0 102.5 4.41 1.73
0 102.81 3.63 1.55
0 102.42 8.05 1.84
0 102.15 9.34 1.63
0 101.65 12.15 2.57
0 102.95 4.54 3.61
0 102.94 4.16 2.24
0 102.48 6.67 1.61
0 102.42 8.6 1.37
0 97.25 10.52 2.13
0.05 96.59 11.22 4.03
0.58 96.79 9.54 3.06
0 96.88 8.89 3.01
0 96.56 11.82 3.53
4.43 97.29 7.25 2.51
0 97.01 10.18 2.3
0 96.36 16.26 2.84
0 96.42 15.31 1.54
0.07 95.68 16.92 2.17
0 96.48 12.58 3.48
0 96.41 12.68 3.27
3.07 96.16 10.71 4.42
0.71 96.85 7.88 4.78
0 96.86 10.58 2.03
0 96.17 15.63 3.07
72.96 96.91 8.93 2.34
5 96.79 8.14 2
13.6 96.54 6.88 2.11
1.35 96.14 7.53 3.14
0.19 95.73 9.92 1.83
6.43 95.67 10.22 1.71
0.76 96.39 9.09 2.67
0 95.96 10.58 1.84
54.88 95.39 9.21 1.21
14.61 95.29 9.92 1.9
1.31 96.12 14.97 3.14
0.14 96.36 14.22 2.96
0 96.73 13.9 2.2
1.01 96.38 13.58 2.13
204.13 95.64 10.6 2.66
0.06 95.55 12.05 2.1
0.02 96.06 14.61 1.82
1.21 96.23 15.18 2.96
21.59 95.84 16.91 1.89
0 96.09 19.24 1.43
0.09 95.77 18.78 2.71
0.29 95.71 14.99 4.49
0 95.86 16.96 4.53
0 96.01 17.98 2.84
0 96.54 15.5 3.02
0 96.57 16.03 1.47
0.01 95.54 18.02 2.26
47.12 95.25 18.16 2.79
13.12 96.36 15.52 2.22
0.39 96.51 13.97 2.45
0.23 96.42 14.18 3.03
0 96.23 19.84 2.81
0 96.34 21.16 2.27
0 96.5 22.86 2.9
1.58 96.51 21.75 3
5.92 96.47 19.82 3.87
0.02 96.22 21.25 2.51
0.21 96.09 24.53 4.33
4.68 96.1 23.59 2.19
19.92 95.63 21.36 2.44
8.15 95.53 18.52 1.92
0.02 96.04 20.63 1.85
3.46 95.81 21.4 3.22
6.88 95.8 21.07 2.33
0.23 96.09 21.39 1.63
0.5 95.97 23.96 1.78
72.66 95.37 25.09 2.62
11.08 95.05 22.89 1.77
25.41 95.3 21.56 1.63
0 95.68 24.17 1.92
48.29 95.68 21.27 1.73
239.33 95.84 16.96 1.41
8.65 95.98 20.14 1.92
29.45 96.07 21.98 1.5
66.79 95.91 20.36 1.71
84.47 95.88 18.38 1.89
66.45 96.09 17.51 1.34
0.66 96.18 20.69 1.17
0 96.14 22.1 1.32
0 96.02 24.26 2.02
0.03 95.73 25.93 2.07
0 95.62 27.3 2.36
3.72 95.38 24.14 2.03
98.89 95.57 18.18 2.35
0.71 96.25 21.16 1.92
0 96.65 21.72 1.56
8.53 95.98 22.06 2.61
21.22 95.34 22.09 1.69
1.71 95.62 24.85 2.08
0.04 95.82 24.21 2.44
14.03 95.72 23.44 2.05
16.06 95.73 23.37 1.69
0.12 95.56 24.56 1.66
0 95.66 25.25 1.72
0 95.82 26.22 1.52
24.86 95.43 22.27 1.51
0.59 95.07 26.07 2.13
159.93 95.16 20.01 1.31
19.06 95.25 20.7 1.86
1.9 95.89 22.66 1.5
5.05 96.1 24.58 1.76
4.16 96.17 25.11 1.98
20.75 96.17 24.33 1.83
0.61 95.95 24.45 1.24
77.89 96.02 23.13 1.67
11.15 96.03 23.94 1.2
40.2 95.9 23.7 1.26
16.99 95.96 22.57 1.46
20.09 95.99 23.46 1.1
164.37 95.81 21.92 0.95
81.4 95.82 21.82 1.01
149.32 95.79 22.25 1.56
94.18 95.71 23.69 1.63
0.8 95.76 25.05 1.25
14.74 95.78 25.85 1.61
524.37 95.59 22.84 2.23
136.12 95.48 23.87 1.62
8.14 95.75 23.56 1.63
1.57 95.89 25.83 1.45
19.17 96.07 24.02 1.12
158.93 95.74 21.18 1.24
0.01 95.79 24.15 1.52
0.41 95.92 25.68 1.35
0.78 96.31 24.09 1.39
0.07 95.96 24.25 1.97
0 95.87 24.47 1.66
0.01 96.09 24.63 1.48
5.24 96.11 23.38 1.09
13.13 96.12 24.14 1.14
36.36 95.64 24.15 1.21
11.95 95.77 26.05 1.37
0 96.2 25.98 0.85
0 96.05 26.17 1.3
0 95.81 25.67 1.49
6.16 95.54 25.67 1.75
25.21 95.84 23.69 1.81
436.78 95.93 19.45 1.38
27.52 95.93 22.61 1.04
32.17 96.13 22.06 0.93
0.18 96.38 22.66 1.11
0.21 96.57 22.62 1.27
0 96.53 24.21 1.23
0.83 96.4 24.81 1.59
81.66 96.62 21.74 1.45
0 96.66 21.44 0.98
9.19 96.64 20.95 1.54
2.63 96.86 21.47 1.21
0.19 96.97 21.76 1.01
20.53 96.78 19.76 1
13.62 96.41 21.57 0.94
1.28 96.31 23.2 1.28
0 96.23 23.91 1.28
74.34 95.96 23.6 1.89
0.89 96.49 20.41 1.48
0 96.3 20.76 1.08
1.54 96.81 19.96 1.19
0.15 96.75 19.91 0.85
0 96.8 19.18 0.99
0 96.4 20.01 1.1
23.87 95.98 20.08 2.05
2.34 96.65 15.33 1.83
0.09 97.23 15.17 1.57
3.19 97.54 14.11 1.4
35.77 97.01 17.21 1.63
0.13 96.73 18.16 1.73
0.04 96.33 20.42 2.42
5.46 96.33 18.84 1.56
3.35 96.52 17.05 1.43
32.96 96.88 14.56 1.97
0 97.28 11.76 2.25
0 97.72 11.41 1.37
0 97.57 11.6 1.15
0 97.22 12.65 1.35
0 96.79 13.84 1.39
0 96.87 14.91 1.51
0 96.83 15.46 1.35
0 96.56 18.14 1.96
0.13 96.82 19.56 1.7
0.06 97.04 19.64 1.93
0.01 96.89 17.89 1.68
1.91 96.66 17.44 1.77
0.2 97.05 12.7 2.57
0 97.64 8.48 2.19
0 97.66 9.15 2.35
0 98.14 9.18 2.21
0 97.81 10.36 1.09
0 97.12 12.55 1.91
0 96.49 14.52 2.35
0 97.1 11.46 1.92
0 97.12 11.06 1.11
0 96.92 14.66 2.09
0.06 97.21 15.51 1.68
0 97.8 10.67 1.23
0 97.52 12.25 1.25
0 96.93 14.86 0.89
48.96 96.42 11.59 1.24
5.94 96.28 11.21 1.13
1.25 95.89 11.1 1.84
0.39 96.39 11.18 3
0 97.47 6.54 2.06
0 97.53 9.26 1.29
0 97.36 11.42 1.79
0.01 97.2 14.71 2.27
0 97.08 14.24 1.56
0.14 96.92 12.89 1.07
9.9 97.45 6.81 2.99
0.01 97.84 4.02 2.63
0 97.91 4.97 1.37
0 97.47 6.82 1.03
0.37 97.31 8.93 2.07
0 97.59 7.41 1.16
0 97.26 7.86 1.26
0 97.09 10.05 2.24
0 97.31 11.6 3.15
4.13 97.44 13.65 2.14
0.58 98.04 8.06 1.46
0.44 97.77 8.53 0.97
1.57 97.44 11.58 1.78
0.3 98.11 5.53 2.81
0.02 98.01 4.25 1.54
0 97.94 4.32 1.57
0 97.89 4.3 1.42
0 97.72 3.01 1.01
0 97.1 3.3 1.18
0 96.52 5.09 1.65
0 96.74 7.58 2.06
0.03 97.56 1.08 2.03
0 97.72 -2.25 1.37
0 97.8 -1.93 1.05
0 97.93 2.93 2.02
80.89 97.36 1.87 0.83
7.56 97.03 0.98 2.45
0.67 97.29 -3.11 2.68
0 97.84 -4.65 1.46
0 97.83 -2.78 1.28
19.17 97.34 -3.57 1.82
0.1 98.03 -6.72 2.52
0 97.78 -7.29 0.91
0.04 97.8 -5.37 1.35
0.18 97.04 1.38 1.26
0 97.15 -0.49 0.82
0 97.93 -0.94 1.81
0 98.54 -5.87 1.46
0 98.82 -6.62 1.54
0.05 98.11 -6.7 0.85
0.01 97.35 -4.99 0.84
0 97.56 -5.19 1.25
0 97.92 -6.62 0.86
0.76 98.2 -7.09 0.61
0.85 98.07 -3.36 0.9
0.55 98.34 -4.89 1.92
0.01 98.69 -10.13 3.47
0 98.33 -10.11 2.11
0 97.47 -6.41 2.67
0 97.47 -2.59 1.53
0 98 -5.48 1.14
0 97.31 -2.82 2.11
0 97.97 -6.67 3.53
0 98.22 -10.72 2.72
0 98.37 -11.09 2.44
0 98.07 -9.65 1.63
0 98.14 -9.48 1.37
0 98.04 -9.64 0.89
0 97.7 -8.89 1.23
0 97.62 -8.18 2.69
0 97.96 -9.9 1.67
0 97.42 -7.76 1.72
0 97.62 -11.01 1.2
0 98.13 -11.37 1.18
0 98.42 -10.36 1.11
0 97.89 -7.43 1.08
0 98.24 -8.78 1.62
0 98.66 -13.48 1.08
0.06 98.09 -12.43 1.05
0 97.81 -9.68 1.22
0.21 98.23 -10 1.35
0.52 97.67 -10.8 1.74
0.12 97.79 -11.12 2.6
0 98.06 -10.95 1.51
0 97.83 -10.08 1.35
0 98.68 -12.78 1.25
0.09 98.59 -13.72 0.93
0 98.12 -10.94 0.8
0 98.11 -12.52 1
0.06 98.11 -11.53 2.33
0 98.32 -11.5 1.82
0 97.35 -6.04 1.72
0 97.59 -7.96 1.22
0 97.5 -8.16 1.06
0 97.29 -9.31 0.8
0.03 97.04 -6.97 0.95
0.04 97.28 -9.11 1.04
0 97.46 -9.51 0.99
0 97.88 -9.74 0.84
0.01 98.53 -11.52 2.75
0 98.45 -15.49 2.4
0 98.15 -16.17 1.67
0 97.63 -15.45 1.68
0 97.45 -14.27 2.07
0 97.07 -12.61 2.09
0 97.13 -11.49 1.41
0 97.68 -11.95 1.47
0 97.93 -13.24 1.01
0 98.31 -13.81 1.06
0.04 97.97 -15.49 1.13
0.26 97.4 -13.73 2.71
0 98.23 -15.3 3.06
0 98.26 -14.45 2.13
0 97.24 -11.3 1.83
0 97.36 -9.17 1.55
0.13 96.77 -4.38 1.96
0.01 97.29 -9.64 3.79
0 97.62 -13.7 3.19
0 97.2 -10.92 2.74
0 97.36 -8.34 2.35
0 97.73 -9.45 1.79
0 97.73 -9.16 1.64
0 97.56 -7.73 1.8
0.02 97.14 -2.79 1.36
0.08 97.66 -5.94 2.44
0 97.66 -8.75 2.03
0.02 97.73 -9.44 2.15
0 97.86 -10.81 3.46
0 97.79 -8.82 2.22
0 97.19 -5.71 1.99
0 97.24 -5.68 1.46
0 97.08 -7.11 1.25
11.6 96.58 -5.46 1.62
0 97.6 -6.2 1.64
1.31 97.4 -5.74 1.4
0.04 97.92 -6.86 2.62
0 97.87 -7.24 1.44
0 97.36 -4.7 1.91
0 96.99 -0.38 2.33
0 97.05 1.8 1.79
1.92 97.6 -2.25 1.55
0.26 97.85 -5.22 1.92
0.14 97.87 -4.93 1.36
0.04 97.22 -0.5 1.44
42.9 96.41 -0.86 0.85
35.94 96.44 -2.5 1.58
0.02 97.11 -3.1 2.1
0 97.89 -5.99 2.42
0 97.66 -6.55 1.59
0.11 97.42 -5.47 3.48
0 97.97 -5.78 2.65
0 97.65 -4.16 1.61
0 96.94 0.34 2.14
0 97.53 0.67 1.42
0 97.23 2.85 2.26
3.98 96.24 6.07 3.15
2.4 96.79 -0.43 2.88
11.18 97.73 -5.71 2.37
0 97.48 -1.41 1.62
0 97.42 0.97 1.58
0 96.79 5.63 2.6
0 97.35 3.59 1.23
6.05 96.42 2.06 3.02
0 96.81 1.69 4.56
0 97.32 1.78 2.67
0 97 5.02 1.53
0 97.14 9.6 2.15
0 97.46 9.77 2.22
0.16 96.37 12.38 4.51
0.29 97.02 3.73 3.64
0.16 97.01 1.44 3.47
0 97.07 1.34 1.65
4.29 96.86 2.84 1.73
0 96.52 5.48 2.67
0 96.26 6.11 3.19
0 96.58 5.5 3.17
0.04 97.01 4.17 2.02
0 96.55 9.76 2.74
0 96.56 12.9 2.66
0 96.56 13.55 2.92
14.8 96.18 15.8 3.77
4.9 96.57 9.46 2.88
0 95.98 13.62 2.19
0 95.9 14.74 2.3
0 95.84 17.34 2.74
0.4 96.4 12.25 2.8
0 96.86 10.36 2
0 95.96 16.47 3.21
0 95.98 18.53 3.42
0.84 96.48 14.07 2.89
99.75 96.94 12.8 2.52
2.69 96.33 11.95 1.74
0.34 95.6 14.01 1.57
0.2 95.66 17.05 2.43
133.81 95.98 13.6 1.7
123.24 95.93 10.73 3.48
0 95.47 12.47 2.44
0.05 95.1 14.25 4.49
0 96.4 11.36 2.12
0 96.42 13.42 1.66
0.22 96.05 18.83 3.04
0.22 96.59 18.33 1.87
5.34 96.09 19.35 2.1
0 96.14 21.77 1.5
0.77 96.24 21.86 1.76
0 96.33 19.35 2.88
0 95.98 18.7 1.68
0.31 96 17.07 1.03
0 96.19 18.43 1.4
0.03 96.52 20.2 1.78
1.53 96.59 22.39 2.03
28.64 96.73 16.99 1.39
31.84 96.33 13.42 1.69
13.75 96.08 13.16 2.5
5.5 96 14.79 2.88
0.01 95.71 14.09 2.04
18.31 95.42 13.52 3.28
0.06 95.94 16.49 1.44
0 95.89 21.97 2.97
65.31 96.35 21.12 2.48
3.79 96.76 19.72 1.53
0.06 96.68 20.97 2.13
1.33 96.34 20.49 3.14
13.3 96.44 18.38 1.93
0 96.37 18.69 2.05
0 96.22 19.3 2.26
0 95.81 21.94 1.92
0 96.33 21.41 2.06
0 96.47 23.36 1.75
4.93 96.43 23.55 2.4
77.47 96.84 16.54 2.15
0.1 96.96 18.51 1.39
5.99 96.64 17.21 2.18
13.49 96.28 19.04 2.13
188.08 96.11 15.7 1.53
7.9 95.74 19.75 2.4
1.6 95.9 21.33 1.52
6.59 95.54 20.35 1.57
8.91 95.36 22.85 1.8
38.86 95.39 22.8 2.4
187.24 95.23 22.04 2.63
21.17 95.35 18.43 1.74
0.85 95.07 19.21 2.28
5.82 95.13 18.92 1.67
59.53 95.74 16.24 1.73
353.3 95.94 15.95 1.62
58.47 95.96 16.39 1.95
1.89 95.87 20.24 1.17
4.64 95.72 23.94 1.33
10.72 95.93 21.75 1.71
219.46 95.69 21.56 1.22
5.8 95.73 22.44 1.34
2.57 95.9 22.22 1.37
21.87 95.89 21.3 1.32
0.86 95.68 22.6 2.02
17.26 95.7 23.4 2.09
24.08 96.07 21.9 1.08
5.06 96.44 23.36 1.85
0.76 96.57 23.52 1.44
1.65 96.36 21.22 1.82
109.34 95.89 20.37 1.36
0 95.67 24.3 1.59
3.26 95.32 25.66 2.41
4.56 95.28 24.23 2.05
0.33 95.23 24.35 2.44
0.05 95.63 24.82 1.52
0.75 95.81 24.33 1.38
0.4 95.67 24.79 1.31
11.01 95.68 25.37 1.71
18.44 95.7 26.26 1.73
31.69 95.76 24 1.6
168.05 95.32 20.75 1.6
19.46 94.99 21.35 2.18
28.86 95.38 21.08 2.26
3.2 95.89 22.84 2.36
0 95.95 22.45 1.33
0 95.99 23.7 1.73
0 96.26 25.26 1.53
0 96.42 24.7 1.78
0.16 96.23 24.79 1.87
1.18 96.01 25.84 1.23
3.04 95.94 26.83 1.43
26.51 95.93 25.49 1.66
681.39 95.42 23.29 2.98
0 95.99 24.93 1.18
0 96.24 24.77 1.2
5.07 96.19 24.88 1.59
97.28 95.8 25.28 2.21
1.69 96.11 25.38 1.36
120.62 95.76 23.98 1.54
27.25 95.32 25.41 2.28
0.22 95.97 23.31 1.48
119.08 96.29 20.2 0.98
168.96 96.41 19.33 1.4
386.66 96.34 20.58 0.93
26.88 96.44 22.01 1.33
241.32 96.4 21.67 1.34
0 96.6 23.53 0.87
0 96.43 24.69 0.75
0 96.11 25.73 1.41
10.6 95.95 25.78 1.51
45.83 96.21 24.37 0.95
0 96.12 25.04 1.12
7.13 96.18 22.09 1.85
15.57 96.17 19.91 1.92
0.69 96.33 21.27 1.43
1.76 96.08 19.78 1.37
1.82 96.07 21.79 1.08
0 96.48 23.08 1.42
0.03 96.12 23.77 2.34
224.52 96 24.13 1.46
4.18 96.12 23.13 1.16
37.1 96.05 22.1 1.58
7.76 96.75 18.22 1.46
0.02 96.91 17.87 1.34
0 96.73 20.06 1.68
0 96.65 21.96 1.71
0.1 96.48 22.24 2.29
0.98 96.49 21.61 1.34
17.51 96.41 21.54 0.96
0.39 95.82 23.09 1.67
1.16 95.98 25.11 1.47
0 96.3 24.74 1.25
0 96.42 25.81 1.58
0.4 96.45 25.8 2.01
197.9 96.31 20.32 2.12
53.27 96.74 14.43 2.16
0.33 96.8 15.09 1.35
0.55 96.97 16.94 1.37
0 96.89 20.17 1.87
35.77 97.03 17.6 1.14
1.95 96.89 17.27 0.75
0 96.8 18.87 1.05
0 96.76 21.26 1.05
53.15 96.45 19.96 1.49
73.86 96.36 15.43 2.26
0.22 96.55 13.84 2.03
0 96.94 14.62 1.22
0.13 97.39 15.11 0.86
0 97.48 15.09 1.13
0 96.77 16.29 1.65
0 96.3 16.79 1.8
0.21 96.34 17.17 1.3
0 96.6 18.68 1.43
1.26 96.53 18.9 1.53
0.42 96.5 18.17 1.31
7.53 96.79 17.12 1.11
0.22 97.18 16.71 1.07
7.86 97.09 16.38 1.28
5.07 97.26 16.93 1.05
77.25 96.89 12.62 1.54
35.79 96.78 10.11 4.19
0.8 96.98 12.76 2.63
0 97.05 11.95 1.23
0 96.94 13.29 1.13
0.18 96.72 15.39 1.47
1 96.52 15.33 1.56
0 96.67 13.9 1.27
0 97.18 12.95 1
0 97.66 13.17 0.88
0 97.52 14.27 1.18
0 97.07 15.23 1.45
77.02 96.56 14.38 1.82
0 97.12 9.92 1.42
0.01 96.78 11.63 2.22
0 96.53 13.99 1.3
0.04 96.89 11.33 2.27
0 97.35 7.9 1.23
0.01 97.54 8.83 1.43
62.61 96.86 10.01 2.06
0 96.94 5.66 2.15
0 96.96 6.87 1.69
0 96.88 8.42 1.54
0 97.18 8.18 1.43
66.91 97.52 4.04 1.01
69.93 96.91 3.09 2.07
0 96.63 7.07 1.39
0 96.33 10.22 1.8
0 97.01 9.8 1.1
0 97.08 11.22 1.47
11.88 96.84 11.97 1.57
0 97.83 5.54 1.54
1.27 97.72 1.77 1.7
0.04 97.37 1.85 2.15
0.02 97.18 1.39 1.61
0 97.19 2.61 1.27
0 97.41 2.88 1.5
29.07 97.31 4.6 1.17
151.2 96.73 3.77 79.64
59.58 97.1 0.1 1.85
0 97.27 -0.26 1.21
0 96.94 1.05 0.97
0 97.18 1.99 1.17
0 97.65 0.79 1.05
30.81 97.33 0.38 0.53
195 95.85 -1.06 3.07
0.31 96.47 -2.72 2.02
0 96.53 -4.42 2.71
0 97.38 -3.73 1.92
0 97.72 -4.88 1.11
20.14 97.12 -1.49 1.2
0 97.05 -3.91 78.02
0.02 96.83 -2.59 1.92
0.01 97.33 -1.64 1.8
0 97.39 -3.21 0.93
0 97 -0.21 1.47
4.27 97.49 -3.78 1.63
0 97.5 -5.83 1.41
0 96.97 -3.69 1.75
0 96.82 -0.72 2.29
0 96.96 -5.51 1.81
0 96.12 -1.86 2.35
0.01 96.74 -3.66 2.58
0.01 97.35 -6.71 1.42
0 98.07 -10.45 2.07
0.07 97.84 -11.14 1.98
0.38 96.69 -3.51 2.34
3.09 96.75 -5.52 3.12
0 97.08 -8.25 1.27
0 97.1 -10.66 2.04
0 97.1 -12.31 1.47
0 97.23 -13.71 1.38
0.01 97.22 -14.82 2.72
0 97.3 -10.02 2.76
0.03 97.97 -10.58 1.05
0.02 98.15 -11.13 1
0.06 97.67 -9.85 1.44
0.01 97.57 -7.08 0.86
18.72 97.61 -7.21 1.37
0.38 97.42 -6.58 1.31
0.21 97.81 -9.53 0.88
0 98.14 -10.66 2.68
0 98.29 -13.08 1.82
0.01 97.76 -13.7 0.69
0.09 97.89 -10.56 214.66
2.56 97.77 -7.47 2.07
0 98.29 -13.82 2.22
0 98.17 -17.7 1.86
0 97.35 -16.92 3.05
0 98.48 -17.13 1.89
0 98.24 -16.69 1.04
0 97.56 -12.3 0.81
1.35 97.53 -11.76 0.9
25.32 97.57 -11.14 2.37
0 97.22 -14.62 2.17
0.01 96.71 -14.46 1.27
0 97.09 -15.07 2.33
0 98.24 -17.29 2.28
0 98.84 -15.58 1.55
0 97.88 -15.41 1.36
0 97.67 -13.84 1.28
0 97.61 -14.29 0.94
0 97.47 -13.08 1.33
0.01 97.93 -15.26 1.39
0 97.76 -15.17 1.34
0 97.61 -13.53 1.22
0.2 97.21 -10.91 0.69
0 97.3 -9.88 1.39
0 97.35 -11.85 0.73
0 97.75 -9.61 1.55
0.93 97.48 -11.21 1.59
0 98.18 -12.86 2.03
0 98.48 -11.16 1.03
0 97.46 -8.25 1.49
0 97.98 -8.02 1.45
5.87 98.01 -7.9 0.83
0.15 97.96 -7.46 1.31
0 97.81 -10.95 1.16
0.01 96.63 -7.01 1.73
0.02 97.21 -11.23 2.79
0 97.32 -12.86 1.21
0.17 97.65 -12.81 0.92
0.04 97.6 -10.86 1.25
0 97.08 -5.64 0.95
0 97.4 -6.49 0.97
0.03 97.37 -5.17 1.15
1.21 97.29 -3.98 1.02
1.1 97.73 -5.41 2.99
0 97.99 -8.59 1.73
1.75 96.99 -6.62 1.68
0 97.69 -7.85 2.23
0.01 97.22 -6.8 1.05
0.53 97.5 -12.44 3.1
0 98.4 -16.07 3.4
0 98.33 -14.48 1.24
0.14 97.38 -9.58 1.74
0 98.01 -11.26 2.21
0.06 98.06 -10.39 1.5
0 97.33 -5.44 36.79
0 97.06 -2.23 2.54
0 97.71 -6.3 1.71
0 97.7 -8.73 1.44
0 97.06 -5.83 1.82
0.02 96.9 -2.83 3.2
0 97.65 -8.27 2.33
0 97.84 -10.44 1.61
0.02 97.75 -10.15 1.28
0 97.63 -6.77 2.21
0 97.83 -5.44 1.85
0 97.76 -3.56 1.4
0 97.87 -4.56 1.38
4.35 97.8 -5.69 1.27
0.25 96.84 1.1 2.17
0 96.74 2.23 1.92
0.19 96.21 0.34 3.83
0 97.96 -5.95 4.54
0 98.11 -4.61 1.25
0 96.95 0.46 1.87
0 97.27 2.44 1.94
0 96.68 6.34 2.6
0 96.58 3.71 1.07
0 96.01 5.04 1.5
0 95.88 2.52 2.09
0 95.91 -0.64 4.33
0 97.55 -0.9 1.66
0 96.84 4.3 2.97
38.51 96.6 1.63 2.61
0 97.88 -4.44 3.73
0 97.5 -0.07 2.4
0 96.89 6.43 2.24
0 97.36 5.8 1.94
0 95.83 9.01 2.19
0.29 95.93 -0.09 3.1
6.39 96.72 -4.48 2.61
0.18 97.24 -5.14 2.17
0 95.97 2.17 4.4
0 96.93 -1.34 2.04
21.35 96.55 -3.27 2.27
0 97.28 -3.58 2.84
0 97.17 -0.65 1.36
0 96.23 5.18 3.21
0.76 96.28 4.02 2.09
0 97.2 0.69 2.44
0 97.41 -0.1 1.87
0.25 97.35 0.84 1.55
3.24 97.02 3.22 2.1
81.98 97.06 1.04 2.04
0 96.68 5.35 2.28
0 96.6 7.96 2.12
13.88 96.82 1.9 1.72
60.86 97.06 0.39 2.5
0 96.86 1.08 2.47
0.14 96.08 2.66 1.71
8.03 96 2.67 2.6
10.68 96.92 1.5 2.5
0.28 96.82 2.61 2.09
0 96.84 3.59 2.85
0 96.41 8.49 1.84
0.12 95.82 9.43 3.19
0 96.18 4.91 3.3
0 95.88 6.37 2.23
1.98 96.11 5.7 2.89
16.62 96.49 2.8 171.97
5.34 97.44 2.62 3.52
0 97.48 4.28 1.43
0 97.14 6.78 1.86
0 96.83 10.47 1.95
0.12 96.36 13.25 4.12
71.05 96.3 8.41 2.12
0.93 96.21 8.5 1.91
0.02 96.27 10.01 3.6
0 96.36 11.74 1.38
0 96.39 14.21 1.68
8.44 96.22 12.98 2.43
0.23 96.25 13.13 4.79
0.37 96.72 12.31 4.08
0.98 96.81 13.17 1.82
1.25 96.69 12.57 1.29
3.01 96.89 13.95 1.41
0 96.7 17.45 2.62
0 96.81 21.71 1.6
0 96.69 23.72 1.5
0 96.78 22.58 1.94
0.07 96.6 22.14 2.89
9.44 96.19 15.86 1.88
11.28 95.29 16.44 3.07
0 94.86 20.01 2.93
0 95.46 18.31 1.84
0 95.59 19.38 1.87
0.45 96.07 19.12 3.27
0 97.03 18.18 2.31
0 97 18.78 1.73
0.3 96.41 18.87 2.42
0 95.85 18.79 2.41
23.55 95.15 16.12 3.2
0.01 95.21 18.52 3.56
0 95.43 20.49 1.89
0 96.39 20.65 1.49
2.04 96.23 23.68 2.63
1.38 96.7 18.45 1.81
0 96.4 21.39 1.75
1.73 96.22 20.48 2.98
1.28 96.06 18.71 2.97
0.48 95.65 19.53 2
0 95.93 21.13 2.97
0 95.8 25.13 2.74
0.02 95.45 25.75 4.2
0 96.04 21.72 1.82
18.39 95.94 19.76 2.4
0.04 95.97 22.17 2.46
8.87 96.69 18.83 1.76
33.62 96.57 18.24 2.17
1.83 96.4 19.34 2.28
1.99 96.18 22.18 2.46
0.43 96.03 23.23 3.02
15.06 96.31 18.37 2.23
8.59 96.56 17.56 1.41
25.08 96.28 15.98 1.48
4.17 96.09 18.31 1.83
0.01 96.19 22.58 2.65
0.07 96.2 24.1 3.05
1.34 96.03 24.98 2.27
72.1 95.9 21.07 2.23
5.61 95.61 22.68 1.32
58.62 95.32 21.17 1.55
0.13 95.66 24.29 1.73
0 96.17 24.98 2.03
0.04 96.33 25.57 1.81
0.76 96.13 23.58 1.48
2.49 95.8 23.53 1.91
13.42 95.7 22.31 2.09
61.33 95.5 21.53 2.04
53 95.12 22.24 1.96
88.39 95.27 23.1 1.65
60.79 95.69 21.98 1.3
232.81 95.83 22.15 2.44
12.66 95.8 23.33 2.4
57.48 95.47 23.32 1.8
256.32 94.9 23.31 2.3
0.07 94.92 25.46 2.09
2.44 94.91 25.44 2.04
1.69 95.28 25.75 1.79
0.64 95.58 25.39 1.96
3.41 95.47 25.66 3.02
77.91 95.64 25.09 1.63
158.26 95.86 22.25 1.04
1.58 96.03 22.77 1.07
0.41 96.03 23.57 0.91
10.41 96 24.38 1.54
19.81 96.18 24.2 1.8
0.33 96.2 24.66 1.67
191.19 95.55 22.53 1.86
196.7 95.3 23.7 2.1
0 95.96 24.21 1.66
0.14 95.89 22.84 1.88
48.77 95.66 23.19 1.39
1.74 95.91 23.39 1.71
0.15 95.94 24.79 1.28
5.01 95.83 24.86 1.24
4.93 95.35 24.71 1.53
0.76 95.37 25.92 2.22
0.01 95.71 25.58 1.47
0.02 95.77 25.91 1.5
32.34 95.58 23.67 1.17
17.27 95.44 26.44 1.75
0.13 95.43 26.39 1.17
1.13 95.24 26.82 1.91
3.82 95.36 26.47 1.79
12.27 95.68 26.34 2.41
0.23 95.94 26.03 2.02
0.59 95.71 26.62 2.04
7.18 95.31 27.81 2.3
21.66 95.15 26.09 1.67
4.63 95.35 27.06 1.81
13.6 95.57 27.76 1.72
10.2 95.34 28.22 1.71
10.27 95.51 26.71 1.45
1.32 95.96 27.21 1.41
3.01 96.1 27.54 1.98
54.2 95.84 24.93 2.12
2.87 95.79 26.57 2.17
9.81 95.76 28.09 2.12
1.6 95.73 28.33 1.86
153.79 95.24 25.89 1.57
0.05 106.4 27.73 1.94
0 96.21 24.09 1.78
0 96.49 23.68 1.43
1.8 96.49 22.81 0.74
2.66 96.11 25.01 2.21
0.21 96.21 24.65 1.55
0 96.37 24.3 1.17
0.07 96.37 24.57 1.24
21.86 96.15 23.22 1.72
47.06 96.2 20.91 1.73
2.38 96.21 20.3 1.35
325.44 95.61 18.63 1.23
8.89 95.7 17.48 2.59
0.07 96.45 16.72 1.91
7.59 96.52 18.32 1.48
1.91 96.79 17.76 1.31
8.55 96.96 18 1.48
0 97.03 17.6 1.09
5.87 96.93 17.89 1.07
133.46 96.9 15.41 1
17.64 96.97 16.2 1.41
13.39 97.02 17.47 1.14
0.92 96.98 18.9 1.04
9.31 96.53 19.58 1.57
0.57 96.56 18.11 1.32
0 96.7 18.6 1.75
0.91 96.5 20.47 1.95
60.15 95.85 20.4 2.23
0.17 96.06 21.46 2.41
0 96.74 15.42 1.34
0.46 96.44 17.17 1.32
6.14 96.92 18.05 1.28
3.94 97.44 17.49 1.04
2.47 96.54 19.86 2.04
0 96.85 19.48 1.04
0.05 96.92 19.85 1.21
2.82 96.83 18.76 1.84
57.3 97.06 14.46 1.75
0 97.36 9.93 1.96
0 97.19 12.13 1.6
0 96.92 12.75 1.47
0 96.28 17 2.24
0 96.27 17.19 2.21
0 97.13 14.7 1.17
0.37 97.15 15.01 1.76
230.46 97.07 11.94 1.46
0.02 97.21 11.42 1.83
0 97.12 10.56 1.17
0 96.45 16.77 2.65
0 97.35 15.38 1.23
0.01 97.46 15.15 1.72
0.02 97.58 14.22 2.09
0.15 97.2 11.89 1.11
0 96.22 15.68 1.96
7.45 96.13 15.29 2.7
0 96.66 12.35 2.1
0 97.14 13.06 1.11
67.33 97.24 10.24 1.26
4.67 97.98 6.11 3.13
0 98.12 3.66 0.96
0 97.67 6.78 1.05
0 97.75 8.05 1.3
0 97.53 10.65 1.72
43.32 97.63 10.07 0.97
4.6 97.63 8.72 1.56
0 97.56 7.18 0.7
10 97.43 7.5 1.51
85.79 97.33 4.29 1.61
0.01 97.51 4.88 2.4
0.01 97.75 7.05 1.9
0 97.35 5.83 1.03
0 96.84 7.61 1.28
6.76 97.28 6.55 1.04
1.31 97.88 5.09 1.53
0 97.84 4.3 0.99
0 97.9 5.37 0.69
0 97.71 5.66 0.88
0.12 97.15 8.14 1.33
2.46 97.38 8.61 2.29
0 97.82 6.57 1.25
0.01 97.12 6.85 1.82
0.09 96.63 7.96 2.58
0.01 97.07 4.77 2.28
0 97.17 4.79 1.89
0.15 97.57 5.51 2.93
0 97.66 0.16 2.7
0 97.73 1.32 1.59
0 97.59 2.06 1.14
0 97.05 2.54 2.12
0 96.74 4.03 2.11
0 96.73 4.19 1.51
0.1 96.79 3.78 2.17
0.01 97.23 -1.04 2.75
0.02 97.38 -1.56 4.11
0 97.33 -2.53 2.67
0 97.41 -2.45 1.49
0 97.62 -2.21 1
0 97.37 1.19 1.34
0 97.02 2.28 0.96
0.02 96.66 0.6 1.38
0 96.56 -2.18 3.06
0 96.7 -4.67 2.42
0 97 -7.89 4.04
0 97.15 -5.25 2.31
0 96.76 0.24 2.23
0 97.35 -1.51 1.74
18429.45 97.15 -1.58 1.54
18429.45 96.88 -0.53 1.06
18429.45 97.14 1.73 1.38
18429.45 97.11 2.16 1.57
18429.45 97.41 -0.41 1.7
18429.45 96.99 -0.4 1.22
18429.45 97.11 -3.48 1.1
18429.46 97.02 -1.84 1.34
18429.46 97.23 -3.73 2.57
18429.57 96.72 -5.61 2.46
18429.67 96.81 -6.89 1.57
18429.45 96.9 -9.48 2.49
18429.45 97.27 -10.44 1.82
18429.45 97.59 -8.03 1.73
18429.45 98.2 -7.84 1.04
18429.45 98.13 -8.23 1.08
18429.59 98.42 -10.18 1.96
18429.57 98.06 -11.69 2.12
18429.65 97.91 -10.48 2.74
18429.46 98.3 -9.6 2.21
18429.45 98.37 -9.17 1.09
18429.45 98.1 -9.42 0.91
18429.45 98.21 -8.06 1.42
18429.45 98.22 -8.85 0.99
18429.47 97.55 -5.87 1.48
18429.56 98.02 -8.36 3.05
18429.45 97.76 -9.83 1.28
18429.45 97.29 -10.34 1.81
18429.45 96.58 -5.19 2.28
18429.45 96.35 -4.74 1.89
18429.45 95.95 -1.15 3.22
18429.45 96.13 -2.96 2.46
18429.45 96.45 -3.16 2.97
18429.45 96.99 -4.73 2.32
18429.92 96.99 -7.7 1.74
18433.21 97.2 -7 2.25
18429.48 97.01 -6.96 3.18
18429.45 97.36 -4.7 3.03
18429.45 97.92 -13.07 2.46
18429.45 97.57 -14.41 2.5
18429.45 97.54 -11.31 2.27
18429.45 97.6 -8.77 2.4
18429.45 98.15 -10.83 2.44
18429.45 97.87 -12.46 1.49
18429.45 97.9 -11.21 1.82
18429.45 97.66 -7.64 1.77
18431.66 97.66 -8.59 1.56
18429.45 97.67 -10.73 1.55
18429.45 97.91 -8.07 2.09
18430.12 96.98 -5.79 3.5
18429.46 97.35 -8.57 5.16
18429.45 97.63 -8.73 3.58
18429.45 96.95 -4.87 2.17
18429.45 96.18 -1.24 4.15
18429.45 96.58 -1.86 3.04
18429.45 97.56 -6.99 3.85
18429.45 97.3 -8.14 3.79
18429.45 96.5 -1.27 5.4
18429.45 97.3 -6.53 3.44
18429.45 95.87 0.3 5.97
18429.45 96.57 -4.52 2.71
18429.45 96.73 -5.21 2.01
0.29 96.32 -2.41 2.19
0.07 96.23 -3.11 4.2
0 97.17 -10.21 3.94
0 97.4 -11.62 1.95
0 97.53 -10.71 1.76
0 97.75 -8.83 1.98
0.73 97.48 -9.66 1.75
2.38 97.46 -11.45 3.54
0 98.11 -12.37 3.92
0 97.99 -12.84 1.37
0 97.38 -10.73 1.65
0 97.98 -10.22 1.91
0 98.04 -10.73 1.75
0.03 97.16 -3.69 3.24
0 97.15 -3.62 1.84
0.11 97.73 -4.4 1.74
0 98.31 -6.2 2.52
0.39 97.91 -8.3 2
0.54 97.6 -6.73 1.63
0 97.59 -6.78 1.73
0 97.48 -4.47 1.86
4.61 97.96 -5.59 1.74
0.1 97.84 -3.84 1.62
0 97.36 -1.1 1.56
0 97.21 2.03 2.32
0.33 96.89 5.38 5.04
3.12 97.55 -1.07 4.86
0.02 97.34 -4.95 1.39
0 97.14 -3.11 1.66
0.12 97.11 -3.15 1.99
0.16 97.08 -3.61 1.55
1.25 97.37 -2.75 2.99
0 97.46 -4.21 3.67
0 97.66 -5.95 2.29
0 97.65 -4.53 2.25
0 97.14 -3.46 1.85
0 97.44 -4.37 2.49
0 97.01 -1.98 2.53
0 96.62 4.16 4.22
0 97.32 0.53 4.08
0 96.97 -0.57 1.95
0 96.5 2.32 2.75
0 96.09 8.31 2.54
0 96.61 5.58 2.41
0 95.96 8.59 3.98
0 97.16 5.13 2.07
0.04 97.04 4.44 3.35
0 97.37 4.18 5.55
0 96.82 6.84 2.38
0 96.77 9.23 3.73
0 97.15 8.45 2.69
0 96.11 13.86 4.96
0 96.03 13.36 2.89
0.02 96.02 13 2.13
0 96.22 12.45 2.59
44.22 95.86 12.36 3.03
25.31 96.31 10.95 3.32
0 96.55 11.73 1.93
2.19 96.69 10.73 2.09
0 96.17 12.52 2.12
0 96.78 9.91 4.08
0 97.26 4.18 5.1
0 96.4 6.59 4.68
0 97.04 5.42 3.38
0 96.42 13.38 3.81
0 96.33 15.56 1.9
0 96.25 14.95 1.93
0 96.36 13.78 4.37
0 97.2 9.98 1.99
0.47 96.83 11.02 1.49
0.22 96.54 11.88 1.86
0 96.64 14.25 2.2
0 96.47 19.07 3.98
0 97.08 14.7 3.75
0 96.4 14.43 2.14
3.83 96.32 11.97 2.43
0.01 97.05 10.48 3.62
12.33 96.98 8.87 3.22
0.03 96.48 10.94 1844.16
0 96.55 12.78 3.83
0 96.27 15.32 2.87
0.66 95.97 18.31 4.44
5 96.27 17.94 5.54
0.15 96.66 18.3 4.18
21.98 96.96 12.57 3.62
0 97.13 13.6 2.42
0 96.97 14.61 2.48
0 96.4 15.77 1.67
0 95.85 19 2.37
2.05 95.7 21 5.06
137.47 96.4 8.35 5.4
2.77 96.07 10.87 4.26
8.47 96.23 6.16 5.75
0.05 96.5 8.08 4.47
0.21 95.95 12.72 2.78
35.13 95.86 9.69 3.85
1.86 96.45 13.23 2.29
54.23 96.81 11.76 2.52
1.53 96.74 13.09 2.11
333.15 95.73 9.55 2.87
105.85 94.87 15.22 4.34
0 95.01 19.77 4.07
0.05 95.37 15.82 3.74
0 95.18 15.79 3.38
0.05 95.95 17.45 2.52
0.94 96.34 17.8 2.09
1.13 95.91 21.14 3.69
169.3 95.65 17.35 2.85
5.65 95.63 17.53 2.32
0.01 95.73 20.01 2.2
0 95.83 22.37 2.91
0.16 96.12 25.63 4.43
45.28 96.04 17.53 2.97
0.59 95.5 17.83 5.18
0 94.91 22.2 4.06
6.46 94.68 19.88 2.96
0.1 95.16 24.18 4.32
0 95.18 25.22 58.77
0.05 95.88 25.27 2.62
0 95.85 27.01 2.96
4.93 95.98 24.42 2.87
2.39 96.15 22.3 2.97
0 95.99 22.47 2
1.39 95.77 23.08 1.62
72.36 95.63 23.99 2.35
159.13 95.75 17.6 3.37
187.44 95.58 14.65 3.42
26.94 95.37 17.45 2.28
57.72 95.73 16.35 2.79
66.67 96.1 15.94 2.06
16.99 96.12 19.03 2.05
30.1 95.88 20.44 2.63
4.81 95.93 21.81 2.28
0.01 95.82 22.47 1.9
2.39 95.62 24.39 2.37
52.85 95.48 21.26 1.92
184.85 95.37 20.4 3.07
122.52 95.42 20.14 2.19
6.48 95.73 20.19 1.8
64.35 95.88 19.79 1.78
2.66 96.03 19.23 1.77
66.56 96.05 19 1.58
0.89 95.91 22.07 1.96
0.05 95.57 24.2 2.58
4.55 95.43 23.73 3.85
24.59 95.39 23.69 4.29
0.52 95.78 22.93 4.31
0.68 95.73 23.6 3.51
0 95.82 24.75 1.76
0 95.83 25.31 1.77
8.88 95.8 24.18 2.42
162.52 95.54 21.28 2.28
17.93 95.23 23.85 2.9
0.56 95.69 25.22 1.93
0.5 95.85 24.98 2.93
1.72 95.65 25.25 2.32
2.1 95.47 25.19 3.03
10.29 95.33 25.07 4.01
0 95.52 24.51 2.46
0 95.18 25.49 3.11
1.68 95.29 24 2.72
4.34 95.49 23.3 2.82
0.34 95.4 24.34 2.65
1.13 95.53 24.92 2.17
12.51 95.54 24.63 2.69
268.74 95.59 22.97 58.74
16.77 95.82 23.07 57.78
0.46 95.89 26.13 1.79
0.4 96 28.45 2.42
1.47 95.66 29.48 4.83
113.53 95.44 25.06 2.37
0.13 95.76 22.6 1.59
0 95.47 25.17 2.38
0.08 95.84 23.39 1.45
0 95.89 22.57 1.98
0.01 96.09 23.32 1.92
1.92 95.99 25.48 2.21
1.91 95.53 27.6 3.21
4.36 95.56 26.42 4.17
7.23 95.73 24.01 2.42
0 95.8 25.56 2.69
0 95.75 27.55 3.06
1.08 95.55 28.27 2.94
11.65 95.48 26.88 2.01
108.05 95.76 20.96 2.55
0.63 95.75 23.04 2.16
0 96 23.86 2.8
0 96.15 22.87 1.79
0.01 96.07 23.56 1.99
12.29 95.8 23.47 1.66
29.17 95.5 22.39 2.51
13.01 95.62 23.62 3.54
0.15 95.86 22.82 1.96
42.12 95.97 19.08 1.75
45.11 95.89 19.14 1.42
19.15 95.86 20.76 2.31
8.85 96.02 21.72 1.87
1.62 96.14 21.51 1.73
6.28 96.33 21.55 1.6
0.1 96.26 23.2 1.45
0.28 95.95 25.33 2.14
4.32 95.89 25.11 2.55
8.7 95.87 24.72 1.99
21.71 95.71 24.09 2.78
307.87 95.93 19.75 2.18
2.1 96.24 20.08 2.12
0 96.4 21.31 1.6
0 96.46 23.39 2.26
3.78 96.62 21.61 1.58
2.17 96.67 21.3 1.33
0.5 96.64 21.77 2.31
5.52 96.46 20.45 1.45
9.31 96.42 21.1 2.02
321.11 96.32 16.93 2.11
1.47 96 18 2.16
0 95.63 21.36 2.98
0 96.22 19.49 1.65
0 96.24 20.56 1.58
2.49 95.83 20.96 2.74
0.04 96.07 19.95 3.1
0 96.25 17 1.45
0.01 96.54 18.12 1.77
0.05 96.54 19.5 2.12
13.64 96.6 18.12 1.23
0.16 96.47 19.39 2.47
0.09 96.7 17 3.16
0 96.81 14.92 2.15
0 96.89 14.37 1.84
0 96.93 16.88 1.41
0 96.91 17.86 2.15
2.94 96.28 17.71 2.18
43.29 96.18 15.7 2.62
0.04 96.8 15.03 1.87
0.24 96.86 17.04 2.21
98.61 96.97 13.79 1.98
33.15 96.76 13.62 1.93
0 96.73 14 1.46
80.78 96.13 14.96 2.38
0.08 96.63 13.62 2.26
0.39 96.58 14.28 2.67
9.18 97.26 8.19 3.95
0.05 97.45 6.6 1.67
98.25 96.57 7.43 1.53
56.92 96.41 7.32 2.73
0 96.76 8.88 1.59
43.16 97.01 8.33 1.35
5.25 97.39 9.2 2.41
0 97.29 9.85 2.12
0 96.86 13.1 2.04
0 96.78 14.04 2.68
0 96.88 17.49 2.93
0 97.22 14.46 1.49
0.31 97.07 15.27 2.85
0.2 97.99 10.39 4.44
0 97.59 5.95 2.13
0 96.72 8.42 2.31
0 96.2 11.7 5.6
0 96.81 10.45 4.04
0 96.47 13.65 2.51
0 96.61 14.16 2.44
0 96.36 16.76 3.82
0 97.04 9.68 3.78
0 97.52 4.6 2.3
0 97.02 5.87 1.73
0 96.23 11.66 4.26
0 95.93 14.41 4.04
0 96.06 13.47 2.43
0 97.52 6.53 5.45
0 98.03 2.68 1.62
0 97.48 4.05 1.59
0.03 97.17 8.05 1.8
2.11 97.25 10.4 14.1
0.93 97.05 7.7 1.82
18988.44 96.67 8.3 2.99
18988.46 96.84 5.32 4.37
18988.43 96.67 7.1 2.75
18988.43 96.33 8.62 4.02
18988.44 96.59 8.49 3.53
18988.43 97.89 1.15 3.86
18988.43 97.92 -0.99 1.9
18988.43 97.48 0.79 1.68
18988.43 97.25 3.76 1.59
18988.43 96.92 4.92 2.03
18988.44 96.55 3.04 2.72
18988.45 97.03 -2.62 5.47
18988.43 97.08 -2.04 3.06
18988.43 97.42 -2.1 1.69
18988.43 97.54 -0.7 1.57
18988.52 97.34 2.15 2.25
18988.43 97.71 -1.11 2.28
18988.43 97.66 -0.3 1.25
18988.43 97.01 1.73 2.46
18988.43 96.42 4.08 3.45
18988.43 96.86 1.81 2.98
18988.43 97.45 -0.89 2.14
18988.48 97.21 1.31 2.7
18988.43 97.56 -1.22 2.01
18988.43 96.75 -2.61 1.52
18988.43 96.25 1844.22 4.79
18988.43 97.31 -0.74 2.04
18988.43 96.86 -1.24 1.53
18988.44 96.69 -0.23 1.95
18989.22 96.71 0.04 4.53
0 97.31 -9.69 5.92
0 97.16 -9.87 3.6
0 96.87 -10.02 4.48
0 97.03 -10.38 3.34
0 97.12 -10.76 3.56
0 97.35 -8.63 2.9
2.06 97.39 -8.6 1.84
0 97.94 -10.22 1.45
0.02 97.85 -7.13 2.99
1.63 97.09 -3.32 4.91
0.03 97.55 -7.99 3.09
0.01 97.15 -8.97 3.92
0 97.33 -10.12 3.06
0 97.37 -7.86 2.07
0.16 97.25 -7.55 4.24
0 97.36 -11.38 3.99
0 97.45 -10.75 2.33
0 97.47 -8.58 2.2
0.07 97 -4.91 4.05
0 97.36 -8.8 3.9
0 97.05 -9.48 4.02
0 96.81 -3.8 3.32
0 96.78 -1.32 3.93
0 97.65 -4.72 3.59
0 97.92 -5.57 2.19
0 97.71 -6.71 1.85
0 97.26 -4.21 2.19
0 96.66 -4.74 1.9
0 95.98 -2.39 3.29
0.05 96.71 -5.49 37.75
0.01 97.43 -8.76 5.07
0.06 97.49 -10.31 3.04
0 97.43 -6.49 3.32
0 96.17 -2.02 4.17
0 96.4 -2.68 1.83
0.77 96.66 -1.52 4.1
0 97.29 -7.26 3.3
0 97.66 -8.73 1.8
0 97.56 -9.14 1.42
0 97.41 -6 2.3
0.05 96.91 -2.49 4.43
0 97.99 -6.55 2.54
0 98.22 -8.55 1.46
0 97.7 -5 1.92
0 97.81 -7.03 2.31
0.17 97.48 -7.4 2.15
1.73 97.43 -9.03 3.09
0 97.62 -8.82 1.66
3.02 96.45 -4.29 3.41
0.02 97.18 -7.83 2.4
0.02 97.05 -6.82 1.67
1.31 97.56 -6.6 3.19
0 97.09 -8.17 1.63
0 96.47 -2.61 3.06
0 97.41 -5 1.99
2.86 97.06 -4.97 1.77
1.53 97.55 -7.47 3.66
0 98.15 -10.8 3
0 98.04 -11.07 1.88
0.04 97.37 -6.83 3.37
0 98 -8.95 3.67
0 98.3 -9.03 2.21
0 98.09 -7.13 1.63
0 97.93 -6.97 1.36
0.04 97.75 -4.15 2.34
0.03 97.67 -4.8 3.41
0 97.58 -3.66 2.64
0 96.9 -0.76 3.67
0.01 97.76 -8.78 5.54
0 97.95 -11.8 3.24
0 97.19 -5.53 3.14
0 96.47 -3.16 1.91
0 96.5 -4.49 3.03
0 96.74 -5.74 2.99
0 96.39 -5.09 1.92
0 96.12 1.63 2.33
0.01 96.83 -1.67 2.02
17.06 96.56 -0.37 3.57
0 97.14 -0.68 4.53
0 97.84 -2.62 3.1
0 97.45 -3.78 3.21
24.28 96.67 -0.08 3.74
21.92 96.05 0.04 5.04
0.06 96.42 -4.22 5.45
0 96.72 -5.5 2.24
0 96.32 -4.08 1.69
0.65 96.74 -5.41 3.27
0 97.2 -7.86 3.31
0 97.89 -6.04 2
2.66 96.98 -2.48 4.85
0 96.56 0.27 3.42
0.02 96.09 -1.47 2.57
0.05 96.75 -5.41 5.67
0 97.37 -5.86 3.55
0 97.15 -3.08 3.18
0 96.49 1.97 4.41
0 96.7 3.45 2.97
0.95 97.23 -1.45 3.83
0 98.09 -8.13 6.44
0 97.47 -3.9 3.48
0 97.06 -2.48 3.99
0 96.57 -2.33 3.19
0 226.99 1842.28 1844.02
0 96.76 0.23 3.91
0 96.36 6.34 3.59
0 96.22 6.85 3.81
0 96.97 4.67 2.73
0 96.31 6.45 2.96
0 96.49 7.89 3.84
0 96.62 7.34 2.76
0 96.55 7.75 3.78
0 97.54 3.02 3.56
0 97.73 3.06 2.65
0 97.95 3.92 1.8
0 97.7 7.59 3.35
0 97.48 13.07 4.56
0 96.72 13.44 5.8
0 96.15 12.64 3.89
0 96.39 11.03 3.69
0 95.89 14.72 4.45
9.58 96.78 7.52 3.89
0 96.97 5.8 1.55
194.84 95.38 3.02 2.62
0.39 96.22 5.39 2.63
0.79 96.18 6.24 1.94
0.08 96.63 6.13 3.89
0 97.85 0.59 4.34
0 97.85 1.18 2.98
0 97.08 5.21 3.57
0.1 96.76 8.75 3.21
0.09 96.96 9.47 3.62
22.73 97.14 8.13 3.23
212.79 97.62 1.22 3.94
1.41 97.36 4.11 2.4
0 95.76 10.66 1.9
0.26 94.9 14.86 5.09
5.32 95.79 9.94 4.97
0 95.84 12.98 3.13
0.03 96.15 13.08 2.59
0.02 96.55 11.94 4.06
0.01 96.23 12.6 2.56
0.01 96.09 13 2.93
0 96.44 14.68 4.54
0 96.51 15.79 4.78
0 96.85 15.63 2.8
0 96.23 21.34 4.73
0 95.85 25.14 4.8
30.23 95.6 20.89 5.66
59.73 96.16 16.35 2.28
0 96.25 18.84 2.05
0 96.12 20.91 2.54
3.38 95.92 18.97 4.39
51.51 96.03 15.61 2.13
0 96.19 14.83 4.68
0 96.15 13.98 5.01
0 95.49 16.5 5.84
0 96.14 13.58 2.56
0.52 96 14.58 4.4
37.09 96.34 7.97 2.85
0 96.7 9.65 1.74
27.81 96.6 10.15 2.23
93.34 95.66 8.12 1.78
9.24 94.37 11.13 3.49
0.19 94.46 19.8 3.72
0.87 95.68 17.94 5.7
0.01 96.39 17.33 4.53
0 95.85 18.93 3.41
24.63 95.02 19.77 5.69
28.43 95.12 16.77 5.1
0.63 95.52 15.05 5.8
0 96.34 18.33 4.46
0 96.01 21.79 4.12
0 95.86 22.67 3.12
5.79 95.8 22.97 3.43
0.03 95.65 24.56 3.96
0.12 95.57 25.85 4.75
1.55 95.62 26.66 3.59
0.08 95.67 24.07 3.35
1.84 95.43 23.14 4.61
0.6 95.62 21.74 3.04
0 95.8 20.92 3.37
0 95.05 25.1 7.49
9.29 95.38 23.91 2.86
1.81 95.94 20.45 3.91
0 96.19 22.08 3.87
76.19 95.53 18.69 3.57
68.34 94.96 18.4 2.31
124.69 95.44 18.34 2.61
0.28 95.8 19.67 2.99
0.72 95.47 20.23 3.01
8.12 95.55 17.81 1.9
194.58 95.32 16.25 2.36
322.3 94.76 16.84 2.77
31.47 94.84 17.32 2.14
114.81 95.68 17.76 2.22
0.15 95.97 20.63 2.21
64.19 95.83 22.04 1.87
0.36 95.54 23.01 1.7
379.73 95.48 21.14 2.1
3.84 95.73 19.43 2.55
91.68 96.14 17.1 2.75
0.07 96.25 21.12 2.61
0 95.93 23.77 2.44
2.36 95.7 23.62 3.73
0.14 95.83 23.46 2.5
4.78 95.63 23.58 3.78
8.59 95.33 21.95 2.74
176.88 95.24 20.74 1.44
1 95.71 21.89 1.72
1.98 95.79 23.65 2.14
240.31 95.88 17.63 2.45
21.71 95.33 17.85 2.05
43.4 94.85 19.24 3.59
2.42 95.42 18.18 3.11
0.12 96.02 18.81 2.59
110.57 96.04 19.6 2.21
33.38 96.17 20.44 2.06
0 96.17 22.01 1.72
0.13 96.03 23.08 1.82
1.43 96.17 24.2 2.03
0.1 96.42 25.43 2.47
1.76 96.24 23.68 2.69
0.29 95.9 25.72 2.63
1.16 95.32 26.43 2.08
0.11 95.11 27.04 3.84
3.86 95.52 26.42 2.89
6.33 95.9 25.7 1.93
9.06 96.08 22.66 2.49
6.26 95.97 22.68 1.5
16.94 95.82 23.76 1.87
208.43 96.01 22.61 1.93
60.74 95.95 22.85 2.21
13.66 95.63 24.37 2.65
18.84 95.58 23.47 2.86
9.81 95.57 23.78 1.87
18.5 95.39 23.46 2.13
14.02 95.24 24.38 1.72
9.38 95.58 25.93 2.86
15.58 95.7 24.46 2.61
32.15 95.48 24.83 2.57
48.34 95.4 25.01 2.29
414.59 95.77 22.83 2.78
10.56 96.01 22.83 1.77
0.87 95.87 23.98 1.9
22.39 95.39 25.21 2.99
0.09 95.35 24.67 2.62
0.64 95.2 25.85 2.31
1.25 95.4 26.29 3.09
7.49 95.8 24.83 3.05
12.25 96.33 23.39 2.24
91.92 96.35 23.45 2.22
10.03 96.22 24.63 2.1
0 96.26 24.15 1.45
0 96.08 24.83 1.61
0 95.93 24.93 1.39
0 95.64 26.04 1.9
1.73 95.4 26.44 2.1
0.02 95.69 24.68 2.27
0 95.75 24.56 2.09
3.53 226.42 1853.72 1843.98
47.93 226.59 1853.92 1844.04
34.95 96.29 20.71 2.58
19.68 95.94 19.48 2.59
1.78 95.73 21.26 2.15
46.9 95.85 20.35 1.75
6.07 96.16 20.44 1.61
6.65 96.37 20.96 1.87
7.86 96.28 21.21 2.88
12.2 96.16 21.26 2.5
0.02 96.1 21.31 2.28
8.72 95.98 20.25 1.89
17.83 96.14 19.45 1.77
10.62 96.3 19.66 2.16
111.45 96.48 17.82 1.97
84.32 96.48 19.72 2.02
1.98 96.46 21.68 2.22
0.33 96.64 21.07 2.27
5.13 96.53 19.31 1.34
15.6 96.29 19.25 2.21
0.01 96.46 17.93 1.74
0 96.39 19.41 1.55
1.1 96.54 21.54 2.39
15.14 97.16 17.53 2.62
1.06 97.11 16.48 1.66
15.71 96.55 14.03 1.95
34.53 96.51 14.3 3.43
0 96.45 20.12 2.5
0 96.8 20.22 2.76
0 96.97 19.47 2.76
0 96.78 19.85 2.28
1.93 96.73 19.36 1.63
7.16 96.76 18.82 1.85
0.01 96.84 17.73 1.85
0.96 96.37 17.54 2.46
1.74 96.17 20.58 3.25
43.36 96.1 18.67 3.39
50.18 96.1 16.58 2.29
48.75 96.1 14.97 1.79
13.06 96.02 16.74 3.09
0 96.34 15.13 2.73
0 96.49 18.3 2.94
0.17 97.35 14.5 1.44
1.47 97.86 12.02 1.75
9.56 96.76 15.81 3.52
74.39 95.93 11.87 5.47
0.03 95.9 14.69 4.14
0 96.89 12.12 2.59
0 97.22 14.94 2.88
0 96.73 18.58 4.13
0 96.59 18.94 2.98
0 96.37 18.58 3.67
0 96.68 11.94 3.65
0.19 96.01 7.28 3.1
1.43 96.18 6.32 5.3
11.76 96.46 10.52 4.61
0 96.9 11.83 2.39
0 96.97 13.7 2.17
0 96.71 14.65 2.49
0 96.66 15.75 2.2
0 96.7 15.77 2.53
0.57 96.78 15.84 3.29
0 97.63 7.24 2.79
0 96.5 11.15 3.4
8.59 97.05 7.41 2.47
55.77 97.4 5.68 1.94
0.89 105.03 121.23 59.09
0 104.49 121.17 58.86
0 97.6 7.66 2.62
0 97.64 4.57 1.71
13.02 96.41 7.69 4.19
0 96.41 4.91 2.74
0 97.02 3.03 3.42
0 97.36 1.09 4.23
0 97.79 0.68 2.6
0 97.86 2.76 1.52
0 97.17 4.45 1.46
0 96.97 6.36 1.36
0 97.03 8.67 3.14
0 97.14 11 3.49
1.81 98.24 2.5 4.09
61.54 98.32 -2.67 4.09
34.22 97.89 -2.63 3.86
2.31 97.44 -2.22 2.35
0.14 97.51 -2.16 1.73
0 97.74 -2.44 1.04
0 97.86 0.68 1.24
0.13 97.7 2.48 1.44
0.01 97 4.1 1.7
0 96.32 6.58 2.91
0.05 97.12 3.14 2.63
2.6 97.05 -1.16 2.43
0 97.68 -2.99 2.7
1.88 97.62 -3.8 2.29
6.42 97.61 -5.67 2.46
4.34 97.63 -7.25 2.16
9.47 98.12 -7.38 1.81
28.32 98.58 -10.51 2.6
5.88 98.63 -11.84 3.44
0.04 98.56 -13.81 2.12
0.01 97.66 -13.1 2.57
0 97.59 -13.38 2.88
0.03 97.15 -11.75 1.24
0.11 97.61 -8.97 1.62
25.95 97.26 -5.23 1.99
0 97.2 -7.84 1.69
0.18 96.52 -2.09 3.06
0.06 96.27 -3.8 4.66
0.13 96.51 -6.28 5.66
0 96.92 -4.3 3.45
0 97.6 -4.83 2.14
0 97.77 -7.33 1.48
0 97.95 -8.66 0.99
0 97.54 -3.95 2.55
10.13 97.17 2.21 3.49
0.02 97.32 0.66 5.33
0 97.74 -5.37 1.96
0 97.38 -5.61 1.46
0 97.5 -5.86 1.11
2.79 96.83 -4.15 2.49
0.02 96.89 -5.64 3.67
0.02 97.41 -6.78 6.05
0 97.58 -7.3 3.06
0 97.99 -5.43 1.78
0 98.02 -5.58 1.74
0 97.13 -2.65 2.83
0 97.32 -4.27 1.72
0 97.47 -7.21 1.33
0 97.3 -4.07 2.35
0 97.44 -8.09 2.31
0 96.43 -5.89 4.03
0 97.44 -11.19 4.56
0 98.25 -13.22 2.62
0 97.96 -8.99 1.7
0.11 97.5 -4.93 1.76
0.43 97.73 -6.69 1.67
0 97.79 -7.65 1.58
0 96.88 -1.7 3.22
0 96.84 -4.25 1.43
0.73 97.07 -7.21 1.93
0 97.53 -9.22 3.69
0 97.4 -11.24 2.78
0 97.62 -9.6 3.12
0 97.48 -9.33 2.49
0 97.27 -9.49 2.45
0 97.03 -9.12 2.37
0 97.81 -10.83 3.28
0 98.05 -11.96 2.39
0 97.53 -12.16 3.44
0.04 96.85 -10.62 3.3
0.05 96.63 -9.86 2.79
0 96.69 -10.85 1.96
6.47 97.29 -12.49 2.68
1.46 97.33 -16.64 3.13
0 96.94 -17.53 3.87
0 97.6 -17.14 2.09
0 98.11 -16.51 1.41
0.54 98.04 -15.97 1.36
0.33 98.54 -18.75 3.12
0 98.43 -22.34 5.48
0 97.86 -15.02 4.05
0 97.32 -10.42 2.78
0 97.2 -10.55 2.76
0 97.31 -8.94 2.84
0 97.8 -10.66 1.96
0 98.29 -14.25 2.27
0 98.08 -15.76 2.35
0 98.12 -12.75 2.95
0 97.97 -10.88 2.27
0 97.6 -8.96 2.51
0 97.34 -7.45 2.57
0 97.56 -7 3.78
0 97.47 -7.65 4.23
0 97.44 -6.62 2.69
0 96.53 -5.62 2.64
0 96.11 -2.16 3.76
0 96.84 -2.54 2.72
0 96.55 1.57 3.17
0.09 96.49 0.87 1.95
1.36 96.57 1.76 2.5
35.17 97.29 -6.48 6.13
0 97.45 -11.03 4.54
0 96.83 -8.74 3.58
0 96.66 -4.75 4.49
0 96.67 -1.76 4.18
0 96.55 -1.42 3.89
0.06 97.46 -5.26 3.86
0 97.46 -7.31 4.56
0 97.39 -8.24 3.12
0 97.38 -4.3 3.82
0 98.32 -9.09 2.3
0 97.96 -7.53 3.06
0 97.88 -6.95 2.83
0.04 97.21 -4.96 3.51
0.01 97.27 -5.1 2.01
0.06 97.53 -6.61 4.04
0.03 97.85 -7.52 3.58
0.02 96.9 -0.16 3.66
0 96.48 4.48 3.44
0 96.43 2.56 2.19
0.1 96.84 1.44 1.5
99.53 96.65 1.88 3.24
0.01 96.68 0.37 2.17
1.82 96.89 -1.53 4.38
0 97.7 -5.92 5.13
0 97.82 -5.81 3.33
0.01 97.59 -5 3.54
0 97.09 -4.46 2.07
0 96.46 -0.59 3.99
0 97.17 -0.11 2.56
0 97.01 1.37 1.81
0 96.47 5.26 3.83
0 96.28 9.53 4.44
0 95.95 10.1 5.12
0 96.23 9.3 3.5
0 97.17 5.17 2.16
0 97.4 5.8 2.32
0 96.98 9.58 2.75
0 97.33 7.16 5.05
0.01 97.92 3.44 5.73
0 97.97 3.48 3.55
0 97.62 3.7 3.35
0 97.18 8.43 2.7
0 96.66 9.77 1.98
0 95.97 12.89 5.67
3.95 96.48 8.75 3.42
0 96.54 9.31 3.05
0 95.62 15.85 5.69
23.71 95.75 12.75 4.92
0.58 96.85 8.52 3.51
0 96.9 8.73 3.38
0 96.04 12.26 4.54
0.04 96.36 11.65 3.56
0.88 95.8 12.89 4.76
0 96.02 12 3.37
0 96.03 13.17 6.08
0 96.29 8.77 3.66
0 96.93 6.26 4.03
0 96.6 6.75 4.51
61.32 95.62 7.52 3.23
0.1 95.3 11.02 4.75
0 96.44 12.4 4.74
0.13 96.01 15.49 5.14
48.15 95.85 10.8 3.04
0.94 95.82 7.5 4.67
12.98 96.18 7.1 2.62
7.66 96.58 9.22 3.46
0.04 96.16 13.89 2.8
0 95.24 17.5 5.86
0 95.83 13.15 6.26
0 96.39 12.27 2.87
0 95.92 14.91 5.17
0.38 96.61 12.92 3
6.42 96.86 11 1.83
0.35 96.44 14.11 1.94
0 96.57 14.18 2.36
20.73 95.87 14.13 2.79
0.09 95.44 17.63 3.04
4.1 95.14 22.36 3.95
122.9 95.89 12.73 3.32
146.11 94.94 10.53 5.49
0 95.56 15.96 3.5
17.66 95.67 14.68 4.24
0.04 95.81 14.78 6.49
0 96.63 16.87 3.09
0 96.11 18.54 4.74
0.25 96.18 18.04 2.07
0 95.95 17.64 2.21
0.66 95.19 20.37 6.14
322.25 95.79 12.58 3.62
0 96.84 14.62 3.67
19.51 96.47 12.22 4.05
1.65 96.15 13.35 3.87
0 95.67 18.11 3.44
0 95.8 24.05 4.03
0 96.14 23.57 5.09
0 96.35 22.65 4.66
0 96.52 21.89 4.16
0.01 97.02 20.61 3.72
0.01 96.98 19.83 3.07
52.19 96.19 15.44 1.72
10.47 95.12 17.19 4.96
32.22 95.42 18.44 3.41
0.1 95.84 19.45 3.87
0 95.85 22.12 4.27
0.03 95.42 24.18 5.05
0 95.73 20.54 3.82
0 95.44 23.32 3.89
46.91 96.26 16.38 3.01
0 96.32 19.98 2.41
0 95.95 23.97 3.26
0 95.64 24.57 3.81
0.01 95.76 22.87 2.79
0.06 96.05 23.04 2.59
21.09 96.13 20.27 2.78
5.22 96.23 19.65 1.78
0.04 95.94 22.23 2.28
8.09 95.69 22.88 3.95
115.98 95.47 20.05 5.22
19.92 95.86 18.91 2.45
3.87 95.78 20.58 1.89
2.04 95.43 20.27 1.85
256.74 95.36 15.76 2.64
33.7 95.36 17.58 2.27
1.12 95.01 20.36 2.75
25.13 95.04 21.05 2.21
2.08 95.55 22.33 2.81
0.02 95.67 23.9 2.25
8.75 95.38 25.26 2.84
15.72 95.36 25.2 3.32
38.21 95.37 23.92 2.5
24.72 95.58 21.83 2.22
5.4 95.6 22.26 3.6
0 95.78 24.5 2.61
0 95.78 25.45 2.28
24.94 95.56 23.62 2.25
49.6 95.72 20.43 3.24
87.28 95.55 20.7 2.8
29.23 95.48 21.55 2.14
0 95.64 21.82 2.15
0.11 95.64 23.11 1.61
0 95.78 25.77 2.92
0 95.99 24.59 2.52
0.91 96.17 25.09 1.93
0 96.25 26.58 2.09
0 96.21 26.41 2.92
0 95.94 26.15 2.63
0 95.67 27.74 2.26
0 95.44 28.79 2.8
2.35 95.11 29.28 4.57
73.83 95.3 23.87 2.35
2.27 95.65 25.03 2.67
0.49 95.98 24.51 2.8
3.07 95.7 20.96 1.99
4.19 95.53 21.6 2.13
0.78 95.87 22.22 2.12
0.05 95.91 23.8 2.02
77.69 96.04 22.45 2.5
240.52 96.06 20.95 2.74
783.29 95.54 22.69 2.54
30.99 95.37 23.8 1.73
3.79 95.25 26.65 2.77
0.18 95.69 27.27 2.32
455.51 95.71 22.46 2.92
5.13 95.63 22.67 1.49
0.42 95.39 24.35 2.12
22.16 95.37 25.26 2.77
28.45 95.76 24.32 2.09
195.4 96.04 24.28 1.73
45.49 96.12 22.94 2.01
69.23 96.22 23.17 1.81
0.31 96.22 24.99 1.46
0 96.2 26.36 1.63
0 96.17 27.02 1.9
0 96.09 26.56 2.2
55.42 95.77 26.54 2.6
249.95 96.11 23.88 2.17
0 96.25 23.03 1.4
0 95.94 23.66 2.38
0 95.72 27.53 4.55
0.37 95.71 28.85 5.11
8.04 95.73 26.77 2.69
0 95.69 25.48 1.88
0 95.93 25.13 2.32
1.82 95.87 23.59 1.53
19.16 95.73 23.03 2.23
1 95.61 23.46 1.64
339.56 95.55 20.89 1.68
19.29 95.95 21.8 2.49
6.54 96.12 22.47 1.54
0.49 96.23 23.93 1.73
1.07 96.35 24.18 1.47
11.32 95.93 21.81 1.82
7.31 95.66 24.25 1.66
95.5 96.35 18.76 4.25
0 96.69 18.84 2.25
1.62 96.36 19.08 2.41
3.72 96.3 19.83 2.41
0 96.44 19.25 2.81
0 95.89 19.07 3.14
25.68 94.81 16.93 4.03
37.88 94.72 15.93 2.44
27.31 95.41 19.1 1.52
51.69 95.95 18.55 1.19
45.29 96.21 17.82 1.63
124.8 96.11 17.95 1.6
26.14 95.97 19.61 2.08
3.36 95.75 18.97 1.78
2.95 95.78 18.99 2
18.91 96.08 18.37 1.18
6.23 96.27 17.69 1.85
23.29 96.64 16.72 1.79
16.5 96.89 17.07 1.59
0.83 96.86 17.75 1.61
7.47 96.66 19.77 2.49
0.04 96.51 21.07 2.08
2.14 96.55 20.33 1.81
1.1 96.98 17.95 2.46
7.21 97.13 15.94 2.86
0.05 97.17 15.3 2.43
0 97.07 15.43 1.71
0.96 96.94 15.04 2.09
1.83 96.54 17.54 2.47
3.32 96.21 19.41 2.6
0.85 95.97 20.6 4.03
0.03 96.62 18.83 2.2
4.71 96.46 17.93 1.8
1.41 97.05 14.01 4.11
0 97.57 9.85 2.61
0.02 96.84 10.95 3.34
0.03 96.45 16.7 1.93
2.29 96.35 19.56 4.58
9.74 96.35 15.06 1.34
0.37 96.28 17.17 3.73
37.55 96.88 9.3 2.64
27.15 96.96 8.45 2.37
0.27 97.58 9.35 1.64
66.2 96.8 10.22 2.44
1.3 96.85 7.68 4.57
0 97.16 6.04 2.33
0.48 96.7 8.64 2.44
0 97.26 6.88 72.21
0.05 97.27 8.18 1.95
0 96.82 13.08 1.99
0 96.9 14.77 2.09
0.1 97.11 16.14 3.64
15.61 96.62 14.22 3.44
0 97.03 11.2 1.82
0 96.83 12.3 2.12
0 96.6 15.39 3.02
0.83 97.54 6.93 3.31
37.26 96.94 6.14 1.89
48.26 97.57 2.75 3.44
0 97.26 3.05 1.28
0 96.63 4.7 1.35
0 96.22 9.86 3.11
0 97.43 5.55 2.4
56.88 97.49 3.94 1.54
25.51 97.62 4.07 2.91
0.1 97.79 1.5 3.05
1.45 97.43 1.49 3.76
0 98.28 -3.52 2.67
0 97.94 -2.23 3.32
0 97.18 2.01 3.9
0 96.63 2.93 2.14
0 95.71 5.48 1.91
0 96.65 3.87 4.54
0.09 97.61 -0.14 2.16
10.96 97.77 -0.56 3.36
0 98.19 -2.45 2.1
0 97.67 -1.59 2.47
2.46 96.16 3.45 4.54
0.8 96.36 -0.05 1.5
0.16 96.88 0.99 1.84
0 96.42 4.29 3.69
0 96.96 3.08 4.57
0 97.36 -2.27 2.19
0 96.99 1.94 2.25
0 97.03 0.03 2.86
0.35 96.35 3.75 2.43
3.14 96.86 -2.84 2.39
30.35 97.51 -6.25 1.31
82.33 97.79 -7.78 2.94
0 98.21 -11.48 2.91
0 97.92 -11.27 3.04
0 97.44 -7.92 2.59
0 97.08 -5.31 2.43
0 96.61 -1.32 4.04
0 97.35 -4.21 4.23
0 97.8 -3.84 1.85
0.04 98.14 -4.18 2.2
3.64 96.96 0.27 3.75
0 97.7 -2.3 3.34
0 97.42 0.33 2.9
0 96.69 3.28 4.25
0 96.67 -0.08 2.18
0.17 97.36 -4.28 3.49
0 96.89 -3.66 3.92
0 97.08 -5.63 1.97
1.32 96.44 -2.43 3.25
0 97.43 -6.98 2.3
0 97.58 -7.44 1.1
0 97.05 -5.23 3.52
3.88 97.24 -3.01 2.26
0 97.88 -7.27 3.48
0 97.86 -9.77 2.69
0 97.81 -8.89 2.78
0 97.08 -4.54 2.88
0 96.99 -3.39 1.26
0 97.15 -3.68 1
0 97.2 -3.41 1.4
0.03 97.55 -2.9 0.94
0.04 97.51 -3.82 2.59
1.53 97.17 -8.78 4.16
0 97.63 -8.88 3.03
0 97.62 -9.3 1.26
0.02 97.35 -4.48 2.92
5.87 98 -8.45 3.12
0 97.96 -11.17 2.09
0 97.62 -8.77 3.52
0 97.88 -9.42 3.21
0 97.35 -7.45 1.83
0 97.22 -6.57 1.43
0 97 -1.9 3.16
0 97.15 -4.06 2.79
0 96.84 -0.98 2.82
0 97.42 -4.45 1.71
0 97.79 -6.32 1.09
0 97.27 -3.8 0.98
5.73 97.25 -3.52 1.94
11.43 96.82 -3.61 2.37
0.01 97.06 -6.56 3.44
0 97.33 -9.14 3.37
0 97.07 -8.7 2.83
0.01 96.78 -9.86 2.86
0 96.9 -9.19 3.54
0 97.9 -10.82 2.14
0.07 97.9 -12.44 1.55
0.01 97.81 -11.92 1.62
0.14 97.59 -9.82 2.05
0 97.9 -10.5 1.65
15.04 97.54 -11.39 3.33
0 97.7 -13.11 2.34
0 97.24 -10.75 4.94
0 97.95 -13.24 2.32
0 98.1 -13.69 1.54
0 98.21 -12.34 1.39
0 97.65 -8.35 2.09
0.02 96.8 -2.57 5.12
0 97.43 -5.79 4.02
0 96.81 -5.14 2.97
0.1 97.56 -9.51 4.73
0 97.99 -9.09 3.62
0 97.36 -5.91 3.2
0 98.13 -7.25 3.35
0 97.51 -5.07 2.21
0 96.94 -3.09 1.97
0.29 96.52 0.61 2.52
0 96.89 -3.42 3.58
0 97.87 -5.67 3.34
0 97.83 -6.93 0.99
0.01 97.58 -7.17 5.61
0.01 97.11 -8.12 5.69
0 97.32 -8.22 4.75
0 97.45 -6.89 2.92
0 97.44 -6.31 1.73
0 97.9 -4.52 2.39
0 97.84 -3.35 2.24
0 96.65 2.62 3.77
6.67 96.85 -1.39 4.63
0 97.57 -6.2 2.88
0 97.02 -4.94 2.69
0 95.83 -1.19 4.37
0 97.62 -6.59 5.61
9.86 97.55 -5.87 2.75
27.1 96.75 -3.07 4.79
0 97.31 -3.45 3.63
0 97.02 -1.49 3.52
0 96.95 -0.46 3.44
0 97.19 -0.46 1.4
0 96.84 2.29 3.23
0 96.75 2.64 3.21
2.81 97.17 -3.28 4.62
0 96.43 -0.72 2.98
0 96.45 0.86 1.93
0.02 96.64 -0.94 2.52
0.12 97.1 -3.73 4.17
0.02 96.84 -6.13 3.49
0 96.84 -3.99 3.86
0 96.33 1.05 3.94
0 96.16 1.37 3.41
0 96.39 4.2 1.97
0 96.61 6.33 2.79
0 97.44 1.39 4.59
0 97.49 1.46 2.99
0 97.46 2.17 3.01
0 97.22 3.36 1.96
0 96.8 4.42 1.56
0.4 96.71 5.9 2.74
0 97.22 6.87 2.24
0.04 97.32 6.78 3.2
0.4 97.31 3.52 3.7
0 97.21 2.33 2.58
0 96.93 3.73 2.43
0.34 97.35 3.46 2.07
5.29 97.08 1.67 1.55
4.07 96.84 3.46 2.03
0.12 96.76 3.63 2.49
0 96.95 4.07 2.87
0 96.78 6.19 2.13
0 96.66 10.49 3.79
0.03 97.45 5.33 2.75
0 97.3 5.79 2.92
0 96.69 6.21 1.76
0 96.7 9.78 2.07
0 96.65 13.47 3.68
0 96.37 16.86 4.24
0.28 96.16 13.26 3.26
1.49 96.11 10.34 3.4
0.36 96.22 11.26 3.16
0 96.88 10.27 4.51
0 96.96 9.9 1.76
0 95.94 13.37 2.9
0 96.45 9.87 4.7
0 96.4 8.73 2.92
0 95.81 12.97 4.76
0 95.33 15.76 3.77
0 95.75 17.63 3.36
0.08 96.11 15.84 2.84
0.74 95 16.74 4.8
0.21 95.17 9.93 5.96
0.89 95.67 8.38 3.73
0.93 95.93 11.49 4.39
0 96.38 10.98 2.44
0.01 95.71 15.08 5.59
0 95.99 11.66 2.96
0 96.25 11.51 3.1
0 96.93 10.29 3.41
0 96.95 11.78 4.96
0 96.09 16.29 5
0 95.54 18.3 3.36
0 95.21 21.48 4.54
0 96.09 18.77 2.79
0 96.55 18.29 2.53
0 96.52 21.11 3.87
0.88 96.47 19.16 5.07
32.3 96.36 15.7 2.84
33.67 96.05 11.94 5.98
0 96.25 12.91 6.59
0 96.11 18.42 4
0 95.8 21.76 2.82
0 95.65 19.95 4.83
0.41 95.53 19.22 3.19
0.03 95.64 17.64 5.07
0 95.57 15.54 4.22
0.51 95.72 14.37 5.48
0.15 96.44 15.36 5.31
0 96.44 17.38 2.38
0 95.69 20.4 1.83
0 95.51 24.16 2.96
0 95.52 28.59 5.22
0.65 95.79 28.32 3.67
0.2 96.07 26.23 3.71
2.21 96.35 19.76 3.72
183.89 96.54 11.42 2.58
0.01 96.36 16.84 2.29
0.01 95.88 20.6 2.27
0.06 96.43 16.61 3.9
0 96.06 18.54 2.39
0 95.72 20.63 2.96
0 95.84 22.94 3.44
33.98 96.27 16.79 2.79
0.4 95.71 20 3.18
35.66 95.17 20.29 3.05
0 95.66 17.56 3.48
69.54 96.04 11.79 1.93
0 96.14 16.25 2.62
0 96.11 21.16 3.27
0 96.3 22 2.47
25.75 96.05 15.9 2.02
1.94 95.7 18.37 2.4
0.25 95.56 23.56 4.53
0 95.62 22.78 4.18
0 96.03 20.37 1.67
24.38 96.19 18.1 1.88
28.89 96.48 18.57 1.9
0 96.49 21.4 2.02
0 95.99 27.73 2.85
0.06 95.73 29.18 2.52
11.81 95.59 28.13 2.88
3.08 95.51 26.42 3.45
47.89 95.52 23.83 4.04
204.53 95.46 20.18 2.08
8.39 95.48 21.1 2.32
0.29 95.63 23.24 2.34
41.76 96.02 19.86 1.46
126.72 95.94 17.93 1.54
7.35 95.66 19.33 1.43
7.62 95.61 20.76 1.45
0 95.77 24.25 1.72
4.71 95.72 25.56 2.5
3.11 95.75 25.97 3.37
0.04 95.66 27.13 3.97
4.79 95.47 27.45 3.53
9.61 95.35 28.11 3.39
110.04 95.55 24.16 2.13
0.24 95.65 25.46 1.94
7.15 95.81 25.78 1.86
148.87 95.99 23.71 1.39
185.68 95.81 23.69 2.62
563.42 94.9 23.64 2.45
17.3 94.9 25.57 4.12
64.17 95.12 23.82 2.05
0.38 94.97 25.18 1.58
0 95.3 26.91 3.26
0.36 95.36 29.2 3.51
12.07 95.16 29.32 4.45
14.1 95.5 26.74 2.9
16.34 95.9 26.11 1.84
0 96 27.43 2.3
0 95.99 28.05 2.66
0.01 95.73 27.82 3.42
33.43 95.45 26.92 3.02
20.14 95.37 25.29 3.41
102.61 96.13 22.05 2.8
13.96 96.16 21.44 1.66
1.53 95.7 23.51 1.06
7.13 95.76 23.87 1.82
0.25 96.04 25 1.64
27.72 95.76 21.78 2.52
0.77 95.86 23.25 2.36
0 96.39 23.63 1.84
0 96 23.72 1.46
9.84 95.57 25.1 2.33
0.04 95.76 25.72 2.14
0.35 95.87 25.75 2.76
19.25 95.58 25.99 2.44
1099.08 94.94 24.35 2.86
7.1 95.37 25.8 1.68
44.88 95.41 25.55 2.23
46.93 95.22 24.12 1.94
4.14 95.29 24.21 2.18
37.52 95.17 23.61 1.69
35.06 95.01 21.1 1.56
2.4 95.12 23.98 1.52
4.11 95.53 25.02 2.72
38.43 95.95 23.62 2.14
0.18 96.07 24.14 1.63
28.8 95.99 22.28 1.82
8.61 95.84 22.53 1.69
251.68 95.91 20.42 1.68
86.66 96.04 20.95 1.65
18.35 96.21 22.01 1.48
18.4 96.26 22.57 1.57
4.24 95.94 22.69 1.95
0.35 95.64 25.38 2.11
94.8 96.05 23.04 2.88
196.83 95.94 20.13 2.38
0.04 95.97 21.48 2.83
0 96.1 19.36 3.97
0 96.46 20.17 2.33
16.36 96.24 17.12 3.8
6.26 96.55 17.06 2.66
0 96.75 15.87 2.81
0 96.42 18.02 1.92
1.3 96.42 18.4 1.83
8.11 96.27 19.61 2.03
10.62 96.36 19.44 2.03
3.13 96.29 20.56 2.95
1.38 96.11 21.43 3.3
0.02 95.9 21.7 3.45
0 95.85 19.99 1.85
0 95.66 21.6 2.65
0.19 96.13 20.19 2.78
2.7 96.27 19.49 1.9
73.61 96.16 18.03 2.36
0.04 96.32 17.42 2.12
0 96.74 16.24 2.49
0 97.02 17.07 1.81
1.26 96.95 19.63 2.58
3.06 96.82 20.09 2.33
0.9 96.34 19.89 2.84
0.02 96.17 17.78 2.15
0 95.59 19.82 3.06
0.09 96.02 17.51 2.82
0 96.46 16.38 2.4
0.33 95.87 19.36 3.12
84.06 95.84 17.28 3.35
0 96.1 18.55 4.18
0.07 96.26 19.78 2.98
14.2 96.33 16.92 2.29
28.34 96.54 13.81 2.19
0.07 96.55 10.96 2.47
0 96.43 10.54 3.15
0 96.26 11.27 1.63
0 96.44 14.15 3.48
0.03 96.51 17.35 4
0 97.3 9.88 2.43
0 97.66 8.7 1.93
0 97.51 9.87 2.51
0 96.82 14.01 3.83
0 96.59 15.47 4.06
0 96.79 14.84 2.02
21.72 97.1 12.83 1.5
223.45 97.67 9.33 3.06
12.32 97.72 6.36 3.66
0.28 97.57 5.25 2.84
0.92 97.22 5.24 2.36
0 97.08 7.51 3.19
0.01 97.69 5.9 1.41
36.45 97.75 6.56 1.92
0.08 98.07 5.89 1.36
0 97.83 7.11 1.72
1.63 97.2 9.56 2.45
0.02 96.95 9.87 1.15
0 96.68 11.63 2.91
0.01 97.33 8.81 2.39
2.17 97.46 4.82 2.07
0.04 97.45 5.59 2.21
0 97.3 6.95 2.28
0 97.32 9.19 1.61
0 96.74 11.02 1.82
0.01 96.61 10.96 1.89
0 97.36 8.71 4.14
0 97.97 2.6 3.16
0 97.46 5.32 2.46
0 96.6 9.14 3.87
