1.24 95.84 -16.91 1.78
0.02 96.48 -18.18 1.87
15.04 96.37 -20.07 1.58
6.11 96.54 -18.51 3.67
0 96.84 -19.3 3.05
0.02 97.05 -18.94 2.54
0.19 97.14 -17.26 1.81
14.14 96.54 -16.03 1.38
6.97 96.7 -16.05 1.57
0 96.97 -15.59 1.37
0 96.94 -16.59 3.23
0 96.36 -18.84 3.68
0 96.37 -16.09 3.27
0.67 96.23 -16.49 1.48
0 97.31 -15.48 1.57
0 96.88 -14.8 1.08
0 96.52 -11.26 1.29
0.02 96.41 -6.28 1.82
0 95.89 0.26 3.79
0.06 97.16 -10.19 5.07
0 97.06 -13.59 2.71
0 96.74 -11.34 3.5
0 96.21 -8.24 3.09
0 95.62 -9.07 3.84
0 96.63 -9.32 3.85
0 108.55 -4.65 3.42
2.58 95.56 -4.13 3.48
0.01 96.16 -10.95 4.05
0 95.71 -5.44 4.24
0 95.81 -5.56 2.14
0 96.43 -9.81 1.91
0.2 96.61 -12.06 1.96
0 96.61 -15.44 2.22
0 96.53 -13.9 2.68
0 96.51 -14.49 2.22
0 96.85 -14.08 1.62
0.01 96.75 -11.94 2.4
3.11 95.74 -3.44 3.05
0 95.88 -5.05 2.15
0 96.52 -8 2.51
0 97.11 -10.99 3.75
0 97.53 -12.7 4.55
0 97.25 -11.95 2.26
0.04 96.59 -10.66 2.15
0 97.01 -10.92 2.57
0 97.19 -13.23 1.98
0 96.72 -10.77 1.99
0.01 96.28 -9.04 2.87
0 96.09 -8.61 2.76
0 95.57 -4.54 1.78
0 95.48 -7.72 1.75
0 95.58 -6.59 1.95
0 95.6 -4.99 2.79
0 94.57 0.02 2.58
5.48 94.93 -3.12 2.03
0 96.01 -6.79 2.35
0.19 96.19 -6.06 1.68
2.84 95.88 -6.91 2.32
1.37 96.47 -7.97 2.64
0.11 96.17 -8.45 1.99
0.29 95.87 -4.39 3.45
0 95.91 -1.73 3.54
24.95 95.54 -2.23 2.9
5.5 96.65 -9.97 3.51
0 97.36 -11.71 2.15
0.01 97.62 -12.43 2
1.88 97.92 -10.29 3.09
0.01 97.1 -9.58 2.58
0 95.71 -3.59 2.74
0.21 94.64 2.41 4.55
1.08 95.81 -5.09 4.84
0 96.46 -3.33 2.24
31.82 95.85 -1.18 2.08
1.7 95.8 -3.04 5.48
0.04 96.3 -5.11 2.71
0 96.7 -6.13 2.42
0 95.68 -2.76 2.84
0.31 94.31 3.48 2.77
37.03 94.96 -1.2 4.09
0 95.31 -0.02 3.17
0.08 95.27 3.62 4.27
0 95.98 2.22 2.93
0 96.54 -0.97 2.89
0.04 96.53 -3.82 3.69
0.61 96.06 -3.36 2.15
1.14 96.63 -2.74 2.16
0 96.52 2.54 1.64
0.06 96.3 5.33 2.31
4.73 95.67 8.84 4.69
2.19 95.39 7.37 4.86
0 95.83 1.95 5.69
0 95.89 -0.36 4.16
0 95.53 4.54 4.59
0 95.27 8.45 3.9
3.98 95.92 2.86 2.48
0.01 96.54 1.52 2.6
0 95.95 7.32 3.98
0.52 94.76 11.59 6.4
24.9 95.62 1.84 2.88
0 95.88 3.06 3.47
1.49 95.86 1.33 2.16
41.29 95.65 -0.16 3.68
0.08 96.39 -1.02 5.52
0 96.54 1.54 2.47
0.14 95.88 4.01 3.16
10.01 96.14 2.88 1.61
0 96.1 5.23 3.49
14.6 95.41 9.57 3.26
40.46 95.9 7.87 2.21
0.14 96.24 8.2 2.01
0.1 96.49 9.68 2.31
0.57 96.24 9.01 2.65
0.14 96.13 8.16 1.94
0 95.71 12.68 2.84
2.12 95.47 13.63 4.5
40.9 95.35 4.42 3.48
27.73 94.93 2.38 3.29
0.16 95.03 4.87 6.57
5.01 95.19 6.63 5.3
7.36 95.44 11.42 2.83
0 94.9 16.76 2.11
0 94.63 18.25 4.68
0.39 95.19 16.06 2.25
3.36 94.72 111.07 3.25
245.02 94.33 9.77 3.58
14.12 94.77 12.58 4.86
18.98 94.84 11.27 2.02
2.07 95.08 14.61 2.6
49.01 94.86 10.74 3.2
12.1 94.76 9.6 2.6
5.87 95.79 9.71 2.57
0 96.05 13.21 1.74
0 96.01 15.79 1.91
6.74 95.56 17.36 3.37
7.63 95.44 20.09 2.39
0.83 95.65 19.13 2.89
28.09 95.19 16.74 3.09
143.28 94.3 12.13 3.14
1.05 93.97 17.91 4.82
0 94.82 22.06 2.62
0 94.97 24.84 3.03
0.28 95 22.4 2.19
1.04 94.67 21.29 2.78
11.85 94.87 17.24 4.3
1.1 95.46 21.06 3.59
0.12 95.9 21.46 2.23
4.21 95.83 19.3 2.2
93.1 95.25 15.45 2.93
60.92 94.85 16.36 2.29
54.17 95.33 14.84 2.06
9.96 95.91 16.34 1.43
1.85 95.82 18.47 1.67
0.46 95.94 19.23 1.66
0 95.98 21.29 1.74
0.01 95.77 22.04 2.1
0 95.46 23.29 2.25
0 95.48 23.25 2.63
0 95.55 24.5 3.3
0 95.67 24.78 3.18
0 95.76 25.24 2.45
1.29 95.66 22.25 2.2
0.04 95.39 21.64 3.1
0.39 95.06 22.83 2.07
16.86 94.79 23.18 3.22
61.65 94.68 22.14 2.8
1.34 94.58 23.09 2.57
8.59 94.69 23.72 1.7
70.95 94.77 21.49 2.15
11.15 94.84 21.14 2.14
1.65 94.93 23.16 1.58
0.15 95.31 22.72 3
0.02 94.92 22.66 2.34
14.44 95.25 20.02 2.15
0 95.32 23.22 1.56
0 95.2 25.15 1.74
0 95.19 26.37 2.29
0 95.13 25.84 1.97
22.22 94.94 22.3 1.77
53.99 94.87 22.01 1.39
0.22 94.92 23.78 1.38
0.07 94.7 24.82 1.6
94.22 94.61 22.04 2.28
3.23 94.62 25.01 1.47
0.04 94.63 27.66 1.53
6.1 94.6 26.69 2.71
0 94.59 26.22 3.29
0.03 94.76 24.72 2.63
17.38 95.06 20.66 2.16
5.03 95.24 22.2 2.07
0.99 95.21 22.11 2.11
72.75 95.02 20.78 1.95
69.68 95 20.81 1.46
169.97 95.27 20.22 1.27
5.15 95.5 22.46 1.18
0 95.43 24.24 2.01
65.59 94.98 22.81 2.62
5.93 94.76 24.75 3.29
1.04 94.99 25.89 2.27
2.81 94.96 27.03 2.4
11.34 95.03 25.64 2.79
215.68 94.98 23.59 2.04
1.45 95.22 24.48 1.61
2.97 95.32 25.81 1.59
3.03 95.36 26.77 1.65
3.57 95.47 27.5 1.51
0.48 95.32 27.62 2.21
10.96 95.21 27.68 2.06
12.37 94.88 26.75 2.3
111.85 94.49 25.65 2.81
9.73 94.51 22.56 1.39
29.38 94.46 25.76 1.45
126.63 94.78 22.45 2.15
0 95.39 21.43 2.37
0.02 95.29 22.81 1.67
7.84 94.55 24.67 2.87
53.22 94.76 23.64 2.04
132.44 95.17 22.15 3.3
0 95.93 20.81 1.88
21.56 95.57 20.65 1.58
131.22 94.84 22.34 2.63
21.51 94.92 22.37 2.44
0 95.13 21.77 1.98
0 94.85 24.85 2.56
28.22 94.59 24.36 1.77
3.55 94.47 25.57 2.19
24.26 94.37 23.84 2.92
0 94.87 22.1 3.02
0 95.24 22.83 1.63
27.43 95.25 23 2.59
7.93 95.43 23.37 2.86
113.27 95.58 22.24 2.17
1.46 95.88 22.84 1.89
155.43 95.79 18.69 1.5
65.21 95.73 18.99 1.35
1.27 95.73 19.97 1.47
0 95.65 22.52 1.93
0.08 95.9 21.56 1.55
1.34 96.1 21.69 1.69
0 95.8 20.9 1.71
2.02 95.6 20.56 1.4
26.11 95.2 20.98 1.69
10.27 95.33 20.85 1.88
0.68 95.38 21.48 1.93
25.45 95.89 20.32 1.51
3.97 96.02 20.88 1.51
0.04 95.9 19.99 1.09
0 95.61 20 1.76
0 95.39 22.43 1.69
1.53 95.61 23.39 1.69
0 96.17 17.87 1.83
0 95.98 17.17 1.38
1.55 95.54 17.72 1.31
14.33 95.18 18.71 1.81
0.39 95.43 19.3 1.38
0 95.56 20.51 1.11
1.5 95.62 22.31 1.51
0 95.72 22.21 1.5
4.3 95.51 21.58 2.42
126.15 95.93 14.84 2.43
282.5 96.03 9.49 2.12
139.69 95.87 12.56 1.34
0 95.59 16.28 1.64
40.44 95.84 14.63 2.23
190.23 96.46 9.88 2.85
0 96.34 9.82 2.04
0 96.15 12.63 1.54
0.49 95.87 14.61 1.64
14.63 95.61 15.72 2.88
0.31 95.81 12.79 2.35
0 95.76 10.67 4.7
0 96.6 8.73 3.03
0 96.2 9.91 1.46
0.04 95.87 15.05 1.89
0.98 96.25 12.41 1.41
305.71 95.98 7.74 2.5
90.72 95.89 7.49 3.16
0 96.01 9.69 2.09
0 95.62 13.48 1.5
0 95.49 17.02 2.24
0 95.64 18.24 3.13
0 95.59 17.54 2.82
0 95.13 17.14 3.02
26.43 95.78 10.69 2.53
124.68 96.19 5.12 2.4
0 96.27 8.18 1.76
0 95.83 9.93 1.68
0 96.01 8.36 2.98
0 95.55 7.46 3.02
0 96.39 2.33 3.13
0 96.96 0.51 1.36
15.39 96.91 -0.11 1.28
43.32 96.93 1.31 1.23
0 96.78 2.38 1.36
0 96.26 3.58 1.39
0 95.93 8.57 1.91
5.84 96.13 8.93 2.87
2.89 96.67 3.51 3.98
0 97.02 0.09 4.39
0 97.69 -1.46 2.96
0 96.86 0.68 2.03
0 96.72 4.83 2.35
0 96.71 6.28 1.87
0 96.77 6.23 1.86
0 96.59 6.46 2.33
0 97.13 2.24 3.65
0 96.67 1.71 1.99
0 96.24 5.43 2.16
0 96.32 4.94 1.42
0 96 7.07 1.99
0 95.71 7.27 1.89
8.41 95.88 3.54 2.79
0.33 96.39 0.29 3.75
0 96.08 -1.26 1.52
0 95.66 -0.32 1.41
46.76 95.08 0.3 3.84
2.31 95.56 -0.59 2.39
1.67 96.53 -1.34 3.51
0 97.52 -4.87 2.49
0.03 96.86 -3.23 2.47
0 96.21 0.01 1.74
0 96.12 1.34 2.3
0 95.77 5.23 3.87
0 95.32 3.68 2.48
0 95.09 6.01 2.14
0.21 95.23 2.21 4.8
0 96.03 -3.05 2.38
0 95.89 -2.11 2.2
0.01 96.07 -1.91 4.27
0 96.4 -6.84 2.32
0.52 95.57 -6.79 1.86
0 95.87 -7.18 6.26
0.55 96.11 -8.3 1.8
0.37 96.02 -7.82 1.22
0 95.59 -3.47 2.06
0.08 95.21 -4.01 2.17
0.07 95.78 -8.44 3.5
0 95.88 -6 2.47
0 94.81 1.32 2.2
0 96.24 -3.62 3.69
0 96.77 -6.29 3.32
0 95.51 -6.1 2.28
0 95.48 -7.52 1.75
0 95.01 -6.21 2.03
1.75 94.83 -8.86 4.33
0 95.88 -13.02 1.87
2.08 96.26 -14.69 2.55
0.13 96.97 -16.1 2.79
0 96.82 -16.33 4.01
0 96.51 -15.21 4.07
0 95.21 -9.62 2.88
0 95.08 -6.9 1.61
0 95.11 -4.16 1.99
0 95.37 -3.87 2.4
0 95.64 -1.84 1.83
0 95.42 -8 1.49
0.3 95.98 -11.36 2.96
0 97.24 -17.14 3.75
0 97.19 -16.19 3.75
0 96.29 -15.36 3.55
0 95.18 -11.91 3.48
0 94.86 -10.09 2.23
0 95.49 -11.87 3.95
1.66 95.77 -12.84 2.16
0.03 95.9 -12.48 5.41
0.5 96.42 -11.46 6.08
0 97.03 -11.13 3.52
0 97.2 -12.07 3.07
0 96.82 -13.12 1.19
0.01 96.42 -12.93 1.91
0.02 96.54 -11.54 4.86
0 97.15 -10.37 3.83
0.01 96.48 -7.94 2.07
0.19 96.36 -9.51 3.52
0 96.91 -13.11 3.62
0 96.17 -10.92 2.35
0 95.72 -11.93 3.79
0 95.9 -13.79 1.85
0.01 95.88 -11.67 2.57
0.03 96.91 -15.11 2.74
0 97.33 -17.59 3.8
0 97.13 -15.33 2.53
0 96.95 -14.33 2.94
0 96.66 -14.25 2.86
0 96.63 -14.61 2.98
0 96.54 -12.97 2.32
0 96.36 -12.93 1.74
0 96.36 -13.75 2.99
0.04 96.64 -14.36 3.61
0.01 96.81 -14.38 2.34
0.09 96.98 -15.13 2.56
0 97.41 -15.83 1.72
0 97.69 -14.45 2.34
0.02 97.23 -14.74 2.97
0 96.92 -14.37 3.71
0 96.69 -11.06 2.98
0 96.25 -3.46 3.04
0 95.97 -4.43 1.63
0 95.94 -8.14 1.41
0 95.77 -5.99 2.08
0 96.06 -6.09 2.35
0.03 95.2 -3.41 4.5
0.08 95.78 -2.92 2.89
0 95.54 -6.79 2.01
1.52 95.64 -7.48 3.13
0.1 96.45 -10.46 1.93
0.78 96.47 -10.42 1.22
0.86 96.71 -13.45 3.69
0 96.84 -12.41 2.37
0.12 96.76 -11.77 2.26
0.08 96.69 -11.76 1.74
0 95.95 -4.54 2.52
1.38 95.96 -5.54 1.48
3.41 96.37 -5.04 2.58
0 96.33 -4.47 2
0 96.18 -0.13 2.45
0 96.52 -1.04 1.86
0 96.12 1.16 2.09
0 95.6 2.55 3.91
3.49 95.46 1.13 2.33
0.6 96.2 -4.1 2.66
0 96.85 -5.3 1.85
6.95 96.24 -2.25 4.18
0.43 97.04 -8.93 3.67
0.1 96.53 -8.04 3.84
0 96.2 -6.46 2.85
0 96.2 -6.73 2.52
0 96.31 -4.48 2.71
0 95.96 -1.31 1.79
0.17 95.46 1.06 2.57
0 96.26 -1.4 4.14
0 95.98 -1.16 4.29
0 96.04 -3.22 5.22
0 96.39 -1.62 3.83
0 96.11 0.04 3.2
0 95.51 2.44 3.2
0 94.8 6.84 2.2
0.02 95.52 1.77 4.62
0 96.69 -2.15 4.03
0 96.37 -4.48 5
0 96.14 -3.31 3.32
0 95.52 3.33 3.52
0 95.16 5.15 4.82
0 95.61 1.82 3.36
0 95.82 0.11 2.17
0.83 96.39 -2.96 3.7
0 96.49 -2.35 3.25
0 96.22 -1.99 2.46
0 96.34 -1.98 4.53
0 100.76 -0.22 2.83
0 100.72 1.37 3.01
0 100.56 3.15 3.22
0 100.83 2.95 1.93
0 100.47 7.5 3.54
0 100.18 8.1 1.94
0 99.75 9.78 3.84
0 101.05 2.78 4.41
0 100.99 2.43 2.56
0 100.52 5.99 2.51
0 100.44 7.77 1.53
0 96 10.35 3.3
0.11 95.26 11.04 4.84
1.94 95.63 7.98 3.86
0 95.62 8.71 4
0 95.47 9.15 4.18
1.41 96.14 5.89 3.1
0 95.82 9.22 3.12
0 95.18 15.05 3.53
0 95.31 14.06 1.88
0.06 94.55 16.02 2.83
0 95.41 10.73 4.9
0 95.14 12.38 4.06
3.54 95.13 8.27 6.82
1.35 95.8 7.13 4.98
0 95.65 10.03 2.41
0 95.08 13.71 4.15
37.97 95.84 8.05 2.36
3.67 95.7 6.87 1.96
8.88 95.43 5.82 2.82
2.2 94.98 7.19 4.15
0.12 94.59 9.02 1.99
6.27 94.63 9.22 2.93
4.49 95.29 7.88 2.84
0 94.81 9.79 1.81
40.11 94.2 8.37 1.61
8.18 94.11 10.03 2.61
1.52 95.01 13.36 4.04
0.47 95.27 11.47 3.91
0 95.6 12.97 3.07
1.4 95.19 13.38 3.42
115.86 94.41 9.64 3.14
0.11 94.41 11.14 3.29
0.02 94.94 13.47 3.04
1.22 94.94 15.45 3.95
18.85 94.71 16.77 2.99
0 94.98 18.36 1.97
0.26 94.63 17.09 4.88
0.47 94.53 13.73 6.31
0 94.73 15.97 6.59
0 94.9 16.31 4.17
0 95.46 13.61 3.84
0 95.43 14.58 2.21
0.01 94.37 17.31 2.79
18.61 94.11 18.39 4.1
12.42 95.26 14.12 3.2
0.9 95.36 12.42 3.67
0.44 95.25 13.08 3.99
0 95.1 17.73 2.64
0 95.25 18.44 2.75
0 95.37 20.74 2.85
5.2 95.26 21.03 4.7
9.31 95.2 19.25 4.74
0.02 95.01 20.95 3.49
1.14 94.82 24.41 6.15
9.96 94.95 22.58 2.57
66.66 94.54 18.65 2.87
12.22 94.46 17.31 2.99
0.03 94.9 19.72 2.58
3.98 94.6 20.97 4.74
5.67 94.72 19.01 4.01
1.01 94.99 19.82 2.12
0.83 94.84 23.42 2.11
19.77 94.22 24.96 3.28
15.25 93.98 21.94 2.78
23.21 94.22 21.66 2.15
0 94.62 22.77 3.03
29.28 94.6 20.94 2.11
268.77 94.76 16.59 2.32
12.56 94.93 19.62 2.22
14.04 94.97 21.23 1.58
49.43 94.79 19.77 1.99
62.3 94.76 18.39 2.09
126.71 94.97 17.19 1.65
0.56 95.1 20.21 1.39
0 95.02 23.42 1.35
0 94.85 25.84 2.32
0.09 94.55 27.3 3.04
0 94.49 27.17 2.7
10.1 94.3 22.05 2.56
78.39 94.57 16.67 2.59
0.91 95.23 19.8 2.35
0 95.59 20.99 1.66
8.51 95.01 21.75 2.83
15.71 94.3 22.48 2.38
4.35 94.46 24.67 2.63
0.04 94.61 25.06 3.59
22.27 94.54 23.29 2.87
87.11 94.63 21.8 1.83
0.44 94.51 23.58 2.56
0 94.62 24.16 2.5
0 94.75 25.26 2.16
24.64 94.25 23.14 2.66
1.34 93.93 25.28 3.24
76.95 94.07 18.4 1.46
39.95 94.13 18.52 2.6
4.55 94.78 21.57 1.89
15.97 94.96 23.27 2.28
16.88 95.02 23.99 2.25
5.83 95.04 23.76 2.41
1.47 94.86 24.04 1.72
81.35 94.98 22.05 1.88
11.59 94.95 22.9 1.49
34.17 94.83 22.2 1.83
39.15 94.88 21.48 1.49
38.88 94.94 22.35 1.11
236.23 94.79 21 1.43
84.56 94.71 21.41 1.88
77.79 94.63 22.32 2.17
17.72 94.58 23.56 1.95
0.23 94.67 25.11 1.59
27.82 94.66 25.38 2.48
344.87 94.48 22.63 2.52
119.68 94.39 22.57 2.23
7.88 94.6 23.07 2.31
1.33 94.81 24.64 1.77
37.75 94.99 22.69 1.49
105.72 94.64 21.39 1.72
0.03 94.7 23.4 1.58
0.52 94.83 24.39 2.32
0.6 95.2 23.29 1.91
0.08 94.81 23.74 2.2
0 94.77 23.72 2.14
0.03 94.98 24.33 1.77
6.37 94.97 23.55 1.47
10.65 94.99 23.91 1.7
16.24 94.62 23.79 1.55
11.54 94.71 25.35 2.09
0 95.13 24.64 1.55
0 94.98 25.27 1.44
0 94.69 25.89 1.85
46 94.46 25.26 1.97
61.29 94.84 20.98 1.77
201.16 94.89 18.83 1.48
20.37 94.89 21.53 1.59
19.84 95.05 21.02 1.24
0.14 95.3 21.52 1.46
0.25 95.45 22.13 1.27
0 95.44 23.45 1.44
0.85 95.33 23.25 1.85
26.81 95.57 21.32 1.79
0 95.56 20.51 1.3
14.74 95.53 20.55 1.45
3.05 95.75 20.55 1.5
0.32 95.83 21.74 1.84
17.28 95.62 20.13 1.94
12.33 95.29 20.94 1.43
1.26 95.19 22.44 1.41
0 95.11 23.5 1.5
22.17 94.87 22.57 2.97
0.92 95.41 19.09 1.49
0 95.22 19.93 1.67
2.34 95.75 17.87 1.69
0.22 95.68 18.64 1.31
0 95.73 17.95 1.11
0 95.26 19.27 1.29
24.98 94.9 18.47 3.03
2.53 95.56 13.6 2.02
0.1 96.1 13.2 2.07
2.53 96.34 14.22 2.07
8.09 95.81 17.07 1.96
0.21 95.53 17.91 2.54
0.05 95.09 20.48 2.98
34.77 95.23 17.11 2.02
10 95.48 14.19 1.72
40.28 95.81 12.55 2.57
0 96.2 9.68 2.37
0 96.62 9.76 2.25
0 96.44 10.46 1.44
0 96.09 11.77 1.58
0 95.68 13.15 1.49
0 95.79 14.11 1.95
0 95.67 14.68 1.69
0 95.38 17.09 2.65
0.11 95.69 17.3 1.62
0.1 95.83 18.27 2.67
0.03 95.65 18.77 2.64
4.6 95.52 15.05 2.39
0.27 96 8.73 2.84
0 96.49 6.81 2.6
0 96.53 7.62 2.98
0 96.98 8.3 2.9
0 96.63 9.47 1.37
0 95.94 11.31 2.01
0 95.36 12.95 3.8
0 95.97 10.26 2.72
0 95.96 10.46 1.46
0 95.69 14.01 2.45
0.07 96.14 13.55 3.11
0 96.66 9.26 1.36
0 96.35 12.1 1.88
0 95.77 14.27 1.41
71.91 95.23 11.1 1.7
5.86 95.15 9.38 1.86
1.5 94.75 9.15 2.47
1.69 95.26 8.99 4.43
0 96.29 4.93 2.35
0 96.34 8.38 1.59
0 96.11 11.12 2.5
0.01 95.93 14.72 3.47
0 95.89 13.82 2.12
0.29 95.82 10.63 1.35
36.32 96.38 4.95 4.06
0.02 96.69 2.98 3.53
0 96.7 4.48 1.96
0 96.27 6.14 1.67
0.81 96.12 7.48 2.16
0 96.41 6.57 1.53
0 96.05 6.79 1.47
0 95.83 9.65 3.34
0 96.02 10.71 3.81
1.82 96.25 11.7 2.66
0.11 96.88 5.05 1.62
0.82 96.55 7.2 1.77
4.06 96.3 9.92 3.11
0.28 97.03 3.15 2.89
0.04 96.87 1.67 1.35
0 96.78 3.28 1.93
0 96.76 2.78 1.57
0 96.55 1.91 1.33
0 95.91 2.28 1.33
0 95.3 4.28 2.09
0 95.58 5.7 3.44
0.08 96.41 -1.73 2.87
0 96.53 -4.75 1.47
0 96.58 -4.02 1.51
0 96.8 -1.72 1.73
39.05 96.13 -0.21 1.1
6.98 95.94 -1.12 3.05
0.8 96.13 -5.19 3.28
0 96.6 -6.35 2.5
0 96.61 -4.66 1.75
18.65 96.25 -6 2.22
0.71 96.83 -7.76 3.29
0 96.57 -9.1 1
0.07 96.54 -7.34 1.4
1.11 95.84 -0.53 1.62
0 95.94 -1.99 1.21
0 96.81 -4.05 2.73
0 97.36 -8.74 1.64
0 97.63 -8.14 2.23
0.09 96.88 -8.18 1.03
0.02 96.17 -5.91 1.07
0 96.37 -6.64 1.57
0 96.72 -8.37 1.32
0.73 96.96 -9.3 0.78
0.81 96.9 -6.54 0.88
0.62 97.19 -7.66 3.15
0.02 97.49 -11.62 4
0 97.08 -10.84 3.43
0.01 96.21 -6.47 3.97
0 96.27 -3.65 2.55
0 96.76 -7.22 1.44
0.01 96.04 -3.5 3.23
0 96.75 -8.91 4.57
0 96.98 -12.57 3.81
0 97.09 -11.88 3.71
0 96.85 -10.26 2.51
0 96.9 -10.36 2.23
0 96.83 -11.68 0.95
0 96.46 -10.55 2.18
0 96.41 -9.78 3.45
0 96.68 -11.72 2.18
0 96.19 -9.86 2.68
0 96.4 -13.53 1.41
0 96.9 -13.44 1.28
0 97.15 -12.5 1.35
0 96.64 -8.49 1.51
0 97.07 -11.43 1.87
0 97.4 -15.21 1.25
0.08 96.83 -13.04 1.1
0.01 96.62 -9.94 2.25
0.47 97.02 -11.61 2.13
0.66 96.44 -11.99 2.27
0.27 96.59 -12.35 4.09
0 96.81 -11.83 2.52
0 96.62 -12.21 1.97
0 97.45 -14.65 1.43
0.11 97.34 -15.51 1.11
0 96.9 -12.89 1.34
0 96.88 -13.91 1.04
0.12 96.92 -13.55 2.83
0 96.99 -12.7 2.85
0 96.11 -7.6 2.8
0 96.36 -9.67 2
0 96.29 -9.54 2.04
0 96.03 -10.8 1.17
0.05 95.88 -9.92 1.14
0.06 96.09 -12.33 0.9
0 96.24 -11.67 1.23
0 96.7 -12.3 1.1
0.01 97.38 -14.11 3.68
0 97.24 -17.96 2.81
0 96.88 -17.65 2.86
0 96.36 -17.58 2.24
0 96.2 -16.75 2.32
0 95.8 -14.69 2.41
0 95.93 -13.99 1.88
0 96.47 -15.42 1.59
0 96.68 -15.29 1.65
0 97.08 -15.88 1.87
0.04 96.72 -17.93 1.21
0.23 96.21 -16.6 3.39
0 97.01 -17.39 4.36
0 96.98 -15.37 3.1
0 95.99 -13.24 2.72
0 96.07 -10.08 2.43
0.12 95.51 -6.87 1.97
0.03 96.14 -12.41 5.1
0 96.36 -15.46 4.58
0 95.92 -12.54 4.42
0 96.11 -10.49 2.92
0 96.47 -11.52 2.53
0 96.51 -11.49 1.77
0 96.19 -8.7 2.37
0.03 95.92 -4.57 2.06
0.27 96.49 -9.01 3.1
0 96.44 -10.77 2.73
0.04 96.52 -11.33 3.59
0 96.64 -12.52 4.76
0 96.54 -9.8 3.28
0 95.92 -5.96 2.67
0 96.09 -8.33 1.96
0 95.87 -9.99 1.14
18.47 95.46 -7.87 2.75
0 96.39 -7.3 2.48
5.94 96.25 -6.41 2.32
0.08 96.7 -8.33 3.34
0 96.65 -8.52 2.08
0 96.11 -6.4 1.7
0 95.7 -1.54 2.65
0 95.89 -0.47 1.98
5.78 96.47 -3.78 1.74
0.35 96.67 -7.41 1.91
0.28 96.63 -6.2 1.61
0.07 96 -2.13 1.71
33.88 95.28 -3.31 1.4
34.45 95.3 -4.29 2.54
0.03 95.94 -4.96 3.16
0 96.69 -7.92 3.24
0 96.42 -8.94 1.79
0.19 96.27 -8.21 4.58
0 96.73 -7.51 3.77
0 96.42 -6.04 1.96
0 95.74 -1.81 2.95
0 96.31 -1.1 2.01
0 95.89 2.77 3.41
4.13 94.98 5.67 3.96
9.3 95.74 -3.37 3.68
7.18 96.55 -8.08 2.72
0 96.27 -2.14 2.49
0 96.22 -0.41 1.82
0 95.56 4.72 3.97
0 96.17 2.48 1.74
7.15 95.26 1.13 3.99
0 95.66 0.08 5.64
0 96.15 0.31 3.62
0 95.81 4.95 2.59
0 96.01 8.56 3.25
0 96.19 9.24 3.43
0.27 95.15 10.24 7.73
0.51 95.83 1.66 4.64
0.25 95.84 -0.34 4.74
0 95.9 -0.64 1.82
3.61 95.75 1.41 2.58
0 95.34 4.29 4.06
0 95.16 4.49 4.98
0 95.42 3.89 4.62
0.11 95.83 3.33 2.68
0 95.32 9.57 3.82
0 95.4 10.68 4.77
0 95.31 13.07 3.62
7.23 95.06 13.71 5.54
4.25 95.41 8.21 4.78
0 94.85 12.01 3.43
0 94.69 14.42 3.65
0 94.73 14.79 3.35
0.97 95.36 9.41 3.7
0 95.65 9.12 2.69
0 94.68 16.14 3.64
0 94.73 18.58 3.88
1.25 95.17 14.89 4.85
35.3 95.7 13.25 2.92
1.85 95.13 12.71 2.4
0.37 94.47 14.13 1.87
0.6 94.41 17.77 4.02
170.01 94.92 12.55 2.49
78.29 94.86 9.47 4.31
0 94.26 11.09 3.87
0.11 93.93 11.64 7.4
0 95.21 9.76 3.73
0 95.22 12.51 2.73
0.8 94.88 17.81 3.74
0.37 95.52 16.4 2.43
16.88 95 16.77 2.03
0 95.04 20.77 2.4
0.66 95.22 19.77 2.43
0 95.26 17.89 3.84
0 94.9 17.18 2.54
0.79 94.89 16.91 2.1
0 95.11 18.35 2.24
0.05 95.35 20.41 2.56
10.22 95.6 19.61 2.56
64.62 95.62 15.09 1.64
27.12 95.12 13.67 2.42
20.97 94.88 11.78 2.91
4.4 94.82 12.42 4.02
0.01 94.56 12.66 3
7.78 94.31 12.45 4.79
0.1 94.79 15.96 1.76
0 94.65 22.36 3.75
11.22 95.26 19.86 3.12
4.56 95.61 19.01 2.19
0.12 95.43 20.9 4.05
4.17 95.16 19.79 3.71
5.35 95.28 17.64 3.37
0 95.29 17.02 3.06
0 95.07 18.23 2.48
0 94.73 19.96 2.45
0 95.21 20.51 2.15
0 95.31 23.05 2.16
8.64 95.33 19.99 2.64
56.05 95.74 15.01 3.06
0.18 95.83 17.14 1.68
11.87 95.4 17.35 3.46
24.05 95.14 16.75 2.67
89.41 94.93 15.75 2.19
14.53 94.6 18.47 3.03
2.02 94.8 20.66 2.28
5.92 94.36 20.69 2.56
18.75 94.23 22.12 2.5
39.71 94.22 21.99 2.35
60.84 94.09 21.2 3.08
14.81 94.23 17.49 2.7
2.14 93.93 16.87 3.4
12.02 94.05 16.57 1.99
106.77 94.69 14.29 1.67
352.08 94.91 14.72 2.29
201.12 94.89 15.78 2.76
5.99 94.75 19.44 1.58
9.8 94.65 22 1.53
9.97 94.86 21.46 1.77
35.68 94.6 21.83 1.37
9.13 94.63 22.62 1.86
2.62 94.79 22.47 1.38
69.2 94.77 20.74 1.59
1.06 94.51 22.27 2.16
39.52 94.52 22.44 3.07
25 94.89 21.27 2.51
13.98 95.27 22.81 2.4
1.45 95.43 23.12 1.74
3.56 95.15 21.23 2.6
61.21 94.73 21.28 2.32
0 94.56 23.86 2.04
3.96 94.19 24.44 3.68
5.39 94.2 22.6 3.37
0.99 94.19 22.49 2.96
0.11 94.57 23.27 1.63
1.08 94.71 23.04 1.8
0.64 94.59 24.12 1.56
17.96 94.57 24.62 2.22
81.08 94.56 25.27 2.4
26.9 94.62 24.79 2.23
202.71 94.23 20.92 1.73
57.12 93.98 19.3 2.64
104.46 94.38 19.25 3
19.1 94.89 21.31 2.9
0 94.9 21.45 1.48
0 94.92 22.79 1.51
0 95.17 24.59 1.36
0 95.27 24.93 2.07
0.19 95.1 24.67 2.14
2.11 94.95 24.74 1.52
8.92 94.88 24.9 1.81
47.25 94.82 23.68 1.58
478.11 94.4 21.98 3.52
0 94.88 23.47 1.54
0 95.09 24 1.95
5.99 95 24.65 2.61
92.61 94.61 25.46 3.25
1.79 95.01 24.04 1.56
115.84 94.56 23.06 2.66
20.43 94.22 23.87 3.64
0.31 94.89 22.32 1.72
64.36 95.22 20.23 1.48
140.08 95.36 19.26 1.57
173.15 95.29 20.03 1.46
21.52 95.33 21.68 1.68
150.84 95.36 21.86 1.67
0 95.53 23.49 1.23
0 95.36 24.18 1.32
0 94.97 25.57 1.94
13.36 94.86 25.12 1.97
8.01 95.16 23.77 1.4
0 95.03 23.92 1.67
21.35 95.13 20.26 2.2
30.06 95.14 18.09 2
0.9 95.24 20.07 1.64
2.74 94.93 19.29 1.95
2.68 95 21.34 1.7
0 95.34 22.25 2.02
0.09 94.9 23.34 3.07
74.04 94.95 22.98 2.31
3.96 95.04 21.27 1.34
17.14 95.02 20.32 2.32
7.88 95.63 16.53 1.69
0.06 95.77 16.75 1.94
0 95.5 20.51 2.6
0 95.45 22.17 2.31
0.25 95.3 22.58 2.29
1.84 95.36 21.47 1.36
14.31 95.25 21.34 1.65
0.95 94.79 22.52 1.92
1.2 94.92 23.52 2.69
0 95.15 24.81 2.11
0 95.27 25.58 2.25
0.65 95.32 24.83 2
205.07 95.29 17.1 3.07
44.14 95.66 13.64 2.9
0.57 95.68 13.22 1.67
1.92 95.78 16.05 1.95
0 95.7 19.71 2.14
25.33 95.84 18.41 1.66
1.6 95.75 17.36 1.17
0 95.67 18.64 1.21
0 95.59 20.66 1.8
33.07 95.27 19.61 2.07
83.53 95.28 13.51 3.32
0.37 95.41 12.1 2.35
0 95.8 14.16 1.56
0.11 96.29 14.23 1.2
0 96.39 13.85 1.3
0 95.72 14.69 2.16
0 95.23 15.61 2.27
0.17 95.23 15.77 1.3
0 95.44 17.41 1.55
2.43 95.35 18.81 2.21
1.21 95.38 17.68 1.47
3.13 95.72 16 1.4
0.31 96.04 15.97 1.58
19.76 95.87 15.3 2.01
2.32 96.14 14.92 1.12
71.15 95.78 11.26 1.48
100.85 95.71 9.82 6.26
1.81 95.91 11.59 3.72
0 95.94 11.01 1.51
0 95.78 12.6 1.38
0.55 95.58 13.9 2.07
1.42 95.4 13.22 2.82
0 95.53 13.08 1.96
0 96.1 10.92 1.74
0 96.51 11.85 1.27
0 96.36 13.42 1.3
0 95.84 16.02 2.22
27.49 95.42 13.11 3.05
0 95.95 8.34 2.05
0.02 95.56 10.14 2.07
0 95.38 12.64 1.8
0.13 95.75 8.99 3.65
0 96.19 7.02 2.33
0.01 96.32 7.29 2.03
52.17 95.64 9.1 3.26
0 95.69 4.58 3.62
0 95.8 5.37 2.27
0 95.62 8.21 2.19
0 96.06 6.25 1.64
67.81 96.36 1.98 0.99
83.18 95.76 2.33 1.61
0 95.43 5.85 1.68
0 95.16 9.11 2.77
0 95.82 8.54 1.92
0 95.83 11.07 2.47
6.01 95.71 10.79 3.17
0 96.67 3.53 1.61
1.79 96.57 0.32 1.91
0.09 96.15 0.22 3.14
0.06 95.98 -0.11 2.21
0 95.98 2.03 1.56
0 96.22 0.26 1.9
11.07 96.22 1.01 1.42
186.88 95.84 0.51 67.04
67.11 96.06 -0.37 3.21
0 96.1 -3.36 1.34
0 95.75 -1.06 1.7
0 96 -0.47 1.47
0 96.46 -2.68 1.2
48.13 96.15 -2.15 1.01
146.01 94.77 -2.16 5.2
0.63 95.28 -3.83 3.55
0 95.35 -5.54 4.5
0 96.18 -4.61 3.11
0 96.48 -6.39 1.36
21.91 95.93 -2.9 1.72
0 95.85 -5.77 64.86
0.02 95.55 -5.42 2.57
0.01 96.1 -3.35 2.86
0 96.18 -5.66 1.39
0 95.83 -2.46 2.41
5.4 96.33 -5.51 2.36
0 96.23 -6.07 2.44
0 95.69 -5.05 2.23
0 95.62 -3.34 3.3
0 95.72 -7.72 2.59
0 94.78 -3.65 4
0.02 95.53 -6.38 3.89
0.02 96.12 -9.36 1.97
0 96.84 -12.78 2.17
0.12 96.49 -13.93 1.73
0.46 95.36 -4.75 2.8
2.29 95.55 -7.73 3.79
0 95.86 -10.99 1.76
0 95.87 -12.83 3.05
0 95.83 -14.81 2.7
0 96 -16.23 2.3
0.01 95.98 -16.6 4.48
0 96.11 -11.52 4.35
0.05 96.76 -13.49 1.5
0.02 96.91 -13.57 1.17
0.07 96.34 -12.04 1.35
0.01 96.36 -9.55 1.26
12.17 96.45 -10.7 1.35
1.08 96.23 -9.05 1.51
0.34 96.62 -12.36 1.17
0 96.93 -12.48 3.76
0 97.04 -14.58 2.58
0.01 96.5 -15.24 1.12
0.15 96.62 -12.4 182.43
6.43 96.6 -10.53 3.5
0.01 97.08 -15.93 3.14
0 96.87 -19.58 2.22
0 96.01 -18.59 3.8
0 97.17 -18.58 2.61
0 96.92 -18.88 1.29
0 96.32 -14.08 1.3
5.06 96.32 -14.9 1.08
15.86 96.31 -12.54 3.99
0 95.95 -15.26 3.32
0.03 95.43 -15.63 1.62
0 95.87 -17.61 4.12
0 96.96 -18.11 5.09
0 97.55 -15.87 2.29
0 96.6 -16.27 1.57
0 96.44 -14.66 1.55
0 96.35 -16.13 1.42
0 96.26 -15.89 1.7
0.03 96.67 -17.04 1.96
0 96.47 -15.65 1.69
0 96.35 -15.95 1.33
1.19 95.99 -14.35 1
0 96.07 -13.34 1.56
0 96.07 -13.94 1.08
0 96.54 -11.01 1.99
3.32 96.29 -14.09 1.78
0 96.96 -14.56 2.86
0 97.2 -12.28 1.75
0 96.21 -8.31 2.37
0 96.75 -10.37 1.37
10.72 96.79 -10.42 1.05
0.37 96.81 -9.57 2
0 96.55 -13.32 1.22
0.02 95.41 -8.62 2.46
0.05 96.02 -14.27 4.29
0 96.09 -15.64 1.72
0.14 96.42 -15.35 1.25
0.04 96.31 -12.43 2.04
0 95.88 -7.56 1.42
0 96.15 -7.73 1.28
0.03 96.08 -6.39 1.47
1.75 96.01 -6.58 1.6
1.22 96.58 -8.38 4.4
0 96.71 -11.14 2.18
1.66 95.73 -9.56 2.36
0 96.46 -9.8 2.92
0.01 96.01 -8.62 1.95
2.73 96.33 -15.57 4.18
0 97.14 -17.89 5.42
0 97.04 -16.46 1.51
0.77 96.16 -12.57 2.1
0 96.77 -13.43 2.26
0.06 96.8 -12.77 1.75
0 96.06 -7.58 93.67
0 95.85 -5.7 2.73
0 96.5 -9.84 2.34
0 96.45 -10.53 1.59
0 95.73 -6.95 2.24
0.02 95.69 -5.36 4.17
0 96.42 -11.26 3.44
0 96.59 -12.85 2.25
0.02 96.53 -12.19 1.89
0 96.38 -8.8 2.84
0 96.59 -7.56 2.57
0 96.53 -4.93 1.78
0 96.72 -7.11 1.63
7.77 96.52 -7.63 2.01
0.59 95.62 -1.69 2.47
0 95.53 0.19 2.72
0.21 94.99 -2.83 6.08
0 96.79 -8.1 6.08
0 96.84 -5.62 1.87
0 95.76 -1.23 2.73
0 96.06 1.47 2.99
0 95.44 5.19 3.1
0 95.41 3.45 1.74
0 94.83 3.55 2.16
0 94.76 -0.35 2.46
0 94.84 -3.14 5.25
0 96.31 -2.07 2.12
0 95.51 4.27 3.69
18.61 95.5 -0.1 3.9
0 96.68 -6.12 4.26
0 96.15 0.7 3.15
0 95.7 5.36 2.69
0 96.1 5.11 3.12
0 94.67 7.36 3.54
1.12 94.83 -2.9 3.78
25.44 95.6 -7.23 3.24
0.22 95.98 -7.16 2.97
0 94.7 0.86 5.86
0 95.72 -3.07 3.06
31.53 95.43 -5.44 3.55
0 96.1 -5.07 3.49
0 95.95 -1.91 1.9
0 94.94 4.15 4.19
2.65 95.17 1.16 3.69
0 96 -0.91 3.37
0 96.24 -1.77 2.53
0.35 96.12 -0.18 1.77
8.65 95.84 1.07 2.13
118.85 95.96 0.6 2.64
0 95.39 3.98 3.24
0 95.51 5.37 3.05
19.38 95.7 -0.27 2.25
55.25 95.92 -0.83 3.27
0 95.69 -0.18 2.83
0.3 94.87 1.49 2.99
14.2 94.85 0.66 3
3.36 95.76 0.67 4.1
0.88 95.62 1.58 3.69
0 95.66 2.63 3.75
0 95.18 7.75 2.7
0.22 94.74 6.31 4.6
0 94.99 2.67 5.68
0 94.76 4.38 2.16
9.27 95.02 3.81 3.22
60 95.36 1.27 433.86
6.51 96.29 1.11 4.8
0 96.33 2.46 2.08
0 95.99 5.15 2.75
0 95.66 8.37 2.14
0.2 95.04 12.73 4.79
74.73 95.13 7.56 2.2
0.9 95.05 8.11 2.93
0.06 95.14 8.97 4.64
0 95.21 10.27 1.86
0 95.17 13.8 2.16
5.82 94.93 12.65 4.37
0.3 95.1 12.06 6.6
0.84 95.62 10.93 5.67
0.83 95.7 11.6 2.11
1.72 95.59 12.31 2.23
2.98 95.76 12.92 1.95
0 95.48 17.56 2.84
0 95.68 20.49 1.82
0 95.61 21.73 2.29
0 95.6 22.14 3.13
0.19 95.33 22.37 4.72
18.46 95.04 14.81 2.2
46.76 94.14 14.77 3.63
0 93.77 17.59 4.63
0 94.36 16.57 2.88
0 94.41 18.95 2.38
1.04 95.01 16.41 5.04
0 95.94 16.37 2.64
0 95.84 17.9 2.38
1.59 95.17 18.91 3.07
0 94.61 19.91 3.51
15.59 93.98 16.04 4.8
0.02 93.99 17.89 4.01
0 94.36 18.94 3.07
0 95.25 20.12 2.46
15.22 95 24.28 4.68
1.27 95.61 18.5 2.24
0 95.21 21.33 2.28
1.48 94.95 21.83 4.19
1.43 94.75 20.22 4.25
1.56 94.52 19.96 3.25
0 94.79 19.55 4.42
0 94.63 24 2.78
0.03 94.22 26.23 5.2
0 94.98 20.12 2.72
6.89 94.72 18.74 3.58
0.09 94.93 18.74 2.99
9.66 95.54 18.09 2.65
28.39 95.4 18.87 2.67
4.35 95.16 19.59 3.51
2.76 94.96 22.66 3.22
0.72 94.8 23.07 4.32
38.51 95.22 16.88 2.86
2.58 95.44 17.99 1.77
13.52 95.19 16.32 1.94
4.9 94.94 17.95 1.91
0.04 94.97 22.91 4.07
0.17 94.95 24.72 4.18
3.71 94.85 24.91 2.89
117.26 94.85 19.53 2.3
9.07 94.55 21.57 1.62
34.44 94.26 20.94 1.8
0.42 94.59 23.7 2.16
0 95.12 23.98 2.37
0.09 95.29 24.18 1.88
1.1 95.02 23.44 1.55
9.92 94.7 22.64 1.98
28.53 94.57 21.85 2.82
88.17 94.33 20.91 2.57
107.78 94.03 20.19 1.81
40.58 94.15 22.49 2.23
65.45 94.59 21.36 2.01
128.11 94.62 22.58 3.05
42.15 94.56 23.32 3.6
57.07 94.33 23.14 2.53
180.16 93.88 22.52 2.76
0.09 93.84 24.77 3.53
1.88 93.85 24.98 2.73
1.49 94.22 24.76 2.18
1.15 94.42 25.46 2.71
8.69 94.25 25.57 3.91
49.23 94.56 23.97 2.22
73.59 94.78 22.07 1.42
1.31 94.98 22.99 1.31
0.59 94.96 23.03 1.28
23.37 94.94 23.18 2.01
54.81 95.12 22.68 1.97
0.28 95.1 24.28 1.77
207.33 94.4 22.02 2.52
120.94 94.21 22.88 3.27
0 94.79 24.15 2.67
0.22 94.68 23.12 2.91
120.72 94.62 21.24 2.25
5.05 94.82 22.17 1.83
0.25 94.83 24.07 1.69
11.37 94.69 24 2.14
20.96 94.26 23.95 1.67
1.74 94.32 24.17 3.36
0.02 94.65 24.66 2.02
0.03 94.67 25.27 1.73
38.4 94.46 23.24 1.86
13.52 94.37 25.33 2.37
0.52 94.31 25.49 1.6
1.42 94.13 26.42 1.78
11.63 94.26 25.57 2.08
12.66 94.53 25.89 3.03
0.33 94.76 26.04 2.76
1.22 94.56 25.85 2.6
11.54 94.18 26.6 2.58
19.54 94.05 25.4 1.72
32.83 94.21 25.98 2.25
14.24 94.46 26.53 2.04
9.98 94.25 26.89 1.95
28.78 94.46 24.54 1.64
1.59 94.87 25.51 1.43
4.38 94.94 26.94 2.61
35.18 94.65 25.29 2.76
5.83 94.65 25.55 2.8
66.74 94.59 26.24 2.4
6.89 94.67 25.54 1.6
216.71 94.14 24.08 1.39
0.11 101.11 25.43 2.41
0 95.15 22.54 2.76
0 95.42 21.73 1.93
2.41 95.4 21.28 1.32
2.52 94.96 23.96 2.21
0.47 95.11 22.93 2.03
0 95.32 22.48 1.58
0.06 95.31 22.72 1.7
14.3 95.04 21.94 1.84
13.37 95.15 19.4 2.06
15.4 95.09 19.13 1.41
239.76 94.48 18.16 1.28
42.89 94.71 15.23 3.04
0.1 95.36 15.99 2.45
15.86 95.43 17.04 2.13
2.04 95.7 15.67 1.65
6.34 95.86 15.86 1.5
0 95.94 16.02 1.4
4.88 95.82 17.03 1.71
133.52 95.8 14.76 1.44
31.57 95.85 14.75 1.08
5.66 95.89 16.28 1.37
1.51 95.83 18 1.57
18.68 95.35 18.98 2.27
0.12 95.45 17.26 1.71
0 95.49 17.99 2.75
1.45 95.25 20.83 3.35
23.87 94.58 20.62 3.34
0.2 94.96 19.76 3.51
0 95.61 13.7 1.89
0.76 95.28 16.34 1.82
5.93 95.87 16.22 1.25
11.74 96.32 15.45 0.87
7.78 95.32 19.84 3.26
0 95.74 18.27 1.67
0.04 95.76 18.8 1.17
2.4 95.6 18.89 2.85
43.96 95.98 13.27 3.05
0 96.23 9.13 2.22
0 96.06 10.91 2.57
0 95.71 12.35 2.33
0 95 18.25 3.59
0 95.13 16.2 2.75
0 96.06 12.75 1.23
1.08 95.95 13.82 1.84
108.95 95.98 11.1 2.32
0.02 96.09 10.78 2.83
0 95.9 9.31 1.84
0 95.17 17.56 3.55
0 96.26 13.26 1.34
0.01 96.2 15.06 2.7
0.03 96.5 12.02 2.51
0.21 96 11.08 1.9
0 94.97 16.03 2.75
14.52 95.04 13.97 4.11
0 95.5 10.71 3.06
0 96 11.44 1.55
29.09 96.02 11.32 3.08
3.97 96.9 4.15 4.4
0 96.93 2.97 1.39
0 96.51 6.79 1.58
0 96.53 7 1.41
0 96.26 11.5 3.05
38.22 96.48 9.63 1.43
2.78 96.52 7.53 1.86
0 96.39 6.39 1.28
38 96.28 5.6 2.21
43.24 96.17 2.24 2.02
0.02 96.35 4.36 4.22
0.02 96.63 6.27 3.14
0 96.18 5.11 1.29
0 95.62 7.15 1.93
6.24 96.18 6.09 2.06
1.17 96.73 4.24 2.41
0 96.65 3.79 1.4
0 96.76 4.35 1.01
0 96.52 4.86 1.58
0.25 95.95 8.32 2.09
4.54 96.25 7.87 3.17
0 96.61 6.14 1.78
0.02 95.85 6.62 2.69
0.15 95.44 6.61 3.88
0.01 95.86 3.54 2.88
0 95.95 1.63 1.9
0.13 96.5 1.97 3.64
0 96.45 -1.15 4.07
0 96.54 1.02 2.31
0 96.41 1.68 1.91
0 95.78 2.66 2.71
0 95.53 2.91 2.87
0 95.52 3.16 2.03
0.28 95.67 2.23 3.21
0.01 96.06 -2.71 4.17
0.03 96.24 -3.14 6.37
0 96.17 -3.42 3.75
0 96.24 -2.21 2.86
0 96.41 -2.88 1.45
0 96.14 1.09 1.88
0 95.85 0.74 1.67
0.03 95.53 -0.27 2.5
0 95.37 -3.7 4.27
0 95.52 -6.34 3.82
0 95.74 -9.39 6.23
0 95.94 -5.33 4.17
0 95.52 0.97 3.27
0 96.19 -2.24 2.91
2949.76 95.92 -0.88 2.59
2949.76 95.7 -0.36 1.49
2949.76 95.96 2.08 2
2949.76 95.99 1.71 2.76
2949.76 96.21 -0.86 3.13
2949.76 95.81 -1.97 1.13
2949.76 95.91 -4.93 1.41
2949.78 95.87 -3.9 2.29
2949.77 96.06 -5.35 3.06
2950.04 95.55 -7.49 3.33
2950.23 95.58 -8.52 1.98
2949.76 95.69 -11.27 4.1
2949.76 96.01 -11.25 3.58
2949.76 96.37 -8.65 2.96
2949.76 96.98 -8.65 1.4
2949.76 96.97 -10.4 1.3
2950.01 97.23 -11.9 2.51
2950.04 96.85 -12.51 3.38
2950.2 96.72 -11.43 3.59
2949.78 97.12 -10.58 2.84
2949.76 97.16 -10.14 1.51
2949.76 96.87 -10.44 1.26
2949.76 97.02 -9.18 1.46
2949.76 96.95 -9.53 1.22
2949.8 96.37 -6.99 2.59
2950 96.85 -9.83 4.76
2949.76 96.55 -10.75 2.12
2949.76 96.05 -10.86 2.69
2949.76 95.31 -5.65 3.5
2949.76 95.11 -5.01 3.12
2949.76 94.7 -2.98 4
2949.76 95.14 -4.34 2.76
2949.76 95.42 -3.42 3.35
2949.76 96.04 -5.87 2.27
2952.62 95.99 -8.56 1.7
2956.52 96.23 -9.11 1.6
2949.78 95.88 -6.57 3.09
2949.76 96.45 -7.01 2.78
2949.76 96.92 -14.2 3.17
2949.76 96.51 -14.66 2.35
2949.76 96.51 -12.53 2.31
2949.76 96.6 -10.57 2.4
2949.76 97.15 -12.81 2.3
2949.76 96.86 -14.13 1.83
2949.76 96.86 -11.91 1.78
2949.76 96.64 -8.37 1.82
2958.78 96.76 -11.07 1.69
2949.76 96.67 -11.37 1.6
2949.76 96.91 -8.69 2.08
2950.49 95.93 -7.98 3.5
2949.77 96.41 -10.28 4.51
2949.76 96.59 -10 2.43
2949.76 95.91 -6.78 1.88
2949.76 95.06 -2.14 3.08
2949.76 95.67 -3.72 2.15
2949.76 96.6 -8.87 3.65
2949.76 96.14 -7.31 3.82
2949.76 95.54 -3.48 4.41
2949.76 96.19 -8.08 3.68
2949.76 94.77 -0.18 5.81
2949.76 95.6 -7.4 3.02
2949.76 95.73 -7.42 1.72
0.27 95.29 -4.27 2.26
0.16 95.3 -5.04 4.93
0 96.16 -12.34 4.3
0 96.37 -11.71 2.22
0 96.55 -12.55 1.47
0 96.79 -10.58 1.61
3.41 96.49 -10.82 1.55
10.55 96.52 -12.04 3.28
0 97.13 -13.78 3.55
0 96.95 -14.36 1.78
0 96.39 -12.56 1.68
0 97.03 -13.25 1.62
0 96.97 -12.55 1.88
0.06 96.11 -5.82 2.77
0 96.2 -6.74 2.09
0.24 96.79 -7.23 2.22
0 97.34 -9.39 2.05
0.92 96.91 -9.79 1.64
3.4 96.62 -9.53 1.61
0 96.55 -7.76 1.91
0 96.51 -5.33 2.12
0.8 97.03 -7.22 1.51
0.1 96.84 -4.44 1.12
0 96.35 -1.63 1.58
0 96.18 1.9 2.16
0.47 95.86 4.52 4.14
3.2 96.61 -3.38 4.41
0.04 96.34 -6.45 1.71
0 96.2 -5.45 1.88
0.31 96.15 -5.39 2.08
0.42 96.13 -5.66 1.92
2.05 96.43 -4.51 2.81
0 96.49 -6.47 2.91
0 96.66 -7.9 2.57
0 96.66 -6.68 2.23
0 96.19 -5.31 2.09
0 96.47 -5.38 2.84
0 95.96 -3.12 2.07
0 95.7 1.03 4.31
0 96.38 -1.01 4.18
0 95.99 -2.09 2.18
0 95.47 1.62 2.92
0 95.17 7.04 2.72
0 95.59 4.53 2.57
0 95.05 7.6 4.41
0 96.22 4.03 2.13
0.08 96.13 3.54 3.86
0 96.44 3.85 4.67
0 95.83 6.24 2.63
0 95.89 7.52 2.96
0 96.14 8.09 2.82
0 95.09 13.17 4.89
0 95.13 11.39 2.37
0.02 95.14 11 2.77
0 95.19 11.04 3.3
46.37 94.96 11.89 3.21
16.23 95.43 9.92 2.56
0 95.63 10.89 2.34
0.78 95.77 8.63 2.06
0 95.19 11.94 2.59
0 95.95 7.8 3.89
0 96.33 2.38 4.33
0 95.5 6.41 4.71
0 96.1 5.23 3.96
0 95.44 13.21 3.73
0 95.43 14.1 1.78
0 95.27 14.21 2.32
0 95.51 11.65 4.06
0 96.25 9.37 1.95
0.73 95.85 10.94 2.04
0.32 95.58 12.05 2.21
0 95.69 13.61 1.83
0 95.56 17.77 3.39
0 96.18 13.02 3.19
0 95.5 13.22 2.55
13.61 95.51 7.81 2.65
0.03 96.18 8.33 2.75
26.17 95.98 7.83 2.58
0.05 95.53 9.31 298.23
0 95.61 11.62 3.69
0 95.29 14.42 2.99
0.82 94.96 16.94 3.68
4.12 95.19 18.47 4.18
0.25 95.7 16.67 4.43
21 95.96 11.9 3.7
0 96.26 12.38 2.24
0 96.1 13.74 2.2
0 95.47 15.36 1.55
0 94.89 19.13 2.24
3.01 94.85 18.07 4.37
138.49 95.5 7.11 4.73
5.52 95.11 8.78 4.3
22.99 95.3 5.19 5.25
0.08 95.54 7.8 4.21
0.19 94.98 11.83 2.65
100.06 95 8.01 3.78
1.38 95.54 11.87 1.99
75.92 95.86 10.24 2.43
4.42 95.74 12.36 2.61
226.64 94.87 9.36 2.51
91.96 93.94 14.38 3.57
0 94.12 17.21 3.87
0.11 94.48 14.44 3.61
0 94.27 14.02 3.2
0.04 95.07 16.57 3.01
2.57 95.42 16.55 2.19
2.88 95.04 18.61 2.73
82.66 94.71 15.99 2.29
6.73 94.74 17.04 2.7
0.02 94.85 18.92 2.7
0 94.88 21.35 2.57
0.49 95.15 24.86 3.89
41.23 95.05 17.41 3.19
0.72 94.51 17.09 5.56
0 94.01 20.9 4.06
9.01 93.8 18.87 2.86
0.26 94.25 22.41 2.78
0 94.35 23.91 74.07
0.12 94.93 25.14 2.87
0 94.84 28.36 4.09
4.01 95.08 24.19 3.18
0.51 95.22 22.46 2.88
0 95.12 22.8 2.38
0.87 94.92 22.67 2.01
14.52 94.76 23.74 2.53
269.6 94.93 16.29 2.45
173.09 94.76 13.55 3.37
50.92 94.45 15.74 3.01
53.2 94.79 16.16 2.31
47.4 95.2 15.76 1.78
21.42 95.25 18.44 1.95
16.32 95.04 20.24 2.5
15.84 95.08 21.33 2.04
0.03 94.94 22.14 2.24
4.12 94.75 23.35 1.82
77.03 94.58 20.65 2.23
88.61 94.46 19.86 2.16
115.75 94.59 18.58 2.32
3.63 94.86 19.67 1.78
27.97 95 19.94 2.13
4.86 95.13 19.73 1.64
78.4 95.19 19.54 2.42
1.01 95.03 22.09 1.79
0.18 94.64 23.91 2.28
22.44 94.44 23.3 3.35
26.74 94.52 22.06 3.69
0.76 94.94 22.23 3.83
1.37 94.88 22.99 2.87
0 94.95 24.56 1.64
0 94.92 25.13 1.79
13.01 94.86 24.09 2.79
94.11 94.58 21.04 2.78
39.28 94.3 23.49 2.5
0.09 94.78 25.14 2.16
0.56 94.83 25.96 3.5
3.88 94.72 25.79 2.12
3.57 94.49 25.13 3.22
13.14 94.4 23.84 4.02
0 94.61 23.71 2.94
0 94.34 23.92 3.42
8.37 94.43 22.59 3.3
5.66 94.63 22.04 2.91
0.53 94.54 22.97 2.47
2.79 94.63 24.08 1.98
24.4 94.59 23.42 2.48
120.89 94.69 21.31 73.86
8.3 94.92 22.34 73.32
0.39 94.98 25.9 1.77
1.95 95.05 28.51 2.75
3.03 94.65 29.18 4.17
74.9 94.54 24.43 2.77
0.18 94.85 22.64 1.67
0 94.57 24.73 2.55
0.08 94.96 22.91 1.72
0 95.01 22.95 1.76
0.01 95.2 23.2 1.92
2.79 95.07 25.08 2.15
12.32 94.56 27.1 3.3
10.39 94.61 25.44 3.68
10.33 94.77 24.2 2.14
0 94.85 26.36 2.85
0 94.82 27.33 2.71
2.82 94.69 26.3 2.48
23.39 94.67 25.45 2.08
69.88 94.91 20.66 2.47
4.32 94.87 21.95 2.11
0 95.15 21.97 2.63
0 95.27 21.64 1.71
0.01 95.13 22.65 2.17
50.68 94.88 21.76 2.54
37.32 94.61 21.63 2.17
2.38 94.78 22.76 3.27
0.25 94.99 21.14 2.17
17.11 95.03 19.11 2.14
19.76 94.94 19.12 1.85
10.35 94.99 20.1 2.15
6.34 95.11 20.19 1.61
1.63 95.24 21.42 1.93
9.17 95.43 21.52 1.45
0.26 95.36 22.49 1.56
0.41 95.02 24.82 2.44
3.72 95.04 24.34 1.82
21.51 94.97 23.55 1.98
41.26 94.82 22.65 1.78
143.62 95.08 19.7 2.24
3.45 95.37 20.14 2.45
0 95.46 20.76 1.94
0 95.58 22.02 1.91
4.8 95.7 21.11 1.91
2.86 95.74 21.02 1.7
0.59 95.7 21.3 2.43
12.39 95.53 20.34 1.8
13.71 95.52 19.69 2.1
284.81 95.47 16.14 2.34
1.02 95.06 17.63 1.69
0 94.76 19.68 2.45
0 95.31 18.41 1.54
0 95.31 20.16 1.65
5.81 94.88 21 3.01
0.08 95.17 17.84 2.58
0 95.38 15.14 1.43
0.01 95.64 17.05 1.76
0.07 95.65 17.98 1.79
18.24 95.7 17.08 1.35
0.29 95.47 19.06 2.71
0.08 95.78 15.83 3.14
0 95.89 13.6 2.86
0 95.94 13.51 1.52
0 96.02 15.55 1.34
0 95.98 16.94 2.2
6.88 95.31 17.41 2.57
43.8 95.28 14.52 2.82
0.04 95.9 13.79 1.63
0.35 95.92 16.03 2.17
58.94 96.11 12.55 1.87
17.96 95.86 12.7 1.75
0 95.77 13.36 1.63
50.7 95.11 14.2 2.73
0.12 95.67 13.6 2.34
2.79 95.58 14.56 3.24
43.92 96.43 6 3.89
0.35 96.49 5.36 1.72
50.83 95.65 6.08 1.55
29.71 95.5 7.36 2.22
0 95.82 8.24 1.52
72.75 96.08 7.18 1.44
12.88 96.52 8.04 2.23
0 96.3 9.25 2.15
0 95.88 12.72 1.8
0 95.74 14.69 2.28
0 95.95 15.73 2.35
0 96.23 13.3 1.98
0.78 96.1 14.21 3.35
0.31 97.1 8.52 3.89
0 96.66 4.22 1.89
0 95.7 8.26 2.2
0 95.22 10.14 4.9
0 95.77 9.47 2.84
0 95.51 12.69 2.32
0 95.61 13.69 2.46
0 95.3 16.82 4.02
0 96.22 7.23 2.98
0 96.58 2.84 1.98
0 96.01 5.46 2.03
0 95.19 10.68 2.74
0 94.91 13.19 2.66
0 95.17 11.21 2.05
0 96.66 3.95 5.6
0 97.05 2.15 1.73
0 96.48 2.73 1.57
0.05 96.18 7.24 1.7
8.78 96.39 7.57 24.3
3.91 96.12 5.35 1.71
3665.16 95.72 6.67 3.09
3665.2 95.89 3.9 3.98
3665.14 95.66 6.32 2.7
3665.14 95.29 7.89 3.38
3665.15 95.66 6.09 3.34
3665.14 96.96 -0.68 3.4
3665.14 96.92 -2.27 1.83
3665.14 96.49 0.4 1.98
3665.14 96.27 4.32 2.13
3665.14 95.96 3.5 1.84
3665.15 95.62 2.01 3.5
3665.19 96.06 -4.79 6.22
3665.14 96.08 -2.59 2.92
3665.14 96.44 -2.55 1.87
3665.14 96.56 -2.08 1.62
3665.26 96.41 -0.57 1.75
3665.14 96.74 -2.7 1.6
3665.14 96.65 -1.2 1.53
3665.14 95.94 1.62 3.15
3665.14 95.35 3.47 4.14
3665.14 95.9 0.4 2.44
3665.14 96.45 -2.55 2.11
3665.19 96.17 1.09 2.56
3665.14 96.61 -3.09 1.84
3665.14 95.67 -2.88 2.23
3665.14 95.17 297.71 4.91
3665.14 96.35 -3.35 1.96
3665.14 95.86 -2.86 1.58
3665.15 95.65 -0.6 2.09
3665.82 95.76 -1.36 5.04
0 96.35 -11.42 6.53
0 96.14 -10.9 3.74
0 95.84 -10.9 5.7
0 96.02 -10.84 4.79
0 96.13 -10.48 3.92
0 96.36 -9.97 2.05
1.7 96.4 -9.86 1.83
0 96.9 -11.37 1.86
0.03 96.75 -8.3 2.25
1.94 96.08 -4.34 4.54
0.06 96.54 -9.07 2.98
0.02 96.12 -10.09 3.8
0 96.3 -11.64 2.34
0 96.35 -9.79 1.92
0.33 96.28 -9.6 3.59
0 96.34 -12.47 3.78
0.01 96.41 -11.17 2.32
0 96.34 -8.42 2.55
0.13 96.03 -6.18 4.05
0 96.36 -10.07 3.54
0 95.99 -9.98 3.6
0 95.78 -3.71 2.43
0 95.83 -3.67 2.83
0 96.67 -5.04 3.85
0 96.92 -5.15 3.04
0 96.69 -8.03 1.48
0 96.26 -4.99 2.21
0 95.66 -5.65 2.03
0 94.99 -4.3 2.95
0.08 95.73 -6.37 94.1
0.03 96.44 -10.66 5.6
0.11 96.46 -10.88 2.91
0 96.37 -7.27 2.98
0 95.09 -2.21 3.55
0 95.38 -2.92 2.06
0.83 95.73 -3.42 4.52
0 96.28 -7.57 3.36
0 96.67 -9.44 1.52
0 96.56 -9.46 2.02
0 96.39 -5.68 2.45
0.11 95.96 -4.97 3.28
0 97.02 -7.78 2.39
0 97.16 -9.62 1.86
0 96.69 -6.83 1.73
0 96.89 -9.34 1.71
0.32 96.53 -9.93 1.96
5.92 96.49 -10.24 3.77
0 96.58 -9.32 1.93
3.16 95.46 -5.32 3.16
0.04 96.15 -8.98 1.94
0.04 96.07 -8.95 1.93
1.26 96.59 -8.44 2.28
0 96.03 -8.4 1.94
0 95.49 -4.4 3.26
0 96.41 -6.29 2.27
1.41 96.03 -5.86 1.49
4.93 96.64 -8.75 3.76
0 97.16 -12.12 3.02
0 97 -12.13 1.77
0.08 96.38 -8.59 3.42
0 97 -10.34 3.72
0 97.28 -9.44 2.15
0 97.09 -8.21 1.69
0 96.94 -8.04 1.73
0.08 96.81 -5.67 2.26
0.05 96.7 -6.29 3.48
0 96.57 -3.79 3.17
0 95.96 -1.24 3.17
0.03 96.83 -10.81 6.08
0 96.91 -11.76 4.16
0 96.16 -6.47 2.73
0 95.53 -3.9 2.18
0.01 95.57 -5.63 3.5
0 95.77 -6.08 2.47
0 95.38 -5.54 1.86
0 95.21 -1.69 2.31
0.01 95.9 -4.11 1.6
10.72 95.62 -0.99 2.7
0.01 96.23 -1.69 4.56
0 96.89 -3.61 2.78
0 96.35 -3.68 3.05
9.89 95.52 0.2 3.46
32.13 94.97 -0.32 5.19
0.11 95.37 -5.35 5.71
0 95.72 -6.07 2.09
0 95.39 -6.41 1.92
1.4 95.85 -7.84 2.86
0 96.22 -9.04 3.53
0 96.86 -6.27 2.12
3.13 95.87 -2.33 4.93
0 95.55 -0.99 2.92
0.03 95.19 -3.37 2.33
0.35 95.82 -6.67 6.01
0 96.35 -6.15 3.12
0 96.07 -2.62 3.36
0 95.38 1.95 4.68
0 95.77 1.01 2.87
3 96.35 -3.46 3.54
0 97.12 -9.45 5.79
0 96.46 -4.91 2.96
0 96.09 -4.11 4.06
0 95.61 -3.42 2.9
0 116.85 293.06 297.51
0 95.68 0.53 3.75
0 95.33 5.49 3.6
0 95.29 5.63 3.27
0 96.04 3.03 2.67
0 95.28 6.79 3.28
0 95.54 6.26 3.52
0 95.67 5.47 2.53
0 95.6 6.02 4
0 96.57 1.85 4.21
0 96.77 2.5 2.6
0 96.95 3.51 1.81
0 96.66 7.65 2.91
0 96.42 13.22 4.03
0 95.61 14.07 5.06
0 95.22 12.56 3.6
0 95.35 10.81 3.49
0 94.92 13.8 4.39
5.14 95.93 6.38 3.09
0 96.01 5.07 1.97
214.41 94.52 2.61 2.34
1.92 95.3 4.29 2.33
1.74 95.25 4.81 2.05
0.25 95.76 3.31 4.42
0 96.89 -0.64 4.11
0 96.86 0.12 3.25
0 96.05 4.95 3.27
0.13 95.79 7.72 3.02
0.08 96.03 8.16 2.13
18.59 96.26 6.68 3.34
165.44 96.85 0.04 4.61
0.39 96.39 3.34 2.08
0 94.79 11.16 2.2
0.41 93.91 14.45 4.82
1.82 94.8 8.57 5.13
0 94.91 11.07 2.33
0.04 95.18 13 3.26
0.02 95.68 10.67 3.94
0.01 95.28 11.34 3.27
0.02 95.2 11.12 3.02
0 95.4 14.45 3.82
0 95.63 14.07 5.01
0 95.91 13.76 2.48
0 95.23 21.05 4.12
0 94.85 24.44 4.44
14.04 94.6 20.99 4.69
12.82 95.25 16.66 2.4
0 95.27 19.46 2.29
0 95.21 20.35 2.91
9.44 94.96 16.98 3.56
18.56 95.04 15.78 2.5
0 95.31 13.16 5.34
0 95.11 13.94 4.53
0 94.58 14.94 5.76
0 95.16 12.25 2.58
0.44 95.05 12.66 5.42
23.62 95.41 6.98 2.15
0 95.77 8.75 1.98
78.81 95.67 8.34 2.56
64.67 94.72 7.45 1.98
15.88 93.44 10.86 3.77
0.36 93.5 19.26 3.58
3.04 94.84 16.03 5.22
0.01 95.43 16.07 4.14
0 94.85 18.7 3.66
18.67 94.04 19.08 4.21
22.92 94.2 14.74 5.03
2.06 94.6 13.22 5.36
0 95.43 18.25 4.15
0 95.07 21.91 3.7
0 94.93 22.68 2.66
1.1 94.85 22.74 2.93
0.04 94.66 25.39 3.41
0.18 94.59 25.78 3.94
2.69 94.79 23.47 2.55
0.13 94.78 22.98 3.38
7.85 94.4 23.78 3.5
0.59 94.75 20.73 3.61
0 94.84 19.82 2.58
0 93.96 25.31 6.89
6.4 94.52 22.08 3.34
2.96 95.06 19.14 3.73
0 95.26 21.32 3.15
41.34 94.5 18.76 4.05
42.72 94.02 18.55 2.54
53 94.51 18.67 2.09
0.3 94.81 20.31 3.4
1.61 94.56 19.84 2.73
4.32 94.58 19.43 2.11
96.26 94.35 17.15 2.65
211.76 93.85 15.88 2.38
105.26 93.95 16.45 1.61
54.16 94.84 17.48 2.35
0.37 95.08 20.66 2.2
12.09 94.91 22.53 1.8
0.24 94.63 23.52 1.95
167.71 94.65 19.79 2.4
10.55 94.82 18.38 3.52
106.28 95.31 16.56 2.44
0.08 95.38 21.44 2.27
0 94.99 23.81 2
4.44 94.72 24.27 3.18
0.23 94.86 23.74 2.72
12.03 94.66 23.79 3.15
13.1 94.39 21.96 2.18
73.19 94.38 21.12 2.02
0.67 94.81 22.19 1.64
4.71 94.85 23.87 2.33
148.29 95.02 17.69 2
29.42 94.41 18.21 2.02
20.69 93.97 18.99 3.46
12.69 94.55 16.81 3.08
0.15 95.13 18.57 2.1
34.77 95.11 19.9 2.19
12.91 95.24 20.54 1.86
0 95.21 22.45 2.17
0.24 95.06 24.24 2.31
6.19 95.22 25 2.28
0.21 95.44 26.11 2.8
4.58 95.28 24.23 2.85
0.85 94.99 25.12 1.79
0.87 94.49 26.35 2.11
0.15 94.3 26.2 3.11
5.9 94.62 26.77 2.19
11.97 95.08 24.44 2.46
25.18 95.27 21.17 2.12
14.97 95.1 21.92 1.6
37.96 94.92 23.12 1.91
52.44 95.05 23.07 2.71
27.8 94.98 23.57 2.39
50.01 94.69 24.11 2.21
60.78 94.69 22.74 2.04
14.95 94.7 22.57 1.46
15.96 94.51 22.83 1.95
8.41 94.31 24.16 2.06
6.38 94.69 24.89 2.67
14.36 94.8 24.77 1.77
30.44 94.55 24.49 2.2
77.09 94.58 23.03 2.34
295.3 94.95 21.24 2.29
8.37 95.16 22.1 1.56
1.54 94.95 23.47 2.05
40.66 94.45 24.75 3.06
0.09 94.41 23.38 2.37
0.87 94.28 25.07 2.19
2.04 94.45 25.96 3.04
19.32 94.87 24.05 2.26
26.03 95.41 22.56 2.37
41.17 95.45 22.76 1.7
8.63 95.36 23.71 2.12
0 95.41 23.5 1.88
0 95.22 23.97 1.65
0 95.06 24.16 1.5
0 94.74 25.37 1.85
2.21 94.52 25.56 2.21
0.06 94.81 23.73 2.42
0 94.88 23.21 1.79
0.8 115.78 315.96 296.89
35.17 116.1 317.06 297.12
63.39 95.34 20.28 1.94
33.97 95.05 19.37 2.03
4.94 94.86 20.65 2.45
29.39 94.98 20.16 1.75
8.32 95.31 20.4 2.02
25.49 95.53 19.96 1.89
13.15 95.47 20.24 2.48
65.1 95.33 20 2.29
0.04 95.25 20.52 2.3
17.09 95.1 19.22 1.78
4.92 95.27 18.67 1.56
11.72 95.42 18.98 1.49
76.61 95.61 18.24 1.48
125.11 95.65 18.54 2.15
4.41 95.61 20.79 2.05
0.41 95.78 19.31 1.99
7.69 95.62 18.52 1.62
25.17 95.47 17.46 2.32
0.01 95.58 16.92 1.61
0 95.46 19.36 1.5
3.33 95.63 20.56 2.52
21.24 96.32 16.05 2.15
1.42 96.21 14.96 1.73
61.55 95.66 13.83 1.79
14.44 95.59 14.35 2.88
0 95.5 19.13 2.25
0 95.83 19.84 2.66
0 95.95 19.48 2.73
0 95.79 19.86 2.68
3.96 95.81 19.37 1.55
10.2 95.88 18.54 2.07
0.02 95.96 16.38 1.81
2.59 95.43 16.56 2.31
3.94 95.24 18.32 2.23
39.75 95.06 17.98 3.29
30.1 95.24 13.91 2.18
52.75 95.15 14.3 1.88
10.31 95.13 14.92 2.78
0 95.4 13.3 2.03
0 95.6 15.17 2.3
0.17 96.45 12.85 1.54
2.12 96.89 11.29 2.17
4.82 95.71 15.82 3.04
46.78 95.01 10.74 5.31
0.09 94.93 13.31 4.69
0 95.94 10.36 2
0 96.25 13.26 2.15
0 95.71 17.59 3.43
0 95.62 17.86 1.95
0 95.39 18.47 3.54
0 95.75 10.14 3.41
0.32 95.09 5.65 2.84
8.15 95.24 5.57 5.06
6.05 95.56 9.83 4.37
0 95.95 11.73 2.34
0 96.04 12.47 1.81
0 95.77 13.57 1.61
0 95.72 13.63 1.79
0 95.71 15.54 2.54
1.88 95.9 13.34 3.12
0 96.68 5.92 2.74
0 95.54 9.76 2.66
28.94 96.17 4.83 1.82
18.73 96.45 4.76 1.94
1 105.87 147.06 69.89
0 105.36 147.61 69.77
0 96.72 6.56 2.7
0 96.63 4.13 1.75
4.91 95.33 7.73 5.3
0 95.44 3.85 2.96
0 96.04 1.48 3.21
0 96.37 -0.09 3.83
0 96.82 -0.01 3.05
0 96.85 3.11 1.62
0 96.18 5.42 1.88
0 96 5.78 1.42
0 95.92 9.03 3.58
0 96.15 10.44 3.25
0.43 97.36 1.09 3.58
33.45 97.42 -3.1 3.13
21.48 97.02 -3.1 3.31
7.42 96.52 -2.89 2.1
0.49 96.55 -2.72 1.45
0 96.7 -2.88 1.37
0 96.86 -1.27 1.48
0.11 96.68 1.07 1.42
0.01 95.94 3.71 2.54
0 95.29 6.17 2.46
0.13 96.23 2.2 2.47
7.24 96.09 -3.26 2.53
0 96.78 -5.39 2.47
7.64 96.68 -6.84 2.24
8.33 96.68 -8.05 2.24
6.1 96.66 -9.24 1.87
4.13 97.15 -10.34 1.73
11.74 97.63 -11.52 2.62
10.23 97.68 -12.48 3.09
0.06 97.57 -14.85 1.98
0.01 96.7 -14.55 2.78
0 96.6 -14.09 3.14
0.05 96.13 -12.06 1.42
0.19 96.58 -10.24 1.61
10.43 96.28 -6.38 2.21
0 96.16 -8.73 1.52
0.47 95.47 -5.22 1.86
0.17 95.24 -5.4 4.72
0.51 95.54 -7.29 6.09
0 95.89 -4.35 4.37
0 96.6 -5 2.19
0 96.79 -8.61 1.6
0 96.94 -10 0.95
0 96.44 -3.74 2.12
2.43 96.12 0.14 2.3
0.02 96.42 -1.2 3.75
0 96.76 -7.25 1.68
0 96.41 -6.54 1.65
0 96.54 -7.34 1.34
2.84 95.81 -5.29 3.07
0.03 95.87 -6.31 4.53
0.04 96.46 -8.33 5.42
0 96.51 -7.27 2.97
0 97.01 -5.52 2.12
0 96.97 -6.55 1.53
0 96.09 -3.6 2.24
0 96.34 -5.9 1.63
0 96.45 -8.45 1.58
0 96.34 -6.09 2.09
0 96.45 -10.34 2.18
0.01 95.41 -8.34 2.67
0 96.51 -13.34 4.03
0 97.21 -14.88 1.85
0 96.93 -8.7 1.97
0.19 96.52 -7.07 1.53
1.48 96.77 -7.58 1.45
0 96.73 -8.63 2.09
0 95.85 -3.32 2.47
0.01 95.92 -7.2 1.35
4.31 96.11 -8.42 2.06
0 96.53 -10.59 3.51
0 96.34 -11.87 2.78
0 96.65 -9.69 3.81
0 96.46 -9.71 3.03
0 96.29 -10.25 3.15
0 96.04 -9.85 2.72
0 96.82 -12.02 3.26
0 97.05 -12.61 2.95
0 96.5 -11.69 3.57
0.07 95.84 -11.13 3.82
0.09 95.61 -11.94 2.21
0 95.72 -12.04 1.75
21.86 96.38 -15.63 2.65
1.83 96.33 -18.81 2.78
0 95.93 -18.87 3.81
0 96.58 -18.73 1.72
0 97.1 -18.86 1.47
0.52 97.04 -17.92 2.02
0.66 97.53 -20.92 3.71
0 97.42 -23.6 5.17
0 96.86 -15.12 4.87
0 96.29 -10.48 3.17
0 96.18 -11.59 3.81
0 96.26 -9.91 3.03
0 96.85 -13.59 1.88
0 97.3 -16.32 1.99
0 97.06 -16.8 2.12
0 97.1 -13.58 3.26
0 96.95 -10.79 2.63
0 96.6 -9.02 2.19
0 96.36 -8.2 2.71
0 96.56 -8.42 3.54
0 96.5 -8.83 3.5
0 96.42 -7.08 2.61
0 95.52 -7.18 2.4
0.01 95.15 -4.37 3.35
0 95.8 -2.58 2.73
0 95.47 1.1 3.13
0.07 95.39 0.78 2.53
1.77 95.69 0.2 3.22
23.43 96.44 -8.33 5.94
0 96.46 -12.29 5.51
0 95.79 -9.03 4.29
0 95.66 -4.99 4.29
0 95.6 -1.63 4.12
0 95.61 -3.47 3.88
0.12 96.47 -7.2 3.2
0 96.44 -8.97 3.52
0 96.33 -10.17 2.36
0.01 96.45 -7.81 3.05
0 97.33 -10.64 2.59
0 96.93 -8.81 2.58
0 96.86 -8.46 2.91
0.07 96.19 -6.82 3.16
0.02 96.3 -7.22 1.85
0.1 96.58 -8.01 4.32
0.05 96.82 -8.68 3.33
0.03 95.87 -1.71 2.88
0 95.52 1.08 2.27
0 95.52 0.26 2.27
0.13 95.9 -1.05 1.31
36.7 95.65 0.57 3.59
0.03 95.71 -1.25 2.34
6.62 95.97 -4.35 4.34
0 96.71 -7.49 4.2
0 96.82 -7.25 3.54
0.03 96.59 -6.49 3.48
0 96.07 -5.58 2
0 95.42 -0.81 4.24
0 96.2 -1.72 2.95
0 96 1.19 2.57
0 95.42 4.99 2.9
0 95.26 8.65 3.18
0 94.85 10.47 5.39
0 95.32 7.46 4.4
0 96.25 3.57 1.95
0 96.45 5.24 2.04
0 96.07 8.54 3.07
0 96.45 5.55 4.55
0.01 97 2.48 5.07
0 97.03 2.34 3.61
0 96.69 3.3 2.75
0 96.27 8.04 3.23
0 95.69 9.25 2.6
0 95.05 11.09 4
0.65 95.53 7.51 3.06
0 95.5 8.5 3.29
0 94.53 15.92 4.93
10.31 94.8 10.72 5.43
0.48 95.89 6.39 4.26
0 95.89 8.07 3.39
0 95.07 10.95 3.42
0.06 95.41 10.19 2.39
1.95 94.74 12.87 5.27
0 95.13 9.84 4.83
0 95.03 12 5.77
0 95.4 6.84 2.94
0 96.03 4.77 3.48
0 95.52 6.87 4.78
24.89 94.63 8.22 2.3
0.22 94.34 10.55 5.06
0 95.47 11.42 3.34
0.18 94.94 15.48 4.99
15.34 94.92 10.73 4.15
4.72 94.9 6.56 3.95
5.34 95.22 6.63 2.78
3.06 95.51 9.22 3.72
0.08 95.16 14.19 2.86
0 94.33 15.38 5.81
0 94.86 10.98 5.82
0 95.44 11.01 2.84
0 94.89 14.29 4.81
0.8 95.77 10.33 2.94
20.45 95.99 8.52 1.99
0.76 95.56 12.24 1.88
0 95.71 12.6 2.27
13 94.88 13.24 3.15
0.11 94.51 16.6 2.87
10.01 94.19 21.11 3.87
119.47 95 11.89 2.38
89.15 94.11 11.35 4.84
0 94.61 16.18 3.33
15.97 94.61 15.39 5.12
0.04 94.88 13.17 5.89
0 95.68 15.94 2.76
0 95.1 18.93 4.11
0.47 95.29 17.52 2.42
0 94.99 17.62 2.26
3.44 94.16 19.96 4.63
163.15 94.89 11.73 4.23
0 95.75 15.72 4.29
22.44 95.39 12.79 4.55
1.67 95.21 13.23 3.48
0 94.71 18.02 2.67
0 94.79 23.85 3.6
0 95.05 25.32 4.7
0 95.29 23.57 4.22
0 95.46 23.27 4.03
0.03 96.21 19.42 3.84
0.03 96.13 18.33 2.39
31.39 95.26 15.01 1.6
25.7 94.14 15.78 4.92
10.29 94.42 18.55 3.2
0.24 94.91 18.72 4.56
0 94.81 22.71 4.33
0.04 94.43 24.98 4.53
0 94.84 19.21 4.65
0 94.56 22.3 4.23
10.38 95.36 17.9 2.09
0 95.41 20.57 1.64
0 95.02 23.67 2.56
0.01 94.66 25.18 3.28
0.03 94.86 22.82 2.99
0.09 95.09 23.74 2.49
17.64 95.29 19.67 3.45
6.12 95.32 19.15 1.81
0.07 95.05 21.71 2.11
38.22 94.73 20.96 4.21
89.1 94.48 20.38 4.9
32.37 95 18 2.41
5.69 94.87 19.7 2.26
2.6 94.54 20.43 2.23
90.7 94.45 16.6 2.36
11.6 94.47 18.78 1.98
2.57 94.06 20.77 2.63
25.58 94.12 20.94 1.99
5.68 94.66 21.01 2.78
0.02 94.77 23.43 2.44
45.64 94.41 25.17 3.19
22.66 94.43 24.04 2.6
43 94.47 22.86 2.31
18.7 94.72 21.64 3.01
5.74 94.75 21.41 3.47
0 94.91 24.5 2.99
0 94.88 24.97 2.15
42.24 94.61 23.9 2.71
38.1 94.72 19.93 3.58
87 94.57 20.44 2.76
73.58 94.61 20.44 1.77
0 94.77 20.72 1.86
0.35 94.72 22.34 1.69
0 94.83 25.88 3.16
0 95.02 25.17 2.97
1.5 95.23 25.27 1.78
0 95.31 26.55 2.01
0 95.23 27.31 3.01
0 94.98 26.93 2.64
0 94.76 27.84 1.98
0 94.5 29.01 2.88
6.73 94.17 29.16 3.52
84.41 94.48 22.57 2.11
1.27 94.79 24.67 2.52
0.84 95.17 22.85 2.49
5.24 94.85 19.99 1.93
7.63 94.7 19.84 1.87
3.14 94.97 22.19 1.6
0.35 94.96 24.01 2.33
17.23 95.04 24.24 3.07
141.84 95.17 21.91 2.77
728.87 94.73 21.08 2.75
34.54 94.45 23.42 1.92
7.25 94.28 26.68 2.63
0.23 94.83 26.07 2.4
451 94.88 20.75 2.44
4.37 94.73 22.4 1.72
0.95 94.52 24.05 2.64
71.16 94.5 23.56 2.13
25.38 94.88 23.54 1.63
91.09 95.13 24.11 2.03
83.36 95.28 22.23 1.82
29.3 95.37 22.98 1.87
0.36 95.36 24.74 1.43
0 95.29 26.58 1.68
0 95.24 27.42 2.04
0 95.14 27.23 2.27
146.14 94.87 25.52 2.15
143.99 95.26 23.56 2.29
0 95.36 22.48 1.54
0 94.97 24.16 2.39
0 94.72 27.8 3.48
0.53 94.73 29.48 3.35
9.6 94.84 25.56 2.06
0 94.8 24.74 1.84
0 95.09 23.81 1.84
2.61 95.01 23.14 1.48
45.61 94.85 22.01 1.85
2.26 94.73 23 1.43
225.97 94.7 20.47 1.88
17.43 95.13 21.25 1.97
44.71 95.24 21.85 1.63
1.7 95.37 22.76 1.73
1.04 95.46 23.13 1.58
12.37 94.98 21.33 1.77
44.98 94.8 23.19 1.97
178.47 95.54 18.12 3.88
0 95.81 18.05 2.12
3.56 95.48 18.36 1.88
4.15 95.44 19 1.98
0 95.62 18.26 2.45
0 95.06 17.78 2.24
25.86 93.97 16.31 4.42
22.76 93.82 16.02 2.93
8.38 94.5 19.17 1.35
28.52 95.04 18.5 1.23
56.89 95.28 17.52 1.46
51.87 95.2 17.53 1.5
28.13 95.06 19.36 1.46
1.62 94.82 19.35 1.55
16.91 94.9 18.18 1.66
29.35 95.22 16.8 1.67
34.6 95.39 16.42 1.81
60.83 95.76 15.65 1.95
14.35 96 16.15 1.46
1.76 95.93 17.11 1.26
18.57 95.72 18.62 1.97
0.08 95.59 19.55 1.48
2.56 95.71 18.44 1.96
1.33 96.13 16.08 2.21
24.36 96.28 13.78 2.44
0.08 96.29 14.1 2.25
0 96.14 14.52 1.56
0.61 95.92 15.42 2.11
4.37 95.55 16.78 2.24
3.24 95.26 18.04 2.08
1.15 94.97 20.49 3.89
0.05 95.7 17.14 1.88
6.54 95.47 17.21 2.33
4.11 96.21 11.6 4.22
0 96.65 8.35 2.32
0.04 95.84 9.74 2.29
0.05 95.47 15.93 2.1
10.15 95.31 19.12 3.69
2.77 95.38 15.8 2.15
0.55 95.4 14.84 3.49
101.53 96 7.12 2.25
14.4 96.05 6.01 2.19
0.41 96.61 8.19 1.61
56.81 95.73 10.34 2.67
0.91 95.92 6.23 4.43
0 96.19 4.65 1.64
1.62 95.8 5.5 1.99
0 96.33 5.63 63.25
0.13 96.29 7.01 1.48
0 95.88 10.97 1.35
0 95.95 12.31 1.4
0.11 96.08 15.55 3.18
5.43 95.57 14.41 3.93
0 96.1 9.35 2.06
0 95.82 11.73 2
0 95.71 11.59 2.26
1.13 96.65 4.11 2.77
32.01 96.01 5.04 1.74
39.22 96.68 2.04 2.69
0 96.3 2.53 1.47
0 95.66 3.83 1.68
0 95.25 8.3 3.62
0 96.48 2.77 2.26
18.57 96.49 2.82 1.54
10.73 96.67 2.08 2.69
0.16 96.77 0.27 2.29
8.25 96.49 -0.93 3.08
0 97.27 -4.88 3.02
0 96.89 -2.56 2.69
0 96.17 1.03 3.14
0 95.67 1.58 1.91
0 94.76 2.56 1.33
0 95.81 1.31 2.83
0.16 96.64 -1.56 1.89
7.09 96.85 -1.97 3.34
0 97.22 -4.04 2.07
0 96.59 -2.92 2
1.62 95.09 2.33 3.16
4.91 95.37 -2 1.86
0.52 95.89 -1.32 1.79
0 95.32 4.13 3.73
0 96.01 1.36 5.26
0 96.31 -3.53 2.1
0 96.07 -0.93 2.1
0 95.94 -0.88 2.89
0.41 95.46 -0.05 2.49
3.22 95.96 -5.01 2.62
14.61 96.5 -7.63 1.77
32.45 96.84 -9.27 2.86
0 97.18 -10.92 3.29
0 96.86 -10.26 3.12
0 96.37 -7.9 2.47
0 96.02 -5.26 2.27
0 95.55 -2.23 3.46
0 96.38 -6.21 3.05
0 96.79 -3.76 2.17
0.04 97.09 -4.73 2.06
3.97 95.91 -0.7 4
0 96.66 -2.98 3.95
0 96.36 0.87 2.62
0 95.62 3.39 3.28
0 95.79 -1.04 2.83
0.25 96.39 -5.66 3.38
0 95.87 -6.13 2.75
0 96.08 -7.09 2.14
3.8 95.49 -4.32 3.62
0 96.43 -7.6 2.21
0 96.58 -8.36 1.64
0 95.95 -5.4 2.88
6.64 96.33 -3.8 2.72
0 96.93 -8.64 3.96
0 96.86 -10.03 2.49
0.01 96.85 -9.3 3.7
0 96.02 -4.4 2.47
0 96.02 -4.93 1.44
0 96.18 -4.49 1.34
0 96.23 -4.15 1.49
0.04 96.57 -3.63 1.31
0.07 96.66 -5.7 2.66
6.74 96.27 -9.58 3.82
0 96.66 -10.44 2.76
0 96.57 -11.44 1.39
0.03 96.36 -6.59 2.92
1.06 97.06 -9.82 4.17
0 96.92 -11.74 2.24
0 96.58 -9.55 4.2
0 96.81 -9.02 3.07
0 96.33 -8.49 1.56
0 96.21 -7.66 1.47
0 95.98 -3.48 3.26
0 96.16 -4.86 2.34
0 95.83 -3.3 2.39
0 96.48 -6.33 1.56
0 96.79 -7.86 1.5
0 96.29 -4.66 1.18
7.02 96.34 -3.96 1.59
11.26 95.9 -4.66 2.35
0.01 96.07 -8.04 3.3
0 96.31 -10.8 3.5
0 96.08 -11.06 2.54
0.01 95.83 -12.3 2.87
0 95.93 -10.51 4.92
0 96.92 -11.84 2.23
0.07 96.9 -13.94 1.4
0.02 96.81 -13.41 1.34
0.2 96.58 -11.47 1.92
0 96.91 -11.93 1.75
9.28 96.6 -12.85 2.76
0 96.64 -13.24 2.4
0 96.24 -12.43 4.58
0 96.96 -13.98 2.94
0 97.08 -14.13 2.09
0 97.19 -12.8 1.46
0 96.56 -8.03 2.13
0.04 95.79 -3.72 5.52
0 96.35 -6.61 3.44
0 95.85 -8.91 2.31
0.47 96.66 -11.37 4.09
0 96.96 -9.85 3.4
0 96.38 -7.98 3.44
0 97.1 -7.8 3.92
0 96.5 -4.56 2.48
0 95.95 -4.63 1.76
0.37 95.6 -1.58 2.49
0 95.97 -5.55 3.68
0.01 96.91 -6.72 2.98
0.01 96.87 -7.71 1.25
0.02 96.63 -8.47 5.55
0.01 96.17 -9.64 6.28
0 96.36 -9.38 5.25
0 96.48 -7.16 3.08
0 96.46 -7.15 1.6
0 96.95 -5.8 1.9
0 96.79 -4.24 2.44
0 95.58 2.41 3.2
2.27 95.97 -3.54 4.8
0 96.56 -6.84 3.42
0 95.99 -6.12 2.44
0 94.9 -4 5.07
0 96.67 -7.27 4.64
10.27 96.45 -5.98 2.9
13.43 95.81 -3.95 4.39
0 96.32 -4.64 3.51
0 96.03 -1.92 3.61
0 95.99 -0.57 2.99
0 96.21 -1.38 1.67
0 95.83 1.76 3.02
0 95.83 0.5 2.94
0.45 96.23 -4.63 3.67
0 95.41 -0.95 2.67
0 95.54 -0.5 1.93
0.06 95.76 -3.96 2.37
0.16 96.14 -5.01 3.5
0.03 95.91 -7.45 4.26
0 95.88 -4.93 5.11
0 95.4 -0.28 4.33
0 95.22 0.87 3.27
0 95.44 2.66 1.9
0 95.7 4.81 3.4
0 96.52 -0.14 4.91
0 96.55 1.22 2.8
0 96.52 1.54 2.29
0 96.23 2.89 1.72
0 95.88 3.03 1.72
2.3 95.76 3.78 1.91
0 96.29 5.22 2.3
0.06 96.42 4.64 1.92
0.47 96.45 2.14 3.51
0 96.26 2.01 2.57
0 96.04 2.87 2.14
0.46 96.42 2.07 1.61
3.58 96.1 1.35 1.63
1.27 95.93 3.02 2.59
0.23 95.84 2.29 2.32
0 96.03 3.26 2.58
0 95.79 5.92 2.74
0 95.74 9.16 3.61
0.04 96.57 4.52 2.79
0 96.36 4.52 2.16
0 95.76 5.59 1.78
0 95.76 9.29 2.21
0 95.66 12.81 3.55
0 95.32 17.01 4.34
0.31 95.1 14.52 3.91
3.59 95.19 10.56 3.93
1.74 95.26 9.41 2.69
0 96.02 8.85 4
0 95.99 9.03 1.95
0 94.98 13.43 3.69
0 95.56 7.92 4.18
0 95.5 6.82 2.4
0 94.79 13.05 4.85
0 94.4 15.44 3.02
0 94.83 16.77 3.5
0.13 95.22 14.23 3.21
0.98 94.09 14.66 4.55
0.34 94.25 8.37 6.31
5.35 94.67 8.3 3.17
4.65 95.04 9.58 3.3
0 95.45 10.58 2.43
0.01 94.78 13.63 4.92
0 95.05 9.94 3.17
0 95.36 9.47 3.29
0.01 96 9.24 3.7
0 96.02 10.91 4.65
0 95.18 15.41 4.29
0 94.65 17.6 3.38
0 94.31 20.92 4.63
0 95.23 16.45 2.39
0 95.56 17.88 2.49
0 95.48 21.67 4.7
1.25 95.4 19.34 6.45
12.07 95.36 15.29 3.45
11.75 95.04 10.46 6.02
0 95.3 10.69 6.33
0 95.15 18.57 3.8
0 94.88 20.51 2.74
0 94.59 21.25 4.83
0.36 94.62 19.24 3.41
0.04 94.75 15.48 5.49
0 94.62 13.54 4.48
3.23 94.85 12.38 4.24
0.34 95.58 14.1 4.68
0 95.54 16.97 2.41
0 94.75 20.18 1.83
0 94.56 23.68 2.39
0 94.51 28.98 4.08
0.94 94.93 26.72 3.46
0.42 95.25 23.09 3.09
6.18 95.61 15.15 3.85
211.96 95.69 9.93 2.24
0.03 95.44 16.53 2.04
0.02 95.02 19.38 2.14
0.13 95.57 15.24 3.16
0 95.12 18.72 2.49
0 94.73 21.37 3.32
0 95 21.64 3.98
17.86 95.26 17.83 3.04
0.46 94.76 20.4 3
13.94 94.32 20.03 2.92
0 94.81 17.01 3.39
115.29 95.13 11.94 2.14
0 95.21 16.36 2.64
0 95.22 20.05 2.25
0 95.36 21.94 2.33
21.65 95.05 16.25 2.88
1.45 94.78 18.97 2.79
0.24 94.67 22.05 3.55
0 94.79 20.71 3.4
0 95.15 18.85 1.93
4.92 95.32 18.34 1.97
12.02 95.61 18.76 1.83
0 95.59 21.09 2.19
0 95.13 27.37 2.53
0.09 94.86 28.26 2.01
1.89 94.72 26.97 2.48
5.99 94.61 24.8 2.59
36.66 94.63 21.66 2.91
113.69 94.55 19.66 1.86
8.2 94.59 20.28 2.59
0.37 94.8 21.18 2.28
35.77 95.15 19.46 1.69
76.69 95.06 17.91 1.66
5.16 94.76 19.97 1.55
4.27 94.73 22.36 1.7
0 94.91 24.32 1.77
31.4 94.78 25.27 2.63
9.77 94.79 26.18 3.03
0.07 94.67 27.54 3.56
5.96 94.57 27.13 2.46
17 94.45 27.56 2.54
42.66 94.67 24.8 2.16
0.38 94.78 25.57 2.14
16.23 94.92 24.48 1.99
54.6 95.08 23.49 1.63
48.08 94.85 24.38 2.89
706.63 94.04 22.77 2.63
19.6 93.95 25.04 2.94
49.15 94.14 24.43 2.86
0.45 94.1 24.01 1.73
0 94.35 25.84 2.49
0.83 94.44 28.31 2.69
36.02 94.24 27.83 3.16
11.81 94.66 26.13 1.94
12.59 94.99 26.7 2.08
0 95.12 27.16 1.97
0 95.03 28.94 2.26
0.01 94.76 29.06 3.25
52.37 94.56 26.51 2.73
68.87 94.58 22.09 2.4
44.99 95.3 21.42 2.19
17.96 95.26 21.88 1.73
1.83 94.8 23.94 1.28
1.41 94.93 23.81 1.66
0.28 95.15 23.87 1.91
29.83 94.79 22.63 2.75
1.99 95.01 23.18 2.55
0 95.52 22.9 1.86
0 95.08 23.37 1.7
25.1 94.67 24.26 2.26
0.09 94.84 25.39 1.96
0.66 94.89 26.74 2.73
34.98 94.65 25.35 2.16
752.05 94.11 23.21 2.31
8.34 94.5 24.8 1.45
128.36 94.55 24.38 2.32
56.73 94.38 22.48 1.81
2.76 94.43 23.82 2.1
21.31 94.3 22.72 1.54
34.58 94.13 21.23 1.58
7.66 94.22 23.21 1.56
11.59 94.62 23.66 2.48
47.46 94.99 23 2.07
0.3 95.14 23.73 1.85
32.99 95.09 22.27 1.77
34.08 95 21.55 1.64
214.82 95.07 19.92 2.02
90.39 95.21 20.88 1.86
63.88 95.37 21.45 1.61
17.45 95.4 22.06 1.58
8.16 95.01 22.54 1.96
0.8 94.74 25.32 1.82
34.7 95.21 22.72 1.98
229.06 95.11 19.25 1.91
0.08 95.09 20.04 3.45
0 95.16 18.24 3.41
0 95.49 19.57 2.18
12.99 95.21 17.61 2.79
5.49 95.69 15.91 2.89
0 95.81 14.19 2.07
0 95.54 16.38 2.01
0.43 95.54 16.7 1.55
2.64 95.36 19.54 1.68
15.13 95.41 19.21 2
5.88 95.29 20.1 2.9
2.35 95.11 21.38 3.02
0.03 95 20.27 3.4
0 94.93 19.07 1.7
0 94.7 21.42 2.32
0.72 95.31 18.22 2.58
13.77 95.35 17.61 2.08
58.6 95.2 16.82 1.72
0.08 95.45 16.27 2.1
0 95.85 14.86 1.97
0 96.11 15.82 1.59
2.53 96.07 17.45 2.05
8.87 95.85 18.66 1.95
1.36 95.41 18.92 2.32
0.02 95.24 16.78 2.16
0 94.66 19.14 2.4
0.31 95.14 15.23 3.07
0 95.51 15.34 1.65
0.68 94.83 19.62 3.32
24.15 94.86 17.22 3.67
0 95.03 18.58 4.22
0.08 95.38 17.7 2.63
14.24 95.33 16.53 2.71
24.04 95.65 12.99 2.21
0.16 95.62 9.84 2.26
0 95.48 8.74 3.27
0 95.33 9.64 2.39
0 95.43 13.4 2.95
0.1 95.63 14.85 4.02
0 96.4 9.05 2.43
0 96.74 7.12 1.94
0 96.47 9.62 2.63
0 95.75 14.55 3.41
0 95.52 15.67 3.48
0 95.89 13.78 1.86
16.53 96.2 12.18 1.51
102.05 96.84 8.72 3.02
21.87 96.85 5.3 2.76
1.61 96.63 4.83 2.76
1.69 96.25 4.68 2
0 96.11 6.34 2.95
0.01 96.73 4.37 1.36
23.3 96.77 6.27 1.91
0.12 97.1 4.75 1.71
0 96.91 5.18 1.75
2.56 96.22 8.09 1.41
0.06 96.03 8.63 1.45
0 95.7 11.5 2.65
0.01 96.46 6.94 2.02
3.94 96.56 3.97 1.7
0.06 96.54 4.68 1.74
0 96.31 6.62 1.97
0 96.4 7.73 1.47
0 95.76 10.49 1.54
0.04 95.6 10.99 1.82
0 96.47 6.78 4.23
0 97.01 1.71 3.53
0 96.45 5.23 2.3
0 95.54 7.99 2.85
