1.64 96.68 -15.83 1.76
0.02 97.33 -17.3 1.93
15.94 97.23 -19.43 1.54
6.09 97.37 -17.86 3.58
0 97.7 -19.02 2.62
0.02 97.9 -18.73 2.26
0.22 97.98 -16.47 1.81
12.83 97.41 -15.18 1.24
8.45 97.54 -14.75 1.56
0 97.83 -15.11 1.41
0 97.78 -15.89 2.95
0 97.21 -18.52 3.35
0 97.24 -15.99 2.86
0.59 97.09 -16.06 1.33
0 98.17 -14.85 1.6
0 97.76 -14.49 1.07
0 97.39 -11.25 1.22
0.03 97.29 -6.79 1.67
0 96.75 0.03 3.5
0.07 97.96 -9.23 4.78
0 97.91 -12.73 2.58
0 97.6 -10.81 3.06
0 97.07 -8.01 2.81
0 96.46 -8.23 3.64
0 97.5 -9.11 3.48
0 118.89 -4.79 3.12
4.14 96.38 -3.58 2.92
0.01 97.02 -10.31 3.74
0 96.56 -5.12 3.85
0 96.64 -5.35 1.83
0 97.26 -8.95 1.88
0.17 97.46 -11.65 1.94
0 97.47 -14.72 2.13
0 97.39 -13.43 2.42
0 97.36 -13.7 2.05
0 97.7 -13.39 1.62
0.02 97.65 -11.5 2.27
3.95 96.64 -3.25 2.93
0 96.7 -4.24 2.02
0 97.34 -7.16 2.48
0 97.92 -10.05 3.69
0 98.35 -12.06 4.16
0 98.1 -11.64 2.03
0.04 97.45 -10.46 2.02
0 97.85 -10.1 2.62
0 98.04 -12.47 1.98
0 97.6 -10.2 1.99
0.01 97.11 -8.19 2.87
0 96.94 -8.33 2.39
0 96.41 -4.1 1.9
0 96.3 -6.16 1.73
0 96.39 -5.17 2.09
0 96.49 -5.05 2.63
0 95.41 0.59 2.73
7.87 95.71 -1.76 2.22
0 96.82 -5.82 2.75
0.2 97.02 -5.41 1.68
2.91 96.72 -5.7 2.24
1.83 97.28 -6.85 2.74
0.12 97.02 -7.53 2.04
0.3 96.7 -3.51 3.29
0 96.82 -2.16 3.19
16.98 96.34 -1.12 2.82
6.71 97.46 -8.54 3.52
0 98.19 -10.37 2.31
0.01 98.46 -10.94 2.23
1.95 98.76 -9.5 2.97
0.01 97.94 -8.96 2.56
0 96.58 -3.57 2.64
0.21 95.52 2.49 4.14
1.26 96.6 -3.92 4.76
0 97.34 -3.16 2.18
37.58 96.72 -1.03 2.2
2.5 96.61 -2.37 4.83
0.04 97.13 -4.44 2.47
0 97.53 -5.15 2.27
0 96.56 -2.68 2.82
0.36 95.13 3.81 2.94
38.22 95.72 -0.53 3.79
0 96.16 0.48 3
0.08 96.08 4.26 3.89
0 96.82 2.74 2.9
0 97.33 -0.23 2.91
0.03 97.35 -3.15 3.27
0.38 96.88 -2.61 2.14
1.09 97.46 -2.08 2.14
0 97.35 2.86 1.82
0.06 97.16 5.32 2.32
4.39 96.54 8.74 4.55
1.99 96.2 7.85 4.43
0 96.65 3.02 5.49
0 96.71 0.56 4.06
0 96.43 4.57 4.17
0 96.07 9.11 3.69
5.09 96.7 3.43 2.6
0.01 97.35 2.23 2.44
0 96.81 7.43 3.63
0.6 95.63 11.7 5.9
35.75 96.42 2.25 2.65
0 96.69 3.78 3.15
2.11 96.67 2.36 2.07
30.28 96.44 0.7 3.22
0.12 97.2 -0.32 5.23
0 97.37 2.12 2.34
0.11 96.71 4.78 3.04
11.17 96.93 3.42 1.72
0 96.96 5.39 3.13
13.24 96.22 10.16 3.26
60.22 96.68 7.95 1.87
0.15 97.01 8.71 1.88
0.11 97.25 10.36 2.31
0.61 97 9.59 2.67
0.12 96.92 8.73 1.95
0 96.53 13.03 2.9
2.23 96.32 13.89 4.61
61.45 96.16 4.85 3.18
15.23 95.7 3.39 3.21
0.19 95.79 5.68 5.77
5.23 95.96 7.22 4.47
5.86 96.24 11.56 2.72
0 95.68 16.79 2.22
0 95.4 18.59 4.05
0.53 95.96 16.77 2.24
4.22 95.5 149.6 3.11
277.65 95.06 10.94 3.41
12.78 95.52 13.05 4.4
15.11 95.63 11.7 1.88
1.61 95.87 15.13 2.51
59.07 95.66 10.85 2.82
14.35 95.54 10.07 2.37
4.23 96.56 10.11 2.7
0 96.84 13.15 1.68
0 96.81 15.82 1.81
4.05 96.39 17.41 3.29
6.51 96.24 20.02 2.66
0.97 96.46 18.93 2.93
39.66 96.03 15.72 3.13
114.04 95.11 12.49 2.83
0.56 94.77 18.28 4.46
0 95.61 22.36 2.65
0 95.75 24.75 2.95
0.29 95.76 22.68 2.03
1.64 95.42 21.16 2.64
16.64 95.57 17.21 4.18
1.51 96.18 21.38 3.71
0.12 96.64 21.88 2.3
4.63 96.61 19.75 2.12
73.47 96.09 15.58 2.67
59.43 95.65 16.29 2.44
52.66 96.08 15.05 1.85
12.07 96.67 16.6 1.49
1.85 96.61 18.54 1.74
0.51 96.73 19.32 1.72
0 96.77 20.84 1.86
0.01 96.58 21.5 2.27
0 96.26 22.66 2.39
0 96.27 22.86 2.69
0 96.37 24.12 3.2
0 96.48 24.76 2.91
0 96.54 25.23 2.11
1.49 96.44 22.52 2.15
0.05 96.21 21.52 2.8
0.42 95.87 22.13 2.32
12.64 95.62 22.4 3.21
87.08 95.47 21.9 2.79
1.61 95.33 23.26 2.52
9.09 95.45 23.98 1.74
95.1 95.55 21.4 1.94
10.18 95.61 20.85 1.79
2.31 95.69 23.11 1.49
0.22 96.04 23.15 2.96
0.02 95.67 23.1 2.21
21.11 95.99 20.48 2.26
0 96.09 23.24 1.57
0 95.98 24.95 1.98
0 95.98 25.78 2.2
0 95.9 25.44 1.9
29.06 95.69 22.37 1.75
83.94 95.62 22.14 1.4
0.3 95.67 23.86 1.45
0.06 95.48 24.53 1.78
121.03 95.36 22.01 2.12
4.64 95.34 25.25 1.67
0.04 95.37 27.67 1.43
9.7 95.34 26.77 2.28
0 95.31 26.58 2.89
0.04 95.5 24.86 2.48
19.53 95.81 21.4 1.98
7.45 95.98 22.54 1.92
1.03 95.97 22.56 1.95
91.5 95.8 20.8 1.9
64 95.75 21.2 1.45
173.95 96.01 20.64 1.28
7.16 96.24 22.75 1.26
0 96.2 24.37 1.81
77.47 95.79 22.87 2.46
6.63 95.57 24.6 3.37
1.08 95.78 25.65 2.48
3.64 95.73 26.79 2.44
13.4 95.83 25.56 2.54
326.63 95.73 23.07 1.78
2 95.97 24.4 1.53
4.25 96.07 25.81 1.5
2.32 96.13 26.44 1.64
3.16 96.25 27.24 1.7
0.58 96.1 27.39 2.37
13.98 95.98 27.08 2.04
8.96 95.64 26.84 2.36
86.6 95.24 26.26 2.68
8.78 95.24 23.22 1.55
25.28 95.21 25.7 1.46
150.01 95.51 22.46 1.82
0 96.14 21.84 2.11
0.02 96.05 23.03 1.59
9.7 95.36 24.23 2.63
71.99 95.53 23.57 1.81
190.74 95.91 22.13 2.63
0 96.7 21.2 1.72
14.72 96.36 21.18 1.66
152.35 95.63 22.29 2.34
27.92 95.68 22.63 2.26
0 95.9 22.19 1.87
0 95.63 24.74 2.23
17 95.35 24.49 1.79
2.66 95.24 25.54 2.13
32.17 95.13 24.2 2.74
0 95.62 22.48 2.63
0 96.01 23.13 1.62
16.69 96.03 23.51 2.55
8.08 96.24 23.57 2.83
131.2 96.37 22.42 2.08
2.07 96.64 23.37 1.7
190.5 96.54 19.14 1.62
84.56 96.49 18.9 1.41
1.12 96.5 20.19 1.43
0 96.43 22.52 1.73
0.08 96.65 21.92 1.46
1.32 96.82 22.21 1.88
0 96.53 21.43 1.73
2.87 96.35 21.03 1.26
29.29 95.96 21.39 1.59
16.61 96.09 21.25 1.81
0.79 96.15 21.98 1.77
40.38 96.64 20.86 1.43
2.69 96.77 21.45 1.49
0.04 96.66 20.12 1.13
0 96.4 20.04 1.53
0 96.18 22.24 1.66
2.5 96.34 23.24 1.49
0 96.9 18.54 2.03
0 96.75 17.18 1.34
1.58 96.32 17.8 1.35
22.71 95.94 19.18 1.64
0.55 96.18 19.76 1.29
0 96.31 21.05 1.12
1.52 96.38 22.43 1.39
0 96.5 22.4 1.48
3.31 96.3 21.86 2.4
119.93 96.66 15.61 2.33
260.34 96.78 9.97 2.16
174.01 96.64 12.41 1.37
0 96.37 15.99 1.41
36.35 96.58 14.89 2.12
195.69 97.22 10.27 2.86
0 97.14 10.29 1.95
0 96.94 12.87 1.56
0.5 96.68 14.83 1.62
8.79 96.44 15.83 2.72
0.42 96.61 13.93 2.19
0 96.53 11.45 4.12
0 97.39 9.42 2.88
0 97 10.32 1.49
0.04 96.69 14.89 1.85
0.96 97.01 13.39 1.49
369.66 96.71 8.85 2.44
90.66 96.63 7.36 3.46
0 96.78 9.79 2.2
0 96.43 12.93 1.45
0 96.3 16.54 2.09
0 96.47 17.8 2.81
0 96.42 17.14 2.69
0 95.95 16.74 2.69
23.17 96.53 11.72 2.39
124.94 96.95 5.97 2.51
0 97.09 8.28 1.57
0 96.62 10.34 1.54
0 96.79 9.25 2.91
0 96.36 7.94 2.82
0 97.17 3.46 2.89
0 97.78 1.25 1.33
15.65 97.75 0.44 1.24
45.19 97.72 2.09 1.39
0 97.6 2.97 1.3
0 97.1 4.17 1.48
0 96.77 9.05 1.82
5.7 96.92 9.79 2.5
3.23 97.45 4.09 3.54
0 97.82 0.84 3.94
0 98.52 -0.88 2.93
0 97.71 0.73 1.77
0 97.53 4.92 1.98
0 97.52 6.31 1.76
0 97.58 6.43 1.6
0 97.39 6.51 1.99
0 97.91 2.98 3.6
0 97.51 1.92 2.01
0 97.03 5.84 2.11
0 97.13 5.03 1.38
0 96.81 7.14 1.83
0 96.51 7.67 1.67
6.69 96.63 4.53 2.88
0.43 97.18 0.71 3.52
0 96.91 -0.74 1.42
0 96.51 0.17 1.47
66.59 95.85 1.06 3.63
2.25 96.41 -0.17 2.27
2.4 97.35 -0.37 3.28
0 98.36 -3.99 2.54
0.03 97.73 -2.89 2.28
0 97.04 0.43 1.64
0 96.99 1.17 1.97
0 96.63 5.31 3.2
0 96.16 4.18 2.23
0 95.93 6.01 1.98
0.22 96.04 2.84 4.37
0 96.87 -2.44 2.1
0 96.77 -1.76 2.2
0.01 96.9 -1.08 3.87
0 97.24 -5.96 2.15
0.46 96.45 -5.88 1.95
0 96.7 -5.93 5.96
0.48 96.96 -7.61 1.76
0.56 96.87 -7.12 1.4
0 96.46 -3.02 2.03
0.09 96.03 -2.66 2.12
0.08 96.58 -7.19 3.4
0 96.77 -6.25 2.34
0 95.68 1.45 2.28
0 97.02 -2.7 3.52
0 97.61 -5.72 3.08
0 96.34 -5.23 2.03
0 96.3 -6.56 1.84
0 95.9 -5.47 2.21
1.38 95.62 -7.48 4.09
0 96.74 -11.68 2.16
1.87 97.09 -13.5 2.71
0.2 97.82 -14.96 2.98
0 97.69 -15.55 3.65
0 97.39 -14.48 3.51
0 96.09 -9.37 2.66
0 95.93 -6.15 1.82
0 95.95 -4.03 1.79
0 96.2 -3.66 2.23
0 96.48 -1.5 1.76
0 96.23 -6.8 1.54
0.31 96.8 -10 2.86
0 98.09 -16 3.78
0 98.06 -15.64 3.33
0 97.14 -14.72 3.25
0 96.02 -11.86 3.07
0 95.69 -9.11 2.21
0 96.32 -11.15 3.44
1.37 96.61 -11.96 1.91
0.03 96.72 -11.85 4.82
0.74 97.2 -10.69 5.45
0 97.9 -10.65 3.15
0 98.09 -11.98 2.57
0 97.7 -12.69 1.22
0.01 97.3 -12.51 1.64
0.02 97.4 -11.16 4.06
0 98.01 -9.91 3.5
0.01 97.37 -7.83 2.07
0.19 97.22 -8.72 3.29
0 97.8 -12.47 3.37
0 97.07 -10.76 2.16
0 96.59 -11.18 3.55
0 96.81 -13.05 1.8
0.01 96.77 -11.32 2.2
0.03 97.8 -14.4 2.59
0 98.24 -17.17 3.61
0 98.03 -15.39 2.14
0 97.84 -14.06 2.54
0 97.55 -14.03 2.58
0 97.52 -13.91 2.89
0 97.44 -12.53 2.05
0 97.25 -12.48 1.71
0 97.25 -12.81 2.69
0.04 97.52 -13.73 3.46
0.01 97.71 -13.97 2.14
0.14 97.87 -14.62 2.2
0 98.31 -14.87 1.68
0 98.6 -13.95 2.29
0.02 98.12 -13.95 2.65
0 97.8 -13.75 3.54
0 97.57 -10.84 2.73
0 97.11 -3.49 2.91
0 96.83 -4.18 1.58
0 96.79 -7.22 1.35
0 96.65 -6.04 2.01
0 96.91 -5.67 2.18
0.03 96.13 -3.64 3.86
0.12 96.62 -2.27 2.66
0 96.42 -6.14 1.88
2.15 96.47 -6.5 3
0.12 97.33 -9.68 2.08
0.89 97.36 -9.78 1.39
0.82 97.57 -12.6 3.5
0 97.73 -11.96 2.22
0.13 97.64 -11.26 2.1
0.09 97.6 -11.54 1.64
0 96.86 -4.83 2.62
0.97 96.81 -5.17 1.54
2.24 97.22 -4.32 2.51
0 97.21 -4.19 1.83
0 97.04 -0.09 2.13
0 97.4 -0.82 1.65
0 97.01 0.93 1.93
0 96.51 2.07 3.37
4.67 96.3 1.71 2.36
0.87 97.05 -3.28 2.65
0 97.74 -4.87 1.75
7 97.15 -2.06 3.74
0.48 97.85 -8.23 3.97
0.15 97.38 -7.37 3.37
0 97.06 -5.77 2.68
0 97.08 -6.02 2.23
0 97.18 -4.09 2.54
0 96.84 -1.26 1.87
0.23 96.31 1.47 2.32
0 97.09 -0.87 3.76
0 96.82 -0.49 3.92
0 96.88 -2.49 4.4
0 97.25 -1.19 3.57
0 96.95 0.7 3.18
0 96.4 2.32 2.96
0 95.65 7 2.08
0.02 96.32 2.82 4.18
0 97.53 -1.4 4.08
0 97.23 -3.7 4.61
0 97.01 -2.8 3.1
0 96.43 2.99 3.11
0 96 5.67 4.29
0 96.48 2.62 3.12
0 96.65 0.98 2.37
0.65 97.23 -2.06 3.55
0 97.35 -1.87 2.94
0 97.08 -1.46 2.42
0 97.19 -1.22 4.13
0 103.33 0.28 2.54
0 103.28 1.58 2.63
0 103.1 3.65 2.87
0 103.39 3.28 1.85
0 103.01 7.66 3.03
0 102.75 8.34 1.95
0 102.28 10.35 3.41
0 103.57 3.57 4.5
0 103.54 3.14 2.6
0 103.07 6.19 2.3
0 103 8.03 1.61
0 96.87 10.28 2.98
0.13 96.17 10.99 4.7
1.46 96.45 8.7 3.76
0 96.49 8.88 3.72
0 96.28 10.04 4.08
1.98 96.97 6.55 3.09
0 96.66 9.44 2.9
0 96 15.32 3.37
0 96.11 14.52 1.84
0.08 95.36 15.99 2.9
0 96.2 11.3 4.68
0 96.03 12.12 3.89
5.19 95.9 9.18 6.11
1.99 96.57 7.33 5.14
0 96.51 10.21 2.42
0 95.88 14.05 3.78
41.4 96.63 8.47 2.51
3.46 96.49 7.6 2.18
9.14 96.23 6.48 2.7
1.99 95.79 7.65 3.79
0.16 95.41 9.56 2.17
7.59 95.41 9.69 2.67
2.71 96.09 8.48 3.03
0 95.64 10.07 1.93
48.77 95.05 8.51 1.66
12.59 94.93 10.05 2.39
2.06 95.8 13.93 3.64
0.42 96.06 12.57 3.46
0 96.4 13.53 2.88
1.48 96.04 13.51 2.99
136.83 95.29 10 3.17
0.11 95.24 11.34 2.93
0.03 95.74 13.83 2.69
1.43 95.82 15.25 3.77
25.87 95.52 16.78 2.66
0 95.78 18.69 1.92
0.24 95.44 17.69 4.09
0.48 95.34 14.49 5.76
0 95.51 16.62 5.97
0 95.7 16.99 3.95
0 96.24 14.39 3.53
0 96.24 15.17 2.04
0.01 95.21 17.35 3.04
23.95 94.94 18.03 3.97
14.13 96.05 14.77 3.07
0.74 96.17 13.15 3.37
0.44 96.09 13.5 3.64
0 95.92 18.29 2.65
0 96.05 19.32 2.65
0 96.18 21.61 2.89
3.55 96.12 21.28 4.03
11.84 96.07 19.56 4.35
0.02 95.85 21.12 3.29
0.65 95.68 24.46 5.22
10.88 95.76 23.02 2.68
51.54 95.33 19.49 2.76
14.93 95.23 17.71 2.61
0.03 95.71 20.02 2.43
4.65 95.44 21.01 4.37
8.04 95.5 19.69 3.59
0.86 95.78 20.37 2.05
0.85 95.64 23.52 2.18
31.86 95.03 24.79 3.1
20.06 94.76 21.92 2.71
31.73 95 21.48 2.06
0 95.39 23.11 2.71
35.99 95.38 21.2 2.03
224.26 95.54 16.95 2.14
18.91 95.7 19.7 2.09
21.67 95.76 21.52 1.6
58.46 95.6 20.09 1.91
91.07 95.58 18.41 2.02
103.48 95.78 17.3 1.64
0.69 95.89 20.31 1.37
0 95.82 22.79 1.46
0 95.67 24.99 2.32
0.08 95.37 26.45 2.89
0 95.29 26.91 2.7
8.82 95.09 22.47 2.54
77.09 95.31 17.49 2.61
1.01 95.98 20.5 2.42
0 96.36 21.43 1.71
12.51 95.75 21.75 2.71
25.12 95.07 22.05 2.13
3.33 95.28 24.36 2.61
0.05 95.46 24.24 3.38
18.78 95.37 22.93 2.87
50.37 95.42 22.19 1.77
0.28 95.27 23.86 2.28
0 95.37 24.54 2.37
0 95.51 25.66 2.05
25.27 95.07 22.77 2.2
1.59 94.73 25.41 3.03
100.41 94.85 19.11 1.58
47.78 94.93 19.37 2.47
3.94 95.57 21.87 1.81
13.72 95.76 23.59 2.36
10.64 95.84 24.03 2.48
7.91 95.85 23.78 2.54
1.33 95.66 23.97 1.73
63.06 95.75 22.63 1.85
16.54 95.73 23.36 1.47
32.1 95.61 22.75 1.83
41.41 95.66 22.03 1.5
34.71 95.71 22.87 1.13
182.39 95.54 21.63 1.29
99.95 95.5 21.72 1.56
98.9 95.45 22.32 2.05
27.17 95.38 23.63 2.08
0.35 95.46 25 1.71
26.94 95.47 25.1 2.39
371.74 95.29 22.73 2.6
162.37 95.18 23.05 2.3
9.43 95.42 23.36 2.3
2.32 95.59 24.93 1.76
33.88 95.77 23.15 1.4
151.48 95.43 21.36 1.64
0.02 95.49 23.58 1.52
0.77 95.62 24.69 2.02
0.77 96 23.59 1.69
0.12 95.63 23.65 2.13
0 95.57 23.85 2.1
0.03 95.78 24.34 1.81
7.16 95.78 23.37 1.54
15.03 95.8 23.94 1.55
24.63 95.37 23.98 1.55
16.84 95.47 25.6 1.87
0 95.91 25.01 1.39
0 95.76 25.39 1.43
0 95.49 25.83 1.92
23.99 95.24 25.38 1.87
47.61 95.59 22.1 1.82
253.61 95.66 19.16 1.46
29.1 95.65 21.96 1.55
25.72 95.83 21.42 1.25
0.2 96.08 22.05 1.42
0.36 96.24 22.38 1.35
0 96.22 23.68 1.4
1.25 96.11 23.78 1.78
41.12 96.34 21.65 1.7
0 96.35 20.88 1.23
14.01 96.33 20.73 1.47
3.37 96.55 20.93 1.42
0.3 96.64 21.74 1.54
24.73 96.44 20.02 1.56
19.13 96.1 21.24 1.33
1.81 95.99 22.72 1.51
0 95.91 23.65 1.51
33.14 95.65 23.01 2.77
1.08 96.19 19.63 1.61
0 96.01 20.06 1.54
2.36 96.53 18.74 1.68
0.24 96.46 18.98 1.23
0 96.51 18.37 1.18
0 96.07 19.37 1.31
34.66 95.68 18.93 2.61
3.1 96.35 14.46 1.98
0.12 96.91 13.92 1.82
2.95 97.18 14.3 1.77
12.34 96.65 17.14 1.88
0.22 96.37 17.91 2.25
0.05 95.94 20.44 2.96
19.86 96.03 17.9 2.01
7.38 96.25 15.39 1.8
38.51 96.6 13.35 2.46
0 96.99 10.63 2.49
0 97.42 10.51 2.08
0 97.25 10.98 1.36
0 96.9 12.17 1.49
0 96.48 13.43 1.52
0 96.57 14.61 1.99
0 96.5 14.93 1.75
0 96.21 17.36 2.41
0.19 96.5 18.4 1.77
0.1 96.67 18.68 2.5
0.03 96.51 18.33 2.49
3.92 96.34 15.82 2.39
0.37 96.79 9.89 2.89
0 97.32 7.55 2.42
0 97.34 8.24 2.72
0 97.8 8.71 2.7
0 97.46 9.97 1.53
0 96.78 11.59 2.08
0 96.16 13.48 3.33
0 96.78 10.84 2.42
0 96.79 10.69 1.4
0 96.56 13.95 2.38
0.09 96.93 14.37 2.64
0 97.48 9.8 1.37
0 97.18 12.05 1.68
0 96.6 14.32 1.37
58.77 96.07 11.49 1.66
8.31 95.96 10.3 1.68
2.1 95.55 10.05 2.39
1.03 96.06 9.87 4.01
0 97.13 5.56 2.33
0 97.19 8.56 1.57
0 96.99 11.18 2.43
0.01 96.81 14.75 3.17
0 96.74 13.92 2.07
0.28 96.63 11.23 1.29
24.13 97.17 5.87 3.74
0.02 97.51 3.68 3.33
0 97.56 4.82 1.88
0 97.13 6.36 1.54
0.75 96.97 8.08 2.18
0 97.25 6.96 1.47
0 96.91 7.11 1.47
0 96.7 9.65 2.84
0 96.9 10.89 3.43
2.11 97.09 12.5 2.63
0.18 97.72 6.35 1.61
0.82 97.42 7.56 1.62
2.73 97.13 10.61 2.67
0.41 97.83 4.27 3.25
0.04 97.7 2.83 1.62
0 97.62 3.66 1.82
0 97.59 3.4 1.59
0 97.39 2.31 1.23
0 96.76 2.7 1.33
0 96.16 4.47 1.95
0 96.41 6.41 2.95
0.09 97.25 -0.52 2.81
0 97.41 -3.95 1.42
0 97.46 -3.2 1.48
0 97.64 -0.22 1.87
56.33 97.01 0.71 1.11
10.01 96.76 -0.39 3.1
0.89 96.98 -4.39 3.13
0 97.48 -5.74 2.27
0 97.49 -4.27 1.64
18.23 97.07 -5.18 2.25
0.38 97.69 -7.38 3.23
0 97.45 -8.34 1.03
0.07 97.44 -6.75 1.45
0.62 96.7 -0.05 1.51
0 96.81 -1.56 1.22
0 97.65 -3.01 2.64
0 98.22 -7.64 1.73
0 98.5 -7.7 2.2
0.09 97.77 -7.87 0.97
0.03 97.04 -5.78 1.03
0 97.23 -6.22 1.54
0 97.6 -7.7 1.27
0.87 97.86 -8.43 0.87
0.98 97.77 -5.58 1.01
0.7 98.04 -6.82 2.82
0.02 98.37 -11.04 3.79
0 97.97 -10.7 2.87
0.01 97.1 -6.52 3.5
0 97.13 -2.95 2.46
0 97.65 -6.44 1.55
0.01 96.94 -3.28 2.9
0 97.62 -8.01 4.28
0 97.86 -11.74 3.55
0 97.99 -11.6 3.36
0 97.73 -9.99 2.21
0 97.78 -9.77 2.08
0 97.71 -10.76 1.09
0 97.35 -10.18 1.85
0 97.28 -9.06 3.47
0 97.59 -11.06 2.19
0 97.07 -9.31 2.45
0 97.29 -12.7 1.4
0 97.8 -12.97 1.29
0 98.06 -12.02 1.34
0 97.54 -8.6 1.41
0 97.94 -10.45 2.02
0 98.32 -14.82 1.21
0.08 97.75 -13.23 1.18
0.01 97.5 -10.2 1.79
0.71 97.91 -11.31 2
0.92 97.34 -11.82 1.98
0.31 97.46 -11.91 3.53
0 97.7 -11.55 2.35
0 97.5 -11.67 1.81
0 98.35 -13.93 1.45
0.12 98.25 -14.99 1.05
0 97.79 -12.58 1.2
0 97.78 -13.51 1.07
0.13 97.79 -12.92 2.62
0 97.92 -12.38 2.63
0 96.99 -7.13 2.45
0 97.24 -9.11 1.77
0 97.17 -9.11 1.81
0 96.93 -10.44 1.17
0.05 96.74 -9.16 1.18
0.07 96.97 -11.33 1
0 97.13 -11.06 1.13
0 97.57 -11.4 1.16
0.01 98.24 -13.05 3.51
0 98.13 -16.99 2.95
0 97.79 -17.17 2.65
0 97.27 -16.93 1.98
0 97.09 -15.93 2.33
0 96.7 -14.03 2.25
0 96.81 -13.23 1.65
0 97.36 -14.22 1.61
0 97.59 -14.71 1.38
0 97.98 -15.21 1.7
0.05 97.64 -17.08 1.26
0.28 97.09 -15.61 3.4
0 97.9 -16.7 3.97
0 97.89 -14.95 2.9
0 96.88 -12.58 2.61
0 96.97 -9.64 2.27
0.15 96.4 -6.18 2.13
0.03 96.98 -11.28 4.78
0 97.25 -14.68 4.38
0 96.82 -11.77 4.11
0 97 -9.66 2.76
0 97.38 -10.48 2.52
0 97.4 -10.64 1.83
0 97.14 -8.51 2.3
0.03 96.8 -3.87 1.92
0.24 97.34 -7.8 3.14
0 97.32 -10.08 2.52
0.04 97.39 -10.56 3.27
0 97.52 -11.83 4.33
0 97.42 -9.4 3.03
0 96.81 -5.8 2.52
0 96.96 -7.5 1.98
0 96.75 -8.95 1.26
18.56 96.3 -6.85 2.49
0 97.27 -7.03 2.38
3.96 97.1 -6.28 2.12
0.12 97.57 -7.79 3.22
0 97.53 -8.18 2
0 97 -5.9 1.85
0 96.6 -1.26 2.65
0 96.75 0.06 1.98
4.26 97.32 -3.21 1.93
0.39 97.53 -6.5 2.22
0.27 97.52 -5.81 1.55
0.07 96.88 -1.59 1.73
36.36 96.12 -2.27 1.26
37.14 96.12 -3.5 2.45
0.03 96.79 -4.39 2.9
0 97.55 -7.11 3.14
0 97.32 -7.95 1.77
0.2 97.11 -7.14 4.31
0 97.61 -6.8 3.61
0 97.31 -5.27 1.97
0 96.6 -1.17 2.67
0 97.19 -0.53 2
0 96.81 2.59 3.34
5.46 95.87 5.49 3.86
6.41 96.55 -2.27 3.68
7.68 97.41 -7.01 2.82
0 97.13 -1.71 2.43
0 97.08 0.06 1.89
0 96.42 4.97 3.56
0 97.02 3.05 1.7
8.91 96.11 1.36 3.57
0 96.48 0.84 5.4
0 96.99 0.84 3.49
0 96.66 4.85 2.36
0 96.82 9.02 3.09
0 97.08 9.35 3.15
0.28 95.99 10.95 6.75
0.54 96.67 2.63 4.4
0.25 96.68 0.44 4.48
0 96.77 0.07 1.93
4.87 96.57 2.03 2.4
0 96.18 4.7 3.75
0 95.96 5.3 4.47
0 96.25 4.56 4.31
0.1 96.68 3.51 2.68
0 96.2 8.99 3.64
0 96.22 11.28 4.23
0 96.19 12.91 3.45
10.85 95.87 14.05 5.12
5.68 96.23 8.66 4.37
0 95.66 12.59 3.15
0 95.53 14.34 3.29
0 95.55 15.24 3.26
0.76 96.13 10.5 3.51
0 96.51 9.5 2.66
0 95.56 15.81 3.69
0 95.6 17.86 4.11
1.28 96.09 13.89 4.45
54.66 96.58 12.97 3.17
2.5 95.99 12.3 2.22
0.53 95.29 13.93 1.88
0.54 95.28 17.03 3.68
135.49 95.71 12.92 2.3
110.07 95.64 9.83 4.09
0 95.12 11.3 3.3
0.1 94.75 12.65 6.43
0 96.06 10.45 3.37
0 96.08 12.75 2.57
0.52 95.71 17.81 3.57
0.38 96.31 17.15 2.39
12.75 95.8 17.5 2.05
0 95.84 20.93 2.09
0.8 95.98 20.44 2.4
0 96.04 18.41 3.7
0 95.68 17.61 2.3
0.6 95.69 16.93 1.72
0 95.89 18.12 1.98
0.05 96.18 20.11 2.39
5.8 96.35 20.55 2.46
48.2 96.42 16.11 1.63
32.98 95.97 13.52 2.32
19.02 95.73 12.47 3.02
6.13 95.66 13.4 3.72
0.01 95.37 13.42 2.79
11.03 95.11 12.96 4.28
0.15 95.61 16.16 1.93
0 95.51 21.83 3.71
17.81 96.05 20.27 3.05
5.15 96.43 19.39 2.02
0.12 96.29 20.88 3.51
3.21 95.99 20.03 3.67
8.6 96.09 18.07 2.89
0 96.08 17.67 2.89
0 95.88 18.61 2.48
0 95.51 20.7 2.44
0 96.02 20.83 2.09
0 96.14 22.85 2.26
8.14 96.12 21.05 2.74
72.36 96.54 15.51 2.66
0.19 96.64 17.61 1.76
11.22 96.27 17.14 3.1
31.8 95.96 17.36 2.59
130.82 95.77 15.75 2.16
14.43 95.41 19 2.98
2.95 95.58 20.98 2.13
8.31 95.18 20.56 2.32
14.76 95.03 22.48 2.34
36.29 95.03 22.39 2.49
90.65 94.9 21.42 3.02
21.52 95.03 17.91 2.38
1.97 94.75 17.61 3.11
12.43 94.84 17.45 1.99
84.2 95.47 15.31 1.75
335.29 95.69 15.39 2
138.98 95.66 16.34 2.42
5.06 95.55 19.72 1.59
10.93 95.43 22.5 1.62
14.18 95.64 21.61 1.8
58.04 95.39 21.81 1.37
8.87 95.42 22.68 1.64
3.26 95.59 22.42 1.52
51.15 95.57 20.97 1.77
1.17 95.34 22.18 2.47
33.52 95.35 22.62 2.96
22.67 95.72 21.59 2.15
12.6 96.1 23 2.48
1.45 96.25 23.25 1.82
2.77 95.99 21.29 2.47
85.51 95.55 20.79 2.19
0 95.34 23.98 1.87
5.84 94.99 24.74 3.35
5.56 94.97 23.13 2.86
0.84 94.95 23.09 2.7
0.13 95.34 23.73 1.7
1.15 95.5 23.61 1.65
0.66 95.37 24.46 1.47
17.58 95.36 25.08 2.09
66.65 95.37 25.45 2.37
35.87 95.43 24.39 2.21
215.07 95.03 20.76 1.77
46.91 94.72 19.99 2.36
70.13 95.11 20.01 2.66
11.03 95.63 21.95 2.89
0 95.66 21.92 1.51
0 95.69 23.17 1.58
0 95.95 24.81 1.4
0 96.09 24.73 2.12
0.27 95.91 24.45 2.26
2.14 95.72 24.95 1.47
8.23 95.66 25.47 1.65
45.06 95.62 24.27 1.99
524.31 95.16 22.54 3.46
0 95.67 24.02 1.43
0 95.9 24.26 1.79
6.72 95.83 24.59 2.37
109.67 95.44 25.31 3.01
2.1 95.79 24.6 1.49
137.88 95.4 23.21 2.47
26.61 95 24.4 3.16
0.38 95.67 22.67 1.74
85.97 96 20.37 1.37
160.39 96.13 19.49 1.57
252.85 96.06 20.28 1.45
30.29 96.13 21.76 1.54
222.3 96.13 21.84 1.62
0 96.31 23.62 1.17
0 96.14 24.41 1.18
0 95.78 25.53 1.88
18.14 95.64 25.19 1.9
12.91 95.93 23.99 1.28
0 95.82 24.27 1.61
19.34 95.91 21.11 2
28.91 95.91 18.82 2.04
1 96.02 20.54 1.62
2.89 95.75 19.44 1.84
2.38 95.77 21.43 1.47
0 96.15 22.49 1.86
0.08 95.75 23.21 2.91
106.63 95.72 23.43 2.15
5.85 95.82 22.06 1.37
27.96 95.78 21.01 2.15
10.87 96.43 17.21 1.71
0.06 96.58 17.16 1.83
0 96.36 20.06 2.41
0 96.3 21.8 2.26
0.22 96.13 22.16 2.29
1.91 96.17 21.52 1.54
20.14 96.07 21.41 1.53
1.12 95.55 22.71 1.85
1.61 95.67 24.11 2.34
0 95.96 24.62 1.8
0 96.08 25.48 2.01
0.68 96.12 24.98 1.98
196.11 96.05 18.57 2.87
66.49 96.44 13.88 2.5
0.71 96.48 14.07 1.6
1.7 96.62 16.42 1.81
0 96.53 19.76 2.14
34.06 96.68 18.02 1.61
2.28 96.57 17.33 1.1
0 96.48 18.8 1.22
0 96.42 20.63 1.71
43.46 96.1 19.83 2.07
97.88 96.06 14.37 2.92
0.38 96.22 12.9 2.25
0 96.61 14.27 1.5
0.16 97.09 14.73 1.09
0 97.18 14.42 1.24
0 96.49 15.41 2.15
0 96 16.17 2.19
0.21 96.03 16.27 1.34
0 96.26 17.88 1.52
2.39 96.18 18.79 2.1
1.1 96.19 17.83 1.52
4.06 96.5 16.43 1.29
0.33 96.86 16.29 1.45
16.09 96.71 15.82 1.82
3.2 96.94 15.88 1.18
86.78 96.59 12.01 1.54
105.1 96.46 9.95 5.69
2.34 96.68 12.12 3.53
0 96.74 11.38 1.44
0 96.61 12.73 1.34
0.48 96.41 14.31 1.86
1.87 96.2 13.82 2.33
0 96.34 13.45 1.9
0 96.89 11.78 1.6
0 97.34 12.19 1.15
0 97.19 13.58 1.29
0 96.7 15.51 2.08
40.86 96.23 13.62 2.71
0 96.78 9.08 2
0.02 96.42 10.6 2.15
0 96.2 13.2 1.76
0.12 96.56 9.94 3.21
0 97.02 7.59 2.1
0.01 97.19 7.81 1.88
61.27 96.49 9.55 3.1
0 96.56 5.04 3.08
0 96.64 5.88 2.1
0 96.49 8.17 2.01
0 96.88 6.93 1.73
60.37 97.21 2.75 1.09
75.08 96.59 2.66 1.86
0 96.28 6.3 1.64
0 95.99 9.42 2.37
0 96.67 8.97 1.67
0 96.7 10.92 2.16
8.4 96.52 11.41 2.68
0 97.52 4.32 1.78
1.52 97.42 0.92 1.86
0.1 97.02 0.76 2.76
0.07 96.84 0.43 2.1
0 96.86 2.23 1.48
0 97.09 1.37 1.8
14.98 97.04 2.72 1.39
170.91 96.58 1.96 81.64
64.24 96.83 -0.1 3.1
0 96.95 -1.96 1.38
0 96.6 -0.26 1.5
0 96.84 0.78 1.49
0 97.32 -1.06 1.19
43.16 97.01 -0.87 0.91
187.58 95.54 -1.56 4.39
0.96 96.11 -3.19 3.51
0 96.18 -4.88 4.13
0 97.04 -4.18 2.77
0 97.36 -5.8 1.33
20.87 96.79 -2.42 1.58
0 96.7 -4.95 79.53
0.03 96.44 -4.45 2.5
0.01 96.96 -2.61 2.71
0 97.05 -4.62 1.25
0 96.68 -1.88 2.03
5.01 97.17 -4.66 2.29
0 97.12 -5.89 2.08
0 96.59 -4.63 2.06
0 96.47 -2.41 2.91
0 96.59 -6.66 2.58
0 95.7 -3.21 3.31
0.02 96.38 -5.16 3.81
0.02 97 -8.28 2.02
0 97.72 -11.82 2.32
0.12 97.44 -12.69 1.92
0.66 96.28 -4.38 2.62
3.28 96.4 -6.81 3.71
0 96.74 -9.92 1.66
0 96.75 -11.99 2.79
0 96.74 -13.8 2.23
0 96.89 -15.12 2.21
0.01 96.87 -15.76 4.04
0 96.98 -11.04 3.66
0.05 97.64 -12.24 1.4
0.03 97.8 -12.48 1.12
0.08 97.28 -11.12 1.57
0.02 97.23 -8.53 1.22
11.57 97.31 -9.17 1.61
1.01 97.11 -8.1 1.54
0.33 97.5 -11.23 1.21
0 97.8 -11.72 3.47
0 97.93 -13.85 2.44
0.01 97.41 -14.54 1.03
0.15 97.53 -11.62 318.27
5.76 97.45 -9.29 3.1
0.01 97.96 -14.81 3.08
0 97.79 -18.73 2.38
0 96.94 -17.82 3.59
0 98.09 -17.71 2.66
0 97.86 -18.01 1.27
0 97.22 -13.49 1.19
3.26 97.2 -13.71 1.1
17.82 97.2 -11.9 3.39
0 96.85 -14.8 3.14
0.03 96.33 -15.22 1.58
0 96.75 -16.58 3.64
0 97.86 -17.56 4.15
0 98.45 -15.33 2.36
0 97.5 -15.69 1.62
0 97.32 -13.95 1.71
0 97.25 -15.22 1.25
0 97.14 -14.83 1.67
0.03 97.58 -16.38 1.79
0 97.38 -15.48 1.68
0 97.26 -15.11 1.32
0.7 96.88 -13.2 1.04
0 96.96 -12.35 1.63
0 96.98 -13.31 1.04
0 97.42 -10.85 1.9
3.04 97.18 -13.13 1.82
0 97.85 -14.08 2.51
0 98.11 -12.07 1.68
0 97.1 -8.66 1.95
0 97.64 -9.76 1.36
7.84 97.68 -9.47 1.04
0.35 97.66 -8.95 1.98
0 97.45 -12.4 1.18
0.02 96.28 -8.27 2.24
0.05 96.88 -13.17 4.09
0 96.98 -14.65 1.72
0.17 97.32 -14.56 1.11
0.04 97.23 -12 1.81
0 96.75 -7.24 1.32
0 97.04 -7.58 1.25
0.04 96.99 -5.65 1.6
2.02 96.91 -5.27 1.61
1.75 97.41 -7.08 4.04
0 97.61 -10.2 2.09
2.13 96.63 -8.49 2.26
0 97.34 -9.02 2.99
0.01 96.89 -8.12 1.76
1.71 97.19 -14.32 3.85
0 98.04 -17.11 4.87
0 97.97 -15.69 1.59
0.45 97.05 -11.55 2.11
0 97.65 -12.42 2.37
0.08 97.71 -11.82 1.77
0 96.95 -7.09 82.97
0 96.71 -4.48 2.6
0 97.38 -8.55 2.22
0 97.35 -9.93 1.65
0 96.66 -6.55 2.36
0.03 96.54 -4.41 3.99
0 97.3 -9.88 3.14
0 97.49 -11.79 2.25
0.03 97.42 -11.46 1.74
0 97.27 -8.09 2.76
0 97.47 -6.71 2.53
0 97.4 -4.41 1.85
0 97.58 -6.17 1.58
7.31 97.43 -6.76 1.89
0.74 96.48 -0.82 2.38
0 96.39 0.63 2.53
0.27 95.85 -1.82 5.48
0 97.61 -7.1 5.86
0 97.75 -5.32 1.96
0 96.61 -0.98 2.43
0 96.92 1.64 2.61
0 96.3 5.47 2.98
0 96.25 3.51 1.55
0 95.68 3.92 2.13
0 95.6 0.47 2.5
0 95.64 -2.13 5.16
0 97.2 -1.82 2.13
0 96.42 3.86 3.45
25.25 96.32 0.42 3.61
0 97.53 -5.44 4.18
0 97.07 0.36 2.94
0 96.55 5.54 2.62
0 96.98 5.22 2.76
0 95.51 7.62 3.24
0.78 95.66 -2.1 3.9
16.5 96.44 -6.14 3.32
0.24 96.87 -6.28 2.98
0 95.59 1.25 5.42
0 96.59 -2.42 2.94
28.84 96.27 -4.52 3.28
0 96.95 -4.51 3.42
0 96.82 -1.44 1.91
0 95.83 4.47 4.03
2.14 95.99 2.22 3.33
0 96.86 -0.26 3.19
0 97.09 -1.11 2.39
0.37 97 0.16 1.74
6.8 96.7 1.75 2.22
108.35 96.77 0.9 2.52
0 96.28 4.35 2.91
0 96.32 6.28 2.91
18.66 96.53 0.74 2.22
55.89 96.75 -0.22 3.08
0 96.52 0.25 2.92
0.27 95.74 1.65 2.58
15.53 95.69 1.25 2.87
4.5 96.58 1.26 3.74
0.78 96.46 2.16 3.36
0 96.49 3.1 3.43
0 96.04 7.82 2.47
0.23 95.53 7.34 4.31
0 95.83 3.46 4.94
0 95.59 5.18 2.23
6.15 95.82 4.71 3.2
43.16 96.19 1.89 332.08
5.53 97.11 1.95 4.42
0 97.16 3.3 2.04
0 96.81 5.76 2.51
0 96.51 8.8 2.07
0.2 95.93 12.59 4.43
68.08 95.96 7.8 2.24
1.22 95.86 8.37 2.71
0.07 95.93 9.49 4.33
0 96.03 10.89 1.86
0 96.03 13.95 2.22
8.71 95.81 12.63 3.88
0.43 95.89 12.62 6.1
1.13 96.4 11.5 5.39
1.45 96.5 12.33 2.18
1.69 96.39 12.43 2
3.5 96.57 13.4 1.82
0 96.33 17.47 2.76
0 96.48 20.84 1.82
0 96.4 22.14 2.12
0 96.43 22.05 2.87
0.17 96.2 22.02 4.24
16.99 95.86 15.1 2.36
33.93 94.94 15.35 3.53
0 94.55 18.12 3.99
0 95.15 17.13 2.58
0 95.25 18.82 2.51
1.23 95.78 17.24 4.62
0 96.73 17.05 2.73
0 96.67 18.27 2.25
0.93 96.03 18.8 3.05
0 95.47 19.19 3.32
21.22 94.8 15.81 4.42
0.02 94.82 18.19 3.97
0 95.14 19.48 2.85
0 96.06 20.31 2.13
7.93 95.85 23.8 3.93
1.53 96.39 18.81 2.2
0 96.05 21.25 2.33
1.81 95.83 21.16 3.99
1.65 95.63 19.57 3.96
1.39 95.32 19.88 2.83
0 95.58 20.24 4.06
0 95.44 24.34 2.88
0.03 95.06 26.01 4.79
0 95.76 20.67 2.6
8.28 95.58 19.11 3.17
0.11 95.7 20.06 3.02
11.07 96.36 18.48 2.38
37.18 96.24 18.57 2.77
3.49 96.03 19.1 3.2
2.95 95.81 22.24 3.21
0.74 95.65 22.95 3.81
29.37 96 17.61 2.67
3.85 96.24 17.95 1.74
20.02 95.98 16.32 1.93
7.07 95.76 18.1 1.99
0.04 95.82 22.47 3.65
0.16 95.81 24.33 3.91
3.29 95.68 24.58 2.88
89.88 95.62 19.91 2.3
8.64 95.32 22.03 1.74
43.46 95.02 21.28 1.84
0.38 95.35 24.02 2.03
0 95.88 24.43 2.35
0.11 96.05 24.61 1.9
1.14 95.81 23.6 1.61
6.4 95.49 22.89 2.1
24.06 95.38 21.92 2.72
83.6 95.16 20.89 2.68
97.23 94.82 20.74 2.05
49.62 94.94 22.67 2.23
61.98 95.38 21.7 1.91
170.55 95.47 22.24 3.02
36.29 95.42 22.95 3.54
73.08 95.14 22.85 2.57
236.2 94.62 22.85 2.67
0.13 94.6 25 3.16
2.14 94.6 25.34 2.5
2.14 94.97 25.2 2.09
1.17 95.24 25.3 2.44
7.11 95.1 25.19 3.84
57.55 95.35 24.13 2.02
99.16 95.56 22.23 1.32
1.7 95.74 23.04 1.27
0.66 95.73 23.42 1.22
22.83 95.71 23.73 1.82
49.4 95.89 23.39 1.93
0.48 95.89 24.34 1.88
197.6 95.22 22.27 2.4
179 94.98 23.2 2.81
0 95.61 24.05 2.34
0.23 95.52 22.84 2.62
138.78 95.38 22 2.05
4.57 95.6 22.69 1.83
0.25 95.62 24.24 1.6
9.3 95.5 24.22 2.1
14.57 95.05 24.04 1.74
2.06 95.07 24.75 2.94
0.02 95.41 24.91 1.88
0.03 95.47 25.39 1.64
31.21 95.26 23.52 1.77
20.92 95.13 25.67 2.27
0.34 95.1 25.7 1.48
1.68 94.93 26.26 1.99
8.45 95.06 25.73 2.15
14.65 95.34 25.88 2.98
0.37 95.59 25.84 2.67
1.16 95.36 26.01 2.52
11.58 94.98 26.72 2.55
25.45 94.84 25.47 1.82
17.62 95.02 26.27 2.27
16.68 95.25 26.93 2.05
13.99 95.02 27.08 1.89
35.48 95.22 25.39 1.7
2.2 95.65 26.03 1.43
4.69 95.75 27.01 2.5
45.96 95.48 25.13 2.69
7.72 95.46 25.81 2.71
37.15 95.41 26.62 2.45
4.23 95.44 26.51 1.78
183.56 94.92 24.84 1.58
0.13 104.58 26.26 2.35
0 95.91 23.16 2.64
0 96.18 22.52 1.85
2.6 96.18 21.94 1.13
2.24 95.77 24.31 2.27
0.56 95.89 23.65 1.84
0 96.08 23.15 1.55
0.08 96.08 23.37 1.59
14.92 95.83 22.47 1.97
20.91 95.92 19.89 2.07
8.35 95.9 19.43 1.48
257.01 95.29 18.35 1.43
27.02 95.44 16.22 3.03
0.11 96.14 16.35 2.37
13.09 96.22 17.47 1.97
3.13 96.49 16.39 1.7
8.54 96.65 16.58 1.6
0 96.73 16.65 1.32
6 96.62 17.36 1.49
115.4 96.6 15.25 1.28
32.64 96.65 15.52 1.2
8.03 96.69 16.79 1.34
1.55 96.65 18.39 1.49
28.41 96.18 19.21 2.05
0.17 96.25 17.56 1.67
0 96.33 18.06 2.44
1.51 96.11 20.59 2.85
31.49 95.44 20.7 3.11
0.22 95.75 20.4 3.21
0 96.42 14.36 1.73
0.78 96.1 16.73 1.71
8.05 96.65 16.89 1.3
9.02 97.13 16.34 1.01
5.89 96.16 19.85 2.89
0 96.54 18.66 1.59
0.05 96.59 19.07 1.36
3.4 96.45 18.8 2.6
60.61 96.76 13.97 2.83
0 97.04 9.64 2.28
0 96.87 11.13 2.32
0 96.56 12.45 2.08
0 95.87 17.76 3.24
0 95.95 16.61 2.71
0 96.85 13.56 1.36
0.95 96.79 14.24 1.84
135.69 96.77 11.51 2.07
0.03 96.9 10.97 2.56
0 96.77 9.59 1.77
0 96.04 17.04 3.38
0 97.06 14.14 1.43
0.01 97.07 15.19 2.41
0.03 97.29 12.83 2.47
0.23 96.85 11.21 1.66
0 95.83 15.56 2.63
18.49 95.82 14.52 3.53
0 96.31 11.44 2.88
0 96.81 11.93 1.55
42.61 96.87 10.93 2.42
5.58 97.69 5.12 4.11
0 97.78 3.28 1.39
0 97.34 6.5 1.52
0 97.4 7.28 1.46
0 97.15 10.99 2.59
33.69 97.3 9.87 1.39
4.17 97.33 8.07 1.79
0 97.23 6.67 1.06
25.03 97.12 6.2 2.06
57.89 97.01 3.27 1.93
0.02 97.18 4.72 3.66
0.02 97.44 6.64 2.85
0 97.02 5.53 1.28
0 96.48 7.3 1.84
8.87 96.99 6.35 1.85
1.47 97.56 4.72 2.23
0 97.5 4.06 1.32
0 97.58 4.82 0.94
0 97.37 5.19 1.32
0.22 96.79 8.04 1.76
7.12 97.05 8.26 2.93
0 97.46 6.51 1.74
0.02 96.73 6.6 2.4
0.15 96.27 7.32 3.56
0.01 96.72 4.09 2.72
0 96.82 2.89 2.13
0.18 97.3 3.3 3.57
0 97.31 -0.62 3.69
0 97.41 0.91 2.16
0 97.26 1.64 1.72
0 96.66 2.6 2.57
0 96.38 3.42 2.64
0 96.37 3.23 1.88
0.3 96.48 2.71 2.89
0.01 96.89 -1.84 3.78
0.03 97.05 -2.4 5.53
0 97 -3.01 3.61
0 97.09 -2.39 2.32
0 97.27 -2.6 1.35
0 97 1.09 1.79
0 96.69 1.22 1.53
0.04 96.35 0.09 2.25
0 96.21 -3.02 4.06
0 96.37 -5.56 3.46
0 96.62 -8.63 5.73
0 96.8 -5.14 3.63
0 96.39 0.72 2.91
0 97.03 -1.92 2.55
4812.27 96.79 -1.29 2.21
4812.27 96.54 -0.48 1.4
4812.27 96.8 1.96 1.89
4812.27 96.81 1.92 2.4
4812.27 97.06 -0.7 2.73
4812.27 96.67 -1.59 1.17
4812.27 96.78 -4.43 1.26
4812.29 96.71 -3.06 1.93
4812.28 96.9 -4.58 3.02
4812.58 96.4 -6.71 2.9
4812.86 96.46 -7.82 2.13
4812.27 96.55 -10.58 3.73
4812.27 96.9 -10.83 3.15
4812.27 97.24 -8.29 2.7
4812.27 97.86 -8.18 1.44
4812.27 97.83 -9.64 1.32
4812.49 98.1 -10.98 2.35
4812.6 97.72 -12.09 2.89
4812.91 97.58 -10.93 3.33
4812.29 97.97 -10.17 2.65
4812.27 98.04 -9.74 1.47
4812.27 97.76 -10.2 1.14
4812.27 97.89 -8.76 1.51
4812.27 97.86 -9.45 1.19
4812.31 97.22 -6.82 2.28
4812.64 97.7 -9.34 4.15
4812.27 97.43 -10.46 1.94
4812.27 96.93 -10.76 2.42
4812.27 96.19 -5.61 3.06
4812.27 95.98 -4.96 2.69
4812.27 95.57 -2.23 3.89
4812.27 95.98 -3.93 2.69
4812.27 96.28 -3.42 3.07
4812.27 96.87 -5.38 2.25
4813.92 96.86 -8.24 1.71
4820.79 97.07 -8.29 1.71
4812.29 96.79 -7.12 2.75
4812.27 97.26 -6.13 2.86
4812.27 97.78 -13.61 2.93
4812.27 97.39 -14.4 2.3
4812.27 97.38 -12.28 2.15
4812.27 97.46 -10.08 2.23
4812.27 98.01 -12.1 2.35
4812.27 97.73 -13.57 1.64
4812.27 97.74 -11.79 1.74
4812.27 97.5 -8.22 1.75
4817.89 97.59 -10.1 1.83
4812.27 97.53 -11.11 1.69
4812.27 97.77 -8.58 2.07
4813.37 96.81 -7.21 3.36
4812.27 97.24 -9.87 4.36
4812.27 97.46 -9.6 2.67
4812.27 96.78 -6.41 1.88
4812.27 95.96 -1.97 3.35
4812.27 96.47 -3.12 2.35
4812.27 97.43 -7.95 3.63
4812.27 97.06 -7.7 3.65
4812.27 96.37 -2.82 4.31
4812.27 97.1 -7.74 3.54
4812.27 95.66 -0.43 5.32
4812.27 96.44 -6.42 2.95
4812.27 96.59 -6.6 1.75
0.39 96.15 -3.43 2.25
0.25 96.11 -4.4 4.71
0 97.03 -11.42 4.04
0 97.24 -11.46 2.13
0 97.41 -11.79 1.48
0 97.64 -9.9 1.73
2.06 97.35 -10.27 1.7
6.44 97.35 -11.56 3.28
0 97.97 -13.06 3.59
0 97.83 -13.59 1.65
0 97.25 -11.85 1.65
0 97.87 -12.05 1.71
0 97.87 -11.74 1.92
0.06 96.98 -5.21 2.75
0 97.04 -5.62 1.96
0.37 97.62 -6.01 2.03
0 98.19 -8.06 2.32
0.76 97.78 -9.21 1.72
1.99 97.47 -8.36 1.61
0 97.43 -7.52 1.85
0 97.35 -5.17 1.89
1.31 97.85 -6.31 1.65
0.13 97.69 -3.89 1.24
0 97.2 -1.37 1.58
0 97.03 1.6 2.08
0.54 96.7 4.53 4.04
4.63 97.42 -2.41 4.33
0.04 97.2 -5.86 1.71
0 97.03 -4.62 1.73
0.27 96.99 -4.55 1.97
0.35 96.96 -4.72 1.72
2.05 97.25 -3.51 2.82
0 97.32 -5.36 3.06
0 97.51 -6.91 2.58
0 97.5 -5.83 2.24
0 97.02 -4.44 2.16
0 97.3 -4.86 2.68
0 96.84 -2.81 2.36
0 96.5 2.14 3.93
0 97.18 -0.17 3.93
0 96.82 -1.34 2.16
0 96.33 1.72 2.81
0 95.96 7.5 2.63
0 96.43 4.94 2.51
0 95.84 7.85 4.24
0 97.03 4.66 2.21
0.08 96.92 4.02 3.54
0 97.23 4.14 4.7
0 96.66 6.52 2.57
0 96.66 7.71 3.01
0 96.98 8.12 2.72
0 95.92 13.02 4.49
0 95.91 11.86 2.36
0.03 95.91 11.39 2.47
0 96.02 11.68 3.15
52.19 95.74 11.99 3.02
14.97 96.2 10.35 2.81
0 96.41 11.14 2.28
1.12 96.57 9.64 2.2
0 96 12.22 2.55
0 96.7 8.54 3.91
0 97.12 3.22 4.15
0 96.3 6.46 4.64
0 96.9 5.45 3.67
0 96.25 12.96 3.48
0 96.21 14.69 1.83
0 96.09 14.27 2.38
0 96.27 12.26 4.06
0 97.06 9.78 1.99
0.75 96.67 11.05 1.78
0.33 96.39 12.01 2.15
0 96.5 13.84 2.04
0 96.34 17.82 3.37
0 96.96 13.69 3.32
0 96.29 13.73 2.33
9.59 96.27 9.58 2.59
0.02 96.95 9.44 3.07
21 96.8 8.46 2.49
0.06 96.32 10.14 484.01
0 96.39 12.35 3.49
0 96.09 15.04 2.87
1.05 95.79 17.38 3.87
5.39 96.04 18.22 4.5
0.26 96.51 17.21 4.22
19.17 96.78 12.42 3.44
0 97.03 13.1 2.38
0 96.87 14.24 2.2
0 96.26 15.6 1.63
0 95.69 18.97 2.28
3.16 95.6 19.01 4.21
118.48 96.26 7.95 4.85
5.62 95.92 9.82 4.05
20.41 96.09 5.74 5.16
0.08 96.34 8.09 3.95
0.27 95.8 12.02 2.59
83.63 95.75 8.93 3.48
2.19 96.32 12.61 2.17
57.43 96.67 11.04 2.18
3.99 96.57 12.89 2.41
271.12 95.64 9.71 2.62
95.62 94.71 14.82 3.67
0 94.87 18.13 3.75
0.12 95.24 15.3 3.62
0 95.04 14.79 3.11
0.05 95.83 17 2.71
1.94 96.21 17.18 2.13
2.69 95.8 19.58 2.86
94.69 95.5 16.66 2.59
9.72 95.51 17.39 2.51
0.02 95.61 19.49 2.49
0 95.68 21.46 2.58
0.45 95.94 25.02 3.79
43.91 95.87 17.51 3.2
0.93 95.31 17.51 5.08
0 94.76 21.52 4.03
8.55 94.54 19.4 2.81
0.2 95.02 23.06 3.08
0 95.08 24.52 106.91
0.11 95.72 25.23 2.77
0 95.64 27.79 3.62
4.01 95.85 24.24 2.92
0.76 95.99 22.58 2.86
0 95.88 22.96 2.21
1.21 95.66 22.98 1.91
21.49 95.51 23.94 2.41
209.13 95.67 17.04 2.66
184.91 95.48 14.2 3.32
58.04 95.23 16.5 2.65
58.09 95.58 16.47 2.39
42.46 95.98 16.29 1.84
27.41 95.99 18.75 1.91
23.65 95.77 20.6 2.54
10.66 95.82 21.63 2.1
0.02 95.69 22.43 2.14
5.2 95.5 23.89 1.95
67.83 95.34 20.99 2
99.53 95.23 20.24 2.34
109.87 95.33 19.43 2.24
4.85 95.61 20.22 1.88
36.58 95.76 20.08 1.95
4.83 95.89 19.79 1.6
75.52 95.93 19.57 2.1
1.18 95.78 22.38 1.85
0.16 95.41 24.16 2.34
13.26 95.25 23.53 3.49
36.77 95.27 22.59 3.67
1.04 95.66 22.65 3.79
1.93 95.61 23.22 2.86
0 95.7 24.7 1.72
0 95.68 25.2 1.83
12.81 95.65 24.12 2.62
134.68 95.38 21.15 2.68
58.94 95.09 23.35 2.68
0.15 95.55 25.04 2.12
0.63 95.65 25.43 3.29
5.84 95.49 25.49 2.33
3.66 95.29 24.99 3.11
15.15 95.17 24.3 3.88
0 95.36 24.04 2.7
0 95.07 24.4 3.18
5.12 95.16 23.16 3.03
6.72 95.36 22.65 2.77
0.59 95.28 23.5 2.36
2.5 95.39 24.5 1.96
23.17 95.39 23.83 2.72
167.47 95.47 21.96 107.04
11.71 95.69 22.75 106.28
0.55 95.75 25.95 1.94
1.35 95.84 28.27 2.56
2.96 95.46 29.12 4.27
100.78 95.3 24.68 2.66
0.19 95.6 22.76 1.57
0 95.33 24.83 2.37
0.1 95.71 23.12 1.6
0 95.77 22.87 1.81
0.01 95.96 23.31 1.93
2.84 95.86 24.93 2.24
6.71 95.36 26.89 3.31
10.3 95.4 25.52 3.74
10.75 95.56 23.98 2.48
0 95.64 25.78 2.74
0 95.6 27.25 2.86
2.48 95.44 27 2.47
35.54 95.39 25.87 2.06
66.44 95.64 21.28 2.62
2.37 95.62 22.54 2.06
0 95.89 22.94 2.59
0 96.03 22.15 1.71
0.01 95.91 22.97 2.04
32.51 95.66 22.48 2.35
49.98 95.37 21.91 2.16
3.81 95.5 23.22 3.2
0.26 95.73 21.93 2.19
24.67 95.82 19.21 1.89
25.63 95.73 19.56 1.83
13.61 95.74 20.52 2.14
8.51 95.88 20.8 1.68
1.88 96.01 21.6 1.89
13.4 96.2 21.58 1.47
0.2 96.13 22.8 1.54
0.41 95.8 24.87 2.37
4.53 95.78 24.67 2
16.71 95.74 24.07 1.99
38.12 95.58 23.18 2.1
202.62 95.83 19.9 2.14
5.07 96.11 20.25 2.24
0 96.24 20.97 1.83
0 96.34 22.43 1.91
5.34 96.48 21.43 1.9
3.17 96.52 21.22 1.61
0.67 96.49 21.67 2.34
9.79 96.31 20.47 1.63
16.08 96.29 20.32 2.02
265.88 96.21 16.63 2.24
1.35 95.85 17.87 1.85
0 95.51 20.16 2.48
0 96.09 18.91 1.57
0 96.1 20.37 1.66
7.96 95.67 20.9 2.8
0.12 95.93 18.81 2.75
0 96.13 15.99 1.42
0.01 96.41 17.53 1.71
0.08 96.42 18.59 1.87
14.68 96.47 17.63 1.37
0.29 96.28 19.34 2.54
0.09 96.56 16.4 2.99
0 96.67 14.4 2.67
0 96.74 13.98 1.53
0 96.8 16.2 1.33
0 96.77 17.23 2.08
5.63 96.12 17.48 2.46
62.07 96.06 15 2.63
0.05 96.68 14.31 1.56
0.37 96.72 16.42 2.16
72.13 96.87 13.21 2.03
22.86 96.64 13.28 1.83
0 96.57 13.6 1.59
59.15 95.94 14.52 2.67
0.18 96.47 13.91 2.25
1.47 96.4 14.53 2.9
28.95 97.17 7.23 4
0.18 97.3 6.02 1.65
55.45 96.46 6.84 1.61
43.35 96.28 7.48 2.31
0 96.62 8.57 1.46
57.59 96.88 8.02 1.4
9.04 97.29 8.91 2.29
0 97.11 9.65 2.01
0 96.69 12.73 1.81
0 96.58 14.38 2.34
0 96.75 16.19 2.48
0 97.06 13.65 1.83
0.73 96.9 14.7 3.11
0.3 97.88 9.54 4.06
0 97.46 5.19 2.16
0 96.54 8.18 2.24
0 96.02 10.66 4.72
0 96.61 9.99 2.95
0 96.3 13.25 2.35
0 96.43 13.63 2.41
0 96.14 16.79 3.8
0 96.97 8.33 3.38
0 97.4 3.66 2.14
0 96.86 5.49 1.96
0 96.03 10.75 2.92
0 95.73 13.65 2.95
0 95.94 11.84 2.09
0 97.43 5.16 5.38
0 97.88 2.57 1.75
0 97.33 3.14 1.63
0.05 97.01 7.46 1.81
6.06 97.16 8.62 24.76
2.62 96.93 6.34 1.79
5856.89 96.52 7.43 2.81
5856.93 96.69 4.64 4
5856.87 96.49 6.7 2.63
5856.87 96.12 8.06 3.34
5856.88 96.45 7.32 3.49
5856.87 97.77 0.3 3.51
5856.87 97.76 -1.65 1.82
5856.87 97.32 0.63 1.86
5856.87 97.09 4 1.93
5856.87 96.77 4.03 1.84
5856.88 96.41 2.49 3.09
5856.92 96.87 -3.69 5.78
5856.87 96.92 -2.17 2.88
5856.87 97.27 -2.29 1.8
5856.87 97.4 -1.49 1.51
5857 97.22 0.59 1.82
5856.87 97.57 -2.17 1.74
5856.87 97.49 -0.88 1.5
5856.87 96.81 1.52 2.74
5856.87 96.21 3.96 3.74
5856.87 96.72 0.92 2.47
5856.87 97.29 -1.89 2.03
5856.94 97.02 1.14 2.41
5856.87 97.43 -2.43 1.88
5856.87 96.55 -2.95 2.04
5856.87 96.03 483.81 4.35
5856.87 97.18 -2.12 2.04
5856.87 96.71 -2.29 1.55
5856.89 96.51 -0.73 2.06
5858.01 96.56 -0.49 4.74
0 97.17 -10.55 6.38
0 96.99 -10.35 3.65
0 96.69 -10.26 5.19
0 96.87 -10.33 4.18
0 96.98 -10.27 3.66
0 97.21 -9.51 2.19
2.15 97.26 -9.46 1.8
0 97.77 -10.81 1.73
0.03 97.65 -7.73 2.5
2.37 96.92 -3.6 4.44
0.06 97.4 -8.64 2.93
0.02 96.97 -9.47 3.65
0 97.17 -10.85 2.36
0 97.22 -9.4 1.82
0.38 97.12 -8.64 3.73
0 97.2 -11.68 3.83
0.01 97.29 -10.84 2.39
0 97.26 -8.85 2.47
0.14 96.86 -5.55 3.81
0 97.21 -9.37 3.49
0 96.86 -9.59 3.54
0 96.63 -3.84 2.5
0 96.65 -3.13 2.88
0 97.5 -4.77 3.77
0 97.76 -5.02 2.73
0 97.55 -7.56 1.53
0 97.11 -5.01 2.08
0 96.5 -5.43 1.96
0 95.82 -3.95 2.93
0.08 96.56 -5.83 83.49
0.03 97.27 -9.73 5.35
0.11 97.32 -10.51 2.98
0 97.24 -7.1 3.01
0 95.96 -2.68 3.4
0 96.23 -2.88 1.96
1.2 96.54 -2.7 4.39
0 97.13 -7.31 3.27
0 97.52 -9.15 1.67
0 97.42 -9.7 1.69
0 97.24 -5.84 2.39
0.13 96.78 -4.41 3.23
0 97.86 -7.31 2.42
0 98.05 -9.29 1.86
0 97.55 -6.34 1.7
0 97.71 -8.37 1.93
0.32 97.37 -9.03 1.89
5.56 97.31 -9.54 3.6
0 97.44 -8.66 2.02
4.5 96.29 -4.98 3
0.04 97.02 -8.46 2.17
0.04 96.93 -8.16 1.86
1.81 97.42 -7.64 2.44
0 96.92 -8.55 1.86
0 96.32 -4.13 3.01
0 97.26 -5.8 2.12
2.01 96.9 -5.35 1.64
4.08 97.45 -8.08 3.76
0 98.01 -11.51 2.97
0 97.88 -11.7 1.78
0.08 97.23 -7.98 3.2
0 97.85 -9.73 3.6
0 98.14 -9.1 2.14
0 97.94 -7.6 1.63
0 97.79 -7.63 1.59
0.08 97.64 -5.26 2.1
0.06 97.53 -5.53 3.37
0 97.42 -3.75 2.9
0 96.77 -1.1 3.03
0.03 97.66 -9.84 5.81
0 97.78 -11.66 3.7
0 97.02 -6.16 2.67
0 96.34 -3.62 2.05
0.01 96.37 -5.22 3.26
0 96.6 -5.89 2.63
0 96.23 -5.26 1.88
0 96.02 -0.85 2.35
0.01 96.72 -3.05 1.66
15.54 96.43 -0.87 2.6
0.01 97.03 -1.38 4.2
0 97.71 -3.27 2.91
0 97.25 -4.05 2.99
14.35 96.43 -0.2 3.53
29.75 95.84 -0.08 5.12
0.12 96.22 -4.62 5.61
0 96.57 -5.51 2.22
0 96.21 -5.44 1.84
2.22 96.65 -6.51 3.04
0 97.05 -8.29 3.44
0 97.73 -5.99 2.11
4.17 96.76 -2.54 4.45
0 96.39 -0.38 3.03
0.03 95.99 -2.63 2.37
0.19 96.62 -5.9 5.72
0 97.2 -5.79 3.2
0 96.95 -2.82 3.2
0 96.26 1.91 4.45
0 96.58 1.9 2.66
2.6 97.15 -2.62 3.58
0 97.95 -8.69 5.8
0 97.32 -4.53 2.99
0 96.91 -3.4 3.91
0 96.43 -2.86 2.87
0 130.81 479.55 483.42
0 96.56 0.23 3.5
0 96.17 5.79 3.44
0 96.1 5.8 3.23
0 96.85 3.75 2.67
0 96.13 6.4 3
0 96.35 6.75 3.2
0 96.48 6.12 2.54
0 96.4 6.72 3.73
0 97.4 2.23 4.13
0 97.6 2.54 2.6
0 97.8 3.52 1.82
0 97.52 7.4 2.9
0 97.27 12.94 3.86
0 96.47 13.91 5
0 96.01 12.53 3.51
0 96.19 10.79 3.49
0 95.74 13.86 4.35
7.06 96.69 7.06 3.37
0 96.82 5.56 1.79
204.38 95.28 2.99 2.52
1.31 96.08 5.02 2.47
1.63 96.05 5.5 1.96
0.22 96.54 4.48 4.13
0 97.71 0.09 4.27
0 97.7 0.69 3.13
0 96.9 5.11 3.24
0.19 96.61 8.31 3.02
0.09 96.84 8.68 2.41
25.88 97.04 7.43 3.11
164.23 97.59 0.9 4.4
0.57 97.2 4.19 2.25
0 95.59 11.15 2.18
0.42 94.71 14.4 4.59
2.83 95.6 9.28 5.1
0 95.7 11.82 2.48
0.05 95.99 12.93 2.93
0.03 96.44 11.26 3.91
0.01 96.08 11.72 3.06
0.02 95.97 12.01 2.92
0 96.23 14.62 3.83
0 96.39 14.92 4.8
0 96.71 14.41 2.58
0 96.03 20.98 4.01
0 95.64 24.81 4.21
18.43 95.41 21.04 4.6
19.5 96.03 16.81 2.36
0 96.08 19.27 2.22
0 95.99 20.52 2.89
6.92 95.76 17.99 3.73
28 95.86 15.74 2.43
0 96.07 13.92 4.87
0 95.94 14.2 4.65
0 95.35 15.62 5.52
0 95.97 12.95 2.58
0.63 95.85 13.45 4.92
28.51 96.21 7.54 2.21
0 96.57 9.15 1.89
58.61 96.48 9.15 2.33
83 95.53 7.8 1.85
17.96 94.21 11.08 3.51
0.37 94.28 19.24 3.35
2.69 95.57 16.99 5.23
0.01 96.22 16.6 4
0 95.65 18.8 3.42
22.6 94.84 19.37 4.39
31.07 94.97 15.58 4.6
1.78 95.37 14.06 5.25
0 96.19 18.44 3.98
0 95.84 22.03 3.63
0 95.7 22.79 2.83
1.69 95.64 22.75 3.07
0.04 95.46 24.7 3.41
0.18 95.39 25.71 3.94
2.67 95.53 24.58 2.93
0.13 95.55 23.39 3.29
5.4 95.23 23.35 3.9
0.81 95.51 20.96 3.34
0 95.64 20.13 2.7
0 94.8 25.21 6.81
8.92 95.28 22.73 3.19
3.63 95.82 19.64 3.77
0 96.03 21.72 3.29
45.32 95.32 19.03 3.87
48.47 94.81 18.42 2.67
79.75 95.3 18.59 2.35
0.42 95.61 20.16 3.16
1.47 95.33 20.26 2.75
5.84 95.37 19.11 2
130.37 95.17 16.97 2.71
231.21 94.63 16.44 2.51
82.53 94.71 16.95 1.74
59.66 95.57 17.88 2.3
0.31 95.84 20.87 2.16
18.72 95.68 22.63 1.8
0.33 95.4 23.38 1.97
203.77 95.38 20.46 2.38
8.78 95.59 18.96 3.07
88.17 96.05 17.11 2.52
0.12 96.12 21.64 2.28
0 95.77 23.86 2.15
4.5 95.52 23.99 3.27
0.24 95.66 23.53 2.82
10.72 95.46 23.59 3.31
16.12 95.17 22.09 2.35
96.9 95.12 21.17 1.81
0.75 95.57 22.28 1.61
4.28 95.63 23.82 2.38
168.4 95.77 17.84 2.22
27.66 95.18 18.31 1.96
24.91 94.71 19.22 3.38
7.6 95.29 17.47 2.96
0.23 95.89 18.99 2.25
45.52 95.89 19.89 2.17
18.87 96.02 20.67 1.89
0 96 22.33 2.09
0.24 95.86 23.75 2.27
4.11 96.01 24.61 2.35
0.2 96.25 25.85 2.62
4.1 96.08 24.03 2.82
0.66 95.76 25.35 2.11
1.11 95.22 26.44 2.02
0.16 95 26.72 3.4
6.07 95.37 27.03 2.32
10.79 95.81 25.15 2.4
18.88 96 22.09 2.32
12.13 95.85 22.53 1.6
30.88 95.69 23.44 1.89
74.99 95.84 23.26 2.62
37.35 95.78 23.46 2.48
43.85 95.48 24.23 2.42
49.65 95.45 23.3 2.21
18.87 95.45 23.17 1.6
20.44 95.26 23.16 2
13.94 95.09 24.29 2.14
8.99 95.44 25.44 2.7
16.75 95.55 24.94 1.95
35.43 95.32 24.87 2.27
92.34 95.32 23.81 2.31
275.77 95.68 21.96 2.33
11.32 95.9 22.59 1.7
1.57 95.72 23.82 1.92
38.94 95.23 24.79 3.07
0.11 95.18 23.88 2.34
0.91 95.05 25.51 2.19
2.06 95.24 25.87 2.97
14.81 95.65 24.35 2.59
35.3 96.18 23.04 2.34
58.67 96.22 23.09 1.84
10.92 96.1 24.24 2.08
0 96.15 23.95 1.8
0 95.96 24.47 1.61
0 95.81 24.66 1.45
0 95.5 25.7 1.83
3.23 95.27 25.9 2.09
0.07 95.56 24.29 2.37
0 95.63 23.9 1.87
1.15 129.75 501.57 483.15
33.19 130.05 502.4 483.28
54 96.12 20.81 2.06
49.88 95.81 19.78 2.2
4.37 95.6 20.94 2.33
29.46 95.73 20.54 1.77
10.1 96.05 20.62 1.94
16.72 96.27 20.64 1.96
12.37 96.19 20.85 2.59
38.35 96.06 20.86 2.41
0.04 95.99 21.03 2.22
15.75 95.85 19.98 1.84
6.7 96.02 19.16 1.63
12.76 96.17 19.47 1.62
81.99 96.36 18.48 1.61
86.77 96.39 19.29 2.08
4.13 96.35 21.35 2.04
0.59 96.52 20.18 2.06
7.74 96.4 18.92 1.48
24.07 96.21 18.41 2.25
0.02 96.34 17.52 1.69
0 96.24 19.46 1.6
2.95 96.4 20.91 2.48
19.48 97.06 16.8 2.4
1.53 96.98 15.71 1.72
38.13 96.43 14.31 1.77
22.07 96.37 14.54 2.9
0 96.28 19.55 2.29
0 96.63 20.12 2.55
0 96.77 19.59 2.67
0 96.6 19.83 2.51
3.75 96.59 19.36 1.7
10.35 96.64 18.64 1.94
0.02 96.71 17.11 1.82
1.98 96.22 17.11 2.26
3.59 96.02 19.33 2.47
38.23 95.89 18.47 3.33
40.51 96 14.98 2.16
39.7 95.96 14.72 1.83
12.48 95.89 15.67 2.64
0 96.19 14.24 2.18
0 96.37 16.51 2.51
0.21 97.23 13.67 1.48
2.24 97.7 11.66 1.84
5.8 96.54 16.06 3.19
63.04 95.78 11.21 5
0.08 95.72 13.78 4.34
0 96.75 11.26 2.18
0 97.06 13.82 2.23
0 96.53 17.97 3.46
0 96.42 18.32 2.19
0 96.19 18.59 3.5
0 96.54 11.08 3.5
0.33 95.87 6.38 2.86
4.92 96.02 6.14 4.84
6.16 96.33 10.11 4.08
0 96.74 11.78 2.34
0 96.84 12.81 1.88
0 96.56 13.74 1.76
0 96.51 14.32 1.88
0 96.53 15.47 2.53
1.3 96.67 14.16 3.1
0 97.49 6.56 2.78
0 96.35 10.15 2.61
21.45 96.95 6.03 2.2
28.56 97.26 5.33 1.93
1.14 111.09 210.84 100.53
0 110.57 211.14 100.42
0 97.5 7.18 2.74
0 97.47 4.22 1.65
6.66 96.18 7.74 4.63
0 96.25 4.49 2.95
0 96.87 2.33 3.1
0 97.19 0.52 3.79
0 97.64 0.47 2.78
0 97.68 3.1 1.65
0 97.01 4.98 1.71
0 96.81 6.1 1.5
0 96.8 8.83 3.4
0 96.97 10.83 3.32
0.61 98.15 1.89 3.98
39.03 98.22 -2.52 3.57
26.25 97.8 -2.47 3.57
5.26 97.32 -2.21 2.34
0.44 97.38 -2.31 1.56
0 97.57 -2.59 1.37
0 97.71 -0.49 1.43
0.16 97.54 1.31 1.49
0.01 96.8 3.93 2.2
0 96.13 6.49 2.5
0.1 97.02 2.86 2.56
5.18 96.92 -2.2 2.56
0 97.59 -4.35 2.74
5.14 97.51 -5.55 2.41
10.71 97.51 -7.14 2.5
5.32 97.51 -8.44 2.05
5.41 98 -9.26 1.87
14.96 98.47 -10.88 2.86
7.84 98.51 -11.83 3.33
0.06 98.43 -14.16 2.2
0.01 97.54 -13.71 2.8
0 97.45 -13.59 3.12
0.05 97 -11.98 1.37
0.19 97.45 -9.68 1.62
15.69 97.13 -5.95 2.02
0 97.04 -8.34 1.63
0.43 96.33 -3.61 2.24
0.16 96.08 -4.53 4.31
0.35 96.36 -6.78 5.45
0 96.73 -4.05 3.84
0 97.44 -4.7 2.18
0 97.64 -8.06 1.45
0 97.81 -9.39 1
0 97.33 -3.88 2.1
4.03 96.98 0.82 2.52
0.03 97.22 -0.48 3.95
0 97.6 -6.42 1.89
0 97.25 -6.16 1.5
0 97.38 -6.73 1.33
3.36 96.67 -5.13 2.67
0.03 96.71 -5.79 4.12
0.04 97.29 -7.65 5.17
0 97.38 -7.3 2.71
0 97.85 -5.52 1.98
0 97.85 -6.36 1.6
0 96.95 -3.34 2.34
0 97.18 -5.29 1.57
0 97.31 -8.05 1.52
0 97.17 -5.63 1.99
0 97.3 -9.45 2.08
0.01 96.28 -7.75 2.8
0 97.34 -12.37 4.08
0 98.09 -14.33 2.04
0 97.8 -9.12 1.83
0.19 97.37 -6.62 1.48
1 97.6 -6.91 1.62
0 97.6 -8.06 1.88
0 96.71 -3.37 2.47
0.01 96.74 -6.09 1.43
2.42 96.95 -8.01 1.9
0 97.38 -9.97 3.4
0 97.22 -11.37 2.67
0 97.48 -9.52 3.44
0 97.31 -9.36 2.95
0 97.14 -9.96 2.84
0 96.88 -9.77 2.4
0 97.67 -11.41 3.05
0 97.91 -12.18 2.77
0 97.36 -11.72 3.43
0.07 96.69 -10.72 3.49
0.09 96.48 -11.21 2.17
0 96.57 -11.45 1.74
14.62 97.21 -14.34 2.85
1.97 97.19 -17.85 2.87
0 96.8 -18.36 3.67
0 97.46 -17.97 1.95
0 97.98 -17.98 1.47
0.61 97.92 -17.29 1.81
0.54 98.41 -19.92 3.46
0 98.3 -22.91 4.89
0 97.71 -15.14 4.48
0 97.16 -10.45 2.88
0 97.04 -11.11 3.27
0 97.13 -9.57 2.85
0 97.69 -12.4 1.99
0 98.16 -15.38 2.19
0 97.94 -16.34 2.12
0 97.96 -13.19 2.99
0 97.81 -10.65 2.55
0 97.45 -8.83 2.25
0 97.2 -7.99 2.58
0 97.4 -7.78 3.44
0 97.33 -8.2 3.53
0 97.28 -6.83 2.61
0 96.37 -6.73 2.35
0.01 95.97 -3.64 3.33
0 96.66 -2.61 2.58
0 96.35 0.89 3.1
0.1 96.28 0.95 2.51
1.96 96.48 0.8 2.88
31.03 97.21 -7.39 5.92
0 97.3 -11.69 5.18
0 96.65 -8.71 3.88
0 96.49 -4.58 4.17
0 96.46 -1.53 3.87
0 96.42 -2.6 3.65
0.12 97.32 -6.18 3.18
0 97.29 -8.06 3.57
0 97.22 -9.45 2.57
0.01 97.28 -6.58 3.14
0 98.18 -9.9 2.55
0 97.8 -8.26 2.54
0 97.72 -7.8 2.64
0.07 97.05 -6.25 3.05
0.02 97.14 -6.45 1.98
0.1 97.4 -7.41 4.11
0.06 97.68 -8.2 3.49
0.03 96.72 -1.32 2.91
0 96.34 2.01 2.5
0 96.33 1.19 2.14
0.14 96.72 0.05 1.33
57.43 96.48 1.22 3.12
0.03 96.55 -0.77 2.17
6.02 96.78 -3.17 4.12
0 97.55 -6.61 4.46
0 97.66 -6.52 3.5
0.02 97.44 -5.84 3.42
0 96.93 -5.03 2.05
0 96.28 -0.74 3.98
0 97.03 -1.07 2.74
0 96.84 1.15 2.31
0 96.27 5.05 3.07
0 96.09 8.92 3.35
0 95.72 9.92 5
0 96.1 8.08 4.02
0 97.05 4.32 2.02
0 97.26 5.56 2.02
0 96.86 8.81 2.86
0 97.23 6.2 4.43
0.01 97.79 3.05 5.06
0 97.84 2.91 3.37
0 97.49 3.5 2.79
0 97.04 8.12 2.97
0 96.5 9.57 2.44
0 95.84 11.52 4.2
1.05 96.33 8.29 2.99
0 96.35 8.63 2.93
0 95.38 15.79 4.94
14.54 95.59 11.42 4.88
0.6 96.7 7.31 3.93
0 96.72 8.42 3.23
0 95.87 11.23 3.46
0.06 96.22 10.75 2.68
3.01 95.59 12.84 4.82
0 95.9 10.66 4.14
0 95.85 12.6 5.47
0 96.2 7.56 3.19
0 96.82 5.44 3.61
0 96.4 6.82 4.54
38.32 95.46 7.87 2.49
0.27 95.15 10.34 4.44
0 96.28 11.73 3.59
0.19 95.79 15.23 4.75
23.24 95.71 10.99 3.56
3 95.67 7.22 4.01
7.73 96.03 6.96 2.57
4.78 96.37 9.26 3.56
0.12 95.98 14.08 2.86
0 95.1 15.79 5.34
0 95.65 12.07 5.62
0 96.24 11.62 2.79
0 95.73 14.29 4.57
0.85 96.54 11.28 3.1
15.61 96.77 9.69 2.09
0.68 96.34 12.87 2
0 96.47 13.37 2.56
12.72 95.71 13.47 3
0.16 95.3 16.81 2.94
7.8 94.98 21.17 3.89
109.64 95.76 12.54 2.76
136.83 94.83 11.07 5.31
0 95.39 16.2 3.28
21.04 95.46 14.96 4.63
0.05 95.65 13.88 5.85
0 96.47 16.39 2.96
0 95.93 18.65 4.18
0.42 96.05 17.89 2.36
0 95.78 17.77 2.12
2.24 94.99 20.09 4.83
214.11 95.66 12.2 3.88
0 96.6 15.38 4.08
21.89 96.25 12.61 4.27
2.4 95.99 13.46 3.49
0 95.5 18.01 2.9
0 95.59 23.89 3.64
0 95.9 24.54 4.67
0 96.13 22.94 4.28
0 96.31 22.63 4.06
0.02 96.94 19.88 3.55
0.03 96.88 19.07 2.69
38.43 96.05 15.38 1.72
19.6 94.94 16.48 4.65
13.34 95.22 18.74 3.24
0.22 95.69 19.12 4.12
0 95.63 22.53 4.24
0.04 95.22 24.76 4.48
0 95.6 19.83 4.3
0 95.32 22.43 3.94
15.34 96.12 17.95 2.31
0 96.17 20.68 1.81
0 95.79 23.8 2.69
0.01 95.46 24.8 3.39
0.02 95.63 22.82 2.97
0.09 95.88 23.33 2.65
21.88 96.04 19.98 3.25
7.64 96.09 19.34 1.92
0.07 95.81 21.94 2.14
24.79 95.53 21.72 3.95
109.19 95.29 20.26 4.78
31 95.75 18.53 2.52
5.76 95.64 20.17 2.09
2.88 95.3 20.67 2.13
128.43 95.22 16.56 2.3
15.98 95.23 18.55 2.06
2.42 94.84 20.86 2.66
25.84 94.88 21.15 2.01
5.13 95.42 21.69 2.78
0.03 95.53 23.68 2.39
28.05 95.21 25.02 3.26
25.53 95.21 24.41 2.87
63.41 95.24 22.96 2.45
26.84 95.46 21.81 2.61
8.16 95.49 21.71 3.39
0 95.66 24.45 2.79
0 95.64 25.08 2.11
35.95 95.39 23.96 2.56
44.18 95.53 20.35 3.46
83.26 95.38 20.63 2.8
73.76 95.36 20.77 1.95
0 95.52 21.18 1.94
0.31 95.49 22.68 1.7
0 95.62 25.6 2.99
0 95.82 24.91 2.79
1.54 96.01 25.23 1.83
0 96.09 26.59 2.1
0 96.04 26.65 3.12
0 95.78 26.41 2.78
0 95.53 27.61 2.22
0 95.28 28.62 2.84
5.11 94.95 29.01 3.82
80.58 95.2 23.27 2.25
1.92 95.53 25.03 2.45
0.86 95.9 23.69 2.59
5.01 95.59 20.59 1.99
7.71 95.44 20.77 2
2.12 95.72 22.51 1.75
0.18 95.75 24.08 2.27
26.21 95.85 23.62 2.88
179.52 95.94 21.79 2.62
788.88 95.47 21.79 2.78
40.42 95.23 23.56 1.93
7.16 95.07 26.6 2.74
0.26 95.57 26.5 2.29
454.21 95.61 21.48 2.41
6.93 95.49 22.59 1.61
0.77 95.26 24.22 2.23
53.44 95.25 24.27 2.3
36.23 95.63 23.97 1.7
107.55 95.9 24.3 2.07
77.02 96.02 22.7 1.84
43.47 96.1 23.27 1.86
0.52 96.1 25.07 1.48
0 96.05 26.63 1.61
0 96.01 27.26 2.01
0 95.93 27.02 2.26
109.86 95.63 25.94 2.37
198.27 96 23.78 2.22
0 96.12 22.89 1.54
0 95.77 23.95 2.37
0 95.52 27.66 3.57
0.56 95.52 29.3 3.71
10.88 95.58 26.33 2.19
0 95.55 25.34 1.8
0 95.82 24.52 1.88
2.67 95.75 23.5 1.49
37.42 95.6 22.69 1.96
1.87 95.49 23.37 1.52
269.88 95.45 20.78 1.73
24.9 95.86 21.52 2.17
24.4 95.99 22.31 1.62
1.5 96.11 23.35 1.74
1.21 96.22 23.62 1.54
11.77 95.76 21.68 1.74
25.61 95.54 23.76 1.85
137.45 96.26 18.57 3.81
0 96.56 18.52 2.11
3.28 96.24 18.77 2.02
6.28 96.18 19.49 2.06
0 96.35 18.91 2.63
0 95.78 18.47 2.7
35.13 94.69 16.58 4.31
26.2 94.57 16.15 2.68
10.89 95.27 19.4 1.43
38.04 95.81 18.56 1.22
52.63 96.06 18.01 1.51
65.68 95.97 18.13 1.64
19 95.82 19.88 1.64
2.07 95.59 19.52 1.59
9.27 95.66 18.67 1.71
31.06 95.97 17.6 1.52
19.77 96.15 17.19 1.85
44.76 96.53 16.31 1.93
18.94 96.77 16.77 1.5
2.04 96.72 17.5 1.44
15.97 96.51 19.17 2.01
0.12 96.37 20.4 1.66
2.87 96.45 19.3 2
1.5 96.88 17 2.32
18.18 97.03 14.91 2.66
0.08 97.04 14.85 2.34
0 96.92 14.97 1.61
0.71 96.74 15.44 2.17
3.96 96.36 17.23 2.38
4.39 96.06 18.72 2.31
1.28 95.78 20.65 3.83
0.05 96.48 17.83 1.97
6.58 96.28 17.67 2.12
3.84 96.96 12.69 4.14
0 97.43 9.13 2.4
0.04 96.66 10.21 2.43
0.06 96.28 16.05 2.07
6.38 96.13 19.44 3.71
3.63 96.18 15.91 1.99
0.56 96.16 15.79 3.42
75.15 96.78 8 2.35
20.88 96.84 7.11 2.36
0.43 97.43 8.84 1.59
60.06 96.59 10.34 2.68
1.24 96.7 7.01 4.41
0 97.01 5.35 1.87
1.48 96.59 6.69 2.12
0 97.13 6.31 90.27
0.1 97.12 7.52 1.63
0 96.68 11.89 1.55
0 96.75 13.19 1.6
0.13 96.9 15.72 3.14
8.14 96.4 14.57 3.65
0 96.9 10.13 2.1
0 96.65 11.86 2.02
0 96.49 12.81 2.5
1.23 97.44 5.23 2.95
31.11 96.81 5.67 1.79
42.23 97.46 2.5 3.18
0 97.12 2.97 1.39
0 96.48 4.21 1.55
0 96.06 8.93 3.2
0 97.3 3.68 2.34
27 97.32 3.31 1.45
16.12 97.48 3.12 2.8
0.17 97.63 0.72 2.4
4.74 97.3 0 3.18
0 98.12 -4.19 3.01
0 97.75 -2.47 2.57
0 97.01 1.13 3.02
0 96.5 1.9 1.84
0 95.57 3.52 1.53
0 96.58 2.11 3.35
0.16 97.48 -0.93 2
9.81 97.67 -1.52 3.26
0 98.06 -3.39 2
0 97.49 -2.72 2.26
2.04 95.96 2.77 3.37
2.73 96.2 -0.97 1.84
0.49 96.73 -0.37 1.83
0 96.2 4.28 3.6
0 96.82 2.29 4.77
0 97.19 -2.99 2.19
0 96.89 -0.08 2.2
0 96.83 -0.76 2.69
0.61 96.26 1.17 2.49
3.3 96.77 -4.14 2.79
17.54 97.36 -7.09 1.65
41.71 97.68 -8.57 2.9
0 98.04 -10.7 3.25
0 97.74 -10.22 2.84
0 97.25 -7.88 2.43
0 96.89 -5.45 2.15
0 96.41 -1.61 3.42
0 97.21 -5.36 3.15
0 97.64 -3.84 2
0.05 97.97 -4.32 2.01
5.44 96.76 -0.23 3.8
0 97.51 -2.67 3.68
0 97.22 0.69 2.55
0 96.47 2.81 3.22
0 96.58 -0.5 2.69
0.26 97.22 -5.05 3.44
0 96.73 -5.36 2.82
0 96.93 -6.62 2.09
3.49 96.31 -3.78 3.33
0 97.28 -7.01 2.21
0 97.43 -7.99 1.52
0 96.84 -5.3 2.85
4.79 97.13 -3.26 2.67
0 97.76 -7.9 3.71
0 97.71 -9.91 2.34
0.01 97.69 -9.16 3.29
0 96.89 -4.99 2.39
0 96.86 -4.51 1.39
0 97.01 -4.23 1.2
0 97.07 -4 1.4
0.06 97.42 -3.89 1.21
0.08 97.45 -4.98 2.75
4.81 97.06 -8.96 4.15
0 97.49 -9.6 2.96
0 97.45 -10.7 1.38
0.03 97.21 -5.75 2.82
1.68 97.88 -9.08 3.92
0 97.8 -11.47 2.24
0 97.45 -9.15 3.87
0 97.69 -9.07 2.95
0 97.19 -8.29 1.66
0 97.06 -7.34 1.46
0 96.83 -3.46 2.92
0 97 -4.72 2.39
0 96.67 -2.81 2.35
0 97.31 -5.63 1.52
0 97.64 -7.24 1.38
0 97.13 -4.54 1.16
5.83 97.15 -3.92 1.73
11.35 96.71 -4.13 2.23
0.01 96.91 -7.3 3.25
0 97.17 -10.04 3.37
0 96.93 -10.39 2.43
0.01 96.67 -11.39 2.84
0 96.77 -9.93 4.44
0 97.77 -11.47 2.19
0.08 97.77 -13.25 1.44
0.02 97.68 -12.6 1.35
0.27 97.45 -10.68 1.8
0 97.77 -11.23 1.83
11.49 97.44 -12.19 2.82
0 97.52 -13.03 2.51
0 97.09 -11.87 4.46
0 97.82 -13.55 2.74
0 97.95 -13.84 1.89
0 98.06 -12.39 1.54
0 97.45 -8.33 2.07
0.04 96.62 -3.28 5.21
0 97.23 -6.26 3.42
0 96.68 -7.36 2.46
0.33 97.46 -10.26 4.32
0 97.82 -9.64 3.34
0 97.22 -7.24 3.1
0 97.96 -7.53 3.55
0 97.34 -4.66 2.37
0 96.79 -4.3 1.76
0.51 96.41 -0.96 2.23
0 96.78 -4.75 3.52
0.01 97.74 -6.36 3.01
0.01 97.7 -7.25 1.32
0.02 97.44 -7.87 5.22
0.01 96.99 -8.89 5.76
0 97.19 -8.85 4.81
0 97.31 -7.12 2.99
0 97.31 -6.65 1.67
0 97.78 -5.36 1.88
0 97.67 -4.08 2.41
0 96.45 1.9 3.18
3.39 96.76 -2.42 4.66
0 97.41 -6.54 3.18
0 96.87 -5.79 2.55
0 95.71 -2.9 4.72
0 97.5 -6.9 4.57
9.83 97.35 -5.84 2.82
20.39 96.63 -3.33 4.44
0 97.16 -4.14 3.5
0 96.86 -1.76 3.33
0 96.81 -0.29 3.01
0 97.05 -0.77 1.68
0 96.67 1.85 2.88
0 96.63 1.33 2.86
0.73 97.05 -3.94 4.09
0 96.26 -1.04 2.63
0 96.35 0.08 1.98
0.07 96.56 -2.7 2.51
0.2 96.97 -4.42 3.64
0.03 96.73 -6.59 3.82
0 96.7 -4.48 4.59
0 96.19 0.21 4.06
0 96.03 1.11 3.22
0 96.26 3.07 1.95
0 96.49 5.18 3.11
0 97.32 0.72 4.66
0 97.36 1.36 2.79
0 97.33 1.82 2.44
0 97.07 2.99 1.8
0 96.69 3.49 1.65
1.31 96.57 4.48 2.09
0 97.09 5.94 2.22
0.07 97.22 5.54 2.3
0.53 97.23 2.82 3.63
0 97.07 2.31 2.57
0 96.83 3.34 2.29
0.5 97.23 2.76 1.81
4.16 96.94 1.69 1.61
1.72 96.73 3.32 2.26
0.2 96.63 3.13 2.36
0 96.83 3.86 2.6
0 96.62 6.05 2.6
0 96.53 9.69 3.62
0.04 97.35 5.12 2.85
0 97.16 5.27 2.41
0 96.55 6.04 1.76
0 96.55 9.66 2.21
0 96.48 13.11 3.3
0 96.16 16.82 4.2
0.35 95.96 13.89 3.92
4.2 95.98 10.5 3.69
1.12 96.08 10.06 2.72
0 96.78 9.57 4.1
0 96.8 9.59 1.93
0 95.78 13.34 3.37
0 96.34 8.71 4.25
0 96.29 7.53 2.56
0 95.62 12.97 4.45
0 95.18 15.68 3.16
0 95.61 16.99 3.28
0.13 96 15.02 3.16
1.05 94.87 15.43 4.39
0.4 95.02 9.29 5.93
3 95.5 8.62 3.23
2.88 95.81 10.59 3.52
0 96.23 11.18 2.5
0.01 95.57 14.26 4.86
0 95.85 10.7 3.18
0 96.14 10.35 3.2
0.01 96.79 9.85 3.59
0 96.8 11.34 4.42
0 95.95 15.88 4.3
0 95.41 17.95 3.28
0 95.06 21.28 4.38
0 95.99 17.51 2.66
0 96.38 17.91 2.65
0 96.31 21.26 4.26
1.32 96.26 19 5.78
17.47 96.18 15.6 3.38
15.72 95.86 11.13 5.71
0 96.09 11.67 6.25
0 95.94 18.51 3.67
0 95.66 21.01 2.7
0 95.44 20.46 4.76
0.51 95.39 19.24 3.29
0.06 95.51 16.33 5.05
0 95.42 14.44 4.32
1.76 95.61 13.42 4.53
0.4 96.33 14.7 4.81
0 96.3 17.46 2.41
0 95.54 20.1 1.99
0 95.35 23.49 2.61
0 95.31 28.73 4.41
0.96 95.68 27.25 3.51
0.34 95.99 24.03 3.26
4.87 96.32 16.95 3.84
191.35 96.45 10.78 2.42
0.02 96.22 16.71 2.18
0.02 95.78 19.76 2.15
0.16 96.32 15.82 3.53
0 95.92 18.47 2.43
0 95.55 21.03 3.27
0 95.74 22.14 3.78
25.53 96.08 17.69 2.86
0.53 95.56 20.35 3
20.49 95.07 20.15 3.01
0 95.55 17.5 3.37
84.72 95.9 12.33 2.12
0 95.99 16.7 2.62
0 95.98 20.68 2.44
0 96.15 21.97 2.44
22.39 95.86 16.39 2.66
1.16 95.55 19.03 2.65
0.29 95.42 22.91 3.61
0 95.53 21.57 3.58
0 95.91 19.48 1.91
7.34 96.08 18.8 1.99
12.97 96.37 19.25 1.8
0 96.35 21.48 2.08
0 95.86 27.71 2.64
0.09 95.59 28.82 2.14
3.08 95.47 27.73 2.62
5.48 95.37 25.63 2.82
43.51 95.39 22.69 3.13
148.42 95.33 19.92 2.1
11.11 95.34 20.7 2.41
0.43 95.54 21.96 2.24
35.24 95.9 20.1 1.73
84.44 95.81 18.39 1.56
6.85 95.52 20.11 1.52
5.89 95.48 22.13 1.66
0 95.65 24.5 1.84
16.9 95.57 25.37 2.81
6.85 95.59 25.98 3.3
0.08 95.48 27.04 3.72
6.57 95.33 27.27 2.78
21.07 95.21 27.7 2.73
65.05 95.43 24.45 2.19
0.4 95.53 25.66 2.02
13.32 95.68 25.28 1.92
60.74 95.84 24.11 1.62
68.56 95.64 24.41 2.82
637.02 94.79 23.27 2.73
19.99 94.74 25.41 3.28
68.11 94.93 24.32 2.66
0.57 94.84 24.54 1.73
0 95.13 26.32 2.54
0.99 95.21 28.68 2.94
28.61 95.01 28.18 3.48
13.93 95.39 26.7 2.06
16.55 95.75 26.74 1.97
0 95.87 27.34 2.14
0 95.81 28.49 2.57
0.01 95.55 28.51 3.39
78.23 95.32 26.57 2.8
57.35 95.3 23.39 2.69
63.73 96.04 21.87 2.43
16.25 96.02 22.06 1.59
2.04 95.56 23.91 1.23
2.16 95.66 24.12 1.72
0.31 95.91 24.3 1.85
27.9 95.58 22.5 2.47
2.13 95.75 23.47 2.41
0 96.27 23.4 1.85
0 95.86 23.68 1.67
19.13 95.44 24.52 2.38
0.11 95.62 25.53 2.16
0.67 95.69 26.38 2.8
37.49 95.43 25.74 2.3
1002.49 94.84 23.71 2.63
7.66 95.25 25.31 1.46
119.12 95.3 24.81 2.23
67.02 95.12 23.2 1.82
3.85 95.17 24.11 2.06
27.27 95.04 23.33 1.63
35.21 94.88 21.53 1.61
6.41 94.99 23.58 1.6
10.05 95.39 24.35 2.53
57.5 95.78 23.47 2.19
0.3 95.92 24 1.82
48.82 95.86 22.19 1.71
24.29 95.74 22.18 1.61
210.28 95.8 20.59 1.83
102.1 95.95 21.23 1.82
41.3 96.11 21.84 1.58
22.13 96.15 22.51 1.56
8.1 95.79 22.76 1.89
0.74 95.5 25.37 1.86
53.18 95.95 23.23 2.03
212.3 95.85 19.72 1.97
0.12 95.84 20.73 3.01
0 95.93 18.82 3.32
0 96.29 19.86 2.17
16.44 96.03 17.44 2.89
7.39 96.45 16.45 2.76
0 96.61 14.87 2.18
0 96.3 17.05 2
0.56 96.31 17.5 1.58
3.86 96.14 19.73 1.68
13.07 96.21 19.38 1.93
5.76 96.1 20.46 2.88
2.32 95.92 21.49 3.09
0.04 95.76 20.96 3.32
0 95.7 19.43 1.65
0 95.49 21.36 2.29
0.48 96.05 19.02 2.66
9.18 96.14 18.4 2.05
65.52 95.99 17.49 1.9
0.12 96.2 16.93 2.11
0 96.62 15.54 2.1
0 96.89 16.45 1.6
2.62 96.84 18.21 1.99
8.51 96.66 19.25 2.04
1.96 96.19 19.39 2.5
0.03 96.02 17.3 2.1
0 95.44 19.29 2.4
0.28 95.89 16.25 3.01
0 96.31 15.96 1.88
0.65 95.67 19.38 3.16
37.91 95.66 17.53 3.39
0 95.87 18.6 4.01
0.09 96.15 18.64 2.62
17.65 96.15 16.72 2.59
31.11 96.42 13.45 2.23
0.25 96.42 10.3 2.2
0 96.28 9.61 3.16
0 96.12 10.28 2.18
0 96.26 13.6 2.91
0.09 96.39 15.98 3.9
0 97.18 9.5 2.5
0 97.54 7.91 1.93
0 97.33 9.66 2.51
0 96.6 14.23 3.31
0 96.37 15.58 3.53
0 96.67 14.25 1.9
22.72 96.98 12.73 1.49
140.76 97.59 9.11 3.19
19.12 97.62 6.03 3.1
0.92 97.43 5.26 2.78
1.14 97.07 5.11 1.97
0 96.92 7.03 2.84
0.01 97.55 5.11 1.37
31.32 97.6 6.38 1.82
0.17 97.92 5.33 1.6
0 97.72 5.94 1.72
2.64 97.05 8.6 1.62
0.05 96.82 9.17 1.35
0 96.52 11.38 2.57
0.01 97.24 7.72 2.33
3.56 97.36 4.28 1.99
0.07 97.34 5.04 1.94
0 97.13 6.56 1.96
0 97.19 8.22 1.44
0 96.58 10.66 1.64
0.04 96.44 10.82 1.81
0 97.24 7.56 4.05
0 97.82 2.33 3.52
0 97.28 5.3 2.26
0 96.39 8.26 2.96
