0.4 95 -17.09 1.23
0.01 95.67 -17.68 1.33
20.12 95.52 -19.68 1.42
7.28 95.75 -18.62 2.85
0 96.03 -19.87 2.05
0 96.24 -20.42 1.93
0.05 96.35 -18.2 1.17
24.2 95.71 -17.19 0.93
7.14 95.92 -17.4 0.99
0 96.16 -16.78 1.16
0 96.15 -16.24 2.74
0 95.57 -18.44 2.82
0 95.58 -15.79 3.47
2.7 95.4 -15.95 1.05
0 96.48 -15.77 1.21
0 96.02 -13.84 1.04
0 95.7 -11.16 0.91
0.01 95.62 -6.69 1.08
0 95.11 1.35 3.39
0.04 96.4 -9.93 4.46
0 96.25 -13.04 2.38
0 95.96 -11.3 4.77
0 95.43 -7.79 3.61
0 94.86 -8.01 4.3
0 95.85 -9.22 3.34
0 98.02 -4.12 3
0.73 94.76 -3.59 2.26
0.01 95.39 -11.03 4.12
0 94.97 -5.13 4.99
0 95.04 -4.85 1.74
0 95.63 -8.71 1.35
0.71 95.78 -11.05 1.75
0 95.79 -14.46 2.33
0 95.72 -13.01 2.46
0 95.7 -13.8 2.22
0 96.04 -14.02 1.29
0.01 95.89 -11.4 2.05
1.41 94.94 -3.13 2.76
0 95.07 -4.91 1.36
0 95.71 -7.4 2.37
0 96.32 -10.63 2.5
0 96.72 -12.27 2.91
0 96.43 -12.08 1.89
0.02 95.78 -9.93 2.32
0 96.23 -10.69 2.21
0 96.38 -12.5 1.62
0 95.91 -10.57 1.32
0 95.51 -9.05 2.96
0 95.31 -8.32 2.82
0 94.76 -3.79 1.99
0 94.64 -7.83 1.61
0 94.8 -7.1 1.76
0 94.76 -4.23 2.56
0 93.73 1.88 1.8
1.61 94.17 -3.6 1.55
0 95.25 -7.09 1.88
0.12 95.38 -5.55 1.66
2.1 95.02 -6.58 2
0.56 95.7 -8.47 1.93
0.06 95.34 -8.02 1.94
0.18 95.07 -2.94 3.45
0 95.12 -1.87 2.74
65.46 94.76 -2.66 2.72
2.26 95.89 -10.65 3.37
0 96.57 -12.85 1.52
0.01 96.84 -13.17 1.34
2.31 97.13 -10.52 2.31
0 96.32 -9.85 2.49
0 94.94 -4.57 2.31
0.12 93.84 2.5 3.02
0.35 95.08 -5.13 4.17
0 95.63 -2.9 1.73
50.48 95.01 -0.1 1.99
0.5 95.06 -2.79 5.77
0.01 95.51 -4.84 2.77
0 95.92 -5.7 2.18
0 94.88 -2.95 2.64
0.15 93.52 4.11 2.33
45.46 94.23 -1.28 3.51
0 94.53 -0.07 2.82
0.03 94.52 3.99 3.84
0 95.18 2.52 2.42
0 95.78 -0.82 2.4
0.02 95.75 -3.59 3.39
1.48 95.26 -3.06 1.58
4.68 95.85 -2.72 1.45
0 95.71 3.12 1.34
0.03 95.46 6.23 1.63
2.49 94.88 9.08 3.98
1.67 94.66 7.57 4.74
0 95.11 1.37 5.19
0 95.15 -0.53 4.05
0 94.75 4.53 4
0 94.51 9.01 3.89
4.05 95.19 2.32 2.11
0 95.78 1.64 2.06
0 95.18 7.01 3.35
0.16 93.96 13.01 5.28
22.12 94.82 2.52 2.63
0 95.11 3.11 2.91
0.61 95.05 1.53 1.84
62.05 94.89 0.26 3.27
0.01 95.66 -1.36 4.9
0 95.76 2.24 2.57
0.67 95.07 4.41 2.39
7.26 95.39 2.61 1.77
0 95.31 4.94 2.65
33 94.61 10.84 2.52
20.74 95.14 8.47 1.65
0.09 95.51 7.88 2.02
0.06 95.75 9.39 1.81
0.34 95.5 8.96 1.81
0.08 95.38 8.13 1.69
0 94.93 12.75 3.06
1.36 94.68 13.34 3.96
18.11 94.58 4.67 3.41
12.14 94.2 2.33 3.39
0.05 94.33 4.92 6.06
1.62 94.47 6.96 4.99
9.62 94.7 11.83 2.27
0 94.15 17.46 1.89
0 93.91 18.78 4.03
0.15 94.42 16.67 2.1
1.47 93.92 53.75 2.3
191.3 93.62 9.37 2.32
5.3 94.08 13.19 4.06
55.88 94.08 11.08 1.38
9.4 94.3 14.67 2.37
47.11 94.11 11.65 3.55
13.15 94.03 9.03 2.04
2.28 95.07 9.45 2.02
0 95.3 13.1 1.5
0 95.22 16.33 1.37
3.73 94.8 17.77 3.66
8.91 94.7 20.72 2.47
0.46 94.87 20.06 2.14
9.44 94.4 17.83 2.49
225.71 93.57 12.13 2.53
0.47 93.28 18.23 4.5
0 94.12 21.5 2.36
0 94.26 24.67 2.45
0.17 94.27 22.74 1.92
0.36 93.96 21.77 2.38
12.02 94.21 17.37 3.46
0.28 94.78 21.19 2.82
0.07 95.19 22.06 2.13
2.58 95.1 19.25 1.77
86.14 94.48 15.74 2.31
73.27 94.12 16.73 1.71
88.8 94.6 15.24 1.69
4.14 95.18 16.69 1.04
2.84 95.08 18.22 1.37
0.26 95.19 19.39 1.38
0 95.22 21.73 1.75
0.01 95.01 23.14 2
0 94.72 24.18 2.12
0 94.72 24.33 2.22
0 94.82 24.96 3.52
0 94.95 24.7 3.46
0 95.06 24.96 2.16
0.72 94.93 21.78 2.2
0.02 94.63 21.72 3.6
0.23 94.29 24.06 1.79
26.2 94.04 24.08 2.7
68.52 93.94 22.66 2.73
0.35 93.87 23.93 2.35
6.47 93.98 23.7 1.59
80.45 94.02 21.18 1.96
37.95 94.13 20.66 1.8
0.52 94.21 22.88 1.01
0.04 94.62 23 2.49
0.01 94.17 23.61 1.53
3.77 94.55 19.96 2.05
0 94.61 23.29 1.47
0 94.46 26.08 1.86
0 94.44 27.26 2.8
0 94.38 26.43 1.64
7.62 94.23 21.69 1.43
16.48 94.15 22.46 1.46
0.09 94.2 24 1.34
0.04 93.94 26.15 1.19
69.76 93.92 22.43 2.31
0.98 93.94 24.84 1.23
0.02 93.93 27.95 1.73
2.05 93.9 27.45 1.67
0 93.92 26.77 2.86
0.01 94.05 25.17 2.52
6.24 94.34 21.13 1.67
1.38 94.54 22.38 1.99
0.59 94.49 22.2 2.44
37.61 94.24 21.93 1.5
124.87 94.26 20.72 1.38
341.87 94.54 19.96 1.34
2.07 94.81 22.31 0.83
0 94.72 24.15 2.28
74.62 94.26 22.64 2.48
2.92 94.02 25.14 2.75
0.72 94.26 26.38 2.29
1.16 94.23 27.55 2.33
5.63 94.32 26.41 2.5
69.57 94.28 23.97 1.92
0.55 94.51 24.8 1.44
0.83 94.61 25.99 1.56
15.22 94.62 27.08 1.2
2.16 94.75 27.66 1.48
0.26 94.6 28.26 1.93
7.31 94.52 27.61 2.62
47.83 94.16 26.86 2.29
381.23 93.77 25.76 2.51
9.92 93.82 21.48 1.14
44.5 93.75 25.44 1.05
214.24 94.1 21.71 1.37
0 94.71 21 1.93
0.01 94.59 22.69 1.29
3.62 93.82 25.26 3.13
44.03 94.09 23 1.8
42.36 94.48 22.32 2.98
0 95.23 20.27 1.59
26.29 94.83 20.3 1.34
65.32 94.13 22.6 2.03
30.09 94.22 22.83 2.07
0 94.43 21.71 1.89
0 94.14 24.96 2.5
47.37 93.88 24.98 1.91
1.42 93.76 26.68 2.15
9.19 93.66 24.51 3.36
0 94.19 22.42 2.99
0 94.54 22.19 1.68
13.07 94.53 23.04 1.91
3.94 94.69 23.35 2.22
97.3 94.87 22.7 1.83
0.49 95.18 22.7 1.69
126.59 95.08 18.5 1.54
69.87 95.04 19.01 1.27
0.5 95.02 20.22 1.25
0 94.94 22.51 1.69
0.04 95.19 21.75 1.83
0.78 95.41 21.62 1.36
0 95.11 20.95 1.52
0.62 94.91 19.45 1.56
24.94 94.51 20.35 1.48
2.92 94.61 20.55 0.96
0.37 94.65 22.05 1.75
9.19 95.17 19.83 1.65
8.99 95.32 20.84 1.09
0.01 95.2 19.95 1.05
0 94.89 19.9 1.76
0 94.66 22.88 1.58
0.49 94.9 23.8 1.8
0 95.48 18.09 1.42
0 95.26 17.38 1.35
0.88 94.79 18.17 1.24
3.65 94.48 18.94 1.24
0.1 94.73 19.3 1.48
0 94.87 20.53 0.94
1.18 94.92 22.25 1.28
0 95 22.87 1.81
4.57 94.79 21.35 2.09
99.57 95.22 14.54 1.98
325.51 95.33 8.65 1.62
150.32 95.17 12.37 1.32
0 94.88 16.15 1.47
50.92 95.15 14.61 1.92
199.53 95.76 9.43 2.2
0 95.61 9.91 2.35
0 95.41 12.37 1.28
0.39 95.13 14.77 1.19
6.92 94.86 15.66 2.52
0.11 95.08 12.62 2.64
0 95.06 10.91 4.95
0 95.89 9.13 2.45
0 95.46 10.05 1.36
0.01 95.14 15.29 1.73
0.54 95.52 12.35 1.33
278.68 95.28 6.71 2.31
93.38 95.2 7.48 2.09
0 95.3 9.09 1.39
0 94.89 13.45 1.1
0 94.78 17.2 2.43
0 94.91 18.48 2.58
0 94.85 18.22 2.29
0 94.41 17.75 3.52
14.2 95.04 10.96 1.89
142.48 95.48 4.8 1.95
0 95.53 8.28 1.45
0 95.11 9.57 1.62
0 95.31 8.47 3.22
0 94.79 7.91 2.69
0 95.64 2.3 2.69
0 96.19 0.63 0.78
17.79 96.12 -0.51 1.31
67.14 96.19 0.37 0.94
0 96.03 1.62 1.04
0 95.47 4.22 1.37
0 95.16 8.98 1.29
8.97 95.39 8.54 2
1.8 95.94 3.42 3.24
0 96.28 -0.57 2.99
0 96.93 -1.47 2.03
0 96.09 1.02 1.39
0 95.98 4.61 2.18
0 95.98 5.67 1.17
0 96.05 5.82 1.32
0 95.87 6.29 1.99
0 96.41 2.09 3.34
0 95.91 1.48 1.81
0 95.49 5.42 1.44
0 95.59 4.57 1.18
0 95.27 6.85 1.72
0 94.97 7.49 1.32
5.39 95.17 2.94 1.89
0.13 95.66 0.15 3.42
0 95.31 -1.1 1.45
0 94.85 0.49 1.16
14.32 94.36 0.77 4.01
0.91 94.77 -0.73 1.79
0.44 95.8 -1.49 4.34
0 96.76 -4.99 2.78
0.02 96.07 -2.93 2.34
0 95.44 0.46 1.43
0 95.34 1.55 1.91
0 95.02 5.23 3.16
0 94.57 3.37 2.34
0 94.33 6.09 1.83
0.13 94.5 2.17 3.96
0 95.26 -2.35 2
0 95.07 -1.94 1.8
0.01 95.34 -1.92 4.28
0 95.62 -6.18 2.83
0.23 94.76 -5.84 2.5
0 95.14 -7.51 6.52
0.2 95.3 -7.84 1.16
0.08 95.17 -6.82 1.25
0 94.8 -2.96 1.92
0.02 94.42 -3.94 1.81
0.03 95.01 -8.05 3.59
0 95.05 -5.15 2.18
0 94.04 3.7 2.32
0 95.48 -3.08 2.68
0 96 -5.7 3.23
0 94.73 -5.17 2.48
0 94.71 -6.98 1.24
0 94.14 -4.87 1.6
2.54 94.08 -9.26 3.73
0 95.06 -12.6 1.54
0.81 95.46 -14.71 1.69
0.03 96.16 -15.67 2.77
0 96.05 -16.43 3.44
0 95.74 -15.59 3.22
0 94.43 -8.46 3.71
0 94.3 -6.71 1.23
0 94.35 -4.09 1.81
0 94.62 -2.49 2.41
0 94.87 -0.67 1.9
0 94.62 -7.42 1.41
0.12 95.2 -11.15 2.77
0 96.45 -17.17 2.69
0 96.4 -15.8 3.5
0 95.51 -14.69 3.44
0 94.4 -11.99 2.79
0 94.09 -9.18 2.1
0 94.74 -12.02 3.29
4.96 94.98 -12.75 1.83
0.01 95.16 -12.95 4.6
0.1 95.7 -11.26 5.03
0 95.67 -11.56 3.48
0 95.82 -12.54 2.85
0 95.44 -13.11 0.72
0.01 95.03 -12.96 1.36
0.01 95.2 -11.55 5.34
0 95.81 -10.18 4.43
0.01 95.12 -7.82 1.66
0.1 95.02 -9.67 3.89
0 95.55 -13.74 4.26
0 94.8 -11.11 3.06
0 94.37 -12.73 3.9
0 94.51 -12.6 2.02
0 94.53 -11.11 3.5
0.01 95.52 -15.54 3.42
0 95.92 -17.8 3.4
0 95.74 -14.96 2.73
0 95.56 -14.09 2.53
0 95.29 -14.56 3.12
0 95.27 -14.62 3.69
0 95.17 -12.55 2.17
0 94.99 -12.82 1.43
0 95 -13.45 3.47
0.02 95.26 -14.97 3.55
0.01 95.41 -14.4 1.66
0.03 95.58 -14.79 2.28
0 96 -15.32 1.6
0 96.29 -14.12 3.11
0.01 95.84 -14.21 3.56
0 95.55 -15.11 3.87
0 95.33 -10.92 4.07
0 94.97 -3.81 2.66
0 94.67 -4.74 1.83
0 94.6 -7.8 1.49
0 94.45 -6.08 2.18
0 94.72 -5.61 2.44
0.01 93.84 -3.1 5.39
0.01 94.47 -3.37 2.73
0 94.15 -6.62 2.15
0.34 94.32 -7.78 3.42
0.05 95.09 -10.97 1.87
0.45 95.07 -10.16 0.88
2.79 95.34 -13.61 4.03
0 95.45 -12.64 2.16
0.07 95.37 -11.99 1.88
0.04 95.3 -11.89 1.43
0 94.57 -3.27 2.99
0.67 94.6 -5.2 1.85
3.89 95.05 -5.05 2.71
0 95.01 -3.97 1.97
0 94.89 -0.22 1.84
0 95.18 -0.53 1.66
0 94.77 1.88 2.23
0 94.29 2.77 3.83
5.7 94.12 0.9 1.99
0.12 94.86 -4.23 2.77
0 95.47 -4.82 1.65
4.53 94.84 -1.86 4.64
0.26 95.72 -9.43 3.55
0.03 95.19 -8.12 3.25
0 94.86 -7.01 3.59
0 94.85 -6.88 2.32
0 94.98 -4.42 3.34
0 94.62 -0.6 1.97
0.06 94.14 1.57 2.69
0 94.97 -1.89 3.59
0 94.69 -1.66 4.76
0 94.74 -4.17 4.8
0 95.07 -2.09 4.06
0 94.83 -0.29 4.13
0 94.18 2.6 3.04
0 93.49 7.48 2.27
0.01 94.26 2.29 4.42
0 95.37 -2.39 3.83
0 95.05 -5.5 4.43
0 94.81 -3.53 3.31
0 94.18 3.61 3.25
0 93.89 4.63 5.2
0 94.29 1.86 4.25
0 94.5 -0.97 2.22
3.99 95.09 -4.03 4.53
0 95.17 -2.94 3.42
0 94.9 -2.13 2.6
0 95.05 -2.7 4.97
0 96.7 -0.65 2.82
0 96.68 0.87 3.16
0 96.52 2.86 3.22
0 96.78 2.7 1.99
0 96.44 7.36 3.42
0 96.12 8.19 2.16
0 95.72 10.61 4.59
0 97.04 1.84 4.1
0 96.94 2.14 2.37
0 96.49 6.01 2.82
0 96.39 7.79 1.2
0 94.7 10.26 2.44
0.04 93.96 10.67 5.68
0.91 94.35 7.81 5.19
0 94.33 8.18 4.02
0 94.22 8.44 3.37
0.6 94.87 5.17 3.64
0 94.54 9.35 3.69
0 93.95 14.71 3.67
0 94.06 13.66 1.54
0.02 93.31 16.35 3.36
0 94.19 10.36 5.73
0 93.84 12.38 4.4
0.94 93.92 8.11 7.43
0.28 94.58 6.83 5.22
0 94.36 9.56 2.09
0 93.83 13.64 4.25
58.57 94.58 7.05 2.11
3.18 94.45 6.1 1.94
17.4 94.18 4.7 3.19
7.64 93.74 6 3.85
0.04 93.33 8.52 1.77
3.33 93.36 9.59 3.1
1.86 94.04 7.21 2.89
0 93.52 9.66 1.25
28.36 92.9 8.83 1.71
2.26 92.87 9.38 2.05
0.46 93.78 13.49 3.68
0.15 94.03 11.07 4.57
0 94.36 12.58 2.9
0.9 93.89 12.85 2.9
123.71 93.09 9.31 3.02
0.06 93.17 11.14 4.14
0.01 93.69 13.33 3.35
0.67 93.65 15.02 3.86
7.18 93.49 17.08 3.21
0 93.76 18.28 2.61
0.1 93.43 16.25 5.32
0.29 93.35 12.48 6.01
0 93.55 14.98 7
0 93.66 16.26 4.86
0 94.23 12.73 3.3
0 94.17 13.78 2.3
0.01 93.06 17.59 2.24
14.52 92.84 19.4 3.66
11.62 94.05 13.21 2.97
4.01 94.13 11.5 3.28
0.24 93.98 12.84 4.56
0 93.84 17.62 3.38
0 93.96 18.59 2.92
0 94.1 21.14 3.31
2.79 94 20.52 4.51
5.58 93.94 18.85 5.47
0.01 93.79 20 2.77
0.53 93.61 23.44 5.16
4.92 93.71 22.56 2.85
40.64 93.31 18.5 3.41
4.99 93.25 17.35 3.29
0.02 93.67 19.75 3.23
7.55 93.37 20.61 6.11
1.82 93.52 18.84 4.15
0.36 93.78 19.47 1.81
0.51 93.64 23.15 1.74
6.62 93 24.49 3.05
7.82 92.73 22.12 2.77
8.02 92.99 21.88 2.15
0 93.41 22.69 2.61
36.3 93.37 20.52 2
179 93.51 15.72 2.91
3.57 93.71 19.53 1.97
3.72 93.72 21.46 1.19
83.63 93.51 20.41 2.08
35.01 93.5 18.68 2.04
129.8 93.7 17.34 1.93
0.29 93.87 20.28 1.91
0 93.79 24.06 1.14
0 93.62 26.4 1.75
0.03 93.33 27.86 2.89
0 93.28 27.54 2.81
9.63 93.06 22.22 2.2
35.75 93.38 15.73 2.57
0.5 94.04 18.93 2.78
0 94.37 20.71 1.44
2.44 93.81 22.37 3.25
4.08 93.09 23.35 2.84
21.84 93.23 24.85 2.78
0.01 93.37 25.24 3.11
41.64 93.28 24.09 2.55
53.55 93.4 22.24 1.28
0.21 93.32 23.64 2.36
0 93.45 23.69 2.63
0 93.56 25.49 2.91
45.4 93.05 22.6 2.57
0.36 92.77 25.03 3.59
84.21 92.85 17.73 1.79
15.2 92.9 18.45 2.74
11.88 93.58 21 1.85
22.14 93.72 23.02 2.32
8 93.79 24.04 1.87
3.29 93.81 23.8 2.3
0.89 93.63 24.27 1.21
34.39 93.76 21.64 1.78
6.67 93.73 22.12 1.63
50.65 93.57 21.27 1.67
12.67 93.65 20.78 1.27
52.79 93.72 21.48 1.43
427.43 93.59 19.91 2.4
44.17 93.48 20.9 1.44
48.72 93.39 22.03 1.99
6.5 93.37 23.01 2
0.08 93.45 25.44 1.33
16.5 93.41 26.06 2.08
369.85 93.22 22.36 2.15
43.09 93.18 22.29 2.54
4.05 93.35 23.13 1.92
0.3 93.59 24.68 1.3
116.04 93.79 21.04 1.76
41.97 93.43 21.04 1.54
0.02 93.49 23.49 1.8
0.14 93.62 24.28 2.16
0.28 93.98 23.22 2.12
0.02 93.56 23.84 2.02
0 93.53 24.08 1.57
0.01 93.74 24.35 1.52
3.2 93.71 23.76 1.29
3.52 93.75 23.93 1.72
4.73 93.44 23.71 1.59
3.73 93.54 25.43 2.11
0 93.94 24.51 1.24
0 93.76 26.13 1
0 93.47 26.3 1.74
20.21 93.23 25.79 1.69
112.28 93.63 20.45 1.95
240.49 93.67 17.85 1.98
6.77 93.69 20.96 1.36
6.82 93.83 20.58 1.28
0.05 94.11 21.23 1.68
0.07 94.22 22.16 1.11
0 94.22 23.17 1.25
0.32 94.1 23.16 1.29
10.12 94.34 21.11 1.63
0 94.31 20.51 1.38
30.83 94.27 19.81 1.3
1.87 94.5 19.75 1.52
0.79 94.58 21.24 1.3
5.72 94.38 19.6 2.14
3.37 94.06 20.78 1.31
0.38 93.95 22.02 1.39
0 93.9 23.13 1.32
7.22 93.66 22.37 2.99
0.5 94.2 18.89 1.74
0 93.98 20.11 1.53
2.29 94.53 17.82 2.67
0.13 94.44 18.58 1.63
0 94.51 17.77 1.41
0 94.01 19.45 1.25
10.99 93.67 18.36 3.3
1.26 94.31 13.39 1.71
0.06 94.86 12.98 1.77
1.39 95.08 13.64 2.07
2.97 94.54 16.78 2.23
0.14 94.28 17.68 2.06
0.03 93.87 19.75 3.33
14.93 93.95 17.06 2.12
12.4 94.23 13.37 1.38
36.14 94.56 12.03 2
0 94.95 8.77 2.3
0 95.37 9.34 2.42
0 95.19 10.32 1.38
0 94.85 11.89 1.68
0 94.45 13.48 1.45
0 94.56 14.6 2.51
0 94.4 15.04 2
0 94.15 17.81 2.97
0.03 94.44 17.97 1.72
0.06 94.58 19.2 3.36
0.02 94.39 18.65 2.24
9.49 94.24 15.04 1.86
0.07 94.73 7.61 3.07
0 95.2 6.16 2.62
0 95.26 6.81 3.07
0 95.72 7.94 3.75
0 95.36 9.39 1.44
0 94.67 11.25 2.3
0 94.12 12.04 3.17
0 94.72 9.78 1.91
0 94.67 10.73 1.26
0 94.41 14.58 2.16
0.04 94.89 13.43 3.13
0 95.39 9.11 1.15
0 95.1 12.21 1.55
0 94.51 14.59 1.41
65.34 93.94 10.32 1.7
1.8 93.9 8.94 2.47
0.53 93.52 7.76 2.87
0.82 94.02 8.19 4.43
0 95 4.87 1.88
0 95.04 8.54 1.35
0 94.81 11.1 2.1
0.01 94.66 14.43 3.54
0 94.62 13.68 1.91
0.17 94.53 11.64 1.53
39.94 95.12 4.05 3.54
0 95.43 1.86 3.39
0 95.4 4.2 1.86
0 94.96 5.79 1.47
0.51 94.81 7.09 2.61
0 95.11 6.53 1.69
0 94.75 7.25 1.49
0 94.56 9.17 3.46
0 94.75 10.11 4.36
2.76 94.97 10.71 2.79
0.03 95.57 4.17 1.49
0.46 95.22 7.75 1.67
3 95.01 9.58 3.49
0.09 95.75 1.78 2.57
0.02 95.57 0.21 0.85
0 95.49 3 1.2
0 95.46 3.17 1.46
0 95.25 1.92 1.15
0 94.6 2.39 1.07
0 94 4.46 2.17
0 94.3 5.06 3.49
0.02 95.09 -2.43 2.68
0 95.17 -5.05 1.82
0 95.19 -4.21 1.45
0 95.44 -2.61 1.57
18.6 94.78 -0.27 0.68
2.22 94.63 -1.43 2.6
0.47 94.8 -5.81 3.53
0 95.25 -6.84 2.57
0 95.24 -4.29 2.05
12.37 94.91 -6.2 2.77
0.31 95.48 -7.84 2.73
0 95.19 -8.73 0.82
0.04 95.15 -6.78 1.4
0.49 94.52 0.36 2.41
0 94.61 -0.65 1.39
0 95.47 -4.29 2.04
0 96 -9.01 1.43
0 96.26 -8.55 1.91
0.05 95.49 -7.76 0.85
0.01 94.81 -5.32 1.04
0 95.01 -6.45 1.17
0 95.35 -8.54 0.81
0.39 95.54 -9.32 0.79
0.42 95.53 -6.94 0.69
0.35 95.82 -8.66 2.38
0.01 96.11 -12.3 3.5
0 95.7 -11.38 3.07
0 94.88 -6.49 5.56
0 94.96 -3.84 3.01
0 95.4 -7.02 1.76
0 94.67 -4.02 2.82
0 95.43 -9.87 4.59
0 95.62 -13.55 3.19
0 95.72 -12.19 4.09
0 95.49 -10.41 2.11
0 95.55 -10.43 2.27
0 95.45 -11.29 0.98
0 95.11 -10.27 2.12
0 95.08 -9.74 4.44
0 95.29 -11.74 2.86
0 94.84 -9.61 3.69
0 95 -12.94 2.05
0 95.5 -12.05 1.86
0 95.73 -10.32 2.13
0 95.28 -6.58 2.44
0 95.69 -11.19 1.48
0 95.98 -14.9 1
0.05 95.41 -12.63 0.56
0 95.24 -9.85 1.69
0.09 95.63 -11.42 1.99
0.21 95.03 -11.85 2.68
0.07 95.22 -12.78 4.42
0 95.43 -12 2.72
0 95.23 -11.15 1.7
0 96.04 -14.63 1.16
0.06 95.91 -14.9 0.76
0 95.5 -12.2 1.42
0 95.46 -13.28 0.85
0.05 95.53 -12.5 3.35
0 95.58 -12.56 3.03
0 94.75 -6.72 3.51
0 95.01 -8.56 2.59
0 94.93 -8.79 2.59
0 94.65 -10.34 0.71
0.03 94.51 -8.46 1.35
0.05 94.71 -12.29 1.01
0 94.84 -10.66 1.24
0 95.31 -11.61 1.16
0.01 95.98 -14.71 3.09
0 95.82 -18.22 3.33
0 95.46 -17.88 2.71
0 94.95 -17.15 2.2
0 94.81 -16.5 2.88
0 94.41 -13.92 3.41
0 94.54 -13.69 1.7
0 95.06 -15.33 1.47
0 95.28 -14.83 1.87
0 95.67 -15.6 1.62
0.02 95.27 -17.22 1.23
0.12 94.83 -16.8 4.17
0 95.61 -17.91 4.42
0 95.58 -16.04 2.94
0 94.63 -13.38 3.22
0 94.7 -9.98 2.67
0.06 94.15 -6.4 2.46
0.01 94.82 -13.88 5.07
0 95 -16.42 5.08
0 94.57 -13.09 5.53
0 94.75 -10.9 3.29
0 95.08 -11.17 3.18
0 95.14 -11.1 1.49
0 94.8 -8.62 3.1
0.02 94.55 -4.07 2.47
0.09 95.14 -9.35 2.97
0 95.07 -10.41 2.94
0.02 95.16 -12.16 3.42
0 95.28 -13.59 4.83
0 95.17 -10.45 3.62
0 94.57 -5.46 3.01
0 94.73 -8.99 2.39
0 94.46 -10.52 1.06
18.73 94.11 -9.1 2.25
0 95.04 -7.79 2.51
7.94 94.91 -6.82 2.21
0.01 95.35 -9.3 3.38
0 95.28 -8.34 2.95
0 94.74 -6.22 1.16
0 94.35 -1.81 2.61
0 94.54 -0.28 2.3
18.87 95.13 -4.58 0.95
0.2 95.32 -8.42 1.6
0.16 95.23 -6.79 1.44
0.03 94.59 -1.9 2.12
29.99 93.93 -4.45 1.85
26.57 94 -4.62 2.65
0.02 94.62 -4.66 4.14
0 95.34 -9.01 4.13
0 95.01 -9.07 1.88
0.12 94.93 -8.46 4.4
0 95.39 -8.42 4.04
0 95.06 -6.25 1.73
0 94.42 -2.09 3.16
0 94.96 -1.1 2.02
0 94.54 3.24 3.37
1.66 93.64 6.14 4.76
9.06 94.42 -3.54 3.88
13.61 95.22 -8.5 1.78
0 94.95 -2.58 2.39
0 94.89 -0.12 2.16
0 94.25 4.37 3.7
0 94.84 1.76 1.74
2.56 93.95 1.6 5.1
0 94.4 -0.88 6.05
0 94.83 0.2 3.52
0 94.52 5.28 2.44
0 94.75 8.16 3.58
0 94.88 9.78 3.67
0.14 93.9 9.64 8.45
0.28 94.55 0.48 5.19
0.17 94.55 -1.15 4.77
0 94.51 -0.41 2.05
1.43 94.43 1.16 3.07
0 94.06 3.88 4.83
0 93.9 4.27 5.32
0 94.15 3.14 5.24
0.07 94.49 3.76 2.38
0 93.99 10.67 3.82
0 94.17 10.12 5.31
0 94.02 13.23 3.42
2.5 93.78 13.68 6.23
1.74 94.16 7.38 4.64
0 93.6 11.96 3.48
0 93.44 14.25 3.17
0 93.43 15.48 3.2
4.66 94.13 8.43 4.11
0 94.35 8.58 2.51
0 93.41 16.67 4.52
0 93.47 19.07 4.15
1.89 93.83 15.53 4.62
11.37 94.35 13.7 3.69
0.72 93.82 13.03 2.7
0.1 93.19 14.57 1.83
0.24 93.12 18.5 4.25
221.28 93.68 12.34 3.42
58 93.62 9.09 4.65
0 92.98 11.06 3.53
0.07 92.72 11.02 7.86
0 93.91 9.37 3.12
0 93.91 13.02 2.72
0.34 93.64 18.11 3.94
0.23 94.27 16.25 2.55
14.73 93.76 17.3 2.26
0 93.81 20.79 2.08
0.34 93.99 20.05 2.59
0 94.04 17.71 3.12
0 93.68 17.38 2.35
3.97 93.67 16.19 2.02
0 93.89 18.29 2.19
0.03 94.1 20.38 2.48
4.4 94.37 19.42 3
101.05 94.36 13.52 1.81
16.26 93.82 13.88 2.95
20.3 93.6 10.57 2.58
1.57 93.57 11.62 4.41
0.01 93.33 11.79 3.62
3.53 93.08 12.15 5.65
0.02 93.53 15.75 1.34
0 93.41 22.73 4
3.89 94.01 20.04 2.93
2.55 94.34 18.21 1.86
0.06 94.17 20.45 4.3
1.61 93.9 19.84 4.18
1.55 94.05 17.12 3.2
0 94.04 16.93 3.27
0 93.84 18.16 2.49
0 93.5 19.8 2.65
0 93.93 20.52 2.5
0 94.03 23.17 2.54
6.38 94.06 20.57 2.55
54.22 94.5 14.49 2.88
0.1 94.57 16.75 1.47
9.1 94.09 17.12 3.19
6.42 93.88 16.27 3.37
36.64 93.64 15.66 2.26
10.37 93.35 18.89 3.98
0.53 93.57 20.79 2.12
2.3 93.13 20 2.67
8.42 93.01 22.22 2.14
22.75 92.99 22.45 2.29
26.62 92.85 21.7 3.47
9.59 93.01 17.39 3.37
2.14 92.71 16.21 3.3
18.47 92.81 16.32 2.91
253.65 93.45 13.19 2.17
324.22 93.67 13.78 2.03
245.39 93.68 15.04 3.01
6.22 93.53 18.94 1.65
3.02 93.42 21.88 1.69
3.15 93.61 21.67 1.73
11.51 93.35 21.27 1.59
14.35 93.39 21.4 1.62
1.34 93.54 21.55 1.25
31.25 93.5 21.06 1.45
0.4 93.24 22.48 1.89
55.48 93.28 21.92 2.27
32.59 93.64 20.71 2.66
6.75 94 22.78 1.99
0.77 94.17 23.08 1.69
1.69 93.9 20.76 1.92
35.31 93.48 21.52 2.13
0 93.36 23.76 2.23
1.03 92.97 24.65 4.46
2.1 93.01 22.76 4.23
0.97 93 22.44 2.87
0.03 93.35 23.28 1.55
0.65 93.47 23.13 1.53
0.39 93.37 23.5 1.54
10.25 93.34 24.01 1.72
33.82 93.33 25.21 2.13
11.03 93.36 25.44 1.99
141.06 92.98 21.54 1.83
28.13 92.8 19.12 2.93
86.26 93.19 18.42 3.5
13.19 93.71 20.26 2.55
0 93.7 21.08 1.8
0 93.72 22.53 1.38
0 93.95 24.48 1.21
0 94.01 25.1 2.01
0.05 93.83 25.14 2.38
1.2 93.71 25.23 1.46
3.56 93.65 25.23 1.71
30.43 93.57 23.8 1.27
336.41 93.19 21.63 3.39
0 93.67 23.07 1.18
0 93.86 23.94 1.75
3.26 93.77 24.32 1.94
33.76 93.38 25.76 4.14
0.97 93.8 24.01 1.67
87.07 93.3 22.77 2.09
8.99 93.04 23.65 4.27
0.15 93.68 21.98 1.16
31.96 93.97 19.88 1.52
101.25 94.15 18.77 1.72
73.76 94.08 19.53 1.25
7.43 94.08 21.91 1.6
47.69 94.15 21.75 1.71
0 94.32 23.03 1.11
0 94.14 24.09 1.16
0 93.73 26.06 2.1
5.88 93.67 24.53 1.8
2.56 93.95 23.31 1.18
0 93.77 24.62 1.52
8.91 93.88 20.3 2.46
28.89 93.93 17.5 2.18
0.5 94.03 19.64 1.45
1.55 93.69 19.09 1.99
9.15 93.78 21.15 1.92
0 94.1 22.09 1.61
0.03 93.67 23.38 3.27
108.39 93.72 23.13 2.38
1.09 93.83 20.74 1.58
5.59 93.8 19.95 2.64
3.73 94.39 16.52 1.9
0.02 94.52 16.32 1.93
0 94.24 21.07 2.49
0 94.18 22.39 1.98
0.15 94.04 22.82 2.59
0.99 94.09 22.2 1.13
4.99 93.98 21.77 1.69
0.4 93.59 22.78 2.04
0.46 93.73 23.58 2.9
0 93.95 24.86 2.09
0 94.07 25.35 2.56
0.37 94.09 25.02 1.88
233.99 94.06 15.98 3.17
12.32 94.41 13.65 2.54
0.15 94.44 12.58 2.2
0.64 94.53 16.24 1.66
0 94.44 19.79 1.93
10.39 94.56 18.18 1.39
0.54 94.48 17.22 1.09
0 94.42 18.78 0.97
0 94.34 21.04 1.26
23.3 94.02 19.43 2.61
115.31 94.06 12.82 4.17
0.22 94.18 11.52 2.99
0 94.56 14.17 1.36
0.04 95.02 14.33 0.99
0 95.13 13.84 1.26
0 94.51 14.44 2.48
0 94.02 16.4 3.08
0.09 93.98 16.11 1.75
0 94.19 17.96 1.78
1.24 94.1 18.46 2.44
0.47 94.13 17.45 1.3
1.53 94.48 15.81 1.42
0.19 94.76 15.74 1.25
26.95 94.63 14.46 1.95
0.94 94.88 14.43 1.6
36.93 94.49 10.13 1.51
33.77 94.5 9.96 7.48
0.43 94.69 11.26 3.51
0 94.68 11.8 1.83
0 94.5 13 1.54
0.26 94.3 14.5 2.3
0.43 94.16 13.4 3.38
0 94.3 13.42 2.54
0 94.85 10.78 1.91
0 95.23 11.9 1.01
0 95.08 14.09 1.44
0 94.56 16.44 2.89
14.26 94.16 12.67 3.55
0 94.67 8.96 2.57
0.02 94.26 10.93 2.45
0 94.1 13.15 2.55
0.04 94.51 8.38 4.01
0 94.9 6.89 2.32
0.01 94.99 7.23 2.08
19.54 94.36 9.33 4.04
0 94.39 4.33 4.03
0 94.51 5.9 2.79
0 94.33 7.86 2.15
0 94.75 6.81 1.18
73.87 95.02 1.41 1.12
90.78 94.47 1.97 1.7
0 94.15 6.43 2.07
0 93.9 9.85 3.98
0 94.53 8.81 2.01
0 94.54 11.52 2.39
3.93 94.44 10.48 3.2
0 95.36 2.75 1.34
1.92 95.23 -0.32 2.54
0.03 94.81 -0.34 2.62
0.01 94.66 -0.64 2.28
0 94.6 2.14 1.47
0 94.8 0.51 2.04
4.87 94.9 -0.73 1.5
196.44 94.6 -1.47 36.72
62.32 94.8 -1.01 3.15
0 94.78 -3.95 0.63
0 94.45 -1.27 1.92
0 94.7 -1.05 1.12
0 95.1 -2.87 0.91
57.51 94.8 -2.82 0.68
103.12 93.54 -2.73 5.75
0.12 94 -4.54 3.41
0 94.07 -6.6 4.75
0 94.85 -4.87 2.81
0 95.1 -6.53 0.79
20.76 94.6 -2.99 1.01
0 94.52 -4.97 34.03
0.01 94.18 -5.24 3.45
0.01 94.79 -3.41 3.37
0 94.83 -4.83 1.66
0 94.5 -2.58 2.17
5.43 95.01 -5.9 2.04
0 94.89 -7.19 2.53
0 94.35 -5.8 2.17
0 94.32 -3.11 3.93
0 94.39 -7.85 3.06
0 93.44 -4.32 3.67
0.01 94.22 -7.02 4.69
0.01 94.77 -9.68 2.46
0 95.46 -13.53 2.3
0.07 95.07 -14.62 1.37
0.12 94 -5.02 3.37
0.72 94.23 -8.22 4.19
0 94.49 -11.16 2.22
0 94.51 -13.43 3.6
0 94.45 -15.12 3.18
0 94.63 -16.64 2.91
0.01 94.63 -17.71 3.83
0 94.76 -11.46 3.95
0.03 95.38 -14.19 1.4
0.01 95.53 -13.87 0.77
0.04 94.93 -11.8 1.9
0.01 94.99 -8.7 1.47
21.19 95.1 -11.53 0.84
0.41 94.87 -10.28 0.95
0.79 95.22 -12.61 1.14
0 95.57 -13.39 4
0 95.64 -15.61 2.05
0.01 95.1 -15.06 0.82
0.09 95.21 -12.72 42
3.35 95.23 -10.88 3.76
0 95.67 -16.43 2.75
0 95.45 -20.08 2.7
0 94.61 -18.06 5.04
0 95.76 -19.25 2.14
0 95.48 -18.86 1.07
0 94.92 -13.62 1.26
8.92 94.93 -15.33 0.73
17.27 94.97 -13.11 4.22
0 94.59 -15.42 3.79
0.01 94.05 -15.05 2.42
0 94.51 -18.55 4.13
0 95.6 -18.85 4.02
0 96.17 -15.95 2.55
0 95.23 -16.67 0.99
0 95.08 -14.31 1.61
0 94.95 -15.03 1.27
0 94.87 -15.17 1.33
0.01 95.27 -17.15 1.78
0 95.08 -15.03 2.43
0 94.93 -14.87 1.08
0.51 94.59 -13.52 0.59
0 94.68 -12.05 1.7
0 94.67 -13.54 0.7
0 95.14 -10.6 2.07
1.16 94.85 -13.99 1.32
0 95.57 -14.83 2.27
0 95.81 -11.66 2.21
0 94.85 -6.47 2.23
0 95.36 -10.05 0.86
14.54 95.36 -9.82 0.9
1.35 95.45 -9.85 1.4
0 95.18 -13.98 1.05
0.01 94.06 -7.57 2.97
0.02 94.65 -14.21 4.42
0 94.7 -15.77 1.44
0.07 95.02 -15.07 1.15
0.02 94.91 -11.3 1.68
0 94.51 -6.34 1.07
0 94.77 -7.21 1.02
0.02 94.67 -5.46 1.41
0.68 94.6 -6.29 1.83
0.34 95.25 -8.5 4.04
0 95.32 -10.82 2.77
0.73 94.3 -9.71 3.37
0 95.1 -9.96 2.83
0.01 94.64 -7.83 2.08
1.14 94.96 -15.66 4.11
0 95.76 -18.56 4.47
0 95.61 -17.19 1.43
0.34 94.76 -12.48 2.16
0 95.38 -13.49 2.02
0.04 95.41 -12.99 1.73
0 94.71 -7.72 57.91
0 94.51 -5 2.98
0 95.14 -9.8 2.58
0 95.07 -10.59 1.34
0 94.32 -6.62 2.42
0.01 94.36 -5.91 4.13
0 95.07 -11.86 4.18
0 95.19 -13.25 2.39
0.01 95.15 -12.08 1.82
0 95.01 -8.06 3.68
0 95.25 -7.64 3.16
0 95.19 -5.15 1.42
0 95.33 -7.4 1.81
4.88 95.12 -7.71 1.77
0.14 94.29 -0.38 3.37
0 94.23 0.72 2.85
0.08 93.71 -2.89 6.27
0 95.49 -8.63 5.39
0 95.47 -6.05 1.56
0 94.43 -0.22 3.8
0 94.76 1.5 2.23
0 94.15 5.57 3.17
0 94.11 3.71 1.82
0 93.49 5.25 2.35
0 93.41 -0.78 2.18
0 93.55 -3.62 5.69
0 94.93 -1.2 1.82
0 94.19 4.92 4.02
13.23 94.2 -0.29 3.78
0 95.35 -6.58 4.09
0 94.8 0.22 3.09
0 94.4 5.34 3.06
0 94.78 5.44 3.25
0 93.38 7.77 3.99
0.53 93.48 -2.8 4.02
45.15 94.26 -8.46 2.21
0.13 94.62 -7.81 2.66
0 93.37 1.14 6.31
0 94.38 -3.61 2.48
21.75 94.07 -5.95 3.75
0 94.77 -5.44 2.67
0 94.6 -2.46 1.52
0 93.61 4.4 4.13
1.06 93.86 0.78 4.55
0 94.69 -1.59 4.07
0 94.91 -2.6 2.33
0.25 94.76 -0.41 1.68
19.87 94.48 0.7 1.99
129.05 94.65 -0.2 2.75
0 94.12 3.55 2.53
0 94.22 4.92 2.72
14.82 94.37 -1.5 2.4
66.96 94.63 -1.76 3.26
0 94.39 -0.94 2.48
0.18 93.48 1.7 2.93
25.54 93.52 0.09 3.91
2.47 94.5 -0.46 3.95
0.97 94.33 1.03 4.26
0 94.38 1.88 3.65
0 93.9 8.5 3.58
0.12 93.47 6.44 4.63
0 93.71 2.5 5.43
0 93.44 3.62 2.44
6.93 93.75 3.2 3.2
68.66 94.04 0.55 2169.35
2.5 95.03 0.08 5.33
0 95.04 1.75 2.4
0 94.71 5.03 3.15
0 94.34 8.39 2.07
0.13 93.77 12.4 4.99
95.17 93.88 6.35 2.21
0.34 93.81 7.47 3.8
0.01 93.9 8.41 5.69
0 93.93 9.99 1.7
0 93.85 13.89 2.29
1.67 93.65 12.44 3.57
0.08 93.91 11.46 6.44
0.19 94.39 10.79 6.12
0.19 94.44 11.01 2.03
0.58 94.3 12.3 2.44
1.7 94.5 12.82 2.07
0 94.2 17.39 2.65
0 94.44 20.84 1.46
0 94.37 22.17 2.62
0 94.36 22.3 3.13
0.08 94.07 22.72 4.81
21.46 93.78 14.18 2.22
22.67 92.94 14.35 4.19
0 92.58 17.59 5.42
0 93.15 16.43 2.98
0 93.13 19.12 2.64
0.27 93.81 16.02 5.1
0 94.7 15.89 2.45
0 94.55 17.63 2.24
0.73 93.9 19.19 3.07
0 93.34 20.6 3.5
16.8 92.75 15.91 6.21
0 92.73 17.82 4.6
0 93.14 19.37 2.62
0 93.99 20.01 2.36
6.69 93.75 24.88 4.33
0.65 94.39 18 2.29
0 93.96 21.29 2.27
0.75 93.66 22.41 3.62
0.72 93.47 20.4 4.31
0.54 93.31 19.77 3.22
0 93.61 18.85 4.63
0 93.41 23.87 3.4
0.02 93.02 25.92 4.2
0 93.74 20 2.52
2.61 93.41 18.93 3.46
0.02 93.72 18.79 3.63
5.4 94.26 17.87 2.52
12.42 94.09 19.55 1.98
10.63 93.87 19.89 3.43
1.75 93.71 22.34 2.97
0.42 93.58 22.57 3.9
91.62 94 16.21 1.99
0.89 94.22 17.53 1.62
4.71 93.95 15.91 2.24
1.47 93.69 17.61 1.7
0.01 93.71 23.16 3.57
0.1 93.7 24.57 3.92
1.98 93.62 25.01 2.81
245.02 93.67 18.57 2.83
3.49 93.36 21.04 1.59
48.09 93.06 20.31 1.87
0.15 93.4 23.41 1.72
0 93.92 23.39 2.26
0.02 94.08 24 1.89
1.24 93.8 22.31 1.33
10.77 93.48 21.95 1.54
110.32 93.31 21.1 2.12
40.54 93.03 21.63 2.3
290.02 92.78 19.73 1.64
80.93 92.95 21.71 3.04
109.67 93.36 20.63 1.98
75.29 93.36 22.59 2.8
16.49 93.3 23.64 3.79
38.22 93.1 23.55 2.16
134.64 92.71 22.4 2.67
0.02 92.68 24.23 3.66
1.09 92.7 24.23 2.6
0.48 93.05 24.55 2.32
0.65 93.21 24.61 2.25
4.65 93 26.1 3.8
28.19 93.34 24.24 1.92
42.23 93.55 22.22 1.8
0.58 93.77 22.91 1.44
0.29 93.76 22.64 1.14
7.5 93.72 23.04 2.27
25.67 93.89 22.24 2.06
0.06 93.86 24.7 1.47
193.88 93.15 21.94 1.52
59.08 93.03 22.69 3.22
0 93.58 23.65 2.3
0.1 93.43 22.95 2.24
137.22 93.42 20.56 2.72
1.74 93.64 21.43 1.62
0.16 93.6 23.95 1.49
44.89 93.46 23.6 2.29
15.67 93.05 23.71 2.16
0.45 93.15 23.61 3.01
0 93.47 24.2 1.78
0.02 93.45 25.22 1.56
69.67 93.23 22.68 1.32
3.11 93.19 25 2.2
0.25 93.13 24.9 1.39
0.67 92.92 26.38 1.4
5.91 93.02 26.34 1.67
7.04 93.29 25.73 2.62
0.17 93.52 26.08 2.64
0.7 93.33 25.91 2.73
20.51 93 26.39 2.83
8.65 92.85 25.8 1.99
14.3 92.99 26.21 2.75
7.56 93.29 26.12 2.62
5.48 93.07 26.53 2.37
14.25 93.27 23.89 1.85
0.64 93.65 25.82 1.37
2.55 93.71 27.44 2.96
18.95 93.42 25.25 3.01
1.88 93.43 25.91 3.04
28.88 93.38 26.44 2.01
3.13 93.46 25.63 2
305.44 92.91 24.3 1.45
0.03 95.78 25.43 2.78
0 93.97 21.9 2.83
0 94.22 21.43 1.91
1.47 94.18 20.54 0.97
1.1 93.74 23.93 2.37
0.12 93.91 22.78 2.28
0 94.12 22.58 1.73
0.02 94.11 22.76 1.3
12.54 93.81 22 1.49
4.66 93.94 19.12 2.07
12.2 93.82 19.28 1.65
159.96 93.22 18.61 1.27
33.16 93.52 14.31 3.3
0.06 94.15 15.81 2.55
66.34 94.22 16.29 2.02
0.58 94.47 15.1 1.8
2.49 94.63 15.53 1.44
0 94.71 15.78 1.31
2.5 94.58 16.74 1.55
172.26 94.54 13.87 1.82
53.8 94.6 13.83 1.09
2.11 94.65 16 1.04
0.93 94.58 17.77 1.37
4.06 94.11 18.24 1.71
0.05 94.22 17.57 1.28
0 94.24 17.31 2.52
0.87 94.02 20.41 2.77
12.65 93.36 19.68 3.68
0.11 93.75 19.1 3.63
0 94.37 13.88 1.86
0.47 94.03 16.45 1.57
2.36 94.63 16.06 1.64
8.43 95.04 14.44 0.7
5.47 94.07 19.65 3.27
0 94.53 18.05 1.56
0.02 94.49 18.91 1.3
0.8 94.35 18.51 2.88
19.48 94.76 12.4 3.28
0 94.98 8.69 2.44
0 94.8 10.89 2
0 94.44 12.14 2.1
0 93.76 18.1 3.57
0 93.85 16.79 2.88
0 94.82 12.74 1.43
0.52 94.68 13.82 1.75
134.81 94.73 10.89 2.23
0.01 94.82 10.78 3.19
0 94.59 9.36 1.76
0 93.9 17.75 4.12
0 95 13.24 1.11
0.01 94.92 15.45 2.37
0.02 95.23 12.32 2.31
0.13 94.71 11.36 1.88
0 93.72 15.79 3.15
4.34 93.82 13.27 4.49
0 94.25 10.47 3.75
0 94.75 11.67 1.71
13.07 94.71 11.38 2.78
1.37 95.63 3.57 5.12
0 95.62 2.83 1.05
0 95.21 7.37 1.35
0 95.21 7.14 1.22
0 94.98 11.42 3.05
54.5 95.2 9.3 1.49
0.73 95.25 7.08 2.02
0 95.08 5.97 1.21
42.23 94.94 5.12 2.16
19.29 94.89 1.24 2.34
0 95.09 3.93 3.95
0 95.36 5.86 2.98
0 94.89 4.85 1.31
0 94.33 7.68 2.11
2.01 94.9 6.01 1.62
1.66 95.43 4.36 2.78
0 95.35 3.95 1.84
0 95.46 4.58 0.78
0 95.21 4.57 1.33
0.73 94.67 8.98 2.45
0.86 95 7.38 3.45
0 95.33 5.66 1.8
0.01 94.57 6.83 2.65
0.09 94.17 5.88 4.1
0.01 94.55 2.86 2.89
0 94.61 2.58 2.34
0.04 95.2 1.7 3.54
0 95.14 -1.65 4.26
0 95.2 1.27 2.46
0 95.1 1.81 1.8
0 94.47 1.91 2.29
0 94.25 2.97 3.54
0 94.22 3.08 2.22
0.08 94.4 1.74 3.74
0.01 94.77 -3.41 4.75
0.02 94.98 -3.87 6.5
0 94.88 -3.8 4.1
0 94.91 -1.95 2.81
0 95.1 -2.9 0.95
0 94.85 1.56 1.95
0 94.57 1.58 2.08
0.01 94.25 -0.43 2.28
0 94.08 -4.14 5.05
0 94.22 -7.47 3.77
0 94.43 -10.45 7
0 94.63 -5.41 3.84
0 94.23 0.83 3.44
0 94.9 -2.48 2.31
948.04 94.63 -0.3 3.25
948.04 94.4 -0.23 1.39
948.04 94.68 2.42 2.43
948.04 94.71 1.62 2.66
948.04 94.9 -1.38 2.84
948.04 94.47 -1.9 0.99
948.04 94.56 -4.6 1.37
948.05 94.55 -4.19 2.43
948.05 94.76 -6.13 3.07
948.13 94.21 -7.99 3.32
948.18 94.21 -8.9 2.12
948.04 94.36 -11.92 4.4
948.04 94.66 -11.65 2.82
948.04 95.04 -8.71 3.24
948.04 95.61 -8.07 1.58
948.04 95.59 -9.94 1.42
948.8 95.87 -12.4 2.41
948.13 95.48 -13.64 2.77
948.13 95.37 -12.38 2.81
948.05 95.77 -11.47 1.98
948.04 95.79 -10.41 1.14
948.04 95.5 -10.15 0.88
948.04 95.67 -9.33 1.17
948.04 95.57 -9.5 0.85
948.06 95.03 -6.5 2.96
948.08 95.51 -10.34 4.13
948.04 95.18 -10.88 1.51
948.04 94.71 -10.5 2.92
948.04 93.99 -5.64 4.16
948.04 93.81 -4.77 3.78
948.04 93.43 -3.26 4.57
948.04 93.85 -3.66 3.05
948.04 94.11 -2.76 3.34
948.04 94.73 -4.8 2.6
949.28 94.61 -7.57 1.81
949.96 94.89 -8.94 1.84
948.05 94.55 -6.81 2.95
948.04 95.12 -7.08 2.28
948.04 95.55 -14.36 3.02
948.04 95.14 -13.8 2.57
948.04 95.16 -11.3 2.44
948.04 95.26 -9.99 2.24
948.04 95.77 -12.77 1.69
948.04 95.48 -13.02 1.59
948.04 95.5 -10.97 1.99
948.04 95.32 -7.39 1.99
958.69 95.39 -10.61 1.58
948.04 95.3 -10.44 1.54
948.04 95.54 -8.09 2.01
948.23 94.54 -6.59 4.5
948.05 95.08 -10.41 4.06
948.04 95.24 -9.83 2.31
948.04 94.56 -6.06 1.77
948.04 93.74 -0.79 3.15
948.04 94.37 -3.37 1.98
948.04 95.29 -9.27 2.8
948.04 94.78 -7.03 4.11
948.04 94.25 -4.43 4.11
948.04 94.81 -7.16 3.8
948.04 93.49 -0.54 5.3
948.04 94.26 -7.15 3.43
948.04 94.36 -7.18 1.88
0.1 93.94 -4.26 2.08
0.03 93.99 -4.28 5.54
0 94.83 -13.03 3.91
0 94.99 -11.32 2.11
0 95.18 -12.15 1.44
0 95.44 -10.27 1.64
2.19 95.12 -11.1 1.38
13.85 95.19 -12.86 2.68
0 95.78 -15.08 3.12
0 95.57 -14.5 1.34
0 95.01 -11.79 1.28
0 95.67 -13.34 1.3
0 95.57 -12.9 2.06
0.04 94.77 -5.68 3.09
0 94.85 -6.16 1.87
0.04 95.45 -6.84 2.19
0 95.99 -9.89 1.54
0.53 95.51 -9.4 1.37
1.47 95.28 -9.59 1.92
0 95.17 -7.4 1.31
0 95.15 -4.4 2.2
0.25 95.71 -8.49 1.54
0.04 95.49 -5.68 1.16
0 95.02 -1.8 1.54
0 94.86 2.71 1.76
0.26 94.6 4.29 3.73
0.96 95.3 -3.71 3.96
0.02 94.97 -7.17 1.94
0 94.87 -5.51 1.56
0.19 94.8 -5.79 2.43
0.83 94.81 -6.38 1.93
2.58 95.14 -5.84 2.81
0 95.16 -7.18 2.94
0 95.32 -7.77 3.12
0 95.32 -6.02 2.45
0 94.86 -5.89 2.02
0 95.16 -5.36 2.26
0 94.59 -2.25 2.17
0 94.42 1.14 3.78
0 95.09 -1.89 4.49
0 94.68 -2.02 1.82
0 94.17 2.25 3.71
0 93.91 7.25 2.7
0 94.26 4.78 2.29
0 93.8 8.08 5.51
0 94.94 3.7 2.04
0.04 94.87 3.43 5.32
0 95.17 3.72 4.97
0 94.56 6.95 3.4
0 94.65 7.85 3.17
0 94.85 8.05 2.63
0 93.87 13.31 5.1
0 93.9 12.29 2.52
0.01 93.91 11.41 2.82
0 93.92 10.61 3.34
75.86 93.71 11.36 3.15
38.19 94.21 9.49 2.1
0 94.4 11.27 2.42
0.32 94.49 8.89 1.88
0 93.95 11.94 2.78
0 94.7 7.5 3.81
0 95.08 2 4.67
0 94.24 6.23 4.59
0 94.83 5.22 4.2
0 94.21 13.93 4.17
0 94.19 14.2 1.59
0 94.01 15.08 2.71
0 94.29 11.1 4.55
0 94.98 9.06 2.06
0.5 94.58 10.52 2.18
0.23 94.29 11.8 1.96
0 94.42 13.77 1.42
0 94.32 18.13 3.34
0 94.95 12.47 2.93
0 94.21 13.59 2.36
8.41 94.25 6.67 3.1
0.02 94.94 7.17 2.7
30.22 94.7 7.04 2.55
0.03 94.28 9.21 98.25
0 94.39 11.55 4
0 94.06 13.92 2.64
0.36 93.73 16.34 3.65
1.8 93.95 18.06 4.05
0.16 94.44 16.86 3.79
38.94 94.73 11.39 3.34
0 95.03 12.31 2.69
0 94.88 13.2 1.89
0 94.24 14.91 1.52
0 93.67 19.32 1.78
2.02 93.64 18.31 4.62
197.31 94.3 6.23 5.03
11.18 93.84 7.37 5.82
8.06 94.07 4.83 5.77
0.05 94.3 7.79 4.7
0.06 93.71 11.99 2.38
40.53 93.79 7.09 4.38
0.36 94.31 11.16 1.79
84.74 94.59 9.83 2.49
1.86 94.45 11.8 1.88
200.5 93.64 8.73 2.59
52.46 92.74 14.92 4.01
0 92.95 17.13 4.14
0.04 93.3 13.56 3.65
0 93.06 13.58 3.55
0.02 93.86 16.47 3.17
1.38 94.19 16.24 1.97
1.81 93.83 18.33 3
52.57 93.45 16.52 2.5
1.78 93.52 17.3 3.2
0.01 93.65 18.88 2.24
0 93.62 21.89 2.23
0.18 93.91 25.53 3.66
41.78 93.77 17.71 2.67
0.24 93.34 16.8 5.8
0 92.82 21.17 4.44
30.63 92.63 18.33 2.63
1.32 93.05 21.66 1.84
0 93.17 23.81 20.79
0.07 93.72 25.24 2.41
0 93.65 28.62 4.31
2.2 93.88 23.78 2.63
0.2 94.03 21.98 2.56
0 93.92 22.59 2.13
0.34 93.71 22.52 1.97
12.14 93.56 23.47 2.29
416.17 93.74 15.47 2.32
104.61 93.58 12.74 3.31
15.22 93.24 15.87 3.06
25.54 93.54 15.43 1.93
37.01 93.96 15.05 1.78
6.84 94.06 18.18 2.4
6.7 93.87 19.96 2.77
7.77 93.9 20.82 2.67
0.02 93.76 21.71 2.16
1.89 93.57 23.21 1.43
224.11 93.36 20.17 1.83
47.37 93.23 19.57 1.86
102.04 93.39 18.67 2.4
2.76 93.67 18.85 1.9
13.1 93.79 19.23 1.95
2.84 93.91 19.38 1.56
249.69 94 18.09 2.85
0.62 93.87 21.41 1.91
0.06 93.44 23.66 2.34
16.35 93.24 22.56 2.97
9.16 93.34 21.55 3.74
0.2 93.8 21.75 3.98
0.35 93.71 22.82 3.24
0 93.78 24.33 1.92
0 93.73 24.92 1.55
11.84 93.67 23.13 2.62
48.8 93.35 20.46 2.34
20.87 93.09 23.24 2.15
0.03 93.59 25.21 2.55
0.32 93.62 26 3.06
0.83 93.51 26.23 2.31
1.93 93.29 25.44 2.89
16.8 93.25 22.9 3.52
0 93.45 23.82 3.18
0 93.18 24.12 4.1
3.93 93.27 22.29 2.96
2.64 93.46 21.4 2.79
0.27 93.38 22.8 2.58
1.68 93.44 23.71 1.75
12.76 93.37 23.5 2.38
87.86 93.45 21.7 21.12
3.35 93.7 22.39 20.59
0.13 93.77 26.44 1.64
0.76 93.86 28.85 2.12
1.48 93.46 29.43 4.46
66.99 93.37 23.99 2.3
0.11 93.68 22.19 1.7
0 93.39 25.31 2.96
0.04 93.77 22.97 2.1
0 93.82 23.12 1.53
0.01 94 23.34 1.61
2.19 93.83 25.99 2.47
5.51 93.36 27.58 3.28
4.87 93.39 26.2 3.58
8.83 93.54 24.98 1.79
0 93.63 26.8 2.38
0 93.61 27.44 2.72
4.82 93.51 25.99 2.6
5.88 93.51 25.48 1.9
80.48 93.77 19.5 2.51
1.87 93.68 21.9 1.88
0 93.99 21.88 2.6
0 94.08 21.52 1.34
0.01 93.91 22.47 1.91
54.27 93.66 21.13 2.34
12.93 93.42 20.98 1.57
0.78 93.63 21.96 3.82
0.16 93.82 20.82 2.17
7.12 93.82 19.34 2.01
7.18 93.73 18.74 1.57
8.85 93.8 19.99 2.24
2.66 93.9 20.15 1.67
0.95 94.02 21.62 2.27
5.47 94.23 21.27 1.79
1.32 94.18 22.6 1.9
0.32 93.84 23.76 2.41
1.93 93.86 24.21 1.84
103.21 93.76 22.63 2.47
73.04 93.62 22.26 1.68
46.56 93.89 19.51 2.18
0.79 94.18 19.92 2.64
0 94.26 21.08 1.82
0 94.37 23.01 1.55
2.7 94.48 20.72 1.67
1.6 94.52 21.02 1.58
0.33 94.48 20.73 1.91
6.51 94.3 19.98 1.88
5.22 94.27 19.43 1.79
246.62 94.27 15.38 2.5
0.97 93.86 17.32 1.52
0 93.56 20 2.29
0 94.08 18.52 1.39
0 94.08 20.61 1.44
1.46 93.67 20.68 3.15
0.01 93.98 18.32 3.05
0 94.17 15.55 1.31
0.01 94.41 16.95 1.5
0.04 94.39 18.62 1.86
33.26 94.46 16.32 1.38
0.19 94.25 18.33 2.47
0.04 94.57 16.42 3.23
0 94.67 14.23 3.5
0 94.71 13.08 1.27
0 94.8 16.28 1.26
0 94.76 17 1.79
26.28 94.07 16.43 2.41
23.61 94.07 13.72 3.01
0.01 94.66 13.68 1.45
0.21 94.66 16.11 1.89
87.15 94.9 11.64 1.9
20.71 94.65 12.51 1.52
0 94.53 13.6 1.57
41.34 93.87 13.92 2.3
0.03 94.45 13.38 2.36
1.23 94.33 14.32 2.76
28.85 95.21 5.09 3.92
0.15 95.21 5.05 1.72
23.15 94.36 6.25 1.92
10.1 94.26 7.54 2.3
0 94.57 8.84 1.65
119.75 94.78 6.62 1.55
23.19 95.29 7.39 2.45
0 95.06 8.72 2.02
0 94.64 12.38 1.62
0 94.5 14.51 2.46
0 94.72 16.35 2.15
0 94.97 13.44 1.58
0.34 94.88 14.06 2.72
0.75 95.86 7.84 3.17
0 95.41 3.93 1.3
0 94.45 8.46 2.36
0 94 9.66 4.46
0 94.51 9.6 2.99
0 94.28 12.93 2.65
0 94.38 13.64 2.17
0 94.06 16.74 4.44
0 94.97 6.75 2.64
0 95.29 2.75 1.72
0 94.69 5.92 1.65
0 93.94 11.62 3.1
0 93.67 14.26 3.23
0 93.92 11.01 1.78
0 95.41 3.42 4.84
0 95.75 1.87 1.42
0 95.16 3.73 1.64
0.03 94.88 8.29 1.8
5.12 95.13 7.76 14.3
2.95 94.84 4.69 1.33
1133.07 94.48 6.31 3.7
1133.1 94.64 2.99 3.69
1133.06 94.41 6.76 2.52
1133.06 94.01 8.4 3.87
1133.06 94.41 5.91 3.08
1133.06 95.69 -1.63 2.75
1133.06 95.62 -2 1.38
1133.06 95.22 0.34 1.77
1133.06 95.01 4.56 1.75
1133.06 94.7 4.03 1.33
1133.06 94.36 2.64 3.67
1133.09 94.8 -5.23 5.99
1133.06 94.78 -1.98 3.02
1133.06 95.14 -2.16 1.58
1133.06 95.25 -1.92 1.46
1133.14 95.11 0.48 1.97
1133.06 95.43 -1.28 1.4
1133.06 95.35 -0.53 1.51
1133.06 94.65 2.2 3.16
1133.06 94.08 3.3 4.14
1133.06 94.63 0.57 2.77
1133.06 95.13 -1.91 2.12
1133.09 94.87 1.97 3.33
1133.06 95.31 -3.16 1.98
1133.06 94.35 -1.92 2.42
1133.06 93.91 97.93 5.55
1133.06 95.04 -3.57 2.04
1133.06 94.54 -1.54 1.36
1133.07 94.35 0.05 2.27
1133.24 94.51 -1.9 5.86
0 95.06 -12.1 7.01
0 94.8 -11.05 3.99
0 94.55 -11.64 6.17
0 94.69 -11.21 4.63
0 94.8 -10.54 3.49
0 95 -10.44 1.8
0.81 95.05 -9.98 1.41
0 95.54 -10.28 1.53
0.02 95.37 -7.57 3.07
0.86 94.79 -5.42 4.95
0.04 95.19 -9.44 3.05
0.01 94.8 -10.51 4.12
0 94.95 -11.05 2.61
0 95 -8.97 1.67
0.13 94.95 -9.43 3.39
0 95.03 -13.16 3.28
0 95.05 -11.2 2.09
0 94.94 -7.5 2.83
0.07 94.73 -6.64 4.89
0 95.04 -10.77 3.94
0 94.67 -10.19 3.35
0 94.47 -3 2.34
0 94.55 -2.94 3.27
0 95.38 -5.7 3.87
0 95.61 -5.08 2.66
0 95.34 -8.31 1.12
0 94.94 -3.82 2.59
0 94.36 -4.83 2.07
0 93.72 -3.89 3.71
0.05 94.43 -7.28 57.42
0.01 95.14 -11.64 5.46
0.06 95.11 -11.48 2.81
0 95.04 -7.04 3.04
0 93.8 -1.91 4.13
0 94.07 -2.75 1.78
0.24 94.44 -2.98 5.53
0 94.95 -7.59 3.12
0 95.33 -9.41 1.6
0 95.2 -8.37 2.12
0 95.09 -5.48 2.36
0.03 94.66 -4.76 2.8
0 95.69 -7.97 2.32
0 95.76 -8.83 1.75
0 95.33 -5.14 1.96
0 95.56 -9.44 1.65
0.18 95.18 -10.4 1.8
2.01 95.16 -10.59 3.67
0 95.24 -8.99 2.12
0.85 94.15 -5 3.76
0.01 94.77 -8.38 1.69
0.02 94.71 -7.34 2.46
0.39 95.27 -7.83 1.86
0 94.69 -7.64 1.86
0 94.2 -3.38 3.43
0 95.09 -7.24 1.93
0.56 94.67 -4.47 1.17
4.91 95.31 -9.06 3.91
0 95.81 -12.46 2.76
0 95.63 -12.08 2.21
0.04 95.05 -8.71 4.03
0 95.68 -10.81 3.64
0 95.94 -9.12 1.48
0 95.75 -8.21 1.59
0 95.58 -7.68 1.66
0.04 95.48 -4.92 2.7
0.03 95.41 -7.23 3.27
0 95.27 -4.14 2.8
0 94.67 -1.17 3.01
0.01 95.51 -11.27 5.35
0 95.55 -11.46 3.71
0 94.84 -5.64 2.72
0 94.24 -2.92 2.5
0 94.27 -6.49 3.63
0 94.45 -6.57 2.2
0 94.05 -4.39 1.78
0 93.91 -0.99 2.51
0.01 94.59 -4.48 1.18
7.41 94.33 -1.63 2.49
0 94.95 -2.06 4.9
0 95.58 -3.84 2.25
0 95.01 -3.57 3.06
3.7 94.17 -0.1 3.96
13.07 93.67 -0.65 6.27
0.06 94.11 -6.43 5.98
0 94.4 -6.5 1.87
0 94.04 -6.61 2.04
0.24 94.55 -8.4 3.12
0 94.9 -9.63 3.8
0 95.51 -7.31 1.81
1.3 94.53 -2.22 5.45
0 94.26 -1.01 3.2
0.02 93.89 -3.45 2.51
0.16 94.55 -7.43 6.49
0 95.03 -6.54 2.57
0 94.73 -3.2 3.01
0 94.07 1.94 4.68
0 94.45 1.44 3.08
1.82 95.06 -3.88 2.9
0 95.81 -10.26 5.81
0 95.12 -4.23 3.54
0 94.78 -4.49 3.66
0 94.3 -3.43 2.96
0 101.44 92.51 97.73
0 94.36 0.72 3.69
0 94.03 5.65 4.23
0 93.99 5.64 3.17
0 94.76 2.24 2.48
0 93.98 7.11 3.13
0 94.28 6.53 4.11
0 94.4 5.3 2.53
0 94.35 6 4.23
0 95.27 1.67 4.3
0 95.45 3.3 3.08
0 95.62 3.93 1.44
0 95.37 8.27 2.83
0 95.18 12.88 4.33
0 94.37 13.44 5.06
0 94 12.17 3.91
0 94.1 10.52 3.17
0 93.63 14.56 4.34
2.07 94.7 6.07 2.98
0 94.74 4.32 1.6
196.14 93.26 1.87 2.28
0.76 94.05 2.97 2.17
1.05 93.97 4.57 1.72
0.09 94.51 3.05 5.12
0 95.6 -1.41 4.11
0 95.54 -0.17 3.57
0 94.76 4.35 2.48
0.03 94.52 7.6 2.94
0.04 94.74 7.56 1.83
7.31 94.96 6.61 4.17
188.57 95.61 -1.66 4.82
0.15 95.15 2.49 1.83
0 93.56 11.57 1.89
0.28 92.71 14.3 4.01
0.49 93.59 7.87 6.04
0 93.67 10.78 1.99
0.02 93.94 12.6 2.93
0.01 94.44 10.1 3.4
0.01 94.04 10.87 3.13
0.02 93.97 10.89 2.22
0 94.16 13.97 3.99
0 94.4 13.64 5.5
0 94.66 14.13 2.44
0 94.04 20.76 4.29
0 93.67 23.73 4.49
6.71 93.36 20.55 3.69
4.81 94.01 16.44 2.76
0 94.03 19.2 2.36
0 93.95 21.15 2.84
14.97 93.74 16.74 3.66
7.72 93.8 15.58 2.02
0 94.13 12.37 5.62
0 93.89 13.47 4.24
0 93.38 14.2 6.01
0 93.9 11.95 2.53
0.15 93.83 12.47 5.49
13.16 94.15 6.89 1.9
0 94.5 8.4 1.4
75.46 94.37 7.7 2.68
50.7 93.44 7.14 2.07
14.66 92.24 10.75 4.36
0.19 92.32 19.13 3.64
1.02 93.67 15.12 5.82
0.01 94.23 15.29 4.36
0 93.65 18.56 3.34
11.01 92.81 18.86 3.43
9.03 93.02 13.9 5.71
0.87 93.4 12.64 6.24
0 94.25 18.36 4.36
0 93.88 21.57 2.72
0 93.74 22.36 2.47
0.41 93.65 22.31 1.95
0.03 93.48 25.25 3.09
0.14 93.38 26.02 4.07
5.64 93.58 23.07 2.4
0.08 93.58 22.71 2.97
3.37 93.18 24.09 3.73
0.22 93.55 21.29 3.87
0 93.61 19.8 2.22
0 92.76 24.93 6.42
2.4 93.34 22.18 2.96
0.83 93.88 18.41 4.25
0 94.08 21.36 2.71
79.14 93.3 17.75 2.95
27.87 92.77 19.21 2.54
29.95 93.3 18.35 2.38
0.1 93.6 19.62 4.02
2.6 93.38 19.27 2.58
1.82 93.38 18.94 2.19
66.42 93.11 16.8 2.64
151.66 92.65 14.74 1.99
49.28 92.74 15.84 1.54
86.25 93.65 16.51 2.31
0.8 93.9 20.31 1.61
4.55 93.72 21.81 2.35
0.1 93.42 22.96 1.91
100.04 93.49 18.65 2.55
4.23 93.63 18.29 4.06
83.87 94.11 16.28 2.83
0.02 94.2 21.32 2.4
0 93.79 23.3 1.49
2.41 93.49 24.37 2.54
0.14 93.64 23.99 2.42
7.34 93.44 24.17 2.7
11.29 93.18 21.43 2.27
58.84 93.18 20.69 2.58
0.95 93.61 21.79 1.51
2.86 93.63 23.91 2.1
157.46 93.86 17 1.96
44.14 93.23 17.88 1.54
43.58 92.81 18.53 3.04
5.52 93.38 15.89 3.65
0.04 93.94 18.14 2.08
70.41 93.88 19.37 1.88
9.52 94.03 20.05 1.4
0 93.98 22.46 2.07
0.13 93.82 24.24 2.16
3.08 93.99 24.97 2.07
0.12 94.21 26.09 2.44
2.61 94.04 24.08 2.57
0.46 93.79 25.11 1.69
0.41 93.33 26.28 2.61
0.09 93.18 26.06 3.34
3.96 93.47 25.94 2.79
32.33 93.91 22.43 2.25
41.99 94.11 19.89 2.13
19.83 93.92 21.03 1.67
155.98 93.72 21.69 1.66
40.54 93.84 22.22 1.89
12.06 93.75 22.98 2.48
20.44 93.49 23.6 2.09
81.61 93.5 22.42 1.68
5.22 93.5 22.25 1.23
8.59 93.32 22.31 1.43
2.29 93.11 23.93 1.94
2.31 93.54 24.89 2.22
8.21 93.61 24.7 1.84
20.65 93.36 23.69 2.48
182.27 93.36 22.89 2.25
148.78 93.78 20.36 2.53
4.21 93.98 21.95 1.62
0.84 93.75 22.92 1.68
16.67 93.25 25.27 3.24
0.05 93.27 22.44 1.95
0.65 93.13 24.55 2.87
1.33 93.27 25.4 3.55
12.42 93.65 24.44 1.74
9.06 94.22 22.11 2.67
14.13 94.26 23.09 1.55
4.1 94.19 23.7 2.36
0 94.23 23.64 2.38
0 94.05 23.87 1.44
0 93.88 24.21 1.52
0 93.54 25.37 1.71
0.58 93.35 25.28 2.58
0.01 93.66 23.56 2.45
0 93.7 23.38 1.42
0.33 100.39 117.97 96.88
76.22 100.74 117.66 97.05
130.75 94.12 19.83 1.78
11.73 93.85 19.22 2.18
7.51 93.68 19.63 2.53
56.66 93.8 19.29 1.84
6.76 94.12 20.07 1.99
40.07 94.35 19.1 2.11
5.59 94.29 19.61 1.96
59.55 94.17 18.94 2.43
0.02 94.08 20.15 2.73
33.32 93.92 19.59 1.9
1.97 94.08 18.12 1.27
6.65 94.21 18.27 1.48
199.24 94.41 17.27 1.48
121.53 94.47 17.62 2.48
1.61 94.44 20.35 2.57
0.11 94.59 19.04 1.86
12.82 94.4 17.71 1.4
54.98 94.26 16.19 2.19
0.01 94.39 16.84 1.96
0 94.25 19.32 1.25
1.49 94.39 20.53 2.49
28.17 95.13 15.1 2.01
0.86 95.01 13.84 1.54
66.56 94.45 12.8 1.74
5.38 94.39 14.08 2.28
0 94.3 19.64 2.33
0 94.62 19.53 2.39
0 94.72 19.05 2.94
0 94.57 19.48 2.39
2.4 94.56 19.89 1.43
4.9 94.66 18.77 2.28
0 94.76 16.29 2.29
3.2 94.2 16.32 2.3
2.51 93.99 18.97 2.3
38.74 93.82 17.47 2.82
11.89 94.01 12.99 2.01
25.37 93.9 14.8 1.95
4.95 93.93 15.48 3.53
0 94.14 13.98 2.37
0 94.39 15.67 2.63
0.07 95.2 13.42 1.65
1.31 95.64 10.95 2.06
2.6 94.48 14.69 3.22
42.61 93.79 10.88 5.65
0.03 93.69 13.37 4.83
0 94.68 10.68 1.44
0 94.98 13.93 2.53
0 94.5 17.79 3.63
0 94.41 17.65 1.85
0 94.18 17.98 3.13
0 94.52 9.52 4.06
0.2 93.84 5.47 3.43
3.45 94.02 5.18 5.66
2.16 94.35 9.69 5.16
0 94.72 12.15 2.42
0 94.8 12.85 1.74
0 94.54 13.96 1.65
0 94.48 14.37 1.47
0 94.49 15.62 2.63
5.66 94.67 12.83 2.92
0 95.42 4.95 2.58
0 94.26 10.38 2.87
42.1 94.91 4.18 1.5
8.16 95.2 4.47 1.97
0.57 97.5 44.7 19.77
0 97 45.09 19.67
0 95.47 6.63 2
0 95.32 4.45 1.68
6.07 94.08 7.46 6.04
0 94.19 3.33 4.08
0 94.77 1.23 3.81
0 95.1 -0.43 4.03
0 95.52 0.4 2.91
0 95.56 3.22 1.47
0 94.92 5.97 1.67
0 94.75 6.29 1.09
0 94.64 9.51 4.31
0 94.88 10.04 3.4
0.18 96.08 0.51 3.75
55.37 96.15 -4.51 2.35
34.95 95.77 -4.63 3.22
7.25 95.25 -4.27 1.79
0.16 95.24 -3.88 1.21
0 95.36 -3.97 1.33
0 95.53 -3.01 1.55
0.04 95.36 0.31 1.16
0.01 94.66 2.3 2.04
0 94.04 5.28 2.77
0.66 94.96 1.51 2.1
3.56 94.75 -3.46 2.51
0 95.47 -5.93 2.12
6.64 95.33 -7.84 2.3
8.56 95.34 -8.82 1.97
3.01 95.31 -9.46 1.92
1.98 95.8 -9.46 1.4
15.9 96.29 -12.06 2.55
11.7 96.35 -13.68 2.75
0.04 96.2 -15.54 1.95
0.01 95.35 -15.02 2.49
0 95.25 -14.26 2.65
0.03 94.74 -11.74 1.35
0.12 95.21 -10.48 1.3
3.38 94.93 -5.31 2.76
0 94.79 -6.88 1.62
0.21 94.12 -3.13 2.19
0.07 93.95 -6.16 5.31
0.23 94.27 -7.95 5.98
0 94.62 -4.94 4.01
0 95.3 -5.28 2.24
0 95.43 -7.94 1.5
0 95.57 -9.53 0.93
0 95.13 -3.12 2.4
0.72 94.8 0.12 3.16
0.01 95.14 -1.96 3.61
0 95.44 -7.16 1.42
0 95.09 -6.52 1.56
0 95.22 -7 0.89
5.3 94.5 -5.28 3.15
0.02 94.58 -6.85 4.79
0.02 95.16 -8.89 5.78
0 95.18 -7.3 3.15
0 95.69 -5.23 1.99
0 95.62 -5.86 1.38
0 94.76 -2.81 2.43
0 95.02 -4.9 1.81
0 95.09 -7.57 1.78
0 95.03 -5.16 2.46
0 95.11 -9.27 2.45
0 94.04 -7.23 3.05
0 95.17 -13.41 3.43
0 95.83 -14.7 1.97
0 95.58 -7.23 2.53
0.12 95.17 -5.48 1.58
3.7 95.44 -7.59 1.1
0 95.39 -8.02 2.18
0 94.54 -1.78 2.48
0 94.58 -5.7 1.25
3.13 94.78 -8.51 1.93
0 95.22 -11.13 3.88
0 95 -12.2 2.56
0 95.33 -9.92 3.08
0 95.13 -9.61 3.66
0 94.95 -10.27 3.01
0 94.72 -10.01 2.18
0 95.47 -12.67 3.23
0 95.71 -13.19 2.79
0 95.16 -12.56 3.2
0.04 94.53 -11.55 4.39
0.05 94.26 -11.02 2.77
0 94.35 -12.23 1.72
20.77 95.03 -16.87 2.31
0.85 94.97 -19.75 2.3
0 94.57 -19.39 4.5
0 95.18 -18.69 1.66
0 95.69 -18.39 1.48
0.28 95.65 -17.9 2.27
0.33 96.14 -21.34 3.12
0 96.02 -24.09 5.03
0 95.53 -14.92 4.89
0 94.97 -9.6 3.06
0 94.85 -11.6 3.84
0 94.92 -9.67 3.99
0 95.5 -13.56 1.81
0 95.93 -16.83 1.47
0 95.68 -16.79 2.25
0 95.74 -13.19 3.25
0 95.61 -10.7 3.02
0 95.27 -8.89 2.06
0 95.06 -8.39 2.64
0 95.26 -8.77 3.8
0 95.2 -8.78 3.67
0 95.09 -7.19 2.84
0 94.21 -7.07 3.03
0 93.87 -4.63 3.44
0 94.5 -3.08 2.96
0 94.14 2.16 2.88
0.02 94.05 2.1 2.46
1.02 94.41 0.24 3.36
25.14 95.16 -8.91 6.07
0 95.14 -12.66 5.63
0 94.48 -9.59 3.93
0 94.4 -5.29 4.17
0 94.31 -2.33 3.86
0 94.32 -4.23 3.97
0.06 95.16 -7.37 3.69
0 95.11 -9.6 4.09
0 94.92 -9.96 2.54
0 95.11 -7.46 3.31
0 95.97 -11.08 2.19
0 95.58 -9.37 2.48
0 95.53 -8.84 3.36
0.04 94.85 -6.85 3.29
0.01 94.97 -7.61 1.99
0.06 95.28 -8.65 3.96
0.03 95.47 -9.06 3.33
0.02 94.56 -0.79 2.82
0 94.22 1.53 1.95
0 94.21 -0.07 2.97
0.08 94.59 -1.53 1.44
13.76 94.39 0.05 4.31
0.01 94.4 -1.55 2.82
4.76 94.68 -5.08 4.28
0 95.42 -8.54 4.68
0 95.49 -8.15 3.92
0.02 95.27 -7.21 3.43
0 94.74 -5.56 2.05
0 94.11 -0.83 4.39
0 94.89 -2.18 2.64
0 94.71 1.78 2.69
0 94.14 5.11 2.68
0 94.01 8.59 3.29
0 93.58 10.67 5.57
0 94.09 7.17 4.82
0 94.97 3.28 1.9
0 95.18 5.72 1.83
0 94.82 8.79 2.85
0 95.21 4.77 4.4
0.01 95.75 1.42 4.82
0 95.75 1.76 3.54
0 95.42 2.92 3.32
0 95.04 7.55 3.4
0 94.44 9.64 2.61
0 93.81 11.37 3.72
0.21 94.3 6.87 3.78
0 94.21 8.93 3.43
0 93.28 15.64 4.76
3.9 93.59 9.99 5.35
0.25 94.65 5.57 4.43
0 94.62 8.06 3.88
0 93.82 10.61 3.76
0.04 94.14 10 2.42
0.37 93.48 12.84 5.17
0 93.89 9.87 5.31
0 93.78 11.69 6.11
0 94.12 6.51 3.05
0 94.75 4.53 3.27
0 94.15 7.25 4.67
7.77 93.34 9.79 2.76
0.07 93.1 10.92 5.64
0 94.22 10.81 3.27
0.14 93.69 15.84 5.54
5.05 93.68 10.77 4.45
2.05 93.68 5.74 4.63
1.93 93.97 6.47 2.57
0.93 94.25 7.94 3.84
0.01 93.92 14.19 3.04
0 93.11 15.57 6.63
0 93.65 10.09 6.47
0 94.18 10.93 3.17
0 93.6 14.85 4.93
0.34 94.53 9.5 3.31
49.1 94.74 6.92 2.1
2.78 94.33 11.26 1.68
0 94.49 12.04 2.29
47.57 93.62 12.41 2.46
0.03 93.26 16.7 2.63
48 92.97 21.3 4.35
191.3 93.82 10.42 2.16
24.55 92.95 11.51 4.78
0 93.41 15.89 3.23
6.09 93.33 16.04 5.44
0.01 93.7 12.51 6.43
0 94.45 15.18 2.61
0 93.87 19.07 4.74
1.46 94.11 16.68 2.75
0 93.77 17.27 2.26
1.39 92.92 20.26 4.12
128.34 93.71 11.19 5.18
0 94.52 14.87 3.53
25.71 94.14 12.15 4.08
0.49 94.01 12.68 3.59
0 93.48 18.58 3.62
0 93.61 23.39 3.54
0 93.85 24.69 4.13
0 94.08 23.08 3.66
0 94.23 22.95 3.49
0.02 95.02 19.11 3.89
0.01 94.94 17.65 2.47
32.04 94.01 14.96 2.01
31.35 92.94 15.4 4.85
3.58 93.21 18.8 3.43
0.14 93.72 18.66 5.09
0 93.62 21.94 5.02
0.03 93.24 24.67 4.13
0 93.65 18.85 4.57
0 93.36 22.42 4.94
4.98 94.17 17.28 1.89
0 94.22 19.84 1.29
0 93.82 23.4 2.57
0 93.47 24.8 3.31
0.02 93.64 23.3 2.68
0.07 93.88 23.62 1.91
9.14 94.07 19.7 3.48
2.21 94.1 19.37 1.92
0.03 93.85 22.2 3.01
16.58 93.49 20.85 4.1
77.15 93.25 20.65 4.56
44.94 93.8 17.56 2.43
13.21 93.69 18.98 2
1.52 93.36 19.65 1.92
65.73 93.27 15.19 1.92
12.73 93.28 18.32 1.77
1.68 92.88 19.78 2.22
69.13 92.93 20.33 1.81
2.14 93.48 20.02 3.03
0.01 93.57 23.4 2.66
19.99 93.2 25.55 2.84
26.66 93.24 23.94 2.25
13.37 93.27 22.77 2.09
10.88 93.57 20.93 3.3
1.89 93.59 21.06 4.1
0 93.74 24.57 3.31
0 93.69 24.68 1.77
19.62 93.41 23.32 2.77
41.49 93.49 19.25 3.07
124.86 93.34 20.47 2.07
68.62 93.43 19.94 1.79
0 93.59 20.38 1.69
0.14 93.53 22.17 1.47
0 93.64 25.67 2.75
0 93.79 25.18 3.17
0.92 94.02 25.44 1.91
0 94.1 26.94 1.5
0 94.01 27.78 2.71
0 93.76 27.36 2.75
0 93.55 28.32 1.77
0 93.31 29.29 2.33
3.51 92.98 29.75 3.37
109.76 93.34 21.38 2
0.38 93.63 24.18 2.51
0.48 94 22.12 2.83
2.99 93.68 19.52 2.2
2.73 93.54 18.65 2.47
4.94 93.79 21.5 1.64
0.15 93.76 23.88 2.07
6.4 93.82 24.6 2.7
126.88 93.99 20.96 2.01
875.96 93.51 20.37 2.8
22.13 93.23 23.38 1.71
3.67 93.11 27.08 3.11
0.13 93.68 25.54 2.03
445.11 93.72 19.72 3.07
1.21 93.56 22.08 1.48
4.08 93.35 24.05 2.42
28.78 93.33 23.34 2.14
9.92 93.7 22.85 1.74
114.59 93.93 23.5 2.12
32.78 94.1 21.93 1.61
12.51 94.2 22.41 2.12
0.11 94.2 24.51 1.78
0 94.12 26 1.34
0 94.05 27.09 1.76
0 93.94 27.15 1.97
549.42 93.68 25.16 1.82
154.65 94.1 23.41 2.6
0 94.18 21.86 1.1
0 93.77 24.12 2.39
0 93.56 26.73 3.34
0.35 93.57 28.9 2.95
5.24 93.7 25.16 2.48
0 93.65 24.67 1.81
0 93.94 23.68 1.87
1.96 93.83 23.44 1.57
147.99 93.68 20.82 2.05
10.63 93.54 22.36 1.28
214.44 93.5 20.06 1.9
5.6 93.96 21.01 2.26
19.46 94.06 21.57 1.75
0.57 94.21 22.51 1.9
0.59 94.28 23.1 1.66
7.02 93.77 21.23 1.71
19.57 93.61 23.16 2.6
170.54 94.39 17.19 3.95
0 94.64 17.95 2.28
3.55 94.29 17.84 2.01
1.07 94.27 18.51 2.1
0 94.46 17.68 1.98
0 93.9 17.17 1.75
10.67 92.83 16.15 4.09
17.68 92.65 15.37 2.65
2.68 93.3 19.11 1.73
9.39 93.82 18.27 1.15
139.22 94.07 17.33 1.49
24.38 94.01 16.96 1.23
17.97 93.88 18.75 1.4
1.35 93.61 19.04 1.65
7.48 93.72 17.87 1.62
66.72 94.03 15.83 2.01
16 94.18 15.78 1.66
32.29 94.55 14.76 2.34
6.78 94.78 15.46 1.36
3.66 94.69 17.1 1.26
79.1 94.49 18.33 1.55
0.01 94.39 19.32 1.71
1.54 94.52 17.89 2.09
0.82 94.93 15.45 1.87
19.66 95.07 13.23 1.89
0.05 95.1 13.38 2.62
0 94.93 13.71 1.34
0.34 94.68 14.64 2.32
2.65 94.33 16.47 2.23
1.24 94.03 18.52 1.92
0.64 93.75 20.51 3.49
0.03 94.47 16.8 2.36
7.75 94.24 16.85 2.07
1.37 95.02 11.32 5.08
0 95.42 7.81 2.22
0.02 94.59 10.11 2.16
0.03 94.26 15.94 2.34
4.93 94.09 19.29 3.55
1.03 94.16 16.15 2.32
0.4 94.17 14.66 3.24
115.28 94.75 6.42 2.37
4.76 94.81 5.2 1.8
0.24 95.33 8.06 1.44
42.93 94.43 10.98 3
0.33 94.71 5.63 5.18
0 94.9 4.63 1.71
0.56 94.51 5.78 1.6
0 95.07 5.24 20.95
0.66 95.01 7.49 1.36
0 94.62 12.15 1.42
0 94.69 13.58 1.69
0.06 94.86 15.15 2.44
1.9 94.32 14.5 4.72
0 94.83 9.71 2.37
0 94.55 12.68 1.87
0 94.45 12.7 2.43
0.67 95.38 3.35 2.47
38.25 94.72 4.78 1.94
45.24 95.44 1.46 2.39
0 95.03 2.22 1.56
0 94.38 3.61 1.52
0 94.01 8.58 3.46
0 95.2 2.25 2.01
7.35 95.2 2.43 1.17
3.55 95.42 1.79 3.41
0.1 95.46 0.43 2.84
3.61 95.18 -0.75 3.63
0 95.98 -5.36 3.31
0 95.59 -3.13 2.47
0 94.9 1.06 3.38
0 94.33 2.23 1.79
0 93.46 4.09 1.67
0 94.56 0.79 2.25
0.09 95.29 -1.69 1.96
2.95 95.54 -2.16 3.44
0 95.89 -4.39 1.55
0 95.22 -1.71 2.37
0.81 93.8 2.89 3.78
2.23 94.05 -1.32 1.99
0.17 94.59 -1.64 1.29
0 94.02 4.65 4.04
0 94.76 0.85 5.39
0 94.96 -3.28 2.13
0 94.76 -0.04 2.91
0 94.64 -0.87 2.35
0.11 94.17 -0.75 2.88
1.27 94.66 -5.54 1.84
30.18 95.16 -7.96 1.88
57.27 95.51 -9.94 2.42
0 95.85 -11.6 2.92
0 95.53 -10.57 2.78
0 95.04 -8.02 3.26
0 94.71 -5.55 2
0 94.26 -2.73 3.65
0 95.08 -6.85 3.08
0 95.5 -4.68 1.65
0.03 95.75 -5.55 1.83
1.58 94.62 -1.31 3.53
0 95.38 -3.86 3.98
0 95.09 1.19 3.15
0 94.35 3.84 3.63
0 94.53 -1.27 2.99
0.19 95.1 -6.08 3.62
0 94.53 -5.65 3.26
0 94.76 -6.77 2.56
1.71 94.19 -4.34 3.72
0 95.12 -7.54 2.31
0 95.27 -7.75 1.5
0 94.61 -5.27 2.8
10.02 95.03 -3.79 2.46
0 95.63 -9.7 3.42
0 95.52 -10.24 2.02
0 95.52 -8.95 2.94
0 94.7 -4.04 2.8
0 94.71 -4.32 1.11
0 94.87 -3.76 0.97
0 94.93 -2.99 1.03
0.01 95.25 -2.66 1.56
0.04 95.34 -5.54 2.74
4.01 95 -10.24 3.54
0 95.36 -10.93 2.24
0 95.2 -10.08 1.33
0.02 95.03 -4.32 4.49
0.35 95.74 -9.86 3.7
0 95.56 -11.09 2.25
0 95.27 -9.69 4.39
0 95.48 -8.4 3.37
0 95 -6.74 1.94
0 94.89 -5.92 1.68
0 94.69 -1.84 3.57
0 94.88 -4.35 2.35
0 94.53 -1.24 3.33
0 95.16 -5.25 1.41
0 95.44 -7.14 1.51
0 94.97 -2.81 1.93
8.79 95.06 -3.93 1.5
9.03 94.62 -4.88 2.1
0.01 94.75 -7.95 3.49
0 94.99 -10.84 4.29
0 94.73 -10.55 3.15
0.01 94.48 -11.63 2.75
0 94.64 -10.78 5.05
0 95.56 -12.15 2.09
0.04 95.52 -13.69 1.28
0.01 95.43 -13.35 1.45
0.07 95.23 -11.31 2.24
0 95.55 -11.42 1.86
15.21 95.25 -13.01 2.26
0 95.28 -13.49 2.12
0 94.93 -12.85 4.46
0 95.6 -13.83 2.67
0 95.73 -13.85 1.55
0 95.84 -12.53 1.11
0 95.2 -7.37 1.56
0.02 94.51 -3.9 4.7
0 95 -6.78 3.71
0 94.48 -7.66 2.99
0.19 95.37 -12.32 4.04
0 95.62 -10.03 3.74
0 95.07 -7.88 3.07
0 95.79 -8.26 3.5
0 95.2 -4.93 2.24
0 94.63 -3.34 1.67
0.13 94.31 -0.86 2.65
0 94.69 -6.33 3.62
0 95.6 -6.88 1.94
0 95.55 -7.96 1.01
0.01 95.34 -9.03 6.08
0.01 94.87 -10.1 6.08
0 95.05 -9.58 4.82
0 95.15 -6.8 3.25
0 95.14 -6.15 1.89
0 95.64 -4.61 1.42
0 95.45 -3.19 1.79
0 94.29 3.19 3.98
0.8 94.7 -3.45 4.35
0 95.24 -6.93 3.35
0 94.62 -5.08 2.82
0 93.6 -2.39 5.05
0 95.37 -7.38 4.16
5.24 95.11 -6.5 3
4.3 94.53 -3.95 4.52
0 95.02 -4.96 4.09
0 94.75 -2.24 3.86
0 94.73 -0.99 3.46
0 94.91 -0.54 1.63
0 94.57 1.6 3.08
0 94.56 0.59 3.1
0.14 94.94 -4.99 3.44
0 94.12 -0.4 2.59
0 94.26 -0.39 1.34
0.01 94.46 -4.26 2.3
0.07 94.85 -5.85 3.78
0.02 94.61 -7.82 4.25
0 94.61 -5.43 5.01
0 94.15 -0.8 3.72
0 93.97 0.61 3.02
0 94.16 3.49 2.08
0 94.46 3.88 3.17
0 95.27 -1.03 4.54
0 95.27 0.84 3.03
0 95.25 1.33 1.9
0 94.94 2.98 1.41
0 94.6 3.47 1.96
1.04 94.48 3.89 1.83
0 95.02 5.19 1.8
0.05 95.12 4.12 1.93
0.28 95.21 1.45 3.44
0 94.99 1.61 1.88
0 94.77 2.81 2.13
0.27 95.16 0.97 1.27
2.06 94.8 1.19 1.3
0.61 94.66 2.81 2.83
0.71 94.6 1.27 2.05
0 94.78 2.52 2.62
0 94.55 5.23 2.43
0 94.49 9.26 3.92
0.03 95.33 3.44 2.6
0 95.1 3.91 1.67
0 94.52 5.55 1.68
0 94.53 9.26 2.12
0 94.42 12.51 2.93
0 94.1 16.75 3.86
0.17 93.82 14.8 3.66
1.67 93.93 11.3 3.5
0.74 93.99 10.06 2.69
0 94.81 8.18 3.2
0 94.74 8.6 2.29
0 93.73 13.51 4.32
0 94.34 7.51 3.93
0 94.24 6.72 2.38
0 93.56 12.64 4.24
0 93.19 15.35 3.04
0 93.65 16.43 3.28
0.1 94 13.96 3.37
2.22 92.89 14.08 5.22
0.15 93.09 7.08 5.91
2.43 93.4 7.67 3.12
2.18 93.82 8.97 3.38
0 94.24 9.72 2.15
0.01 93.55 13.09 5.33
0 93.8 9.56 2.87
0 94.14 8.59 3.49
0 94.78 8.41 3.87
0 94.82 10.2 5.18
0 94.01 15.01 4.81
0 93.48 16.82 3.33
0 93.14 20.83 4.43
0 94.03 16.36 2.42
0 94.3 18.16 2.59
0 94.25 21.96 3.87
0.79 94.16 19.47 5.31
5.05 94.14 14.8 3.81
15.32 93.84 9.14 6.23
0 94.09 10.15 6.57
0 93.96 18.17 4.6
0 93.67 20.6 2.46
0 93.34 21.23 4.12
0.11 93.42 19.51 3.16
0.01 93.59 14.72 5.22
0 93.43 12.31 5.04
1.42 93.68 11.71 4.66
0.09 94.39 13.36 5.17
0 94.34 16.24 2.45
0 93.54 19.97 1.67
0 93.36 24.18 1.99
0 93.35 29.16 3.59
0.74 93.76 26.6 3.35
2 94.02 23.46 2.53
3.18 94.42 14.04 3.6
188.22 94.49 8.91 2.3
0.02 94.23 16.41 2.37
0 93.83 19.45 2.07
0.03 94.38 14.63 2.93
0 93.85 19.4 2.51
0 93.46 22 2.79
0 93.82 22.24 4.18
11.86 94.08 17.21 2.65
0.25 93.55 20.05 3.28
4.71 93.12 20.44 3.02
0 93.62 17.62 3.57
121.52 93.93 10.86 1.75
0 94.02 15.42 2.18
0 94.04 19.76 2.48
0 94.15 21.67 2.11
21.75 93.83 15.49 2.39
0.61 93.59 18.63 2.86
0.13 93.5 21.61 4
0 93.62 20.65 3.83
0 93.96 18.68 2.04
2.01 94.1 18.26 1.74
38.68 94.39 18.23 1.7
0 94.41 20.6 2.08
0 94 26.96 2.35
0.07 93.73 26.9 1.25
0.61 93.56 25.96 3.08
11.42 93.46 23.48 2.01
44.1 93.48 19.82 2.39
44.27 93.35 19.14 1.77
3.07 93.43 19.68 2.49
0.17 93.6 21.09 2.35
85.28 93.98 17.96 1.38
93.58 93.87 16.73 1.7
3.03 93.6 18.8 1.35
1.62 93.57 21.98 1.28
0 93.74 24 1.6
15.27 93.57 25.34 3.42
28.14 93.58 27.13 3.31
0.04 93.48 27.58 2.84
3.56 93.4 27.49 2.67
16.02 93.28 27.11 2
12.69 93.47 25.21 2.72
0.21 93.58 25.66 2.19
10.8 93.73 23.81 1.8
36.01 93.89 21.96 1.49
19.36 93.64 23.95 2.68
610.71 92.84 22.47 2.39
16.96 92.78 24.55 2.61
18.28 92.95 24.89 2.81
0.21 92.95 24.04 1.97
0 93.2 25.18 1.8
0.21 93.27 28.55 2.22
104.33 93.06 27.41 3.31
7.89 93.53 24.6 1.86
5.34 93.83 26.05 1.55
0 93.95 27.18 1.59
0 93.85 28.44 1.66
0 93.57 28.92 2.62
13.51 93.38 26.43 2.92
27.44 93.41 21.45 2.41
18.58 94.14 21.02 1.85
13.35 94.11 20.97 1.65
1.11 93.62 23.76 1.23
0.51 93.77 23.95 1.6
0.17 93.96 23.98 2.09
13.92 93.58 22.72 2.84
0.58 93.85 22.9 2.57
0 94.34 23.1 1.45
0 93.88 23.71 1.64
124 93.49 22.86 3.41
0.02 93.64 25.15 1.77
0.36 93.7 26.22 2.3
20.86 93.47 25.01 1.91
700.93 92.95 22.45 1.63
18.68 93.33 23.33 1.43
48.64 93.36 24.11 2.2
19.52 93.23 22.14 2.04
1.02 93.27 23.63 2.28
9.97 93.14 22.32 1.39
34.81 92.94 20.25 1.58
16.83 93.03 22.93 1.28
6.72 93.43 23.74 2.47
19.44 93.78 22.73 1.94
0.18 93.95 23.42 1.69
8.95 93.89 22.11 1.56
15.8 93.82 21.18 1.51
337.71 93.9 18.91 2.63
56.96 94.05 20.14 2.11
27.44 94.19 21.11 1.91
8.96 94.2 21.48 2.09
4.09 93.81 22.14 1.8
0.99 93.56 25.74 2.04
12.16 94.04 22.68 2.18
335.8 93.95 18.53 2.07
0.01 93.93 19.95 4.08
0 94 18.03 3.66
0 94.3 18.82 2.07
9.54 94 16.51 2.7
2.17 94.49 15.69 2.73
0 94.58 14.24 1.91
0 94.34 16.85 2.42
0.21 94.33 16.91 1.59
0.98 94.17 19.74 1.89
5.94 94.18 19.35 1.83
3.08 94.06 19.73 2.33
2.79 93.91 20.81 2.65
0.02 93.83 20.01 3.78
0 93.74 19.17 1.78
0 93.52 21.48 1.94
1.54 94.11 17.65 2.8
5.48 94.1 17.83 2.15
72.24 93.99 16.07 1.5
0.01 94.26 16.29 2.16
0 94.64 15.25 1.48
0 94.87 15.75 1.72
1.97 94.81 17.69 2.52
3.17 94.61 18.32 2.2
0.34 94.21 19.09 2.88
0.01 94.05 17.53 2.61
0 93.49 19.35 1.86
0.1 93.96 15.35 3.01
0 94.3 15.04 1.52
0.41 93.61 19.56 3.07
6.81 93.69 16.62 3.67
0 93.84 17.81 3.66
0.04 94.19 17.6 2.46
17.22 94.12 15.56 2.56
32.11 94.44 12.71 1.78
0.03 94.36 9.81 2.25
0 94.27 8.7 3.72
0 94.1 9.9 2.89
0 94.19 13.49 2.19
0.05 94.42 14.6 3.85
0 95.17 8.59 2.68
0 95.48 7.73 2.1
0 95.21 9.59 2.38
0 94.51 14.46 3.95
0 94.29 15.19 2.73
0 94.66 13.92 2.05
6.29 94.95 11.83 1.68
66.44 95.63 8.39 3.45
23.87 95.63 4.49 2.41
0.74 95.38 4.79 3.35
0.74 94.99 4.38 2.49
0 94.88 5.77 3.16
0 95.45 4.4 1.08
25.06 95.48 6.78 1.85
0.03 95.83 5.26 1.85
0 95.64 5.37 1.77
2.05 94.94 8.47 1.69
0.03 94.79 8.61 1.31
0 94.45 11.8 2.33
0.01 95.22 6.47 1.62
11.3 95.3 3.47 1.6
0.04 95.29 5.1 1.55
0 95.05 7.22 1.75
0 95.16 7.66 1.25
0 94.51 10.04 1.56
0.01 94.36 11.38 1.93
0 95.26 6.3 4.9
0 95.75 1.55 3.91
0 95.19 5.43 2.43
0 94.29 8.61 2.75
