1.01 96.7 -14.58 1.45
0.02 97.38 -16.12 1.75
21.69 97.27 -18.35 1.37
6.08 97.41 -17.31 3.04
0 97.78 -19.31 1.89
0.01 97.96 -18.73 1.77
0.11 98.04 -16.29 1.45
16.02 97.47 -15.08 1.06
8.95 97.59 -14.34 1.31
0 97.89 -14.52 1.37
0 97.86 -15.36 2.26
0 97.29 -18.48 2.46
0 97.34 -15.88 2.27
0.53 97.14 -15.28 1.07
0 98.24 -14.36 1.31
0 97.83 -13.75 0.99
0 97.46 -10.56 0.99
0.02 97.38 -6.56 1.14
0 96.83 0.83 2.71
0.06 97.99 -8.24 4.41
0 97.99 -11.94 2.23
0 97.7 -10.47 2.6
0 97.18 -7.93 2.36
0 96.56 -7.52 3.29
0 97.6 -9.05 2.84
0 111.67 -4.65 2.75
5.76 96.44 -2.97 2.16
0.01 97.12 -9.71 3.19
0 96.66 -5.05 3.27
0 96.7 -5.45 1.39
0 97.3 -8.13 1.55
0.18 97.5 -10.76 1.74
0 97.53 -13.92 1.71
0 97.47 -12.88 1.87
0 97.42 -12.9 1.61
0 97.76 -12.83 1.4
0.02 97.73 -10.84 1.91
3.93 96.77 -3.15 2.56
0 96.76 -3.32 1.82
0 97.36 -5.81 2.13
0 97.95 -9.12 3.19
0 98.39 -11.3 3.51
0 98.15 -11.09 1.68
0.03 97.53 -9.89 1.85
0 97.91 -9.29 2.17
0 98.11 -11.9 1.66
0 97.68 -9.72 1.71
0.01 97.19 -7.39 2.62
0 97.04 -8.12 1.87
0 96.48 -3.76 1.69
0 96.33 -4.92 1.42
0 96.41 -3.6 1.92
0 96.58 -4.26 2.14
0 95.49 1.7 2.16
6.28 95.71 0.34 1.85
0 96.84 -4.67 2.63
0.2 97.06 -4.25 1.63
3.96 96.75 -4.5 2.08
1.87 97.3 -5.78 2.4
0.11 97.07 -6.51 1.9
0.28 96.76 -2.43 2.9
0 96.94 -2.15 2.54
14.08 96.38 0.15 2.48
4.52 97.52 -7.49 3.08
0 98.24 -9.37 1.98
0.01 98.49 -9.8 1.98
2.15 98.79 -8.83 2.49
0.01 98.02 -8.49 2.42
0 96.69 -3.52 2.39
0.17 95.66 2.87 3.25
0.62 96.65 -2.86 4.27
0 97.42 -2.83 1.75
39.05 96.82 -0.55 1.63
2.03 96.71 -1.89 3.99
0.02 97.19 -3.73 2.01
0 97.58 -4.27 1.89
0 96.68 -2.6 2.63
0.35 95.19 4.32 3.01
44.32 95.77 -0.11 3.09
0 96.26 0.81 2.38
0.05 96.15 5.1 3.49
0 96.91 3.18 2.59
0 97.36 0.67 2.63
0.03 97.41 -2.56 2.68
0.3 96.92 -1.65 1.92
1.02 97.52 -1.22 1.84
0 97.41 3.73 1.75
0.07 97.24 5.9 1.95
5.39 96.66 9.03 3.98
2.18 96.29 8.33 3.51
0 96.74 3.73 4.8
0 96.8 1.19 3.6
0 96.56 4.72 3.45
0 96.12 9.9 3.1
5.65 96.73 4.02 2.31
0.01 97.42 2.82 1.98
0 96.92 7.47 3.05
0.34 95.77 11.99 4.95
47.74 96.46 2.45 2.44
0 96.75 4.42 2.53
4.02 96.7 3.52 1.99
24.81 96.48 1.6 2.6
0.04 97.3 0.19 4.56
0 97.45 2.56 2.1
0.12 96.79 5.59 2.79
10.14 96.97 3.91 1.55
0 97.05 5.87 2.53
9.75 96.27 11.7 2.78
78.12 96.72 8.3 1.54
0.15 97.06 8.94 1.62
0.11 97.28 10.79 2.01
0.62 97.04 10.08 2.41
0.09 96.99 9.11 1.83
0 96.62 13.24 2.79
2.32 96.42 14.03 3.98
67.38 96.21 5.09 2.63
8.56 95.75 3.74 2.94
0.11 95.87 6.24 4.83
2.61 96.04 7.79 3.62
5.31 96.31 11.97 2.36
0 95.76 17.14 1.89
0 95.46 19.39 3.21
0.62 96.01 17.51 1.94
4.36 95.53 197.73 2.62
262.76 95.08 12.09 2.75
8.09 95.58 13.76 3.87
16.31 95.68 12.27 1.66
1.66 95.93 15.95 2.13
61.59 95.76 10.82 2.45
8.66 95.6 10.48 2.04
1.88 96.61 10.61 2.51
0 96.89 13.36 1.52
0 96.87 15.91 1.5
2.38 96.49 17.48 2.83
3.85 96.32 20.33 2.51
1.18 96.54 19.14 2.65
37.39 96.13 15.18 2.51
96.25 95.19 12.87 2.27
0.27 94.89 18.96 4.12
0 95.69 22.79 2.35
0 95.85 24.32 2.61
0.27 95.82 22.67 1.77
4.02 95.45 21.05 2.42
8.38 95.59 17.55 3.59
0.96 96.22 21.68 3.49
0.1 96.67 22.2 1.99
6.08 96.69 19.62 1.68
62.36 96.18 15.6 2.11
41.17 95.71 16.55 2.11
80.64 96.11 15.15 1.61
20.82 96.72 16.72 1.48
1.9 96.68 18.39 1.53
0.55 96.79 19.27 1.62
0 96.85 20.49 1.57
0.01 96.65 21.33 2.09
0 96.34 22.61 2.14
0 96.33 22.97 2.34
0 96.46 24.02 2.66
0 96.57 24.68 2.64
0 96.62 24.92 1.73
1.85 96.51 22.12 2
0.07 96.3 21.02 2.44
0.41 95.94 22.1 2
10.49 95.71 22.56 2.75
40.37 95.54 22.5 2.63
0.82 95.38 24.24 2.12
10.46 95.49 24.61 1.7
116.09 95.61 21.27 1.74
9.68 95.67 20.52 1.55
1.7 95.74 22.93 1.39
0.14 96.09 23.68 2.63
0.02 95.72 23.92 1.89
12.96 96.02 21.23 2.21
0 96.16 23.35 1.46
0 96.05 25.06 1.91
0 96.04 25.74 2
0 95.96 25.33 1.71
53.54 95.75 22.22 1.66
142.08 95.66 22.35 1.32
0.39 95.72 24.14 1.34
0.06 95.55 24.36 1.46
154.55 95.42 21.91 1.78
3.96 95.39 25.37 1.69
0.03 95.43 27.64 1.33
17.93 95.41 26.86 1.94
0 95.37 27.14 2.46
0.03 95.54 25.42 2.31
24.48 95.85 22.27 1.85
5.24 96.02 23 1.71
0.97 96.02 22.88 1.83
66.72 95.86 21.1 1.74
63.55 95.8 21.53 1.33
208.03 96.04 20.68 1.17
6.24 96.29 22.89 1.14
0 96.27 24.4 1.64
78.55 95.88 23.07 2.02
6.45 95.67 24.8 2.81
1.17 95.86 25.94 2.35
2.69 95.81 27.03 1.98
15.3 95.94 25.57 2.07
410.28 95.78 22.67 1.46
1.96 96.01 24.39 1.43
2.92 96.13 25.97 1.52
2.5 96.19 26.43 1.59
2.25 96.32 27.39 1.67
0.75 96.18 27.71 2.26
17.41 96.07 26.79 1.98
8.66 95.72 27.1 2.28
90.62 95.31 27.03 2.38
5.73 95.27 23.7 1.5
25.29 95.27 25.64 1.3
176.88 95.57 22.5 1.42
0 96.2 22.26 1.81
0.02 96.11 23.31 1.48
13.46 95.45 24.15 2.08
69.15 95.6 23.4 1.43
178.66 95.98 22.37 2.1
0 96.77 21.44 1.44
11.26 96.42 21.64 1.52
129.83 95.71 22.42 1.86
17.17 95.74 23.04 2
0 95.98 22.72 1.86
0 95.71 25.1 1.8
11.57 95.42 24.9 1.63
1.44 95.31 26.18 1.89
34.29 95.2 24.99 2.28
0 95.69 23.04 2.35
0 96.07 23.43 1.61
8.72 96.11 24.01 2.15
6.87 96.33 23.91 2.17
139.48 96.45 22.54 1.78
2.01 96.7 23.89 1.53
222.83 96.59 19.46 1.44
91.46 96.55 18.84 1.3
0.62 96.57 20.48 1.29
0 96.52 22.65 1.38
0.07 96.7 22.37 1.29
1.1 96.85 22.49 1.8
0 96.56 21.69 1.59
2.43 96.39 21.01 1.15
22.53 96.01 21.64 1.42
12.66 96.15 21.64 1.45
0.96 96.21 22.53 1.56
46.78 96.68 21.06 1.47
2.26 96.81 21.68 1.34
0.02 96.71 20.23 1.18
0 96.47 19.96 1.35
0 96.26 22.18 1.42
6.44 96.38 23.24 1.34
0 96.91 19.22 1.86
0 96.8 17.56 1.23
1.36 96.38 17.95 1.26
12.84 95.99 19.76 1.33
0.34 96.22 20.27 1.23
0 96.36 21.57 1.08
1.75 96.44 22.72 1.26
0 96.56 22.84 1.28
2.58 96.38 22.22 2.22
139.02 96.68 16.11 2.09
229.31 96.81 10.04 2.09
237.63 96.7 12.16 1.15
0 96.44 15.86 1.27
38.55 96.59 15.05 1.8
222.05 97.26 10.25 2.55
0 97.23 10.6 1.68
0 97.01 13.26 1.3
0.58 96.76 15.23 1.4
5.33 96.55 15.85 2.44
0.35 96.7 14.67 1.91
0 96.6 12.38 3.58
0 97.46 9.87 2.59
0 97.07 10.67 1.34
0.02 96.78 15.04 1.6
0.78 97.04 14.48 1.41
442.36 96.71 9.46 2.18
75.98 96.68 7.34 3.36
0 96.85 9.89 1.94
0 96.52 12.85 1.2
0 96.41 16.49 1.9
0 96.59 17.44 2.23
0 96.52 16.87 2.14
0 96.05 16.45 2.18
17.28 96.54 12.59 1.99
128.87 96.99 6.62 2.24
0 97.17 8.39 1.21
0 96.7 10.59 1.27
0 96.86 10.01 2.32
0 96.45 8.75 2.63
0 97.2 4.61 2.39
0 97.84 2 1.19
22.9 97.8 0.47 1.2
61.64 97.78 2.01 1.25
0 97.68 2.94 1.23
0 97.17 4.62 1.29
0 96.87 9.3 1.61
6.1 96.97 10.68 2.13
3.96 97.49 4.36 3.07
0 97.89 1.11 3.25
0 98.6 -0.52 2.6
0 97.79 0.89 1.42
0 97.62 4.81 1.49
0 97.61 6.1 1.31
0 97.66 6.27 1.32
0 97.45 6.43 1.53
0 97.96 3.51 3.38
0 97.6 2.17 1.77
0 97.11 6.23 1.76
0 97.21 5.18 1.14
0 96.9 7.29 1.54
0 96.58 8.18 1.42
5.65 96.67 5.15 2.65
0.26 97.25 0.94 2.78
0 96.98 -0.53 1.17
0 96.59 0.83 1.4
66.56 95.91 1.65 3.09
1.29 96.49 -0.15 1.83
1.53 97.44 0.28 2.86
0 98.43 -3.43 2.22
0.03 97.84 -2.65 1.98
0 97.11 0.94 1.43
0 97.09 1.5 1.65
0 96.75 5.61 2.67
0 96.26 4.45 1.93
0 96.03 5.96 1.55
0.2 96.12 3.01 3.69
0 96.94 -1.96 1.75
0 96.87 -1.17 1.78
0.01 97.01 -0.47 3.17
0 97.31 -5.34 1.85
0.27 96.54 -4.98 1.9
0 96.81 -5.02 5.03
0.21 97.02 -6.73 1.71
0.24 96.93 -6.29 1.35
0 96.56 -2.07 1.83
0.05 96.07 -0.53 1.66
0.05 96.62 -5.59 2.95
0 96.87 -5.92 1.89
0 95.8 2.75 2.3
0 97.05 -1.25 3.07
0 97.68 -4.77 2.73
0 96.42 -3.74 1.87
0 96.37 -5.37 1.64
0 95.98 -4.54 1.74
0.92 95.66 -6.07 3.71
0 96.8 -10.34 2.05
1.15 97.1 -12.09 2.45
0.16 97.87 -13.78 2.76
0 97.78 -14.88 2.86
0 97.49 -14.09 2.68
0 96.2 -8.9 2.51
0 96.02 -5.46 1.64
0 96.03 -3.42 1.55
0 96.29 -3.03 1.98
0 96.55 -0.5 1.75
0 96.26 -5.18 1.39
0.19 96.83 -8.5 2.54
0 98.14 -14.74 3.2
0 98.14 -15.12 2.82
0 97.22 -14.08 2.46
0 96.1 -11.53 2.32
0 95.76 -8.16 1.8
0 96.4 -10.53 2.69
1.2 96.67 -11.34 1.71
0.02 96.8 -11.46 4.13
0.28 97.27 -10.22 4.57
0 97.95 -10.26 2.6
0 98.13 -11.32 2.14
0 97.74 -11.68 1.16
0.01 97.34 -11.7 1.4
0.02 97.45 -10.75 3.41
0 98.07 -9.38 2.84
0.01 97.45 -7.88 1.77
0.16 97.26 -8.12 2.79
0 97.88 -11.98 2.86
0 97.16 -10.71 2.01
0 96.66 -10.56 3.18
0 96.89 -12.27 1.6
0.01 96.82 -10.23 1.9
0.02 97.83 -13.33 2.34
0 98.28 -16.29 3.16
0 98.08 -14.87 1.69
0 97.89 -13.64 1.94
0 97.63 -13.95 2.07
0 97.59 -13.53 2.63
0 97.5 -12.26 1.59
0 97.31 -12.09 1.35
0 97.3 -11.87 2.36
0.03 97.58 -13.44 3.09
0.01 97.76 -13.55 1.71
0.12 97.92 -13.8 1.83
0 98.36 -13.92 1.44
0 98.66 -13.36 1.98
0.02 98.17 -12.97 2.11
0 97.87 -13.16 3.03
0 97.65 -10.9 2.25
0 97.21 -3.92 2.13
0 96.89 -4.12 1.31
0 96.83 -6.4 1.12
0 96.72 -5.61 1.84
0 96.96 -5.01 1.77
0.02 96.25 -3.71 3.34
0.04 96.68 -1.85 2.24
0 96.46 -5.47 1.75
0.82 96.49 -5.75 2.53
0.17 97.38 -8.94 1.8
1.04 97.39 -8.66 1.53
0.9 97.6 -11.7 3.28
0 97.77 -11.12 1.95
0.15 97.67 -10.31 1.76
0.11 97.67 -11.17 1.42
0 96.96 -4.69 2.52
0.57 96.85 -4.47 1.47
1.3 97.26 -3.47 2.17
0 97.27 -4 1.52
0 97.11 -0.14 1.66
0 97.46 -0.38 1.38
0 97.09 1.16 1.59
0 96.63 2.15 2.86
2.19 96.35 2.54 2.31
0.32 97.07 -2.11 2.49
0 97.79 -4.13 1.51
5.49 97.22 -1.44 3.14
0.58 97.85 -7.49 3.59
0.06 97.42 -6.53 2.93
0 97.11 -5.18 2.43
0 97.14 -5.27 1.8
0 97.24 -3.58 2.25
0 96.92 -0.84 1.65
0.12 96.36 2.89 2.22
0 97.13 -0.24 3.09
0 96.88 0.09 3.45
0 96.94 -1.92 3.48
0 97.33 -0.65 2.96
0 97.02 1.21 2.65
0 96.5 2.73 2.56
0 95.71 7.92 1.94
0.02 96.34 4.11 3.54
0 97.58 -0.68 3.59
0 97.3 -3.19 3.91
0 97.07 -2.22 2.54
0 96.52 3.49 2.59
0 96.07 6.39 3.8
0 96.54 3.36 2.68
0 96.66 1.74 2.37
0.72 97.28 -1.36 3.17
0 97.42 -1.39 2.49
0 97.13 -0.65 2.05
0 97.25 -0.73 3.46
0 103.3 0.79 2.1
0 103.25 1.87 2.06
0 103.07 4.1 2.17
0 103.36 3.58 1.74
0 102.99 7.83 2.26
0 102.72 8.95 1.79
0 102.24 11.49 2.98
0 103.52 4.18 3.92
0 103.5 3.83 2.37
0 103.04 6.46 1.89
0 102.98 8.38 1.46
0 96.97 10.35 2.46
0.07 96.29 11.03 4.37
0.93 96.52 9.21 3.45
0 96.59 8.81 3.3
0 96.31 11.09 3.65
3.72 97.03 6.92 2.78
0 96.74 9.92 2.59
0 96.1 15.75 3.03
0 96.16 14.9 1.67
0.08 95.43 16.55 2.52
0 96.23 12.14 4
0 96.12 12.52 3.55
3.63 95.93 10.13 5.13
0.87 96.6 7.79 4.86
0 96.58 10.46 2.18
0 95.92 14.98 3.31
62.64 96.65 8.72 2.41
4.28 96.54 7.86 2.03
12.38 96.28 6.69 2.36
2.18 95.87 7.51 3.34
0.22 95.47 9.65 1.9
9.06 95.43 9.93 2.07
1.31 96.13 8.82 2.81
0 95.69 10.42 1.85
52.99 95.11 9.06 1.4
13.04 95.01 9.97 2.13
1.57 95.86 14.63 3.29
0.21 96.11 13.56 3.22
0 96.47 13.74 2.45
1.59 96.11 13.43 2.45
172.64 95.36 10.34 2.8
0.1 95.29 11.79 2.51
0.02 95.8 14.34 2.18
1.78 95.93 15.12 3.23
26.11 95.58 16.81 2.21
0 95.84 18.94 1.68
0.13 95.51 18.19 3.31
0.46 95.45 14.65 4.99
0 95.61 16.73 5.1
0 95.75 17.63 3.3
0 96.28 15.09 3.2
0 96.3 15.66 1.74
0.01 95.26 17.86 2.5
35.57 94.99 18.2 3.19
13.96 96.1 15.21 2.58
0.75 96.24 13.63 2.8
0.36 96.16 13.93 3.35
0 95.97 19.22 2.89
0 96.09 20.41 2.51
0 96.24 22.26 2.95
2.73 96.23 21.41 3.41
8.62 96.18 19.57 4.08
0.03 95.95 21 2.77
0.37 95.8 24.26 4.55
7.15 95.83 23.25 2.39
29.48 95.38 20.58 2.67
10.21 95.28 18.17 2.24
0.03 95.78 20.32 2.13
4.65 95.54 21.15 3.76
7.81 95.55 20.49 2.79
0.34 95.83 20.94 1.77
0.8 95.71 23.69 1.95
53.72 95.11 24.79 2.8
14.64 94.8 22.46 2.12
30.31 95.05 21.53 1.83
0 95.44 23.68 2.21
51.36 95.42 21.16 1.85
223.34 95.58 16.89 1.71
9.96 95.74 19.98 1.97
23.51 95.81 21.83 1.55
61.78 95.64 20.47 1.83
82.67 95.62 18.54 1.95
80.48 95.83 17.53 1.48
0.94 95.93 20.6 1.31
0 95.88 22.47 1.37
0 95.75 24.59 2.09
0.04 95.46 26.14 2.38
0 95.37 27.12 2.52
6.15 95.13 23.47 2.19
93.87 95.32 17.88 2.43
1.08 96.01 20.8 2.15
0 96.39 21.56 1.63
9.79 95.75 21.99 2.7
20.55 95.1 22.19 1.92
3.59 95.36 24.68 2.28
0.05 95.54 24.19 2.72
19.06 95.45 23.29 2.3
28.4 95.47 22.92 1.67
0.19 95.31 24.23 1.88
0 95.41 24.93 1.99
0 95.57 25.97 1.77
29.7 95.16 22.52 1.8
0.81 94.81 25.72 2.52
137.32 94.9 19.61 1.5
23.06 94.99 20.21 2.14
3.38 95.64 22.33 1.61
8.61 95.84 24.11 1.99
7 95.91 24.65 2.13
15.96 95.92 24.06 2.07
0.99 95.7 24.3 1.4
72.66 95.78 22.91 1.77
13.32 95.77 23.6 1.34
37.74 95.65 23.27 1.46
20.88 95.71 22.3 1.5
29.1 95.74 23.13 1.17
185.01 95.57 21.71 1.17
89.33 95.55 21.71 1.21
126.11 95.52 22.24 1.7
65.1 95.45 23.62 1.78
0.65 95.51 25.12 1.41
23.38 95.52 25.66 1.87
490.31 95.33 22.75 2.29
128.54 95.23 23.58 1.88
11.53 95.48 23.45 1.84
1.55 95.64 25.46 1.56
31.22 95.82 23.5 1.27
163.56 95.48 21.28 1.42
0.02 95.54 23.94 1.55
0.48 95.67 25.28 1.61
0.99 96.05 23.87 1.53
0.08 95.69 24.03 2.02
0 95.62 24.29 1.8
0.02 95.83 24.49 1.59
6.87 95.84 23.37 1.24
13.85 95.85 24.03 1.31
30.28 95.4 24.1 1.39
13.94 95.53 25.82 1.55
0 95.95 25.6 1.06
0 95.8 25.93 1.35
0 95.55 25.74 1.63
11.3 95.29 25.58 1.77
42.07 95.6 23.09 1.81
364.86 95.68 19.42 1.47
29.54 95.68 22.32 1.28
29.89 95.88 21.79 1.08
0.21 96.13 22.4 1.25
0.24 96.31 22.51 1.3
0 96.28 23.92 1.3
0.96 96.15 24.33 1.64
59.07 96.37 21.69 1.55
0 96.4 21.25 1.11
16.05 96.38 20.84 1.51
4.06 96.6 21.17 1.32
0.33 96.7 21.67 1.19
23.88 96.51 19.79 1.25
14.98 96.15 21.42 1.09
1.49 96.05 22.94 1.36
0 95.98 23.76 1.35
54.76 95.71 23.35 2.23
1.28 96.24 20.11 1.59
0 96.05 20.49 1.25
2.58 96.55 19.51 1.48
0.24 96.49 19.59 1.06
0 96.54 18.92 1.11
0 96.13 19.8 1.2
22.04 95.73 19.66 2.29
3.35 96.39 14.98 1.88
0.13 96.97 14.74 1.68
3.87 97.26 14.11 1.56
26.11 96.73 17.12 1.72
0.22 96.46 17.93 1.9
0.06 96.05 20.29 2.62
9.62 96.08 18.47 1.73
5.87 96.27 16.43 1.53
38.78 96.62 14.19 2.17
0 97.02 11.29 2.33
0 97.47 11 1.68
0 97.3 11.34 1.25
0 96.96 12.46 1.42
0 96.54 13.69 1.45
0 96.62 14.77 1.73
0 96.57 15.25 1.55
0 96.3 17.85 2.19
0.13 96.56 19 1.77
0.1 96.76 19.23 2.21
0.02 96.61 17.98 1.94
3.24 96.4 16.82 1.93
0.24 96.8 11.71 2.71
0 97.37 8.12 2.28
0 97.4 8.74 2.47
0 97.87 8.93 2.42
0 97.54 10.09 1.28
0 96.85 12.09 2.01
0 96.23 13.98 2.67
0 96.84 11.13 1.99
0 96.85 10.94 1.25
0 96.64 14.42 2.16
0.09 96.96 15.02 2.03
0 97.53 10.41 1.27
0 97.25 12.19 1.4
0 96.66 14.62 1.11
54.86 96.14 11.47 1.41
6.97 96.02 10.75 1.42
1.44 95.63 10.51 2.09
0.67 96.13 10.63 3.34
0 97.2 6.26 2.11
0 97.25 9.06 1.4
0 97.08 11.28 1.95
0.01 96.91 14.6 2.58
0 96.82 14.03 1.73
0.22 96.66 12.35 1.18
17.49 97.2 6.43 3.22
0.01 97.57 3.8 2.87
0 97.64 4.84 1.55
0 97.2 6.58 1.27
0.61 97.04 8.51 2.17
0 97.32 7.18 1.29
0 96.98 7.57 1.36
0 96.8 9.76 2.45
0 97.02 11.28 3.28
3.57 97.17 13.02 2.33
0.4 97.76 7.39 1.51
0.68 97.49 8.28 1.2
2.01 97.17 11.12 2.11
0.35 97.85 5.03 2.94
0.03 97.74 3.67 1.56
0 97.67 4.08 1.62
0 97.63 4.06 1.46
0 97.44 2.79 1.1
0 96.82 3.06 1.22
0 96.24 4.83 1.79
0 96.47 7.02 2.41
0.05 97.29 0.46 2.3
0 97.44 -2.75 1.45
0 97.51 -2.2 1.22
0 97.66 1.88 1.94
71.66 97.07 1.61 0.93
8.86 96.76 0.59 2.65
1.03 97.02 -3.53 2.92
0 97.56 -5.08 1.75
0 97.55 -3.25 1.44
17.24 97.08 -4.01 2.07
0.18 97.75 -6.88 2.75
0 97.5 -7.54 0.97
0.06 97.51 -5.71 1.39
0.31 96.77 0.87 1.42
0 96.87 -0.77 1
0 97.66 -1.65 2.12
0 98.25 -6.38 1.61
0 98.54 -6.91 1.81
0.07 97.82 -7.01 0.91
0.02 97.08 -5.14 0.93
0 97.28 -5.51 1.34
0 97.64 -7 0.97
1.11 97.91 -7.42 0.74
1.2 97.8 -4.04 0.93
0.82 98.07 -5.56 2.25
0.02 98.41 -10.46 3.59
0 98.05 -10.38 2.4
0.01 97.19 -6.53 3.06
0 97.2 -2.83 1.89
0 97.71 -5.81 1.31
0.01 97.02 -3.06 2.39
0 97.69 -7.27 3.79
0 97.94 -11.2 2.95
0 98.08 -11.37 2.77
0 97.8 -9.89 1.81
0 97.86 -9.69 1.6
0 97.76 -10.08 0.97
0 97.42 -9.34 1.47
0 97.35 -8.52 3.01
0 97.67 -10.35 1.9
0 97.14 -8.37 2.07
0 97.34 -11.48 1.37
0 97.85 -11.73 1.29
0 98.12 -10.75 1.27
0 97.61 -7.67 1.29
0 97.96 -9.33 1.71
0 98.36 -13.74 1.14
0.1 97.81 -12.47 1.08
0.01 97.54 -9.78 1.43
0.26 97.95 -10.39 1.58
0.66 97.39 -11.04 1.92
0.16 97.51 -11.47 3.01
0 97.77 -11.21 1.85
0 97.54 -10.55 1.5
0 98.39 -13.09 1.32
0.13 98.3 -14.01 0.98
0 97.84 -11.35 1
0 97.82 -12.73 1.05
0.08 97.83 -11.81 2.5
0 98.02 -11.79 2.16
0 97.06 -6.53 2.06
0 97.31 -8.33 1.5
0 97.22 -8.48 1.39
0 97 -9.63 0.93
0.04 96.77 -7.68 1.05
0.08 97 -9.74 1.03
0 97.17 -9.89 1.06
0 97.6 -10.18 0.98
0.01 98.26 -12.04 3.03
0 98.17 -16.01 2.66
0 97.86 -16.55 2
0 97.34 -15.9 1.81
0 97.16 -14.83 2.24
0 96.78 -13.07 2.22
0 96.85 -12.04 1.53
0 97.4 -12.69 1.51
0 97.64 -13.63 1.21
0 98.02 -14.24 1.32
0.05 97.68 -15.89 1.24
0.38 97.13 -14.32 3
0 97.95 -15.83 3.4
0 97.97 -14.7 2.39
0 96.96 -11.79 2.16
0 97.06 -9.4 1.84
0.19 96.49 -5.16 2.06
0.02 97.03 -10.37 4.2
0 97.33 -14.14 3.67
0 96.91 -11.28 3.33
0 97.08 -8.94 2.51
0 97.44 -9.8 2.1
0 97.45 -9.63 1.7
0 97.24 -8 2.02
0.03 96.86 -3.24 1.65
0.12 97.39 -6.62 2.67
0 97.38 -9.21 2.27
0.03 97.45 -9.87 2.56
0 97.58 -11.26 3.78
0 97.5 -9.11 2.53
0 96.9 -5.78 2.21
0 96.97 -6.34 1.68
0 96.79 -7.69 1.28
13.37 96.32 -5.9 1.97
0 97.32 -6.43 1.98
2.38 97.13 -5.9 1.69
0.04 97.64 -7.21 2.86
0 97.59 -7.49 1.73
0 97.07 -5.12 1.9
0 96.7 -0.83 2.47
0 96.79 1.08 1.9
3.79 97.33 -2.6 1.64
0.4 97.56 -5.61 2
0.22 97.57 -5.15 1.46
0.06 96.93 -0.92 1.58
38.83 96.15 -1.54 1.05
33.99 96.17 -2.82 1.96
0.03 96.84 -3.47 2.48
0 97.61 -6.44 2.76
0 97.37 -7.02 1.7
0.18 97.16 -6.06 3.81
0 97.69 -6.22 3.03
0 97.37 -4.59 1.73
0 96.67 -0.26 2.39
0 97.25 0.28 1.7
0 96.93 2.73 2.64
5.24 95.96 5.73 3.46
4.19 96.53 -1.04 3.15
11.03 97.45 -6.15 2.5
0 97.2 -1.58 1.85
0 97.14 0.64 1.71
0 96.51 5.26 2.94
0 97.07 3.41 1.46
6.95 96.16 1.92 3.32
0 96.55 1.32 4.87
0 97.05 1.49 2.94
0 96.73 4.99 1.85
0 96.88 9.28 2.51
0 97.17 9.62 2.59
0.24 96.09 11.71 5.43
0.46 96.75 3.24 3.99
0.26 96.74 1.07 3.85
0 96.79 0.97 1.81
5.38 96.6 2.55 2.11
0 96.25 5.16 3.13
0 96 5.82 3.77
0 96.32 5.17 3.67
0.07 96.73 4.14 2.26
0 96.27 9.59 3.09
0 96.29 12.23 3.31
0 96.27 13.31 3.09
13.1 95.92 15.01 4.29
6.3 96.3 9.07 3.46
0 95.72 13.17 2.54
0 95.63 14.5 2.67
0 95.59 16.53 2.93
0.82 96.15 11.55 3.08
0 96.58 10.01 2.24
0 95.67 16.18 3.48
0 95.7 18.22 3.68
1.34 96.18 14.04 3.42
80.21 96.65 12.85 2.76
2.76 96.05 12.09 1.92
0.4 95.34 14.05 1.72
0.31 95.37 17.11 2.91
140.16 95.73 13.3 2
115.12 95.68 10.44 3.83
0 95.2 12.01 2.77
0.08 94.84 13.59 5.26
0 96.13 10.99 2.55
0 96.14 13.18 2.03
0.32 95.79 18.31 3.24
0.36 96.34 17.86 2.1
8.5 95.84 18.71 2.11
0 95.89 21.4 1.73
1.1 95.99 21.3 2.01
0 96.08 19 3.12
0 95.72 18.4 1.91
0.65 95.74 17.03 1.31
0 95.94 18.36 1.64
0.04 96.26 20.12 2.03
2.68 96.36 21.64 2.18
40.75 96.46 16.52 1.53
30.22 96.05 13.51 2.02
15.27 95.81 12.78 2.68
6.4 95.73 14.13 3.25
0.01 95.45 13.73 2.37
14.44 95.17 13.37 3.75
0.07 95.67 16.42 1.64
0 95.62 21.92 3.27
44.54 96.1 20.79 2.72
5.73 96.49 19.4 1.72
0.1 96.39 20.78 2.68
1.91 96.07 20.24 3.36
10.75 96.17 18.19 2.32
0 96.12 18.24 2.36
0 95.96 18.99 2.38
0 95.56 21.43 2.15
0 96.06 21.2 2.14
0 96.2 23.18 2
8.02 96.17 22.5 2.53
72.05 96.58 16.13 2.35
0.16 96.7 18.06 1.57
9.14 96.35 17.13 2.47
16.92 96.02 18.36 2.4
169.97 95.83 15.75 1.78
11.72 95.48 19.49 2.7
1.87 95.64 21.19 1.73
7.56 95.27 20.38 1.87
12.63 95.1 22.58 1.99
35.39 95.12 22.62 2.43
146.46 94.97 21.74 2.86
19.63 95.1 18.16 2.07
1.39 94.81 18.52 2.63
8.43 94.88 18.34 1.87
83.1 95.49 15.79 1.8
339.51 95.7 15.64 1.79
93 95.71 16.34 2.17
3.08 95.61 20.01 1.36
5.71 95.47 23.39 1.48
12.65 95.67 21.74 1.77
148.35 95.43 21.66 1.32
10.02 95.47 22.41 1.47
3.15 95.64 22.22 1.42
32.41 95.63 21.24 1.5
1.04 95.41 22.45 2.15
29.33 95.43 22.97 2.32
27.75 95.79 21.66 1.51
8.09 96.17 23.12 2.03
1.18 96.3 23.32 1.58
2.4 96.08 21.11 1.99
103.36 95.62 20.56 1.66
0 95.41 24.1 1.74
3.77 95.06 25.28 2.85
5.56 95.03 23.82 2.43
0.5 94.99 23.91 2.49
0.07 95.38 24.36 1.59
1.16 95.55 23.96 1.5
0.63 95.42 24.52 1.4
16.51 95.42 25.08 1.81
27.59 95.43 25.85 1.93
39.67 95.49 24.16 1.78
187.83 95.06 20.92 1.67
29.74 94.75 20.88 2.25
43.87 95.15 20.69 2.42
5.77 95.65 22.46 2.52
0 95.7 22.2 1.46
0 95.74 23.43 1.67
0 96 25.05 1.47
0 96.15 24.69 1.89
0.18 95.97 24.7 2.02
1.85 95.76 25.53 1.34
4.68 95.7 26.29 1.53
42.01 95.67 24.95 1.73
620.91 95.19 23.02 3.18
0 95.74 24.49 1.28
0 95.97 24.55 1.42
7.53 95.92 24.69 1.84
104.31 95.53 25.24 2.56
2.47 95.85 25 1.46
144.75 95.48 23.66 1.86
32.21 95.07 24.94 2.66
0.33 95.72 23.01 1.55
118.55 96.03 20.16 1.19
187.99 96.16 19.29 1.51
317 96.09 20.52 1.16
30.52 96.17 22.01 1.44
238.98 96.15 21.81 1.51
0 96.35 23.52 1
0 96.18 24.6 0.95
0 95.85 25.68 1.62
12.9 95.7 25.49 1.65
31.26 95.97 24.2 1.1
0 95.86 24.77 1.32
11.13 95.93 21.74 1.92
21.97 95.92 19.52 1.98
1.05 96.07 20.95 1.51
2.68 95.82 19.56 1.55
2.7 95.82 21.6 1.27
0 96.21 22.79 1.58
0.04 95.84 23.53 2.55
171.44 95.76 23.81 1.77
4.53 95.87 22.66 1.31
30.9 95.81 21.66 1.84
8.99 96.49 17.82 1.63
0.03 96.64 17.52 1.55
0 96.45 20.07 1.97
0 96.37 21.88 1.88
0.16 96.21 22.13 2.29
1.52 96.22 21.64 1.41
20.14 96.14 21.51 1.19
0.56 95.58 22.97 1.75
1.53 95.73 24.69 1.81
0 96.04 24.69 1.49
0 96.16 25.56 1.79
0.62 96.19 25.4 2
203.93 96.07 19.47 2.45
56.06 96.48 14.27 2.32
0.4 96.54 14.63 1.51
0.86 96.7 16.72 1.56
0 96.62 19.86 1.95
40.4 96.75 17.74 1.3
2.27 96.62 17.36 0.91
0 96.54 18.9 1.11
0 96.49 21.03 1.27
51.38 96.18 19.8 1.73
80.64 96.11 15.01 2.63
0.35 96.29 13.4 2.12
0 96.68 14.44 1.34
0.15 97.13 14.89 0.96
0 97.22 14.82 1.18
0 96.52 15.89 1.87
0 96.05 16.54 2
0.3 96.08 16.8 1.38
0 96.33 18.33 1.5
2 96.26 18.71 1.75
0.66 96.24 17.98 1.38
7.01 96.54 16.86 1.2
0.35 96.91 16.55 1.22
12.84 96.8 16.09 1.49
4.77 96.99 16.45 1.15
73.14 96.63 12.35 1.58
46.24 96.53 10.21 4.84
1.06 96.73 12.5 2.92
0 96.79 11.81 1.35
0 96.67 13.12 1.25
0.3 96.46 15 1.66
1.19 96.26 14.73 1.93
0 96.4 13.71 1.55
0 96.92 12.5 1.24
0 97.39 12.84 1
0 97.25 14.04 1.26
0 96.79 15.35 1.75
59.67 96.3 14.02 2.25
0 96.85 9.61 1.67
0.03 96.5 11.25 2.23
0 96.26 13.63 1.56
0.06 96.63 10.68 2.69
0 97.08 7.76 1.55
0.01 97.25 8.5 1.62
61.4 96.58 9.81 2.53
0 96.65 5.42 2.56
0 96.69 6.52 1.88
0 96.59 8.28 1.72
0 96.91 7.77 1.5
66.28 97.24 3.66 1.09
71.23 96.64 3.04 2
0 96.35 6.83 1.53
0 96.06 9.87 2.1
0 96.73 9.5 1.35
0 96.79 11.08 1.72
10.73 96.58 11.72 2.04
0 97.56 5.07 1.65
1.43 97.44 1.56 1.84
0.06 97.09 1.42 2.36
0.03 96.9 1.06 1.81
0 96.9 2.54 1.37
0 97.12 2.43 1.65
25.06 97.04 3.87 1.32
166.4 96.51 2.96 112.11
59.55 96.85 0.08 2.41
0 97 -0.88 1.22
0 96.67 0.62 1.22
0 96.9 1.47 1.25
0 97.37 0.12 1.1
38.91 97.05 -0.12 0.71
177.08 95.61 -1.28 3.71
0.38 96.2 -2.93 2.5
0 96.26 -4.63 3.23
0 97.1 -3.9 2.19
0 97.43 -5.04 1.19
19.94 96.84 -1.76 1.31
0 96.77 -4.18 110.22
0.02 96.53 -3.18 2.22
0.01 97.05 -1.95 2.19
0 97.11 -3.62 1.1
0 96.73 -0.84 1.65
4.85 97.22 -4.05 1.89
0 97.21 -5.92 1.69
0 96.68 -4.1 1.86
0 96.55 -1.42 2.6
0 96.67 -5.88 2.13
0 95.81 -2.45 2.75
0.02 96.46 -4.26 3.12
0.02 97.06 -7.34 1.66
0 97.78 -10.95 2.2
0.11 97.53 -11.75 1.92
0.44 96.39 -3.95 2.49
3.11 96.47 -6.02 3.39
0 96.8 -8.91 1.46
0 96.82 -11.18 2.4
0 96.81 -12.87 1.83
0 96.95 -14.18 1.75
0.01 96.95 -15.22 3.19
0 97.03 -10.49 3.04
0.04 97.68 -11.22 1.19
0.03 97.86 -11.67 1.02
0.09 97.36 -10.24 1.54
0.02 97.29 -7.44 1.03
17.27 97.33 -7.84 1.42
0.58 97.14 -7.03 1.36
0.36 97.53 -9.98 1.06
0 97.86 -11.06 3.01
0 98 -13.41 1.99
0.01 97.47 -13.86 0.82
0.15 97.6 -10.92 212.35
3.73 97.49 -8.18 2.49
0.01 98.01 -14.16 2.51
0 97.87 -18.09 2.1
0 97.05 -17.19 3.36
0 98.18 -17.34 2.1
0 97.94 -17.09 1.15
0 97.28 -12.68 1
2.51 97.24 -12.34 0.97
22.09 97.29 -11.41 2.82
0 96.93 -14.67 2.55
0.02 96.41 -14.66 1.46
0 96.8 -15.68 2.79
0 97.96 -17.47 2.92
0 98.55 -15.58 1.81
0 97.59 -15.65 1.43
0 97.39 -13.96 1.42
0 97.32 -14.54 1.09
0 97.19 -13.64 1.43
0.02 97.63 -15.61 1.56
0 97.46 -15.19 1.52
0 97.32 -14 1.25
0.35 96.93 -11.54 0.82
0 97.01 -10.66 1.49
0 97.05 -12.25 0.85
0 97.46 -9.93 1.72
1.37 97.2 -11.71 1.67
0 97.89 -13.19 2.21
0 98.19 -11.47 1.32
0 97.18 -8.19 1.72
0 97.69 -8.57 1.39
7.32 97.72 -8.3 0.91
0.28 97.69 -7.91 1.56
0 97.52 -11.48 1.19
0.02 96.35 -7.42 2.01
0.03 96.93 -11.85 3.28
0 97.03 -13.55 1.36
0.24 97.36 -13.28 1.04
0.05 97.31 -11.08 1.46
0 96.8 -6.02 1.09
0 97.11 -6.78 1.1
0.05 97.08 -5.26 1.35
1.58 96.99 -4.43 1.27
1.29 97.45 -6.05 3.37
0 97.69 -9.17 1.93
2.33 96.7 -7.27 2.01
0 97.4 -8.22 2.52
0.02 96.95 -7.21 1.37
0.85 97.23 -13.07 3.38
0 98.11 -16.47 3.89
0 98.03 -14.96 1.37
0.24 97.1 -10.29 1.89
0 97.71 -11.64 2.2
0.09 97.77 -10.95 1.63
0 97.04 -6.03 59.48
0 96.78 -3.19 2.58
0 97.42 -7.14 1.95
0 97.41 -9.18 1.48
0 96.76 -6.08 2.04
0.03 96.62 -3.47 3.49
0 97.36 -8.92 2.68
0 97.55 -10.92 1.86
0.02 97.47 -10.52 1.5
0 97.34 -7.23 2.47
0 97.54 -5.89 2.18
0 97.47 -3.94 1.53
0 97.59 -5.06 1.51
5.07 97.49 -5.94 1.52
0.34 96.56 0.5 2.31
0 96.47 1.59 2.13
0.25 95.94 -0.54 4.45
0 97.69 -6.4 4.97
0 97.82 -4.95 1.48
0 96.68 -0.02 2.19
0 96.99 2.13 2.11
0 96.4 5.89 2.73
0 96.31 3.65 1.3
0 95.74 4.72 1.73
0 95.61 1.93 2.25
0 95.66 -1.04 4.7
0 97.26 -1.1 1.84
0 96.55 4.14 3.2
35.16 96.35 1.15 2.96
0 97.6 -4.76 3.87
0 97.2 0.05 2.65
0 96.62 5.91 2.41
0 97.07 5.6 2.26
0 95.57 8.43 2.68
0.48 95.67 -0.71 3.42
12.06 96.45 -5.09 2.82
0.28 96.95 -5.51 2.46
0 95.69 1.83 4.76
0 96.64 -1.68 2.4
23.08 96.29 -3.67 2.73
0 97 -3.87 2.96
0 96.88 -0.97 1.53
0 95.94 4.87 3.51
1.16 96.02 3.42 2.7
0 96.92 0.32 2.78
0 97.13 -0.52 2.05
0.41 97.06 0.62 1.67
5.26 96.75 2.61 2.16
88.54 96.79 1.01 2.27
0 96.39 4.97 2.49
0 96.34 7.31 2.41
15.3 96.55 1.56 1.95
56.62 96.79 0.22 2.79
0 96.58 0.85 2.64
0.22 95.8 2.37 2.09
11.62 95.73 2.18 2.85
7.87 96.65 1.34 3
0.46 96.54 2.36 2.61
0 96.57 3.4 3.1
0 96.13 8.3 2.17
0.19 95.56 8.74 3.62
0 95.9 4.44 3.85
0 95.61 5.97 2.29
3.43 95.85 5.44 3.01
26.48 96.22 2.59 357.86
4.83 97.17 2.37 3.97
0 97.21 3.88 1.7
0 96.87 6.43 2.14
0 96.56 9.83 2.01
0.2 96.07 12.82 4.24
67.43 96.03 8.18 2.24
1.16 95.94 8.4 2.3
0.03 96.01 9.79 3.95
0 96.09 11.34 1.57
0 96.1 14.12 1.9
8 95.92 12.74 2.9
0.27 95.99 12.96 5.22
0.49 96.46 12.17 4.62
0.97 96.55 12.84 1.96
1.35 96.42 12.59 1.63
4.39 96.63 13.73 1.61
0 96.42 17.34 2.69
0 96.55 21.21 1.69
0 96.44 23.05 1.77
0 96.51 22.25 2.3
0.11 96.31 21.97 3.42
12.89 95.93 15.43 2.07
17.05 95.03 16.01 3.33
0 94.61 19.28 3.41
0 95.2 17.83 2.12
0 95.32 19.18 2.15
0.62 95.83 18.43 3.75
0 96.77 17.74 2.44
0 96.73 18.52 1.96
0.52 96.13 18.79 2.64
0 95.57 18.92 2.79
21.91 94.88 16.02 3.85
0.01 94.93 18.36 3.75
0 95.18 20.09 2.23
0 96.12 20.5 1.78
3.74 95.95 23.63 3.1
1.81 96.44 18.61 2.01
0 96.13 21.33 1.96
2.45 95.93 20.71 3.26
1.8 95.75 18.98 3.24
0.75 95.4 19.54 2.33
0 95.67 20.72 3.42
0 95.54 24.68 2.87
0.03 95.18 25.61 4.36
0 95.79 21.27 2.11
13.74 95.65 19.48 2.72
0.06 95.73 21.39 2.68
13.22 96.42 18.64 2
43.14 96.3 18.34 2.31
3.26 96.11 19.24 2.57
3.14 95.9 22.03 2.65
0.67 95.75 22.9 3.24
27.26 96.06 18.02 2.35
6.6 96.3 17.66 1.57
22.76 96.02 16.08 1.72
4.95 95.82 18.16 1.88
0.02 95.91 22.5 3
0.12 95.91 24.07 3.37
2.18 95.76 24.7 2.5
90 95.66 20.52 2.28
6.84 95.37 22.31 1.51
53.18 95.07 21.2 1.71
0.2 95.41 24.09 1.82
0 95.93 24.69 2.14
0.06 96.08 25.18 1.84
1.2 95.87 23.36 1.51
4.49 95.54 23.1 1.95
25.35 95.44 22.06 2.27
65.2 95.22 21.33 2.24
82.97 94.87 21.58 1.98
73.27 95.01 22.84 1.91
64.75 95.43 21.82 1.58
223.8 95.55 22.12 2.59
19.74 95.52 23.16 2.78
74.57 95.21 23.1 2.03
239.26 94.66 23.15 2.46
0.08 94.68 25.22 2.48
2.79 94.67 25.25 2.19
1.96 95.03 25.46 1.9
1 95.31 25.27 2.13
5.55 95.19 25.46 3.26
69.97 95.39 24.7 1.77
131.59 95.6 22.24 1.22
2 95.78 22.8 1.19
0.57 95.78 23.41 1.07
12.8 95.75 24.11 1.69
25.28 95.93 23.86 1.88
0.32 95.94 24.57 1.74
199.4 95.28 22.4 1.97
182.09 95.05 23.46 2.38
0 95.69 24.04 1.91
0.21 95.61 22.82 2.07
68.9 95.42 22.67 1.7
2.65 95.65 23.05 1.73
0.24 95.68 24.52 1.43
9.78 95.57 24.5 1.58
8.25 95.1 24.42 1.66
1.04 95.12 25.42 2.48
0.01 95.46 25.27 1.63
0.03 95.51 25.64 1.57
34.65 95.32 23.47 1.35
15.76 95.19 26.11 1.92
0.21 95.17 26.07 1.32
1.49 94.99 26.55 1.91
6.27 95.11 26.22 1.94
18.13 95.42 25.97 2.57
0.32 95.67 25.86 2.22
0.97 95.44 26.31 2.25
12.09 95.06 27.29 2.41
28.56 94.9 25.77 1.74
8.34 95.09 26.68 2.01
19.06 95.32 27.26 1.87
12.25 95.09 27.59 1.83
13.75 95.27 26.01 1.57
1.6 95.7 26.74 1.45
4.59 95.83 27.3 2.21
54.02 95.57 24.94 2.33
3.98 95.53 26.23 2.39
17.36 95.5 27.49 2.22
2.65 95.49 27.54 1.86
184.28 94.99 25.48 1.61
0.07 107.98 27.07 2.11
0 95.96 23.65 2.08
0 96.23 23.12 1.58
2.78 96.23 22.38 0.89
2.52 95.84 24.63 2.24
0.28 95.95 24.09 1.67
0 96.12 23.77 1.36
0.08 96.12 24.04 1.37
18.37 95.89 22.94 1.78
35.15 95.95 20.59 1.88
4.48 95.95 20.03 1.44
297.25 95.34 18.61 1.29
15.39 95.46 17.01 2.75
0.11 96.2 16.6 2.12
14.59 96.27 17.85 1.69
2.11 96.54 17.21 1.46
9.58 96.7 17.42 1.52
0 96.78 17.22 1.21
8.33 96.67 17.64 1.24
139.28 96.64 15.22 1.18
24.4 96.7 15.82 1.34
11.69 96.75 17.18 1.23
1.45 96.71 18.63 1.21
11.6 96.26 19.34 1.73
0.4 96.3 17.91 1.43
0 96.43 18.29 2.01
1.43 96.21 20.39 2.26
52.67 95.56 20.3 2.59
0.26 95.81 20.88 2.68
0 96.48 15.02 1.5
0.73 96.17 16.94 1.46
7.82 96.67 17.58 1.31
6.48 97.17 16.97 1.03
4.11 96.26 19.78 2.37
0 96.59 19.06 1.22
0.07 96.65 19.51 1.29
3.3 96.54 18.63 2.09
64.46 96.8 14.16 2.18
0 97.09 9.76 2.1
0 96.93 11.71 1.82
0 96.64 12.58 1.7
0 95.99 17.14 2.65
0 96.01 16.85 2.39
0 96.88 14.26 1.25
0.59 96.87 14.74 1.77
194.86 96.81 11.82 1.72
0.02 96.95 11.19 2.12
0 96.84 10.25 1.42
0 96.16 16.75 2.92
0 97.09 14.91 1.27
0.01 97.17 15.18 1.95
0.03 97.32 13.72 2.19
0.23 96.92 11.73 1.35
0 95.94 15.54 2.24
9.62 95.88 14.85 3.05
0 96.39 11.91 2.44
0 96.88 12.58 1.31
58.01 96.95 10.52 1.68
5.51 97.72 5.73 3.51
0 97.84 3.54 1.15
0 97.4 6.73 1.2
0 97.47 7.76 1.37
0 97.25 10.71 2.06
39.5 97.36 9.89 1.17
3.98 97.37 8.38 1.68
0 97.28 6.96 0.86
17.78 97.16 6.92 1.73
74.59 97.06 3.73 1.78
0.01 97.25 4.78 2.84
0.01 97.49 6.79 2.21
0 97.08 5.63 1.15
0 96.56 7.45 1.52
8.02 97.02 6.45 1.32
1.41 97.61 4.96 1.83
0 97.57 4.19 1.16
0 97.63 5.14 0.78
0 97.43 5.47 1.06
0.22 96.87 8.17 1.54
2.92 97.11 8.33 2.54
0 97.54 6.41 1.46
0.02 96.83 6.7 2.02
0.14 96.35 7.48 2.97
0.01 96.79 4.45 2.42
0 96.89 4.08 2.01
0.18 97.31 4.66 3.11
0 97.38 -0.19 3.07
0 97.46 1.22 1.84
0 97.31 1.93 1.37
0 96.76 2.49 2.25
0 96.47 3.75 2.37
0 96.45 3.78 1.7
0.14 96.53 3.32 2.52
0.01 96.96 -1.41 3.17
0.03 97.12 -1.93 4.65
0 97.06 -2.74 2.97
0 97.14 -2.38 1.8
0 97.34 -2.35 1.11
0 97.09 1.09 1.5
0 96.75 1.87 1.23
0.03 96.4 0.39 1.69
0 96.28 -2.51 3.48
0 96.43 -5.13 2.79
0 96.72 -8.23 4.74
0 96.88 -5.26 2.74
0 96.48 0.32 2.49
0 97.08 -1.69 1.99
12406.86 96.88 -1.5 1.83
12406.86 96.61 -0.63 1.19
12406.86 96.87 1.71 1.58
12406.86 96.85 1.88 1.82
12406.86 97.13 -0.56 2.09
12406.86 96.71 -0.96 1.19
12406.86 96.83 -3.76 1.17
12406.88 96.76 -2.23 1.61
12406.87 96.96 -4.11 2.73
12407.02 96.45 -6.04 2.68
12407.15 96.52 -7.2 1.81
12406.86 96.62 -9.89 3.02
12406.86 96.98 -10.58 2.24
12406.86 97.31 -8.18 2.09
12406.86 97.92 -7.97 1.21
12406.86 97.86 -8.67 1.19
12407.11 98.13 -10.43 2.16
12407.02 97.78 -11.9 2.38
12407.11 97.63 -10.75 2.88
12406.87 98.02 -9.87 2.33
12406.86 98.09 -9.43 1.2
12406.86 97.81 -9.67 0.99
12406.86 97.93 -8.33 1.43
12406.86 97.93 -9 1.05
12406.9 97.28 -6.18 1.86
12406.99 97.75 -8.76 3.45
12406.86 97.48 -10.13 1.48
12406.86 97.01 -10.44 2.06
12406.86 96.29 -5.45 2.63
12406.86 96.07 -4.81 2.29
12406.86 95.67 -1.67 3.52
12406.86 95.94 -3.19 2.57
12406.86 96.25 -3.24 2.95
12406.86 96.8 -4.85 2.29
12407.68 96.79 -7.72 1.72
12411.27 97 -7.36 2.06
12406.89 96.8 -6.91 2.98
12406.86 97.18 -5.21 2.87
12406.86 97.72 -13.1 2.61
12406.86 97.36 -14.26 2.39
12406.86 97.34 -11.47 2.2
12406.86 97.4 -9.19 2.3
12406.86 97.95 -11.14 2.36
12406.86 97.67 -12.63 1.54
12406.86 97.7 -11.25 1.79
12406.86 97.46 -7.78 1.74
12410.71 97.48 -8.95 1.6
12406.86 97.48 -10.67 1.59
12406.86 97.71 -8.17 2.03
12407.59 96.77 -6.16 3.47
12406.87 97.17 -8.92 4.79
12406.86 97.43 -9.05 3.13
12406.86 96.75 -5.42 2.02
12406.86 95.97 -1.54 3.76
12406.86 96.4 -2.3 2.72
12406.86 97.37 -7.22 3.65
12406.86 97.08 -7.92 3.73
12406.86 96.32 -1.98 4.89
12406.86 97.08 -6.82 3.43
12406.86 95.67 -0.16 5.55
12406.86 96.38 -5.19 2.81
12406.86 96.53 -5.7 1.89
0.35 96.11 -2.75 2.15
0.09 96.05 -3.44 4.41
0 96.98 -10.61 3.91
0 97.2 -11.46 2.01
0 97.33 -10.95 1.67
0 97.56 -9.09 1.86
1.27 97.28 -9.73 1.73
4.42 97.27 -11.43 3.37
0 97.92 -12.69 3.71
0 97.78 -13.08 1.46
0 97.18 -11.08 1.62
0 97.79 -10.82 1.79
0 97.83 -11.04 1.8
0.04 96.95 -4.28 3.06
0 96.96 -4.39 1.88
0.13 97.54 -4.97 1.87
0 98.11 -6.81 2.37
0.64 97.71 -8.48 1.87
0.94 97.4 -7.3 1.66
0 97.39 -6.97 1.75
0 97.29 -4.56 1.89
3.15 97.77 -5.78 1.69
0.12 97.63 -3.81 1.49
0 97.16 -1.08 1.56
0 97.01 1.92 2.18
0.5 96.7 4.91 4.52
3.66 97.36 -1.52 4.53
0.03 97.14 -5.27 1.53
0 96.95 -3.62 1.69
0.19 96.92 -3.65 2.03
0.29 96.89 -4.08 1.61
1.67 97.18 -3.1 2.93
0 97.27 -4.71 3.38
0 97.46 -6.22 2.43
0 97.45 -4.92 2.24
0 96.95 -3.77 1.95
0 97.25 -4.42 2.48
0 96.81 -2.13 2.45
0 96.44 3.36 3.99
0 97.13 0.21 3.98
0 96.77 -0.83 1.99
0 96.3 2.2 2.8
0 95.91 7.94 2.54
0 96.39 5.41 2.4
0 95.79 8.35 4.09
0 96.97 5.01 2.13
0.07 96.86 4.27 3.52
0 97.18 4.24 5.16
0 96.63 6.75 2.48
0 96.6 8.69 3.43
0 96.95 8.3 2.67
0 95.92 13.4 4.71
0 95.85 12.77 2.66
0.02 95.85 12.33 2.25
0 96.01 12.03 2.75
48.72 95.68 12.11 2.96
22.83 96.13 10.75 3.02
0 96.36 11.54 2.04
1.79 96.5 10.33 2.11
0 95.98 12.35 2.29
0 96.6 9.49 3.95
0 97.07 3.97 4.73
0 96.23 6.71 4.64
0 96.86 5.55 3.5
0 96.23 13.21 3.69
0 96.15 15.16 1.83
0 96.06 14.71 2.14
0 96.19 13.24 4.24
0 97.01 10.01 2.05
0.76 96.63 11.02 1.64
0.36 96.35 11.89 1.94
0 96.45 14.02 2.1
0 96.3 18.46 3.71
0 96.9 14.37 3.5
0 96.22 14.15 2.18
6.44 96.16 10.95 2.48
0.02 96.87 10.12 3.32
16.13 96.77 8.71 2.92
0.05 96.29 10.56 1242.52
0 96.36 12.54 3.64
0 96.07 15.07 2.83
0.91 95.78 17.79 4.16
6.48 96.06 17.9 5
0.24 96.48 17.69 4.09
24.44 96.76 12.41 3.45
0 96.95 13.37 2.43
0 96.8 14.43 2.33
0 96.21 15.69 1.67
0 95.67 18.93 2.3
3.32 95.54 20.05 4.75
132.83 96.22 8.25 5.13
4.26 95.89 10.34 4.32
10.85 96.06 6.1 5.49
0.08 96.32 8.12 4.25
0.25 95.76 12.38 2.66
44.95 95.68 9.47 3.75
1.78 96.27 12.95 2.21
55.76 96.61 11.54 2.45
2.42 96.54 12.98 2.15
304.65 95.56 9.53 2.74
95.67 94.69 15.21 4.08
0 94.84 19.04 3.9
0.07 95.2 15.52 3.63
0 95 15.37 3.23
0.07 95.77 17.33 2.61
1.54 96.16 17.47 2.11
1.79 95.74 20.4 3.37
132.39 95.47 17.13 2.73
6.21 95.46 17.58 2.44
0.02 95.56 19.8 2.26
0 95.63 22.13 2.75
0.25 95.93 25.33 4.12
46.75 95.84 17.5 2.98
0.72 95.31 17.65 5.06
0 94.73 21.97 4.06
10.31 94.5 19.59 2.9
0.22 94.98 23.6 3.71
0 95.02 24.99 68.08
0.09 95.69 25.25 2.62
0 95.65 27.18 3.18
5.26 95.81 24.18 2.85
1.72 95.96 22.21 2.86
0 95.82 22.56 2.09
1.63 95.6 22.95 1.76
50.11 95.46 23.91 2.37
194.45 95.59 17.41 3.02
178.3 95.42 14.52 3.33
30.97 95.19 17.13 2.46
54.77 95.54 16.35 2.58
56.29 95.91 16.02 1.95
19.96 95.94 18.91 2.02
28.32 95.71 20.5 2.57
7.96 95.76 21.65 2.24
0.02 95.64 22.39 1.96
3.53 95.45 24.08 2.15
67.51 95.3 21.12 1.93
150.25 95.19 20.38 2.75
112.5 95.25 19.94 2.26
6.53 95.55 20.14 1.82
58.49 95.71 19.8 1.83
4.2 95.85 19.37 1.69
83.49 95.87 19.06 1.79
1.26 95.73 22.05 1.93
0.08 95.38 24.08 2.46
8.11 95.24 23.48 3.6
28.83 95.22 23.19 4
0.63 95.62 22.77 4.04
0.9 95.56 23.45 3.22
0 95.65 24.67 1.77
0 95.65 25.18 1.77
13.75 95.61 23.97 2.47
151.1 95.34 21.14 2.37
23.21 95.05 23.61 2.75
0.38 95.51 25.13 2.01
0.76 95.65 25.12 2.97
2.17 95.46 25.36 2.34
3.24 95.28 25.11 3.01
12.99 95.15 24.64 3.86
0 95.34 24.25 2.53
0 95.02 25.06 3.15
2.9 95.11 23.63 2.81
6.16 95.32 22.99 2.77
0.49 95.24 23.94 2.53
1.84 95.35 24.66 2.07
19.46 95.35 24.31 2.65
209.53 95.41 22.62 68.11
15.55 95.64 22.98 67.27
0.54 95.71 26.13 1.83
0.67 95.81 28.44 2.41
2.29 95.46 29.34 4.58
110.36 95.26 24.88 2.43
0.21 95.58 22.63 1.58
0 95.29 25 2.36
0.11 95.66 23.29 1.56
0 95.71 22.77 1.9
0.01 95.91 23.4 1.91
3.24 95.81 25.4 2.24
3.42 95.35 27.33 3.24
6.71 95.38 26.07 3.93
11.77 95.54 24.02 2.34
0 95.61 25.68 2.65
0 95.57 27.36 2.94
1.85 95.38 27.7 2.72
14.96 95.32 26.53 2
97.4 95.59 20.98 2.58
1.12 95.58 22.79 2.12
0 95.83 23.5 2.69
0 95.97 22.6 1.74
0.01 95.88 23.29 2
22.02 95.62 22.94 1.9
35.03 95.33 22.17 2.3
9.06 95.46 23.33 3.38
0.24 95.68 22.41 2.02
35.02 95.78 19.18 1.8
35.16 95.7 19.28 1.57
17.45 95.69 20.63 2.23
11.04 95.84 21.29 1.8
2.44 95.96 21.47 1.8
7.63 96.15 21.51 1.57
0.22 96.08 23.03 1.52
0.48 95.77 25.01 2.22
6.18 95.72 24.86 2.29
17.84 95.7 24.28 2
29.76 95.54 23.7 2.46
253.55 95.76 19.81 2.16
2.55 96.06 20.14 2.19
0 96.21 21.18 1.68
0 96.29 23.03 2.1
5.76 96.44 21.44 1.7
3.32 96.48 21.2 1.43
0.76 96.45 21.6 2.24
8.87 96.27 20.39 1.52
11.77 96.24 20.7 1.97
296.58 96.14 16.81 2.16
1.52 95.81 17.97 2.05
0 95.46 20.95 2.72
0 96.03 19.31 1.61
0 96.05 20.51 1.58
3.28 95.65 20.95 2.75
0.04 95.89 19.53 2.95
0 96.07 16.71 1.45
0.01 96.36 17.93 1.74
0.08 96.36 19.18 2.03
16.03 96.42 17.89 1.3
0.26 96.27 19.3 2.46
0.13 96.52 16.77 3.04
0 96.63 14.73 2.37
0 96.7 14.16 1.7
0 96.76 16.58 1.36
0 96.73 17.55 2.08
5.67 96.09 17.44 2.27
48.45 96 15.43 2.65
0.05 96.62 14.81 1.74
0.38 96.68 16.81 2.15
90.74 96.8 13.55 1.95
29.79 96.58 13.54 1.85
0 96.53 13.92 1.53
68.2 95.93 14.83 2.45
0.11 96.44 13.72 2.19
0.7 96.38 14.31 2.69
15.78 97.08 7.88 3.92
0.08 97.26 6.41 1.69
78.95 96.39 7.31 1.56
53.16 96.22 7.55 2.55
0 96.57 8.84 1.54
58.88 96.82 8.26 1.38
7.68 97.22 9.07 2.37
0 97.09 9.67 2.06
0 96.66 12.8 1.92
0 96.57 14.06 2.52
0 96.7 16.94 2.67
0 97.02 14.22 1.59
0.49 96.88 14.96 2.86
0.33 97.81 10.04 4.19
0 97.41 5.66 2.1
0 96.52 8.33 2.26
0 96.01 11.16 5.1
0 96.61 10.24 3.57
0 96.28 13.35 2.41
0 96.41 13.9 2.38
0 96.15 16.6 3.8
0 96.87 9.22 3.48
0 97.33 4.43 2.22
0 96.82 5.81 1.79
0 96.03 11.37 3.69
0 95.73 14.06 3.57
0 95.88 12.84 2.27
0 97.35 6.08 5.27
0 97.84 2.67 1.65
0 97.28 3.86 1.61
0.04 96.98 7.99 1.8
3.58 97.08 9.77 20.63
1.6 96.86 7.24 1.78
13060.87 96.48 7.91 2.96
13060.9 96.66 5.03 4.2
13060.86 96.48 6.9 2.63
13060.86 96.12 8.35 3.76
13060.86 96.4 7.91 3.39
13060.86 97.7 0.81 3.64
13060.86 97.72 -1.14 1.8
13060.86 97.29 0.79 1.75
13060.86 97.06 3.79 1.66
13060.86 96.74 4.53 1.88
13060.86 96.37 2.87 2.87
13060.89 96.84 -2.96 5.51
13060.86 96.89 -2.03 2.92
13060.86 97.22 -2.11 1.69
13060.86 97.35 -0.91 1.57
13061 97.16 1.66 2.08
13060.86 97.52 -1.33 2.02
13060.86 97.46 -0.46 1.34
13060.86 96.8 1.62 2.55
13060.86 96.21 3.86 3.5
13060.86 96.67 1.39 2.75
13060.86 97.25 -1.22 2.09
13060.93 97 1.2 2.59
13060.86 97.37 -1.69 1.94
13060.86 96.54 -2.6 1.74
13060.86 96.04 1242.42 4.58
13060.86 97.11 -1.23 2.08
13060.86 96.66 -1.45 1.52
13060.87 96.49 -0.38 2
13061.68 96.53 -0.27 4.65
0 97.13 -10.03 6.05
0 96.96 -10.12 3.54
0 96.67 -10.15 4.7
0 96.83 -10.33 3.64
0 96.93 -10.55 3.46
0 97.15 -8.93 2.54
2.77 97.19 -8.74 1.8
0 97.73 -10.29 1.51
0.03 97.64 -7.34 2.8
2.3 96.9 -3.57 4.69
0.05 97.35 -8.29 2.98
0.01 96.95 -9.18 3.8
0 97.13 -10.31 2.76
0 97.17 -8.32 1.93
0.23 97.06 -7.91 3.97
0 97.17 -11.5 3.82
0.01 97.24 -10.71 2.27
0 97.25 -8.47 2.29
0.11 96.81 -5.26 3.96
0 97.17 -9.08 3.69
0 96.85 -9.52 3.72
0 96.61 -3.86 2.91
0 96.59 -2.13 3.45
0 97.46 -4.79 3.61
0 97.72 -5.4 2.31
0 97.51 -7.08 1.69
0 97.07 -4.44 2.17
0 96.47 -4.97 1.88
0 95.79 -2.99 3.15
0.08 96.51 -5.68 60.1
0.02 97.24 -9.17 5.1
0.09 97.29 -10.42 2.92
0 97.22 -6.71 3.14
0 95.97 -2.34 3.85
0 96.2 -2.87 1.84
0.9 96.48 -1.95 4.22
0 97.09 -7.25 3.18
0 97.46 -8.88 1.72
0 97.37 -9.15 1.54
0 97.21 -5.96 2.3
0.07 96.73 -3.22 3.83
0 97.8 -6.76 2.47
0 98.01 -8.67 1.6
0 97.5 -5.35 1.85
0 97.62 -7.49 2.09
0.26 97.29 -7.94 2
2.45 97.25 -9.12 3.23
0 97.42 -8.79 1.77
3.13 96.26 -4.47 3.29
0.02 96.98 -7.95 2.25
0.03 96.86 -7.11 1.77
1.53 97.36 -6.81 2.89
0 96.88 -8.18 1.71
0 96.28 -3.16 3
0 97.21 -5.37 2
2.61 96.85 -4.96 1.68
2.31 97.37 -7.65 3.68
0 97.95 -11.11 2.9
0 97.83 -11.29 1.85
0.07 97.18 -7.24 3.3
0 97.8 -9.29 3.56
0 98.1 -9.11 2.06
0 97.89 -7.45 1.6
0 97.73 -7.2 1.43
0.07 97.56 -4.45 2.29
0.05 97.48 -5.15 3.38
0 97.39 -3.72 2.69
0 96.72 -1.06 3.3
0.02 97.58 -9.07 5.54
0 97.75 -11.65 3.33
0 96.99 -5.82 2.88
0 96.28 -3.25 1.97
0.01 96.31 -4.83 3.05
0 96.55 -5.77 2.76
0 96.19 -5.01 1.9
0 95.94 0.76 2.3
0.02 96.64 -2.08 1.86
15.88 96.37 -0.55 3.13
0.01 96.96 -0.94 4.33
0 97.65 -2.82 2.92
0 97.23 -3.76 3.08
20.6 96.44 -0.17 3.59
23.65 95.85 -0.14 5.06
0.1 96.23 -4.53 5.41
0 96.53 -5.59 2.17
0 96.13 -4.59 1.77
0.79 96.56 -5.73 3.19
0 97 -7.99 3.32
0 97.69 -6.13 2.01
3.35 96.76 -2.53 4.68
0 96.37 -0.03 3.26
0.03 95.91 -1.77 2.52
0.09 96.57 -5.56 5.64
0 97.17 -5.84 3.27
0 96.94 -3.05 3.14
0 96.28 1.8 4.34
0 96.51 2.82 2.82
1.49 97.05 -1.86 3.63
0 97.9 -8.32 6.1
0 97.27 -4.06 3.29
0 96.86 -2.78 3.9
0 96.38 -2.49 3.01
0 184.32 1239.64 1242.27
0 96.55 0.27 3.71
0 96.16 6.07 3.53
0 96.04 6.44 3.52
0 96.78 4.33 2.66
0 96.1 6.44 2.92
0 96.31 7.39 3.62
0 96.43 6.81 2.67
0 96.36 7.36 3.75
0 97.35 2.8 3.77
0 97.54 2.99 2.64
0 97.75 3.83 1.79
0 97.5 7.53 3.13
0 97.28 12.83 4.26
0 96.5 13.4 5.4
0 95.97 12.55 3.73
0 96.19 10.89 3.52
0 95.7 14.34 4.32
9.45 96.6 7.36 3.61
0 96.78 5.69 1.65
198.11 95.2 2.99 2.56
0.63 96.03 5.21 2.56
1.27 95.99 6.02 1.92
0.12 96.46 5.58 4
0 97.65 0.38 4.26
0 97.65 1.01 3.01
0 96.88 5.11 3.36
0.12 96.57 8.46 3.13
0.13 96.77 9.05 3.06
27.39 96.96 7.82 3.19
196.37 97.46 0.97 4.1
1.13 97.16 4.13 2.35
0 95.57 10.88 1.96
0.43 94.71 14.59 4.74
4 95.6 9.68 5.09
0 95.65 12.54 2.85
0.04 95.96 12.99 2.66
0.03 96.37 11.66 3.89
0.01 96.05 12.2 2.76
0.03 95.91 12.57 2.84
0 96.24 14.56 4.23
0 96.34 15.42 4.75
0 96.67 15.23 2.75
0 96.04 21.07 4.4
0 95.66 24.74 4.52
26.94 95.4 20.76 5.09
43.13 95.98 16.48 2.33
0 96.05 18.93 2.11
0 95.94 20.7 2.67
5.97 95.74 18.39 4.08
41.97 95.83 15.61 2.21
0 96.02 14.42 4.72
0 95.95 14.02 4.81
0 95.32 16.07 5.63
0 95.94 13.29 2.56
0.61 95.81 14.07 4.52
31.92 96.14 7.96 2.6
0 96.51 9.43 1.78
45.17 96.41 9.65 2.29
86.89 95.47 7.97 1.82
11.48 94.19 11.21 3.51
0.29 94.27 19.49 3.56
1.36 95.52 17.54 5.42
0.02 96.2 16.94 4.3
0 95.65 18.83 3.36
22.93 94.82 19.54 5.09
34.99 94.94 16.26 4.95
0.97 95.34 14.67 5.6
0 96.16 18.3 4.2
0 95.83 21.69 3.79
0 95.68 22.52 3.01
4.05 95.62 22.69 3.16
0.05 95.46 24.45 3.69
0.21 95.38 25.67 4.37
2.59 95.46 25.76 3.31
0.12 95.49 23.73 3.28
3.06 95.23 23.15 4.27
0.76 95.46 21.37 3.16
0 95.61 20.6 3.07
0 94.84 24.99 7.05
11.01 95.21 23.46 2.95
2.31 95.77 20.15 3.82
0 96.01 21.86 3.53
68.18 95.33 18.59 3.5
56.71 94.77 18.5 2.43
97.42 95.26 18.43 2.53
0.35 95.61 19.76 3.07
1.18 95.29 20.17 2.86
7.69 95.35 18.27 1.94
165.59 95.12 16.54 2.45
273.97 94.59 16.57 2.58
43.85 94.66 17.14 1.97
96.23 95.51 17.77 2.22
0.27 95.79 20.68 2.14
44.85 95.65 22.14 1.89
0.43 95.36 23.02 1.79
295.77 95.32 20.78 2.25
5.29 95.55 19.29 2.79
91.99 95.98 17.03 2.66
0.08 96.07 21.25 2.46
0 95.74 23.68 2.27
3.68 95.51 23.69 3.42
0.22 95.64 23.44 2.56
7.85 95.44 23.55 3.48
12.04 95.14 21.91 2.55
145.44 95.07 20.85 1.64
1.07 95.53 22 1.69
3.23 95.6 23.69 2.19
209.42 95.71 17.72 2.34
23.01 95.15 18.06 1.99
36.33 94.68 19.25 3.4
3.96 95.25 17.92 3.05
0.15 95.84 18.87 2.45
83.85 95.85 19.66 2.15
24.9 95.98 20.52 1.95
0 95.97 22.11 1.86
0.2 95.84 23.32 1.97
2.45 95.98 24.36 2.11
0.16 96.22 25.53 2.45
2.87 96.05 23.81 2.7
0.48 95.72 25.57 2.41
1.5 95.16 26.41 2.1
0.17 94.95 26.94 3.6
6.25 95.34 26.52 2.7
11.39 95.73 25.3 2.11
15.99 95.92 22.31 2.39
10.44 95.79 22.53 1.57
32.72 95.64 23.41 1.85
156.98 95.81 22.7 2.08
56.82 95.76 22.96 2.27
20.52 95.45 24.23 2.5
31.84 95.4 23.36 2.56
11.89 95.4 23.52 1.77
19.64 95.22 23.32 2.04
12.39 95.05 24.33 1.87
10.95 95.4 25.69 2.69
21.12 95.52 24.61 2.37
42.08 95.29 24.71 2.45
66.21 95.24 24.6 2.26
362.7 95.61 22.43 2.58
12.49 95.84 22.7 1.72
1.36 95.68 23.85 1.88
29.35 95.21 25.01 2.96
0.13 95.17 24.18 2.42
1.03 95.02 25.55 2.31
2.05 95.21 25.95 3.03
12.46 95.62 24.57 2.78
16.73 96.15 23.21 2.29
74.71 96.17 23.29 2.05
13.97 96.05 24.43 2.09
0 96.09 24.09 1.62
0 95.91 24.66 1.6
0 95.76 24.84 1.44
0 95.46 25.89 1.88
2.02 95.23 26.13 2.1
0.03 95.52 24.45 2.27
0 95.58 24.32 1.97
2.52 183.55 1255.75 1242.11
44.03 183.78 1256 1242.2
49.62 96.09 20.67 2.33
24.7 95.77 19.59 2.43
3.02 95.56 21.05 2.18
43.09 95.67 20.37 1.77
8.25 95.99 20.47 1.71
12.37 96.2 20.72 1.89
10.3 96.12 21.01 2.67
22.45 95.99 21.03 2.42
0.03 95.94 21.15 2.27
12.54 95.81 20.2 1.85
13.22 95.97 19.33 1.67
14.64 96.12 19.51 1.93
109.72 96.3 17.98 1.82
86.78 96.32 19.4 2.05
2.55 96.29 21.46 2.16
0.38 96.46 20.7 2.16
8.39 96.35 19.02 1.4
26.43 96.12 18.72 2.2
0.02 96.28 17.81 1.77
0 96.21 19.38 1.56
1.75 96.36 21.22 2.37
16.86 96.99 17.18 2.48
1.65 96.93 16.07 1.7
26.29 96.38 13.99 1.87
27.45 96.33 14.39 3.16
0 96.26 19.81 2.38
0 96.61 19.98 2.63
0 96.77 19.33 2.69
0 96.59 19.69 2.32
3.09 96.55 19.35 1.63
9.73 96.59 18.77 1.87
0.01 96.66 17.43 1.86
1.7 96.19 17.28 2.37
2.88 95.98 20.04 2.92
44.24 95.89 18.49 3.27
48.86 95.93 15.95 2.2
45.12 95.91 14.99 1.81
16.11 95.85 16.31 2.93
0 96.16 14.78 2.52
0 96.32 17.53 2.72
0.22 97.16 14.21 1.47
2.31 97.66 11.82 1.79
8.93 96.55 15.69 3.35
67.17 95.75 11.65 5.28
0.04 95.71 14.38 4.16
0 96.7 11.91 2.39
0 97.03 14.59 2.62
0 96.53 18.16 3.8
0 96.4 18.51 2.65
0 96.18 18.42 3.51
0 96.5 11.57 3.62
0.3 95.83 6.89 3.04
2.45 96 6.27 5.11
8.9 96.29 10.36 4.4
0 96.71 11.83 2.33
0 96.79 13.34 2.02
0 96.53 14.22 2.17
0 96.48 15.2 2.02
0 96.51 15.58 2.52
1.14 96.61 15.11 3.16
0 97.43 7.05 2.78
0 96.31 10.79 3.05
14.43 96.86 6.94 2.3
43.11 97.21 5.57 1.95
1.33 106.15 140.15 68.55
0 105.62 140.3 68.39
0 97.42 7.58 2.58
0 97.43 4.61 1.69
10.67 96.2 7.64 4.38
0 96.22 4.73 2.89
0 96.83 2.74 3.27
0 97.16 0.89 3.97
0 97.6 0.65 2.59
0 97.66 2.85 1.53
0 96.97 4.69 1.55
0 96.78 6.21 1.37
0 96.81 8.7 3.25
0 96.95 10.71 3.32
1.33 98.05 2.32 4.01
57.47 98.13 -2.72 3.8
33.25 97.71 -2.7 3.68
3.89 97.25 -2.27 2.28
0.22 97.32 -2.28 1.61
0 97.53 -2.5 1.16
0 97.66 0.16 1.3
0.15 97.5 2.07 1.42
0.01 96.79 3.93 1.81
0 96.12 6.43 2.73
0.11 96.93 3.06 2.55
3.79 96.85 -1.39 2.5
0 97.5 -3.36 2.66
3.29 97.42 -4.33 2.31
8.24 97.42 -6.06 2.42
5.57 97.43 -7.49 2.11
8.7 97.92 -7.84 1.85
24.33 98.38 -10.53 2.7
6.86 98.43 -11.82 3.38
0.06 98.35 -13.91 2.16
0.01 97.47 -13.32 2.65
0 97.4 -13.42 2.9
0.05 96.95 -11.65 1.29
0.18 97.4 -9.1 1.58
20.83 97.07 -5.27 2.02
0 97 -7.75 1.65
0.29 96.31 -2.55 2.71
0.09 96.07 -4.12 4.55
0.21 96.33 -6.48 5.5
0 96.72 -4.33 3.5
0 97.4 -4.82 2.1
0 97.57 -7.43 1.46
0 97.75 -8.69 1.02
0 97.33 -3.75 2.36
7.21 96.97 1.65 3.1
0.02 97.14 0.17 4.68
0 97.54 -5.67 1.94
0 97.19 -5.78 1.43
0 97.3 -6.09 1.17
3.17 96.63 -4.43 2.58
0.03 96.69 -5.73 3.83
0.03 97.23 -7.19 5.62
0 97.37 -7.36 2.91
0 97.8 -5.51 1.81
0 97.82 -5.82 1.68
0 96.93 -2.92 2.6
0 97.13 -4.67 1.66
0 97.27 -7.42 1.39
0 97.11 -4.61 2.18
0 97.25 -8.42 2.2
0.01 96.23 -6.42 3.52
0 97.25 -11.45 4.26
0 98.05 -13.63 2.32
0 97.76 -8.94 1.75
0.17 97.31 -5.41 1.65
0.84 97.54 -6.72 1.63
0 97.58 -7.79 1.69
0 96.68 -2.29 2.89
0.01 96.66 -4.85 1.41
1.33 96.88 -7.44 1.9
0 97.34 -9.52 3.53
0 97.19 -11.34 2.65
0 97.43 -9.65 3.1
0 97.28 -9.43 2.64
0 97.08 -9.71 2.54
0 96.84 -9.39 2.29
0 97.61 -11.03 3.13
0 97.86 -12.16 2.48
0 97.33 -12.15 3.31
0.06 96.66 -10.72 3.36
0.08 96.43 -10.24 2.56
0 96.49 -10.94 1.87
9.31 97.1 -13.03 2.68
2 97.12 -17.02 3
0 96.75 -17.8 3.81
0 97.4 -17.4 1.96
0 97.91 -16.88 1.41
0.79 97.84 -16.25 1.54
0.51 98.34 -19.09 3.2
0 98.24 -22.55 5.16
0 97.68 -15.16 4.12
0 97.13 -10.46 2.77
0 97 -10.8 2.92
0 97.11 -9.25 2.84
0 97.6 -11.21 1.94
0 98.08 -14.57 2.17
0 97.88 -15.84 2.27
0 97.92 -12.91 2.91
0 97.77 -10.82 2.34
0 97.41 -9 2.34
0 97.15 -7.79 2.52
0 97.37 -7.41 3.57
0 97.29 -7.91 3.9
0 97.24 -6.74 2.64
0 96.34 -6.1 2.55
0.01 95.93 -2.75 3.57
0 96.64 -2.63 2.65
0 96.34 1.22 3.02
0.1 96.27 0.94 2.07
2.08 96.4 1.37 2.61
34.5 97.11 -6.76 6
0 97.25 -11.28 4.73
0 96.64 -8.77 3.64
0 96.47 -4.71 4.27
0 96.47 -1.8 3.94
0 96.37 -1.98 3.74
0.1 97.27 -5.58 3.58
0 97.26 -7.68 4.1
0 97.18 -8.6 2.88
0.01 97.2 -5.11 3.51
0 98.13 -9.35 2.37
0 97.76 -7.89 2.82
0 97.68 -7.25 2.77
0.06 97.01 -5.49 3.27
0.02 97.08 -5.57 1.99
0.09 97.35 -6.89 4.02
0.05 97.65 -7.73 3.51
0.03 96.7 -0.53 3.32
0 96.29 3.59 2.99
0 96.24 2.12 2.21
0.15 96.65 0.99 1.46
76.57 96.45 1.64 3.28
0.02 96.49 -0.08 2.2
2.76 96.71 -2.12 4.22
0 97.51 -6.2 4.79
0 97.62 -6.12 3.36
0.02 97.39 -5.33 3.43
0 96.89 -4.64 2.04
0 96.26 -0.7 3.91
0 96.98 -0.5 2.6
0 96.81 1.34 2.02
0 96.26 5.12 3.45
0 96.08 9.08 3.96
0 95.74 9.94 4.99
0 96.05 8.75 3.63
0 96.98 4.93 2.11
0 97.21 5.79 2.16
0 96.81 9.23 2.75
0 97.15 6.83 4.75
0.02 97.74 3.27 5.38
0 97.78 3.21 3.4
0 97.44 3.59 3.12
0 97 8.16 2.76
0 96.47 9.63 2.14
0 95.8 12.22 4.98
2.67 96.29 8.55 3.32
0 96.33 9.13 3.05
0 95.41 15.62 5.28
19.56 95.56 12.15 4.87
0.83 96.66 8.01 3.64
0 96.7 8.62 3.3
0 95.85 11.73 4.12
0.06 96.16 11.24 3.19
1.09 95.59 12.74 4.7
0 95.84 11.5 3.69
0 95.84 12.87 5.79
0 96.1 8.47 3.44
0 96.74 6.11 3.78
0 96.38 6.82 4.43
50.05 95.43 7.85 2.92
0.14 95.12 10.83 4.62
0 96.25 12.14 4.23
0.21 95.8 15.34 4.93
37.28 95.66 10.8 3.28
1.56 95.64 7.4 4.42
11.88 95.99 7.03 2.57
6.08 96.37 9.04 3.4
0.04 95.96 13.86 2.79
0 95.07 16.73 5.67
0 95.63 12.71 5.94
0 96.2 12 2.82
0 95.72 14.65 4.86
0.58 96.43 12.45 3.03
11.94 96.68 10.6 1.95
0.65 96.26 13.64 1.92
0 96.39 13.91 2.4
19.51 95.67 13.93 2.81
0.1 95.25 17.42 2.95
8.4 94.95 21.85 3.93
126.09 95.7 12.56 3.08
133.75 94.78 10.88 5.34
0 95.37 16.02 3.34
21.87 95.46 14.82 4.33
0.05 95.63 14.37 6.13
0 96.44 16.58 2.99
0 95.92 18.49 4.5
0.46 96 17.79 2.16
0 95.75 17.62 2.2
1.08 94.99 20.16 5.47
264.87 95.62 12.37 3.78
0 96.62 14.77 3.75
22.84 96.26 12.28 4.01
1.92 95.96 13.3 3.64
0 95.48 18.1 3.24
0 95.6 23.8 3.87
0 95.93 23.78 4.82
0 96.14 22.6 4.38
0 96.32 22.01 4
0.02 96.86 20.23 3.58
0.02 96.81 19.52 2.89
47.24 96 15.41 1.76
14.53 94.93 16.87 4.77
23.63 95.22 18.57 3.35
0.17 95.66 19.3 3.94
0 95.65 22.07 4.23
0.05 95.23 24.17 4.72
0 95.56 20.22 3.96
0 95.26 22.93 3.9
33.6 96.07 16.97 2.71
0 96.13 20.2 2.14
0 95.77 23.79 3.04
0.01 95.45 24.44 3.57
0.02 95.58 22.81 2.83
0.1 95.86 23.04 2.53
22.78 95.96 20.12 2.99
6.48 96.05 19.53 1.87
0.05 95.76 22.05 2.27
13.56 95.5 22.37 3.94
122.26 95.28 20.09 4.9
27.21 95.69 18.77 2.44
5.57 95.6 20.33 1.96
3.12 95.26 20.24 1.92
207.38 95.17 15.93 2.49
26.56 95.18 17.96 2.2
1.73 94.82 20.43 2.62
28.93 94.85 20.99 2.09
2.83 95.38 22.02 2.79
0.02 95.49 23.81 2.3
14.8 95.19 25.11 2.91
22.92 95.18 24.74 3.08
42.15 95.2 23.49 2.44
26.6 95.41 21.75 2.4
6.68 95.44 21.97 3.52
0 95.61 24.44 2.66
0 95.6 25.23 2.18
26.5 95.37 23.63 2.36
55.17 95.52 20.23 3.23
90.05 95.35 20.67 2.7
40.56 95.31 21.27 2.09
0 95.46 21.56 2.06
0.17 95.45 22.92 1.66
0 95.6 25.6 2.86
0 95.8 24.67 2.6
1.44 95.98 25.11 1.91
0 96.06 26.51 2.06
0 96.02 26.5 2.93
0 95.75 26.22 2.66
0 95.49 27.71 2.23
0 95.25 28.76 2.75
3.85 94.93 29.14 4.17
77.33 95.14 23.57 2.28
2.04 95.48 24.98 2.57
0.77 95.82 24.12 2.7
4.83 95.53 20.8 2
5.28 95.37 21.11 2.1
1.38 95.69 22.26 1.96
0.08 95.72 23.87 2.09
55.98 95.83 22.92 2.55
253.39 95.87 21.19 2.62
797.64 95.37 22.28 2.58
38.33 95.18 23.72 1.77
5.93 95.06 26.6 2.72
0.28 95.52 26.88 2.24
465.31 95.54 22.05 2.72
5.53 95.45 22.67 1.54
0.84 95.22 24.31 2.14
28.32 95.2 24.86 2.55
32.03 95.58 24.18 1.95
172.73 95.86 24.17 1.86
59.28 95.95 22.79 1.89
54.5 96.04 23.24 1.85
0.37 96.05 24.99 1.5
0 96.02 26.4 1.59
0 95.98 27.06 1.9
0 95.9 26.72 2.17
110.29 95.59 26.25 2.44
218.64 95.94 23.83 2.21
0 96.07 22.93 1.45
0 95.75 23.79 2.36
0 95.53 27.46 4.1
0.59 95.52 28.91 4.42
12.04 95.55 26.48 2.47
0 95.52 25.38 1.82
0 95.76 24.88 2.14
3.02 95.7 23.52 1.53
32.45 95.55 22.85 2.13
1.91 95.43 23.34 1.58
312.84 95.38 20.81 1.68
22.58 95.78 21.72 2.37
11.74 95.94 22.4 1.6
0.76 96.05 23.7 1.75
1.59 96.17 23.99 1.5
13.02 95.74 21.75 1.74
12.76 95.49 24.07 1.77
107.15 96.19 18.7 4.05
0 96.52 18.64 2.17
2.58 96.19 18.88 2.25
4.17 96.13 19.62 2.25
0 96.28 19.08 2.61
0 95.72 18.86 2.85
25.89 94.65 16.94 4.01
33.92 94.54 16.01 2.48
19.54 95.23 19.19 1.49
44.17 95.77 18.62 1.2
56.79 96.02 17.97 1.59
100.1 95.93 17.96 1.59
21.95 95.79 19.61 1.88
3.1 95.56 19.13 1.7
5.09 95.61 18.8 1.86
25.7 95.91 18.02 1.34
10.6 96.09 17.46 1.81
36.8 96.46 16.48 1.85
19.93 96.71 16.88 1.55
1.32 96.68 17.67 1.54
14.65 96.47 19.52 2.24
0.04 96.33 20.69 1.89
3.28 96.38 19.84 1.86
1.73 96.81 17.54 2.35
12.15 96.95 15.48 2.7
0.08 96.99 15.01 2.39
0 96.88 15.12 1.64
0.99 96.73 15.07 2.1
2.98 96.34 17.35 2.4
4.13 96.03 19.09 2.43
1.3 95.78 20.53 3.81
0.04 96.43 18.39 2.13
7.26 96.26 17.76 1.86
2.1 96.89 13.55 4.18
0 97.38 9.53 2.51
0.03 96.64 10.68 2.92
0.05 96.26 16.37 1.99
3.93 96.15 19.3 4.12
7.02 96.15 15.44 1.63
0.61 96.1 16.75 3.54
54.86 96.69 8.97 2.5
24.58 96.77 8.04 2.32
0.42 97.38 9.21 1.64
65.54 96.58 10.33 2.52
1.28 96.67 7.37 4.49
0 96.96 5.77 2.14
0.64 96.52 7.93 2.25
0 97.07 6.76 83.01
0.11 97.08 8.03 1.83
0 96.63 12.72 1.81
0 96.71 14.25 1.92
0.15 96.91 15.81 3.32
12.77 96.41 14.28 3.53
0 96.84 10.85 1.92
0 96.63 12.16 2.06
0 96.43 14.56 2.8
1.28 97.35 6.45 3.18
37.21 96.75 6.07 1.84
47.49 97.38 2.77 3.35
0 97.06 3.12 1.36
0 96.44 4.51 1.41
0 96.03 9.43 3.08
0 97.23 4.92 2.33
45.73 97.29 3.71 1.48
22.01 97.43 3.68 2.89
0.16 97.59 1.2 2.81
2.43 97.24 1.07 3.53
0 98.08 -3.77 2.81
0 97.73 -2.39 2.96
0 96.99 1.58 3.51
0 96.44 2.62 2
0 95.53 4.87 1.8
0 96.48 3.3 3.96
0.13 97.4 -0.24 2.12
10.13 97.59 -0.77 3.32
0 98 -2.76 2
0 97.45 -1.76 2.37
2.67 95.95 3.21 4.1
1.42 96.16 -0.36 1.62
0.24 96.68 0.43 1.76
0 96.2 4.29 3.59
0 96.78 2.75 4.59
0 97.15 -2.46 2.15
0 96.81 1.4 2.26
0 96.82 -0.13 2.7
0.4 96.17 2.94 2.43
3.16 96.68 -3.01 2.48
26.67 97.3 -6.39 1.5
68.23 97.6 -8.05 2.94
0 98.01 -11.19 2.95
0 97.71 -10.81 2.89
0 97.23 -7.9 2.52
0 96.88 -5.38 2.28
0 96.4 -1.55 3.7
0 97.16 -4.64 3.76
0 97.6 -3.95 1.83
0.06 97.93 -4.28 2.05
4.65 96.75 0.02 3.68
0 97.5 -2.49 3.37
0 97.22 0.32 2.73
0 96.49 2.96 3.77
0 96.5 -0.29 2.35
0.28 97.17 -4.53 3.46
0 96.69 -4.26 3.46
0 96.88 -5.8 2.06
2.02 96.25 -2.79 3.34
0 97.24 -6.95 2.23
0 97.38 -7.59 1.24
0 96.84 -5.29 3.19
4.37 97.06 -3.08 2.37
0 97.69 -7.49 3.48
0 97.66 -9.77 2.47
0.01 97.63 -8.91 2.87
0 96.88 -4.67 2.68
0 96.8 -3.75 1.27
0 96.96 -3.77 1.04
0 97.01 -3.48 1.36
0.04 97.36 -3.15 1.06
0.07 97.34 -4.1 2.59
2.52 96.99 -8.72 4.09
0 97.44 -9.15 2.9
0 97.41 -9.63 1.3
0.03 97.16 -4.83 2.95
4.08 97.8 -8.52 3.39
0 97.75 -11.16 2.09
0 97.42 -8.95 3.6
0 97.67 -9.25 3.03
0 97.16 -7.65 1.79
0 97.02 -6.73 1.45
0 96.8 -2.5 3.04
0 96.96 -4.31 2.55
0 96.64 -1.61 2.67
0 97.23 -4.8 1.62
0 97.58 -6.5 1.2
0 97.08 -3.9 1.13
6.61 97.07 -3.63 1.83
11.1 96.65 -3.88 2.29
0.01 96.87 -6.78 3.37
0 97.13 -9.42 3.36
0 96.88 -9.26 2.69
0.01 96.6 -10.27 2.78
0 96.72 -9.45 3.82
0 97.71 -11.02 2.12
0.1 97.7 -12.64 1.49
0.02 97.61 -12.03 1.52
0.18 97.39 -9.95 1.97
0 97.71 -10.7 1.67
15.38 97.36 -11.6 3.09
0 97.49 -13.13 2.31
0 97.05 -11.27 4.65
0 97.76 -13.32 2.41
0 97.9 -13.74 1.59
0 98.01 -12.35 1.39
0 97.44 -8.23 2.02
0.03 96.61 -2.89 5
0 97.22 -6.05 3.74
0 96.62 -5.89 2.77
0.16 97.38 -9.75 4.49
0 97.79 -9.36 3.44
0 97.18 -6.53 3.08
0 97.93 -7.4 3.33
0 97.32 -5.14 2.19
0 96.74 -3.51 1.89
0.36 96.35 0.02 2.4
0 96.71 -3.94 3.49
0.01 97.68 -5.86 3.07
0.01 97.64 -7.02 1.08
0.02 97.39 -7.45 5.41
0.01 96.94 -8.41 5.59
0 97.13 -8.42 4.67
0 97.26 -6.96 2.87
0 97.25 -6.31 1.69
0 97.72 -4.64 2.13
0 97.64 -3.51 2.23
0 96.45 2.31 3.54
5.33 96.68 -1.78 4.52
0 97.37 -6.3 2.94
0 96.81 -5.12 2.62
0 95.65 -1.64 4.44
0 97.44 -6.6 5.04
10.16 97.34 -5.92 2.74
23.91 96.58 -3.2 4.53
0 97.12 -3.72 3.57
0 96.83 -1.66 3.39
0 96.77 -0.44 3.23
0 97 -0.54 1.52
0 96.65 2.07 3.08
0 96.57 2.16 3.03
1.89 96.98 -3.44 4.33
0 96.23 -0.73 2.81
0 96.27 0.63 1.86
0.03 96.46 -1.5 2.49
0.15 96.91 -3.91 3.97
0.03 96.66 -6.21 3.55
0 96.66 -4.19 4.06
0 96.15 0.69 3.86
0 95.98 1.29 3.23
0 96.21 3.84 1.97
0 96.43 5.82 2.86
0 97.26 1.14 4.53
0 97.3 1.4 2.87
0 97.27 2.04 2.69
0 97.02 3.21 1.89
0 96.62 4.08 1.63
0.7 96.52 5.38 2.47
0 97.04 6.47 2.15
0.08 97.14 6.24 2.8
0.61 97.14 3.2 3.56
0 97.02 2.29 2.46
0 96.76 3.6 2.29
0.53 97.16 3.19 1.93
5.71 96.89 1.68 1.54
3.28 96.66 3.39 2.13
0.21 96.58 3.33 2.38
0 96.77 3.91 2.72
0 96.59 6.06 2.32
0 96.48 10.03 3.65
0.05 97.27 5.22 2.77
0 97.11 5.59 2.67
0 96.5 6.22 1.77
0 96.51 9.7 2.06
0 96.45 13.23 3.46
0 96.17 16.63 4.1
0.42 95.95 13.46 3.42
1.95 95.92 10.62 3.46
0.59 96.03 10.87 2.97
0 96.71 10.02 4.18
0 96.77 9.74 1.88
0 95.75 13.25 3.11
0 96.28 9.49 4.46
0 96.22 8.29 2.77
0 95.61 12.82 4.52
0 95.15 15.6 3.47
0 95.57 17.25 3.28
0.14 95.93 15.51 2.94
1.03 94.83 16.06 4.66
0.28 94.99 9.67 5.9
1.58 95.48 8.42 3.46
1.6 95.75 11.05 3.96
0 96.2 11 2.43
0.01 95.53 14.66 5.26
0 95.8 11.3 2.99
0 96.07 10.95 3.13
0.01 96.75 10.03 3.42
0 96.77 11.55 4.72
0 95.92 16.01 4.65
0 95.37 18.07 3.27
0 95.04 21.31 4.39
0 95.91 18.37 2.74
0 96.36 18.14 2.54
0 96.31 21.06 3.91
1.39 96.26 18.97 5.18
26.5 96.16 15.54 3
26.98 95.86 11.5 5.84
0 96.06 12.45 6.3
0 95.92 18.38 3.89
0 95.62 21.38 2.73
0 95.45 20.06 4.71
0.47 95.36 19.18 3.18
0.04 95.47 17.04 4.99
0 95.38 15.02 4.26
0.89 95.55 14.04 5.07
0.2 96.27 15.15 5.02
0 96.26 17.31 2.39
0 95.5 20.31 1.9
0 95.33 23.91 2.79
0 95.33 28.46 4.79
1.1 95.63 27.71 3.58
0.38 95.91 25.33 3.51
3.68 96.2 18.67 3.67
185.18 96.37 11.17 2.51
0.02 96.18 16.78 2.26
0.01 95.72 20.28 2.23
0.08 96.25 16.44 3.69
0 95.87 18.64 2.42
0 95.52 20.86 2.99
0 95.67 22.72 3.5
30.62 96.07 17.07 2.73
0.59 95.53 20.07 3.09
30.83 95 20.22 3.04
0 95.49 17.67 3.41
77.34 95.85 11.95 1.98
0 95.96 16.32 2.56
0 95.94 20.89 2.9
0 96.11 21.92 2.42
25.13 95.85 15.94 2.2
1.53 95.52 18.61 2.49
0.37 95.39 23.15 4.15
0 95.46 22.33 3.88
0 95.86 20.05 1.79
17.14 96.01 18.39 1.89
24.09 96.3 18.78 1.85
0 96.31 21.32 2.03
0 95.83 27.5 2.69
0.1 95.56 28.84 2.29
7.95 95.42 27.83 2.81
5.4 95.34 25.93 3.16
43.97 95.34 23.33 3.63
169.71 95.28 20.11 2.08
10.7 95.3 20.91 2.34
0.42 95.47 22.75 2.28
47.75 95.85 19.76 1.54
116.32 95.75 18 1.58
7.48 95.48 19.49 1.48
6.92 95.43 21.27 1.49
0 95.6 24.3 1.75
8.57 95.53 25.43 2.68
6.13 95.57 25.98 3.33
0.06 95.47 27.02 3.74
7.48 95.3 27.29 3.21
14.86 95.17 27.83 3.09
87.06 95.37 24.34 2.19
0.37 95.47 25.5 1.97
11.92 95.63 25.43 1.85
112.12 95.8 23.69 1.46
137.95 95.61 23.89 2.63
575.04 94.73 23.52 2.53
22.71 94.72 25.36 3.68
77.39 94.92 23.93 2.22
0.53 94.8 24.94 1.67
0 95.12 26.53 2.87
0.5 95.18 28.93 3.22
22.92 94.98 28.87 4.03
18.46 95.33 26.52 2.58
19.17 95.72 26.2 1.84
0 95.83 27.33 2.2
0 95.8 28.09 2.52
0.01 95.54 28.03 3.29
43.78 95.28 26.76 2.9
31.38 95.22 24.61 3.06
90.49 95.96 21.92 2.6
16.65 95.98 21.6 1.61
2.35 95.52 23.64 1.13
5.04 95.59 23.91 1.73
0.39 95.86 24.71 1.74
28.62 95.56 21.98 2.44
1.08 95.69 23.27 2.32
0 96.22 23.54 1.79
0 95.82 23.68 1.55
20.53 95.4 24.68 2.41
0.06 95.58 25.54 2.11
0.55 95.68 25.91 2.68
26.85 95.4 25.81 2.34
1018.42 94.77 24.12 2.7
8.69 95.19 25.53 1.59
63.78 95.24 25.21 2.22
47.79 95.06 23.76 1.92
4.85 95.12 24.19 2.12
35.79 95 23.41 1.66
37.95 94.84 21.14 1.57
4.22 94.94 23.77 1.54
6.7 95.35 24.72 2.61
47.55 95.75 23.44 2.12
0.27 95.88 24.01 1.67
32.17 95.81 22.27 1.75
14.21 95.67 22.38 1.65
249.87 95.74 20.36 1.77
84.68 95.88 21.01 1.7
25.3 96.04 21.96 1.55
24.39 96.09 22.46 1.6
6.08 95.76 22.68 1.88
0.59 95.46 25.38 2.01
76.35 95.89 23.09 2.54
214.63 95.78 20.04 2.22
0.04 95.8 21.17 2.93
0 95.92 19.14 3.67
0 96.27 19.95 2.22
18.72 96.04 17.1 3.37
7.85 96.38 16.85 2.68
0 96.57 15.54 2.55
0 96.25 17.72 1.94
1.03 96.25 18.13 1.75
6.73 96.09 19.73 1.9
10.73 96.17 19.46 1.97
4.86 96.09 20.41 2.81
1.92 95.92 21.36 3.12
0.03 95.73 21.33 3.4
0 95.67 19.74 1.77
0 95.47 21.46 2.45
0.37 95.96 19.78 2.68
4.48 96.08 19.22 1.95
72.45 95.97 17.83 2.12
0.04 96.15 17.24 2.11
0 96.56 16.09 2.24
0 96.84 16.92 1.73
1.98 96.77 19.26 2.38
4.62 96.62 19.71 2.19
1.07 96.16 19.67 2.71
0.02 95.98 17.64 2.14
0 95.42 19.57 2.73
0.14 95.84 17.02 2.84
0 96.27 16.11 2.16
0.53 95.67 19.33 3.09
61.36 95.64 17.38 3.36
0 95.89 18.37 3.99
0.11 96.09 19.35 2.74
13.85 96.13 16.88 2.35
26.79 96.37 13.76 2.16
0.09 96.37 10.79 2.36
0 96.24 10.23 3.18
0 96.08 10.98 1.86
0 96.24 14 3.15
0.06 96.33 16.85 3.85
0 97.12 9.78 2.45
0 97.48 8.48 1.91
0 97.3 9.84 2.48
0 96.62 13.97 3.61
0 96.38 15.38 3.73
0 96.62 14.56 1.98
25.69 96.92 12.75 1.47
191.73 97.5 9.26 3.13
18.01 97.55 6.15 3.37
0.49 97.38 5.29 2.79
0.95 97.03 5.13 2.21
0 96.89 7.21 3
0.01 97.5 5.64 1.37
34.09 97.55 6.63 1.84
0.11 97.88 5.8 1.48
0 97.64 6.75 1.69
2.56 97.01 9.27 2.12
0.04 96.77 9.63 1.21
0 96.49 11.49 2.72
0.01 97.15 8.44 2.29
3.88 97.28 4.74 2.04
0.06 97.27 5.51 2.06
0 97.1 6.87 2.13
0 97.14 8.75 1.5
0 96.55 10.81 1.75
0.02 96.42 10.91 1.85
0 97.19 8.17 4.11
0 97.78 2.52 3.28
0 97.26 5.25 2.37
0 96.4 8.67 3.46
