0.78 95.39 -16.78 1.5
0.02 96.05 -17.75 1.61
18.83 95.91 -19.66 1.51
6.65 96.12 -18.52 3.25
0 96.42 -19.66 2.49
0.01 96.63 -19.73 2.21
0.1 96.73 -17.79 1.47
19.11 96.1 -16.61 1.16
6.84 96.29 -16.65 1.3
0 96.55 -16.1 1.29
0 96.53 -16.4 2.93
0 95.95 -18.69 3.21
0 95.97 -16.02 3.31
1.59 95.8 -16.1 1.28
0 96.88 -15.57 1.38
0 96.44 -14.25 1.07
0 96.1 -11.08 1.12
0.01 96.01 -6.43 1.43
0 95.49 0.78 3.46
0.06 96.75 -9.93 4.77
0 96.64 -13.3 2.6
0 96.34 -11.36 4.09
0 95.82 -8.11 3.33
0 95.23 -8.59 4.05
0 96.23 -9.31 3.57
0 102.42 -4.52 3.18
1.75 95.15 -3.88 2.83
0.01 95.77 -10.93 4.02
0 95.33 -5.36 4.53
0 95.41 -5.3 1.93
0 96.01 -9.21 1.62
0.46 96.17 -11.44 1.86
0 96.18 -14.88 2.23
0 96.11 -13.44 2.52
0 96.09 -14.08 2.18
0 96.43 -14 1.44
0.01 96.31 -11.65 2.21
2.71 95.34 -3.38 2.86
0 95.46 -4.91 1.78
0 96.09 -7.55 2.41
0 96.69 -10.71 3.13
0 97.1 -12.38 3.74
0 96.82 -11.94 2.06
0.04 96.17 -10.28 2.21
0 96.6 -10.76 2.37
0 96.77 -12.86 1.78
0 96.31 -10.68 1.66
0.01 95.88 -9 2.9
0 95.69 -8.49 2.73
0 95.15 -4.23 1.84
0 95.04 -7.57 1.67
0 95.17 -6.56 1.83
0 95.17 -4.48 2.64
0 94.14 0.97 2.15
3.54 94.52 -3.06 1.76
0 95.6 -6.68 2.12
0.2 95.76 -5.59 1.7
2.91 95.43 -6.58 2.15
1.14 96.05 -8.05 2.29
0.1 95.73 -8.1 1.97
0.3 95.46 -3.62 3.44
0 95.51 -1.81 3.1
43.24 95.13 -2.31 2.78
3.53 96.25 -10.13 3.41
0 96.94 -12.11 1.82
0.01 97.2 -12.6 1.67
2.47 97.5 -10.31 2.7
0.01 96.7 -9.69 2.54
0 95.32 -4.09 2.53
0.2 94.24 2.41 3.75
0.64 95.43 -4.98 4.46
0 96.03 -3.09 1.97
40.37 95.42 -0.63 1.97
1.11 95.42 -2.9 5.55
0.02 95.89 -4.91 2.67
0 96.29 -5.83 2.29
0 95.27 -2.85 2.74
0.28 93.9 3.79 2.57
41.17 94.58 -1.18 3.76
0 94.91 0.01 2.94
0.06 94.89 3.86 4.04
0 95.57 2.37 2.67
0 96.14 -0.78 2.64
0.03 96.12 -3.63 3.52
0.99 95.64 -3.06 1.89
2.74 96.22 -2.57 1.82
0 96.1 2.91 1.5
0.06 95.86 5.8 1.97
4.3 95.27 8.92 4.27
2.13 95.01 7.46 4.71
0 95.46 1.74 5.37
0 95.51 -0.38 4.05
0 95.14 4.51 4.23
0 94.88 8.73 3.81
4.38 95.53 2.68 2.29
0.01 96.15 1.62 2.31
0 95.56 7.14 3.64
0.32 94.36 12.24 5.79
24.57 95.19 2.23 2.76
0 95.48 3.16 3.16
1.28 95.43 1.59 2.02
50.45 95.25 0.15 3.45
0.03 96.02 -1.12 5.15
0 96.13 1.87 2.5
0.38 95.47 4.23 2.79
8.72 95.74 2.85 1.68
0 95.69 5.13 3.02
22.47 95 10.32 2.85
32.69 95.5 8.22 1.94
0.15 95.85 8.07 2
0.1 96.1 9.57 2.06
0.58 95.85 9.02 2.24
0.13 95.74 8.15 1.84
0 95.31 12.66 2.95
2.28 95.06 13.4 4.18
29.78 94.95 4.54 3.41
19.7 94.55 2.38 3.33
0.1 94.67 4.91 6.24
2.97 94.82 6.86 5.1
8.21 95.06 11.66 2.54
0 94.51 17.12 1.98
0 94.26 18.56 4.3
0.33 94.79 16.37 2.16
2.88 94.3 96.66 2.75
217.04 93.95 9.73 2.94
9.43 94.41 12.98 4.42
36.37 94.44 11.34 1.73
5.45 94.67 14.72 2.47
48.09 94.47 11.15 3.38
11.73 94.38 9.37 2.33
3.82 95.41 9.7 2.31
0 95.65 13.2 1.64
0 95.6 16.04 1.64
5.32 95.17 17.46 3.44
7.74 95.06 20.34 2.41
0.86 95.25 19.52 2.52
20.44 94.78 17.19 2.73
181.15 93.93 12.17 2.8
0.75 93.63 18.12 4.64
0 94.46 21.78 2.48
0 94.61 24.58 2.71
0.29 94.62 22.44 2.06
0.91 94.29 21.47 2.57
10.22 94.52 17.38 3.88
0.61 95.11 21.13 3.19
0.11 95.52 21.75 2.16
4.4 95.45 19.18 1.96
91.25 94.85 15.57 2.58
63.52 94.47 16.59 2
71.71 94.94 15.07 1.88
8.11 95.53 16.5 1.25
2.6 95.43 18.28 1.52
0.46 95.55 19.26 1.53
0 95.59 21.41 1.72
0.01 95.38 22.47 2.04
0 95.08 23.64 2.17
0 95.08 23.71 2.41
0 95.18 24.63 3.33
0 95.3 24.65 3.27
0 95.4 24.96 2.28
1.34 95.28 21.85 2.19
0.04 95 21.56 3.28
0.39 94.66 23.38 1.9
21.73 94.4 23.59 2.93
54.93 94.3 22.4 2.75
0.71 94.21 23.55 2.45
10.11 94.32 23.73 1.66
77.07 94.38 21.27 2.05
23.54 94.46 20.84 1.97
1.09 94.56 22.96 1.32
0.09 94.94 22.89 2.71
0.02 94.53 23.18 1.93
8.08 94.88 20.13 2.11
0 94.95 23.23 1.53
0 94.81 25.55 1.79
0 94.8 26.72 2.51
0 94.74 26.05 1.81
16.74 94.57 22.03 1.62
40.02 94.49 22.28 1.42
0.19 94.54 23.94 1.37
0.07 94.31 25.44 1.37
85.67 94.25 22.21 2.26
2.16 94.26 24.94 1.37
0.04 94.26 27.76 1.64
4.86 94.24 27.03 2.21
0 94.24 26.53 3.06
0.03 94.39 25.04 2.57
12.21 94.68 21.01 1.93
3.01 94.87 22.38 2.03
0.99 94.83 22.17 2.27
55.09 94.61 21.32 1.73
97.46 94.61 20.78 1.43
256.32 94.88 20.1 1.29
4.1 95.14 22.4 1.03
0 95.06 24.17 2.13
71.01 94.61 22.72 2.51
5.18 94.39 24.93 2.96
1.18 94.62 26.11 2.25
2.18 94.58 27.25 2.33
10.52 94.67 25.93 2.61
155.45 94.61 23.73 1.96
1.15 94.85 24.62 1.53
1.8 94.95 25.92 1.6
8.62 94.98 26.92 1.44
3.26 95.1 27.59 1.5
0.5 94.95 27.94 2.07
9.16 94.86 27.6 2.31
28.6 94.51 26.8 2.29
236.51 94.12 25.81 2.65
9.51 94.14 22.2 1.28
37.08 94.09 25.64 1.26
168.89 94.42 22.15 1.76
0 95.03 21.29 2.13
0.02 94.92 22.76 1.51
6.77 94.18 24.91 2.92
49.72 94.41 23.32 1.9
93.37 94.81 22.22 3.13
0 95.57 20.54 1.71
24.34 95.18 20.47 1.46
99.65 94.47 22.45 2.31
23.99 94.55 22.63 2.25
0 94.77 21.77 1.94
0 94.48 24.88 2.5
36.22 94.22 24.69 1.83
2.38 94.11 26.12 2.16
19.26 94.01 24.17 3.1
0 94.52 22.25 2.97
0 94.88 22.53 1.66
19.94 94.88 23 2.24
6.83 95.04 23.33 2.46
113.93 95.21 22.44 1.98
1.07 95.51 22.79 1.8
152.06 95.42 18.62 1.5
67.69 95.37 18.99 1.32
0.85 95.36 20.07 1.36
0 95.29 22.47 1.79
0.07 95.53 21.66 1.66
1.25 95.73 21.63 1.53
0 95.44 20.9 1.62
1.36 95.23 20.02 1.48
24.86 94.84 20.69 1.6
6.55 94.96 20.72 1.4
0.7 95 21.75 1.84
16.21 95.51 20.1 1.58
6.24 95.65 20.87 1.31
0.03 95.53 19.97 1.1
0 95.24 19.93 1.76
0 95.02 22.59 1.63
1.3 95.23 23.55 1.75
0 95.8 18.08 1.63
0 95.6 17.37 1.38
1.47 95.15 17.98 1.28
7.8 94.82 18.87 1.54
0.22 95.06 19.35 1.45
0 95.2 20.55 1.05
1.88 95.25 22.28 1.4
0 95.35 22.51 1.64
4.64 95.14 21.43 2.24
117.34 95.55 14.78 2.19
297.82 95.65 9.14 1.89
152.2 95.5 12.46 1.33
0 95.22 16.22 1.56
46.95 95.47 14.62 2.06
198.19 96.09 9.64 2.52
0 95.96 9.88 2.18
0 95.76 12.53 1.41
0.62 95.49 14.67 1.43
11.15 95.23 15.62 2.68
0.22 95.44 12.71 2.46
0 95.39 10.84 4.76
0 96.23 8.95 2.72
0 95.81 9.98 1.42
0.03 95.5 15.12 1.81
0.89 95.86 12.49 1.36
297.52 95.6 7.4 2.39
87.5 95.52 7.58 2.64
0 95.64 9.44 1.74
0 95.24 13.47 1.31
0 95.12 17.05 2.32
0 95.27 18.24 2.81
0 95.21 17.76 2.51
0 94.76 17.33 3.2
22.76 95.38 10.9 2.18
135.13 95.81 5.1 2.18
0 95.89 8.22 1.6
0 95.46 9.76 1.66
0 95.65 8.45 3.02
0 95.16 7.74 2.87
0 95.99 2.51 2.87
0 96.55 0.69 1.09
17.87 96.5 -0.23 1.31
55.2 96.53 0.86 1.08
0 96.39 2.02 1.22
0 95.85 3.97 1.36
0 95.54 8.77 1.6
7.25 95.74 8.83 2.41
3.15 96.28 3.51 3.59
0 96.63 -0.17 3.69
0 97.29 -1.44 2.46
0 96.46 0.83 1.72
0 96.34 4.66 2.23
0 96.33 5.92 1.5
0 96.4 5.98 1.6
0 96.22 6.31 2.13
0 96.75 2.21 3.45
0 96.28 1.62 1.88
0 95.85 5.4 1.78
0 95.94 4.77 1.3
0 95.62 6.94 1.84
0 95.33 7.36 1.62
7.1 95.51 3.31 2.37
0.24 96.01 0.24 3.53
0 95.68 -1.19 1.46
0 95.24 0.14 1.31
29.29 94.71 0.62 3.87
1.56 95.15 -0.63 2.08
0.97 96.15 -1.36 3.88
0 97.13 -4.89 2.58
0.03 96.46 -3.09 2.4
0 95.81 0.23 1.58
0 95.72 1.46 2.1
0 95.39 5.16 3.48
0 94.93 3.51 2.39
0 94.7 5.95 1.96
0.21 94.85 2.16 4.37
0 95.63 -2.7 2.17
0 95.47 -2 1.96
0.01 95.7 -1.94 4.21
0 96 -6.5 2.54
0.38 95.16 -6.26 2.17
0 95.5 -7.25 6.27
0.35 95.68 -7.93 1.52
0.17 95.58 -7.17 1.23
0 95.19 -3.11 1.99
0.04 94.8 -3.7 1.96
0.05 95.38 -8 3.52
0 95.45 -5.59 2.29
0 94.43 2.48 2.27
0 95.84 -3.21 3.18
0 96.37 -5.91 3.27
0 95.1 -5.54 2.39
0 95.08 -7.11 1.51
0 94.56 -5.46 1.78
2.06 94.44 -8.85 4.02
0 95.45 -12.65 1.7
1.42 95.83 -14.42 2.12
0.08 96.54 -15.74 2.78
0 96.42 -16.31 3.68
0 96.12 -15.37 3.63
0 94.82 -9.01 3.3
0 94.68 -6.76 1.44
0 94.72 -4.09 1.91
0 94.98 -3.15 2.43
0 95.24 -1.25 1.87
0 95 -7.52 1.42
0.21 95.56 -11.01 2.86
0 96.82 -16.98 3.23
0 96.78 -15.97 3.56
0 95.88 -15 3.39
0 94.78 -11.92 3.07
0 94.46 -9.57 2.14
0 95.1 -11.9 3.56
3.18 95.36 -12.72 2.03
0.02 95.52 -12.7 4.95
0.21 96.05 -11.39 5.49
0 96.36 -11.34 3.45
0 96.51 -12.23 2.93
0 96.13 -12.98 0.98
0.01 95.73 -12.86 1.67
0.02 95.88 -11.54 5
0 96.49 -10.31 4.03
0.01 95.81 -8 1.85
0.17 95.69 -9.56 3.64
0 96.24 -13.4 3.89
0 95.5 -11.04 2.7
0 95.05 -12.27 3.81
0 95.21 -13.15 1.92
0.01 95.21 -11.3 2.98
0.02 96.22 -15.17 3.05
0 96.64 -17.56 3.58
0 96.44 -15.13 2.57
0 96.26 -14.22 2.7
0 95.98 -14.44 2.94
0 95.96 -14.61 3.29
0 95.87 -12.78 2.22
0 95.68 -12.86 1.59
0 95.69 -13.54 3.19
0.04 95.96 -14.61 3.54
0.01 96.12 -14.34 1.98
0.07 96.29 -14.86 2.42
0 96.71 -15.5 1.66
0 97 -14.23 2.67
0.02 96.54 -14.39 3.18
0 96.24 -14.67 3.71
0 96.02 -11.04 3.45
0 95.63 -3.79 2.78
0 95.33 -4.67 1.72
0 95.27 -7.96 1.45
0 95.12 -6.01 2.12
0 95.39 -5.82 2.35
0.02 94.54 -3.35 4.83
0.03 95.13 -3.14 2.77
0 94.84 -6.62 2.07
0.7 94.98 -7.51 3.22
0.1 95.78 -10.56 1.86
0.81 95.77 -10.11 1.08
1.78 96.03 -13.38 3.83
0 96.15 -12.43 2.25
0.12 96.06 -11.72 2.05
0.08 96 -11.78 1.59
0 95.28 -4.01 2.75
1.06 95.28 -5.33 1.66
3.5 95.71 -4.95 2.61
0 95.68 -4.27 1.97
0 95.54 -0.27 2.11
0 95.85 -0.79 1.75
0 95.46 1.44 2.13
0 94.96 2.59 3.81
3.94 94.79 1.02 2.16
0.26 95.53 -4 2.72
0 96.16 -4.96 1.75
6.26 95.55 -2.05 4.31
0.47 96.37 -9.01 3.57
0.05 95.86 -7.95 3.53
0 95.53 -6.65 3.18
0 95.53 -6.73 2.4
0 95.65 -4.4 2.99
0 95.3 -0.96 1.87
0.11 94.81 1.46 2.64
0 95.62 -1.55 3.81
0 95.34 -1.35 4.45
0 95.4 -3.59 4.93
0 95.74 -1.77 3.87
0 95.48 -0.1 3.55
0 94.85 2.54 3.09
0 94.15 7.16 2.22
0.02 94.89 2.16 4.48
0 96.03 -2.16 3.91
0 95.72 -4.87 4.67
0 95.48 -3.32 3.26
0 94.86 3.51 3.35
0 94.53 4.93 4.97
0 94.96 1.9 3.72
0 95.15 -0.28 2.21
2.28 95.74 -3.37 4.08
0 95.84 -2.57 3.27
0 95.56 -1.97 2.48
0 95.71 -2.24 4.67
0 99.02 -0.37 2.77
0 98.98 1.18 3.02
0 98.82 3.06 3.14
0 99.09 2.89 1.96
0 98.75 7.41 3.39
0 98.44 8.19 2.03
0 98.02 10.25 4.15
0 99.32 2.44 4.19
0 99.25 2.39 2.44
0 98.79 6 2.61
0 98.7 7.79 1.38
0 95.36 10.26 2.89
0.07 94.63 10.83 5.2
1.49 95 7.94 4.47
0 94.99 8.41 3.97
0 94.84 8.91 3.74
1.31 95.51 5.58 3.33
0 95.19 9.32 3.36
0 94.58 14.85 3.54
0 94.69 13.86 1.73
0.04 93.94 16.19 3.06
0 94.8 10.67 5.2
0 94.51 12.42 4.18
2.08 94.53 8.3 7.01
0.62 95.19 7.09 5.02
0 95.01 9.85 2.25
0 94.46 13.73 4.13
49.81 95.2 7.62 2.24
3.39 95.08 6.53 1.93
13 94.81 5.35 2.96
4.78 94.37 6.63 3.96
0.1 93.97 8.76 1.85
6.28 93.99 9.37 2.93
3.05 94.66 7.61 2.83
0 94.17 9.78 1.56
36.15 93.55 8.67 1.64
5.21 93.5 9.73 2.37
0.97 94.4 13.5 3.83
0.27 94.66 11.36 4.2
0 94.99 12.8 2.93
1.52 94.54 13.05 3.13
120.45 93.76 9.52 3.03
0.1 93.8 11.17 3.65
0.01 94.32 13.47 3.13
1.26 94.31 15.19 3.84
14.95 94.11 16.85 3.05
0 94.37 18.29 2.25
0.17 94.04 16.66 5.03
0.49 93.96 13.11 6.12
0 94.16 15.49 6.67
0 94.28 16.35 4.42
0 94.84 13.31 3.57
0 94.8 14.26 2.24
0.01 93.71 17.53 2.47
16.8 93.48 18.86 3.81
11.91 94.65 13.74 3.07
2.32 94.75 12.04 3.44
0.4 94.63 13.01 4.26
0 94.48 17.74 3.04
0 94.61 18.58 2.84
0 94.75 20.91 3.08
4.48 94.64 20.72 4.55
7.85 94.59 19 5.03
0.02 94.41 20.41 3.1
0.86 94.23 23.84 5.59
7.76 94.34 22.51 2.66
51.8 93.93 18.66 3.14
8.13 93.86 17.35 3.11
0.03 94.29 19.72 2.86
5.71 94 20.76 5.29
3.99 94.12 18.99 3.98
0.61 94.39 19.69 1.96
0.85 94.25 23.25 1.94
14.96 93.62 24.65 3.14
12.04 93.36 22.02 2.71
17.01 93.61 21.76 2.15
0 94.02 22.74 2.79
36.78 93.99 20.7 2.05
223.99 94.14 16.16 2.54
6.74 94.32 19.61 2.09
8.62 94.35 21.36 1.43
63.79 94.15 20.17 2.04
50.13 94.13 18.59 2.06
125.7 94.34 17.32 1.77
0.57 94.49 20.3 1.64
0 94.41 23.7 1.26
0 94.24 26.05 2.04
0.05 93.95 27.49 2.92
0 93.89 27.31 2.74
10.06 93.68 22.21 2.35
64.2 93.97 16.29 2.55
0.9 94.63 19.39 2.52
0 94.98 20.84 1.57
5.42 94.41 22.04 3.02
9.45 93.7 22.9 2.57
12.36 93.85 24.78 2.66
0.03 94 25.11 3.28
32.11 93.92 23.69 2.65
69.97 94.02 22.06 1.57
0.34 93.92 23.6 2.42
0 94.04 23.96 2.52
0 94.16 25.36 2.48
37.56 93.66 22.88 2.59
0.73 93.36 25.13 3.35
84.34 93.47 18.13 1.64
23.99 93.52 18.57 2.65
8.05 94.19 21.35 1.86
17.62 94.35 23.16 2.25
13.06 94.41 24.04 2.04
5.82 94.43 23.76 2.31
1.37 94.25 24.17 1.46
60.94 94.37 21.89 1.84
10 94.34 22.53 1.55
41.4 94.2 21.82 1.72
23.01 94.27 21.17 1.4
46.42 94.33 21.95 1.28
321.78 94.19 20.49 1.87
65.55 94.09 21.15 1.65
65.57 94.02 22.16 2.04
15.48 93.98 23.3 1.93
0.2 94.06 25.3 1.44
26.55 94.04 25.76 2.25
381.29 93.85 22.47 2.29
75.85 93.79 22.51 2.33
7.76 93.98 23.08 2.08
0.72 94.21 24.68 1.54
74.05 94.4 21.91 1.62
81.43 94.04 21.24 1.63
0.03 94.1 23.47 1.69
0.3 94.23 24.37 2.21
0.56 94.59 23.26 1.99
0.05 94.19 23.81 2.11
0 94.16 23.94 1.85
0.02 94.37 24.34 1.63
5.6 94.34 23.63 1.37
7.49 94.37 23.9 1.69
11.04 94.03 23.78 1.57
7.97 94.13 25.36 2.06
0 94.54 24.64 1.39
0 94.37 25.72 1.25
0 94.09 26.05 1.77
32.5 93.85 25.5 1.83
87.13 94.23 20.86 1.84
229.56 94.28 18.48 1.72
14.81 94.29 21.3 1.48
14.28 94.45 20.85 1.25
0.11 94.71 21.4 1.55
0.15 94.84 22.13 1.21
0 94.83 23.3 1.36
0.63 94.72 23.21 1.59
18.4 94.95 21.21 1.71
0 94.94 20.55 1.35
25.53 94.9 20.21 1.38
3.31 95.13 20.17 1.51
0.58 95.21 21.46 1.56
12.52 95 19.84 2.01
7.65 94.68 20.86 1.36
0.83 94.58 22.22 1.39
0 94.51 23.31 1.41
16.5 94.27 22.48 2.92
0.93 94.8 19.04 1.63
0 94.6 20.03 1.59
3 95.13 17.92 2.14
0.23 95.06 18.68 1.46
0 95.12 17.95 1.26
0 94.64 19.39 1.28
15.11 94.29 18.49 3.12
2.4 94.93 13.54 1.88
0.11 95.49 13.19 1.94
2.59 95.72 13.89 2.06
6.99 95.18 16.89 2.06
0.23 94.92 17.72 2.29
0.05 94.5 20.07 3.1
24.21 94.59 17.14 2.03
11.64 94.85 13.97 1.54
40.61 95.19 12.44 2.3
0 95.58 9.33 2.32
0 96 9.58 2.29
0 95.82 10.41 1.42
0 95.47 11.84 1.63
0 95.07 13.31 1.48
0 95.17 14.31 2.18
0 95.04 14.85 1.83
0 94.78 17.43 2.79
0.06 95.08 17.58 1.69
0.1 95.21 18.68 2.95
0.03 95.03 18.62 2.39
6.99 94.89 15.14 2.08
0.15 95.36 8.47 2.95
0 95.85 6.58 2.6
0 95.9 7.27 2.99
0 96.36 8.11 3.25
0 96 9.37 1.41
0 95.32 11.26 2.14
0 94.75 12.51 3.44
0 95.35 10.02 2.26
0 95.32 10.59 1.37
0 95.06 14.28 2.28
0.07 95.51 13.52 3.04
0 96.03 9.28 1.26
0 95.73 12.15 1.71
0 95.15 14.4 1.4
69.59 94.59 10.71 1.68
3.93 94.53 9.15 2.13
1.01 94.14 8.49 2.63
1.33 94.65 8.68 4.34
0 95.65 5.01 2.1
0 95.7 8.51 1.47
0 95.47 11.07 2.24
0.01 95.31 14.49 3.42
0 95.27 13.71 1.99
0.27 95.18 11.2 1.44
38.4 95.75 4.6 3.75
0.01 96.07 2.45 3.41
0 96.06 4.3 1.88
0 95.63 5.96 1.57
0.79 95.48 7.28 2.37
0 95.77 6.52 1.59
0 95.41 7.01 1.48
0 95.21 9.37 3.33
0 95.4 10.46 4.02
2.57 95.62 11.21 2.68
0.09 96.22 4.75 1.55
0.75 95.89 7.57 1.68
3.54 95.66 9.77 3.21
0.19 96.38 2.64 2.7
0.04 96.22 1.11 1.12
0 96.14 3.2 1.58
0 96.11 3.06 1.51
0 95.9 1.98 1.24
0 95.26 2.34 1.21
0 94.66 4.35 2.12
0 94.94 5.42 3.43
0.04 95.75 -1.95 2.72
0 95.85 -4.7 1.65
0 95.88 -3.91 1.47
0 96.12 -1.8 1.66
31.98 95.46 -0.03 0.9
4.85 95.28 -1.09 2.78
0.85 95.47 -5.34 3.41
0 95.94 -6.52 2.47
0 95.93 -4.37 1.88
15.12 95.58 -5.89 2.49
0.5 96.16 -7.72 2.98
0 95.88 -8.79 0.93
0.06 95.85 -6.91 1.4
0.79 95.19 -0.07 1.97
0 95.28 -1.29 1.28
0 96.14 -3.99 2.38
0 96.67 -8.64 1.55
0 96.94 -8.2 2.06
0.08 96.19 -7.86 0.96
0.02 95.49 -5.53 1.06
0 95.7 -6.49 1.38
0 96.03 -8.37 1.05
0.75 96.25 -9.11 0.79
0.81 96.22 -6.47 0.79
0.64 96.5 -7.95 2.76
0.02 96.8 -11.86 3.78
0 96.4 -11.1 3.24
0.01 95.56 -6.54 4.64
0 95.63 -3.78 2.7
0 96.09 -7.07 1.56
0.01 95.37 -3.76 3
0 96.1 -9.32 4.51
0 96.31 -13.01 3.44
0 96.42 -12.06 3.8
0 96.18 -10.39 2.29
0 96.24 -10.45 2.19
0 96.14 -11.46 0.97
0 95.79 -10.35 2.12
0 95.76 -9.73 3.85
0 95.99 -11.67 2.47
0 95.52 -9.68 3.11
0 95.7 -13.08 1.74
0 96.21 -12.6 1.57
0 96.45 -11.34 1.72
0 95.97 -7.52 1.94
0 96.38 -11.18 1.64
0 96.69 -14.85 1.15
0.08 96.13 -12.67 0.86
0.01 95.93 -9.83 1.97
0.19 96.33 -11.4 2.03
0.43 95.74 -11.8 2.5
0.15 95.91 -12.54 4.21
0 96.13 -11.9 2.58
0 95.93 -11.59 1.81
0 96.74 -14.52 1.3
0.11 96.63 -15.07 0.96
0 96.21 -12.39 1.38
0 96.17 -13.48 0.97
0.09 96.23 -12.89 3.08
0 96.3 -12.57 2.89
0 95.44 -7.23 3.09
0 95.69 -9.1 2.26
0 95.62 -9.15 2.25
0 95.35 -10.49 0.95
0.05 95.19 -9.1 1.23
0.08 95.4 -12.07 0.96
0 95.55 -11.03 1.24
0 96 -11.79 1.12
0.01 96.68 -14.24 3.38
0 96.53 -17.96 3.03
0 96.18 -17.7 2.72
0 95.66 -17.24 2.22
0 95.51 -16.5 2.59
0 95.11 -14.24 2.87
0 95.24 -13.7 1.81
0 95.76 -15.18 1.52
0 95.99 -14.92 1.77
0 96.38 -15.63 1.74
0.04 96 -17.42 1.26
0.24 95.53 -16.5 3.71
0 96.32 -17.54 4.33
0 96.29 -15.68 2.97
0 95.32 -13.24 2.91
0 95.4 -10.07 2.5
0.12 94.84 -6.64 2.2
0.02 95.48 -13.02 5.04
0 95.69 -15.87 4.74
0 95.26 -12.77 4.85
0 95.44 -10.65 3.06
0 95.78 -11.29 2.8
0 95.83 -11.19 1.64
0 95.51 -8.63 2.67
0.03 95.24 -4.33 2.23
0.16 95.82 -9.04 2.99
0 95.76 -10.53 2.83
0.04 95.84 -11.63 3.43
0 95.97 -12.96 4.73
0 95.86 -10.1 3.39
0 95.26 -5.79 2.8
0 95.41 -8.49 2.12
0 95.17 -10.02 1.13
17.63 94.78 -8.26 2.48
0 95.72 -7.43 2.48
6.63 95.58 -6.53 2.24
0.03 96.03 -8.71 3.32
0 95.97 -8.34 2.46
0 95.43 -6.24 1.49
0 95.04 -1.69 2.62
0 95.22 -0.33 2.12
11.75 95.8 -4.06 1.35
0.35 95.99 -7.71 1.74
0.26 95.93 -6.33 1.54
0.06 95.3 -1.98 1.89
31.67 94.61 -3.79 1.59
29.5 94.65 -4.34 2.56
0.03 95.29 -4.69 3.58
0 96.02 -8.35 3.61
0 95.72 -8.87 1.84
0.19 95.61 -8.2 4.47
0 96.07 -7.88 3.84
0 95.75 -6.07 1.84
0 95.09 -1.87 3.04
0 95.64 -1.01 2.02
0 95.23 2.95 3.31
3.34 94.33 5.83 4.27
9.11 95.07 -3.27 3.69
10.92 95.89 -8.14 2.27
0 95.62 -2.35 2.34
0 95.56 -0.23 1.96
0 94.92 4.53 3.77
0 95.51 2.21 1.74
4.95 94.61 1.44 4.49
0 95.04 -0.32 5.76
0 95.5 0.35 3.49
0 95.17 5.1 2.48
0 95.39 8.35 3.34
0 95.55 9.49 3.48
0.24 94.54 9.98 7.91
0.47 95.2 1.16 4.86
0.28 95.2 -0.63 4.68
0 95.2 -0.39 1.93
3.01 95.09 1.37 2.82
0 94.71 4.16 4.35
0 94.53 4.46 5.1
0 94.79 3.63 4.85
0.1 95.16 3.69 2.51
0 94.67 10.14 3.77
0 94.79 10.5 4.92
0 94.67 13.17 3.49
5.44 94.43 13.73 5.74
3.59 94.79 7.84 4.63
0 94.23 12.01 3.38
0 94.08 14.3 3.37
0 94.08 15.21 3.25
2.67 94.74 9.08 3.83
0 95.01 8.93 2.57
0 94.07 16.36 4.04
0 94.12 18.77 3.96
1.75 94.51 15.18 4.61
26.51 95.04 13.41 3.22
1.47 94.48 12.82 2.49
0.23 93.83 14.35 1.85
0.4 93.77 18.11 4.04
195.66 94.3 12.48 2.89
67.97 94.24 9.38 4.48
0 93.63 11.13 3.67
0.1 93.33 11.42 7.49
0 94.57 9.63 3.36
0 94.57 12.78 2.69
0.57 94.27 17.92 3.78
0.38 94.89 16.4 2.48
16.08 94.38 17.17 2.15
0 94.43 20.79 2.23
0.67 94.6 19.96 2.47
0 94.65 17.87 3.43
0 94.29 17.4 2.42
2.25 94.28 16.61 2.03
0 94.5 18.35 2.19
0.05 94.73 20.35 2.5
7.12 94.98 19.62 2.71
82.13 94.99 14.38 1.73
21.14 94.48 13.77 2.68
20.06 94.25 11.24 2.73
3.38 94.21 12.08 4.16
0.01 93.95 12.25 3.24
5.75 93.71 12.4 5.14
0.04 94.17 15.92 1.56
0 94.05 22.51 3.82
9.74 94.64 19.96 3.01
4.63 94.98 18.57 2.02
0.11 94.81 20.6 4.07
2.77 94.54 19.79 3.89
3.67 94.67 17.37 3.25
0 94.67 16.99 3.09
0 94.46 18.19 2.49
0 94.12 19.93 2.52
0 94.57 20.55 2.33
0 94.68 23.13 2.32
9.14 94.7 20.31 2.59
53.5 95.12 14.82 2.95
0.17 95.21 16.95 1.61
11.51 94.76 17.21 3.25
13.17 94.52 16.61 2.99
71.3 94.29 15.72 2.19
13.19 93.99 18.7 3.45
1.16 94.19 20.72 2.16
4.63 93.75 20.33 2.57
14.65 93.63 22.1 2.3
31.19 93.62 22.18 2.31
50.18 93.48 21.39 3.26
11.57 93.63 17.43 3
2.15 93.33 16.63 3.32
14.46 93.43 16.52 2.41
176.89 94.07 13.79 1.92
335.55 94.29 14.29 2.16
215.26 94.29 15.46 2.85
5.96 94.15 19.23 1.6
5.59 94.04 22.03 1.6
6.86 94.23 21.59 1.76
30.28 93.98 21.58 1.49
14.03 94.01 22 1.75
2.4 94.17 22 1.31
51.81 94.14 20.93 1.51
0.77 93.88 22.39 2.01
49.57 93.91 22.18 2.61
31.32 94.27 20.97 2.52
10.87 94.64 22.75 2.16
1.29 94.81 23.05 1.69
2.87 94.53 20.93 2.23
52.41 94.11 21.35 2.18
0 93.97 23.79 2.12
2.28 93.59 24.55 4
4.02 93.62 22.73 3.72
0.91 93.6 22.57 2.88
0.06 93.96 23.31 1.6
1.11 94.1 23.06 1.67
0.65 93.98 23.78 1.56
16.81 93.96 24.25 1.96
52.27 93.95 25.22 2.22
22.72 94 25.04 2.06
172.13 93.61 21.28 1.77
43.02 93.39 19.33 2.74
92.96 93.79 18.98 3.18
15.74 94.3 20.89 2.68
0 94.3 21.29 1.64
0 94.33 22.67 1.47
0 94.56 24.54 1.31
0 94.64 24.98 2.02
0.11 94.47 24.9 2.22
2 94.33 25.01 1.5
6.09 94.27 25.11 1.76
45.74 94.2 23.75 1.4
425.51 93.8 21.88 3.44
0 94.28 23.29 1.38
0 94.48 23.98 1.83
5.95 94.4 24.45 2.24
66.71 94.01 25.55 3.6
1.82 94.41 24.02 1.62
110.42 93.94 22.98 2.34
18.2 93.64 23.79 3.87
0.27 94.29 22.16 1.45
59.29 94.59 20 1.5
134.16 94.75 18.97 1.65
128.17 94.68 19.87 1.35
16.01 94.71 21.85 1.65
106.9 94.75 21.85 1.7
0 94.93 23.25 1.18
0 94.75 24.16 1.25
0 94.36 25.8 2
9.33 94.28 24.86 1.87
6.65 94.56 23.57 1.3
0 94.41 24.27 1.59
14.85 94.51 20.36 2.3
29.14 94.53 17.93 2.09
0.9 94.64 19.9 1.55
2.64 94.32 19.16 1.94
5.83 94.39 21.24 1.79
0 94.73 22.17 1.82
0.05 94.3 23.37 3.12
92.31 94.34 23.04 2.32
2.44 94.44 21.07 1.48
11.79 94.42 20.19 2.45
5.83 95.01 16.56 1.82
0.04 95.15 16.55 1.92
0 94.88 20.73 2.52
0 94.82 22.25 2.12
0.23 94.68 22.62 2.41
1.66 94.73 21.81 1.25
10.69 94.62 21.54 1.64
0.66 94.19 22.66 1.97
0.94 94.33 23.58 2.72
0 94.56 24.82 2.09
0 94.68 25.41 2.38
0.63 94.72 24.89 1.95
222.14 94.68 16.62 3.08
27.79 95.04 13.7 2.74
0.31 95.07 12.96 1.92
1.14 95.16 16.14 1.82
0 95.08 19.66 2.02
21.55 95.2 18.25 1.51
1.18 95.12 17.33 1.13
0 95.05 18.73 1.1
0 94.97 20.85 1.52
30.41 94.65 19.45 2.28
94.15 94.68 13.26 3.7
0.37 94.8 11.85 2.61
0 95.19 14.13 1.47
0.08 95.66 14.24 1.11
0 95.76 13.87 1.29
0 95.12 14.59 2.28
0 94.63 15.97 2.62
0.18 94.61 15.95 1.53
0 94.82 17.65 1.66
2.11 94.73 18.56 2.27
0.81 94.76 17.55 1.39
3.12 95.1 15.95 1.41
0.32 95.4 15.88 1.42
23.7 95.26 14.91 1.95
2.02 95.51 14.72 1.35
52.09 95.14 10.77 1.52
58.24 95.12 9.98 6.72
0.89 95.31 11.46 3.54
0 95.31 11.41 1.66
0 95.14 12.82 1.47
0.41 94.95 14.22 2.17
0.86 94.79 13.36 3.06
0 94.92 13.22 2.2
0 95.47 10.92 1.78
0 95.87 11.94 1.15
0 95.72 13.74 1.38
0 95.21 16.16 2.5
22.37 94.8 12.9 3.25
0 95.32 8.64 2.26
0.03 94.92 10.53 2.26
0 94.75 12.86 2.14
0.08 95.13 8.74 3.79
0 95.55 6.96 2.27
0.01 95.66 7.34 2.03
37.96 95.01 9.19 3.59
0 95.05 4.49 3.75
0 95.16 5.65 2.48
0 94.98 8.02 2.15
0 95.41 6.6 1.41
72.12 95.69 1.88 1.07
85.24 95.12 2.27 1.67
0 94.8 6.17 1.86
0 94.54 9.43 3.29
0 95.18 8.71 1.94
0 95.2 11.23 2.38
5.4 95.08 10.64 3.14
0 96.02 3.27 1.49
1.82 95.9 0.17 2.21
0.05 95.49 0.04 2.87
0.03 95.33 -0.26 2.22
0 95.29 2.15 1.52
0 95.51 0.54 1.96
10.1 95.55 0.4 1.48
193.53 95.2 -0.3 68.89
63.31 95.43 -0.61 3.14
0 95.45 -3.48 1
0 95.11 -1.02 1.8
0 95.35 -0.69 1.28
0 95.78 -2.61 1.07
53.27 95.48 -2.37 0.87
119.07 94.17 -2.41 5.43
0.27 94.65 -4.14 3.36
0 94.72 -6 4.51
0 95.52 -4.71 2.9
0 95.8 -6.29 1.1
21.13 95.27 -2.84 1.38
0 95.19 -5.3 66.47
0.01 94.88 -5.17 2.95
0.01 95.46 -3.3 3.04
0 95.51 -5.15 1.51
0 95.17 -2.43 2.24
5.61 95.67 -5.59 2.19
0 95.57 -6.6 2.45
0 95.03 -5.34 2.18
0 94.98 -3.18 3.58
0 95.06 -7.69 2.76
0 94.13 -3.91 3.81
0.02 94.89 -6.6 4.2
0.02 95.45 -9.43 2.15
0 96.15 -13.02 2.23
0.12 95.79 -14.14 1.56
0.27 94.7 -4.89 3.05
1.56 94.9 -7.89 3.96
0 95.18 -10.99 1.96
0 95.2 -13.03 3.27
0 95.15 -14.86 2.89
0 95.32 -16.29 2.53
0.01 95.32 -17.07 4.12
0 95.45 -11.5 4.08
0.05 96.07 -13.69 1.44
0.03 96.22 -13.63 0.98
0.07 95.65 -11.8 1.6
0.02 95.68 -9 1.35
17.24 95.77 -10.85 1.09
0.71 95.55 -9.37 1.24
0.59 95.92 -12.24 1.17
0 96.26 -12.82 3.83
0 96.35 -15 2.28
0.01 95.81 -15.01 0.98
0.15 95.92 -12.45 99.84
4.98 95.92 -10.59 3.55
0.01 96.38 -16.07 2.91
0 96.17 -19.74 2.44
0 95.33 -18.29 4.36
0 96.47 -18.83 2.32
0 96.21 -18.74 1.2
0 95.63 -13.78 1.29
6.81 95.63 -14.87 0.92
16.62 95.65 -12.75 4.06
0 95.28 -15.32 3.47
0.02 94.75 -15.29 1.99
0 95.19 -17.96 4.02
0 96.3 -18.48 4.47
0 96.88 -16 2.33
0 95.93 -16.53 1.31
0 95.77 -14.56 1.55
0 95.66 -15.56 1.36
0 95.57 -15.42 1.51
0.02 95.98 -16.99 1.88
0 95.78 -15.31 2.02
0 95.65 -15.33 1.22
0.83 95.3 -13.72 0.82
0 95.38 -12.54 1.62
0 95.38 -13.57 0.91
0 95.84 -10.68 2.02
2.03 95.57 -13.76 1.58
0 96.27 -14.53 2.58
0 96.52 -11.94 1.94
0 95.54 -7.4 2.31
0 96.05 -10.06 1.15
12.63 96.08 -9.93 0.98
0.8 96.13 -9.53 1.71
0 95.87 -13.52 1.16
0.02 94.75 -8.07 2.7
0.03 95.34 -14.07 4.27
0 95.4 -15.6 1.55
0.14 95.72 -14.99 1.24
0.04 95.62 -11.76 1.85
0 95.2 -6.82 1.25
0 95.46 -7.37 1.17
0.04 95.39 -5.91 1.43
1.26 95.31 -6.36 1.68
0.76 95.92 -8.36 4.15
0 96.02 -10.89 2.45
1.47 95.03 -9.49 2.81
0 95.78 -9.77 2.84
0.01 95.33 -8.18 1.99
1.88 95.65 -15.45 4.11
0 96.46 -18.13 4.87
0 96.33 -16.71 1.45
0.55 95.47 -12.41 2.11
0 96.08 -13.37 2.12
0.07 96.11 -12.8 1.75
0 95.39 -7.55 85.92
0 95.19 -5.32 2.84
0 95.82 -9.68 2.44
0 95.76 -10.49 1.45
0 95.04 -6.76 2.29
0.02 95.03 -5.54 4.1
0 95.75 -11.45 3.74
0 95.9 -12.92 2.28
0.01 95.84 -12 1.86
0 95.71 -8.39 3.2
0 95.93 -7.51 2.83
0 95.87 -5.02 1.58
0 96.02 -7.06 1.72
6.18 95.82 -7.49 1.87
0.3 94.96 -0.95 2.89
0 94.89 0.49 2.73
0.16 94.36 -2.76 6.06
0 96.15 -8.29 5.65
0 96.16 -5.81 1.68
0 95.1 -0.69 3.22
0 95.42 1.51 2.58
0 94.81 5.33 3.1
0 94.76 3.58 1.78
0 94.17 4.41 2.2
0 94.08 -0.25 2.32
0 94.19 -3.14 5.44
0 95.63 -1.54 1.98
0 94.87 4.55 3.82
17.94 94.85 -0.12 3.76
0 96.02 -6.21 4.14
0 95.5 0.42 3.11
0 95.06 5.3 2.84
0 95.45 5.29 3.13
0 94.04 7.59 3.71
0.86 94.15 -2.64 3.86
34.12 94.92 -7.64 2.72
0.23 95.31 -7.34 2.78
0 94.05 1.05 5.97
0 95.06 -3.19 2.76
25.95 94.75 -5.51 3.62
0 95.44 -5.14 3.04
0 95.28 -2.11 1.69
0 94.29 4.27 4.11
1.8 94.52 1.15 4.05
0 95.35 -1.15 3.65
0 95.57 -2.09 2.39
0.4 95.44 -0.22 1.75
13.55 95.17 0.97 2.08
119.4 95.3 0.28 2.68
0 94.77 3.86 2.88
0 94.86 5.28 2.85
17.24 95.03 -0.66 2.3
59.2 95.28 -1.15 3.26
0 95.04 -0.42 2.65
0.28 94.17 1.7 2.94
18.8 94.19 0.52 3.46
3.19 95.14 0.15 3.96
0.89 94.99 1.31 3.87
0 95.03 2.33 3.68
0 94.55 8.13 3.08
0.2 94.1 6.54 4.55
0 94.35 2.73 5.42
0 94.09 4.17 2.32
7.81 94.38 3.68 3.19
61.78 94.69 1.09 1229.03
4.43 95.66 0.7 5.02
0 95.68 2.19 2.2
0 95.35 5.16 2.89
0 95.01 8.46 2.11
0.21 94.42 12.51 4.84
82 94.51 7.07 2.23
0.7 94.44 7.79 3.31
0.03 94.53 8.74 5.09
0 94.58 10.16 1.77
0 94.52 13.85 2.19
3.72 94.3 12.51 3.89
0.17 94.52 11.84 6.41
0.4 95.01 11.02 5.79
0.45 95.07 11.38 2.05
1.09 94.94 12.35 2.32
3.15 95.13 12.9 2
0 94.86 17.4 2.76
0 95.07 20.58 1.66
0 94.99 21.96 2.42
0 94.99 22.15 3.08
0.13 94.72 22.43 4.68
19.94 94.42 14.5 2.18
32.92 93.55 14.64 3.88
0 93.18 17.69 4.94
0 93.76 16.55 2.87
0 93.78 19.06 2.49
0.55 94.41 16.37 4.97
0 95.32 16.23 2.51
0 95.2 17.76 2.31
1.17 94.55 19 3.03
0 93.99 20.13 3.45
15.59 93.38 15.99 5.43
0.01 93.38 17.85 4.25
0 93.75 19.17 2.8
0 94.62 20.07 2.4
10.75 94.39 24.45 4.42
1.21 95 18.25 2.26
0 94.59 21.29 2.24
1.5 94.31 22.01 3.83
1.33 94.12 20.19 4.15
0.96 93.92 19.76 3.2
0 94.21 19.25 4.46
0 94.03 23.89 3.08
0.03 93.64 25.91 4.69
0 94.36 20.1 2.57
5.25 94.07 18.83 3.49
0.05 94.33 18.9 3.23
9.97 94.9 17.96 2.56
25.16 94.75 19.11 2.3
7.48 94.53 19.72 3.38
2.98 94.35 22.4 3.01
0.7 94.2 22.73 4.03
64.5 94.61 16.59 2.43
2.04 94.83 17.72 1.71
10 94.57 16.1 2.08
3.1 94.32 17.76 1.8
0.03 94.35 22.98 3.77
0.16 94.34 24.55 4.01
3.08 94.25 24.89 2.81
177.51 94.26 19.11 2.53
6.3 93.96 21.3 1.6
41.48 93.66 20.65 1.84
0.26 94 23.52 1.94
0 94.52 23.7 2.3
0.05 94.69 24.13 1.88
1.38 94.42 22.8 1.44
10.43 94.09 22.26 1.77
67.52 93.94 21.48 2.45
63.72 93.69 21.28 2.39
189.2 93.41 20.02 1.73
59.99 93.56 22.12 2.56
86.31 93.98 21.02 1.99
115.72 94 22.53 2.87
27.95 93.94 23.46 3.58
53.66 93.72 23.31 2.29
156.72 93.3 22.5 2.71
0.05 93.27 24.51 3.51
1.94 93.29 24.55 2.62
1.05 93.64 24.64 2.22
1.09 93.82 25.04 2.47
7.57 93.64 25.8 3.77
41.97 93.95 24.12 2.06
61.48 94.17 22.12 1.6
1.16 94.37 22.88 1.37
0.51 94.36 22.79 1.23
13.61 94.33 23.14 2.12
37.01 94.51 22.53 2.02
0.15 94.48 24.49 1.63
205.96 93.78 21.97 2.01
90.16 93.63 22.79 3.21
0 94.19 23.87 2.46
0.18 94.06 23.03 2.53
114.58 94.02 20.99 2.43
3.12 94.23 21.85 1.72
0.26 94.22 24 1.61
27.37 94.08 23.78 2.16
17.43 93.66 23.87 1.9
0.92 93.74 23.96 3.16
0.01 94.06 24.46 1.9
0.03 94.07 25.22 1.66
53.57 93.85 22.92 1.56
7.18 93.78 25.21 2.25
0.4 93.73 25.23 1.51
1.2 93.53 26.38 1.6
9.65 93.64 25.94 1.9
13.13 93.91 25.72 2.78
0.29 94.15 25.99 2.64
1.13 93.95 25.84 2.64
17.99 93.6 26.48 2.68
17.31 93.46 25.54 1.83
23.07 93.61 26.08 2.45
13.96 93.88 26.27 2.29
8.28 93.67 26.66 2.15
17.6 93.87 24.21 1.73
1.19 94.26 25.68 1.42
4.36 94.33 27.13 2.74
30.54 94.04 25.2 2.83
3.56 94.05 25.69 2.87
46.7 94 26.37 2.19
5.13 94.07 25.62 1.79
264.32 93.54 24.24 1.45
0.06 99.46 25.46 2.57
0 94.57 22.25 2.72
0 94.82 21.6 1.89
2.53 94.79 20.94 1.15
1.96 94.36 23.91 2.28
0.25 94.52 22.81 2.13
0 94.72 22.53 1.65
0.04 94.72 22.76 1.51
13.34 94.43 22.01 1.66
10.16 94.54 19.38 2.05
13.41 94.46 19.28 1.53
209.01 93.85 18.42 1.27
37.07 94.11 14.92 3.12
0.1 94.76 15.93 2.48
39.95 94.83 16.67 2.07
1.24 95.09 15.48 1.7
5.18 95.24 15.78 1.48
0 95.32 15.95 1.37
5 95.2 16.89 1.62
157.85 95.17 14.31 1.62
40.51 95.23 14.32 1.11
4.6 95.27 16.17 1.22
1.54 95.21 17.87 1.46
8.65 94.74 18.61 1.99
0.1 94.84 17.41 1.5
0 94.87 17.65 2.61
1.46 94.65 20.56 3.03
23.36 93.99 20.05 3.43
0.2 94.37 19.41 3.49
0 94.99 13.82 1.86
0.77 94.66 16.36 1.68
4.75 95.25 16.21 1.43
10.43 95.68 15.05 0.81
6.87 94.71 19.71 3.22
0 95.14 18.15 1.58
0.04 95.13 18.86 1.24
1.75 94.99 18.61 2.79
35.41 95.37 12.85 3.09
0 95.61 8.91 2.31
0 95.44 10.92 2.26
0 95.08 12.23 2.19
0 94.4 18.02 3.52
0 94.5 16.41 2.77
0 95.44 12.82 1.31
0.83 95.32 13.88 1.78
126.37 95.35 11.07 2.26
0.01 95.46 10.76 2.94
0 95.25 9.43 1.78
0 94.55 17.54 3.74
0 95.62 13.34 1.21
0.01 95.57 15.21 2.51
0.03 95.87 12.25 2.37
0.22 95.36 11.3 1.88
0 94.36 15.87 2.89
8.4 94.44 13.61 4.25
0 94.89 10.59 3.32
0 95.38 11.56 1.62
23.6 95.37 11.29 2.86
2.96 96.26 3.97 4.65
0 96.28 2.94 1.24
0 95.86 7.07 1.44
0 95.88 7.1 1.33
0 95.64 11.38 2.99
45.48 95.85 9.41 1.46
1.67 95.88 7.31 1.93
0 95.74 6.21 1.25
40.06 95.61 5.41 2.17
33.96 95.53 1.74 2.17
0.01 95.73 4.15 4.01
0.01 96 6.04 2.97
0 95.54 4.95 1.31
0 94.98 7.34 1.99
4.39 95.54 6.03 1.81
1.42 96.08 4.31 2.55
0 96.01 3.84 1.6
0 96.11 4.45 0.9
0 95.87 4.74 1.45
0.49 95.32 8.61 2.24
1.97 95.63 7.58 3.25
0 95.98 5.83 1.77
0.02 95.22 6.66 2.62
0.15 94.82 6.17 3.92
0.01 95.21 3.24 2.84
0 95.29 2.16 2.09
0.09 95.84 1.99 3.53
0 95.81 -1.36 4.1
0 95.87 1.17 2.37
0 95.76 1.77 1.83
0 95.14 2.27 2.48
0 94.9 2.92 3.16
0 94.88 3.14 2.12
0.16 95.04 2.03 3.43
0.01 95.42 -3.02 4.36
0.03 95.62 -3.45 6.31
0 95.53 -3.59 3.8
0 95.58 -2.09 2.78
0 95.76 -2.88 1.21
0 95.5 1.24 1.88
0 95.22 1.14 1.84
0.02 94.9 -0.33 2.35
0 94.74 -3.87 4.55
0 94.87 -6.87 3.72
0 95.11 -9.85 6.5
0 95.3 -5.42 3.9
0 94.89 0.81 3.3
0 95.55 -2.35 2.56
2503.51 95.29 -0.69 2.85
2503.51 95.06 -0.41 1.43
2503.51 95.33 2.11 2.16
2503.51 95.35 1.56 2.62
2503.51 95.56 -1.12 2.94
2503.51 95.14 -1.94 1.07
2503.51 95.24 -4.69 1.39
2503.53 95.21 -3.93 2.35
2503.52 95.42 -5.68 3.03
2503.67 94.89 -7.66 3.32
2503.77 94.9 -8.61 2.04
2503.51 95.03 -11.49 4.19
2503.51 95.35 -11.4 3.13
2503.51 95.71 -8.7 3.02
2503.51 96.3 -8.4 1.47
2503.51 96.27 -10.08 1.35
2504.03 96.55 -12.05 2.46
2503.67 96.17 -13.03 3.05
2503.7 96.05 -11.89 3.17
2503.52 96.44 -10.98 2.41
2503.51 96.48 -10.27 1.31
2503.51 96.19 -10.26 1.08
2503.51 96.35 -9.22 1.32
2503.51 96.27 -9.45 1.05
2503.55 95.71 -6.72 2.75
2503.6 96.19 -10.03 4.41
2503.51 95.87 -10.83 1.79
2503.51 95.39 -10.68 2.76
2503.51 94.66 -5.7 3.76
2503.51 94.47 -4.93 3.39
2503.51 94.08 -3.1 4.23
2503.51 94.5 -3.92 2.89
2503.51 94.77 -3.12 3.31
2503.51 95.38 -5.32 2.42
2505.52 95.3 -8.01 1.75
2507.27 95.55 -8.89 1.75
2503.53 95.22 -6.63 3.03
2503.51 95.78 -6.95 2.53
2503.51 96.23 -14.16 3.05
2503.51 95.83 -14.22 2.44
2503.51 95.83 -11.85 2.36
2503.51 95.93 -10.22 2.33
2503.51 96.45 -12.62 2.02
2503.51 96.16 -13.44 1.71
2503.51 96.18 -11.38 1.89
2503.51 95.98 -7.89 1.88
2513.12 96.06 -10.63 1.59
2503.51 95.98 -10.83 1.57
2503.51 96.22 -8.35 2.02
2503.92 95.24 -7.2 3.96
2503.52 95.74 -10.19 4.34
2503.51 95.92 -9.88 2.39
2503.51 95.24 -6.38 1.84
2503.51 94.41 -1.58 3.11
2503.51 95.02 -3.49 2.1
2503.51 95.94 -8.91 3.23
2503.51 95.47 -7.21 3.94
2503.51 94.9 -3.88 4.3
2503.51 95.5 -7.52 3.7
2503.51 94.14 -0.41 5.54
2503.51 94.92 -7.15 3.18
2503.51 95.04 -7.2 1.79
0.21 94.61 -4.17 2.14
0.06 94.64 -4.56 5.17
0 95.5 -12.54 4.1
0 95.68 -11.51 2.16
0 95.86 -12.23 1.48
0 96.1 -10.3 1.63
2.84 95.79 -10.8 1.48
11.95 95.85 -12.36 3.01
0 96.45 -14.35 3.33
0 96.26 -14.37 1.57
0 95.69 -12.14 1.49
0 96.34 -13.13 1.48
0 96.27 -12.6 1.95
0.06 95.45 -5.69 2.93
0 95.52 -6.38 1.98
0.09 96.11 -6.95 2.21
0 96.65 -9.43 1.81
0.86 96.2 -9.48 1.53
2.37 95.94 -9.43 1.77
0 95.86 -7.54 1.63
0 95.82 -4.81 2.16
0.67 96.35 -7.68 1.52
0.08 96.16 -4.94 1.17
0 95.69 -1.62 1.56
0 95.52 2.28 1.97
0.45 95.23 4.36 3.94
2.1 95.95 -3.43 4.18
0.04 95.66 -6.71 1.8
0 95.53 -5.35 1.74
0.28 95.47 -5.46 2.26
0.64 95.46 -5.94 1.91
2.25 95.77 -5.09 2.83
0 95.82 -6.76 2.93
0 95.99 -7.74 2.8
0 95.98 -6.28 2.32
0 95.51 -5.48 2.04
0 95.81 -5.27 2.53
0 95.27 -2.61 2.12
0 95.06 1.17 4.03
0 95.73 -1.39 4.29
0 95.33 -2 1.99
0 94.82 1.99 3.28
0 94.54 7.12 2.68
0 94.92 4.72 2.42
0 94.42 7.86 4.89
0 95.57 3.95 2.08
0.06 95.5 3.5 4.52
0 95.8 3.83 4.81
0 95.2 6.58 2.96
0 95.27 7.75 3.08
0 95.5 8.06 2.72
0 94.49 13.18 4.96
0 94.51 11.86 2.46
0.01 94.52 11.24 2.76
0 94.56 10.82 3.25
59.6 94.33 11.62 3.15
26.88 94.81 9.78 2.34
0 95.01 11.1 2.34
0.68 95.12 8.81 1.97
0 94.57 11.9 2.66
0 95.31 7.81 3.83
0 95.7 2.37 4.54
0 94.87 6.43 4.64
0 95.46 5.29 4.05
0 94.83 13.52 3.94
0 94.8 14.14 1.68
0 94.64 14.62 2.48
0 94.89 11.53 4.28
0 95.61 9.3 2.04
0.81 95.21 10.74 2.1
0.37 94.93 11.9 2.07
0 95.05 13.66 1.65
0 94.94 17.9 3.38
0 95.55 12.88 3.07
0 94.85 13.41 2.45
11.5 94.87 7.42 2.82
0.03 95.54 7.92 2.72
27.88 95.34 7.51 2.6
0.05 94.91 9.27 253.6
0 95 11.55 3.8
0 94.68 14.12 2.82
0.69 94.35 16.62 3.66
3.68 94.58 18.17 4.11
0.26 95.08 16.68 4.09
31.01 95.34 11.61 3.49
0 95.63 12.35 2.46
0 95.48 13.5 2.06
0 94.85 15.16 1.55
0 94.28 19.16 2.03
3.34 94.25 18.15 4.54
165.15 94.9 6.78 4.86
7.95 94.47 8.14 5.04
14.15 94.69 5.1 5.5
0.08 94.93 7.79 4.43
0.13 94.35 11.89 2.52
66.06 94.39 7.71 4.07
0.82 94.92 11.57 1.9
79.98 95.22 10.14 2.51
3.13 95.09 12.11 2.24
216.31 94.24 9.02 2.53
71.5 93.35 14.71 3.8
0 93.54 17.19 3.98
0.07 93.89 14.02 3.6
0 93.66 13.86 3.33
0.04 94.46 16.58 3.08
2.24 94.8 16.38 2.1
2.36 94.43 18.48 2.88
69.99 94.08 16.29 2.39
3.83 94.13 17.22 2.92
0.02 94.25 18.93 2.46
0 94.25 21.7 2.43
0.32 94.54 25.13 3.8
43.19 94.41 17.52 2.91
0.49 93.93 16.94 5.62
0 93.42 21.07 4.22
19.57 93.21 18.59 2.79
0.75 93.65 22.06 2.38
0 93.75 23.91 43.37
0.11 94.32 25.17 2.64
0 94.25 28.34 4.13
3.88 94.48 23.9 2.92
0.45 94.62 22.1 2.71
0 94.52 22.62 2.27
0.73 94.31 22.55 2
15.14 94.16 23.58 2.42
339.17 94.32 15.97 2.4
137.29 94.16 13.26 3.32
28.8 93.84 15.88 3.03
39.71 94.16 15.8 2.15
44.55 94.58 15.39 1.78
13.79 94.65 18.33 2.16
13.41 94.45 20.1 2.6
12.78 94.48 21.03 2.33
0.03 94.34 21.89 2.17
3.32 94.16 23.23 1.65
143.44 93.96 20.42 2.04
76.12 93.84 19.75 2.05
106.36 93.99 18.7 2.38
3.69 94.26 19.27 1.83
26.46 94.39 19.55 2.04
4.65 94.51 19.47 1.61
158.9 94.59 18.77 2.57
1.06 94.45 21.68 1.86
0.11 94.04 23.72 2.31
19.47 93.84 22.87 3.15
18.4 93.93 21.84 3.72
0.43 94.37 22 3.88
0.72 94.29 22.92 3.05
0 94.36 24.41 1.78
0 94.32 24.98 1.68
14.61 94.26 23.55 2.69
75.83 93.96 20.73 2.52
23.35 93.7 23.37 2.33
0.08 94.18 25.14 2.32
0.59 94.23 25.91 3.23
1.74 94.11 25.96 2.21
3.29 93.89 25.25 3.04
15.06 93.83 23.39 3.76
0 94.03 23.71 3.02
0 93.76 24.05 3.71
6.29 93.85 22.46 3.11
4.85 94.04 21.75 2.85
0.46 93.96 22.88 2.54
2.57 94.03 23.86 1.89
20.83 93.98 23.47 2.41
102.55 94.07 21.55 43.38
6.9 94.3 22.4 42.85
0.28 94.37 26.17 1.7
1.27 94.45 28.69 2.43
2.52 94.06 29.3 4.31
73.12 93.96 24.23 2.52
0.19 94.26 22.39 1.68
0 93.98 24.96 2.72
0.07 94.36 22.94 1.9
0 94.41 23.05 1.66
0.01 94.59 23.32 1.78
3.48 94.45 25.57 2.29
8.88 93.97 27.32 3.27
8.05 94 25.79 3.62
12.44 94.15 24.52 1.93
0 94.24 26.53 2.61
0 94.22 27.33 2.7
3.71 94.1 26.19 2.54
11.48 94.08 25.53 1.98
81.49 94.33 20.07 2.47
3.02 94.28 21.91 2.02
0 94.56 21.97 2.61
0 94.67 21.61 1.55
0.01 94.52 22.56 2.05
52.34 94.27 21.44 2.4
23.55 94.01 21.34 1.89
2 94.2 22.33 3.51
0.26 94.4 20.99 2.14
14.48 94.43 19.18 2.06
14.21 94.33 18.9 1.7
9.9 94.39 20.03 2.19
5.62 94.5 20.19 1.66
1.76 94.63 21.44 2.08
6.5 94.83 21.36 1.62
0.75 94.77 22.54 1.73
0.51 94.43 24.29 2.41
3.82 94.45 24.25 1.84
59.11 94.36 23.06 2.2
55.18 94.22 22.49 1.75
101.28 94.48 19.59 2.22
1.74 94.77 20.01 2.54
0 94.86 20.9 1.88
0 94.97 22.49 1.76
4.84 95.09 20.87 1.8
2.86 95.13 20.96 1.63
0.6 95.09 20.96 2.16
10.96 94.91 20.12 1.82
9.69 94.89 19.55 1.94
269.92 94.86 15.82 2.4
1.05 94.46 17.51 1.65
0 94.16 19.91 2.38
0 94.69 18.51 1.48
0 94.69 20.36 1.55
2.9 94.28 20.86 3.06
0.03 94.57 18.1 2.79
0 94.77 15.41 1.39
0.01 95.02 17.05 1.65
0.08 95.01 18.31 1.84
25.89 95.07 16.75 1.36
0.3 94.86 18.69 2.58
0.08 95.18 16.1 3.15
0 95.28 13.89 3.11
0 95.33 13.3 1.42
0 95.41 15.86 1.3
0 95.37 16.94 2.01
16.04 94.69 16.87 2.48
32.92 94.67 14.21 2.9
0.03 95.27 13.81 1.57
0.36 95.29 16.09 2.03
74.56 95.49 12.18 1.85
20.16 95.25 12.67 1.63
0 95.15 13.52 1.61
46.22 94.49 14.12 2.52
0.07 95.06 13.46 2.31
1.98 94.96 14.38 2.98
35.19 95.8 5.71 3.87
0.24 95.84 5.26 1.73
40.25 95 6.24 1.7
22.42 94.87 7.52 2.26
0 95.19 8.55 1.59
98.43 95.42 6.99 1.49
17.49 95.9 7.76 2.34
0 95.68 8.96 2.09
0 95.26 12.49 1.73
0 95.13 14.5 2.37
0 95.34 16.04 2.23
0 95.6 13.44 1.77
0.58 95.49 14.11 3.02
0.55 96.47 8.24 3.53
0 96.03 4.13 1.61
0 95.08 8.35 2.26
0 94.62 9.89 4.67
0 95.14 9.51 2.95
0 94.89 12.7 2.46
0 95 13.64 2.31
0 94.68 16.65 4.19
0 95.58 7.15 2.77
0 95.93 2.99 1.87
0 95.35 5.72 1.84
0 94.57 11.14 2.94
0 94.3 13.64 2.94
0 94.54 11.21 1.94
0 96.03 3.84 5.18
0 96.4 2.04 1.58
0 95.82 3.3 1.6
0.04 95.53 7.79 1.74
6.94 95.75 7.77 22.34
3.41 95.47 5.19 1.53
2912.84 95.1 6.52 3.38
2912.88 95.27 3.52 3.86
2912.83 95.04 6.5 2.59
2912.83 94.66 8.08 3.62
2912.83 95.03 5.99 3.17
2912.83 96.32 -1.05 3.09
2912.83 96.27 -2.08 1.61
2912.83 95.86 0.39 1.88
2912.83 95.64 4.34 1.91
2912.83 95.33 3.73 1.6
2912.83 94.99 2.32 3.55
2912.88 95.43 -4.89 6.05
2912.83 95.43 -2.29 2.94
2912.83 95.79 -2.36 1.71
2912.83 95.9 -1.93 1.57
2912.96 95.75 0.03 1.88
2912.83 96.08 -1.93 1.53
2912.83 96 -0.86 1.51
2912.83 95.3 1.83 3.13
2912.83 94.72 3.28 4.08
2912.83 95.26 0.47 2.6
2912.83 95.78 -2.2 2.12
2912.87 95.53 1.43 2.91
2912.83 95.95 -3.08 1.89
2912.83 95.01 -2.39 2.29
2912.83 94.55 253.12 5.17
2912.83 95.68 -3.36 2.01
2912.83 95.19 -2.14 1.48
2912.84 95 -0.29 2.16
2913.24 95.13 -1.65 5.41
0 95.71 -11.69 6.66
0 95.48 -11.01 3.8
0 95.2 -11.25 5.83
0 95.36 -11 4.66
0 95.47 -10.53 3.66
0 95.68 -10.09 1.94
1.63 95.72 -9.75 1.65
0 96.22 -10.78 1.68
0.03 96.06 -7.95 2.63
1.65 95.44 -4.89 4.73
0.06 95.87 -9.24 3
0.02 95.46 -10.26 3.95
0 95.62 -11.3 2.48
0 95.67 -9.29 1.81
0.23 95.61 -9.44 3.5
0 95.69 -12.76 3.52
0.01 95.73 -11.12 2.18
0 95.64 -7.9 2.65
0.12 95.38 -6.41 4.43
0 95.7 -10.39 3.71
0 95.34 -10.07 3.46
0 95.13 -3.43 2.4
0 95.19 -3.35 3.04
0 96.02 -5.37 3.82
0 96.26 -5.19 2.79
0 96.02 -8.15 1.33
0 95.6 -4.43 2.39
0 95.01 -5.26 2.03
0 94.35 -4.06 3.3
0.08 95.08 -6.78 85.89
0.02 95.79 -11.07 5.47
0.1 95.79 -11.16 2.82
0 95.71 -7.14 3
0 94.46 -2.12 3.82
0 94.73 -2.92 1.91
0.52 95.09 -3.16 4.93
0 95.62 -7.57 3.2
0 95.99 -9.41 1.55
0 95.88 -8.86 2.06
0 95.74 -5.64 2.39
0.06 95.31 -4.78 3.07
0 96.35 -7.8 2.34
0 96.46 -9.16 1.78
0 96.01 -5.97 1.85
0 96.21 -9.28 1.67
0.29 95.84 -9.98 1.87
3.54 95.82 -10.31 3.67
0 95.91 -9.23 1.97
1.81 94.81 -5.13 3.46
0.02 95.46 -8.62 1.82
0.04 95.39 -8.06 2.16
0.85 95.92 -8.03 2.13
0 95.36 -8 1.89
0 94.85 -3.88 3.31
0 95.74 -6.7 2.1
1.16 95.35 -5.15 1.34
4.63 95.97 -8.84 3.81
0 96.48 -12.25 2.87
0 96.31 -12.07 1.97
0.07 95.72 -8.59 3.68
0 96.34 -10.53 3.64
0 96.61 -9.36 1.8
0 96.42 -8.28 1.64
0 96.25 -7.85 1.68
0.07 96.14 -5.22 2.5
0.05 96.05 -6.7 3.39
0 95.92 -3.97 2.98
0 95.31 -1.31 3.07
0.02 96.16 -10.89 5.68
0 96.23 -11.62 3.88
0 95.5 -6.13 2.72
0 94.89 -3.42 2.31
0.01 94.92 -6.01 3.51
0 95.11 -6.29 2.32
0 94.72 -4.97 1.84
0 94.55 -1.21 2.37
0.01 95.23 -4.11 1.43
8.94 94.97 -1.25 2.64
0.01 95.59 -1.82 4.67
0 96.23 -3.66 2.5
0 95.68 -3.57 3.04
8.01 94.85 0.02 3.63
22.62 94.34 -0.58 5.64
0.11 94.76 -5.91 5.77
0 95.06 -6.33 1.96
0 94.71 -6.42 1.98
0.56 95.19 -7.97 3
0 95.56 -9.27 3.61
0 96.19 -6.8 1.97
2.43 95.21 -2.32 5.16
0 94.91 -1.01 3.06
0.03 94.53 -3.27 2.44
0.25 95.18 -6.97 6.18
0 95.69 -6.36 2.82
0 95.4 -2.95 3.17
0 94.73 1.83 4.62
0 95.1 1.25 2.96
2.33 95.69 -3.55 3.24
0 96.46 -9.77 5.78
0 95.79 -4.55 3.24
0 95.43 -4.2 3.85
0 94.95 -3.38 2.92
0 113.05 248.33 253.03
0 95.03 0.62 3.72
0 94.68 5.55 3.89
0 94.64 5.69 3.23
0 95.39 2.74 2.56
0 94.63 6.91 3.18
0 94.91 6.39 3.82
0 95.03 5.43 2.55
0 94.98 6.06 4.1
0 95.92 1.86 4.2
0 96.1 2.94 2.81
0 96.28 3.74 1.65
0 96.02 7.9 2.87
0 95.81 12.94 4.18
0 95 13.62 5.06
0 94.61 12.35 3.75
0 94.73 10.65 3.32
0 94.28 14.15 4.31
4.36 95.3 6.29 3.03
0 95.37 4.73 1.8
204.88 93.88 2.27 2.3
1.27 94.66 3.71 2.26
1.64 94.61 4.8 1.89
0.16 95.13 3.34 4.72
0 96.24 -0.96 4.08
0 96.2 0.02 3.36
0 95.41 4.64 2.9
0.07 95.16 7.6 2.99
0.08 95.38 7.87 2.03
15.13 95.6 6.66 3.69
179.12 96.21 -0.75 4.63
0.35 95.77 2.95 1.98
0 94.18 11.3 2.03
0.45 93.32 14.34 4.42
1.2 94.2 8.29 5.55
0 94.29 11 2.2
0.03 94.56 12.79 3.06
0.01 95.05 10.44 3.65
0.01 94.66 11.14 3.18
0.03 94.58 11.05 2.63
0 94.79 14.17 3.92
0 95.01 13.91 5.2
0 95.28 14.02 2.5
0 94.64 20.85 4.21
0 94.27 23.97 4.46
12.98 93.98 20.65 4.22
11.31 94.63 16.5 2.56
0 94.65 19.26 2.3
0 94.58 20.67 2.86
12.48 94.36 16.81 3.61
15.17 94.42 15.65 2.26
0 94.72 12.82 5.44
0 94.51 13.69 4.39
0 93.98 14.6 5.82
0 94.52 12.11 2.55
0.32 94.44 12.59 5.36
18.74 94.77 7.04 2.08
0 95.13 8.6 1.72
80.24 95.01 8.03 2.61
57.6 94.08 7.3 2.02
14.01 92.84 10.87 4.02
0.32 92.91 19.14 3.63
1.8 94.25 15.65 5.44
0.01 94.83 15.7 4.24
0 94.26 18.59 3.49
15.5 93.42 18.94 3.88
19.01 93.61 14.41 5.38
1.44 94.01 13.01 5.77
0 94.84 18.23 4.22
0 94.48 21.61 3.24
0 94.34 22.39 2.59
0.98 94.26 22.43 2.46
0.05 94.08 25.18 3.27
0.22 93.99 25.8 4
4.36 94.18 23.36 2.51
0.13 94.18 22.85 3.18
5.57 93.8 23.84 3.6
0.45 94.15 20.97 3.7
0 94.23 19.83 2.45
0 93.37 25.04 6.62
5.25 93.92 22.19 3.13
1.73 94.47 18.89 3.96
0 94.67 21.29 2.94
62.14 93.9 18.14 3.46
35.46 93.4 18.87 2.51
40.73 93.91 18.49 2.25
0.2 94.21 19.89 3.66
2.13 93.97 19.53 2.65
3.67 93.98 19.08 2.14
85.32 93.73 16.95 2.6
182.55 93.25 15.34 2.18
73.6 93.34 16.19 1.6
72.26 94.24 17.03 2.31
0.59 94.49 20.46 1.93
10.79 94.31 22.1 2.06
0.21 94.02 23.16 1.91
139.91 94.07 19.29 2.48
7.27 94.23 18.37 3.74
96.92 94.7 16.39 2.63
0.05 94.78 21.3 2.34
0 94.39 23.5 1.78
4.04 94.11 24.22 2.86
0.24 94.25 23.8 2.54
11.13 94.05 23.9 2.92
12.83 93.79 21.66 2.22
70.06 93.77 20.87 2.26
0.92 94.2 21.96 1.59
4.39 94.24 23.84 2.19
157.31 94.43 17.37 1.98
34.7 93.82 18.05 1.81
31.48 93.39 18.8 3.23
8.97 93.96 16.47 3.34
0.08 94.53 18.36 2.11
53.19 94.49 19.61 2.03
10.75 94.63 20.29 1.66
0 94.59 22.42 2.11
0.22 94.44 24.17 2.2
4.84 94.6 24.95 2.14
0.19 94.83 26.03 2.59
4.02 94.66 24.12 2.7
0.73 94.39 25.11 1.77
0.83 93.9 26.29 2.35
0.16 93.73 26.16 3.2
6.48 94.04 26.29 2.49
23.05 94.48 23.49 2.34
34.04 94.68 20.56 2.12
17.95 94.5 21.48 1.64
93.41 94.31 22.37 1.78
54.77 94.44 22.55 2.25
25.15 94.36 23.19 2.39
33.25 94.09 23.83 2.14
68.58 94.09 22.58 1.89
9.43 94.09 22.45 1.38
13.04 93.91 22.6 1.71
5.22 93.71 24.03 1.98
5.11 94.11 24.87 2.42
15 94.2 24.67 1.85
30.24 93.95 24.05 2.33
120.05 93.96 23.08 2.29
241.51 94.36 20.86 2.41
7 94.56 22.03 1.59
1.42 94.35 23.19 1.88
29.36 93.85 24.96 3.1
0.09 93.84 22.9 2.15
1.05 93.71 24.74 2.51
2.17 93.87 25.61 3.25
18.07 94.26 24.17 2.02
15.55 94.81 22.34 2.49
29.82 94.86 22.88 1.64
8.31 94.77 23.68 2.22
0 94.81 23.56 2.1
0 94.63 23.91 1.56
0 94.47 24.19 1.52
0 94.14 25.37 1.79
1.27 93.94 25.39 2.37
0.03 94.23 23.61 2.4
0 94.29 23.31 1.62
0.72 112.02 271.98 252.3
54.31 112.35 272.34 252.51
94.53 94.73 20.01 1.88
19.35 94.45 19.26 2.12
5.98 94.27 20.16 2.45
43.11 94.38 19.73 1.79
8.11 94.71 20.2 1.97
32.14 94.93 19.53 1.97
9.98 94.87 19.94 2.22
61.06 94.74 19.52 2.33
0.04 94.66 20.34 2.49
24.14 94.51 19.42 1.83
4.2 94.67 18.44 1.43
11.71 94.81 18.63 1.51
135.96 95 17.71 1.5
123.36 95.05 18.07 2.28
2.91 95.02 20.56 2.29
0.24 95.18 19.23 1.93
11.41 95 18.1 1.52
43.03 94.85 16.84 2.25
0.01 94.98 16.93 1.78
0 94.85 19.3 1.39
2.42 95.01 20.51 2.47
24.23 95.72 15.63 2.07
1.49 95.61 14.43 1.66
63.3 95.05 13.27 1.77
10.16 94.99 14.2 2.62
0 94.91 19.31 2.29
0 95.23 19.57 2.53
0 95.33 19.15 2.8
0 95.18 19.58 2.5
3.78 95.18 19.57 1.48
8.53 95.27 18.64 2.14
0.01 95.35 16.32 2.03
3.09 94.82 16.42 2.31
3.84 94.62 18.63 2.29
42.2 94.44 17.69 3.04
23.76 94.61 13.61 2.09
41.93 94.52 14.58 1.91
9.73 94.52 15.19 3.13
0 94.77 13.63 2.21
0 94.99 15.44 2.45
0.14 95.82 13.15 1.59
2.22 96.26 11.12 2.12
4.83 95.1 15.17 3.11
44.34 94.41 10.84 5.48
0.05 94.31 13.4 4.7
0 95.31 10.63 1.77
0 95.61 13.64 2.35
0 95.11 17.58 3.52
0 95.02 17.67 1.95
0 94.79 18.13 3.32
0 95.13 9.88 3.72
0.32 94.46 5.58 3.13
5.65 94.63 5.4 5.34
4.2 94.95 9.77 4.73
0 95.34 11.91 2.35
0 95.41 12.67 1.78
0 95.15 13.71 1.65
0 95.1 14 1.64
0 95.1 15.52 2.57
3.6 95.28 13.14 3.02
0 96.04 5.58 2.66
0 94.9 10.08 2.77
34.39 95.52 4.65 1.67
15.04 95.82 4.67 1.95
1.03 101.2 88.88 41.91
0 100.7 89.37 41.82
0 96.08 6.67 2.34
0 95.97 4.38 1.72
5.85 94.71 7.54 5.59
0 94.81 3.62 3.46
0 95.41 1.39 3.46
0 95.73 -0.21 3.9
0 96.17 0.2 2.93
0 96.2 3.09 1.53
0 95.55 5.62 1.77
0 95.38 5.97 1.25
0 95.29 9.18 3.87
0 95.51 10.12 3.25
0.39 96.7 0.9 3.64
47.58 96.77 -3.78 2.77
29.24 96.38 -3.84 3.24
7.56 95.87 -3.51 1.92
0.29 95.89 -3.25 1.33
0 96.03 -3.35 1.33
0 96.19 -1.98 1.49
0.08 96.02 0.83 1.29
0.01 95.3 3.05 2.24
0 94.67 5.7 2.61
0.37 95.58 1.93 2.28
5.79 95.41 -3.17 2.53
0 96.11 -5.44 2.28
7.19 95.99 -7.05 2.25
8.43 95.99 -8.17 2.09
5.26 95.97 -9.13 1.89
3.95 96.46 -9.7 1.59
15.12 96.94 -11.68 2.56
10.87 97 -12.99 2.93
0.06 96.88 -15.13 1.96
0.01 96.02 -14.73 2.64
0 95.92 -14.15 2.87
0.05 95.43 -11.81 1.38
0.19 95.89 -10.23 1.46
7.52 95.6 -5.76 2.45
0 95.48 -7.79 1.57
0.36 94.8 -4.16 2.04
0.12 94.6 -5.72 5
0.38 94.91 -7.57 6.01
0 95.26 -4.71 4.14
0 95.95 -5.17 2.18
0 96.1 -8.21 1.56
0 96.25 -9.62 0.96
0 95.79 -3.39 2.25
1.8 95.46 0.18 2.71
0.01 95.77 -1.51 3.7
0 96.09 -7.12 1.57
0 95.74 -6.5 1.58
0 95.87 -7.08 1.12
3.97 95.16 -5.18 3.1
0.03 95.23 -6.58 4.6
0.04 95.81 -8.59 5.57
0 95.85 -7.34 3.06
0 96.35 -5.45 2.02
0 96.3 -6.22 1.47
0 95.43 -3.27 2.33
0 95.68 -5.44 1.72
0 95.77 -7.98 1.66
0 95.68 -5.6 2.25
0 95.78 -9.72 2.3
0.01 94.73 -7.65 2.89
0 95.82 -13.18 3.74
0 96.52 -14.75 1.9
0 96.26 -8.04 2.2
0.19 95.84 -6.21 1.57
2.5 96.1 -7.56 1.3
0 96.06 -8.36 2.1
0 95.2 -2.58 2.49
0.01 95.24 -6.39 1.3
3.66 95.44 -8.38 2
0 95.87 -10.8 3.67
0 95.67 -12.06 2.66
0 95.99 -9.87 3.4
0 95.8 -9.74 3.26
0 95.62 -10.28 3.03
0 95.38 -9.92 2.43
0 96.14 -12.28 3.22
0 96.38 -12.95 2.82
0 95.84 -12.23 3.33
0.06 95.19 -11.37 4.05
0.09 94.94 -11.4 2.49
0 95.02 -12.01 1.75
20.63 95.68 -15.93 2.45
1.58 95.64 -19.1 2.58
0 95.25 -19.04 4.13
0 95.88 -18.64 1.67
0 96.39 -18.46 1.46
0.54 96.34 -17.71 2.1
0.57 96.83 -20.99 3.4
0 96.72 -23.8 5.1
0 96.21 -15.13 4.8
0 95.64 -10.14 3.1
0 95.51 -11.61 3.76
0 95.59 -9.84 3.44
0 96.16 -13.43 1.84
0 96.61 -16.43 1.73
0 96.37 -16.7 2.2
0 96.42 -13.4 3.22
0 96.29 -10.81 2.76
0 95.93 -9.05 2.12
0 95.71 -8.36 2.65
0 95.91 -8.61 3.63
0 95.85 -8.83 3.58
0 95.76 -7.16 2.7
0 94.87 -7.12 2.7
0.01 94.51 -4.43 3.4
0 95.15 -2.86 2.82
0 94.81 1.51 2.95
0.05 94.73 1.34 2.41
1.8 95.04 0.24 3.23
25.15 95.78 -8.49 5.97
0 95.8 -12.43 5.49
0 95.14 -9.32 4.09
0 95.04 -5.16 4.2
0 94.96 -2.05 3.96
0 94.96 -3.81 3.9
0.11 95.81 -7.23 3.44
0 95.77 -9.26 3.79
0 95.62 -9.96 2.46
0.01 95.77 -7.49 3.18
0 96.65 -10.77 2.4
0 96.26 -9.07 2.54
0 96.19 -8.58 3.12
0.06 95.52 -6.79 3.2
0.02 95.63 -7.3 1.91
0.1 95.92 -8.24 4.14
0.06 96.14 -8.79 3.31
0.03 95.22 -1.22 2.87
0 94.87 1.44 2.15
0 94.86 0.26 2.59
0.14 95.24 -1.11 1.4
25.78 95.02 0.38 3.96
0.02 95.05 -1.34 2.56
5.17 95.32 -4.56 4.3
0 96.06 -7.92 4.41
0 96.15 -7.64 3.67
0.03 95.93 -6.77 3.43
0 95.41 -5.53 2.02
0 94.77 -0.87 4.25
0 95.54 -1.89 2.79
0 95.35 1.46 2.61
0 94.79 5 2.81
0 94.64 8.52 3.27
0 94.22 10.48 5.41
0 94.7 7.35 4.51
0 95.6 3.54 1.93
0 95.81 5.49 1.95
0 95.44 8.64 2.94
0 95.82 5.28 4.48
0.01 96.37 2.02 4.94
0 96.38 2.07 3.54
0 96.05 3.1 3.02
0 95.65 7.74 3.26
0 95.06 9.37 2.57
0 94.43 11.18 3.9
0.55 94.91 7.23 3.42
0 94.86 8.76 3.38
0 93.91 15.67 4.83
8.02 94.19 10.4 5.37
0.5 95.27 6.07 4.29
0 95.26 8.07 3.59
0 94.45 10.76 3.62
0.06 94.77 10.11 2.44
0.81 94.11 12.76 5.16
0 94.51 9.92 4.99
0 94.41 11.85 5.91
0 94.74 6.87 2.99
0 95.38 4.82 3.37
0 94.83 7.04 4.68
17.79 93.99 8.96 2.53
0.13 93.72 10.77 5.31
0 94.84 11.18 3.34
0.22 94.32 15.6 5.21
11.74 94.3 10.66 4.27
3.34 94.29 6.21 4.27
4.39 94.59 6.55 2.67
2.13 94.88 8.52 3.7
0.03 94.54 14.1 2.91
0 93.72 15.48 6.18
0 94.25 10.63 6.09
0 94.8 10.98 2.97
0 94.25 14.54 4.84
0.6 95.13 10.17 3.1
33.08 95.35 7.98 2.04
1.71 94.94 11.9 1.77
0 95.09 12.43 2.26
29.21 94.25 12.98 2.8
0.06 93.88 16.76 2.75
27.55 93.58 21.21 4.07
156.27 94.4 11.19 2.31
56.4 93.53 11.46 4.78
0 94.01 16 3.26
12.68 93.97 15.66 5.19
0.03 94.3 12.89 6.12
0 95.06 15.56 2.68
0 94.49 18.92 4.4
0.98 94.7 17.03 2.53
0 94.38 17.4 2.28
2.31 93.55 20.03 4.39
146.65 94.3 11.48 4.66
0 95.14 15.2 3.9
25.15 94.77 12.43 4.26
1.08 94.61 12.92 3.51
0 94.1 18.26 3.12
0 94.21 23.52 3.6
0 94.46 24.86 4.42
0 94.69 23.21 3.92
0 94.85 22.96 3.74
0.03 95.61 19.26 3.83
0.02 95.53 18.06 2.43
33.25 94.63 14.97 1.8
27.76 93.54 15.61 4.85
7.76 93.82 18.62 3.3
0.22 94.32 18.68 4.75
0 94.23 22.21 4.6
0.05 93.84 24.64 4.33
0 94.24 19.06 4.55
0 93.96 22.36 4.51
9.78 94.76 17.51 2.04
0 94.81 20.16 1.51
0 94.42 23.47 2.6
0.01 94.07 24.84 3.27
0.03 94.25 22.98 2.83
0.11 94.48 23.58 2.2
15.23 94.67 19.65 3.43
4.39 94.7 19.25 1.87
0.06 94.44 21.88 2.53
27.23 94.11 20.94 4.14
87.55 93.87 20.44 4.69
38.16 94.39 17.83 2.4
9.25 94.28 19.36 2.13
2.68 93.94 19.94 2.06
88.83 93.85 15.84 2.18
13.06 93.87 18.52 1.92
2.15 93.47 20.23 2.41
45.61 93.52 20.6 1.91
3.73 94.07 20.57 2.88
0.01 94.17 23.41 2.52
32.63 93.81 25.28 2.97
25.77 93.84 23.94 2.45
26.27 93.87 22.82 2.2
15.41 94.14 21.28 3.13
4.01 94.17 21.22 3.75
0 94.33 24.49 3.11
0 94.28 24.81 1.99
30.72 94.01 23.54 2.71
44.62 94.1 19.52 3.28
105.54 93.96 20.43 2.4
65.58 94.01 20.26 1.81
0 94.17 20.59 1.8
0.24 94.13 22.27 1.6
0 94.23 25.71 2.93
0 94.4 25.12 3.03
1.53 94.62 25.3 1.85
0 94.71 26.66 1.77
0 94.62 27.47 2.83
0 94.37 27.06 2.65
0 94.15 28.05 1.88
0 93.9 29.14 2.6
5.71 93.58 29.39 3.44
94.96 93.9 22.05 2.05
0.86 94.21 24.42 2.52
0.81 94.57 22.54 2.64
5.06 94.25 19.78 2.05
5.07 94.11 19.28 2.15
3.85 94.37 21.82 1.63
0.24 94.36 23.9 2.19
14.92 94.43 24.3 2.82
157.27 94.57 21.39 2.41
793.73 94.11 20.78 2.72
31.49 93.84 23.42 1.8
6.26 93.7 26.83 2.81
0.24 94.25 25.81 2.21
450.6 94.29 20.35 2.74
2.75 94.14 22.28 1.61
2.43 93.93 24.06 2.53
47.89 93.91 23.5 2.14
18.21 94.28 23.25 1.72
112.47 94.53 23.75 2.05
59.04 94.68 22.08 1.71
20.96 94.78 22.74 1.98
0.23 94.77 24.61 1.6
0 94.7 26.26 1.52
0 94.64 27.23 1.89
0 94.54 27.14 2.11
334.56 94.28 25.35 1.98
145.74 94.67 23.49 2.42
0 94.76 22.19 1.35
0 94.37 24.11 2.38
0 94.14 27.24 3.44
0.58 94.16 29.12 3.18
9.58 94.27 25.33 2.26
0 94.23 24.66 1.82
0 94.51 23.77 1.87
3.14 94.41 23.24 1.53
91.38 94.26 21.49 1.95
6.08 94.13 22.67 1.36
225.01 94.09 20.27 1.87
12.26 94.53 21.18 2.11
31.43 94.64 21.73 1.7
1.01 94.78 22.68 1.82
1.11 94.86 23.16 1.61
11.4 94.37 21.27 1.72
31.67 94.2 23.2 2.25
168.74 94.96 17.73 3.92
0 95.22 17.97 2.18
3.71 94.88 18.09 1.97
2.4 94.85 18.75 2.04
0 95.03 18 2.18
0 94.47 17.57 1.99
16.64 93.4 16.35 4.2
21.19 93.24 15.71 2.78
5.98 93.9 19.1 1.52
19.82 94.42 18.43 1.19
97.77 94.67 17.46 1.5
42.08 94.6 17.23 1.37
23.2 94.47 19.01 1.45
1.75 94.21 19.14 1.61
12.15 94.3 18 1.65
45.37 94.62 16.39 1.81
25.2 94.78 16.13 1.73
51.84 95.14 15.24 2.12
11.85 95.38 15.83 1.42
2.54 95.31 17.12 1.27
46 95.1 18.51 1.79
0.03 94.99 19.41 1.6
2.74 95.1 18.2 2
1.45 95.52 15.83 2.04
22.24 95.66 13.56 2.18
0.09 95.69 13.74 2.41
0 95.53 14.11 1.46
0.62 95.3 14.96 2.18
4.06 94.94 16.6 2.21
2.51 94.65 18.24 1.99
1.14 94.37 20.43 3.65
0.04 95.08 17.01 2.11
8.1 94.86 17.03 2.16
2.46 95.61 11.56 4.62
0 96.03 8.12 2.27
0.04 95.22 9.93 2.26
0.06 94.87 15.89 2.2
7.87 94.71 19.06 3.61
2.23 94.76 15.91 2.21
0.64 94.78 14.9 3.36
106.87 95.36 7 2.3
10.44 95.42 5.82 2
0.41 95.97 8.19 1.55
52.55 95.08 10.64 2.81
0.68 95.32 5.96 4.75
0 95.54 4.68 1.7
0.98 95.15 5.75 1.81
0 95.69 5.54 44.88
0.37 95.65 7.31 1.45
0 95.25 11.6 1.41
0 95.33 12.99 1.57
0.12 95.47 15.28 2.82
4.32 94.95 14.37 4.25
0 95.46 9.6 2.18
0 95.19 12.16 1.94
0 95.08 12.31 2.35
1.16 96 4 2.67
36.93 95.36 5.02 1.83
42.54 96.04 1.87 2.58
0 95.66 2.44 1.52
0 95.02 3.75 1.59
0 94.63 8.42 3.5
0 95.83 2.72 2.13
15.97 95.84 2.68 1.37
8.11 96.04 1.99 3.02
0.17 96.11 0.36 2.58
5.85 95.83 -0.68 3.35
0 96.62 -5.06 3.13
0 96.24 -2.85 2.6
0 95.54 1.02 3.27
0 95 1.96 1.87
0 94.11 3.43 1.52
0 95.17 1.26 2.59
0.14 95.95 -1.44 1.94
5.2 96.19 -1.9 3.38
0 96.55 -4.11 1.82
0 95.9 -2.2 2.16
1.56 94.45 2.61 3.5
3.57 94.7 -1.65 1.88
0.3 95.23 -1.41 1.55
0 94.68 4.34 3.82
0 95.39 1.15 5.26
0 95.63 -3.34 2.09
0 95.41 -0.3 2.46
0 95.29 -0.76 2.61
0.24 94.8 -0.1 2.63
2.31 95.3 -4.94 2.23
22.89 95.82 -7.61 1.83
46.45 96.17 -9.51 2.69
0 96.52 -11.28 3.07
0 96.2 -10.44 2.95
0 95.71 -7.99 2.81
0 95.37 -5.42 2.15
0 94.91 -2.51 3.53
0 95.73 -6.41 3.1
0 96.15 -4.24 1.89
0.05 96.42 -5.12 1.93
3.1 95.27 -0.99 3.75
0 96.03 -3.38 3.89
0 95.73 0.86 2.85
0 94.99 3.48 3.44
0 95.15 -1.17 2.86
0.3 95.74 -5.79 3.48
0 95.2 -5.8 3.02
0 95.42 -6.77 2.34
2.81 94.84 -4.18 3.68
0 95.78 -7.57 2.23
0 95.92 -8.07 1.55
0 95.29 -5.4 2.84
8.05 95.67 -3.79 2.56
0 96.27 -9.06 3.65
0 96.19 -10.11 2.26
0.01 96.18 -9.1 3.28
0 95.37 -4.23 2.63
0 95.36 -4.59 1.27
0 95.52 -4.11 1.16
0 95.58 -3.55 1.27
0.02 95.91 -3.11 1.41
0.07 95.99 -5.47 2.64
5.18 95.63 -9.78 3.65
0 96.01 -10.63 2.48
0 95.89 -10.67 1.36
0.03 95.7 -5.49 3.63
0.9 96.39 -9.7 3.89
0 96.24 -11.39 2.21
0 95.93 -9.63 4.23
0 96.15 -8.78 3.17
0 95.67 -7.66 1.74
0 95.55 -6.81 1.57
0 95.34 -2.71 3.39
0 95.52 -4.63 2.32
0 95.18 -2.27 2.84
0 95.81 -5.75 1.5
0 96.11 -7.41 1.49
0 95.63 -3.74 1.53
8.31 95.69 -3.91 1.54
10.05 95.26 -4.79 2.23
0.01 95.41 -7.94 3.4
0 95.65 -10.74 3.83
0 95.4 -10.71 2.84
0.01 95.15 -11.83 2.78
0 95.29 -10.58 4.88
0 96.23 -11.91 2.15
0.07 96.2 -13.73 1.35
0.02 96.11 -13.26 1.41
0.14 95.9 -11.25 2.09
0 96.23 -11.64 1.76
12.81 95.92 -12.83 2.57
0 95.96 -13.4 2.24
0 95.59 -12.62 4.49
0 96.28 -13.9 2.75
0 96.4 -14.03 1.79
0 96.51 -12.69 1.28
0 95.88 -7.7 1.85
0.04 95.16 -3.82 5.06
0 95.68 -6.72 3.57
0 95.16 -8.2 2.63
0.32 96.01 -11.72 4.05
0 96.29 -9.96 3.52
0 95.72 -7.95 3.23
0 96.45 -8.04 3.67
0 95.86 -4.92 2.32
0 95.29 -4 1.73
0.25 94.95 -1.19 2.57
0 95.32 -5.84 3.61
0.01 96.24 -6.73 2.48
0.01 96.2 -7.79 1.11
0.02 95.98 -8.7 5.76
0.01 95.52 -9.8 6.12
0 95.7 -9.41 5
0 95.81 -7.01 3.11
0 95.8 -6.64 1.72
0 96.29 -5.14 1.69
0 96.12 -3.69 2.11
0 94.94 2.73 3.56
1.8 95.33 -3.44 4.53
0 95.9 -6.86 3.34
0 95.3 -5.53 2.61
0 94.25 -3.08 5
0 96.02 -7.25 4.4
8.49 95.78 -6.26 2.91
9.64 95.17 -3.97 4.4
0 95.67 -4.76 3.75
0 95.39 -2.11 3.69
0 95.36 -0.82 3.19
0 95.56 -0.99 1.65
0 95.21 1.67 3.06
0 95.19 0.6 3
0.38 95.58 -4.7 3.56
0 94.77 -0.64 2.65
0 94.89 -0.38 1.63
0.03 95.1 -3.91 2.33
0.12 95.49 -5.3 3.65
0.03 95.25 -7.54 4.2
0 95.25 -5.14 4.97
0 94.78 -0.48 4
0 94.59 0.78 3.12
0 94.8 3.12 1.99
0 95.08 4.43 3.25
0 95.89 -0.49 4.69
0 95.91 1.03 2.89
0 95.87 1.46 2.11
0 95.58 2.94 1.6
0 95.23 3.27 1.83
1.68 95.12 3.92 1.9
0 95.65 5.22 2.04
0.08 95.76 4.46 1.96
0.5 95.82 1.85 3.42
0 95.62 1.8 2.21
0 95.39 2.87 2.1
0.47 95.78 1.63 1.46
3.71 95.45 1.28 1.47
1.23 95.29 2.92 2.69
0.46 95.21 1.81 2.18
0 95.4 2.88 2.58
0 95.17 5.57 2.58
0 95.11 9.15 3.7
0.05 95.94 4.05 2.69
0 95.73 4.28 1.96
0 95.13 5.63 1.75
0 95.14 9.25 2.13
0 95.04 12.63 3.26
0 94.72 16.77 4.06
0.32 94.46 14.57 3.7
2.29 94.56 10.97 3.69
1.22 94.63 9.8 2.7
0 95.4 8.61 3.58
0 95.36 8.83 2.12
0 94.36 13.38 3.94
0 94.94 7.84 4.06
0 94.86 6.86 2.41
0 94.18 12.77 4.54
0 93.8 15.31 3.03
0 94.24 16.56 3.39
0.15 94.6 14.15 3.25
1.58 93.49 14.38 4.87
0.25 93.67 7.83 6.1
3.9 94.04 7.97 3.15
3.47 94.43 9.31 3.34
0 94.84 10.14 2.29
0.01 94.17 13.37 5.11
0 94.42 9.83 3
0 94.74 9.09 3.37
0.01 95.39 8.84 3.73
0 95.42 10.58 4.88
0 94.6 15.16 4.51
0 94.07 17.21 3.33
0 93.73 20.81 4.5
0 94.62 16.53 2.41
0 94.93 18 2.52
0 94.87 21.69 4.26
1.33 94.79 19.32 5.84
9.99 94.76 14.99 3.54
14.45 94.45 9.86 6.11
0 94.7 10.54 6.37
0 94.56 18.33 4.16
0 94.27 20.51 2.6
0 93.98 21.12 4.47
0.25 94.02 19.3 3.27
0.02 94.17 15.16 5.32
0 94.02 13 4.71
2.3 94.26 12.16 4.46
0.18 94.98 13.84 4.86
0 94.93 16.57 2.42
0 94.14 20.11 1.76
0 93.96 23.91 2.21
0 93.94 28.92 3.85
1.18 94.34 26.61 3.4
1.15 94.63 23.36 2.85
5.2 95 14.87 3.68
200.13 95.08 9.53 2.27
0.03 94.83 16.47 2.2
0.01 94.42 19.45 2.12
0.07 94.96 15.12 3.05
0 94.48 19.1 2.51
0 94.09 21.67 3.02
0 94.4 21.99 4.01
16.38 94.68 17.44 2.82
0.46 94.15 20.18 3.11
10.87 93.72 20.19 2.97
0 94.21 17.34 3.45
117.5 94.52 11.41 1.94
0 94.61 15.86 2.4
0 94.63 19.89 2.36
0 94.75 21.76 2.22
22.47 94.44 15.79 2.58
1.08 94.19 18.75 2.8
0.25 94.08 21.78 3.78
0 94.19 20.76 3.58
0 94.55 18.84 1.98
4.51 94.7 18.26 1.85
25.03 94.99 18.45 1.78
0 95 20.8 2.13
0 94.56 27.04 2.42
0.11 94.29 27.56 1.67
1.6 94.14 26.46 2.77
9.38 94.03 24.14 2.35
39.42 94.05 20.87 2.71
79.8 93.95 19.45 1.8
6.39 94.01 20.02 2.53
0.33 94.19 21.22 2.3
63.01 94.56 18.67 1.53
91.4 94.45 17.29 1.69
4.38 94.17 19.33 1.46
3.32 94.15 22.08 1.49
0 94.32 24.13 1.69
23.15 94.18 25.26 2.97
18.31 94.19 26.56 3.14
0.07 94.08 27.49 3.19
6.29 93.99 27.21 2.58
17.63 93.87 27.29 2.31
29.53 94.06 24.98 2.41
0.36 94.17 25.57 2.15
16.03 94.32 24.12 1.88
49.54 94.48 22.72 1.55
42.24 94.24 24.09 2.74
647.56 93.43 22.66 2.49
21.33 93.37 24.72 2.79
39.5 93.55 24.54 2.76
0.4 93.52 24.05 1.85
0 93.78 25.49 2.18
0.44 93.86 28.38 2.48
66.2 93.65 27.71 3.26
12.93 94.09 25.34 1.96
10.85 94.41 26.28 1.81
0 94.53 27.13 1.8
0 94.44 28.62 1.95
0.01 94.17 28.9 2.92
29.02 93.97 26.48 2.8
46.4 93.98 21.98 2.42
37.72 94.71 21.23 2.04
17.92 94.68 21.4 1.68
1.96 94.21 23.81 1.24
1.23 94.34 23.81 1.61
0.31 94.55 23.94 1.98
23.3 94.18 22.56 2.75
1.12 94.42 22.99 2.52
0 94.92 22.98 1.66
0 94.48 23.49 1.66
70.43 94.08 23.58 2.78
0.05 94.24 25.24 1.86
0.6 94.3 26.42 2.49
29.42 94.06 25.15 2.03
708.96 93.52 22.94 1.99
13.67 93.91 24.15 1.45
84.38 93.95 24.26 2.26
34.65 93.8 22.37 1.92
2.24 93.85 23.74 2.18
18.66 93.72 22.5 1.48
36.8 93.53 20.7 1.57
11.41 93.62 23.08 1.43
9.84 94.02 23.71 2.47
36.21 94.39 22.81 1.99
0.29 94.54 23.54 1.76
19.31 94.48 22.21 1.68
25.41 94.4 21.4 1.59
275.75 94.48 19.41 2.28
70.61 94.63 20.51 1.94
45.3 94.77 21.31 1.75
16.66 94.79 21.75 1.82
6.7 94.41 22.33 1.87
0.92 94.15 25.49 1.92
26.93 94.62 22.65 2.11
281.38 94.52 19 2
0.03 94.51 20.02 3.72
0 94.58 18.15 3.53
0 94.9 19.19 2.13
13.07 94.61 17.01 2.76
4.51 95.08 15.85 2.81
0 95.2 14.3 2.03
0 94.93 16.67 2.17
0.41 94.93 16.88 1.6
2.22 94.76 19.66 1.8
10.32 94.79 19.29 1.93
5.17 94.68 19.87 2.6
2.58 94.51 21.05 2.81
0.03 94.41 20.13 3.57
0 94.33 19.11 1.75
0 94.11 21.41 2.15
1.1 94.7 18.07 2.65
9.11 94.72 17.87 2.1
67.32 94.59 16.54 1.63
0.03 94.85 16.29 2.12
0 95.24 15.13 1.74
0 95.49 15.87 1.66
2.5 95.43 17.74 2.3
5.59 95.23 18.53 2.06
0.73 94.81 18.99 2.58
0.01 94.64 17.13 2.36
0 94.08 19.22 2.17
0.19 94.55 15.34 3.01
0 94.91 15.16 1.6
0.65 94.23 19.54 3.18
16.69 94.28 16.91 3.66
0 94.44 18.11 3.92
0.08 94.78 17.71 2.52
14.49 94.72 16.12 2.59
26.03 95.04 12.93 2
0.06 94.98 9.89 2.28
0 94.87 8.79 3.47
0 94.71 9.84 2.57
0 94.81 13.49 2.61
0.08 95.01 14.82 3.88
0 95.77 8.89 2.52
0 96.1 7.47 2.01
0 95.84 9.63 2.51
0 95.14 14.4 3.65
0 94.91 15.36 3.11
0 95.27 13.83 1.95
13.4 95.57 12 1.57
91.45 96.22 8.59 3.2
23.96 96.23 4.92 2.59
1.18 96 4.81 3
1.24 95.62 4.5 2.24
0 95.49 6.04 3.02
0.01 96.08 4.44 1.23
24.33 96.12 6.56 1.87
0.07 96.46 5.05 1.77
0 96.26 5.39 1.74
2.74 95.58 8.35 1.58
0.05 95.4 8.67 1.37
0 95.08 11.59 2.5
0.01 95.83 6.83 1.81
7.87 95.92 3.86 1.66
0.06 95.91 4.96 1.65
0 95.68 6.93 1.88
0 95.78 7.7 1.36
0 95.14 10.25 1.56
0.03 94.98 11.13 1.87
0 95.86 6.55 4.52
0 96.38 1.66 3.66
0 95.82 5.26 2.36
0 94.92 8.22 2.84
