0.81 95 -16.17 1.32
0.04 95.68 -17.01 1.55
24.18 95.51 -18.83 1.53
7.13 95.78 -18.59 3.1
0 96.09 -20.21 1.91
0.01 96.28 -20.62 1.98
0.07 96.38 -18.3 1.35
21.71 95.74 -16.93 0.98
6.16 95.95 -16.59 1.28
0 96.22 -16.5 1.41
0 96.21 -16.27 2.79
0 95.64 -18.88 3.06
0 95.67 -16.59 3.28
2.07 95.46 -15.73 1.31
0 96.54 -15.5 1.38
0 96.11 -13.97 1.11
0 95.79 -10.97 1.13
0.01 95.7 -6.94 1.17
0 95.19 0.25 2.89
0.13 96.39 -9.51 4.46
0 96.33 -13.27 2.96
0 96.05 -11.75 4.61
0 95.53 -8.46 3.66
0 94.94 -8.71 4.3
0 95.93 -9.65 3.43
0 99.29 -5.41 2.81
1.35 94.82 -4.08 2.2
0.02 95.47 -10.94 3.99
0 95.06 -5.68 4.63
0 95.08 -5.47 1.77
0 95.66 -8.67 1.56
0.74 95.8 -10.94 1.92
0 95.84 -14.34 2.34
0 95.78 -13.22 2.38
0 95.74 -13.65 2.22
0 96.07 -13.82 1.4
0.03 95.95 -11.62 2.13
4.44 95.04 -3.98 2.56
0 95.12 -4.99 1.53
0 95.73 -7.17 2.41
0 96.33 -10.42 2.78
0 96.73 -12.02 3.04
0 96.47 -12.06 1.91
0.06 95.84 -10.32 2.21
0 96.27 -10.74 2.48
0 96.43 -12.63 1.76
0 95.97 -10.84 1.54
0.01 95.56 -9.02 3.09
0 95.37 -8.69 2.58
0 94.82 -4.36 1.92
0 94.66 -6.63 1.7
0 94.81 -5.81 1.82
0 94.84 -4.18 2.49
0 93.82 1.38 1.88
2.85 94.16 -2.4 1.69
0 95.21 -5.8 2.11
0.39 95.39 -4.68 1.8
5.01 95.04 -5.79 1.97
1.51 95.68 -7.75 2.18
0.17 95.37 -7.63 2.06
0.76 95.14 -3.24 3.47
0 95.22 -2.48 2.63
50.11 94.78 -2.22 2.66
2.12 95.9 -9.81 3.47
0 96.57 -11.94 1.67
0.02 96.82 -12.06 1.58
4.65 97.13 -10.13 2.37
0.01 96.38 -9.92 2.67
0 95.03 -4.83 2.34
0.32 93.95 1.82 3.04
0.83 95.1 -4.73 4.16
0 95.7 -3.04 1.89
49.09 95.11 -0.43 2.04
0.86 95.14 -2.94 5.5
0.01 95.55 -4.84 2.57
0 95.94 -5.5 2.31
0 94.96 -3.23 2.69
0.4 93.58 3.91 2.39
39.32 94.24 -0.87 3.46
0 94.59 0.18 2.75
0.07 94.59 3.9 3.69
0 95.25 2.34 2.5
0 95.77 -0.48 2.5
0.05 95.78 -3.39 3.38
1.05 95.28 -2.61 1.87
3.49 95.86 -2.08 1.7
0 95.77 3.07 1.52
0.1 95.54 5.8 1.9
7.11 94.96 8.5 3.63
3.34 94.72 7.24 4.51
0 95.16 1.67 5.1
0 95.2 -0.25 4.05
0 94.84 4.15 3.72
0 94.55 8.73 3.61
5.66 95.17 2.67 2.28
0.01 95.82 1.71 2.19
0 95.26 6.78 3.28
0.31 94.07 12.47 5.12
24.09 94.82 2.83 2.71
0 95.14 3.37 2.9
1.47 95.06 2.15 2.02
52.41 94.93 0.52 3.19
0.02 95.71 -1.16 4.76
0 95.81 1.93 2.52
0.51 95.14 4.22 2.42
7.09 95.38 3.13 1.91
0 95.37 4.86 2.49
26.75 94.67 10.82 2.49
29.39 95.14 8.56 1.66
0.35 95.52 8.12 2
0.21 95.75 9.54 1.96
1.14 95.51 8.98 1.96
0.17 95.42 8.05 1.93
0 95 12.35 3.1
5.56 94.76 12.77 4.03
26.56 94.62 4.46 3.33
6.62 94.23 2.6 3.52
0.11 94.38 4.95 5.71
1.32 94.53 7.06 4.73
6.89 94.76 11.72 2.36
0 94.21 17.12 2.03
0 93.96 18.6 3.82
0.34 94.46 16.46 2.19
3.83 93.95 89.5 2.36
208.54 93.61 10.25 2.53
4.55 94.12 13.38 3.88
46.62 94.11 11.88 1.7
7.11 94.34 14.88 2.49
48.4 94.17 11.28 3.61
13.32 94.07 9.21 2.2
1.4 95.08 9.86 2.24
0 95.33 13.07 1.62
0 95.26 16.06 1.51
3.77 94.88 17.01 3.37
6.78 94.77 20.09 2.45
1.43 94.94 19.26 2.29
18.63 94.47 17.07 2.45
200.08 93.64 12.25 2.43
0.26 93.37 18.2 4.41
0 94.18 21.35 2.48
0 94.33 23.7 2.36
0.56 94.31 22.15 1.99
0.65 93.97 21.39 2.34
10.96 94.21 17.48 3.62
0.43 94.8 21 2.84
0.23 95.19 21.81 2.15
10.05 95.14 18.78 1.74
93.98 94.54 15.51 2.19
59.53 94.17 16.69 1.94
71.56 94.61 15.34 1.76
6.69 95.2 16.6 1.2
4.33 95.12 17.79 1.49
0.82 95.23 19.05 1.52
0 95.28 21.07 1.79
0.02 95.07 22.22 2.05
0 94.78 23.25 2.16
0 94.78 23.45 2.29
0 94.89 24.06 3.21
0 95.01 24.04 3.14
0 95.1 24.18 2.07
2.4 94.98 21.1 2.16
0.05 94.7 21.12 3.23
0.77 94.36 23.28 1.91
27.5 94.12 23.18 2.72
58.37 94.02 21.96 2.65
0.51 93.91 23.59 2.39
27.53 94.01 23.47 1.76
94.13 94.06 20.65 1.94
30.46 94.16 20.23 1.75
1.07 94.25 22.51 1.21
0.06 94.63 22.93 2.49
0.04 94.21 23.4 1.6
4.7 94.54 20.45 2.14
0 94.65 23.01 1.55
0 94.51 25.44 1.95
0 94.5 26.26 2.66
0 94.42 25.73 1.77
11.46 94.25 21.98 1.53
26.57 94.16 22.66 1.46
0.21 94.22 24.07 1.48
0.16 94 25.75 1.28
83.23 93.95 22.21 2.17
1.73 93.96 24.84 1.49
0.07 93.97 27.66 1.76
4.2 93.94 27.1 1.72
0 93.95 26.62 2.82
0.04 94.07 25.27 2.55
7.13 94.36 21.54 1.71
2.04 94.54 22.66 2.04
1.81 94.5 22.21 2.29
53.9 94.29 21.44 1.64
129.3 94.29 20.65 1.49
303.38 94.55 20.15 1.33
5.62 94.82 22.38 1.12
0 94.75 23.92 2.19
89.61 94.33 22.41 2.33
6.37 94.1 24.8 2.72
3.33 94.33 25.82 2.22
3.34 94.3 26.93 2.36
13.56 94.39 25.72 2.34
130.12 94.3 23.61 1.79
1.29 94.53 24.61 1.52
1.37 94.64 25.88 1.62
11.24 94.67 26.75 1.33
4.23 94.81 27.41 1.63
0.92 94.67 27.85 2.03
8.26 94.59 26.96 2.39
35.61 94.22 26.57 2.27
303.95 93.82 26.14 2.47
9.35 93.81 22.59 1.31
45.31 93.79 25.61 1.2
202.72 94.12 21.98 1.38
0 94.73 21.26 1.88
0.04 94.62 22.55 1.46
9.86 93.91 24.51 2.8
60.85 94.14 22.86 1.69
77.92 94.53 21.9 2.86
0 95.27 20.19 1.54
27.81 94.87 20.1 1.51
82.33 94.18 22.29 2.05
33.68 94.25 22.62 2.05
0 94.48 21.6 1.89
0 94.2 24.37 2.35
33.2 93.92 24.85 1.94
1.98 93.82 26.14 2.12
20.18 93.72 24.05 3.22
0 94.23 22.05 2.77
0 94.58 22.17 1.72
10 94.58 22.69 2.02
12.22 94.75 22.92 2.1
129.37 94.91 22.42 1.8
0.91 95.21 22.61 1.76
170.42 95.1 18.58 1.62
68.57 95.07 18.94 1.45
0.78 95.07 19.93 1.4
0 95 21.96 1.67
0.11 95.21 21.62 1.75
1.91 95.41 21.43 1.54
0 95.13 20.82 1.69
1.1 94.92 19.74 1.57
26.13 94.54 20.4 1.57
5.67 94.65 20.52 1.1
1.16 94.7 21.75 1.8
11.32 95.19 19.93 1.6
6.66 95.33 20.86 1.24
0.02 95.21 19.83 1.22
0 94.93 19.72 1.71
0 94.72 22.25 1.63
0.75 94.92 23.3 1.81
0 95.45 18.48 1.65
0 95.28 17.65 1.42
2.53 94.84 18.35 1.35
6.3 94.52 19.04 1.42
0.15 94.75 19.43 1.51
0 94.9 20.56 1.14
6.72 94.96 21.95 1.33
0 95.05 22.41 1.84
6.53 94.85 20.91 2.07
109.94 95.19 15.04 1.98
289.93 95.3 9.19 1.76
173.67 95.17 12.46 1.41
0 94.91 16.03 1.43
56.96 95.14 14.52 1.91
202.32 95.77 9.47 2.33
0 95.67 9.92 2.42
0 95.45 12.28 1.5
2.21 95.19 14.39 1.4
8.96 94.95 15 2.39
0.25 95.14 12.55 2.5
0 95.1 10.83 4.6
0 95.92 9.07 2.39
0 95.51 9.88 1.45
0.02 95.22 14.61 1.83
1.45 95.52 12.76 1.44
294.63 95.25 7.74 2.32
73.96 95.21 7.94 2.45
0 95.33 9.26 1.63
0 94.95 13.04 1.35
0 94.85 16.35 2.34
0 95 17.44 2.43
0 94.94 17.16 2.18
0 94.5 16.65 3.07
35.71 95.03 11.2 1.8
155.59 95.47 5.44 2.14
0 95.59 8.06 1.51
0 95.16 9.49 1.79
0 95.35 8.51 3.09
0 94.86 7.81 2.8
0 95.62 3.15 2.62
0 96.21 1.17 1.01
21.47 96.13 0.21 1.4
57.75 96.18 0.85 1.08
0 96.07 1.92 1.2
0 95.53 4.51 1.38
0 95.26 8.82 1.3
7.82 95.42 8.84 1.83
7.33 95.94 3.66 3.12
0 96.32 -0.17 3.22
0 96.97 -1.44 2.05
0 96.16 0.63 1.5
0 96.04 4.2 2
0 96.03 5.32 1.28
0 96.09 5.57 1.37
0 95.91 5.85 1.94
0 96.41 2.18 3.18
0 95.97 1.43 1.86
0 95.54 5.08 1.57
0 95.64 4.39 1.33
0 95.33 6.48 1.68
0 95.03 7.08 1.37
4.95 95.18 3.36 2.29
0.39 95.69 0.15 3.34
0 95.36 -1.32 1.47
0 94.92 0.41 1.33
19.32 94.4 1.06 3.87
1.56 94.83 -0.68 1.92
0.69 95.84 -1.42 4.14
0 96.8 -4.93 2.79
0.05 96.15 -3.26 2.32
0 95.49 0.05 1.49
0 95.42 0.95 1.81
0 95.11 4.39 2.78
0 94.64 3.09 2.21
0 94.4 5.21 1.83
0.4 94.57 1.93 4.17
0 95.31 -2.62 1.97
0 95.15 -2.26 1.81
0.02 95.41 -2.28 4.14
0 95.67 -6.3 2.68
0.39 94.83 -5.9 2.58
0 95.21 -7.18 6.19
0.18 95.34 -7.45 1.46
0.12 95.21 -6.27 1.36
0 94.88 -2.96 1.99
0.03 94.47 -3.03 1.83
0.06 95.06 -7.15 3.68
0 95.15 -6 2.09
0 94.17 2.28 2.27
0 95.5 -2.78 2.98
0 96.06 -5.81 3.29
0 94.78 -5.3 2.49
0 94.75 -6.65 1.57
0 94.22 -4.85 1.73
2.22 94.11 -8.41 3.79
0 95.1 -12.04 1.83
0.86 95.42 -13.35 1.87
0.06 96.18 -15.14 2.98
0 96.11 -16.28 3.68
0 95.83 -15.53 3.54
0 94.52 -8.65 3.7
0 94.37 -6.64 1.63
0 94.42 -4.53 1.87
0 94.69 -2.78 2.65
0 94.92 -1.21 1.95
0 94.65 -6.8 1.41
0.23 95.21 -10.11 2.94
0 96.48 -16.66 3.21
0 96.46 -15.89 3.37
0 95.56 -14.76 3.27
0 94.48 -12.11 2.82
0 94.15 -9.01 2.33
0 94.8 -11.99 3.22
3.95 95.02 -12.43 2.03
0.04 95.23 -13.06 4.47
0.13 95.75 -11.67 4.82
0 95.89 -11.8 3.34
0 96.04 -12.62 2.66
0 95.64 -12.74 1.01
0.02 95.25 -12.8 1.63
0.04 95.44 -11.77 4.79
0 96.05 -10.74 4.12
0.02 95.38 -8.61 1.78
0.27 95.24 -9.74 3.75
0 95.8 -13.78 4.14
0 95.06 -11.4 2.95
0 94.61 -12.59 3.87
0 94.75 -12.61 2.02
0.01 94.75 -11.33 3.14
0.04 95.73 -15.2 3.34
0 96.16 -17.59 3.51
0 95.97 -15.3 2.45
0 95.8 -14.31 2.5
0 95.54 -14.81 3.1
0 95.51 -14.56 3.66
0 95.42 -12.8 2.22
0 95.23 -12.85 1.69
0 95.23 -13.4 3.25
0.06 95.49 -14.7 3.57
0.02 95.64 -14.37 1.75
0.05 95.81 -14.7 2.34
0 96.23 -15.03 1.75
0 96.52 -14.01 2.96
0.03 96.07 -14.05 3.27
0 95.79 -14.96 3.7
0 95.59 -11.15 3.86
0 95.22 -4.48 2.77
0 94.9 -5.27 1.98
0 94.81 -7.81 1.64
0 94.68 -6.49 2.18
0 94.91 -5.62 2.28
0.04 94.13 -4.02 4.44
0.02 94.69 -3.47 2.64
0 94.35 -6.4 2.12
0.47 94.49 -7.19 3.28
0.14 95.29 -10.31 1.94
1.47 95.27 -9.54 1.12
2.28 95.54 -13.04 3.92
0 95.66 -12.5 2.2
0.21 95.56 -11.52 1.89
0.14 95.54 -11.93 1.58
0 94.86 -4.49 2.93
0.83 94.81 -5.29 1.83
2.8 95.24 -4.8 2.65
0 95.23 -4.41 1.97
0 95.11 -0.82 1.73
0 95.39 -0.89 1.61
0 95.02 1 2.1
0 94.55 1.9 3.33
4.41 94.34 0.62 2.01
0.15 95.05 -3.78 2.91
0 95.67 -4.55 1.73
11.4 95.1 -2.24 4.12
0.95 95.85 -8.76 3.5
0.05 95.38 -7.71 3.09
0 95.08 -6.82 3.39
0 95.08 -6.84 2.34
0 95.21 -4.37 3.18
0 94.87 -1.09 2
0.14 94.36 1.56 2.57
0 95.17 -1.62 3.47
0 94.91 -1.52 4.49
0 94.95 -3.77 4.39
0 95.3 -1.9 3.82
0 95.04 -0.25 3.75
0 94.42 2.15 2.81
0 93.72 6.83 2.14
0.03 94.45 2.62 4.31
0 95.57 -1.99 4.11
0 95.27 -4.94 4.42
0 95.03 -3.26 3.12
0 94.44 3.17 3.03
0 94.11 4.55 5
0 94.51 1.94 3.88
0 94.66 -0.23 2.31
2.97 95.29 -3.51 4.42
0 95.38 -2.75 3.15
0 95.11 -1.99 2.54
0 95.26 -2.22 4.59
0 98.13 -0.5 2.63
0 98.1 0.97 2.92
0 97.93 3.04 2.93
0 98.2 2.84 1.96
0 97.89 7.09 3.01
0 97.56 8.11 2.14
0 97.16 10.28 4.1
0 98.41 2.44 3.99
0 98.35 2.48 2.33
0 97.92 5.82 2.6
0 97.82 7.66 1.37
0 94.94 9.69 2.61
0.06 94.22 10.39 5.25
1.28 94.57 8 4.91
0 94.57 7.9 3.85
0 94.4 8.76 3.28
1.45 95.08 5.4 3.49
0 94.78 9.1 3.41
0 94.18 14.07 3.33
0 94.25 13.54 1.7
0.03 93.54 15.9 3.34
0 94.35 10.71 5.21
0 94.1 12.08 4.11
1.59 94.11 8.47 6.91
0.38 94.74 7.16 4.97
0 94.58 9.68 2.14
0 94.02 13.46 3.82
58.19 94.74 7.42 2.22
2.77 94.63 6.51 2.1
13.94 94.36 5.4 3.11
6.16 93.95 6.36 3.68
0.09 93.52 8.68 1.87
11.37 93.54 9.39 2.81
1.2 94.2 7.59 2.86
0 93.72 9.91 1.51
44.18 93.11 8.83 1.7
3.9 93.07 9.42 2.24
0.78 93.99 13.61 3.46
0.2 94.23 11.43 4.14
0 94.55 12.72 2.7
3.74 94.1 12.39 2.75
126.01 93.32 9.43 2.97
0.19 93.38 11.08 3.79
0.01 93.89 13.45 3.03
2.07 93.9 14.58 3.68
17.1 93.7 16.55 2.97
0 93.95 18 2.48
0.15 93.65 16.01 4.91
1.05 93.59 12.55 5.9
0 93.78 15.08 6.41
0 93.86 16.4 4.51
0 94.4 13.38 3.24
0 94.37 14.16 2.32
0.02 93.26 17.77 2.39
14.22 93.07 18.73 3.51
10.98 94.21 13.53 2.94
3.06 94.33 11.89 3.16
0.62 94.21 12.91 4.43
0 94.06 17.54 3.33
0 94.18 18.67 2.9
0 94.32 20.88 3.22
7.67 94.25 20.01 3.99
12.75 94.18 18.43 4.85
0.03 94.03 19.58 2.68
0.65 93.86 22.92 4.49
15.2 93.92 22.08 2.69
33.73 93.52 18.64 3.38
6.63 93.44 17.26 3.06
0.05 93.88 19.53 3.04
6.97 93.61 20.12 5.27
3.46 93.72 18.93 3.85
0.22 93.97 19.53 1.96
1.68 93.85 22.73 1.99
10.53 93.23 23.81 2.92
16.78 92.95 21.59 2.57
16.14 93.19 21.61 2.25
0 93.6 22.41 2.54
51.77 93.54 20.42 2.04
150.12 93.7 15.97 2.56
5.04 93.9 19.49 1.93
5.38 93.92 21.38 1.49
68.75 93.7 20.64 2.13
69.62 93.69 18.79 2
110.58 93.89 17.51 1.9
0.84 94.06 20.38 1.94
0 93.98 23.65 1.42
0 93.84 25.69 1.87
0.04 93.57 26.96 2.7
0 93.5 26.82 2.74
13.52 93.25 22.23 2.18
65.47 93.51 16.34 2.45
1.59 94.2 19.14 2.67
0 94.54 20.69 1.58
4.15 93.96 22.04 3.01
6.45 93.27 22.94 2.57
16.13 93.45 24.51 2.64
0.02 93.6 24.58 2.96
39.26 93.51 23.75 2.45
42.73 93.6 22.24 1.42
0.29 93.5 23.46 2.25
0 93.62 23.78 2.52
0 93.75 25.35 2.62
71.31 93.27 22.25 2.38
0.59 92.99 24.69 3.27
92.88 93.04 18.04 1.93
16.58 93.11 18.68 2.72
10.49 93.78 21.11 1.84
19.01 93.94 22.86 2.25
10.38 94.01 23.8 2.02
8.09 94.02 23.45 2.26
1.9 93.83 24.09 1.35
30.75 93.94 21.99 1.82
18.18 93.91 22.24 1.64
44.36 93.77 21.65 1.68
12 93.83 21.07 1.42
71 93.89 21.75 1.5
322.83 93.75 20.35 2.1
58.89 93.66 20.98 1.39
64.45 93.59 21.9 1.88
13.52 93.58 23.02 1.92
0.15 93.64 25.37 1.47
41.41 93.61 25.73 2.11
451 93.41 22.14 2.09
56.51 93.37 22.58 2.44
11.56 93.56 23.01 2.03
0.42 93.8 24.59 1.39
94.02 93.98 21.21 1.7
79.39 93.62 21.18 1.59
0.03 93.69 23.41 1.79
0.21 93.82 24.18 2.07
0.76 94.16 23.1 2
0.04 93.77 23.53 2.04
0 93.74 24.08 1.69
0.04 93.95 24.1 1.56
7.2 93.92 23.4 1.44
7.54 93.95 23.71 1.69
7.82 93.61 23.82 1.75
8.09 93.73 25.23 1.95
0 94.12 24.58 1.32
0 93.95 25.86 1.21
0 93.67 25.98 1.79
10.09 93.43 25.5 1.71
115.1 93.78 21.23 1.84
266.03 93.83 18.6 1.85
13.3 93.86 21.3 1.47
9.12 94.02 20.74 1.35
0.09 94.29 21.34 1.69
0.11 94.42 21.96 1.29
0 94.42 23.01 1.35
0.88 94.3 23.03 1.49
12.02 94.5 21.06 1.63
0 94.5 20.6 1.43
58.42 94.47 19.9 1.34
6.98 94.69 19.78 1.55
1.05 94.78 20.97 1.29
10.78 94.57 19.43 1.9
5.56 94.25 20.66 1.36
0.66 94.16 21.8 1.49
0 94.1 22.96 1.39
12.01 93.86 22.33 2.8
1.59 94.37 19.09 1.9
0 94.18 19.79 1.56
8.81 94.69 18.07 2.48
0.46 94.62 18.65 1.63
0 94.68 18.1 1.49
0 94.22 19.3 1.37
10.79 93.87 18.43 2.91
3.96 94.49 13.6 1.81
0.18 95.06 13.17 1.82
4.51 95.3 13.29 1.93
6.33 94.77 16.46 2.03
0.54 94.52 17 2
0.08 94.12 19.36 3.1
9.1 94.15 17.43 2.08
15.97 94.38 14.45 1.52
47.42 94.73 12.68 2.14
0 95.13 9.29 2.33
0 95.56 9.51 2.32
0 95.38 10.37 1.46
0 95.04 11.83 1.7
0 94.65 13.32 1.63
0 94.74 14.4 2.36
0 94.62 14.7 2.02
0 94.38 17.26 2.79
0.04 94.66 17.63 1.89
0.2 94.81 18.52 2.98
0.04 94.63 17.92 2.1
8.76 94.46 15.1 1.78
0.11 94.92 8.65 3.19
0 95.4 6.65 2.53
0 95.47 6.92 2.88
0 95.93 7.79 3.33
0 95.58 9.04 1.68
0 94.9 10.75 2.24
0 94.35 11.84 3.02
0 94.92 9.76 1.76
0 94.89 10.44 1.35
0 94.66 13.94 2.04
0.11 95.07 13.54 2.72
0 95.58 9.47 1.29
0 95.31 11.91 1.54
0 94.73 13.99 1.47
63.15 94.16 10.41 1.64
3.19 94.1 8.89 2.32
1.08 93.74 7.91 2.85
1.34 94.24 8.53 4.07
0 95.2 5.25 1.99
0 95.26 8.32 1.37
0 95.05 10.56 1.97
0.02 94.9 13.81 3.05
0 94.85 13.31 1.83
0.39 94.74 11.46 1.57
42.07 95.29 4.57 3.28
0.01 95.63 2.02 3.24
0 95.63 3.98 1.79
0 95.19 5.54 1.51
1.44 95.05 6.85 2.49
0 95.33 6.22 1.6
0 94.98 6.82 1.54
0 94.81 8.56 2.92
0 95 9.98 3.7
4.55 95.2 10.63 2.62
0.05 95.76 4.83 1.57
1.12 95.45 7.98 1.58
2.67 95.22 9.57 2.98
0.18 95.9 2.76 2.68
0.07 95.75 1.15 1.09
0 95.69 3.18 1.38
0 95.65 3.45 1.55
0 95.45 2.07 1.21
0 94.82 2.26 1.22
0 94.24 3.93 2.02
0 94.52 5.06 3.33
0.03 95.29 -1.93 2.57
0 95.37 -4.33 1.82
0 95.41 -3.37 1.5
0 95.62 -1.01 1.69
34.02 95 0.93 0.85
4.19 94.78 -0.62 2.52
1.63 95.01 -5.19 3.62
0 95.49 -6.72 2.37
0 95.48 -4.34 1.93
11.13 95.09 -5.37 2.86
0.16 95.7 -7.77 2.77
0 95.4 -8.3 0.98
0.12 95.38 -6.39 1.53
0.3 94.76 -0.25 2.13
0 94.84 -0.98 1.43
0 95.64 -3.62 2.13
0 96.17 -8.05 1.55
0 96.45 -8.17 2
0.12 95.72 -7.65 1
0.05 95.01 -5.17 1.1
0 95.22 -6.56 1.37
0 95.55 -8.28 0.88
1.17 95.76 -8.48 0.95
1.22 95.74 -5.81 0.88
1.12 96.02 -7.95 2.53
0.04 96.33 -12.07 3.64
0 95.96 -11.61 3
0.01 95.15 -6.99 4.84
0 95.19 -3.86 2.86
0 95.62 -6.86 1.77
0.01 94.93 -4.35 2.74
0 95.66 -9.73 4.33
0 95.86 -13.4 3.12
0 95.98 -12.57 3.77
0 95.73 -10.84 2.13
0 95.79 -10.58 2.14
0 95.67 -11.15 1.19
0 95.35 -10.45 1.98
0 95.32 -9.64 4.2
0 95.54 -11.67 2.75
0 95.08 -9.89 3.31
0 95.23 -12.51 2.14
0 95.73 -11.94 1.88
0 95.98 -10.7 2.05
0 95.53 -7.51 2.21
0 95.88 -10.64 1.56
0 96.2 -14.35 1.14
0.17 95.67 -12.34 0.87
0.01 95.46 -9.9 1.78
0.11 95.85 -11.28 1.94
0.42 95.28 -11.71 2.77
0.12 95.46 -12.83 4.18
0 95.67 -12.15 2.76
0 95.45 -11.23 1.69
0 96.24 -14.27 1.31
0.2 96.14 -14.61 0.96
0 95.73 -12.02 1.56
0 95.69 -12.98 1.11
0.11 95.76 -12.33 3.26
0 95.85 -12.62 2.89
0 95 -7.62 3.08
0 95.25 -8.91 2.37
0 95.16 -8.97 2.33
0 94.89 -10.39 0.94
0.09 94.71 -8.61 1.36
0.29 94.91 -11.5 1.09
0 95.08 -10.46 1.34
0 95.51 -11.05 1.33
0.02 96.17 -14.05 3.15
0 96.05 -17.76 3.41
0 95.7 -17.82 2.67
0 95.19 -16.88 2.19
0 95.05 -16.2 2.96
0 94.66 -14.07 3.13
0 94.75 -13.39 1.73
0 95.27 -14.63 1.58
0 95.5 -14.54 1.87
0 95.89 -15.43 1.74
0.07 95.5 -16.76 1.48
0.35 95.05 -16.19 4.03
0 95.84 -17.66 4.25
0 95.84 -16.02 3.05
0 94.88 -13.27 3.19
0 94.95 -10.34 2.46
0.2 94.4 -6.99 2.47
0.04 95.03 -13.45 5.02
0 95.25 -16.17 4.9
0 94.83 -12.93 5.2
0 94.98 -10.9 3.09
0 95.31 -10.92 3.06
0 95.35 -10.85 1.73
0 95.07 -8.92 2.77
0.05 94.79 -4.44 2.3
0.12 95.36 -8.92 3.08
0 95.31 -10.49 2.97
0.06 95.38 -11.8 3.23
0 95.52 -13.25 4.6
0 95.42 -10.48 3.46
0 94.82 -6.03 2.79
0 94.91 -8.38 2.23
0 94.67 -9.38 1.31
15.57 94.3 -7.92 2.2
0 95.24 -7.48 2.61
5.74 95.1 -6.51 2.23
0.02 95.57 -9.01 3.26
0 95.5 -8.19 2.69
0 94.98 -6.18 1.57
0 94.6 -2.27 2.57
0 94.75 -0.43 2.18
14.78 95.3 -4.01 1.21
0.65 95.5 -7.32 1.75
0.41 95.44 -6.09 1.53
0.07 94.82 -1.89 2.05
28.74 94.12 -3.87 1.72
22.92 94.2 -4.12 2.73
0.05 94.84 -4.42 3.9
0 95.55 -8.59 3.9
0 95.23 -8.41 1.98
0.53 95.15 -7.96 4.45
0 95.62 -8.11 3.89
0 95.28 -5.99 1.78
0 94.65 -2.03 3.15
0 95.18 -0.98 2.18
0 94.82 2.55 3.2
4.16 93.9 5.5 4.27
8.61 94.55 -2.8 3.63
14.93 95.4 -7.76 2.1
0 95.17 -2.54 2.19
0 95.11 -0.21 2.1
0 94.51 4.07 3.32
0 95.03 2.29 1.87
5.78 94.18 1.67 4.7
0 94.62 -0.49 5.8
0 95.05 0.45 3.28
0 94.74 4.93 2.41
0 94.96 8.03 3.42
0 95.12 9.39 3.37
0.36 94.15 9.67 7.55
0.87 94.77 0.89 4.95
0.81 94.76 -0.78 4.45
0 94.7 0.14 2.17
3.3 94.61 1.56 2.95
0 94.28 4.1 4.46
0 94.09 4.75 5.15
0 94.37 3.56 4.88
0.13 94.7 4.17 2.51
0 94.25 10.05 3.67
0 94.39 10.32 4.88
0 94.25 12.89 3.25
5.83 93.99 13.52 5.42
4.32 94.38 7.5 4.43
0 93.81 11.94 3.28
0 93.68 13.86 3.04
0 93.64 15.4 3.19
3.5 94.27 9.23 3.72
0 94.57 8.81 2.54
0 93.68 15.87 4.28
0 93.72 18.03 4.12
2.86 94.09 14.84 4.16
21.48 94.59 13.21 3.5
1.76 94.04 12.54 2.4
0.18 93.39 14.29 1.94
0.39 93.37 17.84 3.86
209.79 93.85 12.45 2.99
62.03 93.81 9.31 4.57
0 93.21 10.88 3.32
0.15 92.95 11.33 7.19
0 94.13 9.66 3.08
0 94.13 12.88 2.68
0.22 93.88 17.45 3.5
0.75 94.43 16.63 2.58
15.44 93.95 17.64 2.32
0 94.01 20.51 2.05
0.96 94.14 20.11 2.62
0 94.22 17.87 3.08
0 93.84 17.76 2.24
2.93 93.84 16.4 1.82
0 94.07 18.03 2.1
0.09 94.32 19.68 2.45
2.37 94.52 19.78 2.68
93.23 94.52 14.16 1.86
18 94.05 13.62 3.05
19.53 93.81 10.96 2.72
3.29 93.79 11.89 4.18
0.02 93.54 11.93 3.32
4.27 93.29 12.61 5.17
0.03 93.73 16.04 1.6
0 93.66 21.99 3.76
7.44 94.2 19.86 2.85
8.2 94.54 18.08 1.93
0.16 94.4 19.92 3.83
1.35 94.13 19.62 4.01
2.68 94.25 16.96 3
0 94.24 16.88 3.06
0 94.05 17.85 2.49
0 93.69 19.81 2.54
0 94.11 20.56 2.41
0 94.25 22.93 2.59
19.61 94.28 20.28 2.67
50.46 94.69 14.59 2.66
0.26 94.77 16.58 1.79
20.49 94.32 16.7 2.95
9.52 94.09 16.38 3.13
67.85 93.84 15.64 2.34
15.79 93.57 18.89 3.63
0.83 93.76 20.67 2.05
6.18 93.36 19.79 2.45
11.2 93.22 21.86 2.06
22.03 93.21 22.25 2.28
51.77 93.08 21.06 3.32
10.87 93.22 17.29 3.19
2.72 92.92 16.41 3.11
17.19 93.01 16.49 2.73
227.21 93.61 13.56 2.14
292.38 93.84 14.06 1.93
183.9 93.87 15.47 2.78
5.99 93.73 19 1.7
4.26 93.61 21.92 1.74
5.95 93.78 21.82 1.8
17.64 93.53 21.53 1.61
38.16 93.58 21.51 1.63
4.9 93.74 21.59 1.35
49.87 93.7 21.12 1.63
0.58 93.46 22.36 2.13
81.04 93.49 21.79 2.22
44.36 93.85 20.65 2.42
12.57 94.21 22.46 2.02
2.01 94.38 22.75 1.76
2.48 94.11 20.45 1.94
52.87 93.69 21.06 2.09
0 93.56 23.51 2.13
1.61 93.19 24.41 4.03
2.71 93.22 22.73 3.66
0.78 93.17 22.71 2.61
0.04 93.53 23.32 1.72
2.18 93.67 23.05 1.59
1.29 93.56 23.39 1.53
23.03 93.54 23.74 1.71
21.52 93.54 24.86 2.05
27.39 93.57 24.93 1.86
142.97 93.17 21.57 1.83
48.02 92.96 19.51 2.55
67.87 93.36 19.1 3.04
8.95 93.86 20.79 2.44
0 93.87 21.17 1.83
0 93.9 22.54 1.51
0 94.13 24.44 1.33
0 94.22 24.72 2.05
0.08 94.04 24.7 2.33
3.45 93.91 25.06 1.51
6.1 93.84 25.19 1.66
78.84 93.77 23.65 1.49
402.8 93.37 21.96 3.39
0 93.87 23.1 1.35
0 94.07 23.8 1.75
9.59 93.99 23.85 1.91
50.07 93.61 25.33 3.67
3.07 93.98 23.94 1.79
135.95 93.51 22.92 2.17
23.57 93.25 23.59 3.83
0.48 93.86 21.88 1.37
81.73 94.14 19.67 1.53
150.15 94.3 18.76 1.73
97.03 94.23 19.93 1.37
14.23 94.25 22.1 1.6
88.96 94.31 22.04 1.71
0 94.5 23.03 1.25
0 94.32 24.11 1.28
0 93.95 25.7 2.1
8.5 93.87 24.43 1.74
3.94 94.13 23.31 1.26
0 93.98 24.3 1.61
14.33 94.05 20.71 2.22
28.02 94.08 18.21 2.15
1.6 94.22 19.8 1.56
4.9 93.9 18.78 1.9
8.04 93.97 20.93 1.76
0 94.31 21.92 1.73
0.04 93.91 23.05 2.96
92.16 93.92 23.02 2.26
1.8 94.01 21 1.76
9.72 93.99 20.07 2.57
5.08 94.58 16.64 2.06
0.03 94.72 16.3 1.96
0 94.49 20.26 2.4
0 94.42 21.76 1.98
0.3 94.28 21.95 2.42
2.6 94.3 21.84 1.39
10.07 94.2 21.5 1.69
0.74 93.76 22.75 1.97
1.05 93.91 23.58 2.63
0 94.16 24.42 2
0 94.29 24.69 2.4
1.12 94.31 24.43 1.91
247.06 94.23 16.52 2.98
20.7 94.59 13.79 2.47
0.22 94.64 12.97 2.18
0.83 94.75 16.05 1.83
0 94.68 19.06 1.99
25.67 94.77 17.75 1.52
1.01 94.68 17.26 1.22
0 94.63 18.79 1.09
0 94.56 20.59 1.34
33.44 94.23 19.01 2.36
105.69 94.25 13.19 3.84
0.9 94.39 11.72 2.72
0 94.76 13.69 1.48
0.07 95.21 14.14 1.08
0 95.31 13.94 1.32
0 94.68 14.59 2.4
0 94.2 16.15 2.82
0.25 94.18 15.97 1.79
0 94.41 17.59 1.78
3.99 94.32 17.85 2.23
0.98 94.34 17.18 1.39
4.38 94.66 15.87 1.44
0.65 94.95 15.75 1.35
30.63 94.84 14.57 1.79
2.22 95.08 14.63 1.6
44.78 94.7 10.56 1.68
27.24 94.71 10.18 6.71
0.6 94.88 11.34 3.28
0 94.87 11.7 1.8
0 94.71 12.76 1.62
0.45 94.52 14.32 2.2
0.67 94.37 13.31 3.11
0 94.5 13.2 2.45
0 95.02 11.1 1.81
0 95.44 11.87 1.13
0 95.3 13.59 1.52
0 94.8 15.55 2.6
20.82 94.38 12.53 3.31
0 94.89 8.76 2.45
0.1 94.49 10.51 2.38
0 94.32 12.77 2.46
0.06 94.71 8.54 3.96
0 95.11 6.94 2.24
0.02 95.21 7.33 1.97
34.85 94.6 8.96 3.97
0 94.63 4.37 3.55
0 94.72 5.66 2.55
0 94.57 7.48 2.04
0 94.94 6.9 1.41
76.81 95.2 2.17 1.2
75.27 94.66 2.59 1.89
0 94.38 6.34 1.98
0 94.13 9.27 3.35
0 94.74 8.72 1.94
0 94.78 10.74 2.14
5.55 94.65 10.43 3.04
0 95.54 3.28 1.55
1.66 95.42 0.41 2.49
0.05 95.04 -0.06 2.56
0.02 94.87 -0.28 2.24
0 94.82 2.25 1.45
0 95 1.27 2.01
12.79 95.04 1.04 1.63
189.22 94.69 -0.44 93.77
50.37 94.96 -0.55 3.12
0 94.99 -2.82 0.86
0 94.68 -0.69 1.89
0 94.9 -0.5 1.26
0 95.3 -1.79 1.09
56.61 95 -1.88 0.89
100.44 93.77 -2.62 5.41
0.16 94.24 -4.31 3.54
0 94.3 -6.24 4.54
0 95.07 -4.85 2.63
0 95.34 -5.97 1.03
19.86 94.82 -2.64 1.26
0 94.73 -4.8 91.26
0.01 94.44 -4.68 3.29
0.02 95.02 -3.19 3.19
0 95.05 -4.61 1.54
0 94.72 -2.67 1.83
6.59 95.19 -5.28 2.23
0 95.13 -7.12 2.34
0 94.59 -5.7 2.03
0 94.56 -3.23 3.77
0 94.62 -7.46 2.87
0 93.71 -4.44 3.4
0.04 94.46 -6.62 4.53
0.03 94.99 -9.36 2.37
0 95.68 -13.11 2.41
0.17 95.34 -13.97 1.49
0.21 94.27 -5.5 2.97
1.43 94.46 -7.96 4.27
0 94.71 -11.01 2.06
0 94.74 -13.16 3.36
0 94.68 -14.75 2.8
0 94.85 -16.06 2.75
0.02 94.89 -17.34 4.05
0 95.02 -11.78 3.57
0.09 95.57 -13.39 1.44
0.05 95.74 -13.38 0.92
0.14 95.2 -11.39 1.87
0.03 95.21 -8.39 1.37
20.78 95.26 -10.04 1
0.67 95.07 -8.72 1.17
0.94 95.42 -11.45 1.37
0 95.8 -12.98 3.91
0 95.88 -15.13 2.13
0.02 95.34 -14.53 0.92
0.28 95.45 -12.25 58.91
5.68 95.44 -10.46 3.43
0.01 95.89 -15.84 2.9
0 95.7 -19.76 2.91
0 94.89 -18.27 4.61
0 95.99 -18.7 2.31
0 95.74 -18.49 1.19
0 95.16 -13.74 1.25
7 95.14 -14.32 0.94
15.55 95.22 -12.89 4.06
0 94.83 -15.29 3.61
0.04 94.3 -15.22 2.26
0 94.72 -18.11 3.77
0 95.86 -18.88 3.79
0 96.42 -16.23 2.49
0 95.48 -16.89 1.36
0 95.3 -14.38 1.76
0 95.19 -14.97 1.37
0 95.09 -14.91 1.44
0.04 95.5 -16.78 1.96
0 95.32 -15.19 2.28
0 95.17 -14.84 1.16
0.33 94.83 -12.83 0.95
0 94.9 -11.93 1.74
0 94.91 -13 0.93
0 95.34 -10.45 2
1.2 95.07 -12.67 1.61
0 95.79 -14.3 2.39
0 96.06 -11.81 2.17
0 95.11 -7.4 2.19
0 95.56 -9.64 1.06
13.57 95.57 -8.98 0.98
1.03 95.63 -9.3 1.63
0 95.4 -13.5 1.18
0.03 94.31 -8.07 2.86
0.03 94.87 -13.67 4.27
0 94.92 -15.5 1.49
0.2 95.24 -14.15 1.37
0.06 95.16 -11.2 1.64
0 94.74 -6.41 1.2
0 95 -7.18 1.23
0.06 94.93 -5.41 1.54
1.34 94.84 -5.9 1.79
0.57 95.45 -8.35 3.79
0 95.55 -10.8 2.59
1.95 94.55 -9.33 3.04
0 95.31 -9.7 2.89
0.02 94.87 -8.08 2.01
0.66 95.17 -14.96 4
0 95.99 -18.24 4.32
0 95.85 -16.67 1.5
0.24 95 -12.28 2.23
0 95.6 -13.08 2.14
0.11 95.64 -12.67 1.92
0 94.95 -7.87 110.75
0 94.74 -5.22 2.82
0 95.34 -9.34 2.55
0 95.28 -10.44 1.42
0 94.59 -6.84 2.34
0.04 94.59 -5.84 3.98
0 95.29 -11.33 3.9
0 95.41 -12.68 2.37
0.01 95.35 -11.78 1.9
0 95.25 -8.23 3.47
0 95.47 -7.39 3.15
0 95.41 -5.33 1.59
0 95.5 -6.59 1.85
5.78 95.33 -6.81 1.79
0.2 94.53 -0.35 3.2
0 94.46 0.35 2.73
0.21 93.95 -2.69 5.84
0 95.7 -8.31 5.18
0 95.71 -6.08 1.65
0 94.67 -0.72 3.45
0 94.99 1.25 2.15
0 94.39 4.96 2.97
0 94.31 3.54 1.88
0 93.72 5.1 2.21
0 93.58 0.82 2.4
0 93.74 -2.37 5.83
0 95.16 -1.11 2.02
0 94.46 4.03 3.66
20.38 94.38 -0.14 3.47
0 95.54 -5.98 3.92
0 95.08 -0.14 2.96
0 94.64 4.7 2.8
0 95.01 5.24 2.93
0 93.61 7.54 3.73
0.72 93.66 -2.08 4.07
34.96 94.41 -7.41 2.37
0.46 94.84 -7.12 2.74
0 93.62 1.08 5.53
0 94.58 -2.95 2.55
19.86 94.24 -4.92 3.65
0 94.97 -5.01 2.73
0 94.81 -2.19 1.56
0 93.88 4.22 3.91
1.16 94.05 1.5 4.31
0 94.89 -1.24 3.8
0 95.09 -2.13 2.27
1.15 94.96 -0.19 1.76
14.61 94.69 0.95 2.06
102.81 94.81 0.38 2.69
0 94.36 3.95 2.54
0 94.38 5.47 2.69
18.97 94.52 -0.3 2.3
55.48 94.8 -0.92 3.18
0 94.57 -0.44 2.54
0.47 93.7 1.82 2.77
21.8 93.74 0.49 3.86
2.83 94.69 -0.11 3.82
0.97 94.55 1.09 3.87
0 94.59 2.17 3.56
0 94.13 8.2 3.23
0.32 93.65 6.89 4.53
0 93.91 3.01 4.88
0 93.59 4.54 2.51
5.51 93.89 4.16 3.11
53.17 94.21 1.43 1603.15
1.76 95.2 0.74 4.98
0 95.21 2.25 2.34
0 94.9 5.23 2.81
0 94.57 8.39 2.08
0.5 94.04 11.62 4.42
74.67 94.08 6.78 2.25
0.77 94.02 7.42 3.59
0.02 94.11 8.59 5.31
0 94.13 10.1 1.74
0 94.07 13.78 2.27
3.07 93.89 12.12 3.47
0.12 94.12 11.8 6.01
0.26 94.57 11.38 5.71
0.27 94.62 11.4 2.09
0.83 94.47 12.38 2.41
6.25 94.69 12.91 2.05
0 94.45 16.81 2.64
0 94.65 20.3 1.59
0 94.56 21.79 2.43
0 94.57 21.7 2.97
0.17 94.32 21.92 4.36
23.08 93.99 14.25 2.21
16.05 93.16 14.63 4.13
0 92.78 17.5 4.87
0 93.32 16.46 2.75
0 93.35 18.97 2.82
0.39 93.99 16.52 4.82
0 94.86 16.37 2.42
0 94.75 17.58 2.31
0.65 94.13 18.84 3.01
0 93.59 19.52 3.29
16.02 92.98 15.63 5.76
0.01 92.97 17.65 4.38
0 93.31 19.22 2.55
0 94.18 19.97 2.27
3.34 93.99 23.89 3.8
2.06 94.56 18.08 2.26
0 94.18 20.92 2.26
2.15 93.9 21.64 3.43
1.88 93.72 19.58 3.85
0.8 93.53 19.19 3.03
0 93.82 19.07 4.45
0 93.64 23.39 3.3
0.05 93.26 25 4.1
0 93.91 19.99 2.45
5.15 93.63 18.72 3.28
0.04 93.89 19.29 3.45
17.33 94.45 17.67 2.36
33.08 94.3 18.95 2.11
10.83 94.11 19.3 3.05
7.05 93.94 21.6 2.73
1.23 93.81 21.92 3.4
85.5 94.19 16.4 2.01
1.87 94.4 17.38 1.75
13.01 94.12 15.79 2.28
2.95 93.9 17.44 1.82
0.02 93.94 22.52 3.34
0.21 93.93 24.01 3.83
3.71 93.85 24.34 2.67
213.62 93.83 18.67 2.6
5.76 93.54 20.99 1.78
44.51 93.23 20.54 1.91
0.2 93.59 23.21 1.77
0 94.1 23.39 2.23
0.04 94.25 24.02 1.91
2.56 94 22.03 1.42
11.65 93.67 21.73 1.68
93.32 93.51 21.03 2.14
50.85 93.25 21.27 2.29
226.39 92.99 19.85 1.77
70.02 93.15 21.69 2.7
95.17 93.54 20.73 2.1
125.26 93.59 22.06 2.63
22.56 93.54 23.17 3.4
72.49 93.31 23.02 2.07
154.04 92.89 22.54 2.68
0.04 92.89 24.16 3.39
4.13 92.89 23.96 2.43
0.86 93.23 24.43 2.2
1.82 93.42 24.36 2.26
11.15 93.24 25.51 3.54
45.18 93.53 24 1.81
56.57 93.73 22.09 1.72
1.53 93.94 22.57 1.46
0.71 93.93 22.53 1.31
9.84 93.9 23.16 2.1
21.41 94.06 22.69 2.07
0.09 94.05 24.58 1.65
231.47 93.35 21.82 1.61
77.78 93.23 22.66 3.03
0 93.78 23.24 2.16
0.25 93.65 22.65 2.12
110.93 93.6 21.07 2.45
2.49 93.81 21.67 1.69
0.61 93.8 23.64 1.65
41.02 93.67 23.34 2.22
12.4 93.26 23.65 2.13
0.65 93.34 23.82 2.86
0.01 93.64 24.16 1.85
0.05 93.65 24.8 1.63
61.7 93.43 22.51 1.31
4.75 93.37 25.01 2.13
0.3 93.33 24.87 1.47
1.64 93.12 25.9 1.65
10.82 93.23 26.02 1.95
23.03 93.51 25.02 2.56
0.41 93.74 25.44 2.49
2.77 93.55 25.43 2.61
41.52 93.22 25.8 2.66
24 93.06 25.13 1.92
7.43 93.21 25.84 2.63
25.16 93.49 25.65 2.43
9.97 93.28 25.94 2.3
11.74 93.46 23.84 1.86
1.76 93.84 25.65 1.51
7.99 93.92 26.8 2.76
38.47 93.65 24.74 2.76
4.76 93.66 25.39 2.82
15.54 93.61 26.15 2.06
2.97 93.66 25.58 2.02
311.04 93.12 24.55 1.64
0.05 98.53 25.36 2.71
0 94.15 21.99 2.68
0 94.4 21.5 1.88
5.52 94.36 20.61 1.03
1.7 93.95 23.57 2.32
0.18 94.11 22.46 2.12
0 94.3 22.37 1.82
0.03 94.29 22.66 1.49
13.83 94 21.95 1.66
6.93 94.09 19.51 2.06
7.52 94.01 19.41 1.73
201.76 93.41 18.71 1.41
24.88 93.66 15.1 3.15
0.2 94.34 15.88 2.51
57.97 94.41 16.16 2.07
1.11 94.65 15.42 1.84
5.91 94.81 15.75 1.63
0 94.89 15.94 1.44
6.94 94.76 16.66 1.47
172.06 94.72 14.02 1.72
45.17 94.78 14.06 1.22
4.86 94.84 16.01 1.25
3.04 94.79 17.58 1.46
6.52 94.32 18.14 1.69
0.08 94.41 17.34 1.43
0 94.47 17.02 2.48
2.76 94.25 19.83 2.6
37.77 93.61 19.17 3.31
0.35 93.96 18.71 3.27
0 94.56 13.81 1.85
1.53 94.25 16.2 1.58
6.7 94.79 16.32 1.52
11.64 95.21 15.03 0.93
8.28 94.3 19.38 3.09
0 94.72 17.75 1.51
0.05 94.7 18.61 1.47
1.5 94.57 17.88 2.57
35.48 94.94 12.57 3.12
0 95.17 8.75 2.48
0 95 10.57 2.04
0 94.66 11.88 2.04
0 94.01 17.06 3.32
0 94.08 16.14 2.67
0 94.97 13.19 1.44
0.91 94.89 14 1.73
142.47 94.91 11.23 2.13
0.01 95.02 10.56 2.94
0 94.8 9.57 1.78
0 94.17 16.71 3.65
0 95.15 13.67 1.21
0.02 95.15 15.06 2.28
0.05 95.41 12.51 2.25
0.44 94.92 11.45 1.79
0 93.97 15.04 2.89
7.33 94.03 13.04 4.15
0 94.46 10.31 3.34
0 94.94 11.39 1.76
23.8 94.92 10.92 2.34
2.69 95.78 4.23 4.55
0 95.83 2.98 1.3
0 95.42 6.8 1.35
0 95.43 7.05 1.36
0 95.23 10.49 2.64
41.5 95.41 8.93 1.62
1.12 95.43 7.04 1.98
0 95.28 5.96 1.18
41.26 95.14 5.12 2.12
28.62 95.09 1.24 2.32
0.01 95.31 3.88 3.64
0.01 95.56 5.64 2.61
0 95.1 4.67 1.44
0 94.57 7 2.02
3.88 95.07 5.78 1.62
2.1 95.62 4.34 2.6
0 95.56 3.65 1.7
0 95.65 4.43 0.86
0 95.41 4.56 1.3
0.73 94.9 8.3 2.17
1.18 95.2 7.16 3.2
0 95.55 5.33 1.79
0.03 94.81 6.03 2.32
0.29 94.4 5.49 3.82
0.02 94.77 3 2.73
0 94.83 2.62 2.33
0.08 95.37 2.27 3.48
0 95.38 -1.6 4.14
0 95.43 1.04 2.44
0 95.3 1.64 1.71
0 94.71 1.65 2.21
0 94.48 2.85 3.41
0 94.45 2.65 2.1
0.12 94.6 1.7 3.47
0.02 94.98 -3.15 4.26
0.05 95.19 -3.73 5.64
0 95.08 -3.84 3.62
0 95.11 -2.25 2.42
0 95.31 -2.9 1.08
0 95.08 0.87 1.81
0 94.78 1.08 1.95
0.03 94.44 -0.53 2.18
0 94.29 -4.14 4.45
0 94.43 -7.31 3.57
0 94.7 -10.17 6.66
0 94.88 -5.71 3.51
0 94.49 0.3 3.12
0 95.09 -2.55 2.17
1441.7 94.86 -1.13 2.8
1441.7 94.62 -0.98 1.39
1441.7 94.9 1.61 2.25
1441.7 94.9 1.04 2.25
1441.7 95.11 -1.53 2.66
1441.7 94.68 -2.16 1.07
1441.7 94.76 -4.44 1.33
1441.73 94.76 -3.87 2.37
1441.71 94.97 -5.86 3
1441.86 94.44 -7.74 3.11
1441.95 94.44 -8.54 2.33
1441.7 94.59 -11.5 4.32
1441.7 94.91 -11.48 2.83
1441.7 95.28 -8.87 3.08
1441.7 95.84 -8.28 1.62
1441.7 95.78 -9.76 1.5
1442.69 96.04 -11.96 2.37
1441.85 95.69 -13.43 2.56
1441.82 95.57 -12.28 2.78
1441.7 95.97 -11.29 2.04
1441.7 96.01 -10.53 1.27
1441.7 95.72 -10.24 0.96
1441.7 95.87 -9.19 1.27
1441.7 95.81 -9.58 0.98
1441.75 95.26 -7.04 2.88
1441.74 95.73 -10.33 3.98
1441.7 95.41 -11.07 1.59
1441.7 94.94 -10.73 2.75
1441.7 94.24 -6.19 3.7
1441.7 94.05 -5.39 3.39
1441.7 93.67 -3.18 4.44
1441.7 94.07 -3.52 3.03
1441.7 94.35 -3.27 3.01
1441.7 94.93 -4.91 2.52
1442.52 94.83 -7.69 1.74
1443.72 95.08 -8.46 1.88
1441.72 94.82 -7.33 2.6
1441.7 95.31 -6.93 2.34
1441.7 95.76 -13.93 2.86
1441.7 95.38 -13.9 2.44
1441.7 95.39 -11.57 2.24
1441.7 95.48 -10.02 2.16
1441.7 95.98 -12.2 1.86
1441.7 95.69 -12.8 1.55
1441.7 95.73 -11.15 1.93
1441.7 95.54 -7.9 1.8
1449.52 95.55 -9.67 1.52
1441.7 95.53 -10.2 1.7
1441.7 95.75 -8.05 1.94
1441.98 94.8 -6.54 4.11
1441.71 95.29 -10.13 4.12
1441.7 95.48 -9.83 2.32
1441.7 94.8 -6.43 1.73
1441.7 94.02 -2.06 3.01
1441.7 94.57 -3.32 2.07
1441.7 95.47 -8.55 2.79
1441.7 95.06 -7.69 3.69
1441.7 94.48 -4.55 3.94
1441.7 95.07 -7.11 3.42
1441.7 93.78 -1.46 4.73
1441.7 94.47 -6.88 3.2
1441.7 94.57 -6.88 1.76
0.27 94.17 -3.89 1.98
0.03 94.21 -4.29 5.25
0 95.05 -12.43 3.93
0 95.22 -11.34 2.2
0 95.38 -11.72 1.5
0 95.61 -9.79 1.62
2.04 95.29 -10.3 1.47
11.02 95.36 -12.31 2.76
0 95.98 -14.68 3.02
0 95.79 -14.22 1.44
0 95.23 -11.84 1.41
0 95.85 -12.67 1.5
0 95.8 -12.27 2.04
0.08 95.01 -5.9 2.84
0 95.05 -6.09 1.87
0.05 95.63 -6.62 2.2
0 96.16 -8.92 1.71
1.54 95.71 -9.02 1.49
0.91 95.47 -9.01 1.87
0 95.41 -7.57 1.46
0 95.36 -4.6 2.05
0.39 95.86 -7.42 1.54
0.14 95.69 -4.86 1.22
0 95.26 -1.49 1.54
0 95.11 1.95 1.69
0.99 94.83 3.57 3.41
1.75 95.5 -3.37 3.84
0.06 95.19 -6.88 1.79
0 95.06 -5.04 1.64
0.36 94.99 -5.22 2.35
0.83 94.99 -5.93 1.8
2.14 95.32 -5.37 2.79
0 95.37 -6.88 2.96
0 95.53 -7.37 2.92
0 95.53 -5.96 2.41
0 95.05 -5.3 2.07
0 95.34 -4.97 2.18
0 94.83 -2.21 2.24
0 94.62 1.27 3.4
0 95.28 -1.57 4
0 94.88 -1.75 1.9
0 94.4 2.24 3.42
0 94.1 6.83 2.55
0 94.45 4.93 2.34
0 94.02 7.73 5.09
0 95.12 4.11 2.07
0.15 95.05 3.45 4.68
0 95.37 3.82 4.62
0 94.78 6.71 3.03
0 94.83 7.56 3.12
0 95.08 7.71 2.57
0 94.12 12.41 4.43
0 94.09 11.97 2.46
0.01 94.1 11.25 2.59
0 94.14 10.54 3.07
71.23 93.9 11.29 2.86
30.15 94.38 9.74 2.12
0 94.58 11.07 2.28
0.86 94.66 9.2 2.01
0 94.16 11.6 2.69
0 94.84 8 3.56
0 95.26 2.92 4.49
0 94.44 6.61 4.48
0 95.03 5.5 3.89
0 94.45 13.15 3.82
0 94.37 13.97 1.57
0 94.23 14.59 2.61
0 94.45 11.53 4.22
0 95.15 9.41 2.16
2.16 94.78 10.47 2.01
1.13 94.49 11.57 1.9
0 94.62 13.57 1.56
0 94.54 17.43 3.2
0 95.09 13.11 2.9
0 94.41 13.38 2.26
11.51 94.39 7.84 2.79
0.03 95.08 8.24 2.6
28.39 94.89 7.39 2.46
0.08 94.49 9.34 147.36
0 94.59 11.43 3.62
0 94.27 13.75 2.58
1.18 93.96 16.01 3.53
4.62 94.21 17.43 3.86
0.51 94.67 16.28 3.53
40.62 94.93 11.26 3.07
0 95.19 12.35 2.65
0 95.04 13.39 1.94
0 94.43 15.04 1.64
0 93.88 18.74 1.89
9.46 93.85 17.66 4.42
157.83 94.47 7.04 4.76
10.11 94.07 7.7 5.38
7.9 94.29 5.23 5.46
0.16 94.52 7.72 4.24
0.11 93.92 11.65 2.4
30.27 93.94 8.15 3.95
0.55 94.48 11.54 1.95
71.6 94.75 10.47 2.49
3.44 94.65 12.11 1.87
213.62 93.8 8.76 2.43
47.65 92.96 15.12 3.87
0 93.16 16.95 3.95
0.08 93.49 13.76 3.63
0 93.24 13.89 3.23
0.05 94.02 16.67 2.95
3.31 94.38 16.14 2.08
3.27 94.02 18.18 2.88
58.08 93.66 16.69 2.53
2.58 93.71 17.49 2.92
0.04 93.82 19.09 2.23
0 93.83 21.9 2.36
0.3 94.13 24.92 3.51
50.39 93.98 17.42 2.56
0.54 93.56 16.74 5.26
0 93.03 21.26 4.18
25.52 92.82 18.33 2.86
0.98 93.25 21.73 2.12
0 93.33 23.94 31.13
0.17 93.91 24.97 2.47
0 93.88 27.72 3.78
6.67 94.09 23.28 2.58
0.43 94.22 21.38 2.46
0 94.09 22.34 2.15
0.68 93.88 22.3 2.02
12.34 93.74 23.44 2.29
365.73 93.89 16.07 2.33
100.31 93.73 13.43 3.14
15.24 93.42 16.21 2.88
32.08 93.73 15.49 2.04
39.43 94.13 15.31 1.79
11.07 94.23 18.32 2.17
22.93 94.03 20.02 2.57
12.81 94.07 20.49 2.43
0.03 93.94 21.63 2.06
6.9 93.75 22.88 1.61
170.72 93.54 20.26 1.87
85.97 93.42 19.69 1.95
89.24 93.56 19.02 2.49
5.27 93.83 19.13 1.89
36.88 93.96 19.16 1.87
7.75 94.09 19.05 1.51
204.67 94.17 18.11 2.48
3.03 94.04 21.22 1.93
0.08 93.65 23.29 2.31
14.36 93.46 22.26 2.9
16.78 93.54 21.65 3.52
0.3 93.97 21.82 3.69
0.75 93.89 22.71 2.98
0 93.96 24.12 1.94
0 93.92 24.61 1.67
23.22 93.86 22.7 2.44
82.53 93.55 20.33 2.22
21.24 93.3 22.92 2.14
0.04 93.78 24.83 2.34
1.1 93.84 25.38 2.82
1.24 93.71 25.84 2.33
5.15 93.5 24.96 2.75
20.61 93.45 22.93 3.46
0 93.65 23.41 2.98
0 93.36 23.98 3.77
3.74 93.44 22.33 2.84
9.54 93.63 21.52 2.67
0.72 93.56 22.7 2.52
3.48 93.63 23.49 1.81
28.62 93.58 23.29 2.46
86.64 93.64 21.78 31.33
10.06 93.88 22.56 30.76
0.24 93.97 26.23 1.72
0.62 94.06 28.53 2
3.9 93.69 29.1 4.24
84.53 93.56 23.99 2.28
0.37 93.87 22.05 1.65
0 93.59 24.79 2.64
0.11 93.94 22.87 2
0 93.99 23.09 1.59
0.02 94.17 23.55 1.76
12.36 94.04 25.68 2.39
3.69 93.59 26.96 3.08
10.11 93.6 25.65 3.35
33.79 93.75 24.35 1.88
0 93.84 26.07 2.25
0 93.82 26.85 2.6
4.67 93.69 26.07 2.37
10.66 93.65 25.57 1.87
107.32 93.92 19.73 2.42
0.97 93.88 21.76 1.95
0 94.15 22.1 2.49
0 94.26 21.51 1.45
0.02 94.11 22.29 1.95
50.13 93.85 21.15 2.21
19.67 93.61 21.01 1.57
1.25 93.8 21.79 3.48
0.51 94 20.77 2.13
23.16 94.02 18.89 1.82
8.68 93.93 18.71 1.64
9.41 93.98 19.88 2.13
6.2 94.09 20.19 1.76
3.28 94.22 21.18 2.14
7.37 94.42 20.98 1.73
0.98 94.36 22.47 1.86
1.82 94.04 23.53 2.24
5.52 94.03 23.99 1.88
77.44 93.96 22.48 2.34
66.51 93.81 22.2 1.77
81 94.06 19.36 2.18
1.24 94.36 19.68 2.55
0 94.46 20.79 1.87
0 94.56 22.56 1.66
8.67 94.68 20.43 1.8
5.12 94.71 20.66 1.55
1.07 94.67 20.44 1.8
15.79 94.5 19.69 1.77
10.58 94.47 19.42 1.73
245.52 94.42 15.74 2.28
1.21 94.05 17.41 1.77
0 93.75 19.98 2.28
0 94.26 18.66 1.44
0 94.28 20.3 1.51
2.5 93.89 20.44 2.85
0.02 94.17 18.27 2.92
0 94.33 15.8 1.41
0.02 94.59 17.05 1.56
0.18 94.58 18.49 1.92
32.4 94.64 16.56 1.37
0.72 94.46 18.28 2.31
0.11 94.76 16.18 2.97
0 94.87 14.06 3.16
0 94.91 13.02 1.36
0 95 15.95 1.29
0 94.97 16.61 1.83
21.52 94.28 15.97 2.33
28.01 94.25 14.1 2.75
0.02 94.84 13.97 1.49
0.72 94.87 16.09 1.93
94.71 95.05 12.18 1.79
22.8 94.81 12.93 1.53
0 94.72 13.59 1.67
44.08 94.09 14.19 2.47
0.06 94.65 13.27 2.15
0.65 94.55 13.86 2.59
23.7 95.33 6.17 3.74
0.08 95.4 5.4 1.71
31.29 94.55 6.66 1.71
20.52 94.43 7.86 2.12
0 94.76 8.73 1.61
126.18 94.95 7.38 1.49
18.24 95.45 7.89 2.43
0 95.27 8.54 1.96
0 94.85 11.78 1.68
0 94.74 13.65 2.32
0 94.93 15.86 2.01
0 95.17 13.45 1.54
0.75 95.09 13.79 2.58
0.78 96.02 8.19 3.18
0 95.59 4.25 1.53
0 94.68 8.06 2.21
0 94.23 9.28 4.1
0 94.74 9.28 2.92
0 94.49 12.24 2.43
0 94.6 13.03 2.08
0 94.29 15.86 3.98
0 95.1 7.61 2.55
0 95.45 3.75 1.82
0 94.93 5.76 1.68
0 94.2 10.89 2.83
0 93.91 13.43 2.97
0 94.12 11.13 1.89
0 95.57 4.24 4.54
0 95.95 1.99 1.59
0 95.38 3.74 1.63
0.07 95.11 8 1.74
5.96 95.29 8.08 33.3
2.77 95.02 5.61 1.46
1729.43 94.68 6.44 3.38
1729.5 94.86 3.38 3.76
1729.42 94.64 6.4 2.42
1729.42 94.25 7.63 3.49
1729.43 94.61 5.98 3.06
1729.42 95.85 -1.08 2.75
1729.42 95.82 -1.81 1.43
1729.42 95.43 0.24 1.81
1729.42 95.23 3.78 1.63
1729.42 94.92 3.64 1.39
1729.43 94.57 2.52 3.38
1729.49 95.01 -4.58 5.68
1729.42 95.01 -1.94 2.85
1729.42 95.34 -2.28 1.55
1729.42 95.46 -1.72 1.54
1729.71 95.3 0.68 2
1729.42 95.65 -1.31 1.5
1729.42 95.57 -0.83 1.52
1729.42 94.89 1.28 2.83
1729.42 94.32 2.84 3.69
1729.42 94.83 0.35 2.61
1729.42 95.34 -2.04 2.03
1729.49 95.11 1.12 2.94
1729.42 95.49 -3.12 1.86
1729.42 94.6 -2.42 2.24
1729.42 94.15 146.51 4.68
1729.42 95.22 -3.14 2.05
1729.42 94.75 -1.66 1.39
1729.45 94.59 -0.69 2.09
1729.75 94.73 -1.92 5.57
0 95.29 -11.82 6.42
0 95.04 -11.28 3.66
0 94.8 -11.47 5.69
0 94.93 -11.02 4.4
0 95.03 -10.5 3.36
0 95.21 -9.98 1.8
2.2 95.24 -9.4 1.58
0 95.76 -10.1 1.49
0.06 95.63 -7.82 2.77
2.64 95.03 -5.43 4.67
0.1 95.42 -9.52 2.95
0.03 95.03 -10.31 3.92
0 95.18 -10.9 2.5
0 95.21 -9.15 1.57
0.28 95.17 -9.16 3.48
0 95.26 -12.74 3.33
0.01 95.27 -10.87 2.08
0 95.2 -7.91 2.61
0.2 94.94 -6.68 4.41
0 95.26 -10.62 3.72
0 94.91 -10.1 3.26
0 94.72 -3.65 2.26
0 94.76 -3.69 2.96
0 95.59 -5.77 3.7
0 95.82 -5.34 2.42
0 95.57 -8.49 1.21
0 95.18 -4.65 2.35
0 94.59 -5.21 1.99
0 93.94 -4.36 3.46
0.16 94.63 -7.01 110.36
0.04 95.38 -11.31 5.12
0.15 95.35 -11.5 2.69
0 95.28 -7.34 2.93
0 94.07 -3.1 3.56
0 94.3 -3.17 1.76
0.41 94.65 -3.07 5.03
0 95.18 -7.66 3.02
0 95.53 -9.4 1.63
0 95.43 -8.58 1.98
0 95.32 -5.91 2.33
0.04 94.88 -4.86 2.68
0 95.88 -7.77 2.3
0 96.01 -8.84 1.73
0 95.57 -5.76 1.82
0 95.72 -9.02 1.58
0.45 95.36 -9.6 1.67
1.73 95.36 -10.03 3.51
0 95.48 -9.16 2.05
1.65 94.39 -5.26 3.44
0.01 95 -8.33 1.82
0.06 94.92 -7.32 2.25
0.68 95.46 -7.63 2.06
0 94.93 -8.1 1.79
0 94.43 -4.11 3.13
0 95.28 -7.07 1.9
1.49 94.9 -4.49 1.27
3.7 95.5 -8.73 3.88
0 96.02 -12.23 2.8
0 95.85 -12.08 2.09
0.11 95.28 -8.78 3.62
0 95.9 -10.75 3.44
0 96.17 -9.45 1.49
0 95.96 -8.51 1.62
0 95.79 -7.83 1.53
0.12 95.68 -4.93 2.68
0.08 95.62 -6.95 3.32
0 95.51 -4.32 2.74
0 94.89 -1.81 2.79
0.04 95.69 -10.66 5.07
0 95.79 -11.79 3.36
0 95.09 -6.32 2.53
0 94.44 -3.13 2.29
0.01 94.47 -6.35 3.36
0 94.65 -6.51 2.18
0 94.28 -4.57 1.87
0 94.1 -0.94 2.26
0.02 94.76 -3.51 1.3
8.54 94.54 -1.65 2.46
0.01 95.14 -2.04 4.31
0 95.77 -3.84 2.2
0 95.25 -3.87 2.86
8.84 94.45 -0.8 3.35
16.09 93.95 -1.25 5.71
0.19 94.38 -6.47 5.71
0 94.61 -6.69 1.91
0 94.24 -6.3 1.97
0.3 94.72 -7.57 3.16
0 95.11 -9.32 3.55
0 95.72 -7.34 1.89
4.75 94.8 -2.85 4.75
0 94.48 -1.17 3.15
0.05 94.08 -3.02 2.51
0.09 94.76 -7.11 5.91
0 95.25 -6.73 2.49
0 94.98 -3.67 2.81
0 94.33 1.11 4.15
0 94.64 1.26 2.78
2.05 95.21 -3.32 3.02
0 96.01 -9.79 5.49
0 95.35 -4.35 3.4
0 94.98 -4.1 3.55
0 94.5 -3.23 2.88
0 105.11 141.98 146.89
0 94.61 0.36 3.42
0 94.26 5.5 3.91
0 94.18 5.59 3.04
0 94.92 2.67 2.32
0 94.21 6.52 2.81
0 94.48 6.25 3.72
0 94.6 5.32 2.59
0 94.56 6.08 4.06
0 95.47 1.88 4.05
0 95.65 3.12 2.9
0 95.83 3.77 1.57
0 95.61 7.55 2.65
0 95.43 11.9 3.97
0 94.63 12.64 4.58
0 94.21 11.88 3.63
0 94.33 10.25 3.01
0 93.85 14.15 3.87
5.13 94.83 6.6 3
0 94.93 4.56 1.64
185.96 93.41 2.18 2.27
0.52 94.21 3.59 2.23
2.55 94.15 5.17 1.73
0.14 94.69 3.61 4.85
0 95.78 -1.04 4.01
0 95.74 -0.02 3.29
0 94.98 4.19 2.46
0.05 94.73 7.38 2.86
0.11 94.93 7.48 1.96
19.06 95.11 6.73 3.59
172.93 95.73 -0.99 4.28
0.34 95.34 3.04 2.04
0 93.77 11.33 1.91
1.2 92.94 13.78 3.72
0.76 93.8 8.21 5.82
0 93.86 10.91 2.09
0.05 94.14 12.31 2.64
0.01 94.61 10.34 3.25
0.02 94.25 10.8 3
0.1 94.15 11.03 2.28
0 94.4 13.68 3.81
0 94.59 13.96 5.13
0 94.87 14.18 2.61
0 94.28 20.04 3.96
0 93.9 23.08 4.05
22.8 93.59 19.71 3.45
10.75 94.2 16.34 2.57
0 94.25 18.82 2.26
0 94.16 20.61 2.78
16.66 93.96 16.57 3.45
14.93 94 15.37 2.09
0 94.32 12.59 5.27
0 94.12 13.42 4.2
0 93.58 14.15 5.46
0 94.09 11.97 2.63
0.27 94.04 12.46 4.91
15.55 94.31 7.33 2.06
0 94.68 8.46 1.55
95.6 94.54 7.61 2.44
54.97 93.64 7.04 1.97
13 92.45 10.95 3.98
0.48 92.54 18.43 3.53
1.32 93.84 15.54 5.28
0.02 94.43 15.27 4.02
0 93.87 18.1 3.15
21.23 93.02 18.52 3.37
20.72 93.22 14.17 5.34
1.16 93.62 12.91 5.79
0 94.45 17.96 3.97
0 94.1 20.79 2.77
0 93.95 21.61 2.53
0.89 93.87 21.74 2.08
0.19 93.71 23.98 2.97
0.79 93.61 25.16 3.79
6.91 93.76 23.33 2.53
0.25 93.75 22.65 2.94
4.46 93.43 23.23 3.59
0.49 93.75 20.85 3.58
0 93.82 19.62 2.4
0 93.02 24.38 5.98
4.98 93.5 22.31 2.84
1.3 94.06 18.94 4.09
0 94.28 21.01 2.74
82.83 93.51 17.21 2.75
30.62 92.99 18.85 2.51
36.23 93.5 18.04 2.58
0.21 93.82 19.07 3.59
2.75 93.57 19.26 2.51
5.55 93.57 18.48 2.15
90.89 93.3 16.57 2.51
148.23 92.85 14.99 1.99
40.14 92.92 16.09 1.63
77.95 93.81 16.87 2.24
0.78 94.08 20.24 1.73
11.35 93.91 21.6 2.18
0.23 93.63 22.48 1.87
100.43 93.66 19.12 2.66
4.67 93.83 18.39 3.74
78.42 94.27 16.32 2.72
0.04 94.37 21.05 2.3
0 93.99 23.01 1.71
6.25 93.71 23.72 2.49
0.47 93.86 23.5 2.46
15.71 93.66 23.49 2.61
24.51 93.38 21.27 2.16
65.43 93.35 20.57 2.27
1.45 93.78 21.78 1.55
6.25 93.84 23.54 2.07
193.51 94.01 17.25 2.03
33.91 93.42 17.98 1.69
35.2 93 18.65 2.9
3.69 93.55 16.5 3.35
0.06 94.11 18.29 2.16
57.86 94.08 19.23 1.85
8.73 94.21 20.05 1.52
0 94.18 22.16 2.07
0.33 94.04 23.66 2.04
3.62 94.19 24.58 2.04
0.28 94.42 25.64 2.31
5.18 94.25 23.76 2.53
0.82 93.98 25 1.89
1.13 93.49 26.12 2.44
0.32 93.33 26.22 3.24
16.68 93.65 25.76 2.65
41.94 94.06 22.82 2.3
43.77 94.25 20.15 2.1
22.7 94.08 21.14 1.66
125.14 93.9 21.57 1.66
53.64 94.03 21.96 1.87
30.68 93.95 22.67 2.38
25.93 93.7 23.33 2.04
75.82 93.68 22.47 1.72
8.37 93.68 22.47 1.36
18.25 93.5 22.32 1.56
3.91 93.32 23.65 1.96
4.54 93.71 24.75 2.13
29.49 93.79 24.36 1.92
38.36 93.56 23.62 2.27
141.73 93.53 23.42 2.21
209.25 93.92 20.7 2.34
6.37 94.13 22.04 1.62
2.27 93.94 22.95 1.75
21.26 93.46 24.82 3.02
0.15 93.46 22.27 1.89
3.6 93.33 24.08 2.72
6.14 93.48 24.68 3.19
29.63 93.86 23.82 1.89
21.36 94.41 22.14 2.38
37.26 94.46 22.55 1.56
11.02 94.37 23.53 2.23
0 94.4 23.52 2.19
0 94.22 23.77 1.48
0 94.05 24.24 1.56
0 93.73 25.25 1.74
0.91 93.55 24.94 2.37
0.02 93.83 23.33 2.32
0 93.88 23.34 1.56
0.77 104.09 166.58 146.22
62 104.44 166.35 146.4
109.25 94.32 19.65 1.81
20.95 94.04 19.08 2.2
7.05 93.86 19.69 2.3
46.37 93.97 19.35 1.84
14.06 94.28 19.84 1.84
36.49 94.51 19.16 1.99
8.34 94.44 19.75 1.97
43.36 94.32 19.37 2.28
0.05 94.25 20.2 2.49
26.83 94.1 19.76 1.89
3.76 94.24 18.44 1.33
19.88 94.39 18.41 1.53
171.81 94.57 17.36 1.54
95.51 94.62 17.82 2.23
1.47 94.61 20.33 2.39
0.17 94.76 19.27 1.91
19.89 94.58 17.58 1.43
77.09 94.41 16.48 2.09
0.03 94.55 17.19 1.92
0 94.45 19.1 1.41
2.52 94.59 20.23 2.3
29.45 95.28 15.45 2.04
3.25 95.2 13.97 1.64
56.53 94.63 12.81 1.68
8.27 94.59 14 2.36
0 94.53 19.1 2.26
0 94.83 18.92 2.28
0 94.94 18.37 2.68
0 94.79 18.78 2.21
5.94 94.77 19.34 1.51
10.06 94.85 18.5 2.11
0.01 94.93 16.18 2.18
5.53 94.41 16.15 2.22
7.08 94.2 18.9 2.3
56.97 94.04 17.29 2.72
23.18 94.17 13.73 2.01
35.53 94.09 14.79 1.87
13.24 94.12 15.12 3.13
0 94.35 13.88 2.39
0 94.58 15.61 2.57
0.19 95.37 13.53 1.61
5.01 95.83 10.86 1.92
8.61 94.71 14.34 3.02
48.11 94.01 10.88 5.36
0.04 93.92 13.42 4.36
0 94.89 11.21 1.7
0 95.19 13.79 2.38
0 94.73 17.01 3.36
0 94.63 17.03 1.95
0 94.41 17.28 3.03
0 94.72 9.75 3.92
0.68 94.04 5.52 3.33
2.37 94.24 5.35 5.17
2.51 94.55 9.66 4.66
0 94.93 11.83 2.33
0 95 12.66 1.77
0 94.75 13.18 1.65
0 94.69 13.95 1.5
0 94.71 14.85 2.49
4.31 94.85 12.68 2.83
0 95.57 5.71 2.5
0 94.48 10.13 2.6
36.39 95.04 4.87 1.65
16.43 95.37 4.86 1.87
1.94 99.18 65.67 30.68
0 98.68 66.13 30.67
0 95.62 6.88 2
0 95.52 4.65 1.66
6.8 94.34 7.01 5.27
0 94.39 3.5 3.8
0 94.98 1.44 3.43
0 95.31 -0.13 3.77
0 95.72 0.5 2.64
0 95.78 2.85 1.48
0 95.14 5.28 1.64
0 94.96 5.86 1.2
0 94.9 8.68 3.81
0 95.1 9.43 3.03
0.45 96.21 1.08 3.7
69.42 96.27 -4.14 2.5
38.99 95.89 -4.14 3.07
8.36 95.4 -3.58 1.78
0.21 95.44 -3.53 1.24
0 95.58 -3.59 1.37
0 95.74 -2.08 1.46
0.07 95.59 0.68 1.24
0.02 94.89 2.42 1.78
0 94.27 5.08 2.51
0.49 95.11 2.04 2.14
6.61 94.93 -2.41 2.5
0 95.62 -4.76 2.18
6.41 95.49 -6.25 2.27
12.2 95.49 -7.52 1.96
6.76 95.48 -8.32 1.89
5.87 95.97 -8.76 1.58
19.79 96.43 -11.52 2.53
10.18 96.51 -13.01 2.79
0.13 96.39 -15.15 2
0.02 95.55 -14.62 2.6
0 95.47 -14.25 2.6
0.08 94.97 -11.52 1.35
0.44 95.42 -9.94 1.34
7.59 95.16 -5.19 2.43
0 95.03 -7.32 1.65
0.56 94.36 -3.09 2.21
0.12 94.2 -5.9 4.88
0.28 94.52 -7.88 5.44
0 94.87 -5.23 3.64
0 95.51 -5.41 2.12
0 95.64 -7.92 1.45
0 95.79 -9.05 1.02
0 95.39 -3.37 2.15
1.18 95.04 0.03 2.76
0.01 95.32 -1.9 3.38
0 95.62 -6.98 1.62
0 95.29 -6.55 1.4
0 95.4 -6.63 1
5.03 94.73 -5.14 2.92
0.05 94.82 -6.83 4.41
0.06 95.39 -8.91 5.25
0 95.44 -7.84 2.84
0 95.91 -5.8 1.89
0 95.87 -6.42 1.45
0 95.01 -3.71 2.26
0 95.24 -5.56 1.72
0 95.32 -7.91 1.66
0 95.24 -5.71 2.17
0 95.32 -9.25 2.24
0.01 94.28 -7.12 2.9
0 95.32 -12.39 3.39
0 96.07 -14.75 1.94
0 95.82 -8.19 2.19
0.42 95.39 -5.77 1.52
2.95 95.64 -7.44 1.36
0 95.63 -8.33 1.97
0 94.8 -3.03 2.29
0.01 94.79 -5.7 1.35
2.13 94.96 -8.23 1.93
0 95.43 -10.9 3.64
0 95.25 -12.18 2.52
0 95.54 -10.27 2.79
0 95.38 -10.05 3.46
0 95.18 -10.65 2.73
0 94.95 -10.47 1.95
0 95.67 -12.45 2.99
0 95.93 -13.45 2.65
0 95.42 -13.12 3.07
0.1 94.77 -11.79 4
0.15 94.49 -10.96 2.51
0 94.54 -11.72 1.7
15.93 95.15 -15.22 2.25
2.21 95.16 -18.98 2.42
0 94.81 -19.22 4.3
0 95.4 -18.37 1.72
0 95.9 -17.73 1.43
0.94 95.84 -17.16 2.06
0.65 96.36 -20.78 3.08
0 96.26 -23.96 4.74
0 95.81 -15.76 4.53
0 95.23 -10.27 2.97
0 95.09 -11.75 3.36
0 95.15 -10.21 3.43
0 95.68 -13.02 1.88
0 96.1 -16.18 1.61
0 95.91 -16.52 2.26
0 95.97 -13.3 3.04
0 95.85 -10.96 2.78
0 95.5 -9.32 2.06
0 95.28 -8.94 2.54
0 95.49 -8.85 3.5
0 95.42 -8.88 3.59
0 95.33 -7.49 2.75
0 94.45 -7.4 2.78
0.01 94.08 -4.59 3.33
0 94.73 -3.5 2.65
0 94.4 0.84 2.56
0.05 94.31 1.27 2.18
3.42 94.59 0.07 2.97
31.68 95.31 -8.2 5.7
0 95.36 -12.59 5.23
0 94.74 -9.63 3.83
0 94.63 -5.32 3.98
0 94.56 -2.7 3.47
0 94.54 -4.11 3.68
0.16 95.37 -7.22 3.46
0 95.33 -9.52 3.71
0 95.15 -9.67 2.54
0.01 95.31 -7.04 3.13
0 96.19 -10.74 2.35
0 95.81 -9.5 2.42
0 95.74 -8.74 3.03
0.12 95.08 -6.97 2.93
0.03 95.17 -7.31 2.05
0.18 95.48 -8.46 3.87
0.11 95.7 -8.91 3.22
0.05 94.81 -1.15 2.71
0 94.43 1.54 2.02
0 94.37 0.86 2.66
0.35 94.76 -0.57 1.5
19.08 94.6 0.32 4
0.04 94.59 -1.55 2.54
3.63 94.88 -4.44 4.06
0 95.62 -8.06 4.49
0 95.71 -7.9 3.74
0.03 95.49 -6.91 3.35
0 94.96 -5.49 2.03
0 94.35 -1.38 3.87
0 95.09 -2 2.54
0 94.93 1.31 2.56
0 94.38 4.69 2.66
0 94.24 7.85 3.16
0 93.83 9.73 4.83
0 94.28 7.12 4.17
0 95.14 3.82 1.87
0 95.38 5.75 1.84
0 95.02 8.4 2.64
0 95.37 5.21 4.11
0.02 95.93 1.8 4.54
0 95.93 1.82 3.15
0 95.61 2.79 3.08
0 95.23 7.13 3.07
0 94.65 9.15 2.45
0 94.02 10.71 3.65
0.34 94.49 7.01 3.53
0 94.44 8.78 3.2
0 93.53 14.82 4.5
9.84 93.8 9.89 4.83
0.7 94.84 5.88 4.04
0 94.84 7.81 3.41
0 94.05 10.1 3.52
0.12 94.33 9.85 2.47
0.53 93.72 12.14 4.53
0 94.09 9.93 4.66
0 94.02 11.62 5.51
0 94.26 7.33 2.98
0 94.89 5.29 3.16
0 94.39 6.98 4.34
15.1 93.56 9.21 2.63
0.15 93.32 10.58 4.91
0 94.41 10.94 3.22
0.74 93.94 15.18 4.9
9.88 93.88 10.34 4.12
1.65 93.87 6.15 4.34
3.82 94.16 6.54 2.41
2.03 94.49 7.51 3.26
0.02 94.15 13.55 2.84
0 93.34 15.04 5.91
0 93.86 10.54 6.02
0 94.37 10.82 2.95
0 93.85 14.2 4.41
1.02 94.65 10.58 3.2
38.7 94.87 8.38 2.11
2.6 94.49 11.97 1.71
0 94.63 12.64 2.32
36.1 93.83 13.02 2.43
0.04 93.44 16.95 2.64
36.69 93.19 20.85 4.07
183.83 93.99 10.67 2.33
41.88 93.13 11.6 4.93
0 93.6 15.57 3.03
12.79 93.57 15.57 4.77
0.02 93.91 12.74 6.12
0 94.65 15.05 2.63
0 94.1 18.38 4.34
1.61 94.28 16.46 2.47
0 93.97 16.94 2.25
0.87 93.16 19.67 3.93
136.28 93.9 11.36 4.73
0 94.75 14.28 3.55
31.73 94.38 11.86 3.69
0.85 94.21 12.46 3.42
0 93.71 18.09 3.41
0 93.84 22.61 3.55
0 94.1 23.67 3.94
0 94.32 22.17 3.45
0 94.48 21.94 3.37
0.03 95.17 18.98 3.52
0.04 95.08 17.99 2.48
39.8 94.2 14.89 2
26.3 93.16 15.44 4.44
5.5 93.44 18.42 3.34
0.32 93.92 18.45 4.46
0 93.86 21.26 4.5
0.19 93.48 23.64 3.91
0 93.84 18.97 4.13
0 93.55 21.89 4.29
14.27 94.32 17.12 2.02
0 94.39 19.69 1.44
0 94.02 22.91 2.54
0.01 93.69 23.78 3.12
0.03 93.83 22.75 2.64
0.38 94.08 22.9 2.06
22.83 94.24 19.37 3.25
3.96 94.28 19.13 2
0.09 94.03 21.65 2.73
18.2 93.71 20.91 3.82
92.67 93.47 20.15 4.17
39.1 93.97 17.86 2.37
11.73 93.88 19.1 1.92
5.32 93.54 19.23 1.93
107.16 93.43 15.16 1.98
14.96 93.46 18.27 1.97
3.14 93.08 19.62 2.16
54.4 93.13 20.19 1.83
2.02 93.67 20.29 2.89
0.01 93.76 23.23 2.52
17.02 93.42 24.73 2.75
34.92 93.45 23.54 2.32
20.37 93.47 22.37 2.08
13.81 93.73 20.91 2.98
3.99 93.78 20.79 3.8
0 93.93 24.09 2.99
0 93.88 24.42 1.89
24.22 93.6 22.85 2.63
63.01 93.69 18.94 2.83
112.68 93.56 20.27 1.99
55.56 93.62 20.04 2
0 93.76 20.45 1.75
0.22 93.72 22.12 1.63
0 93.84 24.95 2.61
0 93.99 24.76 2.92
3.03 94.21 25.13 1.93
0 94.31 26.49 1.67
0 94.23 26.97 2.65
0 93.98 26.58 2.64
0 93.75 27.88 1.9
0 93.51 28.8 2.33
6.93 93.2 29.06 3.27
100.6 93.49 21.84 1.98
0.64 93.8 24.26 2.39
1.44 94.14 22.46 2.65
8.96 93.82 19.69 2.06
3.07 93.69 19.03 2.26
3.49 93.96 21.64 1.7
0.08 93.96 23.64 2.07
13.97 94.02 23.86 2.45
211.36 94.13 20.84 1.96
819.15 93.66 20.71 2.5
51.59 93.42 23.36 1.72
11.56 93.33 26.57 2.82
0.47 93.85 25.41 1.94
427.43 93.86 20.3 2.69
2.02 93.74 22.26 1.51
3.48 93.53 24.01 2.14
21.96 93.51 23.53 2.11
17.62 93.87 23.24 1.84
143.05 94.13 23.12 2.1
39.7 94.26 22.02 1.63
15.92 94.36 22.73 2
0.21 94.37 24.53 1.78
0 94.3 25.89 1.41
0 94.25 26.87 1.75
0 94.14 26.81 1.97
451.23 93.88 25.09 1.84
152.52 94.26 23.42 2.38
0 94.35 22.04 1.33
0 93.98 23.8 2.28
0 93.78 26.44 3.21
1.5 93.8 28.46 2.92
17.1 93.89 25.12 2.3
0 93.84 24.46 1.76
0 94.1 23.77 1.86
10.34 94 23.21 1.65
109.05 93.85 21.49 2.02
7.88 93.72 22.36 1.34
229.44 93.66 20.21 1.7
10.44 94.1 21.22 2.22
10.91 94.22 21.77 1.76
0.74 94.37 22.73 1.93
1.98 94.45 23.28 1.62
16.81 93.96 21.21 1.59
12.31 93.79 23.28 2.32
128.62 94.54 17.62 3.73
0 94.81 17.8 2.18
4.57 94.48 17.75 2.11
1.67 94.45 18.54 2.08
0 94.6 17.91 1.94
0 94.05 17.68 1.9
12.43 93.01 16.63 4.02
20.85 92.85 15.52 2.6
3.9 93.49 18.93 1.65
12.77 94 18.47 1.24
141.29 94.25 17.69 1.57
39.51 94.2 17.14 1.34
11.75 94.07 18.76 1.51
2.51 93.81 18.84 1.71
4.51 93.9 17.72 1.62
52.41 94.19 16.32 1.85
11.85 94.35 15.99 1.69
66.9 94.7 15.11 2.17
12.66 94.95 15.78 1.41
3.28 94.88 17.17 1.38
59.92 94.7 18.48 1.56
0.02 94.59 19.25 1.74
6.11 94.67 18.05 2.03
3.37 95.08 15.77 1.82
23.4 95.23 13.62 1.98
0.2 95.27 13.45 2.48
0 95.12 13.64 1.44
1.13 94.9 14.19 2.16
5.81 94.55 16.26 2.09
2.8 94.24 18.24 1.91
2.06 93.98 20.01 3.2
0.07 94.65 16.86 2.28
12.7 94.45 16.88 1.83
1.95 95.19 11.69 4.83
0 95.59 8 2.2
0.05 94.81 9.91 2.19
0.11 94.47 15.33 2.17
6.16 94.33 18.55 3.29
1.64 94.35 15.82 2.24
1.99 94.35 15.23 3.05
104.18 94.88 7.47 2.2
8.88 94.97 6.3 1.94
0.74 95.51 8.4 1.55
58.16 94.67 10.68 3.03
0.72 94.91 5.78 4.8
0 95.11 4.8 1.81
0.36 94.7 6.19 1.67
0 95.24 5.72 36.87
0.49 95.22 7.56 1.51
0 94.83 12.13 1.46
0 94.91 13.42 1.75
0.2 95.08 14.48 2.36
3.9 94.56 14.21 4.21
0 95.02 9.9 2.28
0 94.79 12.01 1.86
0 94.64 12.97 2.36
2.25 95.5 4.66 2.58
46.99 94.9 5.33 1.82
42.41 95.58 2.12 2.66
0 95.21 2.53 1.52
0 94.58 3.61 1.46
0 94.23 8.33 3.05
0 95.37 3.07 1.97
18.57 95.41 2.59 1.24
6.84 95.62 2.06 3.17
0.33 95.67 0.29 2.73
2.26 95.38 -0.23 3.42
0 96.18 -5.09 3.22
0 95.81 -3.38 2.34
0 95.13 0.5 3.1
0 94.55 2.11 1.74
0 93.69 4.28 1.75
0 94.69 1.62 2.51
0.23 95.47 -0.8 2.04
5.1 95.73 -1.56 3.28
0 96.08 -3.94 1.62
0 95.46 -1.75 2.3
2.81 94.05 2.57 3.57
1.64 94.25 -1.27 1.82
0.22 94.79 -1.36 1.38
0 94.28 4.17 3.54
0 94.97 1.05 4.96
0 95.19 -3.18 2.07
0 94.95 0.24 2.56
0 94.88 -0.79 2.17
0.18 94.35 0.36 2.51
2.03 94.82 -3.88 2.1
29.57 95.35 -7.17 1.88
55.96 95.71 -9.59 2.68
0 96.08 -11.55 2.99
0 95.77 -10.62 2.63
0 95.29 -8.41 2.84
0 94.95 -6.14 1.92
0 94.49 -2.8 3.34
0 95.29 -6.27 3.06
0 95.72 -4.99 1.59
0.1 95.96 -5.42 1.72
4.8 94.86 -1.36 3.38
0 95.61 -3.77 3.65
0 95.35 0 2.75
0 94.61 2.34 3.14
0 94.68 -1.37 2.71
0.93 95.31 -5.89 3.5
0 94.76 -5.67 2.99
0 94.98 -6.26 2.47
3.02 94.4 -4.1 3.54
0 95.34 -7.52 2.21
0 95.48 -8.13 1.46
0 94.88 -5.98 2.52
7.19 95.21 -3.76 2.4
0 95.81 -9.14 3.09
0 95.74 -10.39 1.99
0.01 95.73 -8.98 2.84
0 94.97 -4.87 2.5
0 94.92 -4.53 1.1
0 95.08 -4.03 1.02
0 95.15 -3.44 1.09
0.02 95.47 -3.24 1.39
0.12 95.49 -4.94 2.52
3.36 95.16 -9.5 3.57
0 95.55 -10.64 2.28
0 95.44 -10.09 1.33
0.05 95.28 -4.99 3.83
0.57 95.9 -9.22 3.45
0 95.79 -11.27 2.14
0 95.51 -9.97 4.02
0 95.73 -9.06 2.98
0 95.25 -7.57 1.86
0 95.12 -6.51 1.57
0 94.93 -2.84 3.11
0 95.09 -4.8 2.24
0 94.77 -1.99 2.99
0 95.35 -5.32 1.44
0 95.64 -6.9 1.4
0 95.2 -3.44 1.74
9.96 95.22 -3.98 1.48
7.47 94.83 -5 2.18
0.02 94.97 -7.84 3.43
0 95.22 -10.58 3.92
0 94.96 -10.53 2.92
0.02 94.69 -11.11 2.73
0 94.87 -10.69 4.6
0 95.76 -11.88 2.06
0.11 95.73 -13.44 1.34
0.04 95.64 -12.8 1.44
0.22 95.45 -10.83 2.09
0 95.76 -11.35 1.79
15.41 95.45 -12.63 2.53
0 95.52 -13.72 2.19
0 95.17 -13 4.19
0 95.82 -13.87 2.48
0 95.94 -14.12 1.43
0 96.06 -12.52 1.3
0 95.46 -7.9 1.6
0.06 94.76 -4.4 4.36
0 95.25 -7.08 3.39
0 94.7 -7.59 2.72
0.14 95.54 -11.5 3.96
0 95.86 -10.47 3.43
0 95.3 -8.36 2.81
0 96.02 -8.5 3.2
0 95.44 -5.97 2.12
0 94.86 -3.9 1.65
0.29 94.52 -1.16 2.35
0 94.88 -6.1 3.31
0.01 95.78 -6.88 2.11
0.01 95.73 -7.73 1.12
0.04 95.55 -8.83 5.56
0.02 95.09 -9.88 5.52
0 95.27 -9.35 4.48
0 95.37 -7.11 3.04
0 95.35 -6.17 1.77
0 95.84 -4.56 1.51
0 95.7 -3.5 1.78
0 94.55 1.86 3.45
1.73 94.86 -3.13 4.11
0 95.46 -7.02 3.09
0 94.84 -5.13 2.71
0 93.82 -2.13 4.65
0 95.57 -7.19 3.84
10.06 95.36 -6.72 2.7
8.56 94.75 -4.12 4.19
0 95.24 -5.02 3.72
0 94.99 -2.59 3.47
0 94.93 -1.08 3.29
0 95.12 -0.77 1.69
0 94.8 1.15 2.85
0 94.75 0.5 2.92
0.22 95.12 -4.56 3.63
0 94.36 -0.73 2.55
0 94.42 -0.15 1.5
0.02 94.62 -3.23 2.35
0.16 95.04 -5.33 3.66
0.06 94.8 -7.34 3.81
0 94.84 -5.36 4.57
0 94.37 -0.62 3.6
0 94.16 0.68 2.89
0 94.38 3.31 2.02
0 94.66 3.94 2.94
0 95.45 -0.5 4.29
0 95.46 0.63 2.83
0 95.43 1.33 1.96
0 95.15 2.77 1.59
0 94.78 3.35 1.82
0.81 94.68 4.1 1.91
0 95.21 5.18 1.78
0.29 95.3 4.53 2.09
0.95 95.35 1.78 3.17
0 95.19 1.53 1.88
0 94.94 2.94 2.07
0.91 95.32 1.61 1.48
7.36 95 1.28 1.33
2.07 94.85 2.78 2.56
0.64 94.79 1.6 2.1
0 94.96 2.56 2.39
0 94.76 5.05 2.42
0 94.69 8.73 3.51
0.19 95.48 3.92 2.59
0 95.29 4.32 1.95
0 94.69 5.86 1.73
0 94.73 9.12 2
0 94.64 12.24 2.78
0 94.33 16.02 3.56
0.56 94.05 14.18 3.35
1.61 94.13 11.26 3.26
0.66 94.21 10.19 2.56
0 94.96 8.68 3.06
0 94.93 8.75 2.24
0 93.96 12.81 3.78
0 94.52 7.93 3.88
0 94.42 7.01 2.45
0 93.79 12.04 3.86
0 93.4 14.85 2.93
0 93.85 15.95 3.19
0.51 94.15 14.18 3.16
1.91 93.09 13.98 4.85
0.27 93.29 7.58 5.55
1.86 93.62 7.76 3.07
2.06 94 9.24 3.35
0 94.43 9.89 2.24
0.02 93.76 12.99 4.97
0 93.99 9.93 2.86
0 94.32 8.82 3.4
0.01 94.97 8.57 3.6
0 95.01 10.25 4.63
0 94.22 14.72 4.44
0 93.67 16.7 3.22
0 93.35 20.42 4.12
0 94.17 16.89 2.51
0 94.52 17.76 2.62
0 94.48 20.96 3.62
3 94.39 18.84 4.98
10.76 94.35 14.6 3.5
16.55 94.06 9.46 5.94
0 94.29 10.73 6.17
0 94.18 17.85 4.15
0 93.87 20.18 2.42
0 93.6 20.19 3.94
0.21 93.63 19.02 2.99
0.02 93.79 14.83 4.83
0 93.62 12.62 4.57
0.83 93.85 12.33 4.6
0.13 94.56 13.79 4.72
0 94.52 16.18 2.34
0 93.74 19.86 1.8
0 93.57 23.57 2.1
0 93.59 28.24 3.59
4.22 93.94 26.17 3.26
1.49 94.2 23.65 2.68
9.19 94.52 15.5 3.39
180.34 94.63 9.68 2.26
0.03 94.42 16.32 2.37
0.01 94.02 19.4 2.22
0.05 94.51 15.57 2.98
0 94.05 19.33 2.46
0 93.67 21.74 2.71
0 93.98 22.37 3.87
24.86 94.29 16.89 2.46
0.79 93.75 19.74 3.03
8.58 93.29 20.06 3
0 93.78 17.74 3.36
96.83 94.07 11.35 1.85
0 94.21 15.52 2.15
0 94.21 19.76 2.34
0 94.35 21.32 2.19
24.89 94.04 15.24 2.22
0.51 93.79 18.52 2.7
0.38 93.69 21.4 3.71
0 93.77 20.94 3.6
0 94.12 18.93 2.05
5.58 94.26 18.19 1.74
30.33 94.56 18.29 1.7
0 94.59 20.54 1.97
0 94.19 26.43 2.3
0.38 93.91 26.88 1.44
0.92 93.74 26.07 2.99
18.95 93.65 23.41 2.13
46.81 93.65 20.52 2.5
53.32 93.54 19.19 1.83
7.11 93.6 19.9 2.38
0.5 93.76 21.39 2.22
97.15 94.13 18.19 1.51
122.55 94.01 16.92 1.61
4.3 93.77 18.8 1.4
4.23 93.74 21.68 1.38
0 93.91 23.87 1.65
10.57 93.78 24.94 3.25
23 93.8 26.35 3.17
0.11 93.71 26.84 2.77
12.44 93.6 26.83 2.57
42.11 93.48 26.59 2.09
21.6 93.64 24.82 2.5
0.54 93.75 25.46 2.07
32.64 93.91 23.89 1.72
36.29 94.06 22.37 1.49
45.68 93.83 23.74 2.47
514.15 93.02 22.68 2.34
37.37 92.99 24.11 2.65
38.62 93.15 24.29 2.52
0.61 93.13 24.08 2.01
0 93.41 24.97 1.82
0.31 93.47 28.12 2.35
79.5 93.26 27.61 3.27
25.66 93.69 24.67 2.02
13.4 94.01 25.77 1.56
0 94.13 27.02 1.72
0 94.06 28.04 1.8
0.01 93.79 28.35 2.65
27.68 93.56 26.4 2.65
34.93 93.55 22.54 2.43
42.46 94.27 21.26 1.94
33.16 94.27 21.06 1.45
4.26 93.81 23.57 1.22
1.03 93.93 23.73 1.57
0.65 94.14 23.87 1.96
24.56 93.79 22.1 2.45
0.7 94.02 22.74 2.31
0 94.51 23.07 1.57
0 94.07 23.4 1.61
91.98 93.68 22.97 3.12
0.04 93.84 24.96 1.86
0.93 93.91 25.77 2.24
45.95 93.66 24.82 1.94
686.48 93.1 23.08 1.85
17.29 93.5 23.87 1.48
54.51 93.54 24.05 2.22
26.43 93.39 22.39 1.97
2.03 93.45 23.7 2.1
27.05 93.31 22.35 1.54
47.39 93.12 20.31 1.53
12.36 93.22 22.87 1.4
11.63 93.61 23.83 2.42
43.45 93.98 22.54 1.97
0.44 94.13 23.16 1.65
16.77 94.07 22 1.6
21.11 93.98 21.46 1.53
296.47 94.05 19.3 2.28
48.79 94.21 20.36 1.91
25.58 94.34 21.28 1.81
33.77 94.37 21.51 1.93
7.84 94 22.08 1.71
1.66 93.76 25.37 1.94
28.01 94.2 22.5 2.08
322.91 94.1 19.11 1.98
0.02 94.12 19.96 3.64
0 94.21 17.97 3.44
0 94.51 18.64 2.02
19.91 94.24 16.11 2.5
5.06 94.66 15.82 2.74
0 94.79 14.48 2.02
0 94.52 16.89 2.2
0.6 94.51 17.24 1.67
2 94.34 19.77 1.91
7.79 94.37 19.21 1.83
8 94.28 19.52 2.29
2.92 94.13 20.48 2.47
0.05 94.03 19.94 3.61
0 93.94 18.91 1.76
0 93.74 20.94 1.94
1.19 94.25 18.29 2.61
4.09 94.28 18.63 2.06
88.1 94.19 16.71 1.62
0.02 94.43 16.34 2.17
0 94.82 15.53 1.6
0 95.05 16.17 1.74
3.94 94.99 18.28 2.3
4.98 94.82 18.29 2.03
0.5 94.42 18.8 2.69
0.01 94.25 17.19 2.44
0 93.7 18.89 1.94
0.14 94.15 15.57 2.92
0 94.5 15.01 1.65
1.07 93.85 18.77 2.85
10.92 93.9 16.52 3.45
0 94.07 17.25 3.48
0.14 94.36 17.76 2.29
16.93 94.32 15.69 2.28
28.37 94.61 13.05 1.83
0.03 94.57 9.9 2.25
0 94.46 8.89 3.47
0 94.29 9.97 2.55
0 94.4 13.39 2.33
0.09 94.59 15.06 3.53
0 95.33 8.93 2.53
0 95.67 7.85 2.05
0 95.43 9.38 2.35
0 94.75 13.56 3.53
0 94.54 14.59 2.66
0 94.85 13.65 1.95
14 95.13 11.92 1.55
91.01 95.75 8.57 3.3
27.11 95.78 4.82 2.46
0.59 95.56 4.88 3.02
0.67 95.19 4.16 2.32
0 95.08 5.63 2.84
0.01 95.64 4.61 1.16
28.99 95.68 6.74 1.74
0.07 96.03 5.35 1.79
0 95.81 5.84 1.67
4.46 95.16 8.59 1.68
0.07 94.97 8.91 1.32
0 94.68 11.07 2.24
0.02 95.36 6.99 1.65
13.84 95.46 4.01 1.72
0.13 95.47 5.24 1.6
0 95.27 6.86 1.72
0 95.35 7.46 1.26
0 94.73 9.58 1.56
0.02 94.59 10.57 1.86
0 95.45 6.17 4.54
0 95.95 1.81 3.62
0 95.42 4.95 2.34
0 94.54 7.78 2.68
