0.52 94.98 -17.44 1.47
0.01 95.63 -18.23 1.51
17.82 95.49 -20.09 1.5
6.85 95.71 -18.83 3.22
0 95.99 -19.76 2.64
0.01 96.2 -19.92 2.29
0.07 96.31 -18.17 1.42
20.92 95.67 -17.08 1.18
6.51 95.88 -17.41 1.22
0 96.12 -16.48 1.22
0 96.11 -16.69 3.03
0 95.52 -18.74 3.3
0 95.53 -15.93 3.56
1.91 95.37 -16.34 1.28
0 96.45 -15.93 1.34
0 95.99 -14.36 1.06
0 95.66 -11.18 1.1
0.01 95.57 -6.26 1.45
0 95.06 1.15 3.7
0.05 96.36 -10.41 4.84
0 96.21 -13.59 2.56
0 95.91 -11.52 4.44
0 95.38 -8.05 3.52
0 94.81 -8.76 4.19
0 95.79 -9.33 3.69
0 98.8 -4.23 3.31
0.92 94.74 -4 2.99
0.01 95.34 -11.25 4.21
0 94.91 -5.37 4.84
0 94.99 -5.21 2.04
0 95.6 -9.53 1.58
0.52 95.75 -11.6 1.83
0 95.76 -15.16 2.29
0 95.68 -13.56 2.65
0 95.66 -14.41 2.27
0 96 -14.34 1.41
0.01 95.85 -11.78 2.25
1.67 94.88 -3.29 2.93
0 95.04 -5.26 1.74
0 95.68 -7.94 2.42
0 96.29 -11.14 3.03
0 96.7 -12.69 3.75
0 96.39 -12.14 2.14
0.03 95.74 -10.28 2.31
0 96.18 -11.1 2.32
0 96.34 -13.12 1.76
0 95.87 -10.88 1.59
0 95.47 -9.39 2.9
0 95.26 -8.55 2.94
0 94.73 -4.25 1.85
0 94.63 -8.43 1.67
0 94.77 -7.46 1.78
0 94.72 -4.46 2.73
0 93.7 0.98 2.07
2.05 94.14 -3.93 1.66
0 95.21 -7.36 1.89
0.14 95.35 -6 1.67
2.4 95.01 -7.18 2.17
0.67 95.66 -8.7 2.16
0.07 95.31 -8.55 1.93
0.21 95.04 -3.85 3.52
0 95.05 -1.6 3.22
52.39 94.73 -2.91 2.82
3.1 95.85 -10.97 3.41
0 96.53 -12.95 1.7
0.01 96.8 -13.49 1.5
2.06 97.1 -10.74 2.68
0 96.28 -9.99 2.53
0 94.88 -4.17 2.54
0.15 93.78 2.47 3.83
0.47 95.04 -5.58 4.47
0 95.59 -3.13 1.96
40.63 94.98 -0.58 1.97
0.63 95.01 -3.15 5.93
0.01 95.47 -5.21 2.83
0 95.88 -6.28 2.32
0 94.83 -2.88 2.74
0.18 93.49 3.74 2.45
42.02 94.2 -1.54 3.88
0 94.48 -0.26 3.03
0.04 94.48 3.63 4.19
0 95.14 2.2 2.65
0 95.75 -1.17 2.58
0.03 95.71 -3.95 3.69
1.23 95.23 -3.46 1.81
3.29 95.81 -2.99 1.74
0 95.68 2.78 1.38
0.04 95.43 5.91 1.89
3.55 94.82 9.05 4.36
1.92 94.61 7.33 4.96
0 95.06 1.18 5.47
0 95.11 -0.84 4.11
0 94.69 4.53 4.43
0 94.48 8.54 3.97
3.52 95.15 2.32 2.19
0 95.74 1.28 2.34
0 95.12 7.09 3.77
0.22 93.92 12.41 5.96
19.12 94.8 2.08 2.83
0 95.08 2.82 3.26
0.73 95.03 1.04 2
58.32 94.86 -0.24 3.64
0.02 95.61 -1.5 5.28
0 95.72 1.72 2.58
0.47 95.05 3.97 2.76
7.93 95.35 2.5 1.65
0 95.25 5 3.15
25.35 94.59 10.14 2.84
21.03 95.11 8.18 2.02
0.11 95.47 7.78 2.07
0.07 95.72 9.22 2
0.39 95.47 8.75 2.14
0.11 95.34 7.91 1.78
0 94.9 12.6 2.95
1.57 94.63 13.36 4.12
19.15 94.54 4.39 3.56
24.18 94.17 1.91 3.38
0.07 94.29 4.56 6.62
2.9 94.43 6.58 5.47
9.51 94.66 11.61 2.54
0 94.12 17.18 1.94
0 93.87 18.47 4.56
0.18 94.4 16.14 2.16
1.77 93.91 60.12 2.75
199.01 93.6 9.05 2.89
9.49 94.04 12.75 4.59
42.68 94.05 10.97 1.7
6.63 94.27 14.43 2.5
44.05 94.07 11.23 3.57
11.9 93.99 9.07 2.36
4.42 95.03 9.39 2.18
0 95.26 13.17 1.62
0 95.19 16.1 1.62
6.15 94.75 17.6 3.59
8.81 94.66 20.51 2.33
0.53 94.84 19.77 2.43
11.71 94.36 17.78 2.73
204.88 93.52 11.97 2.91
0.93 93.22 17.97 4.78
0 94.07 21.62 2.46
0 94.21 24.8 2.73
0.2 94.24 22.48 2.1
0.44 93.93 21.61 2.61
9.72 94.18 17.32 3.85
0.38 94.75 21 3.09
0.08 95.16 21.64 2.14
3.01 95.06 19.06 1.98
97.55 94.43 15.57 2.68
68.94 94.07 16.62 1.89
76.19 94.57 14.98 1.93
5.79 95.15 16.43 1.17
2.39 95.03 18.28 1.46
0.3 95.16 19.28 1.47
0 95.18 21.73 1.7
0.01 94.97 22.92 1.98
0 94.68 24.08 2.13
0 94.68 24.06 2.37
0 94.77 24.93 3.49
0 94.9 24.74 3.47
0 95.01 25.07 2.42
0.84 94.89 21.84 2.23
0.02 94.59 21.72 3.53
0.27 94.26 23.86 1.8
23.96 93.99 24.06 2.92
54.04 93.9 22.58 2.77
0.48 93.83 23.54 2.47
7 93.95 23.61 1.61
66.74 93.99 21.34 2.12
27.27 94.08 20.96 2.1
0.66 94.18 23.01 1.27
0.05 94.58 22.71 2.72
0.01 94.15 23.07 1.92
5.5 94.52 19.79 2.04
0 94.56 23.24 1.51
0 94.42 25.78 1.71
0 94.4 27.16 2.64
0 94.35 26.35 1.8
10.74 94.19 21.89 1.57
20.56 94.12 22.22 1.43
0.11 94.17 23.88 1.32
0.05 93.91 25.73 1.28
69.75 93.88 22.27 2.37
1.24 93.9 24.8 1.24
0.03 93.89 27.82 1.7
2.48 93.87 27.09 2.28
0 93.88 26.41 3.21
0.02 94.02 24.95 2.62
10.16 94.31 20.64 1.94
1.9 94.51 22.17 2.09
0.71 94.45 21.96 2.38
43.81 94.21 21.47 1.71
105.04 94.23 20.6 1.42
271.29 94.51 19.87 1.3
2.47 94.77 22.22 0.92
0 94.68 24.12 2.25
66.29 94.21 22.68 2.61
3.67 93.98 25.05 2.93
0.81 94.22 26.29 2.2
1.4 94.19 27.45 2.34
6.83 94.27 26.12 2.74
85.01 94.24 24.02 2.08
0.66 94.48 24.69 1.54
1.08 94.58 25.91 1.61
10.6 94.59 27.08 1.38
2.81 94.71 27.7 1.41
0.3 94.56 28.09 1.97
7.67 94.47 27.91 2.4
34.97 94.12 26.8 2.27
283.54 93.74 25.49 2.7
10.24 93.79 21.61 1.17
40.31 93.72 25.58 1.21
169.9 94.06 21.97 1.82
0 94.66 20.98 2.21
0.01 94.54 22.64 1.48
4.42 93.77 25.22 3.13
39.37 94.04 23.26 1.99
52.98 94.44 22.27 3.39
0 95.19 20.3 1.77
27.37 94.79 20.22 1.4
82.05 94.08 22.52 2.39
23.9 94.18 22.54 2.3
0 94.39 21.55 1.97
0 94.09 24.98 2.67
44.73 93.84 24.67 1.84
2.35 93.72 26.25 2.2
11.22 93.62 24.11 3.25
0 94.14 22.14 3.18
0 94.5 22.33 1.67
23.47 94.48 22.83 2.2
5.04 94.64 23.29 2.48
95.58 94.82 22.42 2.01
0.61 95.13 22.54 1.86
123.77 95.04 18.36 1.47
60.2 94.99 19.01 1.26
0.7 94.98 20.02 1.35
0 94.89 22.53 1.87
0.05 95.15 21.52 1.74
0.98 95.38 21.42 1.41
0 95.08 20.68 1.58
0.79 94.87 19.68 1.55
22.73 94.46 20.44 1.61
3.64 94.58 20.52 1.35
0.43 94.61 21.61 1.88
9.9 95.14 19.79 1.63
7.53 95.28 20.62 1.26
0.02 95.16 19.92 1.05
0 94.85 19.92 1.87
0 94.62 22.78 1.64
0.6 94.87 23.7 1.84
0 95.44 17.71 1.5
0 95.22 17.28 1.38
1.08 94.76 17.93 1.25
4.75 94.44 18.64 1.54
0.13 94.69 19.1 1.49
0 94.83 20.29 1.01
1.31 94.88 22.22 1.43
0 94.96 22.51 1.69
4.79 94.75 21.33 2.24
114.57 95.19 14.33 2.2
320.34 95.29 8.76 1.81
134.02 95.12 12.47 1.31
0 94.83 16.3 1.64
48.8 95.12 14.49 2.09
196.03 95.72 9.43 2.45
0 95.56 9.66 2.26
0 95.37 12.39 1.37
0.43 95.09 14.63 1.38
12.64 94.81 15.66 2.73
0.14 95.04 12.22 2.57
0 95.01 10.53 5.11
0 95.84 8.67 2.75
0 95.41 9.82 1.39
0.02 95.09 15.27 1.8
0.67 95.49 11.97 1.31
265.54 95.25 6.66 2.41
92.64 95.16 7.52 2.4
0 95.25 9.3 1.63
0 94.84 13.71 1.27
0 94.72 17.35 2.42
0 94.84 18.59 2.95
0 94.79 18.12 2.57
0 94.35 17.7 3.46
19.15 95.02 10.46 2.22
134.88 95.44 4.56 2.09
0 95.48 8.19 1.65
0 95.06 9.55 1.7
0 95.26 8.06 3.13
0 94.75 7.56 2.91
0 95.61 1.87 2.95
0 96.15 0.26 1.03
16.88 96.09 -0.61 1.31
57.66 96.14 0.4 0.97
0 95.99 1.66 1.2
0 95.43 3.7 1.34
0 95.11 8.62 1.59
7.77 95.35 8.37 2.52
2.04 95.9 3.21 3.73
0 96.23 -0.61 3.74
0 96.88 -1.71 2.41
0 96.04 0.86 1.76
0 95.93 4.67 2.4
0 95.92 5.9 1.5
0 95.99 5.91 1.66
0 95.82 6.35 2.27
0 96.36 1.85 3.49
0 95.85 1.49 1.87
0 95.45 5.27 1.74
0 95.54 4.69 1.29
0 95.22 6.91 1.9
0 94.93 7.26 1.66
7.45 95.13 2.78 2.21
0.16 95.61 0.03 3.65
0 95.27 -1.36 1.52
0 94.82 -0.03 1.24
19.45 94.32 0.27 4.03
1.24 94.72 -0.83 2.09
0.58 95.74 -1.8 4.11
0 96.71 -5.3 2.61
0.02 96.02 -3.16 2.47
0 95.39 0.14 1.6
0 95.28 1.6 2.22
0 94.96 5.25 3.76
0 94.51 3.32 2.52
0 94.28 6.11 2.03
0.15 94.45 1.95 4.48
0 95.21 -2.87 2.28
0 95.02 -2.11 1.96
0.01 95.28 -2.22 4.43
0 95.58 -6.79 2.69
0.31 94.72 -6.57 2.2
0 95.08 -7.87 6.54
0.37 95.26 -8.29 1.43
0.11 95.15 -7.48 1.16
0 94.75 -3.28 1.99
0.03 94.39 -4.44 1.97
0.04 94.97 -8.68 3.59
0 95 -5.32 2.36
0 93.99 2.79 2.24
0 95.45 -3.63 3.14
0 95.95 -6.14 3.36
0 94.68 -5.88 2.52
0 94.67 -7.58 1.4
0 94.11 -5.69 1.69
2.32 94.05 -9.65 4.06
0 95.02 -13.3 1.53
1.39 95.43 -15.18 1.98
0.04 96.12 -16.29 2.69
0 95.99 -16.69 3.8
0 95.68 -15.72 3.78
0 94.37 -9.01 3.46
0 94.25 -7.09 1.28
0 94.3 -4.1 1.98
0 94.57 -3.1 2.48
0 94.82 -1.25 1.9
0 94.59 -8.12 1.41
0.16 95.16 -11.78 2.89
0 96.4 -17.6 3.08
0 96.35 -16.15 3.76
0 95.46 -15.2 3.59
0 94.36 -11.96 3.21
0 94.05 -9.93 2.13
0 94.69 -12.24 3.78
3.75 94.93 -13.14 2.06
0.02 95.11 -13.01 5.18
0.13 95.66 -11.65 5.74
0 95.85 -11.56 3.66
0 96 -12.36 3.16
0 95.62 -13.28 0.89
0.01 95.22 -13.11 1.7
0.02 95.38 -11.68 5.49
0 95.98 -10.43 4.31
0.01 95.29 -7.89 1.82
0.13 95.19 -9.9 3.82
0 95.72 -13.74 4.1
0 94.97 -11.06 2.85
0 94.54 -12.69 3.95
0 94.68 -13.37 1.98
0 94.69 -11.42 3.29
0.02 95.7 -15.63 3.2
0 96.11 -17.85 3.64
0 95.92 -15.06 2.81
0 95.74 -14.29 2.87
0 95.46 -14.53 3.12
0 95.44 -14.9 3.43
0 95.34 -12.89 2.33
0 95.16 -13.04 1.56
0 95.17 -13.94 3.41
0.03 95.44 -14.98 3.64
0.01 95.59 -14.55 2.02
0.04 95.77 -15.12 2.55
0 96.18 -15.93 1.66
0 96.47 -14.47 2.81
0.01 96.02 -14.74 3.43
0 95.72 -15.05 3.86
0 95.5 -11.08 3.72
0 95.12 -3.66 2.85
0 94.83 -4.7 1.76
0 94.78 -8.33 1.47
0 94.61 -5.99 2.17
0 94.89 -5.96 2.48
0.02 93.99 -3.07 5.34
0.02 94.64 -3.43 2.88
0 94.33 -6.94 2.14
0.47 94.5 -8.04 3.36
0.06 95.27 -11.08 1.82
0.51 95.25 -10.51 0.94
2.02 95.52 -13.9 3.96
0 95.63 -12.7 2.31
0.08 95.55 -12.08 2.1
0.05 95.47 -11.91 1.6
0 94.73 -3.64 2.76
1.1 94.78 -5.48 1.67
4.22 95.22 -5.33 2.68
0 95.17 -4.28 2.06
0 95.05 -0.2 2.23
0 95.34 -0.8 1.84
0 94.94 1.72 2.24
0 94.43 2.93 4.11
4.26 94.3 0.79 2.12
0.18 95.03 -4.48 2.71
0 95.64 -5.19 1.77
4.91 95.02 -2.03 4.66
0.29 95.9 -9.5 3.47
0.03 95.37 -8.33 3.69
0 95.03 -7.03 3.35
0 95.02 -7.08 2.52
0 95.14 -4.6 3.15
0 94.78 -0.88 1.86
0.07 94.31 1.24 2.76
0 95.14 -1.9 3.96
0 94.85 -1.71 4.72
0 94.9 -4.07 5.33
0 95.23 -2.06 4.07
0 94.99 -0.42 3.75
0 94.33 2.62 3.23
0 93.66 7.23 2.3
0.01 94.43 1.67 4.68
0 95.54 -2.58 3.87
0 95.22 -5.4 4.81
0 94.98 -3.65 3.41
0 94.34 3.69 3.55
0 94.04 4.65 5.26
0 94.45 1.55 3.99
0 94.68 -0.87 2.12
2.78 95.25 -3.95 4.25
0 95.33 -2.88 3.47
0 95.07 -2.29 2.53
0 95.21 -2.73 4.96
0 97.21 -0.69 2.94
0 97.18 0.99 3.26
0 97.02 2.78 3.36
0 97.29 2.66 1.99
0 96.95 7.36 3.69
0 96.63 8.08 2.07
0 96.23 10.11 4.47
0 97.54 1.9 4.19
0 97.45 1.96 2.43
0 96.99 5.93 2.79
0 96.89 7.68 1.3
0 94.85 10.34 2.93
0.05 94.1 10.86 5.41
1.5 94.52 7.58 4.7
0 94.48 8.31 4.11
0 94.38 8.4 3.75
0.7 95.03 5.2 3.42
0 94.7 9.24 3.56
0 94.09 14.78 3.68
0 94.22 13.63 1.69
0.02 93.47 16.25 3.1
0 94.35 10.29 5.49
0 93.99 12.51 4.34
1.21 94.08 7.83 7.5
0.38 94.74 6.86 5.07
0 94.52 9.67 2.22
0 93.99 13.57 4.37
49.43 94.75 7.27 2.14
3.3 94.61 6.1 1.85
14.01 94.34 4.85 3.08
5.51 93.9 6.28 4.13
0.05 93.49 8.49 1.78
3.83 93.53 9.26 3.13
3.56 94.2 7.23 2.79
0 93.68 9.58 1.43
29.65 93.06 8.58 1.64
2.86 93.02 9.63 2.37
0.6 93.94 13.21 4
0.22 94.2 10.79 4.52
0 94.52 12.48 3.04
1.03 94.05 13.02 3.29
112.44 93.25 9.3 3.05
0.08 93.32 11.07 3.94
0.01 93.85 13.24 3.37
0.77 93.79 15.28 3.97
8.68 93.64 16.94 3.25
0 93.91 18.18 2.37
0.14 93.57 16.37 5.48
0.35 93.48 12.68 6.37
0 93.69 15.12 7.1
0 93.81 16.03 4.67
0 94.39 12.77 3.66
0 94.33 13.86 2.33
0.01 93.22 17.46 2.34
13.95 93 19.16 3.9
11.1 94.2 13.3 3.12
2.81 94.28 11.57 3.56
0.3 94.14 12.78 4.49
0 94 17.47 3.07
0 94.14 18.19 2.89
0 94.27 20.65 3.12
4.5 94.14 20.64 4.9
5.73 94.08 18.91 5.36
0.01 93.93 20.33 3.15
1.01 93.73 23.82 5.99
5.78 93.87 22.4 2.69
57.57 93.47 18.24 3.24
6 93.41 17.18 3.33
0.02 93.82 19.62 3.03
5.75 93.51 20.77 5.72
2.28 93.67 18.65 4.26
0.69 93.93 19.39 1.96
0.61 93.78 23.23 1.86
7.82 93.15 24.76 3.22
8.61 92.9 22.07 2.8
10.07 93.15 21.87 2.18
0 93.57 22.61 2.92
30.53 93.53 20.56 2.08
238.39 93.68 15.88 2.75
4.34 93.87 19.52 2.13
4.87 93.88 21.24 1.34
66.38 93.68 20 2.07
35.18 93.66 18.55 2.09
139.58 93.87 17.23 1.82
0.33 94.03 20.2 1.7
0 93.94 24.04 1.18
0 93.76 26.51 1.99
0.04 93.47 27.97 3.02
0 93.42 27.51 2.77
9.67 93.22 22.02 2.36
53.56 93.54 15.76 2.57
0.59 94.2 18.98 2.57
0 94.53 20.62 1.51
3.12 93.98 22.09 3.13
5.23 93.25 23.16 2.76
15.2 93.38 24.91 2.74
0.02 93.51 25.49 3.39
35.2 93.43 23.92 2.69
83.9 93.56 21.88 1.53
0.37 93.48 23.5 2.54
0 93.6 23.71 2.62
0 93.72 25.21 2.66
36.86 93.18 22.96 2.81
0.49 92.9 25.09 3.53
72.53 93.01 17.71 1.59
21.51 93.06 18.14 2.73
9.05 93.73 21.11 1.91
18.58 93.88 23 2.26
14.36 93.94 24 1.92
3.54 93.96 23.76 2.29
1.15 93.79 24.2 1.41
62.49 93.92 21.54 1.84
6.94 93.88 22.24 1.58
42.86 93.74 21.42 1.73
21.89 93.81 20.82 1.35
46 93.88 21.61 1.29
374 93.76 20.08 2.05
51.55 93.63 20.97 1.75
48.71 93.54 22.14 2.12
7.87 93.52 23.21 1.93
0.1 93.6 25.34 1.37
20.61 93.56 25.93 2.28
351.06 93.38 22.43 2.27
53.87 93.33 22.21 2.38
4.74 93.51 22.99 2.08
0.39 93.75 24.55 1.49
86.29 93.94 21.52 1.7
48.66 93.59 21.18 1.65
0.02 93.64 23.37 1.73
0.18 93.77 24.21 2.35
0.33 94.13 23.12 2.13
0.03 93.71 23.85 2.12
0 93.69 23.9 1.81
0.02 93.9 24.35 1.6
4.01 93.87 23.75 1.33
4.39 93.9 23.91 1.77
5.98 93.6 23.65 1.56
4.63 93.69 25.28 2.19
0 94.09 24.42 1.43
0 93.92 25.75 1.18
0 93.62 26.16 1.76
40.78 93.39 25.53 1.85
96.76 93.8 20.21 1.85
205.63 93.83 18.08 1.78
8.41 93.85 21 1.46
10.19 93.99 20.59 1.25
0.06 94.26 21.11 1.6
0.09 94.38 22.04 1.14
0 94.38 23.19 1.36
0.39 94.26 22.98 1.55
11.36 94.5 21.05 1.73
0 94.47 20.35 1.38
24.62 94.43 20.02 1.35
2.13 94.66 19.9 1.54
0.6 94.74 21.44 1.65
7.11 94.53 19.85 2.22
4.29 94.21 20.71 1.39
0.48 94.11 22.06 1.35
0 94.05 23.2 1.39
9.11 93.81 22.27 3.06
0.57 94.35 18.74 1.58
0 94.14 20 1.63
2.29 94.68 17.49 2.27
0.16 94.6 18.46 1.52
0 94.67 17.65 1.24
0 94.17 19.34 1.25
12.37 93.83 18.26 3.37
1.47 94.47 13.13 1.86
0.07 95.02 12.78 1.99
1.61 95.23 13.85 2.2
3.56 94.69 16.87 2.16
0.16 94.43 17.79 2.39
0.03 94 20.06 3.2
29.09 94.12 16.76 2.08
12.5 94.4 13.22 1.49
38.58 94.73 11.91 2.28
0 95.12 8.75 2.27
0 95.54 9.18 2.42
0 95.35 10.14 1.44
0 95 11.65 1.68
0 94.61 13.21 1.46
0 94.72 14.17 2.26
0 94.56 14.8 1.85
0 94.29 17.43 2.94
0.03 94.6 17.27 1.61
0.07 94.72 18.68 3.16
0.03 94.53 18.89 2.48
7.74 94.4 14.78 2.07
0.09 94.9 7.63 2.95
0 95.37 6.11 2.7
0 95.43 6.88 3.16
0 95.88 7.91 3.5
0 95.52 9.21 1.34
0 94.83 11.16 2.15
0 94.28 12.21 3.62
0 94.88 9.73 2.37
0 94.84 10.53 1.37
0 94.56 14.41 2.31
0.04 95.05 13.15 3.33
0 95.55 8.94 1.23
0 95.25 12.19 1.77
0 94.67 14.47 1.43
73.96 94.1 10.47 1.72
2.28 94.05 8.72 2.29
0.67 93.67 7.97 2.73
1.47 94.18 8.16 4.6
0 95.16 4.63 2.07
0 95.2 8.42 1.45
0 94.96 11.12 2.3
0.01 94.8 14.56 3.66
0 94.78 13.71 2.02
0.21 94.7 11.01 1.48
43.62 95.29 4.04 3.9
0.01 95.59 2.03 3.54
0 95.56 4.17 1.94
0 95.13 5.86 1.61
0.64 94.98 7.01 2.42
0 95.28 6.4 1.66
0 94.91 6.96 1.48
0 94.7 9.41 3.65
0 94.89 10.32 4.33
2.27 95.13 10.8 2.74
0.04 95.74 4.01 1.54
0.57 95.39 7.41 1.78
4.05 95.17 9.46 3.53
0.11 95.92 1.87 2.55
0.03 95.74 0.32 0.94
0 95.65 2.97 1.53
0 95.63 2.76 1.5
0 95.41 1.75 1.26
0 94.77 2.17 1.18
0 94.16 4.35 2.21
0 94.46 5.07 3.69
0.03 95.26 -2.62 2.78
0 95.34 -5.26 1.7
0 95.37 -4.47 1.48
0 95.63 -2.83 1.57
19.99 94.95 -0.61 0.84
2.78 94.81 -1.6 2.76
0.54 94.98 -5.87 3.49
0 95.42 -6.87 2.63
0 95.42 -4.57 1.99
15.11 95.1 -6.45 2.53
0.62 95.65 -7.94 2.98
0 95.37 -9.18 0.87
0.05 95.32 -7.21 1.38
0.96 94.68 -0.16 2.13
0 94.77 -1.32 1.3
0 95.65 -4.6 2.36
0 96.18 -9.33 1.48
0 96.44 -8.53 2.06
0.06 95.67 -8.04 0.96
0.02 94.99 -5.61 1.06
0 95.19 -6.68 1.34
0 95.53 -8.73 1.03
0.45 95.73 -9.67 0.73
0.49 95.71 -7.15 0.7
0.4 96 -8.57 2.83
0.02 96.29 -12.24 3.81
0 95.88 -11.21 3.47
0 95.04 -6.45 5.12
0 95.13 -4.04 2.85
0 95.57 -7.43 1.57
0 94.84 -3.84 3.14
0 95.59 -9.83 4.71
0 95.8 -13.48 3.54
0 95.89 -12.16 4.08
0 95.66 -10.44 2.4
0 95.72 -10.66 2.32
0 95.63 -11.84 0.9
0 95.27 -10.52 2.29
0 95.25 -10.05 4.01
0 95.46 -11.99 2.57
0 95.01 -9.88 3.38
0 95.18 -13.51 1.79
0 95.68 -12.78 1.62
0 95.91 -11.36 1.82
0 95.45 -7.26 2.11
0 95.88 -11.7 1.57
0 96.16 -15.17 1.12
0.05 95.59 -12.7 0.75
0 95.42 -9.76 2.11
0.12 95.81 -11.6 2.11
0.26 95.21 -11.96 2.65
0.1 95.4 -12.78 4.54
0 95.6 -12.03 2.7
0 95.42 -11.77 1.87
0 96.22 -14.94 1.25
0.07 96.09 -15.36 0.93
0 95.68 -12.58 1.44
0 95.65 -13.7 0.9
0.06 95.71 -13.18 3.23
0 95.75 -12.72 3.04
0 94.92 -7.22 3.38
0 95.17 -9.23 2.45
0 95.11 -9.25 2.46
0 94.82 -10.66 0.89
0.03 94.69 -9.33 1.24
0.06 94.89 -12.71 0.92
0 95.02 -11.29 1.28
0 95.49 -12.26 1.1
0.01 96.18 -14.88 3.41
0 96.01 -18.51 3.04
0 95.64 -17.97 2.85
0 95.13 -17.58 2.33
0 94.99 -16.92 2.63
0 94.58 -14.47 3.08
0 94.72 -14.1 1.87
0 95.25 -15.86 1.5
0 95.46 -15.24 1.9
0 95.85 -15.97 1.79
0.03 95.46 -17.85 1.2
0.14 95.01 -17.1 3.84
0 95.79 -17.95 4.56
0 95.76 -15.93 3.06
0 94.8 -13.57 3.04
0 94.87 -10.2 2.65
0.07 94.31 -6.83 2.19
0.02 94.99 -13.72 5.19
0 95.17 -16.34 4.94
0 94.74 -13.18 5.18
0 94.92 -11.04 3.2
0 95.26 -11.74 2.92
0 95.31 -11.6 1.57
0 94.96 -8.7 2.84
0.02 94.72 -4.52 2.36
0.13 95.32 -9.69 2.99
0 95.24 -10.81 2.94
0.03 95.33 -12.12 3.62
0 95.45 -13.43 4.99
0 95.34 -10.33 3.58
0 94.73 -5.71 2.96
0 94.91 -9.05 2.2
0 94.65 -10.73 1.04
18.72 94.29 -9.03 2.56
0 95.21 -7.69 2.53
8.04 95.09 -6.72 2.33
0.02 95.53 -9.12 3.41
0 95.45 -8.55 2.63
0 94.91 -6.49 1.3
0 94.51 -1.76 2.64
0 94.71 -0.55 2.17
14.25 95.31 -4.48 1.18
0.23 95.5 -8.39 1.59
0.2 95.41 -6.7 1.53
0.04 94.78 -2.2 1.95
30.58 94.12 -4.41 1.71
28.76 94.17 -4.81 2.63
0.02 94.79 -4.98 3.84
0 95.51 -8.9 3.79
0 95.19 -9.43 1.85
0.14 95.11 -8.79 4.59
0 95.55 -8.33 4
0 95.23 -6.47 1.82
0 94.59 -2.21 3.19
0 95.13 -1.32 2.02
0 94.69 3.15 3.42
2 93.8 6.04 4.49
10.21 94.6 -3.91 3.8
10.83 95.4 -8.76 2.11
0 95.12 -2.57 2.43
0 95.06 -0.41 2
0 94.41 4.45 3.99
0 95.02 1.8 1.75
3.47 94.12 1.32 4.84
0 94.56 -0.8 5.98
0 95 0.03 3.61
0 94.68 5.18 2.59
0 94.92 8.15 3.51
0 95.03 9.53 3.69
0.17 94.04 9.62 8.57
0.34 94.7 0.56 5.07
0.2 94.71 -1.14 4.87
0 94.7 -0.79 1.9
1.72 94.61 1.01 2.95
0 94.22 3.9 4.65
0 94.07 4.03 5.39
0 94.31 3.18 5.12
0.09 94.66 3.53 2.49
0 94.15 10.51 3.9
0 94.31 10.14 5.28
0 94.17 13.27 3.6
3.05 93.95 13.61 6.14
2.07 94.31 7.53 4.85
0 93.76 11.75 3.56
0 93.59 14.36 3.5
0 93.6 15.07 3.3
3.25 94.29 8.39 4.03
0 94.51 8.66 2.59
0 93.55 16.63 4.15
0 93.61 19.2 3.94
1.59 93.99 15.68 4.9
13.95 94.53 13.62 3.27
0.88 93.98 13.06 2.66
0.13 93.35 14.47 1.84
0.33 93.27 18.54 4.31
216.39 93.84 12.28 3.14
53.25 93.78 9.1 4.61
0 93.14 11.01 3.93
0.09 92.86 10.87 8.07
0 94.08 9.26 3.5
0 94.07 12.73 2.79
0.66 93.79 18.04 3.94
0.27 94.43 16.01 2.52
17.31 93.92 16.82 2.16
0 93.96 20.73 2.34
0.39 94.16 19.67 2.52
0 94.2 17.59 3.48
0 93.84 17.12 2.53
2.76 93.82 16.44 2.21
0 94.04 18.41 2.32
0.03 94.25 20.55 2.59
8.79 94.54 19.12 2.87
93.26 94.53 13.72 1.74
18.14 93.98 13.86 2.78
21.21 93.75 10.77 2.65
1.92 93.72 11.55 4.37
0.01 93.48 11.83 3.45
3.87 93.24 12.05 5.52
0.03 93.69 15.74 1.43
0 93.55 22.83 3.93
4.7 94.18 19.82 3.04
2.97 94.5 18.38 2.06
0.08 94.31 20.64 4.43
2.9 94.06 19.73 4
1.94 94.2 17.16 3.47
0 94.21 16.71 3.25
0 93.99 18.03 2.48
0 93.66 19.58 2.57
0 94.1 20.39 2.39
0 94.19 23.23 2.33
7.31 94.24 19.94 2.54
48.49 94.66 14.49 3.14
0.12 94.73 16.73 1.53
10.02 94.25 17.32 3.45
8.86 94.04 16.25 3.12
41.71 93.8 15.7 2.24
11.08 93.51 18.51 3.62
0.69 93.73 20.6 2.25
2.78 93.27 20.32 2.73
14.47 93.16 22.03 2.37
31.36 93.14 22.09 2.26
29.21 93.01 21.43 3.33
8.79 93.16 17.25 3.22
2.01 92.85 16.2 3.47
15.24 92.97 16.07 2.53
204.08 93.62 13.19 1.92
342.89 93.84 13.88 2.26
254.05 93.84 15.09 3.06
6.44 93.68 19.03 1.62
4.32 93.58 21.75 1.58
3.95 93.78 21.51 1.73
14.03 93.52 21.47 1.5
12.37 93.55 21.84 1.82
1.57 93.7 21.9 1.24
55.33 93.67 20.8 1.42
0.61 93.39 22.42 1.86
49.88 93.43 22.04 2.65
30.46 93.79 20.79 2.75
9.01 94.16 22.73 2.13
0.95 94.33 23.04 1.67
2.78 94.05 20.92 2.26
35.42 93.64 21.62 2.26
0 93.51 23.75 2.22
1.35 93.12 24.46 4.29
3.31 93.16 22.48 4.09
0.98 93.16 22.23 3.04
0.04 93.51 23.09 1.55
0.76 93.64 22.84 1.7
0.46 93.53 23.6 1.59
13.09 93.5 24.05 1.98
59.36 93.48 25.16 2.26
13.2 93.52 25.33 2.1
160.93 93.14 21.35 1.77
41.54 92.96 18.91 2.94
107.7 93.36 18.44 3.45
19.28 93.87 20.41 2.7
0 93.86 21.02 1.66
0 93.88 22.47 1.41
0 94.1 24.42 1.25
0 94.17 25.1 2.01
0.07 93.99 25.05 2.23
1.46 93.88 24.94 1.51
5.2 93.81 24.88 1.82
36.14 93.73 23.53 1.22
375.24 93.36 21.54 3.47
0 93.82 23 1.37
0 94.01 23.86 1.9
3.86 93.92 24.49 2.32
51.41 93.53 25.71 3.88
1.13 93.96 23.79 1.64
84.72 93.45 22.86 2.39
10.67 93.19 23.55 4.22
0.18 93.84 21.98 1.37
35.83 94.14 19.95 1.54
108.13 94.31 18.85 1.65
83.77 94.24 19.61 1.33
9.24 94.25 21.78 1.69
59.29 94.31 21.78 1.72
0 94.48 23.14 1.19
0 94.3 24.02 1.28
0 93.88 25.88 2.05
6.52 93.82 24.76 1.89
3.13 94.11 23.4 1.32
0 93.94 24.22 1.6
12.47 94.05 19.96 2.45
29.61 94.09 17.42 2.1
0.59 94.19 19.61 1.54
1.87 93.84 19.1 2.03
6.64 93.94 21.19 1.93
0 94.26 22.05 1.85
0.04 93.81 23.44 3.28
84.12 93.89 22.88 2.41
1.41 93.99 20.64 1.47
6.59 93.97 19.83 2.57
4.19 94.55 16.23 1.8
0.03 94.68 16.33 1.97
0 94.39 21.04 2.62
0 94.33 22.48 2.14
0.2 94.19 22.91 2.48
1.22 94.26 21.88 1.14
6.17 94.14 21.57 1.72
0.53 93.75 22.59 2.03
0.55 93.89 23.31 2.95
0 94.09 24.93 2.24
0 94.21 25.52 2.55
0.45 94.25 24.91 1.94
225.04 94.23 15.84 3.21
15.69 94.58 13.54 2.87
0.21 94.6 12.48 2.02
0.93 94.68 16.01 1.83
0 94.59 19.75 2.02
12.44 94.72 18.43 1.51
0.67 94.65 17.28 1.14
0 94.58 18.64 1.07
0 94.49 20.92 1.52
23.22 94.17 19.41 2.39
95.51 94.22 12.75 3.99
0.26 94.33 11.41 2.77
0 94.71 14.13 1.47
0.05 95.19 14.08 1.12
0 95.3 13.59 1.31
0 94.67 14.22 2.36
0 94.18 15.83 2.79
0.1 94.14 15.77 1.55
0 94.34 17.55 1.7
1.52 94.25 18.63 2.4
0.64 94.29 17.48 1.36
1.78 94.65 15.71 1.46
0.22 94.92 15.7 1.43
24.95 94.77 14.6 2.06
1.12 95.04 14.24 1.37
44.51 94.66 10.27 1.46
57.25 94.66 9.85 7.24
0.59 94.85 11.17 3.69
0 94.84 11.31 1.73
0 94.66 12.8 1.49
0.35 94.47 14.09 2.29
0.57 94.32 13.1 3.36
0 94.45 13.11 2.32
0 95.01 10.47 1.89
0 95.39 11.75 1.17
0 95.24 13.76 1.39
0 94.71 16.51 2.68
14.46 94.32 12.64 3.48
0 94.83 8.4 2.38
0.02 94.42 10.45 2.27
0 94.26 12.76 2.25
0.06 94.66 8.26 4.03
0 95.07 6.71 2.4
0.01 95.16 7.05 2.13
29.17 94.51 9.09 3.79
0 94.55 4.25 4.09
0 94.68 5.49 2.64
0 94.48 8.05 2.25
0 94.93 6.31 1.32
74.6 95.2 1.32 1.02
91.72 94.64 1.96 1.56
0 94.31 6.01 1.93
0 94.06 9.46 3.66
0 94.69 8.54 2.09
0 94.69 11.43 2.57
3.76 94.61 10.36 3.39
0 95.53 2.74 1.37
1.92 95.41 -0.3 2.3
0.04 94.98 -0.29 3
0.02 94.83 -0.64 2.29
0 94.78 2.04 1.54
0 95 -0.05 2.02
5.78 95.08 -0.75 1.47
200.29 94.78 -1.26 41.43
66.45 94.97 -0.88 3.21
0 94.95 -4.3 0.89
0 94.61 -1.5 1.92
0 94.86 -1.34 1.24
0 95.28 -3.48 1.02
55.85 94.98 -3.11 0.85
102.77 93.71 -2.76 5.88
0.17 94.16 -4.52 3.43
0 94.23 -6.45 4.78
0 95.02 -4.94 3.08
0 95.28 -6.7 1.04
21.6 94.77 -3.15 1.35
0 94.69 -5.62 38.91
0.01 94.35 -5.7 3.11
0.01 94.95 -3.68 3.21
0 95 -5.57 1.62
0 94.67 -2.71 2.44
5.61 95.18 -6.1 2.19
0 95.05 -6.8 2.65
0 94.51 -5.62 2.28
0 94.48 -3.53 3.85
0 94.55 -8.23 2.87
0 93.59 -4.13 4.12
0.02 94.39 -7.26 4.38
0.01 94.94 -9.98 2.23
0 95.64 -13.59 2.17
0.09 95.24 -14.83 1.43
0.16 94.16 -4.97 3.24
0.9 94.4 -8.37 4.05
0 94.66 -11.49 2.08
0 94.69 -13.52 3.48
0 94.62 -15.39 3.18
0 94.8 -16.93 2.68
0.01 94.79 -17.6 4.26
0 94.94 -11.66 4.42
0.03 95.56 -14.41 1.49
0.02 95.71 -14.19 0.96
0.05 95.1 -12.26 1.58
0.01 95.16 -9.44 1.4
17.94 95.28 -11.81 0.94
0.57 95.05 -10.14 1.17
0.6 95.41 -12.97 1.13
0 95.75 -13.32 4.01
0 95.83 -15.49 2.32
0.01 95.28 -15.4 0.98
0.1 95.39 -12.89 54.26
4.84 95.42 -11.23 3.82
0 95.86 -16.68 2.92
0 95.63 -20.21 2.42
0 94.78 -18.57 4.64
0 95.94 -19.33 2.29
0 95.66 -19.2 1.17
0 95.1 -14 1.33
8.15 95.12 -15.64 0.86
16.02 95.13 -13.13 4.37
0 94.75 -15.54 3.65
0.02 94.22 -15.41 2.11
0 94.68 -18.56 4.32
0 95.77 -18.76 4.84
0 96.35 -16.15 2.4
0 95.4 -16.74 1.2
0 95.25 -14.75 1.51
0 95.13 -15.86 1.41
0 95.05 -15.89 1.49
0.02 95.45 -17.38 1.92
0 95.25 -15.32 2.14
0 95.12 -15.62 1.19
0.99 94.78 -14.32 0.73
0 94.86 -12.93 1.61
0 94.85 -13.91 0.86
0 95.33 -10.8 2.07
2 95.05 -14.41 1.5
0 95.76 -14.89 2.66
0 95.99 -11.96 2.05
0 95.02 -7.01 2.48
0 95.54 -10.38 1.08
14.14 95.56 -10.41 0.96
0.96 95.63 -9.95 1.65
0 95.35 -14.06 1.14
0.01 94.23 -8.07 2.86
0.03 94.83 -14.66 4.44
0 94.88 -16.1 1.54
0.08 95.2 -15.5 1.25
0.02 95.08 -11.9 1.93
0 94.69 -6.92 1.25
0 94.94 -7.46 1.14
0.02 94.85 -6.13 1.38
0.88 94.78 -6.92 1.73
0.44 95.43 -8.94 4.34
0 95.49 -11.29 2.58
0.87 94.49 -10.05 3
0 95.27 -10.2 2.84
0.01 94.82 -8.32 2.11
2.25 95.14 -16.14 4.27
0 95.94 -18.61 5.08
0 95.8 -17.2 1.42
0.66 94.95 -12.91 2.12
0 95.57 -13.89 2.06
0.04 95.58 -13.29 1.73
0 94.87 -7.83 74.44
0 94.68 -5.72 2.94
0 95.32 -10.34 2.52
0 95.24 -10.8 1.41
0 94.49 -6.86 2.3
0.02 94.53 -6.02 4.22
0 95.24 -12.17 4
0 95.38 -13.5 2.32
0.01 95.33 -12.4 1.91
0 95.19 -8.62 3.38
0 95.41 -7.94 2.92
0 95.36 -5.26 1.52
0 95.52 -7.63 1.75
6.11 95.3 -8.02 1.92
0.2 94.46 -1.24 3.06
0 94.39 0.38 2.88
0.1 93.86 -3.23 6.46
0 95.66 -8.83 5.77
0 95.64 -5.97 1.64
0 94.6 -0.69 3.5
0 94.93 1.45 2.7
0 94.31 5.34 3.2
0 94.28 3.61 1.87
0 93.67 4.42 2.29
0 93.6 -0.92 2.26
0 93.72 -3.82 5.54
0 95.11 -1.63 1.94
0 94.34 4.87 4.01
12.58 94.38 -0.38 3.93
0 95.53 -6.67 4.2
0 94.96 0.56 3.21
0 94.56 5.33 2.96
0 94.94 5.29 3.36
0 93.54 7.55 3.93
0.9 93.67 -3.14 3.88
41.11 94.44 -8.4 2.59
0.15 94.79 -7.92 2.78
0 93.53 0.92 6.35
0 94.56 -3.64 2.76
26.35 94.26 -6.12 3.79
0 94.95 -5.51 3.02
0 94.77 -2.41 1.67
0 93.77 4.2 4.24
1.82 94.04 0.51 4.33
0 94.86 -1.57 3.84
0 95.08 -2.53 2.45
0.28 94.93 -0.45 1.74
16.24 94.67 0.58 2.01
131.07 94.83 -0.03 2.75
0 94.26 3.55 2.94
0 94.39 4.76 2.89
16.76 94.55 -1.42 2.35
62.49 94.8 -1.65 3.35
0 94.56 -0.81 2.59
0.23 93.66 1.57 3.14
19.87 93.7 0.1 3.59
2.47 94.66 -0.26 4.14
0.97 94.49 1.01 4.15
0 94.54 1.99 3.81
0 94.05 8.19 3.32
0.15 93.64 6.01 4.72
0 93.86 2.26 5.84
0 93.62 3.6 2.31
8.88 93.92 3.07 3.21
72.78 94.21 0.57 1510.97
4.67 95.19 0.13 5.29
0 95.2 1.67 2.28
0 94.87 4.82 3.09
0 94.51 8.23 2.13
0.15 93.9 12.64 5.08
90.84 94.03 6.72 2.18
0.41 93.96 7.61 3.52
0.02 94.06 8.42 5.4
0 94.1 9.85 1.77
0 94.02 13.79 2.2
2.12 93.79 12.54 4.09
0.1 94.05 11.48 6.71
0.26 94.55 10.62 6.05
0.24 94.61 10.93 2.01
0.82 94.47 12.25 2.45
1.94 94.66 12.66 2.08
0 94.36 17.51 2.76
0 94.6 20.57 1.61
0 94.53 21.87 2.57
0 94.51 22.28 3.24
0.1 94.21 22.73 4.99
20.77 93.94 14.31 2.14
37.25 93.08 14.27 3.99
0 92.73 17.44 5.37
0 93.3 16.27 3.05
0 93.29 19.13 2.48
0.37 93.96 15.87 5.26
0 94.86 15.81 2.49
0 94.72 17.59 2.35
1.37 94.05 19.12 3.08
0 93.49 20.63 3.58
13.76 92.9 16.06 5.79
0.01 92.89 17.75 4.37
0 93.3 18.99 2.89
0 94.15 19.98 2.55
13.49 93.89 24.86 4.8
0.76 94.55 18.04 2.28
0 94.11 21.35 2.25
0.87 93.81 22.44 3.95
0.87 93.61 20.59 4.41
0.77 93.46 19.89 3.42
0 93.75 18.86 4.68
0 93.56 23.81 3.1
0.02 93.15 26.15 4.79
0 93.9 19.85 2.63
3.4 93.57 18.74 3.7
0.03 93.88 18.26 3.33
6.25 94.43 17.8 2.7
14.67 94.26 19.39 2.22
8.44 94.02 20 3.61
2.01 93.86 22.65 3.08
0.51 93.71 22.83 4.31
73.94 94.15 16.18 2.43
1.08 94.37 17.71 1.7
5.71 94.11 16.06 2.11
1.86 93.85 17.67 1.75
0.02 93.86 23.27 3.97
0.13 93.84 24.79 4.14
2.62 93.76 25.13 2.85
205.87 93.81 18.8 2.62
5.01 93.51 21.07 1.54
39.48 93.22 20.42 1.82
0.21 93.56 23.41 1.95
0 94.08 23.46 2.31
0.03 94.24 23.9 1.88
1.14 93.96 22.7 1.39
11.94 93.63 22.13 1.67
78.92 93.47 21.37 2.46
58.65 93.2 21.38 2.36
220.96 92.94 19.7 1.6
60.87 93.1 21.96 2.7
93.55 93.52 20.78 2.03
79.31 93.51 22.74 2.94
24.96 93.45 23.7 3.75
37.85 93.25 23.52 2.29
130.37 92.87 22.31 2.74
0.03 92.83 24.36 3.74
1.26 92.85 24.39 2.73
0.6 93.2 24.45 2.3
0.8 93.36 25.04 2.55
6.75 93.15 26.05 3.88
32.9 93.5 24.08 2.14
44.6 93.72 22.08 1.69
0.68 93.93 22.92 1.4
0.36 93.91 22.63 1.2
10.83 93.88 22.89 2.25
39.46 94.06 22.13 2.04
0.08 94.02 24.52 1.55
201.03 93.31 21.87 1.98
60.16 93.18 22.64 3.43
0 93.72 23.91 2.59
0.13 93.58 23.15 2.65
121.83 93.57 20.52 2.61
2.48 93.79 21.52 1.71
0.18 93.76 23.94 1.62
32.12 93.61 23.68 2.24
19.42 93.21 23.8 1.93
0.62 93.3 23.61 3.34
0.01 93.62 24.29 1.93
0.02 93.61 25.2 1.68
60.36 93.39 22.79 1.58
4.08 93.34 25.01 2.31
0.43 93.27 25.05 1.53
0.83 93.07 26.48 1.46
9.55 93.18 25.96 1.8
8.11 93.44 25.82 2.81
0.2 93.67 26.16 2.73
0.85 93.48 25.84 2.71
16.83 93.14 26.45 2.75
10.17 93 25.64 1.83
28.65 93.14 26.03 2.54
8.92 93.43 26.13 2.38
5.64 93.21 26.62 2.22
17.04 93.42 23.79 1.74
0.78 93.8 25.49 1.39
3.04 93.86 27.22 2.87
21.09 93.56 25.32 2.95
2.4 93.58 25.66 2.99
57.82 93.52 26.21 2.15
5.85 93.62 25.2 1.75
282.4 93.08 23.92 1.34
0.04 96.43 25.12 2.65
0 94.12 21.91 2.85
0 94.38 21.23 1.95
1.71 94.34 20.57 1.18
1.82 93.89 23.83 2.27
0.17 94.06 22.57 2.26
0 94.28 22.27 1.67
0.02 94.27 22.48 1.5
12.15 93.97 21.78 1.57
5.44 94.1 19.04 2.06
16.73 93.98 19.1 1.52
185.84 93.38 18.37 1.2
43.52 93.68 14.28 3.2
0.07 94.31 15.73 2.54
47.09 94.37 16.44 2.13
0.73 94.63 15.05 1.71
3 94.79 15.37 1.42
0 94.87 15.61 1.38
2.88 94.74 16.72 1.71
165.03 94.71 14.02 1.73
43.79 94.76 13.89 1.04
2.54 94.81 15.9 1.18
1.1 94.74 17.7 1.49
5.47 94.26 18.46 2.04
0.06 94.38 17.32 1.46
0 94.39 17.58 2.75
1.04 94.16 20.71 3.23
14.13 93.49 20.03 3.64
0.13 93.91 19.15 3.7
0 94.52 13.52 1.93
0.55 94.19 16.25 1.72
2.82 94.8 15.88 1.46
10.48 95.21 14.51 0.71
6.92 94.21 19.75 3.42
0 94.68 18 1.64
0.02 94.64 18.79 1.16
1 94.5 18.71 2.98
21.97 94.92 12.46 3.26
0 95.15 8.64 2.32
0 94.97 10.83 2.33
0 94.59 12.19 2.3
0 93.89 18.38 3.73
0 94.02 16.41 2.86
0 94.98 12.41 1.29
0.7 94.84 13.67 1.78
114.79 94.89 10.8 2.37
0.01 94.99 10.72 3.16
0 94.75 9.25 1.82
0 94.04 17.95 3.97
0 95.16 12.9 1.15
0.01 95.07 15.25 2.64
0.02 95.4 11.88 2.39
0.15 94.87 11.22 2
0 93.85 16.12 3.04
6.17 93.98 13.35 4.6
0 94.41 10.28 3.54
0 94.91 11.4 1.64
14.2 94.88 11.51 3.19
1.69 95.8 3.41 4.95
0 95.79 2.75 1.18
0 95.38 7.29 1.47
0 95.37 6.99 1.27
0 95.12 11.72 3.26
50.58 95.36 9.35 1.47
0.94 95.41 7.05 1.99
0 95.25 6.03 1.34
45.78 95.12 5.08 2.25
23.31 95.05 1.22 2.25
0.01 95.24 3.96 4.3
0.01 95.53 5.88 3.17
0 95.05 4.78 1.3
0 94.48 7.42 2.07
2.51 95.07 5.93 1.88
1.33 95.6 4.12 2.71
0 95.51 3.77 1.7
0 95.63 4.28 0.89
0 95.37 4.56 1.55
0.55 94.82 8.84 2.45
1.18 95.16 7.42 3.43
0 95.48 5.7 1.8
0.01 94.72 6.79 2.8
0.11 94.33 5.89 4.14
0.01 94.71 2.92 2.96
0 94.78 1.73 2.06
0.05 95.38 1.32 3.61
0 95.3 -1.65 4.34
0 95.37 1.24 2.46
0 95.27 1.79 1.93
0 94.62 2.26 2.53
0 94.41 2.73 3.35
0 94.38 3.11 2.21
0.12 94.57 1.77 3.66
0.01 94.94 -3.48 4.68
0.02 95.14 -3.87 6.82
0 95.04 -3.81 4
0 95.08 -1.98 3.07
0 95.26 -3.03 1.2
0 95 1.39 1.97
0 94.73 1.07 1.97
0.02 94.42 -0.49 2.47
0 94.25 -4.23 4.83
0 94.38 -7.33 3.93
0 94.59 -10.32 6.88
0 94.79 -5.46 4.18
0 94.39 1.02 3.52
0 95.07 -2.51 2.71
1156.48 94.78 -0.36 3.15
1156.48 94.57 -0.22 1.47
1156.48 94.84 2.33 2.3
1156.48 94.87 1.59 2.84
1156.48 95.07 -1.23 3.13
1156.48 94.64 -2.05 1.03
1156.48 94.73 -4.93 1.46
1156.49 94.72 -4.4 2.54
1156.48 94.93 -6.12 3.08
1156.6 94.39 -8.09 3.52
1156.65 94.39 -9.03 1.99
1156.48 94.53 -11.93 4.42
1156.48 94.83 -11.64 3.28
1156.48 95.2 -8.81 3.21
1156.48 95.79 -8.49 1.48
1156.48 95.77 -10.42 1.36
1157.04 96.05 -12.56 2.52
1156.59 95.66 -13.37 3.24
1156.6 95.55 -12.21 3.25
1156.48 95.94 -11.27 2.41
1156.48 95.97 -10.45 1.3
1156.48 95.67 -10.37 1.08
1156.48 95.85 -9.44 1.27
1156.48 95.74 -9.52 1.02
1156.5 95.21 -6.72 2.94
1156.53 95.68 -10.32 4.65
1156.48 95.36 -10.93 1.83
1156.48 94.87 -10.69 2.94
1156.48 94.14 -5.63 4.09
1156.48 93.97 -4.88 3.69
1156.48 93.57 -3.43 4.38
1156.48 94.01 -4.09 2.96
1156.48 94.27 -2.97 3.49
1156.48 94.9 -5.44 2.48
1158.87 94.8 -8.08 1.77
1159.57 95.06 -9.33 1.7
1156.49 94.7 -6.41 3.19
1156.48 95.31 -7.38 2.45
1156.48 95.74 -14.54 3.18
1156.48 95.31 -14.24 2.51
1156.48 95.33 -11.87 2.47
1156.48 95.43 -10.41 2.38
1156.48 95.95 -13.06 1.92
1156.48 95.66 -13.68 1.78
1156.48 95.67 -11.37 1.94
1156.48 95.48 -7.82 1.95
1167.97 95.59 -11.18 1.56
1156.48 95.48 -10.94 1.53
1156.48 95.72 -8.38 2.04
1156.72 94.72 -7.44 4.19
1156.48 95.26 -10.51 4.33
1156.48 95.41 -10.06 2.27
1156.48 94.73 -6.46 1.83
1156.48 93.89 -1.35 3.03
1156.48 94.55 -3.75 1.97
1156.48 95.47 -9.49 3.17
1156.48 94.93 -6.95 4.1
1156.48 94.41 -4.25 4.3
1156.48 94.97 -7.65 3.84
1156.48 93.63 -0.19 5.76
1156.48 94.44 -7.61 3.29
1156.48 94.54 -7.57 1.81
0.13 94.11 -4.57 2.17
0.04 94.17 -4.78 5.38
0 95 -13.11 4.18
0 95.17 -11.58 2.18
0 95.36 -12.63 1.45
0 95.62 -10.67 1.58
3.29 95.3 -11.21 1.39
14.35 95.37 -12.74 2.94
0 95.96 -14.85 3.29
0 95.75 -14.77 1.58
0 95.19 -12.39 1.46
0 95.86 -13.8 1.4
0 95.75 -13.1 1.97
0.05 94.94 -5.92 2.99
0 95.03 -6.81 2.02
0.06 95.63 -7.46 2.29
0 96.17 -10.22 1.64
0.75 95.7 -9.79 1.45
2.89 95.46 -10.06 1.8
0 95.35 -7.63 1.58
0 95.33 -4.83 2.28
0.31 95.89 -8.36 1.47
0.05 95.67 -5.4 1.09
0 95.19 -1.83 1.56
0 95.02 2.54 1.98
0.3 94.75 4.45 3.97
1.22 95.48 -3.95 4.19
0.03 95.16 -7.13 1.85
0 95.05 -5.82 1.76
0.24 94.98 -5.98 2.34
0.68 94.99 -6.49 2.02
2.36 95.3 -5.7 2.82
0 95.34 -7.34 2.87
0 95.5 -8.23 2.89
0 95.49 -6.64 2.36
0 95.03 -6.02 2.02
0 95.33 -5.59 2.58
0 94.76 -2.73 2.01
0 94.59 0.67 4.18
0 95.26 -1.87 4.49
0 94.84 -2.37 1.98
0 94.33 1.97 3.45
0 94.08 7.02 2.75
0 94.43 4.54 2.43
0 93.96 7.83 5.17
0 95.11 3.57 2.04
0.04 95.04 3.29 4.86
0 95.34 3.65 4.87
0 94.72 6.56 3.13
0 94.82 7.65 3.08
0 95.01 8.07 2.77
0 94 13.39 5.24
0 94.06 11.78 2.48
0.01 94.07 11.13 2.93
0 94.08 10.54 3.4
61.72 93.87 11.56 3.27
30.12 94.37 9.5 2.2
0 94.56 11.03 2.41
0.38 94.66 8.36 1.9
0 94.1 11.84 2.72
0 94.88 7.34 3.85
0 95.24 1.79 4.63
0 94.41 6.28 4.67
0 95 5.12 4.23
0 94.36 13.77 4.12
0 94.35 13.94 1.65
0 94.17 14.72 2.53
0 94.46 11.09 4.37
0 95.14 9.01 2
0.57 94.74 10.64 2.23
0.26 94.46 11.91 2.09
0 94.58 13.6 1.51
0 94.48 18.01 3.38
0 95.11 12.43 3.01
0 94.39 13.27 2.54
12.01 94.43 6.41 2.94
0.02 95.11 7.19 2.61
30.86 94.86 7.13 2.62
0.04 94.44 8.92 119.2
0 94.55 11.26 3.97
0 94.21 13.87 2.84
0.43 93.87 16.42 3.59
2.12 94.09 18.33 4.01
0.18 94.61 16.58 4.17
32.5 94.87 11.38 3.6
0 95.19 12.03 2.46
0 95.04 13.19 2.03
0 94.4 14.98 1.5
0 93.82 19.32 1.95
2.3 93.8 17.88 4.6
183.19 94.46 6.21 4.88
8.56 94 7.53 5.33
13.62 94.23 4.75 5.62
0.06 94.46 7.66 4.62
0.08 93.87 11.88 2.53
71.7 93.96 7.05 4.28
0.46 94.47 11.13 1.79
89.9 94.76 9.65 2.58
2.53 94.61 11.81 2.27
194.14 93.8 8.83 2.52
67.71 92.89 14.52 3.81
0 93.1 16.81 4.08
0.05 93.45 13.56 3.62
0 93.21 13.44 3.45
0.02 94.02 16.34 3.25
2.12 94.35 16.11 2.09
1.98 93.99 18.07 2.84
60.08 93.62 16.05 2.29
2.4 93.68 17.05 3.07
0.01 93.81 18.66 2.52
0 93.78 21.65 2.37
0.25 94.07 25.24 3.83
40.57 93.93 17.56 2.91
0.31 93.47 16.75 5.92
0 92.98 20.82 4.3
22.03 92.78 18.32 2.76
0.92 93.2 21.71 2.11
0 93.33 23.6 26.81
0.09 93.87 25.17 2.65
0 93.79 28.76 4.45
2.91 94.04 23.93 2.98
0.23 94.17 22.12 2.71
0 94.08 22.59 2.31
0.4 93.87 22.45 2.03
10.73 93.72 23.5 2.43
385.2 93.9 15.46 2.3
126.63 93.74 12.79 3.36
25.58 93.39 15.52 3.2
35.09 93.7 15.59 2.06
43.84 94.13 15.09 1.75
9.65 94.22 18.15 2.25
7.94 94.03 19.9 2.65
13.32 94.06 20.9 2.39
0.02 93.91 21.74 2.24
2.25 93.73 23.04 1.54
168.89 93.52 20.2 2.09
57.59 93.4 19.53 1.91
106.7 93.56 18.29 2.39
2.61 93.83 18.94 1.81
15.38 93.95 19.46 2.11
3.49 94.07 19.48 1.61
181.66 94.16 18.63 2.82
0.7 94.02 21.54 1.84
0.09 93.6 23.66 2.3
22.97 93.38 22.76 3.09
11.75 93.49 21.53 3.75
0.27 93.95 21.77 3.96
0.45 93.86 22.79 3.11
0 93.93 24.34 1.78
0 93.88 24.98 1.64
12.18 93.82 23.5 2.77
49.94 93.5 20.65 2.56
19.18 93.24 23.41 2.24
0.04 93.74 25.22 2.42
0.37 93.76 26.21 3.34
1.13 93.66 26.17 2.14
2.38 93.43 25.39 3.09
14.34 93.38 23.1 3.79
0 93.59 23.63 3.18
0 93.34 23.86 3.93
7.16 93.42 22.17 3.22
3.15 93.61 21.41 2.91
0.33 93.53 22.65 2.59
2.17 93.6 23.69 1.86
17.41 93.52 23.31 2.32
83.26 93.62 21.28 26.77
3.96 93.86 22.2 26.32
0.16 93.92 26.2 1.62
1.36 94 28.84 2.47
1.87 93.6 29.39 4.33
59.47 93.52 24.06 2.54
0.12 93.83 22.3 1.74
0 93.54 25.04 2.87
0.05 93.93 22.85 2
0 93.98 23.07 1.6
0.01 94.16 23.23 1.73
2.43 93.99 25.7 2.3
10.83 93.5 27.48 3.29
6.36 93.55 25.87 3.63
9.12 93.69 24.74 1.79
0 93.78 26.86 2.63
0 93.76 27.43 2.66
3.91 93.67 25.86 2.58
7.32 93.66 25.31 1.99
78.18 93.92 19.69 2.43
3.74 93.84 21.67 2
0 94.14 21.5 2.63
0 94.24 21.35 1.5
0.01 94.07 22.4 2.07
60.55 93.82 21.09 2.51
16.73 93.57 21.13 1.83
0.95 93.78 22.1 3.64
0.18 93.98 20.62 2.15
8.39 93.98 19.19 2.17
10.36 93.88 18.71 1.69
7.8 93.96 19.87 2.21
3.15 94.05 19.91 1.62
1.07 94.18 21.46 2.16
5.1 94.39 21.34 1.64
0.92 94.33 22.42 1.78
0.35 93.98 24.18 2.47
2.22 94.02 24.12 1.77
72.18 93.92 22.8 2.27
60.42 93.78 22.21 1.59
63.79 94.05 19.48 2.25
1.06 94.34 19.97 2.66
0 94.41 20.86 1.92
0 94.53 22.44 1.7
3.16 94.64 20.74 1.77
1.88 94.68 20.92 1.66
0.38 94.63 20.8 2.17
9.96 94.46 20.06 1.91
6.9 94.44 19.27 1.96
271.8 94.43 15.47 2.49
0.84 94.01 17.34 1.52
0 93.72 19.7 2.35
0 94.24 18.27 1.45
0 94.24 20.34 1.52
1.99 93.82 20.88 3.19
0.02 94.13 17.72 2.78
0 94.33 15.01 1.37
0.01 94.57 16.79 1.64
0.05 94.56 18.12 1.8
28.76 94.63 16.39 1.35
0.23 94.39 18.51 2.66
0.05 94.73 15.95 3.26
0 94.83 13.63 3.32
0 94.87 13.06 1.37
0 94.96 15.71 1.3
0 94.92 16.87 2.03
18.92 94.22 16.81 2.54
24.84 94.22 13.83 3.03
0.02 94.83 13.49 1.56
0.25 94.82 15.92 2
70.79 95.06 11.72 1.82
17.84 94.8 12.33 1.58
0 94.69 13.4 1.61
42.52 94.02 13.9 2.5
0.04 94.6 13.32 2.4
2.47 94.48 14.46 3.11
39.97 95.38 4.95 3.87
0.31 95.37 4.88 1.75
33.26 94.53 5.85 1.75
12.4 94.42 7.39 2.24
0 94.73 8.45 1.63
107.01 94.96 6.48 1.52
20.52 95.46 7.26 2.34
0 95.21 8.78 2.14
0 94.79 12.54 1.7
0 94.64 14.75 2.38
0 94.88 15.97 2.19
0 95.12 13.28 1.81
0.44 95.02 13.96 3.1
0.57 96.03 7.7 3.39
0 95.57 3.64 1.42
0 94.6 8.42 2.29
0 94.15 9.69 4.74
0 94.65 9.34 2.9
0 94.43 12.63 2.53
0 94.53 13.73 2.32
0 94.2 16.81 4.38
0 95.15 6.5 2.62
0 95.46 2.44 1.76
0 94.86 5.73 1.84
0 94.08 11.24 2.91
0 93.82 13.67 2.9
0 94.09 10.87 1.87
0 95.59 3.14 5.26
0 95.92 1.81 1.53
0 95.33 3.16 1.59
0.03 95.05 7.79 1.71
7.43 95.3 7.26 17.08
3.81 95.01 4.56 1.45
1400.15 94.63 6.16 3.58
1400.19 94.8 3.06 3.79
1400.14 94.56 6.44 2.63
1400.14 94.17 8.16 3.72
1400.15 94.58 5.49 3.12
1400.14 95.86 -1.66 2.98
1400.14 95.79 -2.39 1.57
1400.14 95.38 0.27 1.91
1400.14 95.17 4.61 2
1400.14 94.86 3.61 1.55
1400.15 94.53 2.18 3.78
1400.19 94.96 -5.51 6.26
1400.14 94.94 -2.4 3.01
1400.14 95.31 -2.44 1.73
1400.14 95.42 -2.23 1.58
1400.23 95.28 -0.41 1.86
1400.14 95.6 -2.07 1.44
1400.14 95.52 -0.93 1.53
1400.14 94.8 2.04 3.35
1400.14 94.23 3.19 4.31
1400.14 94.79 0.29 2.64
1400.14 95.29 -2.43 2.15
1400.17 95.03 1.63 3.09
1400.14 95.48 -3.4 1.92
1400.14 94.5 -2.25 2.43
1400.14 94.05 118.7 5.57
1400.14 95.21 -3.98 1.97
1400.14 94.7 -2.29 1.47
1400.15 94.51 -0.11 2.22
1400.37 94.67 -2.04 5.66
0 95.23 -12.17 6.88
0 94.98 -11.21 3.93
0 94.71 -11.59 6.19
0 94.86 -11.26 4.94
0 94.97 -10.61 3.78
0 95.18 -10.43 1.85
0.95 95.23 -10.08 1.6
0 95.71 -10.97 1.73
0.02 95.54 -8.09 2.65
1.02 94.95 -5.25 4.85
0.04 95.37 -9.45 3.06
0.01 94.97 -10.59 4.06
0 95.12 -11.62 2.5
0 95.17 -9.44 1.83
0.16 95.13 -9.87 3.42
0 95.19 -13.21 3.46
0 95.22 -11.32 2.16
0 95.11 -7.63 2.77
0.09 94.9 -6.68 4.67
0 95.21 -10.76 3.8
0 94.84 -10.27 3.48
0 94.63 -3.18 2.37
0 94.71 -3.43 3.09
0 95.54 -5.54 3.9
0 95.78 -5.17 2.95
0 95.51 -8.38 1.26
0 95.11 -4.24 2.5
0 94.53 -5.25 2.08
0 93.87 -4.15 3.42
0.06 94.6 -7.13 74.29
0.02 95.31 -11.62 5.63
0.07 95.28 -11.37 2.83
0 95.2 -7.17 3.01
0 93.95 -1.78 3.99
0 94.23 -2.81 1.95
0.31 94.62 -3.41 5.17
0 95.12 -7.66 3.25
0 95.5 -9.55 1.51
0 95.38 -8.7 2.23
0 95.25 -5.51 2.43
0.04 94.83 -5.05 3.04
0 95.87 -8.09 2.33
0 95.94 -9.28 1.8
0 95.5 -6 1.89
0 95.74 -9.79 1.6
0.22 95.36 -10.58 1.9
3.56 95.34 -10.74 3.79
0 95.41 -9.4 2
1.1 94.32 -5.24 3.6
0.01 94.95 -8.81 1.7
0.03 94.89 -8.31 2.28
0.49 95.44 -8.4 1.97
0 94.85 -7.85 1.93
0 94.36 -3.84 3.47
0 95.25 -7.04 2.14
0.66 94.84 -5.24 1.23
5.27 95.5 -9.21 3.83
0 95.98 -12.57 2.9
0 95.81 -12.28 2.03
0.05 95.22 -8.89 3.88
0 95.85 -10.85 3.73
0 96.11 -9.4 1.76
0 95.92 -8.46 1.67
0 95.76 -7.99 1.76
0.05 95.66 -5.37 2.6
0.04 95.58 -7.15 3.41
0 95.43 -4 3.07
0 94.84 -1.21 3.15
0.02 95.69 -11.46 5.78
0 95.72 -11.61 4.1
0 95 -6.1 2.77
0 94.42 -3.43 2.42
0 94.45 -6.29 3.68
0 94.63 -6.45 2.25
0 94.22 -4.97 1.82
0 94.08 -1.58 2.43
0.01 94.76 -4.77 1.34
6.73 94.5 -1.4 2.64
0 95.12 -2.02 4.93
0 95.75 -3.87 2.42
0 95.16 -3.43 3.1
4.46 94.32 0.21 3.75
21.55 93.83 -0.61 5.87
0.08 94.26 -6.29 5.9
0 94.57 -6.55 1.9
0 94.23 -6.92 2.03
0.34 94.73 -8.73 2.94
0 95.07 -9.72 3.72
0 95.68 -7 1.95
1.54 94.69 -2.15 5.49
0 94.42 -1.23 3.05
0.02 94.07 -3.73 2.43
0.31 94.72 -7.44 6.44
0 95.2 -6.53 2.77
0 94.89 -2.86 3.24
0 94.22 1.99 4.81
0 94.63 0.94 3.09
2.24 95.23 -4.03 3.16
0 95.98 -10.25 5.82
0 95.29 -4.66 3.3
0 94.95 -4.63 3.88
0 94.48 -3.66 2.95
0 103.08 113.42 118.55
0 94.52 0.79 3.85
0 94.19 5.48 4.07
0 94.17 5.61 3.24
0 94.93 2.26 2.57
0 94.14 7.18 3.33
0 94.44 6.25 4.02
0 94.56 5.12 2.53
0 94.51 5.74 4.25
0 95.44 1.61 4.3
0 95.63 2.97 2.89
0 95.8 3.77 1.6
0 95.52 8.13 2.88
0 95.32 13.18 4.31
0 94.51 13.76 5.13
0 94.16 12.35 3.84
0 94.25 10.65 3.33
0 93.8 14.26 4.41
2.47 94.87 5.91 2.92
0 94.91 4.4 1.83
208.29 93.44 1.99 2.23
1.44 94.21 3.18 2.18
1.33 94.14 4.39 1.88
0.13 94.68 2.71 4.96
0 95.77 -1.39 4.05
0 95.71 -0.29 3.49
0 94.92 4.53 2.83
0.04 94.68 7.41 2.99
0.05 94.91 7.61 1.85
8.77 95.14 6.33 3.94
182.09 95.79 -1.36 4.82
0.18 95.31 2.44 1.85
0 93.71 11.38 2.03
0.32 92.85 14.42 4.48
0.63 93.73 7.86 5.67
0 93.83 10.61 2.07
0.02 94.09 12.81 3.22
0.01 94.61 10.09 3.64
0.01 94.2 10.92 3.29
0.02 94.13 10.62 2.58
0 94.31 14.09 3.93
0 94.57 13.49 5.39
0 94.82 13.72 2.42
0 94.18 20.96 4.3
0 93.81 23.89 4.6
7.79 93.51 20.72 4.17
5.74 94.18 16.44 2.63
0 94.19 19.37 2.36
0 94.12 20.76 2.87
13.82 93.89 16.44 3.58
8.64 93.95 15.67 2.24
0 94.28 12.39 5.72
0 94.03 13.55 4.31
0 93.53 14.25 6.01
0 94.06 11.79 2.54
0.18 93.98 12.26 5.68
15.89 94.32 6.68 1.99
0 94.67 8.37 1.68
84.99 94.55 7.64 2.74
48.45 93.61 7.13 2.09
13.63 92.39 10.71 4.23
0.24 92.46 19.24 3.73
1.47 93.83 15.1 5.59
0.01 94.38 15.4 4.35
0 93.79 18.59 3.58
12.39 92.96 18.87 3.7
10.87 93.17 13.93 5.62
1.37 93.56 12.53 5.96
0 94.4 18.22 4.35
0 94.02 21.67 3.17
0 93.89 22.46 2.48
0.49 93.8 22.48 2.31
0.04 93.61 25.62 3.24
0.16 93.53 25.98 4.04
4.4 93.74 22.8 2.31
0.09 93.74 22.67 3.19
5.92 93.32 24.17 3.48
0.26 93.71 20.99 3.87
0 93.77 19.71 2.33
0 92.89 25.17 6.69
2.89 93.49 21.9 3.17
1.12 94.03 18.52 4.03
0 94.23 21.17 2.85
62.8 93.43 18.02 3.49
31.59 92.93 19.01 2.48
28.7 93.45 18.51 2.15
0.12 93.74 19.96 3.88
2.19 93.53 19.33 2.64
2.17 93.53 19.24 2.21
64.57 93.26 17.01 2.62
167.25 92.8 14.96 2.1
80.9 92.9 15.88 1.51
71.44 93.81 16.73 2.35
0.65 94.05 20.34 1.87
5.42 93.87 22.05 2.13
0.12 93.58 23.24 1.92
116.47 93.64 18.83 2.48
7.37 93.78 18.09 4.03
101.18 94.28 16.14 2.65
0.03 94.35 21.26 2.36
0 93.94 23.48 1.65
2.99 93.64 24.43 2.79
0.17 93.79 23.97 2.51
9.47 93.59 24.11 2.83
10.63 93.34 21.59 2.18
55.43 93.34 20.83 2.44
0.79 93.76 21.89 1.58
3.66 93.78 23.91 2.16
146.2 94.01 17.19 1.88
39.04 93.37 17.96 1.76
32.64 92.96 18.62 3.24
10.67 93.53 15.98 3.48
0.05 94.1 18.13 2.04
52.73 94.04 19.58 2.01
8.57 94.18 20.18 1.59
0 94.13 22.5 2.15
0.16 93.98 24.44 2.24
5.21 94.14 25.15 2.13
0.15 94.36 26.2 2.67
3.4 94.2 24.23 2.7
0.69 93.94 25.01 1.6
0.47 93.48 26.26 2.45
0.11 93.33 25.88 3.14
4.56 93.61 26.17 2.5
24.52 94.06 22.95 2.35
37.72 94.27 20.02 2.05
18.69 94.07 21.14 1.63
111.07 93.87 22.15 1.77
37.36 93.99 22.46 2.27
14.31 93.9 23.25 2.41
35.14 93.64 23.77 2.05
76.84 93.65 22.31 1.76
6.77 93.66 22.13 1.26
9.77 93.47 22.38 1.62
2.91 93.27 23.96 1.96
2.81 93.68 24.66 2.38
9.38 93.76 24.65 1.75
22.08 93.51 23.84 2.34
133.56 93.54 22.63 2.31
220.34 93.94 20.41 2.43
4.58 94.13 21.8 1.55
1.04 93.9 23 1.89
26.81 93.39 25.05 3.16
0.06 93.4 22.62 2.13
0.72 93.27 24.58 2.59
1.53 93.41 25.69 3.38
17.13 93.81 24.17 1.82
11.64 94.37 22.06 2.57
17.9 94.41 22.82 1.55
4.77 94.34 23.48 2.28
0 94.38 23.38 2.21
0 94.2 23.7 1.55
0 94.04 23.96 1.54
0 93.69 25.23 1.78
0.76 93.5 25.26 2.48
0.02 93.8 23.4 2.46
0 93.85 23.01 1.53
0.4 102.02 138.07 117.64
60.21 102.37 138.44 117.88
107.52 94.27 19.78 1.8
13.27 94.01 19.11 2.06
6.27 93.84 19.92 2.55
45.93 93.95 19.48 1.79
6.43 94.28 20.11 2.03
37.79 94.51 19.17 1.99
8.85 94.45 19.61 2.14
73.55 94.32 19 2.33
0.03 94.23 20.08 2.6
27.4 94.08 19.09 1.82
2.53 94.23 18.11 1.37
7.93 94.37 18.34 1.43
146.96 94.57 17.54 1.43
140.69 94.63 17.66 2.38
2.86 94.59 20.29 2.37
0.14 94.75 18.79 1.89
10.55 94.56 17.87 1.55
43.1 94.43 16.31 2.29
0.01 94.55 16.61 1.78
0 94.4 19.28 1.31
2.03 94.55 20.41 2.53
26.14 95.29 15.16 1.96
1 95.16 13.97 1.62
74.94 94.61 13 1.77
6.15 94.54 14.1 2.53
0 94.45 19.26 2.3
0 94.77 19.54 2.56
0 94.86 19.18 2.9
0 94.71 19.66 2.59
3 94.73 19.68 1.41
6.62 94.83 18.64 2.24
0.01 94.92 16.02 2.09
3.18 94.36 16.21 2.34
3.15 94.16 18.31 2.19
39.05 93.97 17.51 3.02
14.75 94.17 12.94 2.08
42.69 94.06 14.44 1.94
6.03 94.08 14.96 3.29
0 94.31 13.32 2.17
0 94.55 14.95 2.42
0.09 95.37 12.85 1.64
1.53 95.8 10.95 2.26
3.02 94.61 15.06 3.1
37.52 93.95 10.64 5.65
0.04 93.85 13.2 4.93
0 94.84 10.17 1.59
0 95.14 13.45 2.36
0 94.64 17.58 3.56
0 94.56 17.59 1.81
0 94.32 18.17 3.32
0 94.67 9.4 3.76
0.23 94 5.24 3.19
6.61 94.17 5.08 5.54
3.33 94.5 9.64 4.98
0 94.88 11.96 2.38
0 94.95 12.57 1.75
0 94.69 13.76 1.59
0 94.64 13.8 1.57
0 94.63 15.65 2.61
4.38 94.83 12.75 3.01
0 95.58 5.07 2.63
0 94.43 10 2.83
40.26 95.08 3.94 1.47
8.92 95.36 4.33 1.97
0.65 98.45 55.87 25.48
0 97.95 56.4 25.36
0 95.63 6.36 2.27
0 95.48 4.29 1.76
4.96 94.22 7.6 6.05
0 94.34 3.29 3.6
0 94.93 0.98 3.61
0 95.26 -0.56 3.98
0 95.69 0.02 3.08
0 95.72 3.17 1.53
0 95.07 5.94 1.83
0 94.91 5.96 1.19
0 94.78 9.42 4.1
0 95.04 10.05 3.3
0.21 96.26 0.42 3.52
44.48 96.32 -4.19 2.5
27.63 95.94 -4.29 3.16
8.23 95.41 -4.01 1.81
0.24 95.41 -3.58 1.26
0 95.53 -3.66 1.35
0 95.7 -2.61 1.54
0.05 95.52 0.55 1.24
0.01 94.81 2.81 2.4
0 94.18 5.54 2.65
0.46 95.13 1.52 2.21
5.83 94.93 -3.81 2.51
0 95.65 -6.13 2.15
8.04 95.52 -7.95 2.22
7.31 95.52 -8.85 1.98
4.55 95.49 -9.68 1.83
2.3 95.98 -10.23 1.48
13.02 96.47 -12.1 2.47
12.2 96.53 -13.47 2.79
0.04 96.38 -15.54 1.86
0.01 95.53 -15.2 2.6
0 95.43 -14.39 2.86
0.04 94.92 -11.89 1.4
0.14 95.38 -10.59 1.43
4.17 95.11 -5.91 2.62
0 94.97 -7.77 1.54
0.28 94.29 -4.61 1.9
0.09 94.11 -6.17 5.27
0.41 94.43 -7.87 6.34
0 94.77 -4.81 4.4
0 95.46 -5.3 2.22
0 95.61 -8.42 1.61
0 95.75 -9.96 0.92
0 95.27 -3.27 2.31
0.89 94.96 -0.11 2.73
0.01 95.31 -1.91 3.61
0 95.61 -7.52 1.44
0 95.26 -6.68 1.67
0 95.39 -7.38 1.08
4.06 94.66 -5.32 3.3
0.02 94.74 -6.84 4.85
0.03 95.33 -8.93 5.76
0 95.34 -7.25 3.21
0 95.86 -5.34 2.1
0 95.79 -6.21 1.41
0 94.93 -3.2 2.33
0 95.19 -5.5 1.77
0 95.26 -8.05 1.73
0 95.2 -5.69 2.36
0 95.28 -10.06 2.39
0 94.22 -7.87 2.88
0 95.35 -13.76 3.66
0 96 -14.99 1.85
0 95.75 -7.6 2.38
0.14 95.34 -6.28 1.59
3.02 95.62 -7.85 1.17
0 95.55 -8.5 2.24
0 94.7 -2.31 2.5
0 94.77 -6.73 1.25
4.47 94.95 -8.62 2.06
0 95.38 -11.16 3.8
0 95.17 -12.29 2.71
0 95.5 -9.89 3.55
0 95.3 -9.79 3.42
0 95.13 -10.35 3.21
0 94.89 -9.92 2.55
0 95.65 -12.64 3.34
0 95.88 -13.12 2.92
0 95.33 -12.19 3.4
0.05 94.7 -11.54 4.31
0.06 94.44 -11.68 2.58
0 94.54 -12.38 1.74
24.42 95.21 -16.9 2.37
1.14 95.15 -19.75 2.47
0 94.74 -19.37 4.29
0 95.37 -19.01 1.59
0 95.88 -18.94 1.47
0.33 95.83 -18.15 2.26
0.51 96.32 -21.58 3.46
0 96.21 -24.18 5.24
0 95.7 -14.99 5.06
0 95.13 -9.94 3.24
0 95.02 -11.78 4.06
0 95.08 -9.88 3.7
0 95.68 -14.07 1.8
0 96.11 -17.02 1.59
0 95.86 -16.98 2.2
0 95.91 -13.52 3.38
0 95.79 -10.8 2.9
0 95.44 -9.02 2.1
0 95.23 -8.38 2.72
0 95.42 -8.9 3.74
0 95.37 -9.07 3.59
0 95.26 -7.23 2.75
0 94.37 -7.27 2.81
0 94.03 -4.79 3.42
0 94.66 -2.85 2.94
0 94.3 1.89 3.02
0.03 94.21 1.54 2.51
1.19 94.59 0.02 3.45
21.31 95.34 -9.06 6.05
0 95.31 -12.76 5.74
0 94.64 -9.5 4.25
0 94.55 -5.35 4.27
0 94.46 -2.08 4.09
0 94.49 -4.26 4.05
0.08 95.33 -7.72 3.5
0 95.27 -9.7 3.87
0 95.1 -10.31 2.4
0 95.29 -8.08 3.18
0 96.15 -11.21 2.36
0 95.75 -9.35 2.54
0 95.69 -8.94 3.3
0.05 95.02 -7.04 3.31
0.01 95.14 -7.76 1.88
0.07 95.45 -8.63 4.2
0.04 95.64 -9.1 3.28
0.02 94.73 -1.29 2.85
0 94.39 1.01 1.99
0 94.39 -0.32 2.74
0.09 94.77 -1.78 1.38
15.22 94.54 0 4.22
0.02 94.57 -1.61 2.7
5.73 94.85 -5.26 4.41
0 95.58 -8.48 4.38
0 95.66 -8.08 3.77
0.02 95.44 -7.17 3.47
0 94.91 -5.8 2.01
0 94.27 -0.83 4.46
0 95.06 -2.25 2.86
0 94.87 1.57 2.76
0 94.3 5.05 2.72
0 94.15 8.54 3.2
0 93.72 10.84 5.7
0 94.25 7.07 4.82
0 95.14 3.09 1.88
0 95.35 5.38 1.94
0 94.98 8.6 3.04
0 95.38 4.83 4.53
0.01 95.92 1.62 4.96
0 95.92 1.75 3.7
0 95.59 2.97 3.08
0 95.2 7.71 3.45
0 94.59 9.36 2.68
0 93.97 11.12 3.77
0.26 94.45 6.82 3.52
0 94.37 8.71 3.55
0 93.42 15.87 4.86
4.8 93.73 10.04 5.64
0.29 94.8 5.55 4.51
0 94.78 7.93 3.76
0 93.98 10.67 3.61
0.04 94.3 9.87 2.31
0.5 93.62 12.89 5.43
0 94.06 9.56 5.42
0 93.93 11.61 6.12
0 94.29 6.36 2.91
0 94.93 4.36 3.31
0 94.32 7.12 4.84
9.63 93.5 9.3 2.5
0.09 93.25 10.89 5.69
0 94.37 10.95 3.22
0.15 93.83 15.84 5.45
6.21 93.84 10.65 4.58
3.86 93.84 5.78 4.33
2.33 94.13 6.38 2.76
1.16 94.39 8.44 3.88
0.02 94.07 14.23 2.97
0 93.27 15.38 6.51
0 93.79 10.01 6.29
0 94.34 10.71 3.06
0 93.76 14.67 5.01
0.43 94.7 9.46 3.1
39.25 94.91 7.08 2.02
1.99 94.49 11.41 1.71
0 94.65 11.94 2.17
33.9 93.77 12.69 2.81
0.04 93.42 16.61 2.71
33.57 93.12 21.27 4.16
167.92 93.97 10.73 2.09
31.14 93.11 11.52 4.59
0 93.56 16 3.3
7.75 93.48 15.96 5.53
0.02 93.85 12.5 6.24
0 94.61 15.32 2.59
0 94.01 19.17 4.47
1.08 94.26 16.86 2.64
0 93.92 17.34 2.32
2.69 93.06 20.12 4.28
123.55 93.86 11.21 4.96
0 94.65 15.35 3.93
24.43 94.27 12.47 4.4
0.63 94.16 12.81 3.55
0 93.63 18.37 3.14
0 93.74 23.59 3.56
0 93.97 25.25 4.39
0 94.21 23.52 3.88
0 94.37 23.34 3.71
0.02 95.18 19.06 4
0.02 95.1 17.61 2.31
29 94.18 14.82 1.79
31.63 93.08 15.28 5
4.99 93.36 18.64 3.32
0.18 93.87 18.54 5.08
0 93.75 22.32 4.78
0.04 93.38 24.89 4.33
0 93.8 18.75 4.76
0 93.52 22.38 4.79
5.54 94.32 17.47 1.89
0 94.37 20.07 1.37
0 93.97 23.46 2.53
0 93.61 25.13 3.27
0.02 93.8 23.09 2.82
0.07 94.02 23.84 2.08
10.58 94.23 19.58 3.55
3.17 94.26 19.23 1.82
0.04 94 21.92 2.64
30.37 93.65 20.6 4.27
73 93.4 20.61 4.79
40.03 93.96 17.5 2.38
10.11 93.84 19.07 2.18
1.76 93.51 19.86 2.09
61.86 93.42 15.72 2.13
10.62 93.43 18.57 1.83
1.8 93.03 20.13 2.39
51.15 93.08 20.48 1.88
3.78 93.63 20.14 2.93
0.01 93.72 23.32 2.6
38.31 93.35 25.47 2.97
23.06 93.39 23.83 2.3
17.64 93.42 22.78 2.13
10.76 93.72 21.15 3.36
2.34 93.74 21.08 3.88
0 93.89 24.57 3.28
0 93.84 24.76 1.94
31.65 93.56 23.55 2.8
37.42 93.63 19.35 3.34
111.32 93.5 20.37 2.34
70.71 93.58 20 1.69
0 93.74 20.32 1.73
0.2 93.68 22.1 1.55
0 93.78 25.89 3
0 93.94 25.28 3.17
1.1 94.17 25.37 1.83
0 94.25 26.74 1.67
0 94.16 27.86 2.8
0 93.91 27.4 2.64
0 93.71 28.21 1.75
0 93.45 29.33 2.57
5.46 93.13 29.57 3.33
98.59 93.49 21.56 1.98
0.48 93.78 24.21 2.56
0.58 94.16 22.06 2.66
3.88 93.83 19.44 2.07
4.54 93.69 18.74 2.18
4.69 93.94 21.62 1.57
0.31 93.91 23.89 2.2
7.69 93.96 24.69 2.93
116.1 94.14 21.37 2.39
793.11 93.68 20.36 2.77
23.9 93.39 23.35 1.78
4.55 93.25 26.96 2.87
0.16 93.82 25.6 2.24
449.27 93.87 19.84 2.85
1.53 93.7 22.12 1.62
2.89 93.5 23.97 2.71
53.92 93.48 23.14 2.08
11.27 93.85 22.93 1.68
99.22 94.09 23.65 2.06
53.9 94.26 21.86 1.69
13.56 94.36 22.49 2.02
0.14 94.35 24.44 1.61
0 94.26 26.19 1.51
0 94.2 27.28 1.89
0 94.08 27.26 2.1
402.11 93.84 25.15 1.87
129.07 94.25 23.38 2.5
0 94.33 21.92 1.28
0 93.91 24.21 2.41
0 93.68 27.22 3.38
0.4 93.71 29.2 2.99
6.18 93.84 24.98 2.27
0 93.8 24.45 1.84
0 94.09 23.42 1.85
2.2 93.98 23.16 1.53
110.48 93.83 20.99 1.92
7.42 93.69 22.46 1.3
202.71 93.66 20.09 1.97
7.02 94.12 21 2.06
38.6 94.21 21.49 1.7
0.82 94.36 22.37 1.83
0.67 94.43 22.91 1.65
9.36 93.92 21.12 1.75
38.05 93.77 22.95 2.39
192.45 94.54 17.37 3.97
0 94.79 17.79 2.22
3.5 94.44 17.88 1.92
1.4 94.42 18.48 2.02
0 94.61 17.63 2.1
0 94.05 17.13 1.76
12.01 92.97 16.1 4.27
17.93 92.8 15.56 2.87
3.54 93.46 19.04 1.54
13.87 93.98 18.33 1.18
107.96 94.23 17.16 1.46
28.75 94.16 16.92 1.28
26.58 94.03 18.77 1.36
1.27 93.77 19.09 1.6
14.8 93.86 17.78 1.62
50.41 94.19 15.88 1.94
30.23 94.34 15.71 1.71
50.82 94.71 14.84 2.2
7.67 94.94 15.48 1.39
2.75 94.85 16.94 1.18
55.68 94.65 18.22 1.72
0.02 94.54 19.06 1.54
1.77 94.67 17.77 2.02
0.92 95.09 15.34 1.98
23.16 95.23 12.98 2.03
0.06 95.25 13.36 2.43
0 95.08 13.85 1.42
0.39 94.82 14.95 2.22
3.4 94.47 16.41 2.18
1.53 94.19 18.04 1.9
0.75 93.9 20.46 3.69
0.03 94.63 16.68 2.13
7.08 94.39 16.83 2.28
1.95 95.18 11 4.77
0 95.58 7.7 2.24
0.03 94.74 9.78 2.17
0.04 94.4 15.93 2.27
8.71 94.23 19.11 3.62
1.49 94.3 15.97 2.32
0.45 94.34 14.37 3.38
120.34 94.92 6.36 2.29
5.96 94.97 5.08 1.89
0.29 95.5 7.85 1.53
46.71 94.58 10.75 2.87
0.42 94.87 5.57 4.89
0 95.07 4.35 1.59
1.06 94.69 5.19 1.71
0 95.23 5.12 25.98
0.46 95.17 7.11 1.35
0 94.78 11.33 1.32
0 94.86 12.74 1.5
0.07 95 15.29 2.78
2.3 94.46 14.39 4.52
0 95 9.25 2.22
0 94.71 12.28 1.93
0 94.62 11.8 2.26
0.78 95.55 3.21 2.53
36.08 94.89 4.63 1.84
41.89 95.6 1.48 2.3
0 95.19 2.15 1.56
0 94.54 3.55 1.65
0 94.17 8.25 3.71
0 95.36 2.11 2.09
8.75 95.36 2.4 1.35
4.36 95.58 1.49 3.07
0.12 95.62 0.2 2.59
7.08 95.36 -1.18 3.37
0 96.14 -5.45 3.19
0 95.74 -2.92 2.63
0 95.05 1.03 3.36
0 94.51 1.87 1.89
0 93.63 3.1 1.44
0 94.73 0.68 2.29
0.11 95.47 -1.9 1.88
3.54 95.72 -2.25 3.44
0 96.07 -4.51 1.79
0 95.39 -2.25 2.12
0.95 93.95 2.56 3.46
4.3 94.22 -2.01 1.94
0.24 94.75 -1.88 1.49
0 94.17 4.41 3.99
0 94.92 0.69 5.54
0 95.13 -3.59 2.09
0 94.93 -0.7 2.55
0 94.79 -0.87 2.68
0.14 94.34 -0.94 2.72
1.79 94.83 -5.67 2.08
22.86 95.33 -8.02 1.89
44.06 95.68 -9.94 2.57
0 96.02 -11.42 3.07
0 95.69 -10.46 3.06
0 95.2 -7.99 2.97
0 94.86 -5.32 2.18
0 94.41 -2.76 3.61
0 95.25 -6.94 3.04
0 95.66 -4.26 1.93
0.03 95.92 -5.37 1.96
1.9 94.77 -1.23 3.81
0 95.53 -3.62 4.08
0 95.24 1.16 2.99
0 94.49 3.94 3.54
0 94.7 -1.38 2.99
0.21 95.26 -6.13 3.5
0 94.7 -6.11 3.05
0 94.92 -7.07 2.42
2.55 94.36 -4.53 3.82
0 95.29 -7.82 2.26
0 95.43 -8.14 1.61
0 94.77 -5.32 2.87
9.54 95.21 -4.01 2.57
0 95.8 -9.57 3.77
0 95.69 -10.2 2.29
0 95.69 -9.13 3.42
0 94.86 -3.88 2.72
0 94.88 -4.71 1.27
0 95.04 -4.15 1.19
0 95.09 -3.49 1.26
0.01 95.41 -2.91 1.5
0.05 95.53 -5.89 2.67
5.78 95.17 -10.24 3.51
0 95.53 -11.07 2.38
0 95.37 -10.91 1.37
0.02 95.2 -5.55 3.91
0.43 95.92 -10.13 4.01
0 95.73 -11.44 2.26
0 95.42 -9.77 4.44
0 95.64 -8.6 3.32
0 95.16 -7.5 1.74
0 95.06 -6.72 1.6
0 94.84 -2.46 3.59
0 95.03 -4.59 2.33
0 94.69 -2.22 2.97
0 95.33 -5.96 1.49
0 95.62 -7.68 1.56
0 95.14 -3.58 1.63
8.61 95.23 -3.94 1.48
10.11 94.79 -5 2.24
0.01 94.92 -8.29 3.43
0 95.15 -11.14 4.02
0 94.91 -11.01 2.96
0.01 94.67 -12.29 2.8
0 94.8 -10.88 5.2
0 95.74 -12.17 2.17
0.04 95.7 -14.08 1.32
0.01 95.61 -13.71 1.41
0.09 95.4 -11.69 2.18
0 95.73 -11.92 1.77
11.92 95.43 -13.21 2.44
0 95.44 -13.47 2.2
0 95.09 -12.88 4.56
0 95.78 -14.06 2.86
0 95.9 -14.09 1.86
0 96.01 -12.82 1.21
0 95.36 -7.47 1.83
0.03 94.67 -3.96 5.17
0 95.16 -6.84 3.64
0 94.67 -8.78 2.66
0.36 95.55 -12.4 3.97
0 95.79 -10.01 3.64
0 95.23 -8.19 3.37
0 95.95 -8.18 3.84
0 95.36 -4.73 2.38
0 94.8 -3.97 1.72
0.16 94.48 -1.37 2.71
0 94.86 -6.31 3.73
0 95.77 -6.95 2.36
0 95.72 -8.06 1.06
0.02 95.51 -9.05 6.01
0.01 95.04 -10.21 6.41
0 95.22 -9.7 5.2
0 95.33 -6.96 3.22
0 95.31 -6.77 1.75
0 95.81 -5.27 1.63
0 95.61 -3.65 2.08
0 94.43 3.18 3.7
0.97 94.87 -3.92 4.59
0 95.4 -7 3.49
0 94.79 -5.6 2.62
0 93.77 -3.45 5.21
0 95.54 -7.48 4.43
7.53 95.26 -6.33 3.01
5.31 94.7 -4.19 4.46
0 95.19 -5.02 3.86
0 94.91 -2.17 3.89
0 94.88 -0.96 3.26
0 95.08 -1.14 1.65
0 94.72 1.66 3.13
0 94.72 0.25 3.08
0.18 95.11 -5.11 3.36
0 94.28 -0.55 2.66
0 94.42 -0.67 1.55
0.02 94.64 -4.66 2.26
0.08 95.02 -5.74 3.62
0.02 94.78 -8.02 4.46
0 94.77 -5.4 5.27
0 94.31 -0.77 4.08
0 94.13 0.62 3.15
0 94.33 3.01 2
0 94.62 4.16 3.39
0 95.43 -1.02 4.79
0 95.44 0.95 2.94
0 95.41 1.3 2.01
0 95.1 2.91 1.51
0 94.76 3.12 1.9
1.99 94.64 3.59 1.8
0 95.18 4.92 2.04
0.06 95.3 3.98 1.77
0.32 95.37 1.46 3.43
0 95.15 1.63 2.16
0 94.94 2.65 2.07
0.31 95.32 1.13 1.31
2.38 94.97 1.11 1.45
0.71 94.82 2.77 2.88
0.52 94.76 1.33 2.15
0 94.94 2.56 2.61
0 94.69 5.46 2.62
0 94.65 9.05 3.81
0.04 95.5 3.63 2.66
0 95.27 3.83 1.77
0 94.67 5.36 1.74
0 94.69 9.1 2.17
0 94.57 12.53 3.31
0 94.23 16.96 4.13
0.2 93.97 14.95 3.77
2.13 94.1 11.03 3.78
1.39 94.16 9.56 2.69
0 94.97 8.16 3.5
0 94.89 8.54 2.16
0 93.89 13.54 4.2
0 94.5 7.37 4.01
0 94.41 6.47 2.32
0 93.7 12.87 4.69
0 93.34 15.29 2.99
0 93.8 16.51 3.48
0.11 94.16 13.76 3.33
1.68 93.04 14.05 5.02
0.19 93.23 7.22 6.25
4.68 93.56 7.8 3.13
3.93 93.98 8.81 3.27
0 94.39 9.79 2.24
0.01 93.71 13.09 5.2
0 93.96 9.42 2.99
0 94.3 8.61 3.44
0 94.93 8.49 3.84
0 94.97 10.31 5.09
0 94.15 14.99 4.62
0 93.63 17 3.4
0 93.29 20.74 4.62
0 94.19 15.96 2.29
0 94.46 18.05 2.49
0 94.39 22.03 4.43
0.91 94.3 19.56 6.09
5.76 94.29 14.86 3.67
12.41 93.98 9.42 6.3
0 94.24 9.98 6.5
0 94.1 18.36 4.33
0 93.82 20.37 2.6
0 93.48 21.58 4.47
0.14 93.58 19.4 3.32
0.01 93.74 14.7 5.54
0 93.57 12.45 4.88
2.83 93.83 11.55 4.38
0.12 94.55 13.41 4.94
0 94.49 16.31 2.44
0 93.69 20.09 1.66
0 93.5 24.07 2.05
0 93.47 29.19 3.66
0.82 93.91 26.47 3.37
1.4 94.2 22.96 2.68
4.71 94.59 13.77 3.71
206.55 94.65 8.96 2.21
0.02 94.38 16.39 2.17
0.01 93.99 19.28 2.08
0.05 94.54 14.63 2.88
0 94.02 19.24 2.53
0 93.62 21.9 3.03
0 93.98 21.8 4.17
11.53 94.21 17.47 2.89
0.29 93.7 20.23 3.17
5.77 93.28 20.22 2.94
0 93.78 17.15 3.5
133.61 94.08 11.08 1.9
0 94.17 15.63 2.38
0 94.19 19.6 2.31
0 94.3 21.77 2.16
21.62 93.98 15.71 2.68
1.11 93.74 18.72 2.88
0.15 93.65 21.44 3.82
0 93.77 20.35 3.58
0 94.11 18.48 2
2.39 94.26 18.07 1.81
27.75 94.56 18.22 1.77
0 94.56 20.61 2.18
0 94.14 26.97 2.38
0.07 93.87 27.23 1.52
0.74 93.7 26.06 2.78
9.29 93.6 23.68 2.16
38.39 93.62 20.1 2.53
59.66 93.5 19.24 1.69
3.73 93.57 19.74 2.6
0.21 93.76 20.82 2.35
65.48 94.13 18.27 1.48
84.38 94.02 16.97 1.72
3.15 93.74 19.16 1.44
1.96 93.72 22.19 1.46
0 93.89 24.03 1.64
28.46 93.72 25.25 3.01
22 93.73 26.81 3.08
0.05 93.61 27.77 3.09
4.09 93.55 27.28 2.46
14.57 93.43 27.23 2.14
16.19 93.62 25.17 2.47
0.25 93.74 25.58 2.22
14.2 93.89 23.73 1.9
41.88 94.04 22.31 1.54
23.33 93.79 24.1 2.8
683.75 93 22.39 2.45
17.21 92.91 24.62 2.61
22.14 93.09 24.75 2.92
0.25 93.09 23.81 1.88
0 93.33 25.27 2.09
0.29 93.42 28.3 2.32
78.61 93.2 27.46 3.14
8.42 93.68 24.98 1.85
6.39 93.97 26.29 1.81
0 94.1 27.09 1.68
0 93.99 28.81 1.78
0 93.71 29.18 2.83
17.2 93.53 26.43 2.82
43.68 93.57 21.2 2.3
21.64 94.29 20.99 1.9
16.06 94.25 21.24 1.75
1.27 93.77 23.83 1.26
0.61 93.93 23.75 1.59
0.19 94.11 23.78 2.04
19.18 93.72 22.74 2.94
0.9 94 22.89 2.63
0 94.49 22.8 1.63
0 94.03 23.43 1.67
86.55 93.63 23.33 2.89
0.03 93.79 25.2 1.76
0.44 93.84 26.59 2.46
25.48 93.61 24.99 1.96
624.78 93.1 22.55 1.77
14.72 93.48 23.72 1.43
83.63 93.52 24.04 2.29
25.38 93.38 21.98 1.94
1.24 93.42 23.58 2.23
12.3 93.29 22.21 1.41
34.37 93.09 20.5 1.57
13.6 93.18 22.9 1.37
8.66 93.58 23.44 2.47
25.01 93.93 22.67 1.95
0.22 94.1 23.45 1.78
11.59 94.04 22.21 1.68
26.28 93.98 21.06 1.58
291.43 94.06 19.02 2.47
67.03 94.21 20.28 2.02
50.5 94.34 21.08 1.8
10.38 94.36 21.51 1.89
5.35 93.96 22.2 1.91
0.87 93.71 25.55 1.93
14.75 94.19 22.48 2.1
300.6 94.1 18.61 1.98
0.02 94.08 19.71 4.01
0 94.14 17.87 3.59
0 94.45 19.01 2.13
9.33 94.13 17.01 2.72
2.62 94.65 15.58 2.84
0 94.73 13.95 1.93
0 94.49 16.4 2.26
0.24 94.49 16.5 1.56
1.18 94.32 19.6 1.81
9.16 94.33 19.24 1.94
3.86 94.21 19.74 2.59
2.61 94.05 21.01 2.79
0.02 93.97 19.83 3.65
0 93.89 18.99 1.77
0 93.66 21.5 2.12
1.32 94.28 17.56 2.68
10.08 94.27 17.41 2.14
65.01 94.14 16.07 1.52
0.02 94.41 16.01 2.13
0 94.8 14.81 1.63
0 95.04 15.51 1.67
2.08 94.98 17.29 2.37
4.42 94.77 18.25 2.07
0.45 94.36 18.85 2.58
0.01 94.19 17.01 2.45
0 93.63 19.22 2.09
0.15 94.12 14.87 3.06
0 94.45 14.9 1.48
0.52 93.75 19.73 3.26
8.55 93.83 16.73 3.79
0 93.96 18.12 4
0.05 94.34 17.26 2.54
14.42 94.26 15.88 2.68
25.97 94.59 12.64 1.94
0.04 94.52 9.64 2.29
0 94.42 8.36 3.58
0 94.25 9.54 2.77
0 94.33 13.4 2.53
0.07 94.57 14.25 3.97
0 95.33 8.58 2.55
0 95.64 7.16 2.05
0 95.35 9.6 2.54
0 94.65 14.65 3.79
0 94.42 15.44 3.03
0 94.81 13.69 1.95
7.6 95.11 11.75 1.62
65.93 95.79 8.35 3.2
24.22 95.79 4.5 2.41
1.4 95.54 4.61 3.1
1.39 95.14 4.32 2.32
0 95.03 5.73 3.13
0 95.61 4.08 1.19
21.37 95.64 6.52 1.91
0.04 95.99 4.81 1.85
0 95.8 5 1.78
2.14 95.11 8.13 1.49
0.04 94.95 8.39 1.41
0 94.6 11.77 2.51
0.01 95.39 6.36 1.66
8.46 95.46 3.55 1.51
0.05 95.45 4.79 1.56
0 95.2 7.01 1.85
0 95.32 7.51 1.35
0 94.66 10.19 1.52
0.02 94.5 11.33 1.89
0 95.41 6.18 4.69
0 95.91 1.34 3.76
0 95.34 5.33 2.4
0 94.43 8.28 2.76
