0.99 96.48 -14.64 1.47
0.03 97.16 -16.06 1.77
23.51 97.04 -18.2 1.45
6.22 97.21 -17.44 3.11
0 97.57 -19.44 1.9
0.01 97.75 -19.06 1.83
0.11 97.84 -16.67 1.45
15.95 97.26 -15.34 1.06
7.95 97.39 -14.59 1.36
0 97.68 -14.77 1.39
0 97.66 -15.39 2.36
0 97.1 -18.46 2.63
0 97.14 -16.06 2.42
0.74 96.94 -15.18 1.15
0 98.04 -14.43 1.34
0 97.62 -13.65 1.05
0 97.26 -10.54 1.04
0.02 97.18 -6.59 1.17
0 96.64 0.58 2.66
0.08 97.78 -8.27 4.48
0 97.79 -12.13 2.42
0 97.51 -10.67 2.93
0 96.99 -8.1 2.56
0 96.38 -7.75 3.5
0 97.4 -9.11 2.95
0 108.18 -4.95 2.74
4.57 96.24 -3.16 2.19
0.01 96.92 -9.78 3.3
0 96.48 -5.17 3.45
0 96.5 -5.44 1.47
0 97.09 -8.13 1.58
0.27 97.29 -10.65 1.81
0 97.32 -13.85 1.85
0 97.26 -12.88 1.95
0 97.21 -12.92 1.73
0 97.55 -12.89 1.4
0.02 97.51 -10.96 1.96
4.95 96.57 -3.37 2.57
0 96.56 -3.54 1.8
0 97.16 -5.94 2.22
0 97.74 -9.19 3.18
0 98.17 -11.26 3.56
0 97.95 -11.15 1.75
0.04 97.32 -9.94 1.9
0 97.71 -9.47 2.25
0 97.91 -11.99 1.69
0 97.47 -9.9 1.71
0.01 96.99 -7.62 2.74
0 96.84 -8.21 2
0 96.28 -3.92 1.71
0 96.12 -5.07 1.52
0 96.2 -3.75 1.89
0 96.37 -4.16 2.22
0 95.29 1.52 2.13
6.33 95.51 -0.06 1.8
0 96.63 -4.61 2.63
0.27 96.85 -4.11 1.7
4.27 96.54 -4.63 2.06
2.19 97.1 -5.96 2.45
0.15 96.85 -6.56 1.99
0.4 96.57 -2.53 3.04
0 96.73 -2.17 2.59
19.05 96.18 -0.2 2.52
3.9 97.31 -7.62 3.23
0 98.03 -9.61 1.98
0.01 98.27 -9.96 1.97
3.09 98.58 -8.93 2.56
0.01 97.82 -8.67 2.49
0 96.49 -3.73 2.41
0.22 95.45 2.57 3.24
0.66 96.46 -2.98 4.25
0 97.21 -2.78 1.83
40.44 96.61 -0.54 1.71
1.96 96.53 -2.01 4.24
0.02 96.99 -3.82 2.11
0 97.38 -4.33 2.02
0 96.47 -2.66 2.65
0.45 95 4.15 2.89
41.36 95.58 -0.11 3.19
0 96.05 0.8 2.47
0.06 95.97 4.91 3.56
0 96.71 3.06 2.61
0 97.16 0.58 2.64
0.03 97.21 -2.58 2.84
0.4 96.72 -1.67 1.95
1.32 97.31 -1.2 1.91
0 97.21 3.63 1.72
0.09 97.03 5.88 1.98
5.97 96.45 8.88 3.91
2.48 96.1 8.16 3.68
0 96.55 3.52 4.85
0 96.6 1.04 3.68
0 96.35 4.6 3.49
0 95.93 9.67 3.17
6.61 96.53 3.88 2.36
0.01 97.22 2.7 2.05
0 96.72 7.34 3.15
0.35 95.56 12 5.04
43.79 96.24 2.65 2.5
0 96.55 4.32 2.64
3.39 96.49 3.41 2.01
28.99 96.29 1.55 2.77
0.03 97.11 0.09 4.6
0 97.26 2.45 2.18
0.17 96.59 5.31 2.79
10.14 96.77 3.9 1.65
0 96.84 5.74 2.54
12.02 96.08 11.46 2.72
69.95 96.52 8.41 1.62
0.21 96.87 8.87 1.72
0.15 97.08 10.66 2.07
0.86 96.85 9.96 2.37
0.1 96.8 8.97 1.9
0 96.43 13.02 2.91
3.31 96.22 13.74 4.05
59.1 96.02 5.07 2.82
8.31 95.57 3.66 3.07
0.11 95.7 6.08 5.03
2.27 95.86 7.79 3.89
5.15 96.13 11.98 2.39
0 95.57 17.19 1.92
0 95.28 19.27 3.37
0.73 95.82 17.29 2.04
5.41 95.33 218.93 2.59
254.25 94.89 11.89 2.77
7.73 95.41 13.82 3.87
20.3 95.48 12.42 1.72
2.4 95.73 15.82 2.22
59.37 95.56 10.98 2.68
8.95 95.42 10.36 2.11
1.76 96.41 10.65 2.52
0 96.7 13.38 1.59
0 96.67 15.95 1.55
2.71 96.3 17.3 2.92
4.3 96.14 20.17 2.5
1.67 96.34 19.04 2.62
39.61 95.92 15.47 2.49
113.45 95.01 12.83 2.32
0.28 94.71 18.84 4.18
0 95.51 22.5 2.39
0 95.67 24.03 2.55
0.36 95.64 22.44 1.85
3.22 95.26 21.08 2.42
8.14 95.42 17.67 3.68
0.87 96.05 21.63 3.39
0.14 96.49 22.16 2.04
7.17 96.49 19.47 1.72
71.06 95.97 15.6 2.15
42.48 95.52 16.67 2.12
74.77 95.92 15.29 1.69
17.12 96.53 16.73 1.47
2.64 96.49 18.26 1.55
0.75 96.6 19.21 1.61
0 96.66 20.54 1.64
0.01 96.46 21.37 2.11
0 96.15 22.61 2.16
0 96.14 22.97 2.36
0 96.27 23.94 2.74
0 96.38 24.47 2.69
0 96.44 24.7 1.8
2.64 96.32 21.81 2.02
0.1 96.11 20.98 2.55
0.56 95.75 22.22 1.98
14.06 95.52 22.59 2.76
41.07 95.36 22.33 2.65
0.77 95.21 24.06 2.22
15.65 95.3 24.38 1.74
110.83 95.42 21.14 1.79
13.32 95.48 20.47 1.62
1.7 95.55 22.84 1.38
0.13 95.91 23.59 2.62
0.03 95.53 23.84 1.85
10.65 95.83 21.22 2.26
0 95.97 23.27 1.51
0 95.86 25.04 1.93
0 95.85 25.7 2.11
0 95.77 25.31 1.75
42.57 95.56 22.27 1.67
115.6 95.47 22.46 1.37
0.46 95.53 24.18 1.41
0.09 95.36 24.59 1.43
141.84 95.24 21.98 1.85
3.94 95.21 25.33 1.67
0.05 95.25 27.63 1.42
14.53 95.23 26.91 1.92
0 95.2 27.07 2.51
0.04 95.36 25.5 2.37
20.57 95.67 22.26 1.85
4.64 95.83 23.09 1.81
1.31 95.83 22.84 1.93
71.34 95.66 21.12 1.72
73.89 95.61 21.41 1.37
235.17 95.86 20.64 1.22
7.35 96.1 22.88 1.21
0 96.08 24.32 1.76
81.88 95.69 22.95 2.08
7.95 95.48 24.76 2.77
1.71 95.68 25.87 2.31
3.35 95.63 26.97 2.08
19.87 95.75 25.5 2.13
371.68 95.6 22.82 1.54
2.4 95.82 24.43 1.46
2.71 95.94 25.98 1.54
3.66 96 26.53 1.56
2.68 96.13 27.42 1.7
1.04 96 27.72 2.28
14.69 95.89 26.84 2.04
12.29 95.54 27.01 2.3
118.37 95.13 26.92 2.43
6.58 95.08 23.73 1.5
28.35 95.09 25.73 1.32
179.58 95.39 22.56 1.46
0 96.02 22.2 1.84
0.02 95.93 23.21 1.5
13.06 95.27 24.2 2.21
70.57 95.42 23.41 1.51
180.83 95.8 22.3 2.28
0 96.58 21.26 1.46
14.27 96.23 21.37 1.54
130.91 95.52 22.41 1.91
18.94 95.55 23.03 2.01
0 95.79 22.58 1.86
0 95.52 24.9 1.92
14.47 95.24 24.88 1.69
1.58 95.13 26.1 1.93
40.91 95.03 24.75 2.47
0 95.51 22.8 2.39
0 95.89 23.23 1.62
9.13 95.93 23.73 2.16
9.12 96.14 23.68 2.15
166.93 96.26 22.51 1.78
2.07 96.52 23.68 1.59
236.57 96.4 19.33 1.5
89.17 96.37 18.87 1.37
0.67 96.39 20.35 1.31
0 96.33 22.46 1.45
0.08 96.51 22.18 1.36
1.45 96.67 22.27 1.78
0 96.39 21.55 1.64
2.43 96.21 20.84 1.25
25.45 95.83 21.47 1.47
12.42 95.96 21.44 1.41
1.36 96.03 22.36 1.61
36.75 96.5 20.94 1.48
3.01 96.62 21.57 1.37
0.02 96.52 20.18 1.21
0 96.28 19.93 1.42
0 96.07 22.13 1.48
4.9 96.2 23.25 1.43
0 96.72 19.21 1.88
0 96.61 17.69 1.32
1.75 96.19 18.06 1.28
10.8 95.81 19.64 1.4
0.31 96.04 20.15 1.3
0 96.18 21.39 1.13
2.71 96.26 22.57 1.28
0 96.38 22.71 1.38
3.37 96.19 21.95 2.18
137.92 96.49 16.08 2.09
234.51 96.61 10.03 2.1
224.92 96.51 12.24 1.27
0 96.25 15.93 1.31
42.37 96.41 15 1.84
218.87 97.08 10.15 2.55
0 97.04 10.5 1.8
0 96.82 13.09 1.38
0.89 96.57 15 1.44
6.26 96.35 15.63 2.45
0.38 96.51 14.3 2.02
0 96.42 12.08 3.7
0 97.27 9.8 2.57
0 96.88 10.52 1.4
0.02 96.6 14.85 1.65
0.99 96.85 14.21 1.41
410.8 96.52 9.4 2.24
71.65 96.5 7.63 3.21
0 96.66 9.85 1.9
0 96.33 12.9 1.26
0 96.22 16.38 1.96
0 96.4 17.34 2.27
0 96.33 16.83 2.17
0 95.87 16.4 2.35
21.82 96.35 12.4 1.95
134.7 96.8 6.63 2.3
0 96.98 8.36 1.28
0 96.51 10.42 1.39
0 96.68 9.77 2.45
0 96.26 8.59 2.67
0 96.99 4.57 2.47
0 97.64 2.01 1.21
23.33 97.59 0.62 1.26
57.15 97.58 1.92 1.28
0 97.48 2.89 1.23
0 96.97 4.74 1.33
0 96.68 9.28 1.6
6.05 96.78 10.43 2.06
5.5 97.29 4.35 3.11
0 97.7 1.06 3.31
0 98.4 -0.6 2.49
0 97.59 0.86 1.48
0 97.43 4.68 1.6
0 97.42 5.96 1.33
0 97.47 6.15 1.33
0 97.27 6.29 1.61
0 97.76 3.36 3.32
0 97.41 2.09 1.8
0 96.92 5.98 1.73
0 97.02 5.08 1.2
0 96.72 7.12 1.57
0 96.4 7.92 1.44
6.47 96.49 4.9 2.65
0.31 97.06 0.88 2.92
0 96.78 -0.64 1.23
0 96.38 0.81 1.42
54.94 95.73 1.69 3.23
1.39 96.29 -0.08 1.87
1.4 97.24 0.11 3.1
0 98.23 -3.59 2.3
0.04 97.63 -2.72 2.08
0 96.91 0.76 1.45
0 96.88 1.41 1.72
0 96.56 5.25 2.67
0 96.07 4.18 1.98
0 95.83 5.7 1.59
0.26 95.93 2.84 3.81
0 96.74 -2.04 1.79
0 96.66 -1.32 1.8
0.01 96.82 -0.84 3.34
0 97.11 -5.46 2.01
0.3 96.33 -5.1 1.98
0 96.62 -5.27 5.25
0.2 96.81 -6.71 1.69
0.21 96.71 -6.11 1.36
0 96.36 -2.22 1.87
0.04 95.88 -1.02 1.72
0.06 96.43 -5.65 3.1
0 96.66 -5.92 1.95
0 95.61 2.4 2.29
0 96.86 -1.51 3.08
0 97.49 -4.89 2.85
0 96.22 -4.07 1.99
0 96.17 -5.46 1.67
0 95.76 -4.53 1.76
1.12 95.47 -6.31 3.74
0 96.59 -10.5 2.02
1.15 96.87 -12.05 2.38
0.15 97.66 -13.87 2.88
0 97.58 -15.01 3.03
0 97.3 -14.26 2.86
0 96 -8.81 2.72
0 95.83 -5.65 1.67
0 95.84 -3.68 1.62
0 96.1 -3 2.11
0 96.35 -0.78 1.77
0 96.06 -5.41 1.37
0.21 96.62 -8.55 2.64
0 97.94 -14.86 3.29
0 97.94 -15.23 2.89
0 97.02 -14.18 2.57
0 95.92 -11.59 2.4
0 95.57 -8.27 1.94
0 96.21 -10.72 2.79
1.6 96.47 -11.37 1.83
0.03 96.61 -11.66 4.19
0.24 97.1 -10.45 4.64
0 97.69 -10.48 2.75
0 97.86 -11.49 2.24
0 97.47 -11.77 1.14
0.01 97.07 -11.84 1.46
0.03 97.2 -10.92 3.61
0 97.82 -9.65 3.06
0.01 97.2 -8.1 1.78
0.2 97.01 -8.34 2.97
0 97.62 -12.25 3.08
0 96.9 -10.83 2.18
0 96.41 -10.82 3.3
0 96.62 -12.29 1.67
0.01 96.56 -10.42 2.09
0.03 97.56 -13.5 2.53
0 98.02 -16.4 3.23
0 97.81 -14.93 1.8
0 97.63 -13.74 2.06
0 97.37 -14.06 2.25
0 97.33 -13.66 2.77
0 97.24 -12.34 1.71
0 97.05 -12.17 1.44
0 97.05 -12.1 2.48
0.04 97.32 -13.52 3.17
0.01 97.49 -13.6 1.73
0.12 97.65 -13.81 1.93
0 98.09 -14.02 1.52
0 98.39 -13.37 2.14
0.02 97.91 -13.05 2.3
0 97.61 -13.38 3.11
0 97.4 -10.91 2.51
0 96.97 -4.12 2.24
0 96.64 -4.38 1.43
0 96.57 -6.65 1.24
0 96.47 -5.74 1.9
0 96.7 -5.12 1.87
0.03 95.99 -3.85 3.47
0.03 96.43 -2.12 2.33
0 96.18 -5.54 1.81
0.71 96.23 -5.87 2.69
0.24 97.11 -8.98 1.85
1.5 97.12 -8.68 1.46
1.18 97.34 -11.72 3.4
0 97.51 -11.32 2
0.2 97.4 -10.39 1.8
0.15 97.4 -11.21 1.47
0 96.71 -4.78 2.62
0.63 96.6 -4.63 1.56
1.49 97 -3.61 2.27
0 97.02 -4.08 1.6
0 96.86 -0.35 1.66
0 97.2 -0.48 1.44
0 96.83 0.99 1.7
0 96.37 1.99 2.95
2.33 96.1 2.09 2.23
0.27 96.81 -2.27 2.61
0 97.52 -4.12 1.57
7.14 96.95 -1.65 3.25
0.87 97.58 -7.5 3.68
0.06 97.16 -6.59 3.01
0 96.86 -5.33 2.61
0 96.88 -5.46 1.92
0 96.98 -3.63 2.42
0 96.66 -0.87 1.73
0.13 96.11 2.7 2.33
0 96.88 -0.36 3.19
0 96.64 -0.14 3.58
0 96.69 -2.1 3.66
0 97.07 -0.77 3.1
0 96.77 0.99 2.79
0 96.24 2.63 2.6
0 95.46 7.57 1.98
0.02 96.1 3.98 3.72
0 97.32 -0.77 3.74
0 97.04 -3.29 4.06
0 96.81 -2.25 2.66
0 96.26 3.43 2.68
0 95.83 6.09 4.01
0 96.28 3.17 2.87
0 96.4 1.54 2.39
1.03 97.03 -1.59 3.43
0 97.16 -1.51 2.59
0 96.87 -0.79 2.13
0 97 -0.8 3.68
0 103.27 0.65 2.18
0 103.22 1.83 2.22
0 103.04 3.97 2.34
0 103.33 3.6 1.85
0 102.98 7.7 2.38
0 102.69 8.81 1.87
0 102.23 11.23 3.16
0 103.48 4.04 4
0 103.47 3.73 2.41
0 103.03 6.34 2.02
0 102.95 8.29 1.48
0 96.72 10.21 2.57
0.07 96.04 10.88 4.53
1.08 96.28 9.07 3.69
0 96.34 8.69 3.41
0 96.06 10.76 3.61
3.73 96.78 6.75 2.93
0 96.5 9.8 2.73
0 95.86 15.37 3.08
0 95.92 14.66 1.73
0.08 95.19 16.4 2.68
0 95.98 12.01 4.25
0 95.87 12.47 3.67
3.58 95.71 9.92 5.46
0.75 96.37 7.85 4.84
0 96.32 10.42 2.23
0 95.68 14.67 3.37
60.07 96.4 8.61 2.43
3.86 96.29 7.7 2.03
12.08 96.04 6.61 2.5
2.91 95.63 7.44 3.39
0.25 95.22 9.46 1.88
12.42 95.19 9.72 2.19
1.31 95.88 8.67 2.84
0 95.44 10.41 1.83
53.04 94.85 9.09 1.49
11.67 94.76 9.98 2.23
1.56 95.63 14.52 3.31
0.21 95.87 13.28 3.35
0 96.22 13.66 2.51
2.28 95.85 13.23 2.54
157.29 95.1 10.23 2.8
0.13 95.05 11.7 2.74
0.02 95.55 14.26 2.34
2.55 95.68 14.98 3.29
30.04 95.34 16.73 2.34
0 95.6 18.75 1.84
0.14 95.28 17.8 3.58
0.62 95.22 14.37 5.2
0 95.39 16.53 5.32
0 95.52 17.5 3.5
0 96.04 14.95 3.26
0 96.06 15.48 1.88
0.01 95 17.89 2.53
29.11 94.75 18.3 3.27
14.13 95.86 15.07 2.75
1.06 96 13.44 2.91
0.45 95.92 13.82 3.53
0 95.74 18.93 3.01
0 95.86 20.06 2.65
0 96 21.91 2.99
3.69 95.98 21.12 3.54
11.05 95.93 19.33 4.16
0.05 95.71 20.68 2.81
0.43 95.57 23.94 4.49
8.85 95.59 23.01 2.47
30.96 95.14 20.22 2.83
10.13 95.05 18 2.4
0.05 95.54 20.15 2.27
5.54 95.3 20.94 4
8.09 95.32 20.22 2.96
0.3 95.6 20.7 1.8
1.07 95.48 23.5 2.02
43.04 94.88 24.53 2.84
16.94 94.57 22.26 2.22
32.69 94.81 21.53 1.92
0 95.21 23.43 2.3
58.16 95.17 21.07 1.9
207.89 95.34 16.81 1.84
8.66 95.5 19.93 1.98
18.58 95.57 21.79 1.59
57.87 95.39 20.68 1.92
78.12 95.37 18.73 1.96
86.11 95.58 17.6 1.56
1.35 95.69 20.6 1.42
0 95.64 22.7 1.4
0 95.51 24.75 2.07
0.04 95.23 26.21 2.47
0 95.14 26.99 2.57
7.54 94.89 23.19 2.19
95.24 95.08 17.73 2.43
1.47 95.78 20.55 2.28
0 96.15 21.44 1.66
9.4 95.51 22.01 2.77
17.66 94.87 22.33 2.04
5.26 95.12 24.62 2.35
0.05 95.3 24.17 2.75
23.57 95.2 23.29 2.33
31.76 95.23 22.77 1.62
0.24 95.08 24.06 1.95
0 95.18 24.77 2.11
0 95.34 25.86 1.9
36.66 94.92 22.62 1.91
0.79 94.59 25.5 2.67
129.14 94.67 19.41 1.63
21.15 94.75 20.02 2.29
4.47 95.4 22.18 1.66
10.17 95.6 23.87 2.06
8.41 95.67 24.44 2.14
14.58 95.68 23.91 2.14
1.21 95.46 24.26 1.44
69.5 95.55 22.81 1.82
14.35 95.54 23.38 1.41
37.46 95.42 23.06 1.53
19.41 95.47 22.15 1.53
36.28 95.5 22.94 1.25
200.45 95.34 21.54 1.33
89.81 95.31 21.6 1.28
115 95.27 22.19 1.72
51.37 95.22 23.56 1.81
0.6 95.27 25.23 1.46
30.45 95.28 25.65 1.92
497.62 95.07 22.66 2.25
111.26 94.99 23.5 1.98
15.9 95.24 23.38 1.89
1.2 95.41 25.28 1.56
40.48 95.59 23.16 1.36
167.79 95.24 21.34 1.5
0.02 95.3 23.88 1.58
0.44 95.44 25.1 1.71
1.23 95.81 23.75 1.6
0.07 95.45 23.93 2.02
0 95.38 24.26 1.83
0.03 95.59 24.42 1.6
8.24 95.6 23.35 1.29
13.76 95.61 23.96 1.38
25.87 95.17 24.11 1.5
14.19 95.3 25.68 1.61
0 95.72 25.43 1.14
0 95.57 25.89 1.35
0 95.31 25.78 1.67
11.15 95.05 25.56 1.75
56.4 95.36 22.87 1.8
339.96 95.44 19.49 1.54
29.61 95.45 22.2 1.4
27.6 95.64 21.66 1.16
0.22 95.9 22.28 1.33
0.22 96.07 22.43 1.32
0 96.05 23.73 1.33
0.98 95.92 24.05 1.63
46.04 96.13 21.64 1.58
0 96.15 21.19 1.19
24.46 96.13 20.76 1.48
6 96.35 20.96 1.38
0.47 96.45 21.55 1.24
24.71 96.26 19.73 1.37
13.94 95.9 21.33 1.16
1.47 95.81 22.75 1.38
0 95.74 23.64 1.36
43.7 95.48 23.21 2.35
1.79 96 19.99 1.68
0 95.81 20.36 1.32
3.86 96.31 19.34 1.67
0.33 96.25 19.5 1.19
0 96.3 18.88 1.21
0 95.89 19.74 1.26
18.42 95.49 19.5 2.37
4.59 96.15 14.81 1.89
0.19 96.72 14.58 1.73
5.04 97.01 14.01 1.63
22.07 96.49 16.98 1.75
0.3 96.22 17.69 1.94
0.09 95.82 20.09 2.69
9.64 95.83 18.32 1.78
7.76 96.02 16.22 1.54
46.01 96.37 14.11 2.23
0 96.78 11.08 2.35
0 97.23 10.78 1.81
0 97.06 11.21 1.3
0 96.71 12.37 1.47
0 96.3 13.62 1.49
0 96.38 14.7 1.84
0 96.32 15.16 1.66
0 96.06 17.69 2.3
0.1 96.33 18.66 1.83
0.13 96.52 18.99 2.32
0.03 96.36 17.92 1.98
4.13 96.15 16.53 1.9
0.22 96.56 11.38 2.79
0 97.12 7.97 2.3
0 97.16 8.5 2.5
0 97.63 8.77 2.53
0 97.29 9.86 1.39
0 96.61 11.78 2.05
0 96 13.61 2.74
0 96.6 10.91 1.93
0 96.61 10.87 1.3
0 96.4 14.29 2.13
0.11 96.72 14.77 2.14
0 97.28 10.38 1.28
0 97.01 12.17 1.43
0 96.42 14.44 1.21
58.74 95.89 11.35 1.46
6.94 95.77 10.45 1.59
1.35 95.4 10.09 2.23
0.83 95.9 10.36 3.44
0 96.94 6.22 2.08
0 97.01 8.98 1.43
0 96.82 11.13 1.93
0.01 96.66 14.4 2.63
0 96.57 13.83 1.76
0.27 96.42 12.16 1.24
22.49 96.95 6.24 3.24
0.01 97.33 3.61 2.94
0 97.39 4.7 1.59
0 96.95 6.4 1.36
0.79 96.8 8.22 2.22
0 97.07 7 1.34
0 96.73 7.41 1.42
0 96.56 9.47 2.48
0 96.77 11.09 3.29
3.64 96.92 12.6 2.37
0.31 97.51 7.1 1.54
0.86 97.23 8.27 1.28
2.13 96.93 10.84 2.21
0.37 97.59 4.82 2.97
0.05 97.48 3.4 1.55
0 97.42 3.98 1.6
0 97.37 4.06 1.47
0 97.19 2.73 1.14
0 96.57 2.94 1.23
0 95.99 4.65 1.83
0 96.23 6.67 2.57
0.04 97.04 0.18 2.38
0 97.17 -2.85 1.52
0 97.24 -2.15 1.3
0 97.39 1.61 1.89
68.68 96.8 1.72 0.97
9.09 96.5 0.56 2.67
1.5 96.77 -3.64 3.08
0 97.3 -5.28 1.85
0 97.29 -3.38 1.52
15.41 96.82 -4.03 2.24
0.18 97.49 -6.89 2.8
0 97.23 -7.52 0.99
0.08 97.24 -5.7 1.41
0.32 96.52 0.65 1.53
0 96.62 -0.79 1.11
0 97.39 -1.87 2.21
0 97.98 -6.44 1.7
0 98.27 -6.94 1.93
0.09 97.56 -7.05 0.95
0.03 96.81 -5.07 0.98
0 97.02 -5.6 1.36
0 97.37 -7.12 0.97
1.58 97.63 -7.39 0.82
1.67 97.54 -4.16 0.94
1.18 97.8 -5.79 2.37
0.03 98.15 -10.6 3.64
0 97.79 -10.55 2.5
0.01 96.95 -6.66 3.28
0 96.95 -3.02 2.05
0 97.44 -5.9 1.39
0.01 96.77 -3.23 2.46
0 97.44 -7.6 3.87
0 97.68 -11.49 2.98
0 97.82 -11.58 2.9
0 97.54 -10.09 1.86
0 97.6 -9.83 1.67
0 97.5 -10.25 1.03
0 97.16 -9.5 1.56
0 97.1 -8.63 3.19
0 97.4 -10.53 2.02
0 96.88 -8.65 2.26
0 97.07 -11.53 1.51
0 97.58 -11.65 1.4
0 97.86 -10.73 1.39
0 97.35 -7.67 1.44
0 97.69 -9.45 1.69
0 98.08 -13.63 1.18
0.15 97.54 -12.28 1.09
0.01 97.28 -9.72 1.51
0.21 97.68 -10.47 1.65
0.72 97.13 -11 2.08
0.16 97.26 -11.66 3.23
0 97.51 -11.37 2.01
0 97.28 -10.66 1.54
0 98.11 -13.1 1.35
0.19 98.03 -13.97 1
0 97.57 -11.34 1.12
0 97.55 -12.64 1.09
0.1 97.57 -11.72 2.62
0 97.75 -11.87 2.31
0 96.81 -6.83 2.23
0 97.05 -8.44 1.66
0 96.97 -8.55 1.55
0 96.73 -9.69 0.98
0.06 96.51 -7.86 1.1
0.12 96.73 -9.8 1.05
0 96.91 -9.85 1.11
0 97.33 -10.17 1.05
0.01 97.98 -12.19 3.13
0 97.9 -16.16 2.82
0 97.59 -16.7 2.12
0 97.07 -15.97 1.87
0 96.9 -14.97 2.37
0 96.51 -13.21 2.33
0 96.58 -12.17 1.58
0 97.12 -12.85 1.53
0 97.37 -13.65 1.33
0 97.75 -14.31 1.43
0.08 97.4 -15.86 1.32
0.54 96.86 -14.44 3.14
0 97.69 -16.05 3.55
0 97.71 -14.86 2.5
0 96.7 -11.99 2.31
0 96.8 -9.53 1.95
0.26 96.23 -5.6 2.11
0.03 96.78 -10.77 4.39
0 97.08 -14.39 3.89
0 96.66 -11.47 3.65
0 96.82 -9.28 2.58
0 97.17 -9.88 2.25
0 97.18 -9.74 1.73
0 96.97 -8.12 2.12
0.04 96.6 -3.47 1.8
0.12 97.13 -6.87 2.74
0 97.12 -9.37 2.41
0.04 97.19 -10.03 2.7
0 97.33 -11.49 3.91
0 97.25 -9.3 2.66
0 96.64 -5.84 2.29
0 96.7 -6.57 1.77
0 96.52 -7.79 1.31
13.27 96.06 -6.02 2.09
0 97.05 -6.46 2.17
2.82 96.87 -5.9 1.83
0.03 97.37 -7.37 2.95
0 97.32 -7.49 1.9
0 96.81 -5.26 1.9
0 96.44 -1.13 2.51
0 96.53 0.73 1.96
5.29 97.06 -2.71 1.62
0.55 97.29 -5.67 2.01
0.28 97.3 -5.13 1.51
0.07 96.66 -1.09 1.66
35.96 95.89 -1.91 1.17
30.89 95.92 -2.9 2.15
0.04 96.59 -3.51 2.71
0 97.35 -6.64 2.96
0 97.1 -7.13 1.76
0.25 96.91 -6.25 3.95
0 97.43 -6.45 3.2
0 97.1 -4.73 1.76
0 96.41 -0.54 2.53
0 96.99 0.17 1.84
0 96.67 2.64 2.75
6.42 95.71 5.52 3.57
5.04 96.27 -1.19 3.23
12.16 97.19 -6.25 2.51
0 96.94 -1.67 1.89
0 96.89 0.52 1.77
0 96.27 5.01 3.02
0 96.8 3.37 1.6
7.12 95.91 1.97 3.53
0 96.31 1.14 5
0 96.8 1.44 2.99
0 96.48 5.01 1.97
0 96.64 9.08 2.66
0 96.91 9.58 2.74
0.3 95.85 11.34 5.79
0.59 96.5 2.98 4.17
0.38 96.49 0.92 3.97
0 96.52 0.93 1.9
6.4 96.34 2.47 2.35
0 96 5.03 3.36
0 95.76 5.76 4.07
0 96.07 5.04 3.9
0.08 96.47 4.32 2.35
0 96.02 9.6 3.21
0 96.06 11.95 3.59
0 96.02 13.23 3.12
12.13 95.68 14.64 4.45
7.83 96.06 8.85 3.68
0 95.48 12.94 2.66
0 95.38 14.35 2.77
0 95.35 16.26 2.98
1.2 95.9 11.28 3.19
0 96.33 9.88 2.33
0 95.43 16.03 3.63
0 95.46 18.04 3.75
1.86 95.92 14.07 3.54
70.11 96.39 12.86 2.86
2.87 95.79 12.16 1.99
0.38 95.09 14.12 1.8
0.34 95.12 17.19 3.06
148.6 95.49 13.18 2.16
107.01 95.44 10.38 4.05
0 94.95 11.8 2.88
0.1 94.6 13.27 5.56
0 95.87 10.84 2.67
0 95.88 13.11 2.19
0.33 95.56 17.99 3.28
0.48 96.09 17.68 2.22
9.73 95.6 18.54 2.13
0 95.65 21.22 1.81
1.59 95.75 21.07 2.13
0 95.84 18.86 3.13
0 95.48 18.39 1.99
0.96 95.49 17.02 1.43
0 95.7 18.36 1.75
0.06 96.01 20.01 2.14
2.62 96.12 21.3 2.22
49.41 96.2 16.24 1.62
28.5 95.79 13.57 2.2
15.78 95.55 12.55 2.74
7.06 95.49 13.78 3.41
0.01 95.21 13.49 2.53
11.97 94.94 13.37 3.99
0.06 95.42 16.44 1.73
0 95.37 21.87 3.36
34.62 95.85 20.65 2.79
8.01 96.24 19.12 1.79
0.12 96.14 20.55 2.89
1.95 95.83 20.09 3.44
9.03 95.92 18.04 2.48
0 95.88 18.01 2.45
0 95.72 18.8 2.44
0 95.32 21.17 2.24
0 95.8 21.13 2.21
0 95.96 23.12 2.13
11.47 95.93 21.99 2.59
66.96 96.34 15.94 2.4
0.2 96.46 17.78 1.67
11.69 96.09 17.04 2.52
15.78 95.78 18.05 2.53
163.01 95.57 15.77 1.89
14.41 95.24 19.41 2.86
1.72 95.4 21.15 1.8
8.27 95.03 20.33 1.98
15.51 94.86 22.41 2.03
33 94.88 22.53 2.41
128.51 94.73 21.56 3
18.05 94.86 18.01 2.27
1.69 94.58 18.17 2.75
9.53 94.64 18.08 2.02
104.13 95.24 15.51 1.89
329.32 95.46 15.42 1.85
105.93 95.48 16.31 2.27
3.58 95.37 19.88 1.45
5.41 95.24 23.17 1.57
13.04 95.42 21.81 1.79
113.51 95.19 21.71 1.4
15.31 95.23 22.31 1.51
3.76 95.4 22.17 1.42
36.45 95.38 21.27 1.56
1.08 95.17 22.41 2.17
40.44 95.18 22.71 2.3
33.83 95.54 21.45 1.69
9.28 95.92 22.94 2.04
1.49 96.06 23.16 1.63
2.92 95.83 20.96 1.98
102.5 95.38 20.63 1.74
0 95.18 23.97 1.81
3.41 94.83 25.1 3.07
5.97 94.81 23.69 2.62
0.54 94.76 23.77 2.47
0.06 95.14 24.17 1.63
1.6 95.31 23.73 1.54
0.85 95.18 24.29 1.44
21.35 95.18 24.81 1.8
25.44 95.19 25.6 1.96
46.85 95.25 24.22 1.8
188.53 94.82 21.13 1.71
34.26 94.52 20.73 2.26
48.15 94.92 20.55 2.48
6.22 95.42 22.27 2.52
0 95.46 22.06 1.57
0 95.5 23.28 1.63
0 95.77 24.95 1.44
0 95.9 24.66 1.93
0.17 95.72 24.68 2.09
2.37 95.53 25.42 1.4
5.16 95.46 26.08 1.56
57.52 95.43 24.7 1.71
601.68 94.95 22.93 3.25
0 95.5 24.25 1.32
0 95.73 24.44 1.5
10.48 95.67 24.51 1.88
106.47 95.29 25.17 2.72
3.47 95.61 24.79 1.54
167.53 95.22 23.52 1.94
38.69 94.84 24.69 2.83
0.43 95.48 22.83 1.55
129.34 95.78 20.04 1.3
213.4 95.91 19.2 1.59
271.73 95.85 20.53 1.27
31.7 95.92 22.08 1.5
233.13 95.91 21.94 1.61
0 96.11 23.46 1.08
0 95.94 24.56 1.05
0 95.61 25.67 1.74
12.75 95.47 25.31 1.7
24.02 95.73 24.11 1.17
0 95.63 24.68 1.41
12.1 95.69 21.63 1.95
25.59 95.68 19.39 2.01
1.43 95.84 20.79 1.56
3.48 95.57 19.39 1.61
3.6 95.58 21.47 1.37
0 95.97 22.62 1.62
0.04 95.6 23.4 2.61
142.76 95.53 23.65 1.91
4.18 95.63 22.43 1.43
25.83 95.58 21.45 1.99
9.23 96.24 17.67 1.76
0.03 96.4 17.32 1.64
0 96.2 20.04 2.08
0 96.13 21.79 1.91
0.19 95.97 21.99 2.28
1.89 95.98 21.68 1.44
21.18 95.89 21.5 1.29
0.59 95.34 22.95 1.78
1.89 95.5 24.48 1.94
0 95.8 24.64 1.6
0 95.93 25.33 1.9
0.81 95.95 25.15 1.97
213.21 95.83 19 2.58
52.68 96.23 14.27 2.39
0.36 96.3 14.4 1.62
0.88 96.45 16.61 1.65
0 96.38 19.59 1.96
46.07 96.49 17.74 1.36
2.37 96.37 17.44 1
0 96.29 18.97 1.12
0 96.24 20.93 1.33
51.51 95.93 19.62 1.82
83.72 95.88 14.81 2.85
0.49 96.05 13.15 2.16
0 96.44 14.29 1.4
0.16 96.88 14.74 1.01
0 96.97 14.7 1.21
0 96.28 15.66 1.97
0 95.82 16.43 2.12
0.43 95.84 16.62 1.45
0 96.09 18.14 1.55
2.65 96.02 18.49 1.82
0.77 96 17.83 1.39
7.83 96.29 16.73 1.25
0.49 96.65 16.46 1.28
16.44 96.55 15.88 1.56
4.95 96.75 16.17 1.23
66.53 96.39 12.19 1.62
40.88 96.31 10.36 5.15
0.96 96.5 12.35 2.98
0 96.55 11.8 1.42
0 96.42 13.06 1.33
0.33 96.22 14.85 1.77
1.1 96.02 14.47 2.12
0 96.17 13.61 1.7
0 96.68 12.31 1.34
0 97.14 12.72 1.05
0 97 13.94 1.33
0 96.54 15.33 1.91
50.65 96.06 13.79 2.46
0 96.6 9.47 1.79
0.04 96.25 11.06 2.25
0 96.02 13.4 1.72
0.06 96.39 10.32 2.9
0 96.83 7.66 1.68
0.01 96.99 8.39 1.69
59.85 96.33 9.67 2.78
0 96.4 5.3 2.75
0 96.44 6.38 1.98
0 96.34 8.14 1.79
0 96.65 7.66 1.49
68.62 96.97 3.58 1.15
70.61 96.39 3.13 1.98
0 96.11 6.76 1.61
0 95.82 9.67 2.25
0 96.47 9.38 1.46
0 96.54 10.96 1.78
10.43 96.33 11.56 2.26
0 97.3 4.88 1.7
1.52 97.18 1.56 1.94
0.06 96.83 1.24 2.42
0.03 96.64 0.95 1.91
0 96.63 2.57 1.41
0 96.84 2.36 1.73
24.77 96.78 3.6 1.42
177.62 96.26 2.52 160.37
56.42 96.61 0.12 2.7
0 96.74 -1.06 1.18
0 96.42 0.52 1.35
0 96.64 1.22 1.27
0 97.1 -0.08 1.13
44.48 96.78 -0.32 0.79
158.7 95.39 -1.42 4.06
0.32 95.96 -3.06 2.68
0 96.02 -4.75 3.45
0 96.85 -3.98 2.26
0 97.17 -4.99 1.21
19.71 96.59 -1.81 1.34
0 96.51 -4.18 158.34
0.02 96.27 -3.3 2.41
0.01 96.79 -2.07 2.39
0 96.85 -3.68 1.19
0 96.48 -1.13 1.66
5.31 96.95 -4.09 2
0 96.95 -6.01 1.79
0 96.42 -4.32 1.88
0 96.31 -1.76 2.78
0 96.42 -5.99 2.27
0 95.55 -2.79 2.89
0.03 96.22 -4.54 3.41
0.02 96.8 -7.62 1.77
0 97.51 -11.15 2.28
0.14 97.26 -12.01 1.86
0.41 96.13 -4.27 2.56
2.97 96.22 -6.26 3.55
0 96.53 -9.21 1.56
0 96.56 -11.39 2.59
0 96.54 -13.1 2
0 96.68 -14.32 1.93
0.01 96.7 -15.45 3.38
0 96.79 -10.76 3.09
0.06 97.41 -11.45 1.27
0.04 97.59 -11.86 1.01
0.12 97.09 -10.34 1.6
0.03 97.03 -7.45 1.11
17.93 97.06 -7.98 1.4
0.62 96.87 -7.05 1.35
0.52 97.26 -9.97 1.18
0 97.6 -11.22 3.18
0 97.73 -13.59 2.02
0.01 97.2 -13.8 0.88
0.2 97.32 -11.04 165.01
4.29 97.23 -8.49 2.68
0.01 97.74 -14.26 2.63
0 97.6 -18.26 2.26
0 96.78 -17.3 3.55
0 97.9 -17.43 2.13
0 97.66 -17.19 1.2
0 97.01 -12.82 1.1
3.29 96.97 -12.45 1
20.46 97.03 -11.5 3.05
0 96.67 -14.66 2.72
0.03 96.15 -14.68 1.59
0 96.54 -15.96 2.95
0 97.7 -17.63 3.1
0 98.28 -15.66 1.91
0 97.33 -15.86 1.43
0 97.12 -14.02 1.47
0 97.05 -14.54 1.16
0 96.92 -13.77 1.43
0.03 97.36 -15.67 1.66
0 97.19 -15.11 1.62
0 97.05 -14.09 1.24
0.35 96.66 -11.59 0.9
0 96.74 -10.85 1.53
0 96.78 -12.26 0.9
0 97.18 -9.94 1.8
1.34 96.93 -11.67 1.69
0 97.63 -13.2 2.28
0 97.92 -11.52 1.47
0 96.92 -8.07 1.82
0 97.41 -8.67 1.34
8.51 97.44 -8.25 0.94
0.38 97.42 -7.99 1.64
0 97.25 -11.65 1.21
0.02 96.1 -7.57 2.16
0.03 96.67 -12.01 3.47
0 96.76 -13.81 1.4
0.34 97.09 -13.28 1.13
0.08 97.04 -10.99 1.53
0 96.54 -6.01 1.13
0 96.84 -6.82 1.16
0.07 96.81 -5.23 1.44
1.73 96.72 -4.6 1.39
1.23 97.2 -6.33 3.48
0 97.42 -9.39 2.03
2.97 96.43 -7.51 2.2
0 97.13 -8.33 2.64
0.02 96.69 -7.34 1.52
0.83 96.96 -13.24 3.5
0 97.85 -16.65 4.02
0 97.76 -15.15 1.42
0.24 96.84 -10.58 1.95
0 97.44 -11.73 2.16
0.14 97.51 -11.17 1.71
0 96.78 -6.29 70.77
0 96.53 -3.66 2.59
0 97.15 -7.46 2.06
0 97.14 -9.34 1.46
0 96.49 -6.2 2.11
0.04 96.36 -3.79 3.58
0 97.1 -9.19 2.86
0 97.28 -11.07 1.98
0.02 97.19 -10.57 1.62
0 97.08 -7.38 2.61
0 97.28 -6.05 2.37
0 97.21 -4.15 1.54
0 97.32 -5.16 1.59
5.19 97.21 -5.89 1.62
0.31 96.31 0.35 2.42
0 96.22 1.3 2.19
0.3 95.69 -0.93 4.66
0 97.44 -6.6 5.05
0 97.56 -5.14 1.55
0 96.43 -0.17 2.4
0 96.74 1.99 2.11
0 96.15 5.61 2.75
0 96.05 3.63 1.42
0 95.49 4.73 1.81
0 95.35 1.93 2.31
0 95.42 -1.05 4.9
0 97 -1.05 1.91
0 96.29 4.03 3.27
35.01 96.09 0.95 3.04
0 97.33 -4.82 3.88
0 96.94 0.03 2.75
0 96.38 5.53 2.47
0 96.81 5.54 2.38
0 95.33 8.17 2.9
0.54 95.41 -0.83 3.55
15.51 96.18 -5.3 2.83
0.42 96.68 -5.61 2.56
0 95.43 1.69 4.82
0 96.37 -1.75 2.55
22.45 96.03 -3.75 2.93
0 96.74 -3.92 2.94
0 96.62 -1.11 1.56
0 95.69 4.71 3.59
1.2 95.77 3.26 3.04
0 96.66 0.18 2.97
0 96.87 -0.71 2.1
0.61 96.79 0.58 1.74
6.39 96.49 2.32 2.15
86.83 96.53 1.05 2.39
0 96.14 4.83 2.52
0 96.08 7.08 2.5
16 96.28 1.53 2.06
53.27 96.53 0.23 2.93
0 96.32 0.8 2.67
0.28 95.53 2.33 2.25
13.49 95.48 2.02 3.07
6.38 96.4 1.22 3.21
0.53 96.29 2.19 2.83
0 96.32 3.32 3.2
0 95.88 8.28 2.36
0.23 95.31 8.55 3.78
0 95.65 4.33 4.01
0 95.34 5.9 2.35
3.77 95.59 5.45 3.05
29.71 95.96 2.65 523.86
4.06 96.92 2.29 4.2
0 96.95 3.7 1.84
0 96.62 6.3 2.26
0 96.31 9.56 2.05
0.28 95.82 12.48 4.25
64.44 95.78 8.09 2.31
1.32 95.7 8.31 2.53
0.03 95.77 9.68 4.15
0 95.84 11.14 1.62
0 95.84 14.1 1.99
7.42 95.66 12.57 3.02
0.25 95.76 12.92 5.33
0.43 96.22 12.26 4.85
0.75 96.3 12.7 2.02
1.33 96.17 12.65 1.81
6.32 96.38 13.63 1.72
0 96.18 17.19 2.7
0 96.31 20.9 1.72
0 96.2 22.72 1.88
0 96.27 22.05 2.44
0.13 96.06 21.8 3.6
14.76 95.69 15.17 2.13
16.65 94.8 15.83 3.5
0 94.39 18.95 3.64
0 94.96 17.6 2.22
0 95.07 19.11 2.3
0.59 95.6 18.18 3.93
0 96.52 17.56 2.46
0 96.47 18.36 2.06
0.57 95.88 18.72 2.7
0 95.32 18.91 2.92
20.65 94.65 15.98 4.23
0.01 94.68 18.26 3.85
0 94.94 19.93 2.33
0 95.87 20.43 1.9
3.69 95.71 23.52 3.22
2.26 96.19 18.69 2.11
0 95.88 21.27 2.04
3.48 95.67 20.78 3.28
2.37 95.49 19.02 3.28
0.8 95.16 19.41 2.44
0 95.44 20.48 3.62
0 95.3 24.37 2.95
0.04 94.95 25.36 4.34
0 95.55 21.05 2.19
11.4 95.39 19.32 2.84
0.05 95.49 21.1 2.77
18.84 96.16 18.5 2.08
53.27 96.04 18.35 2.28
4.51 95.86 19.17 2.61
4.48 95.66 21.82 2.64
0.89 95.51 22.59 3.23
38.07 95.82 17.78 2.34
5.8 96.05 17.63 1.65
21.72 95.78 16.06 1.85
4.86 95.58 18.03 1.88
0.02 95.66 22.43 3.07
0.14 95.66 23.95 3.47
2.53 95.52 24.48 2.56
106.2 95.43 20.2 2.3
7.45 95.13 22.07 1.62
49.91 94.83 21.22 1.79
0.2 95.18 23.94 1.83
0 95.69 24.49 2.17
0.05 95.85 24.99 1.86
1.68 95.64 23.06 1.51
5.71 95.3 22.8 1.93
36.34 95.19 21.89 2.28
63.55 94.97 21.27 2.28
104.55 94.63 21.24 1.98
67.15 94.78 22.66 2.03
67.63 95.19 21.71 1.72
232.23 95.31 22.03 2.58
20.82 95.27 23.08 2.86
94.6 94.97 22.97 2.05
225.86 94.44 23.1 2.52
0.07 94.45 25.07 2.62
3.48 94.44 25.03 2.23
1.95 94.8 25.27 1.94
1.27 95.07 25.13 2.16
7.09 94.94 25.38 3.29
67.77 95.16 24.52 1.8
118.03 95.36 22.22 1.34
2.44 95.54 22.74 1.28
0.66 95.54 23.25 1.17
12.21 95.51 23.97 1.76
24.51 95.69 23.7 1.92
0.25 95.7 24.56 1.74
209.49 95.03 22.31 1.92
168.05 94.82 23.32 2.49
0 95.45 23.87 1.97
0.26 95.36 22.77 2.07
70.92 95.19 22.44 1.85
2.92 95.41 22.85 1.73
0.32 95.44 24.34 1.5
14.36 95.33 24.26 1.72
9 94.87 24.29 1.75
0.98 94.9 25.17 2.54
0.01 95.23 25.1 1.7
0.05 95.28 25.46 1.59
37.64 95.07 23.27 1.36
13.51 94.96 25.95 1.96
0.24 94.94 25.88 1.4
1.69 94.75 26.37 1.89
7.81 94.87 26.16 2.01
26.04 95.18 25.64 2.56
0.38 95.42 25.7 2.26
1.33 95.21 26.1 2.33
17.71 94.83 26.95 2.45
36.41 94.67 25.54 1.76
8.24 94.86 26.45 2.11
25.22 95.09 26.88 1.94
13.15 94.87 27.14 1.91
12.35 95.04 25.57 1.63
1.65 95.47 26.52 1.49
6.17 95.59 27.16 2.31
55.67 95.33 24.87 2.4
4.36 95.3 26.04 2.47
17.14 95.26 27.19 2.21
3.08 95.26 27.13 1.88
214.21 94.76 25.29 1.65
0.07 109.28 26.73 2.2
0 95.73 23.38 2.18
0 96 22.82 1.63
3.88 95.99 22.12 0.95
2.47 95.61 24.37 2.25
0.27 95.72 23.7 1.71
0 95.89 23.48 1.46
0.08 95.89 23.76 1.42
16.52 95.65 22.81 1.77
28.51 95.71 20.53 1.95
4.89 95.7 19.97 1.51
285.76 95.09 18.67 1.31
16.93 95.23 16.84 2.82
0.14 95.96 16.57 2.21
21.57 96.04 17.53 1.78
1.9 96.29 16.95 1.53
10.76 96.46 17.16 1.55
0 96.53 17.06 1.28
12.01 96.42 17.48 1.31
152.65 96.39 15.04 1.29
27.92 96.46 15.55 1.33
11.4 96.51 17.02 1.26
1.94 96.47 18.43 1.27
10.37 96.02 19.13 1.76
0.31 96.06 17.82 1.45
0 96.18 18.05 2.11
1.92 95.97 20.21 2.32
53.76 95.32 20.05 2.72
0.37 95.58 20.47 2.76
0 96.23 14.86 1.57
0.98 95.93 16.79 1.51
9.3 96.43 17.36 1.33
8.1 96.91 16.71 1.02
5.11 96.02 19.67 2.48
0 96.36 18.79 1.27
0.1 96.4 19.32 1.33
3.41 96.29 18.44 2.14
69.46 96.56 13.93 2.36
0 96.85 9.65 2.18
0 96.68 11.47 1.88
0 96.39 12.45 1.76
0 95.75 17.02 2.79
0 95.78 16.59 2.43
0 96.63 14.08 1.27
0.66 96.62 14.65 1.74
181.98 96.57 11.81 1.83
0.02 96.71 11.05 2.24
0 96.58 10.18 1.52
0 95.92 16.59 2.99
0 96.84 14.73 1.26
0.01 96.91 15.15 2.02
0.03 97.08 13.55 2.18
0.33 96.66 11.74 1.45
0 95.7 15.35 2.34
9.29 95.65 14.53 3.21
0 96.15 11.65 2.59
0 96.63 12.32 1.4
54.56 96.69 10.61 1.79
5.82 97.46 5.6 3.65
0 97.58 3.51 1.23
0 97.15 6.72 1.23
0 97.21 7.64 1.39
0 97 10.59 2.16
37.38 97.11 9.7 1.28
3.34 97.12 8.14 1.74
0 97.02 6.83 0.92
22.59 96.9 6.62 1.81
69.83 96.81 3.37 1.9
0.01 97.01 4.69 2.99
0.01 97.25 6.58 2.27
0 96.83 5.47 1.22
0 96.31 7.3 1.6
8.44 96.77 6.36 1.39
1.5 97.36 4.91 1.97
0 97.31 4.11 1.25
0 97.38 5.02 0.81
0 97.17 5.38 1.13
0.31 96.63 8.2 1.65
2.43 96.88 8.1 2.64
0 97.29 6.22 1.54
0.02 96.58 6.54 2.05
0.18 96.11 7.06 3.11
0.01 96.54 4.25 2.44
0 96.63 3.82 2.07
0.19 97.06 4.3 3.12
0 97.13 -0.39 3.23
0 97.2 1.22 1.95
0 97.06 1.89 1.45
0 96.5 2.37 2.22
0 96.22 3.58 2.51
0 96.2 3.54 1.79
0.14 96.29 3.07 2.71
0.01 96.71 -1.62 3.34
0.04 96.88 -2.13 4.83
0 96.82 -2.87 3.05
0 96.88 -2.31 1.88
0 97.08 -2.4 1.11
0 96.84 0.99 1.55
0 96.5 1.66 1.37
0.03 96.15 0.29 1.79
0 96.03 -2.68 3.63
0 96.18 -5.43 2.91
0 96.48 -8.43 5.09
0 96.64 -5.32 2.87
0 96.24 0.26 2.58
0 96.83 -1.77 2.04
9450.71 96.63 -1.51 1.96
9450.71 96.36 -0.77 1.22
9450.71 96.62 1.6 1.65
9450.71 96.6 1.62 1.85
9450.71 96.87 -0.66 2.23
9450.71 96.46 -1.28 1.16
9450.71 96.56 -3.83 1.18
9450.73 96.51 -2.34 1.75
9450.72 96.71 -4.31 2.79
9450.87 96.2 -6.24 2.77
9450.99 96.26 -7.29 1.94
9450.71 96.37 -10.04 3.27
9450.71 96.72 -10.62 2.36
9450.71 97.06 -8.28 2.25
9450.71 97.66 -7.99 1.3
9450.71 97.59 -8.77 1.24
9451.08 97.86 -10.48 2.26
9450.87 97.51 -12.03 2.43
9450.92 97.37 -10.96 2.86
9450.72 97.76 -10.02 2.33
9450.71 97.83 -9.58 1.22
9450.71 97.55 -9.73 1
9450.71 97.66 -8.42 1.41
9450.71 97.66 -9.02 1.05
9450.75 97.03 -6.3 2.07
9450.81 97.5 -8.96 3.59
9450.71 97.22 -10.27 1.52
9450.71 96.75 -10.43 2.17
9450.71 96.04 -5.64 2.8
9450.71 95.82 -4.86 2.49
9450.71 95.42 -1.98 3.68
9450.71 95.72 -3.17 2.62
9450.71 96.04 -3.27 2.87
9450.71 96.58 -4.77 2.28
9451.54 96.56 -7.59 1.69
9454.49 96.78 -7.42 1.99
9450.75 96.58 -6.87 2.85
9450.71 96.97 -5.41 2.73
9450.71 97.49 -12.98 2.64
9450.71 97.14 -14.08 2.33
9450.71 97.12 -11.42 2.14
9450.71 97.18 -9.31 2.23
9450.71 97.72 -11.12 2.28
9450.71 97.44 -12.5 1.53
9450.71 97.47 -11.15 1.77
9450.71 97.24 -7.81 1.7
9455.32 97.25 -8.9 1.56
9450.71 97.25 -10.45 1.61
9450.71 97.49 -8.09 1.98
9451.34 96.55 -6.16 3.47
9450.71 96.96 -8.96 4.59
9450.71 97.21 -9.14 2.89
9450.71 96.53 -5.65 1.92
9450.71 95.76 -1.77 3.52
9450.71 96.19 -2.45 2.54
9450.71 97.14 -7.2 3.45
9450.71 96.85 -7.84 3.66
9450.71 96.12 -2.42 4.58
9450.71 96.85 -6.8 3.36
9450.71 95.47 -0.56 5.21
9450.71 96.16 -5.43 2.85
9450.71 96.3 -5.89 1.81
0.4 95.89 -2.84 2.09
0.07 95.84 -3.46 4.51
0 96.76 -10.72 3.87
0 96.97 -11.31 2.04
0 97.11 -10.92 1.63
0 97.32 -9.07 1.79
1.47 97.04 -9.63 1.7
5.52 97.05 -11.37 3.24
0 97.69 -12.88 3.55
0 97.55 -13.15 1.48
0 96.96 -11.16 1.57
0 97.56 -10.98 1.72
0 97.59 -11.09 1.82
0.05 96.74 -4.59 2.96
0 96.74 -4.7 1.87
0.1 97.32 -5.17 1.94
0 97.87 -6.95 2.24
0.86 97.47 -8.41 1.8
0.94 97.18 -7.47 1.69
0 97.16 -6.99 1.73
0 97.07 -4.46 1.91
2.42 97.53 -5.78 1.66
0.14 97.4 -3.75 1.45
0 96.95 -1 1.55
0 96.8 1.85 2.05
0.69 96.49 4.56 4.17
3.64 97.14 -1.68 4.32
0.04 96.92 -5.41 1.59
0 96.73 -3.75 1.7
0.23 96.69 -3.81 2.08
0.38 96.67 -4.29 1.62
1.83 96.96 -3.3 2.91
0 97.05 -4.95 3.23
0 97.23 -6.24 2.51
0 97.23 -5.01 2.22
0 96.73 -3.86 1.97
0 97.02 -4.34 2.4
0 96.58 -2.06 2.4
0 96.24 2.99 3.77
0 96.91 0.03 3.88
0 96.55 -0.88 1.97
0 96.08 2.26 2.84
0 95.7 7.73 2.5
0 96.16 5.4 2.37
0 95.59 8.26 4.15
0 96.75 5.03 2.15
0.09 96.65 4.18 3.63
0 96.98 4.31 4.94
0 96.42 6.76 2.52
0 96.39 8.49 3.28
0 96.74 8.21 2.62
0 95.73 13.07 4.51
0 95.65 12.52 2.56
0.02 95.65 12.08 2.28
0 95.79 11.78 2.77
51.97 95.48 11.95 2.87
22.74 95.93 10.68 2.81
0 96.16 11.5 2.06
1.67 96.29 10.19 2.09
0 95.77 12.22 2.36
0 96.39 9.39 3.83
0 96.86 4.03 4.58
0 96.02 6.89 4.59
0 96.65 5.71 3.54
0 96.04 13.11 3.63
0 95.94 14.95 1.77
0 95.85 14.64 2.24
0 95.98 13.05 4.18
0 96.78 10.08 2.12
1.09 96.41 10.97 1.71
0.54 96.13 11.84 1.92
0 96.24 13.89 2.02
0 96.11 18.1 3.54
0 96.68 14.28 3.33
0 96.02 14.02 2.16
7.77 95.95 10.49 2.46
0.02 96.65 10 3.14
17.96 96.55 8.62 2.77
0.06 96.09 10.34 947.16
0 96.16 12.37 3.52
0 95.87 14.85 2.76
1.15 95.57 17.43 3.98
8.17 95.85 17.75 4.65
0.33 96.27 17.31 3.92
28.93 96.55 12.23 3.3
0 96.75 13.24 2.46
0 96.59 14.32 2.23
0 96.01 15.62 1.67
0 95.46 18.83 2.23
4.87 95.36 19.5 4.6
132.08 96.01 8.24 4.96
5.15 95.68 10.01 4.44
10.16 95.86 6.14 5.36
0.1 96.11 8.14 4.13
0.25 95.55 12.17 2.57
42.91 95.48 9.46 3.7
1.5 96.06 12.79 2.16
55.69 96.38 11.51 2.46
2.73 96.31 12.92 2.11
288.85 95.35 9.43 2.64
85.3 94.5 15.3 3.96
0 94.65 18.65 3.8
0.08 95.01 15.3 3.56
0 94.8 15.16 3.12
0.1 95.56 17.33 2.65
2.01 95.95 17.26 2.12
2.15 95.55 19.98 3.21
112.32 95.26 17.1 2.66
5.32 95.25 17.69 2.52
0.03 95.36 19.73 2.25
0 95.42 22.14 2.66
0.27 95.72 25.19 3.93
48.68 95.62 17.47 2.88
0.74 95.11 17.54 4.94
0 94.55 21.89 4.06
14.34 94.31 19.37 2.9
0.32 94.79 23.24 3.35
0 94.82 24.92 62.18
0.11 95.48 25.22 2.59
0 95.45 27.15 3.19
6.28 95.62 23.94 2.79
1.45 95.76 21.97 2.74
0 95.62 22.51 2.12
1.82 95.4 22.83 1.82
39.31 95.26 23.84 2.35
221.31 95.39 17.35 2.83
165.76 95.22 14.51 3.27
28.49 94.98 17.02 2.53
50.66 95.32 16.29 2.45
51.05 95.7 15.99 1.89
19.44 95.74 18.86 2.01
27.96 95.51 20.53 2.53
10.22 95.56 21.48 2.25
0.02 95.45 22.29 1.95
4.45 95.26 23.85 2.03
79.97 95.09 21.02 1.92
138.47 94.98 20.37 2.57
103.93 95.06 19.92 2.31
6.99 95.35 20.06 1.84
61.67 95.5 19.7 1.83
5.46 95.64 19.34 1.65
100.62 95.68 18.96 1.89
1.68 95.54 21.93 1.93
0.08 95.19 23.93 2.4
9.47 95.04 23.22 3.39
28.46 95.03 22.95 3.83
0.58 95.43 22.66 3.87
0.92 95.37 23.37 3.07
0 95.46 24.6 1.78
0 95.44 25.06 1.76
19.27 95.41 23.72 2.45
149.79 95.13 20.98 2.33
21.3 94.85 23.46 2.61
0.29 95.31 25.06 2.04
1.11 95.44 25.13 2.9
1.86 95.27 25.41 2.34
4.2 95.07 25.06 2.94
15.5 94.96 24.35 3.7
0 95.15 24.05 2.55
0 94.83 24.86 3.17
3.16 94.92 23.44 2.8
7.99 95.12 22.81 2.73
0.59 95.05 23.72 2.48
2.24 95.15 24.46 2.01
26.68 95.15 24.14 2.59
171.45 95.21 22.5 62.23
15.78 95.43 22.97 61.48
0.56 95.51 26.18 1.83
0.67 95.61 28.47 2.34
2.88 95.26 29.27 4.45
112.38 95.07 24.77 2.4
0.3 95.38 22.6 1.56
0 95.1 24.87 2.33
0.13 95.46 23.24 1.62
0 95.51 22.9 1.84
0.01 95.7 23.51 1.89
5.01 95.61 25.45 2.26
3.56 95.15 27.2 3.2
7.68 95.17 25.92 3.76
17.31 95.33 24.02 2.22
0 95.41 25.71 2.56
0 95.37 27.2 2.84
2.34 95.19 27.4 2.59
14.39 95.12 26.39 1.96
99.81 95.39 20.86 2.56
1.1 95.39 22.61 2.09
0 95.63 23.34 2.6
0 95.77 22.48 1.7
0.01 95.67 23.12 1.98
27.06 95.41 22.6 1.97
36.37 95.13 22.04 2.15
7.13 95.27 23.08 3.29
0.33 95.49 22.18 2.03
32.89 95.58 19.19 1.8
28.87 95.49 19.31 1.63
16.55 95.49 20.54 2.18
13.54 95.63 21.07 1.77
3.63 95.76 21.38 1.83
7.31 95.95 21.42 1.58
0.32 95.88 22.94 1.58
0.74 95.58 24.72 2.23
8.89 95.53 24.68 2.16
26.01 95.5 23.92 2.02
34.86 95.34 23.48 2.28
220.63 95.57 19.82 2.15
2.31 95.87 20.13 2.22
0 96.01 21.11 1.7
0 96.09 22.87 2
7.97 96.23 21.26 1.73
4.53 96.27 21.08 1.45
1.07 96.24 21.4 2.14
12.18 96.07 20.28 1.54
12.56 96.04 20.45 1.91
287.06 95.94 16.73 2.16
1.55 95.61 17.97 2.02
0 95.26 20.79 2.55
0 95.82 19.28 1.57
0 95.85 20.49 1.56
3.05 95.45 20.92 2.72
0.03 95.69 19.35 2.88
0 95.87 16.65 1.45
0.01 96.15 17.87 1.7
0.12 96.16 19.04 1.98
18.72 96.21 17.74 1.32
0.36 96.06 19.18 2.41
0.19 96.32 16.66 2.93
0 96.42 14.65 2.46
0 96.49 14.01 1.62
0 96.56 16.39 1.33
0 96.53 17.33 1.99
8.06 95.88 17.14 2.27
46.33 95.8 15.33 2.64
0.05 96.41 14.75 1.68
0.53 96.47 16.7 2.08
90.62 96.59 13.42 1.89
28.86 96.37 13.55 1.78
0 96.32 13.94 1.56
59.81 95.72 14.81 2.45
0.12 96.23 13.73 2.12
0.7 96.18 14.25 2.62
17.17 96.87 7.82 3.86
0.08 97.04 6.36 1.72
69.13 96.17 7.33 1.55
51.39 96.01 7.78 2.44
0 96.36 8.88 1.52
74.85 96.59 8.29 1.39
9.33 97.01 8.99 2.35
0 96.88 9.49 2
0 96.46 12.52 1.84
0 96.37 13.92 2.41
0 96.5 16.62 2.48
0 96.8 14.13 1.58
0.58 96.68 14.74 2.76
0.47 97.6 9.86 3.98
0 97.19 5.54 2.05
0 96.31 8.26 2.21
0 95.81 10.79 4.76
0 96.4 10.09 3.35
0 96.08 13.07 2.34
0 96.21 13.7 2.3
0 95.94 16.35 3.73
0 96.66 9.1 3.24
0 97.1 4.54 2.18
0 96.61 5.85 1.79
0 95.83 11.26 3.4
0 95.53 13.84 3.33
0 95.69 12.54 2.16
0 97.13 5.96 5.05
0 97.62 2.7 1.65
0 97.06 3.9 1.61
0.05 96.77 8.05 1.77
4.08 96.87 9.53 25.01
1.84 96.64 7.12 1.72
10046.79 96.28 7.71 2.96
10046.84 96.45 4.89 4.1
10046.78 96.27 6.77 2.52
10046.78 95.91 8.13 3.61
10046.79 96.2 7.56 3.24
10046.78 97.48 0.66 3.46
10046.78 97.5 -1.13 1.71
10046.78 97.08 0.81 1.76
10046.78 96.85 3.73 1.63
10046.78 96.53 4.31 1.75
10046.79 96.16 2.82 2.93
10046.82 96.63 -3.04 5.49
10046.78 96.68 -1.94 2.82
10046.78 97.01 -2.06 1.64
10046.78 97.13 -0.94 1.57
10046.98 96.94 1.53 2.01
10046.78 97.3 -1.26 1.87
10046.78 97.24 -0.51 1.36
10046.78 96.58 1.5 2.55
10046.78 96 3.59 3.43
10046.78 96.46 1.16 2.63
10046.78 97.03 -1.3 2.05
10046.88 96.79 1.1 2.54
10046.78 97.14 -1.89 1.88
10046.78 96.32 -2.52 1.83
10046.78 95.83 946.89 4.4
10046.78 96.88 -1.41 2.1
10046.78 96.44 -1.4 1.49
10046.81 96.27 -0.46 2
10047.5 96.33 -0.51 4.73
0 96.93 -10.2 6.04
0 96.74 -10.3 3.46
0 96.47 -10.26 4.76
0 96.62 -10.3 3.74
0 96.72 -10.43 3.35
0 96.92 -8.99 2.35
3.69 96.96 -8.64 1.76
0 97.5 -10.16 1.5
0.04 97.41 -7.43 2.69
3.03 96.69 -3.83 4.58
0.07 97.14 -8.48 2.9
0.02 96.73 -9.28 3.74
0 96.91 -10.31 2.62
0 96.94 -8.43 1.82
0.26 96.84 -8.02 3.81
0 96.95 -11.56 3.67
0.01 97.02 -10.61 2.19
0 97.01 -8.3 2.3
0.14 96.6 -5.49 3.92
0 96.95 -9.26 3.57
0 96.63 -9.52 3.55
0 96.4 -3.93 2.67
0 96.39 -2.58 3.2
0 97.25 -4.88 3.59
0 97.5 -5.38 2.29
0 97.29 -7.3 1.59
0 96.86 -4.53 2.15
0 96.25 -5.05 1.85
0 95.58 -3.29 3.1
0.1 96.29 -5.79 71.12
0.03 97.03 -9.39 5.05
0.11 97.07 -10.52 2.8
0 97 -6.8 3.02
0 95.76 -2.61 3.66
0 95.98 -3.02 1.81
0.86 96.27 -2.1 4.28
0 96.87 -7.23 3.06
0 97.23 -8.91 1.67
0 97.14 -8.98 1.6
0 96.99 -5.95 2.28
0.06 96.52 -3.51 3.49
0 97.57 -6.79 2.41
0 97.78 -8.6 1.63
0 97.29 -5.41 1.82
0 97.4 -7.63 1.94
0.32 97.06 -8.06 1.89
2.27 97.03 -9.06 3.26
0 97.2 -8.81 1.81
2.92 96.05 -4.52 3.25
0.02 96.75 -7.89 2.14
0.04 96.63 -7.07 1.83
1.52 97.14 -6.77 2.75
0 96.66 -8.09 1.71
0 96.08 -3.4 2.93
0 96.98 -5.55 1.97
2.61 96.63 -4.83 1.59
2.44 97.15 -7.69 3.66
0 97.73 -11.24 2.8
0 97.6 -11.33 1.83
0.08 96.97 -7.41 3.25
0 97.59 -9.47 3.47
0 97.88 -9.16 1.91
0 97.67 -7.68 1.57
0 97.51 -7.28 1.43
0.09 97.35 -4.47 2.31
0.06 97.26 -5.35 3.37
0 97.18 -3.79 2.67
0 96.51 -1.32 3.05
0.03 97.35 -9.1 5.43
0 97.53 -11.56 3.28
0 96.79 -5.97 2.72
0 96.07 -3.18 1.98
0.01 96.1 -5 3.03
0 96.33 -5.78 2.59
0 95.98 -4.86 1.87
0 95.73 0.45 2.24
0.02 96.41 -2.13 1.77
14.87 96.16 -0.65 2.9
0.01 96.75 -1.06 4.18
0 97.43 -2.89 2.76
0 97.01 -3.71 2.97
19.35 96.22 -0.29 3.43
23.37 95.64 -0.37 5.06
0.13 96.03 -4.82 5.34
0 96.31 -5.71 2.09
0 95.92 -4.81 1.81
0.63 96.34 -5.78 3.16
0 96.79 -8.02 3.29
0 97.46 -6.25 2
4.05 96.55 -2.62 4.56
0 96.16 -0.23 3.17
0.04 95.7 -1.8 2.5
0.09 96.37 -5.61 5.59
0 96.95 -5.88 3.04
0 96.72 -3.14 3.05
0 96.06 1.57 4.2
0 96.3 2.52 2.72
1.61 96.83 -1.97 3.46
0 97.68 -8.38 5.89
0 97.06 -4.06 3.22
0 96.64 -2.85 3.81
0 96.16 -2.5 2.91
0 163.25 943.88 946.91
0 96.33 0.31 3.56
0 95.94 5.92 3.49
0 95.82 6.29 3.34
0 96.56 4.19 2.59
0 95.89 6.42 2.83
0 96.1 7.14 3.55
0 96.22 6.57 2.62
0 96.16 7.22 3.75
0 97.13 2.77 3.81
0 97.32 3.08 2.64
0 97.53 3.85 1.77
0 97.29 7.49 2.98
0 97.07 12.54 4.08
0 96.3 13.18 5.13
0 95.77 12.48 3.64
0 95.97 10.78 3.37
0 95.49 14.17 4.15
9.98 96.39 7.32 3.44
0 96.56 5.63 1.68
197.31 94.98 2.95 2.5
0.62 95.81 5.1 2.52
1.59 95.78 6.01 1.88
0.13 96.25 5.43 4.07
0 97.43 0.28 4.17
0 97.43 0.94 3.01
0 96.67 4.99 3.17
0.11 96.37 8.25 3.07
0.19 96.56 8.78 2.77
30.84 96.74 7.69 3.18
188.84 97.25 0.78 4.11
1.06 96.95 4.14 2.33
0 95.37 11 1.93
0.61 94.51 14.41 4.43
3.22 95.39 9.57 5.2
0 95.45 12.34 2.7
0.04 95.75 12.91 2.61
0.03 96.16 11.52 3.73
0.01 95.84 11.96 2.81
0.04 95.71 12.37 2.74
0 96.03 14.42 4.07
0 96.14 15.25 4.7
0 96.46 15.09 2.74
0 95.85 20.81 4.21
0 95.46 24.33 4.35
28.27 95.2 20.52 4.71
36.32 95.77 16.48 2.35
0 95.85 18.89 2.13
0 95.74 20.58 2.69
8.15 95.53 18.01 3.87
38.33 95.62 15.57 2.19
0 95.83 14.2 4.71
0 95.75 13.99 4.65
0 95.12 15.8 5.46
0 95.72 13.13 2.57
0.63 95.61 13.81 4.47
28.46 95.92 8.1 2.48
0 96.3 9.31 1.78
57.43 96.19 9.32 2.29
82.08 95.26 7.88 1.84
11.53 93.99 11.32 3.52
0.36 94.08 19.26 3.47
1.38 95.32 17.33 5.23
0.02 96 16.69 4.16
0 95.45 18.69 3.28
22.07 94.62 19.36 4.72
40.64 94.75 16 4.91
1.02 95.15 14.5 5.51
0 95.97 18.22 4.04
0 95.64 21.47 3.54
0 95.49 22.28 2.94
3.27 95.43 22.43 2.93
0.08 95.26 24.22 3.5
0.32 95.18 25.46 4.15
3.62 95.27 25.31 3.16
0.17 95.29 23.54 3.2
3.42 95.03 23.09 4.05
0.9 95.27 21.18 3.2
0 95.4 20.44 2.93
0 94.64 24.8 6.68
12.38 95.01 23.27 2.92
2.28 95.57 20.04 3.79
0 95.81 21.7 3.3
69.05 95.12 18.31 3.31
49.9 94.57 18.6 2.44
81.2 95.05 18.46 2.52
0.39 95.4 19.68 3.1
1.48 95.1 20.07 2.74
7.84 95.14 18.42 1.96
150.07 94.91 16.65 2.45
244.46 94.39 16.36 2.44
43.35 94.46 17.05 1.89
91.03 95.31 17.73 2.21
0.35 95.6 20.66 2.07
35.99 95.45 22.07 1.92
0.49 95.16 22.91 1.8
247.32 95.13 20.57 2.36
5.32 95.35 19.25 2.92
91.65 95.78 16.93 2.63
0.07 95.88 21.23 2.39
0 95.54 23.55 2.15
4.58 95.3 23.65 3.18
0.3 95.44 23.39 2.53
9.59 95.24 23.49 3.24
14.68 94.94 21.83 2.42
131.95 94.87 20.85 1.76
1.27 95.32 22 1.67
3.97 95.4 23.66 2.16
197.15 95.51 17.75 2.27
23.01 94.95 18.17 1.94
33.24 94.49 19.26 3.23
3.99 95.05 17.83 3.02
0.14 95.64 18.89 2.4
71.83 95.65 19.62 2.09
20.01 95.77 20.52 1.86
0 95.76 22.14 1.92
0.25 95.63 23.39 2
2.72 95.77 24.41 2.1
0.2 96.01 25.53 2.39
3.41 95.84 23.83 2.66
0.59 95.52 25.5 2.31
1.93 94.96 26.38 2.13
0.23 94.76 26.91 3.46
8.97 95.15 26.45 2.63
16.67 95.54 24.98 2.16
21.43 95.72 22.03 2.32
13.88 95.59 22.37 1.62
47.29 95.44 23.07 1.81
136.02 95.6 22.59 2.04
60.04 95.54 22.9 2.26
21.22 95.25 24.08 2.4
38.77 95.2 23.25 2.39
11.42 95.2 23.39 1.71
20.34 95.02 23.22 1.96
10 94.86 24.26 1.92
11.98 95.21 25.55 2.53
28.67 95.32 24.64 2.28
52.9 95.09 24.53 2.37
73.21 95.04 24.5 2.22
343.06 95.41 22.2 2.49
13.53 95.64 22.62 1.69
1.74 95.48 23.74 1.85
31.62 95.01 24.89 2.89
0.17 94.97 23.82 2.26
1.54 94.83 25.27 2.34
2.96 95.02 25.64 2.97
16.84 95.41 24.39 2.6
17.99 95.95 23.08 2.29
66.07 95.98 23.17 1.95
19.51 95.86 24.28 2.07
0 95.89 24.06 1.71
0 95.71 24.54 1.57
0 95.56 24.79 1.47
0 95.26 25.81 1.85
1.85 95.04 25.9 2.1
0.03 95.32 24.27 2.23
0 95.38 24.21 1.89
2.06 162.4 962.23 946.66
43.94 162.66 962.37 946.77
59.94 95.89 20.56 2.18
24.2 95.57 19.61 2.34
3.68 95.36 20.88 2.16
42.87 95.47 20.32 1.78
10.47 95.79 20.4 1.72
16.12 96 20.51 1.89
11.3 95.92 20.85 2.5
25.59 95.8 20.86 2.36
0.04 95.74 21.04 2.27
14.75 95.61 20.22 1.83
11.35 95.76 19.26 1.6
19.82 95.92 19.37 1.83
116.83 96.1 17.96 1.76
88.03 96.12 19.13 2.05
2.44 96.09 21.3 2.14
0.35 96.26 20.51 2.09
12.02 96.14 18.76 1.42
38.49 95.92 18.33 2.16
0.02 96.08 17.79 1.81
0 96 19.32 1.55
1.95 96.16 21 2.31
18.24 96.79 16.96 2.39
2.33 96.73 15.77 1.72
31.58 96.18 13.83 1.82
22.73 96.13 14.41 2.98
0 96.07 19.59 2.3
0 96.41 19.69 2.53
0 96.56 19.08 2.62
0 96.38 19.45 2.27
3.96 96.35 19.29 1.6
11.6 96.38 18.74 1.87
0.01 96.46 17.24 1.89
2.38 95.98 17.09 2.3
3.75 95.78 19.77 2.75
48.12 95.68 18.3 3.12
49.99 95.72 15.67 2.13
43.8 95.7 15.09 1.81
20.78 95.65 16.09 2.88
0 95.95 14.62 2.43
0 96.12 17.13 2.59
0.26 96.95 14.1 1.48
3.24 97.45 11.68 1.79
9.72 96.34 15.42 3.23
62.62 95.56 11.58 5.18
0.04 95.51 14.24 4.1
0 96.49 11.95 2.28
0 96.81 14.49 2.5
0 96.33 17.79 3.6
0 96.21 18.12 2.47
0 95.98 18.18 3.35
0 96.3 11.36 3.63
0.41 95.63 6.68 3.04
2.48 95.8 6.23 5.01
7.23 96.09 10.26 4.31
0 96.51 11.84 2.28
0 96.58 13.18 1.94
0 96.33 13.92 1.99
0 96.27 14.92 1.89
0 96.31 15.38 2.48
1.57 96.4 14.69 3.03
0 97.2 7.03 2.75
0 96.1 10.61 2.86
17.5 96.64 6.78 2.17
36.13 96.99 5.56 1.96
1.88 105.16 128.83 62.97
0 104.63 129.12 62.85
0 97.2 7.6 2.48
0 97.21 4.77 1.67
9.81 95.99 7.53 4.43
0 96.01 4.63 3
0 96.62 2.61 3.19
0 96.95 0.85 3.81
0 97.38 0.71 2.52
0 97.44 2.85 1.5
0 96.77 4.78 1.56
0 96.57 6.1 1.32
0 96.6 8.64 3.28
0 96.74 10.37 3.15
1.14 97.82 2.28 3.95
60.4 97.9 -2.84 3.61
34.55 97.48 -2.82 3.57
4.86 97.03 -2.34 2.21
0.22 97.1 -2.39 1.53
0 97.3 -2.55 1.19
0 97.43 -0.09 1.32
0.16 97.28 1.92 1.38
0.01 96.57 3.76 1.78
0 95.91 6.22 2.61
0.16 96.72 3.05 2.47
4.49 96.62 -1.32 2.53
0 97.27 -3.35 2.58
3.86 97.19 -4.4 2.29
9.68 97.18 -6.04 2.35
6.99 97.2 -7.4 2.05
9.22 97.68 -7.8 1.87
23.89 98.14 -10.45 2.73
7.36 98.2 -11.82 3.33
0.08 98.12 -13.93 2.16
0.01 97.24 -13.41 2.66
0 97.18 -13.43 2.85
0.06 96.72 -11.48 1.31
0.25 97.17 -9.04 1.53
18.08 96.85 -5.11 2.03
0 96.77 -7.52 1.62
0.36 96.09 -2.62 2.55
0.1 95.87 -4.31 4.51
0.24 96.13 -6.61 5.35
0 96.52 -4.46 3.44
0 97.18 -4.86 2.05
0 97.34 -7.36 1.43
0 97.52 -8.51 1.04
0 97.11 -3.57 2.25
5.56 96.75 1.35 2.91
0.02 96.93 -0.12 4.3
0 97.31 -5.74 1.92
0 96.97 -5.83 1.38
0 97.08 -6.08 1.16
3.49 96.42 -4.46 2.61
0.03 96.48 -5.81 3.87
0.04 97.03 -7.44 5.37
0 97.16 -7.46 2.8
0 97.58 -5.58 1.8
0 97.6 -5.91 1.63
0 96.72 -3.12 2.45
0 96.91 -4.89 1.63
0 97.04 -7.45 1.41
0 96.9 -4.83 2.09
0 97.02 -8.41 2.13
0.01 96.01 -6.51 3.27
0 97.01 -11.39 4.04
0 97.82 -13.77 2.17
0 97.54 -8.86 1.76
0.24 97.09 -5.49 1.59
1.15 97.32 -6.7 1.59
0 97.36 -7.82 1.71
0 96.48 -2.56 2.7
0.01 96.44 -5.01 1.39
1.47 96.65 -7.46 1.88
0 97.12 -9.63 3.43
0 96.97 -11.4 2.54
0 97.21 -9.73 2.98
0 97.07 -9.55 2.73
0 96.87 -9.85 2.53
0 96.62 -9.56 2.16
0 97.38 -11.1 3.03
0 97.64 -12.35 2.49
0 97.12 -12.3 3.17
0.07 96.45 -10.83 3.38
0.1 96.21 -10.28 2.46
0 96.25 -10.86 1.81
10.06 96.85 -13.09 2.62
2.52 96.89 -17.12 2.92
0 96.53 -17.89 3.83
0 97.17 -17.44 1.86
0 97.67 -16.85 1.39
1.14 97.6 -16.15 1.61
0.69 98.11 -19.15 3.19
0 98.02 -22.66 4.97
0 97.48 -15.33 4.1
0 96.92 -10.49 2.73
0 96.79 -10.93 2.92
0 96.88 -9.45 2.83
0 97.37 -11.32 1.91
0 97.84 -14.62 2.07
0 97.65 -15.74 2.26
0 97.7 -12.94 2.85
0 97.56 -10.79 2.35
0 97.19 -9.06 2.22
0 96.94 -8.03 2.47
0 97.16 -7.63 3.45
0 97.08 -8.04 3.75
0 97.02 -6.85 2.6
0 96.13 -6.33 2.52
0.01 95.72 -3.02 3.46
0 96.42 -2.72 2.59
0 96.12 0.95 2.83
0.11 96.04 0.98 2.04
2.9 96.19 1.18 2.61
35.05 96.9 -6.8 5.88
0 97.04 -11.39 4.77
0 96.43 -8.81 3.62
0 96.27 -4.71 4.11
0 96.26 -1.94 3.74
0 96.17 -2.31 3.63
0.12 97.05 -5.7 3.45
0 97.04 -7.9 3.86
0 96.94 -8.66 2.76
0.01 96.98 -5.38 3.35
0 97.9 -9.41 2.38
0 97.53 -8.11 2.68
0 97.46 -7.36 2.74
0.08 96.79 -5.72 3.11
0.02 96.85 -5.72 1.98
0.12 97.13 -7 3.98
0.07 97.42 -7.79 3.43
0.03 96.49 -0.65 3.14
0 96.07 3.23 2.74
0 96.02 2.05 2.24
0.22 96.42 0.91 1.47
62.68 96.24 1.55 3.36
0.03 96.27 -0.29 2.22
2.77 96.5 -2.34 4.1
0 97.29 -6.32 4.62
0 97.4 -6.29 3.36
0.02 97.18 -5.46 3.33
0 96.67 -4.67 2
0 96.05 -0.82 3.8
0 96.76 -0.67 2.57
0 96.59 1.36 2.1
0 96.05 5.03 3.22
0 95.88 8.71 3.71
0 95.53 9.79 4.82
0 95.84 8.47 3.61
0 96.76 4.89 2.08
0 97 5.86 2.05
0 96.61 9.04 2.69
0 96.94 6.73 4.57
0.02 97.53 3.16 5.14
0 97.57 3.06 3.26
0 97.23 3.5 3
0 96.8 7.93 2.74
0 96.26 9.53 2.17
0 95.6 11.83 4.59
2.04 96.08 8.44 3.31
0 96.11 9.13 3.06
0 95.2 15.33 4.99
17.39 95.36 11.84 4.78
1.19 96.45 7.76 3.66
0 96.49 8.55 3.22
0 95.65 11.38 3.93
0.09 95.95 11.02 3
0.93 95.38 12.56 4.57
0 95.64 11.29 3.8
0 95.64 12.67 5.6
0 95.88 8.49 3.28
0 96.51 6.19 3.61
0 96.15 6.88 4.3
43.15 95.21 8.1 2.77
0.15 94.92 10.8 4.52
0 96.03 12.02 3.97
0.32 95.59 15.23 4.76
31.74 95.46 10.73 3.4
1.61 95.43 7.37 4.33
11.61 95.78 7.04 2.52
5.05 96.16 8.77 3.29
0.03 95.76 13.77 2.74
0 94.88 16.34 5.56
0 95.43 12.51 5.78
0 95.99 11.86 2.78
0 95.51 14.5 4.63
0.7 96.21 12.39 3.02
15.67 96.45 10.55 1.99
0.94 96.05 13.45 1.88
0 96.18 13.84 2.38
20.41 95.46 13.91 2.76
0.09 95.04 17.43 2.88
12.31 94.76 21.6 3.89
135.19 95.5 12.37 2.97
119.66 94.59 11.13 5.22
0 95.16 15.98 3.21
25.2 95.24 14.9 4.28
0.05 95.44 14.14 5.95
0 96.24 16.35 2.9
0 95.72 18.38 4.36
0.67 95.81 17.52 2.19
0 95.55 17.54 2.19
1.06 94.78 19.99 5.04
231.84 95.43 12.25 3.89
0 96.41 14.67 3.71
26.37 96.04 12.22 3.87
1.87 95.77 13.19 3.5
0 95.28 18.09 3.19
0 95.41 23.52 3.78
0 95.73 23.68 4.6
0 95.94 22.41 4.12
0 96.11 21.9 3.83
0.02 96.66 19.99 3.45
0.03 96.6 19.36 2.78
45.29 95.79 15.4 1.8
16.64 94.74 16.68 4.64
19.23 95.02 18.59 3.31
0.21 95.46 19.19 3.92
0 95.45 21.86 4.18
0.08 95.04 23.94 4.48
0 95.36 20.06 3.96
0 95.07 22.7 3.86
27.84 95.86 17.19 2.58
0 95.93 20.23 2.01
0 95.57 23.59 2.93
0.01 95.25 24.17 3.39
0.02 95.38 22.75 2.8
0.16 95.66 22.93 2.44
24.56 95.77 20.02 3.07
7.35 95.84 19.48 1.94
0.07 95.56 21.92 2.31
14.77 95.3 22.12 3.9
130.28 95.07 20.09 4.63
30.83 95.49 18.73 2.42
6.81 95.41 20.17 1.97
4.36 95.06 20.07 1.92
189.08 94.96 15.88 2.39
23.98 94.98 18.12 2.18
2.11 94.62 20.36 2.49
32.54 94.65 20.9 2
2.76 95.18 21.82 2.77
0.02 95.29 23.76 2.3
16 94.99 24.98 2.85
30.08 94.98 24.44 2.9
38.67 95 23.26 2.37
26.37 95.22 21.67 2.49
7.44 95.25 21.77 3.5
0 95.42 24.36 2.65
0 95.4 25.08 2.12
25.56 95.16 23.52 2.39
64.89 95.3 19.98 3.14
94.35 95.14 20.63 2.56
41.56 95.12 21.14 2.09
0 95.26 21.44 2.02
0.19 95.25 22.83 1.69
0 95.39 25.42 2.77
0 95.58 24.65 2.62
1.93 95.77 25.08 1.9
0 95.86 26.43 2
0 95.81 26.49 2.85
0 95.55 26.2 2.64
0 95.29 27.71 2.19
0 95.05 28.74 2.67
4.8 94.74 29.05 3.92
78.98 94.95 23.38 2.22
1.81 95.28 24.93 2.51
1.01 95.62 23.9 2.63
6.57 95.32 20.7 2.01
5.17 95.17 20.79 2.11
1.65 95.48 22.24 1.89
0.08 95.52 23.86 2.09
46.33 95.62 23.09 2.49
290.8 95.66 21.18 2.5
808.08 95.17 22.05 2.53
44.43 94.98 23.68 1.76
7.77 94.87 26.55 2.67
0.39 95.33 26.63 2.13
476.09 95.34 21.84 2.63
5.07 95.25 22.71 1.56
1.23 95.02 24.31 2.1
26.6 95 24.7 2.41
33.7 95.38 24.13 1.91
173.16 95.66 24.01 1.91
63.92 95.76 22.68 1.81
45.36 95.85 23.29 1.89
0.36 95.85 24.97 1.55
0 95.82 26.35 1.55
0 95.78 27.02 1.86
0 95.7 26.75 2.12
159.07 95.4 26.06 2.31
200.41 95.74 23.79 2.25
0 95.87 22.85 1.47
0 95.55 23.83 2.32
0 95.33 27.3 3.86
0.85 95.33 28.83 4.01
17 95.36 26.24 2.36
0 95.33 25.27 1.78
0 95.57 24.76 2.05
4.59 95.5 23.45 1.54
41.97 95.35 22.74 2.09
2.69 95.23 23.21 1.53
299.61 95.18 20.75 1.66
23.14 95.58 21.73 2.34
11.72 95.74 22.36 1.64
0.77 95.86 23.61 1.78
2.35 95.97 23.93 1.52
15.41 95.53 21.71 1.67
12.93 95.29 24 1.84
106.68 95.99 18.68 3.93
0 96.32 18.5 2.13
3.3 95.99 18.72 2.17
3.69 95.94 19.46 2.15
0 96.08 18.97 2.43
0 95.52 18.79 2.63
22.95 94.47 17.05 3.91
32.19 94.35 16.04 2.47
15.41 95.03 19.2 1.49
38.15 95.56 18.7 1.21
69.18 95.81 18.1 1.59
89.31 95.73 17.92 1.56
18.77 95.59 19.52 1.78
3.27 95.36 19.14 1.67
5.52 95.42 18.64 1.77
29.2 95.71 17.83 1.41
11.1 95.89 17.35 1.78
47.72 96.25 16.31 1.87
21.88 96.5 16.75 1.53
1.63 96.47 17.63 1.5
20.63 96.27 19.4 2.08
0.03 96.13 20.44 1.8
4.73 96.18 19.56 1.86
2.59 96.6 17.33 2.25
14.7 96.75 15.23 2.56
0.12 96.79 14.8 2.37
0 96.68 14.89 1.59
1.17 96.52 14.93 2.07
3.67 96.14 17.18 2.31
4.73 95.82 18.91 2.31
1.76 95.58 20.41 3.6
0.05 96.22 18.14 2.11
10.19 96.05 17.63 1.81
2.17 96.69 13.36 4.23
0 97.17 9.35 2.44
0.03 96.43 10.57 2.71
0.07 96.06 16.11 1.98
4.56 95.94 19.01 3.81
5.69 95.94 15.61 1.76
0.9 95.9 16.65 3.4
64.06 96.47 8.98 2.41
22.79 96.56 7.97 2.26
0.56 97.16 9.21 1.65
68.05 96.36 10.42 2.56
1.26 96.47 7.19 4.44
0 96.75 5.66 2.05
0.56 96.31 7.67 2.11
0 96.85 6.77 82.67
0.16 96.87 8.02 1.77
0 96.43 12.64 1.71
0 96.51 14.07 1.86
0.21 96.7 15.48 3.07
11.55 96.2 14.23 3.55
0 96.63 10.76 1.97
0 96.42 12.09 2.01
0 96.22 14.31 2.67
1.79 97.12 6.41 3.11
39.4 96.53 6.13 1.8
48.2 97.16 2.87 3.31
0 96.85 3.21 1.41
0 96.22 4.4 1.41
0 95.83 9.17 2.99
0 97.01 4.76 2.24
41.92 97.07 3.59 1.42
20.25 97.22 3.49 2.9
0.21 97.37 1.06 2.72
2.45 97.02 0.99 3.41
0 97.86 -3.87 2.87
0 97.51 -2.54 2.77
0 96.78 1.3 3.29
0 96.22 2.53 1.92
0 95.32 4.72 1.78
0 96.26 3.16 3.65
0.17 97.17 -0.11 2.09
9.31 97.37 -0.72 3.29
0 97.77 -2.83 1.9
0 97.22 -1.64 2.31
3.2 95.74 3.1 3.91
1.49 95.94 -0.46 1.63
0.25 96.46 0.2 1.67
0 95.99 4.27 3.46
0 96.57 2.58 4.54
0 96.93 -2.47 2.11
0 96.59 1.33 2.26
0 96.6 -0.1 2.54
0.36 95.96 2.73 2.39
3.1 96.45 -2.76 2.46
26.43 97.07 -6.28 1.6
63.96 97.38 -8.15 2.95
0 97.79 -11.09 2.91
0 97.49 -10.59 2.77
0 97.01 -7.91 2.48
0 96.66 -5.47 2.16
0 96.19 -1.76 3.48
0 96.94 -4.81 3.53
0 97.39 -4.1 1.75
0.09 97.7 -4.37 1.94
5.46 96.54 -0.15 3.59
0 97.29 -2.64 3.31
0 97.01 0.15 2.62
0 96.28 2.63 3.48
0 96.28 -0.43 2.38
0.41 96.96 -4.63 3.42
0 96.47 -4.51 3.22
0 96.66 -5.7 2.11
2.26 96.04 -2.85 3.38
0 97.02 -6.91 2.17
0 97.16 -7.63 1.27
0 96.62 -5.4 2.98
4.56 96.84 -3.1 2.37
0 97.47 -7.58 3.38
0 97.44 -9.76 2.33
0.01 97.41 -8.84 2.83
0 96.67 -4.74 2.58
0 96.59 -3.86 1.24
0 96.74 -3.76 1.02
0 96.8 -3.46 1.3
0.04 97.15 -3.2 1.11
0.08 97.12 -4.09 2.52
2.67 96.77 -8.59 4.01
0 97.22 -9.28 2.76
0 97.19 -9.6 1.31
0.03 96.96 -4.9 2.98
3.21 97.58 -8.41 3.45
0 97.53 -11.07 2.06
0 97.21 -9.07 3.6
0 97.46 -9.16 2.9
0 96.95 -7.68 1.77
0 96.81 -6.72 1.45
0 96.6 -2.77 2.95
0 96.75 -4.41 2.4
0 96.43 -1.84 2.61
0 97.01 -4.86 1.57
0 97.35 -6.45 1.22
0 96.87 -3.84 1.23
7.75 96.85 -3.64 1.75
10.29 96.44 -4.05 2.24
0.01 96.65 -6.83 3.34
0 96.92 -9.48 3.36
0 96.66 -9.41 2.65
0.01 96.38 -10.24 2.72
0 96.52 -9.55 3.88
0 97.48 -11.05 2.07
0.14 97.48 -12.63 1.45
0.03 97.38 -11.94 1.47
0.2 97.17 -9.86 1.93
0 97.48 -10.69 1.66
16.76 97.14 -11.61 2.97
0 97.27 -13.22 2.24
0 96.85 -11.59 4.46
0 97.54 -13.34 2.39
0 97.67 -13.74 1.54
0 97.79 -12.31 1.36
0 97.21 -8.13 1.94
0.04 96.41 -3.12 4.81
0 97 -6.24 3.57
0 96.4 -6.16 2.67
0.16 97.16 -9.82 4.33
0 97.57 -9.56 3.32
0 96.97 -6.89 2.96
0 97.72 -7.52 3.23
0 97.11 -5.39 2.12
0 96.53 -3.65 1.82
0.37 96.14 -0.22 2.32
0 96.5 -4.17 3.38
0.01 97.46 -5.89 2.85
0.01 97.41 -7.02 1.09
0.03 97.18 -7.56 5.3
0.01 96.73 -8.54 5.44
0 96.92 -8.46 4.56
0 97.05 -6.96 2.81
0 97.03 -6.19 1.65
0 97.5 -4.52 1.98
0 97.42 -3.48 2.15
0 96.24 2.05 3.4
4.71 96.46 -1.93 4.37
0 97.15 -6.34 2.91
0 96.59 -5.06 2.58
0 95.44 -1.65 4.4
0 97.23 -6.53 4.67
10.64 97.11 -6.01 2.68
21.76 96.37 -3.29 4.34
0 96.91 -3.83 3.52
0 96.63 -1.79 3.29
0 96.56 -0.47 3.13
0 96.79 -0.54 1.55
0 96.44 1.93 2.99
0 96.36 1.96 2.91
1.44 96.76 -3.43 4.16
0 96.02 -0.69 2.7
0 96.05 0.6 1.77
0.03 96.25 -1.61 2.46
0.16 96.69 -3.92 3.89
0.04 96.44 -6.18 3.51
0 96.46 -4.29 4.09
0 95.96 0.51 3.76
0 95.77 1.28 3.09
0 96 3.75 1.96
0 96.23 5.54 2.83
0 97.05 1.03 4.44
0 97.09 1.34 2.8
0 97.06 2.01 2.49
0 96.81 3.15 1.84
0 96.41 3.96 1.66
0.75 96.31 5.19 2.33
0 96.83 6.28 2.05
0.12 96.93 5.99 2.61
0.88 96.93 3.02 3.4
0 96.81 2.23 2.33
0 96.54 3.56 2.19
0.75 96.94 3.07 1.85
6.91 96.67 1.68 1.5
3.13 96.46 3.34 2.17
0.29 96.38 3.11 2.28
0 96.56 3.75 2.61
0 96.39 5.92 2.37
0 96.29 9.71 3.52
0.08 97.06 5.14 2.74
0 96.9 5.52 2.53
0 96.29 6.29 1.77
0 96.31 9.62 2
0 96.25 13.05 3.29
0 95.96 16.38 3.91
0.59 95.73 13.51 3.38
1.8 95.72 10.88 3.41
0.62 95.83 10.78 2.87
0 96.5 9.91 3.91
0 96.55 9.64 1.97
0 95.55 13.11 3.18
0 96.07 9.37 4.3
0 96.01 8.15 2.7
0 95.41 12.62 4.3
0 94.95 15.44 3.3
0 95.38 17.01 3.21
0.21 95.72 15.37 2.97
1.22 94.63 15.65 4.6
0.29 94.8 9.54 5.8
1.67 95.27 8.39 3.3
1.73 95.55 10.78 3.73
0 95.99 10.95 2.42
0.01 95.34 14.38 5.08
0 95.59 11.19 2.95
0 95.87 10.65 3.15
0.01 96.55 9.86 3.36
0 96.57 11.41 4.59
0 95.74 15.77 4.46
0 95.18 17.9 3.2
0 94.85 21.15 4.26
0 95.71 18.28 2.72
0 96.14 18.08 2.53
0 96.1 20.92 3.81
1.98 96.05 18.83 5.07
24.21 95.95 15.38 3.02
24.5 95.66 11.21 5.74
0 95.86 12.28 6.09
0 95.73 18.3 3.84
0 95.42 21.12 2.63
0 95.24 19.99 4.53
0.47 95.17 19.13 3.11
0.04 95.28 16.73 4.87
0 95.18 14.71 4.27
0.91 95.35 13.94 4.89
0.19 96.07 15.1 4.82
0 96.06 17.19 2.38
0 95.3 20.27 1.91
0 95.13 23.79 2.68
0 95.15 28.25 4.5
1.71 95.44 27.32 3.49
0.54 95.72 24.96 3.37
4.86 96 18.27 3.56
183.56 96.16 11.07 2.47
0.02 95.98 16.77 2.27
0.01 95.52 20.16 2.22
0.07 96.04 16.49 3.55
0 95.66 18.8 2.44
0 95.3 21.04 2.92
0 95.48 22.72 3.47
29.09 95.87 17.13 2.63
0.81 95.32 20.02 3.03
28.49 94.81 20.19 3.04
0 95.29 17.82 3.36
80.02 95.64 11.99 1.99
0 95.76 16.26 2.47
0 95.74 20.72 2.71
0 95.91 21.82 2.36
25.6 95.64 15.83 2.21
1.26 95.33 18.67 2.5
0.52 95.2 22.83 3.97
0 95.26 22.15 3.71
0 95.65 19.94 1.85
13.91 95.81 18.53 1.87
23.29 96.1 18.81 1.82
0 96.11 21.21 2.01
0 95.65 27.23 2.58
0.16 95.37 28.54 2.14
6.06 95.23 27.58 2.8
7.81 95.15 25.58 2.99
42.55 95.15 23.05 3.41
144.73 95.08 20.09 2.06
12.64 95.11 20.8 2.32
0.57 95.27 22.56 2.22
58.45 95.64 19.55 1.55
119.43 95.54 17.91 1.61
7.51 95.28 19.43 1.5
6.88 95.24 21.42 1.49
0 95.4 24.27 1.74
8.99 95.34 25.31 2.78
8.52 95.37 25.97 3.28
0.08 95.27 26.9 3.52
11.03 95.11 27.13 3.05
19.83 94.98 27.57 2.9
72.22 95.17 24.46 2.23
0.48 95.27 25.48 1.96
16.58 95.43 25.15 1.8
94.38 95.6 23.56 1.48
117.63 95.4 23.91 2.58
558.51 94.53 23.48 2.52
29.73 94.53 25.12 3.42
87.84 94.72 23.93 2.25
0.68 94.61 24.84 1.73
0 94.92 26.25 2.61
0.47 94.99 28.76 3.04
30.55 94.78 28.67 3.81
25.2 95.14 26.24 2.45
22.12 95.52 26.11 1.8
0 95.64 27.26 2.1
0 95.6 28.01 2.37
0.01 95.34 28.05 3.15
49 95.08 26.66 2.79
33.2 95.02 24.4 2.86
88.42 95.76 21.81 2.47
20.03 95.78 21.58 1.56
3.38 95.32 23.66 1.15
4.1 95.4 23.86 1.65
0.59 95.66 24.56 1.78
30.25 95.36 21.97 2.35
1.03 95.5 23.21 2.26
0 96.02 23.5 1.73
0 95.62 23.62 1.57
30.07 95.2 24.35 2.49
0.05 95.38 25.39 2.07
0.68 95.48 25.89 2.57
31.98 95.2 25.64 2.24
955.85 94.57 24.06 2.55
10.47 94.99 25.36 1.55
67.58 95.05 25.02 2.2
42.66 94.87 23.6 1.91
5.37 94.93 24.18 2.07
37.86 94.8 23.26 1.64
41.98 94.64 21.06 1.56
5.22 94.74 23.64 1.53
7.85 95.15 24.57 2.52
52.93 95.55 23.26 2.08
0.36 95.68 23.87 1.66
29.86 95.6 22.27 1.71
15.8 95.48 22.3 1.63
259 95.54 20.25 1.83
75.32 95.68 21 1.72
26.06 95.84 21.95 1.59
31.21 95.89 22.34 1.63
6.82 95.55 22.64 1.81
0.8 95.27 25.37 1.96
66.92 95.69 23.06 2.39
232.16 95.58 20.05 2.16
0.03 95.61 21.01 2.98
0 95.73 19.01 3.52
0 96.07 19.74 2.13
22.26 95.84 16.93 3.11
9.22 96.18 16.77 2.66
0 96.37 15.44 2.44
0 96.05 17.64 1.94
0.95 96.05 18.07 1.74
6.19 95.89 19.82 1.87
10.12 95.96 19.48 1.92
6.27 95.88 20.24 2.66
2.21 95.71 21.21 2.95
0.04 95.54 21.11 3.38
0 95.47 19.59 1.74
0 95.28 21.33 2.32
0.49 95.76 19.66 2.59
4.48 95.87 19.27 1.95
74.4 95.76 17.74 1.99
0.03 95.95 17.16 2.11
0 96.36 16.12 2.07
0 96.63 16.93 1.7
2.48 96.56 19.24 2.31
4.84 96.41 19.49 2.11
0.97 95.97 19.53 2.66
0.02 95.79 17.59 2.13
0 95.22 19.4 2.53
0.14 95.65 16.82 2.81
0 96.07 15.93 2.03
0.68 95.47 19.23 3.01
49.04 95.45 17.38 3.33
0 95.68 18.12 3.79
0.15 95.89 19.16 2.57
13.29 95.92 16.87 2.32
25.14 96.16 13.81 2.12
0.07 96.16 10.77 2.31
0 96.04 10.13 3.2
0 95.87 10.9 1.95
0 96.03 13.97 2.94
0.06 96.13 16.66 3.69
0 96.91 9.77 2.46
0 97.27 8.45 1.89
0 97.09 9.83 2.44
0 96.41 13.79 3.49
0 96.18 15.2 3.47
0 96.42 14.36 1.96
29.17 96.71 12.66 1.44
177.74 97.28 9.24 3.17
22.76 97.34 5.99 3.19
0.52 97.17 5.32 2.74
0.88 96.82 5.01 2.16
0 96.68 6.98 2.87
0.01 97.28 5.55 1.32
32.96 97.33 6.77 1.78
0.13 97.66 5.85 1.53
0 97.43 6.69 1.65
3.44 96.8 9.2 1.98
0.04 96.56 9.57 1.23
0 96.29 11.36 2.59
0.01 96.93 8.32 2.18
5.72 97.06 4.82 2.02
0.08 97.06 5.58 1.98
0 96.9 6.88 2.03
0 96.93 8.5 1.43
0 96.35 10.6 1.71
0.02 96.21 10.81 1.82
0 96.99 7.83 4.1
0 97.57 2.52 3.33
0 97.06 5.16 2.32
0 96.19 8.33 3.22
