0.33 94.51 -18.87 1.96
0.01 95.12 -19.81 1.8
11.98 95 -21.41 1.64
6.19 95.21 -19.56 3.96
0 95.45 -19.52 4.09
0 95.68 -18.95 3.14
0.05 95.79 -18.48 1.89
16.22 95.15 -17.31 1.78
4.9 95.37 -18.31 1.58
0 95.59 -16.16 1.24
0 95.58 -17.91 3.74
0 94.97 -19.33 4.41
0 94.96 -15.99 4
0.54 94.85 -17.41 1.76
0 95.92 -16.68 1.54
0 95.47 -15.58 1.09
0 95.13 -11.27 1.45
0 95 -4.96 2.28
0 94.51 1.53 4.68
0.03 95.88 -11.86 5.77
0 95.68 -14.97 2.78
0 95.35 -12.04 4.01
0 94.82 -8.41 3.48
0 94.26 -10.46 4.04
0 95.23 -9.48 4.5
0 96.7 -4.02 4.13
0.5 94.25 -4.85 4.75
0 94.77 -12.03 4.57
0 94.34 -5.77 4.82
0 94.48 -5.81 2.79
0 95.11 -11.63 1.96
0.16 95.25 -12.83 1.91
0 95.24 -16.99 2.18
0 95.14 -14.79 3.19
0 95.16 -16.06 2.47
0 95.49 -15.37 1.62
0.01 95.31 -12.61 2.79
0.9 94.29 -3.39 3.41
0 94.55 -6.26 2.47
0 95.21 -9.36 2.54
0 95.81 -12.58 4.1
0 96.22 -13.86 5.62
0 95.88 -12.37 2.81
0.02 95.2 -10.94 2.41
0 95.67 -12.26 2.42
0 95.82 -14.71 1.96
0 95.33 -11.67 2.09
0 94.95 -10.46 2.72
0 94.71 -9.05 3.4
0 94.23 -5.18 1.55
0 94.17 -10.69 1.77
0 94.3 -9.25 1.75
0 94.16 -4.83 3.21
0 93.21 -0.78 2.58
1.19 93.69 -5.52 1.75
0 94.74 -8.68 1.64
0.08 94.87 -7.34 1.64
2.3 94.57 -9.07 2.57
0.36 95.18 -9.83 2.51
0.04 94.82 -10.11 1.86
0.11 94.54 -5.95 3.75
0 94.45 -0.6 4.42
34.64 94.26 -3.99 3.07
4.49 95.35 -12.57 3.48
0 96.03 -14.03 1.94
0 96.3 -15.18 1.63
0.85 96.6 -11.63 3.49
0 95.75 -10.59 2.58
0 94.32 -3.27 3.04
0.09 93.21 2.62 5.7
0.33 94.57 -7.14 5.15
0 95.05 -3.6 2.45
19.9 94.44 -1.5 1.87
0.36 94.49 -4.09 6.67
0.01 94.98 -6.23 3.11
0 95.39 -7.99 2.58
0 94.27 -2.71 2.97
0.1 93 2.92 2.58
35.21 93.74 -2.48 4.79
0 93.94 -0.95 3.58
0.03 93.97 2.73 5.18
0 94.62 1.41 3.09
0 95.29 -2.26 2.89
0.02 95.21 -5 4.51
0.99 94.75 -4.69 2.22
0.92 95.3 -4.03 2.27
0 95.19 1.99 1.31
0.02 94.91 5.47 2.39
4.75 94.26 9.21 5.38
2.08 94.09 6.81 5.72
0 94.53 0.24 6.15
0 94.59 -1.97 4.25
0 94.1 4.56 5.66
0 94.01 7.45 4.3
1.4 94.69 1.98 2.19
0 95.25 0.13 2.97
0 94.57 7.24 4.86
0.14 93.37 11.39 7.66
7.51 94.35 0.98 3.38
0 94.59 1.86 4.13
0.39 94.57 -0.59 2.28
59.99 94.4 -1.68 4.67
0.01 95.09 -2.15 6.25
0 95.2 0.47 2.7
0.13 94.56 2.87 3.57
8.75 94.89 1.86 1.3
0 94.71 5.07 4.45
10.06 94.11 8.56 3.54
9.87 94.66 7.53 2.92
0.06 95.01 7.23 2.21
0.04 95.28 8.55 2.35
0.21 95.02 8.04 2.75
0.07 94.86 7.22 1.88
0 94.39 12.31 2.71
0.84 94.11 13.49 4.4
10 94.06 3.68 4.07
57.18 93.71 0.45 3.38
0.04 93.81 3.47 8.32
5.64 93.95 5.46 6.96
11.23 94.16 11.13 3.12
0 93.64 16.69 1.99
0 93.4 17.84 6.03
0.1 93.95 14.82 2.32
0.97 93.48 38.56 3.77
191.83 93.18 7.65 4.06
18.99 93.58 11.57 6.04
20.99 93.58 10.29 2.37
1.88 93.81 13.67 2.77
33.54 93.57 10.44 3.81
9.29 93.5 8.88 3.11
9.9 94.58 8.89 2.37
0 94.79 13.26 1.88
0 94.72 15.68 2.15
12.4 94.22 17.52 3.66
9.93 94.16 20.35 1.94
0.27 94.34 19.5 2.96
6.52 93.85 18.26 3.24
186.75 93 11.39 3.87
2.22 92.69 17.32 5.5
0 93.56 21.76 2.63
0 93.7 25.44 3.37
0.11 93.78 22.01 2.55
0.21 93.49 21.44 3.18
3.7 93.76 17.17 4.64
0.24 94.31 20.49 3.59
0.05 94.73 20.64 2.13
1.63 94.58 18.59 2.46
130.87 93.91 15.19 3.64
65.56 93.57 16.5 2.13
56.74 94.13 14.3 2.49
6.19 94.69 15.77 1.35
0.93 94.54 18.43 1.58
0.16 94.68 19.04 1.64
0 94.7 22.09 1.57
0 94.47 22.97 1.87
0 94.17 24.42 2.11
0 94.2 23.96 2.67
0 94.25 25.28 3.64
0 94.38 24.96 3.75
0 94.51 25.46 3.16
0.43 94.41 21.97 2.33
0.01 94.07 21.88 3.69
0.15 93.76 24 1.71
20.91 93.46 24.64 3.38
19.62 93.4 22.75 2.85
0.32 93.37 22.76 2.75
3.44 93.5 23.35 1.62
25.25 93.51 21.76 2.55
8.08 93.6 21.76 2.91
0.38 93.72 23.38 1.78
0.03 94.13 21.93 3.23
0.01 93.71 21.82 2.77
6.15 94.07 19.03 1.96
0 94.08 23.15 1.57
0 93.94 25.39 1.27
0 93.92 27.5 2.44
0 93.89 26.5 2.14
11.68 93.74 22.15 1.81
11.12 93.67 21.63 1.35
0.06 93.72 23.57 1.2
0.03 93.44 25.11 1.34
55.05 93.41 21.95 2.63
0.71 93.47 24.52 1.12
0.01 93.43 27.59 1.68
1.28 93.42 26.41 3.68
0 93.43 25.55 4.16
0.01 93.58 24.39 2.92
17.05 93.86 19.17 2.57
1.69 94.07 21.5 2.34
0.41 94.01 21.24 2.36
40.09 93.75 20.69 2.11
70.27 93.79 20.17 1.48
140.79 94.08 19.38 1.18
1.34 94.32 21.81 0.96
0 94.21 23.99 2.32
42.64 93.68 22.76 3.03
2.27 93.48 25.03 3.27
0.42 93.73 26.35 1.95
0.78 93.71 27.53 2.33
3.91 93.74 25.73 3.45
46.02 93.78 24.41 2.58
0.36 94.03 24.49 1.78
0.65 94.12 25.72 1.73
2.9 94.12 27.25 1.69
1.9 94.22 27.93 1.11
0.15 94.07 27.92 1.95
6.93 93.97 28.98 2.04
14.36 93.66 26.76 2.22
127.05 93.29 24.57 3.2
11.81 93.36 21.19 1.1
35.38 93.25 25.76 1.48
77.98 93.6 22.33 2.86
0 94.19 20.57 2.91
0.01 94.07 22.39 1.84
2.55 93.25 25.55 3.37
16.45 93.54 23.74 2.51
29.72 93.97 22.31 4.58
0 94.7 20.12 2.24
32.39 94.32 19.86 1.43
95.66 93.57 22.47 3.25
9.62 93.71 21.86 2.83
0 93.9 20.98 2.23
0 93.59 25.25 3.29
50.24 93.37 23.96 1.68
3.8 93.24 25.55 2.38
6.24 93.14 23.28 3.13
0 93.66 21.51 3.85
0 94.02 22.43 1.68
50.96 93.98 22.28 2.75
4.09 94.12 23.21 3.09
73.08 94.32 21.77 2.4
0.34 94.67 21.92 2.27
88.78 94.59 17.71 1.24
32.25 94.51 18.97 1.13
0.53 94.5 19.55 1.53
0 94.38 22.73 2.34
0.03 94.71 20.88 1.63
0.62 94.94 20.8 1.38
0 94.65 19.84 1.62
0.46 94.4 19.76 1.63
13.48 93.99 20.35 1.93
2.04 94.11 20.28 2.14
0.22 94.15 20.56 2.22
5 94.69 19.36 1.66
6.03 94.83 19.88 1.57
0.02 94.7 19.83 0.97
0 94.36 19.92 2.24
0 94.13 22.8 1.75
0.29 94.44 23.7 1.99
0 95.01 16.48 1.48
0 94.75 16.93 1.46
0.62 94.28 17.24 1.23
2.92 93.96 17.75 2.19
0.08 94.23 18.38 1.54
0 94.37 19.45 1.08
0.65 94.4 22.15 1.8
0 94.48 21.77 1.48
5.04 94.25 21.3 2.6
149.38 94.77 13.37 2.67
340.8 94.83 8.53 2.15
83.18 94.64 12.6 1.25
0 94.34 16.7 2.11
46.6 94.68 14.08 2.49
191.99 95.25 9.21 2.91
0 95.04 8.84 2.08
0 94.87 12.34 1.48
0.21 94.58 14.28 1.74
26.93 94.27 15.83 3.28
0.08 94.53 10.87 2.51
0 94.52 9.53 5.85
0 95.35 7.37 3.43
0 94.91 9.12 1.41
0.02 94.55 15.44 1.89
0.41 95.05 10.6 1.2
207.21 94.83 5.7 2.66
99.12 94.69 7.47 2.8
0 94.76 9.6 2.04
0 94.32 14.6 1.53
0 94.17 18.12 2.51
0 94.28 19.32 3.93
0 94.24 18.38 3.28
0 93.8 18.09 3.66
17.82 94.59 9.01 2.99
115.85 94.97 3.42 2.26
0 94.96 8 2.09
0 94.55 9.3 1.9
0 94.76 6.84 3.04
0 94.23 6.72 3.37
0 95.16 0.29 3.58
0 95.64 -1 1.49
14.24 95.59 -1.33 1.3
42.06 95.66 -0.1 0.9
0 95.47 1.34 1.53
0 94.92 2.25 1.26
0 94.57 7.75 2.25
5.75 94.87 7.6 3.8
1.05 95.43 2.47 4.98
0 95.73 -1.16 5.43
0 96.36 -2.5 3.21
0 95.51 0.6 2.58
0 95.4 4.87 3.08
0 95.39 6.38 2.18
0 95.47 6.05 2.47
0 95.32 6.61 2.99
0 95.89 1.02 3.88
0 95.31 1.39 1.97
0 94.95 4.9 2.33
0 95.02 4.9 1.51
0 94.69 6.99 2.35
0 94.43 6.75 2.46
12.8 94.67 1.87 2.67
0.09 95.11 -0.41 4.26
0 94.76 -2.09 1.75
0 94.3 -1.26 1.3
20.01 93.83 -1.22 4.23
0.88 94.19 -1.19 2.75
0.35 95.21 -2.86 3.84
0 96.18 -6.35 2.23
0.01 95.45 -3.67 2.81
0 94.87 -0.57 2
0 94.72 2.06 3.08
0 94.39 5.53 5.41
0 93.96 3.06 3.06
0 93.73 6.47 2.53
0.09 93.93 1.34 5.73
0 94.69 -4.08 2.99
0 94.46 -2.43 2.32
0 94.72 -3 4.97
0 95.05 -8.35 2.53
0.23 94.16 -8.37 1.54
0 94.53 -9.23 6.89
0.78 94.75 -9.57 1.91
0.07 94.65 -9.19 0.88
0 94.19 -4 2.14
0.02 93.9 -6.27 2.33
0.02 94.48 -10.7 3.65
0 94.42 -5.17 2.88
0 93.41 1.4 2.03
0 94.98 -5.11 4.02
0 95.42 -7.24 3.71
0 94.16 -7.7 2.73
0 94.15 -9.3 1.59
0 93.59 -7.62 1.8
2.07 93.56 -11.3 4.82
0 94.51 -15.48 1.26
2.51 94.95 -17.01 2.44
0.03 95.6 -18.18 2.4
0 95.41 -17.57 4.66
0 95.09 -16.31 5.11
0 93.8 -10.11 3.06
0 93.71 -8.22 1.12
0 93.75 -3.98 2.38
0 94.01 -4.29 2.63
0 94.29 -2.39 1.9
0 94.12 -10.3 1.41
0.11 94.67 -13.94 3.16
0 95.86 -19.09 3.7
0 95.79 -17.04 4.53
0 94.91 -16.4 4.09
0 93.82 -11.82 4.25
0 93.52 -11.9 2.14
0 94.15 -13.02 5.11
1.75 94.41 -14.42 2.61
0.01 94.56 -13.41 6.76
0.09 95.15 -12.71 7.66
0 95.7 -11.71 4.28
0 95.84 -12.01 4.11
0 95.46 -13.91 1.14
0 95.07 -13.66 2.43
0.01 95.22 -12.02 6.45
0 95.83 -10.96 4.36
0.01 95.1 -7.78 2.1
0.08 95.04 -10.66 3.89
0 95.54 -13.99 3.93
0 94.76 -10.87 2.52
0 94.37 -12.96 4.22
0 94.5 -15.28 1.92
0 94.52 -12.06 3.19
0.01 95.55 -16.21 2.84
0 95.95 -18.19 4.26
0 95.75 -15.1 3.27
0 95.58 -14.66 3.77
0 95.27 -14.45 3.28
0 95.27 -15.82 2.99
0 95.17 -13.69 2.77
0 94.99 -13.66 1.75
0 95 -15.37 3.48
0.02 95.28 -15.37 3.92
0 95.44 -15.02 2.85
0.02 95.61 -16.02 3.27
0 96.02 -17.67 1.76
0 96.3 -15.44 2.25
0.01 95.86 -16.19 3.42
0 95.55 -15.22 3.99
0 95.32 -11.42 3.19
0 94.92 -3.13 3.25
0 94.66 -4.53 1.6
0 94.63 -9.87 1.43
0 94.42 -5.66 2.18
0 94.74 -6.79 2.72
0.01 93.74 -2.52 5.91
0.01 94.48 -3.78 3.33
0 94.2 -7.87 2.22
0.33 94.38 -9.16 3.35
0.03 95.12 -11.84 1.63
0.27 95.11 -11.63 0.9
0.6 95.39 -15.05 3.95
0 95.47 -13.01 2.69
0.04 95.42 -12.58 2.63
0.03 95.29 -12.04 1.93
0 94.52 -3.94 2.26
1.81 94.65 -6.2 1.29
5.82 95.07 -6.25 2.68
0 94.99 -4.91 2.33
0 94.87 -0.03 3.18
0 95.16 -1.25 2.37
0 94.75 1.84 2.43
0 94.19 3.81 5.12
1.39 94.15 0.41 2.38
0.13 94.9 -5.43 2.53
0 95.49 -6.27 2.05
2.73 94.82 -2.18 5.16
0.15 95.81 -10.13 3.24
0.02 95.24 -9.12 4.89
0 94.87 -7.36 3.01
0 94.85 -7.83 3.08
0 94.97 -5.11 2.88
0 94.59 -1.3 1.57
0.04 94.14 0.41 3.06
0 95 -2.23 4.94
0 94.69 -2.11 4.96
0 94.75 -4.32 6.97
0 95.06 -2.24 4.31
0 94.82 -1 3.08
0 94.12 2.87 3.82
0 93.49 6.96 2.46
0.01 94.31 -0.09 5.44
0 95.41 -3.39 3.86
0 95.05 -5.74 5.82
0 94.81 -4.27 3.82
0 94.11 4.23 4.44
0 93.86 4.51 5.68
0 94.28 0.62 3.72
0 94.55 -1.23 1.8
0.77 95.09 -4.33 3.78
0 95.17 -3.04 3.78
0 94.92 -2.91 2.4
0 95.05 -3.31 5.29
0 96.29 -1.08 3.39
0 96.25 1.1 3.75
0 96.11 2.32 3.92
0 96.36 2.34 2.05
0 96.04 7.38 4.66
0 95.7 7.81 1.94
0 95.31 9.1 4.59
0 96.65 1.49 4.39
0 96.54 1.1 2.54
0 96.06 5.72 2.94
0 95.97 7.37 1.4
0 94.65 10.72 4.08
0.03 93.86 11.38 5.07
2.58 94.38 6.74 3.84
0 94.27 8.53 4.47
0 94.23 7.93 4.58
0.35 94.87 4.88 3.05
0 94.51 9 3.52
0 93.91 14.97 3.9
0 94.08 13.34 1.97
0.01 93.3 16.17 2.52
0 94.22 9.83 5.33
0 93.77 12.97 4.39
0.72 93.96 6.77 8.26
0.25 94.63 6.68 4.85
0 94.34 9.73 2.47
0 93.85 13.37 4.91
30.92 94.63 7.33 2.08
3.28 94.48 5.58 1.52
8.19 94.19 4.59 2.94
1.65 93.74 6.52 4.98
0.03 93.35 8.06 1.69
1.97 93.42 8.45 3.4
7.78 94.07 6.86 2.54
0 93.53 9.19 1.65
24.99 92.9 8 1.49
1.62 92.85 10.09 3.06
0.37 93.8 12.33 4.98
0.18 94.06 9.65 4.84
0 94.37 11.93 3.51
0.54 93.88 13.45 4.36
81.03 93.05 9.08 3.1
0.04 93.15 10.88 3.83
0 93.71 12.86 3.71
0.4 93.57 15.99 4.36
4.7 93.48 16.76 3.51
0 93.76 17.93 1.96
0.1 93.39 16.48 6.3
0.19 93.28 12.67 7.44
0 93.51 15.06 7.82
0 93.66 15.25 4.5
0 94.26 12.32 4.57
0 94.18 13.6 2.48
0 93.07 17.1 2.37
9.99 92.84 19.11 4.54
9.22 94.06 13.07 3.49
0.78 94.11 11.24 4.29
0.18 93.97 12.48 4.56
0 93.85 16.98 2.42
0 94.01 17 2.88
0 94.13 19.39 2.8
8.12 93.93 20.88 6.27
2.85 93.87 18.98 5.53
0.01 93.72 20.99 4.09
2.26 93.49 24.68 8.36
3.46 93.71 22.06 2.36
102.2 93.33 17.3 2.98
4.63 93.27 16.64 3.64
0.01 93.65 19.29 2.77
1.9 93.31 21.21 5.42
1.29 93.52 17.95 4.81
1.53 93.79 18.94 2.26
0.34 93.61 23.45 2.04
4.01 92.97 25.54 3.71
4.65 92.76 22.11 2.98
6.25 93.02 21.99 2.21
0 93.44 22.4 3.73
11.51 93.41 20.51 2.28
399 93.56 15.87 2.65
2.57 93.75 19.4 2.55
2.97 93.75 20.64 1.54
31.7 93.55 18.92 2.08
16.78 93.53 18.25 2.22
179.89 93.74 16.85 1.66
0.17 93.89 19.86 1.29
0 93.78 24.34 1.15
0 93.58 27.25 2.47
0.03 93.28 28.73 3.44
0 93.25 27.7 2.71
6.67 93.1 21.42 2.71
79.03 93.45 15.22 2.64
0.32 94.08 18.65 2.18
0 94.42 20.15 1.59
1.81 93.9 21.56 3
3.03 93.14 23.04 2.79
4.15 93.2 25.2 2.75
0.01 93.31 26.47 4.11
24.67 93.26 23.83 3.08
170.04 93.43 20.89 2.05
0.77 93.36 23.17 3.03
0 93.48 23.51 2.72
0 93.58 24.4 2.3
15.97 92.99 23.83 3.59
0.33 92.71 25.27 3.59
35.91 92.88 17.21 1.04
30.36 92.92 17.02 2.76
3.15 93.57 21.15 2.09
8.25 93.72 22.82 2.16
30.07 93.76 23.93 1.89
1.69 93.79 23.67 2.24
0.76 93.65 24.12 1.76
131.35 93.81 20.86 1.95
3.38 93.76 22.17 1.46
24.61 93.63 21.32 1.85
39.67 93.69 20.52 1.47
22.03 93.76 21.56 0.97
326.76 93.65 19.96 1.5
46.42 93.49 20.92 2.55
24.69 93.38 22.38 2.48
4 93.35 23.55 1.78
0.05 93.46 25.17 1.36
12.88 93.4 25.94 2.71
272.56 93.25 22.6 2.5
43.43 93.19 21.74 2.06
2.5 93.35 22.66 2.43
0.23 93.6 24.19 1.85
35.63 93.79 22.19 1.67
27.2 93.44 21.42 1.88
0.01 93.5 23.02 1.63
0.11 93.62 23.96 2.93
0.17 93.99 22.75 2.32
0.02 93.55 23.98 2.37
0 93.54 23.49 2.29
0.01 93.76 24.42 1.75
2.46 93.72 23.88 1.34
2.47 93.75 23.89 1.97
3.34 93.49 23.33 1.46
2.6 93.55 24.86 2.5
0 93.96 24 1.87
0 93.79 25.01 1.48
0 93.46 25.96 1.79
98.15 93.27 25.02 2.21
71.5 93.7 18.98 1.68
110.78 93.72 18.04 1.44
4.67 93.73 20.75 1.63
14.08 93.86 20.33 1.16
0.03 94.12 20.53 1.46
0.05 94.23 21.7 1.14
0 94.23 23.15 1.58
0.22 94.13 22.38 2.06
7.43 94.4 20.73 1.97
0 94.34 19.78 1.39
8.62 94.29 20.26 1.4
1.11 94.52 19.92 1.58
0.2 94.58 21.88 2.51
3.96 94.37 20.37 2.66
2.48 94.06 20.36 1.59
0.28 93.95 22 1.2
0 93.89 23.24 1.54
5.11 93.67 21.92 3.33
0.3 94.21 18.12 1.15
0 94.02 19.78 1.88
1.06 94.56 16.33 1.52
0.08 94.48 18 1.36
0 94.56 17.05 0.83
0 94.02 19.05 1.23
11.93 93.69 17.94 3.84
0.77 94.35 12.14 2.15
0.04 94.86 11.95 2.52
0.84 95.05 14.29 2.68
1.79 94.52 17.09 2.15
0.09 94.23 18.21 3.27
0.02 93.77 20.76 3.04
66.07 94 15.69 2.02
12.86 94.31 12.07 1.65
42.21 94.63 11.1 2.83
0 95 8.13 2.17
0 95.4 8.39 2.57
0 95.2 9.41 1.6
0 94.86 10.9 1.74
0 94.46 12.51 1.43
0 94.59 13.05 1.8
0 94.4 14.26 1.54
0 94.1 16.65 3.07
0.02 94.45 15.43 1.29
0.04 94.53 17.65 2.98
0.02 94.32 19.74 3.12
4.03 94.25 13.91 2.5
0.06 94.78 6.85 2.67
0 95.24 5.45 2.99
0 95.28 6.65 3.58
0 95.73 7.68 3.27
0 95.35 8.65 0.96
0 94.65 10.93 1.79
0 94.11 12.32 4.82
0 94.73 9.32 3.54
0 94.68 10.1 1.64
0 94.35 14.36 2.74
0.02 94.93 12.2 4.13
0 95.41 8.2 1.36
0 95.09 12.23 2.31
0 94.51 14.42 1.47
99.57 93.94 10.55 1.82
1.32 93.9 7.77 2.06
0.41 93.5 7.91 2.5
3.08 94.02 7.63 5.26
0 95.01 3.71 2.44
0 95.03 8.13 1.68
0 94.76 11.36 2.86
0 94.58 15 4.25
0 94.59 13.82 2.32
0.13 94.58 9.49 1.37
57.94 95.17 3.42 4.9
0 95.44 1.98 4.05
0 95.39 3.96 2.16
0 94.96 5.95 1.98
0.4 94.81 6.65 2.06
0 95.12 6.02 1.66
0 94.73 6.36 1.43
0 94.47 10.13 4.54
0 94.64 10.75 4.7
0.83 94.95 10.62 2.65
0.02 95.6 2.91 1.65
0.35 95.21 6.59 2.15
7.09 95.03 8.99 4
0.06 95.82 1.24 2.36
0.01 95.61 -0.34 0.9
0 95.51 2.64 2.2
0 95.5 1.53 1.57
0 95.26 1.17 1.54
0 94.61 1.56 1.4
0 93.98 4.25 2.43
0 94.29 4.86 4.41
0.02 95.12 -3.67 3.05
0 95.2 -6.28 1.48
0 95.22 -5.63 1.56
0 95.51 -4.43 1.48
10.35 94.79 -1.95 1.1
1.57 94.72 -2.48 3.06
0.28 94.83 -6.51 3.48
0 95.24 -7.23 2.91
0 95.24 -5.26 1.97
21.08 95 -7.56 2.04
1.48 95.5 -8.31 3.52
0 95.22 -10.52 0.91
0.03 95.16 -8.39 1.33
2.24 94.5 -1.23 1.73
0 94.59 -2.7 1.1
0 95.54 -5.82 3.05
0 96.05 -10.75 1.51
0 96.29 -8.75 2.4
0.04 95.51 -8.79 1.18
0.01 94.85 -6.33 1.09
0 95.05 -7.29 1.66
0 95.39 -9.45 1.49
0.23 95.58 -11.01 0.54
0.26 95.58 -8.3 0.6
0.21 95.88 -8.94 3.91
0.01 96.15 -12.47 4.57
0 95.69 -10.88 4.6
0 94.85 -6.15 4.7
0 94.96 -4.69 2.6
0 95.42 -8.71 1.14
0 94.64 -3.3 4.05
0 95.42 -10.18 5.23
0 95.62 -13.74 4.42
0 95.71 -12.08 4.41
0 95.49 -10.44 3.16
0 95.54 -11.36 2.54
0 95.48 -13.43 0.61
0 95.09 -11.16 2.85
0 95.07 -11.02 3.19
0 95.28 -12.8 1.99
0 94.83 -10.52 2.98
0 95.03 -15.2 1.26
0 95.52 -14.52 1.13
0 95.74 -13.57 1.19
0 95.26 -8.3 1.59
0 95.75 -13.35 1.69
0 96 -16.07 1.37
0.03 95.42 -12.86 1.02
0 95.28 -9.39 3.19
0.08 95.66 -12.12 2.47
0.16 95.05 -12.26 2.76
0.07 95.25 -12.95 5.19
0 95.44 -12.14 2.75
0 95.27 -13.25 2.28
0 96.07 -16.02 1.37
0.04 95.94 -16.66 1.25
0 95.53 -13.48 1.53
0 95.5 -14.79 0.93
0.04 95.57 -14.93 3.16
0 95.54 -13.17 3.19
0 94.75 -8.14 3.43
0 95 -10.73 2.36
0 94.95 -10.29 2.42
0 94.65 -11.47 1.19
0.02 94.56 -11.31 1.02
0.03 94.75 -14.24 0.66
0 94.87 -12.87 1.41
0 95.36 -14.17 0.92
0.01 96.07 -15.83 4.18
0 95.87 -19.65 2.37
0 95.47 -18.36 3.26
0 94.95 -18.86 2.74
0 94.82 -18.23 2.09
0 94.4 -15.81 2.57
0 94.59 -15.36 2.33
0 95.12 -17.72 1.52
0 95.3 -16.37 2.07
0 95.71 -17.07 2.14
0.01 95.31 -19.6 1.03
0.07 94.87 -18.31 3.2
0 95.64 -18.39 5.11
0 95.58 -15.87 3.36
0 94.61 -14.27 2.74
0 94.68 -10.73 2.77
0.04 94.12 -7.77 1.55
0.01 94.84 -14.03 5.58
0 94.98 -16.61 4.81
0 94.55 -13.77 4.73
0 94.74 -11.68 3.12
0 95.09 -13.46 2.43
0 95.16 -13.1 1.63
0 94.73 -8.81 2.49
0.01 94.56 -5.58 2.28
0.1 95.17 -11.03 2.97
0 95.07 -11.9 3.02
0.02 95.18 -12.48 4.28
0 95.28 -13.51 5.64
0 95.17 -10.22 3.69
0 94.54 -6.09 3
0 94.78 -9.75 1.85
0 94.52 -11.99 0.85
20.39 94.18 -9.73 3.35
0 95.07 -7.72 2.63
10.12 94.96 -6.72 2.63
0.01 95.36 -9.15 3.58
0 95.29 -9.21 2.1
0 94.73 -7.31 1.37
0 94.3 -1.57 2.78
0 94.57 -1.29 1.97
7.24 95.2 -4.62 1.46
0.13 95.37 -9.08 1.39
0.12 95.26 -6.89 1.71
0.03 94.65 -3.04 1.63
31.05 94 -4.97 1.54
33.07 94.03 -5.74 2.66
0.01 94.63 -5.9 3.48
0 95.36 -9.18 3.23
0 95.04 -10.8 1.81
0.07 94.97 -10.07 5.16
0 95.38 -8.55 4.09
0 95.07 -7.34 2.01
0 94.42 -2.75 3.42
0 94.96 -2.05 1.95
0 94.45 3.28 3.69
1.09 93.61 6.18 4.16
13.37 94.51 -5.36 3.76
4.85 95.26 -9.97 2.63
0 94.95 -2.75 2.6
0 94.89 -1.18 1.66
0 94.23 4.65 4.92
0 94.88 1.45 1.79
3.21 93.96 0.65 4.69
0 94.41 -1.09 6.06
0 94.85 -0.65 3.97
0 94.51 5.1 2.99
0 94.77 7.95 3.53
0 94.83 9.13 4.02
0.1 93.84 9.32 9.64
0.19 94.53 0.13 5.08
0.1 94.55 -1.6 5.3
0 94.6 -2.03 1.52
0.92 94.49 0.35 2.82
0 94.06 3.74 4.59
0 93.94 3.05 5.85
0 94.15 2.82 5.16
0.06 94.51 2.87 2.71
0 93.96 10.72 4.2
0 94.12 9.89 5.56
0 93.96 13.6 4.2
1.65 93.81 13.48 6.39
1.09 94.14 7.58 5.56
0 93.6 11.04 3.89
0 93.39 14.75 4.34
0 93.46 14.18 3.61
0.9 94.18 7.63 4.08
0 94.33 8.55 2.8
0 93.32 17 3.48
0 93.39 20.09 3.41
0.61 93.77 16.6 5.86
7.43 94.37 13.69 2.36
0.48 93.81 13.42 2.81
0.08 93.21 14.39 1.88
0.24 93.05 19.26 4.8
234.71 93.72 11.99 2.82
27.61 93.66 8.88 4.68
0 92.95 10.87 5.13
0.06 92.66 10.06 9.19
0 93.92 8.69 4.47
0 93.9 12.1 3.04
1.5 93.59 18.13 4.18
0.15 94.31 15.1 2.5
22.29 93.78 15.47 1.92
0 93.8 20.63 3.02
0.2 94.06 18.61 2.38
0 94.08 17.05 4.33
0 93.71 16.25 3.01
0.76 93.68 16.76 2.87
0 93.9 18.77 2.79
0.02 94.07 21.27 2.9
20.8 94.46 17.97 2.77
87.54 94.41 13.43 1.58
18.97 93.8 13.97 2.45
24.65 93.58 10.72 2.66
1.05 93.55 10.9 4.48
0.01 93.3 11.51 3.3
2.56 93.1 11.46 5.71
0.02 93.54 15.51 1.46
0 93.33 23.48 3.93
2.33 94.04 19.27 3.28
1.57 94.36 18.58 2.54
0.05 94.11 21.14 5.15
5.71 93.89 19.5 3.66
1.06 94.04 17.08 4.29
0 94.09 16.01 3.38
0 93.82 17.64 2.44
0 93.54 18.8 2.45
0 93.98 20.01 2.23
0 94.03 23.54 1.86
6.02 94.12 18.29 2.41
31.39 94.52 14.18 3.96
0.07 94.59 16.49 1.54
8.09 94.07 18.02 4.28
6.89 93.87 15.93 2.74
21.95 93.66 15.77 2.21
6.32 93.36 17.53 3.03
0.42 93.6 20.09 2.65
1.52 93.08 21.04 3.06
28.35 93.01 21.56 2.96
51.72 92.98 21.25 2.16
14.33 92.84 21.01 3.09
3.83 93.02 16.79 3.09
1 92.68 15.81 4.03
7.66 92.84 15.12 1.81
126.87 93.51 12.51 1.38
396.05 93.72 13.67 2.85
322.56 93.71 14.76 3.41
6.92 93.53 19 1.54
3.71 93.45 21.23 1.28
2.23 93.67 21.06 1.72
6.9 93.4 21.75 1.3
4.81 93.41 22.61 2.37
0.84 93.57 22.5 1.11
113.36 93.55 20.02 1.19
0.91 93.23 22.33 1.61
33.77 93.25 22.19 3.53
24.79 93.63 20.79 3.24
6.34 94.01 22.68 2.39
0.58 94.18 23 1.57
4.96 93.87 21.3 3.06
17.14 93.48 22.18 2.61
0 93.36 23.72 2.31
0.81 92.97 24.07 4.27
5.27 93.02 21.67 4.24
1.02 93.04 21.47 3.61
0.03 93.39 22.48 1.47
0.41 93.52 21.96 2.09
0.26 93.4 23.6 1.72
9.3 93.35 23.95 2.58
125.37 93.32 25.06 2.6
7.07 93.38 25.38 2.41
194.37 93.02 20.97 1.6
63.37 92.86 18.01 3.23
171.99 93.25 17.9 3.71
37.52 93.77 20.22 3.08
0 93.74 20.56 1.35
0 93.75 22.09 1.42
0 93.97 24.12 1.3
0 94.02 25.27 2.01
0.04 93.84 25.08 1.88
0.85 93.76 24.26 1.63
5.77 93.69 23.92 2.18
29.96 93.59 22.79 0.88
410.36 93.24 21 3.68
0 93.68 22.55 1.73
0 93.86 23.53 2.33
2.09 93.74 24.99 3.27
75.47 93.35 25.84 3.62
0.59 93.83 23.06 1.61
40.75 93.27 23 3.12
5.63 93.03 23.2 4.5
0.1 93.71 21.83 1.75
18.02 94.03 20.07 1.64
97.2 94.2 18.82 1.49
62.23 94.13 19.49 1.46
5.17 94.13 21.42 1.95
32.83 94.2 21.71 1.76
0 94.36 23.24 1.33
0 94.18 23.66 1.56
0 93.72 25.6 2
4 93.67 25.2 2.1
1.56 93.99 23.44 1.64
0 93.82 23.38 1.74
10.64 93.96 18.86 2.62
31.25 94 16.64 1.96
0.32 94.06 19.23 1.72
1.06 93.68 19.11 2.24
1.99 93.81 21.27 2.13
0 94.1 21.9 2.4
0.03 93.59 23.7 3.55
28 93.77 22.25 2.58
0.83 93.86 19.98 1.17
3.51 93.86 19.27 2.56
3.29 94.41 15.29 1.55
0.02 94.53 16.16 2.11
0 94.18 21.42 3.03
0 94.14 23 2.5
0.13 94.01 23.52 2.33
0.72 94.13 21.27 1.02
3.43 93.98 21.18 1.83
0.36 93.64 22.09 2.11
0.3 93.77 22.44 3.32
0 93.91 25.26 2.75
0 94.03 26.16 2.72
0.26 94.09 24.79 2.05
204.21 94.14 14.79 3.44
9.06 94.46 13.15 3.76
0.15 94.46 11.76 1.71
0.75 94.49 15.42 2.21
0 94.41 19.86 2.21
6.61 94.56 19.22 1.78
0.37 94.51 17.32 1.25
0 94.43 18.19 1.23
0 94.33 20.85 2.1
15.49 94 19.4 2.04
53.71 94.09 12.05 3.91
0.15 94.18 10.67 2.48
0 94.56 14.09 1.69
0.03 95.06 13.35 1.43
0 95.18 12.69 1.43
0 94.56 13.33 2.17
0 94.05 14.46 2.34
0.05 94.01 14.83 1.12
0 94.17 16.6 1.56
0.94 94.07 19.15 2.49
0.47 94.14 17.51 1.46
0.9 94.53 15.23 1.6
0.12 94.79 15.46 1.82
19.68 94.59 14.65 2.44
0.59 94.91 13.34 0.87
52.06 94.53 10.03 1.25
105.91 94.54 9.45 7.37
0.4 94.73 10.67 4.3
0 94.71 10.14 1.62
0 94.5 12.38 1.42
0.25 94.32 13.16 2.39
0.38 94.16 12.26 3.64
0 94.3 12.34 1.95
0 94.89 9.29 1.94
0 95.23 11.28 1.51
0 95.08 13.16 1.26
0 94.52 17.15 2.44
6.82 94.17 12.39 3.57
0 94.67 6.93 2.09
0.01 94.25 9.45 1.94
0 94.11 11.95 1.72
0.05 94.51 7.58 4.3
0 94.92 6.09 2.66
0.01 94.99 6.45 2.34
40.63 94.34 8.59 3.41
0 94.36 3.86 4.6
0 94.53 4.51 2.45
0 94.27 8.62 2.58
0 94.82 4.96 1.49
79.62 95.08 0.52 0.76
103.53 94.51 1.56 1.09
0 94.14 4.92 1.69
0 93.89 8.76 3.43
0 94.52 7.86 2.44
0 94.48 11.61 3.24
1.67 94.47 9.9 4.06
0 95.39 2.18 1.3
1.98 95.29 -0.78 1.88
0.02 94.81 -0.46 4.01
0.01 94.68 -1 2.41
0 94.65 1.75 1.71
0 94.9 -1.92 2.06
3.02 94.99 -2.1 1.37
219.11 94.75 -1.83 22.76
81.46 94.87 -0.89 3.44
0 94.81 -6 1.34
0 94.45 -2.52 2.01
0 94.7 -2.66 1.44
0 95.15 -5.83 1.22
55.12 94.85 -4.6 1.16
84.18 93.57 -3.16 6.72
0.11 94 -4.82 3.45
0 94.07 -6.57 5.13
0 94.87 -5.27 3.89
0 95.11 -7.49 1.5
23.81 94.63 -3.79 2.06
0 94.54 -7.34 20.54
0 94.16 -7.2 2.53
0 94.78 -4.67 3.03
0 94.85 -7.58 1.64
0 94.52 -3.07 3.32
5.89 95.05 -7.09 2.48
0 94.86 -6.11 3.1
0 94.32 -5.39 2.65
0 94.3 -4.68 4
0 94.38 -9.61 2.54
0 93.35 -3.72 5.5
0.01 94.22 -8.41 3.84
0.01 94.78 -11.14 1.75
0 95.48 -14.23 1.82
0.06 95.02 -15.98 1.45
0.1 93.94 -4.75 3.21
0.51 94.23 -9.11 3.81
0 94.51 -12.62 1.92
0 94.53 -14.15 3.44
0 94.45 -16.48 3.51
0 94.64 -18.22 2.33
0.01 94.61 -17.88 5.28
0 94.77 -12.15 5.87
0.02 95.42 -15.63 1.74
0.01 95.55 -15.46 1.32
0.03 94.9 -13.72 0.87
0.01 95.01 -11.41 1.32
12.14 95.15 -13.49 0.96
0.42 94.9 -10.67 1.54
0.2 95.28 -14.54 1
0 95.6 -13.61 4.22
0 95.68 -15.71 2.96
0 95.12 -16.52 1.33
0.06 95.23 -13.68 32.5
7.71 95.29 -12.6 4.25
0 95.73 -17.87 3.31
0 95.46 -20.96 1.72
0 94.57 -19.89 4.11
0 95.77 -20.04 2.53
0 95.47 -20.38 1.39
0 94.94 -14.99 1.55
8.21 94.98 -17.15 1.05
13.25 94.94 -13.51 5.03
0 94.57 -16 3.52
0.01 94.04 -16.23 1.55
0 94.52 -19.14 5.03
0 95.58 -18.8 7.03
0 96.17 -16.69 2.13
0 95.21 -17.03 1.51
0 95.1 -15.88 1.2
0 94.97 -17.95 1.73
0 94.91 -17.93 1.78
0.01 95.29 -18.2 2.23
0 95.06 -15.83 1.62
0 94.96 -17.46 1.4
2.26 94.64 -16.69 0.89
0 94.7 -15.14 1.36
0 94.68 -15 1.12
0 95.21 -11.23 2.14
3.51 94.93 -16.03 1.79
0 95.62 -15.32 3.64
0 95.82 -12.46 1.79
0 94.85 -7.59 3.23
0 95.39 -11.32 1.45
14.94 95.43 -12.13 1.06
0.28 95.5 -10.47 2.11
0 95.18 -14.68 1.32
0.01 94.07 -8.98 2.78
0.02 94.7 -16.18 4.65
0 94.73 -17.22 1.73
0.04 95.05 -16.98 1.48
0.01 94.9 -13.25 2.61
0 94.55 -8.16 1.63
0 94.77 -7.99 1.33
0.01 94.68 -7.8 1.22
0.57 94.63 -8.8 1.51
0.26 95.31 -10.37 5.24
0 95.32 -12.64 2.29
0.46 94.35 -11.27 2.41
0 95.12 -11.12 2.83
0 94.67 -9.4 2.28
5.23 95.02 -17.88 4.79
0 95.77 -19.16 6.63
0 95.63 -17.69 1.36
1.5 94.82 -14.28 1.99
0 95.43 -15.3 2.06
0.02 95.42 -14.39 1.66
0 94.69 -8.2 51.06
0 94.52 -7.59 3
0 95.17 -12.16 2.44
0 95.08 -11.49 1.5
0 94.29 -7.34 2.03
0.01 94.38 -6.57 4.57
0 95.08 -13.51 3.87
0 95.23 -14.64 2.18
0 95.19 -13.41 2.16
0 95.03 -9.94 2.94
0 95.25 -8.97 2.44
0 95.2 -5.7 1.62
0 95.42 -8.7 1.65
8.28 95.14 -9.23 2.29
0.14 94.29 -3.32 2.57
0 94.22 -0.32 3.12
0.05 93.65 -4.35 7.3
0 95.54 -9.76 6.75
0 95.46 -5.86 1.72
0 94.44 -1.57 3.15
0 94.76 1.38 3.86
0 94.12 4.94 3.38
0 94.13 3.49 2.07
0 93.53 2.7 2.21
0 93.5 -1.95 2.32
0 93.61 -4.98 5.25
0 94.95 -2.61 2.13
0 94.1 5.27 4.25
5.5 94.26 -0.73 4.37
0 95.39 -7.32 4.51
0 94.73 1.47 3.57
0 94.4 5.45 2.88
0 94.75 5.05 3.9
0 93.38 7.19 4.05
1.66 93.56 -4.3 3.62
41.15 94.33 -9.02 3.25
0.08 94.63 -8.81 3
0 93.34 0.41 6.91
0 94.42 -4.18 3.33
35.96 94.16 -7.15 4.02
0 94.81 -6.03 3.75
0 94.63 -2.56 1.97
0 93.56 3.83 4.63
3.34 93.94 -0.69 4.12
0 94.71 -1.9 3.52
0 94.96 -2.81 2.75
0.14 94.78 -0.72 1.84
11.77 94.54 -0.1 1.97
152.89 94.74 -0.03 2.83
0 94.04 3.11 3.86
0 94.29 3.89 3.25
19.04 94.46 -2.07 2.25
58.4 94.68 -1.95 3.63
0 94.42 -0.91 2.8
0.15 93.53 1.24 3.84
8.05 93.56 -0.23 3.03
1.69 94.51 -0.24 4.74
0.99 94.33 0.68 4.18
0 94.38 1.88 4.31
0 93.86 7.67 3.03
0.09 93.54 4.61 4.98
0 93.7 1.31 7.22
0 93.52 2.95 1.98
13.7 93.81 2.12 3.27
95.64 94.09 0.05 414.97
10 95.05 -0.39 5.53
0 95.07 0.91 2.08
0 94.73 4.02 3.17
0 94.36 7.7 2.3
0.08 93.66 13.45 5.59
95.22 93.86 7.14 2.08
0.23 93.8 7.77 3.08
0.01 93.92 8.15 5.11
0 93.97 9.23 1.92
0 93.86 13.59 2.01
1.22 93.58 12.88 5.44
0.06 93.89 11.17 7.62
0.18 94.43 9.83 6.21
0.14 94.48 10.25 1.9
0.62 94.37 12.04 2.59
0.98 94.53 12.08 2.2
0 94.18 17.98 3.04
0 94.46 20.04 1.89
0 94.42 21.26 2.61
0 94.33 22.49 3.69
0.07 94 23.14 5.76
18.67 93.78 14.42 1.87
73.99 92.91 13.73 3.64
0 92.57 17 5.73
0 93.17 15.68 3.38
0 93.13 19.36 2.05
0.25 93.83 15.05 5.93
0 94.75 15.18 2.56
0 94.57 17.36 2.64
3.03 93.86 19.14 3.15
0 93.29 21.36 3.94
5.17 92.72 16.57 5.24
0 92.72 17.52 3.97
0 93.17 18.08 3.55
0 94.01 19.87 3.13
32.47 93.69 25.39 6.32
0.4 94.42 17.89 2.29
0 93.94 21.61 2.22
0.44 93.61 22.92 4.81
0.49 93.38 21.48 4.98
0.6 93.29 20.37 4.08
0 93.58 18.51 4.99
0 93.39 23.66 2.45
0.01 92.93 27.02 6.21
0 93.8 19.37 2.94
2.2 93.41 18.39 4.48
0.02 93.78 16.48 2.72
3.25 94.29 17.56 3.25
7.73 94.12 19.33 2.59
4.57 93.82 20.62 4.31
1.06 93.66 23.66 3.46
0.29 93.5 23.57 5.58
46.24 94.02 15.7 3.41
0.57 94.23 18.11 1.84
3.09 93.98 16.32 1.84
1.09 93.7 17.72 1.79
0.02 93.66 23.95 5.1
0.09 93.64 25.59 4.75
1.82 93.58 25.74 3
155.65 93.67 19.01 2.25
5.11 93.39 20.94 1.34
19.35 93.1 20.4 1.69
0.16 93.43 23.34 2.45
0 93.96 23.39 2.44
0.02 94.14 23.48 1.83
0.49 93.82 23.46 1.48
16.16 93.48 22.45 1.8
22.98 93.32 21.87 3.21
83.91 93.06 21.04 2.47
108.7 92.8 19.36 1.38
19.5 92.94 22.41 2.13
67.27 93.39 20.86 2.14
50.38 93.32 23.36 3.34
29.78 93.25 24.23 3.91
18.52 93.09 23.81 2.57
93.19 92.75 21.89 2.91
0.02 92.68 24.54 4.14
0.66 92.71 24.62 3.15
0.34 93.07 24.12 2.34
0.46 93.18 26.05 3.34
9.01 92.96 26.26 4.19
31.6 93.37 23.8 2.74
31.95 93.6 21.77 1.54
0.36 93.82 23.01 1.33
0.21 93.79 22.45 1.29
8.95 93.77 22.39 2.37
72.95 93.94 21.48 2.06
0.05 93.89 24.2 1.61
205.46 93.15 21.64 2.94
29.9 93.03 22.38 4.14
0 93.54 24.6 3.41
0.08 93.39 23.73 3.7
92.41 93.46 19.96 2.61
1.93 93.65 21.39 1.9
0.1 93.61 23.96 1.88
9.38 93.45 23.83 2.2
28.29 93.06 23.98 1.44
0.42 93.18 23.28 4.26
0 93.49 24.38 2.3
0.01 93.46 25.24 1.95
48.37 93.24 22.95 2.18
2.47 93.22 24.84 2.62
0.82 93.11 25.2 1.84
0.49 92.91 26.89 1.41
16.68 93.04 25.23 1.97
4.19 93.27 26.21 3.26
0.12 93.5 26.63 3.02
0.52 93.32 25.77 2.75
6.16 92.96 26.7 2.63
5.35 92.85 25.48 1.48
68.22 92.97 25.65 2.15
5.25 93.27 26.07 1.92
2.74 93.05 26.91 1.93
22.16 93.29 23.18 1.46
0.45 93.67 24.6 1.4
1.7 93.7 26.94 2.84
14.95 93.37 25.66 2.94
1.51 93.42 25.14 3.02
137.74 93.34 25.62 2.39
12.89 93.5 23.84 1.14
249.95 92.95 22.83 0.96
0.03 94.86 24.22 2.42
0 94 21.64 2.99
0 94.26 20.43 2.1
0.91 94.2 20.28 1.66
3.27 93.72 23.65 2.04
0.11 93.92 21.9 2.38
0 94.16 21.4 1.5
0.01 94.15 21.62 1.91
8.61 93.84 21.15 1.63
2.78 93.99 18.55 2.08
31.4 93.86 18.59 1.19
219.4 93.25 17.83 0.91
72.91 93.59 13.53 3.05
0.04 94.17 15.35 2.57
13.41 94.23 16.63 2.43
0.43 94.5 14.51 1.46
1.62 94.66 14.62 1.3
0 94.74 14.89 1.52
1.45 94.6 16.54 2.2
161.2 94.59 14.03 1.68
25.24 94.63 13.55 0.84
1.35 94.66 15.43 1.41
0.61 94.58 17.4 1.76
3.54 94.09 18.84 2.85
0.03 94.24 16.72 1.78
0 94.2 18.22 3.4
0.58 93.94 21.57 4.48
7.03 93.26 20.81 3.81
0.07 93.76 19.17 4.11
0 94.38 12.45 2.16
0.31 94.02 15.76 2.09
1.52 94.69 15.21 1.09
13.98 95.09 14.14 0.55
9.34 94.02 20.13 3.9
0 94.53 17.81 1.87
0.01 94.48 18.61 0.76
0.55 94.3 19.37 3.46
12.37 94.79 12.19 3.34
0 95.01 8.23 2.05
0 94.83 10.66 3.1
0 94.4 12.32 2.86
0 93.67 19.47 4.31
0 93.87 15.7 2.92
0 94.87 11.25 0.92
0.5 94.67 13.18 1.86
62.71 94.77 10.29 2.77
0 94.85 10.61 3.32
0 94.58 8.89 2
0 93.81 19.04 3.92
0 95.06 11.73 1.15
0 94.87 14.91 3.37
0.01 95.3 10.62 2.55
0.08 94.7 10.97 2.42
0 93.63 17.2 2.92
6.16 93.83 13.35 5.22
0 94.26 9.56 3.33
0 94.77 10.74 1.49
7.01 94.72 12.09 4.48
0.93 95.71 2.48 4.9
0 95.63 2.37 1.36
0 95.23 7.45 1.76
0 95.2 6.65 1.31
0 94.9 12.93 4.05
50.23 95.22 9.49 1.38
0.55 95.28 6.79 1.98
0 95.11 6.03 1.69
60.11 94.99 4.69 2.53
21.56 94.89 0.72 2.13
0 95.08 3.89 5.35
0 95.4 5.84 3.85
0 94.9 4.49 1.25
0 94.29 7.02 2.08
1.41 94.95 5.72 2.44
0.48 95.47 3.46 2.72
0 95.35 3.39 1.53
0 95.5 3.48 1.11
0 95.22 4.41 2.14
0.17 94.65 8.9 2.68
0.77 95.02 7.43 3.57
0 95.31 5.71 1.81
0.01 94.5 6.97 3.34
0.06 94.17 5.69 4.46
0 94.54 2.77 3.22
0 94.63 -0.45 1.37
0.03 95.28 -0.11 3.8
0 95.13 -1.9 4.73
0 95.2 1.29 2.54
0 95.13 1.83 2.34
0 94.43 3.11 3.1
0 94.23 2.02 3.14
0 94.2 3.27 2.25
0.09 94.43 1.67 3.75
0 94.79 -4.11 4.92
0.01 94.99 -4.27 8.21
0 94.9 -4.03 4.02
0 94.95 -1.85 3.99
0 95.11 -3.44 1.74
0 94.82 1.25 2.1
0 94.57 -0.05 1.83
0.01 94.29 -0.7 3
0 94.1 -4.74 4.71
0 94.22 -7.42 4.52
0 94.39 -10.47 6.95
0 94.62 -5.56 5.25
0 94.2 1.77 3.97
0 94.92 -2.63 3.78
567.7 94.6 -0.1 3.29
567.7 94.41 0.16 1.68
567.7 94.67 2.48 2.14
567.7 94.74 1.68 3.49
567.7 94.91 -0.95 3.98
567.7 94.5 -2.37 1.03
567.7 94.59 -5.87 1.73
567.71 94.58 -5.26 2.98
567.7 94.79 -6.54 3.14
567.78 94.24 -8.74 4.22
567.81 94.23 -9.72 1.58
567.7 94.36 -12.36 4.64
567.7 94.65 -11.79 4.35
567.7 95.03 -9.07 3.31
567.7 95.64 -9.44 1.24
567.7 95.65 -11.76 1.2
567.87 95.92 -13.42 2.87
567.78 95.52 -13.11 4.53
567.78 95.41 -12.12 4.31
567.7 95.81 -11.1 3.34
567.7 95.82 -10.61 1.64
567.7 95.52 -10.91 1.55
567.7 95.72 -9.85 1.43
567.7 95.57 -9.53 1.35
567.71 95.06 -7.05 3.07
567.73 95.53 -10.47 6.12
567.7 95.22 -11.01 2.54
567.7 94.7 -11 3.2
567.7 93.94 -5.41 4.32
567.7 93.77 -4.95 3.87
567.7 93.38 -4.08 4.1
567.7 93.85 -5.15 2.78
567.7 94.08 -3.11 4.03
567.7 94.78 -6.88 2.28
573.05 94.67 -9.19 1.71
572.39 94.94 -10.57 1.37
567.7 94.47 -5.11 3.97
567.7 95.21 -8.34 2.72
567.7 95.62 -15.3 3.68
567.7 95.14 -15.17 2.47
567.7 95.18 -13.01 2.7
567.7 95.29 -11.46 2.77
567.7 95.83 -14.08 2.33
567.7 95.52 -15.33 2.29
567.7 95.51 -12.12 1.89
567.7 95.33 -8.55 1.96
583.48 95.51 -13.05 1.47
567.7 95.34 -12.15 1.41
567.7 95.59 -8.96 2.14
567.84 94.55 -9.46 3.83
567.7 95.13 -10.99 4.95
567.7 95.25 -10.72 2.05
567.7 94.57 -7.27 1.94
567.7 93.67 -2.13 2.69
567.7 94.43 -4.8 1.83
567.7 95.35 -10.56 3.93
567.7 94.7 -6.37 4.34
567.7 94.25 -4.07 4.75
567.7 94.77 -8.81 4.14
567.7 93.37 1.04 7.08
567.7 94.3 -9 3.13
567.7 94.42 -8.74 1.72
0.07 93.95 -5.55 2.43
0.02 94.05 -5.91 5.27
0 94.84 -13.85 4.84
0 95.03 -12.19 2.33
0 95.24 -14.11 1.42
0 95.51 -11.89 1.4
6.25 95.19 -11.9 1.29
18.53 95.27 -12.88 3.4
0 95.83 -14.84 3.68
0 95.6 -15.76 2.12
0 95.06 -13.9 1.83
0 95.75 -15.5 1.49
0 95.58 -14.05 1.79
0.03 94.77 -6.48 2.89
0 94.91 -8.55 2.34
0.04 95.52 -9.22 2.6
0 96.06 -11.76 1.66
0.99 95.58 -10.94 1.57
6.73 95.33 -11.72 1.59
0 95.2 -8.11 2.14
0 95.2 -5.66 2.58
0.16 95.79 -8.81 1.24
0.03 95.54 -5.29 0.85
0 95.03 -2.05 1.59
0 94.85 2.59 2.5
0.16 94.55 5.14 4.61
0.7 95.37 -4.95 4.71
0.02 95.03 -7.47 1.73
0 94.94 -6.92 2.24
0.16 94.87 -6.93 2.28
0.28 94.87 -7.29 2.36
2.06 95.18 -5.92 2.86
0 95.2 -8.2 2.7
0 95.36 -9.75 2.48
0 95.36 -8.33 2.18
0 94.91 -6.92 1.96
0 95.21 -6.39 3.36
0 94.59 -3.84 1.57
0 94.46 -0.81 5.32
0 95.15 -2.31 4.8
0 94.7 -3.5 2.32
0 94.16 1.38 3.14
0 93.96 6.57 2.96
0 94.29 3.91 2.79
0 93.82 7.46 4.75
0 94.99 2.89 1.97
0.02 94.93 2.8 4.25
0 95.21 3.32 4.83
0 94.55 5.71 2.72
0 94.71 7.21 2.89
0 94.84 8.24 3.15
0 93.79 13.98 5.99
0 93.93 10.7 2.46
0 93.95 10.53 3.33
0 93.91 10.21 3.73
32.37 93.75 12.03 3.7
17.26 94.25 9.28 2.3
0 94.44 10.52 2.45
0.2 94.55 6.72 1.86
0 93.93 11.61 2.64
0 94.8 6.59 3.95
0 95.1 0.64 4.7
0 94.28 6.2 4.88
0 94.87 4.7 4.54
0 94.18 13.81 4.24
0 94.24 13.21 1.76
0 94.01 14.11 2.17
0 94.36 10.6 4.13
0 95.02 8.56 1.81
0.3 94.59 10.78 2.5
0.13 94.32 12.17 2.42
0 94.45 13.21 1.54
0 94.35 18.09 3.51
0 94.99 11.85 3.14
0 94.28 12.49 3.02
19.1 94.36 4.8 2.69
0.01 95.01 6.44 2.35
34.96 94.72 7.02 2.84
0.02 94.3 7.93 60.88
0 94.41 10.36 4.18
0 94.05 13.54 3.33
0.23 93.68 16.44 3.41
1.11 93.87 19.13 3.87
0.1 94.46 16.03 5.14
20.66 94.7 11.12 4.3
0 95.08 11.05 1.95
0 94.93 12.83 2.33
0 94.27 14.92 1.39
0 93.66 19.52 2.26
1.2 93.68 16.93 4.59
178.53 94.35 5.46 4.6
2.99 93.84 7.31 4.65
22.47 94.09 4.2 5.48
0.03 94.32 7.25 4.73
0.04 93.73 11.72 2.89
148.05 93.86 6.17 4.34
0.27 94.36 10.58 1.64
112.69 94.64 8.7 2.89
1.84 94.47 11.53 3.19
159.4 93.7 8.81 2.37
99.74 92.75 13.43 3.39
0 92.97 15.85 4.06
0.03 93.32 13.1 3.55
0 93.08 12.72 3.38
0.01 93.91 15.88 3.62
3.44 94.23 15.56 2.36
1.19 93.86 17.17 2.48
66.62 93.5 14.85 1.68
1.57 93.56 16.33 2.97
0.01 93.69 17.9 3.22
0 93.65 21.18 2.65
0.19 93.92 24.91 4.3
33.46 93.79 17.34 3.47
0.19 93.28 16.48 6.54
0 92.84 19.85 4.08
6.44 92.66 18.04 2.99
0.25 93.07 21.51 2.44
0 93.23 22.87 17.58
0.06 93.72 25.09 3.2
0 93.59 29.59 5.16
3.24 93.9 24.35 3.83
0.12 94.02 22.5 3.08
0 93.98 22.56 2.75
0.21 93.77 22.18 2.14
4.24 93.61 23.56 2.75
376.17 93.81 14.85 2.18
164.07 93.65 12.34 3.56
43.2 93.26 14.39 3.73
51.81 93.57 15.77 2.24
55.73 94.02 14.8 1.66
9.88 94.1 17.9 2.04
4.21 93.93 19.57 2.46
26.08 93.95 20.98 1.9
0.01 93.79 21.63 2.47
1.25 93.61 22.52 1.67
79.76 93.41 20.01 2.74
54.95 93.28 19.22 1.87
112.42 93.47 17.06 2.39
1.13 93.73 18.75 1.61
7.96 93.83 19.85 2.54
2.1 93.95 19.75 1.73
57.41 94.05 19.66 3.05
0.36 93.89 21.69 1.68
0.07 93.46 23.68 2.22
42.12 93.2 23.13 3.3
7.19 93.37 21.24 3.82
0.18 93.83 21.58 4.07
0.28 93.76 22.57 2.93
0 93.81 24.33 1.46
0 93.74 25.12 1.76
9.5 93.67 24.3 3.22
23.84 93.35 20.97 3.1
8.85 93.09 23.89 2.36
0.02 93.6 25.42 2.3
0.19 93.57 27.03 4.13
0.76 93.52 26.26 1.68
1.43 93.26 25.57 3.65
7.76 93.21 23.29 4.39
0 93.45 23.16 3.35
0 93.23 23.22 3.78
14.88 93.31 21.65 3.9
1.75 93.5 21.14 3.27
0.19 93.41 22.13 2.71
1.45 93.46 23.57 2.08
23.01 93.37 22.84 2.07
53.83 93.5 20.14 16.66
2.08 93.74 21.59 16.48
0.09 93.79 25.77 1.5
2.56 93.83 29.06 3.32
1.19 93.41 29.47 4.14
28.62 93.38 24.06 3.05
0.06 93.68 22.41 1.89
0 93.41 24.58 2.8
0.02 93.81 22.51 1.9
0 93.86 22.96 1.69
0 94.04 22.85 1.93
1.21 93.85 25.24 1.91
25.32 93.33 27.49 3.35
4.25 93.4 25.41 3.83
4.35 93.54 24.51 1.64
0 93.62 27.44 3.25
0 93.62 27.57 2.49
1.56 93.55 25.28 2.62
4.42 93.57 24.79 2.19
69.65 93.81 19.63 2.22
8.9 93.72 20.95 2.27
0 94.03 20.17 2.73
0 94.12 20.71 1.83
0.01 93.92 22.11 2.42
83.51 93.69 20.7 3
16.29 93.44 21.33 2.4
0.47 93.67 22.21 3.43
0.1 93.87 19.83 2.12
4.37 93.83 18.92 2.67
14.08 93.74 18.47 1.9
3.22 93.84 19.5 2.19
1.64 93.92 19.11 1.48
0.54 94.05 21.15 2.02
2.31 94.26 21.51 1.34
0.25 94.19 21.91 1.57
0.18 93.81 25.06 2.66
1.12 93.91 23.81 1.54
19.98 93.78 22.93 1.88
34.3 93.65 21.91 1.24
64.01 93.95 19.32 2.41
0.67 94.22 20.1 2.84
0 94.26 20.36 2.16
0 94.41 21.21 1.98
1.69 94.51 20.67 1.94
1.01 94.54 20.66 1.88
0.2 94.49 20.84 2.77
16.16 94.31 20.22 2.08
5.09 94.33 18.68 2.37
334.81 94.33 15.27 2.59
0.34 93.86 17.22 1.41
0 93.6 18.86 2.41
0 94.13 17.48 1.55
0 94.1 19.77 1.65
1.37 93.66 21.43 3.43
0.01 94.01 16.02 2.15
0 94.23 13.39 1.46
0 94.46 16.19 1.94
0.03 94.46 16.87 1.61
22.5 94.51 16.17 1.26
0.13 94.21 18.75 3.18
0.02 94.6 14.81 3.45
0 94.7 12.03 3.13
0 94.73 12.8 1.53
0 94.83 14.35 1.37
0 94.77 16.61 2.59
5.66 94.07 17.65 2.88
18.65 94.07 13.65 3.28
0.01 94.71 12.73 1.84
0.13 94.69 15.39 2.22
32 94.96 11.38 1.62
9.63 94.69 11.55 1.67
0 94.55 12.88 1.68
42.06 93.84 13.67 2.91
0.02 94.46 13.02 2.57
5.91 94.32 14.99 4.05
67.36 95.3 3.79 3.76
0.74 95.24 4.08 1.84
48.98 94.42 4.48 1.44
6.73 94.3 6.86 2.14
0 94.59 7.51 1.66
88.27 94.86 5.58 1.5
18.03 95.36 6.39 2.11
0 95.05 8.75 2.48
0 94.63 13.06 1.84
0 94.45 15.71 2.24
0 94.73 15.21 2.26
0 94.97 12.87 2.38
0.31 94.85 13.7 4.05
0.18 95.92 6.88 3.71
0 95.44 2.48 1.47
0 94.41 8.5 2.15
0 93.98 9.68 5.52
0 94.47 8.67 2.7
0 94.27 12.05 2.35
0 94.35 14.21 2.69
0 93.99 17.25 4.46
0 95.08 5.26 2.45
0 95.35 1.16 1.74
0 94.69 5.4 2.27
0 93.88 10.71 2.54
0 93.64 12.56 2.16
0 93.97 10.33 1.98
0 95.5 1.82 6.31
0 95.77 1.46 1.68
0 95.19 1.81 1.46
0.02 94.9 6.76 1.51
12.14 95.21 5.67 10.69
5.92 94.9 3.61 1.58
715.53 94.49 5.52 3.59
715.55 94.65 2.73 3.95
715.52 94.39 5.75 2.93
715.52 93.99 7.84 3.57
715.53 94.46 4.14 3.08
715.52 95.74 -2.38 3.41
715.52 95.65 -3.57 1.94
715.52 95.21 0.03 2.28
715.52 95.01 5.15 2.63
715.52 94.71 2.61 1.99
715.53 94.4 1.08 4.31
715.55 94.82 -6.75 7.14
715.52 94.79 -3.44 3.05
715.52 95.16 -3.08 2.1
715.52 95.28 -3.21 1.85
715.57 95.16 -2.77 1.62
715.52 95.46 -3.93 1.43
715.52 95.36 -1.78 1.58
715.52 94.6 2.14 4.09
715.52 94.03 2.92 4.97
715.52 94.64 -0.47 2.39
715.52 95.14 -3.72 2.3
715.54 94.86 1.28 2.77
715.52 95.35 -4.21 1.82
715.52 94.31 -2.67 2.63
715.52 93.84 60.02 6.15
715.52 95.08 -5.46 1.8
715.52 94.55 -3.98 1.69
715.53 94.33 -0.1 2.18
715.65 94.51 -2.72 5.54
0 95.09 -12.76 6.88
0 94.83 -11.66 3.94
0 94.53 -11.8 6.63
0 94.7 -11.63 5.96
0 94.83 -10.8 4.55
0 95.05 -10.68 1.9
0.49 95.1 -10.58 1.95
0 95.56 -12.67 2.22
0.01 95.36 -9.29 1.79
0.56 94.77 -5.16 4.82
0.02 95.22 -9.6 3.19
0.01 94.8 -11.11 4.05
0 94.97 -13.24 2.29
0 95.03 -10.49 2.2
0.1 95 -11.27 3.37
0 95.02 -13.81 3.78
0 95.07 -11.79 2.26
0 94.91 -7.45 2.75
0.05 94.76 -6.93 4.53
0 95.05 -11.05 3.64
0 94.66 -10.64 3.81
0 94.46 -3.19 2.45
0 94.57 -4.39 2.8
0 95.39 -5.35 4.12
0 95.63 -5.33 3.79
0 95.37 -8.69 1.5
0 94.95 -4.75 2.46
0 94.37 -6.05 2.15
0 93.71 -4.63 2.91
0.03 94.46 -7.1 51.51
0.01 95.15 -12.09 6.21
0.04 95.13 -11.24 2.88
0 95.03 -7.37 2.99
0 93.75 -0.91 3.97
0 94.07 -2.69 2.36
0.18 94.49 -4.47 4.61
0 94.97 -7.84 3.55
0 95.37 -9.96 1.25
0 95.23 -9.14 2.68
0 95.09 -5.36 2.6
0.03 94.69 -5.86 3.59
0 95.74 -8.58 2.37
0 95.78 -10.3 1.93
0 95.35 -7.78 1.81
0 95.64 -11.08 1.42
0.13 95.24 -11.58 2.21
6.7 95.23 -11.49 4.21
0 95.24 -10.43 1.74
0.67 94.16 -5.77 3.47
0.01 94.8 -9.87 1.55
0.02 94.77 -10.65 2
0.28 95.32 -9.94 2.08
0 94.67 -8 2.16
0 94.2 -4.59 3.77
0 95.11 -6.84 2.69
0.35 94.7 -6.99 1.25
6.86 95.4 -9.87 3.64
0 95.85 -13.12 3.22
0 95.67 -12.86 1.72
0.03 95.07 -9.47 3.82
0 95.7 -11.23 4.07
0 95.96 -10 2.33
0 95.78 -9.13 1.88
0 95.63 -8.78 2.09
0.03 95.54 -6.45 2.49
0.02 95.44 -7.41 3.72
0 95.26 -3.63 3.79
0 94.71 -1.04 3.55
0.01 95.58 -12.39 6.87
0 95.57 -11.84 5.27
0 94.83 -6.94 2.97
0 94.3 -4.45 2.38
0 94.34 -6.06 3.98
0 94.5 -6.27 2.3
0 94.07 -6.15 1.88
0 93.97 -3.1 2.32
0 94.65 -6.09 1.6
2.86 94.36 -0.94 3
0 95.01 -2.06 5.4
0 95.63 -4.07 2.75
0 94.96 -2.85 3.32
2.37 94.1 1.23 3.52
38.86 93.64 -0.49 5.28
0.05 94.06 -6.34 5.82
0 94.42 -6.82 1.86
0 94.12 -8.06 2.06
0.22 94.63 -10.3 2.48
0 94.93 -10.38 3.68
0 95.54 -6.5 2.25
0.84 94.47 -1.68 6.07
0 94.26 -1.85 2.69
0.01 93.96 -4.8 2.22
0.74 94.58 -7.91 6.7
0 95.04 -6.68 3.19
0 94.7 -1.9 3.89
0 94 2.43 5.38
0 94.52 -0.34 3.31
2.44 95.14 -4.8 3.61
0 95.85 -10.7 5.96
0 95.14 -5.67 2.82
0 94.83 -5.32 4.42
0 94.35 -4.48 2.97
0 98.79 54.52 59.82
0 94.33 1.23 4.41
0 94.02 5.08 3.95
0 94.06 5.61 3.46
0 94.82 1.81 2.83
0 93.97 7.83 3.98
0 94.31 5.6 4.12
0 94.42 4.49 2.52
0 94.38 4.94 4.5
0 95.31 1.29 4.4
0 95.5 2.35 2.6
0 95.66 3.49 1.87
0 95.34 8.2 3.07
0 95.12 14.26 4.49
0 94.29 14.68 5.45
0 94.01 12.83 3.78
0 94.06 10.99 3.74
0 93.66 13.82 4.74
1.31 94.79 5.14 2.67
0 94.77 4.23 2.39
241.21 93.35 1.95 2.03
3.11 94.1 3.08 2.14
0.85 94.03 3.61 2.23
0.1 94.58 1.41 4.9
0 95.65 -1.77 3.89
0 95.57 -0.83 3.51
0 94.74 4.85 3.55
0.03 94.54 6.89 3.11
0.02 94.78 7.56 1.72
4.7 95.07 5.39 3.76
176.52 95.73 -1.39 5.12
0.09 95.17 1.77 1.73
0 93.55 11.05 2.29
0.17 92.67 14.92 5.63
0.35 93.57 7.39 4.94
0 93.71 9.88 2.07
0.01 93.93 13.41 4.07
0 94.52 9.77 4.15
0 94.05 10.87 3.73
0.01 94.02 9.59 3.28
0 94.12 14.31 3.83
0 94.47 12.77 5.4
0 94.68 12.51 2.24
0 94 21.63 4.5
0 93.62 24.23 5.11
4.04 93.33 21.21 5.28
2.87 94.06 16.33 2.45
0 94.03 19.89 2.43
0 94.01 20.08 2.91
12.78 93.74 15.43 3.43
4.31 93.79 15.89 2.69
0 94.15 12.07 6.23
0 93.85 13.56 4.39
0 93.4 14.12 6.27
0 93.92 11.13 2.52
0.1 93.84 11.58 6.51
19.65 94.2 5.85 2.08
0 94.55 8.11 2.23
106.45 94.45 7.21 3.01
33.08 93.49 6.99 2.21
10.35 92.24 10.46 4.21
0.14 92.28 19.77 4.06
1.18 93.72 14.55 5.27
0 94.22 15.44 4.47
0 93.62 18.71 4.23
10.83 92.79 18.97 4.23
5.82 93.01 13.59 5.73
2.01 93.42 11.82 5.63
0 94.26 17.94 4.53
0 93.87 22.05 4.07
0 93.74 22.84 2.39
0.24 93.64 22.99 2.93
0.02 93.43 27.04 3.59
0.08 93.35 26.18 4.1
1.52 93.65 21.66 1.89
0.05 93.61 22.44 3.71
11.46 93.11 24.8 2.8
0.14 93.58 20.48 4.04
0 93.61 19.49 2.46
0 92.66 25.96 7.43
1.54 93.38 21.07 3.66
0.73 93.9 18.39 3.6
0 94.08 20.68 3.09
29.22 93.23 18.47 4.74
36.5 92.79 18.81 2.31
13.93 93.31 18.94 1.49
0.07 93.57 20.88 3.87
0.91 93.38 19.28 2.8
1.15 93.38 20.1 2.37
36.65 93.11 17.57 2.6
188.24 92.65 15.03 2.25
157.4 92.77 15.64 1.34
40.88 93.71 16.82 2.5
0.25 93.93 20.29 2.38
2.68 93.73 22.51 1.75
0.06 93.43 23.99 1.97
135.13 93.53 18.68 2.26
13.94 93.65 17.41 4.32
147.68 94.19 15.54 2.27
0.02 94.24 21.06 2.3
0 93.79 23.89 1.85
1.78 93.48 24.82 3.32
0.09 93.63 24.14 2.7
6.32 93.43 24.33 3.08
5.33 93.2 21.88 1.93
35.18 93.23 21.05 2.36
0.3 93.64 22.01 1.72
2.4 93.64 24.07 2.27
107.64 93.89 17.34 1.54
33.51 93.23 18.07 2.2
10.53 92.84 18.65 3.68
24.2 93.41 15.66 3.31
0.03 93.98 17.85 1.88
16.52 93.9 20 2.27
4.63 94.05 20.36 1.94
0 93.98 22.68 2.37
0.1 93.82 25.25 2.47
9.36 94 25.84 2.24
0.1 94.21 26.68 3.31
2.31 94.05 24.75 3.03
0.98 93.81 24.7 1.18
0.24 93.37 26.23 2.25
0.06 93.22 25.18 2.71
2.44 93.47 26.55 1.89
8 93.95 23.48 2.54
31.68 94.17 19.7 1.83
16.3 93.96 21.01 1.55
33.58 93.74 22.96 2
15.36 93.83 22.92 3.14
7.46 93.75 23.93 2.27
69.56 93.48 24.17 1.9
73.62 93.54 21.79 1.81
5.8 93.54 21.53 1.19
8.32 93.35 22.32 1.96
1.67 93.12 24 1.94
1.5 93.56 24 2.68
4.82 93.64 24.6 1.47
16.07 93.36 23.89 2.1
42.49 93.46 21.6 2.49
365.85 93.85 20 2.26
2.81 94.03 21.21 1.33
0.61 93.77 22.98 2.36
45.72 93.25 24.71 3.05
0.03 93.24 22.74 2.52
0.36 93.1 24.55 2.1
0.84 93.25 26.5 3.21
24.93 93.67 23.69 1.8
11.59 94.23 21.6 2.48
12.65 94.28 22.21 1.47
2.43 94.22 22.81 2.16
0 94.27 22.59 1.97
0 94.08 23.1 1.78
0 93.93 23.14 1.58
0 93.56 24.78 1.93
0.46 93.37 25.16 2.4
0.01 93.68 22.9 2.54
0 93.73 21.89 1.67
0.21 97.72 78.16 58.58
33.17 98.06 80.02 59.03
73.18 94.14 19.46 1.76
7.41 93.89 18.74 1.76
2.68 93.71 20.36 2.74
27.17 93.83 19.63 1.67
2.95 94.19 20.13 2.19
39.44 94.41 18.9 1.73
14.15 94.36 19.24 2.46
118.56 94.22 18.56 2.16
0.02 94.12 19.64 2.48
18.63 93.95 17.57 1.62
1.95 94.12 17.69 1.53
4.48 94.25 18.15 1.23
45.88 94.45 17.91 1.23
208.48 94.53 17.29 2.29
5.59 94.48 19.9 2.03
0.08 94.65 17.79 1.9
3.93 94.43 18.02 1.91
14.9 94.35 15.99 2.54
0.01 94.43 15.72 1.39
0 94.25 19.17 1.34
1.49 94.43 20.13 2.69
24 95.19 14.74 1.75
0.53 95.03 13.73 1.75
108.37 94.5 13.1 1.85
3.73 94.4 14.06 2.99
0 94.29 18.38 2.23
0 94.61 19.58 3.03
0 94.67 19.57 2.97
0 94.53 20.24 3.15
1.89 94.59 19.39 1.24
6.32 94.71 18.4 2.26
0 94.8 15.15 1.74
3.07 94.22 15.82 2.49
2.01 94.04 16.62 1.87
33.12 93.78 17.55 3.51
10.37 94.08 12.15 2.23
82.89 93.92 13.61 1.97
4.28 93.95 13.68 2.97
0 94.19 11.58 1.73
0 94.43 12.94 1.95
0.05 95.26 11.3 1.66
0.82 95.66 10.81 2.89
1.59 94.41 15.78 2.83
18.65 93.83 9.97 5.88
0.03 93.69 12.78 5.44
0 94.71 8.53 1.72
0 94.99 12.29 2.03
0 94.45 17.22 3.49
0 94.39 17.5 1.57
0 94.14 18.78 3.76
0 94.53 8.69 3.12
0.13 93.87 4.42 2.71
14.61 94.02 4.53 5.56
4.41 94.37 9.43 4.9
0 94.73 11.62 2.32
0 94.81 11.87 1.73
0 94.54 13.52 1.41
0 94.49 12.42 1.74
0 94.45 15.99 2.65
2.53 94.72 12.34 3.16
0 95.46 4.81 2.74
0 94.29 9.23 2.84
43.8 94.99 2.64 1.16
4.39 95.22 3.68 1.98
0.34 96.97 36.24 16.22
0 96.47 36.98 16
0 95.53 5.45 2.78
0 95.33 3.94 1.97
1.79 94 8.12 6.65
0 94.19 2.89 2.66
0 94.78 0.03 3.36
0 95.1 -1.22 3.96
0 95.56 -1.01 3.64
0 95.56 3.21 1.64
0 94.91 6.32 2.25
0 94.76 5.3 1.35
0 94.57 9.62 3.95
0 94.88 10.13 3.16
0.11 96.17 -0.23 2.88
17.34 96.22 -3.94 2.56
9.65 95.84 -4.08 2.99
10.7 95.29 -4.04 1.76
0.19 95.27 -3.3 1.3
0 95.37 -3.28 1.39
0 95.55 -2.39 1.57
0.03 95.36 0.87 1.36
0 94.61 3.8 3.4
0 94 6.04 2.46
0.13 95.03 1.13 2.36
10.18 94.83 -5.25 2.45
0 95.56 -7.23 2.09
11.39 95.42 -9.16 2.01
2.91 95.41 -9.57 1.89
7.03 95.37 -10.67 1.56
1.19 95.87 -12.39 1.52
4.71 96.37 -12.56 2.24
14.92 96.42 -13.56 2.76
0.02 96.26 -15.91 1.58
0 95.41 -16.07 2.76
0 95.29 -14.84 3.34
0.02 94.78 -12.25 1.53
0.08 95.24 -11.15 1.68
2.28 94.98 -7.3 2.54
0 94.81 -9.54 1.33
0.19 94.13 -8.26 1.13
0.07 93.93 -6.59 5.57
0.8 94.26 -7.97 7.62
0 94.58 -4.54 5.57
0 95.32 -5.41 2.21
0 95.48 -9.6 1.92
0 95.61 -11.21 0.85
0 95.06 -3.33 2.2
0.46 94.78 -0.81 1.89
0 95.19 -2.06 3.6
0 95.47 -8.64 1.32
0 95.13 -7.14 2.05
0 95.27 -8.53 1.44
1.36 94.49 -5.46 3.89
0.01 94.58 -7.03 5.27
0.02 95.19 -9.26 6.03
0 95.16 -6.9 3.6
0 95.72 -5.27 2.47
0 95.61 -6.85 1.42
0 94.75 -3.82 2.15
0 95.04 -6.69 1.77
0 95.11 -9.01 1.69
0 95.06 -6.75 2.28
0 95.15 -12.04 2.37
0 94.07 -9.37 2.54
0 95.26 -15.07 4.1
0 95.85 -15.78 1.56
0 95.59 -7.7 2.26
0.08 95.21 -7.99 1.65
2.16 95.5 -8.7 1.17
0 95.37 -9.62 2.56
0 94.52 -2.9 2.6
0 94.66 -9.26 1.18
8.48 94.84 -9.05 2.4
0 95.23 -11.53 3.76
0 95 -12.7 3.09
0 95.37 -9.79 4.79
0 95.14 -10.15 3.04
0 94.99 -10.44 3.86
0 94.73 -9.54 3.53
0 95.52 -12.84 3.73
0 95.74 -13.04 3.34
0 95.16 -11.19 3.91
0.03 94.54 -11.58 4.47
0.04 94.29 -13.33 2.28
0 94.43 -13.06 1.78
37.34 95.13 -18.04 2.41
1.19 95.02 -20.38 2.71
0 94.58 -19.61 4.03
0 95.23 -20.01 1.36
0 95.74 -20.61 1.49
0.17 95.71 -19.06 2.43
0.84 96.19 -22.67 4.27
0 96.07 -24.71 5.93
0 95.53 -14.87 5.78
0 94.95 -10.3 3.77
0 94.85 -12.26 4.92
0 94.91 -10.21 3.35
0 95.56 -15.86 1.74
0 95.99 -18 1.71
0 95.71 -17.63 2.07
0 95.76 -14.29 3.92
0 95.63 -10.91 2.79
0 95.28 -9.18 2.17
0 95.08 -8.24 2.96
0 95.27 -9.39 3.8
0 95.23 -9.91 3.45
0 95.1 -7.3 2.63
0 94.2 -7.71 2.44
0 93.88 -5.42 3.45
0 94.48 -2.2 3.06
0 94.09 2 3.49
0.02 94.02 0.71 2.73
0.64 94.48 -0.49 3.89
8.31 95.26 -9.96 6.16
0 95.17 -13.25 6.28
0 94.45 -9.46 5.16
0 94.39 -5.67 4.6
0 94.26 -1.45 4.78
0 94.35 -4.68 4.47
0.05 95.18 -8.93 3.16
0 95.12 -10.29 3.51
0 94.95 -11.34 2.07
0 95.17 -9.98 2.92
0 96.01 -11.9 2.68
0 95.59 -9.49 2.71
0 95.54 -9.46 3.43
0.03 94.86 -7.6 3.56
0.01 95.01 -8.5 1.58
0.04 95.31 -8.93 4.78
0.02 95.48 -9.44 3.16
0.01 94.56 -2.33 2.94
0 94.27 -0.47 1.86
0 94.3 -1.49 2.46
0.05 94.67 -3.08 1.21
8.21 94.38 -0.46 4.32
0.01 94.43 -1.91 2.59
8.44 94.73 -6.33 4.88
0 95.43 -8.89 3.68
0 95.51 -8.34 3.51
0.01 95.29 -7.45 3.62
0 94.76 -6.6 1.88
0 94.1 -0.62 4.92
0 94.92 -2.69 3.45
0 94.71 1.32 3.08
0 94.12 5.09 2.72
0 93.97 8.6 2.99
0 93.5 11.78 6.37
0 94.13 6.7 5.18
0 95.02 2.16 1.78
0 95.22 4.55 2.17
0 94.85 8.29 3.57
0 95.27 4.56 4.94
0 95.8 1.64 5.35
0 95.79 1.45 4.28
0 95.45 2.96 2.67
0 95.07 8.09 3.81
0 94.44 8.82 2.99
0 93.84 10.71 3.8
0.13 94.31 6.35 3.07
0 94.19 8.23 4.04
0 93.2 16.71 5.18
2.7 93.57 9.96 6.69
0.14 94.65 5.02 4.91
0 94.61 7.59 3.72
0 93.82 10.85 3.32
0.02 94.17 9.44 1.93
0.34 93.42 13.27 6.41
0 93.94 8.62 6.19
0 93.76 11.29 6.42
0 94.2 5.5 2.52
0 94.84 3.49 3.37
0 94.15 6.99 5.46
5.25 93.36 8.65 1.9
0.06 93.08 11.12 6.34
0 94.22 11.08 3.07
0.08 93.61 16.22 5.64
3.31 93.72 10.46 5.23
8.43 93.71 5.38 3.8
1.23 93.99 6.03 3.33
0.64 94.18 9.5 4.27
0.01 93.9 14.51 2.85
0 93.12 15.01 6.7
0 93.63 9.27 6.11
0 94.21 10.02 2.92
0 93.58 14.58 5.45
0.27 94.62 8.65 2.59
24.7 94.82 6.46 1.81
0.58 94.38 11.2 1.67
0 94.55 11.18 1.76
10.25 93.59 13.01 3.59
0.02 93.3 16.33 2.85
9.27 92.97 21.5 3.82
134.62 93.85 10.87 1.7
17.74 93 11.53 3.89
0 93.43 16.26 3.54
5.9 93.31 16.2 6.19
0.01 93.7 12.11 5.98
0 94.46 15.42 2.42
0 93.82 19.8 3.99
0.33 94.13 17.13 2.52
0 93.76 17.46 2.49
6.07 92.87 20.03 4.61
92.9 93.71 11 4.82
0 94.43 16.55 4.78
20.43 94.06 13.22 5.28
0.36 94.01 13.02 3.5
0 93.48 18.07 2.11
0 93.54 24.26 3.59
0 93.73 26.92 4.99
0 93.98 24.84 4.4
0 94.15 24.67 4.17
0.01 95.1 18.79 4.47
0.01 95 17.06 1.82
16.12 94.06 14.37 1.27
37.14 92.91 14.74 5.59
5.15 93.19 18.43 3.1
0.12 93.72 18.24 5.5
0 93.55 23.28 4.47
0.02 93.2 25.74 4.77
0 93.67 18.25 5.44
0 93.39 22.5 4.83
2.66 94.2 17.8 1.73
0 94.23 20.46 1.42
0 93.82 23.67 2.43
0 93.42 26.27 3.21
0.01 93.67 22.75 3.08
0.04 93.86 24.66 2.33
6.42 94.14 19.36 3.81
4.02 94.13 19.03 1.5
0.02 93.88 21.46 1.97
63.46 93.49 19.74 4.88
48.65 93.23 20.83 5.51
31.05 93.85 17 2.21
4.4 93.7 18.97 2.64
0.93 93.37 20.25 2.49
26.51 93.28 16.61 2.52
3.94 93.3 19.14 1.84
1.06 92.87 20.81 2.78
18.67 92.93 20.72 1.97
7.29 93.5 20.01 2.76
0 93.59 23.05 2.57
86.63 93.18 25.65 3.25
10.6 93.24 23.55 2.27
16.4 93.28 22.89 2.13
5.51 93.59 21.53 3.77
1.32 93.6 21.04 3.58
0 93.76 24.74 3.43
0 93.71 24.92 2.26
59.3 93.4 24.14 2.97
19.81 93.46 19.42 4.07
90.37 93.34 20.08 2.91
81.38 93.44 19.92 1.29
0 93.62 19.91 1.73
0.15 93.54 21.8 1.67
0 93.61 26.67 3.69
0 93.79 25.66 3.34
0.61 94.03 25.26 1.62
0 94.11 26.38 1.92
0 93.98 28.5 2.94
0 93.75 27.9 2.42
0 93.57 28.16 1.56
0 93.3 29.66 3.12
8.75 92.96 29.46 3.18
72.15 93.37 21.41 1.88
0.28 93.66 24.02 2.76
0.33 94.07 21.42 2.29
3.82 93.72 18.86 1.76
7.75 93.58 18.34 1.58
5.23 93.81 21.67 1.34
0.74 93.75 23.9 2.52
3.9 93.79 25.32 3.6
48.41 94.01 22.17 3.25
625.24 93.61 19.9 2.78
16.09 93.25 23.25 1.93
2.82 93.06 26.87 2.46
0.08 93.7 25.56 2.73
469.66 93.78 19.55 2.56
0.88 93.56 21.97 1.94
0.82 93.37 23.69 3.61
115.91 93.36 22.33 1.9
5.97 93.72 22.74 1.5
54.11 93.96 23.91 1.9
91.2 94.16 21.48 1.83
8.39 94.25 22.33 1.86
0.08 94.22 24.08 1.27
0 94.12 26.51 1.89
0 94.04 27.76 2.22
0 93.93 27.65 2.37
160.37 93.71 24.95 1.85
58.03 94.14 23.21 2.4
0 94.21 21.73 1.58
0 93.75 24.51 2.51
0 93.48 28.28 3.5
0.21 93.52 29.93 2.9
3.81 93.7 24.19 1.82
0 93.66 23.79 1.94
0 93.97 22.45 1.81
1.12 93.87 22.43 1.44
52.36 93.71 20.72 1.64
2.04 93.57 22.48 1.26
155.61 93.56 19.95 2.27
3.95 94.02 20.78 1.57
90.42 94.09 21.04 1.58
0.66 94.25 21.74 1.68
0.34 94.31 22.23 1.67
11.26 93.77 20.74 1.9
86.42 93.66 22.28 2.09
273.91 94.45 17.36 4.09
0 94.66 17.25 2.18
2.32 94.3 17.8 1.65
0.83 94.3 18.12 1.87
0 94.52 17.12 2.31
0 93.95 16.51 1.52
8.29 92.85 15.71 4.69
14.51 92.66 15.83 3.46
2.26 93.32 18.83 1.17
17.99 93.85 18.34 1.2
50.32 94.09 16.38 1.36
22.75 94.01 16.48 1.26
51.41 93.89 18.53 1.15
0.55 93.63 19.17 1.47
34.88 93.72 17.38 1.61
20.31 94.09 15.44 1.94
68.42 94.23 15.14 1.77
88.45 94.6 14.59 1.98
4.11 94.83 15.13 1.41
0.9 94.71 16.42 0.89
15.71 94.5 17.68 2.05
0.01 94.4 18.17 1.08
0.91 94.57 17.09 1.82
0.47 94.99 14.62 2.2
28.5 95.13 11.82 2.19
0.03 95.13 12.9 2.07
0 94.94 13.94 1.55
0.21 94.64 15.69 2.05
2.24 94.29 16.11 2.06
0.86 94.03 16.8 1.78
0.41 93.73 20.5 4.21
0.02 94.5 16.15 1.64
3.63 94.22 16.63 2.91
1.51 95.07 9.79 4.28
0 95.45 7.07 2.27
0.02 94.57 9 2.13
0.02 94.23 16.15 2.2
17.45 94.04 18.86 3.85
1.92 94.14 15.73 2.41
0.23 94.23 13.28 3.72
145.25 94.83 5.53 2.15
3.38 94.85 4.02 1.99
0.16 95.37 7.09 1.7
47.08 94.4 10.5 2.62
0.24 94.73 5.07 4.45
0 94.92 3.4 1.17
2.31 94.6 3.38 1.86
0 95.1 4.41 15.01
0.13 95.03 6.12 1.21
0 94.65 9.34 1
0 94.73 10.73 0.99
0.04 94.8 15.76 3.52
1.21 94.28 14.19 4.42
0 94.88 7.95 1.88
0 94.53 11.72 2.04
0 94.52 9.41 1.79
0.42 95.45 2.07 2.54
29.29 94.78 3.9 1.61
35.42 95.49 1.08 1.79
0 95.05 1.67 1.57
0 94.4 3.27 1.99
0 94.01 7.47 4.5
0 95.24 1.23 2.23
4.53 95.2 2.11 1.73
2.34 95.43 0.34 2.36
0.07 95.45 -0.4 2.11
16.45 95.24 -2.57 2.85
0 95.98 -6.05 2.99
0 95.56 -2.45 3.05
0 94.88 1.1 3.47
0 94.39 1.06 2.14
0 93.49 0.63 0.84
0 94.63 -0.17 2.04
0.06 95.36 -2.85 1.59
2.98 95.61 -2.76 3.52
0 95.95 -5.15 2.28
0 95.2 -3.34 1.52
0.49 93.75 2.02 2.76
9.79 94.09 -3.86 1.9
0.19 94.61 -2.82 1.84
0 93.96 4.12 4.12
0 94.77 -0.03 6.22
0 94.95 -4.44 2.02
0 94.81 -2.46 1.88
0 94.57 -0.82 3.57
0.09 94.24 -2.14 2.48
1.75 94.72 -6.73 2.41
7.36 95.19 -8.54 1.95
14.48 95.55 -10.31 2.77
0 95.85 -11.18 3.38
0 95.51 -10.23 3.83
0 95.02 -7.88 2.53
0 94.67 -4.54 2.63
0 94.23 -3.02 3.64
0 95.11 -7.7 2.95
0 95.49 -3.25 2.57
0.02 95.75 -5.17 2.3
1.04 94.59 -1.2 4.52
0 95.36 -3.3 4.46
0 95.04 1.53 2.81
0 94.28 4.85 3.52
0 94.6 -1.72 3.1
0.11 95.12 -6.53 3.24
0 94.54 -7.34 2.71
0 94.76 -7.98 2.19
3.3 94.22 -5.2 4.26
0 95.13 -8.67 2.16
0 95.28 -8.94 1.92
0 94.55 -5.11 3.17
10.55 95.1 -4.7 2.76
0 95.67 -9.75 4.72
0 95.53 -10.09 2.93
0 95.55 -9.48 4.68
0 94.66 -2.95 2.67
0 94.73 -5.54 1.62
0 94.9 -4.9 1.72
0 94.94 -4.37 1.76
0.01 95.25 -3.09 1.48
0.03 95.46 -7.07 2.54
9.95 95.07 -10.75 3.28
0 95.39 -11.8 2.61
0 95.2 -12.89 1.45
0.01 95.04 -8.11 2.96
0.21 95.8 -11.1 4.82
0 95.57 -12.13 2.33
0 95.24 -10 4.76
0 95.44 -8.71 3.44
0 94.99 -8.81 1.32
0 94.89 -8.26 1.47
0 94.66 -3.36 3.87
0 94.87 -4.94 2.3
0 94.52 -4.15 2.3
0 95.21 -7.64 1.69
0 95.49 -9.06 1.76
0 94.99 -4.96 1.06
8.66 95.11 -3.89 1.37
13.09 94.66 -5.38 2.55
0.01 94.77 -9.35 3.34
0 94.98 -12.16 3.63
0 94.76 -12.23 2.68
0 94.55 -14.18 2.88
0 94.65 -11.32 5.9
0 95.6 -12.42 2.38
0.02 95.56 -15.28 1.38
0.01 95.48 -14.99 1.33
0.05 95.25 -12.94 2.16
0 95.59 -13.26 1.54
4.06 95.31 -14.05 2.67
0 95.27 -13.43 2.29
0 94.92 -13.14 4.89
0 95.64 -14.67 3.44
0 95.74 -14.58 2.65
0 95.85 -13.52 1.36
0 95.16 -7.3 2.4
0.02 94.49 -4.09 6.35
0 94.97 -7.01 3.58
0 94.56 -11.75 2
0.77 95.43 -13.34 3.74
0 95.62 -9.91 3.57
0 95.07 -8.99 4.2
0 95.78 -8.05 4.81
0 95.19 -3.94 2.78
0 94.65 -5.18 1.83
0.09 94.35 -2.54 3.04
0 94.74 -6.64 4.13
0 95.63 -7.23 3.15
0 95.58 -8.55 1.06
0.01 95.36 -9.41 6.18
0 94.9 -10.79 7.54
0 95.08 -10.24 6.31
0 95.19 -7.12 3.25
0 95.16 -8.23 1.45
0 95.67 -6.81 2.08
0 95.42 -4.49 2.75
0 94.21 3.94 3.3
0.51 94.78 -5.36 5.18
0 95.24 -7.2 3.98
0 94.64 -6.7 2.21
0 93.63 -6.05 5.81
0 95.4 -7.86 5.15
11.39 95.05 -5.94 3.21
2.92 94.55 -4.9 4.4
0 95.04 -5.37 3.52
0 94.73 -2 4.22
0 94.73 -1.01 2.93
0 94.93 -2.6 1.68
0 94.54 1.9 3.34
0 94.59 -0.7 3.13
0.09 94.98 -5.76 2.93
0 94.1 -0.71 2.81
0 94.31 -1.56 1.89
0.01 94.55 -6.35 2.06
0.05 94.88 -5.9 3.27
0.01 94.67 -8.96 5.25
0 94.61 -5.56 6.19
0 94.16 -0.94 5
0 93.99 0.56 3.5
0 94.18 1.93 1.86
0 94.48 4.7 4.02
0 95.31 -1.55 5.49
0 95.31 1.23 2.83
0 95.28 1.12 2.15
0 94.94 2.82 1.6
0 94.64 2.25 1.87
4.52 94.5 2.64 1.62
0 95.05 4.14 2.6
0.03 95.19 3.23 1.19
0.16 95.27 1.1 3.41
0 95.01 1.52 2.73
0 94.82 2.06 1.91
0.17 95.19 0.97 1.22
1.24 94.83 0.8 1.75
0.36 94.69 2.55 3.18
0.16 94.61 0.97 2.32
0 94.82 2.34 2.64
0 94.52 5.9 3.01
0 94.52 8.65 3.7
0.02 95.39 3.64 2.76
0 95.13 3.2 1.78
0 94.54 4.62 1.85
0 94.55 8.62 2.31
0 94.39 12.56 4.31
0 94.03 17.7 4.87
0.1 93.77 15.68 4.1
2.82 93.98 10.56 4.5
3.06 94.01 8.28 2.69
0 94.85 7.69 4.11
0 94.74 8.12 1.91
0 93.73 13.89 4.25
0 94.37 6.67 4.15
0 94.28 5.57 2.07
0 93.51 13.56 5.94
0 93.2 15.22 2.86
0 93.64 16.79 4.05
0.05 94.03 12.99 3.35
0.55 92.9 13.77 4.76
0.12 93.08 6.95 7.27
10.57 93.39 7.95 3.17
7.97 93.87 7.99 3.02
0 94.24 9.57 2.36
0.01 93.56 12.91 5.09
0 93.83 8.74 3.26
0 94.17 8.28 3.4
0 94.79 8.37 3.92
0 94.82 10.3 5.2
0 94 14.87 4.35
0 93.49 17.28 3.64
0 93.14 20.55 5.22
0 94.08 14.47 1.87
0 94.29 17.96 2.24
0 94.19 22.68 5.91
0.48 94.09 20.1 8.12
2.94 94.11 14.86 3.42
4.41 93.78 9.63 6.69
0 94.09 9.05 6.53
0 93.93 18.84 3.93
0 93.67 19.8 2.92
0 93.28 22.96 5.31
0.08 93.44 19.35 3.75
0.01 93.59 14.31 6.54
0 93.4 12.26 4.71
6.68 93.7 10.55 3.68
0.08 94.43 13.05 4.54
0 94.36 16.19 2.46
0 93.54 20.36 1.52
0 93.34 24.09 2
0 93.26 29.59 3.55
0.41 93.77 26.15 3.4
0.38 94.12 21.52 2.82
6.71 94.53 12.01 3.97
255.06 94.53 8.42 1.95
0.01 94.23 16.28 1.68
0 93.86 18.78 2.05
0.03 94.43 14.03 2.6
0 93.88 19.08 2.63
0 93.47 21.95 3.6
0 93.87 20.7 4.3
5.18 94.01 18 3.53
0.15 93.54 20.71 3.03
3.08 93.18 19.79 2.73
0 93.67 15.86 3.42
183.14 93.97 11.11 2.13
0 94.02 15.78 2.8
0 94.06 18.95 1.91
0 94.13 22.04 2.2
20.6 93.81 16.08 3.45
2.32 93.59 18.86 3.01
0.08 93.52 20.81 3.51
0 93.67 19.32 3.06
0 93.99 17.66 1.93
1.2 94.15 17.43 1.9
8.01 94.45 17.9 1.92
0 94.42 20.41 2.5
0 94 26.95 2.4
0.04 93.74 27.67 1.94
0.36 93.57 25.86 2.13
3.5 93.44 23.72 2.3
24.97 93.48 19.82 2.67
74.27 93.36 19.25 1.4
2.04 93.43 19.6 2.92
0.11 93.66 19.83 2.42
24.79 94.01 18.44 1.59
57.63 93.91 17.06 1.83
2.05 93.6 19.69 1.62
1.07 93.59 22.68 1.83
0 93.77 23.99 1.7
64.95 93.58 25.04 2.13
12.85 93.55 26.4 2.57
0.03 93.41 28.56 3.62
2.17 93.41 26.94 1.91
6.19 93.27 27.49 2.29
10.16 93.5 25.28 2.01
0.15 93.62 25.4 2.38
17.69 93.76 23.11 2.16
49.91 93.9 22.58 1.66
12.27 93.64 24.43 3.17
903.31 92.87 21.93 2.56
11.48 92.73 24.73 2.45
11.88 92.92 24.71 3.33
0.13 92.96 23.07 1.69
0 93.14 25.32 2.69
0.2 93.27 27.77 2.35
34.6 93.05 27.38 2.66
4.04 93.55 25.43 1.71
3.42 93.82 26.82 2.4
0 93.96 26.85 1.73
0 93.82 29.83 1.85
0 93.54 30.01 3.22
10.19 93.4 26.37 2.66
63.68 93.48 19.85 1.93
11.22 94.19 20.67 1.87
18.7 94.1 21.62 2.08
0.66 93.62 24.01 1.35
0.31 93.81 23.22 1.55
0.1 93.99 23.21 2
21.92 93.56 23.04 3.42
1.14 93.88 22.78 2.9
0 94.37 21.92 2.01
0 93.88 22.77 1.75
24.33 93.47 24.11 1.87
0.02 93.64 25.27 1.62
0.26 93.65 27.6 2.81
28.98 93.46 24.82 2
380.63 92.99 22.3 1.85
5.89 93.36 24.09 1.42
154.55 93.4 23.72 2.55
18.45 93.26 21.28 1.76
0.67 93.29 23.3 2.19
10.33 93.16 21.63 1.36
30.14 92.96 20.83 1.58
9.19 93.05 22.67 1.48
6.86 93.45 22.53 2.48
17.73 93.77 22.48 1.92
0.14 93.95 23.53 1.98
7 93.91 22.51 1.95
45.04 93.87 20.45 1.73
216.88 93.95 18.75 2.35
87.65 94.1 20.3 1.92
105.47 94.24 20.76 1.59
5.41 94.25 21.31 1.55
3.6 93.81 22.23 2.21
0.39 93.58 25.28 1.71
7.86 94.08 21.92 2
248.95 93.99 18.33 1.79
0.01 93.94 18.9 4.18
0 93.96 17.23 3.52
0 94.28 19.25 2.25
4.24 93.92 18.09 2.76
1.41 94.54 15.1 3.09
0 94.59 12.99 1.87
0 94.36 15.18 2
0.13 94.38 15.2 1.46
0.61 94.18 19.26 1.66
11.89 94.18 19 2.17
2.43 94.02 19.71 3.18
2.2 93.86 21.45 3.11
0.01 93.82 19.2 3.47
0 93.74 18.53 1.78
0 93.48 21.76 2.5
1.05 94.19 16.84 2.48
20.36 94.16 15.99 2.17
47.54 93.98 15.46 1.41
0.01 94.29 15.13 2.05
0 94.68 13.49 1.84
0 94.91 14.6 1.55
1.12 94.88 15.99 2.15
3.29 94.61 17.91 1.81
0.29 94.21 18.22 1.93
0 94.04 15.76 2.19
0 93.47 19.04 2.51
0.12 93.99 13.4 3.21
0 94.29 14.31 1.26
0.32 93.53 20.5 3.84
4.65 93.65 16.81 4.22
0 93.73 18.88 4.88
0.03 94.22 16.11 2.76
7.78 94.07 16.39 3.11
12.68 94.47 12.21 2.21
0.02 94.38 9.1 2.42
0 94.27 7.21 3.42
0 94.11 8.5 2.74
0 94.14 13.23 3.24
0.05 94.45 12.99 4.36
0 95.2 8.26 2.31
0 95.52 5.59 2
0 95.16 9.7 2.95
0 94.43 15.39 3.66
0 94.2 16.16 3.67
0 94.68 13.11 1.72
4.08 94.99 11.31 1.53
39.64 95.7 7.99 2.61
25.65 95.68 4.03 2.19
3.07 95.4 4 2.67
3.04 94.98 4.07 2.06
0 94.87 5.37 3.2
0 95.47 3.04 1.41
10.44 95.49 5.96 2.09
0.02 95.84 3.59 1.93
0 95.68 3.81 1.85
1.1 94.95 7.26 0.98
0.03 94.82 7.6 1.66
0 94.42 12.06 2.9
0 95.28 5.63 1.59
2.68 95.34 3.39 1.16
0.03 95.32 3.96 1.47
0 95.03 6.69 2.08
0 95.19 7.05 1.53
0 94.5 10.56 1.38
0.02 94.31 11.59 1.83
0 95.27 5.6 4.4
0 95.76 0.54 3.55
0 95.16 5.26 2.38
0 94.22 7.71 2.68
