0.97 96.76 -13.94 1.48
0.03 97.45 -15.43 1.85
26.49 97.33 -17.62 1.47
6.15 97.5 -17.09 3.14
0 97.88 -19.38 1.76
0.01 98.05 -18.96 1.77
0.09 98.14 -16.5 1.44
14.4 97.56 -15.05 1.05
7.5 97.68 -14.04 1.41
0 97.98 -14.4 1.42
0 97.96 -15.01 2.22
0 97.41 -18.29 2.55
0 97.46 -16.1 2.21
0.53 97.24 -14.78 1.14
0 98.34 -14.06 1.33
0 97.94 -13.35 1.09
0 97.58 -10.29 1.04
0.02 97.49 -6.54 1.12
0 96.95 0.49 2.39
0.09 98.05 -7.66 4.5
0 98.1 -11.82 2.43
0 97.82 -10.48 2.68
0 97.31 -8.14 2.36
0 96.69 -7.56 3.42
0 97.72 -9 2.81
0 107.76 -5.18 2.62
4.65 96.53 -2.96 2.06
0.01 97.23 -9.35 3.1
0 96.8 -5.1 3.15
0 96.79 -5.43 1.38
0 97.38 -7.8 1.57
0.23 97.58 -10.27 1.83
0 97.62 -13.45 1.79
0 97.57 -12.66 1.81
0 97.51 -12.53 1.63
0 97.85 -12.52 1.39
0.03 97.83 -10.76 1.92
6.4 96.9 -3.42 2.5
0 96.85 -3.13 1.82
0 97.43 -5.42 2.21
0 98.02 -8.65 3.24
0 98.45 -10.81 3.67
0 98.24 -10.84 1.71
0.04 97.63 -9.8 1.82
0 98 -9.1 2.23
0 98.21 -11.75 1.66
0 97.78 -9.7 1.73
0.01 97.29 -7.24 2.73
0 97.15 -8.12 1.84
0 96.58 -3.88 1.65
0 96.4 -4.41 1.53
0 96.47 -2.91 1.86
0 96.69 -3.95 2.15
0 95.61 1.58 2.13
7.4 95.77 0.66 1.76
0 96.88 -3.9 2.82
0.29 97.13 -3.54 1.75
4.69 96.83 -4.11 2.04
2.77 97.36 -5.32 2.57
0.17 97.15 -6.07 2.07
0.43 96.87 -2.21 3.01
0 97.06 -2.17 2.54
13.39 96.47 0.35 2.48
3.64 97.59 -6.79 3.27
0 98.31 -8.87 2.05
0.01 98.54 -9.17 2.09
3.61 98.86 -8.49 2.63
0.01 98.12 -8.4 2.49
0 96.81 -3.63 2.4
0.21 95.78 2.51 3.14
0.61 96.73 -2.32 4.18
0 97.52 -2.6 1.86
40.37 96.93 -0.5 1.65
2.13 96.83 -1.74 3.94
0.02 97.27 -3.44 2.01
0 97.66 -3.82 2.01
0 96.79 -2.54 2.65
0.58 95.3 4.13 2.94
38.89 95.84 0.24 3.09
0 96.36 1.06 2.4
0.05 96.26 5.21 3.49
0 97.01 3.25 2.62
0 97.42 1 2.66
0.03 97.5 -2.22 2.72
0.27 97 -1.2 1.98
0.93 97.59 -0.73 2.02
0 97.51 3.81 1.77
0.11 97.34 5.97 2
6.43 96.77 8.87 3.82
2.62 96.39 8.4 3.44
0 96.84 4.07 4.73
0 96.89 1.45 3.59
0 96.67 4.6 3.31
0 96.21 9.88 3.01
8.2 96.79 4.24 2.4
0.01 97.51 3 2.02
0 97.04 7.37 3.11
0.32 95.89 11.93 4.93
48.4 96.51 2.89 2.45
0 96.84 4.67 2.56
3.56 96.77 3.94 2.03
24.41 96.57 2.02 2.7
0.03 97.4 0.49 4.48
0 97.56 2.58 2.11
0.12 96.9 5.54 2.86
10.62 97.04 4.26 1.69
0 97.15 5.94 2.46
8.97 96.37 11.67 2.66
77.99 96.78 8.52 1.61
0.23 97.13 9.11 1.68
0.17 97.34 10.99 2.14
0.98 97.11 10.26 2.42
0.09 97.08 9.19 1.95
0 96.73 13.04 2.97
3.79 96.53 13.79 4.08
62.94 96.3 5.31 2.76
6.36 95.84 4.05 3.05
0.1 95.98 6.41 4.84
1.92 96.14 8.14 3.72
4.2 96.41 12.13 2.38
0 95.85 17.32 1.92
0 95.55 19.55 3.23
1.02 96.1 17.47 2.08
7.13 95.61 301.2 2.56
262.27 95.14 12.47 2.78
7.39 95.67 14.15 3.74
16.14 95.75 12.88 1.77
1.64 96.01 16.14 2.17
61.92 95.85 11.06 2.55
7.8 95.7 10.68 2.09
1.28 96.68 11.03 2.63
0 96.98 13.48 1.62
0 96.95 15.97 1.57
2.22 96.6 17.22 2.82
3.58 96.43 20.07 2.49
2.35 96.64 18.85 2.66
48.1 96.22 15.07 2.41
99.76 95.29 13.05 2.25
0.19 95.01 19.01 4.09
0 95.79 22.62 2.39
0 95.96 23.74 2.47
0.38 95.91 22.29 1.86
3.51 95.52 20.96 2.4
6.73 95.65 17.9 3.69
0.88 96.3 21.84 3.43
0.14 96.74 22.28 2.03
7.91 96.77 19.54 1.7
70.35 96.27 15.63 2.08
36.02 95.8 16.85 2.17
72.18 96.18 15.46 1.69
17.31 96.8 16.81 1.55
2.81 96.77 18.21 1.57
0.91 96.87 19.19 1.63
0 96.94 20.31 1.66
0.01 96.75 21.06 2.15
0 96.44 22.31 2.18
0 96.43 22.77 2.36
0 96.56 23.74 2.61
0 96.67 24.31 2.55
0 96.71 24.55 1.72
3.84 96.59 21.63 1.97
0.15 96.4 20.79 2.4
0.62 96.04 21.92 1.98
12.92 95.81 22.35 2.72
34.69 95.65 22.28 2.64
0.69 95.47 24.14 2.23
18.93 95.56 24.51 1.79
115.48 95.69 21.11 1.76
11.69 95.75 20.39 1.6
1.77 95.82 22.79 1.42
0.12 96.16 23.78 2.62
0.03 95.8 24.02 1.84
9.79 96.08 21.59 2.36
0 96.25 23.26 1.55
0 96.14 24.87 1.97
0 96.13 25.38 2.05
0 96.04 25.07 1.76
43.5 95.82 22.4 1.7
123.99 95.73 22.57 1.38
0.64 95.79 24.31 1.46
0.09 95.64 24.41 1.43
154.14 95.5 21.96 1.76
4.47 95.46 25.47 1.75
0.05 95.51 27.59 1.4
15.37 95.49 26.89 1.87
0 95.46 27.21 2.38
0.05 95.61 25.73 2.35
21.48 95.92 22.65 1.87
4.75 96.08 23.4 1.8
1.43 96.09 23.08 1.88
82.13 95.94 21.05 1.7
67.48 95.88 21.57 1.38
250.5 96.12 20.79 1.22
9.17 96.36 23.05 1.31
0 96.35 24.37 1.71
85.35 95.98 22.99 2.01
10.26 95.77 24.71 2.69
1.93 95.96 25.8 2.3
3.89 95.91 26.9 2.06
28.17 96.04 25.32 2.05
428.26 95.85 22.61 1.49
3.45 96.08 24.39 1.45
2.69 96.2 26.02 1.54
2.45 96.27 26.51 1.61
2.33 96.41 27.42 1.78
1.48 96.28 27.69 2.38
14.54 96.17 26.72 1.97
8.33 95.82 27.08 2.31
88.72 95.4 27.21 2.41
6.06 95.32 24.26 1.58
26.26 95.36 25.86 1.37
182.96 95.64 22.8 1.42
0 96.27 22.51 1.8
0.02 96.2 23.34 1.5
14.08 95.56 24.06 2.07
74.81 95.69 23.54 1.47
211.41 96.07 22.36 2.15
0 96.85 21.43 1.42
12.19 96.5 21.55 1.57
145.74 95.8 22.42 1.84
16.61 95.81 23.2 1.94
0 96.06 22.82 1.84
0 95.8 24.85 1.84
9.73 95.51 24.93 1.66
1.34 95.41 26.06 1.89
57.86 95.3 24.83 2.35
0 95.78 22.85 2.24
0 96.16 23.38 1.6
7.02 96.21 23.84 2.15
10.75 96.43 23.69 2.05
219.27 96.54 22.51 1.71
2.41 96.78 23.87 1.56
282.16 96.66 19.47 1.54
94.85 96.63 18.84 1.42
0.56 96.66 20.38 1.29
0 96.61 22.4 1.4
0.08 96.78 22.22 1.28
1.58 96.91 22.36 1.85
0 96.64 21.68 1.69
2.7 96.47 21.03 1.23
27.2 96.1 21.68 1.46
15.36 96.23 21.58 1.42
1.91 96.3 22.46 1.57
36.39 96.75 21.18 1.44
2.53 96.88 21.74 1.41
0.02 96.78 20.25 1.25
0 96.55 19.92 1.36
0 96.35 21.97 1.46
5.08 96.45 23.22 1.36
0 96.96 19.57 1.98
0 96.87 17.86 1.37
1.77 96.47 18.08 1.28
9.93 96.08 19.79 1.41
0.3 96.3 20.34 1.3
0 96.44 21.55 1.17
3.05 96.52 22.6 1.26
0 96.65 22.7 1.34
3.11 96.47 22.04 2.15
148.85 96.73 16.5 2.07
217.47 96.86 10.33 2.22
240.07 96.77 12.19 1.33
0 96.53 15.9 1.26
42.31 96.65 15.11 1.81
225.41 97.34 10.26 2.59
0 97.33 10.63 1.71
0 97.1 13.21 1.4
1 96.87 14.97 1.48
5.58 96.66 15.57 2.41
0.43 96.8 14.63 1.93
0 96.69 12.31 3.42
0 97.55 10.06 2.56
0 97.17 10.62 1.42
0.02 96.89 14.66 1.6
0.99 97.11 14.59 1.41
427.63 96.76 10.04 2.23
63.72 96.75 7.83 3.32
0 96.94 10 1.92
0 96.62 12.82 1.27
0 96.52 16.18 1.87
0 96.7 17.07 2.15
0 96.64 16.57 2.13
0 96.17 16.15 2.19
21.26 96.6 12.79 1.89
136.45 97.05 7.17 2.4
0 97.27 8.42 1.22
0 96.79 10.58 1.37
0 96.96 10.08 2.31
0 96.56 8.8 2.62
0 97.25 5.24 2.42
0 97.92 2.45 1.29
25.44 97.87 0.97 1.27
53.97 97.85 2.21 1.38
0 97.76 3.17 1.24
0 97.27 5.03 1.35
0 96.99 9.48 1.66
5.37 97.05 10.85 1.96
6.83 97.56 4.66 3.04
0 97.98 1.5 3.28
0 98.69 -0.35 2.47
0 97.9 0.88 1.47
0 97.73 4.65 1.48
0 97.71 5.94 1.29
0 97.76 6.19 1.27
0 97.54 6.27 1.5
0 98.03 3.68 3.27
0 97.71 2.23 1.78
0 97.21 6.06 1.71
0 97.31 5.17 1.19
0 97.01 7.12 1.51
0 96.68 7.98 1.42
7.79 96.75 5.29 2.76
0.32 97.34 1.09 2.82
0 97.07 -0.49 1.19
0 96.69 1.02 1.48
55.62 96.01 2.07 3.08
1.21 96.59 0.23 1.84
1.36 97.53 0.57 2.97
0 98.53 -3.19 2.22
0.03 97.95 -2.59 2.05
0 97.21 0.87 1.41
0 97.2 1.44 1.68
0 96.87 5.13 2.48
0 96.37 4.29 1.89
0 96.14 5.53 1.48
0.27 96.22 3 3.71
0 97.03 -1.83 1.7
0 96.97 -1.11 1.77
0.01 97.12 -0.64 3.15
0 97.41 -5.16 1.93
0.26 96.64 -4.78 1.9
0 96.92 -4.71 5.07
0.16 97.1 -6.27 1.74
0.18 97.01 -5.66 1.38
0 96.67 -1.98 1.84
0.04 96.18 -0.52 1.68
0.05 96.7 -4.88 3.02
0 96.99 -5.9 1.91
0 95.94 2.16 2.26
0 97.12 -1.1 3.05
0 97.79 -4.58 2.79
0 96.53 -3.8 1.93
0 96.46 -4.97 1.72
0 96.08 -4.25 1.76
0.88 95.75 -5.6 3.67
0 96.9 -9.9 2.07
1.07 97.14 -11.26 2.45
0.17 97.94 -13.29 3
0 97.89 -14.58 2.9
0 97.62 -13.94 2.7
0 96.33 -8.68 2.61
0 96.14 -5.39 1.74
0 96.15 -3.63 1.56
0 96.41 -2.95 2.04
0 96.65 -0.81 1.73
0 96.34 -4.89 1.32
0.19 96.9 -7.75 2.62
0 98.23 -14.15 3.35
0 98.25 -15.04 2.71
0 97.33 -13.98 2.36
0 96.22 -11.45 2.23
0 95.86 -7.92 1.94
0 96.51 -10.39 2.64
1.21 96.77 -10.9 1.85
0.03 96.91 -11.34 4.04
0.2 97.38 -10.21 4.5
0 98.03 -10.21 2.62
0 98.21 -11.23 2.1
0 97.82 -11.37 1.15
0.01 97.42 -11.54 1.43
0.03 97.55 -10.77 3.3
0 98.18 -9.52 2.85
0.01 97.57 -8.21 1.76
0.19 97.35 -7.98 2.84
0 97.99 -11.96 2.9
0 97.27 -10.78 2.08
0 96.76 -10.4 3.2
0 96.99 -12.03 1.63
0.01 96.91 -10.2 1.88
0.03 97.91 -12.95 2.44
0 98.38 -16.01 3.15
0 98.17 -14.85 1.62
0 97.99 -13.59 1.94
0 97.73 -13.93 2.1
0 97.69 -13.42 2.6
0 97.61 -12.21 1.61
0 97.41 -11.96 1.44
0 97.4 -11.74 2.28
0.04 97.67 -13.15 3.06
0.01 97.85 -13.32 1.67
0.14 98 -13.4 1.84
0 98.45 -13.59 1.5
0 98.75 -13.05 2.01
0.02 98.26 -12.61 2.1
0 97.98 -12.98 2.93
0 97.77 -10.86 2.28
0 97.33 -4.3 2.09
0 96.99 -4.37 1.36
0 96.91 -6.36 1.21
0 96.83 -5.63 1.84
0 97.03 -4.94 1.79
0.03 96.38 -4 3.15
0.03 96.76 -1.86 2.26
0 96.52 -5.19 1.77
0.59 96.55 -5.4 2.62
0.39 97.45 -8.43 1.85
2.01 97.46 -8.22 1.53
1.15 97.68 -11.11 3.33
0 97.86 -11.03 1.95
0.26 97.74 -9.94 1.74
0.21 97.76 -10.98 1.46
0 97.1 -5.02 2.62
0.51 96.94 -4.48 1.58
1.04 97.34 -3.21 2.21
0 97.37 -4.03 1.52
0 97.2 -0.44 1.54
0 97.54 -0.38 1.42
0 97.19 0.79 1.65
0 96.74 1.82 2.8
1.72 96.44 2.21 2.2
0.22 97.14 -1.73 2.62
0 97.87 -3.84 1.55
7.54 97.32 -1.59 2.98
1.17 97.88 -6.95 3.83
0.05 97.49 -6.12 2.95
0 97.21 -4.89 2.52
0 97.23 -5.08 1.83
0 97.33 -3.35 2.31
0 97.02 -0.79 1.71
0.12 96.45 3.07 2.32
0 97.2 0.03 3.09
0 96.98 0.17 3.34
0 97.03 -1.64 3.42
0 97.42 -0.45 2.92
0 97.11 1.24 2.55
0 96.6 2.69 2.49
0 95.81 7.55 1.94
0.02 96.41 4.56 3.59
0 97.65 -0.3 3.74
0 97.38 -2.76 4.01
0 97.16 -1.87 2.55
0 96.63 3.49 2.57
0 96.17 6.42 3.81
0 96.63 3.53 2.69
0 96.72 2.07 2.45
0.74 97.36 -1.05 3.35
0 97.51 -1.17 2.41
0 97.21 -0.44 2.04
0 97.34 -0.3 3.51
0 104.66 0.96 2.05
0 104.6 2.09 2.06
0 104.41 4.19 2.21
0 104.71 3.91 1.93
0 104.36 7.76 2.17
0 104.08 8.96 1.87
0 103.61 11.44 2.94
0 104.83 4.53 4.03
0 104.84 4.17 2.46
0 104.4 6.41 1.9
0 104.33 8.44 1.54
0 97.07 10.2 2.59
0.07 96.41 10.87 4.41
1 96.61 9.41 3.53
0 96.7 8.79 3.29
0 96.38 11.26 3.58
4.9 97.11 7.07 2.87
0 96.84 9.96 2.61
0 96.21 15.44 2.98
0 96.24 14.82 1.8
0.09 95.52 16.45 2.61
0 96.29 12.44 4.11
0 96.24 12.56 3.61
4.03 96.01 10.39 5.19
0.66 96.67 8.18 4.76
0 96.66 10.64 2.28
0 96 14.87 3.17
60.98 96.7 8.92 2.51
3.76 96.61 7.98 2.02
11.6 96.36 6.99 2.4
2.68 95.96 7.71 3.26
0.35 95.55 9.54 1.85
17 95.51 9.66 2.02
0.93 96.19 8.94 2.86
0 95.77 10.6 1.91
58.14 95.19 9.26 1.49
13.26 95.09 10.17 2.27
1.74 95.95 14.83 3.19
0.18 96.19 13.77 3.16
0 96.55 13.95 2.45
2.68 96.19 13.24 2.45
157.95 95.44 10.44 2.69
0.13 95.38 11.88 2.55
0.02 95.87 14.51 2.2
3.68 96.04 14.9 3.14
39.36 95.66 16.7 2.19
0 95.92 18.84 1.77
0.12 95.6 18.06 3.27
0.66 95.56 14.71 5.08
0 95.72 16.83 5.02
0 95.84 17.85 3.31
0 96.35 15.46 3.26
0 96.38 15.8 1.85
0.01 95.33 18.02 2.57
28.45 95.08 18.24 3.17
15.62 96.17 15.5 2.79
0.75 96.33 13.85 2.84
0.44 96.26 14.06 3.38
0 96.07 19.21 3.06
0 96.19 20.33 2.7
0 96.34 22.01 2.98
3.73 96.33 21.16 3.38
13.32 96.28 19.33 3.93
0.08 96.06 20.66 2.8
0.37 95.92 23.89 4.2
8.93 95.92 23.1 2.46
27.49 95.46 20.55 2.84
10.38 95.36 18.12 2.29
0.05 95.86 20.21 2.14
6.2 95.64 20.97 3.74
10.05 95.63 20.49 2.72
0.22 95.91 20.92 1.76
1.12 95.81 23.53 2.1
45.57 95.21 24.41 2.78
19.75 94.89 22.29 2.13
40.68 95.13 21.46 1.87
0 95.52 23.56 2.24
71.08 95.48 21.19 1.88
204.8 95.66 16.99 1.68
7.93 95.81 20.03 1.97
18.31 95.89 21.93 1.66
51.14 95.7 21 1.94
79.81 95.68 18.93 1.93
78.96 95.9 17.74 1.52
2.15 96 20.7 1.39
0 95.95 22.53 1.46
0 95.85 24.45 2.08
0.03 95.57 25.88 2.4
0 95.47 26.87 2.55
6.65 95.21 23.35 2.15
106.86 95.37 18.14 2.42
1.8 96.07 20.81 2.27
0 96.45 21.58 1.72
10.2 95.8 22.04 2.76
18.31 95.17 22.26 1.96
3.52 95.45 24.58 2.27
0.06 95.63 23.88 2.61
22.93 95.54 23.14 2.25
25.47 95.55 22.88 1.61
0.24 95.39 24.14 1.86
0 95.48 24.99 2.07
0 95.65 25.96 1.77
36.62 95.25 22.72 1.78
0.71 94.91 25.56 2.55
137.22 94.98 19.75 1.68
18.6 95.08 20.42 2.25
3.48 95.72 22.42 1.62
7.74 95.92 24 2.04
7.95 96 24.47 2.19
16.07 96.01 23.89 2.12
1.09 95.78 24.31 1.48
78.82 95.85 23.03 1.87
15.12 95.85 23.56 1.4
34.64 95.73 23.38 1.52
18.34 95.77 22.42 1.61
33.01 95.81 23.19 1.26
171.03 95.63 21.8 1.23
97.62 95.62 21.7 1.23
123.97 95.6 22.2 1.65
53.52 95.54 23.65 1.78
0.73 95.59 25.31 1.5
32.38 95.6 25.67 1.85
541.39 95.38 22.72 2.22
108.3 95.3 23.83 1.91
23.15 95.56 23.45 1.86
1.12 95.73 25.4 1.6
32.61 95.89 23.48 1.32
207.72 95.55 21.43 1.52
0.02 95.61 23.99 1.54
0.42 95.75 25.3 1.62
1.69 96.12 23.88 1.52
0.07 95.78 23.96 2.01
0 95.7 24.36 1.87
0.03 95.91 24.42 1.6
9.96 95.92 23.25 1.27
15.22 95.93 23.95 1.32
27.64 95.46 24.22 1.54
16.04 95.61 25.69 1.49
0 96.03 25.61 1.11
0 95.88 25.92 1.4
0 95.63 25.73 1.65
7.33 95.36 25.58 1.72
52.24 95.65 23.4 1.78
357 95.73 19.89 1.51
34.17 95.74 22.43 1.48
32.64 95.96 21.88 1.17
0.27 96.2 22.52 1.29
0.22 96.39 22.51 1.36
0 96.37 23.78 1.35
1.01 96.24 24.17 1.65
46.25 96.43 21.79 1.56
0 96.47 21.37 1.17
25.79 96.45 20.96 1.5
8.03 96.67 21.14 1.37
0.47 96.77 21.54 1.19
29.64 96.58 19.66 1.25
15.62 96.22 21.47 1.13
1.61 96.13 22.87 1.38
0 96.06 23.73 1.35
44.49 95.79 23.41 2.25
2.43 96.31 20.25 1.73
0 96.13 20.43 1.28
4.22 96.61 19.72 1.6
0.38 96.56 19.76 1.17
0 96.61 19.17 1.23
0 96.21 19.86 1.28
16.72 95.81 19.82 2.2
6.2 96.46 15.15 1.91
0.25 97.05 14.99 1.69
6.55 97.35 14.07 1.55
24.87 96.83 16.98 1.67
0.32 96.56 17.6 1.89
0.12 96.17 20.03 2.58
6.76 96.16 18.59 1.72
6.99 96.32 16.8 1.55
53.58 96.67 14.67 2.28
0 97.09 11.58 2.37
0 97.54 11.05 1.74
0 97.38 11.39 1.3
0 97.03 12.48 1.42
0 96.62 13.67 1.48
0 96.69 14.74 1.78
0 96.66 15.24 1.65
0 96.41 17.7 2.22
0.09 96.67 18.79 1.91
0.13 96.86 18.94 2.18
0.03 96.71 17.72 1.89
3.38 96.49 16.86 1.85
0.22 96.87 12.23 2.74
0 97.45 8.36 2.22
0 97.48 8.84 2.36
0 97.96 8.93 2.34
0 97.63 9.9 1.41
0 96.96 11.81 2.04
0 96.33 13.85 2.59
0 96.92 11.09 1.82
0 96.94 10.95 1.31
0 96.75 14.28 2.09
0.14 97.03 15.04 1.95
0 97.6 10.75 1.29
0 97.34 12.21 1.37
0 96.75 14.41 1.2
59.3 96.23 11.53 1.42
7.73 96.1 10.75 1.51
1.31 95.73 10.44 2.14
0.76 96.22 10.82 3.21
0 97.27 6.63 2.07
0 97.35 9.17 1.46
0 97.17 11.14 1.84
0.01 97.02 14.32 2.45
0 96.92 13.77 1.71
0.26 96.75 12.37 1.18
20.29 97.25 6.73 3.16
0.01 97.66 3.98 2.85
0 97.74 4.79 1.53
0 97.29 6.49 1.38
0.77 97.14 8.43 2.19
0 97.4 7.1 1.27
0 97.08 7.47 1.42
0 96.92 9.42 2.27
0 97.13 11.28 3.11
3.73 97.26 12.89 2.27
0.32 97.83 7.78 1.56
0.89 97.58 8.51 1.22
1.87 97.26 11.06 1.96
0.46 97.89 5.46 3.11
0.05 97.8 4.04 1.72
0 97.75 4.21 1.6
0 97.7 4.39 1.44
0 97.52 2.95 1.13
0 96.91 3.09 1.23
0 96.34 4.72 1.78
0 96.57 6.93 2.4
0.04 97.37 0.79 2.33
0 97.51 -2.25 1.5
0 97.59 -1.49 1.29
0 97.72 2.6 1.91
80.67 97.14 2.34 1.01
10.66 96.81 1.11 2.68
1.93 97.1 -3.08 3.06
0 97.66 -4.9 1.72
0 97.65 -3.06 1.44
14.56 97.14 -3.38 2.23
0.12 97.84 -6.53 2.81
0 97.58 -7.07 1.03
0.08 97.6 -5.26 1.42
0.23 96.87 0.83 1.42
0 96.96 -0.61 1.1
0 97.71 -1.25 2.27
0 98.31 -5.71 1.85
0 98.61 -6.44 1.99
0.09 97.91 -6.77 0.98
0.03 97.15 -4.88 0.98
0 97.36 -5.28 1.35
0 97.71 -6.73 0.96
2.36 97.98 -6.79 0.86
2.44 97.88 -3.46 0.99
1.59 98.13 -5.09 2.35
0.03 98.5 -10.16 3.65
0 98.16 -10.37 2.36
0.01 97.32 -6.72 2.91
0 97.3 -2.87 1.89
0 97.8 -5.55 1.34
0.01 97.13 -3.02 2.37
0 97.78 -7.13 3.72
0 98.04 -11.06 2.87
0 98.2 -11.46 2.68
0 97.9 -10.05 1.75
0 97.96 -9.69 1.53
0 97.85 -9.97 1.04
0 97.52 -9.27 1.44
0 97.45 -8.29 3.01
0 97.77 -10.23 1.88
0 97.24 -8.4 2.07
0 97.43 -11.04 1.48
0 97.93 -11.28 1.36
0 98.22 -10.53 1.31
0 97.71 -7.64 1.33
0 98.02 -8.97 1.7
0 98.44 -13.1 1.24
0.19 97.91 -11.98 1.18
0.01 97.62 -9.58 1.43
0.18 98.03 -10.15 1.57
0.89 97.49 -10.62 2
0.14 97.61 -11.4 3.05
0 97.88 -11.23 1.89
0 97.63 -10.42 1.47
0 98.46 -12.56 1.38
0.23 98.39 -13.57 1.03
0 97.93 -10.91 1.1
0 97.91 -12.3 1.14
0.09 97.92 -11.22 2.51
0 98.13 -11.61 2.21
0 97.17 -6.8 2.06
0 97.41 -8.28 1.54
0 97.32 -8.37 1.41
0 97.09 -9.4 1.02
0.06 96.85 -7.56 1.08
0.13 97.08 -9.01 1.06
0 97.26 -9.38 1.08
0 97.68 -9.62 1.04
0.01 98.32 -11.51 3.16
0 98.25 -15.59 2.8
0 97.96 -16.38 1.98
0 97.44 -15.57 1.79
0 97.26 -14.52 2.31
0 96.88 -12.92 2.18
0 96.93 -11.7 1.55
0 97.47 -12.15 1.53
0 97.72 -13.2 1.24
0 98.1 -13.86 1.39
0.1 97.77 -15.3 1.37
0.84 97.21 -13.77 2.97
0 98.04 -15.6 3.39
0 98.08 -14.6 2.37
0 97.06 -11.63 2.16
0 97.17 -9.36 1.83
0.39 96.6 -5.48 2.06
0.03 97.12 -10.14 4.29
0 97.45 -13.96 3.71
0 97.03 -11.1 3.4
0 97.18 -8.98 2.42
0 97.54 -9.44 2.11
0 97.53 -9.28 1.75
0 97.35 -7.93 1.97
0.04 96.96 -3.28 1.76
0.1 97.47 -6.23 2.67
0 97.48 -9.02 2.34
0.04 97.54 -9.49 2.57
0 97.68 -11.04 3.72
0 97.61 -9.07 2.46
0 97.01 -5.83 2.18
0 97.04 -6.02 1.69
0 96.87 -7.12 1.36
11.81 96.4 -5.32 2.08
0 97.4 -6.06 2.2
1.98 97.21 -5.66 1.78
0.03 97.72 -6.92 2.9
0 97.68 -7.17 1.8
0 97.18 -4.98 2.03
0 96.81 -1.02 2.51
0 96.88 0.9 1.95
3.76 97.38 -2.28 1.72
0.65 97.62 -5 2.11
0.29 97.65 -4.68 1.53
0.07 97.01 -0.88 1.62
35.5 96.22 -1.49 1.09
29.7 96.25 -2.44 2.12
0.03 96.93 -3.09 2.52
0 97.69 -6.1 2.83
0 97.45 -6.62 1.77
0.26 97.25 -5.67 3.88
0 97.79 -6.03 3.09
0 97.46 -4.33 1.76
0 96.76 -0.2 2.44
0 97.34 0.57 1.87
0 97.05 2.55 2.63
8.64 96.07 5.29 3.39
4.16 96.57 -0.58 3.13
12.94 97.52 -5.68 2.63
0 97.29 -1.45 1.75
0 97.23 0.73 1.72
0 96.63 5.11 2.89
0 97.14 3.78 1.64
7.61 96.25 2.21 3.33
0 96.65 1.59 4.81
0 97.14 1.8 2.88
0 96.82 5.06 1.88
0 96.97 9.26 2.52
0 97.27 9.64 2.6
0.33 96.2 11.65 5.37
0.61 96.84 3.5 4.05
0.42 96.82 1.43 3.83
0 96.85 1.33 1.93
8.73 96.66 2.8 2.36
0 96.34 5.28 3.14
0 96.09 6.17 3.92
0 96.41 5.52 3.75
0.07 96.81 4.66 2.35
0 96.38 9.5 3.1
0 96.39 12.36 3.32
0 96.37 13.27 3.04
13.76 96.02 14.74 4.16
11.19 96.39 9.12 3.53
0 95.81 13.13 2.48
0 95.73 14.36 2.66
0 95.68 16.48 2.94
0.87 96.2 11.91 3.05
0 96.67 10.17 2.3
0 95.8 15.92 3.56
0 95.82 17.79 3.69
2.04 96.28 13.75 3.31
80.12 96.74 12.71 2.74
3.3 96.13 12.03 1.89
0.4 95.42 14.13 1.84
0.29 95.47 17.03 2.86
136.37 95.8 13.38 2.01
115.23 95.75 10.76 4.07
0 95.29 11.96 2.74
0.09 94.94 13.77 5.13
0 96.21 11.2 2.55
0 96.23 13.18 2.13
0.3 95.9 17.89 3.17
0.5 96.4 18 2.21
7.99 95.91 18.85 2.11
0 95.97 21.31 1.76
2.53 96.04 21.29 2.06
0 96.15 19.11 3.08
0 95.78 18.71 1.93
0.64 95.8 17.18 1.33
0 96.01 18.41 1.7
0.06 96.35 19.95 2.09
1.77 96.42 21.65 2.07
42.37 96.51 16.73 1.63
30.59 96.13 13.59 2.1
14.49 95.89 12.9 2.77
9.16 95.82 14.18 3.24
0.01 95.54 13.81 2.37
12.42 95.26 13.69 3.76
0.06 95.75 16.65 1.86
0 95.73 21.74 3.27
36.03 96.17 20.87 2.8
10.17 96.57 19.18 1.77
0.12 96.49 20.45 2.66
1.92 96.16 20.13 3.28
9.88 96.25 18.25 2.36
0 96.2 18.24 2.28
0 96.05 18.93 2.48
0 95.64 21.46 2.21
0 96.11 21.29 2.23
0 96.29 23.14 2.12
13.06 96.26 22.27 2.61
68.22 96.65 16.27 2.31
0.2 96.78 17.94 1.75
12.03 96.43 17.01 2.32
14.79 96.1 18.41 2.46
195.86 95.9 15.83 1.84
16.51 95.57 19.6 2.74
1.67 95.71 21.3 1.72
9.67 95.36 20.4 1.87
19.97 95.19 22.44 2
33.26 95.21 22.59 2.43
144.29 95.06 21.56 3.01
19 95.19 18.13 2.13
1.5 94.91 18.54 2.65
7.8 94.96 18.49 1.95
87.01 95.54 15.98 1.91
327.67 95.76 15.7 1.82
81.29 95.79 16.59 2.15
2.98 95.69 20.06 1.45
4.78 95.55 23.46 1.6
15.7 95.73 21.92 1.82
118.13 95.5 21.8 1.41
16.28 95.54 22.41 1.48
4.14 95.71 22.25 1.44
34.91 95.7 21.38 1.59
1.2 95.5 22.39 2.2
40.4 95.51 22.76 2.23
37.24 95.87 21.5 1.55
8.15 96.25 22.92 2.02
1.5 96.39 23.12 1.62
3.53 96.16 20.91 1.92
122.21 95.7 20.48 1.65
0 95.5 23.97 1.76
3.32 95.16 25.21 2.89
7.48 95.12 23.96 2.38
0.42 95.06 24.1 2.36
0.06 95.45 24.33 1.65
1.83 95.63 23.78 1.54
0.91 95.49 24.36 1.44
26.09 95.5 24.87 1.78
18.53 95.52 25.61 1.92
61.65 95.57 23.97 1.74
198.58 95.12 21.21 1.69
32.7 94.82 21.12 2.13
39.01 95.21 21.02 2.31
4.34 95.71 22.65 2.52
0 95.76 22.24 1.6
0 95.81 23.38 1.65
0 96.08 25.02 1.46
0 96.23 24.56 1.92
0.17 96.05 24.63 2.07
2.41 95.84 25.5 1.42
4.63 95.77 26.27 1.53
65.9 95.75 24.9 1.78
665.24 95.25 23.26 3.24
0 95.82 24.44 1.33
0 96.06 24.56 1.46
14.18 96.01 24.49 1.83
130.05 95.63 25.01 2.51
4.71 95.92 24.91 1.55
207.44 95.55 23.61 1.86
52.19 95.16 24.88 2.58
0.52 95.78 22.99 1.6
164.82 96.09 20 1.32
270.65 96.2 19.22 1.61
292.45 96.14 20.78 1.33
38.04 96.22 22.18 1.52
281.43 96.21 22.03 1.66
0 96.41 23.5 1.1
0 96.25 24.69 1.04
0 95.93 25.63 1.72
12.97 95.79 25.4 1.68
24.92 96.03 24.28 1.18
0 95.94 24.78 1.41
10.38 95.99 21.99 1.86
28.01 95.97 19.76 2
1.71 96.15 20.99 1.6
3.78 95.9 19.38 1.54
3.11 95.89 21.49 1.31
0 96.29 22.69 1.6
0.03 95.94 23.35 2.51
138.21 95.85 23.76 1.89
4.36 95.94 22.77 1.47
26.99 95.89 21.8 1.92
11.22 96.56 17.95 1.81
0.03 96.72 17.48 1.61
0 96.55 19.85 2.04
0 96.47 21.63 1.87
0.16 96.31 21.75 2.21
1.88 96.3 21.65 1.51
25.82 96.22 21.49 1.23
0.5 95.64 23.02 1.74
2.7 95.8 24.62 1.77
0 96.13 24.6 1.53
0 96.25 25.24 1.81
0.87 96.27 25.14 1.96
214.54 96.13 19.53 2.51
59.28 96.54 14.47 2.37
0.32 96.62 14.73 1.57
0.72 96.79 16.69 1.66
0 96.72 19.44 1.95
60.15 96.83 17.62 1.34
2.85 96.69 17.56 1.01
0 96.62 19.11 1.14
0 96.57 20.93 1.33
60.48 96.26 19.6 1.72
80.01 96.19 15.24 2.7
0.53 96.37 13.43 2.01
0 96.76 14.3 1.42
0.19 97.2 14.79 1.01
0 97.28 14.87 1.19
0 96.59 15.85 1.93
0 96.12 16.46 2
0.7 96.15 16.71 1.44
0 96.42 18.16 1.53
2.84 96.35 18.39 1.72
0.73 96.32 17.87 1.39
10.59 96.6 16.94 1.24
0.57 96.98 16.63 1.26
14.82 96.89 16.14 1.5
6.33 97.07 16.52 1.21
66.77 96.71 12.63 1.65
33.01 96.63 10.59 4.82
0.84 96.81 12.57 2.87
0 96.87 11.88 1.36
0 96.75 13.12 1.31
0.28 96.55 14.94 1.69
1.04 96.34 14.68 1.91
0 96.49 13.67 1.59
0 96.99 12.63 1.24
0 97.47 12.93 1.06
0 97.34 13.98 1.33
0 96.89 15.12 1.8
53.83 96.39 14.02 2.33
0 96.94 9.66 1.67
0.04 96.6 11.12 2.25
0 96.35 13.45 1.64
0.05 96.71 10.65 2.7
0 97.16 7.85 1.55
0.01 97.33 8.73 1.63
67.38 96.68 9.79 2.61
0 96.75 5.53 2.57
0 96.77 6.56 1.86
0 96.69 8.16 1.72
0 96.97 7.92 1.5
68.65 97.29 4.12 1.2
67.05 96.71 3.46 2.04
0 96.45 6.89 1.57
0 96.16 9.65 1.98
0 96.81 9.55 1.38
0 96.88 10.86 1.66
12.22 96.65 11.84 2.12
0 97.63 5.33 1.82
1.52 97.51 2.05 1.88
0.05 97.18 1.57 2.35
0.03 96.98 1.33 1.88
0 96.97 2.74 1.41
0 97.18 2.88 1.71
29.95 97.09 4.44 1.43
184.08 96.52 3.25 257.08
53.75 96.91 0.41 2.8
0 97.08 -0.41 1.21
0 96.76 0.99 1.26
0 96.98 1.7 1.27
0 97.44 0.55 1.16
45.68 97.12 0.18 0.82
160.04 95.72 -1.12 3.83
0.28 96.31 -2.73 2.49
0 96.37 -4.34 3.21
0 97.19 -3.74 2.13
0 97.52 -4.5 1.27
19.11 96.93 -1.47 1.34
0 96.85 -3.83 255.12
0.02 96.63 -2.76 2.32
0.01 97.14 -1.7 2.28
0 97.19 -3.22 1.14
0 96.82 -0.8 1.54
5.45 97.28 -3.61 2.01
0 97.31 -5.78 1.64
0 96.79 -4.05 1.82
0 96.66 -1.46 2.61
0 96.77 -5.46 2.19
0 95.93 -2.53 2.74
0.03 96.57 -3.96 3.28
0.02 97.15 -7.17 1.67
0 97.86 -10.56 2.34
0.17 97.64 -11.45 1.92
0.41 96.52 -4.17 2.45
3.3 96.57 -5.78 3.48
0 96.89 -8.74 1.49
0 96.91 -10.91 2.49
0 96.9 -12.63 1.84
0 97.03 -13.7 1.81
0.01 97.06 -14.95 3.23
0 97.14 -10.65 2.84
0.06 97.75 -10.82 1.26
0.05 97.94 -11.37 1.02
0.15 97.47 -9.94 1.62
0.04 97.38 -6.92 1.08
18.35 97.38 -7.12 1.53
0.56 97.21 -6.27 1.39
0.55 97.6 -9.21 1.24
0 97.95 -10.69 3.05
0 98.1 -13.18 1.96
0.01 97.56 -13.37 0.89
0.21 97.69 -10.63 154.15
4.28 97.57 -7.94 2.53
0.01 98.09 -13.69 2.61
0 97.98 -17.81 2.22
0 97.16 -16.98 3.37
0 98.27 -17 2.05
0 98.04 -16.69 1.26
0 97.38 -12.54 1.12
2.64 97.32 -11.67 1.04
20.86 97.39 -11.03 2.85
0 97.04 -14.37 2.55
0.03 96.51 -14.43 1.51
0 96.89 -15.37 2.71
0 98.07 -17.34 2.83
0 98.66 -15.56 1.79
0 97.7 -15.7 1.45
0 97.48 -13.9 1.44
0 97.41 -14.24 1.13
0 97.27 -13.31 1.4
0.03 97.72 -15.21 1.63
0 97.56 -14.94 1.51
0 97.41 -13.73 1.25
0.26 97.02 -10.91 0.95
0 97.1 -10.42 1.5
0 97.14 -11.81 0.92
0 97.52 -9.65 1.79
1.09 97.28 -10.99 1.74
0 97.97 -12.71 2.27
0 98.29 -11.39 1.38
0 97.29 -8.16 1.74
0 97.76 -8.23 1.36
7.75 97.79 -7.67 0.93
0.27 97.75 -7.44 1.7
0 97.6 -11.01 1.24
0.02 96.46 -7.44 2.06
0.02 97.01 -11.38 3.31
0 97.12 -13.33 1.37
0.55 97.45 -12.74 1.15
0.11 97.41 -10.66 1.52
0 96.89 -5.69 1.13
0 97.2 -6.68 1.18
0.09 97.18 -5.04 1.49
1.9 97.08 -4.12 1.36
1.29 97.52 -5.73 3.4
0 97.79 -8.99 1.93
4.11 96.8 -6.94 2.1
0 97.48 -7.85 2.65
0.03 97.04 -7.1 1.48
0.65 97.3 -12.59 3.36
0 98.21 -16.21 3.86
0 98.13 -14.7 1.43
0.18 97.19 -10.11 1.91
0 97.79 -11.2 2.12
0.2 97.88 -10.72 1.72
0 97.15 -5.94 61.56
0 96.88 -3.42 2.52
0 97.49 -6.92 1.99
0 97.5 -9.01 1.44
0 96.87 -6.04 2.1
0.04 96.71 -3.28 3.49
0 97.45 -8.53 2.64
0 97.63 -10.51 1.94
0.02 97.54 -10.05 1.62
0 97.45 -7.1 2.46
0 97.64 -5.62 2.29
0 97.56 -3.93 1.52
0 97.65 -4.58 1.58
4.79 97.57 -5.34 1.62
0.27 96.67 0.65 2.29
0 96.56 1.43 2.03
0.38 96.05 -0.54 4.34
0 97.78 -6.11 4.95
0 97.93 -4.99 1.54
0 96.78 -0.04 2.23
0 97.09 2.12 1.98
0 96.51 5.58 2.65
0 96.38 3.68 1.36
0 95.83 4.79 1.72
0 95.67 2.58 2.33
0 95.74 -0.36 4.77
0 97.36 -0.86 1.92
0 96.67 3.88 3.17
40.91 96.41 1.22 2.87
0 97.67 -4.39 3.83
0 97.32 -0.03 2.73
0 96.73 5.44 2.39
0 97.16 5.63 2.24
0 95.68 8.22 2.77
0.47 95.73 -0.3 3.49
11.54 96.5 -4.62 2.92
0.53 97.03 -5.07 2.55
0 95.8 1.83 4.51
0 96.72 -1.29 2.62
21.52 96.36 -3.27 2.83
0 97.08 -3.51 2.93
0 96.97 -0.82 1.55
0 96.07 4.78 3.49
1.01 96.09 3.91 2.9
0 97.01 0.59 2.83
0 97.2 -0.34 2.04
0.72 97.14 0.85 1.81
4.59 96.83 2.58 2.17
76.07 96.84 1.35 2.39
0 96.5 5.06 2.43
0 96.4 7.56 2.46
15.36 96.59 2.3 2.04
48.79 96.85 0.71 2.96
0 96.64 1.24 2.72
0.28 95.88 2.52 2.15
12.28 95.82 2.48 3.05
6.35 96.73 1.56 3.1
0.43 96.64 2.42 2.61
0 96.66 3.66 3.11
0 96.23 8.34 2.23
0.23 95.62 9.19 3.59
0 95.99 4.85 3.68
0 95.65 6.44 2.38
2.8 95.9 6.05 3.04
22.15 96.28 3.25 351.63
3.76 97.24 2.82 4.12
0 97.28 4.11 1.78
0 96.95 6.62 2.13
0 96.66 9.78 2.06
0.29 96.2 12.36 4.11
57.48 96.11 8.45 2.4
1.68 96.03 8.51 2.36
0.03 96.1 9.98 3.93
0 96.17 11.34 1.6
0 96.18 14.21 1.96
8.41 96.01 12.52 2.83
0.24 96.09 13.35 5.06
0.38 96.53 12.78 4.7
0.7 96.62 13.07 2.04
1.37 96.49 12.8 1.75
9.01 96.7 13.82 1.71
0 96.53 17.09 2.71
0 96.64 20.82 1.76
0 96.52 22.81 1.76
0 96.6 21.96 2.32
0.12 96.42 21.53 3.4
13.42 96.02 15.23 2.14
12.69 95.14 16.13 3.45
0 94.7 19.24 3.36
0 95.27 17.85 2.06
0 95.4 19.11 2.29
0.52 95.9 18.67 3.71
0 96.83 17.9 2.48
0 96.8 18.48 2.04
0.46 96.22 18.6 2.62
0 95.68 18.57 2.85
21.56 94.99 16.01 4.02
0.01 95.03 18.37 3.75
0 95.24 20.12 2.27
0 96.19 20.54 1.85
2.43 96.06 23.18 2.97
2.88 96.5 18.95 2.14
0 96.21 21.3 2.01
5.43 96.02 20.4 3.13
3.24 95.84 18.7 3.01
0.7 95.49 19.25 2.26
0 95.77 20.79 3.47
0 95.64 24.39 2.92
0.04 95.3 25.11 4.28
0 95.86 21.28 2.14
11.5 95.73 19.42 2.74
0.05 95.79 21.67 2.61
26.01 96.48 18.63 1.98
72.95 96.38 18.1 2.24
3.87 96.2 18.99 2.41
5.19 96 21.57 2.52
0.94 95.85 22.43 3.04
33.78 96.13 18.08 2.37
6.7 96.37 17.59 1.68
25.06 96.09 16.05 1.84
5.11 95.91 18.06 1.9
0.02 96 22.27 2.92
0.13 96.01 23.72 3.37
2.19 95.86 24.25 2.53
88.48 95.73 20.43 2.21
8.18 95.44 22.22 1.7
49.54 95.13 21.47 1.84
0.17 95.49 24.03 1.83
0 95.99 24.7 2.17
0.05 96.15 25.18 1.85
1.9 95.95 23.02 1.54
4.8 95.62 22.84 1.97
29.36 95.51 21.98 2.28
62.15 95.3 21.25 2.26
86.99 94.96 21.46 2.07
62.85 95.09 22.8 1.91
60.71 95.5 21.95 1.72
291.12 95.65 21.86 2.5
17.44 95.61 22.94 2.68
129.2 95.29 22.8 1.99
240.22 94.74 23.28 2.51
0.07 94.76 25.22 2.41
4.18 94.75 25.14 2.13
2.18 95.1 25.39 1.88
1.29 95.4 25.17 2.11
7.03 95.28 25.21 3.15
74.82 95.47 24.57 1.76
128.28 95.67 22.26 1.33
3.27 95.84 22.69 1.3
0.68 95.84 23.32 1.22
10.4 95.82 24.18 1.7
21.32 96 24 1.91
0.23 96.01 24.59 1.79
211.01 95.35 22.39 1.9
187.53 95.13 23.43 2.34
0 95.78 23.82 1.88
0.32 95.69 22.68 1.96
54.99 95.5 22.77 1.78
3 95.72 23.1 1.73
0.34 95.75 24.41 1.51
11.3 95.65 24.31 1.66
6.93 95.19 24.4 1.74
0.87 95.2 25.44 2.41
0.01 95.53 25.26 1.68
0.05 95.59 25.47 1.59
33 95.39 23.29 1.33
14.22 95.26 26.13 1.9
0.2 95.25 26.02 1.42
1.81 95.07 26.32 1.97
7.65 95.19 26.21 2.1
36.92 95.51 25.43 2.51
0.4 95.75 25.56 2.16
1.39 95.53 26.11 2.28
18.31 95.16 26.99 2.39
50.78 94.99 25.44 1.73
5.52 95.18 26.44 2.03
32.53 95.41 26.91 1.84
15.1 95.19 27.09 1.86
9.68 95.35 25.78 1.61
1.65 95.78 26.68 1.53
7.07 95.91 27.13 2.24
65.16 95.66 24.75 2.31
4.35 95.63 26.07 2.4
11.72 95.59 27.3 2.23
3.13 95.57 27.38 1.88
216.97 95.08 25.49 1.71
0.06 115.42 26.96 2.11
0 96.04 23.63 2.06
0 96.31 23.03 1.58
4.57 96.3 22.41 0.93
2.62 95.94 24.41 2.24
0.24 96.04 23.76 1.58
0 96.19 23.62 1.44
0.09 96.19 23.92 1.43
15.68 95.96 23.04 1.79
30.28 96 20.91 1.97
3.24 96.02 20.18 1.52
307.41 95.4 18.78 1.31
12.49 95.51 17.38 2.74
0.16 96.28 16.79 2.19
18.23 96.35 17.67 1.75
1.86 96.6 17.31 1.49
13.87 96.77 17.49 1.56
0 96.85 17.34 1.29
19.35 96.74 17.61 1.28
163.83 96.7 15.18 1.24
24.87 96.77 15.82 1.38
13.96 96.83 17.23 1.3
2.04 96.8 18.51 1.24
9.5 96.35 19.22 1.75
0.32 96.38 17.92 1.45
0 96.52 18.11 2.03
2.08 96.31 20.05 2.16
64.42 95.67 19.98 2.57
0.49 95.9 20.68 2.58
0 96.55 15.12 1.51
1.03 96.26 16.85 1.49
12.14 96.73 17.6 1.29
7.99 97.22 17.13 1.06
4.79 96.36 19.63 2.3
0 96.67 18.88 1.21
0.15 96.73 19.4 1.36
3.96 96.63 18.34 1.97
87.31 96.87 14.2 2.22
0 97.17 9.85 2.16
0 97.01 11.54 1.8
0 96.74 12.49 1.67
0 96.11 16.69 2.66
0 96.12 16.5 2.35
0 96.94 14.34 1.25
0.56 96.95 14.86 1.7
191.01 96.88 12.03 1.77
0.03 97.04 11.08 2.08
0 96.92 10.4 1.5
0 96.29 16.24 2.76
0 97.15 15.04 1.24
0.01 97.26 15.13 1.91
0.04 97.39 13.87 2.1
0.37 97 11.93 1.39
0 96.05 15.15 2.21
8.64 95.97 14.72 2.97
0 96.48 11.89 2.44
0 96.96 12.45 1.36
64.72 97.03 10.49 1.58
6.97 97.77 6.08 3.4
0 97.92 3.69 1.28
0 97.48 6.65 1.19
0 97.56 7.76 1.41
0 97.36 10.35 1.99
33.76 97.44 9.72 1.26
3.34 97.45 8.31 1.72
0 97.35 7 0.86
19.81 97.24 6.9 1.75
82.57 97.14 3.77 1.86
0.01 97.35 4.87 2.76
0.01 97.58 6.67 2.13
0 97.17 5.58 1.21
0 96.67 7.24 1.52
10.32 97.09 6.46 1.3
1.46 97.69 5.09 1.87
0 97.65 4.18 1.18
0 97.7 5.15 0.79
0 97.51 5.57 1.09
0.27 96.98 8.16 1.53
2.14 97.2 8.18 2.48
0 97.64 6.28 1.5
0.02 96.94 6.46 1.9
0.18 96.45 7.16 2.92
0.01 96.88 4.52 2.32
0 96.98 4.18 2.06
0.22 97.37 4.87 2.96
0 97.48 -0.13 3.01
0 97.55 1.29 1.85
0 97.39 1.94 1.39
0 96.87 2.43 2.13
0 96.57 3.71 2.34
0 96.55 3.59 1.74
0.12 96.61 3.35 2.58
0.01 97.05 -1.22 3.11
0.03 97.22 -1.73 4.55
0 97.16 -2.65 2.83
0 97.22 -2.29 1.68
0 97.42 -2.25 1.1
0 97.19 0.88 1.47
0 96.84 1.71 1.28
0.03 96.47 0.49 1.66
0 96.37 -2.29 3.44
0 96.52 -5.04 2.72
0 96.84 -8 4.8
0 97 -5.28 2.62
0 96.6 0.11 2.41
0 97.16 -1.56 1.96
9784.87 96.98 -1.75 1.74
9784.87 96.7 -0.91 1.18
9784.87 96.96 1.4 1.49
9784.87 96.93 1.53 1.62
9784.87 97.22 -0.47 2.12
9784.87 96.8 -1.23 1.15
9784.87 96.9 -3.58 1.12
9784.89 96.84 -1.79 1.64
9784.89 97.04 -3.93 2.75
9785.02 96.55 -5.85 2.68
9785.14 96.61 -6.86 1.94
9784.87 96.72 -9.59 3.1
9784.87 97.08 -10.32 2.19
9784.87 97.42 -8.16 2.06
9784.87 98.01 -7.86 1.27
9784.87 97.93 -8.39 1.2
9785.23 98.19 -9.91 2.3
9785.02 97.86 -11.7 2.33
9785.05 97.71 -10.72 2.78
9784.88 98.1 -9.73 2.36
9784.87 98.18 -9.37 1.2
9784.87 97.9 -9.58 1.01
9784.87 98 -8.19 1.44
9784.87 98.02 -8.82 1.06
9784.91 97.37 -6.13 1.96
9784.96 97.85 -8.63 3.46
9784.87 97.57 -10.1 1.46
9784.87 97.11 -10.29 2.03
9784.87 96.41 -5.66 2.59
9784.87 96.18 -4.74 2.34
9784.87 95.78 -1.76 3.56
9784.87 96.07 -2.9 2.52
9784.87 96.4 -3.28 2.69
9784.87 96.91 -4.52 2.19
9785.47 96.91 -7.34 1.66
9788.22 97.11 -6.95 2.01
9784.95 96.95 -6.75 2.75
9784.87 97.29 -4.95 2.7
9784.87 97.84 -12.44 2.53
9784.87 97.5 -13.89 2.23
9784.87 97.48 -11.21 2.02
9784.87 97.53 -9.05 2.16
9784.87 98.07 -10.55 2.34
9784.87 97.79 -12.1 1.49
9784.87 97.83 -10.96 1.71
9784.87 97.6 -7.75 1.6
9788.71 97.57 -8.34 1.52
9784.87 97.61 -10.21 1.6
9784.87 97.84 -7.96 1.92
9785.49 96.92 -5.84 3.28
9784.88 97.29 -8.5 4.53
9784.87 97.57 -8.92 2.87
9784.87 96.89 -5.49 1.88
9784.87 96.14 -1.88 3.48
9784.87 96.52 -2.17 2.56
9784.87 97.47 -6.57 3.45
9784.87 97.24 -7.91 3.56
9784.87 96.46 -2.09 4.48
9784.87 97.23 -6.53 3.23
9784.87 95.86 -0.73 4.91
9784.87 96.49 -4.97 2.75
9784.87 96.65 -5.59 1.75
0.5 96.24 -2.42 2.05
0.06 96.17 -3.01 4.33
0 97.11 -10.09 3.75
0 97.33 -11.11 2
0 97.45 -10.47 1.65
0 97.66 -8.64 1.79
1.26 97.38 -9.16 1.76
4.29 97.38 -10.95 3.26
0 98.04 -12.41 3.55
0 97.91 -12.75 1.46
0 97.31 -10.88 1.57
0 97.89 -10.34 1.73
0 97.96 -10.61 1.77
0.05 97.1 -4.36 2.9
0 97.08 -4.33 1.83
0.08 97.65 -4.67 1.9
0 98.2 -6.19 2.3
0.88 97.82 -8.01 1.85
0.66 97.51 -6.92 1.67
0 97.52 -6.73 1.78
0 97.41 -4.23 1.87
2.52 97.85 -5.1 1.69
0.15 97.74 -3.26 1.51
0 97.3 -0.68 1.53
0 97.16 1.74 2.01
0.81 96.84 4.55 4.06
4.06 97.47 -1.12 4.24
0.04 97.26 -4.98 1.57
0 97.06 -3.28 1.72
0.2 97.03 -3.35 2.04
0.3 96.99 -3.85 1.53
1.78 97.29 -2.71 2.95
0 97.39 -4.42 3.22
0 97.58 -5.73 2.45
0 97.57 -4.64 2.15
0 97.06 -3.33 1.95
0 97.35 -3.94 2.34
0 96.95 -1.84 2.43
0 96.57 3.4 3.6
0 97.24 0.46 3.71
0 96.89 -0.53 1.94
0 96.44 2.39 2.7
0 96.02 7.89 2.42
0 96.49 5.64 2.35
0 95.91 8.42 3.88
0 97.07 5.44 2.19
0.09 96.97 4.36 3.37
0 97.31 4.55 4.83
0 96.76 6.82 2.38
0 96.7 8.66 3.24
0 97.08 8.29 2.58
0 96.08 12.93 4.27
0 95.97 12.62 2.52
0.03 95.97 12.28 2.16
0 96.13 12.01 2.63
50.51 95.8 12.01 2.71
21.11 96.24 10.98 2.85
0 96.48 11.64 1.98
1.91 96.61 10.53 2.09
0 96.1 12.31 2.28
0 96.69 9.92 3.76
0 97.18 4.6 4.47
0 96.34 7.2 4.55
0 96.97 5.97 3.41
0 96.39 12.98 3.48
0 96.26 15.13 1.76
0 96.19 14.64 2.22
0 96.29 13.48 4.11
0 97.1 10.44 2.19
1.18 96.74 11.03 1.63
0.61 96.46 11.83 1.88
0 96.57 13.88 2.1
0 96.43 18.01 3.48
0 96.99 14.71 3.3
0 96.34 14.18 2.06
7.08 96.25 11.21 2.3
0.02 96.95 10.65 3.19
15.48 96.89 8.99 2.74
0.06 96.42 10.55 980.36
0 96.48 12.56 3.35
0 96.2 15.01 2.7
1.39 95.91 17.57 3.96
11.8 96.21 17.58 4.61
0.34 96.61 17.32 3.8
30.49 96.88 12.37 3.16
0 97.05 13.46 2.47
0 96.9 14.53 2.24
0 96.33 15.73 1.69
0 95.8 18.7 2.26
5.55 95.68 19.69 4.52
122.75 96.32 8.73 4.86
4.33 96.02 10.53 4.27
8.39 96.19 6.55 5.2
0.11 96.45 8.29 3.95
0.28 95.88 12.15 2.52
38.41 95.77 10.02 3.56
1.52 96.37 13.12 2.18
47.96 96.7 11.95 2.46
2.43 96.64 13.16 2.09
304.58 95.65 9.53 2.62
85.94 94.83 15.55 3.92
0 94.97 18.96 3.66
0.07 95.32 15.64 3.46
0 95.11 15.45 2.96
0.15 95.86 17.62 2.55
2.03 96.27 17.47 2.15
2.02 95.87 20.27 3.2
112.39 95.58 17.35 2.66
5 95.56 17.94 2.44
0.03 95.67 19.95 2.18
0 95.75 22.32 2.69
0.24 96.06 25.2 3.88
50.73 95.95 17.46 2.85
0.78 95.45 17.74 4.63
0 94.87 22.13 4.02
15.91 94.62 19.49 2.91
0.21 95.11 23.44 3.46
0 95.11 25.29 60.01
0.1 95.8 25.26 2.56
0 95.78 26.77 2.9
7.36 95.93 23.89 2.75
1.62 96.08 21.82 2.69
0 95.92 22.44 2.12
2.55 95.71 22.85 1.78
39.86 95.57 23.92 2.32
197.97 95.68 17.8 2.84
172.82 95.51 14.95 3.23
28.31 95.3 17.32 2.45
52.5 95.64 16.48 2.47
49.48 96.01 16.17 1.88
20.73 96.05 19.02 1.96
32.23 95.81 20.71 2.47
10.94 95.86 21.6 2.22
0.02 95.75 22.39 1.86
4.72 95.56 23.95 2.08
63.13 95.4 21.17 1.88
147.61 95.3 20.64 2.64
96.93 95.36 20.34 2.3
8.52 95.65 20.31 1.84
75.87 95.81 19.71 1.78
5.65 95.95 19.33 1.64
86.15 95.98 19.03 1.75
1.92 95.84 22 1.95
0.07 95.5 23.96 2.37
7.69 95.37 23.25 3.34
30.36 95.34 23.22 3.77
0.55 95.73 22.85 3.76
0.94 95.67 23.51 2.96
0 95.76 24.65 1.74
0 95.76 25.04 1.78
23.84 95.72 23.7 2.39
177.96 95.46 21 2.27
18 95.18 23.46 2.64
0.3 95.62 25.06 1.95
1.48 95.77 24.94 2.79
1.56 95.59 25.27 2.37
4.57 95.4 25.02 2.88
16.97 95.28 24.55 3.56
0 95.46 24.06 2.38
0 95.13 25.04 2.97
2.5 95.22 23.69 2.73
10.22 95.42 23.1 2.67
0.61 95.35 23.88 2.41
2.02 95.46 24.61 2.01
32.73 95.47 24.31 2.58
166.42 95.52 22.74 60.04
19.03 95.74 23.15 59.29
0.66 95.83 26.23 1.85
0.51 95.93 28.47 2.31
2.94 95.59 29.26 4.4
129.25 95.38 24.94 2.34
0.37 95.69 22.7 1.5
0 95.41 24.75 2.15
0.16 95.76 23.31 1.55
0 95.8 22.93 1.87
0.01 96.01 23.61 1.91
5.62 95.93 25.44 2.23
2.62 95.48 27.13 3.17
7.04 95.5 25.91 3.72
19.61 95.66 23.87 2.23
0 95.74 25.52 2.53
0 95.7 27.11 2.82
1.92 95.49 27.66 2.52
14.36 95.41 26.63 1.94
104.21 95.68 21.08 2.59
0.75 95.7 22.75 2.1
0 95.92 23.72 2.55
0 96.08 22.73 1.73
0.01 95.99 23.24 1.95
21.84 95.73 22.81 1.89
43.77 95.44 22.27 2.17
7.66 95.56 23.25 3.14
0.34 95.79 22.49 1.98
36.19 95.89 19.27 1.76
29.84 95.81 19.54 1.65
18.39 95.8 20.69 2.12
20.02 95.95 21.18 1.77
5.22 96.08 21.29 1.74
6.79 96.26 21.43 1.54
0.21 96.19 23.03 1.55
0.83 95.9 24.78 2.21
14.07 95.83 24.72 2.16
18.02 95.81 24.03 1.94
28.72 95.65 23.74 2.32
241.92 95.87 19.93 2.11
2.2 96.17 20.24 2.13
0 96.33 21.15 1.62
0 96.4 22.88 2.02
9.81 96.55 21.33 1.71
5.4 96.59 21.06 1.4
1.39 96.56 21.48 2.1
14.29 96.38 20.32 1.45
13.66 96.35 20.6 1.88
292.16 96.23 17.01 2.1
1.7 95.93 18.17 2.12
0 95.57 20.99 2.47
0 96.14 19.51 1.58
0 96.17 20.54 1.54
2.67 95.77 21 2.58
0.03 96 19.65 2.82
0 96.17 17.02 1.45
0.01 96.46 18.14 1.7
0.14 96.47 19.18 1.98
17.23 96.52 18.02 1.32
0.38 96.39 19.34 2.35
0.31 96.64 16.76 2.77
0 96.74 14.84 2.26
0 96.81 14.19 1.64
0 96.88 16.41 1.3
0 96.85 17.34 1.92
6.12 96.21 17.15 2.22
49.51 96.11 15.69 2.59
0.06 96.72 15.03 1.69
0.59 96.8 16.86 2.04
93.5 96.89 13.77 1.85
31.05 96.68 13.84 1.79
0 96.64 14.12 1.56
57.93 96.06 15.06 2.42
0.14 96.55 13.86 1.99
0.47 96.51 14.26 2.49
12.96 97.16 8.48 3.82
0.06 97.37 6.72 1.75
73.2 96.5 7.69 1.47
61.54 96.32 8.02 2.45
0 96.68 9.02 1.46
76.31 96.91 8.74 1.36
7.59 97.32 9.35 2.32
0 97.22 9.6 1.93
0 96.79 12.41 1.82
0 96.72 13.74 2.32
0 96.82 16.63 2.43
0 97.13 14.35 1.53
0.55 97.01 14.88 2.63
0.51 97.91 10.35 4.03
0 97.51 5.95 2.18
0 96.66 8.23 2.14
0 96.15 10.94 4.58
0 96.75 10.24 3.33
0 96.41 13.07 2.22
0 96.54 13.69 2.26
0 96.29 16.17 3.52
0 96.95 9.67 3.25
0 97.42 5.08 2.26
0 96.96 5.94 1.8
0 96.19 11.31 3.35
0 95.88 13.78 3.25
0 96.01 12.83 2.15
0 97.44 6.63 4.92
0 97.95 3.02 1.67
0 97.41 4.11 1.61
0.05 97.11 8.22 1.76
3.4 97.18 9.97 24.67
1.48 96.96 7.72 1.76
10359.3 96.6 8.03 2.82
10359.35 96.79 5.32 4.12
10359.29 96.62 6.77 2.42
10359.29 96.27 8.07 3.53
10359.3 96.52 7.86 3.14
10359.29 97.8 1.19 3.51
10359.29 97.84 -0.79 1.68
10359.29 97.42 1.04 1.74
10359.29 97.19 3.57 1.52
10359.29 96.87 4.38 1.73
10359.3 96.49 2.95 2.76
10359.33 96.97 -2.42 5.31
10359.29 97.03 -1.78 2.69
10359.29 97.34 -1.89 1.6
10359.29 97.47 -0.59 1.6
10359.53 97.27 1.91 1.97
10359.29 97.64 -1.03 1.86
10359.29 97.58 -0.4 1.31
10359.29 96.95 1.4 2.38
10359.29 96.36 3.54 3.16
10359.29 96.79 1.25 2.53
10359.29 97.37 -1.02 2
10359.41 97.15 0.98 2.34
10359.29 97.47 -1.6 1.82
10359.29 96.68 -2.45 1.74
10359.29 96.19 980.1 4.04
10359.29 97.21 -0.83 2.16
10359.29 96.78 -1.12 1.48
10359.32 96.63 -0.49 1.94
10360.03 96.66 -0.23 4.51
0 97.27 -9.74 5.83
0 97.1 -10.13 3.26
0 96.83 -9.92 4.41
0 96.97 -10 3.51
0 97.07 -10.29 3.16
0 97.27 -8.62 2.35
5.48 97.3 -8.16 1.77
0 97.86 -9.92 1.44
0.04 97.79 -7.32 2.6
4.13 97.05 -3.54 4.42
0.07 97.49 -8.29 2.81
0.02 97.09 -8.98 3.6
0 97.26 -9.98 2.55
0 97.29 -8.16 1.77
0.25 97.18 -7.58 3.78
0 97.31 -11.15 3.62
0.01 97.37 -10.36 2.13
0 97.38 -8.24 2.17
0.14 96.93 -5.28 3.7
0 97.3 -8.92 3.4
0 97 -9.3 3.45
0 96.76 -4.12 2.59
0 96.72 -2.58 3.05
0 97.59 -4.7 3.5
0 97.85 -5.42 2.13
0 97.65 -7.09 1.6
0 97.22 -4.56 2.05
0 96.6 -5.02 1.75
0 95.92 -3.15 2.96
0.11 96.62 -5.45 61.88
0.03 97.38 -8.87 4.9
0.11 97.43 -10.29 2.68
0 97.36 -6.68 2.94
0 96.14 -2.8 3.49
0 96.33 -3.11 1.77
0.9 96.6 -1.78 4.07
0 97.22 -7.03 2.92
0 97.58 -8.73 1.63
0 97.5 -8.88 1.49
0 97.34 -6.01 2.21
0.06 96.85 -3.21 3.41
0 97.91 -6.4 2.4
0 98.15 -8.33 1.62
0 97.65 -5.22 1.78
0 97.72 -7.15 1.93
0.32 97.4 -7.47 1.84
1.82 97.36 -8.54 3.15
0 97.56 -8.65 1.76
3.08 96.4 -4.25 3.15
0.02 97.1 -7.57 2.16
0.04 96.97 -6.76 1.73
1.69 97.47 -6.25 2.89
0 97.02 -7.98 1.67
0 96.43 -3.31 2.75
0 97.32 -5.14 1.94
3.09 96.99 -4.68 1.62
1.86 97.48 -7.28 3.56
0 98.08 -10.97 2.69
0 97.96 -11.07 1.75
0.08 97.32 -7.01 3.07
0 97.93 -9.16 3.35
0 98.23 -9.1 1.86
0 98.02 -7.59 1.51
0 97.85 -7.12 1.36
0.09 97.68 -4.21 2.22
0.06 97.6 -4.94 3.37
0 97.53 -3.69 2.56
0 96.84 -1.42 2.87
0.03 97.67 -8.44 5.35
0 97.89 -11.39 3.11
0 97.15 -5.96 2.62
0 96.4 -3.03 1.87
0.01 96.43 -4.68 2.84
0 96.67 -5.51 2.58
0 96.33 -4.72 1.85
0 96.06 0.82 2.14
0.03 96.73 -1.48 1.85
16.32 96.49 -0.41 2.82
0.01 97.07 -0.81 3.93
0 97.76 -2.59 2.77
0 97.38 -3.62 2.89
22.59 96.6 -0.36 3.27
24.48 96.01 -0.35 4.84
0.13 96.39 -4.57 5.1
0 96.65 -5.52 2.07
0 96.25 -4.38 1.79
0.53 96.66 -5.05 3.16
0 97.13 -7.55 3.14
0 97.81 -6.05 2
4.86 96.93 -2.69 4.33
0 96.51 -0.07 3.12
0.03 96.02 -1.27 2.5
0.06 96.7 -5.08 5.38
0 97.3 -5.66 2.97
0 97.09 -3.13 2.99
0 96.43 1.42 3.99
0 96.63 2.8 2.57
1.32 97.14 -1.48 3.42
0 98.02 -7.87 5.81
0 97.41 -3.89 3.11
0 96.98 -2.38 3.78
0 96.49 -2.18 2.82
0 165.94 977.52 980.21
0 96.7 0.28 3.41
0 96.3 5.96 3.29
0 96.15 6.45 3.25
0 96.87 4.65 2.61
0 96.24 6.32 2.68
0 96.43 7.27 3.42
0 96.55 6.85 2.6
0 96.49 7.58 3.61
0 97.46 3.11 3.72
0 97.65 3.2 2.56
0 97.87 3.92 1.8
0 97.65 7.4 2.94
0 97.43 12.35 3.93
0 96.66 13.01 5.02
0 96.1 12.59 3.53
0 96.32 10.84 3.29
0 95.84 14.09 4.02
12.56 96.68 7.64 3.45
0 96.88 5.95 1.7
197.59 95.29 3.19 2.53
0.47 96.13 5.55 2.6
1.5 96.1 6.4 1.86
0.11 96.56 6.1 3.85
0 97.75 0.68 4.15
0 97.77 1.24 2.88
0 97.02 5.1 3.16
0.11 96.71 8.37 3.06
0.31 96.88 8.99 2.81
39.7 97.05 7.97 3.01
189.03 97.54 1.22 3.99
1.34 97.27 4.57 2.43
0 95.7 10.99 1.87
0.66 94.84 14.43 4.28
3.37 95.73 9.99 5.11
0 95.77 12.74 2.77
0.04 96.08 13 2.46
0.03 96.46 11.84 3.67
0.01 96.18 12.14 2.74
0.04 96.02 12.72 2.76
0 96.38 14.47 4
0 96.45 15.64 4.47
0 96.79 15.37 2.81
0 96.19 20.75 4.1
0 95.8 24.28 4.23
32.89 95.54 20.47 4.72
40.77 96.09 16.49 2.28
0 96.18 18.78 2.07
0 96.06 20.47 2.63
7.55 95.86 18.23 3.82
45.12 95.95 15.55 2.17
0 96.14 14.62 4.44
0 96.1 14.13 4.64
0 95.44 16.14 5.25
0 96.05 13.43 2.56
0.73 95.94 14.14 4.17
30.08 96.23 8.6 2.54
0 96.62 9.51 1.84
55.4 96.51 9.61 2.21
87.73 95.59 8.08 1.8
10.21 94.31 11.59 3.35
0.36 94.4 19.3 3.33
1.13 95.62 17.85 5
0.03 96.32 16.96 4.07
0 95.79 18.71 3.18
22.53 94.95 19.5 4.83
54.42 95.06 16.47 4.7
0.85 95.48 14.96 5.35
0 96.29 18.19 3.86
0 95.97 21.37 3.52
0 95.82 22.17 3.01
3.49 95.75 22.33 2.96
0.09 95.6 23.9 3.48
0.36 95.52 25.28 4.06
3.55 95.58 25.7 3.27
0.18 95.6 23.71 3.17
2.97 95.37 22.88 4.02
1.19 95.58 21.14 3.06
0 95.73 20.6 3
0 95 24.67 6.49
17.05 95.31 23.52 2.86
2.3 95.88 20.39 3.65
0 96.14 21.76 3.28
69.78 95.45 18.26 3.17
49.92 94.9 18.61 2.41
82.73 95.37 18.57 2.56
0.52 95.73 19.69 2.93
1.26 95.41 20.28 2.68
9.26 95.45 18.4 1.91
159.81 95.23 16.7 2.4
247.09 94.7 16.62 2.43
36.48 94.77 17.31 1.9
94.29 95.6 17.97 2.17
0.28 95.9 20.74 2.09
38.18 95.76 22.06 1.88
0.68 95.48 22.84 1.77
255.46 95.43 20.9 2.34
4.79 95.66 19.57 2.71
93.13 96.08 17.03 2.59
0.07 96.18 21.2 2.36
0 95.86 23.53 2.19
4.53 95.63 23.49 3.15
0.31 95.77 23.25 2.51
8.58 95.57 23.38 3.21
15.41 95.26 21.89 2.4
147.83 95.17 20.86 1.67
1.48 95.63 22.03 1.68
3.63 95.72 23.63 2.14
194.41 95.8 17.91 2.31
18.8 95.26 18.32 1.96
30.85 94.8 19.48 3.12
3.05 95.35 18.25 2.88
0.15 95.94 19.12 2.48
68.41 95.97 19.64 2.08
19.64 96.09 20.65 1.89
0 96.09 22.09 1.9
0.24 95.95 23.24 1.98
2.18 96.09 24.33 2.1
0.19 96.34 25.41 2.31
3.01 96.16 23.82 2.63
0.56 95.84 25.63 2.41
2.84 95.26 26.43 2.07
0.26 95.05 27.15 3.43
9.98 95.46 26.52 2.6
15.4 95.82 25.38 2.14
19.09 96 22.42 2.36
13.82 95.89 22.63 1.67
37.17 95.75 23.2 1.8
151.32 95.92 22.59 1.97
76.31 95.87 22.82 2.2
18.21 95.57 24.16 2.42
31.54 95.51 23.43 2.46
11.03 95.51 23.63 1.8
23.32 95.33 23.43 2.01
9.84 95.17 24.37 1.93
16.09 95.51 25.72 2.47
37.49 95.63 24.72 2.36
71.34 95.41 24.63 2.33
57.23 95.33 24.91 2.17
375.23 95.7 22.53 2.46
17.13 95.94 22.76 1.69
1.82 95.79 23.89 1.82
34.85 95.33 24.79 2.74
0.22 95.28 23.98 2.2
1.74 95.14 25.36 2.26
3.27 95.34 25.55 2.84
17.54 95.73 24.4 2.68
18.23 96.26 23.29 2.24
70.82 96.29 23.24 2
30.85 96.16 24.39 1.99
0 96.19 24.22 1.62
0 96.02 24.69 1.57
0 95.85 24.96 1.48
0 95.57 25.93 1.86
1.78 95.35 25.99 1.99
0.03 95.63 24.42 2.13
0 95.69 24.48 1.92
2.13 165.08 995.6 980.05
38.78 165.34 995.64 980.16
53.94 96.21 20.73 2.17
24.25 95.88 19.79 2.35
2.95 95.66 21.09 2.05
43.2 95.77 20.55 1.77
11.83 96.08 20.47 1.66
12.85 96.29 20.74 1.84
12.41 96.21 21.09 2.52
18.05 96.09 21.25 2.33
0.05 96.04 21.24 2.2
12.97 95.91 20.47 1.8
12.76 96.07 19.48 1.62
26.11 96.23 19.54 1.86
110.54 96.4 18.07 1.81
82.82 96.41 19.33 1.97
2.29 96.39 21.48 2.06
0.34 96.56 20.83 2.1
13.3 96.45 18.87 1.4
41.03 96.21 18.61 2.12
0.03 96.38 18.04 1.83
0 96.32 19.31 1.58
1.65 96.48 21.07 2.23
16.23 97.09 17.3 2.43
2.85 97.04 16.1 1.77
25.91 96.49 13.95 1.79
23.71 96.45 14.53 3.02
0 96.4 19.55 2.23
0 96.74 19.58 2.49
0 96.89 18.96 2.52
0 96.72 19.34 2.18
3.93 96.67 19.17 1.6
13.93 96.69 18.79 1.76
0.01 96.77 17.45 1.85
2.29 96.31 17.22 2.25
3.6 96.11 19.93 2.77
49.89 96.01 18.47 3.07
62.74 96.02 16.22 2.09
44.47 96.02 15.38 1.78
29.93 95.97 16.28 2.75
0 96.28 14.83 2.41
0 96.43 17.42 2.51
0.31 97.27 14.3 1.44
3.76 97.77 11.81 1.72
11.2 96.69 15.42 3.18
64.63 95.88 11.83 5
0.03 95.84 14.48 3.88
0 96.82 12.4 2.4
0 97.15 14.73 2.44
0 96.67 17.65 3.47
0 96.54 18.08 2.5
0 96.32 18.15 3.26
0 96.62 11.79 3.57
0.42 95.95 6.93 2.98
1.83 96.13 6.53 4.83
7.07 96.41 10.39 4.07
0 96.84 11.85 2.2
0 96.91 13.24 1.92
0 96.66 13.86 1.95
0 96.6 15.08 1.9
0 96.65 15.28 2.42
1.1 96.72 15.03 2.93
0 97.51 7.55 2.8
0 96.44 10.67 2.77
13.65 96.94 7.44 2.23
37.76 97.3 5.85 1.99
2.52 105.3 126.09 62.24
0 104.76 126.42 62.13
0 97.5 7.96 2.51
0 97.54 5.05 1.65
10.5 96.35 7.55 4.1
0 96.34 4.97 2.86
0 96.95 2.98 3.01
0 97.29 1.22 3.66
0 97.72 0.91 2.35
0 97.79 2.81 1.45
0 97.1 4.61 1.51
0 96.9 6.08 1.31
0 96.96 8.51 3.09
0 97.08 10.29 2.99
1.24 98.12 2.76 4
64.16 98.2 -2.55 3.84
35.66 97.78 -2.53 3.66
4.42 97.35 -1.97 2.29
0.18 97.43 -2.12 1.53
0 97.65 -2.25 1.15
0 97.78 0.45 1.27
0.19 97.62 2.28 1.38
0.01 96.92 4 1.65
0 96.26 6.37 2.53
0.11 97.02 3.45 2.5
4.28 96.94 -0.69 2.55
0 97.58 -2.64 2.64
3.07 97.51 -3.58 2.28
10.42 97.5 -5.29 2.41
8.78 97.53 -6.76 2.07
11.37 98.01 -7.16 1.99
26.11 98.45 -9.92 2.84
6.63 98.53 -11.37 3.47
0.09 98.46 -13.47 2.25
0.01 97.58 -12.99 2.67
0 97.52 -13.12 2.83
0.06 97.08 -11.24 1.31
0.26 97.52 -8.56 1.53
19.69 97.19 -4.76 1.89
0 97.13 -7.2 1.61
0.35 96.45 -2.22 2.57
0.09 96.23 -3.88 4.32
0.21 96.48 -6.28 5.09
0 96.88 -4.39 3.2
0 97.53 -4.73 1.95
0 97.68 -6.96 1.37
0 97.87 -7.98 1.07
0 97.48 -3.44 2.17
5.69 97.11 1.6 2.81
0.02 97.25 0.27 4.27
0 97.64 -5.26 2.02
0 97.3 -5.6 1.29
0 97.41 -5.76 1.19
3.37 96.77 -4.18 2.49
0.03 96.84 -5.52 3.66
0.04 97.37 -7.13 5.13
0 97.53 -7.48 2.65
0 97.92 -5.59 1.74
0 97.96 -5.78 1.66
0 97.08 -3.11 2.38
0 97.26 -4.79 1.56
0 97.39 -7.23 1.32
0 97.24 -4.64 1.97
0 97.37 -7.93 2
0.01 96.37 -6.18 3.2
0 97.33 -10.75 4.02
0 98.18 -13.46 2.12
0 97.9 -9 1.61
0.25 97.43 -5.31 1.55
0.84 97.65 -6.36 1.65
0 97.72 -7.62 1.6
0 96.84 -2.63 2.66
0.01 96.77 -4.68 1.39
1.03 96.98 -7.12 1.83
0 97.47 -9.24 3.25
0 97.34 -11.17 2.42
0 97.55 -9.67 2.8
0 97.43 -9.5 2.56
0 97.22 -9.71 2.38
0 96.97 -9.41 2.03
0 97.71 -10.62 2.91
0 97.99 -12.17 2.38
0 97.48 -12.27 3.02
0.07 96.8 -10.64 3.14
0.1 96.56 -9.91 2.37
0 96.59 -10.36 1.79
7.65 97.17 -12.17 2.67
3.2 97.23 -16.46 3
0 96.89 -17.45 3.69
0 97.52 -17.03 1.83
0 98.02 -16.29 1.34
1.71 97.94 -15.5 1.49
0.86 98.46 -18.49 3.14
0 98.38 -22.26 4.8
0 97.85 -15.43 3.85
0 97.28 -10.6 2.55
0 97.14 -10.74 2.67
0 97.24 -9.36 2.59
0 97.7 -10.65 1.9
0 98.18 -13.97 2.14
0 98.01 -15.27 2.25
0 98.05 -12.78 2.7
0 97.91 -10.71 2.19
0 97.54 -9.04 2.15
0 97.28 -7.98 2.36
0 97.5 -7.39 3.28
0 97.42 -7.83 3.68
0 97.38 -6.75 2.51
0 96.48 -6.14 2.41
0.01 96.06 -2.64 3.4
0 96.77 -2.6 2.49
0 96.49 0.68 2.68
0.13 96.4 0.93 1.91
3.56 96.5 1.46 2.42
38.01 97.2 -6.23 5.8
0 97.39 -11.04 4.56
0 96.79 -8.59 3.46
0 96.61 -4.51 3.96
0 96.62 -1.89 3.56
0 96.5 -1.94 3.48
0.12 97.39 -5.19 3.34
0 97.39 -7.51 3.7
0 97.3 -8.23 2.75
0.01 97.32 -4.84 3.26
0 98.25 -8.93 2.37
0 97.89 -7.83 2.62
0 97.81 -6.93 2.59
0.08 97.14 -5.45 2.99
0.02 97.19 -5.22 1.96
0.12 97.47 -6.56 3.93
0.07 97.78 -7.41 3.41
0.04 96.85 -0.5 3.11
0 96.41 3.63 2.76
0 96.33 2.61 2.13
0.27 96.74 1.54 1.49
66.27 96.57 1.97 3.2
0.03 96.6 0 2.11
2.07 96.82 -1.65 3.98
0 97.63 -5.78 4.53
0 97.75 -5.85 3.2
0.02 97.52 -5.03 3.2
0 97.02 -4.36 1.95
0 96.4 -0.77 3.61
0 97.09 -0.31 2.5
0 96.94 1.4 1.97
0 96.41 5.04 3.18
0 96.23 8.62 3.69
0 95.9 9.59 4.55
0 96.16 8.74 3.3
0 97.08 5.35 2.13
0 97.33 6.03 2.02
0 96.94 9.12 2.6
0 97.24 7.25 4.54
0.03 97.85 3.55 5.1
0 97.89 3.35 3.1
0 97.55 3.63 2.89
0 97.12 7.91 2.56
0 96.59 9.57 2.06
0 95.93 11.89 4.55
2.11 96.4 8.88 3.26
0 96.46 9.29 2.98
0 95.56 15.12 4.85
18.5 95.69 12.29 4.59
1.92 96.78 8.25 3.48
0 96.83 8.76 3.04
0 95.99 11.47 3.9
0.1 96.27 11.25 3.06
0.81 95.74 12.47 4.36
0 95.96 11.67 3.51
0 95.99 12.89 5.39
0 96.18 9.08 3.24
0 96.81 6.72 3.59
0 96.51 6.88 4.1
47.09 95.56 7.98 2.71
0.14 95.25 10.88 4.21
0 96.36 12.32 4.03
0.36 95.95 15.11 4.51
34.84 95.78 10.77 3.2
1.25 95.76 7.8 4.27
14.64 96.11 7.23 2.46
5.24 96.51 8.82 3.11
0.03 96.09 13.68 2.62
0 95.21 16.5 5.3
0 95.76 13.09 5.52
0 96.32 12.12 2.66
0 95.86 14.46 4.43
0.69 96.5 13.16 2.96
11.42 96.75 11.42 1.99
0.76 96.36 13.88 1.89
0 96.48 14.29 2.39
17.03 95.79 14.25 2.76
0.09 95.36 17.7 2.88
8.63 95.08 21.68 3.78
132.37 95.79 12.76 3.12
133.08 94.9 11.18 5.23
0 95.49 16.02 3.12
33.48 95.58 14.71 3.96
0.06 95.76 14.46 5.71
0 96.56 16.57 2.9
0 96.06 18.21 4.23
0.63 96.12 17.59 2.1
0 95.87 17.59 2.16
0.78 95.13 19.92 4.99
237.47 95.74 12.46 3.69
0 96.77 14.53 3.64
28.97 96.4 12.18 3.69
2.02 96.09 13.27 3.37
0 95.62 18.06 3.1
0 95.75 23.48 3.77
0 96.08 23.36 4.55
0 96.29 22.13 4.05
0 96.46 21.57 3.75
0.02 96.96 20.12 3.26
0.03 96.89 19.73 2.8
46.3 96.1 15.59 1.8
14.57 95.07 16.99 4.52
20.15 95.36 18.68 3.27
0.19 95.78 19.36 3.65
0 95.79 21.69 3.98
0.09 95.38 23.68 4.39
0 95.67 20.33 3.81
0 95.38 22.76 3.62
29.07 96.16 17.31 2.68
0 96.24 20.36 2.1
0 95.89 23.56 2.97
0.01 95.59 23.88 3.29
0.02 95.7 22.66 2.77
0.17 95.98 22.72 2.48
27.89 96.07 20.15 3.03
9.78 96.15 19.56 2
0.07 95.87 21.88 2.22
12.26 95.63 22.38 3.84
156.94 95.41 20.03 4.45
30.46 95.79 19.03 2.4
6.6 95.72 20.4 1.95
5.33 95.37 20.09 1.89
211.08 95.26 15.91 2.42
25.55 95.29 18.13 2.25
2.09 94.94 20.44 2.44
29.74 94.96 21 1.96
2.47 95.49 22.21 2.71
0.02 95.6 23.9 2.22
13.57 95.32 24.87 2.78
36.94 95.3 24.45 2.93
41.65 95.32 23.34 2.38
30.27 95.51 21.83 2.35
9.64 95.55 21.91 3.38
0 95.73 24.32 2.47
0 95.71 25.14 2.13
23.59 95.48 23.55 2.3
78.89 95.63 20.04 3.08
92.99 95.47 20.71 2.56
34.33 95.43 21.42 2.14
0 95.56 21.69 2.08
0.15 95.57 23 1.74
0 95.72 25.3 2.68
0 95.91 24.49 2.51
2.03 96.09 24.97 1.9
0 96.19 26.29 2.05
0 96.14 26.22 2.82
0 95.88 25.94 2.61
0 95.6 27.62 2.26
0 95.37 28.64 2.67
4.65 95.07 28.91 3.92
71.68 95.24 23.76 2.24
1.98 95.58 25.09 2.48
1.06 95.9 24.25 2.56
7.45 95.61 20.99 1.99
5.14 95.47 21.15 2.09
1.15 95.79 22.4 1.91
0.06 95.84 23.89 2.07
50.33 95.94 22.86 2.37
376.63 95.94 21.15 2.51
824.14 95.45 22.36 2.44
50.04 95.29 23.78 1.74
8.26 95.19 26.46 2.56
0.47 95.62 26.83 2.06
512.45 95.62 22.21 2.52
5.64 95.55 22.9 1.59
0.94 95.33 24.42 1.98
21.13 95.31 25.04 2.41
41.36 95.68 24.41 1.94
195.84 95.97 24.07 1.88
73.73 96.05 22.82 1.78
46.83 96.14 23.53 1.9
0.38 96.15 25.09 1.55
0 96.13 26.38 1.55
0 96.1 26.96 1.84
0 96.02 26.69 2.09
118.35 95.71 26.23 2.35
203.68 96.03 23.9 2.24
0 96.17 23.05 1.53
0 95.87 23.8 2.29
0 95.67 27.32 3.87
0.96 95.66 28.76 4
22.19 95.67 26.41 2.29
0 95.63 25.46 1.74
0 95.86 25.04 2.05
5.29 95.81 23.47 1.54
29.45 95.66 23.09 2.09
1.84 95.54 23.34 1.56
316.51 95.48 20.88 1.6
26.98 95.87 21.93 2.4
8.04 96.04 22.55 1.64
0.63 96.15 23.86 1.76
3.47 96.27 24.15 1.49
17.69 95.85 21.83 1.62
9.36 95.59 24.25 1.72
90.51 96.27 19.04 3.86
0 96.63 18.61 2.07
3.51 96.3 18.87 2.15
3.59 96.24 19.61 2.11
0 96.37 19.24 2.39
0 95.82 19.17 2.69
22.42 94.77 17.38 3.72
35.19 94.66 16.2 2.35
15.56 95.34 19.25 1.46
41.67 95.87 18.85 1.2
61.7 96.13 18.4 1.61
98.76 96.04 18.14 1.61
16.72 95.9 19.67 1.81
3.76 95.67 19.21 1.65
5.12 95.72 18.8 1.74
24.81 96 18.22 1.31
8.64 96.19 17.75 1.77
52.15 96.55 16.6 1.79
27.38 96.8 16.99 1.56
1.37 96.79 17.77 1.54
14.22 96.6 19.64 2.09
0.03 96.45 20.65 1.76
6.06 96.47 19.86 1.78
3.36 96.9 17.76 2.28
13.06 97.05 15.65 2.62
0.14 97.1 15.07 2.33
0 97 15.07 1.59
1.38 96.86 14.94 2.01
3.35 96.47 17.32 2.29
6.13 96.15 19.02 2.33
2.07 95.91 20.37 3.45
0.05 96.53 18.4 2.07
13.38 96.38 17.77 1.68
1.97 96.99 13.9 4.1
0 97.48 9.71 2.47
0.03 96.77 10.73 2.72
0.07 96.39 16.11 1.89
3.98 96.29 18.82 3.67
5.97 96.27 15.67 1.7
1 96.2 17.22 3.34
55.98 96.77 9.67 2.39
26.16 96.86 8.65 2.32
0.62 97.49 9.59 1.71
75.26 96.71 10.43 2.44
1.42 96.79 7.56 4.25
0 97.09 5.9 2.08
0.43 96.63 8.11 2.13
0 97.16 7.24 92.2
0.11 97.2 8.27 1.81
0 96.76 12.91 1.74
0 96.85 14.28 1.89
0.28 97.04 15.43 3.02
13.5 96.55 14.15 3.3
0 96.95 11.09 1.9
0 96.77 12.06 2.01
0 96.54 14.79 2.67
2.1 97.42 7.21 3.24
40.13 96.85 6.58 1.76
52.47 97.46 3.3 3.56
0 97.17 3.57 1.42
0 96.55 4.59 1.37
0 96.16 9.28 2.79
0 97.32 5.37 2.23
48.38 97.41 3.87 1.41
23.95 97.55 3.91 2.83
0.22 97.72 1.25 2.68
1.82 97.35 1.52 3.32
0 98.2 -3.49 2.81
0 97.87 -2.45 2.71
0 97.13 1.27 3.14
0 96.56 2.65 1.89
0 95.66 4.94 1.81
0 96.56 3.72 3.79
0.17 97.5 0.42 2.1
10.06 97.69 -0.25 3.24
0 98.11 -2.41 1.87
0 97.59 -1.35 2.3
4.17 96.1 3.25 3.9
1.1 96.27 -0.14 1.54
0.2 96.79 0.64 1.65
0 96.35 4.29 3.27
0 96.89 3.04 4.28
0 97.28 -2.14 2.1
0 96.91 1.86 2.17
0 96.96 0.24 2.46
0.35 96.28 3.63 2.3
3.29 96.76 -1.86 2.53
26.63 97.41 -5.71 1.59
66.18 97.71 -7.67 3.06
0 98.15 -10.87 2.8
0 97.85 -10.43 2.64
0 97.37 -7.8 2.32
0 97.02 -5.41 2.11
0 96.55 -1.61 3.3
0 97.28 -4.37 3.5
0 97.74 -4.04 1.65
0.12 98.05 -4.09 1.89
6.87 96.9 0.12 3.51
0 97.64 -2.41 3.05
0 97.37 -0.1 2.45
0 96.65 2.25 3.29
0 96.59 -0.2 2.25
0.46 97.29 -4.21 3.36
0 96.82 -4.23 3.11
0 97.01 -5.23 2.05
2 96.38 -2.36 3.33
0 97.36 -6.63 2.09
0 97.51 -7.45 1.19
0 96.99 -5.35 2.92
3.64 97.17 -2.82 2.32
0 97.79 -7.03 3.32
0 97.79 -9.53 2.28
0.01 97.75 -8.69 2.69
0 97.04 -4.83 2.49
0 96.93 -3.61 1.21
0 97.08 -3.59 0.97
0 97.14 -3.4 1.28
0.04 97.49 -3.21 1.04
0.09 97.42 -3.6 2.43
2.05 97.08 -8.07 4.09
0 97.56 -8.85 2.79
0 97.55 -9.23 1.29
0.03 97.31 -4.77 2.71
3.45 97.9 -7.87 3.42
0 97.89 -10.84 1.97
0 97.57 -8.87 3.37
0 97.82 -9.15 2.73
0 97.31 -7.67 1.75
0 97.16 -6.7 1.4
0 96.95 -2.95 2.74
0 97.09 -4.33 2.31
0 96.79 -1.88 2.44
0 97.34 -4.6 1.56
0 97.7 -6.1 1.15
0 97.22 -3.84 1.18
8.28 97.17 -3.51 1.78
10.21 96.77 -3.84 2.19
0.01 97 -6.44 3.28
0 97.27 -9.04 3.15
0 97.01 -9.03 2.54
0.01 96.72 -9.68 2.65
0 96.86 -9.19 3.58
0 97.82 -10.74 2.01
0.19 97.83 -12.23 1.45
0.03 97.73 -11.43 1.46
0.21 97.52 -9.27 1.84
0 97.83 -10.35 1.58
19.65 97.47 -11.16 3.01
0 97.63 -13.17 2.16
0 97.21 -11.38 4.33
0 97.89 -13.13 2.28
0 98.02 -13.6 1.46
0 98.14 -12.15 1.35
0 97.59 -8.12 1.93
0.04 96.76 -2.9 4.65
0 97.38 -6.16 3.45
0 96.75 -5.68 2.58
0.13 97.48 -9.19 4.3
0 97.93 -9.46 3.15
0 97.32 -6.66 2.84
0 98.07 -7.32 3.07
0 97.47 -5.59 2.01
0 96.88 -3.6 1.82
0.37 96.47 0 2.2
0 96.82 -3.6 3.26
0.01 97.79 -5.54 2.86
0.01 97.75 -6.71 1.08
0.03 97.52 -7.18 5.06
0.01 97.07 -8.13 5.14
0 97.26 -8.12 4.38
0 97.39 -6.89 2.64
0 97.37 -5.97 1.58
0 97.83 -4.24 1.99
0 97.79 -3.37 2.14
0 96.61 1.8 3.24
5.23 96.77 -1.5 4.23
0 97.5 -6.11 2.76
0 96.94 -4.87 2.51
0 95.78 -1.22 4.19
0 97.56 -6.18 4.55
11.57 97.48 -5.9 2.58
24.72 96.71 -3.06 4.17
0 97.25 -3.5 3.39
0 96.98 -1.68 3.09
0 96.89 -0.31 2.99
0 97.13 -0.39 1.52
0 96.79 2.03 2.93
0 96.68 2.38 2.79
1.49 97.08 -2.94 4.22
0 96.38 -0.64 2.64
0 96.36 0.92 1.74
0.03 96.56 -0.93 2.47
0.15 97.02 -3.37 3.93
0.04 96.77 -5.65 3.28
0 96.8 -4 3.83
0 96.29 0.79 3.63
0 96.1 1.49 2.98
0 96.33 3.93 1.94
0 96.55 5.87 2.69
0 97.37 1.54 4.33
0 97.42 1.51 2.71
0 97.38 2.21 2.49
0 97.15 3.23 1.87
0 96.74 4.14 1.63
0.58 96.65 5.49 2.36
0 97.16 6.56 2.01
0.13 97.26 6.36 2.66
1.14 97.24 3.32 3.29
0 97.14 2.38 2.29
0 96.86 3.79 2.11
0.9 97.27 3.54 1.93
8.35 97.01 1.82 1.48
3.62 96.78 3.47 2.01
0.27 96.7 3.44 2.22
0 96.89 3.99 2.57
0 96.73 6.04 2.34
0 96.62 9.77 3.36
0.09 97.37 5.51 2.75
0 97.22 5.92 2.61
0 96.62 6.54 1.77
0 96.63 9.71 1.91
0 96.59 13.14 3.24
0 96.31 16.17 3.76
0.8 96.08 13.19 3.27
1.5 96.03 11.07 3.34
0.5 96.16 11.05 2.87
0 96.8 10.32 3.89
0 96.88 9.89 1.96
0 95.89 13.01 2.97
0 96.38 9.88 4.27
0 96.33 8.51 2.73
0 95.76 12.53 4.13
0 95.28 15.46 3.28
0 95.7 17.15 3.11
0.24 96.03 15.75 2.89
1.16 94.96 15.9 4.43
0.29 95.12 10.14 5.7
1.25 95.61 8.57 3.2
1.34 95.87 11.12 3.68
0 96.31 11.27 2.46
0.01 95.67 14.63 4.94
0 95.91 11.63 2.92
0 96.18 11.07 3.07
0.01 96.87 10.15 3.18
0 96.89 11.66 4.43
0 96.06 15.88 4.29
0 95.49 18.12 3.09
0 95.17 21.22 4.12
0 96 18.82 2.8
0 96.48 18.11 2.5
0 96.45 20.66 3.65
2.3 96.4 18.61 4.8
27.5 96.29 15.47 2.8
26.04 96 11.56 5.55
0 96.18 12.79 5.8
0 96.07 18.33 3.68
0 95.74 21.22 2.6
0 95.6 19.68 4.48
0.52 95.49 19.09 3.02
0.04 95.59 17.18 4.7
0 95.5 15.18 4.12
0.68 95.66 14.5 4.86
0.17 96.38 15.55 4.65
0 96.38 17.37 2.36
0 95.63 20.37 1.96
0 95.46 23.74 2.76
0 95.49 27.93 4.52
1.92 95.76 27.37 3.45
0.41 96.03 25.25 3.47
4.92 96.28 19.11 3.47
179.22 96.46 11.52 2.52
0.02 96.3 16.9 2.26
0.01 95.83 20.38 2.22
0.07 96.33 16.97 3.62
0 95.98 18.79 2.44
0 95.63 20.94 2.87
0 95.77 22.95 3.24
31.05 96.2 17.14 2.54
1.03 95.65 20.02 2.96
34.01 95.11 20.19 3.06
0 95.59 18.05 3.28
73 95.94 12.21 2.01
0 96.08 16.38 2.45
0 96.05 20.89 2.68
0 96.23 21.85 2.37
26.93 95.97 15.82 2.14
1.2 95.65 18.73 2.4
0.78 95.51 23.06 3.91
0 95.55 22.51 3.61
0 95.96 20.25 1.83
14.52 96.11 18.74 1.87
21.57 96.4 18.98 1.82
0 96.42 21.29 1.97
0 95.96 27.16 2.55
0.17 95.67 28.77 2.22
6.27 95.54 27.88 2.76
7.54 95.46 25.98 3.14
40.79 95.45 23.7 3.55
152.6 95.4 20.38 2.13
17.05 95.41 21.02 2.25
0.75 95.57 22.88 2.16
60.37 95.94 19.75 1.55
127.35 95.84 18.1 1.63
8.48 95.58 19.46 1.54
7.76 95.54 21.34 1.5
0 95.71 24.33 1.75
6.46 95.66 25.28 2.74
6.24 95.7 25.79 3.29
0.08 95.61 26.68 3.52
14.41 95.42 27.05 3.07
20.63 95.3 27.59 3
76.15 95.48 24.4 2.17
0.57 95.57 25.44 1.9
17.43 95.74 25.33 1.77
99.96 95.91 23.78 1.46
127.23 95.71 23.92 2.52
539.32 94.84 23.77 2.55
35.99 94.86 25.18 3.44
119.39 95.04 23.71 2.11
0.85 94.91 25.07 1.72
0 95.24 26.4 2.61
0.42 95.3 28.83 3.11
21.37 95.1 28.92 3.83
35.12 95.44 26.44 2.52
28.34 95.83 26.05 1.81
0 95.95 27.25 2.15
0 95.93 27.78 2.42
0.01 95.66 27.82 3.16
64.11 95.39 26.64 2.7
28.24 95.31 25.05 2.84
105.08 96.05 21.89 2.54
20.78 96.08 21.67 1.51
4.32 95.63 23.65 1.14
4.44 95.7 23.83 1.59
0.78 95.97 24.69 1.75
33.05 95.68 21.81 2.17
0.9 95.8 23.29 2.14
0 96.32 23.63 1.72
0 95.93 23.63 1.57
20.23 95.52 24.46 2.4
0.05 95.7 25.35 2.09
0.67 95.81 25.77 2.55
34.16 95.51 25.75 2.25
1015.72 94.86 24.4 2.64
10.36 95.29 25.72 1.54
70.64 95.35 25.19 2.16
39.71 95.16 23.94 1.89
7.39 95.23 24.35 1.99
47.02 95.11 23.44 1.67
45.04 94.95 21.16 1.55
3.63 95.05 23.76 1.55
6.8 95.46 24.74 2.47
60.79 95.87 23.31 2.07
0.41 95.99 23.95 1.63
30.38 95.91 22.33 1.7
13.19 95.77 22.54 1.63
261 95.84 20.45 1.71
72.23 95.98 21.19 1.65
22.03 96.14 22.19 1.57
41.05 96.19 22.48 1.56
6.55 95.87 22.75 1.76
0.77 95.58 25.35 1.92
74.23 95.99 23.23 2.38
222.51 95.87 20.41 2.17
0.03 95.92 21.27 2.75
0 96.05 19.25 3.38
0 96.4 19.85 2.04
27.7 96.19 16.89 3.08
12.25 96.49 17.07 2.58
0 96.7 15.77 2.5
0 96.36 17.92 1.85
1.02 96.35 18.42 1.76
7.45 96.2 19.96 1.85
9.22 96.28 19.58 1.88
7 96.21 20.3 2.6
2.17 96.05 21.25 2.9
0.05 95.86 21.33 3.26
0 95.78 19.68 1.69
0 95.6 21.28 2.29
0.34 96.05 20.12 2.5
3.35 96.18 19.71 1.88
76.5 96.08 18.04 1.99
0.03 96.25 17.43 2.09
0 96.67 16.44 2.07
0 96.94 17.3 1.66
2.39 96.87 19.72 2.26
4.18 96.74 19.72 2.05
0.91 96.29 19.67 2.62
0.02 96.11 17.7 2.02
0 95.55 19.39 2.53
0.12 95.96 17.17 2.7
0 96.39 16.08 2.08
0.66 95.81 19.2 2.93
51.89 95.77 17.63 3.21
0 96.03 18.05 3.64
0.21 96.19 19.57 2.48
11.78 96.24 17.24 2.24
22.71 96.47 14.19 2.14
0.06 96.49 11.12 2.29
0 96.37 10.55 3.11
0 96.19 11.25 1.78
0 96.36 14.17 2.94
0.05 96.43 17.2 3.53
0 97.22 10.09 2.44
0 97.59 8.74 1.82
0 97.43 9.97 2.39
0 96.77 13.55 3.34
0 96.53 15.11 3.47
0 96.74 14.43 1.94
39.11 97.03 12.83 1.35
199.45 97.57 9.48 3.19
26.34 97.64 6.26 3.28
0.38 97.49 5.51 2.6
0.79 97.16 5.18 2.06
0 97.01 7.2 2.72
0.01 97.61 5.87 1.31
34.91 97.66 6.96 1.7
0.18 97.99 6.16 1.47
0 97.75 7.07 1.59
3.88 97.14 9.45 1.99
0.04 96.88 9.82 1.2
0 96.64 11.28 2.54
0.01 97.23 8.77 2.25
5.42 97.37 5.23 2.13
0.09 97.37 5.85 2.04
0 97.24 6.89 2.04
0 97.26 8.65 1.4
0 96.68 10.71 1.75
0.02 96.55 10.75 1.78
0 97.3 8.11 3.92
0 97.91 2.81 3.25
0 97.41 5.12 2.26
0 96.55 8.17 3.17
