0.62 95.3 -16.43 1.28
0.02 95.97 -17.2 1.44
21.78 95.82 -19.19 1.46
7.1 96.05 -18.38 2.92
0 96.35 -19.86 1.95
0.01 96.56 -20.28 1.9
0.07 96.66 -17.95 1.24
22.29 96.03 -16.81 0.93
7.1 96.22 -16.71 1.11
0 96.48 -16.42 1.25
0 96.47 -16.03 2.67
0 95.89 -18.48 2.81
0 95.91 -15.99 3.25
2.32 95.72 -15.71 1.1
0 96.81 -15.45 1.27
0 96.36 -13.77 1.06
0 96.03 -11.02 0.97
0.01 95.95 -6.81 1.09
0 95.44 0.93 3.13
0.07 96.68 -9.5 4.43
0 96.58 -12.87 2.51
0 96.29 -11.26 4.47
0 95.77 -7.96 3.46
0 95.18 -8.03 4.19
0 96.18 -9.27 3.27
0 100.37 -4.54 2.89
1.4 95.07 -3.59 2.17
0.01 95.72 -10.75 3.95
0 95.29 -5.22 4.68
0 95.34 -5.03 1.67
0 95.93 -8.49 1.43
0.66 96.08 -10.9 1.8
0 96.11 -14.23 2.28
0 96.04 -12.97 2.35
0 96.01 -13.54 2.14
0 96.35 -13.73 1.33
0.02 96.23 -11.33 2.03
2.77 95.29 -3.34 2.68
0 95.38 -4.66 1.44
0 96.01 -7.07 2.36
0 96.61 -10.27 2.63
0 97.02 -11.98 2.98
0 96.74 -11.91 1.85
0.04 96.1 -9.98 2.23
0 96.53 -10.44 2.28
0 96.7 -12.35 1.66
0 96.24 -10.47 1.41
0.01 95.82 -8.76 2.97
0 95.63 -8.34 2.63
0 95.08 -3.88 1.95
0 94.94 -7.03 1.62
0 95.09 -6.2 1.8
0 95.1 -4.2 2.49
0 94.06 1.76 1.87
2.86 94.44 -2.76 1.63
0 95.52 -6.35 2.08
0.21 95.68 -5.08 1.7
2.98 95.33 -6.02 1.99
1.1 95.98 -7.86 2.07
0.11 95.65 -7.62 1.99
0.33 95.39 -2.84 3.39
0 95.46 -2.09 2.66
55.66 95.05 -2.14 2.68
2.48 96.18 -9.88 3.39
0 96.86 -12.07 1.64
0.01 97.13 -12.32 1.5
3.06 97.42 -10.13 2.35
0.01 96.64 -9.63 2.52
0 95.27 -4.53 2.32
0.19 94.18 2.35 3
0.52 95.36 -4.6 4.16
0 95.96 -2.88 1.77
49.55 95.35 -0.2 1.98
0.88 95.37 -2.64 5.45
0.01 95.81 -4.61 2.62
0 96.22 -5.33 2.19
0 95.21 -2.95 2.65
0.27 93.83 4.1 2.43
43.56 94.51 -0.95 3.43
0 94.85 0.17 2.74
0.05 94.83 4.16 3.73
0 95.5 2.61 2.46
0 96.06 -0.47 2.46
0.03 96.05 -3.32 3.28
1.23 95.55 -2.68 1.69
4.01 96.15 -2.28 1.57
0 96.03 3.21 1.45
0.06 95.79 6.09 1.73
3.89 95.21 8.91 3.87
2.11 94.96 7.62 4.51
0 95.41 1.85 5.1
0 95.46 -0.15 4
0 95.09 4.47 3.82
0 94.8 9.09 3.72
5.05 95.45 2.67 2.2
0.01 96.08 1.89 2.07
0 95.51 7.01 3.27
0.25 94.3 12.77 5.16
26.35 95.1 2.68 2.6
0 95.41 3.42 2.84
1.17 95.34 2.04 1.9
54.64 95.18 0.6 3.15
0.02 95.96 -1.03 4.79
0 96.07 2.28 2.5
0.57 95.39 4.55 2.44
7.85 95.66 2.97 1.81
0 95.63 5.05 2.55
29.26 94.92 10.96 2.53
30.71 95.41 8.51 1.62
0.17 95.78 8.13 1.98
0.11 96.02 9.67 1.88
0.63 95.77 9.17 1.92
0.11 95.67 8.29 1.78
0 95.25 12.72 3.07
2.6 95 13.27 4.01
26.87 94.88 4.75 3.3
8.81 94.48 2.7 3.37
0.08 94.62 5.17 5.76
1.6 94.76 7.19 4.72
8.22 95 11.85 2.29
0 94.44 17.37 1.93
0 94.19 18.83 3.84
0.31 94.71 16.78 2.11
2.83 94.21 91.27 2.32
206.16 93.88 10.02 2.41
5.28 94.35 13.4 3.93
49.11 94.36 11.52 1.47
8.03 94.59 14.93 2.37
49.9 94.41 11.53 3.42
12.71 94.32 9.3 2.06
1.79 95.34 9.77 2.15
0 95.59 13.15 1.54
0 95.52 16.25 1.41
3.29 95.12 17.54 3.5
7.74 95 20.49 2.5
0.94 95.18 19.73 2.24
17.65 94.72 17.28 2.48
203.44 93.88 12.3 2.45
0.33 93.59 18.34 4.4
0 94.41 21.61 2.39
0 94.56 24.33 2.42
0.3 94.55 22.58 1.92
0.78 94.22 21.59 2.35
11.65 94.46 17.47 3.52
0.45 95.04 21.26 2.9
0.12 95.45 22.09 2.14
4.83 95.39 19.23 1.75
84.02 94.79 15.7 2.23
66.21 94.41 16.73 1.83
82.47 94.87 15.33 1.69
6.31 95.46 16.72 1.13
3.27 95.37 18.15 1.43
0.5 95.48 19.32 1.44
0 95.52 21.39 1.76
0.01 95.31 22.65 2.05
0 95.02 23.71 2.15
0 95.01 23.93 2.26
0 95.12 24.6 3.34
0 95.25 24.52 3.26
0 95.34 24.75 2.06
1.47 95.22 21.65 2.16
0.04 94.94 21.49 3.36
0.42 94.6 23.59 1.86
24.8 94.35 23.61 2.71
64.81 94.24 22.43 2.71
0.5 94.15 23.89 2.34
12.34 94.25 23.76 1.65
89.56 94.31 21.05 1.91
33.54 94.41 20.52 1.73
0.9 94.49 22.79 1.09
0.06 94.88 23.12 2.49
0.02 94.45 23.65 1.56
5.38 94.81 20.3 2.12
0 94.89 23.24 1.5
0 94.75 25.8 1.92
0 94.73 26.78 2.67
0 94.67 26.1 1.67
12.72 94.5 21.85 1.49
32.39 94.42 22.54 1.46
0.19 94.47 24.07 1.4
0.08 94.24 25.85 1.26
83.81 94.19 22.35 2.2
1.76 94.2 24.95 1.36
0.04 94.2 27.86 1.69
4.2 94.17 27.33 1.66
0 94.18 26.83 2.75
0.03 94.32 25.28 2.49
8.03 94.61 21.47 1.68
2.2 94.8 22.6 1.97
1.02 94.76 22.36 2.34
48.66 94.53 21.73 1.55
118.84 94.54 20.84 1.4
324.42 94.81 20.15 1.34
4.01 95.07 22.45 0.96
0 95 24.15 2.18
80.15 94.56 22.64 2.38
4.76 94.33 25 2.75
1.41 94.56 26.17 2.3
2.16 94.53 27.32 2.32
10.33 94.62 26.14 2.39
132.51 94.55 23.7 1.82
1.09 94.78 24.72 1.45
1.37 94.89 25.98 1.56
12.91 94.91 26.93 1.27
2.8 95.04 27.56 1.57
0.56 94.9 28.09 2.02
8.44 94.81 27.32 2.5
40.58 94.45 26.83 2.3
329.35 94.05 26.06 2.48
9.33 94.08 22.12 1.25
42.1 94.03 25.53 1.12
209.76 94.36 21.91 1.35
0 94.97 21.29 1.88
0.02 94.86 22.76 1.35
6.46 94.13 24.93 2.92
53.68 94.37 23.04 1.72
78.17 94.76 22.23 2.8
0 95.51 20.43 1.55
24.43 95.12 20.45 1.41
81.45 94.42 22.51 1.98
29.72 94.49 22.87 2.04
0 94.71 21.86 1.87
0 94.43 24.8 2.36
38.91 94.16 24.97 1.89
1.51 94.05 26.49 2.11
17.94 93.95 24.48 3.22
0 94.47 22.43 2.81
0 94.82 22.35 1.67
10.61 94.82 23.1 1.97
6.69 94.99 23.31 2.17
119.74 95.16 22.66 1.8
0.9 95.45 22.87 1.67
157.57 95.35 18.69 1.57
74.58 95.31 18.99 1.34
0.62 95.31 20.21 1.28
0 95.24 22.38 1.64
0.07 95.46 21.81 1.74
1.19 95.66 21.72 1.47
0 95.37 21.07 1.58
1.11 95.17 19.75 1.51
26.49 94.78 20.56 1.49
5.47 94.89 20.7 1.03
0.76 94.93 22.08 1.73
13.52 95.44 20.07 1.61
7.64 95.58 21.01 1.16
0.02 95.47 19.98 1.11
0 95.18 19.89 1.68
0 94.96 22.63 1.58
1.06 95.16 23.62 1.74
0 95.73 18.42 1.56
0 95.54 17.51 1.37
1.46 95.08 18.23 1.28
5.79 94.76 19.11 1.28
0.16 95 19.5 1.46
0 95.14 20.72 1.01
2.42 95.2 22.25 1.28
0 95.29 22.78 1.77
4.77 95.09 21.35 2.09
105.57 95.47 14.96 1.99
302.53 95.58 9.03 1.72
167.3 95.44 12.38 1.35
0 95.16 16.09 1.41
50.7 95.41 14.68 1.89
202.45 96.03 9.58 2.27
0 95.91 10.06 2.29
0 95.7 12.47 1.35
0.79 95.43 14.74 1.27
6.52 95.18 15.52 2.47
0.2 95.38 12.95 2.53
0 95.34 11.11 4.64
0 96.17 9.31 2.43
0 95.76 10.13 1.4
0.02 95.45 15.06 1.74
0.85 95.79 12.79 1.37
303.7 95.52 7.44 2.3
85.62 95.46 7.63 2.33
0 95.58 9.25 1.51
0 95.19 13.24 1.18
0 95.08 16.86 2.33
0 95.23 18.06 2.46
0 95.17 17.78 2.24
0 94.72 17.3 3.25
20.17 95.3 11.31 1.85
144.54 95.74 5.31 2.06
0 95.84 8.27 1.43
0 95.4 9.72 1.62
0 95.6 8.74 3.09
0 95.1 8.03 2.7
0 95.91 2.92 2.63
0 96.49 1.04 0.88
19.38 96.42 -0.1 1.33
63.37 96.47 0.78 1.04
0 96.33 1.93 1.09
0 95.78 4.45 1.38
0 95.49 9.05 1.32
8.33 95.68 8.93 1.92
3.66 96.21 3.68 3.15
0 96.58 -0.16 3.02
0 97.23 -1.27 2.07
0 96.41 0.93 1.4
0 96.29 4.53 2.03
0 96.28 5.64 1.2
0 96.34 5.83 1.3
0 96.16 6.19 1.89
0 96.68 2.36 3.29
0 96.22 1.58 1.82
0 95.79 5.45 1.49
0 95.89 4.62 1.21
0 95.57 6.82 1.67
0 95.27 7.49 1.32
5.34 95.44 3.39 2.08
0.23 95.95 0.31 3.32
0 95.62 -1.02 1.41
0 95.17 0.59 1.25
21.58 94.65 1.07 3.87
1.2 95.09 -0.56 1.81
0.71 96.1 -1.14 4.13
0 97.06 -4.68 2.73
0.03 96.4 -2.93 2.29
0 95.75 0.45 1.43
0 95.66 1.38 1.83
0 95.35 5.03 2.94
0 94.89 3.46 2.23
0 94.65 5.83 1.78
0.22 94.8 2.27 3.93
0 95.56 -2.29 1.93
0 95.41 -1.89 1.8
0.01 95.66 -1.79 4.09
0 95.93 -6 2.68
0.29 95.09 -5.64 2.46
0 95.45 -7 6.26
0.19 95.61 -7.51 1.28
0.12 95.49 -6.5 1.3
0 95.13 -2.82 1.93
0.03 94.72 -3.25 1.81
0.04 95.31 -7.39 3.54
0 95.4 -5.45 2.12
0 94.38 3.21 2.32
0 95.76 -2.73 2.78
0 96.32 -5.54 3.18
0 95.04 -4.96 2.4
0 95.01 -6.58 1.38
0 94.48 -4.71 1.67
2.27 94.37 -8.53 3.72
0 95.37 -12.04 1.7
0.86 95.74 -13.91 1.83
0.06 96.47 -15.17 2.86
0 96.37 -16.11 3.4
0 96.07 -15.32 3.18
0 94.77 -8.5 3.57
0 94.62 -6.48 1.4
0 94.67 -4.14 1.78
0 94.94 -2.59 2.41
0 95.18 -0.79 1.88
0 94.92 -6.88 1.41
0.17 95.49 -10.41 2.78
0 96.76 -16.61 2.89
0 96.72 -15.68 3.34
0 95.82 -14.57 3.26
0 94.73 -11.96 2.69
0 94.4 -8.91 2.14
0 95.05 -11.76 3.14
4.31 95.29 -12.38 1.85
0.02 95.47 -12.73 4.43
0.14 96 -11.15 4.85
0 96.09 -11.42 3.32
0 96.24 -12.41 2.67
0 95.85 -12.8 0.83
0.01 95.45 -12.73 1.4
0.02 95.62 -11.47 4.9
0 96.22 -10.19 4.16
0.01 95.55 -8.04 1.7
0.16 95.43 -9.43 3.72
0 95.98 -13.49 4.07
0 95.24 -11.13 2.92
0 94.79 -12.37 3.79
0 94.94 -12.46 1.98
0.01 94.94 -11.03 3.21
0.02 95.93 -15.11 3.29
0 96.35 -17.51 3.37
0 96.16 -15.03 2.51
0 95.99 -14.07 2.42
0 95.72 -14.52 2.98
0 95.69 -14.4 3.55
0 95.6 -12.51 2.1
0 95.42 -12.68 1.49
0 95.42 -13.16 3.27
0.04 95.68 -14.64 3.49
0.01 95.84 -14.23 1.65
0.05 96.01 -14.56 2.21
0 96.43 -14.97 1.62
0 96.72 -13.92 2.96
0.02 96.26 -13.92 3.31
0 95.98 -14.78 3.72
0 95.76 -10.93 3.81
0 95.38 -4.02 2.61
0 95.08 -4.8 1.81
0 95 -7.55 1.49
0 94.87 -6.13 2.14
0 95.12 -5.51 2.32
0.02 94.29 -3.44 4.87
0.02 94.87 -3.17 2.63
0 94.56 -6.35 2.09
0.46 94.7 -7.29 3.3
0.11 95.5 -10.46 1.9
0.9 95.48 -9.75 1.02
2.51 95.74 -13.12 3.91
0 95.87 -12.4 2.13
0.13 95.78 -11.62 1.85
0.09 95.73 -11.77 1.46
0 95.02 -3.75 2.96
0.68 95.01 -5.11 1.83
3.21 95.45 -4.72 2.64
0 95.42 -4.04 1.9
0 95.3 -0.37 1.75
0 95.59 -0.58 1.6
0 95.2 1.52 2.12
0 94.73 2.4 3.55
5.08 94.53 1.02 2.02
0.17 95.25 -3.78 2.79
0 95.88 -4.6 1.65
6.55 95.28 -1.92 4.3
0.55 96.09 -8.93 3.6
0.04 95.58 -7.74 3.13
0 95.27 -6.67 3.42
0 95.27 -6.6 2.24
0 95.39 -4.25 3.19
0 95.04 -0.72 1.97
0.09 94.55 1.76 2.6
0 95.36 -1.56 3.48
0 95.09 -1.37 4.5
0 95.14 -3.72 4.48
0 95.48 -1.82 3.86
0 95.23 -0.04 3.88
0 94.61 2.5 2.9
0 93.9 7.33 2.2
0.02 94.63 2.71 4.27
0 95.76 -1.99 3.9
0 95.46 -4.99 4.34
0 95.22 -3.22 3.17
0 94.62 3.45 3.09
0 94.29 4.84 4.95
0 94.7 2.13 3.98
0 94.88 -0.39 2.29
3.4 95.48 -3.49 4.38
0 95.58 -2.65 3.23
0 95.3 -1.85 2.53
0 95.45 -2.24 4.69
0 98.31 -0.38 2.67
0 98.28 1.06 2.95
0 98.12 3.1 3.02
0 98.39 2.92 1.97
0 98.05 7.36 3.14
0 97.73 8.27 2.12
0 97.32 10.66 4.27
0 98.62 2.36 4.08
0 98.54 2.53 2.38
0 98.09 6.04 2.65
0 98 7.86 1.29
0 95.12 10.12 2.46
0.05 94.39 10.62 5.44
1 94.75 8.1 4.95
0 94.75 8.22 3.88
0 94.59 8.89 3.37
1.28 95.26 5.5 3.53
0 94.95 9.39 3.49
0 94.34 14.67 3.51
0 94.44 13.81 1.6
0.03 93.7 16.26 3.3
0 94.55 10.72 5.42
0 94.27 12.31 4.24
1.63 94.29 8.52 6.99
0.42 94.94 7.09 5.12
0 94.76 9.74 2.13
0 94.21 13.75 4
58.62 94.94 7.39 2.2
3.16 94.82 6.49 2.01
15.97 94.56 5.19 3.08
6.78 94.13 6.33 3.7
0.09 93.71 8.74 1.82
6.92 93.73 9.6 2.9
1.46 94.41 7.56 2.9
0 93.91 9.86 1.4
35.74 93.3 8.91 1.7
4.19 93.26 9.49 2.1
0.77 94.16 13.73 3.53
0.19 94.41 11.55 4.27
0 94.74 12.83 2.79
1.75 94.29 12.81 2.77
128.78 93.51 9.5 2.98
0.1 93.55 11.22 3.86
0.01 94.07 13.53 3.12
1.38 94.07 14.9 3.73
14.06 93.87 16.93 3.02
0 94.13 18.31 2.49
0.12 93.82 16.44 4.94
0.52 93.74 12.83 5.83
0 93.94 15.28 6.59
0 94.04 16.54 4.6
0 94.59 13.26 3.25
0 94.56 14.16 2.24
0.01 93.45 17.69 2.34
16.29 93.23 19.08 3.57
12.09 94.41 13.61 2.94
3.44 94.51 11.92 3.19
0.38 94.38 13.03 4.37
0 94.23 17.82 3.34
0 94.35 18.87 2.89
0 94.49 21.26 3.25
3.59 94.41 20.51 4.2
8.4 94.35 18.85 5.13
0.02 94.19 20 2.73
0.47 94.02 23.37 4.8
7.71 94.1 22.55 2.79
36.07 93.69 18.82 3.33
6.59 93.62 17.47 3.1
0.03 94.05 19.78 3.06
7.38 93.77 20.55 5.64
3.4 93.89 19.11 3.89
0.29 94.15 19.7 1.83
0.89 94.02 23.11 1.84
12.42 93.39 24.31 2.98
11.8 93.11 22.02 2.66
14.78 93.36 21.77 2.15
0 93.78 22.75 2.52
44.25 93.73 20.61 1.99
168.36 93.88 15.97 2.69
5.09 94.08 19.6 1.94
6.38 94.1 21.54 1.31
77.74 93.89 20.58 2.07
49.95 93.88 18.75 2.02
117.56 94.08 17.45 1.88
0.62 94.24 20.38 1.86
0 94.16 23.76 1.24
0 94.01 25.96 1.81
0.04 93.73 27.38 2.78
0 93.66 27.29 2.78
10.33 93.43 22.38 2.19
50.75 93.71 16.22 2.53
0.97 94.39 19.26 2.71
0 94.73 20.87 1.51
4.29 94.15 22.28 3.13
7.19 93.45 23.11 2.67
18.52 93.62 24.72 2.69
0.02 93.77 24.87 3
39.01 93.68 23.87 2.5
43.83 93.77 22.35 1.33
0.21 93.68 23.68 2.26
0 93.8 23.9 2.53
0 93.92 25.57 2.72
49.21 93.44 22.53 2.4
0.52 93.15 25.02 3.4
94.44 93.22 18.1 1.84
16.57 93.28 18.81 2.68
10.75 93.95 21.21 1.81
20.34 94.11 23.12 2.29
7.98 94.18 24.04 1.96
5.97 94.19 23.75 2.29
1.21 94 24.23 1.28
35.57 94.12 21.95 1.8
10.53 94.09 22.36 1.61
47.95 93.95 21.65 1.66
13.21 94.02 21.09 1.34
54.76 94.08 21.78 1.43
370.79 93.94 20.29 2.2
56.71 93.85 21.05 1.38
63.28 93.77 22.03 1.92
13.39 93.75 23.1 1.97
0.17 93.82 25.41 1.4
25.43 93.79 25.91 2.06
408.49 93.59 22.37 2.15
58.61 93.55 22.57 2.46
8.2 93.74 23.17 1.94
0.51 93.97 24.76 1.35
102.11 94.16 21.39 1.69
74.03 93.8 21.13 1.55
0.02 93.86 23.56 1.76
0.22 93.99 24.39 2.05
0.57 94.35 23.31 2
0.04 93.95 23.78 2.02
0 93.91 24.12 1.63
0.02 94.12 24.31 1.55
5.18 94.1 23.62 1.33
6.47 94.13 23.89 1.66
8.81 93.79 23.83 1.62
6.87 93.9 25.45 1.99
0 94.3 24.69 1.23
0 94.13 26.06 1.09
0 93.85 26.17 1.75
13.95 93.6 25.72 1.69
105.24 93.98 21.06 1.91
261.62 94.03 18.3 1.9
12.65 94.05 21.25 1.4
10.48 94.2 20.81 1.29
0.09 94.47 21.46 1.64
0.11 94.6 22.2 1.18
0 94.6 23.23 1.28
0.58 94.47 23.3 1.36
15.15 94.7 21.22 1.62
0 94.68 20.68 1.37
35.42 94.65 19.99 1.33
3.82 94.88 19.96 1.51
0.81 94.96 21.22 1.26
10.66 94.76 19.58 1.96
5.98 94.43 20.88 1.29
0.67 94.33 22.1 1.42
0 94.28 23.19 1.34
13.24 94.03 22.52 2.86
1.02 94.56 19.15 1.79
0 94.35 20.09 1.5
3.78 94.88 18.18 2.52
0.25 94.81 18.77 1.58
0 94.87 18.05 1.42
0 94.4 19.48 1.28
12.24 94.04 18.56 3.05
2.59 94.68 13.72 1.75
0.12 95.24 13.33 1.75
2.84 95.48 13.63 1.95
6.27 94.94 16.75 2.11
0.25 94.68 17.52 1.99
0.05 94.28 19.7 3.2
11.24 94.33 17.39 2.07
12.32 94.59 14.1 1.44
40.79 94.93 12.55 2.06
0 95.32 9.29 2.33
0 95.75 9.65 2.31
0 95.57 10.52 1.38
0 95.23 12.01 1.64
0 94.83 13.51 1.5
0 94.93 14.64 2.4
0 94.8 15.02 1.97
0 94.55 17.72 2.83
0.04 94.83 18.1 1.8
0.11 94.98 19.06 3.13
0.03 94.8 18.36 2.16
8.71 94.63 15.32 1.85
0.11 95.1 8.45 3.07
0 95.59 6.6 2.54
0 95.65 7.13 2.92
0 96.11 8.07 3.48
0 95.75 9.43 1.52
0 95.07 11.24 2.27
0 94.51 12.25 3.03
0 95.11 9.99 1.82
0 95.07 10.72 1.28
0 94.82 14.39 2.11
0.07 95.26 13.71 2.86
0 95.77 9.44 1.2
0 95.49 12.15 1.51
0 94.9 14.44 1.4
63.01 94.34 10.52 1.65
3.19 94.28 9.24 2.32
0.83 93.91 8.18 2.78
0.84 94.41 8.64 4.18
0 95.39 5.22 1.92
0 95.44 8.59 1.37
0 95.22 10.99 2.03
0.01 95.08 14.28 3.28
0 95.03 13.62 1.87
0.25 94.92 11.74 1.5
36.82 95.49 4.56 3.41
0.01 95.81 2.21 3.27
0 95.81 4.26 1.8
0 95.37 5.84 1.46
0.76 95.22 7.25 2.54
0 95.51 6.57 1.62
0 95.16 7.22 1.5
0 94.98 9.06 3.15
0 95.17 10.22 4.04
3.23 95.38 11 2.71
0.07 95.96 4.84 1.51
0.71 95.63 7.91 1.58
2.65 95.4 9.8 3.17
0.17 96.11 2.52 2.69
0.04 95.96 0.97 1.03
0 95.88 3.22 1.27
0 95.85 3.44 1.48
0 95.64 2.11 1.15
0 95 2.49 1.12
0 94.41 4.38 2.08
0 94.7 5.32 3.29
0.03 95.49 -1.84 2.62
0 95.57 -4.5 1.78
0 95.6 -3.63 1.44
0 95.84 -1.55 1.65
30.5 95.19 0.37 0.76
4.08 95 -0.9 2.6
0.96 95.2 -5.29 3.48
0 95.68 -6.54 2.41
0 95.67 -4.13 1.95
12.19 95.3 -5.62 2.74
0.22 95.89 -7.63 2.74
0 95.6 -8.37 0.89
0.07 95.58 -6.47 1.43
0.37 94.93 0.32 2.23
0 95.02 -0.68 1.37
0 95.86 -3.72 2.08
0 96.39 -8.32 1.51
0 96.66 -8.2 1.93
0.08 95.92 -7.59 0.89
0.03 95.22 -5.22 1.05
0 95.42 -6.3 1.23
0 95.76 -8.22 0.84
0.82 95.97 -8.76 0.84
0.86 95.94 -6.23 0.78
0.7 96.22 -8.04 2.38
0.02 96.52 -11.95 3.52
0 96.14 -11.3 2.91
0.01 95.31 -6.64 5.06
0 95.37 -3.68 2.85
0 95.82 -6.73 1.73
0.01 95.11 -3.98 2.71
0 95.84 -9.45 4.41
0 96.05 -13.16 3.11
0 96.16 -12.17 3.82
0 95.91 -10.45 2.04
0 95.97 -10.31 2.15
0 95.87 -11.02 1.05
0 95.53 -10.16 1.98
0 95.5 -9.49 4.24
0 95.72 -11.49 2.74
0 95.26 -9.5 3.41
0 95.42 -12.54 2.01
0 95.93 -11.89 1.82
0 96.17 -10.38 2.03
0 95.71 -6.92 2.26
0 96.1 -10.73 1.53
0 96.41 -14.53 1.05
0.1 95.85 -12.5 0.7
0.01 95.65 -9.86 1.63
0.12 96.05 -11.22 1.92
0.37 95.47 -11.66 2.59
0.11 95.64 -12.6 4.16
0 95.86 -11.92 2.63
0 95.65 -11.03 1.66
0 96.46 -14.25 1.22
0.12 96.34 -14.62 0.83
0 95.93 -11.99 1.4
0 95.89 -13.06 0.94
0.07 95.95 -12.25 3.21
0 96.03 -12.43 2.9
0 95.18 -6.89 3.23
0 95.43 -8.55 2.41
0 95.35 -8.75 2.38
0 95.08 -10.21 0.8
0.05 94.91 -8.34 1.33
0.1 95.12 -11.66 1.05
0 95.27 -10.42 1.23
0 95.72 -11.17 1.19
0.01 96.39 -14.11 3.09
0 96.25 -17.73 3.31
0 95.9 -17.65 2.6
0 95.39 -16.84 2.13
0 95.24 -16.13 2.85
0 94.85 -13.78 3.2
0 94.95 -13.33 1.67
0 95.48 -14.7 1.5
0 95.7 -14.53 1.78
0 96.09 -15.3 1.61
0.05 95.71 -16.82 1.31
0.26 95.25 -16.23 4.02
0 96.04 -17.54 4.23
0 96.02 -15.83 2.88
0 95.06 -13.11 3.09
0 95.13 -9.94 2.52
0.13 94.58 -6.37 2.44
0.02 95.22 -13.26 4.96
0 95.43 -16.01 4.88
0 95.01 -12.75 5.2
0 95.18 -10.61 3.15
0 95.51 -10.81 3.05
0 95.55 -10.75 1.58
0 95.25 -8.59 2.9
0.03 94.97 -4.01 2.34
0.11 95.55 -8.79 2.97
0 95.5 -10.2 2.86
0.04 95.57 -11.7 3.26
0 95.7 -13.16 4.61
0 95.6 -10.26 3.44
0 95 -5.61 2.86
0 95.12 -8.45 2.29
0 94.88 -9.78 1.16
17.25 94.5 -8.32 2.2
0 95.45 -7.5 2.49
6.58 95.31 -6.6 2.16
0.02 95.77 -8.91 3.29
0 95.7 -8.13 2.76
0 95.16 -6.02 1.36
0 94.79 -1.82 2.59
0 94.95 -0.15 2.24
16.15 95.52 -4.15 1.12
0.38 95.72 -7.7 1.73
0.25 95.65 -6.36 1.47
0.05 95.01 -1.74 2.05
30.46 94.32 -3.9 1.73
26.32 94.39 -4.18 2.6
0.03 95.03 -4.38 3.89
0 95.75 -8.51 3.93
0 95.43 -8.55 1.88
0.22 95.34 -7.93 4.32
0 95.81 -8.02 3.89
0 95.48 -5.9 1.75
0 94.83 -1.81 3.05
0 95.37 -0.83 2.05
0 94.99 3 3.25
3.22 94.07 5.87 4.5
8.24 94.79 -2.94 3.75
13.94 95.62 -7.91 1.96
0 95.36 -2.4 2.27
0 95.3 0.01 2.11
0 94.67 4.39 3.49
0 95.24 2.16 1.76
4.1 94.35 1.71 4.77
0 94.79 -0.44 5.83
0 95.24 0.5 3.39
0 94.92 5.18 2.36
0 95.14 8.3 3.41
0 95.3 9.69 3.46
0.23 94.31 9.91 7.82
0.48 94.95 1.01 4.99
0.33 94.95 -0.69 4.58
0 94.91 -0.02 2.08
2.86 94.81 1.49 2.96
0 94.46 4.13 4.54
0 94.28 4.67 5.08
0 94.54 3.57 4.97
0.09 94.89 3.98 2.41
0 94.42 10.33 3.69
0 94.56 10.45 4.96
0 94.43 13.13 3.32
4.84 94.17 13.76 5.8
3.53 94.55 7.64 4.44
0 93.99 12.14 3.31
0 93.85 14.16 3.06
0 93.82 15.58 3.16
3.98 94.48 9.09 3.9
0 94.76 8.85 2.49
0 93.84 16.36 4.38
0 93.89 18.62 4.12
2.2 94.27 15.08 4.34
22.59 94.77 13.47 3.58
1.37 94.22 12.78 2.52
0.18 93.58 14.45 1.86
0.3 93.53 18.1 3.98
204.73 94.05 12.51 3.16
68.57 93.99 9.36 4.55
0 93.39 11.13 3.33
0.09 93.11 11.48 7.32
0 94.31 9.7 3.01
0 94.31 13.03 2.64
0.28 94.04 17.92 3.75
0.4 94.63 16.59 2.52
14.02 94.14 17.61 2.26
0 94.19 20.8 2.01
0.73 94.34 20.26 2.55
0 94.4 17.96 3.09
0 94.04 17.66 2.26
3.37 94.04 16.38 1.86
0 94.26 18.24 2.08
0.05 94.49 20.15 2.42
3.14 94.72 19.83 2.82
91.44 94.73 14.12 1.81
18.7 94.23 13.79 2.88
19.3 94 10.99 2.66
3.04 93.97 12.05 4.21
0.01 93.71 12.13 3.4
4.93 93.46 12.49 5.28
0.03 93.92 15.94 1.48
0 93.82 22.4 3.87
8.28 94.39 20.13 2.9
5.05 94.72 18.32 1.85
0.1 94.58 20.34 3.97
1.52 94.3 19.84 4.06
2.97 94.43 17.26 3.02
0 94.42 17.13 3.1
0 94.22 18.23 2.5
0 93.87 20.06 2.59
0 94.31 20.65 2.44
0 94.43 23.09 2.52
10.01 94.45 20.78 2.6
56.47 94.88 14.77 2.72
0.16 94.96 16.89 1.58
11.86 94.5 16.99 3
9.35 94.27 16.58 3.22
65.09 94.03 15.68 2.23
12.84 93.74 19.02 3.78
0.86 93.94 20.86 2.04
4.41 93.52 19.99 2.51
9.89 93.39 22.2 2.09
23.17 93.38 22.46 2.32
46.68 93.24 21.56 3.39
11.56 93.39 17.5 3.17
2.3 93.09 16.58 3.17
17.29 93.19 16.69 2.77
227.03 93.81 13.69 2.15
315.34 94.03 14.13 1.96
207.75 94.04 15.38 2.83
5.79 93.9 19.12 1.64
3.88 93.79 22.11 1.71
5.77 93.97 21.75 1.76
24.77 93.72 21.41 1.58
18.96 93.76 21.55 1.58
2.54 93.92 21.65 1.31
32.74 93.88 21.16 1.53
0.56 93.63 22.44 2.02
58.84 93.67 22 2.24
35.87 94.03 20.82 2.45
8.86 94.39 22.73 2.01
1.23 94.56 23.03 1.71
2.02 94.29 20.71 1.91
51.52 93.87 21.26 2.06
0 93.73 23.75 2.14
1.69 93.35 24.68 4.17
2.86 93.38 22.95 3.85
0.87 93.35 22.74 2.72
0.04 93.71 23.45 1.61
1.2 93.85 23.25 1.53
0.69 93.74 23.61 1.53
15.53 93.71 24.1 1.71
27.29 93.71 25.19 2.09
21.93 93.75 25.14 1.94
150.5 93.35 21.52 1.83
32.31 93.15 19.5 2.73
73.86 93.54 18.94 3.23
10.33 94.05 20.71 2.52
0 94.06 21.29 1.79
0 94.08 22.68 1.44
0 94.31 24.57 1.27
0 94.4 24.95 2.01
0.08 94.22 24.97 2.36
1.98 94.08 25.25 1.47
4.51 94.02 25.39 1.66
46.74 93.95 23.93 1.42
390.36 93.55 21.94 3.37
0 94.04 23.29 1.23
0 94.24 24.02 1.7
6.27 94.16 24.23 1.9
49.59 93.77 25.56 3.84
1.99 94.17 24.16 1.67
115.96 93.7 22.9 2.07
18.14 93.41 23.82 3.94
0.29 94.04 22.11 1.25
60.08 94.34 19.87 1.5
133.57 94.5 18.85 1.72
109.29 94.43 19.8 1.29
13.77 94.45 22 1.58
90.56 94.51 21.86 1.7
0 94.68 23.12 1.14
0 94.51 24.21 1.17
0 94.12 25.94 2.06
8.15 94.04 24.61 1.78
5.42 94.31 23.45 1.19
0 94.15 24.6 1.53
11.14 94.24 20.66 2.32
28.68 94.28 18 2.16
0.96 94.4 19.89 1.48
2.7 94.08 19.08 1.91
8.29 94.15 21.15 1.8
0 94.48 22.15 1.62
0.04 94.07 23.29 3.1
109.8 94.09 23.21 2.29
1.89 94.19 21.1 1.62
9.85 94.16 20.24 2.53
5.17 94.76 16.78 1.93
0.02 94.9 16.49 1.89
0 94.65 20.72 2.41
0 94.58 22.14 1.97
0.2 94.44 22.47 2.51
1.58 94.48 22.08 1.25
9.32 94.37 21.7 1.63
0.53 93.94 22.83 1.98
0.89 94.09 23.77 2.68
0 94.33 24.73 1.98
0 94.46 25.18 2.42
0.64 94.47 24.92 1.89
233.96 94.42 16.63 3.05
22.02 94.78 13.81 2.47
0.22 94.82 13 2.12
0.77 94.92 16.3 1.68
0 94.84 19.59 1.94
20.79 94.95 18 1.41
1.01 94.87 17.29 1.11
0 94.8 18.86 1.02
0 94.73 20.92 1.28
30.53 94.41 19.38 2.47
110.88 94.43 13.27 3.9
0.41 94.56 11.87 2.81
0 94.94 14.1 1.39
0.07 95.4 14.4 1
0 95.5 14.06 1.26
0 94.87 14.72 2.4
0 94.38 16.42 2.89
0.19 94.36 16.21 1.73
0 94.58 17.95 1.75
2.12 94.49 18.32 2.3
0.65 94.52 17.46 1.33
3.26 94.85 16 1.39
0.35 95.14 15.88 1.27
26.49 95.02 14.72 1.85
1.92 95.26 14.8 1.57
43.1 94.88 10.58 1.58
32.52 94.87 10.12 6.96
0.61 95.06 11.49 3.36
0 95.06 11.84 1.76
0 94.89 12.98 1.53
0.33 94.69 14.55 2.19
0.64 94.54 13.58 3.12
0 94.68 13.45 2.41
0 95.21 11.16 1.8
0 95.62 12.05 1.03
0 95.47 13.99 1.45
0 94.97 16.06 2.7
21.03 94.55 12.84 3.35
0 95.07 9.08 2.44
0.03 94.67 10.9 2.42
0 94.49 13.14 2.43
0.05 94.89 8.76 3.82
0 95.3 7.07 2.21
0.01 95.4 7.47 2
29.06 94.76 9.35 3.86
0 94.81 4.52 3.71
0 94.91 5.97 2.62
0 94.74 7.8 2.07
0 95.13 7.03 1.28
73.09 95.41 1.97 1.16
83.68 94.86 2.32 1.81
0 94.55 6.52 2
0 94.3 9.73 3.58
0 94.93 8.92 1.89
0 94.96 11.26 2.22
5.47 94.83 10.68 3
0 95.75 3.24 1.46
1.81 95.62 0.18 2.45
0.04 95.22 -0.02 2.53
0.02 95.06 -0.28 2.22
0 95.01 2.26 1.46
0 95.21 1.06 1.99
9.81 95.27 0.4 1.53
192.36 94.92 -0.58 74.39
58.18 95.16 -0.71 3.1
0 95.18 -3.17 0.75
0 94.85 -0.81 1.83
0 95.09 -0.5 1.17
0 95.51 -2.08 0.97
55.87 95.2 -2.14 0.74
112.49 93.93 -2.46 5.39
0.18 94.4 -4.22 3.34
0 94.47 -6.19 4.5
0 95.26 -4.69 2.66
0 95.53 -6.11 0.89
20.31 95.01 -2.7 1.09
0 94.92 -4.71 71.81
0.01 94.62 -4.75 3.29
0.01 95.2 -3.09 3.2
0 95.24 -4.49 1.57
0 94.9 -2.37 1.98
5.64 95.4 -5.41 2.07
0 95.32 -6.99 2.36
0 94.78 -5.56 2.08
0 94.73 -2.88 3.7
0 94.8 -7.38 2.93
0 93.88 -4.13 3.43
0.02 94.64 -6.47 4.5
0.02 95.18 -9.23 2.36
0 95.88 -13.01 2.35
0.11 95.52 -14 1.48
0.21 94.44 -5.01 3.16
1.29 94.64 -7.81 4.12
0 94.91 -10.77 2.1
0 94.93 -13.01 3.41
0 94.88 -14.67 2.91
0 95.05 -16.07 2.75
0.01 95.06 -17.24 3.77
0 95.19 -11.39 3.67
0.05 95.79 -13.52 1.38
0.03 95.95 -13.38 0.82
0.08 95.38 -11.39 1.89
0.02 95.41 -8.33 1.41
20.7 95.49 -10.56 0.98
0.53 95.28 -9.41 1.05
0.81 95.63 -11.86 1.22
0 95.99 -12.93 3.85
0 96.07 -15.16 2.04
0.01 95.53 -14.67 0.85
0.15 95.64 -12.31 70.88
3.87 95.64 -10.34 3.52
0.01 96.09 -15.87 2.76
0 95.89 -19.66 2.71
0 95.06 -17.89 4.74
0 96.19 -18.78 2.18
0 95.93 -18.44 1.11
0 95.35 -13.47 1.24
7.64 95.35 -14.58 0.82
17.4 95.4 -12.76 3.98
0 95.02 -15.23 3.6
0.02 94.48 -14.98 2.29
0 94.92 -18 3.85
0 96.04 -18.63 3.75
0 96.61 -15.91 2.46
0 95.66 -16.55 1.13
0 95.49 -14.21 1.64
0 95.38 -14.83 1.27
0 95.29 -14.79 1.36
0.02 95.7 -16.79 1.79
0 95.51 -15.04 2.3
0 95.37 -14.66 1.11
0.39 95.02 -12.96 0.72
0 95.1 -11.75 1.7
0 95.1 -13.18 0.77
0 95.55 -10.46 2.02
1.17 95.27 -13.28 1.43
0 95.99 -14.43 2.25
0 96.25 -11.66 2.11
0 95.28 -6.9 2.12
0 95.77 -9.72 0.96
13.35 95.78 -9.32 0.92
1.16 95.85 -9.42 1.48
0 95.6 -13.47 1.09
0.02 94.49 -7.65 2.83
0.02 95.06 -13.67 4.25
0 95.12 -15.35 1.45
0.16 95.44 -14.53 1.18
0.04 95.35 -11.17 1.63
0 94.93 -6.26 1.1
0 95.19 -7.13 1.08
0.04 95.11 -5.32 1.47
1.06 95.03 -5.84 1.78
0.59 95.64 -8.04 3.88
0 95.75 -10.52 2.63
1.47 94.74 -9.23 3.16
0 95.51 -9.58 2.84
0.01 95.06 -7.76 1.98
0.86 95.37 -15.04 3.98
0 96.19 -18.14 4.32
0 96.05 -16.72 1.46
0.27 95.19 -12.08 2.16
0 95.8 -13.03 2.07
0.07 95.84 -12.58 1.78
0 95.14 -7.51 74.22
0 94.92 -4.77 2.88
0 95.55 -9.25 2.51
0 95.49 -10.33 1.38
0 94.77 -6.57 2.39
0.02 94.77 -5.53 4.01
0 95.49 -11.24 3.93
0 95.62 -12.71 2.34
0.01 95.56 -11.71 1.8
0 95.44 -7.93 3.49
0 95.66 -7.27 3.07
0 95.6 -4.99 1.48
0 95.73 -6.82 1.79
5.07 95.54 -7.16 1.75
0.2 94.71 -0.18 3.2
0 94.64 0.74 2.71
0.16 94.12 -2.51 5.9
0 95.89 -8.18 5.28
0 95.9 -5.92 1.6
0 94.85 -0.29 3.53
0 95.17 1.53 2.15
0 94.57 5.46 3.06
0 94.5 3.67 1.77
0 93.9 5.19 2.25
0 93.8 0.01 2.25
0 93.93 -2.89 5.61
0 95.35 -1.11 1.88
0 94.63 4.56 3.82
18.74 94.58 -0.06 3.6
0 95.75 -6.13 4.02
0 95.25 0.09 3.01
0 94.81 5.21 2.93
0 95.2 5.42 3.03
0 93.78 7.76 3.78
0.55 93.87 -2.29 3.98
38.32 94.64 -7.7 2.34
0.27 95.04 -7.25 2.67
0 93.8 1.23 5.9
0 94.79 -3.14 2.51
21.18 94.46 -5.33 3.61
0 95.17 -5.07 2.7
0 95.01 -2.17 1.54
0 94.05 4.42 4
1.07 94.25 1.39 4.29
0 95.09 -1.21 3.87
0 95.3 -2.18 2.28
0.49 95.17 -0.18 1.72
16.87 94.89 1.03 2.04
115.86 95.03 0.14 2.69
0 94.54 3.86 2.51
0 94.59 5.42 2.69
15.83 94.75 -0.71 2.35
62.24 95.01 -1.23 3.2
0 94.78 -0.53 2.53
0.27 93.89 1.84 2.78
23.7 93.92 0.5 3.8
3.03 94.88 -0.09 3.8
0.9 94.73 1.27 3.97
0 94.78 2.2 3.54
0 94.3 8.41 3.33
0.19 93.84 6.93 4.49
0 94.1 2.95 5.04
0 93.81 4.22 2.46
5.98 94.11 3.83 3.17
58.24 94.42 1.12 1839.55
2.31 95.41 0.63 5.09
0 95.42 2.22 2.32
0 95.09 5.32 2.95
0 94.75 8.58 2.06
0.23 94.2 12.19 4.73
85.03 94.27 6.71 2.25
0.64 94.2 7.61 3.59
0.02 94.28 8.69 5.39
0 94.32 10.23 1.7
0 94.26 13.92 2.26
3.03 94.07 12.37 3.42
0.13 94.29 11.8 6.15
0.27 94.76 11.21 5.85
0.32 94.82 11.41 2.06
0.79 94.67 12.41 2.35
3.58 94.88 13.01 2.01
0 94.61 17.22 2.65
0 94.82 20.74 1.52
0 94.74 22.17 2.47
0 94.75 22.11 2.98
0.11 94.49 22.37 4.51
20.97 94.17 14.33 2.24
18.94 93.32 14.67 4.09
0 92.95 17.79 5.02
0 93.51 16.65 2.81
0 93.53 19.06 2.66
0.38 94.17 16.5 4.84
0 95.06 16.29 2.46
0 94.94 17.75 2.22
0.62 94.31 19.03 3.01
0 93.75 20.07 3.37
17.66 93.14 15.84 5.85
0.01 93.14 17.88 4.46
0 93.5 19.46 2.55
0 94.37 20.08 2.25
4.62 94.15 24.41 3.99
1.26 94.76 18.17 2.27
0 94.35 21.21 2.25
1.62 94.07 21.97 3.5
1.33 93.89 19.98 4.03
0.68 93.69 19.58 3.03
0 93.99 19.18 4.44
0 93.8 23.85 3.35
0.03 93.42 25.59 4.15
0 94.1 20.19 2.46
4.3 93.81 18.96 3.3
0.03 94.08 19.34 3.5
10.95 94.64 17.95 2.4
25.25 94.48 19.24 2.06
9.83 94.28 19.61 3.2
3.39 94.11 22.05 2.86
0.71 93.98 22.39 3.64
83.28 94.37 16.53 2.02
1.82 94.59 17.51 1.66
9.16 94.32 15.93 2.21
2.55 94.08 17.65 1.76
0.02 94.11 22.87 3.4
0.14 94.1 24.31 3.82
2.55 94.01 24.73 2.75
217.34 94.02 18.83 2.72
4.82 93.72 21.21 1.66
48.38 93.42 20.54 1.89
0.18 93.77 23.47 1.73
0 94.28 23.58 2.24
0.03 94.44 24.18 1.89
1.67 94.18 22.35 1.38
9.86 93.85 22.02 1.64
97.92 93.7 21.19 2.13
46.02 93.43 21.5 2.31
253.01 93.16 20 1.75
77.15 93.32 21.84 2.85
101.13 93.73 20.84 1.97
114.42 93.76 22.36 2.72
19.07 93.71 23.4 3.58
58.11 93.48 23.31 2.13
155.83 93.06 22.58 2.65
0.04 93.05 24.35 3.43
2.15 93.06 24.31 2.49
0.87 93.4 24.66 2.23
1.06 93.59 24.61 2.2
6.4 93.4 25.84 3.67
38.25 93.71 24.23 1.86
57.16 93.92 22.22 1.72
1.16 94.13 22.82 1.43
0.47 94.11 22.73 1.19
9.26 94.08 23.24 2.15
23.5 94.26 22.6 2.04
0.11 94.23 24.66 1.56
204.58 93.53 21.99 1.57
83.13 93.4 22.81 3.04
0 93.96 23.57 2.19
0.17 93.83 22.84 2.15
124.07 93.78 20.99 2.54
2.24 93.99 21.72 1.65
0.28 93.98 23.95 1.52
40.04 93.84 23.64 2.2
13.71 93.42 23.78 2.12
0.64 93.51 23.92 2.87
0.01 93.82 24.33 1.77
0.03 93.82 25.17 1.57
63.05 93.61 22.74 1.31
5.31 93.55 25.17 2.14
0.25 93.5 25.04 1.4
1.1 93.29 26.25 1.54
7.09 93.4 26.27 1.79
14.59 93.68 25.53 2.59
0.27 93.91 25.86 2.55
1.2 93.72 25.84 2.65
24.28 93.38 26.33 2.75
17.71 93.22 25.62 1.96
10.06 93.37 26.18 2.65
14.92 93.66 26.14 2.5
8.17 93.44 26.46 2.3
13.56 93.63 24.17 1.84
1.1 94.02 25.93 1.42
4.56 94.1 27.27 2.83
29.55 93.81 25.08 2.87
3.08 93.82 25.85 2.92
20.52 93.77 26.51 2.05
2.82 93.83 25.91 2.02
293.69 93.29 24.55 1.55
0.05 98.81 25.65 2.69
0 94.33 22.17 2.7
0 94.58 21.7 1.86
2.82 94.55 20.83 0.97
1.37 94.12 23.92 2.36
0.17 94.28 22.89 2.15
0 94.48 22.72 1.72
0.03 94.47 22.94 1.35
13.34 94.18 22.16 1.58
8.46 94.29 19.46 2.06
9.37 94.2 19.44 1.67
186.32 93.6 18.67 1.33
27.67 93.86 14.93 3.21
0.11 94.52 15.98 2.5
58.88 94.59 16.45 1.98
0.98 94.84 15.49 1.79
4.89 95 15.87 1.5
0 95.08 16.06 1.33
5.4 94.95 16.86 1.48
169.2 94.92 14.11 1.72
49.26 94.98 14.19 1.16
4.25 95.03 16.2 1.11
1.61 94.97 17.86 1.37
6.11 94.5 18.35 1.69
0.08 94.59 17.6 1.34
0 94.64 17.34 2.42
1.52 94.42 20.22 2.62
24.36 93.77 19.61 3.46
0.22 94.13 19.24 3.41
0 94.75 14.08 1.8
0.81 94.42 16.48 1.55
4.64 94.99 16.34 1.59
9.06 95.42 14.95 0.81
5.93 94.47 19.58 3.1
0 94.9 18.11 1.5
0.04 94.88 18.91 1.37
1.49 94.75 18.34 2.68
32.96 95.13 12.71 3.12
0 95.36 8.9 2.43
0 95.19 10.92 1.97
0 94.84 12.13 2.01
0 94.17 17.68 3.38
0 94.25 16.65 2.78
0 95.18 13.09 1.43
0.66 95.08 14.01 1.74
144.1 95.1 11.15 2.14
0.01 95.21 10.78 2.99
0 94.99 9.55 1.74
0 94.32 17.28 3.85
0 95.36 13.62 1.16
0.01 95.33 15.35 2.27
0.03 95.6 12.61 2.28
0.24 95.11 11.45 1.78
0 94.13 15.5 2.99
6.11 94.2 13.43 4.19
0 94.64 10.67 3.51
0 95.13 11.74 1.69
22.16 95.12 11.16 2.49
2.57 95.99 4.09 4.79
0 96.02 3 1.14
0 95.61 7.14 1.32
0 95.62 7.21 1.28
0 95.4 11.04 2.8
48.58 95.59 9.29 1.5
1.26 95.63 7.26 1.97
0 95.48 6.12 1.15
38.29 95.34 5.37 2.1
29.37 95.28 1.63 2.28
0.01 95.48 4.06 3.7
0.01 95.74 5.94 2.77
0 95.29 4.94 1.33
0 94.74 7.51 2.02
3.74 95.27 6.04 1.58
1.76 95.82 4.49 2.63
0 95.75 3.94 1.73
0 95.85 4.66 0.8
0 95.61 4.72 1.27
0.69 95.07 8.72 2.26
1.31 95.38 7.46 3.27
0 95.73 5.7 1.77
0.02 94.99 6.62 2.47
0.15 94.57 6.01 3.89
0.01 94.96 3.13 2.78
0 95.02 2.87 2.34
0.08 95.57 2.29 3.46
0 95.55 -1.42 4.06
0 95.61 1.21 2.38
0 95.5 1.79 1.71
0 94.89 1.9 2.24
0 94.66 3.08 3.35
0 94.63 3.05 2.14
0.11 94.78 1.95 3.53
0.01 95.17 -3.02 4.43
0.03 95.37 -3.52 6.01
0 95.27 -3.63 3.85
0 95.31 -2.06 2.55
0 95.5 -2.79 0.98
0 95.26 1.34 1.86
0 94.97 1.53 1.96
0.02 94.64 -0.32 2.17
0 94.48 -3.86 4.73
0 94.62 -7.09 3.58
0 94.86 -10.03 6.65
0 95.05 -5.43 3.58
0 94.65 0.6 3.22
0 95.29 -2.37 2.2
2042.77 95.04 -0.67 2.95
2042.77 94.8 -0.49 1.36
2042.77 95.08 2.11 2.28
2042.77 95.09 1.48 2.43
2042.77 95.3 -1.3 2.68
2042.77 94.88 -1.87 1.03
2042.77 94.96 -4.4 1.32
2042.78 94.95 -3.77 2.29
2042.78 95.16 -5.74 3.02
2042.89 94.62 -7.61 3.16
2042.97 94.63 -8.51 2.17
2042.77 94.78 -11.5 4.22
2042.77 95.09 -11.43 2.72
2042.77 95.46 -8.65 3.05
2042.77 96.03 -8.04 1.56
2042.77 95.99 -9.65 1.42
2043.51 96.26 -11.92 2.37
2042.89 95.9 -13.32 2.62
2042.89 95.77 -12.12 2.77
2042.77 96.17 -11.2 2.01
2042.77 96.21 -10.29 1.16
2042.77 95.92 -10.08 0.9
2042.77 96.07 -9.14 1.22
2042.77 96 -9.44 0.9
2042.8 95.44 -6.56 2.81
2042.82 95.92 -10.1 3.96
2042.77 95.6 -10.82 1.51
2042.77 95.13 -10.51 2.76
2042.77 94.41 -5.77 3.84
2042.77 94.23 -4.89 3.49
2042.77 93.84 -3.02 4.42
2042.77 94.24 -3.51 2.98
2042.77 94.52 -2.95 3.16
2042.77 95.11 -4.74 2.53
2043.73 95.02 -7.53 1.78
2045.06 95.28 -8.53 1.87
2042.79 94.98 -6.97 2.81
2042.77 95.5 -6.73 2.35
2042.77 95.96 -13.97 2.91
2042.77 95.56 -13.79 2.49
2042.77 95.57 -11.32 2.33
2042.77 95.66 -9.85 2.19
2042.77 96.17 -12.33 1.8
2042.77 95.89 -12.8 1.55
2042.77 95.92 -10.99 1.94
2042.77 95.72 -7.53 1.9
2051.7 95.77 -10.05 1.58
2042.77 95.71 -10.32 1.59
2042.77 95.95 -8.05 1.98
2043.07 94.97 -6.42 4.25
2042.77 95.48 -10.09 4.1
2042.77 95.65 -9.69 2.39
2042.77 94.97 -6.06 1.77
2042.77 94.17 -1.18 3.17
2042.77 94.75 -3.17 2.07
2042.77 95.67 -8.71 2.86
2042.77 95.23 -7.3 3.93
2042.77 94.65 -4.15 4.09
2042.77 95.24 -7.04 3.63
2042.77 93.92 -0.82 5.07
2042.77 94.66 -6.76 3.3
2042.77 94.76 -6.86 1.84
0.2 94.35 -3.9 2.04
0.04 94.38 -4.09 5.32
0 95.24 -12.48 3.87
0 95.41 -11.26 2.11
0 95.58 -11.78 1.47
0 95.82 -9.91 1.66
1.92 95.51 -10.64 1.46
11.74 95.57 -12.46 2.76
0 96.18 -14.62 3.14
0 95.98 -14.16 1.36
0 95.42 -11.62 1.33
0 96.06 -12.73 1.4
0 95.99 -12.42 2.03
0.05 95.19 -5.54 3.01
0 95.25 -5.85 1.86
0.06 95.83 -6.44 2.14
0 96.38 -9.13 1.69
0.78 95.92 -9.09 1.45
1.09 95.67 -9.04 1.88
0 95.59 -7.34 1.38
0 95.55 -4.4 2.11
0.54 96.08 -7.78 1.57
0.08 95.89 -5.17 1.23
0 95.43 -1.57 1.54
0 95.27 2.4 1.76
0.5 95 4.12 3.67
1.7 95.68 -3.25 3.95
0.04 95.38 -6.79 1.87
0 95.25 -5.08 1.58
0.24 95.19 -5.31 2.35
0.79 95.19 -5.9 1.83
2.42 95.51 -5.29 2.82
0 95.56 -6.7 2.98
0 95.72 -7.34 3.01
0 95.72 -5.75 2.41
0 95.24 -5.37 2.04
0 95.54 -5.05 2.22
0 95.01 -2.15 2.24
0 94.8 1.52 3.62
0 95.47 -1.46 4.26
0 95.06 -1.71 1.84
0 94.57 2.28 3.52
0 94.28 7.26 2.62
0 94.65 4.95 2.29
0 94.18 8.06 5.21
0 95.31 4.06 2.08
0.07 95.24 3.59 4.94
0 95.55 3.89 4.86
0 94.95 6.92 3.21
0 95.01 7.9 3.16
0 95.25 8 2.59
0 94.27 13.03 4.8
0 94.26 12.28 2.49
0.01 94.28 11.48 2.67
0 94.31 10.8 3.18
72.55 94.08 11.41 3.01
34.24 94.56 9.76 2.2
0 94.76 11.3 2.34
0.65 94.86 9.26 1.95
0 94.33 11.94 2.71
0 95.05 7.95 3.75
0 95.45 2.6 4.58
0 94.61 6.44 4.55
0 95.21 5.41 4.01
0 94.6 13.62 3.99
0 94.55 14.31 1.61
0 94.4 14.93 2.65
0 94.64 11.52 4.42
0 95.35 9.36 2.11
0.93 94.96 10.6 2.06
0.45 94.67 11.77 1.93
0 94.8 13.76 1.55
0 94.7 17.94 3.31
0 95.3 12.93 2.97
0 94.59 13.66 2.28
8.73 94.6 7.59 2.95
0.02 95.29 7.9 2.75
27.73 95.08 7.4 2.54
0.05 94.66 9.47 207.45
0 94.76 11.72 3.8
0 94.44 14.07 2.62
0.71 94.12 16.45 3.67
3.69 94.36 17.85 4.08
0.27 94.83 16.81 3.71
38.41 95.11 11.53 3.23
0 95.38 12.54 2.67
0 95.23 13.46 1.93
0 94.61 15.07 1.57
0 94.05 19.11 1.86
3.97 94.01 18.38 4.55
177.61 94.66 6.79 4.96
10.33 94.23 7.9 5.52
8.22 94.45 5.18 5.62
0.09 94.68 7.88 4.48
0.11 94.1 11.94 2.38
35.91 94.14 7.76 4.16
0.62 94.67 11.55 1.89
75.77 94.95 10.3 2.46
2.47 94.84 12.08 1.88
218.51 93.99 8.88 2.57
54.89 93.11 15.09 3.97
0 93.31 17.37 4.02
0.06 93.66 13.93 3.62
0 93.42 13.94 3.4
0.04 94.21 16.69 3.02
1.82 94.56 16.42 2
2.26 94.19 18.6 3
60.84 93.83 16.71 2.56
2.75 93.88 17.46 3.04
0.02 94.01 19.11 2.21
0 94 21.95 2.3
0.24 94.29 25.35 3.62
45.17 94.16 17.63 2.66
0.41 93.72 16.94 5.5
0 93.19 21.35 4.33
27.89 92.98 18.52 2.7
1.12 93.41 21.93 2.09
0 93.51 24.06 32.43
0.1 94.09 25.2 2.43
0 94.03 28.16 3.99
3.84 94.25 23.68 2.6
0.41 94.39 21.85 2.54
0 94.27 22.55 2.11
0.68 94.06 22.55 1.96
15.35 93.92 23.53 2.28
374.39 94.07 15.95 2.39
112.24 93.92 13.22 3.25
17.15 93.6 16.18 2.91
30.2 93.91 15.6 2.01
38.4 94.32 15.31 1.8
10.35 94.41 18.35 2.3
13.14 94.21 20.11 2.69
8.79 94.25 20.88 2.57
0.02 94.11 21.81 2.09
3.44 93.92 23.28 1.54
194.05 93.72 20.35 1.81
68.58 93.6 19.76 1.98
99.04 93.74 19.02 2.4
4.04 94.02 19.14 1.9
26.81 94.14 19.29 1.9
4.56 94.27 19.32 1.55
222.56 94.34 18.21 2.61
1.24 94.22 21.48 1.92
0.07 93.81 23.64 2.34
13.99 93.62 22.59 3
14.99 93.7 21.8 3.69
0.31 94.14 21.94 3.87
0.57 94.05 22.91 3.14
0 94.13 24.34 1.91
0 94.09 24.88 1.61
16.19 94.03 23.11 2.54
74.47 93.72 20.51 2.3
22.28 93.46 23.18 2.21
0.06 93.95 25.1 2.43
0.67 94 25.7 2.95
1.18 93.88 26.02 2.35
3.21 93.66 25.27 2.84
17.9 93.61 23.13 3.5
0 93.81 23.8 3.02
0 93.53 24.23 3.87
3.47 93.61 22.51 2.88
5.02 93.81 21.68 2.74
0.44 93.73 22.95 2.53
2.25 93.8 23.8 1.79
19.14 93.74 23.58 2.44
99.28 93.82 21.89 32.75
6.78 94.06 22.56 32.16
0.24 94.13 26.38 1.7
0.68 94.23 28.71 2.09
2.35 93.84 29.32 4.41
80.1 93.73 24.13 2.3
0.21 94.04 22.25 1.65
0 93.75 25.15 2.79
0.07 94.12 23.02 2.01
0 94.17 23.11 1.59
0.01 94.35 23.45 1.67
4.46 94.2 25.86 2.44
4.16 93.74 27.38 3.23
6.81 93.76 26.04 3.54
15.27 93.91 24.71 1.89
0 94 26.45 2.35
0 93.98 27.27 2.72
4.56 93.86 26.25 2.53
8.98 93.84 25.67 1.9
88.15 94.1 19.81 2.52
1.32 94.04 22.03 1.91
0 94.33 22.24 2.56
0 94.43 21.72 1.4
0.01 94.28 22.56 1.91
48.13 94.02 21.38 2.25
18.93 93.78 21.16 1.63
1.66 93.97 22.12 3.65
0.27 94.17 21.08 2.14
14.31 94.19 19.26 1.92
10.29 94.1 18.88 1.6
10.43 94.15 20.09 2.2
5.51 94.26 20.34 1.7
2.04 94.39 21.52 2.18
6.45 94.59 21.24 1.75
1.12 94.53 22.67 1.85
0.66 94.2 23.83 2.35
4.14 94.21 24.26 1.89
87.99 94.12 22.8 2.39
67.03 93.98 22.46 1.8
79.99 94.24 19.57 2.16
1.25 94.53 19.93 2.54
0 94.63 21.06 1.8
0 94.73 22.94 1.62
5.24 94.85 20.77 1.71
3.06 94.89 20.98 1.55
0.66 94.85 20.79 1.9
9.31 94.67 19.98 1.79
8.04 94.64 19.62 1.78
248.03 94.61 15.7 2.4
1.16 94.22 17.47 1.65
0 93.92 20.16 2.31
0 94.44 18.72 1.42
0 94.45 20.57 1.47
2.08 94.05 20.66 3.01
0.02 94.34 18.57 3.01
0 94.52 15.87 1.35
0.01 94.77 17.16 1.53
0.09 94.76 18.72 1.89
30.92 94.82 16.63 1.38
0.33 94.63 18.47 2.4
0.09 94.94 16.47 3.1
0 95.04 14.36 3.28
0 95.08 13.25 1.33
0 95.17 16.29 1.27
0 95.13 16.98 1.79
23.06 94.45 16.42 2.36
29.69 94.43 14.08 2.88
0.02 95.02 13.96 1.47
0.39 95.04 16.23 1.91
90.49 95.24 12.07 1.89
22.8 95 12.83 1.55
0 94.9 13.69 1.59
44.01 94.26 14.14 2.34
0.06 94.82 13.46 2.26
0.86 94.72 14.21 2.65
24.88 95.54 5.84 3.88
0.1 95.59 5.39 1.71
30.53 94.73 6.6 1.83
19.63 94.62 7.7 2.28
0 94.94 8.88 1.61
114.94 95.15 7.12 1.51
20.11 95.64 7.83 2.44
0 95.44 8.83 1.98
0 95.02 12.25 1.65
0 94.9 14.2 2.41
0 95.1 16.3 2.15
0 95.35 13.57 1.55
0.49 95.26 14.13 2.65
0.75 96.22 8.3 3.28
0 95.78 4.34 1.48
0 94.84 8.34 2.31
0 94.39 9.76 4.36
0 94.91 9.66 3.01
0 94.66 12.84 2.55
0 94.77 13.5 2.15
0 94.46 16.48 4.22
0 95.31 7.37 2.72
0 95.66 3.33 1.82
0 95.1 5.89 1.66
0 94.34 11.43 3.07
0 94.07 14.07 3.2
0 94.29 11.28 1.84
0 95.76 4.08 4.75
0 96.14 2.07 1.49
0 95.56 3.83 1.64
0.04 95.28 8.25 1.79
4.95 95.49 8.17 21.37
2.67 95.21 5.32 1.41
2343.99 94.86 6.6 3.5
2344.04 95.02 3.41 3.75
2343.99 94.8 6.72 2.47
2343.99 94.42 8.21 3.73
2343.99 94.78 6.25 3.1
2343.99 96.06 -1.08 2.84
2343.99 96.01 -1.74 1.42
2343.99 95.61 0.43 1.76
2343.99 95.4 4.25 1.68
2343.99 95.09 4.04 1.38
2343.99 94.74 2.7 3.46
2344.03 95.19 -4.66 5.79
2343.99 95.18 -1.9 2.94
2343.99 95.53 -2.12 1.57
2343.99 95.64 -1.66 1.48
2344.13 95.49 0.8 1.98
2343.99 95.83 -1.19 1.48
2343.99 95.75 -0.54 1.49
2343.99 95.06 1.89 2.95
2343.99 94.49 3.27 3.89
2343.99 95.01 0.65 2.7
2343.99 95.52 -1.77 2.08
2344.04 95.28 1.67 3.11
2343.99 95.69 -2.91 1.94
2343.99 94.77 -2.09 2.28
2343.99 94.32 207.06 5.12
2343.99 95.42 -3.04 2.07
2343.99 94.93 -1.45 1.38
2344 94.75 -0.18 2.2
2344.31 94.89 -1.63 5.61
0 95.46 -11.69 6.74
0 95.21 -10.94 3.83
0 94.96 -11.34 5.81
0 95.1 -10.97 4.39
0 95.2 -10.47 3.39
0 95.4 -10.1 1.86
1.7 95.44 -9.6 1.48
0 95.95 -10.13 1.49
0.03 95.8 -7.53 2.98
1.69 95.19 -5.14 4.81
0.06 95.6 -9.29 2.98
0.02 95.21 -10.22 4
0 95.36 -10.8 2.57
0 95.4 -8.88 1.65
0.2 95.35 -9.06 3.46
0 95.43 -12.75 3.33
0.01 95.46 -10.99 2.1
0 95.38 -7.72 2.7
0.12 95.12 -6.45 4.62
0 95.44 -10.46 3.82
0 95.09 -10.02 3.32
0 94.88 -3.29 2.34
0 94.93 -3.03 3.17
0 95.77 -5.57 3.77
0 96.01 -5.15 2.51
0 95.75 -8.16 1.2
0 95.35 -4.09 2.46
0 94.76 -4.92 2.01
0 94.11 -3.89 3.56
0.09 94.82 -6.97 73.84
0.02 95.55 -11.16 5.29
0.09 95.52 -11.31 2.77
0 95.45 -7.05 3
0 94.22 -2.33 3.91
0 94.47 -2.9 1.76
0.41 94.83 -2.81 5.25
0 95.35 -7.51 3.07
0 95.72 -9.3 1.62
0 95.61 -8.49 1.98
0 95.49 -5.64 2.33
0.04 95.05 -4.57 2.82
0 96.08 -7.7 2.32
0 96.19 -8.74 1.73
0 95.74 -5.23 1.91
0 95.93 -8.99 1.68
0.28 95.57 -9.81 1.76
1.92 95.55 -10.17 3.55
0 95.66 -8.91 2.07
1.42 94.55 -4.94 3.6
0.01 95.19 -8.22 1.79
0.04 95.11 -7.18 2.33
0.69 95.65 -7.52 2.02
0 95.1 -7.79 1.82
0 94.6 -3.52 3.25
0 95.48 -6.93 1.9
1.11 95.08 -4.43 1.26
4.23 95.69 -8.72 3.87
0 96.21 -12.18 2.74
0 96.04 -11.91 2.13
0.07 95.46 -8.48 3.81
0 96.08 -10.55 3.54
0 96.35 -9.15 1.52
0 96.15 -8.15 1.57
0 95.98 -7.6 1.58
0.07 95.87 -4.8 2.62
0.05 95.8 -6.83 3.28
0 95.67 -4.13 2.73
0 95.06 -1.35 2.91
0.02 95.89 -10.72 5.26
0 95.97 -11.5 3.51
0 95.25 -5.8 2.65
0 94.62 -2.96 2.38
0.01 94.65 -6.22 3.45
0 94.84 -6.41 2.24
0 94.46 -4.43 1.8
0 94.29 -0.72 2.42
0.01 94.96 -3.83 1.28
9.08 94.72 -1.49 2.49
0.01 95.33 -1.88 4.61
0 95.96 -3.66 2.3
0 95.43 -3.67 2.98
7.35 94.61 -0.32 3.75
14.75 94.09 -0.72 5.98
0.11 94.53 -6.15 5.81
0 94.8 -6.37 1.91
0 94.43 -6.2 1.99
0.35 94.92 -7.69 3.15
0 95.29 -9.23 3.66
0 95.92 -7.14 1.84
2.51 94.96 -2.43 5.11
0 94.66 -0.88 3.19
0.03 94.27 -3.03 2.52
0.11 94.94 -7 6.2
0 95.43 -6.42 2.59
0 95.15 -3.31 2.94
0 94.49 1.69 4.46
0 94.83 1.62 2.93
1.88 95.42 -3.41 2.98
0 96.2 -9.81 5.73
0 95.53 -4.17 3.46
0 95.17 -4.1 3.63
0 94.69 -3.17 2.91
0 109.54 202.18 207.01
0 94.78 0.56 3.56
0 94.43 5.67 4.04
0 94.37 5.72 3.13
0 95.13 2.69 2.45
0 94.38 6.84 2.97
0 94.66 6.59 3.9
0 94.78 5.54 2.55
0 94.73 6.26 4.09
0 95.66 1.92 4.18
0 95.84 3.27 2.98
0 96.02 3.9 1.51
0 95.78 7.99 2.79
0 95.58 12.57 4.17
0 94.78 13.2 4.93
0 94.37 12.15 3.8
0 94.5 10.49 3.14
0 94.02 14.4 4.19
4.17 95.04 6.43 3.06
0 95.12 4.62 1.6
192.98 93.61 2.13 2.32
0.62 94.41 3.48 2.24
1.51 94.34 4.97 1.73
0.11 94.87 3.62 4.88
0 95.98 -1.01 4.11
0 95.94 0.09 3.42
0 95.16 4.42 2.55
0.06 94.9 7.69 2.94
0.09 95.12 7.75 1.98
14.34 95.32 6.87 3.89
184.22 95.94 -1.09 4.59
0.33 95.53 2.95 1.96
0 93.94 11.47 1.9
0.52 93.09 14.18 3.94
0.93 93.97 8.26 5.89
0 94.04 11.11 2.12
0.03 94.32 12.57 2.78
0.01 94.8 10.41 3.39
0.01 94.42 11.03 3.04
0.03 94.33 11.23 2.28
0 94.56 13.98 3.95
0 94.76 14.01 5.28
0 95.04 14.36 2.53
0 94.42 20.59 4.17
0 94.05 23.68 4.32
13.69 93.75 20.37 3.72
10.26 94.38 16.45 2.66
0 94.41 19.06 2.3
0 94.33 20.97 2.81
14.29 94.12 16.96 3.64
14.11 94.18 15.54 2.05
0 94.49 12.74 5.36
0 94.28 13.57 4.28
0 93.75 14.46 5.77
0 94.27 12.2 2.55
0.27 94.2 12.71 5.16
15.72 94.51 7.26 2
0 94.87 8.58 1.47
76.16 94.74 7.97 2.56
57.66 93.82 7.27 2.01
14.26 92.61 10.93 4.14
0.3 92.69 18.97 3.55
1.22 94.02 15.61 5.6
0.01 94.6 15.52 4.23
0 94.03 18.49 3.26
14.65 93.19 18.87 3.57
17.93 93.39 14.32 5.47
0.96 93.77 13.05 6.02
0 94.61 18.28 4.19
0 94.25 21.39 2.8
0 94.11 22.18 2.57
0.88 94.03 22.18 2.1
0.07 93.86 24.75 3.1
0.29 93.76 25.74 3.99
5.8 93.93 23.52 2.56
0.13 93.93 22.84 2.97
3.36 93.57 23.72 3.77
0.42 93.91 21.19 3.69
0 93.99 19.87 2.35
0 93.16 24.76 6.3
4.84 93.68 22.42 2.91
1.28 94.24 18.8 4.15
0 94.44 21.38 2.78
78.75 93.68 17.74 2.91
31.17 93.15 19.05 2.54
38.88 93.67 18.31 2.47
0.18 93.98 19.5 3.78
2.56 93.74 19.42 2.57
3.58 93.74 18.77 2.13
84.88 93.48 16.74 2.59
162.56 93.02 15.07 2.05
43.57 93.1 16.12 1.62
85.49 93.99 16.81 2.27
0.75 94.25 20.38 1.68
9.66 94.08 21.82 2.26
0.2 93.79 22.84 1.89
117.93 93.83 19.08 2.57
4.32 93.99 18.52 3.79
81.72 94.46 16.44 2.79
0.04 94.55 21.29 2.37
0 94.16 23.27 1.63
3.84 93.88 24.11 2.59
0.25 94.02 23.79 2.44
9.81 93.82 23.91 2.74
14.67 93.55 21.46 2.28
71.21 93.53 20.71 2.39
1.15 93.96 21.84 1.53
3.92 94 23.8 2.11
169.43 94.2 17.2 2.04
38.79 93.59 17.97 1.61
40.67 93.16 18.7 3.01
4.29 93.73 16.37 3.48
0.07 94.29 18.34 2.15
67.75 94.25 19.38 1.89
10.7 94.39 20.14 1.48
0 94.35 22.36 2.05
0.21 94.2 23.97 2.12
3 94.36 24.78 2.08
0.18 94.59 25.9 2.37
3.44 94.42 23.97 2.56
0.56 94.15 25.17 1.85
0.87 93.67 26.28 2.5
0.17 93.5 26.29 3.34
7.43 93.82 26.01 2.75
32.24 94.24 22.92 2.25
39.54 94.44 20.33 2.16
19.95 94.26 21.3 1.67
136.24 94.08 21.85 1.67
56.56 94.21 22.23 1.88
24.64 94.13 22.89 2.44
20.11 93.86 23.61 2.13
73.94 93.85 22.61 1.79
7.36 93.85 22.52 1.34
12.44 93.67 22.48 1.52
4.01 93.48 23.95 1.96
4.6 93.88 25.01 2.23
16.91 93.96 24.65 1.93
31.36 93.72 23.83 2.42
161.78 93.71 23.31 2.23
181.36 94.11 20.75 2.48
6.53 94.32 22.12 1.65
1.39 94.11 23.07 1.7
20.04 93.62 25.13 3.14
0.1 93.62 22.63 1.96
1.32 93.49 24.58 2.77
2.53 93.64 25.25 3.38
16.18 94.02 24.33 1.9
13.32 94.58 22.32 2.56
26.16 94.62 23.04 1.62
8.76 94.54 23.8 2.29
0 94.57 23.75 2.25
0 94.4 24.01 1.46
0 94.23 24.37 1.52
0 93.9 25.46 1.73
0.94 93.71 25.32 2.46
0.02 94 23.67 2.38
0 94.05 23.58 1.51
0.65 108.51 226.7 206.31
68.75 108.85 226.41 206.46
116.82 94.48 19.96 1.84
16.56 94.21 19.31 2.21
7.07 94.03 19.84 2.41
52.71 94.14 19.51 1.84
9.24 94.46 20.1 1.91
35.22 94.69 19.38 2.07
7.14 94.63 19.88 2.03
48.8 94.5 19.39 2.39
0.03 94.43 20.35 2.6
29.56 94.27 19.83 1.89
3.62 94.42 18.41 1.32
12.29 94.57 18.51 1.54
184.52 94.76 17.42 1.54
107.02 94.81 17.93 2.36
1.66 94.78 20.54 2.47
0.18 94.94 19.39 1.9
14.79 94.76 17.86 1.39
58.29 94.6 16.61 2.15
0.02 94.74 17.12 1.94
0 94.61 19.3 1.33
1.88 94.76 20.55 2.41
26.68 95.47 15.51 2.08
1.66 95.37 14.21 1.59
57.21 94.81 13 1.73
8.57 94.75 14.15 2.37
0 94.68 19.56 2.31
0 95 19.44 2.36
0 95.11 18.91 2.82
0 94.95 19.31 2.3
3.57 94.94 19.7 1.49
7.38 95.02 18.74 2.17
0.01 95.11 16.48 2.21
3.46 94.58 16.44 2.27
3.7 94.37 19.15 2.36
44.3 94.21 17.58 2.82
21.1 94.36 13.61 2.01
27.88 94.27 14.9 1.91
9.9 94.29 15.57 3.34
0 94.52 14.15 2.38
0 94.75 15.98 2.61
0.14 95.56 13.63 1.61
2.46 96.01 11.07 1.95
5.13 94.87 14.72 3.18
47.76 94.16 11.03 5.48
0.04 94.08 13.53 4.58
0 95.06 11.09 1.62
0 95.36 14.05 2.49
0 94.89 17.64 3.55
0 94.79 17.6 1.96
0 94.57 17.85 3.11
0 94.89 9.91 3.99
0.34 94.22 5.72 3.36
2.74 94.4 5.45 5.43
2.83 94.71 9.79 4.89
0 95.1 12.06 2.37
0 95.17 12.88 1.77
0 94.92 13.79 1.69
0 94.86 14.42 1.53
0 94.87 15.41 2.57
4.81 95.03 13.11 2.91
0 95.78 5.48 2.59
0 94.65 10.38 2.79
36.72 95.26 4.83 1.65
13.75 95.56 4.78 1.95
1.14 99.53 68.43 31.91
0 99.02 68.83 31.84
0 95.82 6.91 2.06
0 95.71 4.58 1.66
6.83 94.49 7.36 5.58
0 94.57 3.62 3.9
0 95.16 1.56 3.62
0 95.49 -0.11 3.92
0 95.91 0.54 2.75
0 95.96 3.1 1.47
0 95.31 5.63 1.63
0 95.13 6.2 1.14
0 95.05 9.2 4.05
0 95.27 9.96 3.28
0.37 96.43 0.97 3.81
59.85 96.5 -4.13 2.59
36.56 96.11 -4.21 3.25
7.01 95.61 -3.78 1.86
0.2 95.63 -3.55 1.26
0 95.76 -3.65 1.32
0 95.93 -2.36 1.49
0.07 95.76 0.62 1.2
0.01 95.06 2.53 1.9
0 94.43 5.38 2.69
0.56 95.32 1.91 2.16
4.12 95.13 -2.8 2.53
0 95.83 -5.21 2.22
6.05 95.71 -6.89 2.31
9.91 95.71 -8.06 2.04
4.41 95.69 -8.84 1.95
4.06 96.18 -8.94 1.52
18.2 96.66 -11.63 2.6
10.55 96.72 -13.19 2.86
0.07 96.6 -15.15 2.01
0.01 95.74 -14.62 2.54
0 95.66 -14.07 2.66
0.05 95.16 -11.62 1.34
0.21 95.61 -10.09 1.33
6.48 95.33 -5.17 2.57
0 95.21 -6.96 1.63
0.31 94.53 -2.86 2.27
0.09 94.36 -5.77 5.05
0.24 94.67 -7.69 5.68
0 95.03 -4.91 3.78
0 95.69 -5.21 2.18
0 95.83 -7.76 1.46
0 95.98 -9.18 0.97
0 95.55 -3.22 2.32
1.44 95.21 0.32 3.05
0.01 95.51 -1.64 3.63
0 95.82 -6.82 1.55
0 95.48 -6.38 1.47
0 95.6 -6.71 0.94
5.12 94.9 -5.12 2.98
0.03 94.99 -6.64 4.54
0.04 95.56 -8.64 5.55
0 95.6 -7.44 2.98
0 96.09 -5.41 1.92
0 96.04 -5.95 1.43
0 95.18 -3.01 2.39
0 95.42 -4.98 1.75
0 95.5 -7.57 1.7
0 95.42 -5.19 2.33
0 95.51 -9.01 2.34
0.01 94.46 -7.05 3.03
0 95.54 -12.8 3.48
0 96.25 -14.52 1.99
0 95.99 -7.69 2.34
0.2 95.57 -5.49 1.56
3.17 95.83 -7.34 1.24
0 95.8 -7.98 2.05
0 94.96 -2.18 2.45
0.01 94.97 -5.49 1.3
2.48 95.16 -8.26 1.9
0 95.62 -10.81 3.74
0 95.42 -12.02 2.51
0 95.73 -9.95 2.94
0 95.55 -9.65 3.49
0 95.36 -10.27 2.84
0 95.12 -10.05 2.07
0 95.86 -12.34 3.11
0 96.11 -13.09 2.7
0 95.58 -12.66 3.13
0.06 94.94 -11.45 4.12
0.09 94.67 -10.81 2.66
0 94.74 -11.84 1.72
17.42 95.39 -15.84 2.36
1.47 95.37 -19.11 2.41
0 94.99 -19.08 4.35
0 95.6 -18.36 1.71
0 96.1 -17.92 1.45
0.6 96.05 -17.42 2.12
0.47 96.55 -20.79 3.09
0 96.44 -23.78 4.9
0 95.96 -15.16 4.64
0 95.39 -9.86 2.95
0 95.26 -11.49 3.55
0 95.33 -9.73 3.69
0 95.88 -12.99 1.84
0 96.32 -16.27 1.59
0 96.1 -16.51 2.25
0 96.15 -13.13 3.1
0 96.03 -10.75 2.87
0 95.67 -8.99 2.07
0 95.45 -8.45 2.57
0 95.66 -8.57 3.66
0 95.6 -8.63 3.65
0 95.5 -7.18 2.78
0 94.62 -7.01 2.9
0.01 94.26 -4.34 3.4
0 94.91 -3.12 2.82
0 94.56 1.66 2.77
0.05 94.47 1.8 2.33
1.96 94.78 0.38 3.13
28.88 95.51 -8.36 5.95
0 95.54 -12.39 5.39
0 94.9 -9.45 3.8
0 94.79 -5.15 4.08
0 94.72 -2.36 3.71
0 94.71 -3.87 3.81
0.1 95.55 -6.98 3.6
0 95.51 -9.26 3.95
0 95.34 -9.64 2.57
0.01 95.5 -6.96 3.27
0 96.38 -10.68 2.24
0 95.99 -9.17 2.47
0 95.93 -8.53 3.17
0.07 95.26 -6.67 3.15
0.02 95.36 -7.2 2.01
0.1 95.66 -8.3 3.92
0.06 95.88 -8.78 3.33
0.03 94.97 -0.8 2.82
0 94.61 1.85 2.07
0 94.58 0.52 2.79
0.16 94.96 -0.86 1.47
21.9 94.77 0.4 4.07
0.02 94.79 -1.34 2.67
4.14 95.06 -4.44 4.16
0 95.81 -8.03 4.64
0 95.89 -7.76 3.8
0.02 95.67 -6.83 3.37
0 95.15 -5.34 2.04
0 94.52 -0.94 4.15
0 95.28 -1.87 2.58
0 95.1 1.64 2.56
0 94.55 5.01 2.74
0 94.4 8.44 3.31
0 93.99 10.27 5.25
0 94.45 7.37 4.48
0 95.34 3.72 1.93
0 95.56 5.8 1.84
0 95.2 8.75 2.75
0 95.57 5.21 4.33
0.01 96.12 1.81 4.77
0 96.12 2.01 3.37
0 95.8 3.01 3.21
0 95.41 7.51 3.2
0 94.82 9.56 2.5
0 94.19 11.3 3.8
0.45 94.67 7.21 3.66
0 94.61 8.96 3.29
0 93.69 15.37 4.69
7.14 93.96 10.28 5.08
0.54 95.02 6.03 4.21
0 95.02 8.13 3.67
0 94.21 10.61 3.72
0.07 94.51 10.16 2.52
0.54 93.88 12.64 4.88
0 94.26 10.16 4.9
0 94.18 11.85 5.86
0 94.47 7.05 3.08
0 95.11 5.02 3.29
0 94.57 7.16 4.5
14.93 93.73 9.44 2.74
0.11 93.49 10.81 5.25
0 94.59 11.04 3.35
0.28 94.1 15.57 5.25
9.99 94.05 10.7 4.19
1.71 94.04 6.15 4.53
3.93 94.34 6.62 2.49
1.77 94.65 7.96 3.61
0.02 94.31 13.99 2.96
0 93.49 15.58 6.27
0 94.02 10.63 6.24
0 94.55 11.11 3.06
0 94.01 14.66 4.72
0.56 94.86 10.24 3.28
42.33 95.09 7.87 2.11
2.5 94.68 11.77 1.73
0 94.83 12.51 2.35
41.63 94 12.77 2.47
0.05 93.62 16.88 2.66
41.07 93.35 21.21 4.23
181.37 94.17 10.81 2.34
44.96 93.29 11.5 4.91
0 93.77 15.85 3.16
11.39 93.73 15.75 5.07
0.02 94.07 12.85 6.26
0 94.82 15.36 2.67
0 94.26 18.78 4.6
1.4 94.46 16.76 2.62
0 94.14 17.27 2.23
1.09 93.32 20.09 4.17
145.36 94.07 11.42 4.88
0 94.92 14.69 3.53
27.43 94.54 12.09 3.92
0.86 94.38 12.73 3.52
0 93.86 18.43 3.54
0 93.99 23.22 3.57
0 94.25 24.26 4.13
0 94.48 22.73 3.65
0 94.63 22.52 3.49
0.02 95.36 19.23 3.71
0.02 95.28 18.04 2.54
36.14 94.38 15.06 2
27.82 93.32 15.65 4.68
5.98 93.6 18.72 3.39
0.2 94.09 18.73 4.74
0 94.01 21.76 4.78
0.07 93.63 24.31 4.1
0 94.01 19.1 4.36
0 93.72 22.34 4.62
9.52 94.52 17.3 2.03
0 94.57 19.9 1.42
0 94.19 23.33 2.61
0.01 93.85 24.43 3.27
0.02 94 23.12 2.69
0.14 94.25 23.32 2.02
14.88 94.42 19.71 3.37
3.56 94.46 19.35 1.97
0.05 94.2 22.06 2.86
15.14 93.87 21.11 3.98
91.71 93.64 20.46 4.43
42.44 94.15 17.86 2.43
12.19 94.05 19.22 1.96
2.96 93.71 19.64 1.9
92.93 93.62 15.29 1.98
14.96 93.64 18.29 1.87
2.12 93.25 19.84 2.22
61.8 93.29 20.4 1.84
2.13 93.84 20.39 2.96
0.01 93.93 23.46 2.57
16.6 93.58 25.28 2.82
30.51 93.61 23.94 2.36
20.11 93.63 22.75 2.14
14.74 93.91 21.05 3.09
3.53 93.94 21.13 3.94
0 94.1 24.44 3.12
0 94.05 24.69 1.83
20.08 93.78 23.25 2.68
51.58 93.86 19.32 3
118.54 93.72 20.48 2.1
61.94 93.78 20.16 1.9
0 93.94 20.6 1.76
0.17 93.89 22.29 1.53
0 94 25.44 2.68
0 94.17 25 3.02
1.6 94.38 25.33 1.92
0 94.47 26.79 1.61
0 94.39 27.37 2.72
0 94.14 26.99 2.72
0 93.92 28.13 1.88
0 93.67 29.08 2.36
4.4 93.35 29.5 3.42
104.33 93.67 21.83 2.04
0.68 93.98 24.35 2.47
0.82 94.33 22.52 2.78
5.01 94.01 19.79 2.16
3.2 93.88 19.11 2.4
4.1 94.14 21.67 1.69
0.1 94.13 23.85 2.06
13.3 94.19 24.2 2.58
177.93 94.33 20.96 2.03
863.28 93.84 20.74 2.7
32.36 93.6 23.44 1.72
6.21 93.48 26.9 2.99
0.26 94.02 25.69 2
446.74 94.05 20.21 2.92
2.16 93.91 22.25 1.49
3.59 93.7 24.11 2.26
24.34 93.68 23.65 2.18
16.46 94.05 23.16 1.78
130.12 94.29 23.52 2.1
39.09 94.44 22.11 1.63
18.13 94.54 22.65 2.07
0.19 94.54 24.63 1.76
0 94.47 26.04 1.36
0 94.41 27.03 1.76
0 94.31 27.02 1.98
476.73 94.04 25.31 1.9
164.05 94.44 23.5 2.5
0 94.53 22.09 1.2
0 94.14 24.02 2.35
0 93.93 26.73 3.36
0.68 93.95 28.78 3.08
10.47 94.05 25.38 2.43
0 94 24.78 1.78
0 94.27 23.94 1.89
3.92 94.17 23.45 1.58
125.76 94.03 21.3 2.05
9.04 93.89 22.52 1.33
232.98 93.85 20.22 1.8
10.29 94.29 21.2 2.28
14.08 94.4 21.78 1.74
0.68 94.55 22.78 1.89
1.27 94.63 23.31 1.63
10.51 94.13 21.34 1.67
14.85 93.96 23.36 2.44
147.55 94.72 17.55 3.89
0 94.99 18.05 2.22
3.88 94.64 17.98 2.06
1.78 94.62 18.71 2.09
0 94.79 17.99 2.03
0 94.23 17.59 1.93
13.64 93.17 16.44 4.01
20.63 93.01 15.52 2.58
4.58 93.66 19.13 1.69
14.38 94.18 18.4 1.18
130.2 94.43 17.61 1.53
37.13 94.37 17.21 1.31
15.15 94.24 18.92 1.48
1.96 93.98 19.05 1.66
5.65 94.07 18 1.63
59.55 94.38 16.29 1.89
12.58 94.53 16.13 1.68
40.37 94.89 15.11 2.24
11.04 95.14 15.77 1.4
3.38 95.06 17.24 1.34
67.66 94.87 18.57 1.61
0.02 94.76 19.54 1.74
3.14 94.86 18.23 2.06
1.72 95.27 15.87 1.91
19.63 95.42 13.71 2.01
0.1 95.45 13.67 2.56
0 95.3 13.89 1.39
0.67 95.06 14.59 2.25
3.63 94.71 16.57 2.22
2.3 94.41 18.59 1.98
1.21 94.14 20.4 3.41
0.04 94.83 17.06 2.32
9.52 94.62 17.01 1.95
1.73 95.37 11.8 4.91
0 95.78 8.15 2.24
0.03 94.98 10.18 2.22
0.06 94.64 15.82 2.25
4.76 94.48 19.1 3.49
1.73 94.53 16.05 2.23
0.78 94.53 15.16 3.2
104.1 95.09 7.11 2.35
8.78 95.17 5.94 1.9
0.42 95.71 8.37 1.49
50.48 94.84 10.85 2.94
0.59 95.08 5.95 4.99
0 95.29 4.89 1.8
0.47 94.88 6.24 1.68
0 95.44 5.65 37.23
0.56 95.4 7.65 1.46
0 95 12.32 1.48
0 95.08 13.71 1.75
0.13 95.25 15.04 2.47
3.83 94.72 14.42 4.42
0 95.2 9.99 2.31
0 94.95 12.48 1.88
0 94.82 13.1 2.47
1.27 95.73 4.18 2.6
40.39 95.09 5.17 1.9
45.48 95.79 1.87 2.63
0 95.4 2.5 1.53
0 94.76 3.77 1.48
0 94.39 8.65 3.25
0 95.57 2.86 2.03
15.02 95.59 2.67 1.2
7 95.8 2.19 3.31
0.17 95.86 0.53 2.8
2.72 95.56 -0.29 3.55
0 96.37 -5.01 3.24
0 95.99 -3.1 2.44
0 95.3 0.97 3.26
0 94.73 2.28 1.78
0 93.85 4.32 1.72
0 94.9 1.38 2.51
0.14 95.68 -1.18 2.01
4.46 95.92 -1.77 3.38
0 96.28 -4 1.59
0 95.64 -1.66 2.37
1.66 94.22 2.88 3.76
1.74 94.44 -1.07 1.9
0.21 94.98 -1.24 1.35
0 94.44 4.52 3.83
0 95.14 1.22 5.11
0 95.37 -3.07 2.12
0 95.14 0.31 2.77
0 95.05 -0.72 2.28
0.18 94.54 0.08 2.74
1.76 95.03 -4.68 1.99
29.87 95.55 -7.48 1.84
58.47 95.9 -9.54 2.56
0 96.26 -11.47 2.92
0 95.95 -10.54 2.69
0 95.46 -8.06 3.06
0 95.12 -5.68 1.98
0 94.67 -2.57 3.53
0 95.47 -6.35 3.11
0 95.9 -4.69 1.62
0.06 96.16 -5.32 1.8
3.03 95.03 -1.12 3.47
0 95.78 -3.65 3.78
0 95.5 0.77 2.97
0 94.76 3.27 3.47
0 94.89 -1.13 2.84
0.36 95.49 -5.77 3.58
0 94.94 -5.43 3.17
0 95.16 -6.44 2.48
2.09 94.58 -4.01 3.6
0 95.52 -7.35 2.26
0 95.66 -7.76 1.45
0 95.04 -5.43 2.73
8.48 95.41 -3.61 2.43
0 96.01 -9.2 3.3
0 95.93 -10.17 2.01
0.01 95.91 -8.91 2.84
0 95.12 -4.39 2.69
0 95.1 -4.26 1.11
0 95.26 -3.78 0.96
0 95.32 -3.11 1.06
0.02 95.65 -2.88 1.46
0.07 95.7 -5.12 2.67
3.52 95.36 -9.75 3.64
0 95.75 -10.55 2.31
0 95.62 -9.91 1.33
0.03 95.44 -4.44 4.14
0.75 96.12 -9.42 3.59
0 95.97 -11.07 2.19
0 95.68 -9.62 4.17
0 95.9 -8.63 3.19
0 95.41 -7.01 1.91
0 95.3 -6.1 1.63
0 95.1 -2.2 3.34
0 95.27 -4.44 2.32
0 94.94 -1.44 3.16
0 95.54 -5.13 1.42
0 95.84 -6.9 1.44
0 95.37 -3.05 1.81
8.91 95.43 -3.9 1.54
8.77 95 -4.74 2.11
0.01 95.15 -7.67 3.45
0 95.4 -10.5 4.07
0 95.14 -10.31 3.01
0.01 94.88 -11.2 2.73
0 95.04 -10.52 4.74
0 95.96 -11.9 2.07
0.08 95.93 -13.39 1.31
0.02 95.84 -12.91 1.44
0.13 95.63 -10.88 2.15
0 95.96 -11.21 1.83
16.01 95.64 -12.64 2.41
0 95.7 -13.48 2.15
0 95.34 -12.67 4.36
0 96.01 -13.71 2.56
0 96.14 -13.84 1.49
0 96.25 -12.44 1.18
0 95.63 -7.6 1.6
0.04 94.92 -3.86 4.58
0 95.43 -6.74 3.61
0 94.88 -7.27 2.9
0.16 95.74 -11.67 4.07
0 96.03 -10.05 3.59
0 95.47 -7.79 2.95
0 96.2 -8.18 3.34
0 95.61 -5.25 2.17
0 95.03 -3.47 1.68
0.22 94.69 -0.79 2.5
0 95.06 -5.91 3.49
0.01 95.98 -6.69 2.07
0.01 95.93 -7.71 1.06
0.02 95.73 -8.72 5.81
0.01 95.26 -9.76 5.78
0 95.45 -9.31 4.64
0 95.55 -6.88 3.12
0 95.54 -6.07 1.84
0 96.03 -4.5 1.49
0 95.87 -3.27 1.81
0 94.71 2.67 3.77
1.6 95.06 -3.06 4.27
0 95.64 -6.82 3.2
0 95.03 -5.03 2.77
0 93.99 -2.1 4.83
0 95.76 -7.16 4.1
6.88 95.54 -6.47 2.87
8.21 94.92 -3.82 4.41
0 95.42 -4.75 3.93
0 95.15 -2.24 3.65
0 95.11 -0.9 3.36
0 95.3 -0.49 1.64
0 94.97 1.56 3
0 94.93 0.84 3.01
0.31 95.32 -4.59 3.6
0 94.52 -0.5 2.58
0 94.62 -0.13 1.43
0.02 94.82 -3.53 2.35
0.11 95.23 -5.39 3.78
0.03 94.99 -7.37 4
0 95 -5.2 4.73
0 94.53 -0.54 3.65
0 94.34 0.75 2.97
0 94.55 3.54 2.05
0 94.83 4.13 3.04
0 95.64 -0.53 4.43
0 95.65 0.89 2.94
0 95.62 1.47 1.98
0 95.33 2.97 1.51
0 94.97 3.57 1.89
0.84 94.86 4.18 1.92
0 95.4 5.4 1.81
0.1 95.5 4.54 2.08
0.56 95.56 1.8 3.37
0 95.37 1.72 1.92
0 95.14 3 2.13
0.52 95.52 1.47 1.41
4.06 95.19 1.32 1.33
1.26 95.03 2.92 2.65
0.65 94.97 1.68 2.08
0 95.15 2.77 2.56
0 94.94 5.3 2.42
0 94.87 9.24 3.76
0.07 95.68 3.84 2.62
0 95.48 4.31 1.85
0 94.88 5.8 1.71
0 94.9 9.33 2.07
0 94.81 12.55 2.89
0 94.49 16.49 3.76
0.35 94.22 14.43 3.55
1.71 94.3 11.27 3.41
0.63 94.38 10.26 2.68
0 95.16 8.6 3.24
0 95.11 8.84 2.25
0 94.12 13.29 4.03
0 94.7 7.94 3.96
0 94.61 7.06 2.45
0 93.95 12.48 4.09
0 93.56 15.28 3.04
0 94.02 16.41 3.21
0.19 94.35 14.28 3.27
2.07 93.26 14.31 5.04
0.21 93.45 7.64 5.76
1.93 93.79 7.82 3.11
1.92 94.18 9.37 3.41
0 94.61 10.01 2.21
0.01 93.93 13.29 5.19
0 94.17 9.94 2.87
0 94.5 8.99 3.42
0.01 95.15 8.7 3.72
0 95.18 10.42 4.94
0 94.37 15.08 4.66
0 93.84 16.97 3.26
0 93.5 20.82 4.29
0 94.37 16.87 2.51
0 94.69 18.07 2.6
0 94.65 21.55 3.74
1.5 94.56 19.19 5.11
9.29 94.52 14.87 3.64
17 94.23 9.53 6.05
0 94.46 10.67 6.38
0 94.34 18.12 4.38
0 94.03 20.62 2.46
0 93.75 20.75 4.1
0.21 93.79 19.36 3.09
0.02 93.95 15.09 5.02
0 93.8 12.79 4.83
1.04 94.03 12.28 4.69
0.13 94.74 13.78 5.02
0 94.7 16.42 2.42
0 93.91 19.99 1.76
0 93.73 23.98 2.12
0 93.73 28.8 3.73
1.52 94.11 26.62 3.35
1.71 94.37 23.77 2.69
4.48 94.74 15.1 3.54
183.49 94.83 9.47 2.34
0.02 94.59 16.47 2.38
0.01 94.19 19.58 2.12
0.05 94.72 15.17 3.05
0 94.23 19.3 2.49
0 93.84 21.81 2.78
0 94.16 22.4 3.99
17.21 94.46 17.15 2.57
0.5 93.92 19.98 3.19
9.35 93.47 20.36 3.03
0 93.97 17.78 3.49
107.22 94.27 11.2 1.81
0 94.38 15.61 2.2
0 94.39 19.96 2.48
0 94.52 21.62 2.16
23.05 94.21 15.51 2.3
0.61 93.96 18.64 2.77
0.26 93.85 21.8 3.92
0 93.95 21 3.77
0 94.31 18.99 2.02
4.16 94.45 18.38 1.76
34.91 94.74 18.4 1.71
0 94.77 20.72 2.03
0 94.35 26.91 2.37
0.14 94.07 27.15 1.41
1.31 93.91 26.27 3.04
12.43 93.81 23.83 2.18
44.68 93.82 20.52 2.55
60.35 93.71 19.34 1.85
5.96 93.78 19.93 2.42
0.34 93.95 21.43 2.29
85.1 94.32 18.29 1.44
104.12 94.21 17 1.67
4.19 93.95 18.92 1.38
3.14 93.91 21.85 1.32
0 94.08 24.04 1.63
11.52 93.94 25.27 3.33
24.3 93.96 26.81 3.3
0.06 93.86 27.28 2.9
7.17 93.76 27.31 2.72
21.7 93.64 27.08 2.14
23.57 93.82 25.02 2.62
0.35 93.93 25.61 2.12
15.69 94.09 24.09 1.77
42.53 94.24 22.33 1.49
38.45 94.01 23.92 2.61
572.91 93.19 22.72 2.41
23.91 93.15 24.56 2.73
36.29 93.32 24.63 2.65
0.4 93.29 24.23 1.95
0 93.57 25.31 1.88
0.31 93.63 28.52 2.37
89.67 93.42 27.65 3.38
14.87 93.87 24.88 1.98
10.49 94.18 26 1.56
0 94.3 27.18 1.7
0 94.22 28.24 1.8
0.01 93.94 28.64 2.69
24.33 93.73 26.46 2.84
30.26 93.74 22.21 2.48
35.71 94.47 21.22 1.97
17.89 94.45 21.1 1.58
2.24 93.98 23.72 1.22
1.08 94.11 23.93 1.6
0.37 94.31 24.08 2.02
19.07 93.95 22.48 2.64
0.72 94.19 22.95 2.45
0 94.69 23.22 1.5
0 94.24 23.68 1.63
105.2 93.85 23.08 3.25
0.03 94 25.15 1.84
0.57 94.07 26.05 2.32
27.61 93.83 25.09 1.96
751.73 93.28 22.86 1.82
17.57 93.67 23.77 1.45
51.37 93.71 24.26 2.18
25.86 93.57 22.47 2.01
2.04 93.62 23.77 2.21
18.03 93.49 22.53 1.46
39.03 93.3 20.41 1.56
14.29 93.39 23.06 1.34
8.26 93.79 23.94 2.46
32.09 94.15 22.79 1.97
0.28 94.31 23.45 1.67
15.05 94.24 22.11 1.57
16.25 94.16 21.47 1.52
319.24 94.24 19.25 2.43
57.71 94.39 20.36 2.01
24.55 94.53 21.32 1.85
18.06 94.55 21.66 2
5.63 94.17 22.23 1.76
1.11 93.92 25.63 2.01
23.9 94.38 22.77 2.17
318.47 94.28 18.93 2.07
0.02 94.29 20.17 3.8
0 94.37 18.23 3.56
0 94.68 18.94 2.06
14.45 94.39 16.47 2.7
4.26 94.84 15.93 2.71
0 94.95 14.54 2
0 94.69 17.05 2.3
0.4 94.69 17.24 1.63
1.98 94.52 19.8 1.88
6.98 94.55 19.37 1.83
4.9 94.45 19.78 2.34
2.78 94.29 20.81 2.64
0.03 94.19 20.21 3.68
0 94.11 19.21 1.76
0 93.89 21.33 1.97
1.31 94.45 18.15 2.73
4.66 94.46 18.3 2.1
75.92 94.36 16.52 1.6
0.02 94.61 16.5 2.15
0 95 15.53 1.57
0 95.24 16.09 1.72
2.58 95.17 18.13 2.43
4.1 94.99 18.53 2.15
0.52 94.58 19.14 2.83
0.01 94.41 17.55 2.5
0 93.86 19.27 1.94
0.13 94.32 15.7 2.95
0 94.67 15.22 1.63
0.62 94.01 19.32 2.98
13.31 94.06 16.76 3.54
0 94.23 17.72 3.58
0.09 94.54 17.95 2.41
16.71 94.5 15.81 2.45
30.76 94.79 13 1.83
0.04 94.74 10.02 2.24
0 94.64 9.05 3.59
0 94.47 10.14 2.68
0 94.58 13.56 2.29
0.06 94.77 15.09 3.73
0 95.53 8.89 2.63
0 95.85 7.96 2.05
0 95.6 9.6 2.36
0 94.91 14.14 3.77
0 94.69 15.04 2.78
0 95.02 13.97 2.03
12.47 95.31 12.03 1.61
90.12 95.96 8.6 3.42
24.78 95.98 4.85 2.55
0.6 95.75 4.95 3.2
0.67 95.37 4.47 2.4
0 95.26 5.98 3.02
0.01 95.83 4.69 1.12
27.5 95.87 6.81 1.8
0.06 96.21 5.45 1.78
0 96.01 5.74 1.72
2.97 95.33 8.65 1.73
0.04 95.16 8.87 1.29
0 94.84 11.57 2.32
0.01 95.57 6.92 1.73
11.13 95.66 3.83 1.72
0.07 95.66 5.26 1.63
0 95.44 7.11 1.77
0 95.53 7.77 1.26
0 94.9 10.03 1.59
0.02 94.75 11.11 1.9
0 95.62 6.55 4.7
0 96.13 1.82 3.77
0 95.58 5.3 2.38
0 94.69 8.4 2.79
