1.09 96.07 -15.83 1.57
0.02 96.74 -17.1 1.76
19.6 96.61 -19.12 1.51
6.3 96.79 -18.01 3.31
0 97.12 -19.44 2.34
0.01 97.32 -19.25 2.11
0.14 97.41 -17.1 1.55
16.32 96.81 -15.84 1.16
7.56 96.96 -15.49 1.4
0 97.24 -15.39 1.36
0 97.22 -15.97 2.75
0 96.65 -18.61 3.06
0 96.67 -16.05 2.89
1 96.5 -15.79 1.27
0 97.58 -15.02 1.42
0 97.16 -14.13 1.07
0 96.81 -10.92 1.14
0.02 96.71 -6.55 1.42
0 96.18 0.48 3.2
0.07 97.39 -9.23 4.7
0 97.34 -12.81 2.56
0 97.04 -11.03 3.43
0 96.52 -8.12 2.94
0 95.92 -8.27 3.77
0 96.93 -9.21 3.37
0 108.56 -4.76 3.04
3.32 95.82 -3.61 2.68
0.01 96.46 -10.41 3.71
0 96.02 -5.28 3.98
0 96.07 -5.42 1.76
0 96.68 -8.83 1.69
0.31 96.86 -11.26 1.87
0 96.88 -14.54 2.08
0 96.81 -13.3 2.3
0 96.78 -13.63 1.99
0 97.12 -13.5 1.48
0.02 97.04 -11.41 2.15
3.84 96.07 -3.38 2.79
0 96.13 -4.31 1.88
0 96.75 -6.95 2.37
0 97.34 -10.07 3.32
0 97.77 -11.94 3.84
0 97.51 -11.6 1.96
0.04 96.87 -10.23 2.06
0 97.27 -10.19 2.39
0 97.46 -12.51 1.81
0 97.01 -10.34 1.78
0.01 96.55 -8.36 2.83
0 96.38 -8.37 2.41
0 95.84 -4.14 1.79
0 95.71 -6.4 1.65
0 95.81 -5.26 1.92
0 95.89 -4.51 2.5
0 94.84 0.98 2.31
5.68 95.14 -1.71 1.9
0 96.24 -5.76 2.45
0.24 96.43 -5.06 1.7
3.44 96.12 -5.74 2.16
1.71 96.7 -7.06 2.47
0.13 96.42 -7.47 2
0.35 96.13 -3.29 3.27
0 96.24 -2.01 2.98
27.62 95.78 -1.31 2.71
4.39 96.9 -8.9 3.37
0 97.61 -10.84 2
0.01 97.87 -11.3 1.92
2.58 98.17 -9.65 2.75
0.01 97.38 -9.17 2.53
0 96.02 -3.83 2.54
0.22 94.96 2.47 3.73
0.8 96.06 -4.07 4.47
0 96.75 -3.02 1.99
38.52 96.14 -0.72 1.94
1.8 96.08 -2.5 4.94
0.03 96.56 -4.45 2.43
0 96.96 -5.19 2.2
0 95.99 -2.74 2.75
0.36 94.57 3.89 2.79
40.62 95.19 -0.68 3.59
0 95.6 0.38 2.8
0.07 95.54 4.29 3.86
0 96.26 2.66 2.72
0 96.77 -0.2 2.72
0.04 96.79 -3.18 3.25
0.62 96.3 -2.5 1.99
1.75 96.89 -1.99 1.95
0 96.78 3.13 1.66
0.07 96.57 5.68 2.08
5.07 95.97 8.85 4.24
2.27 95.67 7.74 4.3
0 96.12 2.65 5.23
0 96.17 0.31 3.92
0 95.86 4.56 3.98
0 95.52 9.08 3.56
5.29 96.15 3.26 2.4
0.01 96.8 2.12 2.27
0 96.25 7.27 3.49
0.41 95.07 11.96 5.61
33.81 95.84 2.34 2.66
0 96.13 3.69 3
2.24 96.09 2.38 2.05
37.9 95.89 0.73 3.17
0.05 96.67 -0.52 5
0 96.81 2.09 2.36
0.23 96.15 4.69 2.88
10.05 96.38 3.34 1.67
0 96.38 5.4 2.91
16.31 95.66 10.62 2.93
52.45 96.13 8.21 1.84
0.18 96.47 8.49 1.88
0.13 96.71 10.12 2.13
0.72 96.46 9.48 2.41
0.13 96.38 8.55 1.9
0 95.98 12.85 2.92
2.72 95.76 13.61 4.24
47.38 95.6 4.77 3.16
15.43 95.17 3.03 3.22
0.13 95.29 5.46 5.73
3.29 95.45 7.25 4.56
6.56 95.7 11.73 2.55
0 95.15 17.03 2.01
0 94.88 18.75 3.95
0.52 95.42 16.73 2.14
4.15 94.94 152.44 2.81
244.99 94.54 10.73 3.04
10.02 95.02 13.26 4.25
24.8 95.08 11.8 1.79
3.28 95.32 15.18 2.39
54.52 95.13 10.98 3.02
11.08 95.01 9.87 2.29
3.29 96.03 10.14 2.49
0 96.29 13.27 1.65
0 96.25 15.94 1.67
4.31 95.85 17.36 3.22
6.13 95.71 20.17 2.5
1.17 95.91 19.18 2.68
32.68 95.47 16.26 2.76
140.19 94.58 12.47 2.67
0.57 94.27 18.39 4.46
0 95.09 22.15 2.5
0 95.24 24.4 2.73
0.33 95.24 22.45 2
1.89 94.89 21.24 2.55
10.42 95.08 17.44 3.92
0.94 95.68 21.35 3.41
0.13 96.12 21.89 2.15
5.6 96.08 19.39 1.93
80.97 95.53 15.57 2.47
54.81 95.11 16.53 2.16
67.29 95.55 15.13 1.82
12.53 96.14 16.58 1.39
2.47 96.07 18.34 1.59
0.59 96.19 19.24 1.61
0 96.24 20.96 1.72
0.01 96.04 21.83 2.11
0 95.73 23.04 2.22
0 95.73 23.23 2.47
0 95.83 24.26 3.09
0 95.95 24.6 2.98
0 96.02 24.93 2.1
1.82 95.91 21.99 2.12
0.06 95.67 21.34 2.9
0.48 95.32 22.66 2.02
16.89 95.08 22.95 2.96
53.14 94.94 22.25 2.74
0.98 94.82 23.63 2.4
11.98 94.92 24 1.71
91.29 95.01 21.26 1.95
16 95.09 20.73 1.83
1.65 95.17 22.96 1.41
0.14 95.53 23.17 2.75
0.02 95.15 23.35 2
12.3 95.47 20.6 2.21
0 95.57 23.24 1.54
0 95.45 25.2 1.88
0 95.44 26.13 2.29
0 95.37 25.64 1.82
29.05 95.18 22.21 1.69
77.65 95.1 22.29 1.4
0.31 95.15 24 1.4
0.08 94.95 24.9 1.49
113.56 94.85 22.08 2.09
3.5 94.84 25.15 1.55
0.04 94.87 27.68 1.51
9.44 94.84 26.9 2.17
0 94.82 26.71 2.85
0.03 94.98 25.15 2.49
17.02 95.29 21.51 1.94
4.76 95.46 22.65 1.93
1.17 95.44 22.48 2.08
69.34 95.26 21.1 1.79
80.43 95.23 21.08 1.42
223.54 95.48 20.42 1.27
6 95.73 22.65 1.16
0 95.68 24.27 1.93
75.12 95.26 22.84 2.36
6.7 95.04 24.78 3.01
1.39 95.26 25.91 2.32
2.94 95.22 27.03 2.28
14.57 95.31 25.67 2.44
273 95.21 23.28 1.79
1.77 95.45 24.51 1.52
2.82 95.56 25.92 1.57
5.04 95.6 26.68 1.55
3.32 95.72 27.46 1.61
0.7 95.58 27.73 2.22
12.13 95.48 27.24 2.14
17.29 95.13 26.87 2.32
152.23 94.73 26.28 2.6
8.21 94.72 23 1.43
30.96 94.7 25.7 1.34
163.24 95.01 22.4 1.71
0 95.63 21.76 2.05
0.02 95.54 22.98 1.55
9.84 94.83 24.5 2.6
62.63 95.02 23.45 1.76
152.22 95.41 22.21 2.75
0 96.18 20.95 1.64
18.84 95.82 20.94 1.54
125.96 95.1 22.39 2.21
22.22 95.16 22.75 2.19
0 95.39 22.15 1.9
0 95.11 24.85 2.25
23.72 94.84 24.69 1.77
2.32 94.73 25.94 2.08
29.9 94.62 24.33 2.79
0 95.12 22.47 2.7
0 95.49 22.93 1.64
16.16 95.51 23.35 2.31
8.16 95.7 23.5 2.45
135.27 95.84 22.45 1.95
1.73 96.12 23.22 1.72
190.69 96.02 18.99 1.52
78.92 95.98 18.94 1.37
0.92 95.99 20.18 1.37
0 95.92 22.47 1.67
0.09 96.13 21.89 1.5
1.4 96.31 21.97 1.7
0 96.02 21.23 1.66
2.18 95.83 20.57 1.35
26.25 95.44 21.14 1.56
10.93 95.57 21.09 1.53
0.95 95.63 21.98 1.76
28.23 96.12 20.57 1.51
4.13 96.25 21.24 1.39
0.03 96.14 20.08 1.15
0 95.87 19.97 1.6
0 95.65 22.35 1.6
2.85 95.83 23.37 1.58
0 96.37 18.58 1.82
0 96.22 17.44 1.36
1.71 95.79 17.97 1.3
12.3 95.43 19.2 1.55
0.34 95.66 19.73 1.36
0 95.8 20.95 1.11
2.13 95.86 22.42 1.37
0 95.97 22.53 1.51
3.98 95.78 21.71 2.27
125.44 96.13 15.42 2.21
265.64 96.25 9.67 2.04
181.8 96.11 12.39 1.32
0 95.85 16.09 1.45
42.77 96.06 14.82 2.01
204.04 96.7 9.96 2.63
0 96.61 10.19 1.99
0 96.41 12.81 1.44
0.7 96.14 14.82 1.49
9.34 95.9 15.67 2.62
0.34 96.08 13.52 2.24
0 96.01 11.38 4.24
0 96.86 9.33 2.73
0 96.46 10.24 1.43
0.03 96.16 14.98 1.78
1.01 96.47 13.29 1.42
353.59 96.18 8.46 2.35
82.06 96.12 7.57 3.05
0 96.26 9.7 1.92
0 95.9 13.17 1.35
0 95.78 16.72 2.15
0 95.94 17.83 2.65
0 95.88 17.28 2.45
0 95.42 16.86 2.78
24.07 95.99 11.57 2.17
131.9 96.42 5.84 2.31
0 96.55 8.28 1.5
0 96.09 10.13 1.55
0 96.27 9.07 2.78
0 95.83 8.06 2.82
0 96.61 3.43 2.76
0 97.22 1.26 1.21
19.23 97.17 0.22 1.28
52.84 97.17 1.52 1.23
0 97.05 2.55 1.26
0 96.53 4.25 1.37
0 96.22 8.98 1.67
6.36 96.38 9.6 2.36
4.04 96.9 3.92 3.44
0 97.28 0.49 3.67
0 97.96 -1.03 2.61
0 97.15 0.81 1.68
0 97 4.72 1.97
0 96.99 6.04 1.52
0 97.04 6.15 1.54
0 96.85 6.34 1.94
0 97.37 2.77 3.44
0 96.96 1.86 1.89
0 96.5 5.69 1.86
0 96.59 4.96 1.29
0 96.28 7.06 1.76
0 95.98 7.61 1.6
6.88 96.11 4.14 2.62
0.31 96.65 0.57 3.33
0 96.35 -0.92 1.37
0 95.94 0.36 1.4
47.08 95.33 1.07 3.6
1.78 95.84 -0.33 2.07
1.51 96.81 -0.64 3.45
0 97.8 -4.25 2.45
0.04 97.16 -2.93 2.27
0 96.48 0.44 1.56
0 96.42 1.38 1.96
0 96.09 5.23 3.18
0 95.61 3.9 2.22
0 95.38 5.87 1.86
0.25 95.51 2.53 4.21
0 96.3 -2.45 2.04
0 96.18 -1.72 1.97
0.01 96.37 -1.38 3.84
0 96.67 -6.06 2.25
0.4 95.87 -5.82 2.04
0 96.17 -6.28 5.83
0.33 96.37 -7.45 1.67
0.26 96.27 -6.83 1.31
0 95.89 -2.81 1.97
0.05 95.46 -2.52 1.93
0.06 96.02 -7.02 3.35
0 96.18 -5.88 2.2
0 95.13 2.15 2.29
0 96.47 -2.53 3.26
0 97.05 -5.54 3.09
0 95.78 -4.99 2.18
0 95.74 -6.44 1.66
0 95.29 -5.19 1.88
1.57 95.07 -7.65 3.97
0 96.15 -11.71 1.92
1.49 96.49 -13.4 2.38
0.13 97.23 -14.95 2.85
0 97.12 -15.7 3.47
0 96.82 -14.79 3.37
0 95.53 -9.06 2.94
0 95.37 -6.26 1.61
0 95.4 -3.92 1.8
0 95.66 -3.26 2.29
0 95.91 -1.18 1.82
0 95.65 -6.64 1.43
0.25 96.22 -9.95 2.8
0 97.5 -16.04 3.41
0 97.48 -15.66 3.28
0 96.57 -14.69 3.07
0 95.47 -11.8 2.86
0 95.13 -9.07 2.09
0 95.77 -11.33 3.28
2.11 96.04 -12.11 1.95
0.03 96.18 -12.15 4.68
0.32 96.68 -10.93 5.21
0 97.2 -10.89 3.14
0 97.37 -11.9 2.62
0 96.98 -12.49 1.11
0.01 96.58 -12.44 1.62
0.02 96.71 -11.25 4.29
0 97.33 -10.02 3.54
0.01 96.68 -8.03 1.89
0.2 96.52 -8.96 3.31
0 97.11 -12.79 3.47
0 96.37 -10.91 2.39
0 95.9 -11.52 3.57
0 96.09 -12.88 1.81
0.01 96.06 -11.01 2.47
0.03 97.07 -14.42 2.74
0 97.51 -17.06 3.47
0 97.31 -15.15 2.2
0 97.13 -14.05 2.46
0 96.85 -14.23 2.61
0 96.82 -14.15 2.99
0 96.73 -12.6 2.02
0 96.54 -12.56 1.58
0 96.54 -12.91 2.82
0.04 96.81 -14.03 3.39
0.01 96.99 -14.01 1.95
0.11 97.15 -14.46 2.22
0 97.58 -14.89 1.62
0 97.87 -13.9 2.37
0.02 97.4 -13.87 2.73
0 97.1 -14.01 3.45
0 96.88 -10.97 2.93
0 96.46 -3.86 2.63
0 96.15 -4.48 1.59
0 96.1 -7.38 1.35
0 95.96 -5.92 2.03
0 96.22 -5.58 2.13
0.03 95.43 -3.61 4.12
0.05 95.95 -2.6 2.59
0 95.69 -6.15 1.94
0.99 95.78 -6.71 2.98
0.15 96.62 -9.81 1.9
1.08 96.63 -9.55 1.29
1.29 96.86 -12.64 3.6
0 97.01 -11.94 2.16
0.16 96.91 -11.15 1.99
0.11 96.88 -11.53 1.58
0 96.16 -4.5 2.67
0.96 96.11 -5.06 1.59
2.51 96.53 -4.35 2.46
0 96.52 -4.23 1.82
0 96.37 -0.28 1.99
0 96.7 -0.72 1.63
0 96.31 1.13 1.93
0 95.83 2.26 3.43
3.25 95.62 1.53 2.25
0.38 96.34 -3.24 2.67
0 97.02 -4.66 1.7
6.99 96.43 -1.95 3.8
0.61 97.15 -8.29 3.69
0.07 96.68 -7.35 3.33
0 96.37 -6 2.85
0 96.38 -6.14 2.21
0 96.49 -4.09 2.67
0 96.15 -1.03 1.82
0.14 95.63 1.88 2.47
0 96.42 -0.98 3.6
0 96.15 -0.74 4.01
0 96.21 -2.81 4.39
0 96.57 -1.29 3.52
0 96.29 0.45 3.16
0 95.71 2.52 2.91
0 94.97 7.22 2.11
0.02 95.66 2.9 4.17
0 96.85 -1.51 3.9
0 96.55 -4.04 4.46
0 96.32 -2.83 3.01
0 95.73 3.36 3.08
0 95.34 5.49 4.49
0 95.79 2.48 3.26
0 95.95 0.65 2.31
1.37 96.55 -2.44 3.71
0 96.67 -2.03 2.96
0 96.39 -1.45 2.34
0 96.52 -1.5 4.19
0 101.74 0.14 2.51
0 101.7 1.51 2.65
0 101.52 3.51 2.8
0 101.81 3.24 1.9
0 101.45 7.55 2.96
0 101.16 8.42 1.95
0 100.72 10.56 3.63
0 102 3.27 4.19
0 101.95 3.03 2.47
0 101.5 6.16 2.33
0 101.42 8 1.48
0 96.2 10.24 2.84
0.09 95.49 10.88 4.83
1.42 95.8 8.49 4
0 95.82 8.62 3.73
0 95.62 9.81 3.8
2.28 96.31 6.21 3.11
0 96 9.51 3.03
0 95.37 15.13 3.33
0 95.47 14.29 1.77
0.07 94.73 16.2 2.89
0 95.55 11.28 4.71
0 95.35 12.38 3.93
3.34 95.28 9.04 6.24
0.95 95.94 7.43 4.96
0 95.83 10.14 2.29
0 95.23 14.12 3.79
50.78 95.97 8.19 2.37
3.62 95.85 7.2 2.02
11.52 95.58 6.08 2.72
3.32 95.16 7.18 3.73
0.17 94.75 9.19 1.94
8.73 94.76 9.55 2.61
2.51 95.43 8.2 2.88
0 94.97 10.07 1.76
45.18 94.37 8.77 1.58
9.14 94.29 9.91 2.36
1.48 95.17 13.94 3.62
0.31 95.43 12.29 3.72
0 95.76 13.27 2.78
1.84 95.36 13.23 2.92
135.69 94.6 9.87 2.99
0.12 94.58 11.38 3.15
0.02 95.1 13.82 2.74
1.74 95.15 15.15 3.64
23.07 94.88 16.77 2.72
0 95.14 18.52 2.01
0.19 94.81 17.28 4.32
0.56 94.74 13.88 5.73
0 94.92 16.12 6.03
0 95.06 16.88 3.97
0 95.6 14.15 3.47
0 95.59 14.91 2.07
0.01 94.53 17.62 2.64
22.73 94.28 18.43 3.68
13.17 95.42 14.46 2.96
1.42 95.53 12.8 3.26
0.46 95.43 13.4 3.86
0 95.27 18.27 2.93
0 95.4 19.24 2.73
0 95.53 21.38 3
4.14 95.47 20.99 4.09
9.69 95.41 19.24 4.56
0.03 95.21 20.69 3.08
0.69 95.05 24.03 5.18
9.1 95.12 22.77 2.58
45.4 94.7 19.37 2.93
10.81 94.61 17.65 2.75
0.04 95.07 19.92 2.54
5.28 94.8 20.88 4.59
6.51 94.88 19.57 3.52
0.56 95.15 20.2 1.94
0.99 95.02 23.4 2.04
29.02 94.4 24.64 3.05
15.61 94.13 22.06 2.54
26.58 94.37 21.61 2.07
0 94.77 23.04 2.62
43.71 94.74 20.94 2
220.62 94.9 16.59 2.18
10.17 95.07 19.75 2.06
15.38 95.12 21.53 1.54
59.31 94.94 20.31 1.97
70.45 94.91 18.59 2.03
106.55 95.12 17.42 1.66
0.84 95.25 20.41 1.49
0 95.18 23.15 1.36
0 95.03 25.36 2.14
0.06 94.74 26.81 2.77
0 94.67 27.1 2.68
9.26 94.45 22.59 2.36
80.15 94.68 17.09 2.51
1.17 95.36 20.07 2.39
0 95.73 21.19 1.64
8.79 95.12 21.94 2.85
16.33 94.44 22.49 2.28
7.23 94.64 24.63 2.54
0.04 94.8 24.6 3.14
25.62 94.72 23.36 2.6
53.92 94.78 22.31 1.65
0.3 94.66 23.8 2.24
0 94.76 24.38 2.34
0 94.9 25.58 2.16
33.99 94.44 22.8 2.28
0.98 94.12 25.31 3.04
103.01 94.22 18.81 1.62
27.81 94.3 19.24 2.49
5.75 94.95 21.77 1.78
14.33 95.13 23.5 2.21
11.43 95.2 24.17 2.18
9.45 95.21 23.82 2.3
1.42 95.02 24.15 1.53
65.91 95.12 22.39 1.84
13.33 95.1 23.02 1.49
37.77 94.97 22.49 1.68
25.69 95.03 21.72 1.48
40.81 95.07 22.51 1.23
242.18 94.92 21.14 1.52
84.65 94.86 21.45 1.52
91.42 94.8 22.21 1.93
31.05 94.75 23.48 1.91
0.37 94.82 25.2 1.52
29.82 94.82 25.55 2.19
420.32 94.63 22.6 2.35
109.82 94.55 22.97 2.19
10.95 94.77 23.23 2.08
1.29 94.96 24.93 1.62
50.79 95.15 22.66 1.47
129.48 94.8 21.32 1.6
0.03 94.86 23.63 1.61
0.47 94.99 24.69 2.01
0.85 95.36 23.5 1.78
0.08 94.98 23.82 2.09
0 94.93 24.02 1.92
0.03 95.14 24.36 1.67
7.15 95.13 23.47 1.39
11.82 95.15 23.93 1.56
19.8 94.75 23.94 1.54
12.6 94.87 25.52 1.86
0 95.28 25.01 1.31
0 95.13 25.67 1.35
0 94.85 25.89 1.77
24.29 94.61 25.47 1.82
66.25 94.96 21.84 1.81
269.64 95.02 19.03 1.58
24.19 95.02 21.78 1.48
21.97 95.2 21.27 1.23
0.17 95.46 21.85 1.44
0.23 95.61 22.29 1.29
0 95.6 23.54 1.37
0.93 95.48 23.63 1.67
32.74 95.7 21.47 1.67
0 95.71 20.85 1.27
22.12 95.68 20.54 1.45
4.27 95.9 20.64 1.45
0.47 95.99 21.58 1.47
20.36 95.79 19.87 1.69
12.84 95.45 21.11 1.29
1.34 95.35 22.53 1.41
0 95.28 23.52 1.43
30.51 95.03 22.85 2.69
1.27 95.56 19.5 1.63
0 95.37 20.14 1.5
3.23 95.88 18.58 1.84
0.28 95.82 19.03 1.31
0 95.87 18.37 1.21
0 95.42 19.5 1.28
19.83 95.05 18.93 2.75
3.33 95.7 14.18 1.91
0.14 96.26 13.85 1.86
3.56 96.53 14.04 1.85
13.51 96 16.99 1.91
0.26 95.72 17.75 2.18
0.06 95.31 20.19 2.91
19.17 95.38 17.71 1.94
9.44 95.6 15.09 1.6
41.69 95.94 13.24 2.34
0 96.34 10.25 2.37
0 96.78 10.21 2.07
0 96.6 10.82 1.37
0 96.25 12.1 1.55
0 95.84 13.44 1.5
0 95.93 14.49 1.99
0 95.85 14.95 1.74
0 95.57 17.49 2.54
0.11 95.86 18.09 1.75
0.12 96.02 18.74 2.62
0.03 95.86 18.32 2.29
5.25 95.68 15.77 2.11
0.24 96.13 9.83 2.88
0 96.65 7.3 2.46
0 96.69 7.93 2.76
0 97.15 8.48 2.84
0 96.81 9.66 1.43
0 96.12 11.52 2.09
0 95.53 13.13 3.2
0 96.13 10.52 2.2
0 96.13 10.7 1.37
0 95.89 14.19 2.26
0.09 96.28 14.13 2.64
0 96.82 9.78 1.3
0 96.53 12.13 1.63
0 95.94 14.38 1.33
63.87 95.4 11.13 1.6
6.27 95.31 9.86 1.83
1.44 94.92 9.43 2.42
1.14 95.43 9.55 3.95
0 96.46 5.55 2.16
0 96.52 8.69 1.49
0 96.31 11.12 2.18
0.01 96.14 14.52 3.09
0 96.08 13.81 1.94
0.3 95.97 11.51 1.34
29.75 96.51 5.48 3.59
0.01 96.86 3.15 3.22
0 96.89 4.56 1.78
0 96.45 6.21 1.51
0.84 96.3 7.79 2.27
0 96.58 6.78 1.48
0 96.24 7.15 1.46
0 96.04 9.49 2.93
0 96.24 10.79 3.62
2.82 96.43 11.99 2.57
0.19 97.03 5.94 1.56
0.86 96.73 7.78 1.53
2.93 96.46 10.32 2.73
0.31 97.16 3.8 2.91
0.04 97.02 2.33 1.4
0 96.95 3.58 1.67
0 96.91 3.46 1.51
0 96.71 2.31 1.22
0 96.08 2.62 1.25
0 95.49 4.47 1.99
0 95.75 6.08 3.03
0.05 96.56 -0.88 2.63
0 96.69 -3.87 1.55
0 96.74 -3.13 1.42
0 96.93 -0.23 1.79
50.54 96.31 0.72 0.99
7.81 96.07 -0.36 2.82
1.1 96.29 -4.53 3.23
0 96.79 -5.91 2.2
0 96.79 -4.02 1.7
16.01 96.38 -5.08 2.33
0.38 97 -7.37 2.98
0 96.73 -8.27 0.98
0.07 96.72 -6.48 1.42
0.62 96.02 0.15 1.69
0 96.12 -1.24 1.2
0 96.94 -3.04 2.41
0 97.51 -7.65 1.65
0 97.78 -7.64 2.06
0.09 97.05 -7.59 0.97
0.03 96.33 -5.44 1.03
0 96.53 -6.14 1.42
0 96.88 -7.8 1.09
1.05 97.12 -8.36 0.82
1.14 97.06 -5.45 0.9
0.84 97.33 -6.92 2.67
0.02 97.65 -11.22 3.75
0 97.27 -10.81 2.92
0.01 96.42 -6.59 3.86
0 96.45 -3.35 2.4
0 96.94 -6.55 1.49
0.01 96.24 -3.48 2.81
0 96.94 -8.42 4.22
0 97.17 -12.18 3.32
0 97.29 -11.79 3.37
0 97.03 -10.22 2.14
0 97.09 -10.12 1.98
0 97 -10.92 1.01
0 96.65 -10.03 1.87
0 96.59 -9.23 3.49
0 96.87 -11.15 2.23
0 96.37 -9.26 2.63
0 96.57 -12.48 1.57
0 97.07 -12.41 1.43
0 97.33 -11.36 1.5
0 96.83 -7.87 1.62
0 97.22 -10.43 1.75
0 97.57 -14.42 1.18
0.11 97.02 -12.65 1.03
0.01 96.78 -9.88 1.8
0.3 97.19 -11.06 1.89
0.64 96.62 -11.54 2.23
0.2 96.76 -12.09 3.71
0 96.99 -11.64 2.32
0 96.78 -11.32 1.73
0 97.61 -13.91 1.36
0.14 97.51 -14.69 1.01
0 97.07 -12.09 1.25
0 97.05 -13.23 1.04
0.11 97.08 -12.53 2.8
0 97.2 -12.3 2.63
0 96.29 -7.12 2.63
0 96.54 -8.93 1.93
0 96.47 -8.98 1.89
0 96.22 -10.22 1.03
0.05 96.03 -8.76 1.16
0.09 96.25 -11.13 1
0 96.41 -10.68 1.17
0 96.85 -11.17 1.11
0.01 97.52 -13.26 3.34
0 97.4 -17.13 2.91
0 97.06 -17.24 2.49
0 96.55 -16.75 2.06
0 96.38 -15.87 2.44
0 95.99 -13.87 2.52
0 96.09 -13.08 1.71
0 96.63 -14.18 1.54
0 96.86 -14.45 1.54
0 97.25 -15.11 1.64
0.06 96.89 -16.84 1.29
0.34 96.37 -15.59 3.41
0 97.18 -16.83 3.97
0 97.18 -15.23 2.79
0 96.18 -12.67 2.62
0 96.27 -9.81 2.25
0.17 95.71 -6.2 2.15
0.03 96.3 -11.82 4.76
0 96.55 -15.07 4.34
0 96.13 -12.1 4.22
0 96.3 -9.96 2.82
0 96.66 -10.66 2.52
0 96.68 -10.59 1.73
0 96.41 -8.43 2.37
0.03 96.1 -3.97 2
0.18 96.65 -8.02 2.94
0 96.62 -10.05 2.61
0.04 96.69 -10.83 3.14
0 96.82 -12.17 4.35
0 96.73 -9.65 3.04
0 96.12 -5.85 2.56
0 96.24 -7.59 1.96
0 96.03 -8.99 1.23
16.2 95.6 -7.11 2.37
0 96.56 -6.99 2.34
4.62 96.4 -6.24 2.07
0.05 96.88 -8.01 3.17
0 96.82 -8.02 2.12
0 96.3 -5.84 1.75
0 95.91 -1.41 2.59
0 96.05 0.11 2.03
7.34 96.61 -3.39 1.61
0.45 96.82 -6.69 1.95
0.29 96.79 -5.77 1.54
0.07 96.16 -1.61 1.76
34.27 95.42 -2.78 1.36
31.89 95.46 -3.65 2.39
0.04 96.11 -4.24 3.09
0 96.86 -7.45 3.24
0 96.59 -8.07 1.8
0.22 96.43 -7.3 4.26
0 96.92 -7.12 3.55
0 96.6 -5.45 1.85
0 95.92 -1.25 2.78
0 96.49 -0.5 1.96
0 96.12 2.74 3.12
4.95 95.18 5.61 3.91
7.24 95.85 -2.33 3.51
10.4 96.71 -7.23 2.51
0 96.45 -1.98 2.19
0 96.39 0.07 1.87
0 95.76 4.78 3.48
0 96.33 2.81 1.68
6.82 95.43 1.59 3.91
0 95.84 0.46 5.39
0 96.32 0.84 3.32
0 95.99 5 2.29
0 96.18 8.74 3.03
0 96.39 9.46 3.14
0.29 95.35 10.66 6.89
0.56 96.01 2.15 4.49
0.32 96.01 0.16 4.38
0 96.04 0.16 1.91
4.69 95.89 1.9 2.55
0 95.52 4.59 3.84
0 95.31 5.08 4.6
0 95.6 4.34 4.37
0.1 95.99 3.86 2.51
0 95.51 9.66 3.55
0 95.58 11.17 4.29
0 95.51 13.12 3.36
9.18 95.22 14.09 5.14
5.52 95.59 8.38 4.25
0 95.02 12.46 3.08
0 94.89 14.31 3.18
0 94.88 15.52 3.16
1.6 95.48 10.17 3.52
0 95.83 9.4 2.51
0 94.9 16.09 3.8
0 94.95 18.3 3.92
1.69 95.38 14.5 4.21
48.69 95.88 13.11 3.05
2.27 95.3 12.46 2.23
0.37 94.63 14.17 1.84
0.45 94.61 17.52 3.61
164.17 95.06 12.81 2.47
91.6 95 9.83 4.24
0 94.45 11.4 3.34
0.11 94.12 12.33 6.58
0 95.39 10.23 3.15
0 95.39 12.86 2.49
0.5 95.07 17.89 3.56
0.44 95.65 17 2.36
13.61 95.15 17.69 2.12
0 95.2 20.95 2.08
0.99 95.34 20.43 2.33
0 95.41 18.34 3.41
0 95.04 17.79 2.25
1.31 95.05 16.87 1.76
0 95.26 18.32 1.99
0.05 95.53 20.18 2.36
5.49 95.71 20.41 2.47
62.34 95.76 15.45 1.67
26.21 95.3 13.64 2.43
18.25 95.06 12 2.81
5.41 95 12.97 3.81
0.01 94.73 12.96 2.87
9.21 94.48 12.88 4.52
0.07 94.95 16.16 1.71
0 94.86 22.12 3.63
20.44 95.41 20.24 2.96
6.07 95.77 18.95 1.96
0.12 95.63 20.65 3.53
2.7 95.34 19.93 3.68
6.77 95.45 17.76 2.91
0 95.44 17.48 2.82
0 95.24 18.49 2.48
0 94.88 20.53 2.4
0 95.35 20.8 2.23
0 95.48 23.06 2.23
9.97 95.48 21 2.63
61.89 95.89 15.38 2.71
0.2 95.99 17.38 1.68
11.91 95.59 17.14 2.97
18.69 95.31 17.28 2.73
118.36 95.1 15.76 2.08
14.4 94.77 18.98 3.11
1.84 94.95 20.9 2.03
6.9 94.55 20.4 2.31
15.22 94.4 22.26 2.23
33.06 94.4 22.32 2.39
86.92 94.26 21.42 3.1
15.86 94.4 17.72 2.6
2.03 94.11 17.39 3.09
12.17 94.2 17.26 2.14
126.13 94.82 14.75 1.85
333.13 95.04 14.95 2.04
159.82 95.04 15.97 2.55
4.95 94.92 19.58 1.54
6.93 94.8 22.53 1.59
11.05 94.99 21.66 1.78
66.17 94.74 21.7 1.42
13.29 94.78 22.3 1.66
3.18 94.94 22.19 1.4
47.92 94.92 21.05 1.59
1.02 94.69 22.35 2.17
42.81 94.7 22.47 2.61
30.05 95.07 21.29 2.14
11.67 95.44 22.86 2.2
1.5 95.6 23.12 1.7
2.97 95.34 21.03 2.22
77.95 94.91 20.98 2.04
0 94.73 23.89 1.96
3.64 94.36 24.76 3.51
5.21 94.36 23.13 3.12
0.78 94.33 23.1 2.7
0.08 94.71 23.69 1.64
1.35 94.86 23.4 1.64
0.77 94.74 24.12 1.51
19.44 94.72 24.64 1.95
46.28 94.73 25.4 2.17
34.84 94.78 24.6 2.01
191.62 94.37 21.1 1.75
42.69 94.11 19.97 2.48
73.61 94.51 19.79 2.8
11.64 95.01 21.65 2.68
0 95.04 21.71 1.58
0 95.07 23 1.56
0 95.32 24.74 1.39
0 95.43 24.81 2.01
0.18 95.26 24.72 2.17
2.32 95.09 25.12 1.46
6.64 95.02 25.5 1.68
51.41 94.97 24.16 1.64
511.57 94.54 22.4 3.39
0 95.05 23.79 1.4
0 95.26 24.2 1.72
7.82 95.19 24.52 2.17
91.97 94.8 25.35 3.13
2.48 95.17 24.4 1.56
138.33 94.74 23.23 2.25
27.52 94.39 24.23 3.33
0.36 95.04 22.52 1.57
90.61 95.35 20.1 1.41
168.08 95.49 19.18 1.61
208.61 95.42 20.22 1.36
25.75 95.48 21.92 1.58
180.86 95.49 21.9 1.65
0 95.68 23.43 1.15
0 95.5 24.36 1.18
0 95.14 25.68 1.87
13.05 95.03 25.11 1.83
14.28 95.3 23.86 1.26
0 95.18 24.37 1.54
16.14 95.26 20.94 2.1
27.62 95.27 18.66 2.04
1.16 95.4 20.37 1.58
3.17 95.1 19.31 1.8
4.08 95.15 21.37 1.57
0 95.51 22.4 1.78
0.06 95.1 23.35 2.88
111.87 95.09 23.32 2.14
3.99 95.19 21.76 1.43
20.76 95.16 20.81 2.21
8.23 95.79 17.08 1.77
0.04 95.93 16.96 1.8
0 95.7 20.33 2.35
0 95.64 21.99 2.09
0.23 95.48 22.29 2.33
1.92 95.52 21.68 1.39
17.1 95.42 21.48 1.5
0.76 94.93 22.77 1.87
1.42 95.07 24.01 2.36
0 95.33 24.71 1.86
0 95.46 25.4 2.12
0.75 95.49 24.98 1.97
212.62 95.42 17.88 2.87
46.42 95.8 13.93 2.59
0.44 95.84 13.72 1.73
1.28 95.97 16.35 1.78
0 95.89 19.65 2.03
33.49 96.01 18.04 1.49
1.92 95.91 17.39 1.08
0 95.83 18.83 1.15
0 95.77 20.82 1.51
41.05 95.45 19.59 2.05
88.52 95.43 14.06 3.21
0.43 95.58 12.55 2.35
0 95.97 14.22 1.46
0.13 96.43 14.51 1.08
0 96.53 14.28 1.26
0 95.86 15.15 2.13
0 95.38 16.13 2.31
0.26 95.38 16.24 1.45
0 95.61 17.85 1.59
2.49 95.53 18.59 2.07
0.93 95.54 17.72 1.42
4.92 95.86 16.34 1.33
0.4 96.19 16.18 1.4
19.64 96.06 15.47 1.79
3.34 96.29 15.48 1.26
65.07 95.93 11.58 1.57
62.51 95.86 10.12 5.89
1.26 96.06 11.93 3.34
0 96.09 11.51 1.52
0 95.95 12.88 1.39
0.44 95.75 14.43 1.96
1.24 95.56 13.83 2.57
0 95.7 13.39 1.94
0 96.24 11.59 1.58
0 96.67 12.27 1.13
0 96.53 13.75 1.34
0 96.03 15.72 2.18
36.5 95.59 13.38 2.85
0 96.12 9 2.02
0.03 95.75 10.7 2.22
0 95.55 13.09 1.89
0.09 95.92 9.56 3.35
0 96.36 7.34 2.02
0.01 96.49 7.81 1.88
52.03 95.83 9.41 3.17
0 95.89 4.9 3.25
0 95.97 5.92 2.21
0 95.82 8.11 2
0 96.2 7.01 1.53
68 96.5 2.69 1.1
77.48 95.92 2.68 1.82
0 95.62 6.39 1.71
0 95.34 9.47 2.69
0 95.99 8.99 1.71
0 96.03 11.05 2.13
7.89 95.87 11.13 2.74
0 96.83 4.09 1.63
1.66 96.72 0.84 2.02
0.07 96.33 0.63 2.71
0.04 96.15 0.33 2.08
0 96.14 2.31 1.48
0 96.36 1.34 1.84
16.53 96.34 2.08 1.45
182.76 95.91 1.24 100.21
61.39 96.18 -0.22 2.97
0 96.26 -2.3 1.17
0 95.93 -0.32 1.57
0 96.16 0.3 1.33
0 96.62 -1.4 1.13
47.9 96.31 -1.31 0.87
147.69 94.93 -1.86 4.71
0.42 95.47 -3.54 3.14
0 95.53 -5.29 4.03
0 96.35 -4.33 2.65
0 96.66 -5.71 1.22
20.56 96.1 -2.38 1.44
0 96.02 -4.87 98.01
0.02 95.74 -4.38 2.62
0.01 96.29 -2.71 2.71
0 96.35 -4.57 1.34
0 95.99 -1.86 2
5.42 96.48 -4.86 2.16
0 96.43 -6.21 2.15
0 95.9 -4.81 2.06
0 95.81 -2.54 3.13
0 95.91 -6.88 2.52
0 95.01 -3.36 3.41
0.02 95.72 -5.56 3.8
0.02 96.3 -8.56 1.97
0 97.01 -12.09 2.26
0.13 96.7 -13.07 1.75
0.43 95.58 -4.57 2.77
2.53 95.73 -7.08 3.75
0 96.03 -10.15 1.74
0 96.05 -12.23 2.91
0 96.02 -14.01 2.42
0 96.18 -15.34 2.23
0.01 96.18 -16.18 3.87
0 96.29 -11.15 3.66
0.05 96.92 -12.59 1.38
0.03 97.08 -12.78 1.04
0.09 96.55 -11.15 1.57
0.02 96.53 -8.39 1.23
15.89 96.59 -9.46 1.33
0.81 96.39 -8.24 1.36
0.49 96.77 -11.23 1.19
0 97.1 -12 3.51
0 97.22 -14.22 2.24
0.01 96.68 -14.49 0.97
0.18 96.8 -11.77 177.66
5.02 96.75 -9.58 3.13
0.01 97.24 -15.16 2.85
0 97.07 -18.99 2.34
0 96.23 -17.87 3.86
0 97.37 -18.08 2.34
0 97.12 -18.05 1.23
0 96.5 -13.4 1.21
4.67 96.48 -13.75 1
18.1 96.51 -12.13 3.56
0 96.15 -14.99 3.11
0.03 95.62 -15.1 1.74
0 96.04 -16.95 3.56
0 97.17 -17.97 3.96
0 97.75 -15.76 2.16
0 96.8 -16.13 1.45
0 96.62 -14.29 1.55
0 96.53 -15.19 1.29
0 96.42 -14.75 1.54
0.03 96.85 -16.41 1.79
0 96.66 -15.32 1.78
0 96.53 -14.91 1.26
0.67 96.16 -12.9 0.91
0 96.24 -11.96 1.59
0 96.26 -13.08 0.96
0 96.69 -10.48 1.92
2.07 96.44 -12.9 1.69
0 97.13 -13.97 2.48
0 97.39 -11.88 1.7
0 96.4 -7.96 2.08
0 96.91 -9.54 1.29
10.07 96.94 -9.29 0.99
0.52 96.95 -8.87 1.77
0 96.74 -12.63 1.19
0.02 95.59 -7.99 2.41
0.04 96.18 -13.16 3.94
0 96.26 -14.79 1.54
0.21 96.59 -14.31 1.19
0.05 96.51 -11.6 1.75
0 96.05 -6.67 1.24
0 96.33 -7.23 1.21
0.05 96.27 -5.66 1.48
1.69 96.19 -5.54 1.55
1.2 96.73 -7.4 3.91
0 96.9 -10.24 2.21
2.16 95.91 -8.59 2.45
0 96.63 -9.11 2.8
0.02 96.19 -7.91 1.78
1.53 96.48 -14.45 3.85
0 97.33 -17.38 4.61
0 97.23 -15.93 1.48
0.44 96.33 -11.6 2.06
0 96.94 -12.61 2.19
0.09 96.99 -12.03 1.75
0 96.26 -7 87.28
0 96.02 -4.61 2.7
0 96.67 -8.68 2.26
0 96.63 -9.98 1.51
0 95.94 -6.54 2.24
0.03 95.87 -4.68 3.9
0 96.6 -10.33 3.27
0 96.77 -12.03 2.16
0.02 96.7 -11.4 1.76
0 96.57 -8.02 2.87
0 96.77 -6.84 2.59
0 96.71 -4.59 1.64
0 96.85 -6.2 1.65
6.17 96.7 -6.77 1.8
0.41 95.8 -0.52 2.58
0 95.72 0.76 2.49
0.24 95.19 -1.94 5.44
0 96.96 -7.44 5.51
0 97.04 -5.47 1.71
0 95.93 -0.62 2.73
0 96.25 1.7 2.46
0 95.64 5.43 2.96
0 95.57 3.56 1.61
0 95 4.33 2.04
0 94.89 0.68 2.37
0 94.98 -2.18 5.18
0 96.49 -1.46 2.01
0 95.74 4.2 3.55
25.79 95.64 0.37 3.5
0 96.85 -5.55 4.07
0 96.38 0.29 2.96
0 95.88 5.41 2.66
0 96.3 5.34 2.78
0 94.85 7.76 3.32
0.78 94.96 -1.9 3.75
23.08 95.73 -6.46 2.93
0.3 96.17 -6.48 2.76
0 94.91 1.29 5.44
0 95.89 -2.5 2.75
25.9 95.57 -4.66 3.32
0 96.26 -4.57 3.11
0 96.12 -1.61 1.71
0 95.15 4.44 3.92
1.76 95.31 2.12 3.51
0 96.18 -0.48 3.29
0 96.39 -1.37 2.3
0.48 96.29 0.15 1.75
9.17 96 1.63 2.15
105.05 96.09 0.71 2.54
0 95.61 4.33 2.81
0 95.64 6.12 2.76
17.32 95.83 0.45 2.2
55.6 96.07 -0.43 3.11
0 95.85 0.19 2.73
0.3 95.03 1.9 2.63
15.86 95.01 1.22 3.17
4.66 95.93 0.8 3.66
0.73 95.8 1.81 3.37
0 95.84 2.86 3.47
0 95.37 8.08 2.66
0.23 94.87 7.39 4.24
0 95.16 3.44 4.83
0 94.89 5.01 2.3
6.26 95.15 4.54 3.15
46.18 95.5 1.83 719.73
4.69 96.45 1.56 4.59
0 96.48 2.98 2.03
0 96.15 5.69 2.57
0 95.83 8.91 2.08
0.24 95.28 12.51 4.55
71.28 95.31 7.63 2.27
1.06 95.22 8.11 2.88
0.04 95.3 9.24 4.55
0 95.37 10.66 1.75
0 95.35 13.95 2.12
6.18 95.14 12.56 3.62
0.27 95.29 12.4 5.97
0.57 95.77 11.56 5.36
0.81 95.85 12.06 2.07
1.39 95.72 12.48 2.07
4.29 95.92 13.26 1.86
0 95.68 17.34 2.76
0 95.85 20.71 1.74
0 95.76 22.23 2.16
0 95.79 22.06 2.81
0.15 95.55 22.1 4.21
17.54 95.21 14.88 2.2
28.48 94.33 15.22 3.65
0 93.94 18.22 4.26
0 94.51 17.04 2.59
0 94.59 19.01 2.42
0.75 95.16 17.2 4.52
0 96.08 16.89 2.54
0 96 18.08 2.22
0.96 95.37 18.84 2.92
0 94.81 19.48 3.24
18.28 94.17 15.96 4.75
0.01 94.18 18.06 4.03
0 94.5 19.47 2.67
0 95.41 20.24 2.18
8.04 95.2 23.95 3.92
1.7 95.76 18.53 2.2
0 95.39 21.28 2.19
2.2 95.15 21.39 3.69
1.8 94.96 19.65 3.79
1.09 94.7 19.66 2.87
0 94.97 19.91 4.08
0 94.82 24.14 2.98
0.03 94.44 25.72 4.64
0 95.12 20.54 2.46
8.35 94.9 19.04 3.2
0.07 95.07 19.9 3
13.38 95.69 18.26 2.37
38.04 95.56 18.7 2.42
5.38 95.36 19.39 3.07
3.62 95.16 22.17 2.92
0.82 95.01 22.73 3.72
45.7 95.37 17.25 2.49
3.74 95.6 17.76 1.71
16.46 95.33 16.16 1.96
4.77 95.11 17.94 1.88
0.03 95.16 22.66 3.52
0.17 95.15 24.3 3.82
3.21 95.04 24.66 2.75
128.77 95 19.7 2.39
7.61 94.7 21.73 1.63
44.72 94.4 20.99 1.82
0.29 94.74 23.77 1.94
0 95.26 24.15 2.27
0.07 95.42 24.54 1.88
1.46 95.18 23.1 1.51
7.96 94.85 22.59 1.92
44.29 94.73 21.74 2.47
70.59 94.49 21.16 2.42
131.75 94.18 20.61 1.89
58.68 94.32 22.44 2.27
73.49 94.74 21.42 1.89
169.28 94.81 22.29 2.81
29.46 94.76 23.2 3.31
70.97 94.5 23.07 2.28
198.21 94.02 22.79 2.65
0.08 94.01 24.82 3.12
2.57 94.01 24.9 2.46
1.7 94.37 24.98 2.09
1.26 94.6 25.16 2.38
7.75 94.45 25.51 3.62
55.37 94.71 24.24 1.98
90.42 94.92 22.17 1.44
1.76 95.11 22.86 1.31
0.64 95.11 23.09 1.22
16.17 95.08 23.55 1.92
35.29 95.26 23.13 1.97
0.27 95.25 24.46 1.74
207.25 94.56 22.15 2.11
138.14 94.37 23.07 2.88
0 94.97 23.92 2.28
0.23 94.87 22.91 2.42
100.13 94.76 21.73 2.13
3.62 94.98 22.4 1.75
0.29 94.98 24.16 1.58
17.65 94.86 24.05 1.98
14.36 94.42 24.05 1.79
1.25 94.47 24.57 2.92
0.01 94.8 24.79 1.83
0.04 94.83 25.34 1.65
42.16 94.62 23.19 1.56
12.22 94.52 25.58 2.16
0.35 94.48 25.58 1.48
1.57 94.3 26.35 1.8
9.23 94.42 25.93 2.01
17.9 94.7 25.73 2.76
0.36 94.94 25.84 2.51
1.27 94.73 25.96 2.51
16.3 94.36 26.7 2.57
25.73 94.22 25.5 1.8
17.51 94.39 26.23 2.28
18.86 94.63 26.64 2.1
11.59 94.41 26.93 2
18.73 94.61 24.95 1.68
1.65 95.02 26.03 1.45
5.31 95.12 27.09 2.53
43.61 94.84 25.07 2.64
4.74 94.83 25.82 2.69
35.77 94.78 26.7 2.27
4.38 94.82 26.32 1.81
226.32 94.3 24.72 1.55
0.08 104.15 26.06 2.38
0 95.3 22.86 2.51
0 95.56 22.22 1.79
3.12 95.55 21.59 1.1
2.28 95.14 24.14 2.26
0.34 95.27 23.3 1.92
0 95.46 22.98 1.56
0.07 95.46 23.23 1.52
15.02 95.2 22.38 1.78
19.33 95.28 19.9 2.01
9.49 95.24 19.55 1.5
249.14 94.63 18.48 1.32
28.63 94.82 15.9 2.98
0.13 95.52 16.25 2.36
25.69 95.59 17.16 1.96
1.97 95.85 16.21 1.64
8.04 96.01 16.44 1.53
0 96.09 16.49 1.34
7.42 95.97 17.2 1.49
145.11 95.94 14.79 1.42
33.5 96 15.04 1.21
7.8 96.05 16.61 1.28
1.79 96 18.18 1.41
12.96 95.54 18.95 1.95
0.19 95.61 17.57 1.54
0 95.68 17.9 2.41
1.73 95.46 20.46 2.78
36.12 94.8 20.22 3.1
0.27 95.13 20 3.17
0 95.77 14.29 1.74
0.9 95.46 16.57 1.64
7.13 96 16.76 1.36
9.63 96.46 15.93 0.94
6.28 95.52 19.73 2.9
0 95.9 18.49 1.48
0.06 95.93 19.05 1.29
2.84 95.8 18.6 2.52
54.21 96.13 13.49 2.78
0 96.39 9.33 2.24
0 96.22 11.17 2.16
0 95.9 12.36 2.04
0 95.22 17.62 3.22
0 95.3 16.48 2.63
0 96.2 13.42 1.3
0.87 96.13 14.22 1.79
146.22 96.12 11.44 2.08
0.02 96.25 10.9 2.6
0 96.08 9.72 1.7
0 95.39 17.09 3.38
0 96.4 13.99 1.29
0.01 96.4 15.18 2.33
0.03 96.64 12.8 2.34
0.27 96.18 11.42 1.69
0 95.18 15.64 2.64
11.14 95.2 14.14 3.72
0 95.67 11.14 2.94
0 96.17 11.89 1.53
38.84 96.2 10.98 2.41
4.76 97.03 4.8 4.15
0 97.1 3.22 1.29
0 96.67 6.81 1.4
0 96.71 7.32 1.39
0 96.48 11.03 2.62
39.44 96.64 9.62 1.39
2.89 96.67 7.77 1.83
0 96.55 6.54 1.11
30.75 96.43 6.01 2.02
52.15 96.33 2.65 2.01
0.01 96.53 4.47 3.58
0.01 96.79 6.36 2.7
0 96.35 5.25 1.28
0 95.81 7.3 1.82
7.04 96.32 6.21 1.7
1.45 96.89 4.59 2.26
0 96.82 3.97 1.41
0 96.91 4.72 0.9
0 96.69 5.07 1.33
0.36 96.13 8.32 1.92
3.13 96.41 7.91 2.96
0 96.8 6.12 1.69
0.02 96.06 6.6 2.38
0.17 95.62 6.74 3.56
0.01 96.04 3.8 2.68
0 96.13 2.83 2.07
0.15 96.63 3.07 3.4
0 96.63 -0.85 3.7
0 96.71 1.12 2.18
0 96.58 1.78 1.68
0 95.98 2.41 2.44
0 95.72 3.25 2.8
0 95.7 3.31 1.96
0.19 95.83 2.55 3.05
0.01 96.23 -2.26 3.85
0.04 96.41 -2.75 5.62
0 96.34 -3.2 3.47
0 96.4 -2.25 2.37
0 96.59 -2.66 1.23
0 96.33 1.09 1.75
0 96.03 1.3 1.6
0.03 95.69 -0.04 2.14
0 95.55 -3.27 4.09
0 95.69 -6.06 3.38
0 95.95 -9.06 5.8
0 96.14 -5.33 3.49
0 95.73 0.59 2.96
0 96.35 -2.06 2.4
5496.83 96.12 -1.13 2.38
5496.83 95.87 -0.57 1.36
5496.83 96.14 1.87 1.91
5496.83 96.14 1.63 2.31
5496.83 96.38 -0.86 2.65
5496.83 95.97 -1.65 1.14
5496.83 96.07 -4.35 1.3
5496.86 96.03 -3.19 2.05
5496.85 96.23 -4.95 2.94
5497.04 95.72 -6.95 3.05
5497.18 95.75 -7.97 2.02
5496.83 95.87 -10.77 3.77
5496.83 96.2 -11.01 2.89
5496.83 96.56 -8.48 2.66
5496.83 97.16 -8.26 1.4
5496.83 97.11 -9.55 1.31
5497.22 97.38 -11.27 2.38
5497.04 97.02 -12.44 2.83
5497.12 96.88 -11.32 3.12
5496.85 97.28 -10.45 2.47
5496.83 97.33 -9.92 1.32
5496.83 97.05 -10.07 1.08
5496.83 97.18 -8.85 1.4
5496.83 97.14 -9.3 1.1
5496.88 96.54 -6.62 2.41
5496.98 97.02 -9.5 4.09
5496.83 96.72 -10.58 1.75
5496.83 96.24 -10.64 2.47
5496.83 95.51 -5.68 3.25
5496.83 95.31 -4.94 2.91
5496.83 94.91 -2.53 3.94
5496.83 95.29 -3.69 2.75
5496.83 95.58 -3.28 3.11
5496.83 96.16 -5.2 2.32
5498.44 96.12 -7.96 1.71
5501.73 96.35 -8.26 1.82
5496.86 96.08 -6.8 2.92
5496.83 96.56 -6.25 2.7
5496.83 97.05 -13.63 2.89
5496.83 96.66 -14.25 2.37
5496.83 96.66 -11.83 2.24
5496.83 96.74 -9.9 2.28
5496.83 97.27 -12 2.21
5496.83 96.99 -13.18 1.65
5496.83 97.01 -11.42 1.81
5496.83 96.79 -7.97 1.79
5503.81 96.85 -9.93 1.63
5496.83 96.8 -10.8 1.62
5496.83 97.04 -8.35 2.01
5497.51 96.08 -6.9 3.62
5496.84 96.53 -9.68 4.45
5496.83 96.74 -9.59 2.62
5496.83 96.06 -6.16 1.89
5496.83 95.26 -1.79 3.3
5496.83 95.78 -3.06 2.32
5496.83 96.72 -8.1 3.43
5496.83 96.34 -7.54 3.77
5496.83 95.68 -3.11 4.42
5496.83 96.36 -7.35 3.54
5496.83 94.97 -0.46 5.41
5496.83 95.72 -6.41 3
5496.83 95.86 -6.62 1.78
0.32 95.43 -3.57 2.15
0.1 95.42 -4.19 4.82
0 96.31 -11.65 4.02
0 96.51 -11.46 2.12
0 96.67 -11.69 1.54
0 96.9 -9.8 1.71
2.27 96.61 -10.26 1.62
8.42 96.63 -11.81 3.17
0 97.25 -13.52 3.48
0 97.09 -13.78 1.58
0 96.52 -11.77 1.57
0 97.14 -12.15 1.63
0 97.12 -11.88 1.89
0.06 96.27 -5.21 2.9
0 96.32 -5.67 1.95
0.15 96.9 -6.17 2.08
0 97.45 -8.26 2.09
0.88 97.03 -9.06 1.68
1.86 96.74 -8.52 1.7
0 96.7 -7.36 1.74
0 96.63 -4.81 2.02
1.44 97.13 -6.68 1.59
0.12 96.96 -4.26 1.28
0 96.49 -1.34 1.57
0 96.34 1.96 2.04
0.56 96.03 4.45 4.06
3.34 96.73 -2.6 4.28
0.04 96.47 -6.04 1.7
0 96.32 -4.65 1.74
0.29 96.27 -4.68 2.12
0.49 96.25 -5.08 1.77
2.06 96.55 -4.1 2.85
0 96.61 -5.83 3.06
0 96.79 -7.05 2.63
0 96.79 -5.77 2.26
0 96.3 -4.67 2.05
0 96.6 -4.86 2.54
0 96.11 -2.49 2.26
0 95.82 2 3.95
0 96.5 -0.61 4.05
0 96.12 -1.49 2.03
0 95.63 2 2.99
0 95.29 7.38 2.61
0 95.72 4.99 2.43
0 95.18 7.96 4.44
0 96.34 4.48 2.14
0.08 96.25 3.85 3.95
0 96.56 4.07 4.82
0 95.98 6.59 2.7
0 96 7.99 3.13
0 96.29 8.12 2.7
0 95.27 13.09 4.7
0 95.25 12.04 2.47
0.02 95.25 11.51 2.54
0 95.34 11.33 3.05
53.86 95.07 11.82 3.03
21.99 95.54 10.23 2.62
0 95.75 11.22 2.22
1.14 95.88 9.45 2.07
0 95.34 12.07 2.53
0 96.03 8.52 3.86
0 96.45 3.16 4.47
0 95.62 6.62 4.63
0 96.23 5.48 3.79
0 95.6 13.22 3.72
0 95.54 14.52 1.75
0 95.42 14.5 2.36
0 95.61 12.24 4.17
0 96.37 9.7 2.06
0.93 95.99 10.92 1.89
0.44 95.71 11.91 2.05
0 95.82 13.76 1.88
0 95.69 17.91 3.45
0 96.29 13.56 3.23
0 95.61 13.66 2.34
10.26 95.59 8.98 2.64
0.03 96.27 9.01 2.93
22.91 96.12 8.13 2.65
0.06 95.66 9.83 552.42
0 95.74 11.99 3.62
0 95.44 14.56 2.83
0.95 95.12 17.08 3.82
5.62 95.38 18.05 4.39
0.3 95.84 16.97 4.09
26.94 96.11 12.01 3.43
0 96.36 12.82 2.43
0 96.21 13.97 2.16
0 95.6 15.44 1.62
0 95.04 19 2.18
3.94 94.97 18.76 4.51
140.99 95.62 7.58 4.88
6.32 95.25 9.19 4.56
14.86 95.44 5.62 5.36
0.1 95.69 7.98 4.2
0.22 95.12 12 2.56
62.87 95.1 8.62 3.81
1.42 95.66 12.24 2.05
66.84 95.98 10.83 2.43
3.46 95.88 12.57 2.26
253.71 94.97 9.34 2.59
82.9 94.08 14.92 3.81
0 94.25 17.88 3.85
0.09 94.61 14.77 3.59
0 94.39 14.53 3.2
0.06 95.18 16.92 2.84
2.2 95.55 16.85 2.13
2.49 95.16 19.23 2.99
91.12 94.84 16.61 2.52
5.95 94.86 17.4 2.67
0.02 94.97 19.32 2.41
0 95.01 21.77 2.55
0.36 95.29 25.06 3.85
45.62 95.19 17.48 2.98
0.71 94.68 17.26 5.26
0 94.14 21.43 4.11
14.36 93.92 19.05 2.84
0.44 94.38 22.71 2.92
0 94.45 24.38 67.12
0.12 95.06 25.19 2.67
0 95.01 27.79 3.69
4.84 95.21 23.99 2.91
0.87 95.35 22.17 2.76
0 95.23 22.66 2.22
1.24 95.02 22.74 1.93
25.06 94.87 23.74 2.41
264.55 95.02 16.71 2.61
159.99 94.85 13.93 3.29
34.76 94.58 16.4 2.78
48.61 94.91 16.14 2.32
47.42 95.31 15.82 1.83
19.64 95.36 18.61 2.04
21.12 95.14 20.36 2.55
11.83 95.19 21.33 2.23
0.03 95.06 22.16 2.09
4.18 94.87 23.58 1.86
98.83 94.69 20.77 2.01
105.05 94.58 20.08 2.31
107.72 94.69 19.27 2.33
5.13 94.97 19.78 1.83
41.47 95.11 19.74 1.96
5.32 95.24 19.5 1.62
114.04 95.29 19.06 2.21
1.34 95.15 21.93 1.87
0.12 94.77 23.88 2.35
15.01 94.6 23.15 3.32
27.34 94.64 22.39 3.75
0.65 95.05 22.38 3.85
1.03 94.99 23.15 3
0 95.07 24.54 1.76
0 95.04 25.06 1.75
15.94 95 23.76 2.6
113.84 94.71 20.94 2.51
28.38 94.44 23.41 2.52
0.17 94.91 25.08 2.17
0.78 95 25.54 3.14
2.55 94.85 25.66 2.28
3.92 94.64 25.11 3.03
14.82 94.55 23.95 3.8
0 94.74 23.89 2.78
0 94.45 24.39 3.38
5.24 94.54 22.95 3.01
6.46 94.74 22.33 2.79
0.57 94.66 23.3 2.48
2.66 94.75 24.21 1.96
23.42 94.73 23.77 2.54
140.79 94.81 21.95 67.14
11.12 95.03 22.66 66.49
0.46 95.11 26.1 1.8
1.16 95.19 28.51 2.45
2.93 94.82 29.24 4.34
91.79 94.67 24.53 2.53
0.23 94.98 22.56 1.62
0 94.7 24.88 2.51
0.11 95.07 23.09 1.73
0 95.12 22.96 1.77
0.01 95.31 23.38 1.87
3.95 95.19 25.36 2.26
6.87 94.72 27.17 3.26
9.07 94.75 25.73 3.69
14.09 94.91 24.21 2.16
0 94.99 26.08 2.64
0 94.96 27.26 2.78
2.97 94.8 26.78 2.54
16.83 94.76 25.9 2
84.48 95.02 20.66 2.53
2.31 94.99 22.29 2.07
0 95.26 22.65 2.6
0 95.38 22.03 1.65
0.01 95.26 22.85 2.04
39.58 95.01 22.08 2.25
33.36 94.73 21.72 2.06
4.24 94.89 22.8 3.34
0.3 95.1 21.6 2.11
23.44 95.16 19.19 1.94
22.31 95.08 19.18 1.71
13.17 95.11 20.31 2.18
8.98 95.23 20.63 1.7
2.4 95.36 21.45 1.94
8.25 95.55 21.44 1.56
0.44 95.49 22.73 1.62
0.58 95.16 24.61 2.34
5.59 95.15 24.49 1.98
35.18 95.09 23.6 2.08
43.38 94.94 22.99 2.01
167.97 95.19 19.75 2.19
2.68 95.48 20.1 2.36
0 95.6 20.98 1.82
0 95.69 22.57 1.9
6.24 95.83 21.13 1.81
3.65 95.87 21.06 1.57
0.79 95.83 21.28 2.21
11.41 95.65 20.27 1.68
12.73 95.63 20.03 1.96
275.45 95.57 16.35 2.28
1.31 95.2 17.76 1.83
0 94.87 20.26 2.48
0 95.43 18.86 1.54
0 95.44 20.39 1.59
3.98 95.02 20.9 2.89
0.05 95.29 18.67 2.79
0 95.48 15.95 1.43
0.01 95.75 17.44 1.7
0.09 95.76 18.6 1.9
20.46 95.81 17.31 1.36
0.34 95.62 19.03 2.53
0.12 95.91 16.33 3.04
0 96.02 14.23 2.77
0 96.07 13.7 1.54
0 96.15 16.09 1.33
0 96.11 17.14 2.04
10.33 95.45 17.13 2.42
45.13 95.4 14.8 2.75
0.04 96.01 14.26 1.61
0.44 96.05 16.36 2.09
78.19 96.21 12.87 1.9
23.66 95.98 13.11 1.74
0 95.9 13.68 1.6
54.12 95.27 14.45 2.55
0.11 95.81 13.66 2.23
1.49 95.73 14.36 2.86
28.63 96.51 6.8 3.89
0.18 96.62 5.82 1.72
54.79 95.76 6.75 1.62
38.08 95.61 7.6 2.33
0 95.94 8.65 1.54
79.66 96.19 7.68 1.44
12.48 96.62 8.46 2.33
0 96.45 9.31 2.06
0 96.03 12.56 1.8
0 95.91 14.27 2.38
0 96.08 16.25 2.38
0 96.37 13.72 1.74
0.66 96.25 14.45 2.98
0.45 97.21 9.1 3.84
0 96.78 4.85 1.91
0 95.86 8.28 2.24
0 95.37 10.38 4.73
0 95.94 9.8 3.09
0 95.65 12.92 2.38
0 95.77 13.66 2.34
0 95.48 16.57 3.94
0 96.29 8.1 3.07
0 96.69 3.68 2.05
0 96.15 5.7 1.86
0 95.36 11.06 3.08
0 95.08 13.66 3.06
0 95.28 11.83 2.07
0 96.75 4.87 5.21
0 97.18 2.38 1.66
0 96.62 3.44 1.61
0.05 96.32 7.77 1.76
6.05 96.48 8.56 25.5
2.78 96.24 6.13 1.68
6143.01 95.85 7.13 3.09
6143.06 96.03 4.27 3.99
6142.99 95.82 6.61 2.59
6142.99 95.45 8.07 3.55
6143 95.79 6.81 3.27
6142.99 97.08 -0.13 3.33
6142.99 97.06 -1.67 1.71
6142.99 96.64 0.58 1.85
6142.99 96.41 4.03 1.84
6142.99 96.1 3.97 1.73
6143 95.74 2.5 3.23
6143.05 96.2 -3.98 5.8
6142.99 96.23 -2.18 2.88
6142.99 96.57 -2.27 1.72
6142.99 96.69 -1.5 1.57
6143.15 96.53 0.62 1.91
6142.99 96.87 -1.81 1.7
6142.99 96.8 -0.77 1.46
6142.99 96.11 1.62 2.85
6142.99 95.53 3.53 3.8
6142.99 96.03 0.79 2.57
6142.99 96.58 -1.86 2.08
6143.06 96.33 1.2 2.65
6142.99 96.73 -2.53 1.88
6142.99 95.84 -2.6 2.08
6142.99 95.35 552.06 4.71
6142.99 96.47 -2.42 2.05
6142.99 96 -1.97 1.52
6143.01 95.81 -0.47 2.08
6143.7 95.9 -1 5
0 96.49 -10.91 6.36
0 96.29 -10.63 3.63
0 96.01 -10.68 5.29
0 96.17 -10.61 4.25
0 96.27 -10.45 3.56
0 96.49 -9.57 2.14
2.44 96.53 -9.29 1.75
0 97.05 -10.62 1.64
0.04 96.92 -7.75 2.59
2.3 96.24 -4.22 4.6
0.07 96.68 -8.84 2.95
0.02 96.27 -9.74 3.8
0 96.45 -10.9 2.49
0 96.49 -9.05 1.83
0.29 96.41 -8.79 3.66
0 96.5 -12.09 3.66
0.01 96.56 -10.89 2.23
0 96.51 -8.27 2.48
0.14 96.16 -5.9 4.08
0 96.5 -9.76 3.6
0 96.16 -9.78 3.51
0 95.94 -3.73 2.52
0 95.96 -3.08 3.05
0 96.81 -5.05 3.72
0 97.06 -5.23 2.61
0 96.83 -7.72 1.48
0 96.41 -4.64 2.23
0 95.81 -5.27 1.95
0 95.14 -3.78 3.12
0.1 95.86 -6.21 87.54
0.03 96.59 -10.17 5.3
0.11 96.61 -10.78 2.85
0 96.53 -7.03 3
0 95.28 -2.41 3.66
0 95.53 -2.98 1.9
0.83 95.85 -2.73 4.54
0 96.42 -7.41 3.17
0 96.8 -9.2 1.62
0 96.7 -9.12 1.82
0 96.54 -5.82 2.36
0.08 96.09 -4.28 3.27
0 97.14 -7.34 2.38
0 97.31 -9.03 1.75
0 96.83 -5.92 1.81
0 96.99 -8.52 1.82
0.33 96.64 -9.1 1.89
3.61 96.61 -9.71 3.5
0 96.73 -9 1.9
2.8 95.6 -4.91 3.27
0.03 96.29 -8.37 2.02
0.04 96.2 -7.8 1.96
1.37 96.71 -7.54 2.43
0 96.19 -8.18 1.83
0 95.63 -3.81 3.11
0 96.54 -6.09 2.07
1.88 96.17 -5.14 1.51
3.73 96.74 -8.27 3.75
0 97.29 -11.74 2.87
0 97.14 -11.76 1.86
0.08 96.52 -8.05 3.41
0 97.14 -9.98 3.57
0 97.42 -9.27 1.94
0 97.23 -7.96 1.62
0 97.07 -7.63 1.58
0.09 96.93 -5 2.33
0.06 96.84 -5.96 3.38
0 96.73 -3.86 2.87
0 96.09 -1.31 3.07
0.03 96.94 -10.04 5.65
0 97.06 -11.62 3.64
0 96.32 -6.14 2.71
0 95.65 -3.44 2.13
0.01 95.68 -5.48 3.27
0 95.9 -6.01 2.49
0 95.52 -5.05 1.87
0 95.32 -0.58 2.32
0.02 96 -3.18 1.62
12.41 95.74 -0.93 2.73
0.01 96.34 -1.45 4.38
0 97.01 -3.3 2.69
0 96.52 -3.72 3
13.59 95.71 -0.11 3.52
25.13 95.16 -0.4 5.28
0.12 95.56 -5.22 5.57
0 95.86 -5.94 2.07
0 95.5 -5.65 1.89
0.88 95.95 -6.88 3.05
0 96.35 -8.61 3.45
0 97.01 -6.41 2.02
3.34 96.05 -2.48 4.79
0 95.7 -0.61 3.09
0.04 95.29 -2.61 2.45
0.19 95.95 -6.25 5.84
0 96.5 -6.06 3
0 96.24 -2.97 3.15
0 95.57 1.74 4.45
0 95.88 1.8 2.81
2.25 96.44 -2.8 3.42
0 97.25 -9.03 5.81
0 96.6 -4.41 3.16
0 96.21 -3.56 3.86
0 95.73 -2.97 2.9
0 134.94 548.05 551.96
0 95.85 0.42 3.63
0 95.48 5.71 3.64
0 95.41 5.9 3.28
0 96.15 3.49 2.6
0 95.43 6.61 3.03
0 95.67 6.7 3.57
0 95.8 5.96 2.58
0 95.74 6.58 3.89
0 96.7 2.26 4.05
0 96.89 2.87 2.69
0 97.09 3.71 1.75
0 96.83 7.62 2.93
0 96.6 12.8 4.07
0 95.81 13.54 5.08
0 95.36 12.43 3.65
0 95.52 10.73 3.38
0 95.06 14.04 4.27
7.03 96.02 6.82 3.25
0 96.14 5.24 1.78
203.03 94.61 2.69 2.42
1.11 95.41 4.53 2.4
1.75 95.37 5.37 1.92
0.18 95.86 4.31 4.34
0 97.01 -0.28 4.15
0 96.99 0.49 3.17
0 96.21 4.88 3.11
0.12 95.93 7.96 3.04
0.12 96.14 8.36 2.39
23.58 96.35 7.16 3.35
179.06 96.91 0.2 4.39
0.65 96.53 3.65 2.17
0 94.94 11.14 2.05
0.52 94.07 14.36 4.5
2.28 94.96 8.97 5.29
0 95.03 11.65 2.46
0.04 95.32 12.86 2.89
0.02 95.78 11.01 3.76
0.01 95.42 11.56 3.04
0.03 95.31 11.71 2.76
0 95.57 14.37 3.95
0 95.74 14.59 4.92
0 96.04 14.46 2.61
0 95.4 20.87 4.16
0 95.02 24.28 4.36
19.55 94.75 20.69 4.51
21.95 95.37 16.57 2.43
0 95.41 19.14 2.23
0 95.33 20.55 2.83
9.62 95.11 17.45 3.72
26.15 95.19 15.64 2.3
0 95.44 13.55 5.07
0 95.29 13.92 4.55
0 94.71 15.24 5.61
0 95.29 12.64 2.56
0.52 95.19 13.18 4.95
24.45 95.52 7.52 2.27
0 95.89 8.98 1.8
68.65 95.78 8.74 2.45
71.92 94.84 7.61 1.93
14 93.57 11.07 3.72
0.37 93.65 19.18 3.52
2.02 94.95 16.55 5.29
0.02 95.58 16.25 4.16
0 95.01 18.68 3.43
19.63 94.19 19.17 4.32
29.88 94.34 15.23 5.04
1.46 94.74 13.77 5.53
0 95.56 18.26 4.1
0 95.21 21.65 3.47
0 95.07 22.43 2.78
1.95 95 22.5 2.8
0.06 94.83 24.75 3.4
0.25 94.75 25.64 4.04
3.67 94.89 24.31 2.84
0.15 94.9 23.2 3.23
5.05 94.57 23.45 3.82
0.69 94.87 20.99 3.45
0 94.98 20.1 2.69
0 94.16 24.99 6.7
8.69 94.63 22.67 3.1
2.46 95.18 19.48 3.83
0 95.4 21.51 3.15
59.37 94.67 18.43 3.54
43.46 94.15 18.65 2.52
62.67 94.64 18.5 2.36
0.32 94.97 19.9 3.33
1.79 94.69 19.88 2.72
5.73 94.72 18.86 2.05
118.95 94.49 16.86 2.56
216.49 93.98 15.97 2.36
66.73 94.06 16.67 1.74
74.83 94.94 17.5 2.27
0.45 95.2 20.63 2.06
21.58 95.04 22.23 1.94
0.34 94.76 23.14 1.89
193.49 94.76 20.03 2.42
7.29 94.95 18.8 3.3
94.54 95.41 16.74 2.59
0.08 95.49 21.35 2.33
0 95.13 23.61 2.01
4.67 94.87 23.96 3.08
0.27 95.01 23.58 2.6
11.43 94.81 23.66 3.13
14.16 94.53 21.82 2.32
96.96 94.48 20.94 1.97
1 94.93 22.06 1.63
4.59 94.98 23.77 2.23
173.42 95.13 17.64 2.14
28.19 94.54 18.15 1.91
29.85 94.1 19.07 3.28
7.29 94.67 17.2 3.13
0.14 95.25 18.69 2.23
56.6 95.24 19.7 2.09
15.38 95.37 20.47 1.8
0 95.34 22.3 2.04
0.25 95.2 23.81 2.15
4.22 95.35 24.69 2.18
0.21 95.58 25.81 2.54
4.17 95.42 24.01 2.72
0.71 95.12 25.3 2.04
1.27 94.59 26.35 2.18
0.19 94.4 26.55 3.31
7.55 94.75 26.52 2.48
17.58 95.17 24.44 2.31
26.05 95.36 21.44 2.23
15.3 95.21 22.04 1.62
59.29 95.04 22.89 1.82
87.85 95.19 22.73 2.29
40.46 95.12 23.16 2.36
31.55 94.83 24.02 2.29
53.2 94.81 22.98 2.15
12.74 94.81 22.94 1.56
17.4 94.63 22.96 1.89
9.14 94.45 24.17 2
8.57 94.82 25.22 2.53
20.3 94.92 24.71 2.03
39.5 94.68 24.42 2.32
93.22 94.67 23.73 2.27
290.43 95.05 21.59 2.41
10.54 95.26 22.35 1.64
1.67 95.08 23.53 1.9
33.47 94.59 24.88 3.01
0.13 94.56 23.46 2.25
1.21 94.42 25.1 2.36
2.51 94.6 25.7 3.08
17.54 95 24.26 2.36
19.93 95.54 22.77 2.38
49.17 95.58 23.01 1.8
12.46 95.48 24.01 2.13
0 95.51 23.81 1.88
0 95.33 24.25 1.59
0 95.17 24.5 1.5
0 94.86 25.59 1.83
2 94.65 25.68 2.21
0.04 94.93 23.98 2.33
0 95 23.74 1.79
1.31 133.96 569.39 551.5
44.53 134.26 569.82 551.66
71.3 95.47 20.38 2.04
26.98 95.17 19.49 2.21
4.87 94.97 20.62 2.32
39.03 95.09 20.14 1.78
9.27 95.41 20.38 1.88
22.75 95.63 20.14 1.93
11.53 95.56 20.48 2.42
44.47 95.43 20.31 2.34
0.04 95.36 20.74 2.33
18.41 95.22 19.81 1.83
7.31 95.38 18.91 1.54
15.02 95.53 19.1 1.65
113 95.71 18 1.62
103.38 95.75 18.74 2.14
3.17 95.72 20.99 2.16
0.37 95.88 19.89 2.02
10.76 95.74 18.54 1.49
36.41 95.56 17.74 2.23
0.02 95.7 17.36 1.76
0 95.59 19.34 1.51
2.59 95.75 20.76 2.42
20.64 96.42 16.38 2.25
1.85 96.33 15.22 1.71
46.8 95.78 13.73 1.8
17.4 95.72 14.35 2.84
0 95.65 19.43 2.29
0 95.98 19.74 2.55
0 96.11 19.23 2.7
0 95.94 19.6 2.43
4.13 95.93 19.42 1.58
10.44 95.99 18.67 2
0.01 96.07 16.8 1.91
2.6 95.57 16.79 2.3
4.03 95.37 19.14 2.49
43.9 95.22 18.07 3.14
37.13 95.34 14.66 2.13
43.42 95.28 14.75 1.85
14.07 95.25 15.57 2.91
0 95.53 14.07 2.27
0 95.72 16.22 2.5
0.21 96.56 13.57 1.53
2.68 97.03 11.44 1.95
6.91 95.88 15.49 3.16
54.53 95.14 11.17 5.27
0.06 95.07 13.78 4.41
0 96.07 11.2 2.06
0 96.38 13.94 2.37
0 95.88 17.72 3.53
0 95.77 17.97 2.2
0 95.55 18.25 3.39
0 95.88 10.67 3.62
0.38 95.21 6.14 3.02
4.63 95.38 5.87 5.09
5.92 95.69 10.02 4.41
0 96.09 11.84 2.32
0 96.17 12.86 1.86
0 95.91 13.78 1.8
0 95.85 14.35 1.79
0 95.87 15.46 2.53
2.25 96.01 13.91 3.07
0 96.8 6.33 2.72
0 95.67 10.26 2.77
25.11 96.26 5.71 1.97
25.91 96.57 5.13 1.95
1.37 105.26 136.36 65.72
0 104.74 136.77 65.62
0 96.82 7.1 2.5
0 96.77 4.47 1.7
7.35 95.52 7.57 4.96
0 95.58 4.17 3.15
0 96.18 2.02 3.27
0 96.51 0.32 3.83
0 96.95 0.41 2.76
0 97 2.99 1.55
0 96.33 5.17 1.7
0 96.14 6.01 1.34
0 96.11 8.89 3.54
0 96.3 10.35 3.22
0.71 97.44 1.61 3.81
49.51 97.51 -3.14 3.26
30.12 97.11 -3.14 3.41
6.23 96.63 -2.76 2.11
0.33 96.67 -2.7 1.46
0 96.85 -2.86 1.3
0 96.99 -0.94 1.42
0.13 96.83 1.34 1.38
0.01 96.11 3.53 2.09
0 95.46 6.08 2.58
0.22 96.33 2.54 2.42
5.47 96.2 -2.31 2.54
0 96.87 -4.47 2.5
5.77 96.78 -5.77 2.3
9.16 96.78 -7.19 2.28
5.99 96.78 -8.37 1.99
6.18 97.26 -8.98 1.76
18 97.73 -11.07 2.68
8.96 97.79 -12.29 3.17
0.08 97.69 -14.49 2.08
0.01 96.82 -14.05 2.7
0 96.73 -13.78 2.93
0.06 96.27 -11.74 1.36
0.22 96.71 -9.69 1.53
13.17 96.41 -5.62 2.19
0 96.31 -7.9 1.6
0.4 95.62 -3.63 2.24
0.13 95.4 -4.95 4.66
0.35 95.69 -7.04 5.66
0 96.06 -4.48 3.85
0 96.74 -4.96 2.13
0 96.91 -7.91 1.5
0 97.08 -9.21 1
0 96.62 -3.58 2.22
3.67 96.28 0.73 2.71
0.02 96.53 -0.79 3.97
0 96.88 -6.5 1.78
0 96.54 -6.2 1.5
0 96.66 -6.68 1.2
3.56 95.96 -4.92 2.84
0.03 96.03 -6.14 4.23
0.04 96.6 -7.98 5.4
0 96.68 -7.39 2.89
0 97.14 -5.55 1.93
0 97.13 -6.17 1.56
0 96.25 -3.26 2.37
0 96.47 -5.27 1.65
0 96.59 -7.86 1.54
0 96.47 -5.39 2.13
0 96.58 -9.26 2.19
0.01 95.55 -7.31 3
0 96.61 -12.39 3.94
0 97.36 -14.35 2.01
0 97.08 -8.63 1.95
0.22 96.65 -6.11 1.56
1.62 96.89 -7.13 1.49
0 96.89 -8.16 1.92
0 96.01 -2.8 2.57
0.01 96.03 -5.92 1.37
2.69 96.23 -7.98 1.95
0 96.67 -10.22 3.51
0 96.5 -11.69 2.63
0 96.78 -9.76 3.28
0 96.61 -9.62 2.97
0 96.43 -10.08 2.82
0 96.18 -9.76 2.36
0 96.94 -11.68 3.12
0 97.19 -12.58 2.69
0 96.65 -12.13 3.3
0.07 95.99 -11.04 3.67
0.1 95.76 -11.02 2.4
0 95.83 -11.49 1.77
15.68 96.46 -14.55 2.61
2.04 96.45 -18.11 2.78
0 96.08 -18.48 3.89
0 96.71 -18.09 1.79
0 97.22 -17.83 1.44
0.75 97.16 -17.09 1.86
0.62 97.66 -20.12 3.36
0 97.56 -23.2 5.01
0 97.02 -15.22 4.46
0 96.45 -10.39 2.94
0 96.33 -11.29 3.37
0 96.41 -9.68 3.06
0 96.96 -12.49 1.9
0 97.42 -15.56 1.97
0 97.2 -16.31 2.2
0 97.24 -13.24 3.03
0 97.1 -10.8 2.55
0 96.74 -9.04 2.19
0 96.5 -8.18 2.58
0 96.71 -8.11 3.5
0 96.64 -8.45 3.62
0 96.57 -6.98 2.63
0 95.67 -6.79 2.55
0.01 95.28 -3.78 3.4
0 95.96 -2.75 2.68
0 95.64 1.12 2.95
0.09 95.56 1.05 2.29
2.28 95.79 0.66 2.94
29.8 96.52 -7.65 5.92
0 96.6 -11.91 5.16
0 95.96 -9 3.89
0 95.82 -4.88 4.16
0 95.78 -1.89 3.88
0 95.74 -3.02 3.75
0.12 96.61 -6.48 3.38
0 96.58 -8.53 3.74
0 96.47 -9.42 2.58
0.01 96.56 -6.59 3.22
0 97.46 -10.1 2.45
0 97.08 -8.56 2.6
0 97.01 -7.99 2.87
0.07 96.34 -6.32 3.13
0.02 96.42 -6.56 1.95
0.11 96.71 -7.61 4.09
0.06 96.96 -8.3 3.39
0.03 96.03 -1.08 2.98
0 95.65 2.17 2.45
0 95.62 1.08 2.34
0.17 96.01 -0.15 1.41
45.66 95.8 0.97 3.56
0.03 95.84 -0.84 2.35
4.45 96.08 -3.47 4.2
0 96.85 -7.05 4.46
0 96.96 -6.9 3.51
0.03 96.73 -6.1 3.4
0 96.22 -5.14 2.02
0 95.58 -0.84 4.03
0 96.33 -1.29 2.72
0 96.15 1.32 2.37
0 95.59 5 3.02
0 95.43 8.65 3.44
0 95.04 10.1 5.12
0 95.44 7.89 4.07
0 96.36 4.19 2.01
0 96.58 5.61 2.01
0 96.2 8.79 2.85
0 96.55 6 4.51
0.02 97.12 2.68 5.05
0 97.15 2.61 3.41
0 96.81 3.34 2.94
0 96.39 7.9 3.01
0 95.83 9.43 2.41
0 95.19 11.43 4.22
1.2 95.66 7.88 3.27
0 95.66 8.85 3.18
0 94.71 15.57 4.92
13.07 94.94 11.11 5.07
0.74 96.03 6.94 3.99
0 96.04 8.3 3.37
0 95.21 11.07 3.69
0.08 95.53 10.55 2.69
1.25 94.91 12.69 4.88
0 95.24 10.54 4.38
0 95.19 12.29 5.7
0 95.49 7.6 3.14
0 96.12 5.44 3.51
0 95.67 6.92 4.52
31.86 94.77 8.37 2.59
0.17 94.49 10.66 4.84
0 95.61 11.61 3.6
0.26 95.12 15.36 4.94
21.68 95.05 10.73 3.81
2.8 95.03 6.86 4.21
7.78 95.35 6.8 2.61
3.82 95.69 8.81 3.51
0.05 95.32 13.96 2.84
0 94.46 15.8 5.76
0 95 11.61 5.85
0 95.57 11.41 2.85
0 95.05 14.44 4.72
0.73 95.85 11.22 3.07
22.12 96.08 9.3 2.04
1.14 95.67 12.69 1.87
0 95.81 13.15 2.36
21.19 95.02 13.45 2.86
0.1 94.63 17 2.84
16.46 94.33 21.3 3.96
135.66 95.11 11.95 2.65
97.74 94.22 11.27 5.05
0 94.75 16.05 3.25
19.35 94.78 15.22 4.74
0.04 95.03 13.55 5.96
0 95.82 16.04 2.82
0 95.27 18.65 4.32
0.72 95.41 17.4 2.36
0 95.13 17.53 2.23
1.95 94.33 20 4.73
190.34 95.02 11.91 4.19
0 95.94 15.09 3.91
24.8 95.57 12.42 4.15
1.74 95.35 13.14 3.49
0 94.85 18.13 3.05
0 94.96 23.6 3.68
0 95.25 24.41 4.57
0 95.47 22.9 4.1
0 95.64 22.53 3.86
0.03 96.3 19.65 3.64
0.03 96.23 18.76 2.61
38.92 95.38 15.2 1.77
21.85 94.3 16.17 4.73
13.27 94.58 18.61 3.28
0.23 95.05 18.94 4.3
0 94.99 22.18 4.35
0.06 94.59 24.42 4.44
0 94.96 19.58 4.3
0 94.68 22.48 4.14
17.55 95.47 17.51 2.29
0 95.53 20.32 1.76
0 95.16 23.58 2.74
0.01 94.82 24.61 3.34
0.03 94.98 22.84 2.87
0.12 95.23 23.3 2.4
20.56 95.39 19.83 3.27
6.11 95.44 19.33 1.91
0.07 95.17 21.87 2.33
23.52 94.87 21.51 4.03
107.29 94.64 20.25 4.7
34.08 95.11 18.31 2.43
7.39 95 19.83 2.08
3.41 94.66 20.16 2.04
133.22 94.57 16.07 2.3
17.26 94.59 18.41 2.05
2.3 94.21 20.44 2.5
35.13 94.25 20.83 1.97
3.83 94.79 21.27 2.81
0.02 94.89 23.58 2.41
26.8 94.56 25.1 3
26.7 94.57 24.2 2.72
39.51 94.6 23 2.32
22.4 94.84 21.54 2.79
6.23 94.87 21.53 3.56
0 95.03 24.43 2.87
0 95 24.96 2.08
30.75 94.75 23.63 2.57
51.32 94.87 19.87 3.28
95.41 94.72 20.54 2.56
58.03 94.73 20.71 1.95
0 94.88 21.02 1.91
0.26 94.85 22.55 1.67
0 94.97 25.59 2.9
0 95.16 24.92 2.82
1.78 95.36 25.21 1.86
0 95.45 26.54 1.95
0 95.38 26.95 2.91
0 95.13 26.61 2.67
0 94.88 27.82 2.07
0 94.64 28.89 2.7
5.58 94.32 29.16 3.69
86.21 94.58 22.82 2.15
1.47 94.9 24.75 2.5
0.95 95.26 23.29 2.62
5.83 94.95 20.29 2.02
6 94.81 20.15 2.07
2.63 95.09 22.13 1.74
0.18 95.1 23.92 2.18
28.74 95.19 23.73 2.73
207.54 95.28 21.45 2.52
789.64 94.81 21.46 2.67
39.03 94.57 23.54 1.82
7.39 94.44 26.66 2.72
0.3 94.95 26.25 2.22
457.78 94.98 21.16 2.61
4.66 94.85 22.51 1.61
1.53 94.64 24.18 2.33
42.83 94.62 24.08 2.27
27.88 94.99 23.74 1.78
131.39 95.26 23.98 2
67.28 95.38 22.43 1.78
34.5 95.47 23.07 1.91
0.36 95.47 24.84 1.54
0 95.42 26.4 1.56
0 95.37 27.18 1.92
0 95.28 26.99 2.16
209.06 95 25.73 2.19
172.93 95.37 23.66 2.3
0 95.48 22.59 1.45
0 95.12 23.99 2.36
0 94.89 27.4 3.62
0.7 94.9 29.08 3.6
12.59 94.97 25.88 2.27
0 94.93 25 1.8
0 95.2 24.28 1.94
3.61 95.12 23.36 1.52
58.34 94.97 22.23 1.99
3.65 94.84 23.03 1.47
261.29 94.8 20.56 1.77
19.76 95.22 21.45 2.19
24.2 95.35 22.08 1.66
1.13 95.48 23.15 1.79
1.54 95.58 23.52 1.56
13.25 95.11 21.51 1.71
25.09 94.91 23.59 2
140.31 95.64 18.28 3.9
0 95.93 18.26 2.13
3.55 95.6 18.47 2.06
3.9 95.55 19.17 2.08
0 95.72 18.55 2.37
0 95.16 18.22 2.38
23.5 94.09 16.66 4.13
26.48 93.95 15.94 2.66
10.65 94.63 19.2 1.47
31.08 95.16 18.57 1.21
75.09 95.41 17.81 1.53
64.77 95.33 17.68 1.5
21.17 95.19 19.38 1.61
2.37 94.95 19.22 1.62
9.57 95.02 18.37 1.71
35.36 95.33 17.19 1.6
20 95.5 16.79 1.77
50.54 95.87 15.87 1.98
17.48 96.11 16.37 1.48
2 96.06 17.39 1.39
28.14 95.85 18.97 1.96
0.05 95.72 19.97 1.67
3.51 95.81 18.92 1.95
1.85 96.23 16.62 2.19
19.42 96.38 14.44 2.44
0.1 96.4 14.36 2.36
0 96.27 14.59 1.55
0.85 96.07 15.08 2.13
4.24 95.7 16.95 2.28
3.78 95.4 18.55 2.18
1.44 95.13 20.45 3.69
0.05 95.82 17.58 2.06
8.43 95.62 17.38 2.04
2.88 96.32 12.44 4.35
0 96.77 8.77 2.36
0.04 95.99 10.19 2.46
0.06 95.62 15.99 2.1
6.75 95.48 19.09 3.72
3.8 95.52 15.78 2
0.74 95.51 15.7 3.4
84.96 96.09 7.94 2.34
17.57 96.16 6.88 2.18
0.49 96.74 8.68 1.6
59.99 95.89 10.47 2.68
1.04 96.06 6.62 4.53
0 96.32 5.16 1.86
0.95 95.91 6.6 1.99
0 96.44 6.15 72.08
0.22 96.43 7.58 1.61
0 96.01 11.97 1.55
0 96.09 13.36 1.67
0.15 96.25 15.45 3.01
7.79 95.74 14.36 3.85
0 96.22 10.1 2.08
0 95.98 12.02 1.99
0 95.82 13.07 2.5
1.45 96.74 5.14 2.9
36.61 96.12 5.55 1.81
43.87 96.78 2.38 2.97
0 96.43 2.83 1.46
0 95.79 4.08 1.53
0 95.4 8.77 3.28
0 96.6 3.66 2.23
27.82 96.63 3.15 1.43
14.4 96.81 2.75 2.9
0.19 96.92 0.66 2.57
4.64 96.6 0.04 3.32
0 97.42 -4.44 3
0 97.05 -2.64 2.66
0 96.33 1.14 3.22
0 95.79 2.12 1.89
0 94.89 3.84 1.61
0 95.89 2.13 3.14
0.17 96.75 -0.85 2.02
7.83 96.96 -1.4 3.32
0 97.34 -3.5 1.92
0 96.75 -2.16 2.21
2.25 95.27 2.77 3.6
2.8 95.5 -1.13 1.78
0.35 96.02 -0.64 1.67
0 95.5 4.27 3.64
0 96.15 1.9 4.9
0 96.46 -2.98 2.11
0 96.18 0.28 2.3
0 96.12 -0.53 2.62
0.38 95.56 1.19 2.5
2.95 96.06 -3.99 2.46
22.33 96.63 -7.03 1.71
50.45 96.96 -8.82 2.85
0 97.33 -11.07 3.06
0 97.02 -10.44 2.88
0 96.54 -7.94 2.58
0 96.19 -5.43 2.17
0 95.72 -2.05 3.48
0 96.51 -5.6 3.26
0 96.94 -4.07 1.89
0.06 97.24 -4.67 1.95
4.5 96.08 -0.52 3.72
0 96.83 -2.94 3.64
0 96.54 0.55 2.69
0 95.8 3.03 3.4
0 95.89 -0.78 2.65
0.34 96.53 -5.21 3.44
0 96.01 -5.27 3.03
0 96.22 -6.38 2.2
2.91 95.62 -3.62 3.51
0 96.57 -7.23 2.2
0 96.72 -7.93 1.45
0 96.13 -5.4 2.89
6 96.44 -3.45 2.53
0 97.05 -8.27 3.58
0 97 -9.95 2.32
0.01 96.98 -9.05 3.15
0 96.19 -4.58 2.56
0 96.15 -4.36 1.3
0 96.31 -4.05 1.14
0 96.37 -3.65 1.33
0.04 96.71 -3.34 1.26
0.08 96.74 -4.89 2.61
4.38 96.38 -9.16 3.88
0 96.79 -9.93 2.69
0 96.72 -10.36 1.35
0.03 96.51 -5.44 3.18
1.9 97.17 -9.13 3.76
0 97.07 -11.34 2.15
0 96.74 -9.34 3.92
0 96.98 -9.02 3.01
0 96.48 -7.88 1.73
0 96.36 -6.97 1.5
0 96.14 -2.96 3.14
0 96.31 -4.62 2.36
0 95.98 -2.32 2.63
0 96.59 -5.47 1.54
0 96.92 -7.07 1.37
0 96.43 -4.02 1.32
7.52 96.45 -3.83 1.66
10.57 96.02 -4.4 2.25
0.01 96.21 -7.43 3.34
0 96.46 -10.16 3.53
0 96.21 -10.22 2.66
0.01 95.95 -11.23 2.77
0 96.08 -10.08 4.43
0 97.04 -11.51 2.14
0.09 97.03 -13.26 1.42
0.02 96.94 -12.67 1.42
0.19 96.72 -10.66 1.96
0 97.04 -11.26 1.73
13.62 96.71 -12.26 2.79
0 96.8 -13.25 2.3
0 96.39 -12.1 4.47
0 97.09 -13.64 2.63
0 97.22 -13.92 1.74
0 97.33 -12.53 1.38
0 96.73 -8.01 1.95
0.04 95.95 -3.46 5.04
0 96.52 -6.46 3.53
0 95.97 -7.37 2.59
0.28 96.76 -10.71 4.2
0 97.11 -9.75 3.39
0 96.52 -7.46 3.12
0 97.26 -7.74 3.5
0 96.66 -5.04 2.27
0 96.09 -4 1.78
0.37 95.72 -0.85 2.41
0 96.09 -5.02 3.51
0.01 97.03 -6.36 2.76
0.01 96.99 -7.41 1.16
0.02 96.76 -8.12 5.46
0.01 96.3 -9.16 5.81
0 96.49 -8.96 4.82
0 96.61 -7.05 2.96
0 96.6 -6.54 1.68
0 97.08 -5.03 1.85
0 96.95 -3.75 2.21
0 95.76 2.29 3.4
3.24 96.07 -2.72 4.52
0 96.7 -6.61 3.16
0 96.13 -5.48 2.57
0 95.02 -2.62 4.74
0 96.8 -6.92 4.55
9.8 96.63 -6.07 2.8
16.65 95.95 -3.61 4.37
0 96.46 -4.3 3.59
0 96.18 -1.93 3.46
0 96.13 -0.58 3.11
0 96.35 -0.83 1.63
0 95.99 1.79 3
0 95.95 1.2 2.93
0.84 96.35 -4.09 3.89
0 95.57 -0.76 2.68
0 95.65 0.05 1.78
0.04 95.85 -2.84 2.42
0.16 96.27 -4.6 3.72
0.04 96.03 -6.85 3.87
0 96.02 -4.69 4.58
0 95.53 0.03 3.94
0 95.35 1.03 3.13
0 95.57 3.29 1.97
0 95.82 4.99 3.09
0 96.64 0.33 4.6
0 96.67 1.22 2.82
0 96.64 1.73 2.33
0 96.37 3.01 1.75
0 96 3.52 1.73
1.34 95.89 4.47 2.1
0 96.41 5.72 2.1
0.09 96.53 5.23 2.26
0.65 96.55 2.49 3.46
0 96.39 2.07 2.35
0 96.15 3.21 2.17
0.59 96.54 2.41 1.68
5.03 96.24 1.51 1.53
2.02 96.05 3.16 2.42
0.33 95.96 2.57 2.27
0 96.15 3.42 2.59
0 95.95 5.82 2.54
0 95.87 9.43 3.6
0.06 96.67 4.7 2.75
0 96.49 4.94 2.27
0 95.88 5.95 1.77
0 95.89 9.46 2.11
0 95.81 12.87 3.31
0 95.5 16.63 4.06
0.43 95.26 14.05 3.64
2.51 95.31 10.81 3.61
1.04 95.4 10.16 2.77
0 96.12 9.29 3.83
0 96.13 9.28 2.01
0 95.12 13.26 3.53
0 95.68 8.57 4.2
0 95.61 7.45 2.55
0 94.96 12.76 4.47
0 94.54 15.41 3.15
0 94.97 16.78 3.31
0.17 95.33 14.75 3.12
1.31 94.22 15.04 4.66
0.31 94.39 8.78 5.98
3.08 94.82 8.27 3.22
2.91 95.16 10.1 3.5
0 95.58 10.67 2.39
0.01 94.92 13.92 5.04
0 95.18 10.48 3.03
0 95.48 9.91 3.25
0.01 96.13 9.43 3.56
0 96.16 11.05 4.66
0 95.32 15.53 4.42
0 94.78 17.62 3.27
0 94.44 21.02 4.39
0 95.33 17.35 2.57
0 95.71 17.99 2.54
0 95.65 21.31 4.14
1.61 95.58 19.06 5.61
16.88 95.52 15.26 3.31
18.07 95.21 10.64 5.89
0 95.44 11.4 6.23
0 95.3 18.37 3.92
0 95.01 20.82 2.65
0 94.77 20.59 4.59
0.41 94.76 19.2 3.23
0.04 94.88 15.96 5.12
0 94.77 13.94 4.45
1.78 94.97 13.07 4.61
0.24 95.69 14.49 4.81
0 95.66 17 2.4
0 94.89 20.18 1.87
0 94.71 23.76 2.48
0 94.69 28.63 4.22
1.34 95.05 26.96 3.47
0.7 95.34 24.02 3.16
5.24 95.67 16.53 3.68
193.96 95.79 10.38 2.37
0.03 95.57 16.62 2.21
0.01 95.14 19.75 2.17
0.1 95.67 15.79 3.33
0 95.24 18.84 2.47
0 94.87 21.29 3.05
0 95.1 22.24 3.77
23.24 95.43 17.4 2.78
0.61 94.9 20.17 3.05
19.6 94.43 20.16 3
0 94.91 17.52 3.4
97.44 95.25 11.85 2.01
0 95.35 16.21 2.49
0 95.34 20.35 2.49
0 95.49 21.83 2.33
23.55 95.2 15.96 2.48
1.2 94.92 18.8 2.66
0.35 94.8 22.38 3.8
0 94.89 21.41 3.61
0 95.27 19.37 1.92
8.54 95.42 18.46 1.9
20.71 95.71 18.76 1.81
0 95.72 21.1 2.08
0 95.26 27.25 2.52
0.12 94.99 28.21 1.96
3.52 94.84 27.14 2.72
7.91 94.75 24.99 2.7
40.29 94.76 22.1 3.07
119.08 94.68 19.79 1.96
9.77 94.71 20.46 2.44
0.44 94.9 21.84 2.26
53.5 95.26 19.34 1.59
98.92 95.16 17.79 1.63
6.17 94.89 19.59 1.5
5.19 94.85 21.88 1.54
0 95.02 24.27 1.75
17.58 94.92 25.3 2.84
11.74 94.94 26.19 3.21
0.08 94.83 27.19 3.44
8.03 94.7 27.17 2.78
18.73 94.58 27.49 2.63
53.6 94.78 24.68 2.28
0.43 94.89 25.55 2.06
16.2 95.04 24.74 1.87
68.39 95.2 23.36 1.54
75.79 94.99 24.11 2.7
618.04 94.15 23.08 2.56
24.15 94.1 25.01 3.12
63.95 94.29 24.24 2.55
0.55 94.22 24.43 1.78
0 94.5 25.94 2.43
0.6 94.58 28.55 2.79
43.15 94.37 28.16 3.5
17.27 94.77 26 2.16
16.49 95.12 26.33 1.86
0 95.24 27.21 2
0 95.18 28.4 2.25
0.01 94.91 28.53 3.12
44.36 94.69 26.57 2.8
47.29 94.67 23.14 2.63
62.04 95.4 21.59 2.28
18.7 95.39 21.64 1.63
2.51 94.93 23.79 1.21
2.47 95.03 23.89 1.65
0.4 95.27 24.22 1.88
27.85 94.93 22.33 2.54
1.38 95.12 23.18 2.4
0 95.63 23.24 1.74
0 95.21 23.56 1.64
41.31 94.8 24.1 2.54
0.07 94.97 25.36 2.01
0.69 95.05 26.25 2.59
32.43 94.79 25.45 2.18
848.02 94.21 23.53 2.35
10.98 94.61 24.88 1.49
87.11 94.66 24.65 2.24
46.66 94.49 22.98 1.89
3.75 94.54 23.98 2.11
27.4 94.42 22.95 1.58
38.38 94.25 21.03 1.57
7.72 94.34 23.39 1.52
9.97 94.75 24.13 2.51
48.59 95.13 23.1 2.06
0.33 95.27 23.75 1.74
30.28 95.21 22.23 1.71
23.31 95.1 21.89 1.62
250.33 95.17 19.99 2.01
80.41 95.32 20.86 1.82
39.77 95.47 21.66 1.65
23.19 95.5 22.14 1.68
7.64 95.14 22.54 1.86
0.85 94.87 25.4 1.92
47.53 95.32 22.91 2.18
245.29 95.21 19.56 2.04
0.05 95.22 20.51 3.29
0 95.31 18.6 3.47
0 95.64 19.56 2.15
17.06 95.38 17.13 2.91
6.95 95.8 16.31 2.76
0 95.95 14.82 2.22
0 95.65 17.07 2.04
0.65 95.65 17.42 1.65
4.03 95.49 19.72 1.79
11.58 95.54 19.37 1.94
6.02 95.44 20.13 2.7
2.41 95.27 21.22 2.93
0.04 95.14 20.65 3.44
0 95.06 19.34 1.73
0 94.85 21.37 2.26
0.72 95.4 18.84 2.62
8 95.47 18.46 2.03
68.85 95.34 17.21 1.83
0.05 95.56 16.72 2.11
0 95.97 15.55 1.95
0 96.23 16.37 1.66
2.64 96.17 18.36 2.22
6.45 95.99 19.02 2.06
1.11 95.55 19.25 2.57
0.02 95.37 17.29 2.21
0 94.81 19.29 2.38
0.21 95.26 16.03 2.94
0 95.65 15.59 1.81
0.71 95.01 19.39 3.13
32.71 95.02 17.23 3.5
0 95.22 18.23 3.92
0.11 95.5 18.4 2.56
14.16 95.48 16.55 2.5
25.81 95.77 13.36 2.11
0.1 95.74 10.27 2.28
0 95.62 9.42 3.29
0 95.46 10.29 2.25
0 95.59 13.67 2.82
0.08 95.74 15.7 3.82
0 96.51 9.34 2.47
0 96.86 7.87 1.94
0 96.63 9.71 2.5
0 95.94 14.16 3.5
0 95.71 15.37 3.36
0 96.01 14.1 1.94
21.37 96.31 12.4 1.51
133.65 96.92 8.94 3.17
22.43 96.95 5.56 2.92
0.94 96.76 5.09 2.83
1.15 96.39 4.81 2.13
0 96.26 6.59 2.92
0.01 96.86 4.97 1.31
28.56 96.9 6.58 1.83
0.11 97.24 5.37 1.65
0 97.02 5.95 1.71
3.08 96.36 8.68 1.72
0.05 96.15 9.09 1.33
0 95.85 11.44 2.57
0.01 96.56 7.56 2.06
5.94 96.66 4.31 1.86
0.07 96.66 5.18 1.83
0 96.46 6.81 1.96
0 96.52 8.08 1.41
0 95.91 10.48 1.63
0.03 95.76 10.94 1.84
0 96.59 7.23 4.25
0 97.15 2.1 3.49
0 96.61 5.21 2.32
0 95.72 8.24 3.02
