1.46 96.79 -15.3 1.68
0.02 97.45 -16.82 1.88
17.99 97.35 -19 1.5
6.08 97.48 -17.6 3.41
0 97.83 -19.07 2.33
0.02 98.02 -18.75 2.08
0.18 98.11 -16.39 1.68
13.9 97.53 -15.09 1.18
8.76 97.66 -14.52 1.47
0 97.95 -14.89 1.4
0 97.91 -15.67 2.68
0 97.34 -18.47 3.02
0 97.37 -15.92 2.63
0.57 97.21 -15.75 1.24
0 98.3 -14.67 1.5
0 97.89 -14.2 1.05
0 97.52 -11.01 1.15
0.03 97.42 -6.76 1.49
0 96.88 0.31 3.24
0.06 98.07 -8.78 4.64
0 98.04 -12.36 2.46
0 97.74 -10.64 2.89
0 97.21 -7.94 2.66
0 96.6 -7.89 3.53
0 97.64 -9.04 3.25
0 119.46 -4.74 3
4.82 96.5 -3.3 2.63
0.01 97.16 -10.05 3.52
0 96.69 -5.05 3.63
0 96.76 -5.36 1.66
0 97.37 -8.6 1.77
0.18 97.58 -11.28 1.88
0 97.59 -14.39 1.99
0 97.52 -13.21 2.21
0 97.48 -13.36 1.89
0 97.82 -13.15 1.55
0.02 97.78 -11.23 2.16
4.07 96.79 -3.18 2.83
0 96.82 -3.83 1.96
0 97.45 -6.61 2.37
0 98.03 -9.63 3.54
0 98.46 -11.71 3.95
0 98.22 -11.4 1.9
0.04 97.58 -10.23 1.99
0 97.97 -9.74 2.46
0 98.17 -12.21 1.86
0 97.73 -10.01 1.92
0.01 97.24 -7.84 2.78
0 97.08 -8.22 2.2
0 96.53 -3.94 1.83
0 96.41 -5.61 1.66
0 96.49 -4.5 2.05
0 96.63 -4.76 2.49
0 95.54 1.03 2.6
7.75 95.8 -0.94 2.14
0 96.92 -5.33 2.76
0.2 97.13 -4.95 1.68
3.24 96.83 -5.18 2.2
1.94 97.39 -6.37 2.65
0.11 97.14 -7.08 2.02
0.29 96.82 -3.04 3.17
0 96.96 -2.15 2.97
15.79 96.45 -0.57 2.73
6.04 97.58 -8.05 3.39
0 98.31 -9.91 2.22
0.01 98.57 -10.42 2.18
2.03 98.87 -9.18 2.83
0.01 98.07 -8.72 2.52
0 96.72 -3.57 2.58
0.2 95.67 2.64 3.85
1 96.71 -3.44 4.59
0 97.47 -3.03 2.04
37.98 96.86 -0.83 2.06
2.54 96.74 -2.13 4.52
0.04 97.25 -4.11 2.29
0 97.64 -4.76 2.13
0 96.7 -2.63 2.8
0.36 95.25 4.02 3
40.74 95.83 -0.33 3.56
0 96.3 0.63 2.8
0.07 96.2 4.63 3.75
0 96.95 2.93 2.81
0 97.44 0.17 2.83
0.03 97.47 -2.87 3.06
0.35 97 -2.2 2.09
1.13 97.58 -1.72 2.04
0 97.47 3.2 1.82
0.07 97.29 5.52 2.22
4.65 96.68 8.82 4.42
2.02 96.33 8.05 4.11
0 96.78 3.38 5.24
0 96.84 0.86 3.88
0 96.58 4.63 3.91
0 96.18 9.41 3.48
5.47 96.81 3.67 2.53
0.01 97.47 2.5 2.28
0 96.95 7.44 3.44
0.5 95.78 11.79 5.6
41.1 96.52 2.37 2.58
0 96.81 4.08 2.93
2.7 96.78 2.85 2.05
27.96 96.55 1.1 2.98
0.09 97.33 -0.06 4.99
0 97.5 2.32 2.27
0.11 96.83 5.13 2.98
11.38 97.04 3.64 1.68
0 97.09 5.56 2.92
12.08 96.34 10.71 3.14
68.39 96.78 8.08 1.74
0.15 97.12 8.81 1.79
0.11 97.35 10.58 2.21
0.62 97.1 9.85 2.6
0.11 97.04 8.92 1.92
0 96.66 13.14 2.91
2.26 96.45 13.96 4.43
65.1 96.27 5.01 3.01
12.19 95.81 3.62 3.13
0.16 95.91 5.94 5.41
4.36 96.08 7.49 4.15
5.75 96.36 11.71 2.61
0 95.8 16.91 2.13
0 95.51 18.86 3.74
0.58 96.07 17.08 2.16
4.38 95.6 172.01 2.95
276.53 95.16 11.4 3.19
11.45 95.63 13.35 4.2
15.43 95.74 11.94 1.8
1.65 95.99 15.44 2.37
61.58 95.79 10.88 2.7
12.69 95.66 10.25 2.25
3.24 96.66 10.33 2.65
0 96.95 13.23 1.66
0 96.93 15.86 1.71
3.33 96.52 17.44 3.17
5.42 96.36 20.1 2.67
1.04 96.58 18.99 2.86
41.39 96.16 15.48 2.97
106.9 95.23 12.66 2.64
0.43 94.9 18.56 4.32
0 95.73 22.49 2.57
0 95.88 24.59 2.84
0.28 95.87 22.68 1.96
2.39 95.52 21.1 2.56
13.77 95.66 17.33 4
1.39 96.28 21.54 3.66
0.11 96.74 22.05 2.21
5.08 96.73 19.76 1.98
68.87 96.21 15.62 2.49
54.4 95.77 16.38 2.36
61.17 96.18 15.12 1.76
14.84 96.78 16.66 1.5
1.88 96.73 18.5 1.69
0.53 96.84 19.31 1.71
0 96.89 20.68 1.8
0.01 96.7 21.39 2.25
0 96.38 22.6 2.36
0 96.39 22.87 2.62
0 96.5 24.06 3.05
0 96.6 24.73 2.81
0 96.66 25.12 1.98
1.61 96.55 22.4 2.11
0.05 96.34 21.36 2.66
0.42 95.99 22.07 2.26
11.71 95.75 22.39 3.09
68.3 95.59 22.09 2.76
1.31 95.44 23.6 2.42
9.53 95.55 24.2 1.74
101.97 95.66 21.36 1.87
10.06 95.73 20.72 1.69
2.23 95.79 23.06 1.46
0.21 96.15 23.37 2.84
0.02 95.78 23.44 2.11
20.09 96.09 20.77 2.29
0 96.21 23.27 1.55
0 96.1 24.97 1.99
0 96.09 25.72 2.15
0 96.01 25.36 1.85
36.52 95.8 22.32 1.73
105.08 95.73 22.22 1.39
0.34 95.77 23.98 1.43
0.06 95.6 24.46 1.7
134.62 95.47 21.99 2.01
4.71 95.45 25.33 1.7
0.04 95.48 27.66 1.4
12.66 95.45 26.82 2.14
0 95.42 26.82 2.73
0.04 95.6 25.08 2.42
21 95.92 21.77 1.93
7.35 96.08 22.73 1.84
1.01 96.08 22.71 1.91
85.4 95.92 20.92 1.86
64.37 95.86 21.35 1.41
188.54 96.11 20.71 1.25
7.23 96.35 22.83 1.23
0 96.31 24.4 1.75
78.27 95.91 22.95 2.33
6.7 95.7 24.66 3.22
1.11 95.9 25.72 2.48
3.26 95.85 26.85 2.33
14.28 95.96 25.56 2.39
366.02 95.84 22.92 1.68
2.07 96.07 24.41 1.5
4.06 96.18 25.88 1.52
2.42 96.24 26.43 1.64
2.83 96.36 27.28 1.71
0.64 96.22 27.49 2.36
14.94 96.1 26.98 2.03
8.89 95.76 26.94 2.37
87.78 95.35 26.57 2.62
7.53 95.34 23.44 1.56
25.18 95.32 25.69 1.42
159.21 95.62 22.5 1.67
0 96.25 22.04 2
0.02 96.17 23.15 1.57
10.75 95.48 24.2 2.46
73.14 95.64 23.53 1.69
199.65 96.02 22.21 2.41
0 96.81 21.3 1.62
13.22 96.47 21.38 1.63
151.11 95.75 22.34 2.17
24.53 95.79 22.82 2.19
0 96.02 22.41 1.87
0 95.75 24.86 2.09
14.65 95.47 24.64 1.77
2.14 95.35 25.75 2.07
33.93 95.25 24.47 2.6
0 95.73 22.69 2.51
0 96.12 23.25 1.63
13.26 96.15 23.72 2.44
7.55 96.37 23.71 2.63
137.32 96.49 22.5 1.99
2.2 96.75 23.59 1.64
206.36 96.65 19.29 1.58
89.97 96.6 18.87 1.39
0.92 96.62 20.3 1.4
0 96.55 22.57 1.61
0.08 96.76 22.1 1.41
1.23 96.92 22.35 1.88
0 96.63 21.55 1.69
2.91 96.45 21.06 1.23
27.42 96.06 21.53 1.54
16.83 96.2 21.41 1.68
0.85 96.26 22.22 1.7
41.69 96.74 20.98 1.44
2.51 96.87 21.59 1.44
0.03 96.76 20.19 1.16
0 96.51 20.03 1.47
0 96.3 22.22 1.61
3.73 96.44 23.25 1.43
0 96.99 18.85 2
0 96.86 17.31 1.32
1.51 96.43 17.87 1.33
20.67 96.05 19.44 1.55
0.51 96.28 19.98 1.28
0 96.41 21.27 1.12
1.59 96.49 22.55 1.34
0 96.61 22.56 1.44
3 96.42 22.01 2.35
125 96.76 15.86 2.25
250.93 96.88 10.04 2.14
198.64 96.75 12.31 1.31
0 96.49 15.94 1.36
37.02 96.67 14.97 2.02
205.49 97.32 10.29 2.75
0 97.26 10.44 1.86
0 97.06 13.02 1.48
0.52 96.8 14.99 1.55
7.25 96.57 15.88 2.64
0.41 96.73 14.28 2.09
0 96.64 11.85 3.88
0 97.51 9.66 2.77
0 97.12 10.49 1.47
0.03 96.82 14.95 1.79
0.89 97.11 13.85 1.48
400.49 96.79 9.19 2.36
85.64 96.73 7.38 3.43
0 96.9 9.85 2.12
0 96.56 12.89 1.38
0 96.44 16.54 2.04
0 96.61 17.69 2.62
0 96.55 17.05 2.53
0 96.08 16.66 2.53
20.8 96.62 12.13 2.26
125.66 97.06 6.29 2.45
0 97.21 8.35 1.46
0 96.74 10.49 1.46
0 96.91 9.58 2.7
0 96.49 8.26 2.75
0 97.27 3.99 2.72
0 97.9 1.56 1.28
17.99 97.87 0.49 1.24
51.01 97.84 2.13 1.36
0 97.73 3.02 1.28
0 97.22 4.39 1.43
0 96.9 9.2 1.75
5.72 97.03 10.18 2.37
3.48 97.55 4.25 3.35
0 97.94 1.02 3.67
0 98.65 -0.69 2.81
0 97.83 0.81 1.65
0 97.66 4.9 1.8
0 97.65 6.24 1.6
0 97.7 6.42 1.5
0 97.5 6.47 1.82
0 98.02 3.25 3.5
0 97.64 2.04 1.93
0 97.16 6.02 1.98
0 97.25 5.12 1.31
0 96.94 7.21 1.74
0 96.63 7.89 1.6
6.38 96.74 4.83 2.8
0.37 97.3 0.86 3.28
0 97.03 -0.61 1.34
0 96.64 0.48 1.47
67.84 95.96 1.36 3.45
1.87 96.53 -0.06 2.12
2.24 97.48 -0.03 3.14
0 98.48 -3.7 2.41
0.03 97.87 -2.74 2.18
0 97.16 0.68 1.57
0 97.12 1.32 1.86
0 96.77 5.45 3
0 96.29 4.35 2.13
0 96.06 6.04 1.85
0.21 96.16 2.98 4.11
0 96.99 -2.18 1.96
0 96.91 -1.5 2.08
0.01 97.04 -0.78 3.6
0 97.36 -5.65 2.05
0.39 96.58 -5.47 1.95
0 96.84 -5.48 5.65
0.36 97.08 -7.2 1.74
0.45 96.99 -6.75 1.4
0 96.6 -2.64 1.99
0.07 96.14 -1.79 2
0.07 96.69 -6.5 3.25
0 96.91 -6.1 2.21
0 95.82 1.96 2.32
0 97.13 -2.11 3.34
0 97.74 -5.32 2.95
0 96.47 -4.64 1.98
0 96.42 -6.04 1.78
0 96.03 -5.05 2.1
1.19 95.73 -6.84 3.94
0 96.86 -11.08 2.14
1.62 97.19 -12.91 2.66
0.2 97.94 -14.45 2.93
0 97.83 -15.24 3.34
0 97.53 -14.26 3.17
0 96.23 -9.15 2.62
0 96.06 -5.85 1.76
0 96.08 -3.76 1.71
0 96.33 -3.4 2.15
0 96.6 -1.12 1.75
0 96.34 -6.13 1.5
0.26 96.91 -9.36 2.76
0 98.21 -15.45 3.59
0 98.19 -15.39 3.1
0 97.27 -14.41 2.94
0 96.15 -11.75 2.76
0 95.81 -8.7 2.07
0 96.45 -10.86 3.14
1.32 96.73 -11.68 1.84
0.03 96.84 -11.64 4.53
0.55 97.32 -10.43 5.1
0 98.01 -10.45 2.95
0 98.2 -11.75 2.39
0 97.82 -12.31 1.21
0.01 97.41 -12.22 1.54
0.02 97.51 -10.97 3.77
0 98.13 -9.68 3.24
0.01 97.5 -7.84 1.97
0.18 97.33 -8.43 3.09
0 97.93 -12.23 3.19
0 97.2 -10.7 2.14
0 96.71 -10.89 3.4
0 96.94 -12.71 1.75
0.01 96.88 -10.88 2.09
0.03 97.91 -13.98 2.49
0 98.35 -16.8 3.44
0 98.15 -15.24 1.95
0 97.96 -13.91 2.31
0 97.68 -14 2.39
0 97.64 -13.73 2.78
0 97.56 -12.38 1.88
0 97.37 -12.32 1.59
0 97.36 -12.4 2.58
0.04 97.64 -13.57 3.31
0.01 97.83 -13.78 1.97
0.14 97.99 -14.28 2.07
0 98.43 -14.48 1.6
0 98.72 -13.73 2.18
0.02 98.24 -13.57 2.44
0 97.93 -13.48 3.34
0 97.7 -10.84 2.55
0 97.24 -3.68 2.63
0 96.95 -4.16 1.5
0 96.9 -6.89 1.28
0 96.77 -5.88 1.97
0 97.02 -5.42 2.03
0.03 96.27 -3.65 3.7
0.09 96.73 -2.07 2.49
0 96.53 -5.83 1.83
1.61 96.57 -6.12 2.85
0.13 97.44 -9.34 2
0.94 97.47 -9.32 1.44
0.87 97.68 -12.2 3.42
0 97.85 -11.62 2.12
0.14 97.75 -10.87 1.99
0.1 97.72 -11.39 1.58
0 97 -4.77 2.64
0.81 96.92 -4.89 1.54
1.84 97.33 -3.94 2.4
0 97.33 -4.11 1.74
0 97.16 -0.12 1.96
0 97.52 -0.64 1.56
0 97.13 1 1.83
0 96.65 2.08 3.2
3.66 96.41 2.04 2.37
0.64 97.15 -2.79 2.62
0 97.86 -4.57 1.69
6.38 97.28 -1.82 3.54
0.51 97.94 -7.88 3.9
0.11 97.49 -7.01 3.19
0 97.18 -5.48 2.6
0 97.2 -5.7 2.07
0 97.29 -3.89 2.44
0 96.96 -1.11 1.83
0.18 96.43 2.01 2.29
0 97.19 -0.61 3.5
0 96.94 -0.22 3.73
0 97 -2.22 4.04
0 97.38 -0.95 3.35
0 97.07 0.92 3
0 96.54 2.46 2.85
0 95.76 7.31 2.05
0.02 96.42 3.36 3.94
0 97.64 -1.07 3.93
0 97.35 -3.44 4.34
0 97.13 -2.53 2.91
0 96.56 3.16 2.92
0 96.12 5.96 4.11
0 96.6 2.96 2.97
0 96.75 1.32 2.41
0.69 97.35 -1.73 3.44
0 97.47 -1.65 2.76
0 97.19 -1.14 2.29
0 97.31 -0.99 3.89
0 103.84 0.5 2.37
0 103.78 1.7 2.42
0 103.6 3.85 2.62
0 103.9 3.45 1.82
0 103.52 7.73 2.75
0 103.25 8.56 1.92
0 102.78 10.82 3.28
0 104.06 3.87 4.33
0 104.04 3.46 2.54
0 103.57 6.31 2.17
0 103.51 8.16 1.59
0 97 10.31 2.81
0.11 96.31 11 4.6
1.24 96.57 8.94 3.68
0 96.62 8.88 3.58
0 96.38 10.47 3.94
2.55 97.08 6.74 3
0 96.78 9.64 2.81
0 96.13 15.5 3.25
0 96.22 14.68 1.81
0.08 95.48 16.17 2.83
0 96.3 11.64 4.47
0 96.16 12.25 3.8
4.74 96 9.58 5.75
1.57 96.67 7.53 5.07
0 96.62 10.32 2.36
0 95.99 14.4 3.61
48.49 96.73 8.6 2.5
3.65 96.6 7.76 2.14
10.37 96.34 6.61 2.56
2.09 95.91 7.67 3.61
0.19 95.52 9.63 2.1
8.23 95.51 9.84 2.48
2.1 96.19 8.67 3
0 95.75 10.22 1.93
51.03 95.17 8.72 1.59
12.98 95.05 10.05 2.31
1.99 95.91 14.24 3.49
0.33 96.17 13 3.37
0 96.51 13.66 2.73
1.53 96.16 13.52 2.8
148.35 95.41 10.13 3.07
0.11 95.35 11.5 2.78
0.03 95.85 14.04 2.51
1.55 95.96 15.2 3.59
27.2 95.63 16.77 2.5
0 95.89 18.79 1.85
0.2 95.56 17.9 3.8
0.47 95.47 14.62 5.47
0 95.63 16.73 5.64
0 95.81 17.29 3.73
0 96.35 14.72 3.4
0 96.36 15.4 1.94
0.01 95.32 17.54 2.91
27.52 95.05 18.07 3.75
14.33 96.16 15 2.92
0.76 96.29 13.39 3.18
0.42 96.2 13.7 3.54
0 96.03 18.65 2.74
0 96.15 19.77 2.61
0 96.29 21.91 2.95
3.15 96.25 21.35 3.81
10.46 96.2 19.61 4.24
0.03 95.97 21.11 3.13
0.52 95.82 24.39 4.96
9.34 95.88 23.14 2.6
43.16 95.44 19.91 2.73
13.71 95.34 17.9 2.47
0.03 95.82 20.14 2.34
4.81 95.57 21.07 4.18
8.37 95.6 20.02 3.28
0.64 95.88 20.6 1.96
0.84 95.75 23.59 2.13
40.3 95.15 24.76 3.02
18.53 94.87 22.07 2.55
32.84 95.11 21.49 1.99
0 95.5 23.32 2.53
41.9 95.48 21.21 1.99
218.66 95.65 16.96 1.99
16.36 95.8 19.8 2.05
23.33 95.87 21.65 1.6
61.32 95.71 20.26 1.87
94.37 95.68 18.48 2.01
94.23 95.89 17.41 1.6
0.78 95.99 20.42 1.36
0 95.93 22.65 1.44
0 95.79 24.81 2.26
0.06 95.5 26.28 2.75
0 95.41 26.96 2.67
7.75 95.19 22.82 2.45
82.22 95.4 17.71 2.55
1.04 96.08 20.67 2.35
0 96.46 21.51 1.7
12.44 95.83 21.82 2.71
25.66 95.16 22.06 2.05
3.47 95.4 24.44 2.54
0.06 95.58 24.14 3.17
18.83 95.49 23.01 2.73
40.68 95.52 22.45 1.73
0.24 95.37 24 2.14
0 95.47 24.68 2.24
0 95.62 25.77 1.97
26.9 95.19 22.68 2.06
1.29 94.84 25.51 2.89
114.59 94.96 19.34 1.58
37.76 95.04 19.74 2.37
3.77 95.68 22.05 1.75
11.62 95.88 23.78 2.28
9.04 95.95 24.23 2.4
10.46 95.96 23.87 2.43
1.21 95.76 24.08 1.64
64.54 95.85 22.77 1.83
16.93 95.83 23.46 1.43
33.3 95.71 22.96 1.72
32.78 95.77 22.16 1.51
32.18 95.81 22.99 1.15
181.17 95.64 21.71 1.25
99.98 95.61 21.74 1.43
108.09 95.57 22.3 1.93
39.1 95.5 23.64 2.01
0.46 95.57 25.04 1.63
25.69 95.58 25.27 2.23
414.03 95.39 22.75 2.5
154.51 95.29 23.27 2.19
10.23 95.53 23.42 2.16
2.37 95.7 25.12 1.72
34.19 95.88 23.28 1.36
163.2 95.53 21.34 1.57
0.02 95.59 23.71 1.54
0.71 95.72 24.92 1.88
0.87 96.11 23.71 1.63
0.11 95.74 23.79 2.1
0 95.68 24.02 2.01
0.03 95.88 24.4 1.76
7.18 95.89 23.37 1.47
15.38 95.91 23.97 1.47
27.43 95.46 24.04 1.5
17.08 95.57 25.68 1.74
0 96.01 25.25 1.27
0 95.86 25.59 1.42
0 95.6 25.79 1.85
18.36 95.35 25.45 1.83
45.09 95.68 22.53 1.82
290.36 95.75 19.28 1.48
31.01 95.75 22.11 1.47
28.59 95.94 21.58 1.21
0.21 96.18 22.22 1.37
0.34 96.35 22.45 1.35
0 96.33 23.78 1.38
1.27 96.21 24.01 1.75
45.91 96.44 21.71 1.65
0 96.46 21.04 1.2
14.7 96.44 20.78 1.48
3.59 96.66 21.05 1.38
0.31 96.75 21.73 1.41
26.19 96.55 19.93 1.45
19.35 96.2 21.32 1.24
1.82 96.1 22.83 1.48
0 96.02 23.71 1.48
40.77 95.76 23.18 2.59
1.16 96.3 19.84 1.62
0 96.11 20.23 1.44
2.43 96.62 19.07 1.64
0.24 96.56 19.21 1.18
0 96.61 18.58 1.17
0 96.18 19.53 1.29
29.14 95.79 19.23 2.49
3.23 96.45 14.73 1.94
0.12 97.02 14.29 1.76
3.26 97.3 14.26 1.7
16.78 96.77 17.16 1.84
0.22 96.49 17.93 2.13
0.06 96.08 20.41 2.87
15.38 96.13 18.16 1.93
6.74 96.34 15.85 1.71
38.01 96.69 13.73 2.37
0 97.09 10.94 2.46
0 97.53 10.72 1.95
0 97.36 11.15 1.33
0 97.01 12.3 1.47
0 96.59 13.54 1.52
0 96.67 14.7 1.92
0 96.62 15.06 1.72
0 96.33 17.59 2.35
0.2 96.61 18.7 1.79
0.1 96.8 18.91 2.43
0.03 96.64 18.19 2.34
3.7 96.45 16.26 2.26
0.35 96.88 10.61 2.85
0 97.43 7.81 2.36
0 97.45 8.46 2.62
0 97.92 8.82 2.59
0 97.58 10.05 1.48
0 96.9 11.79 2.09
0 96.28 13.71 3.08
0 96.89 11.01 2.24
0 96.91 10.83 1.37
0 96.68 14.13 2.32
0.09 97.03 14.67 2.42
0 97.59 10.05 1.34
0 97.29 12.1 1.59
0 96.71 14.45 1.31
56.9 96.18 11.53 1.59
8.38 96.07 10.53 1.59
2.03 95.67 10.29 2.28
0.87 96.18 10.22 3.75
0 97.25 5.86 2.24
0 97.3 8.78 1.53
0 97.11 11.26 2.27
0.01 96.94 14.73 2.99
0 96.86 13.99 1.98
0.26 96.73 11.68 1.25
21.17 97.27 6.16 3.57
0.02 97.63 3.79 3.15
0 97.68 4.87 1.78
0 97.24 6.47 1.47
0.7 97.09 8.3 2.21
0 97.37 7.08 1.43
0 97.03 7.32 1.44
0 96.83 9.73 2.7
0 97.04 11.07 3.38
2.57 97.21 12.74 2.56
0.25 97.83 6.84 1.58
0.77 97.54 7.84 1.48
2.43 97.24 10.85 2.47
0.41 97.93 4.63 3.19
0.04 97.81 3.22 1.62
0 97.73 3.83 1.75
0 97.69 3.67 1.54
0 97.5 2.52 1.19
0 96.88 2.88 1.31
0 96.28 4.64 1.91
0 96.53 6.7 2.74
0.07 97.36 -0.06 2.65
0 97.52 -3.46 1.45
0 97.58 -2.78 1.4
0 97.74 0.61 1.91
62.93 97.13 1.07 1.05
10.29 96.85 0 2.95
0.94 97.09 -4.02 3.06
0 97.61 -5.44 2.07
0 97.61 -3.88 1.59
17.46 97.17 -4.71 2.2
0.29 97.81 -7.15 3.06
0 97.56 -7.98 1.03
0.06 97.56 -6.32 1.44
0.49 96.82 0.34 1.49
0 96.93 -1.23 1.15
0 97.75 -2.46 2.51
0 98.33 -7.1 1.72
0 98.61 -7.36 2.1
0.08 97.89 -7.53 0.95
0.02 97.15 -5.54 1
0 97.35 -5.94 1.47
0 97.71 -7.4 1.18
0.95 97.98 -8.01 0.84
1.06 97.88 -4.97 1
0.74 98.15 -6.31 2.63
0.02 98.48 -10.78 3.71
0 98.1 -10.58 2.67
0.01 97.23 -6.52 3.32
0 97.25 -2.84 2.26
0 97.77 -6.17 1.49
0.01 97.07 -3.16 2.73
0 97.74 -7.66 4.08
0 97.99 -11.47 3.32
0 98.13 -11.48 3.12
0 97.85 -9.92 2.06
0 97.91 -9.73 1.91
0 97.82 -10.48 1.07
0 97.47 -9.87 1.71
0 97.4 -8.84 3.3
0 97.72 -10.75 2.11
0 97.19 -8.94 2.33
0 97.41 -12.2 1.4
0 97.92 -12.51 1.3
0 98.19 -11.53 1.34
0 97.66 -8.25 1.38
0 98.05 -9.99 1.93
0 98.44 -14.4 1.19
0.09 97.87 -12.97 1.17
0.01 97.61 -10.09 1.64
0.53 98.02 -10.97 1.86
0.83 97.46 -11.54 1.94
0.26 97.57 -11.71 3.31
0 97.83 -11.39 2.16
0 97.61 -11.22 1.7
0 98.46 -13.57 1.41
0.12 98.37 -14.6 1.03
0 97.91 -12.13 1.13
0 97.89 -13.21 1.06
0.11 97.9 -12.47 2.58
0 98.06 -12.16 2.48
0 97.11 -6.87 2.32
0 97.37 -8.79 1.69
0 97.28 -8.88 1.67
0 97.06 -10.13 1.1
0.05 96.85 -8.61 1.15
0.07 97.08 -10.72 1.02
0 97.24 -10.61 1.1
0 97.68 -10.9 1.11
0.01 98.34 -12.6 3.35
0 98.24 -16.57 2.85
0 97.92 -16.92 2.4
0 97.4 -16.52 1.91
0 97.22 -15.51 2.3
0 96.83 -13.63 2.24
0 96.93 -12.76 1.61
0 97.47 -13.61 1.57
0 97.71 -14.28 1.32
0 98.1 -14.84 1.56
0.05 97.75 -16.6 1.28
0.31 97.2 -15.07 3.28
0 98.02 -16.34 3.74
0 98.02 -14.82 2.69
0 97.01 -12.27 2.45
0 97.11 -9.51 2.13
0.16 96.53 -5.75 2.15
0.03 97.09 -10.86 4.56
0 97.38 -14.41 4.13
0 96.95 -11.53 3.81
0 97.13 -9.34 2.68
0 97.5 -10.16 2.4
0 97.51 -10.22 1.8
0 97.28 -8.3 2.23
0.03 96.92 -3.57 1.84
0.19 97.46 -7.28 2.98
0 97.44 -9.72 2.43
0.04 97.51 -10.25 3.01
0 97.64 -11.57 4.11
0 97.55 -9.25 2.84
0 96.94 -5.79 2.43
0 97.06 -7.04 1.9
0 96.87 -8.44 1.29
17.06 96.4 -6.41 2.33
0 97.38 -6.79 2.23
3.28 97.21 -6.15 1.96
0.09 97.69 -7.52 3.09
0 97.65 -7.92 1.91
0 97.13 -5.59 1.91
0 96.73 -1.08 2.63
0 96.86 0.45 1.97
4.07 97.41 -2.95 1.87
0.4 97.64 -6.1 2.19
0.25 97.64 -5.55 1.53
0.07 97 -1.32 1.7
37.19 96.22 -1.96 1.19
36.46 96.23 -3.19 2.29
0.03 96.91 -4.03 2.74
0 97.67 -6.79 3.01
0 97.44 -7.55 1.77
0.19 97.22 -6.68 4.14
0 97.73 -6.53 3.42
0 97.43 -4.99 1.92
0 96.72 -0.8 2.57
0 97.31 -0.19 1.93
0 96.96 2.64 3.14
5.56 96 5.53 3.76
5.47 96.64 -1.74 3.53
8.85 97.52 -6.61 2.73
0 97.25 -1.63 2.22
0 97.2 0.3 1.85
0 96.55 5.09 3.35
0 97.14 3.22 1.62
8.48 96.22 1.59 3.46
0 96.6 1.08 5.2
0 97.11 1.13 3.3
0 96.78 4.89 2.19
0 96.93 9.13 2.88
0 97.21 9.45 2.96
0.27 96.12 11.26 6.26
0.51 96.79 2.94 4.25
0.26 96.79 0.74 4.27
0 96.87 0.44 1.91
5.28 96.67 2.27 2.32
0 96.3 4.9 3.53
0 96.07 5.54 4.21
0 96.37 4.84 4.08
0.09 96.8 3.77 2.56
0 96.32 9.15 3.49
0 96.34 11.62 3.9
0 96.31 13.03 3.35
12.19 95.98 14.38 4.86
6.04 96.35 8.82 4.05
0 95.77 12.84 2.93
0 95.66 14.35 3.1
0 95.65 15.68 3.17
0.79 96.23 10.92 3.36
0 96.63 9.7 2.55
0 95.7 15.9 3.67
0 95.74 17.9 4.04
1.31 96.22 13.85 4.12
65.3 96.7 12.92 3.07
2.67 96.1 12.2 2.11
0.52 95.4 13.97 1.85
0.44 95.41 17 3.45
133.78 95.81 13.08 2.22
115.93 95.74 10.07 4.02
0 95.24 11.55 3.1
0.09 94.87 13.06 5.98
0 96.18 10.7 3.08
0 96.19 12.92 2.4
0.44 95.83 17.96 3.48
0.37 96.41 17.45 2.3
11.24 95.9 17.96 2.07
0 95.94 21.08 1.97
0.9 96.07 20.79 2.27
0 96.14 18.67 3.52
0 95.78 17.93 2.15
0.63 95.79 16.97 1.57
0 96 18.2 1.86
0.05 96.3 20.11 2.28
4.43 96.44 21 2.38
44.78 96.52 16.34 1.6
32 96.09 13.52 2.24
17.41 95.85 12.64 2.93
6.53 95.77 13.72 3.57
0.01 95.49 13.61 2.64
12.35 95.22 13.16 4.08
0.12 95.72 16.26 1.86
0 95.64 21.83 3.61
26.21 96.16 20.49 2.98
5.38 96.54 19.41 1.91
0.11 96.42 20.84 3.23
2.66 96.11 20.13 3.6
9.86 96.21 18.15 2.68
0 96.18 17.92 2.71
0 96 18.79 2.47
0 95.61 21.03 2.37
0 96.12 20.99 2.12
0 96.25 22.93 2.2
8.03 96.23 21.61 2.68
73.94 96.64 15.76 2.54
0.18 96.75 17.8 1.73
10.56 96.39 17.13 2.87
26.81 96.07 17.74 2.56
149.57 95.88 15.78 2.05
13.41 95.52 19.21 2.93
2.75 95.69 21.07 2
8.58 95.3 20.49 2.18
13.98 95.14 22.51 2.23
34.59 95.15 22.51 2.51
109.55 95.01 21.55 2.98
20.9 95.14 18.03 2.27
1.74 94.86 17.97 2.97
11.29 94.94 17.83 1.96
83.31 95.56 15.55 1.78
332.11 95.78 15.53 1.92
121.18 95.77 16.4 2.32
4.25 95.66 19.85 1.52
8.76 95.53 22.84 1.59
14.46 95.74 21.66 1.81
86.48 95.49 21.77 1.36
9.25 95.53 22.59 1.58
3.35 95.7 22.33 1.52
44.32 95.68 21.08 1.71
1.19 95.46 22.26 2.41
31.62 95.47 22.73 2.77
24.1 95.84 21.64 1.92
10.83 96.21 23.05 2.36
1.36 96.36 23.28 1.76
2.6 96.11 21.24 2.32
94.04 95.67 20.69 2.03
0 95.45 24.02 1.83
5.5 95.1 24.95 3.19
5.72 95.08 23.4 2.69
0.72 95.05 23.43 2.61
0.11 95.44 23.96 1.68
1.16 95.61 23.77 1.61
0.66 95.47 24.5 1.46
17.17 95.47 25.12 2
50.13 95.48 25.59 2.25
38.87 95.54 24.28 2.09
213.88 95.13 20.81 1.74
40.22 94.81 20.36 2.3
59.36 95.21 20.32 2.56
8.73 95.72 22.18 2.79
0 95.76 22.06 1.51
0 95.8 23.28 1.62
0 96.06 24.89 1.44
0 96.2 24.7 2.06
0.26 96.02 24.52 2.2
2.05 95.82 25.16 1.44
6.77 95.76 25.79 1.62
43.66 95.73 24.54 1.95
556.78 95.26 22.76 3.38
0 95.78 24.21 1.39
0 96.02 24.38 1.68
7.01 95.95 24.63 2.2
112.33 95.56 25.27 2.85
2.25 95.9 24.78 1.48
143.33 95.52 23.39 2.28
29.24 95.11 24.63 2.96
0.36 95.77 22.82 1.69
99.09 96.1 20.32 1.32
172.89 96.23 19.44 1.56
281.47 96.15 20.4 1.37
32.34 96.23 21.87 1.51
238.83 96.23 21.84 1.6
0 96.41 23.6 1.11
0 96.24 24.49 1.11
0 95.89 25.59 1.8
17.31 95.75 25.3 1.83
18.75 96.03 24.09 1.22
0 95.92 24.48 1.52
16.05 96 21.4 1.97
26.22 96 19.13 2.05
1.03 96.13 20.71 1.58
2.85 95.86 19.5 1.76
2.51 95.88 21.51 1.41
0 96.26 22.61 1.78
0.06 95.87 23.31 2.8
132.25 95.82 23.6 2.04
5.78 95.92 22.32 1.37
31.27 95.88 21.29 2.03
10.91 96.54 17.47 1.71
0.05 96.69 17.31 1.73
0 96.48 20.05 2.27
0 96.42 21.82 2.14
0.2 96.25 22.13 2.3
1.78 96.28 21.59 1.52
21.4 96.19 21.46 1.43
0.9 95.64 22.83 1.82
1.63 95.78 24.37 2.13
0 96.08 24.65 1.69
0 96.19 25.51 1.94
0.66 96.23 25.13 2
197.34 96.15 18.99 2.75
66.73 96.55 14.03 2.42
0.62 96.59 14.32 1.57
1.35 96.74 16.57 1.74
0 96.65 19.8 2.09
37.54 96.79 17.91 1.52
2.43 96.68 17.36 1.04
0 96.59 18.85 1.2
0 96.53 20.78 1.58
48.07 96.22 19.84 1.98
91.4 96.17 14.68 2.81
0.37 96.33 13.13 2.19
0 96.73 14.35 1.45
0.17 97.19 14.83 1.06
0 97.28 14.6 1.23
0 96.58 15.63 2.07
0 96.11 16.33 2.12
0.24 96.14 16.49 1.38
0 96.37 18.09 1.52
2.23 96.3 18.77 2
0.92 96.29 17.91 1.5
5 96.6 16.62 1.27
0.34 96.96 16.42 1.38
14.75 96.84 15.97 1.71
3.8 97.05 16.17 1.19
82.69 96.7 12.21 1.57
81.58 96.58 10.09 5.38
1.84 96.79 12.32 3.32
0 96.85 11.56 1.42
0 96.72 12.9 1.34
0.41 96.52 14.59 1.79
1.74 96.31 14.17 2.18
0 96.45 13.56 1.79
0 96.99 12.09 1.48
0 97.45 12.45 1.1
0 97.3 13.77 1.29
0 96.82 15.46 1.98
47.48 96.35 13.81 2.56
0 96.9 9.34 1.9
0.02 96.54 10.9 2.21
0 96.32 13.42 1.73
0.09 96.67 10.28 3.01
0 97.13 7.73 1.9
0.01 97.3 8.11 1.81
62.88 96.62 9.71 2.91
0 96.69 5.23 2.89
0 96.75 6.14 2.01
0 96.62 8.22 1.92
0 96.98 7.28 1.67
60.88 97.31 3.14 1.12
73.42 96.7 2.83 1.93
0 96.4 6.54 1.61
0 96.11 9.6 2.28
0 96.78 9.2 1.56
0 96.83 10.99 2.02
9.44 96.63 11.58 2.44
0 97.62 4.66 1.75
1.46 97.52 1.21 1.86
0.09 97.14 1.04 2.61
0.05 96.96 0.71 1.99
0 96.97 2.38 1.45
0 97.19 1.82 1.74
18.42 97.14 3.26 1.39
169.72 96.64 2.44 91.66
63.66 96.93 0 2.88
0 97.06 -1.5 1.32
0 96.72 0.1 1.41
0 96.96 1.1 1.41
0 97.43 -0.55 1.16
42.4 97.12 -0.53 0.85
185.74 95.65 -1.4 4.13
0.73 96.24 -3.01 3.12
0 96.3 -4.71 3.77
0 97.16 -4.01 2.55
0 97.49 -5.45 1.3
20.24 96.9 -2.14 1.48
0 96.82 -4.6 89.59
0.03 96.57 -3.95 2.39
0.01 97.09 -2.28 2.52
0 97.17 -4.17 1.2
0 96.79 -1.44 1.9
5.03 97.28 -4.38 2.15
0 97.25 -5.88 1.94
0 96.72 -4.4 2
0 96.6 -1.99 2.78
0 96.72 -6.29 2.42
0 95.84 -2.9 3.1
0.02 96.5 -4.74 3.58
0.02 97.12 -7.87 1.9
0 97.84 -11.41 2.29
0.12 97.57 -12.26 1.95
0.62 96.42 -4.16 2.6
3.38 96.52 -6.44 3.59
0 96.86 -9.47 1.6
0 96.87 -11.64 2.65
0 96.86 -13.37 2.07
0 97.01 -14.69 2.06
0.01 96.99 -15.47 3.71
0 97.1 -10.8 3.4
0.05 97.75 -11.8 1.33
0.03 97.92 -12.14 1.09
0.08 97.41 -10.72 1.6
0.02 97.35 -8.02 1.18
13.33 97.41 -8.58 1.58
0.83 97.22 -7.64 1.48
0.34 97.61 -10.7 1.18
0 97.92 -11.42 3.29
0 98.06 -13.61 2.27
0.01 97.53 -14.21 0.97
0.15 97.66 -11.3 324.24
5 97.56 -8.8 2.86
0.01 98.07 -14.47 2.87
0 97.92 -18.41 2.3
0 97.08 -17.5 3.53
0 98.22 -17.47 2.47
0 97.99 -17.6 1.24
0 97.34 -13.12 1.14
2.93 97.31 -13.13 1.06
19.36 97.33 -11.67 3.16
0 96.98 -14.71 2.91
0.03 96.46 -14.97 1.56
0 96.87 -16.18 3.31
0 98 -17.45 3.66
0 98.59 -15.35 2.16
0 97.63 -15.63 1.59
0 97.44 -13.93 1.61
0 97.37 -14.91 1.21
0 97.26 -14.33 1.6
0.03 97.7 -16.07 1.7
0 97.51 -15.36 1.64
0 97.38 -14.65 1.3
0.55 96.99 -12.54 0.97
0 97.08 -11.67 1.6
0 97.1 -12.89 0.98
0 97.53 -10.51 1.85
2.34 97.29 -12.57 1.78
0 97.96 -13.73 2.38
0 98.24 -11.87 1.56
0 97.22 -8.46 1.87
0 97.76 -9.31 1.38
7.47 97.79 -8.98 1.01
0.33 97.77 -8.52 1.87
0 97.57 -12.02 1.18
0.02 96.4 -7.92 2.18
0.04 96.99 -12.6 3.81
0 97.1 -14.18 1.59
0.19 97.44 -14.05 1.09
0.05 97.36 -11.64 1.7
0 96.87 -6.77 1.24
0 97.17 -7.26 1.22
0.04 97.12 -5.42 1.54
1.92 97.04 -4.85 1.5
1.7 97.52 -6.6 3.8
0 97.74 -9.74 2.06
2.27 96.75 -7.96 2.2
0 97.46 -8.65 2.85
0.01 97.01 -7.73 1.64
1.34 97.3 -13.79 3.67
0 98.17 -16.81 4.51
0 98.09 -15.38 1.54
0.36 97.16 -11.02 2.04
0 97.77 -12.07 2.3
0.08 97.83 -11.45 1.75
0 97.08 -6.66 74.42
0 96.83 -3.93 2.59
0 97.49 -7.96 2.14
0 97.47 -9.64 1.59
0 96.79 -6.32 2.29
0.03 96.67 -3.98 3.82
0 97.42 -9.44 2.96
0 97.61 -11.38 2.12
0.03 97.54 -11.06 1.66
0 97.39 -7.73 2.68
0 97.59 -6.34 2.42
0 97.52 -4.2 1.75
0 97.68 -5.69 1.57
6.39 97.55 -6.37 1.78
0.58 96.61 -0.27 2.36
0 96.51 1 2.39
0.27 95.98 -1.31 5.11
0 97.73 -6.76 5.58
0 97.87 -5.17 1.82
0 96.73 -0.61 2.35
0 97.04 1.84 2.42
0 96.43 5.63 2.9
0 96.36 3.58 1.47
0 95.79 4.19 2.02
0 95.7 1.02 2.43
0 95.74 -1.67 5
0 97.32 -1.54 2.06
0 96.56 3.94 3.4
29.18 96.42 0.74 3.4
0 97.65 -5.13 4.09
0 97.21 0.24 2.86
0 96.67 5.67 2.58
0 97.11 5.37 2.59
0 95.62 7.91 3.07
0.66 95.76 -1.56 3.8
14.6 96.54 -5.68 3.21
0.26 97 -5.93 2.82
0 95.72 1.5 5.22
0 96.7 -2.1 2.78
26.9 96.37 -4.14 3.12
0 97.06 -4.23 3.24
0 96.94 -1.23 1.8
0 95.97 4.64 3.88
1.74 96.09 2.73 3.11
0 96.97 0.01 3.04
0 97.2 -0.86 2.26
0.38 97.12 0.36 1.73
6.44 96.81 2.1 2.24
102.43 96.87 0.95 2.44
0 96.41 4.57 2.77
0 96.42 6.7 2.74
17.21 96.63 1.11 2.15
56.05 96.85 0 2.99
0 96.64 0.52 2.87
0.25 95.86 1.92 2.42
14.49 95.8 1.63 2.87
5.67 96.7 1.34 3.48
0.64 96.58 2.28 3.09
0 96.61 3.25 3.3
0 96.16 7.99 2.38
0.22 95.63 7.91 4.07
0 95.95 3.87 4.52
0 95.69 5.51 2.26
4.99 95.92 5.05 3.16
36.78 96.3 2.18 346.1
5.29 97.22 2.17 4.28
0 97.27 3.57 1.93
0 96.93 6.05 2.38
0 96.62 9.17 2.06
0.2 96.08 12.65 4.37
66.54 96.08 7.95 2.28
1.26 95.98 8.41 2.57
0.05 96.05 9.63 4.17
0 96.14 11.08 1.79
0 96.15 14.03 2.13
8.69 95.95 12.66 3.52
0.4 96.01 12.8 5.76
0.87 96.51 11.8 5.15
1.48 96.61 12.57 2.11
1.53 96.49 12.52 1.87
3.82 96.68 13.57 1.74
0 96.45 17.42 2.75
0 96.59 20.97 1.81
0 96.5 22.48 2.02
0 96.55 22.07 2.68
0.15 96.33 21.96 3.97
15.54 95.98 15.21 2.31
27.27 95.06 15.61 3.45
0 94.66 18.58 3.77
0 95.25 17.4 2.42
0 95.36 18.93 2.42
1 95.89 17.72 4.3
0 96.83 17.34 2.66
0 96.78 18.39 2.16
0.75 96.16 18.78 2.93
0 95.6 19.05 3.18
21.59 94.92 15.88 4.25
0.02 94.95 18.29 3.89
0 95.24 19.74 2.65
0 96.17 20.38 2.01
6.07 95.98 23.7 3.63
1.67 96.5 18.78 2.15
0 96.17 21.29 2.23
2.03 95.96 20.96 3.76
1.72 95.77 19.33 3.7
1.12 95.44 19.77 2.65
0 95.7 20.47 3.82
0 95.56 24.48 2.91
0.03 95.19 25.84 4.63
0 95.86 20.92 2.44
9.85 95.69 19.29 3
0.09 95.79 20.63 2.92
11.83 96.47 18.58 2.26
40.55 96.35 18.47 2.64
3.42 96.15 19.12 2.99
3.03 95.94 22.13 3.04
0.72 95.78 22.9 3.6
28.52 96.11 17.84 2.56
4.68 96.35 17.87 1.71
21.51 96.08 16.26 1.88
6.72 95.87 18.14 1.97
0.03 95.94 22.45 3.44
0.14 95.94 24.2 3.73
2.86 95.8 24.57 2.79
88.46 95.72 20.14 2.31
7.87 95.42 22.15 1.67
48.79 95.12 21.28 1.81
0.3 95.46 24.07 1.96
0 95.98 24.57 2.29
0.09 96.15 24.84 1.88
1.17 95.92 23.52 1.59
5.56 95.6 22.96 2.07
24.8 95.49 21.96 2.58
76.42 95.28 21.05 2.57
92.56 94.93 21.05 2.05
57.67 95.06 22.73 2.13
63.82 95.49 21.77 1.82
193.23 95.59 22.17 2.9
29.54 95.55 22.99 3.33
73.54 95.25 22.9 2.43
241.34 94.72 22.99 2.61
0.12 94.71 25.09 2.9
2.36 94.71 25.35 2.37
2.24 95.08 25.33 2.01
1.12 95.35 25.28 2.33
6.47 95.22 25.24 3.67
62.35 95.45 24.33 1.96
110.9 95.66 22.24 1.29
1.87 95.84 22.96 1.25
0.64 95.83 23.44 1.18
18.53 95.81 23.92 1.77
39.01 95.99 23.61 1.93
0.49 96 24.43 1.87
196.97 95.33 22.35 2.26
185.71 95.09 23.33 2.63
0 95.73 24.05 2.19
0.22 95.64 22.83 2.42
111.51 95.48 22.28 1.95
3.76 95.7 22.85 1.79
0.25 95.73 24.34 1.56
9.54 95.61 24.32 1.94
11.91 95.15 24.17 1.74
1.67 95.17 25.04 2.77
0.02 95.52 25.04 1.79
0.03 95.57 25.49 1.63
32.09 95.36 23.54 1.65
18.99 95.24 25.86 2.16
0.29 95.21 25.85 1.43
1.68 95.04 26.36 1.99
7.53 95.16 25.9 2.1
15.84 95.46 25.91 2.86
0.36 95.71 25.83 2.52
1.07 95.48 26.13 2.45
11.8 95.09 26.94 2.53
26.95 94.94 25.58 1.83
13.53 95.14 26.43 2.21
17.75 95.36 27.08 2
14.43 95.13 27.26 1.88
26.49 95.32 25.66 1.68
2.14 95.75 26.32 1.45
4.7 95.87 27.13 2.43
50.4 95.6 25.07 2.58
6.19 95.57 25.98 2.62
28.44 95.53 26.95 2.4
3.52 95.55 26.94 1.83
181.82 95.03 25.13 1.62
0.1 106.25 26.61 2.27
0 96.02 23.39 2.44
0 96.29 22.78 1.75
2.68 96.29 22.15 1.05
2.32 95.89 24.46 2.27
0.45 96 23.86 1.78
0 96.18 23.42 1.5
0.08 96.18 23.65 1.52
15.64 95.94 22.71 1.93
26.19 96.02 20.18 2.02
6.64 96.01 19.67 1.48
270.87 95.4 18.48 1.4
22.12 95.53 16.58 2.94
0.11 96.25 16.48 2.29
13.74 96.32 17.63 1.88
3.06 96.59 16.74 1.63
9.22 96.76 16.92 1.58
0 96.84 16.89 1.29
6.76 96.73 17.49 1.41
121.89 96.7 15.29 1.24
30.15 96.76 15.7 1.26
9.37 96.8 16.98 1.31
1.52 96.76 18.52 1.4
21.63 96.3 19.29 1.96
0.24 96.36 17.72 1.59
0 96.46 18.15 2.29
1.49 96.24 20.52 2.64
38.66 95.58 20.58 2.95
0.24 95.86 20.64 3.01
0 96.53 14.65 1.65
0.77 96.22 16.85 1.64
8.15 96.74 17.19 1.32
7.94 97.23 16.63 1.03
5.13 96.29 19.84 2.7
0 96.65 18.84 1.46
0.05 96.7 19.25 1.37
3.61 96.58 18.72 2.43
65.08 96.86 14.11 2.61
0 97.15 9.73 2.22
0 96.98 11.37 2.14
0 96.68 12.51 1.97
0 96 17.54 3.05
0 96.06 16.74 2.62
0 96.95 13.87 1.34
0.81 96.91 14.45 1.83
156.29 96.87 11.67 1.95
0.03 97.01 11.06 2.4
0 96.89 9.86 1.68
0 96.18 16.93 3.25
0 97.16 14.49 1.39
0.01 97.2 15.23 2.25
0.03 97.39 13.21 2.38
0.23 96.97 11.42 1.56
0 95.96 15.54 2.52
15.31 95.93 14.7 3.34
0 96.43 11.67 2.74
0 96.93 12.19 1.49
48.69 97 10.79 2.13
5.94 97.79 5.42 3.9
0 97.89 3.4 1.32
0 97.45 6.6 1.42
0 97.52 7.48 1.45
0 97.28 10.91 2.41
35.52 97.42 9.92 1.33
4.21 97.44 8.24 1.76
0 97.34 6.8 0.99
21.81 97.23 6.49 1.96
64.65 97.12 3.51 1.88
0.02 97.3 4.79 3.34
0.02 97.55 6.75 2.62
0 97.13 5.61 1.25
0 96.6 7.39 1.75
9.09 97.09 6.43 1.66
1.48 97.67 4.87 2.1
0 97.62 4.14 1.29
0 97.69 4.97 0.9
0 97.49 5.32 1.23
0.22 96.92 8.09 1.68
5.54 97.16 8.31 2.8
0 97.58 6.52 1.66
0.02 96.86 6.67 2.27
0.15 96.39 7.44 3.35
0.01 96.84 4.28 2.62
0 96.94 3.4 2.11
0.19 97.4 3.89 3.42
0 97.43 -0.41 3.44
0 97.52 1.03 2.07
0 97.37 1.74 1.6
0 96.79 2.59 2.49
0 96.5 3.58 2.55
0 96.5 3.44 1.83
0.24 96.59 2.97 2.76
0.01 97.01 -1.61 3.55
0.03 97.17 -2.16 5.19
0 97.12 -2.87 3.38
0 97.2 -2.39 2.12
0 97.39 -2.5 1.27
0 97.12 1.09 1.71
0 96.81 1.49 1.44
0.04 96.46 0.22 2.06
0 96.33 -2.78 3.88
0 96.48 -5.35 3.22
0 96.75 -8.4 5.35
0 96.93 -5.14 3.28
0 96.52 0.57 2.75
0 97.14 -1.81 2.33
7198.76 96.91 -1.39 2.07
7198.76 96.66 -0.55 1.35
7198.76 96.91 1.86 1.79
7198.76 96.92 1.91 2.18
7198.76 97.18 -0.63 2.49
7198.76 96.78 -1.35 1.2
7198.76 96.89 -4.14 1.23
7198.78 96.82 -2.69 1.81
7198.77 97.01 -4.35 2.92
7199.01 96.52 -6.41 2.81
7199.23 96.58 -7.53 2.05
7198.76 96.67 -10.27 3.47
7198.76 97.03 -10.7 2.79
7198.76 97.37 -8.21 2.45
7198.76 97.98 -8.07 1.38
7198.76 97.94 -9.24 1.29
7198.99 98.21 -10.69 2.31
7199.02 97.84 -11.99 2.69
7199.24 97.7 -10.82 3.15
7198.78 98.09 -10.03 2.52
7198.76 98.16 -9.6 1.38
7198.76 97.88 -9.98 1.09
7198.76 98 -8.58 1.49
7198.76 97.99 -9.27 1.15
7198.8 97.34 -6.55 2.14
7199.03 97.82 -9.09 3.86
7198.76 97.54 -10.35 1.77
7198.76 97.06 -10.65 2.28
7198.76 96.32 -5.56 2.9
7198.76 96.11 -4.91 2.55
7198.76 95.7 -1.98 3.77
7198.76 96.06 -3.63 2.65
7198.76 96.37 -3.34 3
7198.76 96.94 -5.16 2.26
7200.05 96.94 -8 1.71
7206.06 97.15 -7.88 1.84
7198.78 96.9 -7.04 2.8
7198.76 97.33 -5.71 2.87
7198.76 97.86 -13.35 2.81
7198.76 97.49 -14.3 2.33
7198.76 97.47 -11.93 2.16
7198.76 97.54 -9.74 2.24
7198.76 98.09 -11.68 2.35
7198.76 97.81 -13.17 1.6
7198.76 97.83 -11.55 1.77
7198.76 97.59 -8.03 1.74
7203.63 97.65 -9.61 1.77
7198.76 97.62 -10.94 1.67
7198.76 97.85 -8.45 2.03
7199.83 96.9 -6.77 3.39
7198.76 97.32 -9.49 4.47
7198.76 97.55 -9.41 2.81
7198.76 96.87 -6.02 1.93
7198.76 96.07 -1.76 3.5
7198.76 96.55 -2.78 2.48
7198.76 97.51 -7.59 3.63
7198.76 97.17 -7.76 3.68
7198.76 96.45 -2.44 4.48
7198.76 97.2 -7.39 3.5
7198.76 95.77 -0.35 5.34
7198.76 96.52 -5.89 2.91
7198.76 96.67 -6.19 1.81
0.41 96.24 -3.12 2.21
0.18 96.19 -3.97 4.6
0 97.11 -11.05 3.96
0 97.33 -11.41 2.07
0 97.49 -11.41 1.54
0 97.71 -9.55 1.79
1.71 97.43 -10.01 1.75
5.56 97.42 -11.45 3.3
0 98.06 -12.85 3.62
0 97.92 -13.34 1.6
0 97.33 -11.5 1.64
0 97.94 -11.53 1.74
0 97.96 -11.43 1.89
0.05 97.08 -4.78 2.86
0 97.11 -5.1 1.92
0.27 97.69 -5.52 1.97
0 98.26 -7.5 2.37
0.71 97.86 -8.89 1.79
1.53 97.55 -7.89 1.63
0 97.52 -7.3 1.82
0 97.43 -4.92 1.87
1.9 97.92 -6.04 1.67
0.14 97.77 -3.79 1.33
0 97.29 -1.19 1.59
0 97.13 1.73 2.12
0.52 96.8 4.68 4.18
4.59 97.5 -1.99 4.37
0.04 97.28 -5.6 1.67
0 97.1 -4.21 1.71
0.24 97.07 -4.17 1.99
0.33 97.04 -4.42 1.67
1.97 97.32 -3.26 2.86
0 97.4 -5.04 3.15
0 97.6 -6.57 2.54
0 97.59 -5.42 2.24
0 97.09 -4.12 2.11
0 97.38 -4.64 2.59
0 96.93 -2.54 2.43
0 96.58 2.66 3.91
0 97.26 0.05 3.92
0 96.9 -1.11 2.1
0 96.42 1.9 2.8
0 96.04 7.7 2.59
0 96.52 5.16 2.47
0 95.92 8.08 4.19
0 97.11 4.85 2.21
0.08 96.99 4.18 3.52
0 97.31 4.25 4.85
0 96.75 6.62 2.56
0 96.73 8.08 3.15
0 97.07 8.19 2.71
0 96.02 13.15 4.55
0 95.98 12.21 2.45
0.03 95.98 11.7 2.37
0 96.12 11.85 3.02
51.72 95.82 12.02 2.97
17.48 96.27 10.55 2.9
0 96.49 11.31 2.2
1.37 96.64 9.97 2.19
0 96.09 12.3 2.47
0 96.76 8.95 3.93
0 97.2 3.58 4.33
0 96.37 6.58 4.64
0 96.98 5.54 3.61
0 96.34 13.02 3.54
0 96.28 14.89 1.83
0 96.18 14.42 2.32
0 96.33 12.66 4.12
0 97.14 9.93 2.03
0.75 96.75 11.09 1.72
0.34 96.47 11.98 2.09
0 96.58 13.92 2.09
0 96.42 18.03 3.49
0 97.03 13.99 3.4
0 96.36 13.94 2.27
8.26 96.33 10.18 2.56
0.02 97.02 9.79 3.18
19.05 96.89 8.65 2.63
0.05 96.41 10.37 722.3
0 96.48 12.48 3.5
0 96.18 15.09 2.84
1.03 95.88 17.54 3.98
5.91 96.14 18.1 4.68
0.26 96.59 17.39 4.18
20.76 96.87 12.48 3.4
0 97.09 13.27 2.43
0 96.93 14.36 2.24
0 96.34 15.67 1.66
0 95.78 18.95 2.3
3.21 95.67 19.45 4.38
121.68 96.33 8.15 4.96
5.26 96.01 10.09 4.13
16.61 96.17 5.94 5.24
0.08 96.43 8.15 4.01
0.28 95.88 12.16 2.6
67.55 95.82 9.19 3.56
2.23 96.39 12.79 2.18
55.86 96.75 11.29 2.25
3.35 96.65 12.97 2.3
286.46 95.7 9.7 2.68
96.16 94.8 15.02 3.81
0 94.95 18.52 3.76
0.11 95.32 15.48 3.6
0 95.12 15.06 3.12
0.05 95.9 17.17 2.65
1.77 96.28 17.33 2.13
2.32 95.87 19.93 3.05
106.03 95.58 16.88 2.66
9.29 95.58 17.5 2.47
0.02 95.69 19.66 2.4
0 95.76 21.7 2.63
0.37 96.03 25.12 3.88
45.55 95.95 17.53 3.15
0.9 95.4 17.59 5
0 94.84 21.74 4.03
9.28 94.62 19.52 2.82
0.21 95.1 23.29 3.3
0 95.15 24.73 99.59
0.1 95.8 25.26 2.71
0 95.74 27.54 3.47
4.38 95.93 24.22 2.9
1.06 96.07 22.49 2.85
0 95.95 22.87 2.17
1.41 95.73 23.01 1.87
30.55 95.59 23.94 2.4
202.17 95.73 17.23 2.79
183.88 95.55 14.38 3.3
46.72 95.31 16.8 2.57
58.22 95.66 16.48 2.46
46.24 96.05 16.27 1.87
26.44 96.07 18.83 1.94
26.39 95.84 20.6 2.54
9.42 95.89 21.67 2.15
0.02 95.76 22.44 2.07
4.52 95.57 24 2.02
67.65 95.42 21.06 1.96
114.24 95.31 20.36 2.49
109.3 95.39 19.69 2.24
5.58 95.68 20.25 1.87
44.03 95.83 20.01 1.9
4.62 95.97 19.66 1.62
79.35 96 19.39 1.97
1.24 95.85 22.28 1.88
0.13 95.49 24.16 2.39
11 95.34 23.52 3.53
36.44 95.34 22.82 3.78
0.94 95.74 22.74 3.86
1.51 95.68 23.33 2.97
0 95.77 24.69 1.76
0 95.76 25.2 1.82
13.13 95.73 24.08 2.57
140.56 95.46 21.16 2.57
44.3 95.17 23.43 2.73
0.22 95.62 25.06 2.11
0.68 95.74 25.3 3.17
4.34 95.58 25.43 2.37
3.52 95.38 25.04 3.08
14.21 95.25 24.46 3.86
0 95.45 24.14 2.62
0 95.14 24.67 3.14
4.17 95.23 23.36 2.94
6.59 95.43 22.83 2.76
0.57 95.35 23.69 2.42
2.26 95.46 24.6 2
21.32 95.47 24.05 2.72
183.14 95.54 22.25 99.73
13.15 95.76 22.87 98.93
0.58 95.83 26.03 1.94
1.06 95.92 28.32 2.5
2.7 95.55 29.21 4.38
105.28 95.38 24.78 2.58
0.2 95.68 22.74 1.57
0 95.41 24.91 2.35
0.11 95.79 23.22 1.59
0 95.84 22.86 1.85
0.01 96.03 23.36 1.92
2.96 95.93 25.09 2.26
5.26 95.45 27.03 3.31
8.94 95.48 25.71 3.82
11.11 95.65 23.99 2.47
0 95.72 25.73 2.72
0 95.68 27.29 2.9
2.23 95.51 27.29 2.55
27.07 95.45 26.14 2.04
75.49 95.71 21.28 2.64
1.82 95.7 22.7 2.09
0 95.95 23.23 2.61
0 96.1 22.36 1.73
0.01 95.99 23.12 2.02
27.98 95.74 22.68 2.2
44.14 95.45 22.04 2.21
5.5 95.57 23.3 3.23
0.26 95.8 22.16 2.13
28.65 95.9 19.25 1.85
29.26 95.81 19.53 1.74
15.14 95.81 20.61 2.18
9.61 95.96 21.03 1.73
2.06 96.08 21.6 1.87
11.72 96.27 21.58 1.51
0.21 96.2 22.91 1.54
0.43 95.88 24.93 2.32
5.08 95.85 24.77 2.1
17.34 95.81 24.18 2
34.64 95.66 23.42 2.24
224.64 95.89 19.92 2.14
4.21 96.19 20.25 2.21
0 96.32 21.06 1.79
0 96.41 22.68 1.98
5.52 96.56 21.48 1.85
3.25 96.6 21.25 1.55
0.7 96.57 21.69 2.3
9.3 96.39 20.48 1.58
15.3 96.37 20.5 2
270.93 96.28 16.76 2.22
1.47 95.93 17.94 1.93
0 95.58 20.5 2.56
0 96.16 19.1 1.59
0 96.17 20.46 1.64
6.05 95.76 20.96 2.79
0.09 96.01 19.16 2.82
0 96.2 16.32 1.44
0.01 96.48 17.71 1.72
0.08 96.49 18.86 1.94
14.97 96.54 17.78 1.37
0.28 96.37 19.37 2.51
0.11 96.64 16.59 2.98
0 96.75 14.59 2.56
0 96.82 14.09 1.6
0 96.87 16.4 1.35
0 96.85 17.39 2.09
5.7 96.2 17.48 2.41
62.28 96.13 15.2 2.64
0.06 96.75 14.54 1.61
0.38 96.8 16.6 2.16
79.18 96.94 13.39 2.03
25.87 96.71 13.43 1.85
0 96.65 13.76 1.58
63.18 96.03 14.66 2.59
0.15 96.55 13.9 2.21
1.13 96.49 14.48 2.81
23.32 97.23 7.57 3.99
0.14 97.38 6.21 1.67
63.06 96.53 7.08 1.62
48.64 96.35 7.54 2.39
0 96.7 8.71 1.5
57.16 96.95 8.18 1.4
8.38 97.35 9.06 2.32
0 97.2 9.71 2.03
0 96.78 12.77 1.85
0 96.67 14.27 2.42
0 96.82 16.52 2.56
0 97.14 13.91 1.76
0.63 96.99 14.85 3.02
0.32 97.95 9.82 4.12
0 97.54 5.45 2.17
0 96.63 8.25 2.26
0 96.11 10.89 4.81
0 96.71 10.14 3.15
0 96.39 13.35 2.36
0 96.52 13.75 2.41
0 96.24 16.75 3.8
0 97.03 8.74 3.43
0 97.47 4.02 2.19
0 96.94 5.62 1.91
0 96.13 11 3.18
0 95.83 13.86 3.18
0 96.02 12.27 2.15
0 97.49 5.6 5.3
0 97.97 2.65 1.72
0 97.41 3.43 1.63
0.05 97.1 7.69 1.83
5 97.22 9.11 23.39
2.19 97 6.73 1.8
8169.59 96.6 7.66 2.83
8169.63 96.77 4.86 4.06
8169.58 96.58 6.82 2.61
8169.58 96.22 8.21 3.49
8169.58 96.53 7.64 3.45
8169.58 97.84 0.58 3.56
8169.58 97.85 -1.41 1.81
8169.58 97.41 0.72 1.83
8169.58 97.17 3.91 1.84
8169.58 96.86 4.26 1.86
8169.58 96.49 2.67 2.98
8169.62 96.96 -3.34 5.63
8169.58 97.01 -2.09 2.88
8169.58 97.35 -2.2 1.75
8169.58 97.48 -1.23 1.53
8169.71 97.3 1.07 1.91
8169.58 97.65 -1.83 1.85
8169.58 97.58 -0.69 1.46
8169.58 96.91 1.58 2.66
8169.58 96.31 3.98 3.64
8169.58 96.8 1.1 2.56
8169.58 97.38 -1.6 2.05
8169.64 97.11 1.18 2.46
8169.58 97.51 -2.14 1.9
8169.58 96.65 -2.8 1.95
8169.58 96.14 722.22 4.39
8169.58 97.25 -1.69 2.09
8169.58 96.79 -1.92 1.55
8169.59 96.6 -0.59 2.05
8170.74 96.65 -0.32 4.68
0 97.25 -10.27 6.25
0 97.08 -10.2 3.58
0 96.79 -10.14 4.96
0 96.96 -10.26 3.95
0 97.06 -10.32 3.53
0 97.29 -9.25 2.29
2.4 97.34 -9.14 1.8
0 97.86 -10.58 1.65
0.03 97.75 -7.52 2.63
2.36 97.01 -3.5 4.5
0.06 97.49 -8.47 2.94
0.02 97.07 -9.31 3.68
0 97.26 -10.61 2.48
0 97.3 -9 1.85
0.32 97.2 -8.29 3.79
0 97.29 -11.52 3.8
0.01 97.38 -10.74 2.35
0 97.37 -8.71 2.42
0.13 96.94 -5.38 3.83
0 97.29 -9.19 3.53
0 96.96 -9.54 3.54
0 96.72 -3.84 2.62
0 96.73 -2.75 3.05
0 97.59 -4.74 3.69
0 97.84 -5.11 2.56
0 97.64 -7.34 1.6
0 97.19 -4.79 2.11
0 96.59 -5.27 1.93
0 95.91 -3.57 2.98
0.08 96.64 -5.72 74.94
0.03 97.36 -9.43 5.24
0.1 97.41 -10.4 2.96
0 97.34 -6.92 3.04
0 96.07 -2.56 3.54
0 96.32 -2.9 1.92
1.18 96.62 -2.37 4.3
0 97.21 -7.23 3.21
0 97.6 -9.04 1.7
0 97.51 -9.52 1.62
0 97.33 -5.92 2.36
0.11 96.86 -3.97 3.4
0 97.94 -7.07 2.43
0 98.15 -9.03 1.79
0 97.64 -5.93 1.76
0 97.78 -7.99 1.99
0.3 97.44 -8.59 1.93
4.3 97.39 -9.31 3.46
0 97.54 -8.63 1.92
3.99 96.38 -4.75 3.08
0.04 97.11 -8.21 2.21
0.04 97 -7.7 1.84
1.84 97.5 -7.24 2.59
0 97.01 -8.4 1.82
0 96.41 -3.74 2.98
0 97.34 -5.62 2.07
2.28 96.98 -5.14 1.68
3.43 97.52 -7.85 3.72
0 98.09 -11.32 2.92
0 97.97 -11.53 1.81
0.07 97.32 -7.66 3.21
0 97.94 -9.51 3.56
0 98.23 -9.1 2.1
0 98.03 -7.51 1.62
0 97.87 -7.43 1.54
0.08 97.71 -4.94 2.14
0.05 97.61 -5.32 3.35
0 97.51 -3.72 2.81
0 96.85 -1.08 3.09
0.03 97.73 -9.46 5.7
0 97.87 -11.59 3.53
0 97.11 -6.02 2.73
0 96.42 -3.48 2.01
0.01 96.45 -5.08 3.15
0 96.68 -5.8 2.68
0 96.32 -5.12 1.91
0 96.09 -0.21 2.36
0.01 96.79 -2.62 1.73
15.89 96.51 -0.71 2.74
0.01 97.1 -1.19 4.2
0 97.79 -3.04 2.93
0 97.35 -3.95 3.03
16.88 96.54 -0.19 3.58
27.48 95.94 -0.07 5.08
0.11 96.32 -4.5 5.48
0 96.65 -5.47 2.21
0 96.29 -5.05 1.82
1.64 96.72 -6.09 3.11
0 97.14 -8.11 3.38
0 97.82 -6 2.08
3.8 96.87 -2.53 4.51
0 96.48 -0.18 3.11
0.03 96.06 -2.26 2.43
0.14 96.71 -5.69 5.66
0 97.29 -5.74 3.22
0 97.05 -2.89 3.19
0 96.37 1.88 4.41
0 96.65 2.31 2.69
2.16 97.21 -2.27 3.6
0 98.03 -8.48 5.87
0 97.4 -4.33 3.08
0 96.99 -3.12 3.87
0 96.51 -2.68 2.9
0 147.72 718.46 721.87
0 96.66 0.25 3.56
0 96.27 5.91 3.47
0 96.18 6.03 3.33
0 96.92 4.02 2.68
0 96.22 6.41 2.94
0 96.43 7 3.3
0 96.56 6.39 2.59
0 96.48 7 3.7
0 97.48 2.48 4.02
0 97.68 2.71 2.62
0 97.88 3.64 1.83
0 97.61 7.43 2.99
0 97.37 12.9 3.99
0 96.58 13.72 5.14
0 96.09 12.55 3.57
0 96.29 10.82 3.51
0 95.82 14 4.36
8.08 96.75 7.24 3.47
0 96.9 5.65 1.74
202.26 95.35 3.04 2.55
1.02 96.16 5.17 2.5
1.5 96.13 5.75 1.94
0.18 96.6 4.99 4.07
0 97.79 0.28 4.28
0 97.78 0.87 3.07
0 96.99 5.15 3.29
0.18 96.7 8.4 3.07
0.11 96.91 8.85 2.64
27.99 97.11 7.62 3.11
176.68 97.64 0.99 4.3
0.75 97.28 4.24 2.29
0 95.68 11.06 2.12
0.42 94.8 14.46 4.62
3.19 95.7 9.5 5.08
0 95.77 12.15 2.61
0.05 96.08 12.96 2.82
0.03 96.51 11.46 3.89
0.01 96.16 11.92 2.96
0.02 96.04 12.28 2.87
0 96.33 14.62 3.97
0 96.47 15.17 4.75
0 96.79 14.76 2.64
0 96.13 21.02 4.12
0 95.74 24.82 4.29
20.9 95.51 20.96 4.74
27.02 96.11 16.73 2.35
0 96.16 19.15 2.19
0 96.06 20.59 2.85
6.5 95.84 18.19 3.87
33.32 95.95 15.69 2.36
0 96.14 14.17 4.79
0 96.04 14.19 4.71
0 95.43 15.84 5.5
0 96.06 13.14 2.56
0.67 95.93 13.72 4.74
30.17 96.28 7.74 2.35
0 96.64 9.29 1.85
52.76 96.55 9.42 2.31
85.86 95.61 7.91 1.85
15.74 94.29 11.18 3.49
0.34 94.37 19.32 3.4
2.13 95.64 17.28 5.27
0.01 96.31 16.77 4.08
0 95.75 18.85 3.39
22.84 94.93 19.47 4.65
33.93 95.05 15.89 4.67
1.46 95.45 14.37 5.35
0 96.27 18.42 4.01
0 95.93 21.94 3.65
0 95.79 22.72 2.92
2.43 95.73 22.72 3.12
0.05 95.56 24.58 3.52
0.19 95.48 25.7 4.07
2.66 95.6 25.08 3.09
0.13 95.62 23.54 3.28
4.39 95.32 23.25 4.05
0.82 95.58 21.1 3.27
0 95.72 20.33 2.83
0 94.91 25.14 6.87
10.07 95.34 23.07 3.12
3.2 95.89 19.88 3.77
0 96.12 21.8 3.36
53.02 95.42 18.92 3.73
50.51 94.89 18.47 2.61
84.65 95.38 18.54 2.44
0.4 95.71 20.04 3.12
1.37 95.41 20.28 2.8
6.59 95.45 18.81 1.97
144.47 95.25 16.84 2.63
243 94.71 16.54 2.54
66.62 94.79 17.07 1.83
71.67 95.64 17.9 2.25
0.3 95.91 20.85 2.16
26.99 95.76 22.49 1.84
0.37 95.48 23.25 1.93
235.91 95.45 20.62 2.34
7.61 95.67 19.14 2.95
88.49 96.11 17.14 2.56
0.11 96.19 21.53 2.33
0 95.85 23.81 2.2
4.23 95.61 23.86 3.32
0.23 95.75 23.47 2.75
9.67 95.54 23.57 3.38
14.81 95.25 22.04 2.43
112.43 95.19 21.08 1.75
0.86 95.65 22.19 1.64
3.9 95.72 23.79 2.33
182.09 95.84 17.83 2.27
25.64 95.26 18.24 1.96
29.16 94.79 19.27 3.36
6.07 95.37 17.7 2.98
0.2 95.96 19 2.31
58.58 95.97 19.83 2.16
20.17 96.1 20.65 1.92
0 96.09 22.25 2.01
0.23 95.95 23.58 2.18
3.42 96.09 24.51 2.28
0.19 96.33 25.72 2.53
3.64 96.17 23.96 2.79
0.59 95.84 25.45 2.23
1.27 95.29 26.44 2.03
0.17 95.07 26.86 3.48
6.13 95.45 26.88 2.46
11.05 95.87 25.27 2.3
17.68 96.06 22.26 2.36
11.43 95.92 22.6 1.6
31.88 95.76 23.45 1.87
101.67 95.92 23.1 2.45
44.42 95.86 23.29 2.42
33.96 95.56 24.26 2.47
42.23 95.52 23.4 2.34
17.2 95.52 23.36 1.67
20.86 95.34 23.27 2.03
14.88 95.17 24.33 2.07
10.15 95.52 25.58 2.69
18.36 95.63 24.88 2.11
38.5 95.4 24.85 2.35
87.75 95.38 24.14 2.31
301.12 95.74 22.17 2.41
12.39 95.97 22.67 1.72
1.5 95.8 23.87 1.89
36.07 95.32 24.88 3.03
0.12 95.27 24.03 2.35
0.95 95.13 25.58 2.24
2.04 95.32 25.91 3
13.74 95.73 24.46 2.68
27.56 96.26 23.15 2.34
63.37 96.29 23.22 1.92
12.02 96.18 24.39 2.08
0 96.22 24.06 1.75
0 96.03 24.61 1.61
0 95.88 24.78 1.45
0 95.58 25.81 1.86
3 95.35 26.02 2.08
0.05 95.63 24.41 2.33
0 95.7 24.12 1.91
1.58 146.74 738.67 721.67
36.27 147.02 739.27 721.78
53.07 96.21 20.84 2.16
40.21 95.89 19.79 2.29
3.84 95.68 21.02 2.28
34.05 95.8 20.54 1.77
9.26 96.12 20.65 1.88
14.81 96.33 20.75 1.94
11.96 96.25 20.98 2.63
31.48 96.12 21.01 2.42
0.04 96.06 21.13 2.22
15.09 95.92 20.14 1.84
8.7 96.09 19.28 1.65
13.36 96.25 19.54 1.72
92.41 96.43 18.35 1.68
83.98 96.45 19.4 2.07
3.69 96.41 21.44 2.06
0.56 96.59 20.45 2.09
8.01 96.47 19.01 1.45
24.97 96.27 18.61 2.24
0.02 96.41 17.69 1.74
0 96.32 19.45 1.61
2.47 96.48 21.05 2.45
18.02 97.13 17 2.44
1.57 97.05 15.91 1.72
32.85 96.5 14.27 1.81
24.55 96.45 14.53 2.98
0 96.36 19.67 2.32
0 96.71 20.11 2.57
0 96.87 19.53 2.67
0 96.69 19.8 2.44
3.52 96.67 19.39 1.69
10.21 96.71 18.72 1.91
0.02 96.79 17.29 1.83
1.84 96.3 17.22 2.3
3.32 96.1 19.68 2.64
39.57 95.99 18.55 3.33
44.29 96.07 15.42 2.17
40.19 96.03 14.87 1.82
13.77 95.97 15.98 2.71
0 96.27 14.52 2.31
0 96.44 16.99 2.59
0.23 97.3 13.95 1.48
2.27 97.79 11.76 1.8
6.8 96.64 15.97 3.27
65.5 95.87 11.42 5.06
0.06 95.81 14.08 4.25
0 96.83 11.57 2.26
0 97.15 14.15 2.37
0 96.62 18.08 3.58
0 96.51 18.45 2.37
0 96.28 18.58 3.5
0 96.62 11.37 3.54
0.32 95.95 6.64 2.91
3.85 96.11 6.26 4.91
6.84 96.41 10.24 4.14
0 96.83 11.81 2.32
0 96.92 13.02 1.93
0 96.65 13.96 1.91
0 96.6 14.69 1.93
0 96.62 15.55 2.55
1.24 96.74 14.59 3.14
0 97.56 6.81 2.79
0 96.43 10.43 2.75
18.76 97.01 6.46 2.26
34.43 97.34 5.47 1.94
1.21 110.33 198.72 95.63
0 109.8 198.95 95.52
0 97.56 7.42 2.7
0 97.56 4.39 1.66
8.09 96.29 7.72 4.5
0 96.34 4.66 2.93
0 96.95 2.55 3.13
0 97.28 0.68 3.82
0 97.72 0.57 2.68
0 97.78 3.03 1.63
0 97.09 4.89 1.65
0 96.9 6.18 1.47
0 96.9 8.79 3.35
0 97.06 10.83 3.3
0.84 98.21 2.14 4.03
45.69 98.29 -2.52 3.69
29.38 97.86 -2.47 3.61
4.69 97.39 -2.14 2.33
0.35 97.46 -2.24 1.58
0 97.66 -2.51 1.31
0 97.79 -0.21 1.39
0.17 97.62 1.59 1.5
0.01 96.9 3.97 2.05
0 96.22 6.53 2.6
0.11 97.08 3.01 2.56
4.55 96.99 -1.82 2.56
0 97.66 -3.91 2.75
4.36 97.58 -5.02 2.4
9.81 97.58 -6.67 2.52
5.34 97.59 -8.02 2.11
6.54 98.08 -8.64 1.89
18.26 98.54 -10.66 2.84
7.37 98.58 -11.73 3.38
0.06 98.51 -13.98 2.22
0.01 97.62 -13.51 2.76
0 97.53 -13.43 3.05
0.05 97.09 -11.82 1.35
0.19 97.54 -9.42 1.62
17.63 97.21 -5.66 2.01
0 97.13 -8.07 1.66
0.37 96.43 -3.13 2.41
0.13 96.18 -4.28 4.35
0.29 96.45 -6.6 5.39
0 96.83 -4.1 3.67
0 97.53 -4.7 2.13
0 97.71 -7.76 1.44
0 97.9 -9.06 1.01
0 97.43 -3.79 2.2
5.22 97.08 1.2 2.74
0.03 97.29 -0.16 4.19
0 97.68 -6.06 1.94
0 97.33 -5.98 1.46
0 97.45 -6.46 1.28
3.33 96.76 -4.87 2.62
0.03 96.8 -5.71 3.98
0.04 97.37 -7.41 5.27
0 97.48 -7.3 2.76
0 97.93 -5.52 1.89
0 97.94 -6.13 1.64
0 97.05 -3.11 2.45
0 97.26 -4.99 1.61
0 97.4 -7.77 1.48
0 97.25 -5.25 2.03
0 97.39 -9 2.11
0.01 96.36 -7.23 3.05
0 97.41 -11.95 4.13
0 98.18 -14.04 2.13
0 97.89 -9.07 1.8
0.19 97.45 -6.16 1.53
0.93 97.68 -6.76 1.65
0 97.7 -7.91 1.82
0 96.8 -2.97 2.61
0.01 96.81 -5.57 1.43
1.94 97.02 -7.76 1.88
0 97.47 -9.77 3.41
0 97.31 -11.33 2.63
0 97.56 -9.56 3.27
0 97.4 -9.35 2.79
0 97.22 -9.83 2.7
0 96.97 -9.59 2.35
0 97.75 -11.21 3.04
0 97.99 -12.12 2.64
0 97.45 -11.86 3.34
0.06 96.78 -10.66 3.41
0.09 96.56 -10.81 2.29
0 96.64 -11.2 1.78
12.36 97.27 -13.77 2.82
2.01 97.27 -17.44 2.92
0 96.89 -18.11 3.69
0 97.54 -17.68 1.96
0 98.06 -17.53 1.46
0.67 97.99 -16.86 1.72
0.52 98.49 -19.54 3.35
0 98.39 -22.7 4.92
0 97.81 -15.14 4.29
0 97.25 -10.45 2.82
0 97.13 -10.97 3.11
0 97.23 -9.43 2.83
0 97.76 -11.9 1.99
0 98.24 -15 2.19
0 98.03 -16.13 2.16
0 98.05 -13.08 2.91
0 97.9 -10.71 2.46
0 97.53 -8.89 2.27
0 97.28 -7.91 2.54
0 97.49 -7.64 3.44
0 97.42 -8.06 3.61
0 97.37 -6.74 2.61
0 96.46 -6.49 2.41
0.01 96.05 -3.28 3.39
0 96.76 -2.61 2.6
0 96.45 1.01 3.09
0.11 96.38 0.99 2.36
2.01 96.55 1.07 2.77
33.05 97.27 -7.07 5.95
0 97.38 -11.48 4.99
0 96.75 -8.69 3.75
0 96.58 -4.57 4.16
0 96.57 -1.6 3.86
0 96.5 -2.3 3.66
0.11 97.4 -5.87 3.3
0 97.38 -7.83 3.73
0 97.31 -9.08 2.69
0.01 97.35 -5.97 3.26
0 98.27 -9.63 2.49
0 97.89 -8.08 2.63
0 97.81 -7.54 2.67
0.06 97.14 -5.95 3.12
0.02 97.22 -6.07 2
0.1 97.48 -7.17 4.05
0.05 97.77 -7.97 3.51
0.03 96.81 -1 3.04
0 96.42 2.65 2.67
0 96.4 1.57 2.17
0.14 96.79 0.47 1.38
64.24 96.57 1.43 3.13
0.03 96.63 -0.47 2.19
4.66 96.85 -2.69 4.13
0 97.63 -6.37 4.55
0 97.75 -6.3 3.43
0.02 97.53 -5.6 3.4
0 97.02 -4.84 2.06
0 96.38 -0.69 3.93
0 97.11 -0.81 2.69
0 96.93 1.22 2.22
0 96.37 5.08 3.21
0 96.19 8.99 3.56
0 95.83 9.89 4.98
0 96.18 8.38 3.87
0 97.13 4.61 2.06
0 97.34 5.68 2.06
0 96.94 8.98 2.81
0 97.29 6.49 4.52
0.01 97.87 3.2 5.16
0 97.91 3.07 3.35
0 97.57 3.56 2.9
0 97.12 8.13 2.88
0 96.58 9.61 2.35
0 95.92 11.77 4.44
1.56 96.41 8.47 3.1
0 96.44 8.82 2.97
0 95.49 15.72 5.05
16.5 95.68 11.73 4.85
0.67 96.79 7.65 3.81
0 96.81 8.55 3.25
0 95.96 11.42 3.67
0.06 96.29 10.98 2.87
2.22 95.69 12.81 4.74
0 95.97 11.06 3.95
0 95.94 12.76 5.54
0 96.26 7.95 3.32
0 96.89 5.76 3.67
0 96.5 6.84 4.49
43.86 95.55 7.86 2.63
0.22 95.24 10.5 4.46
0 96.37 11.9 3.79
0.2 95.89 15.26 4.8
28.4 95.78 10.96 3.42
2.39 95.75 7.36 4.14
9.37 96.11 7 2.56
5.41 96.47 9.19 3.5
0.09 96.07 13.99 2.86
0 95.18 16.11 5.42
0 95.74 12.41 5.67
0 96.32 11.82 2.79
0 95.83 14.42 4.64
0.74 96.59 11.78 3.11
14.12 96.83 10.11 2.08
0.67 96.4 13.19 1.98
0 96.54 13.64 2.55
15.03 95.79 13.67 2.92
0.15 95.38 17.06 2.94
8.12 95.06 21.4 3.92
115.05 95.83 12.63 2.91
140.43 94.9 11.01 5.34
0 95.47 16.17 3.28
22.37 95.56 14.89 4.5
0.06 95.74 14.11 5.88
0 96.56 16.51 2.98
0 96.02 18.59 4.3
0.43 96.13 17.88 2.29
0 95.87 17.75 2.15
1.75 95.08 20.13 5.04
232.12 95.74 12.3 3.82
0 96.71 15.16 3.95
22.28 96.36 12.49 4.16
2.4 96.07 13.45 3.51
0 95.59 18.07 3.02
0 95.69 23.88 3.72
0 96.01 24.23 4.72
0 96.24 22.77 4.33
0 96.41 22.38 4.04
0.02 97 20.05 3.52
0.03 96.94 19.31 2.79
42.03 96.13 15.43 1.75
17.47 95.03 16.69 4.64
16.54 95.32 18.74 3.27
0.2 95.77 19.24 4.02
0 95.73 22.37 4.23
0.05 95.32 24.55 4.55
0 95.68 20.02 4.16
0 95.39 22.64 3.91
21.19 96.19 17.65 2.45
0 96.25 20.54 1.94
0 95.88 23.81 2.85
0.01 95.55 24.65 3.46
0.02 95.71 22.81 2.94
0.09 95.97 23.2 2.63
22.96 96.1 20.08 3.17
7.4 96.17 19.43 1.92
0.06 95.88 22 2.19
19.96 95.61 22 3.95
116.63 95.38 20.19 4.81
30.59 95.82 18.67 2.5
5.89 95.72 20.25 2.06
2.98 95.37 20.55 2.05
157.06 95.3 16.35 2.36
19.29 95.3 18.35 2.11
2.14 94.93 20.73 2.63
27.37 94.96 21.11 2.03
4.27 95.5 21.88 2.78
0.03 95.61 23.75 2.36
22.23 95.29 25.06 3.16
24.77 95.29 24.54 2.98
60.82 95.32 23.15 2.46
28.76 95.53 21.8 2.52
8.07 95.56 21.83 3.41
0 95.73 24.45 2.74
0 95.72 25.12 2.13
31.81 95.48 23.86 2.48
48.61 95.62 20.35 3.37
85.64 95.46 20.67 2.76
61.9 95.43 21 2.01
0 95.59 21.34 1.98
0.25 95.57 22.79 1.71
0 95.7 25.59 2.93
0 95.91 24.83 2.72
1.51 96.09 25.2 1.86
0 96.17 26.56 2.1
0 96.13 26.56 3.08
0 95.86 26.31 2.76
0 95.6 27.63 2.26
0 95.36 28.65 2.81
4.59 95.04 29.05 3.95
78.94 95.26 23.45 2.27
2.08 95.6 25.05 2.49
0.84 95.96 23.93 2.64
4.95 95.66 20.73 2.01
7.11 95.5 20.96 2.04
1.82 95.8 22.45 1.82
0.14 95.83 24.02 2.21
35.93 95.94 23.36 2.75
207.01 96.01 21.6 2.6
800.17 95.53 22.01 2.73
41.03 95.3 23.63 1.87
6.67 95.16 26.6 2.74
0.27 95.64 26.66 2.27
459.5 95.67 21.75 2.51
7.15 95.57 22.64 1.58
0.8 95.33 24.28 2.19
42.42 95.32 24.53 2.4
35.81 95.71 24.08 1.79
129.53 95.98 24.28 2
71.48 96.08 22.78 1.85
46.9 96.17 23.3 1.86
0.49 96.17 25.08 1.49
0 96.13 26.57 1.6
0 96.09 27.2 1.98
0 96.01 26.92 2.23
110.49 95.71 26.1 2.4
206.04 96.07 23.83 2.22
0 96.2 22.94 1.52
0 95.85 23.9 2.38
0 95.62 27.6 3.74
0.57 95.61 29.16 3.95
11.35 95.66 26.46 2.29
0 95.63 25.42 1.81
0 95.89 24.71 1.96
2.77 95.82 23.55 1.5
36.47 95.67 22.79 2.03
1.94 95.56 23.41 1.55
289.39 95.52 20.82 1.71
25.79 95.92 21.61 2.25
18.82 96.06 22.39 1.62
1.19 96.18 23.53 1.75
1.33 96.29 23.8 1.53
12.11 95.85 21.75 1.73
19.99 95.61 23.94 1.82
124.34 96.32 18.68 3.88
0 96.64 18.59 2.12
2.99 96.31 18.86 2.13
6.04 96.25 19.58 2.13
0 96.41 19.03 2.62
0 95.85 18.68 2.77
33.01 94.76 16.75 4.16
28.95 94.65 16.13 2.58
13.43 95.35 19.38 1.46
42.15 95.89 18.6 1.21
54.33 96.14 18.05 1.55
76.51 96.05 18.13 1.64
19.12 95.9 19.83 1.72
2.43 95.67 19.42 1.63
7.38 95.73 18.77 1.77
30.43 96.04 17.81 1.46
15.81 96.22 17.35 1.83
41.11 96.6 16.43 1.91
20.18 96.84 16.87 1.51
1.75 96.8 17.62 1.49
15.56 96.59 19.36 2.09
0.09 96.45 20.58 1.75
3.02 96.52 19.57 1.96
1.56 96.95 17.29 2.36
15.64 97.09 15.21 2.7
0.08 97.12 14.97 2.37
0 97 15.05 1.63
0.8 96.83 15.35 2.16
3.61 96.45 17.33 2.41
4.48 96.14 18.92 2.37
1.3 95.88 20.64 3.81
0.05 96.56 18.1 2.03
6.78 96.37 17.75 2.02
3.12 97.03 13.11 4.16
0 97.51 9.34 2.43
0.04 96.75 10.42 2.59
0.05 96.37 16.2 2.08
5.33 96.23 19.42 3.83
4.74 96.26 15.81 1.87
0.57 96.23 16.24 3.44
66.39 96.84 8.43 2.41
23.11 96.91 7.55 2.36
0.43 97.51 9.03 1.61
61.48 96.69 10.36 2.63
1.3 96.78 7.21 4.42
0 97.09 5.56 1.97
1.16 96.66 7.21 2.16
0 97.2 6.55 94.52
0.11 97.2 7.76 1.72
0 96.76 12.28 1.66
0 96.83 13.66 1.73
0.14 97 15.79 3.19
9.89 96.5 14.5 3.59
0 96.97 10.47 2.04
0 96.74 12.02 2.04
0 96.56 13.56 2.63
1.26 97.51 5.76 3.06
33.21 96.89 5.88 1.82
44.32 97.53 2.66 3.27
0 97.2 3.08 1.39
0 96.56 4.36 1.5
0 96.14 9.17 3.13
0 97.38 4.19 2.36
33.7 97.41 3.51 1.45
18.79 97.56 3.41 2.83
0.16 97.71 0.92 2.54
3.76 97.38 0.48 3.29
0 98.21 -3.97 2.94
0 97.85 -2.42 2.67
0 97.1 1.29 3.17
0 96.58 2.18 1.89
0 95.65 4.07 1.64
0 96.64 2.59 3.57
0.15 97.55 -0.61 2.06
10.28 97.74 -1.2 3.28
0 98.14 -3.11 1.99
0 97.58 -2.35 2.31
2.27 96.06 2.99 3.62
2.16 96.29 -0.65 1.77
0.39 96.81 -0.03 1.81
0 96.3 4.33 3.59
0 96.9 2.55 4.64
0 97.28 -2.74 2.19
0 96.96 0.54 2.24
0 96.93 -0.5 2.66
0.58 96.32 1.91 2.48
3.21 96.83 -3.65 2.7
20.73 97.45 -6.78 1.61
51.11 97.75 -8.31 2.91
0 98.14 -10.81 3.11
0 97.83 -10.39 2.83
0 97.35 -7.88 2.45
0 96.99 -5.41 2.19
0 96.51 -1.52 3.49
0 97.29 -5.04 3.34
0 97.72 -3.87 1.94
0.05 98.06 -4.27 1.99
5.41 96.86 -0.08 3.73
0 97.61 -2.56 3.53
0 97.32 0.55 2.61
0 96.58 2.84 3.39
0 96.65 -0.37 2.57
0.26 97.31 -4.78 3.45
0 96.81 -4.88 3.04
0 97.02 -6.27 2.09
2.9 96.39 -3.35 3.34
0 97.36 -6.9 2.21
0 97.52 -7.79 1.42
0 96.95 -5.25 2.96
4.55 97.21 -3.13 2.56
0 97.83 -7.67 3.6
0 97.8 -9.83 2.35
0.01 97.77 -9.05 3.1
0 96.99 -4.9 2.5
0 96.94 -4.21 1.35
0 97.09 -4.02 1.14
0 97.15 -3.76 1.38
0.06 97.5 -3.64 1.16
0.07 97.51 -4.59 2.71
3.84 97.13 -8.78 4.14
0 97.57 -9.34 2.95
0 97.55 -10.24 1.36
0.03 97.29 -5.32 2.87
2.45 97.96 -8.78 3.74
0 97.89 -11.31 2.18
0 97.54 -9.02 3.74
0 97.79 -9.1 2.95
0 97.28 -8.03 1.72
0 97.15 -7.07 1.47
0 96.92 -3.14 2.93
0 97.09 -4.59 2.43
0 96.76 -2.33 2.45
0 97.38 -5.29 1.56
0 97.72 -6.91 1.31
0 97.21 -4.27 1.16
6.01 97.22 -3.82 1.77
11.64 96.78 -4.01 2.22
0.01 97 -7.04 3.28
0 97.26 -9.76 3.33
0 97.02 -9.95 2.5
0.01 96.74 -10.96 2.78
0 96.85 -9.69 4.18
0 97.85 -11.26 2.16
0.09 97.85 -12.96 1.48
0.02 97.76 -12.32 1.4
0.24 97.53 -10.34 1.84
0 97.85 -10.99 1.77
13.14 97.51 -11.91 2.9
0 97.62 -13.01 2.45
0 97.18 -11.62 4.48
0 97.9 -13.41 2.6
0 98.03 -13.79 1.77
0 98.15 -12.35 1.49
0 97.55 -8.29 2.05
0.04 96.72 -3.07 5.09
0 97.34 -6.15 3.51
0 96.76 -6.69 2.59
0.26 97.53 -9.96 4.38
0 97.92 -9.49 3.34
0 97.31 -6.94 3.04
0 98.05 -7.44 3.43
0 97.44 -4.83 2.29
0 96.87 -3.99 1.82
0.48 96.48 -0.56 2.26
0 96.85 -4.4 3.48
0.01 97.82 -6.13 3
0.01 97.78 -7.14 1.24
0.02 97.53 -7.68 5.22
0.01 97.07 -8.64 5.65
0 97.27 -8.64 4.7
0 97.4 -7.06 2.91
0 97.39 -6.48 1.69
0 97.86 -5.06 1.95
0 97.76 -3.85 2.36
0 96.55 2.07 3.31
4.14 96.82 -2.08 4.59
0 97.5 -6.4 3.07
0 96.95 -5.52 2.59
0 95.79 -2.35 4.59
0 97.58 -6.72 4.69
9.99 97.45 -5.83 2.78
22.76 96.71 -3.21 4.44
0 97.24 -3.94 3.51
0 96.95 -1.72 3.3
0 96.89 -0.32 3.06
0 97.13 -0.63 1.66
0 96.76 1.94 2.93
0 96.7 1.71 2.89
1.1 97.12 -3.67 4.18
0 96.35 -0.9 2.69
0 96.42 0.34 1.94
0.05 96.62 -2.18 2.51
0.2 97.04 -4.16 3.75
0.03 96.8 -6.34 3.69
0 96.78 -4.31 4.34
0 96.28 0.42 3.94
0 96.11 1.22 3.19
0 96.34 3.38 1.98
0 96.56 5.44 3.02
0 97.39 0.96 4.57
0 97.44 1.42 2.79
0 97.41 1.93 2.52
0 97.15 3.08 1.86
0 96.76 3.73 1.66
1.04 96.65 4.85 2.23
0 97.17 6.18 2.19
0.07 97.29 5.85 2.48
0.56 97.29 3.04 3.62
0 97.15 2.34 2.51
0 96.9 3.48 2.29
0.51 97.3 2.97 1.85
4.67 97.02 1.74 1.59
2.22 96.8 3.41 2.2
0.2 96.71 3.28 2.37
0 96.9 3.96 2.63
0 96.71 6.08 2.52
0 96.61 9.86 3.61
0.05 97.42 5.25 2.83
0 97.24 5.45 2.5
0 96.63 6.16 1.77
0 96.63 9.71 2.17
0 96.57 13.19 3.35
0 96.26 16.73 4.17
0.38 96.05 13.7 3.78
3.36 96.06 10.58 3.6
0.9 96.16 10.39 2.81
0 96.85 9.82 4.12
0 96.89 9.7 1.93
0 95.87 13.31 3.28
0 96.41 9.07 4.32
0 96.36 7.86 2.64
0 95.71 12.91 4.45
0 95.26 15.66 3.27
0 95.69 17.07 3.25
0.13 96.07 15.27 3.08
1.09 94.94 15.7 4.46
0.36 95.1 9.53 5.9
2.38 95.59 8.59 3.3
2.34 95.88 10.85 3.66
0 96.31 11.19 2.47
0.01 95.65 14.48 4.98
0 95.93 10.96 3.12
0 96.21 10.62 3.15
0.01 96.87 9.98 3.52
0 96.89 11.45 4.48
0 96.03 15.97 4.38
0 95.48 18.03 3.25
0 95.14 21.33 4.34
0 96.05 17.91 2.71
0 96.47 18 2.63
0 96.41 21.16 4.13
1.35 96.36 18.93 5.55
20.87 96.27 15.6 3.24
19.56 95.96 11.32 5.71
0 96.17 12.03 6.22
0 96.03 18.47 3.72
0 95.73 21.19 2.71
0 95.54 20.28 4.76
0.54 95.47 19.22 3.25
0.06 95.58 16.64 4.98
0 95.5 14.73 4.28
1.38 95.68 13.75 4.72
0.33 96.4 14.92 4.88
0 96.38 17.47 2.41
0 95.62 20.17 1.99
0 95.44 23.62 2.68
0 95.41 28.61 4.55
1 95.76 27.42 3.55
0.36 96.06 24.51 3.36
4.34 96.37 17.68 3.78
188.21 96.51 11 2.47
0.02 96.3 16.76 2.23
0.02 95.85 19.97 2.17
0.13 96.39 16.1 3.62
0 96 18.52 2.44
0 95.64 20.96 3.17
0 95.8 22.38 3.66
28.62 96.17 17.46 2.79
0.56 95.64 20.26 3.03
24.62 95.14 20.19 3.03
0 95.62 17.64 3.38
81.1 95.98 12.22 2.06
0 96.07 16.6 2.59
0 96.06 20.82 2.6
0 96.23 21.95 2.44
23.52 95.95 16.26 2.49
1.25 95.63 18.92 2.58
0.31 95.5 23.06 3.79
0 95.59 21.92 3.68
0 95.98 19.74 1.88
10.42 96.15 18.72 1.95
16.57 96.43 19.16 1.82
0 96.43 21.46 2.06
0 95.94 27.66 2.64
0.09 95.67 28.88 2.19
4.61 95.54 27.83 2.69
5.43 95.45 25.8 2.95
42.65 95.46 23.01 3.31
157.41 95.41 20.03 2.11
11.42 95.42 20.81 2.37
0.43 95.61 22.3 2.25
39.43 95.97 20.04 1.68
95.18 95.88 18.31 1.56
7.33 95.6 19.93 1.51
6.23 95.55 21.85 1.59
0 95.72 24.46 1.83
13.21 95.65 25.4 2.8
6.56 95.68 25.97 3.36
0.07 95.57 26.98 3.76
6.83 95.41 27.29 2.96
18.41 95.29 27.77 2.87
74.85 95.5 24.39 2.21
0.39 95.6 25.61 2.01
12.65 95.76 25.39 1.89
76.62 95.92 24.03 1.56
90.69 95.73 24.26 2.73
618.5 94.86 23.41 2.68
20.79 94.83 25.43 3.42
74.72 95.02 24.17 2.49
0.57 94.92 24.74 1.72
0 95.21 26.43 2.64
0.8 95.29 28.79 3.04
26.39 95.09 28.45 3.69
15.47 95.46 26.7 2.23
18.11 95.83 26.56 1.92
0 95.95 27.34 2.19
0 95.9 28.3 2.57
0.01 95.63 28.31 3.36
63.72 95.4 26.64 2.86
46.76 95.35 23.93 2.83
74.12 96.1 21.94 2.5
16.22 96.09 21.94 1.59
2.15 95.64 23.83 1.19
3.08 95.72 24.1 1.73
0.34 95.98 24.48 1.83
27.43 95.67 22.35 2.44
1.72 95.82 23.45 2.37
0 96.34 23.5 1.83
0 95.93 23.72 1.64
19.9 95.52 24.59 2.4
0.09 95.69 25.54 2.17
0.63 95.78 26.21 2.76
34.09 95.51 25.81 2.34
1027.06 94.91 23.9 2.68
7.97 95.32 25.43 1.51
96.65 95.37 24.99 2.22
60.91 95.18 23.47 1.86
4.37 95.24 24.18 2.07
30.57 95.12 23.41 1.65
36.23 94.96 21.43 1.6
5.53 95.06 23.69 1.59
8.75 95.46 24.54 2.57
56.69 95.86 23.51 2.17
0.29 96 24.04 1.77
45.14 95.93 22.22 1.72
20.11 95.81 22.31 1.62
223.18 95.87 20.58 1.81
99.81 96.01 21.2 1.77
34.08 96.17 21.92 1.57
23.76 96.22 22.54 1.57
7.49 95.87 22.77 1.88
0.67 95.58 25.4 1.91
63.19 96.02 23.25 2.2
213.48 95.91 19.89 2.04
0.09 95.91 20.95 2.95
0 96.02 19.01 3.4
0 96.37 19.93 2.19
17.46 96.13 17.32 3.05
7.89 96.52 16.67 2.72
0 96.69 15.17 2.31
0 96.37 17.36 1.98
0.71 96.38 17.81 1.64
4.88 96.21 19.79 1.75
11.81 96.29 19.46 1.94
5.4 96.19 20.49 2.85
2.23 96.02 21.47 3.1
0.04 95.84 21.15 3.33
0 95.78 19.58 1.69
0 95.58 21.42 2.35
0.44 96.11 19.35 2.67
7.17 96.21 18.74 2.02
69.78 96.08 17.68 1.99
0.09 96.28 17.1 2.09
0 96.69 15.81 2.14
0 96.97 16.68 1.65
2.38 96.91 18.67 2.12
6.95 96.74 19.48 2.1
1.69 96.28 19.54 2.59
0.03 96.1 17.48 2.1
0 95.52 19.42 2.51
0.22 95.96 16.59 2.95
0 96.39 16.04 1.98
0.61 95.77 19.38 3.13
44.95 95.74 17.55 3.35
0 95.97 18.5 3.98
0.1 96.22 18.98 2.64
15.73 96.24 16.82 2.5
29.31 96.49 13.62 2.2
0.18 96.49 10.52 2.25
0 96.36 9.92 3.16
0 96.2 10.59 2.07
0 96.35 13.78 2.98
0.08 96.47 16.38 3.86
0 97.25 9.65 2.47
0 97.61 8.18 1.93
0 97.42 9.75 2.5
0 96.71 14.14 3.4
0 96.47 15.52 3.59
0 96.74 14.42 1.94
24.78 97.05 12.8 1.49
161.41 97.65 9.21 3.19
18.86 97.69 6.15 3.2
0.73 97.51 5.33 2.76
1.04 97.15 5.18 2.05
0 97.01 7.17 2.87
0.01 97.63 5.37 1.38
33.15 97.68 6.5 1.81
0.14 98.01 5.57 1.57
0 97.79 6.29 1.71
2.62 97.13 8.9 1.8
0.04 96.9 9.38 1.3
0 96.61 11.43 2.61
0.01 97.3 8.05 2.35
3.69 97.43 4.49 2.04
0.06 97.41 5.25 1.99
0 97.22 6.68 2.02
0 97.27 8.43 1.45
0 96.67 10.76 1.69
0.03 96.53 10.88 1.82
0 97.32 7.85 4.04
0 97.9 2.47 3.43
0 97.38 5.29 2.3
0 96.49 8.42 3.13
