1.76 93.79 -16.27 1.55
0.09 94.47 -17.9 1.87
25.27 94.24 -18.85 1.83
6.26 94.63 -19.94 3.83
0 94.94 -21.59 2.18
0.01 95.12 -21.83 2.36
0.1 95.2 -19.71 1.7
18.08 94.54 -17.61 1.24
3.84 94.79 -16.82 1.92
0 95.07 -17.07 1.85
0 95.09 -17.86 3.28
0 94.53 -20.77 3.94
0 94.54 -18.63 3.56
1.02 94.32 -16.4 1.97
0 95.39 -16.24 1.77
0 94.98 -15.14 1.15
0 94.69 -11.04 1.79
0.01 94.58 -7.2 1.64
0 94.1 -2.3 2.6
0.52 95.24 -10.89 4.79
0 95.21 -15.32 4.49
0 94.96 -13.6 4.96
0 94.44 -10.18 4.28
0 93.86 -11.16 4.62
0 94.81 -11.19 4.34
0 98.09 -7.46 3.01
1.76 93.73 -6.2 2.81
0.07 94.36 -12.22 4.4
0 93.97 -7.42 4.7
0 93.96 -7.31 2.29
0 94.51 -10.07 2.13
0.79 94.63 -12.2 2.3
0 94.68 -15.67 2.55
0 94.63 -14.72 2.72
0 94.6 -14.89 2.39
0 94.89 -14.96 1.63
0.05 94.75 -13.15 2.45
7.2 93.92 -5.86 2.47
0 94.01 -6.53 2.18
0 94.58 -8.57 2.52
0 95.17 -12.04 3.46
0 95.57 -13.23 3.69
0 95.31 -13.03 2.15
0.22 94.69 -11.8 2.18
0 95.11 -12.4 3.09
0 95.27 -14.18 2.24
0 94.81 -12.39 2.03
0.04 94.42 -10.4 3.41
0 94.23 -9.91 2.66
0 93.7 -6.02 1.78
0 93.51 -6.2 1.99
0 93.67 -5.44 1.95
0 93.71 -4.67 2.63
0 92.73 -0.12 2.17
3.07 93.02 -2.09 2.13
0 94 -5.21 2.18
1.31 94.22 -4.81 2
10.04 93.88 -6.06 2.04
1.99 94.49 -8.26 2.63
0.46 94.17 -8.4 2.18
1.88 94.05 -5.34 3.75
0 94.09 -3.47 2.9
25.18 93.65 -3.06 2.87
1.95 94.75 -10.56 3.57
0 95.36 -12.29 1.85
0.04 95.57 -12.08 1.91
8.25 95.92 -10.93 2.67
0.02 95.23 -11.15 3
0 93.92 -5.47 2.7
1.24 92.86 0.39 3.92
1.87 93.99 -6.08 4.28
0 94.53 -3.97 2.23
36.62 94 -1.35 2.26
0.93 94.07 -4.46 5.87
0.02 94.4 -6.13 2.48
0 94.79 -6.85 2.62
0 93.83 -4 2.83
0.88 92.5 3.43 2.57
34.2 93.15 -1.33 3.98
0 93.45 -0.24 2.9
0.22 93.52 2.48 3.78
0 94.14 1.08 2.86
0 94.62 -1.38 2.87
0.2 94.64 -4.39 3.76
0.37 94.13 -3.18 2.47
1.11 94.69 -2.11 2.06
0 94.66 2.31 1.76
0.19 94.44 4.53 2.46
16.3 93.85 7.26 3.29
5.86 93.66 5.56 4.89
0 94.05 0.46 5.32
0 94.09 -1.2 4.29
0 93.69 3.42 3.76
0 93.47 7 3.52
5.06 94.03 2.13 2.65
0.02 94.71 0.85 2.63
0 94.13 6.27 3.45
0.79 92.99 10.91 5.5
16.18 93.68 2.19 3.02
0 94.01 2.49 3.32
3.94 93.9 1.75 2.5
38.61 93.85 -0.71 3.6
0.02 94.6 -2.04 4.99
0 94.69 0.52 2.6
0.19 94.05 2.85 2.54
5.22 94.21 3.07 2.01
0 94.22 4.23 2.61
18.74 93.59 9.83 2.76
26.26 94.04 8.21 2.06
1.04 94.39 7.9 2.16
0.51 94.64 8.67 2.28
2.77 94.42 7.93 2.4
0.61 94.32 7 2.35
0 93.92 11.2 3.04
13.34 93.67 11.21 4.25
25.74 93.54 2.96 3.43
7.09 93.15 1.52 3.79
0.29 93.36 3.63 5.83
1.43 93.51 5.99 5.03
3.02 93.7 10.95 2.76
0 93.17 16.11 2.24
0 92.94 17.32 4.18
0.33 93.4 15.01 2.31
5.46 92.89 80.57 2.71
231.93 92.53 10.02 3.48
5.42 93.09 12.64 3.91
32.32 93.04 12.09 2.41
3.05 93.26 14.18 3
41.86 93.12 9.82 4.17
13.12 93.01 8.6 2.88
1.55 94 9.68 2.67
0 94.22 12.69 1.85
0 94.18 15.37 1.93
7.74 93.84 15.36 2.9
3.78 93.73 18.68 2.34
1.92 93.88 17.85 2.66
20.71 93.41 16.57 2.56
167.32 92.61 11.78 2.78
0.3 92.36 17.43 4.84
0 93.13 20.71 2.85
0 93.31 22.27 2.59
2.31 93.28 20.87 2.27
0.51 92.93 20.68 2.54
7.52 93.21 16.79 4.34
0.53 93.78 19.77 2.94
0.72 94.11 20.57 2.27
24.73 94.06 17.33 2
110.57 93.45 14.84 2.31
42.09 93.13 16.06 2.36
39.17 93.56 14.96 2.08
16.09 94.13 15.92 1.4
8.15 94.05 16.97 1.73
1.49 94.17 18.27 1.71
0 94.23 20.21 1.75
0.07 94.04 20.93 2.01
0 93.75 21.97 2.08
0 93.74 22 2.49
0 93.84 22.64 2.8
0 93.96 22.94 2.91
0 94.05 22.76 2.26
4.53 93.92 19.79 2.16
0.05 93.64 20.18 2.8
2.2 93.34 22.25 2.05
30.25 93.09 22.05 3.03
31.57 93.01 20.51 2.65
0.73 92.91 22.4 2.51
56.28 92.97 22.47 2.01
87.75 93 19.73 2.09
15.37 93.1 19.65 1.88
1.77 93.24 21.83 1.84
0.07 93.59 22.03 2.6
0.09 93.2 22.33 1.99
5.35 93.44 20.63 2.15
0 93.6 22.46 1.72
0 93.48 24.42 1.93
0 93.47 24.91 2.42
0 93.39 24.8 2.09
15.34 93.19 22.41 1.81
23.58 93.11 22.68 1.47
0.23 93.15 23.91 1.78
0.42 93 25.22 1.55
76.15 92.91 21.83 2.18
1.87 92.93 24.61 1.78
0.3 92.95 26.99 1.87
4.67 92.95 26.07 2.43
0 92.96 25.63 3.25
0.05 93.05 24.83 2.7
9.37 93.29 21.16 2.04
2.24 93.49 22.38 2.19
5.53 93.43 21.35 2.27
83.67 93.24 20.19 2.11
131.78 93.23 19.91 1.76
165.07 93.49 20.1 1.34
7.69 93.75 22.05 1.61
0 93.69 23.26 2.22
96.76 93.28 21.8 2.3
14.57 93.07 23.96 2.92
7.63 93.31 24.72 2.07
5.94 93.3 25.68 2.55
23.48 93.36 24.49 2.31
128.7 93.25 23.47 1.71
1.27 93.49 24.28 1.71
1.87 93.6 25.56 1.75
3.41 93.65 26.27 1.59
15.62 93.79 26.92 1.67
1.26 93.67 27.26 2.08
10.35 93.59 26.07 1.94
14.06 93.21 25.72 2.18
154.25 92.79 26.08 2.54
8.93 92.73 23.75 1.57
44.03 92.78 25.76 1.5
136.15 93.08 22.18 1.91
0 93.68 21.05 2.07
0.15 93.57 21.89 1.95
21.97 92.9 23.44 2.48
70.23 93.1 22.68 1.84
81.99 93.53 20.64 3.32
0 94.2 19.51 1.6
41.98 93.81 18.91 1.78
98.66 93.11 21.4 2.47
34.43 93.22 21.5 2.34
0 93.44 20.72 1.9
0 93.18 23.17 2.27
14.16 92.91 24.19 2.02
3.68 92.81 24.84 2.29
20.68 92.73 22.41 3.36
0 93.22 20.76 2.74
0 93.53 21.68 1.73
16.88 93.53 21.35 2.38
27.42 93.69 21.69 2.17
116.45 93.86 21.49 2.08
0.97 94.16 21.65 2.04
171.05 94.06 18.34 1.68
43.67 94.01 18.88 1.85
2.07 94.03 19 1.72
0 93.96 20.97 1.88
0.44 94.17 20.9 1.65
5.19 94.35 20.45 1.75
0 94.09 19.87 1.93
1.22 93.86 19.95 1.62
20.74 93.51 19.97 1.87
5.47 93.6 19.89 1.57
1.63 93.68 20.47 2.01
10.54 94.15 19.38 1.6
2.54 94.27 20.19 1.61
0.03 94.13 19.18 1.49
0 93.87 19.31 1.75
0 93.7 21.33 1.81
0.52 93.9 22.16 2.05
0 94.34 18.22 1.91
0 94.19 17.9 1.48
10.02 93.79 18.45 1.55
14.75 93.49 18.31 2.02
0.19 93.7 18.99 1.59
0 93.85 19.97 1.44
14.54 93.92 21.15 1.57
0 94.01 21.19 1.84
12.71 93.81 19.51 2.12
115.28 94.07 14.72 2.19
243.83 94.14 9.66 1.98
164.49 94.07 12.91 1.55
0 93.84 15.98 1.54
67.1 94.05 13.88 2.17
187.3 94.67 9 2.78
0 94.59 9.47 2.79
0 94.36 11.68 1.9
4.78 94.12 13.51 1.78
17.51 93.89 13.72 2.39
0.33 94.06 11.15 2.55
0 94.06 9.33 4.69
0 94.83 7.85 2.41
0 94.43 9.06 1.57
0.03 94.17 13.75 2.32
5.49 94.41 12.34 1.63
253.67 94.13 8.14 2.43
42.81 94.14 8.36 3.11
0 94.24 9.31 2.05
0 93.89 12.58 2.02
0 93.79 15.27 2.45
0 93.93 16.08 2.64
0 93.89 15.72 2.12
0 93.46 15.11 2.58
101.69 93.92 9.9 1.96
167.88 94.36 5.25 2.41
0 94.49 7.35 1.97
0 94.1 8.84 2.34
0 94.28 7.28 3.12
0 93.81 6.79 3.45
0 94.48 2.67 2.79
0 95.04 0.82 1.35
23.07 94.95 0.64 1.58
36.79 95.01 0.9 1.25
0 94.93 1.81 1.53
0 94.43 4.15 1.35
0 94.19 7.74 1.42
7.86 94.33 7.98 2.11
13.24 94.83 2.94 3.44
0 95.21 -0.73 4.23
0 95.83 -2.38 2.25
0 95.05 -0.37 2.07
0 94.94 3.35 2.14
0 94.93 4.68 1.88
0 94.99 4.88 1.88
0 94.82 4.84 2.28
0 95.29 1.13 3.04
0 94.85 0.96 2.18
0 94.47 3.96 2.05
0 94.54 3.78 1.73
0 94.26 5.77 1.99
0 93.96 5.88 1.72
4.12 94.11 2.86 3.2
1.26 94.59 -0.77 3.53
0 94.22 -2.4 1.52
0 93.81 -0.55 1.63
20.75 93.34 0.29 3.9
4.47 93.71 -1.65 2.37
0.84 94.73 -2.98 4
0 95.66 -6.26 2.85
0.18 95.02 -4.49 2.67
0 94.39 -1.28 1.84
0 94.31 -0.31 1.95
0 94 3.01 2.95
0 93.52 2.06 2.35
0 93.31 3.82 2.26
1.6 93.5 0.48 5.22
0 94.18 -4.17 2.3
0 94.01 -3.54 1.98
0.07 94.32 -4.03 4.61
0 94.53 -7.91 2.64
1.17 93.7 -7.45 2.8
0 94.11 -8.47 5.82
0.4 94.18 -7.98 2.2
0.21 94.06 -6.46 1.52
0 93.76 -3.57 2.4
0.04 93.35 -2.48 2.13
0.2 93.97 -7.75 4.13
0 94.02 -7.74 2.09
0 93.12 -0.07 2.4
0 94.4 -3.89 3.91
0 94.95 -7.28 3.73
0 93.66 -6.63 2.88
0 93.62 -7.69 2.22
0 93.09 -5.9 2.06
2.23 93.03 -8.87 4.4
0 93.92 -12.93 2.27
1.68 94.18 -13.09 2.27
0.06 94.98 -16.31 3.04
0 94.97 -17.51 4.57
0 94.7 -16.64 4.92
0 93.41 -9.79 4.13
0 93.26 -7.43 2.45
0 93.32 -5.47 2.43
0 93.59 -3.89 3.46
0 93.81 -2.71 2.25
0 93.51 -7.18 1.48
0.72 94.08 -10.37 3.39
0 95.3 -17.85 4.34
0 95.3 -17.11 3.63
0 94.43 -16.18 3.3
0 93.4 -12.96 3.48
0 93.06 -10.22 2.93
0 93.69 -13.27 3.56
2.48 93.89 -13.38 2.64
0.15 94.14 -14.47 4.85
0.21 94.68 -13.85 4.96
0 95.13 -13.47 3.33
0 95.26 -13.65 2.79
0 94.85 -13.36 1.57
0.07 94.48 -13.69 2.36
0.15 94.71 -13.13 4.42
0 95.32 -12.92 3.79
0.07 94.65 -10.72 2.18
1.03 94.48 -11.33 3.72
0 95.04 -15.11 4.27
0 94.3 -12.52 3.2
0 93.85 -13.65 4.19
0 93.96 -13.86 2.21
0.04 93.97 -12.68 2.88
0.15 94.95 -16.19 3.35
0 95.38 -18.41 3.9
0 95.18 -16.77 2.31
0 95.05 -15.9 2.81
0 94.78 -16.13 3.37
0 94.74 -15.65 3.76
0 94.66 -14.27 2.65
0 94.46 -14.03 2.28
0 94.46 -14.89 3.34
0.22 94.72 -15.39 3.82
0.07 94.85 -15.49 2.18
0.06 95.02 -15.99 2.81
0 95.43 -16.16 2.1
0 95.73 -15.07 2.83
0.11 95.28 -15.45 3.09
0 95.02 -15.99 3.61
0 94.86 -12.28 3.83
0 94.51 -6.03 3.47
0 94.16 -7.02 2.39
0 94.05 -9.37 1.96
0 93.93 -7.79 2.35
0 94.12 -6.78 2.11
0.15 93.38 -5.71 3.27
0.02 93.92 -4.74 2.79
0 93.53 -7.22 2.14
0.87 93.7 -7.65 3.14
0.13 94.48 -10.64 1.9
2.36 94.45 -9.79 1.37
1.3 94.76 -13.71 3.83
0 94.86 -13.45 2.38
0.4 94.75 -12.16 2.22
0.19 94.75 -12.92 1.94
0 94.14 -6.5 2.73
2.51 94.03 -6.08 1.63
2.12 94.46 -5.89 2.64
0 94.47 -5.87 2.18
0 94.36 -2.14 2.05
0 94.61 -2.35 1.63
0 94.27 -0.64 1.94
0 93.78 0.71 3.05
1.74 93.58 -0.59 2.13
0.21 94.28 -4.59 3.2
0 94.85 -4.97 2
23.99 94.34 -3.73 3.72
1.3 94.97 -8.91 3.01
0.17 94.61 -8.3 3.24
0 94.32 -7.79 3.27
0 94.31 -7.91 2.81
0 94.45 -5.3 3.13
0 94.12 -2.59 2.11
0.48 93.61 0.47 2.45
0 94.41 -2.29 3.71
0 94.17 -2.39 4.37
0 94.2 -4.3 4.46
0 94.54 -2.55 3.75
0 94.28 -1.15 3.32
0 93.65 1.08 2.77
0 92.98 5.36 2.03
0.11 93.72 1.42 4.64
0 94.81 -2.75 4.7
0 94.5 -5.28 4.76
0 94.25 -3.74 3.02
0 93.68 2.24 3.18
0 93.37 3.37 5.19
0 93.73 0.76 3.4
0 93.84 -0.33 2.33
0.98 94.5 -4.06 4.31
0 94.61 -3.45 3.06
0 94.34 -2.87 2.67
0 94.5 -2.64 4.25
0 97.52 -1.09 2.56
0 97.5 0.38 2.85
0 97.34 2.46 2.8
0 97.57 2.26 1.82
0 97.34 6.05 2.77
0 96.99 7.27 2.05
0 96.62 8.4 3.64
0 97.77 2.1 3.76
0 97.74 1.88 2.17
0 97.35 5.05 2.37
0 97.23 6.7 1.64
0 94.18 8.48 3.18
0.16 93.48 9.76 4.76
3.41 93.86 7.08 4.56
0 93.82 7.03 3.85
0 93.64 7.8 3.41
1.37 94.33 4.74 3.22
0 94.05 8.14 3.16
0 93.47 12.57 2.85
0 93.52 12.68 1.94
0.04 92.86 14.64 3.45
0 93.61 10.1 4.31
0 93.37 11.44 3.78
1.77 93.42 7.55 6.56
0.47 93.99 6.89 4.36
0 93.82 9.45 2.18
0 93.3 12.47 3.49
47.25 93.95 7.52 2.33
2.06 93.86 6.47 2.3
6.8 93.61 5.82 3.13
3.31 93.22 6.21 3.8
0.08 92.75 8.42 1.99
16.26 92.8 8.7 2.64
1.5 93.42 7.64 2.73
0 92.96 9.78 1.94
61.02 92.36 8.26 1.77
4.58 92.34 9.03 2.89
1.17 93.28 12.64 3.55
0.35 93.52 10.35 3.68
0 93.82 12.06 2.54
8.79 93.33 11.18 2.92
110.38 92.58 8.97 3.14
0.74 92.65 10.2 3.5
0.01 93.15 12.87 2.79
2.86 93.14 13.95 3.78
19.3 92.99 15.33 2.95
0 93.21 16.95 2.25
0.39 92.95 14.6 5.26
3.91 92.93 11.57 6.36
0 93.11 14.27 5.98
0 93.16 15.49 4.26
0 93.66 13.16 3.39
0 93.61 14.05 2.46
0.07 92.52 17.7 2.65
12.12 92.42 17.02 3.63
7.6 93.44 12.87 2.96
1.14 93.6 11.43 3.33
2.36 93.49 12.16 4.58
0 93.35 16.52 3.14
0 93.48 17.74 2.74
0 93.6 19.61 2.88
15.63 93.53 18.91 3.55
20.36 93.44 17.5 4.24
0.03 93.32 18.91 2.8
1.16 93.13 22.23 4.38
32.47 93.21 20.56 2.33
36.7 92.82 17.84 3.31
9.08 92.74 16.48 3
0.1 93.16 18.67 2.9
3.99 92.92 19.06 4.03
3.64 93.02 18.06 3.89
0.21 93.25 18.86 2.28
6.85 93.14 21.62 2.33
10.68 92.54 22.78 2.86
29.75 92.28 20.53 2.41
18.66 92.5 21.12 2.72
0 92.89 21.18 2.66
53.73 92.8 19.77 2.16
125.04 92.99 15.89 2.14
6.94 93.19 19.1 1.95
5.98 93.19 20.7 1.97
39.55 92.97 20.32 2.25
113.35 92.94 18.5 2.08
96.13 93.16 17.44 1.82
0.91 93.34 20.37 1.92
0 93.27 23.33 1.8
0 93.14 25.07 2.15
0.07 92.89 26.14 2.6
0 92.81 25.71 2.61
27.41 92.54 21.73 2.29
119.85 92.74 16.5 2.27
2.94 93.46 18.72 2.34
0 93.8 20.11 1.78
4.53 93.24 21.08 2.55
6.58 92.57 22.03 2.15
4.9 92.74 23.96 2.45
0.02 92.88 24.13 3.21
36.57 92.81 23.09 2.4
55.32 92.89 21.65 1.84
0.5 92.8 22.52 2.39
0 92.93 23.26 2.47
0 93.05 24.46 2.14
107.96 92.56 21.9 2.54
0.93 92.28 23.71 3.09
75.13 92.33 17.53 2.06
28.46 92.41 17.87 2.86
10.96 93.07 20.78 1.95
15.32 93.24 22 2.09
21.4 93.29 23.12 2.28
12.71 93.31 22.71 2.2
7.18 93.13 23.47 1.67
28.91 93.21 22.1 1.85
35.89 93.19 21.94 1.71
29.71 93.07 21.64 1.76
18.16 93.1 20.9 1.66
108.71 93.17 21.5 1.58
145.74 93.03 20.51 1.53
73.11 92.93 20.81 1.57
74.7 92.87 21.46 1.82
21 92.87 22.86 1.74
0.13 92.94 24.99 1.72
118.36 92.91 24.86 2.59
530.13 92.7 21.34 2.1
84.17 92.67 22.15 2.25
16.04 92.85 22.28 2.27
0.42 93.1 23.84 1.65
52.15 93.27 20.85 1.65
83.31 92.89 21.17 1.78
0.12 92.98 22.78 1.83
0.25 93.13 23.37 2.2
0.9 93.44 22.35 1.92
0.04 93.05 22.84 2.12
0 93.04 23.63 2.01
0.15 93.24 23.43 1.63
17 93.21 22.78 1.74
9.34 93.23 23.14 1.82
7.71 92.89 23.69 1.94
9.84 93.03 24.66 1.95
0 93.41 24.22 1.66
0 93.25 24.95 1.6
0 92.97 25.31 1.84
9.48 92.73 24.58 1.82
121.66 93.03 21.19 1.58
228.44 93.09 19.4 1.56
15.39 93.14 21.2 1.69
8.19 93.31 20.36 1.48
0.09 93.58 20.77 1.77
0.12 93.72 21.19 1.54
0 93.71 22.43 1.55
1.98 93.6 22.18 1.87
9.22 93.76 20.55 1.79
0 93.76 20.16 1.6
90.76 93.73 19.75 1.42
11.2 93.95 19.4 1.75
1.31 94.03 20.37 1.6
12.21 93.83 19.3 1.75
5.71 93.52 20.04 1.59
0.73 93.45 21.07 1.64
0 93.39 22.41 1.56
19.65 93.18 21.42 2.79
2.17 93.63 18.58 2.04
0 93.48 18.77 1.82
20.15 93.92 17.21 2.02
1.16 93.89 17.99 1.63
0 93.93 17.88 1.53
0 93.49 18.63 1.58
9.75 93.17 17.32 2.67
5 93.75 12.74 2.06
0.29 94.33 12.34 2.23
6.8 94.55 12.58 1.92
6.61 94.06 15.76 1.77
1.83 93.79 15.62 2.15
0.11 93.4 18.84 2.83
12.05 93.43 17.01 2.07
27.14 93.62 14.8 1.78
50.33 93.99 12.37 2.61
0 94.37 8.88 2.34
0 94.81 8.84 2.25
0 94.64 9.72 1.64
0 94.3 11.15 1.8
0 93.93 12.55 1.97
0 94.02 13.41 2.05
0 93.91 13.52 1.96
0 93.67 15.88 2.76
0.03 93.96 15.93 2
0.82 94.07 16.78 2.42
0.16 93.89 17.08 2.1
11.08 93.74 14.21 1.86
0.14 94.19 8.51 3.49
0 94.65 6.41 2.51
0 94.73 6.18 2.74
0 95.19 6.83 2.66
0 94.84 7.83 2.01
0 94.17 9.42 2.13
0 93.65 10.79 3.36
0 94.17 8.85 1.81
0 94.15 9.45 1.51
0 93.94 12.47 1.95
0.17 94.33 12.48 2.37
0 94.82 8.98 1.57
0 94.58 11.02 1.77
0 94 12.64 1.6
60.25 93.44 10.01 1.68
3.54 93.36 7.74 2.21
3.23 93.04 7.22 3.01
2.91 93.53 7.8 4
0 94.43 4.87 2.28
0 94.53 7.32 1.42
0 94.31 9.32 1.91
0.07 94.15 12.73 2.57
0 94.12 12.59 1.83
1.48 94.02 10.26 1.83
48.19 94.52 4.14 3.26
0.01 94.88 1.35 3.2
0 94.89 3.1 1.82
0 94.45 4.65 1.63
4.5 94.32 5.57 2.26
0 94.57 5.07 1.45
0 94.24 5.42 1.67
0 94.06 7.37 2.29
0 94.24 9.26 2.83
7.11 94.46 9.55 2.56
0.04 94.99 4.15 1.68
4.13 94.69 7.38 1.56
3.51 94.49 8.51 2.58
0.19 95.09 2.96 2.55
0.3 94.96 1.52 1.26
0 94.94 2.81 1.91
0 94.89 2.84 1.72
0 94.7 1.43 1.35
0 94.08 1.23 1.43
0 93.51 2.47 1.93
0 93.79 3.92 3.67
0.04 94.51 -2.86 2.49
0 94.57 -4.45 1.82
0 94.63 -3.26 1.68
0 94.81 -0.22 1.84
37.6 94.22 1.56 1.27
4.56 93.99 -0.64 2.48
2.51 94.25 -5.56 3.92
0 94.72 -7.65 2.4
0 94.72 -5.45 1.88
12.28 94.3 -5.48 2.97
0.15 94.95 -8.97 2.93
0 94.61 -8.92 1.26
0.48 94.61 -7.12 1.66
0.48 94.03 -2.16 1.7
0 94.09 -2.62 1.54
0 94.83 -4.32 2.3
0 95.35 -8.22 1.57
0 95.65 -8.9 2.09
0.48 94.94 -8.39 1.25
0.19 94.23 -5.73 1.27
0 94.45 -8.08 1.81
0 94.75 -9.25 1.06
1.49 94.95 -8.42 1.11
1.57 94.96 -5.46 1.14
1.82 95.24 -8.48 3.13
0.15 95.56 -12.85 4.09
0 95.22 -12.84 3.42
0.04 94.43 -8.26 4.09
0 94.44 -4.84 3.03
0 94.83 -7.89 1.75
0.04 94.18 -5.91 2.97
0 94.9 -11.02 4.2
0 95.09 -14.5 3.39
0 95.24 -14.17 3.48
0 94.97 -12.43 2.52
0 95.03 -11.99 2.14
0 94.9 -12.38 1.55
0 94.6 -11.82 2.16
0 94.57 -10.81 4.01
0 94.76 -12.63 2.85
0 94.31 -11.35 2.94
0 94.45 -13.31 2.31
0 94.94 -13.03 1.92
0 95.2 -12.64 1.93
0 94.76 -9.79 1.82
0 95.07 -11.32 1.65
0 95.37 -14.73 1.33
0.26 94.9 -12.51 1.35
0.04 94.71 -10.57 2.36
0.13 95.06 -12.2 1.99
0.72 94.52 -12.45 3.15
0.24 94.72 -13.94 4.16
0 94.91 -13.21 3.08
0 94.67 -12.48 1.97
0 95.42 -15.36 1.51
0.33 95.35 -15.53 1.33
0 94.96 -13.2 1.89
0 94.91 -13.72 1.53
0.36 94.99 -13.6 3.34
0 95.07 -13.54 3.04
0 94.26 -9.85 2.72
0 94.48 -10.64 2.24
0 94.39 -10.3 2.1
0 94.11 -11.49 1.42
0.37 93.92 -10.41 1.33
0.62 94.11 -12.14 1.17
0 94.3 -11.71 1.52
0 94.72 -11.78 1.59
0.07 95.37 -14.93 3.33
0 95.26 -18.74 3.44
0 94.92 -18.93 2.99
0 94.4 -17.73 2.46
0 94.27 -17.17 3.15
0 93.88 -15.48 2.82
0 93.96 -14.38 2.02
0 94.45 -15.54 1.72
0 94.7 -15.53 2.2
0 95.07 -16.72 2.27
0.11 94.69 -17.79 1.9
0.37 94.28 -17.08 3.78
0 95.06 -18.61 4.32
0 95.07 -17.03 3.54
0 94.13 -14.27 3.47
0 94.19 -11.95 2.34
0.22 93.64 -9.21 2.46
0.15 94.28 -14.43 5.26
0 94.49 -17.05 4.82
0 94.08 -13.98 4.98
0 94.2 -12.04 3.16
0 94.52 -12.08 3.05
0 94.55 -11.87 2.18
0 94.28 -10.17 2.2
0.13 94.03 -6.14 2.08
0.21 94.59 -10.16 3.5
0 94.54 -12 3.23
0.22 94.6 -12.67 3.28
0 94.75 -13.88 4.61
0 94.66 -11.5 3.55
0 94.06 -7.54 2.72
0 94.08 -8.69 1.91
0 93.86 -8.9 1.66
10.23 93.54 -7.24 2.35
0 94.46 -7.91 2.71
3.27 94.31 -6.6 2.56
0.02 94.79 -9.57 3.2
0 94.71 -8.91 2.3
0 94.2 -7.1 2.19
0 93.83 -3.76 2.41
0 93.99 -1.52 1.96
6.91 94.48 -4.25 1.7
1.35 94.65 -7.01 1.79
1.36 94.62 -5.92 1.79
0.24 94.04 -2.83 1.83
25.12 93.33 -3.98 1.67
17.46 93.44 -4.56 2.93
0.18 94.08 -5.43 3.76
0 94.76 -9.32 3.51
0 94.43 -8.77 2.15
1.19 94.42 -8.97 4.81
0 94.86 -8.85 3.95
0 94.5 -6.89 1.93
0 93.9 -3.04 3.39
0 94.4 -2.03 2.51
0 94.05 1.14 3.04
5.49 93.17 4.35 3.63
11.77 93.71 -3.1 3.21
13.08 94.59 -8.03 2.75
0 94.39 -3.28 2.06
0 94.34 -1.29 1.99
0 93.78 3.1 3.13
0 94.23 2.27 2.07
11.48 93.46 0.91 4.24
0 93.89 -1.03 5.63
0 94.29 -0.13 3.07
0 94 3.99 2.68
0 94.24 7.11 3.31
0 94.36 8.12 3.09
1.3 93.44 8.5 6.92
3.48 94.01 0.16 4.73
2.21 94 -1.39 4.21
0 93.89 -0.04 2.2
3.48 93.84 1.25 2.86
0 93.54 3.65 4.06
0 93.37 4.25 5.39
0 93.64 3.08 4.59
0.49 93.94 4.12 2.76
0 93.54 8.89 3.78
0 93.66 9.47 4.7
0 93.5 12.05 3
8.09 93.28 12.27 4.53
4.51 93.65 6.89 4.56
0 93.1 11.07 3.45
0 92.95 13.04 3.4
0 92.92 14.25 3.31
1.15 93.5 8.94 3.17
0 93.81 8.5 2.69
0 92.96 14.56 3.85
0 93 16.67 4.06
4.69 93.34 14.19 3.89
20.56 93.85 12.34 3.07
2.56 93.29 11.89 1.93
0.2 92.66 13.69 2.04
1.08 92.65 16.86 3.5
190.35 93.11 11.9 2.38
42.98 93.09 8.61 4.38
0 92.46 10.06 3.43
0.55 92.25 10.26 7.11
0 93.39 8.92 3.39
0 93.36 12.13 2.77
0.22 93.17 16.25 2.92
3.05 93.66 16.25 2.7
31.62 93.23 17.11 2.44
0 93.31 19.57 2.31
0.96 93.4 19.14 2.76
0 93.5 17.26 3.18
0 93.1 17.57 2.27
0.89 93.09 16.71 1.75
0 93.35 17.4 2.04
0.37 93.61 18.4 2.56
2.69 93.76 19.36 2.26
93.76 93.72 14.21 2.08
16.77 93.33 12.82 3.52
17.6 93.07 10.81 3.13
3.38 93.05 11.07 4.25
0.07 92.81 11.12 3.08
3.73 92.6 12.62 4.77
0.03 92.98 16.22 1.91
0 92.95 21 3.37
8.77 93.48 18.64 2.92
13.22 93.79 17.73 2.3
0.62 93.66 19.17 3.48
1.76 93.42 18.63 4.01
2.49 93.52 15.87 3.09
0 93.53 15.8 3.07
0 93.33 16.71 2.47
0 92.98 19 2.43
0 93.35 19.97 2.14
0 93.55 22.42 2.63
40.74 93.59 18.18 2.92
30.36 93.97 13.94 2.59
0.97 94.03 15.6 2.29
43.46 93.57 15.82 3.02
15.39 93.37 15.61 2.81
73.17 93.09 15.37 2.49
32.44 92.88 18.01 3.14
0.97 93.06 19.77 2.1
8.93 92.66 19.46 2.39
13.08 92.53 20.84 2.09
20.85 92.52 21.34 2.18
61.41 92.4 19.39 3.14
9 92.51 16.4 3.26
6.15 92.21 15.62 3.12
18.44 92.31 15.42 2.28
185.02 92.84 13.04 1.86
243.26 93.12 13.75 2.07
114.06 93.17 15.57 2.63
8.77 93.02 18.68 1.8
8.42 92.91 21.27 1.78
6.79 93.03 21.66 1.87
12.34 92.79 21.84 1.72
72.19 92.86 21.64 1.88
11.31 93.02 21.63 1.56
95.64 92.98 20.88 1.94
0.88 92.75 21.99 2.47
114.81 92.75 21.28 2.46
52.23 93.1 20.36 2.35
41.89 93.5 21.43 2.13
7 93.67 21.84 1.86
5.17 93.37 19.68 2.24
49.36 92.98 20.54 2.35
0 92.87 22.82 2.11
1.86 92.52 23.38 3.61
3.05 92.53 21.74 3.12
0.55 92.48 22.16 2.45
0.06 92.8 22.7 1.99
6.32 92.94 22.34 1.94
4.85 92.85 22.81 1.61
69.21 92.82 22.76 1.92
20.8 92.83 23.96 2.01
31.62 92.86 24.35 1.7
124.42 92.46 21.49 1.88
89.97 92.25 19.35 2.1
65.41 92.65 19.35 2.43
8.06 93.13 21 2.21
0 93.15 20.76 1.73
0 93.18 22.11 1.65
0 93.42 24.07 1.49
0 93.51 24.14 2.09
0.09 93.34 23.89 2.12
13.64 93.21 24.3 1.59
18.53 93.13 24.2 1.7
157.49 93.06 22.36 1.65
412.1 92.69 21.65 3.52
0 93.15 22.52 1.8
0 93.36 23.23 1.86
19.6 93.27 22.91 2.17
51.65 92.92 24.43 3.13
4.24 93.26 23.09 1.92
180.34 92.78 22.73 2.73
29.08 92.59 22.54 3.53
0.89 93.14 21.1 1.74
117.68 93.4 19.11 1.64
147.78 93.54 18.58 1.8
82.41 93.48 20.18 1.62
17.31 93.51 22.15 1.66
88.22 93.57 22.41 1.67
0 93.77 22.94 1.57
0 93.6 23.75 1.62
0 93.25 24.92 2.09
9.82 93.18 24.07 1.81
2.91 93.42 22.8 1.5
0 93.29 22.91 1.87
40.62 93.32 20.18 1.96
26.19 93.33 18.61 2.04
3.01 93.51 19.39 1.77
15.64 93.18 17.95 1.84
7.11 93.27 20.29 1.68
0 93.58 21.18 2.14
0.07 93.19 22.47 2.6
40.17 93.24 22.01 2.2
1.98 93.28 20.44 1.97
10.43 93.3 19.17 2.61
4.57 93.86 15.71 2.26
0.04 93.98 15.62 2.16
0 93.77 19.1 2.43
0 93.71 20.91 2.07
1.1 93.59 20.75 2.09
10.04 93.6 20.92 1.73
14.27 93.49 20.73 1.87
2.53 93.06 22.22 1.87
1.14 93.22 22.78 2.42
0 93.45 23.61 2.04
0 93.58 23.51 2.32
3.81 93.62 22.86 2.06
281.89 93.52 15.65 2.92
21.47 93.86 13.18 2.67
0.31 93.91 12.52 2.2
1.47 94.02 15.11 2.31
0 93.97 17.8 2.16
29.26 94.04 17.26 1.84
1.05 93.95 17.16 1.51
0 93.91 18.45 1.36
0 93.84 19.57 1.65
38.53 93.51 17.86 1.99
70.45 93.55 12.59 3.58
2.54 93.67 11.12 2.35
0 94.05 12.55 1.78
0.07 94.47 13.22 1.32
0 94.56 13.36 1.46
0 93.96 14.05 2.27
0 93.5 14.92 2.35
0.23 93.46 14.96 1.8
0 93.7 16.24 1.8
9.33 93.61 16.62 1.96
2.09 93.62 16.45 1.49
5.57 93.92 15.33 1.47
1.51 94.2 15.17 1.78
47 94.09 14.07 1.68
2.46 94.35 13.83 1.55
56.48 93.99 10.49 2.08
30.4 94.04 9.81 5.75
0.84 94.17 10.7 3.15
0 94.14 10.77 1.78
0 93.98 11.82 1.75
1.43 93.79 13.25 2.14
1.18 93.65 12.03 3.14
0 93.79 12.17 2.42
0 94.27 10.49 1.8
0 94.7 11.1 1.44
0 94.57 12.2 1.65
0 94.07 14.23 2.23
21.64 93.68 11.43 3.18
0 94.15 7.41 2.32
0.21 93.75 9.01 2.14
0 93.6 11.22 2.36
0.1 93.98 7.34 4.45
0 94.36 6.1 2.42
0.07 94.43 6.44 1.91
51 93.88 7.31 4.09
0 93.87 3.58 3.24
0 93.97 4.28 2.31
0 93.81 6.61 2.11
0 94.19 6 1.96
82.22 94.4 2.35 1.25
51.54 93.9 2.94 2.11
0 93.64 5.58 1.95
0 93.4 7.69 2.54
0 93.99 7.78 2
0 94.03 9.04 1.94
4.96 93.94 9.26 3.22
0 94.74 3.07 1.76
1.16 94.64 0.56 2.41
0.11 94.29 -0.43 3.02
0.03 94.1 -0.61 2.33
0 94.05 1.96 1.55
0 94.21 1.3 2.09
21.18 94.21 2.2 1.96
171.35 93.9 -0.49 88.32
33.74 94.21 -0.73 3.05
0 94.22 -2.7 1.34
0 93.94 -0.98 2.12
0 94.11 -1.13 1.61
0 94.51 -1.74 1.45
51.69 94.22 -1.54 1.48
75.11 93.11 -3.45 5.35
0.19 93.52 -5.11 4
0 93.58 -6.81 4.54
0 94.33 -5.91 2.62
0 94.58 -6.29 1.4
20.15 94.06 -3.05 1.97
0 93.96 -5.98 85.96
0.01 93.7 -5.25 3.12
0.07 94.25 -4.01 3
0 94.28 -5.88 1.38
0 93.96 -4.1 1.5
9.52 94.4 -5.62 2.72
0 94.36 -7.65 2.55
0 93.81 -6.07 2.1
0 93.81 -4.76 3.93
0 93.83 -8.44 2.68
0 92.93 -5.43 3.67
0.15 93.72 -7.78 4.38
0.11 94.2 -10.44 2.36
0 94.88 -14.11 2.45
0.56 94.53 -14.28 1.63
0.29 93.52 -6.81 2.53
1.97 93.72 -9.04 4.55
0 93.93 -12.27 1.89
0 93.97 -14.21 3.15
0 93.87 -15.58 2.6
0 94.06 -16.76 2.61
0.07 94.16 -18.08 5.04
0 94.3 -13.46 3.49
0.37 94.74 -13.8 1.51
0.12 94.93 -14.21 1.25
0.23 94.41 -11.75 1.62
0.04 94.44 -9.79 1.17
16.17 94.4 -9.41 1.14
1.69 94.27 -7.59 1.65
1 94.61 -11.46 1.7
0 95.04 -13.8 4.04
0 95.11 -15.55 2.49
0.07 94.56 -14.85 1.14
0.91 94.66 -12.6 57.87
10.21 94.69 -11.61 3.12
0.04 95.11 -16.65 3.28
0 94.92 -20.58 3.25
0 94.12 -19.79 3.92
0 95.18 -19.03 2.78
0 94.96 -19.27 1.35
0 94.38 -14.83 1.25
4.02 94.34 -14.13 1.37
9.28 94.46 -13.83 4.42
0 94.06 -16 3.55
0.15 93.52 -16.39 2.12
0 93.9 -18.96 3.67
0 95.09 -20.03 4.3
0 95.64 -17.89 2.42
0 94.7 -18.56 2.07
0 94.52 -15.79 1.97
0 94.39 -16.59 1.76
0 94.28 -16.15 1.77
0.15 94.68 -17.63 2.43
0 94.52 -16.29 2.13
0 94.36 -16.4 1.41
0.51 94.05 -13.37 1.68
0 94.08 -13.15 1.93
0 94.12 -13.3 1.56
0 94.49 -11.13 1.9
2.16 94.25 -11.91 2.23
0 95 -14.82 2.83
0 95.27 -13.17 2.13
0 94.36 -9.22 2.54
0 94.73 -10.46 1.54
12.75 94.74 -9.18 1.18
0.46 94.81 -9.94 2.13
0 94.59 -14.53 1.44
0.11 93.56 -9.78 3.02
0.07 94.07 -14.63 4.37
0 94.09 -16.82 1.6
0.22 94.43 -13.97 1.88
0.09 94.36 -12.17 1.8
0 93.96 -7.61 1.64
0 94.21 -7.99 1.73
0.08 94.15 -6.26 1.68
2.61 94.05 -6.9 1.85
0.65 94.67 -10.31 3.61
0 94.74 -12.12 2.5
2.4 93.77 -10.19 2.53
0 94.5 -10.74 3.06
0.03 94.09 -9.72 2.1
0.68 94.38 -15.68 4.22
0 95.2 -19 4.71
0 95.01 -16.98 1.6
0.45 94.22 -13.38 2.55
0 94.79 -14.13 2.46
0.14 94.84 -13.73 2.21
0 94.14 -9.19 401.99
0 93.95 -7.03 2.73
0 94.52 -10.49 2.64
0 94.45 -11.39 1.69
0 93.8 -7.9 2.18
0.1 93.82 -7.32 3.97
0 94.48 -12.53 3.75
0 94.57 -13.36 2.4
0.01 94.53 -12.81 2.19
0 94.45 -9.88 3.17
0 94.68 -8.5 3.25
0 94.61 -6.43 2.12
0 94.63 -6.63 1.91
9.46 94.47 -6.63 1.97
0.29 93.78 -1.75 3.02
0 93.68 -1.2 2.8
0.26 93.22 -3.78 6.02
0 94.92 -9.36 5.07
0 94.91 -6.84 1.93
0 93.93 -2.41 3.12
0 94.22 0.05 2.52
0 93.63 3.57 3.01
0 93.52 2.81 2.15
0 92.97 3.91 2.19
0 92.77 2.31 2.83
0 93.01 -1.73 6.45
0 94.37 -1.6 2.51
0 93.7 2.63 3.2
20.77 93.59 -0.98 3.57
0 94.7 -6.1 3.8
0 94.3 -0.47 2.95
0 93.88 3.66 2.51
0 94.21 4.32 2.67
0 92.85 6.58 3.73
1.99 92.86 -2.49 4.14
20.9 93.55 -7.22 2.79
0.7 94.01 -7.12 3.01
0 92.87 0.4 4.84
0 93.75 -3 2.79
20.8 93.43 -4.39 3.9
0 94.16 -5.42 2.99
0 94.01 -2.62 1.74
0 93.12 3.28 3.85
2.77 93.29 0.95 4.27
0 94.09 -1.75 3.54
0 94.25 -2.29 2.4
2.67 94.14 -0.6 1.83
5.89 93.88 0.69 2.33
66.71 94 0.71 2.7
0 93.59 4.33 3.22
0 93.57 5 3.02
29.93 93.66 0.36 2.3
32.53 93.99 -0.64 3.21
0 93.76 -0.51 2.6
1.45 92.9 1.44 2.85
12.8 92.97 0 3.9
4.01 93.91 -0.44 4
1.27 93.79 0.31 3.66
0 93.81 1.83 3.83
0 93.37 7.07 2.73
1.23 92.92 5.71 4.99
0 93.14 2.37 4.72
0 92.75 4.92 2.54
6.71 93.08 4.29 3.03
41.38 93.39 1.68 488.69
1.68 94.41 0.5 4.46
0 94.39 1.99 2.28
0 94.11 4.53 2.4
0 93.81 7.61 2.16
1.68 93.28 10.4 3.85
40.73 93.29 7.09 2.27
1.2 93.28 6.74 3.5
0.03 93.38 7.98 5.01
0 93.35 9.53 1.87
0 93.31 13.05 2.24
3.86 93.14 11.28 4.11
0.14 93.4 11.3 6.05
0.36 93.84 11.12 5.21
0.26 93.86 11.01 2.23
1.29 93.68 12.02 2.58
9.46 93.91 12.32 2.01
0 93.73 15.79 2.66
0 93.91 18.98 1.86
0 93.82 20.47 2.34
0 93.82 20.55 3
0.55 93.57 20.68 4.09
34.18 93.24 13.9 2.17
18.01 92.45 14.29 4.2
0 92.08 16.31 4.58
0 92.56 15.57 2.74
0 92.63 18.22 3.26
0.57 93.27 16.01 4.75
0 94.08 16.3 2.32
0 93.98 16.95 2.64
1.65 93.37 18.23 3.11
0 92.86 18.13 3.04
10.15 92.27 14.77 5.35
0.01 92.25 16.88 4.13
0 92.57 18.1 2.88
0 93.42 19.51 2.39
3.14 93.28 22.5 3.68
4.33 93.8 17.58 2.23
0 93.42 20.07 2.31
2.23 93.14 21.09 3.48
3.84 92.97 18.71 3.49
1.49 92.81 18.06 3.33
0 93.1 18.48 4.62
0 92.92 22.2 3.19
0.13 92.55 23.65 4.52
0 93.16 18.98 2.51
10.35 92.91 17.62 3.35
0.05 93.15 18.21 3.25
27.93 93.67 16.83 2.43
38.62 93.56 18.18 2.67
11.22 93.36 18.57 2.82
15.95 93.2 20.71 2.49
4.29 93.05 20.97 3.14
68.37 93.44 15.91 2.45
2.02 93.64 17.05 1.97
20.03 93.36 15.57 2.45
4.22 93.14 16.95 1.98
0.03 93.18 21.51 3.48
0.79 93.19 23.3 4.13
12.94 93.13 23.36 2.52
166.78 93.07 18.28 2.2
9.45 92.81 20.24 1.96
31.54 92.51 20.35 2.04
0.42 92.88 22.31 2.14
0 93.38 22.61 2.31
0.05 93.52 23.35 2.01
5.33 93.28 21.42 1.55
15.8 92.93 20.88 1.96
66.5 92.77 20.59 2.31
90.88 92.52 20.23 2.26
105.19 92.28 19.28 1.84
38.77 92.42 21.35 2.14
81.85 92.79 20.24 2.48
124.03 92.85 21.35 2.48
56.59 92.8 22.29 2.92
77.12 92.58 22.06 2.09
137.04 92.19 22.18 2.86
0.04 92.21 23.51 3.49
7.95 92.18 22.89 2.36
0.92 92.5 23.47 2.12
7.16 92.68 23.89 2.52
37.85 92.52 24.43 3.32
63.79 92.81 23.02 1.75
57.57 93 21.55 1.58
1.98 93.19 21.69 1.48
2.48 93.18 21.77 1.72
17.75 93.17 22.5 1.86
20.14 93.32 22.59 2.04
0.09 93.31 23.9 1.95
293.85 92.58 21.17 2.07
65.53 92.53 21.96 3.17
0 93.04 22.54 2.31
0.72 92.92 22.39 2.38
81.53 92.88 20.91 2.03
4.04 93.07 21.35 1.77
1.71 93.07 22.56 2.08
30.06 92.94 22.47 2.23
12.33 92.55 23.14 1.92
0.95 92.65 23.33 3.16
0.01 92.91 23.51 2.05
0.1 92.92 23.76 1.89
51.6 92.7 21.88 1.44
4.85 92.66 24.36 2.15
0.91 92.61 24.5 1.73
5.38 92.41 24.88 2.07
35.81 92.53 24.79 2.37
32.07 92.78 23.77 2.63
1.43 93.01 24.21 2.44
6.48 92.83 24.12 2.57
69.67 92.51 24.36 2.48
28.04 92.37 23.74 1.75
7.4 92.51 24.88 2.43
42.41 92.78 24.52 2.24
15.14 92.59 24.58 2.2
8.97 92.76 22.9 1.84
6.28 93.13 24.47 1.72
25.5 93.2 25.15 2.41
57.77 92.92 23.89 2.5
10.76 92.95 24.01 2.58
16.44 92.9 25.01 2.16
5.1 92.95 24.32 1.91
309.92 92.42 24.04 1.91
0.13 97.29 23.98 2.82
0 93.43 21.17 2.62
0 93.67 20.6 1.9
13.52 93.59 19.82 1.39
2.65 93.23 22.3 2.29
0.26 93.4 21.16 2.06
0 93.58 21.05 2.01
0.04 93.56 21.64 1.97
15.73 93.28 20.95 2
5.83 93.33 19.12 1.93
4.28 93.26 18.96 1.88
239.87 92.66 18.35 1.7
28.48 92.91 15.03 2.96
0.58 93.6 15.16 2.54
35.15 93.67 15.33 2.32
1.84 93.89 14.95 1.99
6.74 94.05 15.14 1.89
0 94.12 15.27 1.7
6.82 94 15.94 1.47
150.17 93.94 13.77 1.64
25.34 94.01 13.61 1.35
5.11 94.09 15.22 1.65
12.43 94.03 16.77 1.82
12.03 93.58 17.54 1.97
0.15 93.68 16.18 1.88
0 93.72 16.19 2.76
9.93 93.48 19.14 3
61.98 92.87 18.38 2.9
0.53 93.27 17.01 3.1
0 93.8 12.6 2
6.25 93.5 15.18 1.66
9.63 94 15.96 1.37
20.22 94.4 14.97 1.41
16.65 93.56 18.65 3.42
0 93.97 16.62 1.58
0.05 93.94 17.46 1.66
1.62 93.8 16.79 2.36
36.95 94.2 11.93 3.28
0 94.41 8.09 2.56
0 94.25 9.45 2.51
0 93.89 11.09 2.25
0 93.26 15.89 3.35
0 93.34 14.66 2.44
0 94.16 12.84 1.46
2.94 94.12 13.57 1.87
117.31 94.14 11.19 2.37
0.01 94.27 9.64 2.74
0 94.02 9.25 1.91
0 93.44 15.42 3.29
0 94.34 13.33 1.53
0.07 94.37 14.14 2.6
0.22 94.66 11.43 2.41
1.07 94.15 10.9 1.88
0 93.22 14.44 2.83
16.34 93.3 11.68 4.13
0 93.71 9.07 2.85
0 94.17 10.09 1.96
25.77 94.15 10.24 2.29
2.91 94.99 3.84 3.97
0 95.04 2.67 1.87
0 94.64 5.67 1.52
0 94.65 6.3 1.65
0 94.47 9.12 2.36
19.18 94.66 7.53 1.93
1.19 94.65 6.09 1.99
0 94.48 5.38 1.43
44.52 94.35 4.19 2.26
26.22 94.29 -0.26 2.4
0.01 94.58 3.13 3.89
0.01 94.8 4.48 2.32
0 94.33 3.6 1.68
0 93.82 5.43 2.06
4.18 94.3 4.69 2.17
2.5 94.84 3.21 2.46
0 94.78 2.44 1.46
0 94.86 3.37 1.19
0 94.61 3.84 1.5
1.12 94.14 6.92 2.02
1.39 94.46 6.06 3.07
0 94.77 4.14 1.95
0.11 94.03 4.47 2.22
0.94 93.66 4.03 3.86
0.07 93.98 2.39 2.75
0 94.04 1.02 2.16
0.09 94.59 1.3 3.73
0 94.62 -2.47 4.54
0 94.66 0.24 2.71
0 94.51 0.88 1.73
0 93.93 1.02 2.55
0 93.71 1.9 3.49
0 93.68 1.63 2.2
0.26 93.85 0.57 3.26
0.07 94.22 -3.91 3.79
0.18 94.45 -4.71 4.78
0 94.31 -4.7 3.06
0 94.34 -3.08 2.32
0 94.53 -3.67 1.53
0 94.31 -0.69 1.75
0 94.01 -0.47 1.99
0.08 93.66 -1.48 2.52
0 93.52 -5.45 3.56
0 93.65 -8.33 3.6
0 93.96 -10.94 6.74
0 94.16 -6.86 3.64
0 93.75 -0.63 3.02
0 94.3 -3.62 2.29
999.4 94.11 -2.44 2.46
999.4 93.87 -2.6 1.55
999.4 94.14 -0.19 2.16
999.4 94.12 -0.44 2.07
999.4 94.31 -2.53 2.79
999.4 93.9 -3.24 1.29
999.4 93.96 -5.14 1.46
999.51 94 -4.79 2.71
999.48 94.18 -6.59 2.99
999.88 93.68 -8.55 3.16
1000.1 93.65 -9.11 2.85
999.4 93.81 -12.11 4.69
999.4 94.13 -12.25 3.45
999.4 94.51 -10 3.23
999.4 95.04 -9.84 1.75
999.4 94.95 -10.97 1.64
1000.62 95.2 -12.94 2.32
999.81 94.88 -13.9 2.77
999.61 94.76 -12.86 3.1
999.41 95.16 -11.97 2.45
999.4 95.21 -11.89 1.56
999.4 94.92 -11.33 1.21
999.4 95.05 -10.06 1.43
999.4 95.01 -10.34 1.31
999.62 94.49 -8.77 3.11
999.46 94.97 -11.52 4.27
999.4 94.62 -12.52 2.1
999.4 94.16 -12.08 2.84
999.4 93.48 -7.5 3.43
999.4 93.28 -6.91 3.16
999.4 92.9 -3.94 4.57
999.4 93.3 -4.27 3.31
999.4 93.6 -4.54 3.01
999.4 94.15 -6.42 2.49
1000.73 94.03 -8.88 1.66
1001.99 94.27 -9.1 1.8
999.43 94.05 -8.24 2.33
999.4 94.54 -8.3 2.65
999.4 94.96 -14.71 2.84
999.4 94.58 -15.01 2.4
999.4 94.6 -13.06 2.13
999.4 94.7 -11.22 2.32
999.4 95.17 -12.8 2.28
999.4 94.88 -13.77 1.69
999.4 94.94 -12.33 1.96
999.4 94.75 -9.41 1.68
1004.76 94.71 -9.59 1.38
999.4 94.75 -10.69 2.07
999.4 94.95 -8.82 1.88
999.72 94.03 -7.81 3.62
999.44 94.53 -10.8 4.52
999.4 94.71 -10.8 2.37
999.4 94.04 -7.79 1.84
999.4 93.29 -4.53 2.79
999.4 93.82 -4.4 2.22
999.4 94.66 -9.03 3
999.4 94.27 -8.71 3.12
999.4 93.75 -5.6 4.03
999.4 94.27 -7.82 3.03
999.4 93.03 -2.53 4.83
999.4 93.68 -7.99 2.88
999.4 93.78 -7.36 1.57
0.33 93.4 -4.48 1.91
0.04 93.49 -5.95 5.02
0 94.26 -13.03 4.37
0 94.44 -12.31 2.55
0 94.56 -12.4 1.63
0 94.75 -10.28 1.53
3.32 94.43 -9.96 1.6
8.32 94.55 -12.56 3.13
0 95.16 -15.26 2.82
0 94.97 -15.15 1.85
0 94.43 -13.36 1.75
0 95 -13.42 1.87
0 94.97 -12.48 2.07
0.32 94.22 -7.43 2.48
0 94.26 -7.67 2.14
0.05 94.82 -8.23 2.39
0 95.31 -9.39 1.9
4.72 94.88 -9.51 1.66
1.24 94.64 -9.86 1.76
0 94.61 -8.92 1.85
0 94.57 -5.91 1.91
0.28 94.98 -6.9 1.48
0.25 94.85 -4.42 1.24
0 94.49 -1.73 1.65
0 94.36 0.67 1.71
2.05 94.08 1.89 3.15
2.06 94.72 -4.53 3.8
0.22 94.41 -7.28 1.58
0 94.27 -5.76 1.88
1.34 94.2 -5.66 2.24
1.41 94.18 -6.49 1.74
1.17 94.51 -6.28 2.78
0 94.57 -8.04 2.92
0 94.71 -8.25 2.57
0 94.73 -7.3 2.39
0 94.26 -5.58 2.24
0 94.52 -5.46 2.17
0 94.06 -2.84 2.16
0 93.88 0.06 3.37
0 94.51 -2.37 3.35
0 94.09 -2.54 2.15
0 93.64 1.68 2.93
0 93.34 5.26 2.44
0 93.65 4.28 2.52
0 93.31 6.18 4.63
0 94.33 3.69 2.13
0.32 94.3 2.71 3.87
0 94.62 3.23 4.02
0 94.04 5.68 2.55
0 94.07 6.4 2.97
0 94.32 6.7 2.58
0 93.39 10.86 3.63
0 93.34 10.54 2.32
0.01 93.37 9.97 2.58
0 93.37 9.46 2.79
60.67 93.16 10.71 2.74
13.62 93.62 9.24 2.14
0 93.83 9.91 2.09
1.12 93.88 8.42 2.24
0 93.42 10.47 2.74
0 94.06 7.38 3.44
0 94.49 3.13 4.45
0 93.72 6.8 4.61
0 94.29 5.2 3.6
0 93.75 11.76 3.49
0 93.63 12.63 1.55
0 93.51 13.26 2.37
0 93.66 11.46 3.67
0 94.35 9.34 2.32
6.42 93.99 10.27 2.01
2.54 93.74 11.1 1.96
0 93.87 12.84 1.72
0 93.84 15.77 3.09
0 94.28 13.16 2.95
0 93.67 12.2 2.4
26.27 93.59 7.97 2.53
0.12 94.26 8.57 2.19
36.92 94.1 7.06 2.41
0.29 93.75 8.6 103.27
0 93.84 10.24 3.13
0 93.53 12.7 2.74
1.75 93.21 14.99 3.33
5.05 93.47 16.66 3.5
2.08 93.96 14.16 3.47
32.29 94.16 10.38 3.06
0 94.42 11.54 2.41
0 94.28 13.08 1.97
0 93.67 14.87 1.79
0 93.16 17.74 2.06
21.09 93.18 14.91 4.48
89.5 93.71 7.29 4.37
7.75 93.34 7.01 4.67
12.15 93.59 4.72 5.15
0.67 93.78 6.84 3.68
0.12 93.17 10.64 2.56
33.27 93.18 8.76 3.52
0.57 93.71 11.33 2.21
75.26 93.91 10.39 2.77
10.64 93.87 11.75 2.11
188.66 93.04 8.45 2.12
39.86 92.26 14.65 3.68
0 92.48 15.34 3.98
0.22 92.79 12.92 3.75
0 92.51 13.34 2.89
0.05 93.27 15.95 2.85
9.86 93.62 15 2.23
7.8 93.3 16.67 2.57
61.3 92.93 15.88 2.6
3.31 92.99 17 2.6
0.09 93.08 18.68 2.52
0 93.1 21.36 2.63
0.79 93.43 23.3 3.44
68.5 93.24 16.49 2.46
0.92 92.84 15.81 5.13
0 92.34 20.48 3.88
10.93 92.12 17.65 3.48
0.3 92.54 21.2 2.53
0 92.62 23.16 36.32
0.66 93.17 24.02 2.77
0 93.16 26.74 3.43
12.55 93.38 22.12 2.88
0.58 93.49 20.37 2.41
0 93.35 21.76 2.39
0.75 93.15 21.51 2.35
8.02 93.03 22.7 2.46
295.12 93.14 16.03 2.23
85.91 93.01 13.71 2.97
17.62 92.7 15.69 2.91
39.65 92.99 15 2.27
65.9 93.38 15.14 1.83
14.32 93.5 18.04 1.8
42.44 93.3 19.61 2.18
21.98 93.33 19.41 1.94
0.12 93.22 21.06 2.12
18.44 93.03 21.57 1.85
74.71 92.8 19.79 2.21
126.19 92.7 19.22 2.04
73.99 92.83 18.42 2.79
6.51 93.07 18.96 1.8
50.77 93.21 18.88 2.02
24.57 93.35 18.19 1.53
117.62 93.43 18.05 1.99
6.28 93.32 20.49 1.83
0.14 92.93 22.19 2.22
20.03 92.75 21.46 2.84
31.16 92.85 20.9 3.27
0.39 93.27 21.23 3.31
1.05 93.19 22.15 2.63
0 93.25 23.36 1.92
0 93.2 23.85 1.92
34.59 93.11 21.79 2.34
88.32 92.8 19.93 2.25
20.73 92.6 22.2 2.08
0.03 93.06 23.89 2
1.44 93.12 24.55 2.75
2.71 93 25.17 2.16
14.12 92.78 23.68 2.6
25.7 92.75 22.24 3.77
0 92.95 22.24 2.92
0 92.67 22.79 3.47
10.02 92.74 21.36 2.98
18.18 92.93 20.66 2.58
2.11 92.87 21.61 2.56
12.55 92.91 22.27 1.97
36.55 92.86 22.17 2.48
68.31 92.93 20.94 36.05
14.85 93.14 22.28 35.52
0.26 93.25 25.53 1.84
0.91 93.35 27.94 2.07
13.42 92.97 28.29 3.8
77.16 92.87 23.48 2.59
0.76 93.16 21.54 1.67
0 92.91 23.66 2.52
0.17 93.2 22.25 1.89
0 93.25 22.88 1.66
0.04 93.42 23.7 2.03
26.86 93.33 24.98 2.25
6.92 92.89 25.76 2.87
34.85 92.88 23.89 2.82
70.44 93.04 23.18 1.89
0 93.14 25.13 2.17
0 93.12 25.8 2.39
6.51 92.99 25.31 2.06
18.19 92.92 24.75 1.91
137.24 93.18 19.57 2.18
0.95 93.18 20.79 2.14
0 93.43 21.19 2.36
0 93.52 20.68 1.59
0.07 93.36 21.46 2.24
75.04 93.12 20.3 2.19
23.09 92.9 20.3 1.71
0.92 93.1 20.76 2.95
2.08 93.28 19.45 2.07
38.33 93.29 17.7 1.65
8.68 93.2 17.85 1.82
6.62 93.26 18.85 2.01
6.04 93.36 19.49 1.88
3.95 93.5 20.15 1.89
8.75 93.68 20.31 1.62
0.3 93.62 21.73 1.75
3.95 93.34 23.01 2.1
5.81 93.31 23.22 1.79
27.98 93.26 21.73 2.12
67.21 93.1 21.16 1.8
93.18 93.35 18.63 2.39
1.51 93.64 18.61 2.55
0 93.75 19.78 2.13
0 93.84 21.1 1.92
15.78 93.95 19.35 2.18
10.03 93.97 19.62 1.64
1.64 93.92 19.46 1.83
27.94 93.77 18.9 1.83
23.99 93.74 18.53 1.75
239.57 93.66 15.79 2.03
1.13 93.33 17 2.06
0 93.04 19.25 2.44
0 93.52 18.1 1.52
0 93.55 19.27 1.77
5.47 93.18 19.66 2.82
0.02 93.44 16.92 2.67
0 93.58 14.96 1.61
0.07 93.84 16.41 1.81
0.37 93.85 17.42 2.04
30.35 93.88 16.35 1.44
1.96 93.71 17.82 2.35
0.1 94.04 14.86 2.73
0 94.13 12.78 2.88
0 94.16 12.21 1.54
0 94.26 14.6 1.39
0 94.23 15.44 2.05
14.82 93.54 15.03 2.34
23.95 93.49 13.96 2.42
0.02 94.07 13.65 1.55
1.83 94.15 15.13 2.22
84.88 94.26 12.23 1.59
17.95 94.04 12.77 1.58
0 93.95 12.87 1.95
47.87 93.35 13.89 3.08
0.09 93.9 12.43 1.98
0.72 93.82 12.61 2.78
30.71 94.53 6.32 3.59
0.07 94.61 5.15 1.68
43.74 93.79 6.55 1.41
21.65 93.66 7.85 1.83
0 93.99 7.86 1.61
130.84 94.16 7.63 1.53
10.98 94.69 7.75 2.45
0 94.5 7.67 2.07
0 94.11 10.78 1.88
0 94 12.31 2.18
0 94.18 14.61 1.76
0 94.4 12.79 1.79
2.53 94.35 12.43 2.81
0.56 95.25 7.2 3.27
0 94.8 3.45 1.77
0 93.92 7.32 2.05
0 93.53 7.92 3.95
0 93.99 8.08 2.83
0 93.76 10.51 2.19
0 93.85 11.65 2.09
0 93.55 14.35 3.61
0 94.28 7.54 2.22
0 94.62 4.25 1.85
0 94.19 5.14 1.85
0 93.49 9.1 2.21
0 93.2 11.39 2.39
0 93.41 10.51 2.21
0 94.81 3.64 4.4
0 95.16 1.36 2.02
0 94.62 3.08 1.58
0.26 94.38 6.8 1.64
12.12 94.5 7.22 122.06
4.99 94.22 5.79 1.81
1337.38 93.94 5.54 3.22
1337.67 94.12 2.85 3.99
1337.37 93.9 5.3 2.58
1337.37 93.51 5.96 2.85
1337.41 93.88 4.61 3.34
1337.37 95.05 -1.55 2.78
1337.37 95.03 -2.68 1.62
1337.37 94.67 -0.77 1.99
1337.37 94.49 2.18 1.72
1337.37 94.18 2.15 1.69
1337.41 93.84 1.36 3.35
1337.61 94.26 -5.18 5.54
1337.37 94.25 -2.66 2.84
1337.37 94.56 -3.43 1.63
1337.37 94.67 -2.49 1.79
1338.13 94.54 -0.66 2.05
1337.37 94.88 -2.67 1.66
1337.37 94.79 -2.14 1.66
1337.37 94.11 -0.64 2.62
1337.37 93.56 1.66 3.64
1337.37 94.06 -0.87 2.48
1337.37 94.55 -3.56 2.05
1337.46 94.36 -0.71 2.54
1337.37 94.68 -4.26 1.66
1337.37 93.82 -3.72 2.2
1337.37 93.39 101.12 3.86
1337.37 94.41 -4.34 1.96
1337.37 93.96 -3.12 1.58
1337.42 93.83 -2.14 1.91
1337.73 93.99 -3.27 5.43
0 94.55 -12.79 5.64
0 94.27 -12.79 3.34
0 94.05 -12.31 5.55
0 94.18 -11.77 4.7
0 94.29 -11.19 3.62
0 94.4 -10.3 1.68
2.4 94.43 -9.68 2.06
0 94.97 -11.05 1.62
0.22 94.84 -9.12 2.02
3.87 94.27 -6.49 4.54
0.41 94.65 -10.65 2.89
0.11 94.25 -11 3.88
0 94.39 -11.77 2.39
0 94.41 -10.46 1.62
0.93 94.41 -10.17 3.84
0 94.47 -13.21 3.66
0.04 94.47 -10.97 2.3
0 94.41 -8.81 2.55
0.77 94.18 -7.75 3.8
0 94.48 -11.52 3.56
0 94.14 -10.77 3.44
0 93.97 -4.92 2.32
0 94 -5.83 2.51
0 94.82 -6.4 3.56
0 95.03 -6.32 2.46
0 94.8 -9.64 1.38
0 94.43 -6.65 2.13
0 93.82 -6.57 2.02
0 93.2 -5.96 3.23
0.67 93.85 -7.69 401.87
0.15 94.62 -12.24 4.82
0.59 94.58 -12.49 2.69
0 94.51 -8.71 2.86
0 93.33 -4.8 2.84
0 93.54 -4.28 1.88
0.57 93.91 -4.59 4.41
0 94.42 -8.73 3.14
0 94.72 -10.24 1.61
0 94.66 -9.59 2.02
0 94.55 -6.99 2.54
0.06 94.12 -5.93 2.8
0 95.08 -8.68 2.19
0 95.22 -9.76 1.74
0 94.81 -8.06 1.57
0 94.88 -9.71 1.39
1.74 94.54 -9.65 1.55
2.64 94.61 -10.63 3.52
0 94.71 -10.51 1.98
2.86 93.64 -6.61 3.08
0.02 94.22 -9.51 2.01
0.22 94.14 -8.8 1.99
0.75 94.66 -9.13 2.21
0 94.14 -9.51 1.84
0 93.69 -6.1 3.06
0 94.46 -7.81 1.97
2 94.14 -5.55 1.48
2.8 94.73 -9.5 4.15
0 95.23 -13.04 3.04
0 95.03 -13.24 1.87
0.44 94.53 -10.22 3.12
0 95.12 -11.93 3.29
0 95.38 -11.11 1.72
0 95.16 -10.1 1.79
0 94.98 -9.04 1.5
0.48 94.92 -5.99 2.77
0.29 94.85 -7.66 3.55
0 94.76 -5.17 3.03
0 94.14 -3.47 2.78
0.15 94.89 -11.45 4.96
0 95.01 -13.18 3.15
0 94.35 -8.25 2.51
0 93.69 -4.53 2.13
0.04 93.71 -7.18 3.2
0 93.87 -7.33 2.07
0 93.5 -5.85 2.11
0 93.31 -2.12 1.91
0.03 93.94 -3.37 1.52
6.68 93.77 -2.4 2.67
0.04 94.38 -2.93 3.69
0 94.97 -4.86 2.11
0 94.46 -4.66 2.58
11.97 93.7 -1.79 2.32
22.08 93.23 -2.91 5.03
0.74 93.67 -7.52 5.75
0 93.82 -8.13 2.01
0 93.45 -7.19 1.94
0.33 93.92 -8.14 3.25
0 94.32 -10.08 3.3
0 94.91 -8.04 2.11
8.78 94.04 -4.09 4.05
0 93.71 -2.39 3.16
0.18 93.31 -3.66 2.58
0.11 94 -8.02 5.18
0 94.44 -7.87 2.48
0 94.19 -4.59 2.61
0 93.55 -0.36 3.62
0 93.86 -0.48 2.47
4.22 94.4 -3.97 3.57
0 95.21 -10.37 4.9
0 94.6 -5.41 3.33
0 94.2 -4.76 3.54
0 93.72 -3.94 2.88
0 101.21 97.17 102.63
0 93.83 -0.5 3.37
0 93.5 4.58 3.7
0 93.41 4.72 3
0 94.11 2.22 2.02
0 93.47 5.28 2.73
0 93.73 4.73 3.35
0 93.83 4.14 2.87
0 93.83 4.75 4.17
0 94.71 1.16 3.72
0 94.89 1.99 2.57
0 95.05 2.93 1.79
0 94.85 6.06 2.38
0 94.68 10.37 3.5
0 93.86 11.68 4.08
0 93.48 10.91 3.43
0 93.55 9.51 2.88
0 93.12 13.16 3.22
5.93 94.01 6.47 2.91
0 94.13 4.18 1.88
173.55 92.63 2.13 2.23
0.62 93.4 3.63 2.22
9.03 93.35 5.05 1.97
0.36 93.94 2.56 4.71
0 94.98 -1.73 3.75
0 94.94 -0.86 2.87
0 94.21 3.44 2.63
0.06 93.97 6.15 2.76
0.1 94.14 6.46 2.02
27.13 94.32 5.72 2.7
137.54 94.92 -0.8 3.57
0.32 94.57 2.67 2.27
0 93.04 10.45 2.17
3.61 92.23 12.58 3.85
0.69 93.07 7.63 5.63
0 93.12 9.98 2.33
0.16 93.4 11.37 2.52
0.01 93.85 9.65 3.29
0.07 93.51 10.06 3.09
0.21 93.4 10.17 2.73
0 93.66 12.97 3.66
0 93.86 13.13 4.84
0 94.14 13.45 2.96
0 93.58 18.76 3.61
0 93.19 21.69 3.51
36.44 92.88 18.26 3.21
11.43 93.46 16.07 2.28
0 93.52 18.28 2.16
0 93.43 19.42 2.94
20.65 93.24 15.19 3
14.66 93.25 14.96 2.52
0 93.6 11.58 5.29
0 93.39 12.88 4.3
0 92.88 12.9 4.97
0 93.33 10.95 2.82
0.29 93.31 11.15 4.58
15.51 93.53 6.82 2.35
0 93.9 7.89 1.97
159.78 93.75 6.31 2.48
47.48 92.9 6.11 2.1
10.37 91.74 10.62 3.74
1.85 91.86 16.7 3.75
2.33 93.14 14.69 4.56
0.03 93.7 14.31 3.56
0 93.14 17.06 3.27
36.88 92.3 17.3 3.16
22.45 92.51 13.28 5.35
3.27 92.95 12.05 5.1
0 93.74 16.82 3.61
0 93.4 19.29 3.2
0 93.24 20.11 2.43
1.08 93.17 20.75 2.34
0.42 93.01 22.41 2.85
1.71 92.91 23.82 3.34
9.77 93.04 22.65 2.46
0.98 93 21.9 3.08
8.47 92.72 22.01 3.28
0.55 93.06 19.47 3.43
0 93.09 18.62 2.61
0 92.31 23.42 5.64
4.75 92.77 21.41 2.94
1.74 93.35 18.91 3.99
0 93.56 19.8 2.77
72.47 92.76 16.25 2.97
28.64 92.29 17.93 2.51
30.21 92.79 17.08 2.71
0.23 93.11 18.08 3.05
4.94 92.86 18.51 2.53
10.28 92.82 17.67 2.14
111.67 92.55 16.02 2.4
120.79 92.14 14.8 2.11
57.32 92.2 15.73 1.89
45.85 93.08 17.01 2.23
1.17 93.35 19.76 2.18
16.44 93.19 21.13 1.83
0.3 92.92 21.74 1.82
82.04 92.96 19.17 3.11
8.78 93.13 17.4 3.64
81.16 93.52 15.94 2.51
0.04 93.65 20.36 2.1
0 93.28 22.37 1.97
24.02 93.01 22.64 2.42
1.9 93.14 22.61 2.42
54.73 92.95 22.06 2.53
45.12 92.68 20.8 1.95
49.53 92.64 20.28 1.8
1.68 93.04 21.69 1.64
23.7 93.13 22.63 2.11
238.98 93.24 17.41 2.11
17.75 92.7 17.83 2.1
15.67 92.31 18.24 3.09
5.53 92.84 16.66 3.03
0.07 93.37 17.85 2.07
25.8 93.36 18.93 1.9
4.71 93.46 19.78 1.81
0 93.45 21.61 2.11
1.29 93.32 22.93 1.92
11.03 93.47 24.07 1.96
1.06 93.69 24.98 2.35
18.84 93.54 23.04 2.56
2.43 93.27 24.28 1.97
1.2 92.79 25.56 2.16
0.8 92.61 25.73 2.78
45.32 92.95 25.15 2.28
61.42 93.31 22.78 2.58
58.58 93.49 19.56 1.95
26.93 93.33 20.6 1.7
64.07 93.17 20.95 1.76
47.55 93.29 21.22 2.14
37.25 93.22 22.06 2.21
44.49 93 22.43 1.81
76.53 92.97 21.92 1.66
14.12 92.96 22.07 1.49
28.82 92.8 21.78 1.8
7.13 92.62 22.68 2.04
4.31 93 23.59 2.09
49.28 93.08 23.25 1.81
42.92 92.84 23.2 1.9
57.87 92.82 23.27 2.27
284.55 93.17 20.46 2.08
5.65 93.38 21.65 1.63
7.92 93.19 22.52 2.14
29.86 92.75 23.66 2.87
0.2 92.74 21.37 2.11
7.74 92.63 22.76 2.41
13.9 92.78 23.39 2.67
62.7 93.17 22.2 2.01
35.79 93.69 21.61 1.87
61.64 93.75 21.13 1.49
10.5 93.66 22.54 2.17
0 93.68 22.61 1.91
0 93.5 22.92 1.56
0 93.32 23.67 1.68
0 93.02 24.55 1.83
1.12 92.87 23.75 2.23
0.03 93.13 22.1 2.22
0 93.17 22.27 1.78
2.23 100.27 120.88 101.94
31.87 100.59 121.35 102.23
65.75 93.59 18.68 2.01
33.61 93.34 18.08 2.19
9.08 93.15 19.25 2.07
23.81 93.24 18.94 1.87
22.89 93.54 19.04 1.65
31.72 93.77 18.64 1.78
15.18 93.71 19.27 2
44.58 93.59 19.15 1.89
0.15 93.53 19.57 2.05
13.52 93.38 19.21 1.82
5.68 93.49 18.33 1.47
40.47 93.65 18.03 1.54
95.57 93.82 17.2 1.6
70.3 93.88 17.51 1.89
1.72 93.89 19.51 2.11
0.2 94.01 18.56 1.95
30.22 93.82 16.95 1.69
107.67 93.65 16.17 2.12
0.05 93.8 17 1.68
0 93.72 18.45 1.67
7.75 93.88 19.05 2.15
32.21 94.51 15.24 2.01
7.57 94.45 13.36 1.8
53.62 93.89 12.3 1.72
8.92 93.87 13.37 2.72
0 93.83 17.76 2.27
0 94.09 17.6 2.25
0 94.2 17.12 2.27
0 94.06 17.63 2.16
20.09 94.06 18.23 1.65
22.91 94.13 17.48 2.02
0.01 94.19 14.99 1.88
9.02 93.66 15.19 2.1
21.17 93.48 17.54 2.11
93.75 93.3 16.07 2.56
30.83 93.41 13.72 2.12
58.42 93.35 13.89 1.82
15.12 93.4 13.44 2.58
0 93.63 12.54 2.31
0 93.86 13.91 2.43
0.3 94.61 12.51 1.56
13.07 95.05 10 1.94
17.3 93.95 13.67 2.77
45.29 93.33 9.88 5.19
0.07 93.21 12.58 4.15
0 94.15 10.88 2.13
0 94.45 12.55 2.06
0 93.99 15.44 3.06
0 93.91 15.52 2.13
0 93.7 15.64 3.14
0 93.98 8.7 3.73
2.38 93.31 4.52 3.18
3.72 93.55 4.67 4.75
3.58 93.86 8.96 4.2
0 94.22 10.79 2.29
0 94.26 11.79 1.83
0 94.03 11.35 1.57
0 93.97 12.19 1.57
0 93.98 13.3 2.29
1.87 94.12 11.12 3.1
0 94.74 5.82 2.36
0 93.76 8.98 2.34
31.14 94.21 4.61 1.81
24.52 94.56 4.68 1.68
3.32 99.07 74.03 35.22
0 98.59 74.92 35.38
0 94.82 6.15 2.19
0 94.73 4.21 1.76
5.56 93.6 5.87 4.79
0 93.64 2.68 3.43
0 94.22 0.6 3.06
0 94.55 -0.72 3.59
0 94.96 -0.28 2.65
0 95.03 1.78 1.55
0 94.4 3.99 1.81
0 94.21 4.51 1.48
0 94.15 7.21 3.15
0 94.35 8.02 2.61
0.64 95.36 0.67 3.32
82.36 95.39 -4.11 2.42
39.23 95.02 -3.9 2.52
14.24 94.56 -3 1.61
0.38 94.64 -3.42 1.3
0 94.78 -3.59 1.55
0 94.94 -1.58 1.38
0.07 94.81 0.73 1.49
0.04 94.11 2.27 1.75
0 93.52 4.2 2.13
0.15 94.3 1.86 2.28
15.5 94.11 -2.05 2.62
0 94.78 -4.64 2.15
12.02 94.63 -5.22 2.19
14.8 94.62 -7.1 1.8
10.97 94.64 -8.13 1.81
8.6 95.13 -9.85 1.74
20.13 95.55 -12.06 2.21
9.82 95.65 -13.01 2.72
0.46 95.54 -15.96 1.81
0.07 94.75 -15.35 2.94
0 94.69 -15.55 2.5
0.33 94.19 -11.83 1.43
1.42 94.6 -10.2 1.5
11.62 94.4 -6.26 2.03
0 94.25 -9.54 1.71
1.32 93.6 -4.98 2.1
0.32 93.45 -6.76 4.53
0.85 93.83 -8.82 5.17
0 94.15 -6.42 3.74
0 94.73 -6.42 2.15
0 94.84 -9.43 1.51
0 95 -9.7 1.14
0 94.61 -4.27 1.8
1.14 94.27 -1.17 1.93
0.01 94.57 -3.23 3
0 94.8 -8.38 1.76
0 94.51 -7.53 1.23
0 94.6 -7.06 1.27
4.47 93.97 -5.75 2.99
0.18 94.08 -7.78 4.28
0.22 94.65 -10.25 4.71
0 94.7 -9.32 2.59
0 95.14 -7.66 1.89
0 95.11 -8.34 1.55
0 94.26 -6.01 1.92
0 94.47 -7.87 1.61
0 94.54 -9.7 1.62
0 94.48 -7.92 1.8
0 94.53 -11.13 2.16
0.04 93.52 -8.09 2.69
0 94.48 -12.6 3.49
0 95.29 -16.36 1.82
0 95.05 -10.45 1.67
1.3 94.6 -7.31 1.55
1.93 94.86 -8.53 1.76
0 94.86 -10.08 1.84
0 94.06 -5.88 2.05
0.04 94.02 -7.42 1.59
2.29 94.16 -8.98 2.13
0 94.65 -11.9 3.58
0 94.48 -13.18 2.85
0 94.78 -11.54 2.89
0 94.65 -11.78 3.22
0 94.43 -12.48 2.58
0 94.17 -12.16 2.02
0 94.86 -13.67 2.79
0 95.16 -15.09 2.62
0 94.68 -14.78 3.13
0.37 94 -13.12 3.78
0.59 93.7 -12.27 2.27
0 93.7 -12.05 1.73
13.01 94.24 -14.26 2.12
3.48 94.34 -19.51 2.63
0 94.05 -20.16 4.1
0 94.59 -19.34 1.75
0 95.06 -18.48 1.39
1.4 95 -17.78 1.85
0.88 95.55 -21.75 3.42
0 95.48 -25.07 4.66
0 95.14 -17.75 4.3
0 94.51 -12.18 3.39
0 94.31 -13.13 3.16
0 94.34 -12.02 2.84
0 94.86 -14.21 1.92
0 95.24 -16.97 1.79
0 95.11 -17.63 2.38
0 95.19 -14.52 3
0 95.1 -12.4 2.47
0 94.75 -11.05 2.17
0 94.52 -10.78 2.57
0 94.73 -10.44 3.03
0 94.67 -10.36 3.46
0 94.57 -8.85 2.67
0 93.7 -9.07 2.59
0.04 93.33 -5.66 3.28
0 93.95 -4.75 2.3
0 93.63 -1.74 2.13
0.05 93.55 -0.72 1.88
7.51 93.83 -1.66 2.83
37.19 94.53 -8.84 5.19
0 94.61 -13.8 4.95
0 94.01 -10.5 4.32
0 93.89 -6.22 4.09
0 93.81 -3.86 3.31
0 93.81 -5.47 3.43
0.62 94.59 -8.61 3.27
0 94.54 -10.8 3.22
0 94.34 -10.76 2.35
0.04 94.53 -8.25 2.91
0 95.39 -11.63 2.86
0 95.02 -10.81 2.48
0 94.95 -9.98 2.68
0.48 94.28 -8.26 2.4
0.11 94.37 -8.32 2.14
0.7 94.71 -9.42 4.03
0.45 94.9 -9.76 2.95
0.22 94.05 -2.73 2.57
0 93.68 0.17 2.23
0 93.56 1.13 2.15
0.75 93.94 -0.33 1.7
16.67 93.83 -0.54 3.98
0.15 93.79 -2.62 2.21
3.36 94.11 -5.3 3.99
0 94.82 -8.65 4.09
0 94.93 -8.76 3.58
0.12 94.71 -7.69 3.46
0 94.17 -6.4 2.1
0 93.58 -2.88 3.32
0 94.3 -2.83 2.7
0 94.16 0.01 2.63
0 93.62 3.48 2.61
0 93.5 6.3 2.88
0 93.08 8.35 4.08
0 93.54 5.85 3.59
0 94.34 3.64 1.74
0 94.62 4.96 1.91
0 94.29 7.01 2.53
0 94.58 4.6 3.85
0.03 95.16 1.39 4.21
0 95.16 0.89 2.76
0 94.85 1.97 2.68
0 94.5 6.06 2.83
0 93.91 7.62 2.4
0 93.3 8.79 3.63
0.32 93.74 6.02 3.2
0 93.68 8.02 3.15
0 92.77 13.79 4.28
19.94 93.08 8.19 4.5
0.67 94.08 4.96 3.93
0 94.08 6.63 2.88
0 93.31 8.65 3.06
0.31 93.54 8.53 2.31
0.65 92.99 10.67 3.86
0 93.37 8.5 4.19
0 93.31 10.61 5.01
0 93.46 7.42 2.74
0 94.05 5.31 2.99
0 93.61 6.36 4.14
17.67 92.83 8.04 2.36
0.49 92.61 9.55 4.3
0 93.63 10.41 2.94
1.63 93.21 13.94 4.14
10.87 93.17 8.89 4.18
3.29 93.13 5.64 3.73
3.56 93.4 5.76 2.3
3 93.72 6.7 2.46
0.02 93.42 12.29 2.66
0 92.64 13.24 5.03
0 93.14 9.62 5.54
0 93.62 9.59 2.67
0 93.13 12.74 3.99
2.93 93.81 10.83 3.13
23.12 94.04 9.29 2.07
1.97 93.72 12.25 1.85
0 93.82 12.66 2.32
12.27 93.07 13.7 2.73
0.05 92.7 16.79 2.74
14.18 92.49 19.4 3.69
145.07 93.22 10.5 2.32
42.07 92.45 11.59 5.11
0 92.87 14.59 2.88
13.38 92.85 14.6 4.4
0.02 93.22 12 6.01
0 93.89 14.19 2.63
0 93.39 17.26 3.65
1.74 93.54 15.6 2.1
0 93.22 16.1 2.38
1.01 92.45 18.29 3.66
109.55 93.18 10.82 4.38
0 93.97 13.74 4.17
38.56 93.62 11.48 3.64
0.94 93.49 11.63 3.36
0 93 17.05 2.92
0 93.12 21.2 3.64
0 93.37 22.88 3.96
0 93.58 21.28 3.17
0 93.75 20.82 3.49
0.12 94.4 18.06 3.36
0.15 94.29 17.57 2.42
57.31 93.45 13.83 1.85
19.3 92.45 14.37 4.07
7.1 92.74 17.11 3.22
1.21 93.21 17.21 3.85
0 93.13 20.4 3.86
0.42 92.79 22.09 3.96
0 93.1 18.16 3.79
0 92.84 20.49 3.54
25.72 93.54 16.69 2.11
0 93.65 19.1 1.52
0 93.31 21.84 2.3
0.04 92.99 22.4 2.83
0.12 93.1 21.68 2.74
0.83 93.36 21.81 2.39
49.14 93.51 17.97 2.94
4.19 93.54 18.06 2.11
0.34 93.3 20.11 2.11
34.9 92.98 19.96 3.5
77.59 92.76 18.77 3.75
28.21 93.25 17.55 2.36
7.42 93.14 18.65 1.94
10.5 92.8 18.28 2.17
136.1 92.66 15.36 2.31
10.99 92.73 18.31 2.34
6.09 92.36 19.15 2.21
22.24 92.42 19.53 2.08
3.61 92.96 19.8 2.81
0.01 93.04 22.35 2.34
26.55 92.72 23.03 2.74
34.36 92.73 22.46 2.38
24 92.77 21.32 2.08
11.5 93.01 20.33 2.81
4.23 93.09 19.71 3.43
0 93.25 23.01 2.74
0 93.15 23.67 2.23
44.73 92.85 21.76 2.54
79.55 92.92 17.94 2.58
82.5 92.84 19.51 1.97
43.7 92.92 19.48 2.38
0 93.03 19.82 1.83
0.57 93 21.37 1.91
0 93.11 23.78 2.55
0 93.26 24.23 2.62
12.35 93.48 24.64 1.94
0 93.6 25.69 1.94
0 93.52 26.05 2.53
0 93.28 25.67 2.32
0 93.05 27.18 1.93
0 92.8 28.11 2.42
25.69 92.52 27.67 2.88
103.57 92.76 21.82 1.86
0.81 93.09 23.91 2.22
5.38 93.38 21.94 2.33
24.24 93.05 19.15 1.96
4.18 92.94 18.61 1.83
1.46 93.21 21.29 1.68
0.07 93.23 22.94 2.21
18.43 93.29 22.8 2.26
225.68 93.34 20.92 2.15
594.56 92.93 20.53 2.16
87.68 92.69 22.94 1.84
29.09 92.63 25.6 2.34
0.87 93.13 24.47 2.03
342.27 93.11 20.48 2.04
2.14 93.01 22.23 1.65
2.12 92.82 23.61 2.03
39.14 92.79 22.77 1.99
18.74 93.13 23.33 1.88
152.36 93.42 22.25 2.15
56.37 93.51 21.68 1.71
13.25 93.62 22.88 1.7
0.25 93.64 24.15 1.72
0 93.58 25.69 1.58
0 93.52 26.64 1.77
0 93.43 26.37 2.08
250.09 93.19 24.34 1.8
101.41 93.52 22.98 2
0 93.6 21.86 1.75
0 93.26 23.28 2.15
0 93.07 26.16 2.91
3.53 93.1 27.93 2.87
24.77 93.18 24.39 1.92
0 93.14 23.22 1.78
0 93.36 23.05 1.76
22.39 93.28 22.48 1.75
36.26 93.1 22.08 1.84
2.43 92.99 22.04 1.5
214.59 92.93 20.04 1.52
11.33 93.35 21.06 1.94
13.17 93.48 21.57 1.88
1.3 93.62 22.23 1.96
2.32 93.71 22.83 1.6
38.45 93.23 20.57 1.48
18.12 93.09 22.5 1.94
85.54 93.81 17.48 3.55
0 94.07 16.85 1.99
8.2 93.76 16.87 2.22
1.88 93.73 18 2.01
0 93.84 17.51 1.82
0 93.29 17.74 1.91
12.28 92.33 16.75 4.41
23.31 92.16 15.27 3.06
4.74 92.76 18.1 1.42
13 93.25 18.38 1.38
134.22 93.5 17.62 1.68
47.84 93.47 16.82 1.49
7.51 93.35 18.2 1.59
3.05 93.09 18.01 1.82
4.47 93.17 16.61 1.66
22.67 93.46 16.21 1.69
18.07 93.6 15.26 1.7
131.08 93.92 14.87 1.96
20.18 94.17 15.54 1.51
2.89 94.13 16.66 1.49
23.53 93.98 17.95 1.66
0.02 93.87 18.09 1.73
10.59 93.91 17.24 2.1
5.25 94.31 15.14 1.73
43.37 94.47 13 2.25
0.42 94.53 12.65 2.12
0 94.36 12.91 1.6
2.2 94.15 13.44 1.91
20.98 93.81 15.21 1.84
4.17 93.51 16.85 1.75
4.26 93.27 18.78 3.08
0.26 93.89 15.98 2.04
20.68 93.7 16.29 1.8
3.5 94.47 10.55 4.56
0 94.81 7.19 2.04
0.2 94.06 8.73 2.18
0.45 93.73 13.8 2.03
15.89 93.6 17.02 3.13
1.68 93.6 14.73 2.27
4.66 93.61 14.46 2.99
117.13 94.06 7.89 1.9
11.31 94.17 6.72 2.17
2.29 94.72 7.91 1.7
76.89 93.91 9.7 3.31
1.73 94.17 4.79 4.25
0 94.33 4.22 1.88
0.35 93.94 5.4 1.82
0 94.45 5.36 39.87
0.15 94.46 6.73 1.69
0 94.09 10.71 1.47
0 94.19 11.99 1.76
0.29 94.31 13.07 2.49
3.96 93.83 13.44 3.67
0 94.25 9 2.22
0 94.05 10.4 1.95
0 93.9 11.71 2.19
5.04 94.63 5.29 2.66
63.2 94.12 5.25 1.7
27.37 94.74 2.32 2.77
0 94.42 2.21 1.46
0 93.81 3.02 1.55
0 93.5 7.01 3.05
0 94.56 2.89 1.89
25.05 94.65 2.05 1.56
6.62 94.84 1.04 2.86
1.34 94.87 -0.92 2.41
3.19 94.61 -1.05 3.23
0 95.37 -5.79 3.16
0 95.01 -4.21 2.31
0 94.36 -0.73 2.93
0 93.79 1.33 1.75
0 92.96 3.59 1.84
0 93.88 1.87 2.73
0.86 94.63 -0.42 2.25
7.26 94.94 -1.79 3.11
0 95.28 -4.33 2.01
0 94.67 -2.76 2.05
4.68 93.28 0.99 3.25
3.27 93.48 -2.66 1.67
0.38 93.98 -2.29 1.65
0 93.52 2.94 2.97
0 94.22 -0.13 4.88
0 94.4 -4.08 1.92
0 94.17 -0.84 1.82
0 94.11 -1.41 2.12
0.26 93.55 0.25 1.98
4.32 94.02 -3.07 2.56
23.08 94.55 -7.23 1.99
37.25 94.92 -10.4 3.25
0 95.3 -12.22 3.42
0 94.98 -11.27 2.83
0 94.5 -9.47 2.27
0 94.16 -7.31 2.07
0 93.72 -3.63 3.18
0 94.52 -6.52 3.09
0 94.94 -5.6 1.87
0.13 95.14 -6.06 1.66
8.32 94.1 -2.43 3.65
0 94.84 -4.29 3.69
0 94.61 -1.85 2.34
0 93.87 0.3 2.52
0 93.88 -2.66 2.6
2.33 94.53 -6.83 3.53
0 93.99 -6.61 2.59
0 94.18 -6.51 2.47
8.91 93.65 -4.96 3.49
0 94.55 -8.74 2.13
0 94.68 -10.01 1.57
0 94.11 -7.88 2.03
3.1 94.42 -4.82 2.69
0 95.01 -9.77 2.83
0 94.95 -11.49 2.16
0.04 94.97 -9.92 3.16
0 94.22 -6.25 2.18
0 94.16 -6.11 1.22
0 94.31 -5.64 1.31
0 94.39 -5.11 1.45
0.02 94.71 -4.71 1.24
0.48 94.65 -5.26 2.14
5.44 94.35 -9.58 3.46
0 94.74 -11.69 2.27
0 94.65 -11.62 1.35
0.18 94.53 -7.62 2.82
0.43 95.07 -9.95 3.34
0 94.99 -12.8 2.06
0 94.74 -11.25 3.93
0 94.94 -10.86 2.42
0 94.49 -9.91 1.69
0 94.34 -8.4 1.56
0 94.18 -4.81 2.98
0 94.32 -6.33 2.18
0 94.03 -3.99 2.74
0 94.54 -6.78 1.53
0 94.81 -7.73 1.39
0 94.44 -5.2 1.42
12.59 94.4 -4.75 1.4
4.71 94.08 -6.24 2.57
0.07 94.2 -9.08 3.41
0 94.43 -11.54 3.59
0 94.19 -11.71 2.73
0.07 93.91 -11.94 2.91
0 94.13 -11.87 4.36
0 94.94 -12.6 2.14
0.16 94.91 -14.48 1.42
0.09 94.81 -13.23 1.46
0.53 94.66 -11.71 2.06
0 94.95 -12.81 1.69
9.83 94.66 -13.34 3.21
0 94.73 -14.83 2.42
0 94.42 -14.13 4.08
0 95.03 -15.14 2.41
0 95.14 -15.8 1.51
0 95.25 -13.69 1.65
0 94.69 -9.21 1.81
0.22 94.04 -5.98 4.44
0 94.47 -8.32 3.1
0 93.91 -9.41 2.15
0.21 94.74 -11.84 3.88
0 95.07 -12.1 3
0 94.54 -10.42 2.8
0 95.24 -9.83 3.14
0 94.69 -8.09 2.11
0 94.09 -5.74 1.68
0.81 93.76 -3.03 2.1
0 94.12 -7.38 3.03
0.04 94.98 -8.02 2.67
0.04 94.9 -8.29 1.4
0.15 94.79 -9.73 4.98
0.07 94.37 -10.87 5.3
0 94.51 -10.14 4.39
0 94.6 -8.54 2.85
0 94.56 -7.42 1.63
0 95.05 -5.82 1.71
0 94.93 -4.8 1.88
0 93.8 -0.33 2.74
1.84 94.09 -4.34 4.19
0 94.66 -8.08 2.98
0 94.03 -6.14 2.56
0 93.1 -3.55 4.56
0 94.78 -7.95 3.51
19.42 94.55 -7.56 2.28
9.57 94 -5.44 3.87
0 94.47 -6.18 3.22
0 94.23 -3.78 3.16
0 94.16 -1.84 2.99
0 94.35 -2.16 1.83
0 94.03 -0.08 2.7
0 93.98 -1.23 2.79
0.15 94.33 -5.26 3.81
0 93.59 -1.51 2.82
0 93.61 -0.85 1.93
0.03 93.82 -3.21 2.5
0.57 94.25 -5.77 3.28
0.22 94.02 -7.91 3.61
0 94.1 -6.24 4.44
0 93.64 -1.29 3.97
0 93.41 0.07 2.93
0 93.63 2.07 1.93
0 93.92 3.1 3.02
0 94.68 -1.05 4.22
0 94.69 -0.46 2.61
0 94.63 0.47 2.04
0 94.37 1.87 1.95
0 94 2.2 1.62
1.83 93.92 3.41 1.93
0 94.45 3.95 1.83
0.62 94.51 4.09 2.23
1.42 94.54 1.34 2.92
0 94.4 0.8 2.02
0 94.13 2.27 2.01
1.97 94.49 1.64 1.75
15.64 94.2 0.8 1.52
3.54 94.09 2.07 2.61
0.62 94.02 1.08 2.31
0 94.19 1.69 2.01
0 94 4.33 2.68
0 93.95 7.07 2.95
0.42 94.68 3.68 2.69
0 94.51 3.83 2.33
0 93.91 5.59 1.87
0 93.98 8.25 1.88
0 93.88 11.2 2.75
0 93.58 15.05 3.38
0.74 93.29 13.65 3.06
2.3 93.41 10.36 3.34
1.3 93.47 9.29 2.44
0 94.17 8.29 2.91
0 94.15 8.19 2.07
0 93.23 11.3 3.25
0 93.76 7.14 3.94
0 93.65 6.33 2.59
0 93.04 10.97 3.79
0 92.68 13.56 2.74
0 93.13 14.5 3.3
1.15 93.35 13.33 2.88
1.35 92.37 12.73 4.62
0.81 92.56 6.96 5.42
3.91 92.87 7.32 3.26
5.35 93.26 8.32 3.26
0 93.67 9.25 2.34
0.07 93.03 11.82 4.56
0 93.23 9.02 2.98
0 93.56 7.76 3.43
0.04 94.22 7.73 3.47
0 94.28 9.54 3.93
0 93.52 13.51 3.97
0 92.96 15.8 3.27
0 92.66 19.08 3.98
0 93.39 16.29 2.42
0 93.78 16.7 2.65
0 93.72 19.54 3.68
7.63 93.63 17.75 5.33
13.76 93.6 13.69 3.44
12.92 93.3 9.1 5.9
0 93.56 10.23 5.82
0 93.46 17.09 3.63
0 93.15 18.71 2.4
0 92.88 18.93 3.86
0.22 92.93 17.73 3.02
0.02 93.08 13.63 4.65
0 92.86 11.87 4.15
1.13 93.13 11.9 4.42
0.19 93.82 13.49 4.01
0 93.78 15.43 2.09
0 93.01 19.64 1.94
0 92.87 22.44 2.16
0 92.9 27.13 3.67
9.14 93.23 24.87 3.29
0.46 93.47 22.73 2.94
20.22 93.7 15.93 3.29
188.59 93.83 10.04 2.1
0.12 93.7 15.7 2.35
0.01 93.31 18.56 2.56
0.07 93.7 16.48 2.91
0 93.29 19.19 2.47
0 92.92 21.56 2.87
0 93.28 21.54 3.91
41.44 93.54 16.49 2.43
1.22 93.03 19.2 2.63
7.94 92.56 19.1 3.03
0 93.03 17.04 3.12
73.07 93.26 11.8 2.18
0 93.47 15.38 2.23
0 93.47 19.02 1.93
0 93.6 20.48 2.38
28.04 93.27 14.68 2.17
0.74 93.08 18 2.67
0.51 92.99 20.02 3.25
0 93.02 20.06 3.1
0 93.35 18.49 2.1
11.1 93.5 17.36 1.93
10.84 93.78 17.9 1.8
0 93.85 19.97 1.88
0 93.5 25.17 2.23
0.83 93.19 26.2 1.75
0.64 93.03 25.47 2.68
32.18 92.93 22.15 2.19
46.42 92.9 20.53 2.55
53.27 92.82 18.58 1.72
8.03 92.87 19.68 2.46
0.66 93.03 20.8 2.05
98.92 93.34 18.11 1.88
143.07 93.23 16.86 1.53
4.2 93.01 18.85 1.51
5.89 93 21.45 1.68
0 93.17 23.48 1.74
13.96 93.07 24.13 2.7
14.55 93.09 24.96 2.71
0.4 93.01 25.88 2.55
20.37 92.9 25.45 2.16
77.09 92.78 25.56 2.17
22.13 92.91 24.34 2.13
1.84 93.02 24.96 2.06
75.25 93.17 23.28 1.67
27.79 93.31 22.73 1.66
78.62 93.08 23.11 2.25
381.18 92.31 22.22 2.21
59.22 92.28 22.87 2.64
37.8 92.43 23.11 2.39
0.88 92.43 23.35 2.12
0 92.69 24.02 1.89
0.45 92.76 26.83 2.46
37.93 92.55 27.35 2.96
39.84 92.97 24.35 2.11
18.1 93.29 25.27 1.69
0 93.41 26.58 1.88
0 93.35 27.97 1.96
0.02 93.08 27.91 2.72
30.13 92.84 26.23 2.23
80.79 92.81 22.77 2.41
49.63 93.5 21.22 2.07
72.95 93.51 21.06 1.23
7.34 93.09 23.2 1.26
1.17 93.2 23.09 1.61
0.83 93.4 23.03 1.82
45.69 93.05 21.08 2.02
0.98 93.3 22.02 2.09
0 93.77 22.34 1.79
0 93.34 22.48 1.64
28.87 92.95 23.07 2.4
0.05 93.11 24.6 1.97
3.56 93.19 25.25 2.18
83.71 92.94 23.85 1.94
449.37 92.37 23.49 2.05
19.37 92.77 24.11 1.59
92.39 92.83 23.24 2.34
39.89 92.68 21.77 1.82
2.12 92.73 23.27 1.94
43.4 92.58 21.74 1.74
62.77 92.4 20.07 1.38
4.66 92.49 22.27 1.69
38.58 92.88 23.13 2.39
78.69 93.24 21.58 2.08
1.16 93.39 22.16 1.71
24.03 93.33 21.53 1.72
53.86 93.24 21.22 1.66
180.05 93.31 19.46 1.75
33.6 93.46 20.24 1.58
50.82 93.58 20.98 1.71
59.98 93.61 21.17 1.73
25.48 93.27 21.56 1.73
2.66 93.06 24.33 1.77
43.19 93.48 21.23 1.74
279.3 93.35 19.36 1.76
0.02 93.41 18.91 3.3
0 93.5 16.97 3.39
0 93.78 18.08 2.19
28.36 93.51 15.8 2.21
5.72 93.94 15 3.09
0 94.05 13.95 2.21
0 93.77 15.92 1.88
1.35 93.76 16.72 1.78
2.78 93.59 19.25 1.87
16.64 93.62 18.4 2.01
27.1 93.53 18.61 2.47
3.21 93.38 19.63 2.22
0.16 93.32 18.8 3.53
0 93.22 17.74 1.82
0 93.03 19.77 2.1
0.86 93.46 18.34 2.37
5.6 93.53 18.89 2.06
101.19 93.45 17.23 1.88
0.02 93.7 15.35 2.2
0 94.08 14.98 1.86
0 94.3 15.93 1.78
13.59 94.23 17.94 1.92
12.01 94.07 17.52 1.77
0.67 93.71 17.57 2.28
0.01 93.53 15.82 2.26
0 93 17.68 2.29
0.24 93.43 14.55 2.99
0 93.76 14.2 1.73
4.19 93.12 17.28 2.79
11.71 93.15 15.54 3.61
0 93.3 16.45 3.61
0.19 93.6 16.65 2.16
15.45 93.56 15.31 1.97
18.39 93.87 12.66 2.2
0.04 93.84 8.91 2.44
0 93.71 7.81 3.19
0 93.55 9.02 2.23
0 93.63 12.51 2.73
0.28 93.86 14 3.33
0 94.55 8.54 2.22
0 94.91 6.81 2.01
0 94.64 8.56 2.47
0 94 12.38 2.94
0 93.79 13.64 2.73
0 94.09 12.63 1.79
14.7 94.38 11.48 1.5
89.16 94.95 8.09 2.99
28.88 94.97 4.53 2.43
1.36 94.78 4.18 2.47
1.54 94.41 3.08 1.98
0 94.31 4.48 2.59
0.02 94.84 3.85 1.4
27.34 94.9 5.98 1.78
0.07 95.25 4.41 1.79
0 95.01 5.45 1.54
10.06 94.41 7.88 1.53
0.24 94.2 8.5 1.46
0 93.96 9.56 2.46
0.07 94.53 6.71 1.51
16.83 94.63 4.32 1.73
0.52 94.67 4.57 1.52
0 94.52 5.92 1.74
0 94.58 6.43 1.44
0 93.99 8.43 1.51
0.03 93.84 9.01 1.87
0 94.71 4.75 4.31
0 95.19 1.23 3.25
0 94.66 3.66 2.3
0 93.81 6.36 2.88
