0.95 95.72 -16.33 1.55
0.02 96.38 -17.45 1.69
19.16 96.25 -19.4 1.52
6.46 96.45 -18.28 3.3
0 96.76 -19.55 2.44
0.01 96.96 -19.49 2.18
0.12 97.06 -17.46 1.52
17.55 96.44 -16.23 1.17
7.13 96.62 -16.08 1.36
0 96.89 -15.75 1.33
0 96.86 -16.21 2.86
0 96.29 -18.66 3.17
0 96.31 -16.06 3.11
1.27 96.14 -15.96 1.29
0 97.22 -15.31 1.41
0 96.79 -14.21 1.07
0 96.44 -11.01 1.14
0.02 96.35 -6.49 1.44
0 95.83 0.58 3.34
0.07 97.06 -9.61 4.75
0 96.98 -13.09 2.6
0 96.68 -11.22 3.77
0 96.16 -8.14 3.14
0 95.56 -8.48 3.92
0 96.57 -9.27 3.5
0 105.44 -4.66 3.13
2.49 95.47 -3.78 2.79
0.01 96.1 -10.69 3.88
0 95.66 -5.34 4.26
0 95.73 -5.38 1.86
0 96.33 -9.06 1.67
0.38 96.51 -11.38 1.88
0 96.52 -14.74 2.17
0 96.45 -13.4 2.42
0 96.42 -13.89 2.09
0 96.76 -13.77 1.47
0.02 96.66 -11.56 2.19
3.34 95.69 -3.41 2.83
0 95.78 -4.65 1.85
0 96.41 -7.29 2.4
0 97.01 -10.42 3.25
0 97.42 -12.18 3.83
0 97.15 -11.78 2.02
0.04 96.51 -10.28 2.14
0 96.93 -10.51 2.39
0 97.1 -12.72 1.81
0 96.65 -10.54 1.73
0.01 96.21 -8.71 2.87
0 96.02 -8.45 2.58
0 95.48 -4.21 1.81
0 95.36 -7.01 1.67
0 95.48 -5.94 1.88
0 95.52 -4.51 2.58
0 94.48 0.92 2.24
4.64 94.82 -2.43 1.84
0 95.91 -6.23 2.29
0.22 96.09 -5.34 1.71
3.21 95.76 -6.2 2.16
1.44 96.37 -7.58 2.39
0.12 96.07 -7.81 1.99
0.33 95.79 -3.51 3.37
0 95.86 -1.91 3.06
35.1 95.44 -1.85 2.76
3.98 96.56 -9.54 3.4
0 97.26 -11.49 1.92
0.01 97.52 -11.97 1.8
2.57 97.82 -10 2.74
0.01 97.03 -9.45 2.54
0 95.66 -3.96 2.55
0.22 94.59 2.42 3.77
0.74 95.73 -4.56 4.48
0 96.38 -3.06 1.99
39.12 95.77 -0.7 1.96
1.46 95.74 -2.73 5.27
0.02 96.21 -4.71 2.56
0 96.61 -5.54 2.26
0 95.62 -2.8 2.75
0.33 94.23 3.82 2.68
40.58 94.87 -0.94 3.7
0 95.24 0.18 2.89
0.06 95.2 4.04 3.97
0 95.9 2.49 2.71
0 96.44 -0.51 2.69
0.04 96.44 -3.43 3.4
0.8 95.96 -2.81 1.95
2.2 96.54 -2.29 1.9
0 96.43 3 1.58
0.07 96.21 5.72 2.04
4.77 95.61 8.87 4.26
2.23 95.33 7.57 4.52
0 95.78 2.17 5.32
0 95.83 -0.05 4
0 95.48 4.53 4.12
0 95.19 8.87 3.7
4.85 95.83 2.96 2.35
0.01 96.46 1.85 2.31
0 95.89 7.2 3.59
0.37 94.71 12.07 5.73
28.79 95.51 2.27 2.72
0 95.8 3.4 3.1
1.74 95.75 1.95 2.05
44.17 95.56 0.41 3.34
0.04 96.33 -0.83 5.09
0 96.46 1.95 2.43
0.3 95.8 4.42 2.85
9.4 96.05 3.09 1.68
0 96.02 5.26 2.98
19.29 95.32 10.42 2.9
42.11 95.8 8.2 1.91
0.17 96.15 8.27 1.95
0.12 96.39 9.83 2.11
0.67 96.15 9.23 2.34
0.13 96.05 8.34 1.88
0 95.64 12.73 2.94
2.58 95.4 13.49 4.23
38.29 95.26 4.64 3.3
17.93 94.85 2.68 3.28
0.12 94.97 5.16 6.02
3.18 95.13 7.04 4.86
7.35 95.37 11.68 2.56
0 94.82 17.06 2
0 94.56 18.63 4.16
0.43 95.09 16.51 2.16
3.58 94.61 124.17 2.8
231.23 94.24 10.21 3.02
9.88 94.71 13.1 4.36
30.22 94.75 11.57 1.78
4.28 94.99 14.93 2.44
51.04 94.79 11.06 3.21
11.41 94.69 9.61 2.33
3.63 95.71 9.91 2.41
0 95.96 13.23 1.65
0 95.91 15.98 1.67
4.93 95.5 17.39 3.33
6.95 95.38 20.23 2.45
1.04 95.57 19.33 2.61
26.75 95.12 16.74 2.76
160.57 94.24 12.31 2.75
0.68 93.94 18.23 4.57
0 94.76 21.95 2.5
0 94.91 24.48 2.73
0.32 94.92 22.43 2.05
1.35 94.58 21.35 2.57
10.31 94.79 17.41 3.92
0.78 95.39 21.23 3.31
0.13 95.81 21.8 2.16
5.11 95.76 19.27 1.96
86.9 95.18 15.57 2.54
59.14 94.78 16.56 2.09
68.44 95.24 15.1 1.87
10.2 95.82 16.53 1.33
2.57 95.74 18.3 1.56
0.54 95.86 19.24 1.57
0 95.9 21.19 1.72
0.01 95.7 22.14 2.08
0 95.39 23.33 2.2
0 95.4 23.45 2.45
0 95.49 24.44 3.21
0 95.61 24.62 3.13
0 95.7 24.94 2.2
1.62 95.58 21.91 2.16
0.05 95.32 21.45 3.09
0.45 94.98 23.02 1.96
19.43 94.73 23.26 2.96
53.91 94.61 22.3 2.75
0.87 94.5 23.56 2.43
11.38 94.61 23.84 1.69
83.45 94.68 21.26 2.01
19.51 94.76 20.8 1.91
1.39 94.85 22.96 1.38
0.11 95.23 23.01 2.74
0.02 94.83 23.24 1.98
10.25 95.16 20.35 2.16
0 95.25 23.23 1.54
0 95.12 25.36 1.83
0 95.11 26.41 2.4
0 95.04 25.84 1.83
22.43 94.86 22.13 1.66
57.46 94.78 22.28 1.41
0.25 94.83 23.97 1.39
0.08 94.62 25.16 1.44
98.79 94.54 22.14 2.18
2.85 94.54 25.04 1.46
0.04 94.55 27.72 1.58
6.98 94.53 26.95 2.21
0 94.52 26.59 2.97
0.03 94.68 25.09 2.54
14.54 94.97 21.24 1.94
3.91 95.16 22.51 1.99
1.12 95.13 22.31 2.17
62.93 94.92 21.19 1.77
88.68 94.91 20.92 1.43
237.75 95.17 20.26 1.28
5.14 95.42 22.52 1.1
0 95.36 24.21 2.03
72.98 94.92 22.77 2.44
6.07 94.7 24.85 2.99
1.33 94.93 25.99 2.28
2.62 94.89 27.12 2.32
12.79 94.98 25.79 2.53
212.51 94.9 23.52 1.89
1.48 95.14 24.56 1.53
2.34 95.24 25.92 1.59
6.69 95.28 26.8 1.5
3.4 95.4 27.52 1.56
0.61 95.26 27.83 2.15
10.53 95.16 27.43 2.22
22.57 94.81 26.83 2.3
191.46 94.41 26.02 2.64
8.92 94.42 22.61 1.36
33.98 94.39 25.68 1.31
164.2 94.71 22.29 1.75
0 95.32 21.52 2.1
0.02 95.22 22.86 1.54
8.37 94.5 24.7 2.77
56.19 94.71 23.4 1.84
123.32 95.1 22.2 2.96
0 95.86 20.73 1.69
21.79 95.49 20.69 1.51
113.72 94.77 22.41 2.27
23.07 94.85 22.67 2.23
0 95.07 21.94 1.92
0 94.79 24.85 2.38
29.9 94.52 24.67 1.8
2.43 94.41 26 2.12
24.89 94.3 24.22 2.95
0 94.81 22.33 2.84
0 95.17 22.73 1.65
18.45 95.18 23.15 2.29
7.73 95.36 23.4 2.47
125.33 95.52 22.43 1.98
1.4 95.81 22.99 1.77
171.45 95.71 18.8 1.52
72.72 95.66 18.97 1.35
0.92 95.66 20.11 1.38
0 95.59 22.46 1.75
0.08 95.82 21.75 1.58
1.37 96.01 21.78 1.62
0 95.72 21.05 1.65
1.78 95.52 20.3 1.42
25.74 95.13 20.91 1.59
8.79 95.25 20.89 1.48
0.85 95.3 21.84 1.8
21.82 95.8 20.33 1.55
5.14 95.94 21.04 1.36
0.03 95.82 20.02 1.13
0 95.54 19.95 1.68
0 95.33 22.46 1.62
1.99 95.52 23.45 1.67
0 96.07 18.31 1.74
0 95.9 17.41 1.37
1.64 95.46 17.98 1.29
10.13 95.11 19.02 1.56
0.28 95.35 19.53 1.41
0 95.49 20.73 1.08
2.07 95.55 22.34 1.39
0 95.65 22.49 1.57
4.38 95.45 21.55 2.26
121.55 95.83 15.09 2.21
281.54 95.94 9.41 1.97
165.35 95.8 12.44 1.33
0 95.52 16.17 1.51
44.92 95.76 14.71 2.04
200.41 96.38 9.8 2.59
0 96.28 10.02 2.09
0 96.07 12.66 1.44
0.68 95.81 14.73 1.47
10.5 95.55 15.63 2.66
0.28 95.75 13.08 2.35
0 95.69 11.07 4.51
0 96.54 9.11 2.73
0 96.13 10.09 1.43
0.03 95.82 15.03 1.8
0.98 96.16 12.86 1.39
323.16 95.88 7.92 2.38
84.54 95.81 7.59 2.85
0 95.94 9.57 1.84
0 95.56 13.33 1.35
0 95.44 16.88 2.24
0 95.59 18.03 2.74
0 95.54 17.51 2.49
0 95.08 17.09 2.99
24.19 95.68 11.2 2.18
133.56 96.1 5.46 2.26
0 96.21 8.24 1.56
0 95.76 9.94 1.62
0 95.95 8.73 2.9
0 95.48 7.87 2.86
0 96.29 2.95 2.83
0 96.87 0.96 1.16
18.47 96.82 0.01 1.3
53.28 96.84 1.19 1.16
0 96.71 2.29 1.24
0 96.18 4.09 1.37
0 95.87 8.86 1.65
6.76 96.05 9.19 2.4
3.7 96.58 3.7 3.54
0 96.95 0.15 3.71
0 97.62 -1.25 2.55
0 96.79 0.81 1.72
0 96.66 4.68 2.11
0 96.65 5.98 1.53
0 96.71 6.06 1.58
0 96.53 6.32 2.05
0 97.05 2.47 3.45
0 96.61 1.73 1.89
0 96.17 5.52 1.83
0 96.26 4.86 1.31
0 95.94 6.99 1.81
0 95.64 7.46 1.62
7.07 95.8 3.71 2.51
0.28 96.32 0.39 3.44
0 96.01 -1.07 1.42
0 95.58 0.22 1.36
37.96 95.01 0.82 3.74
1.73 95.48 -0.49 2.09
1.25 96.47 -1.03 3.67
0 97.45 -4.6 2.52
0.03 96.8 -3.03 2.35
0 96.13 0.31 1.58
0 96.06 1.4 2.04
0 95.73 5.17 3.35
0 95.26 3.68 2.31
0 95.03 5.9 1.92
0.24 95.17 2.32 4.32
0 95.95 -2.61 2.12
0 95.81 -1.88 1.97
0.01 96.02 -1.7 4.04
0 96.32 -6.31 2.4
0.4 95.5 -6.09 2.1
0 95.82 -6.8 6.06
0.35 96.02 -7.72 1.6
0.22 95.91 -7.03 1.27
0 95.53 -2.99 1.99
0.05 95.12 -3.16 1.96
0.06 95.69 -7.55 3.44
0 95.81 -5.76 2.25
0 94.77 2.24 2.27
0 96.14 -2.92 3.25
0 96.7 -5.76 3.19
0 95.43 -5.32 2.29
0 95.4 -6.81 1.6
0 94.92 -5.36 1.84
1.82 94.75 -8.28 4.01
0 95.79 -12.22 1.82
1.48 96.14 -13.93 2.26
0.11 96.87 -15.38 2.82
0 96.76 -16.03 3.6
0 96.46 -15.1 3.54
0 95.16 -9.06 3.12
0 95.01 -6.54 1.53
0 95.05 -4.03 1.87
0 95.31 -3.23 2.37
0 95.57 -1.26 1.85
0 95.32 -7.13 1.43
0.23 95.88 -10.52 2.84
0 97.15 -16.54 3.35
0 97.12 -15.84 3.44
0 96.22 -14.87 3.24
0 95.11 -11.87 2.99
0 94.79 -9.36 2.13
0 95.43 -11.64 3.45
2.61 95.68 -12.44 2.01
0.03 95.84 -12.44 4.84
0.27 96.36 -11.19 5.38
0 96.77 -11.13 3.31
0 96.94 -12.08 2.79
0 96.55 -12.75 1.05
0.01 96.15 -12.67 1.66
0.02 96.29 -11.41 4.66
0 96.91 -10.2 3.8
0.01 96.24 -8.04 1.88
0.19 96.1 -9.29 3.48
0 96.67 -13.11 3.69
0 95.93 -10.99 2.55
0 95.47 -11.91 3.7
0 95.65 -13.05 1.87
0.01 95.63 -11.19 2.73
0.03 96.64 -14.82 2.9
0 97.07 -17.33 3.54
0 96.87 -15.15 2.39
0 96.69 -14.15 2.6
0 96.41 -14.34 2.79
0 96.38 -14.39 3.14
0 96.29 -12.71 2.14
0 96.11 -12.73 1.59
0 96.11 -13.26 3.01
0.04 96.38 -14.32 3.48
0.01 96.55 -14.19 1.98
0.09 96.71 -14.68 2.34
0 97.14 -15.23 1.65
0 97.43 -14.08 2.52
0.02 96.97 -14.16 2.96
0 96.67 -14.35 3.58
0 96.45 -11.01 3.19
0 96.04 -3.83 2.73
0 95.74 -4.59 1.66
0 95.68 -7.7 1.41
0 95.54 -5.98 2.08
0 95.8 -5.72 2.25
0.03 94.98 -3.49 4.48
0.04 95.53 -2.89 2.69
0 95.26 -6.41 2.01
0.86 95.37 -7.13 3.11
0.13 96.19 -10.2 1.89
0.97 96.19 -9.85 1.19
1.52 96.44 -13.03 3.72
0 96.57 -12.2 2.22
0.14 96.49 -11.45 2.04
0.1 96.44 -11.66 1.6
0 95.72 -4.28 2.7
1.04 95.69 -5.21 1.62
3.02 96.12 -4.68 2.54
0 96.09 -4.27 1.9
0 95.95 -0.28 2.07
0 96.27 -0.78 1.7
0 95.88 1.26 2.04
0 95.39 2.41 3.63
3.57 95.2 1.24 2.2
0.33 95.93 -3.65 2.7
0 96.58 -4.83 1.73
6.81 95.99 -2.03 4.06
0.55 96.75 -8.66 3.63
0.06 96.27 -7.67 3.45
0 95.95 -6.34 3.02
0 95.95 -6.46 2.32
0 96.06 -4.26 2.83
0 95.72 -1.02 1.85
0.13 95.21 1.64 2.56
0 96.01 -1.28 3.73
0 95.74 -1.06 4.24
0 95.8 -3.21 4.69
0 96.15 -1.54 3.7
0 95.88 0.16 3.35
0 95.28 2.52 3
0 94.56 7.15 2.17
0.02 95.27 2.49 4.34
0 96.44 -1.86 3.92
0 96.13 -4.46 4.59
0 95.9 -3.08 3.15
0 95.29 3.42 3.23
0 94.93 5.19 4.74
0 95.37 2.16 3.49
0 95.55 0.18 2.25
1.79 96.14 -2.92 3.9
0 96.25 -2.31 3.12
0 95.97 -1.73 2.42
0 96.11 -1.88 4.44
0 100.39 -0.13 2.65
0 100.35 1.34 2.85
0 100.19 3.27 2.99
0 100.46 3.06 1.94
0 100.11 7.47 3.19
0 99.81 8.29 1.99
0 99.38 10.36 3.89
0 100.67 2.85 4.2
0 100.62 2.69 2.46
0 100.16 6.07 2.48
0 100.07 7.88 1.44
0 95.78 10.24 2.89
0.08 95.05 10.85 5.01
1.49 95.4 8.19 4.23
0 95.4 8.51 3.86
0 95.23 9.33 3.79
1.79 95.91 5.88 3.22
0 95.59 9.4 3.2
0 94.97 14.97 3.43
0 95.07 14.06 1.76
0.05 94.33 16.18 2.98
0 95.17 10.96 4.96
0 94.93 12.4 4.06
2.73 94.9 8.64 6.64
0.8 95.56 7.26 4.99
0 95.42 10 2.28
0 94.84 13.9 3.96
49.65 95.58 7.91 2.31
3.5 95.46 6.86 1.97
12.07 95.19 5.72 2.84
3.99 94.76 6.91 3.86
0.13 94.36 8.97 1.9
7.68 94.37 9.44 2.78
2.86 95.04 7.9 2.85
0 94.56 9.92 1.67
40.75 93.96 8.71 1.61
7.13 93.89 9.82 2.38
1.24 94.78 13.7 3.73
0.3 95.04 11.8 3.96
0 95.37 13.02 2.87
1.73 94.95 13.13 3.04
126.79 94.17 9.69 3.02
0.12 94.18 11.26 3.4
0.02 94.7 13.63 2.94
1.53 94.72 15.17 3.75
19.25 94.49 16.8 2.89
0 94.75 18.39 2.13
0.19 94.42 16.95 4.7
0.54 94.34 13.49 5.95
0 94.53 15.8 6.37
0 94.67 16.6 4.2
0 95.22 13.72 3.53
0 95.19 14.58 2.16
0.01 94.12 17.57 2.56
19.42 93.88 18.63 3.76
12.5 95.03 14.09 3.03
1.83 95.14 12.41 3.37
0.45 95.02 13.19 4.07
0 94.87 17.98 2.97
0 95 18.87 2.79
0 95.14 21.11 3.03
4.43 95.05 20.84 4.34
8.96 94.99 19.11 4.79
0.03 94.81 20.55 3.11
0.79 94.63 23.94 5.41
8.68 94.73 22.62 2.62
49.34 94.31 18.98 3.03
9.61 94.23 17.49 2.93
0.03 94.68 19.8 2.7
5.46 94.4 20.81 4.93
5.27 94.5 19.25 3.77
0.6 94.76 19.93 1.96
0.95 94.63 23.31 2
21.43 94.01 24.64 3.1
14.08 93.74 22.03 2.63
21.96 93.98 21.68 2.12
0 94.39 22.87 2.72
40.14 94.36 20.82 2.03
223.07 94.52 16.39 2.36
8.53 94.69 19.67 2.08
11.87 94.73 21.43 1.49
60.73 94.54 20.23 2.01
60.42 94.52 18.59 2.05
116.64 94.73 17.37 1.71
0.72 94.86 20.35 1.56
0 94.79 23.44 1.31
0 94.63 25.72 2.1
0.06 94.34 27.16 2.85
0 94.28 27.19 2.71
9.85 94.06 22.38 2.36
72.94 94.32 16.69 2.53
1.07 94.99 19.72 2.46
0 95.35 21.01 1.61
7.15 94.76 21.98 2.93
12.86 94.07 22.69 2.43
9.59 94.24 24.7 2.6
0.04 94.4 24.86 3.23
28.8 94.31 23.51 2.63
63.08 94.4 22.16 1.62
0.33 94.28 23.68 2.35
0 94.4 24.16 2.44
0 94.53 25.45 2.31
35.84 94.04 22.86 2.45
0.88 93.74 25.21 3.2
92.67 93.84 18.46 1.63
26.3 93.91 18.88 2.58
6.87 94.56 21.55 1.83
16.12 94.73 23.31 2.24
12.56 94.8 24.09 2.12
7.56 94.82 23.78 2.31
1.44 94.63 24.16 1.51
63.89 94.74 22.14 1.85
11.82 94.71 22.77 1.52
39.41 94.58 22.15 1.71
24.78 94.64 21.44 1.45
44.12 94.7 22.23 1.25
279.82 94.55 20.82 1.69
75.73 94.47 21.3 1.6
78.25 94.41 22.19 1.99
22.51 94.36 23.39 1.92
0.28 94.44 25.25 1.49
29.08 94.42 25.64 2.23
399.76 94.24 22.53 2.33
93.27 94.16 22.73 2.26
9.56 94.37 23.15 2.09
1.01 94.58 24.79 1.59
61.64 94.77 22.28 1.55
105.74 94.41 21.29 1.62
0.03 94.47 23.54 1.65
0.39 94.61 24.52 2.12
0.71 94.97 23.37 1.89
0.06 94.58 23.81 2.1
0 94.54 23.97 1.9
0.03 94.75 24.34 1.66
6.52 94.73 23.55 1.38
9.73 94.76 23.91 1.63
15.26 94.39 23.86 1.56
10.37 94.49 25.43 1.96
0 94.91 24.81 1.36
0 94.75 25.67 1.3
0 94.46 25.96 1.77
29.04 94.23 25.47 1.83
76.84 94.59 21.33 1.82
246.47 94.64 18.77 1.64
19.56 94.65 21.54 1.49
18.03 94.82 21.05 1.24
0.14 95.08 21.62 1.5
0.19 95.22 22.2 1.25
0 95.21 23.41 1.37
0.79 95.09 23.4 1.64
24.97 95.32 21.33 1.7
0 95.32 20.69 1.31
24.05 95.29 20.38 1.42
3.91 95.51 20.4 1.49
0.53 95.59 21.52 1.53
16.51 95.39 19.86 1.86
10.27 95.06 20.98 1.33
1.09 94.96 22.37 1.4
0 94.89 23.41 1.42
23.04 94.65 22.65 2.82
1.13 95.18 19.26 1.63
0 94.98 20.07 1.55
3.2 95.5 18.23 1.98
0.26 95.43 18.84 1.39
0 95.49 18.15 1.24
0 95.03 19.44 1.28
17.49 94.66 18.69 2.94
2.94 95.31 13.84 1.9
0.13 95.87 13.5 1.91
3.15 96.12 13.97 1.96
10.01 95.59 16.94 1.98
0.26 95.32 17.72 2.25
0.06 94.9 20.13 3
22.23 94.98 17.41 1.99
10.67 95.22 14.51 1.57
41.55 95.56 12.83 2.33
0 95.95 9.78 2.34
0 96.38 9.88 2.19
0 96.2 10.6 1.4
0 95.86 11.95 1.59
0 95.45 13.36 1.5
0 95.55 14.38 2.08
0 95.44 14.88 1.78
0 95.17 17.43 2.67
0.08 95.47 17.79 1.72
0.11 95.61 18.67 2.78
0.03 95.44 18.48 2.35
6.12 95.28 15.42 2.1
0.2 95.74 9.12 2.91
0 96.25 6.93 2.53
0 96.29 7.59 2.88
0 96.75 8.28 3.03
0 96.4 9.5 1.42
0 95.72 11.36 2.11
0 95.14 12.8 3.34
0 95.74 10.26 2.25
0 95.72 10.63 1.37
0 95.47 14.21 2.27
0.08 95.89 13.8 2.85
0 96.42 9.52 1.29
0 96.13 12.13 1.68
0 95.54 14.37 1.38
67.13 94.99 10.92 1.64
5.14 94.91 9.48 1.98
1.24 94.53 8.95 2.53
1.26 95.04 9.09 4.16
0 96.05 5.27 2.14
0 96.1 8.58 1.48
0 95.89 11.08 2.22
0.01 95.72 14.5 3.26
0 95.67 13.75 1.97
0.29 95.57 11.31 1.39
34.43 96.13 5.03 3.69
0.01 96.46 2.79 3.32
0 96.47 4.42 1.84
0 96.03 6.07 1.55
0.84 95.89 7.52 2.31
0 96.17 6.64 1.53
0 95.82 7.05 1.47
0 95.62 9.42 3.14
0 95.82 10.62 3.81
2.68 96.02 11.58 2.63
0.13 96.62 5.32 1.56
0.84 96.31 7.65 1.61
3.27 96.05 10.02 2.97
0.25 96.77 3.21 2.81
0.04 96.62 1.71 1.26
0 96.54 3.39 1.64
0 96.51 3.24 1.51
0 96.3 2.13 1.24
0 95.67 2.47 1.24
0 95.07 4.39 2.05
0 95.34 5.73 3.24
0.05 96.15 -1.45 2.68
0 96.27 -4.3 1.6
0 96.31 -3.54 1.45
0 96.52 -1.05 1.72
41.1 95.88 0.33 0.95
6.37 95.67 -0.74 2.81
1 95.88 -4.95 3.33
0 96.36 -6.23 2.35
0 96.36 -4.23 1.79
15.59 95.97 -5.5 2.41
0.45 96.58 -7.56 2.99
0 96.3 -8.56 0.96
0.07 96.28 -6.72 1.41
0.72 95.6 -0.01 1.83
0 95.69 -1.3 1.24
0 96.53 -3.55 2.41
0 97.09 -8.17 1.61
0 97.36 -7.93 2.07
0.09 96.62 -7.75 0.97
0.03 95.91 -5.5 1.05
0 96.11 -6.34 1.41
0 96.45 -8.11 1.08
0.92 96.68 -8.76 0.8
0.99 96.63 -5.98 0.85
0.76 96.91 -7.45 2.74
0.02 97.23 -11.55 3.78
0 96.83 -10.96 3.1
0.01 95.99 -6.58 4.24
0 96.04 -3.58 2.56
0 96.51 -6.83 1.52
0.01 95.8 -3.63 2.92
0 96.51 -8.89 4.38
0 96.74 -12.61 3.4
0 96.85 -11.94 3.59
0 96.6 -10.32 2.23
0 96.66 -10.3 2.09
0 96.57 -11.22 0.99
0 96.22 -10.22 2.01
0 96.17 -9.51 3.66
0 96.43 -11.43 2.35
0 95.94 -9.51 2.87
0 96.13 -12.81 1.65
0 96.64 -12.54 1.5
0 96.89 -11.4 1.61
0 96.4 -7.74 1.77
0 96.8 -10.83 1.7
0 97.13 -14.65 1.17
0.1 96.57 -12.66 0.96
0.01 96.36 -9.86 1.91
0.25 96.75 -11.25 1.97
0.54 96.17 -11.68 2.37
0.18 96.33 -12.33 3.97
0 96.56 -11.78 2.46
0 96.35 -11.49 1.78
0 97.17 -14.24 1.33
0.13 97.07 -14.91 0.99
0 96.63 -12.27 1.33
0 96.61 -13.37 1.01
0.1 96.65 -12.74 2.94
0 96.74 -12.46 2.77
0 95.86 -7.22 2.86
0 96.11 -9.05 2.1
0 96.04 -9.09 2.08
0 95.78 -10.38 1
0.05 95.61 -8.99 1.19
0.09 95.82 -11.63 0.98
0 95.97 -10.89 1.21
0 96.42 -11.51 1.12
0.01 97.09 -13.78 3.37
0 96.96 -17.57 2.97
0 96.62 -17.49 2.62
0 96.1 -17.02 2.15
0 95.94 -16.22 2.52
0 95.55 -14.09 2.69
0 95.66 -13.42 1.77
0 96.19 -14.71 1.54
0 96.42 -14.71 1.66
0 96.81 -15.4 1.71
0.05 96.44 -17.16 1.28
0.3 95.95 -16.08 3.56
0 96.74 -17.21 4.16
0 96.73 -15.46 2.9
0 95.75 -12.98 2.77
0 95.83 -9.96 2.38
0.15 95.27 -6.47 2.17
0.03 95.89 -12.44 4.92
0 96.12 -15.48 4.55
0 95.69 -12.45 4.54
0 95.86 -10.33 2.94
0 96.22 -11.01 2.66
0 96.25 -10.92 1.69
0 95.96 -8.55 2.51
0.03 95.66 -4.19 2.12
0.18 96.23 -8.56 2.97
0 96.18 -10.32 2.73
0.04 96.26 -11.24 3.3
0 96.39 -12.58 4.55
0 96.29 -9.88 3.22
0 95.68 -5.84 2.68
0 95.82 -8.06 2.04
0 95.59 -9.52 1.18
16.92 95.19 -7.69 2.45
0 96.14 -7.21 2.42
5.63 95.99 -6.38 2.17
0.04 96.45 -8.36 3.25
0 96.39 -8.19 2.29
0 95.86 -6.06 1.62
0 95.47 -1.57 2.61
0 95.63 -0.14 2.07
9.41 96.2 -3.73 1.49
0.41 96.4 -7.2 1.85
0.28 96.36 -6.05 1.55
0.07 95.73 -1.82 1.82
32.86 95.01 -3.3 1.48
30.65 95.05 -4.01 2.49
0.03 95.69 -4.49 3.34
0 96.43 -7.91 3.43
0 96.15 -8.5 1.83
0.21 96.01 -7.78 4.38
0 96.49 -7.52 3.71
0 96.17 -5.78 1.85
0 95.5 -1.59 2.92
0 96.06 -0.77 2
0 95.67 2.83 3.22
4.22 94.75 5.7 4.09
8.29 95.45 -2.83 3.61
10.58 96.29 -7.7 2.4
0 96.03 -2.17 2.28
0 95.97 -0.1 1.91
0 95.34 4.64 3.64
0 95.91 2.51 1.72
5.98 95.02 1.5 4.2
0 95.43 0.07 5.58
0 95.9 0.58 3.41
0 95.58 5.04 2.4
0 95.78 8.53 3.19
0 95.97 9.46 3.32
0.27 94.94 10.29 7.42
0.54 95.6 1.64 4.68
0.31 95.6 -0.25 4.54
0 95.62 -0.13 1.92
3.89 95.48 1.62 2.69
0 95.11 4.36 4.1
0 94.92 4.76 4.87
0 95.19 3.98 4.62
0.11 95.57 3.77 2.52
0 95.08 9.88 3.67
0 95.18 10.81 4.62
0 95.09 13.14 3.43
7.28 94.82 13.88 5.44
4.62 95.18 8.1 4.46
0 94.62 12.21 3.24
0 94.48 14.3 3.3
0 94.48 15.33 3.21
2.09 95.11 9.6 3.68
0 95.41 9.16 2.55
0 94.48 16.21 3.91
0 94.53 18.52 3.94
1.74 94.94 14.85 4.43
37.07 95.46 13.26 3.12
1.89 94.89 12.64 2.36
0.3 94.23 14.26 1.85
0.44 94.19 17.81 3.84
179.8 94.68 12.64 2.68
79.2 94.62 9.6 4.36
0 94.04 11.24 3.52
0.11 93.72 11.85 7.06
0 94.97 9.91 3.28
0 94.98 12.8 2.6
0.54 94.67 17.88 3.67
0.42 95.27 16.68 2.43
15.08 94.76 17.39 2.13
0 94.81 20.85 2.17
0.85 94.97 20.17 2.41
0 95.02 18.09 3.43
0 94.66 17.58 2.35
1.74 94.66 16.75 1.9
0 94.87 18.34 2.1
0.05 95.13 20.26 2.44
6.45 95.34 19.98 2.59
72.34 95.37 14.91 1.7
23.69 94.88 13.7 2.56
19.24 94.65 11.62 2.78
4.42 94.6 12.5 3.99
0.01 94.34 12.59 3.06
7.38 94.09 12.63 4.83
0.06 94.56 16.04 1.65
0 94.45 22.31 3.73
14.53 95.02 20.08 2.99
5.5 95.37 18.76 2
0.12 95.22 20.62 3.82
2.79 94.94 19.84 3.79
5.16 95.06 17.55 3.1
0 95.05 17.21 2.96
0 94.85 18.32 2.49
0 94.5 20.2 2.46
0 94.96 20.66 2.27
0 95.07 23.09 2.28
9.83 95.09 20.6 2.61
57.25 95.5 15.08 2.84
0.19 95.6 17.15 1.65
11.99 95.17 17.17 3.12
16.21 94.91 16.92 2.85
94.36 94.69 15.74 2.14
14.11 94.37 18.82 3.27
1.51 94.56 20.8 2.11
5.84 94.14 20.37 2.45
15.24 94.01 22.16 2.28
32.29 94.01 22.23 2.35
67.51 93.87 21.38 3.18
13.65 94.01 17.56 2.8
2.13 93.71 16.98 3.22
13.33 93.81 16.86 2.27
150.44 94.44 14.26 1.88
334.25 94.66 14.61 2.11
188.2 94.66 15.72 2.71
5.51 94.53 19.4 1.58
6.43 94.41 22.25 1.6
9.02 94.61 21.62 1.77
46.2 94.36 21.65 1.46
13.91 94.39 22.17 1.71
2.85 94.55 22.11 1.36
51 94.53 20.99 1.56
0.91 94.28 22.36 2.09
46.73 94.3 22.32 2.63
30.89 94.66 21.13 2.34
11.66 95.04 22.79 2.19
1.44 95.2 23.08 1.7
2.98 94.93 20.98 2.24
65 94.5 21.17 2.12
0 94.34 23.83 2.05
2.99 93.97 24.64 3.76
4.65 93.98 22.91 3.42
0.85 93.96 22.81 2.79
0.07 94.33 23.48 1.62
1.27 94.48 23.21 1.67
0.73 94.36 23.94 1.54
18.64 94.34 24.43 1.96
50.22 94.33 25.29 2.2
29.12 94.38 24.82 2.04
182.63 93.99 21.19 1.76
43.98 93.75 19.63 2.61
84.32 94.14 19.37 2.99
13.9 94.65 21.27 2.68
0 94.67 21.49 1.61
0 94.69 22.83 1.51
0 94.94 24.64 1.35
0 95.04 24.89 2.02
0.14 94.86 24.8 2.2
2.24 94.71 25.04 1.49
6.58 94.64 25.27 1.73
49.98 94.58 23.93 1.52
468.42 94.16 22.13 3.42
0 94.66 23.52 1.4
0 94.87 24.08 1.78
7.07 94.79 24.48 2.23
79.92 94.4 25.44 3.37
2.2 94.78 24.19 1.6
125.6 94.33 23.1 2.32
23.15 94.01 23.98 3.61
0.32 94.66 22.33 1.52
75.38 94.97 20.05 1.46
151.97 95.12 19.08 1.63
166.36 95.05 20.05 1.37
20.97 95.09 21.88 1.62
143.77 95.12 21.89 1.68
0 95.3 23.35 1.17
0 95.12 24.26 1.23
0 94.74 25.73 1.94
11.31 94.65 24.98 1.85
10.06 94.93 23.71 1.29
0 94.79 24.29 1.57
16.03 94.88 20.63 2.2
28.57 94.9 18.29 2.06
1.06 95.01 20.13 1.57
2.99 94.71 19.22 1.88
4.9 94.77 21.3 1.69
0 95.11 22.27 1.81
0.06 94.69 23.35 3
99.44 94.71 23.16 2.24
3.24 94.81 21.4 1.46
16.11 94.78 20.48 2.34
7.06 95.4 16.8 1.8
0.04 95.54 16.74 1.87
0 95.29 20.52 2.44
0 95.22 22.12 2.11
0.24 95.08 22.45 2.36
1.85 95.12 21.73 1.33
13.97 95.01 21.5 1.58
0.73 94.56 22.71 1.92
1.2 94.69 23.77 2.55
0 94.94 24.76 1.99
0 95.06 25.4 2.26
0.71 95.1 24.91 1.96
217.59 95.04 17.22 2.98
37.17 95.41 13.81 2.68
0.38 95.45 13.33 1.82
1.26 95.56 16.23 1.81
0 95.48 19.64 2.03
27.77 95.6 18.16 1.51
1.56 95.51 17.36 1.12
0 95.44 18.78 1.13
0 95.37 20.82 1.53
35.66 95.05 19.51 2.16
90.86 95.05 13.64 3.46
0.42 95.19 12.18 2.47
0 95.57 14.16 1.48
0.11 96.04 14.36 1.1
0 96.14 14.06 1.28
0 95.48 14.85 2.21
0 95 16.02 2.46
0.23 94.99 16.07 1.49
0 95.21 17.72 1.63
2.38 95.13 18.57 2.17
0.9 95.15 17.63 1.41
4.05 95.48 16.13 1.38
0.37 95.79 16.02 1.42
21.88 95.66 15.18 1.87
2.68 95.9 15.08 1.3
58.75 95.53 11.17 1.55
61.5 95.49 10.05 6.31
1.1 95.68 11.69 3.45
0 95.7 11.44 1.59
0 95.54 12.83 1.43
0.44 95.34 14.3 2.07
1.07 95.17 13.56 2.82
0 95.31 13.29 2.07
0 95.85 11.23 1.69
0 96.27 12.09 1.15
0 96.12 13.73 1.36
0 95.62 15.94 2.34
28.98 95.19 13.12 3.06
0 95.71 8.79 2.14
0.03 95.33 10.58 2.23
0 95.14 12.94 2.02
0.09 95.52 9.12 3.59
0 95.95 7.14 2.16
0.01 96.07 7.56 1.96
45.31 95.42 9.28 3.38
0 95.47 4.68 3.51
0 95.56 5.76 2.35
0 95.4 8.06 2.08
0 95.8 6.77 1.48
70.14 96.09 2.27 1.09
81.23 95.52 2.48 1.74
0 95.2 6.26 1.79
0 94.94 9.42 2.98
0 95.58 8.83 1.84
0 95.61 11.12 2.27
6.61 95.47 10.87 2.96
0 96.42 3.66 1.57
1.75 96.3 0.5 2.12
0.06 95.9 0.32 2.81
0.04 95.73 0.03 2.15
0 95.71 2.23 1.5
0 95.93 0.92 1.91
13.28 95.94 1.23 1.47
188.52 95.55 0.45 86.26
62.24 95.8 -0.41 3.07
0 95.85 -2.91 1.09
0 95.51 -0.69 1.69
0 95.75 -0.22 1.32
0 96.2 -2.04 1.1
50.76 95.89 -1.86 0.88
132.73 94.55 -2.15 5.09
0.35 95.05 -3.85 3.27
0 95.12 -5.65 4.29
0 95.93 -4.53 2.79
0 96.22 -6.01 1.17
20.88 95.68 -2.63 1.43
0 95.6 -5.11 83.95
0.02 95.3 -4.81 2.78
0.01 95.87 -3.02 2.88
0 95.93 -4.9 1.43
0 95.58 -2.18 2.13
5.55 96.07 -5.24 2.19
0 95.99 -6.4 2.31
0 95.46 -5.09 2.13
0 95.39 -2.9 3.36
0 95.48 -7.31 2.64
0 94.56 -3.66 3.63
0.02 95.3 -6.11 4.01
0.02 95.87 -9.03 2.06
0 96.58 -12.58 2.24
0.13 96.24 -13.63 1.66
0.35 95.13 -4.75 2.91
2.05 95.31 -7.51 3.86
0 95.6 -10.61 1.85
0 95.62 -12.65 3.1
0 95.58 -14.46 2.66
0 95.74 -15.84 2.38
0.01 95.74 -16.63 4.03
0 95.87 -11.35 3.89
0.05 96.49 -13.16 1.42
0.03 96.65 -13.23 1.02
0.09 96.09 -11.5 1.58
0.02 96.1 -8.73 1.29
16.42 96.18 -10.18 1.21
0.79 95.97 -8.81 1.31
0.54 96.34 -11.75 1.19
0 96.68 -12.42 3.68
0 96.78 -14.62 2.27
0.01 96.24 -14.77 0.98
0.17 96.36 -12.13 138.2
5.11 96.33 -10.12 3.35
0.01 96.81 -15.63 2.9
0 96.61 -19.38 2.39
0 95.77 -18.11 4.1
0 96.92 -18.46 2.34
0 96.66 -18.42 1.22
0 96.06 -13.62 1.25
5.73 96.05 -14.34 0.97
17.19 96.08 -12.45 3.83
0 95.71 -15.16 3.29
0.03 95.18 -15.22 1.86
0 95.61 -17.47 3.81
0 96.73 -18.23 4.26
0 97.31 -15.89 2.25
0 96.36 -16.35 1.39
0 96.19 -14.45 1.55
0 96.09 -15.41 1.33
0 95.99 -15.13 1.53
0.03 96.41 -16.72 1.85
0 96.22 -15.33 1.9
0 96.08 -15.16 1.24
0.77 95.73 -13.35 0.88
0 95.8 -12.31 1.6
0 95.81 -13.35 0.94
0 96.26 -10.6 1.97
2.1 96 -13.35 1.64
0 96.7 -14.26 2.55
0 96.95 -11.93 1.82
0 95.97 -7.71 2.21
0 96.48 -9.83 1.23
11.39 96.51 -9.64 0.99
0.65 96.53 -9.22 1.76
0 96.3 -13.1 1.18
0.02 95.17 -8.07 2.56
0.04 95.75 -13.65 4.12
0 95.82 -15.23 1.55
0.18 96.15 -14.68 1.22
0.05 96.06 -11.71 1.81
0 95.62 -6.78 1.26
0 95.89 -7.32 1.2
0.04 95.82 -5.81 1.46
1.51 95.75 -5.99 1.62
0.99 96.32 -7.93 4.05
0 96.45 -10.61 2.33
1.85 95.46 -9.07 2.62
0 96.2 -9.46 2.83
0.01 95.76 -8.08 1.89
1.74 96.06 -14.98 3.99
0 96.89 -17.77 4.77
0 96.78 -16.33 1.47
0.51 95.9 -12.04 2.09
0 96.51 -13.01 2.16
0.08 96.55 -12.44 1.76
0 95.82 -7.31 89.34
0 95.6 -5.03 2.77
0 96.24 -9.22 2.36
0 96.19 -10.26 1.49
0 95.48 -6.67 2.26
0.03 95.44 -5.15 4.01
0 96.17 -10.92 3.51
0 96.33 -12.49 2.22
0.02 96.27 -11.72 1.82
0 96.13 -8.25 3.03
0 96.34 -7.2 2.71
0 96.28 -4.82 1.62
0 96.43 -6.65 1.69
6.27 96.25 -7.15 1.85
0.36 95.38 -0.78 2.73
0 95.3 0.59 2.62
0.21 94.77 -2.39 5.77
0 96.55 -7.88 5.6
0 96.6 -5.65 1.71
0 95.52 -0.69 2.97
0 95.83 1.59 2.54
0 95.22 5.35 3.03
0 95.16 3.56 1.71
0 94.58 4.33 2.13
0 94.48 0.21 2.35
0 94.58 -2.67 5.32
0 96.05 -1.52 2
0 95.3 4.36 3.68
21.78 95.24 0.1 3.65
0 96.43 -5.89 4.11
0 95.93 0.37 3.05
0 95.47 5.33 2.75
0 95.87 5.3 2.96
0 94.44 7.65 3.53
0.84 94.55 -2.3 3.81
28.54 95.32 -7.06 2.84
0.28 95.73 -6.92 2.78
0 94.47 1.15 5.71
0 95.47 -2.85 2.78
26.14 95.15 -5.1 3.48
0 95.85 -4.86 3.09
0 95.7 -1.87 1.71
0 94.72 4.33 4.02
1.82 94.91 1.61 3.79
0 95.76 -0.83 3.47
0 95.98 -1.74 2.35
0.46 95.86 -0.04 1.76
11.25 95.58 1.28 2.12
112.08 95.69 0.51 2.61
0 95.18 4.09 2.87
0 95.25 5.68 2.82
17.47 95.42 -0.1 2.26
57.01 95.67 -0.79 3.2
0 95.44 -0.11 2.7
0.3 94.6 1.79 2.8
17.25 94.6 0.86 3.31
3.85 95.53 0.47 3.83
0.82 95.39 1.55 3.63
0 95.43 2.59 3.59
0 94.96 8.08 2.87
0.23 94.49 6.93 4.42
0 94.75 3.06 5.15
0 94.49 4.59 2.31
7.16 94.76 4.11 3.17
54.24 95.09 1.46 954.07
4.6 96.05 1.13 4.81
0 96.08 2.57 2.12
0 95.74 5.41 2.73
0 95.41 8.66 2.1
0.23 94.85 12.5 4.69
76.14 94.9 7.36 2.25
0.89 94.83 7.95 3.1
0.04 94.91 8.98 4.82
0 94.97 10.39 1.77
0 94.93 13.89 2.16
4.96 94.72 12.53 3.78
0.22 94.9 12.11 6.21
0.5 95.39 11.28 5.59
0.63 95.46 11.71 2.07
1.27 95.33 12.41 2.21
3.82 95.52 13.06 1.93
0 95.26 17.36 2.76
0 95.45 20.62 1.71
0 95.37 22.06 2.29
0 95.38 22.09 2.95
0.15 95.13 22.25 4.46
18.87 94.81 14.68 2.19
31.32 93.93 14.91 3.77
0 93.55 17.92 4.61
0 94.13 16.77 2.74
0 94.18 19.03 2.46
0.66 94.78 16.76 4.76
0 95.69 16.55 2.53
0 95.59 17.91 2.27
1.09 94.95 18.91 2.98
0 94.4 19.8 3.35
16.76 93.77 15.97 5.09
0.01 93.77 17.95 4.14
0 94.12 19.29 2.76
0 95.01 20.15 2.3
9.61 94.79 24.19 4.19
1.48 95.37 18.4 2.23
0 94.99 21.28 2.22
1.89 94.73 21.71 3.77
1.6 94.53 19.93 3.98
1.06 94.3 19.71 3.05
0 94.59 19.57 4.29
0 94.42 23.99 3.03
0.03 94.03 25.81 4.69
0 94.73 20.3 2.53
6.76 94.48 18.91 3.36
0.06 94.69 19.36 3.12
11.99 95.29 18.1 2.47
32.03 95.15 18.9 2.37
6.41 94.93 19.55 3.24
3.4 94.75 22.28 2.97
0.79 94.6 22.72 3.89
54.89 94.99 16.9 2.48
2.85 95.21 17.75 1.72
13.22 94.94 16.14 2.03
3.98 94.71 17.85 1.84
0.03 94.75 22.82 3.66
0.17 94.74 24.43 3.93
3.25 94.64 24.77 2.78
152.11 94.62 19.4 2.45
7.14 94.33 21.5 1.62
42.55 94.03 20.83 1.83
0.28 94.37 23.64 1.95
0 94.89 23.91 2.28
0.06 95.05 24.32 1.88
1.45 94.8 22.95 1.48
9.3 94.47 22.42 1.85
55.18 94.33 21.61 2.47
68.29 94.09 21.2 2.41
158.53 93.79 20.3 1.81
58.17 93.93 22.28 2.41
79.38 94.36 21.22 1.95
142.48 94.4 22.41 2.84
29.67 94.35 23.32 3.44
63.15 94.11 23.18 2.29
176.76 93.66 22.64 2.68
0.06 93.64 24.66 3.33
2.31 93.64 24.72 2.55
1.38 94 24.8 2.15
1.21 94.21 25.1 2.44
7.9 94.04 25.64 3.7
48.83 94.33 24.16 2.03
75.29 94.54 22.14 1.52
1.48 94.74 22.86 1.35
0.59 94.73 22.93 1.23
15.38 94.7 23.33 2.02
36.76 94.88 22.82 1.99
0.21 94.86 24.47 1.69
207.76 94.17 22.05 2.08
113.57 94 22.92 3.06
0 94.58 23.89 2.38
0.21 94.46 22.98 2.49
107.41 94.39 21.34 2.29
3.5 94.6 22.12 1.74
0.28 94.6 24.07 1.61
22.21 94.47 23.9 2.08
16.18 94.04 23.95 1.84
1.11 94.1 24.25 3.05
0.01 94.42 24.62 1.87
0.03 94.44 25.26 1.66
47.57 94.23 23.05 1.57
9.7 94.15 25.38 2.21
0.39 94.1 25.4 1.5
1.42 93.91 26.36 1.71
9.72 94.03 25.91 1.96
15.92 94.3 25.7 2.78
0.33 94.54 25.91 2.59
1.24 94.34 25.88 2.58
17.34 93.98 26.57 2.62
21.88 93.83 25.5 1.81
20.75 93.99 26.13 2.36
16.77 94.26 26.44 2.19
10.02 94.04 26.77 2.08
18.36 94.23 24.56 1.71
1.45 94.64 25.83 1.44
4.99 94.72 27.09 2.64
37.21 94.43 25.13 2.73
4.25 94.44 25.73 2.78
42.16 94.38 26.51 2.24
4.87 94.44 25.93 1.79
245.7 93.91 24.45 1.5
0.07 101.78 25.72 2.48
0 94.93 22.54 2.62
0 95.19 21.88 1.85
2.92 95.16 21.25 1.14
2.14 94.74 24 2.27
0.3 94.89 23.03 2.02
0 95.09 22.72 1.61
0.05 95.08 22.97 1.53
14.15 94.81 22.17 1.73
14.39 94.91 19.63 2.03
11.59 94.84 19.4 1.52
229.33 94.24 18.44 1.29
33.34 94.46 15.4 3.05
0.12 95.13 16.08 2.42
32.34 95.2 16.9 2.02
1.62 95.46 15.83 1.67
6.68 95.62 16.09 1.51
0 95.7 16.21 1.36
6.34 95.58 17.04 1.56
151.34 95.55 14.55 1.52
36.83 95.61 14.67 1.16
6.18 95.66 16.37 1.26
1.72 95.6 18.01 1.45
10.98 95.13 18.78 1.98
0.14 95.22 17.48 1.53
0 95.27 17.76 2.53
1.65 95.05 20.51 2.93
29.77 94.39 20.14 3.27
0.24 94.74 19.68 3.33
0 95.38 14.03 1.8
0.87 95.05 16.45 1.67
6.02 95.62 16.46 1.39
10.25 96.06 15.48 0.88
6.73 95.11 19.71 3.08
0 95.52 18.3 1.53
0.05 95.52 18.93 1.27
2.31 95.38 18.6 2.66
45.03 95.74 13.16 2.95
0 96 9.11 2.28
0 95.83 11.02 2.23
0 95.48 12.29 2.13
0 94.8 17.83 3.38
0 94.89 16.41 2.7
0 95.81 13.09 1.3
0.88 95.72 14.04 1.79
134.51 95.73 11.25 2.18
0.02 95.85 10.82 2.78
0 95.66 9.56 1.75
0 94.97 17.3 3.56
0 96.01 13.64 1.25
0.01 95.98 15.18 2.43
0.03 96.25 12.49 2.36
0.25 95.76 11.35 1.79
0 94.76 15.75 2.77
9.97 94.81 13.86 4
0 95.28 10.84 3.13
0 95.77 11.7 1.58
30.99 95.78 11.14 2.65
3.88 96.64 4.37 4.4
0 96.68 3.08 1.28
0 96.26 6.93 1.43
0 96.29 7.2 1.36
0 96.05 11.2 2.82
42.05 96.24 9.5 1.43
2.27 96.27 7.52 1.88
0 96.14 6.37 1.19
35.77 96.01 5.69 2.1
42.84 95.93 2.17 2.09
0.01 96.12 4.3 3.82
0.01 96.39 6.19 2.85
0 95.94 5.09 1.3
0 95.39 7.3 1.91
5.75 95.93 6.11 1.77
1.43 96.48 4.43 2.41
0 96.41 3.89 1.5
0 96.51 4.57 0.91
0 96.27 4.9 1.4
0.42 95.72 8.46 2.09
2.59 96.02 7.73 3.11
0 96.38 5.96 1.73
0.02 95.64 6.61 2.51
0.16 95.22 6.43 3.75
0.01 95.62 3.51 2.76
0 95.7 2.44 2.07
0.12 96.23 2.49 3.47
0 96.22 -1.12 3.92
0 96.29 1.14 2.28
0 96.16 1.77 1.76
0 95.55 2.34 2.47
0 95.31 3.07 2.98
0 95.28 3.21 2.04
0.18 95.43 2.27 3.24
0.01 95.82 -2.65 4.11
0.03 96.01 -3.11 5.98
0 95.93 -3.41 3.64
0 95.99 -2.17 2.59
0 96.17 -2.78 1.23
0 95.91 1.15 1.82
0 95.62 1.18 1.72
0.03 95.29 -0.2 2.26
0 95.14 -3.59 4.32
0 95.28 -6.48 3.57
0 95.52 -9.46 6.17
0 95.71 -5.38 3.71
0 95.31 0.7 3.13
0 95.95 -2.22 2.5
3829.95 95.7 -0.92 2.62
3829.95 95.46 -0.5 1.4
3829.95 95.73 1.98 2.04
3829.95 95.74 1.58 2.47
3829.95 95.97 -0.99 2.81
3829.95 95.55 -1.82 1.1
3829.95 95.65 -4.54 1.35
3829.97 95.62 -3.58 2.21
3829.96 95.82 -5.33 2.99
3830.14 95.3 -7.32 3.19
3830.27 95.32 -8.31 2.04
3829.95 95.45 -11.14 4
3829.95 95.77 -11.21 3.04
3829.95 96.13 -8.6 2.85
3829.95 96.73 -8.35 1.43
3829.95 96.69 -9.85 1.33
3830.41 96.96 -11.67 2.43
3830.14 96.59 -12.73 2.96
3830.2 96.46 -11.61 3.16
3829.96 96.86 -10.71 2.46
3829.95 96.9 -10.11 1.33
3829.95 96.61 -10.18 1.09
3829.95 96.76 -9.05 1.36
3829.95 96.7 -9.39 1.08
3829.99 96.12 -6.7 2.59
3830.07 96.6 -9.78 4.27
3829.95 96.29 -10.72 1.79
3829.95 95.81 -10.67 2.63
3829.95 95.08 -5.7 3.51
3829.95 94.88 -4.95 3.16
3829.95 94.49 -2.84 4.09
3829.95 94.89 -3.83 2.82
3829.95 95.17 -3.22 3.21
3829.95 95.77 -5.29 2.37
3831.81 95.71 -8 1.73
3834.34 95.95 -8.6 1.77
3829.98 95.65 -6.71 2.97
3829.95 96.17 -6.63 2.61
3829.95 96.64 -13.9 2.98
3829.95 96.24 -14.25 2.4
3829.95 96.24 -11.87 2.29
3829.95 96.33 -10.09 2.31
3829.95 96.86 -12.33 2.12
3829.95 96.58 -13.34 1.69
3829.95 96.59 -11.42 1.85
3829.95 96.38 -7.96 1.83
3838.29 96.45 -10.3 1.61
3829.95 96.39 -10.83 1.6
3829.95 96.63 -8.36 2.02
3830.5 95.66 -7.09 3.77
3829.96 96.13 -9.95 4.4
3829.95 96.33 -9.76 2.49
3829.95 95.65 -6.31 1.86
3829.95 94.83 -1.73 3.19
3829.95 95.4 -3.3 2.2
3829.95 96.33 -8.52 3.33
3829.95 95.9 -7.37 3.84
3829.95 95.29 -3.53 4.35
3829.95 95.93 -7.46 3.61
3829.95 94.56 -0.45 5.47
3829.95 95.32 -6.82 3.09
3829.95 95.45 -6.94 1.78
0.27 95.02 -3.89 2.15
0.08 95.03 -4.41 5
0 95.9 -12.11 4.07
0 96.09 -11.49 2.15
0 96.26 -11.98 1.51
0 96.5 -10.07 1.66
2.6 96.2 -10.53 1.55
10.23 96.24 -12.08 3.09
0 96.85 -13.94 3.4
0 96.67 -14.09 1.59
0 96.1 -11.99 1.54
0 96.74 -12.67 1.56
0 96.69 -12.25 1.92
0.06 95.85 -5.49 2.9
0 95.91 -6.07 1.97
0.12 96.5 -6.6 2.15
0 97.05 -8.87 1.95
0.9 96.61 -9.29 1.6
2.17 96.34 -9.01 1.73
0 96.28 -7.47 1.7
0 96.22 -4.83 2.09
1.01 96.74 -7.17 1.55
0.1 96.56 -4.58 1.22
0 96.09 -1.48 1.57
0 95.93 2.1 2.01
0.52 95.63 4.38 3.99
2.74 96.34 -3.04 4.23
0.04 96.06 -6.38 1.75
0 95.92 -5.02 1.75
0.29 95.87 -5.09 2.19
0.56 95.85 -5.53 1.84
2.15 96.16 -4.6 2.84
0 96.22 -6.32 2.98
0 96.39 -7.42 2.71
0 96.38 -6.06 2.29
0 95.91 -5.08 2.05
0 96.2 -5.07 2.54
0 95.69 -2.57 2.18
0 95.44 1.54 3.99
0 96.11 -1.01 4.16
0 95.72 -1.76 2.02
0 95.22 1.99 3.12
0 94.91 7.22 2.64
0 95.31 4.84 2.43
0 94.8 7.89 4.65
0 95.96 4.21 2.11
0.07 95.87 3.67 4.22
0 96.18 3.95 4.79
0 95.58 6.57 2.82
0 95.63 7.85 3.1
0 95.89 8.08 2.71
0 94.87 13.11 4.82
0 94.88 11.91 2.45
0.02 94.89 11.34 2.65
0 94.95 11.05 3.15
56.36 94.7 11.71 3.08
24.01 95.17 10 2.47
0 95.38 11.14 2.28
0.9 95.5 9.1 2.02
0 94.95 11.97 2.59
0 95.67 8.15 3.84
0 96.07 2.76 4.49
0 95.24 6.53 4.64
0 95.84 5.39 3.92
0 95.21 13.35 3.82
0 95.17 14.3 1.71
0 95.03 14.54 2.42
0 95.25 11.87 4.21
0 95.99 9.5 2.05
0.9 95.6 10.83 2
0.42 95.31 11.91 2.06
0 95.43 13.69 1.76
0 95.32 17.88 3.41
0 95.92 13.21 3.14
0 95.23 13.51 2.4
11.14 95.23 8.17 2.73
0.03 95.91 8.46 2.81
25.54 95.72 7.81 2.62
0.06 95.28 9.53 386.01
0 95.37 11.75 3.7
0 95.06 14.33 2.83
0.84 94.73 16.83 3.73
4.72 94.98 18.11 4.23
0.29 95.46 16.79 4.1
28.88 95.72 11.8 3.46
0 96 12.57 2.44
0 95.84 13.73 2.11
0 95.22 15.3 1.58
0 94.66 19.07 2.1
3.75 94.61 18.4 4.51
152.04 95.26 7.18 4.85
7.11 94.86 8.65 4.78
14.88 95.06 5.36 5.41
0.09 95.3 7.88 4.3
0.17 94.73 11.93 2.54
65.63 94.74 8.16 3.93
1.12 95.29 11.9 1.97
73.51 95.59 10.48 2.47
3.42 95.48 12.34 2.26
233.79 94.6 9.18 2.55
77.2 93.71 14.8 3.79
0 93.89 17.5 3.91
0.08 94.25 14.38 3.59
0 94.02 14.18 3.25
0.05 94.81 16.74 2.96
2.29 95.17 16.6 2.12
2.5 94.79 18.82 2.92
79.84 94.46 16.42 2.45
4.94 94.49 17.3 2.79
0.02 94.61 19.12 2.45
0 94.62 21.72 2.49
0.35 94.91 25.07 3.82
44.49 94.79 17.49 2.95
0.61 94.3 17.09 5.44
0 93.78 21.23 4.15
16.75 93.57 18.81 2.82
0.58 94.01 22.37 2.64
0 94.1 24.13 55.68
0.12 94.69 25.17 2.66
0 94.62 28.07 3.92
4.45 94.84 23.94 2.93
0.65 94.98 22.13 2.73
0 94.87 22.64 2.25
0.98 94.66 22.64 1.97
19.4 94.51 23.66 2.42
301.38 94.67 16.34 2.49
148.89 94.51 13.6 3.3
32.29 94.21 16.12 2.91
44.35 94.53 15.97 2.23
46 94.94 15.61 1.8
16.92 95 18.47 2.09
17.29 94.8 20.23 2.57
12.63 94.83 21.17 2.27
0.03 94.7 22.02 2.14
3.86 94.51 23.38 1.76
119.34 94.33 20.59 2.04
90.61 94.21 19.91 2.17
107.14 94.33 18.96 2.35
4.41 94.61 19.53 1.83
34.12 94.75 19.65 2
5.15 94.87 19.49 1.61
134.5 94.94 18.93 2.39
1.23 94.8 21.8 1.86
0.12 94.41 23.79 2.32
17.53 94.22 23 3.23
23.12 94.28 22.1 3.72
0.55 94.71 22.18 3.86
0.89 94.64 23.03 3.01
0 94.72 24.47 1.77
0 94.68 25.02 1.72
15.57 94.63 23.65 2.65
94.76 94.33 20.84 2.52
26.07 94.06 23.38 2.42
0.12 94.54 25.1 2.24
0.7 94.61 25.73 3.2
2.18 94.48 25.81 2.24
3.71 94.26 25.17 3.04
15 94.18 23.66 3.78
0 94.38 23.78 2.9
0 94.11 24.19 3.54
5.91 94.19 22.69 3.07
5.79 94.39 22.03 2.82
0.53 94.31 23.07 2.51
2.7 94.39 24.02 1.92
22.75 94.35 23.6 2.48
119.78 94.44 21.72 55.68
9.02 94.67 22.52 55.1
0.37 94.74 26.13 1.75
1.25 94.82 28.59 2.45
2.82 94.44 29.26 4.31
82.19 94.31 24.38 2.54
0.22 94.62 22.48 1.65
0 94.34 24.91 2.61
0.09 94.71 23.01 1.82
0 94.76 23.01 1.71
0.01 94.95 23.35 1.83
3.84 94.82 25.45 2.27
8.06 94.34 27.23 3.26
8.84 94.37 25.73 3.64
13.64 94.53 24.35 2.04
0 94.61 26.3 2.63
0 94.58 27.29 2.73
3.36 94.45 26.46 2.53
14.41 94.42 25.69 1.99
82.9 94.67 20.37 2.5
2.73 94.63 22.08 2.05
0 94.91 22.29 2.6
0 95.03 21.81 1.6
0.01 94.89 22.69 2.05
46.46 94.63 21.74 2.33
28.72 94.37 21.53 1.98
3.01 94.54 22.56 3.41
0.29 94.75 21.27 2.12
18.93 94.79 19.18 2.01
18.03 94.7 19.04 1.72
11.42 94.75 20.16 2.18
7.36 94.86 20.39 1.68
2.14 94.99 21.44 2
7.42 95.19 21.4 1.58
0.58 95.12 22.62 1.67
0.56 94.79 24.45 2.38
4.81 94.8 24.35 1.9
46.21 94.73 23.32 2.13
49.23 94.58 22.72 1.87
133.56 94.83 19.66 2.21
2.24 95.12 20.05 2.45
0 95.23 20.93 1.85
0 95.33 22.49 1.83
5.7 95.46 20.99 1.81
3.35 95.49 21 1.6
0.72 95.46 21.11 2.19
11.5 95.28 20.19 1.76
11.47 95.26 19.77 1.95
272.75 95.21 16.08 2.33
1.17 94.83 17.63 1.74
0 94.51 20.06 2.42
0 95.06 18.67 1.51
0 95.06 20.36 1.57
3.52 94.65 20.88 2.97
0.04 94.93 18.35 2.78
0 95.12 15.66 1.41
0.01 95.38 17.23 1.68
0.09 95.38 18.42 1.87
23.1 95.44 17.03 1.36
0.33 95.24 18.86 2.56
0.1 95.54 16.19 3.09
0 95.65 14.03 2.94
0 95.7 13.49 1.48
0 95.78 15.94 1.32
0 95.74 17.02 2.03
13.01 95.07 17 2.45
39.06 95.03 14.51 2.82
0.04 95.64 14.02 1.59
0.41 95.67 16.21 2.06
75.66 95.85 12.52 1.87
21.71 95.61 12.88 1.68
0 95.52 13.59 1.61
49.82 94.88 14.28 2.54
0.09 95.43 13.56 2.27
1.77 95.34 14.37 2.93
32.54 96.15 6.24 3.88
0.22 96.23 5.53 1.72
47.33 95.38 6.48 1.65
30.17 95.24 7.57 2.28
0 95.56 8.58 1.56
89.23 95.8 7.33 1.46
14.95 96.26 8.11 2.33
0 96.06 9.12 2.07
0 95.64 12.51 1.76
0 95.52 14.38 2.36
0 95.71 16.11 2.3
0 95.98 13.56 1.76
0.64 95.86 14.26 3.01
0.5 96.84 8.65 3.68
0 96.4 4.47 1.76
0 95.47 8.3 2.24
0 94.99 10.11 4.69
0 95.54 9.63 3
0 95.27 12.78 2.41
0 95.38 13.63 2.33
0 95.08 16.6 4.06
0 95.93 7.6 2.91
0 96.31 3.33 1.96
0 95.75 5.7 1.86
0 94.96 11.07 2.98
0 94.69 13.61 2.97
0 94.91 11.49 2
0 96.39 4.34 5.2
0 96.79 2.21 1.63
0 96.22 3.35 1.6
0.05 95.93 7.76 1.75
6.66 96.11 8.13 24.63
3.15 95.85 5.64 1.61
4362.04 95.47 6.81 3.23
4362.09 95.64 3.89 3.92
4362.03 95.43 6.53 2.59
4362.03 95.05 8.05 3.57
4362.04 95.41 6.37 3.22
4362.03 96.69 -0.6 3.21
4362.03 96.66 -1.89 1.66
4362.03 96.24 0.48 1.87
4362.03 96.02 4.18 1.88
4362.03 95.71 3.82 1.66
4362.04 95.36 2.38 3.4
4362.08 95.82 -4.45 5.93
4362.03 95.83 -2.25 2.91
4362.03 96.18 -2.33 1.72
4362.03 96.3 -1.73 1.57
4362.18 96.14 0.28 1.88
4362.03 96.47 -1.9 1.61
4362.03 96.4 -0.84 1.49
4362.03 95.7 1.7 2.99
4362.03 95.12 3.39 3.94
4362.03 95.64 0.6 2.57
4362.03 96.18 -2.06 2.1
4362.09 95.92 1.29 2.76
4362.03 96.34 -2.83 1.88
4362.03 95.42 -2.51 2.19
4362.03 94.95 385.57 4.93
4362.03 96.07 -2.92 2.03
4362.03 95.59 -2.09 1.5
4362.05 95.4 -0.4 2.12
4362.59 95.52 -1.35 5.2
0 96.1 -11.32 6.5
0 95.88 -10.84 3.71
0 95.6 -10.97 5.57
0 95.76 -10.81 4.47
0 95.87 -10.49 3.62
0 96.08 -9.84 2.03
2.07 96.12 -9.53 1.7
0 96.63 -10.72 1.67
0.03 96.49 -7.88 2.58
2.02 95.84 -4.56 4.65
0.07 96.27 -9.06 2.97
0.02 95.87 -10.01 3.87
0 96.03 -11.12 2.47
0 96.08 -9.21 1.82
0.27 96.01 -9.14 3.57
0 96.09 -12.43 3.59
0.01 96.14 -11.01 2.21
0 96.07 -8.1 2.57
0.14 95.77 -6.17 4.24
0 96.1 -10.09 3.64
0 95.75 -9.93 3.48
0 95.53 -3.6 2.45
0 95.57 -3.26 3.02
0 96.41 -5.21 3.77
0 96.66 -5.21 2.71
0 96.42 -7.95 1.41
0 96 -4.57 2.3
0 95.41 -5.29 1.99
0 94.74 -3.96 3.2
0.09 95.47 -6.5 89.45
0.03 96.19 -10.63 5.39
0.11 96.2 -10.98 2.83
0 96.12 -7.11 2.99
0 94.86 -2.28 3.72
0 95.13 -2.96 1.91
0.68 95.47 -2.98 4.73
0 96.02 -7.49 3.19
0 96.39 -9.31 1.58
0 96.28 -9 1.95
0 96.14 -5.73 2.38
0.07 95.7 -4.56 3.16
0 96.74 -7.58 2.36
0 96.88 -9.11 1.77
0 96.42 -5.99 1.82
0 96.6 -8.93 1.74
0.32 96.24 -9.56 1.88
3.66 96.21 -10.02 3.59
0 96.32 -9.13 1.94
2.33 95.2 -5.04 3.35
0.02 95.87 -8.52 1.92
0.04 95.79 -7.97 2.06
1.12 96.31 -7.81 2.28
0 95.77 -8.11 1.86
0 95.24 -3.89 3.2
0 96.14 -6.41 2.09
1.52 95.76 -5.17 1.43
4.2 96.35 -8.57 3.78
0 96.88 -12 2.88
0 96.73 -11.93 1.91
0.08 96.12 -8.34 3.53
0 96.74 -10.27 3.6
0 97.01 -9.33 1.87
0 96.82 -8.14 1.63
0 96.66 -7.76 1.63
0.08 96.53 -5.13 2.41
0.06 96.44 -6.34 3.39
0 96.32 -3.92 2.93
0 95.7 -1.33 3.06
0.03 96.55 -10.48 5.67
0 96.64 -11.62 3.77
0 95.91 -6.17 2.71
0 95.27 -3.46 2.22
0.01 95.3 -5.75 3.39
0 95.5 -6.15 2.4
0 95.12 -5.03 1.85
0 94.93 -0.95 2.34
0.01 95.62 -3.66 1.53
10.6 95.35 -1.09 2.68
0.01 95.96 -1.64 4.52
0 96.62 -3.49 2.59
0 96.1 -3.64 3.01
10.75 95.28 -0.05 3.56
24.22 94.74 -0.5 5.44
0.12 95.15 -5.57 5.66
0 95.46 -6.15 2.01
0 95.1 -6.06 1.93
0.73 95.56 -7.44 3.02
0 95.95 -8.95 3.53
0 96.59 -6.6 2
2.95 95.63 -2.41 4.97
0 95.3 -0.83 3.07
0.03 94.91 -2.96 2.44
0.23 95.57 -6.62 6
0 96.09 -6.21 2.91
0 95.82 -2.96 3.16
0 95.15 1.78 4.53
0 95.49 1.48 2.88
2.34 96.06 -3.19 3.33
0 96.85 -9.4 5.78
0 96.2 -4.5 3.19
0 95.82 -3.89 3.86
0 95.34 -3.18 2.9
0 122.79 381.16 385.48
0 95.44 0.52 3.67
0 95.08 5.61 3.75
0 95.02 5.78 3.25
0 95.77 3.1 2.57
0 95.03 6.76 3.1
0 95.29 6.51 3.68
0 95.41 5.67 2.56
0 95.35 6.3 3.99
0 96.31 2.05 4.12
0 96.5 2.89 2.74
0 96.68 3.72 1.7
0 96.42 7.74 2.89
0 96.2 12.86 4.11
0 95.4 13.58 5.05
0 94.98 12.39 3.69
0 95.12 10.68 3.35
0 94.67 14.07 4.28
5.71 95.66 6.55 3.13
0 95.75 4.99 1.8
204.22 94.24 2.49 2.36
1.22 95.03 4.13 2.33
1.75 94.98 5.07 1.91
0.17 95.49 3.79 4.53
0 96.62 -0.63 4.11
0 96.59 0.24 3.26
0 95.8 4.76 3.01
0.1 95.54 7.76 3.01
0.1 95.76 8.1 2.19
19.52 95.97 6.89 3.51
178.01 96.56 -0.27 4.51
0.49 96.15 3.3 2.08
0 94.55 11.22 2.05
0.51 93.69 14.34 4.46
1.71 94.58 8.62 5.41
0 94.66 11.3 2.33
0.04 94.94 12.83 2.98
0.02 95.41 10.71 3.71
0.01 95.04 11.34 3.12
0.03 94.94 11.36 2.7
0 95.18 14.26 3.92
0 95.38 14.23 5.05
0 95.66 14.21 2.55
0 95.02 20.85 4.17
0 94.64 24.11 4.4
16.4 94.37 20.66 4.36
16.22 95 16.54 2.49
0 95.03 19.21 2.27
0 94.95 20.59 2.85
11.11 94.73 17.1 3.65
20.44 94.8 15.65 2.29
0 95.08 13.17 5.26
0 94.89 13.81 4.47
0 94.35 14.9 5.7
0 94.91 12.36 2.56
0.43 94.81 12.86 5.16
21.51 95.14 7.28 2.17
0 95.51 8.78 1.77
75.59 95.39 8.36 2.53
64.48 94.46 7.45 1.98
14.05 93.2 10.97 3.87
0.36 93.28 19.15 3.57
1.99 94.6 16.09 5.35
0.01 95.2 15.96 4.19
0 94.63 18.62 3.46
17.66 93.8 19.04 4.09
24.65 93.97 14.8 5.2
1.49 94.37 13.37 5.63
0 95.2 18.23 4.15
0 94.84 21.62 3.36
0 94.7 22.4 2.68
1.42 94.63 22.46 2.63
0.06 94.45 24.96 3.33
0.25 94.37 25.7 4
4.03 94.53 23.8 2.66
0.14 94.53 23.01 3.21
5.46 94.18 23.64 3.69
0.58 94.51 20.95 3.57
0 94.6 19.95 2.56
0 93.76 25.01 6.65
6.98 94.27 22.41 3.12
2.13 94.82 19.18 3.89
0 95.03 21.38 3.04
60.01 94.28 18.28 3.51
39.28 93.77 18.76 2.52
50.91 94.27 18.5 2.3
0.26 94.58 19.9 3.49
1.98 94.33 19.7 2.68
4.72 94.34 18.99 2.1
101.32 94.1 16.92 2.58
198.58 93.61 15.65 2.27
71.53 93.7 16.42 1.67
72.44 94.58 17.28 2.29
0.52 94.84 20.55 2
15.67 94.68 22.17 1.99
0.27 94.39 23.15 1.9
164.41 94.41 19.65 2.46
7.44 94.59 18.57 3.52
96.12 95.05 16.56 2.6
0.06 95.14 21.33 2.33
0 94.76 23.56 1.89
4.5 94.49 24.09 2.96
0.26 94.63 23.69 2.57
11.65 94.43 23.77 3.02
13.69 94.15 21.74 2.26
82.3 94.13 20.92 2.11
0.96 94.56 22.02 1.61
4.64 94.61 23.8 2.21
164.42 94.78 17.52 2.05
31.23 94.18 18.11 1.86
30.05 93.74 18.93 3.26
8.32 94.31 16.83 3.22
0.11 94.89 18.53 2.17
53.4 94.86 19.66 2.06
12.78 95 20.39 1.73
0 94.96 22.36 2.08
0.24 94.82 24 2.18
4.66 94.97 24.83 2.16
0.21 95.2 25.93 2.57
4.23 95.04 24.07 2.71
0.74 94.75 25.2 1.89
1.06 94.25 26.32 2.26
0.18 94.06 26.35 3.24
7.25 94.4 26.41 2.47
20.32 94.82 23.97 2.33
30.18 95.02 20.99 2.17
16.79 94.85 21.75 1.63
75.18 94.68 22.63 1.81
69.64 94.81 22.65 2.29
32.9 94.74 23.19 2.37
33.1 94.46 23.92 2.21
61.19 94.45 22.77 2.01
11.26 94.45 22.69 1.47
15.31 94.27 22.77 1.8
7.14 94.08 24.09 2
6.84 94.46 25.03 2.48
18.08 94.56 24.69 1.93
35.27 94.32 24.23 2.31
105.22 94.32 23.39 2.28
266.77 94.7 21.22 2.4
8.78 94.91 22.18 1.61
1.6 94.71 23.36 1.9
31.93 94.22 24.9 3.05
0.11 94.2 23.16 2.2
1.17 94.06 24.9 2.43
2.42 94.23 25.65 3.15
18.27 94.63 24.19 2.19
18.11 95.18 22.55 2.43
39.28 95.22 22.92 1.71
10.6 95.12 23.83 2.18
0 95.16 23.67 1.99
0 94.98 24.07 1.57
0 94.82 24.33 1.51
0 94.5 25.47 1.82
1.65 94.29 25.52 2.29
0.04 94.58 23.78 2.37
0 94.64 23.5 1.71
1 121.78 403.75 384.89
48.7 122.1 404.18 385.07
82.34 95.1 20.19 1.95
23.51 94.81 19.37 2.15
5.47 94.62 20.39 2.38
40.44 94.73 19.94 1.79
8.85 95.06 20.29 1.93
27.51 95.28 19.83 1.94
10.95 95.21 20.21 2.32
53.38 95.08 19.91 2.32
0.04 95.01 20.53 2.4
21.13 94.86 19.6 1.82
5.66 95.02 18.67 1.48
13.72 95.17 18.86 1.57
122.62 95.36 17.87 1.55
113.74 95.4 18.4 2.21
3.09 95.37 20.76 2.22
0.31 95.53 19.54 1.97
11.21 95.37 18.31 1.51
39.92 95.2 17.28 2.24
0.02 95.34 17.14 1.77
0 95.22 19.32 1.45
2.6 95.38 20.62 2.45
22.43 96.07 16 2.16
1.72 95.97 14.82 1.69
55.5 95.42 13.5 1.78
13.59 95.35 14.28 2.73
0 95.27 19.35 2.28
0 95.6 19.64 2.54
0 95.72 19.18 2.74
0 95.56 19.59 2.47
4.08 95.56 19.48 1.53
9.69 95.63 18.65 2.07
0.01 95.71 16.54 1.96
2.89 95.19 16.59 2.3
4.06 94.99 18.84 2.37
43.39 94.83 17.87 3.09
30.53 94.97 14.11 2.11
43.18 94.9 14.65 1.88
12.1 94.89 15.34 3
0 95.15 13.81 2.23
0 95.35 15.78 2.46
0.18 96.19 13.33 1.56
2.53 96.64 11.27 2.04
5.95 95.49 15.33 3.13
49.1 94.77 10.99 5.36
0.06 94.69 13.57 4.56
0 95.69 10.9 1.91
0 96 13.76 2.34
0 95.49 17.62 3.51
0 95.39 17.8 2.06
0 95.16 18.18 3.35
0 95.5 10.25 3.66
0.36 94.84 5.84 3.06
5.27 95 5.63 5.2
5.06 95.32 9.89 4.56
0 95.71 11.86 2.33
0 95.79 12.74 1.82
0 95.53 13.72 1.71
0 95.47 14.13 1.71
0 95.48 15.48 2.55
2.88 95.64 13.49 3.04
0 96.41 5.96 2.69
0 95.29 10.14 2.76
29.78 95.89 5.16 1.81
20.15 96.19 4.9 1.95
1.23 103.3 113.65 54.43
0 102.79 114.11 54.33
0 96.44 6.87 2.43
0 96.36 4.42 1.71
6.49 95.11 7.55 5.27
0 95.19 3.89 3.3
0 95.79 1.69 3.35
0 96.12 0.05 3.85
0 96.56 0.29 2.85
0 96.6 3.04 1.55
0 95.94 5.39 1.74
0 95.76 5.97 1.3
0 95.7 9.02 3.7
0 95.9 10.22 3.23
0.54 97.07 1.25 3.71
48.21 97.14 -3.45 3.01
29.45 96.74 -3.48 3.31
6.99 96.25 -3.13 2.01
0.32 96.28 -2.97 1.39
0 96.43 -3.1 1.32
0 96.59 -1.46 1.45
0.11 96.42 1.08 1.34
0.01 95.7 3.3 2.18
0 95.06 5.89 2.58
0.29 95.95 2.24 2.35
5.78 95.8 -2.75 2.54
0 96.49 -4.97 2.39
6.59 96.38 -6.42 2.27
8.86 96.38 -7.69 2.18
5.75 96.37 -8.76 1.93
5.09 96.86 -9.38 1.68
16.39 97.33 -11.38 2.62
9.95 97.39 -12.63 3.05
0.07 97.28 -14.81 2.02
0.01 96.42 -14.4 2.68
0 96.33 -13.98 2.9
0.06 95.85 -11.78 1.38
0.21 96.3 -9.97 1.5
10.25 96 -5.71 2.31
0 95.89 -7.88 1.58
0.39 95.21 -3.96 2.12
0.13 95 -5.35 4.82
0.37 95.3 -7.32 5.83
0 95.66 -4.6 4
0 96.34 -5.07 2.16
0 96.5 -8.08 1.53
0 96.66 -9.43 0.98
0 96.2 -3.49 2.22
2.65 95.87 0.42 2.68
0.02 96.15 -1.17 3.81
0 96.48 -6.83 1.67
0 96.14 -6.36 1.54
0 96.26 -6.89 1.17
3.74 95.56 -5.06 2.98
0.03 95.63 -6.36 4.42
0.04 96.2 -8.3 5.47
0 96.27 -7.37 2.97
0 96.74 -5.52 1.98
0 96.71 -6.22 1.52
0 95.84 -3.3 2.34
0 96.07 -5.4 1.68
0 96.17 -7.95 1.59
0 96.07 -5.54 2.18
0 96.18 -9.53 2.24
0.01 95.14 -7.53 2.92
0 96.21 -12.8 3.83
0 96.93 -14.57 1.95
0 96.67 -8.36 2.07
0.21 96.24 -6.21 1.56
2.05 96.5 -7.36 1.4
0 96.47 -8.29 2.01
0 95.61 -2.75 2.52
0.01 95.63 -6.21 1.34
3.22 95.83 -8.19 1.98
0 96.27 -10.52 3.58
0 96.09 -11.88 2.65
0 96.38 -9.82 3.35
0 96.21 -9.7 3.11
0 96.02 -10.2 2.93
0 95.78 -9.86 2.4
0 96.54 -11.99 3.17
0 96.78 -12.77 2.76
0 96.24 -12.18 3.32
0.07 95.59 -11.22 3.85
0.1 95.34 -11.25 2.43
0 95.42 -11.76 1.76
18.3 96.07 -15.25 2.53
1.85 96.05 -18.62 2.68
0 95.66 -18.77 4
0 96.29 -18.38 1.73
0 96.8 -18.17 1.45
0.66 96.75 -17.41 1.99
0.61 97.25 -20.57 3.4
0 97.14 -23.51 5.05
0 96.62 -15.19 4.63
0 96.04 -10.28 3.03
0 95.92 -11.47 3.57
0 96 -9.79 3.24
0 96.56 -12.99 1.87
0 97.01 -16.01 1.85
0 96.78 -16.52 2.2
0 96.83 -13.34 3.13
0 96.69 -10.81 2.65
0 96.33 -9.06 2.15
0 96.1 -8.29 2.62
0 96.31 -8.38 3.56
0 96.24 -8.66 3.59
0 96.16 -7.08 2.66
0 95.27 -6.98 2.61
0.01 94.89 -4.13 3.39
0 95.55 -2.81 2.74
0 95.22 1.28 2.95
0.07 95.14 1.17 2.35
2.1 95.42 0.42 3.09
27.37 96.15 -8.08 5.93
0 96.2 -12.18 5.33
0 95.55 -9.16 4
0 95.43 -5.02 4.18
0 95.37 -1.97 3.91
0 95.35 -3.44 3.82
0.12 96.21 -6.88 3.4
0 96.18 -8.91 3.74
0 96.04 -9.71 2.51
0.01 96.16 -7.09 3.19
0 97.05 -10.45 2.43
0 96.66 -8.83 2.57
0 96.6 -8.3 2.99
0.07 95.93 -6.58 3.16
0.02 96.02 -6.95 1.92
0.11 96.31 -7.94 4.12
0.06 96.55 -8.56 3.34
0.03 95.62 -1.19 2.91
0 95.26 1.76 2.29
0 95.24 0.66 2.46
0.16 95.62 -0.64 1.4
35.06 95.41 0.66 3.75
0.03 95.44 -1.11 2.45
4.87 95.7 -4.04 4.24
0 96.45 -7.49 4.41
0 96.55 -7.28 3.59
0.03 96.33 -6.44 3.41
0 95.81 -5.35 2.02
0 95.17 -0.87 4.13
0 95.93 -1.6 2.76
0 95.75 1.38 2.5
0 95.18 4.99 2.9
0 95.03 8.56 3.33
0 94.63 10.28 5.26
0 95.07 7.59 4.29
0 95.98 3.86 1.97
0 96.2 5.54 1.98
0 95.82 8.69 2.9
0 96.19 5.63 4.49
0.01 96.75 2.35 4.98
0 96.76 2.33 3.47
0 96.43 3.22 2.96
0 96.02 7.81 3.13
0 95.44 9.38 2.49
0 94.81 11.27 4.04
0.84 95.29 7.54 3.33
0 95.25 8.79 3.28
0 94.31 15.61 4.87
10.5 94.56 10.73 5.22
0.63 95.65 6.49 4.14
0 95.65 8.17 3.47
0 94.83 10.89 3.63
0.07 95.15 10.31 2.55
1.05 94.51 12.71 5.02
0 94.87 10.2 4.7
0 94.8 12.05 5.79
0 95.12 7.22 3.06
0 95.75 5.12 3.43
0 95.25 6.98 4.6
24.55 94.38 8.66 2.54
0.16 94.1 10.7 5.06
0 95.22 11.39 3.45
0.25 94.72 15.47 5.06
16.43 94.67 10.69 4.05
3.14 94.66 6.54 4.22
6.02 94.97 6.67 2.64
2.94 95.28 8.67 3.6
0.04 94.93 14.03 2.87
0 94.09 15.6 5.96
0 94.63 11.1 5.95
0 95.18 11.18 2.91
0 94.65 14.46 4.77
0.69 95.49 10.68 3.08
27.39 95.71 8.65 2.04
1.41 95.3 12.29 1.82
0 95.44 12.78 2.31
24.63 94.63 13.22 2.84
0.08 94.25 16.87 2.8
21.58 93.96 21.23 4.01
145.16 94.76 11.57 2.47
76.75 93.87 11.38 4.91
0 94.38 16.03 3.25
16.19 94.37 15.43 4.97
0.04 94.66 13.21 6.02
0 95.44 15.79 2.74
0 94.88 18.78 4.34
0.85 95.05 17.21 2.44
0 94.75 17.46 2.25
2.18 93.93 19.99 4.54
166.57 94.66 11.69 4.42
0 95.53 15.16 3.92
25.1 95.17 12.43 4.21
1.42 94.98 13.03 3.49
0 94.47 18.18 3.06
0 94.58 23.55 3.63
0 94.85 24.65 4.49
0 95.08 23.07 4
0 95.25 22.76 3.8
0.03 95.95 19.44 3.73
0.03 95.88 18.4 2.51
35.92 95 15.07 1.78
24.9 93.92 15.87 4.79
10.34 94.2 18.61 3.29
0.24 94.68 18.79 4.52
0 94.6 22.2 4.46
0.06 94.22 24.52 4.38
0 94.6 19.3 4.43
0 94.31 22.4 4.31
13.35 95.11 17.53 2.16
0 95.17 20.25 1.63
0 94.79 23.52 2.66
0.01 94.44 24.72 3.3
0.03 94.61 22.9 2.85
0.12 94.85 23.44 2.3
18.14 95.03 19.73 3.36
5.31 95.07 19.28 1.89
0.06 94.8 21.85 2.41
26.04 94.49 21.2 4.09
97.39 94.25 20.34 4.69
36.07 94.75 18.06 2.41
8.24 94.64 19.59 2.11
3.14 94.3 20.05 2.06
109.67 94.21 15.98 2.24
14.91 94.23 18.49 1.99
2.29 93.84 20.34 2.45
39.76 93.88 20.71 1.94
3.85 94.43 20.91 2.84
0.02 94.53 23.49 2.46
30.42 94.18 25.17 2.99
26.52 94.2 24.05 2.57
33.12 94.23 22.89 2.26
18.86 94.49 21.41 2.96
5.19 94.52 21.36 3.64
0 94.68 24.45 2.99
0 94.64 24.88 2.04
31.21 94.37 23.58 2.64
48.23 94.48 19.69 3.29
99.99 94.33 20.48 2.48
62.09 94.37 20.47 1.88
0 94.53 20.79 1.85
0.26 94.49 22.4 1.64
0 94.6 25.64 2.92
0 94.78 25.02 2.93
1.71 94.99 25.25 1.85
0 95.07 26.59 1.87
0 95 27.21 2.87
0 94.75 26.84 2.66
0 94.52 27.93 1.98
0 94.27 29.01 2.65
5.82 93.95 29.26 3.55
90.54 94.24 22.44 2.09
1.16 94.55 24.59 2.51
0.91 94.91 22.9 2.62
5.61 94.6 20.03 2.03
5.63 94.46 19.7 2.1
3.23 94.73 21.98 1.68
0.22 94.73 23.91 2.19
21.29 94.8 24.03 2.78
182.9 94.92 21.44 2.47
788.13 94.46 21.11 2.69
35.79 94.2 23.47 1.81
7.06 94.07 26.74 2.75
0.28 94.6 26.02 2.21
453.78 94.63 20.75 2.65
3.7 94.49 22.4 1.61
1.95 94.28 24.12 2.43
46.29 94.26 23.77 2.2
23.21 94.64 23.5 1.74
120.81 94.89 23.86 2.03
64.28 95.03 22.25 1.74
27.33 95.12 22.91 1.94
0.3 95.12 24.73 1.56
0 95.06 26.34 1.54
0 95 27.21 1.91
0 94.91 27.07 2.14
267.87 94.64 25.53 2.08
157.47 95.02 23.57 2.36
0 95.12 22.39 1.41
0 94.74 24.06 2.37
0 94.52 27.33 3.51
0.66 94.53 29.11 3.37
11.4 94.62 25.59 2.25
0 94.58 24.82 1.81
0 94.85 24.01 1.9
3.49 94.76 23.29 1.53
73.69 94.61 21.87 1.97
4.77 94.48 22.85 1.41
241.76 94.45 20.42 1.82
16.1 94.87 21.31 2.14
28.47 94.99 21.91 1.68
1.11 95.13 22.91 1.8
1.36 95.22 23.33 1.59
12.58 94.74 21.39 1.71
29.07 94.55 23.38 2.12
155.05 95.29 18.01 3.9
0 95.57 18.1 2.15
3.69 95.24 18.27 2.01
3.18 95.2 18.95 2.05
0 95.37 18.27 2.27
0 94.81 17.89 2.17
20.16 93.74 16.51 4.17
23.73 93.59 15.84 2.73
8.17 94.26 19.15 1.49
25.3 94.79 18.51 1.2
85.79 95.04 17.64 1.51
53.04 94.96 17.45 1.44
22.24 94.83 19.19 1.52
2.06 94.58 19.18 1.61
11.11 94.66 18.17 1.68
39.91 94.97 16.78 1.71
23.1 95.14 16.45 1.75
52.5 95.5 15.55 2.04
14.76 95.75 16.1 1.45
2.26 95.68 17.25 1.33
36.39 95.48 18.73 1.87
0.04 95.36 19.67 1.62
3.21 95.45 18.54 1.98
1.7 95.87 16.21 2.11
21.25 96.02 13.98 2.31
0.1 96.04 14.04 2.38
0 95.9 14.34 1.51
0.75 95.68 15.03 2.15
4.29 95.32 16.76 2.24
3.18 95.02 18.36 2.08
1.33 94.75 20.43 3.66
0.05 95.44 17.28 2.07
8.39 95.23 17.19 2.11
2.77 95.96 11.97 4.48
0 96.39 8.43 2.31
0.04 95.6 10.04 2.34
0.06 95.24 15.92 2.15
7.5 95.09 19.05 3.65
2.95 95.14 15.84 2.11
0.71 95.14 15.27 3.37
96.61 95.72 7.46 2.31
13.97 95.79 6.34 2.09
0.46 96.35 8.42 1.58
56.59 95.48 10.54 2.75
0.87 95.68 6.28 4.62
0 95.93 4.9 1.77
0.98 95.53 6.14 1.9
0 96.06 5.84 58.74
0.29 96.04 7.42 1.53
0 95.63 11.74 1.47
0 95.7 13.12 1.61
0.14 95.86 15.35 2.92
5.98 95.34 14.36 4.05
0 95.83 9.82 2.13
0 95.58 12.06 1.97
0 95.45 12.63 2.41
1.35 96.36 4.56 2.78
36.82 95.74 5.28 1.81
42.97 96.41 2.13 2.77
0 96.04 2.64 1.49
0 95.4 3.9 1.57
0 95.01 8.56 3.4
0 96.21 3.17 2.18
21.68 96.23 2.9 1.4
11.16 96.42 2.34 2.95
0.19 96.51 0.49 2.55
5.36 96.21 -0.35 3.31
0 97.02 -4.76 3.07
0 96.64 -2.75 2.63
0 95.93 1.06 3.23
0 95.39 2.02 1.88
0 94.5 3.59 1.55
0 95.53 1.68 2.85
0.16 96.35 -1.15 1.98
6.5 96.57 -1.66 3.35
0 96.94 -3.82 1.88
0 96.32 -2.21 2.18
1.93 94.86 2.66 3.53
3.26 95.1 -1.42 1.83
0.34 95.63 -1.05 1.61
0 95.09 4.29 3.72
0 95.76 1.5 5.09
0 96.04 -3.18 2.1
0 95.79 -0.05 2.36
0 95.7 -0.65 2.62
0.31 95.18 0.51 2.56
2.67 95.67 -4.47 2.35
22.27 96.23 -7.32 1.78
47.55 96.56 -9.18 2.77
0 96.92 -11.17 3.07
0 96.61 -10.43 2.92
0 96.12 -7.96 2.68
0 95.77 -5.43 2.16
0 95.31 -2.3 3.49
0 96.12 -6.02 3.17
0 96.54 -4.15 1.9
0.06 96.83 -4.9 1.94
3.87 95.67 -0.77 3.74
0 96.42 -3.16 3.77
0 96.13 0.69 2.75
0 95.39 3.24 3.39
0 95.52 -0.99 2.76
0.33 96.13 -5.51 3.46
0 95.6 -5.57 3
0 95.82 -6.59 2.27
2.94 95.22 -3.92 3.6
0 96.17 -7.41 2.22
0 96.32 -8.02 1.5
0 95.71 -5.42 2.85
6.99 96.05 -3.63 2.55
0 96.66 -8.67 3.62
0 96.59 -10.03 2.29
0.01 96.58 -9.08 3.24
0 95.78 -4.41 2.58
0 95.75 -4.5 1.29
0 95.91 -4.1 1.16
0 95.97 -3.63 1.31
0.03 96.3 -3.25 1.33
0.08 96.36 -5.19 2.62
4.88 96 -9.46 3.76
0 96.4 -10.29 2.59
0 96.3 -10.56 1.36
0.03 96.1 -5.53 3.38
1.35 96.77 -9.43 3.84
0 96.65 -11.38 2.18
0 96.33 -9.5 4.08
0 96.56 -8.91 3.08
0 96.07 -7.81 1.73
0 95.95 -6.93 1.53
0 95.74 -2.88 3.26
0 95.91 -4.65 2.33
0 95.58 -2.36 2.72
0 96.2 -5.65 1.52
0 96.51 -7.26 1.43
0 96.03 -3.92 1.42
7.95 96.07 -3.88 1.59
10.29 95.64 -4.61 2.24
0.01 95.81 -7.71 3.37
0 96.05 -10.47 3.67
0 95.81 -10.5 2.74
0.01 95.55 -11.56 2.78
0 95.68 -10.35 4.66
0 96.63 -11.72 2.15
0.08 96.61 -13.51 1.38
0.02 96.52 -12.98 1.41
0.17 96.31 -10.97 2.02
0 96.63 -11.48 1.74
13.09 96.31 -12.56 2.68
0 96.37 -13.33 2.27
0 95.99 -12.38 4.48
0 96.68 -13.78 2.7
0 96.81 -13.99 1.78
0 96.92 -12.62 1.33
0 96.3 -7.87 1.91
0.04 95.55 -3.66 5.06
0 96.1 -6.61 3.53
0 95.56 -7.85 2.59
0.3 96.38 -11.22 4.12
0 96.7 -9.87 3.44
0 96.12 -7.74 3.18
0 96.85 -7.9 3.59
0 96.25 -4.99 2.3
0 95.69 -4.04 1.75
0.32 95.34 -1.06 2.48
0 95.7 -5.45 3.56
0.01 96.64 -6.56 2.63
0.01 96.59 -7.6 1.14
0.02 96.37 -8.42 5.6
0.01 95.91 -9.5 5.97
0 96.1 -9.19 4.92
0 96.21 -7.04 3.03
0 96.19 -6.61 1.69
0 96.68 -5.11 1.77
0 96.53 -3.75 2.16
0 95.35 2.48 3.46
2.49 95.7 -3.11 4.53
0 96.3 -6.74 3.25
0 95.71 -5.53 2.58
0 94.63 -2.9 4.87
0 96.41 -7.09 4.46
9.26 96.2 -6.17 2.85
13.08 95.56 -3.81 4.37
0 96.07 -4.55 3.66
0 95.78 -2.03 3.57
0 95.74 -0.7 3.14
0 95.95 -0.94 1.64
0 95.6 1.72 3.02
0 95.56 0.86 2.96
0.58 95.96 -4.4 3.72
0 95.17 -0.71 2.66
0 95.26 -0.18 1.71
0.04 95.47 -3.4 2.37
0.15 95.88 -4.95 3.67
0.03 95.64 -7.2 4.04
0 95.63 -4.92 4.78
0 95.15 -0.24 3.98
0 94.97 0.9 3.12
0 95.19 3.17 1.97
0 95.45 4.7 3.18
0 96.26 -0.09 4.65
0 96.29 1.12 2.85
0 96.25 1.59 2.21
0 95.97 2.96 1.67
0 95.61 3.37 1.78
1.54 95.5 4.17 1.99
0 96.03 5.45 2.08
0.09 96.14 4.82 2.09
0.59 96.18 2.16 3.43
0 96 1.93 2.28
0 95.77 3.03 2.13
0.55 96.16 2.02 1.57
4.46 95.84 1.39 1.5
1.62 95.67 3.03 2.56
0.39 95.59 2.18 2.22
0 95.78 3.15 2.58
0 95.56 5.7 2.57
0 95.49 9.26 3.64
0.06 96.31 4.38 2.72
0 96.1 4.6 2.11
0 95.5 5.79 1.76
0 95.52 9.35 2.12
0 95.42 12.74 3.29
0 95.11 16.69 4.06
0.38 94.86 14.32 3.68
2.43 94.93 10.89 3.66
1.16 95.01 9.95 2.73
0 95.76 8.94 3.7
0 95.74 9.05 2.06
0 94.74 13.31 3.73
0 95.31 8.18 4.13
0 95.23 7.13 2.47
0 94.57 12.76 4.5
0 94.17 15.35 3.08
0 94.6 16.66 3.35
0.17 94.96 14.43 3.18
1.43 93.86 14.68 4.75
0.29 94.03 8.3 6.04
3.58 94.43 8.12 3.18
3.27 94.79 9.68 3.41
0 95.21 10.41 2.34
0.01 94.54 13.63 5.06
0 94.8 10.14 3.02
0 95.11 9.48 3.31
0.01 95.76 9.13 3.64
0 95.79 10.81 4.76
0 94.96 15.33 4.45
0 94.42 17.41 3.3
0 94.08 20.9 4.44
0 94.97 16.91 2.49
0 95.32 17.98 2.53
0 95.26 21.49 4.21
1.52 95.18 19.18 5.75
13.33 95.13 15.12 3.43
15.97 94.83 10.24 5.99
0 95.06 10.95 6.29
0 94.93 18.35 4.02
0 94.64 20.64 2.62
0 94.37 20.86 4.53
0.33 94.39 19.24 3.25
0.03 94.53 15.54 5.22
0 94.39 13.46 4.57
2.08 94.61 12.6 4.51
0.22 95.33 14.16 4.82
0 95.3 16.78 2.41
0 94.51 20.14 1.82
0 94.33 23.82 2.34
0 94.31 28.77 4.03
1.3 94.7 26.76 3.43
0.9 94.99 23.64 3
5.38 95.33 15.67 3.68
197.63 95.43 9.95 2.31
0.03 95.2 16.54 2.2
0.01 94.78 19.58 2.15
0.08 95.31 15.46 3.18
0 94.86 18.97 2.49
0 94.48 21.48 3.05
0 94.75 22.1 3.89
19.76 95.05 17.44 2.8
0.55 94.53 20.18 3.07
15.05 94.07 20.16 2.98
0 94.56 17.42 3.42
107.7 94.88 11.65 1.99
0 94.98 16.05 2.45
0 94.98 20.11 2.41
0 95.12 21.79 2.27
23.01 94.82 15.88 2.55
1.14 94.55 18.78 2.73
0.3 94.44 22.06 3.77
0 94.54 21.06 3.57
0 94.9 19.09 1.95
6.35 95.06 18.36 1.88
22.31 95.35 18.61 1.79
0 95.35 20.95 2.11
0 94.91 27.13 2.47
0.12 94.64 27.88 1.82
2.45 94.49 26.79 2.73
8.72 94.39 24.55 2.52
39.62 94.4 21.48 2.88
98.74 94.31 19.62 1.88
8.2 94.36 20.24 2.49
0.39 94.54 21.51 2.27
57.95 94.91 19.01 1.57
94.84 94.8 17.55 1.66
5.28 94.53 19.47 1.48
4.28 94.5 22 1.52
0 94.67 24.2 1.72
20.81 94.55 25.27 2.89
14.87 94.56 26.36 3.16
0.08 94.45 27.34 3.31
7.39 94.34 27.17 2.66
18.5 94.22 27.38 2.47
40.99 94.42 24.83 2.34
0.41 94.53 25.56 2.11
16.57 94.68 24.42 1.87
57.96 94.84 23.05 1.55
57.98 94.61 24.11 2.72
634.08 93.79 22.87 2.52
23.16 93.73 24.85 2.94
52.02 93.92 24.39 2.66
0.48 93.87 24.23 1.81
0 94.14 25.7 2.3
0.53 94.22 28.44 2.63
54.09 94.01 27.92 3.36
15.41 94.43 25.67 2.05
13.82 94.76 26.31 1.85
0 94.89 27.17 1.9
0 94.81 28.52 2.1
0.01 94.53 28.73 3.02
37.35 94.32 26.52 2.79
48.28 94.32 22.54 2.51
49.77 95.05 21.41 2.16
18.66 95.03 21.53 1.65
2.3 94.56 23.8 1.23
1.79 94.69 23.84 1.63
0.37 94.91 24.06 1.93
26.08 94.55 22.45 2.64
1.28 94.77 23.08 2.46
0 95.28 23.1 1.7
0 94.84 23.51 1.65
54.72 94.44 23.84 2.64
0.06 94.6 25.3 1.93
0.67 94.67 26.34 2.54
31.52 94.42 25.29 2.1
772.13 93.86 23.24 2.17
12.27 94.26 24.52 1.47
87.67 94.3 24.44 2.25
41.33 94.14 22.66 1.9
3 94.19 23.86 2.14
23.17 94.07 22.71 1.53
37.79 93.89 20.88 1.57
9.48 93.98 23.22 1.48
10.22 94.38 23.9 2.48
43.27 94.75 22.94 2.03
0.32 94.9 23.64 1.75
25.02 94.84 22.22 1.69
25.06 94.75 21.64 1.6
260.87 94.82 19.71 2.14
75.49 94.97 20.7 1.88
43.6 95.12 21.48 1.7
20.3 95.15 21.94 1.74
7.37 94.77 22.44 1.87
0.9 94.51 25.43 1.91
36.83 94.97 22.77 2.13
262.6 94.87 19.29 2.01
0.04 94.86 20.24 3.51
0 94.94 18.36 3.49
0 95.27 19.37 2.13
15.23 94.99 17.08 2.82
5.79 95.44 16.07 2.79
0 95.57 14.54 2.12
0 95.29 16.84 2.1
0.53 95.29 17.13 1.62
3.08 95.12 19.69 1.79
11.21 95.16 19.32 1.93
5.79 95.05 19.99 2.65
2.5 94.89 21.14 2.86
0.04 94.77 20.37 3.5
0 94.7 19.2 1.73
0 94.48 21.38 2.2
0.91 95.04 18.45 2.63
8.8 95.09 18.15 2.07
67.88 94.96 16.87 1.73
0.04 95.2 16.49 2.11
0 95.6 15.33 1.84
0 95.85 16.11 1.66
2.64 95.8 18.03 2.24
6.23 95.61 18.75 2.05
0.93 95.18 19.09 2.56
0.02 95.01 17.19 2.28
0 94.44 19.24 2.27
0.2 94.9 15.65 2.98
0 95.28 15.36 1.7
0.71 94.61 19.46 3.15
24.09 94.65 17.07 3.58
0 94.82 18.17 3.92
0.1 95.13 18.03 2.53
14.25 95.1 16.34 2.54
25.65 95.4 13.14 2.06
0.08 95.36 10.06 2.28
0 95.25 9.08 3.37
0 95.08 10.04 2.41
0 95.19 13.57 2.72
0.08 95.37 15.23 3.85
0 96.14 9.11 2.49
0 96.48 7.64 1.97
0 96.23 9.66 2.51
0 95.53 14.28 3.56
0 95.31 15.36 3.23
0 95.64 13.95 1.94
17.51 95.94 12.19 1.54
111.56 96.57 8.76 3.18
23.39 96.59 5.23 2.75
1.09 96.37 4.95 2.9
1.21 96 4.65 2.17
0 95.87 6.3 2.96
0.01 96.47 4.68 1.27
26.23 96.51 6.56 1.85
0.09 96.85 5.19 1.71
0 96.64 5.65 1.72
2.99 95.97 8.49 1.63
0.05 95.78 8.87 1.36
0 95.46 11.5 2.53
0.01 96.19 7.18 1.93
6.89 96.29 4.09 1.76
0.07 96.28 5.06 1.74
0 96.06 6.86 1.92
0 96.15 7.87 1.39
0 95.52 10.35 1.59
0.03 95.37 11.02 1.85
0 96.22 6.86 4.38
0 96.76 1.87 3.57
0 96.21 5.22 2.34
0 95.32 8.19 2.91
