0.87 95.4 -15.73 1.39
0.04 96.08 -16.67 1.64
24.76 95.92 -18.56 1.54
6.94 96.17 -18.28 3.15
0 96.5 -19.99 1.95
0.01 96.68 -20.25 1.98
0.08 96.78 -17.94 1.39
19.61 96.15 -16.52 1.02
6.27 96.34 -16.05 1.34
0 96.62 -16.06 1.42
0 96.61 -16 2.72
0 96.05 -18.72 3.04
0 96.08 -16.49 3.09
1.73 95.86 -15.53 1.31
0 96.95 -15.2 1.39
0 96.53 -13.86 1.12
0 96.2 -10.86 1.13
0.01 96.11 -6.86 1.21
0 95.59 0.21 2.82
0.12 96.77 -9.13 4.51
0 96.73 -13 2.89
0 96.46 -11.5 4.21
0 95.94 -8.43 3.4
0 95.34 -8.54 4.14
0 96.34 -9.5 3.35
0 101.4 -5.43 2.79
1.83 95.21 -3.89 2.25
0.02 95.87 -10.59 3.82
0 95.46 -5.58 4.33
0 95.47 -5.46 1.73
0 96.05 -8.52 1.59
0.62 96.21 -10.8 1.92
0 96.24 -14.15 2.26
0 96.19 -13.12 2.29
0 96.14 -13.44 2.13
0 96.48 -13.54 1.41
0.03 96.38 -11.46 2.11
5.14 95.46 -3.89 2.57
0 95.51 -4.65 1.62
0 96.12 -6.86 2.39
0 96.71 -10.06 2.92
0 97.12 -11.75 3.25
0 96.87 -11.79 1.9
0.06 96.24 -10.23 2.13
0 96.66 -10.43 2.47
0 96.83 -12.47 1.75
0 96.38 -10.62 1.6
0.01 95.96 -8.68 3.04
0 95.77 -8.57 2.46
0 95.22 -4.29 1.87
0 95.06 -6.22 1.7
0 95.19 -5.24 1.83
0 95.26 -4.14 2.46
0 94.22 1.28 1.97
3.94 94.52 -1.87 1.73
0 95.59 -5.39 2.28
0.39 95.79 -4.43 1.81
4.9 95.45 -5.49 1.99
1.91 96.07 -7.26 2.3
0.19 95.77 -7.33 2.08
0.7 95.54 -3.09 3.4
0 95.64 -2.38 2.66
42.11 95.17 -1.75 2.64
2.52 96.29 -9.17 3.47
0 96.97 -11.3 1.78
0.02 97.21 -11.47 1.7
4.72 97.52 -9.78 2.48
0.01 96.77 -9.6 2.65
0 95.43 -4.56 2.38
0.3 94.36 1.92 3.14
0.81 95.47 -4.24 4.2
0 96.11 -2.93 1.94
47.12 95.52 -0.48 2
1.17 95.52 -2.7 5.23
0.02 95.94 -4.56 2.48
0 96.33 -5.15 2.29
0 95.38 -3.07 2.69
0.47 93.97 3.89 2.49
38.07 94.61 -0.61 3.44
0 94.99 0.38 2.73
0.06 94.97 4.13 3.69
0 95.65 2.52 2.55
0 96.15 -0.18 2.55
0.05 96.17 -3.13 3.32
0.89 95.67 -2.32 1.93
2.91 96.25 -1.78 1.81
0 96.17 3.19 1.58
0.11 95.95 5.8 1.96
7.05 95.37 8.56 3.71
3.21 95.1 7.46 4.35
0 95.54 2.17 5.06
0 95.59 0.1 3.98
0 95.25 4.24 3.69
0 94.92 8.92 3.51
6.47 95.54 3.02 2.34
0.01 96.21 1.97 2.2
0 95.66 6.91 3.3
0.33 94.48 12.32 5.16
27.9 95.2 2.89 2.69
0 95.53 3.65 2.89
1.76 95.45 2.48 2.03
46.92 95.3 0.81 3.17
0.02 96.09 -0.81 4.75
0 96.21 2.04 2.45
0.42 95.54 4.42 2.55
7.99 95.76 3.38 1.87
0 95.77 5.1 2.54
22.92 95.06 10.89 2.56
38.01 95.51 8.57 1.69
0.33 95.88 8.35 1.96
0.21 96.11 9.84 2.03
1.2 95.88 9.23 2.09
0.15 95.79 8.28 1.96
0 95.39 12.47 3.09
5.37 95.16 12.96 4.09
33.84 95 4.65 3.27
7.38 94.59 2.92 3.45
0.11 94.75 5.24 5.61
1.61 94.9 7.3 4.62
6.31 95.13 11.8 2.4
0 94.58 17.16 2.02
0 94.32 18.76 3.78
0.49 94.83 16.61 2.19
4.87 94.33 126.06 2.44
219.04 93.96 10.7 2.65
5.58 94.47 13.55 3.9
39.53 94.48 12.16 1.75
5.86 94.72 15.12 2.46
50.4 94.55 11.28 3.43
12.29 94.44 9.53 2.22
1.57 95.44 10.13 2.34
0 95.7 13.19 1.65
0 95.65 16.05 1.56
3.64 95.27 17.03 3.27
6.23 95.14 20.05 2.46
1.81 95.32 19.14 2.4
25.75 94.86 16.7 2.49
180.02 94.02 12.42 2.44
0.29 93.74 18.33 4.36
0 94.54 21.57 2.47
0 94.7 23.69 2.41
0.53 94.67 22.15 2
1.03 94.32 21.32 2.37
10.25 94.54 17.62 3.7
0.55 95.14 21.19 2.97
0.21 95.54 21.9 2.15
9.64 95.51 18.94 1.77
91.6 94.93 15.54 2.22
55.16 94.54 16.75 2.02
68.17 94.97 15.41 1.78
7.97 95.57 16.66 1.28
4.2 95.49 17.9 1.53
0.93 95.6 19.09 1.55
0 95.65 20.94 1.79
0.02 95.45 21.98 2.08
0 95.16 23.05 2.18
0 95.15 23.3 2.33
0 95.26 24 3.12
0 95.39 24.09 3.03
0 95.47 24.27 2.03
2.83 95.34 21.2 2.13
0.08 95.08 21.08 3.07
0.79 94.74 23.01 1.94
25.08 94.5 23 2.76
54.74 94.39 21.99 2.65
0.61 94.27 23.63 2.39
26.59 94.36 23.64 1.77
97.9 94.43 20.74 1.92
26.4 94.52 20.31 1.75
1.31 94.61 22.58 1.27
0.08 94.98 23.09 2.54
0.04 94.57 23.47 1.68
6.21 94.89 20.69 2.2
0 95.01 23.06 1.57
0 94.88 25.3 1.95
0 94.87 26.06 2.54
0 94.79 25.6 1.79
15.88 94.61 22.11 1.58
40.71 94.52 22.65 1.46
0.3 94.57 24.14 1.49
0.15 94.38 25.49 1.33
95.13 94.3 22.18 2.1
2.38 94.3 24.98 1.54
0.07 94.32 27.65 1.69
6 94.29 27.06 1.79
0 94.29 26.72 2.75
0.05 94.42 25.38 2.52
9.36 94.71 21.76 1.76
2.76 94.89 22.84 2.01
1.82 94.86 22.41 2.22
62.25 94.66 21.34 1.67
116.14 94.65 20.83 1.47
291.95 94.91 20.29 1.32
7.08 95.17 22.54 1.18
0 95.11 24.02 2.1
89.83 94.7 22.52 2.28
7.37 94.47 24.77 2.74
3.08 94.7 25.81 2.23
3.84 94.66 26.91 2.33
17.29 94.76 25.61 2.32
186.6 94.65 23.43 1.76
1.84 94.89 24.57 1.52
1.77 95 25.91 1.6
9.23 95.03 26.73 1.4
3.76 95.17 27.43 1.66
1.12 95.04 27.8 2.12
8.97 94.94 26.96 2.3
29.45 94.58 26.67 2.29
254.38 94.18 26.32 2.49
9.11 94.15 23 1.38
41.4 94.15 25.71 1.26
195.5 94.46 22.21 1.44
0 95.08 21.54 1.89
0.03 94.98 22.71 1.48
10.85 94.28 24.43 2.68
64.41 94.49 23.04 1.68
108.74 94.88 22 2.77
0 95.62 20.45 1.54
24.8 95.24 20.39 1.53
98.13 94.54 22.33 2.05
30.06 94.6 22.75 2.05
0 94.83 21.84 1.88
0 94.57 24.45 2.28
28.55 94.28 24.85 1.89
1.95 94.18 26.07 2.09
28.81 94.08 24.16 3.07
0 94.59 22.18 2.68
0 94.93 22.43 1.7
10.29 94.95 22.89 2.09
12.4 95.13 23.05 2.13
151.91 95.28 22.43 1.8
1.26 95.56 22.85 1.74
196.2 95.46 18.75 1.61
73.12 95.42 18.95 1.46
0.76 95.43 20.01 1.38
0 95.37 22.04 1.65
0.11 95.57 21.71 1.66
1.96 95.75 21.6 1.61
0 95.47 20.99 1.7
1.5 95.27 20.04 1.51
27.48 94.9 20.67 1.57
8.13 95.01 20.72 1.2
1.45 95.06 21.85 1.77
14.92 95.55 20.2 1.57
5.8 95.68 21.04 1.3
0.02 95.57 19.93 1.22
0 95.3 19.78 1.66
0 95.09 22.19 1.62
1.26 95.27 23.3 1.73
0 95.8 18.71 1.74
0 95.64 17.71 1.43
2.43 95.21 18.31 1.34
7.42 94.87 19.16 1.45
0.2 95.1 19.6 1.48
0 95.25 20.73 1.16
5.83 95.31 22.08 1.33
0 95.41 22.43 1.75
5.86 95.22 21.12 2.1
118.4 95.54 15.36 2.02
275.55 95.65 9.48 1.87
182.35 95.54 12.44 1.42
0 95.28 16.04 1.41
54.13 95.49 14.64 1.91
205.7 96.13 9.66 2.41
0 96.04 10.05 2.28
0 95.82 12.46 1.5
1.92 95.57 14.48 1.44
8.72 95.33 15.11 2.42
0.31 95.51 12.93 2.4
0 95.47 11.08 4.38
0 96.29 9.27 2.45
0 95.89 10 1.47
0.02 95.6 14.58 1.8
1.38 95.88 13.07 1.43
315.44 95.59 8.26 2.32
71.71 95.56 8.01 2.63
0 95.69 9.44 1.7
0 95.33 13.03 1.36
0 95.23 16.32 2.25
0 95.38 17.37 2.41
0 95.32 17.04 2.21
0 94.88 16.54 2.92
32.99 95.39 11.49 1.85
151.69 95.83 5.83 2.23
0 95.97 8.14 1.48
0 95.53 9.71 1.73
0 95.72 8.79 2.96
0 95.25 7.96 2.79
0 95.99 3.58 2.61
0 96.6 1.44 1.1
22.12 96.53 0.44 1.39
54.88 96.56 1.18 1.16
0 96.45 2.22 1.22
0 95.93 4.63 1.38
0 95.65 8.95 1.4
7.18 95.79 9.21 1.88
7.75 96.31 3.89 3.15
0 96.7 0.22 3.31
0 97.36 -1.21 2.16
0 96.55 0.68 1.53
0 96.42 4.29 1.94
0 96.41 5.47 1.31
0 96.47 5.72 1.38
0 96.28 5.94 1.88
0 96.78 2.49 3.2
0 96.37 1.6 1.86
0 95.92 5.24 1.62
0 96.02 4.56 1.32
0 95.71 6.6 1.67
0 95.41 7.21 1.41
5.77 95.54 3.74 2.42
0.4 96.07 0.37 3.29
0 95.75 -1.15 1.43
0 95.32 0.5 1.37
25.93 94.77 1.27 3.75
1.54 95.23 -0.44 1.94
0.9 96.23 -1.01 3.92
0 97.19 -4.58 2.68
0.05 96.56 -3.13 2.29
0 95.88 0.17 1.49
0 95.82 1.04 1.82
0 95.51 4.47 2.76
0 95.03 3.3 2.16
0 94.79 5.25 1.78
0.38 94.94 2.14 4.14
0 95.7 -2.48 1.94
0 95.56 -2.04 1.83
0.02 95.8 -2 3.97
0 96.07 -6.1 2.54
0.37 95.24 -5.73 2.42
0 95.6 -6.69 6.02
0.2 95.74 -7.23 1.52
0.14 95.62 -6.16 1.36
0 95.28 -2.82 1.96
0.03 94.86 -2.68 1.84
0.06 95.43 -6.75 3.57
0 95.57 -5.99 2.1
0 94.57 2.06 2.25
0 95.87 -2.53 3.04
0 96.46 -5.59 3.22
0 95.18 -5.11 2.39
0 95.14 -6.34 1.63
0 94.64 -4.77 1.77
1.96 94.49 -7.88 3.8
0 95.51 -11.66 1.88
0.96 95.81 -12.92 2.02
0.08 96.58 -14.77 3
0 96.52 -15.92 3.58
0 96.23 -15.2 3.44
0 94.93 -8.68 3.46
0 94.77 -6.44 1.65
0 94.81 -4.4 1.82
0 95.08 -2.88 2.54
0 95.32 -1.26 1.89
0 95.04 -6.51 1.39
0.23 95.6 -9.67 2.9
0 96.88 -16.15 3.3
0 96.87 -15.72 3.25
0 95.97 -14.62 3.12
0 94.88 -11.97 2.75
0 94.54 -8.86 2.28
0 95.19 -11.67 3.16
3.34 95.42 -12.11 2.04
0.04 95.61 -12.69 4.44
0.16 96.13 -11.39 4.83
0 96.38 -11.47 3.24
0 96.53 -12.33 2.58
0 96.14 -12.48 1.05
0.02 95.75 -12.56 1.62
0.04 95.92 -11.57 4.53
0 96.53 -10.51 3.9
0.02 95.88 -8.54 1.8
0.26 95.72 -9.4 3.6
0 96.3 -13.4 3.92
0 95.56 -11.27 2.77
0 95.1 -12.14 3.76
0 95.26 -12.54 1.94
0.01 95.24 -11.16 2.89
0.04 96.23 -14.73 3.17
0 96.66 -17.26 3.48
0 96.47 -15.21 2.31
0 96.3 -14.16 2.44
0 96.04 -14.6 2.93
0 96 -14.33 3.44
0 95.91 -12.67 2.13
0 95.72 -12.66 1.67
0 95.73 -13.1 3.05
0.06 95.99 -14.34 3.49
0.02 96.14 -14.13 1.77
0.07 96.31 -14.42 2.28
0 96.73 -14.76 1.72
0 97.03 -13.79 2.76
0.03 96.57 -13.78 3.06
0 96.29 -14.53 3.57
0 96.08 -11.06 3.55
0 95.7 -4.43 2.67
0 95.37 -5.08 1.86
0 95.29 -7.55 1.57
0 95.17 -6.31 2.12
0 95.39 -5.51 2.2
0.04 94.63 -4.02 4.19
0.02 95.16 -3.15 2.59
0 94.84 -6.15 2.06
0.54 94.96 -6.82 3.18
0.2 95.78 -9.89 1.94
1.77 95.77 -9.29 1.2
2.01 96.03 -12.63 3.82
0 96.16 -12.21 2.17
0.25 96.06 -11.19 1.89
0.18 96.04 -11.7 1.59
0 95.37 -4.64 2.87
0.79 95.3 -5.17 1.78
2.49 95.72 -4.49 2.58
0 95.72 -4.32 1.9
0 95.59 -0.75 1.73
0 95.88 -0.81 1.6
0 95.51 0.92 2.04
0 95.05 1.85 3.25
3.86 94.81 0.87 2.05
0.19 95.52 -3.38 2.86
0 96.17 -4.41 1.73
10.94 95.6 -2.15 3.91
1.15 96.31 -8.35 3.6
0.06 95.86 -7.38 3.11
0 95.57 -6.4 3.23
0 95.57 -6.48 2.28
0 95.69 -4.14 3.02
0 95.35 -1.03 1.96
0.14 94.84 1.81 2.54
0 95.63 -1.26 3.46
0 95.38 -1.17 4.27
0 95.42 -3.31 4.28
0 95.78 -1.58 3.66
0 95.51 0.06 3.5
0 94.91 2.27 2.77
0 94.19 6.87 2.11
0.03 94.89 2.96 4.21
0 96.04 -1.62 4.08
0 95.75 -4.44 4.41
0 95.51 -2.94 3.05
0 94.93 3.23 2.98
0 94.58 4.89 4.78
0 94.99 2.23 3.65
0 95.13 0.26 2.34
2.46 95.76 -2.98 4.23
0 95.87 -2.4 3.02
0 95.58 -1.67 2.46
0 95.73 -1.78 4.43
0 99.64 -0.19 2.54
0 99.6 1.26 2.78
0 99.43 3.29 2.84
0 99.7 3.11 1.98
0 99.38 7.24 2.89
0 99.07 8.28 2.1
0 98.65 10.44 3.88
0 99.89 2.9 4.04
0 99.85 2.84 2.38
0 99.42 5.95 2.49
0 99.32 7.84 1.43
0 95.42 9.8 2.67
0.07 94.71 10.5 5.09
1.31 95.04 8.29 4.62
0 95.05 8.11 3.76
0 94.85 9.24 3.39
2.13 95.54 5.78 3.39
0 95.24 9.27 3.26
0 94.64 14.32 3.27
0 94.7 13.79 1.75
0.05 93.99 16 3.21
0 94.79 11.07 5.03
0 94.58 12.19 4.03
2.17 94.54 8.84 6.62
0.49 95.18 7.43 4.92
0 95.05 9.9 2.2
0 94.47 13.69 3.71
56.74 95.18 7.76 2.3
2.87 95.08 6.83 2.08
12.96 94.81 5.78 2.98
5.34 94.4 6.72 3.63
0.13 93.98 8.87 1.89
13.71 93.99 9.41 2.69
1.3 94.65 7.88 2.87
0 94.18 10.08 1.62
47.12 93.58 8.94 1.68
5.58 93.53 9.63 2.29
1.01 94.43 13.87 3.44
0.21 94.68 11.89 3.95
0 95.01 13 2.68
3.63 94.57 12.58 2.74
127.88 93.8 9.66 2.92
0.18 93.83 11.25 3.57
0.01 94.34 13.68 2.89
2.64 94.38 14.66 3.6
23.22 94.14 16.58 2.84
0 94.39 18.16 2.35
0.16 94.09 16.41 4.63
0.98 94.04 13.02 5.8
0 94.22 15.48 6.17
0 94.31 16.69 4.29
0 94.84 13.84 3.29
0 94.82 14.51 2.26
0.02 93.73 17.83 2.47
15.72 93.52 18.65 3.5
11.71 94.65 13.98 2.98
2.54 94.78 12.31 3.15
0.59 94.67 13.16 4.23
0 94.52 17.82 3.26
0 94.64 18.93 2.89
0 94.78 21.04 3.16
6.85 94.72 20.25 3.92
13.83 94.65 18.62 4.66
0.04 94.49 19.79 2.75
0.62 94.32 23.12 4.49
14.02 94.37 22.26 2.66
34.46 93.96 18.95 3.27
7.8 93.88 17.43 2.93
0.06 94.33 19.66 2.87
6.77 94.07 20.3 4.97
4.86 94.15 19.23 3.67
0.25 94.41 19.81 1.94
1.59 94.29 22.9 2.04
15.49 93.67 23.94 2.91
18.4 93.39 21.71 2.53
21.98 93.62 21.61 2.19
0 94.03 22.62 2.53
56.08 93.98 20.61 2.03
162.39 94.14 16.24 2.4
6.03 94.33 19.62 1.95
7.58 94.36 21.5 1.55
63.4 94.15 20.75 2.11
71.93 94.14 18.87 1.99
106.7 94.34 17.58 1.84
1.17 94.5 20.46 1.82
0 94.43 23.48 1.44
0 94.29 25.48 1.94
0.04 94.02 26.76 2.67
0 93.94 26.81 2.72
12.11 93.7 22.4 2.2
76.53 93.93 16.74 2.45
1.81 94.62 19.5 2.6
0 94.97 20.89 1.63
5.67 94.38 22.05 2.96
9.09 93.71 22.82 2.46
13.25 93.9 24.52 2.58
0.03 94.05 24.46 2.94
36.33 93.96 23.61 2.45
41.88 94.04 22.33 1.47
0.31 93.93 23.58 2.2
0 94.04 24.04 2.45
0 94.18 25.47 2.46
62.76 93.71 22.43 2.29
0.68 93.42 24.85 3.16
101.01 93.48 18.4 1.89
17.87 93.55 19.01 2.66
8.93 94.21 21.39 1.81
16.89 94.39 23.08 2.23
10.81 94.45 23.91 2.08
9.72 94.47 23.53 2.27
1.71 94.27 24.14 1.42
40.8 94.37 22.22 1.85
17.93 94.35 22.51 1.6
41.89 94.22 22.01 1.68
14.2 94.27 21.36 1.47
62.64 94.32 22.05 1.45
288.66 94.18 20.68 1.92
68.89 94.1 21.15 1.4
75.15 94.04 21.98 1.85
18.27 94.02 23.19 1.9
0.24 94.08 25.39 1.5
41.34 94.06 25.7 2.1
464.77 93.85 22.28 2.12
67.61 93.81 22.84 2.35
15.05 94.01 23.12 2.03
0.6 94.23 24.73 1.45
80.77 94.41 21.68 1.63
108.28 94.05 21.28 1.61
0.03 94.12 23.54 1.73
0.28 94.26 24.39 2.02
1.01 94.6 23.26 1.91
0.05 94.22 23.62 2.05
0 94.18 24.12 1.76
0.04 94.39 24.18 1.59
8.09 94.37 23.39 1.43
9.81 94.39 23.77 1.63
11.34 94.03 23.93 1.72
10.47 94.15 25.31 1.88
0 94.55 24.76 1.31
0 94.39 25.84 1.27
0 94.11 25.95 1.79
11.08 93.86 25.52 1.72
103.13 94.21 21.65 1.82
276.66 94.26 18.93 1.78
18.06 94.29 21.55 1.51
13.28 94.46 20.99 1.33
0.13 94.72 21.59 1.62
0.14 94.87 22.09 1.31
0 94.86 23.16 1.37
0.97 94.74 23.22 1.55
16.59 94.94 21.23 1.63
0 94.94 20.76 1.39
51.43 94.92 20.16 1.38
7.96 95.14 20.07 1.53
0.93 95.23 21.12 1.32
15.01 95.03 19.52 1.8
7.83 94.7 20.83 1.34
0.9 94.61 22.02 1.48
0 94.55 23.14 1.4
16.5 94.3 22.56 2.72
1.97 94.81 19.33 1.87
0 94.62 19.91 1.53
7.76 95.12 18.39 2.31
0.47 95.06 18.88 1.55
0 95.11 18.34 1.45
0 94.67 19.41 1.37
12.08 94.31 18.71 2.78
5.02 94.93 13.9 1.85
0.22 95.51 13.53 1.81
5.49 95.76 13.47 1.87
9.22 95.24 16.57 1.96
0.49 94.98 17.11 2.02
0.1 94.58 19.51 3
9.78 94.61 17.64 2.02
14.14 94.82 14.92 1.54
51.91 95.17 13.1 2.21
0 95.57 9.78 2.35
0 96.01 9.81 2.23
0 95.83 10.58 1.44
0 95.49 11.96 1.64
0 95.1 13.39 1.6
0 95.18 14.47 2.24
0 95.08 14.8 1.96
0 94.84 17.31 2.69
0.05 95.12 17.79 1.89
0.19 95.27 18.54 2.82
0.04 95.09 17.9 2.1
7.56 94.92 15.4 1.82
0.15 95.36 9.35 3.1
0 95.87 7.02 2.47
0 95.93 7.32 2.78
0 96.39 8.04 3.12
0 96.04 9.2 1.64
0 95.37 10.93 2.2
0 94.8 12.24 2.99
0 95.37 10.04 1.81
0 95.35 10.55 1.36
0 95.13 13.97 2.06
0.14 95.51 13.82 2.61
0 96.04 9.75 1.3
0 95.77 11.99 1.54
0 95.19 14.05 1.44
64.38 94.63 10.66 1.61
4.34 94.55 9.25 2.17
1.16 94.19 8.42 2.72
1.26 94.69 8.99 3.94
0 95.67 5.54 2.01
0 95.74 8.49 1.41
0 95.53 10.68 1.97
0.02 95.38 13.91 2.95
0 95.32 13.38 1.82
0.37 95.2 11.55 1.49
38.56 95.73 5.02 3.3
0.01 96.09 2.47 3.18
0 96.11 4.16 1.76
0 95.67 5.73 1.52
1.28 95.52 7.15 2.42
0 95.8 6.39 1.54
0 95.45 6.92 1.53
0 95.28 8.72 2.81
0 95.48 10.25 3.57
4.24 95.66 11.06 2.56
0.09 96.23 5.41 1.57
1.1 95.93 8.07 1.54
2.59 95.68 9.85 2.8
0.25 96.35 3.34 2.79
0.07 96.22 1.74 1.24
0 96.16 3.39 1.45
0 96.12 3.64 1.53
0 95.92 2.25 1.21
0 95.29 2.42 1.23
0 94.72 4.07 1.98
0 94.99 5.42 3.18
0.03 95.76 -1.37 2.57
0 95.85 -3.92 1.75
0 95.9 -2.97 1.48
0 96.1 -0.34 1.72
43.75 95.48 1.24 0.91
5.78 95.24 -0.26 2.58
1.94 95.49 -4.74 3.52
0 95.98 -6.34 2.26
0 95.97 -4.11 1.84
11.68 95.56 -4.96 2.75
0.17 96.19 -7.48 2.82
0 95.89 -8.06 1.01
0.11 95.89 -6.18 1.5
0.33 95.24 -0.11 1.98
0 95.32 -0.96 1.38
0 96.11 -3.18 2.22
0 96.66 -7.58 1.63
0 96.94 -7.79 2.04
0.12 96.22 -7.49 1.01
0.04 95.5 -5.12 1.09
0 95.71 -6.3 1.38
0 96.04 -7.96 0.93
1.55 96.26 -8.14 0.94
1.6 96.23 -5.37 0.91
1.37 96.5 -7.37 2.56
0.04 96.82 -11.65 3.68
0 96.46 -11.33 2.91
0.01 95.64 -6.92 4.43
0 95.67 -3.67 2.67
0 96.11 -6.58 1.69
0.01 95.43 -4.05 2.69
0 96.14 -9.2 4.25
0 96.36 -12.9 3.11
0 96.48 -12.33 3.57
0 96.22 -10.68 2.08
0 96.28 -10.38 2.04
0 96.17 -10.93 1.16
0 95.84 -10.24 1.9
0 95.8 -9.37 3.96
0 96.04 -11.39 2.57
0 95.57 -9.63 3.06
0 95.73 -12.23 1.99
0 96.23 -11.84 1.77
0 96.49 -10.74 1.89
0 96.02 -7.61 2.02
0 96.37 -10.34 1.61
0 96.7 -14.07 1.18
0.2 96.17 -12.22 0.96
0.01 95.95 -9.81 1.75
0.14 96.34 -11.05 1.9
0.55 95.78 -11.47 2.62
0.14 95.95 -12.52 4
0 96.17 -11.95 2.62
0 95.95 -11.13 1.67
0 96.74 -13.9 1.34
0.24 96.65 -14.39 0.99
0 96.23 -11.81 1.48
0 96.19 -12.84 1.13
0.11 96.25 -12.12 3.1
0 96.37 -12.42 2.78
0 95.49 -7.53 2.89
0 95.74 -8.83 2.22
0 95.65 -8.88 2.16
0 95.39 -10.2 0.98
0.09 95.2 -8.51 1.3
0.25 95.4 -11.01 1.08
0 95.57 -10.27 1.29
0 96 -10.79 1.29
0.02 96.66 -13.51 3.2
0 96.55 -17.32 3.3
0 96.21 -17.51 2.57
0 95.7 -16.63 2.12
0 95.55 -15.89 2.84
0 95.16 -13.88 2.91
0 95.24 -13.07 1.7
0 95.76 -14.15 1.57
0 96.01 -14.27 1.76
0 96.39 -15.11 1.7
0.09 96.02 -16.47 1.46
0.49 95.54 -15.69 3.83
0 96.34 -17.23 4.11
0 96.35 -15.7 2.94
0 95.37 -12.97 2.99
0 95.46 -10.13 2.36
0.26 94.9 -6.77 2.37
0.04 95.51 -12.77 4.92
0 95.75 -15.69 4.7
0 95.33 -12.54 4.86
0 95.48 -10.54 2.95
0 95.81 -10.61 2.88
0 95.84 -10.56 1.75
0 95.58 -8.72 2.61
0.05 95.28 -4.26 2.21
0.12 95.84 -8.39 3.02
0 95.8 -10.21 2.85
0.06 95.87 -11.29 3.15
0 96.01 -12.76 4.47
0 95.92 -10.17 3.28
0 95.32 -5.98 2.68
0 95.39 -7.91 2.13
0 95.17 -8.92 1.33
15.03 94.78 -7.38 2.23
0 95.73 -7.16 2.57
5.04 95.58 -6.3 2.18
0.02 96.06 -8.54 3.22
0 95.99 -7.96 2.51
0 95.47 -5.96 1.67
0 95.1 -2.04 2.57
0 95.24 -0.24 2.13
12.32 95.77 -3.63 1.35
0.71 95.98 -6.81 1.85
0.39 95.94 -5.77 1.54
0.07 95.31 -1.72 1.97
29.71 94.6 -3.42 1.61
24.13 94.67 -3.76 2.65
0.05 95.31 -4.16 3.63
0 96.03 -8.05 3.69
0 95.73 -8.05 1.94
0.47 95.63 -7.5 4.39
0 96.12 -7.67 3.76
0 95.78 -5.64 1.8
0 95.13 -1.69 3.02
0 95.67 -0.65 2.15
0 95.32 2.55 3.12
5.5 94.39 5.41 4.09
7.91 95.01 -2.37 3.56
14.66 95.88 -7.31 2.24
0 95.65 -2.29 2.13
0 95.59 -0.03 2.03
0 94.99 4.27 3.28
0 95.51 2.63 1.86
6.35 94.65 1.79 4.43
0 95.08 -0.02 5.61
0 95.52 0.75 3.23
0 95.21 4.98 2.34
0 95.42 8.28 3.26
0 95.6 9.43 3.25
0.37 94.61 10.03 7.17
0.84 95.24 1.45 4.79
0.72 95.22 -0.28 4.37
0 95.18 0.37 2.13
4.64 95.07 1.84 2.87
0 94.75 4.36 4.23
0 94.55 5.06 4.95
0 94.83 3.99 4.69
0.12 95.17 4.32 2.52
0 94.73 9.9 3.58
0 94.84 10.72 4.61
0 94.73 12.97 3.24
7.49 94.45 13.71 5.2
6.05 94.83 7.84 4.32
0 94.27 12.17 3.15
0 94.14 13.97 3.02
0 94.1 15.54 3.16
2.91 94.71 9.78 3.61
0 95.04 9.11 2.53
0 94.16 15.85 4.13
0 94.19 17.95 4.04
2.83 94.58 14.63 4.06
31.72 95.07 13.12 3.35
2.21 94.51 12.47 2.31
0.24 93.85 14.28 1.94
0.38 93.84 17.69 3.71
194.67 94.3 12.65 2.8
71.87 94.25 9.63 4.51
0 93.68 11.06 3.25
0.13 93.4 11.8 6.83
0 94.6 9.98 3.03
0 94.6 12.92 2.62
0.26 94.33 17.46 3.45
0.71 94.88 16.87 2.52
14.08 94.4 17.83 2.26
0 94.45 20.66 2.02
1.38 94.58 20.31 2.54
0 94.65 18.14 3.12
0 94.28 17.95 2.22
2.41 94.29 16.62 1.77
0 94.51 18.15 2.05
0.09 94.78 19.75 2.41
2.58 94.95 20.1 2.56
83.18 94.97 14.7 1.83
20.8 94.52 13.66 2.87
18.97 94.28 11.38 2.77
4.66 94.25 12.34 4.01
0.02 93.99 12.33 3.14
5.51 93.74 12.86 4.9
0.04 94.19 16.19 1.7
0 94.13 21.94 3.68
10.88 94.65 20.06 2.86
9.69 95 18.3 1.93
0.16 94.87 20.03 3.65
1.58 94.58 19.72 3.87
3.98 94.7 17.26 2.93
0 94.68 17.14 2.92
0 94.5 18.06 2.5
0 94.14 20.12 2.49
0 94.56 20.72 2.37
0 94.71 22.98 2.51
18.99 94.72 20.55 2.67
53.51 95.14 14.94 2.61
0.26 95.23 16.83 1.81
18.77 94.79 16.78 2.86
11.52 94.55 16.77 2.99
92.98 94.3 15.71 2.26
16.41 94.02 19.01 3.45
1.09 94.2 20.81 2.01
7.64 93.81 19.96 2.36
14.28 93.67 21.96 2.08
25.09 93.66 22.3 2.31
66.47 93.53 21.15 3.27
12.46 93.66 17.47 2.98
2.51 93.37 16.82 3.06
15.28 93.45 16.88 2.57
196.09 94.05 14.06 2.09
299.35 94.28 14.41 1.93
165.71 94.3 15.76 2.66
5.44 94.17 19.24 1.66
4.65 94.05 22.2 1.72
8.18 94.22 21.88 1.81
29.65 93.97 21.65 1.58
33 94.02 21.76 1.62
4.93 94.18 21.79 1.38
48.4 94.15 21.18 1.65
0.74 93.92 22.37 2.18
73.47 93.94 21.97 2.27
45.02 94.3 20.83 2.29
11.8 94.67 22.55 2.06
1.98 94.83 22.82 1.75
2.85 94.57 20.56 1.98
67.32 94.14 20.97 2.03
0 94 23.61 2.06
2.13 93.63 24.54 3.82
3.67 93.65 22.97 3.42
0.73 93.6 22.98 2.56
0.05 93.96 23.51 1.72
2.24 94.11 23.16 1.61
1.24 94 23.59 1.53
24.03 93.98 23.97 1.75
23.46 93.98 24.99 2.06
36.75 94.02 24.76 1.87
158.35 93.61 21.54 1.81
46.37 93.38 19.82 2.46
64.93 93.78 19.5 2.89
8.49 94.28 21.19 2.48
0 94.3 21.4 1.79
0 94.33 22.72 1.54
0 94.57 24.56 1.36
0 94.67 24.72 2.04
0.11 94.5 24.69 2.29
3.3 94.35 25.12 1.51
6.07 94.28 25.37 1.65
81.85 94.22 23.86 1.56
457.53 93.8 22.24 3.38
0 94.31 23.36 1.38
0 94.52 23.95 1.73
11.5 94.44 23.99 1.95
68.8 94.06 25.26 3.45
3.84 94.42 24.11 1.74
154.72 93.97 23.06 2.16
31.43 93.69 23.84 3.6
0.54 94.29 22.11 1.44
101.21 94.58 19.76 1.51
181 94.73 18.87 1.71
130.22 94.67 20.14 1.39
19.57 94.7 22.14 1.6
128 94.74 22.09 1.72
0 94.93 23.17 1.24
0 94.76 24.25 1.27
0 94.4 25.69 2.04
10.13 94.31 24.63 1.75
6.51 94.56 23.53 1.27
0 94.42 24.38 1.61
13.98 94.49 20.96 2.15
28.8 94.51 18.54 2.12
1.8 94.66 20.05 1.58
4.8 94.35 18.91 1.85
7 94.41 21.05 1.68
0 94.75 22.08 1.74
0.04 94.37 23.1 2.88
93.67 94.36 23.15 2.22
2.45 94.44 21.36 1.71
13.25 94.42 20.41 2.46
6.51 95.03 16.91 2.02
0.03 95.17 16.55 1.91
0 94.95 20.18 2.37
0 94.88 21.73 1.99
0.26 94.74 21.9 2.37
2.51 94.75 21.8 1.43
13.58 94.65 21.51 1.62
0.69 94.19 22.82 1.93
1.48 94.34 23.77 2.49
0 94.6 24.47 1.93
0 94.73 24.81 2.29
1.12 94.75 24.54 1.91
239.6 94.66 17.1 2.92
29.09 95.03 13.96 2.49
0.26 95.09 13.33 2.05
0.88 95.21 16.18 1.83
0 95.14 19.11 2
34.75 95.23 17.77 1.51
1.42 95.14 17.37 1.2
0 95.08 18.89 1.12
0 95.01 20.64 1.39
38.67 94.69 19.15 2.24
100.77 94.69 13.61 3.63
0.83 94.83 12.06 2.56
0 95.22 13.82 1.49
0.1 95.66 14.27 1.08
0 95.76 14.14 1.3
0 95.12 14.83 2.31
0 94.64 16.18 2.65
0.36 94.62 16.1 1.71
0 94.86 17.67 1.73
3.94 94.78 17.97 2.14
0.98 94.79 17.33 1.4
5.91 95.1 16.08 1.41
0.69 95.41 15.94 1.36
27.73 95.3 14.9 1.76
3.11 95.53 15 1.51
49.61 95.16 10.99 1.68
31.65 95.14 10.33 6.37
0.73 95.32 11.6 3.23
0 95.33 11.72 1.71
0 95.17 12.83 1.57
0.42 94.98 14.41 2.11
0.79 94.81 13.55 2.9
0 94.95 13.29 2.28
0 95.47 11.4 1.72
0 95.9 12.08 1.14
0 95.76 13.65 1.49
0 95.27 15.48 2.45
26.16 94.84 12.83 3.16
0 95.35 8.91 2.3
0.08 94.97 10.58 2.34
0 94.78 12.86 2.3
0.06 95.17 8.95 3.74
0 95.57 7.14 2.13
0.02 95.69 7.62 1.93
42.49 95.07 9.13 3.72
0 95.11 4.62 3.37
0 95.18 5.81 2.41
0 95.04 7.63 2
0 95.4 7.07 1.44
75.55 95.67 2.59 1.21
73.45 95.13 2.82 1.9
0 94.85 6.43 1.9
0 94.58 9.3 3.06
0 95.21 8.87 1.84
0 95.25 10.75 2.08
6.94 95.1 10.73 2.91
0 96.01 3.72 1.62
1.65 95.89 0.79 2.36
0.05 95.52 0.27 2.55
0.03 95.35 0.07 2.19
0 95.3 2.38 1.46
0 95.49 1.58 1.96
16.23 95.51 1.74 1.61
191.14 95.11 0.3 134.68
50.77 95.41 -0.28 3.13
0 95.46 -2.34 0.95
0 95.15 -0.35 1.78
0 95.37 -0.06 1.27
0 95.79 -1.35 1.11
55.73 95.48 -1.47 0.91
111 94.22 -2.29 5.15
0.21 94.71 -3.94 3.38
0 94.77 -5.79 4.33
0 95.55 -4.59 2.57
0 95.83 -5.64 1.1
19.82 95.3 -2.4 1.31
0 95.21 -4.61 132.27
0.01 94.93 -4.33 3.1
0.02 95.5 -2.88 3.03
0 95.54 -4.36 1.47
0 95.19 -2.33 1.8
6.38 95.67 -4.91 2.23
0 95.62 -6.78 2.22
0 95.09 -5.37 2
0 95.03 -2.94 3.53
0 95.1 -7.04 2.75
0 94.21 -4.08 3.31
0.04 94.94 -6.08 4.31
0.03 95.48 -8.95 2.23
0 96.17 -12.56 2.41
0.17 95.86 -13.47 1.58
0.27 94.78 -5.26 2.86
1.85 94.94 -7.52 4.12
0 95.21 -10.59 1.95
0 95.23 -12.69 3.21
0 95.18 -14.35 2.62
0 95.34 -15.57 2.58
0.02 95.38 -16.82 3.95
0 95.5 -11.56 3.47
0.09 96.06 -12.87 1.42
0.06 96.24 -12.98 0.95
0.16 95.71 -11.11 1.81
0.04 95.71 -8.11 1.33
20.12 95.74 -9.45 1.12
0.68 95.55 -8.17 1.23
0.9 95.91 -10.97 1.37
0 96.29 -12.47 3.77
0 96.38 -14.69 2.13
0.02 95.84 -14.27 0.94
0.28 95.95 -11.92 83.17
5.61 95.93 -9.99 3.29
0.01 96.39 -15.37 2.89
0 96.22 -19.34 2.77
0 95.4 -18.02 4.35
0 96.51 -18.31 2.29
0 96.26 -18.13 1.22
0 95.66 -13.54 1.25
6.21 95.64 -13.82 0.98
16.25 95.71 -12.48 3.87
0 95.33 -15.07 3.42
0.04 94.8 -15.07 2.1
0 95.21 -17.54 3.61
0 96.36 -18.51 3.71
0 96.93 -16.05 2.37
0 95.98 -16.63 1.39
0 95.8 -14.27 1.7
0 95.69 -14.84 1.34
0 95.58 -14.63 1.45
0.04 96 -16.44 1.92
0 95.83 -15.11 2.11
0 95.68 -14.66 1.19
0.36 95.33 -12.51 0.98
0 95.4 -11.73 1.69
0 95.41 -12.78 0.95
0 95.83 -10.31 1.97
1.29 95.57 -12.34 1.66
0 96.29 -13.95 2.4
0 96.56 -11.73 2.03
0 95.61 -7.59 2.12
0 96.06 -9.38 1.13
12.61 96.08 -8.73 0.98
0.86 96.11 -8.92 1.68
0 95.9 -12.99 1.2
0.03 94.8 -8.01 2.7
0.03 95.35 -13.22 4.12
0 95.41 -15.08 1.49
0.29 95.74 -13.88 1.34
0.07 95.67 -11.09 1.65
0 95.23 -6.32 1.21
0 95.5 -7.1 1.23
0.08 95.44 -5.36 1.55
1.54 95.35 -5.58 1.72
0.77 95.92 -7.84 3.76
0 96.06 -10.46 2.46
2.59 95.06 -8.89 2.84
0 95.8 -9.31 2.88
0.03 95.36 -7.92 1.93
0.75 95.65 -14.5 3.91
0 96.5 -17.8 4.32
0 96.36 -16.26 1.51
0.25 95.5 -11.9 2.17
0 96.1 -12.68 2.13
0.14 96.15 -12.29 1.9
0 95.45 -7.5 98.7
0 95.22 -4.97 2.75
0 95.83 -8.89 2.46
0 95.79 -10.15 1.44
0 95.1 -6.69 2.31
0.04 95.07 -5.33 3.9
0 95.78 -10.75 3.66
0 95.91 -12.23 2.31
0.01 95.85 -11.41 1.87
0 95.75 -8.03 3.26
0 95.96 -7.02 3
0 95.89 -5.05 1.59
0 95.99 -6.18 1.8
5.77 95.83 -6.49 1.79
0.24 95.02 -0.24 2.99
0 94.93 0.51 2.6
0.27 94.43 -2.32 5.59
0 96.17 -7.85 5.21
0 96.21 -5.86 1.67
0 95.15 -0.63 3.21
0 95.46 1.44 2.16
0 94.87 5.03 2.91
0 94.78 3.58 1.8
0 94.2 4.97 2.13
0 94.06 1.16 2.4
0 94.2 -1.96 5.62
0 95.66 -1.07 2.02
0 94.96 3.97 3.56
24.86 94.84 0.12 3.38
0 96.02 -5.62 3.92
0 95.58 -0.07 2.94
0 95.11 4.79 2.72
0 95.49 5.31 2.83
0 94.08 7.61 3.57
0.69 94.13 -1.73 3.98
30.36 94.89 -6.83 2.54
0.55 95.33 -6.68 2.74
0 94.12 1.21 5.33
0 95.06 -2.58 2.63
20.53 94.73 -4.56 3.52
0 95.44 -4.67 2.8
0 95.3 -1.89 1.6
0 94.37 4.31 3.86
1.22 94.52 1.98 4.06
0 95.37 -0.84 3.62
0 95.57 -1.75 2.25
1.09 95.45 0.05 1.79
12.48 95.18 1.25 2.09
97.54 95.27 0.65 2.65
0 94.84 4.16 2.56
0 94.83 5.88 2.68
18.63 94.99 0.28 2.28
53.57 95.26 -0.52 3.17
0 95.04 -0.05 2.6
0.43 94.19 1.97 2.7
20.01 94.21 0.9 3.71
3.18 95.15 0.3 3.74
0.86 95.02 1.38 3.66
0 95.06 2.53 3.5
0 94.6 8.21 3.03
0.31 94.1 7.32 4.38
0 94.38 3.39 4.71
0 94.05 4.96 2.48
5.17 94.35 4.6 3.11
47.6 94.67 1.87 1316.83
2.22 95.66 1.23 4.84
0 95.68 2.64 2.25
0 95.36 5.5 2.69
0 95.04 8.62 2.09
0.46 94.52 11.74 4.36
69.89 94.54 7.16 2.29
1.01 94.48 7.68 3.36
0.03 94.56 8.92 5.04
0 94.59 10.35 1.74
0 94.55 13.89 2.23
4.23 94.37 12.2 3.41
0.16 94.56 12.15 5.87
0.32 95.01 11.72 5.55
0.38 95.08 11.76 2.09
0.97 94.92 12.51 2.32
7.3 95.14 13.1 2
0 94.92 16.88 2.67
0 95.1 20.34 1.65
0 95.01 21.92 2.31
0 95.03 21.73 2.87
0.16 94.79 21.82 4.23
21.21 94.45 14.45 2.22
16.87 93.61 14.93 3.99
0 93.22 17.8 4.58
0 93.76 16.72 2.63
0 93.81 19.01 2.73
0.46 94.43 16.93 4.66
0 95.31 16.68 2.45
0 95.22 17.77 2.28
0.66 94.6 18.79 2.95
0 94.06 19.34 3.24
16.66 93.43 15.74 5.43
0.01 93.44 17.8 4.25
0 93.75 19.37 2.54
0 94.63 20.11 2.22
3.66 94.46 23.73 3.69
2.29 95 18.33 2.25
0 94.63 21.02 2.24
3.04 94.37 21.41 3.42
2.3 94.19 19.45 3.71
0.85 93.97 19.23 2.9
0 94.26 19.42 4.29
0 94.09 23.55 3.22
0.05 93.72 25.02 4.18
0 94.35 20.24 2.43
5.89 94.1 18.86 3.22
0.04 94.32 19.74 3.27
21.14 94.91 17.88 2.31
44.25 94.77 18.78 2.16
9.3 94.58 19.23 2.96
6.98 94.4 21.59 2.71
1.22 94.27 22.01 3.37
75.73 94.63 16.73 2.12
2.69 94.85 17.47 1.75
15.21 94.57 15.9 2.19
3.69 94.35 17.58 1.85
0.02 94.4 22.47 3.31
0.19 94.4 23.96 3.78
3.38 94.3 24.29 2.66
185.27 94.27 19.01 2.51
6.72 93.97 21.25 1.78
44.17 93.66 20.79 1.91
0.21 94.02 23.4 1.8
0 94.53 23.67 2.23
0.04 94.68 24.24 1.9
2.55 94.45 22.25 1.46
10.31 94.11 21.96 1.76
79.52 93.96 21.25 2.21
55.22 93.71 21.25 2.32
195.33 93.44 20.14 1.84
65.25 93.59 21.93 2.54
86.91 93.99 21.02 2.05
161.3 94.05 22.03 2.62
22.69 94 23.11 3.29
89.8 93.75 22.95 2.09
171.42 93.31 22.71 2.66
0.05 93.31 24.4 3.22
4.34 93.31 24.22 2.4
1.17 93.65 24.63 2.14
1.75 93.86 24.57 2.26
10.48 93.7 25.45 3.49
52.19 93.97 24.08 1.83
69.26 94.17 22.13 1.65
2.01 94.37 22.61 1.44
0.72 94.36 22.7 1.31
10.62 94.33 23.37 2.03
23.57 94.5 22.95 2.04
0.13 94.49 24.57 1.69
231.62 93.8 21.94 1.7
99.27 93.66 22.83 2.92
0 94.23 23.37 2.14
0.27 94.11 22.68 2.13
100.72 94.03 21.41 2.33
2.8 94.24 21.98 1.7
0.56 94.24 23.8 1.64
34.18 94.12 23.54 2.13
11.85 93.69 23.8 2.05
0.78 93.76 24.14 2.79
0.01 94.07 24.4 1.84
0.06 94.09 24.93 1.64
55.04 93.87 22.69 1.35
6.68 93.8 25.24 2.1
0.29 93.76 25.1 1.49
1.71 93.56 25.98 1.72
10.63 93.67 26.03 2.02
28.7 93.96 25.07 2.57
0.42 94.19 25.46 2.45
2.45 94 25.56 2.56
36.3 93.65 26.01 2.61
31.95 93.5 25.16 1.88
8.15 93.65 25.93 2.51
28.53 93.93 25.86 2.3
11.58 93.71 26.11 2.21
12.09 93.89 24.19 1.81
1.79 94.28 25.81 1.52
8.24 94.37 26.85 2.67
44.42 94.1 24.76 2.68
5.03 94.1 25.5 2.76
17.04 94.06 26.32 2.11
3.32 94.09 25.87 1.97
293.2 93.56 24.7 1.65
0.06 101.55 25.64 2.59
0 94.58 22.34 2.59
0 94.83 21.79 1.83
5.62 94.79 20.98 1.04
1.94 94.4 23.72 2.29
0.21 94.55 22.68 2.01
0 94.73 22.59 1.76
0.05 94.72 22.88 1.5
13.7 94.45 22.17 1.7
10.3 94.52 19.81 2.06
7.04 94.46 19.58 1.69
223.92 93.86 18.74 1.39
23.33 94.08 15.58 3.07
0.2 94.78 16.1 2.46
49.06 94.85 16.47 2.02
1.37 95.09 15.79 1.78
8.03 95.25 16.08 1.62
0 95.33 16.23 1.42
10.06 95.21 16.86 1.46
171.32 95.17 14.29 1.63
41.48 95.23 14.43 1.24
6.8 95.29 16.27 1.27
2.88 95.24 17.77 1.44
7.73 94.78 18.38 1.73
0.1 94.86 17.47 1.46
0 94.93 17.25 2.42
2.72 94.71 19.89 2.57
43.28 94.07 19.36 3.19
0.43 94.4 19.08 3.15
0 95.01 14.06 1.8
1.45 94.7 16.32 1.58
8.12 95.23 16.55 1.47
11.52 95.66 15.46 0.96
7.8 94.77 19.44 2.96
0 95.16 17.96 1.47
0.08 95.15 18.76 1.45
2.08 95.03 18 2.47
47.51 95.38 12.92 2.97
0 95.63 9.01 2.41
0 95.46 10.75 2.04
0 95.13 12.01 1.99
0 94.48 17 3.22
0 94.54 16.16 2.61
0 95.42 13.39 1.4
0.84 95.36 14.17 1.72
147.16 95.35 11.42 2.09
0.01 95.48 10.67 2.78
0 95.28 9.73 1.75
0 94.65 16.61 3.46
0 95.61 13.91 1.22
0.02 95.62 15.08 2.24
0.05 95.86 12.76 2.23
0.46 95.39 11.56 1.74
0 94.44 15.05 2.76
8.11 94.47 13.38 3.94
0 94.92 10.61 3.16
0 95.4 11.57 1.69
31.4 95.4 10.89 2.25
3.72 96.23 4.63 4.33
0 96.3 3.15 1.32
0 95.88 6.77 1.34
0 95.91 7.18 1.38
0 95.71 10.49 2.54
38.94 95.87 9.11 1.57
1.57 95.89 7.3 1.92
0 95.75 6.19 1.13
38.05 95.62 5.45 2.08
38.92 95.55 1.78 2.24
0.01 95.78 4.11 3.52
0.01 96.02 5.86 2.54
0 95.57 4.87 1.4
0 95.04 7.03 1.93
5.39 95.53 5.94 1.59
1.94 96.09 4.52 2.47
0 96.04 3.77 1.6
0 96.12 4.56 0.86
0 95.89 4.79 1.28
0.63 95.37 8.29 2.05
1.52 95.66 7.39 3.08
0 96.02 5.55 1.75
0.03 95.29 6.12 2.25
0.27 94.87 5.81 3.67
0.02 95.25 3.33 2.65
0 95.32 2.85 2.26
0.11 95.83 2.75 3.38
0 95.86 -1.29 3.94
0 95.91 1.11 2.35
0 95.78 1.72 1.67
0 95.2 1.85 2.21
0 94.95 3 3.18
0 94.92 2.81 2.04
0.13 95.06 2.04 3.32
0.02 95.45 -2.74 4.05
0.05 95.65 -3.3 5.48
0 95.55 -3.57 3.47
0 95.59 -2.22 2.3
0 95.79 -2.74 1.1
0 95.56 0.87 1.75
0 95.25 1.15 1.83
0.03 94.9 -0.31 2.11
0 94.77 -3.73 4.27
0 94.9 -6.82 3.45
0 95.18 -9.69 6.33
0 95.37 -5.58 3.39
0 94.97 0.29 3
0 95.56 -2.32 2.17
2431.08 95.34 -1.25 2.6
2431.08 95.09 -0.96 1.36
2431.08 95.37 1.57 2.1
2431.08 95.36 1.11 2.15
2431.08 95.59 -1.28 2.6
2431.08 95.16 -2.03 1.08
2431.08 95.25 -4.28 1.29
2431.11 95.24 -3.44 2.24
2431.1 95.44 -5.44 2.97
2431.26 94.92 -7.35 3.05
2431.36 94.93 -8.17 2.27
2431.08 95.07 -11.09 4.12
2431.08 95.4 -11.2 2.77
2431.08 95.76 -8.7 2.89
2431.08 96.33 -8.18 1.56
2431.08 96.27 -9.51 1.44
2431.93 96.53 -11.49 2.39
2431.24 96.18 -13.02 2.56
2431.24 96.06 -11.93 2.81
2431.09 96.45 -10.93 2.14
2431.08 96.5 -10.28 1.27
2431.08 96.21 -10.11 0.99
2431.08 96.35 -8.98 1.31
2431.08 96.31 -9.41 1.02
2431.14 95.74 -6.88 2.71
2431.15 96.22 -9.97 3.94
2431.08 95.9 -10.85 1.61
2431.08 95.44 -10.61 2.62
2431.08 94.73 -6.1 3.48
2431.08 94.53 -5.25 3.2
2431.08 94.15 -2.95 4.26
2431.08 94.53 -3.42 2.91
2431.08 94.83 -3.28 2.93
2431.08 95.39 -4.83 2.43
2431.95 95.31 -7.61 1.71
2433.6 95.55 -8.16 1.87
2431.12 95.31 -7.15 2.61
2431.08 95.78 -6.54 2.4
2431.08 96.25 -13.55 2.82
2431.08 95.87 -13.86 2.37
2431.08 95.87 -11.51 2.18
2431.08 95.96 -9.87 2.14
2431.08 96.46 -11.84 1.96
2431.08 96.18 -12.66 1.55
2431.08 96.22 -11.1 1.87
2431.08 96.02 -7.89 1.75
2438.24 96.03 -9.41 1.52
2431.08 96.01 -10.16 1.68
2431.08 96.24 -8.01 1.92
2431.46 95.29 -6.44 3.9
2431.09 95.76 -9.78 4.18
2431.08 95.97 -9.64 2.37
2431.08 95.29 -6.32 1.74
2431.08 94.51 -2.11 3.03
2431.08 95.03 -3.13 2.13
2431.08 95.94 -8.09 2.91
2431.08 95.57 -7.68 3.64
2431.08 94.95 -4.09 3.97
2431.08 95.57 -7.01 3.37
2431.08 94.26 -1.38 4.71
2431.08 94.94 -6.54 3.1
2431.08 95.05 -6.64 1.73
0.35 94.65 -3.58 1.99
0.04 94.67 -4.03 5.06
0 95.53 -11.92 3.91
0 95.71 -11.23 2.17
0 95.86 -11.46 1.51
0 96.08 -9.56 1.63
2 95.78 -10.02 1.53
9.84 95.83 -11.95 2.85
0 96.46 -14.16 3.11
0 96.28 -13.89 1.47
0 95.71 -11.66 1.45
0 96.32 -12.2 1.54
0 96.3 -11.91 1.97
0.08 95.49 -5.63 2.81
0 95.53 -5.81 1.86
0.06 96.1 -6.24 2.15
0 96.64 -8.35 1.82
1.41 96.2 -8.79 1.55
0.97 95.94 -8.59 1.81
0 95.9 -7.39 1.54
0 95.84 -4.52 2.01
0.65 96.32 -6.88 1.56
0.14 96.16 -4.44 1.26
0 95.73 -1.29 1.53
0 95.58 1.88 1.74
1.01 95.3 3.72 3.48
2.36 95.96 -2.9 3.89
0.06 95.68 -6.47 1.75
0 95.53 -4.69 1.66
0.32 95.47 -4.83 2.28
0.7 95.46 -5.48 1.75
2.09 95.78 -4.76 2.81
0 95.84 -6.36 2.97
0 96 -7 2.82
0 96 -5.71 2.33
0 95.52 -4.87 2.06
0 95.81 -4.7 2.22
0 95.32 -2.14 2.25
0 95.08 1.62 3.42
0 95.74 -1.11 3.92
0 95.34 -1.49 1.92
0 94.87 2.29 3.25
0 94.55 7.02 2.52
0 94.92 5.1 2.34
0 94.46 7.86 4.81
0 95.57 4.43 2.1
0.14 95.5 3.65 4.38
0 95.82 4.04 4.6
0 95.24 6.75 2.89
0 95.27 7.75 3.09
0 95.54 7.85 2.57
0 94.57 12.47 4.35
0 94.53 12.03 2.44
0.01 94.54 11.4 2.51
0 94.6 10.84 2.99
66.08 94.34 11.45 2.82
27.1 94.81 10.02 2.24
0 95.02 11.19 2.23
1.1 95.12 9.46 2.03
0 94.61 11.75 2.61
0 95.27 8.41 3.58
0 95.71 3.32 4.42
0 94.88 6.79 4.48
0 95.48 5.67 3.8
0 94.9 13.09 3.71
0 94.81 14.19 1.61
0 94.69 14.57 2.54
0 94.88 11.92 4.16
0 95.61 9.68 2.17
1.94 95.23 10.64 1.95
1.02 94.95 11.67 1.91
0 95.08 13.63 1.68
0 94.98 17.48 3.21
0 95.53 13.46 2.96
0 94.86 13.52 2.22
10.98 94.83 8.47 2.68
0.03 95.51 8.78 2.68
25.84 95.36 7.76 2.48
0.07 94.94 9.57 246.08
0 95.03 11.67 3.52
0 94.72 14.03 2.61
1.37 94.41 16.3 3.58
6.41 94.67 17.48 3.93
0.48 95.12 16.44 3.58
39.45 95.38 11.51 3.07
0 95.63 12.59 2.6
0 95.48 13.65 1.99
0 94.87 15.21 1.64
0 94.33 18.74 1.97
8.76 94.28 17.97 4.38
148.02 94.9 7.45 4.73
8.96 94.52 8.31 5.12
8.69 94.74 5.55 5.35
0.16 94.97 7.88 4.13
0.15 94.37 11.73 2.4
35.01 94.37 8.59 3.82
0.77 94.92 11.88 1.99
66.14 95.2 10.81 2.48
3.34 95.11 12.37 1.95
229.54 94.24 8.95 2.45
54.97 93.39 15.22 3.82
0 93.58 17.3 3.84
0.08 93.92 14.17 3.58
0 93.68 14.21 3.14
0.08 94.45 16.91 2.87
3.11 94.82 16.42 2.1
3.09 94.45 18.56 2.89
66.17 94.1 16.81 2.53
3.32 94.14 17.63 2.82
0.04 94.25 19.27 2.24
0 94.27 21.98 2.42
0.3 94.58 24.94 3.55
50.51 94.44 17.44 2.63
0.61 94 16.97 5.1
0 93.46 21.41 4.12
23.35 93.24 18.58 2.87
0.8 93.69 22.05 2.33
0 93.75 24.22 40.27
0.16 94.35 25.06 2.5
0 94.32 27.56 3.61
7.35 94.52 23.41 2.62
0.6 94.66 21.48 2.49
0 94.52 22.4 2.16
1.01 94.31 22.43 1.99
15.15 94.17 23.58 2.29
332.52 94.3 16.47 2.4
115.03 94.15 13.8 3.15
19.13 93.86 16.43 2.8
36.86 94.17 15.75 2.11
39.98 94.57 15.54 1.79
13.98 94.66 18.49 2.11
23.81 94.45 20.22 2.53
13.64 94.49 20.75 2.36
0.03 94.36 21.82 2.02
6.63 94.17 23.1 1.69
145.85 93.97 20.48 1.88
99.11 93.86 19.91 2.05
90.14 93.98 19.29 2.44
5.96 94.25 19.42 1.88
47.33 94.39 19.31 1.87
7.62 94.52 19.17 1.53
177.49 94.59 18.37 2.34
2.76 94.46 21.43 1.92
0.08 94.08 23.44 2.3
13.7 93.9 22.47 2.96
20.4 93.96 21.96 3.52
0.39 94.38 22.06 3.65
0.89 94.3 22.88 2.91
0 94.38 24.26 1.89
0 94.34 24.71 1.7
25.39 94.29 22.94 2.44
103.92 93.99 20.48 2.25
21.62 93.74 23.03 2.22
0.07 94.21 24.89 2.25
1.36 94.29 25.33 2.83
1.41 94.15 25.73 2.33
5.37 93.94 24.98 2.78
20.29 93.88 23.26 3.46
0 94.07 23.53 2.85
0 93.78 24.17 3.57
3.72 93.86 22.61 2.83
9.83 94.05 21.87 2.67
0.73 93.98 22.94 2.47
3.15 94.05 23.73 1.85
34.18 94.02 23.48 2.48
96.3 94.08 21.93 40.44
11.96 94.31 22.68 39.84
0.34 94.4 26.23 1.75
0.67 94.5 28.52 2.08
3.84 94.13 29.13 4.22
94.31 93.98 24.21 2.31
0.41 94.3 22.23 1.61
0 94.01 24.76 2.52
0.13 94.36 22.97 1.91
0 94.41 23.1 1.64
0.02 94.6 23.59 1.79
10.73 94.48 25.62 2.35
3.88 94.03 26.97 3.1
9.63 94.04 25.67 3.4
31.27 94.19 24.26 1.95
0 94.28 25.99 2.31
0 94.26 26.89 2.62
4.12 94.11 26.35 2.37
12.48 94.06 25.77 1.89
106.48 94.33 20.06 2.45
1.08 94.3 21.95 1.97
0 94.56 22.41 2.48
0 94.68 21.77 1.51
0.02 94.54 22.48 1.95
45.14 94.29 21.47 2.19
25.22 94.03 21.29 1.68
2.06 94.21 22.11 3.36
0.48 94.41 21.12 2.1
25.94 94.45 18.99 1.82
12.01 94.36 18.94 1.67
10.79 94.4 20.09 2.11
9.09 94.52 20.39 1.75
4.19 94.65 21.23 2.06
7.44 94.85 21.1 1.68
0.8 94.78 22.59 1.79
1.58 94.48 23.8 2.24
7.79 94.45 24.12 1.9
63.92 94.39 22.78 2.24
58.36 94.24 22.5 1.84
110.16 94.49 19.53 2.16
1.6 94.78 19.85 2.45
0 94.9 20.88 1.83
0 94.99 22.57 1.73
9.94 95.11 20.62 1.8
5.72 95.15 20.75 1.53
1.28 95.11 20.66 1.87
16.91 94.94 19.83 1.7
11.86 94.9 19.64 1.76
254.66 94.85 16.02 2.24
1.31 94.49 17.6 1.83
0 94.17 20.15 2.27
0 94.7 18.85 1.47
0 94.72 20.36 1.52
2.72 94.33 20.6 2.79
0.02 94.59 18.52 2.85
0 94.76 16.04 1.42
0.02 95.03 17.29 1.59
0.18 95.02 18.6 1.91
29.25 95.08 16.87 1.36
0.64 94.9 18.53 2.32
0.16 95.2 16.28 2.9
0 95.3 14.21 2.97
0 95.35 13.27 1.41
0 95.44 15.99 1.29
0 95.41 16.74 1.85
18.1 94.73 16.23 2.31
33.6 94.68 14.47 2.7
0.03 95.28 14.21 1.52
0.75 95.32 16.25 1.94
93.2 95.48 12.53 1.79
24.44 95.24 13.15 1.57
0 95.16 13.72 1.65
45.34 94.54 14.4 2.47
0.09 95.09 13.44 2.1
0.7 95.01 13.99 2.58
22.63 95.76 6.69 3.75
0.08 95.86 5.68 1.71
38.91 95.01 6.86 1.65
28.94 94.87 7.96 2.15
0 95.21 8.8 1.56
117.29 95.41 7.7 1.47
16.18 95.89 8.23 2.38
0 95.72 8.78 1.95
0 95.3 11.89 1.7
0 95.2 13.69 2.28
0 95.37 15.92 2.06
0 95.62 13.62 1.56
0.73 95.54 14 2.6
0.76 96.46 8.65 3.33
0 96.04 4.61 1.67
0 95.14 8.1 2.18
0 94.68 9.59 4.14
0 95.21 9.47 2.93
0 94.94 12.37 2.35
0 95.05 13.15 2.11
0 94.75 15.91 3.85
0 95.53 8.04 2.66
0 95.91 4.05 1.9
0 95.4 5.8 1.72
0 94.66 10.95 2.84
0 94.37 13.44 2.94
0 94.56 11.42 1.92
0 96 4.75 4.61
0 96.42 2.25 1.61
0 95.85 3.8 1.62
0.06 95.58 8.02 1.73
5.63 95.73 8.4 32.28
2.6 95.47 6.04 1.52
2810.08 95.13 6.75 3.24
2810.15 95.31 3.81 3.82
2810.08 95.1 6.45 2.4
2810.08 94.72 7.68 3.44
2810.09 95.06 6.31 3.05
2810.08 96.31 -0.57 2.88
2810.08 96.29 -1.58 1.48
2810.08 95.89 0.44 1.8
2810.08 95.68 3.76 1.62
2810.08 95.37 3.74 1.45
2810.09 95.02 2.59 3.26
2810.13 95.47 -4.12 5.62
2810.08 95.48 -1.89 2.79
2810.08 95.81 -2.18 1.57
2810.08 95.92 -1.49 1.55
2810.37 95.76 0.87 1.96
2810.08 96.11 -1.28 1.54
2810.08 96.04 -0.74 1.48
2810.08 95.36 1.29 2.74
2810.08 94.8 2.96 3.57
2810.08 95.29 0.5 2.54
2810.08 95.81 -1.84 2.01
2810.17 95.58 1.07 2.77
2810.08 95.95 -2.82 1.83
2810.08 95.08 -2.41 2.15
2810.08 94.62 245.34 4.48
2810.08 95.68 -2.67 2.07
2810.08 95.22 -1.57 1.41
2810.1 95.06 -0.67 2.05
2810.52 95.18 -1.57 5.33
0 95.75 -11.37 6.29
0 95.52 -11.03 3.56
0 95.27 -11.1 5.43
0 95.4 -10.74 4.26
0 95.51 -10.38 3.32
0 95.69 -9.66 1.87
3.06 95.72 -9.1 1.62
0 96.25 -10.06 1.5
0.05 96.13 -7.74 2.68
3.17 95.5 -5.01 4.56
0.1 95.91 -9.25 2.89
0.03 95.51 -10 3.81
0 95.66 -10.72 2.45
0 95.7 -9 1.59
0.29 95.64 -8.85 3.5
0 95.74 -12.36 3.38
0.01 95.76 -10.71 2.08
0 95.7 -7.96 2.51
0.19 95.41 -6.39 4.22
0 95.74 -10.24 3.61
0 95.4 -9.89 3.26
0 95.19 -3.76 2.27
0 95.22 -3.58 2.89
0 96.06 -5.5 3.66
0 96.29 -5.31 2.38
0 96.06 -8.21 1.27
0 95.66 -4.68 2.26
0 95.06 -5.21 1.93
0 94.41 -4.17 3.3
0.16 95.09 -6.64 98.43
0.04 95.85 -10.78 5.08
0.15 95.83 -11.21 2.67
0 95.76 -7.2 2.9
0 94.55 -3.08 3.48
0 94.77 -3.18 1.76
0.55 95.11 -2.84 4.81
0 95.65 -7.48 2.99
0 96 -9.23 1.61
0 95.91 -8.62 1.89
0 95.79 -5.89 2.3
0.05 95.34 -4.61 2.76
0 96.36 -7.45 2.3
0 96.51 -8.73 1.73
0 96.06 -5.72 1.79
0 96.19 -8.66 1.61
0.43 95.84 -9.17 1.68
1.94 95.83 -9.68 3.46
0 95.97 -9.03 1.99
1.99 94.86 -5.06 3.35
0.02 95.49 -8.15 1.87
0.06 95.4 -7.26 2.13
0.93 95.92 -7.34 2.2
0 95.41 -8.05 1.77
0 94.9 -4.02 3.02
0 95.75 -6.65 1.92
1.89 95.39 -4.54 1.33
3.42 95.96 -8.4 3.79
0 96.5 -11.94 2.76
0 96.34 -11.84 1.99
0.11 95.76 -8.42 3.48
0 96.37 -10.4 3.4
0 96.65 -9.35 1.56
0 96.44 -8.33 1.59
0 96.27 -7.69 1.51
0.12 96.15 -4.8 2.56
0.07 96.08 -6.5 3.35
0 95.98 -4.15 2.71
0 95.34 -1.75 2.75
0.04 96.15 -10.16 5.14
0 96.28 -11.64 3.33
0 95.57 -6.28 2.51
0 94.9 -3.13 2.2
0.01 94.92 -5.97 3.25
0 95.12 -6.24 2.23
0 94.75 -4.59 1.86
0 94.56 -0.69 2.22
0.03 95.22 -3.09 1.4
9.91 94.99 -1.35 2.48
0.01 95.59 -1.77 4.18
0 96.23 -3.55 2.3
0 95.75 -3.78 2.84
11.65 94.95 -0.69 3.29
18.73 94.43 -1.05 5.49
0.18 94.85 -6.06 5.55
0 95.09 -6.4 1.93
0 94.71 -5.93 1.93
0.39 95.17 -7.01 3.13
0 95.58 -8.89 3.45
0 96.21 -7.01 1.92
4.94 95.29 -2.81 4.62
0 94.95 -0.95 3.1
0.05 94.53 -2.65 2.49
0.09 95.22 -6.63 5.79
0 95.72 -6.45 2.56
0 95.47 -3.51 2.85
0 94.81 1.16 4.1
0 95.1 1.52 2.71
1.96 95.66 -2.91 3.09
0 96.48 -9.34 5.51
0 95.84 -4.26 3.29
0 95.45 -3.72 3.6
0 94.96 -2.98 2.83
0 112.55 241.19 245.68
0 95.09 0.38 3.38
0 94.74 5.57 3.75
0 94.64 5.75 3.04
0 95.38 3.12 2.38
0 94.69 6.51 2.77
0 94.94 6.43 3.6
0 95.06 5.62 2.58
0 95.01 6.4 3.94
0 95.94 2.17 4
0 96.12 3.17 2.8
0 96.31 3.82 1.63
0 96.08 7.52 2.67
0 95.89 11.99 3.9
0 95.1 12.74 4.6
0 94.65 12.06 3.57
0 94.79 10.39 3.06
0 94.31 14.09 3.88
6.91 95.26 6.84 3.06
0 95.38 4.89 1.67
189.1 93.85 2.44 2.3
0.58 94.65 4.07 2.31
2.32 94.6 5.45 1.76
0.15 95.13 4.12 4.63
0 96.24 -0.63 4.03
0 96.21 0.29 3.19
0 95.46 4.41 2.6
0.07 95.19 7.57 2.89
0.16 95.38 7.8 2.07
23.75 95.57 7.01 3.44
172.75 96.15 -0.47 4.23
0.51 95.79 3.44 2.12
0 94.22 11.32 1.92
1.08 93.38 13.92 3.8
1.15 94.25 8.62 5.65
0 94.31 11.28 2.2
0.05 94.59 12.49 2.61
0.02 95.04 10.68 3.33
0.02 94.7 11.07 2.97
0.08 94.58 11.38 2.38
0 94.86 13.86 3.8
0 95.02 14.31 4.97
0 95.32 14.39 2.64
0 94.72 20.18 3.92
0 94.34 23.3 4.05
26.32 94.04 19.88 3.66
15.37 94.64 16.4 2.5
0 94.69 18.84 2.23
0 94.6 20.55 2.76
15.05 94.4 16.86 3.47
20.72 94.45 15.44 2.12
0 94.75 13.02 5.09
0 94.58 13.61 4.26
0 94.02 14.56 5.35
0 94.55 12.29 2.61
0.38 94.48 12.79 4.75
18.24 94.76 7.66 2.13
0 95.13 8.68 1.63
89.64 95 8 2.39
61.24 94.1 7.29 1.94
12.74 92.88 11.14 3.83
0.47 92.97 18.6 3.45
1.39 94.26 16.04 5.16
0.03 94.87 15.63 3.99
0 94.32 18.23 3.16
21.13 93.47 18.71 3.6
28.78 93.65 14.65 5.15
1.14 94.06 13.34 5.63
0 94.88 18.03 3.9
0 94.53 20.92 2.9
0 94.38 21.73 2.62
1.27 94.31 21.86 2.25
0.17 94.15 23.97 3.04
0.68 94.05 25.16 3.78
6.4 94.19 23.74 2.65
0.24 94.18 22.86 2.99
4.4 93.87 23.17 3.61
0.68 94.17 20.89 3.47
0 94.26 19.81 2.49
0 93.47 24.46 6.02
7.31 93.92 22.53 2.86
1.63 94.49 19.27 3.97
0 94.71 21.17 2.81
78.1 93.96 17.46 2.85
34.19 93.43 18.81 2.5
43.39 93.93 18.21 2.55
0.29 94.26 19.25 3.45
2.44 94 19.5 2.52
6.24 94 18.57 2.1
101.22 93.75 16.67 2.5
164.71 93.28 15.35 2.07
42.44 93.35 16.38 1.67
78.24 94.23 17.16 2.23
0.67 94.5 20.39 1.8
14.29 94.34 21.76 2.1
0.31 94.06 22.6 1.86
122.37 94.08 19.51 2.6
5.05 94.25 18.67 3.54
82.35 94.69 16.48 2.67
0.05 94.79 21.12 2.28
0 94.43 23.14 1.8
6.05 94.16 23.71 2.6
0.44 94.3 23.46 2.48
13.99 94.1 23.47 2.69
22.64 93.82 21.42 2.17
77.38 93.78 20.68 2.15
1.52 94.21 21.87 1.58
5.65 94.27 23.59 2.09
187.7 94.42 17.45 2.06
30.44 93.85 18.12 1.74
32.58 93.42 18.87 2.93
3.95 93.97 16.9 3.23
0.09 94.54 18.53 2.21
55.45 94.52 19.36 1.9
9.89 94.64 20.23 1.6
0 94.62 22.19 2.06
0.32 94.48 23.64 2.06
3.42 94.63 24.58 2.07
0.26 94.86 25.64 2.32
4.69 94.69 23.83 2.56
0.8 94.41 25.15 1.97
1.56 93.91 26.22 2.35
0.33 93.73 26.45 3.24
15.47 94.07 26 2.6
35.88 94.47 23.39 2.29
39.14 94.66 20.63 2.14
21.87 94.5 21.48 1.66
106.26 94.33 21.92 1.68
67.09 94.47 22.15 1.93
41.51 94.39 22.76 2.34
25.69 94.14 23.52 2.1
67.41 94.11 22.69 1.84
9.63 94.11 22.71 1.44
19.03 93.93 22.58 1.66
5.09 93.75 23.83 1.97
6.69 94.13 24.97 2.19
34.18 94.22 24.49 1.98
47.79 93.98 23.85 2.25
123.43 93.95 23.71 2.2
241.36 94.34 21.07 2.34
8.54 94.55 22.21 1.62
2.28 94.37 23.16 1.77
25.83 93.89 24.8 2.94
0.18 93.89 22.61 1.93
3.15 93.75 24.35 2.6
5.54 93.91 24.86 3.08
27.8 94.29 23.91 2.03
22 94.84 22.39 2.35
42 94.89 22.69 1.63
16.01 94.79 23.71 2.16
0 94.82 23.69 2.08
0 94.64 23.98 1.5
0 94.47 24.4 1.55
0 94.16 25.41 1.77
1.19 93.97 25.15 2.28
0.03 94.25 23.56 2.27
0 94.3 23.56 1.63
0.92 111.53 264.96 245.1
55.61 111.87 264.82 245.27
97.32 94.75 19.91 1.85
22.59 94.47 19.28 2.2
6.21 94.28 20.02 2.24
43.75 94.39 19.67 1.82
14.47 94.7 20.01 1.81
31.64 94.93 19.51 1.95
9.75 94.86 20.05 2.06
39.39 94.74 19.79 2.27
0.06 94.67 20.44 2.41
23.98 94.52 19.93 1.86
5.14 94.67 18.69 1.38
22.7 94.82 18.67 1.57
156.26 95 17.57 1.57
93.99 95.04 18.13 2.17
1.81 95.02 20.58 2.28
0.22 95.18 19.59 1.93
19.51 95.01 17.85 1.44
70.54 94.83 16.9 2.1
0.03 94.98 17.38 1.88
0 94.88 19.17 1.45
2.39 95.03 20.39 2.28
26.49 95.7 15.84 2.1
3.33 95.63 14.41 1.67
51.31 95.07 13.09 1.69
10.69 95.02 14.16 2.47
0 94.96 19.14 2.23
0 95.28 19.05 2.31
0 95.39 18.51 2.63
0 95.24 18.91 2.21
5.63 95.21 19.31 1.53
11.27 95.28 18.58 2.03
0.01 95.36 16.44 2.09
4.81 94.85 16.38 2.21
6.23 94.65 19.03 2.34
56.37 94.49 17.55 2.79
31.3 94.61 14.21 2.01
38.13 94.54 14.93 1.85
17.92 94.55 15.31 3.01
0 94.8 14.03 2.35
0 95.01 15.89 2.5
0.24 95.81 13.67 1.57
4.89 96.28 11.07 1.89
9.65 95.17 14.59 3.01
50.89 94.44 11.08 5.24
0.04 94.36 13.6 4.24
0 95.34 11.47 1.83
0 95.65 13.94 2.34
0 95.18 17.09 3.32
0 95.07 17.21 2.02
0 94.85 17.47 3.05
0 95.16 10.17 3.81
0.63 94.49 5.8 3.23
2.54 94.68 5.64 5.06
3.18 94.99 9.82 4.48
0 95.38 11.85 2.28
0 95.44 12.74 1.78
0 95.2 13.27 1.66
0 95.13 14.1 1.56
0 95.16 14.93 2.46
3.6 95.29 13.1 2.82
0 96.02 6.15 2.57
0 94.94 10.19 2.58
31.85 95.48 5.4 1.75
19.24 95.82 5.1 1.89
2.24 100.93 84.42 40.27
0 100.42 84.89 40.25
0 96.06 7.14 2.11
0 95.99 4.77 1.65
7.25 94.8 7.14 5.01
0 94.85 3.83 3.59
0 95.44 1.78 3.3
0 95.77 0.18 3.7
0 96.19 0.6 2.58
0 96.25 2.89 1.48
0 95.59 5.18 1.62
0 95.41 5.89 1.22
0 95.37 8.65 3.64
0 95.56 9.58 2.98
0.59 96.65 1.47 3.74
67.6 96.72 -3.74 2.76
38.13 96.33 -3.73 3.16
7.68 95.86 -3.18 1.88
0.22 95.9 -3.19 1.29
0 96.06 -3.25 1.33
0 96.21 -1.54 1.42
0.1 96.06 1.01 1.27
0.02 95.36 2.8 1.78
0 94.73 5.37 2.48
0.4 95.56 2.39 2.2
6.28 95.4 -2.03 2.52
0 96.07 -4.29 2.27
5.83 95.96 -5.69 2.27
12.44 95.96 -7.02 2.05
7.63 95.96 -7.96 1.91
7.32 96.44 -8.44 1.67
20.84 96.9 -11.11 2.6
9.51 96.98 -12.59 2.92
0.12 96.87 -14.74 2.05
0.02 96.02 -14.26 2.63
0 95.95 -13.97 2.67
0.08 95.46 -11.43 1.35
0.4 95.9 -9.62 1.37
9.63 95.63 -5.1 2.3
0 95.52 -7.29 1.62
0.52 94.85 -3.02 2.21
0.12 94.67 -5.47 4.72
0.29 94.98 -7.52 5.35
0 95.34 -5.01 3.56
0 95.98 -5.22 2.07
0 96.11 -7.71 1.43
0 96.28 -8.8 1.03
0 95.87 -3.35 2.11
1.78 95.52 0.29 2.68
0.01 95.78 -1.46 3.47
0 96.09 -6.62 1.7
0 95.76 -6.34 1.37
0 95.87 -6.45 1.05
4.69 95.21 -4.94 2.84
0.04 95.29 -6.52 4.26
0.06 95.85 -8.54 5.17
0 95.93 -7.74 2.76
0 96.38 -5.74 1.86
0 96.36 -6.31 1.48
0 95.49 -3.64 2.24
0 95.71 -5.47 1.67
0 95.8 -7.79 1.59
0 95.71 -5.56 2.09
0 95.8 -8.98 2.16
0.01 94.77 -7.02 2.87
0 95.79 -12.03 3.48
0 96.56 -14.48 1.93
0 96.31 -8.36 2.05
0.38 95.86 -5.77 1.5
2.49 96.11 -7.17 1.43
0 96.12 -8.18 1.91
0 95.27 -3.06 2.31
0.01 95.25 -5.58 1.35
2.02 95.43 -7.99 1.9
0 95.91 -10.52 3.52
0 95.73 -11.93 2.48
0 96.01 -10.11 2.81
0 95.86 -9.91 3.27
0 95.66 -10.43 2.68
0 95.42 -10.24 1.97
0 96.14 -12.03 2.95
0 96.41 -13.14 2.61
0 95.9 -12.88 3.05
0.09 95.24 -11.51 3.8
0.14 94.97 -10.78 2.43
0 95.01 -11.39 1.7
14.57 95.62 -14.55 2.35
2.6 95.64 -18.4 2.54
0 95.3 -18.82 4.15
0 95.9 -18.07 1.72
0 96.39 -17.43 1.41
1.17 96.33 -16.78 1.95
0.79 96.85 -20.27 3.12
0 96.75 -23.57 4.72
0 96.29 -15.69 4.4
0 95.71 -10.33 2.88
0 95.57 -11.52 3.23
0 95.63 -10.06 3.22
0 96.15 -12.55 1.88
0 96.59 -15.68 1.71
0 96.39 -16.22 2.24
0 96.46 -13.18 2.95
0 96.33 -10.85 2.66
0 95.98 -9.23 2.05
0 95.75 -8.73 2.5
0 95.96 -8.53 3.43
0 95.89 -8.64 3.56
0 95.8 -7.31 2.68
0 94.92 -7.16 2.67
0.01 94.54 -4.23 3.31
0 95.2 -3.26 2.6
0 94.88 0.76 2.57
0.06 94.79 1.2 2.13
3.8 95.04 0.33 2.85
33.02 95.75 -7.76 5.69
0 95.84 -12.24 5.11
0 95.22 -9.36 3.76
0 95.09 -5.11 3.94
0 95.04 -2.49 3.46
0 95 -3.67 3.62
0.16 95.84 -6.78 3.38
0 95.81 -9.09 3.62
0 95.65 -9.37 2.54
0.01 95.78 -6.66 3.11
0 96.67 -10.32 2.37
0 96.3 -9.13 2.43
0 96.22 -8.32 2.91
0.11 95.56 -6.67 2.9
0.03 95.64 -6.87 2.01
0.17 95.95 -8.02 3.89
0.1 96.18 -8.56 3.24
0.05 95.28 -1.06 2.74
0 94.89 1.88 2.11
0 94.83 1.21 2.52
0.35 95.22 -0.13 1.48
26.12 95.06 0.7 3.81
0.04 95.06 -1.24 2.43
3.46 95.33 -3.87 4.02
0 96.09 -7.53 4.44
0 96.19 -7.44 3.62
0.03 95.96 -6.48 3.3
0 95.44 -5.23 2.01
0 94.82 -1.24 3.79
0 95.56 -1.64 2.54
0 95.4 1.35 2.45
0 94.85 4.77 2.71
0 94.71 7.96 3.2
0 94.31 9.69 4.73
0 94.71 7.42 3.99
0 95.59 4.15 1.92
0 95.83 5.83 1.85
0 95.47 8.53 2.63
0 95.8 5.67 4.16
0.03 96.38 2.22 4.6
0 96.39 2.16 3.11
0 96.07 3 2.98
0 95.67 7.3 2.95
0 95.1 9.24 2.38
0 94.47 10.88 3.74
0.55 94.94 7.44 3.43
0 94.91 8.89 3.14
0 93.99 14.86 4.51
11.08 94.24 10.38 4.77
1.01 95.29 6.38 3.93
0 95.3 8.03 3.3
0 94.5 10.36 3.52
0.13 94.78 10.13 2.54
0.66 94.19 12.22 4.49
0 94.53 10.28 4.44
0 94.48 11.88 5.42
0 94.71 7.72 3
0 95.34 5.63 3.22
0 94.88 7 4.28
20.97 94.02 8.97 2.59
0.16 93.77 10.65 4.73
0 94.86 11.26 3.32
0.66 94.4 15.16 4.76
13.99 94.33 10.46 3.95
1.72 94.31 6.57 4.28
5.67 94.61 6.74 2.42
2.53 94.95 7.82 3.21
0.02 94.6 13.62 2.78
0 93.77 15.28 5.72
0 94.3 11.09 5.85
0 94.82 11.1 2.87
0 94.31 14.24 4.36
0.97 95.08 11.14 3.14
32.85 95.31 9.07 2.1
2.18 94.93 12.37 1.75
0 95.06 13 2.34
30.97 94.28 13.32 2.51
0.06 93.89 17.12 2.69
30.32 93.63 20.98 3.98
172.7 94.41 11.13 2.47
59.77 93.54 11.6 4.94
0 94.04 15.72 3.02
17.85 94.03 15.43 4.59
0.03 94.34 13.11 5.96
0 95.09 15.38 2.67
0 94.56 18.35 4.26
1.41 94.71 16.69 2.39
0 94.41 17.11 2.23
0.98 93.62 19.7 4.06
151.82 94.33 11.62 4.51
0 95.21 14.39 3.59
31.65 94.84 11.97 3.69
1.15 94.65 12.67 3.37
0 94.15 18.09 3.29
0 94.28 22.78 3.56
0 94.56 23.66 4.03
0 94.77 22.18 3.54
0 94.93 21.91 3.43
0.03 95.59 19.2 3.44
0.04 95.5 18.36 2.51
40.11 94.64 15.07 1.95
24.48 93.61 15.76 4.43
7.61 93.88 18.49 3.3
0.29 94.36 18.65 4.27
0 94.31 21.38 4.35
0.17 93.92 23.66 3.96
0 94.27 19.26 4.09
0 93.98 22.04 4.12
15.4 94.75 17.3 2.13
0 94.82 19.93 1.55
0 94.46 23.05 2.6
0.01 94.13 23.8 3.11
0.03 94.26 22.74 2.67
0.33 94.52 22.89 2.14
24.37 94.67 19.55 3.22
5.44 94.72 19.23 2.02
0.09 94.46 21.69 2.6
18.14 94.15 21.19 3.83
106.64 93.92 20.17 4.2
37.44 94.4 18.14 2.38
10.53 94.31 19.4 1.95
5.79 93.97 19.44 1.94
123.02 93.85 15.39 2.06
16.75 93.89 18.33 2.02
3.01 93.51 19.86 2.21
48.25 93.55 20.4 1.85
2.28 94.1 20.71 2.83
0.01 94.19 23.39 2.46
18.12 93.86 24.75 2.77
37.76 93.88 23.69 2.42
26.38 93.9 22.55 2.14
17.23 94.15 21.16 2.87
5.54 94.2 21.03 3.68
0 94.35 24.16 2.87
0 94.3 24.58 1.94
24.75 94.04 23.04 2.58
68.74 94.13 19.17 2.89
108.48 94 20.37 2.11
52.79 94.04 20.33 2.02
0 94.18 20.72 1.81
0.21 94.15 22.31 1.66
0 94.27 25.03 2.62
0 94.43 24.73 2.84
2.86 94.65 25.12 1.92
0 94.74 26.45 1.76
0 94.67 26.83 2.68
0 94.42 26.46 2.63
0 94.18 27.83 1.98
0 93.94 28.77 2.41
6.65 93.64 29.02 3.35
93.7 93.9 22.26 2.03
0.89 94.22 24.48 2.39
1.4 94.55 22.83 2.6
9.19 94.24 19.97 2.03
3.77 94.11 19.47 2.2
3.04 94.38 21.86 1.72
0.08 94.39 23.73 2.08
19.37 94.46 23.72 2.45
251.51 94.55 20.97 2.09
815.67 94.08 21.04 2.49
52.2 93.85 23.47 1.73
11.35 93.76 26.56 2.74
0.51 94.26 25.7 1.96
444.59 94.27 20.72 2.61
2.84 94.16 22.44 1.54
2.91 93.95 24.12 2.12
23.63 93.93 23.83 2.14
23.39 94.29 23.52 1.83
149.43 94.56 23.35 2.07
49.16 94.68 22.2 1.65
20.9 94.77 22.94 1.97
0.27 94.78 24.68 1.72
0 94.73 26.04 1.44
0 94.67 26.92 1.78
0 94.58 26.83 2
376.14 94.31 25.33 1.93
159.75 94.67 23.54 2.35
0 94.77 22.29 1.39
0 94.42 23.85 2.27
0 94.22 26.66 3.29
1.43 94.23 28.56 3.06
20.71 94.3 25.37 2.25
0 94.26 24.68 1.74
0 94.51 24.04 1.87
9.14 94.42 23.26 1.62
91.29 94.27 21.84 2.01
6.5 94.14 22.59 1.38
243.75 94.09 20.37 1.67
14.42 94.51 21.41 2.23
11.83 94.64 21.96 1.74
0.78 94.78 22.98 1.89
2.58 94.87 23.46 1.6
17.8 94.4 21.36 1.58
13.15 94.21 23.48 2.19
122.27 94.94 17.98 3.73
0 95.24 17.97 2.14
4.5 94.9 18 2.09
2.23 94.87 18.77 2.04
0 95.02 18.21 2.02
0 94.46 18.02 2.03
14.88 93.42 16.84 3.94
22.92 93.27 15.74 2.56
5.45 93.92 19.04 1.59
18.05 94.43 18.61 1.23
122.94 94.69 17.89 1.58
49.6 94.63 17.39 1.4
12.58 94.5 19 1.54
2.94 94.24 18.97 1.69
5.26 94.33 17.97 1.63
46.32 94.62 16.74 1.75
12.26 94.78 16.4 1.7
67.15 95.13 15.43 2.08
15.57 95.38 16.06 1.44
2.9 95.32 17.31 1.41
49.5 95.14 18.73 1.65
0.02 95.02 19.52 1.7
6.55 95.09 18.41 1.97
3.75 95.5 16.17 1.91
21.84 95.66 14.02 2.1
0.2 95.7 13.8 2.43
0 95.55 13.95 1.46
1.28 95.35 14.38 2.12
5.25 94.99 16.48 2.12
3.64 94.69 18.36 1.97
2.27 94.43 20.1 3.22
0.06 95.09 17.16 2.21
13.06 94.89 17.08 1.81
2.09 95.61 12.13 4.65
0 96.03 8.36 2.23
0.05 95.26 10.07 2.24
0.1 94.92 15.47 2.1
6 94.78 18.58 3.3
2.32 94.8 15.85 2.15
1.77 94.78 15.63 3.08
95.97 95.32 7.96 2.22
12.26 95.41 6.8 2.02
0.75 95.97 8.66 1.58
63.03 95.14 10.64 2.9
0.87 95.35 6.16 4.65
0 95.57 5.02 1.83
0.42 95.15 6.51 1.74
0 95.69 6.07 50.17
0.4 95.68 7.7 1.56
0 95.28 12.24 1.49
0 95.36 13.51 1.74
0.25 95.53 14.65 2.47
5.62 95.02 14.21 3.99
0 95.47 10.13 2.2
0 95.25 12.01 1.88
0 95.09 13.23 2.38
2.44 95.95 5.21 2.71
45.62 95.35 5.62 1.79
44.09 96.01 2.43 2.83
0 95.67 2.8 1.5
0 95.04 3.82 1.45
0 94.68 8.48 2.99
0 95.82 3.54 2.02
24.27 95.88 2.86 1.27
9.99 96.07 2.43 3.06
0.31 96.15 0.48 2.67
2.44 95.84 0.1 3.34
0 96.65 -4.73 3.15
0 96.29 -3.16 2.37
0 95.59 0.62 3.04
0 95.02 2.17 1.75
0 94.15 4.3 1.73
0 95.13 2.04 2.71
0.23 95.94 -0.5 2.05
6.06 96.19 -1.26 3.27
0 96.55 -3.61 1.66
0 95.95 -1.69 2.26
3.22 94.52 2.68 3.54
1.68 94.72 -1.07 1.77
0.24 95.25 -0.96 1.44
0 94.76 4.2 3.45
0 95.42 1.47 4.8
0 95.68 -2.95 2.07
0 95.41 0.51 2.45
0 95.36 -0.56 2.21
0.23 94.8 0.98 2.44
2.31 95.28 -3.38 2.22
28.16 95.83 -6.81 1.84
55.76 96.18 -9.17 2.77
0 96.57 -11.31 2.97
0 96.25 -10.48 2.61
0 95.77 -8.25 2.69
0 95.43 -5.97 1.94
0 94.97 -2.56 3.27
0 95.75 -5.88 3.07
0 96.19 -4.76 1.61
0.12 96.45 -5.1 1.74
5.48 95.33 -1.04 3.41
0 96.08 -3.46 3.51
0 95.82 -0.03 2.64
0 95.08 2.27 3.08
0 95.13 -1.12 2.61
0.82 95.77 -5.52 3.45
0 95.24 -5.45 2.93
0 95.45 -6.04 2.37
2.87 94.86 -3.76 3.5
0 95.81 -7.29 2.16
0 95.95 -7.98 1.42
0 95.37 -5.83 2.56
6.43 95.67 -3.54 2.39
0 96.27 -8.65 3.14
0 96.22 -10.15 2.03
0.01 96.2 -8.88 2.84
0 95.45 -4.88 2.45
0 95.39 -4.39 1.13
0 95.55 -3.95 1.02
0 95.61 -3.46 1.13
0.02 95.94 -3.28 1.32
0.12 95.94 -4.67 2.48
3.28 95.61 -9.11 3.66
0 96.02 -10.24 2.37
0 95.93 -9.95 1.33
0.04 95.75 -5.04 3.54
0.93 96.37 -8.89 3.48
0 96.27 -11.13 2.1
0 95.99 -9.73 3.89
0 96.21 -9.03 2.89
0 95.73 -7.65 1.81
0 95.6 -6.61 1.52
0 95.4 -3.01 3
0 95.56 -4.73 2.22
0 95.24 -2.1 2.82
0 95.81 -5.22 1.45
0 96.12 -6.73 1.36
0 95.67 -3.57 1.61
9.83 95.68 -3.87 1.52
7.98 95.28 -4.75 2.18
0.02 95.45 -7.54 3.37
0 95.7 -10.24 3.72
0 95.44 -10.26 2.79
0.02 95.16 -10.83 2.7
0 95.34 -10.34 4.42
0 96.24 -11.61 2.04
0.15 96.22 -13.16 1.36
0.04 96.12 -12.48 1.42
0.22 95.93 -10.47 2.01
0 96.25 -11.13 1.74
16.19 95.92 -12.3 2.62
0 96.01 -13.56 2.18
0 95.65 -12.69 4.18
0 96.3 -13.67 2.46
0 96.43 -13.97 1.46
0 96.54 -12.41 1.31
0 95.96 -7.92 1.67
0.06 95.23 -4.12 4.41
0 95.75 -6.88 3.35
0 95.18 -7.3 2.63
0.15 96 -10.97 3.99
0 96.34 -10.25 3.33
0 95.77 -8.05 2.81
0 96.5 -8.21 3.17
0 95.92 -5.87 2.09
0 95.33 -3.91 1.67
0.32 94.98 -1 2.29
0 95.33 -5.58 3.28
0.01 96.25 -6.57 2.25
0.01 96.2 -7.48 1.12
0.04 96.01 -8.46 5.41
0.02 95.56 -9.5 5.43
0 95.74 -9.06 4.46
0 95.84 -7.03 2.94
0 95.82 -6.11 1.71
0 96.3 -4.5 1.59
0 96.18 -3.49 1.86
0 95.02 1.79 3.34
2.41 95.31 -2.81 4.12
0 95.93 -6.78 3.03
0 95.33 -5.08 2.63
0 94.28 -2 4.56
0 96.04 -6.93 3.93
10.54 95.85 -6.51 2.66
11.91 95.21 -3.89 4.14
0 95.71 -4.68 3.62
0 95.45 -2.38 3.35
0 95.39 -0.88 3.18
0 95.59 -0.69 1.67
0 95.26 1.35 2.84
0 95.2 0.87 2.85
0.37 95.58 -4.17 3.71
0 94.83 -0.7 2.54
0 94.87 0.08 1.55
0.03 95.08 -2.76 2.37
0.16 95.5 -4.85 3.68
0.05 95.26 -6.92 3.71
0 95.3 -5.04 4.44
0 94.82 -0.31 3.62
0 94.62 0.9 2.88
0 94.83 3.41 1.99
0 95.1 4.35 2.9
0 95.9 -0.03 4.3
0 95.92 0.86 2.78
0 95.88 1.55 2.03
0 95.61 2.89 1.64
0 95.24 3.5 1.78
0.84 95.14 4.35 1.96
0 95.67 5.46 1.84
0.25 95.76 4.89 2.14
1.13 95.79 2.11 3.17
0 95.64 1.75 1.96
0 95.39 3.14 2.05
1.01 95.77 2.04 1.56
7.93 95.46 1.42 1.37
2.31 95.3 2.96 2.45
0.56 95.24 2.01 2.11
0 95.41 2.9 2.4
0 95.22 5.29 2.43
0 95.14 8.91 3.44
0.17 95.92 4.32 2.62
0 95.74 4.7 2.06
0 95.14 6.05 1.75
0 95.17 9.27 1.98
0 95.09 12.43 2.87
0 94.79 16.04 3.58
0.69 94.52 14.01 3.36
1.69 94.57 11.27 3.28
0.68 94.66 10.34 2.6
0 95.39 9.05 3.2
0 95.38 9.01 2.19
0 94.41 12.86 3.62
0 94.95 8.34 3.92
0 94.86 7.32 2.48
0 94.25 12.16 3.89
0 93.83 14.99 2.95
0 94.28 16.2 3.17
0.44 94.59 14.51 3.1
1.74 93.53 14.34 4.71
0.28 93.71 8.17 5.57
1.89 94.08 7.98 3.06
2.02 94.44 9.62 3.35
0 94.87 10.25 2.29
0.02 94.21 13.31 4.9
0 94.43 10.31 2.88
0 94.75 9.29 3.33
0.01 95.41 8.94 3.49
0 95.45 10.58 4.54
0 94.65 14.96 4.34
0 94.1 17.03 3.17
0 93.77 20.6 4.1
0 94.6 17.29 2.56
0 94.97 17.85 2.59
0 94.93 20.9 3.65
3.02 94.86 18.79 4.99
14.01 94.8 14.8 3.36
17.58 94.51 9.9 5.82
0 94.73 11.16 6.04
0 94.62 17.97 4
0 94.3 20.36 2.44
0 94.06 20.12 4.05
0.28 94.06 19.06 2.99
0.02 94.21 15.3 4.79
0 94.06 13.16 4.46
0.9 94.27 12.8 4.58
0.15 94.99 14.2 4.64
0 94.95 16.48 2.34
0 94.18 19.98 1.85
0 94.01 23.58 2.23
0 94.03 28.15 3.73
3.66 94.37 26.36 3.28
1.24 94.63 23.89 2.83
8.36 94.94 16.21 3.41
181.37 95.06 10.1 2.3
0.03 94.86 16.48 2.33
0.01 94.44 19.6 2.22
0.06 94.93 15.9 3.09
0 94.5 19.25 2.46
0 94.12 21.63 2.76
0 94.4 22.49 3.73
25.43 94.73 17.03 2.48
0.94 94.19 19.83 2.98
12.82 93.72 20.11 2.99
0 94.2 17.85 3.32
92.78 94.51 11.63 1.9
0 94.64 15.76 2.21
0 94.64 20.01 2.35
0 94.78 21.46 2.22
25.48 94.48 15.4 2.24
0.63 94.22 18.63 2.64
0.49 94.12 21.72 3.68
0 94.18 21.25 3.54
0 94.55 19.22 2.02
6.47 94.69 18.4 1.77
27.13 94.99 18.5 1.73
0 95.02 20.73 1.97
0 94.6 26.58 2.33
0.33 94.32 27.3 1.6
1.56 94.16 26.46 2.9
16.31 94.07 23.97 2.31
45.19 94.07 21.2 2.67
70.47 93.97 19.5 1.89
9.76 94.02 20.17 2.35
0.63 94.19 21.67 2.2
89.79 94.55 18.56 1.53
123.92 94.43 17.23 1.62
5.26 94.19 19.01 1.44
5.3 94.16 21.69 1.41
0 94.33 24.01 1.68
10.67 94.22 25.02 3.14
19.26 94.24 26.24 3.17
0.1 94.15 26.82 2.91
14.69 94.02 26.85 2.63
37.28 93.9 26.8 2.25
30.86 94.07 24.78 2.43
0.56 94.18 25.47 2.03
29.62 94.33 24.18 1.73
44.53 94.49 22.74 1.5
57.69 94.26 23.84 2.49
524.93 93.45 22.93 2.4
39 93.43 24.33 2.76
55.8 93.59 24.22 2.46
0.74 93.55 24.29 1.95
0 93.83 25.26 1.95
0.37 93.89 28.25 2.47
66.7 93.69 27.86 3.32
28.77 94.1 25.07 2.09
17.43 94.43 25.87 1.63
0 94.56 27.08 1.8
0 94.49 28.02 1.92
0.01 94.22 28.28 2.75
38.01 93.99 26.45 2.64
35.85 93.97 23.03 2.46
56.67 94.69 21.41 2.05
30.45 94.69 21.25 1.46
4.62 94.23 23.62 1.21
1.51 94.34 23.76 1.56
0.79 94.56 24.02 1.93
27.65 94.23 22.07 2.38
0.83 94.43 22.88 2.26
0 94.93 23.19 1.6
0 94.51 23.45 1.61
75.57 94.11 23.28 2.94
0.04 94.27 25.05 1.9
0.9 94.35 25.83 2.31
44.49 94.09 25.02 1.99
741.78 93.51 23.38 2
15.58 93.91 24.3 1.48
62.52 93.96 24.28 2.2
30.2 93.81 22.71 1.94
2.98 93.86 23.88 2.06
31.35 93.73 22.58 1.57
48.07 93.55 20.55 1.53
10.51 93.64 23.07 1.44
10.62 94.04 24 2.4
51.03 94.42 22.7 1.98
0.46 94.56 23.34 1.65
20.76 94.49 22.11 1.62
20.09 94.4 21.71 1.55
285.66 94.47 19.58 2.16
54.04 94.62 20.59 1.85
26.91 94.76 21.5 1.76
35.92 94.79 21.74 1.84
7.6 94.43 22.26 1.71
1.47 94.18 25.38 1.91
36.12 94.62 22.69 2.09
302.31 94.51 19.43 1.99
0.02 94.54 20.24 3.45
0 94.64 18.24 3.37
0 94.95 18.91 2.01
22.75 94.69 16.31 2.56
6.93 95.09 16.09 2.7
0 95.23 14.74 2.09
0 94.95 17.08 2.11
0.68 94.94 17.47 1.67
2.83 94.77 19.85 1.87
8.31 94.81 19.32 1.83
8.03 94.72 19.69 2.35
2.82 94.57 20.67 2.54
0.06 94.46 20.22 3.51
0 94.37 19.06 1.74
0 94.17 21.01 1.99
1 94.67 18.68 2.56
4.42 94.72 18.86 2.02
84.69 94.63 17 1.67
0.02 94.86 16.59 2.14
0 95.25 15.73 1.67
0 95.49 16.43 1.7
3.64 95.43 18.55 2.25
5.11 95.26 18.57 2
0.64 94.86 18.97 2.63
0.01 94.68 17.29 2.33
0 94.13 18.97 2.03
0.14 94.57 15.87 2.87
0 94.94 15.24 1.71
0.99 94.3 18.88 2.85
16.56 94.33 16.82 3.38
0 94.52 17.43 3.5
0.18 94.78 18.12 2.29
15.53 94.77 16.09 2.28
26.75 95.04 13.32 1.9
0.04 95.01 10.17 2.24
0 94.91 9.24 3.38
0 94.74 10.22 2.4
0 94.86 13.57 2.44
0.08 95.02 15.48 3.5
0 95.77 9.21 2.5
0 96.12 8.03 2
0 95.89 9.54 2.36
0 95.22 13.56 3.44
0 95 14.71 2.79
0 95.29 13.79 1.93
19.72 95.58 12.12 1.49
111.06 96.18 8.78 3.26
28.05 96.21 5.15 2.59
0.59 96.01 5.06 2.89
0.72 95.65 4.39 2.23
0 95.53 5.96 2.77
0.01 96.09 4.87 1.19
29.57 96.14 6.81 1.72
0.1 96.48 5.52 1.73
0 96.26 6.08 1.64
4.65 95.62 8.75 1.69
0.06 95.42 9.1 1.3
0 95.14 11.11 2.28
0.02 95.8 7.37 1.77
12.05 95.9 4.31 1.8
0.12 95.91 5.39 1.67
0 95.73 6.87 1.77
0 95.79 7.67 1.27
0 95.19 9.81 1.58
0.02 95.04 10.6 1.82
0 95.89 6.54 4.37
0 96.41 2.05 3.55
0 95.88 4.99 2.3
0 95.01 7.78 2.71
