1.01 96.49 -14.48 1.48
0.03 97.18 -15.88 1.8
24.82 97.05 -17.99 1.48
6.25 97.23 -17.39 3.16
0 97.6 -19.46 1.88
0.01 97.77 -19.15 1.85
0.1 97.86 -16.75 1.46
15.4 97.28 -15.34 1.06
7.51 97.41 -14.5 1.4
0 97.71 -14.76 1.41
0 97.69 -15.31 2.37
0 97.13 -18.42 2.69
0 97.17 -16.14 2.42
0.74 96.96 -15.06 1.18
0 98.06 -14.36 1.36
0 97.65 -13.57 1.08
0 97.29 -10.48 1.07
0.02 97.21 -6.61 1.18
0 96.67 0.43 2.58
0.09 97.8 -8.12 4.51
0 97.82 -12.13 2.51
0 97.54 -10.71 2.98
0 97.02 -8.18 2.58
0 96.41 -7.8 3.55
0 97.44 -9.11 2.97
0 107.61 -5.14 2.71
4.23 96.26 -3.19 2.18
0.01 96.95 -9.7 3.29
0 96.51 -5.21 3.43
0 96.53 -5.45 1.48
0 97.11 -8.06 1.6
0.29 97.31 -10.52 1.84
0 97.34 -13.73 1.89
0 97.29 -12.84 1.95
0 97.23 -12.83 1.74
0 97.57 -12.81 1.41
0.03 97.53 -10.96 1.98
5.71 96.6 -3.48 2.55
0 96.58 -3.52 1.81
0 97.17 -5.87 2.25
0 97.76 -9.08 3.21
0 98.19 -11.13 3.62
0 97.97 -11.1 1.77
0.05 97.35 -9.94 1.89
0 97.73 -9.44 2.29
0 97.93 -11.96 1.7
0 97.5 -9.92 1.73
0.01 97.02 -7.6 2.78
0 96.86 -8.22 2
0 96.3 -3.97 1.7
0 96.14 -4.93 1.56
0 96.22 -3.57 1.88
0 96.39 -4.09 2.24
0 95.32 1.45 2.14
6.69 95.53 -0.01 1.8
0 96.63 -4.39 2.69
0.31 96.86 -3.92 1.75
4.53 96.55 -4.53 2.05
2.47 97.11 -5.85 2.51
0.17 96.87 -6.46 2.05
0.46 96.6 -2.51 3.08
0 96.77 -2.2 2.61
18.77 96.21 -0.17 2.54
3.71 97.33 -7.44 3.3
0 98.04 -9.48 2.01
0.01 98.28 -9.79 2.01
3.6 98.6 -8.84 2.62
0.01 97.85 -8.67 2.52
0 96.53 -3.78 2.42
0.23 95.49 2.44 3.24
0.68 96.47 -2.85 4.23
0 97.23 -2.73 1.88
40.86 96.64 -0.54 1.74
2 96.56 -1.99 4.25
0.02 97.01 -3.75 2.12
0 97.4 -4.22 2.07
0 96.5 -2.65 2.67
0.52 95.03 4.08 2.87
39.53 95.6 -0.02 3.2
0 96.08 0.87 2.49
0.06 96 4.92 3.57
0 96.73 3.06 2.62
0 97.17 0.66 2.65
0.03 97.23 -2.5 2.88
0.39 96.73 -1.56 1.98
1.29 97.33 -1.07 1.97
0 97.24 3.63 1.74
0.11 97.06 5.88 2.01
6.38 96.48 8.81 3.87
2.65 96.13 8.16 3.69
0 96.58 3.6 4.85
0 96.63 1.1 3.69
0 96.38 4.55 3.46
0 95.95 9.63 3.16
7.36 96.54 3.93 2.39
0.01 97.24 2.73 2.08
0 96.75 7.3 3.17
0.35 95.59 11.97 5.05
43.54 96.26 2.78 2.52
0 96.57 4.39 2.66
3.23 96.51 3.5 2.03
28.96 96.32 1.65 2.81
0.03 97.13 0.16 4.59
0 97.28 2.43 2.19
0.17 96.62 5.27 2.82
10.27 96.78 4 1.7
0 96.86 5.74 2.53
11.86 96.11 11.42 2.7
69.41 96.53 8.47 1.64
0.24 96.88 8.92 1.74
0.18 97.1 10.7 2.11
1 96.87 10 2.38
0.11 96.82 8.97 1.94
0 96.45 12.95 2.96
3.86 96.25 13.65 4.1
57.95 96.04 5.12 2.87
7.66 95.59 3.75 3.12
0.11 95.73 6.11 5.05
2.15 95.89 7.88 3.94
4.82 96.15 12.01 2.41
0 95.59 17.22 1.94
0 95.3 19.29 3.39
0.83 95.84 17.25 2.09
6.23 95.35 243.3 2.59
254.58 94.91 11.99 2.8
7.63 95.43 13.92 3.84
20.18 95.5 12.6 1.77
2.37 95.75 15.86 2.24
59.34 95.58 11.05 2.73
8.94 95.44 10.4 2.14
1.62 96.43 10.76 2.56
0 96.72 13.41 1.63
0 96.69 15.97 1.58
2.71 96.32 17.21 2.93
4.24 96.16 20.08 2.5
2.03 96.37 18.94 2.63
42.58 95.94 15.44 2.49
114.86 95.03 12.88 2.33
0.26 94.74 18.83 4.17
0 95.53 22.42 2.41
0 95.7 23.85 2.52
0.4 95.66 22.32 1.89
2.99 95.28 21.05 2.41
7.89 95.43 17.77 3.72
0.87 96.07 21.67 3.38
0.15 96.5 22.17 2.06
7.87 96.51 19.44 1.74
73.99 96 15.6 2.15
41.42 95.55 16.75 2.15
71.04 95.94 15.39 1.72
15.88 96.55 16.76 1.49
2.97 96.51 18.2 1.57
0.87 96.62 19.18 1.62
0 96.68 20.48 1.68
0.01 96.48 21.29 2.13
0 96.18 22.51 2.19
0 96.17 22.9 2.37
0 96.3 23.85 2.74
0 96.4 24.35 2.67
0 96.46 24.58 1.81
3.21 96.34 21.67 2.02
0.12 96.13 20.92 2.55
0.64 95.77 22.16 1.99
14.99 95.54 22.51 2.77
40.34 95.39 22.23 2.65
0.76 95.23 24 2.26
18.72 95.32 24.32 1.77
110.67 95.43 21.08 1.8
13.82 95.5 20.43 1.64
1.76 95.57 22.79 1.4
0.13 95.92 23.6 2.63
0.03 95.55 23.84 1.85
10.18 95.84 21.32 2.31
0 96 23.23 1.54
0 95.88 24.97 1.95
0 95.87 25.58 2.14
0 95.79 25.23 1.77
38.98 95.58 22.33 1.68
108.57 95.49 22.52 1.39
0.52 95.54 24.23 1.45
0.1 95.39 24.61 1.43
140.76 95.26 22 1.85
4.1 95.23 25.35 1.7
0.05 95.27 27.61 1.45
13.67 95.24 26.91 1.9
0 95.22 27.07 2.5
0.05 95.37 25.58 2.39
19.46 95.68 22.35 1.86
4.63 95.85 23.19 1.84
1.48 95.85 22.89 1.95
76.54 95.68 21.09 1.72
75.72 95.63 21.4 1.4
245.59 95.87 20.67 1.24
8.36 96.12 22.92 1.26
0 96.1 24.31 1.78
84.51 95.72 22.91 2.09
9.03 95.5 24.73 2.76
2.01 95.7 25.81 2.3
3.8 95.65 26.91 2.13
23.37 95.77 25.41 2.14
374.06 95.61 22.81 1.56
2.81 95.84 24.43 1.47
2.72 95.96 25.99 1.55
3.61 96.02 26.55 1.57
2.78 96.15 27.42 1.73
1.26 96.03 27.7 2.31
13.76 95.92 26.81 2.04
12.07 95.56 26.99 2.31
117.14 95.15 26.96 2.45
6.78 95.09 23.91 1.53
28.84 95.11 25.8 1.34
180.47 95.4 22.65 1.46
0 96.03 22.26 1.85
0.03 95.95 23.2 1.51
13.33 95.29 24.16 2.22
72.57 95.44 23.44 1.53
189.82 95.82 22.28 2.3
0 96.6 21.24 1.47
14.74 96.25 21.32 1.56
135.89 95.54 22.39 1.92
19.29 95.57 23.06 2
0 95.81 22.59 1.86
0 95.55 24.8 1.95
13.85 95.26 24.88 1.71
1.59 95.15 26.04 1.94
47.13 95.05 24.67 2.5
0 95.54 22.73 2.37
0 95.91 23.2 1.62
8.75 95.95 23.66 2.17
10.46 96.16 23.59 2.13
188.46 96.28 22.5 1.77
2.18 96.54 23.65 1.6
252.5 96.42 19.32 1.54
89.72 96.39 18.87 1.41
0.67 96.41 20.31 1.32
0 96.36 22.37 1.47
0.09 96.53 22.13 1.36
1.64 96.68 22.22 1.8
0 96.4 21.53 1.68
2.52 96.23 20.85 1.27
26.94 95.85 21.47 1.48
13.41 95.98 21.41 1.41
1.65 96.05 22.31 1.62
33.51 96.51 20.96 1.47
3.06 96.64 21.58 1.39
0.02 96.53 20.18 1.23
0 96.3 19.92 1.43
0 96.1 22.06 1.5
4.39 96.21 23.24 1.44
0 96.73 19.31 1.92
0 96.63 17.77 1.36
1.91 96.21 18.1 1.29
10.45 95.84 19.63 1.43
0.31 96.06 20.16 1.32
0 96.2 21.37 1.16
3.23 96.28 22.52 1.28
0 96.4 22.64 1.42
3.6 96.22 21.88 2.16
140.06 96.5 16.19 2.08
231.8 96.62 10.12 2.14
224.31 96.52 12.26 1.32
0 96.27 15.94 1.31
43.69 96.42 15 1.85
219.17 97.09 10.15 2.57
0 97.06 10.5 1.83
0 96.84 13.06 1.42
1.06 96.6 14.91 1.48
6.48 96.38 15.54 2.44
0.41 96.53 14.26 2.03
0 96.44 12.03 3.66
0 97.29 9.84 2.57
0 96.91 10.49 1.43
0.02 96.63 14.72 1.66
1.08 96.87 14.21 1.42
404.73 96.53 9.58 2.26
68.18 96.51 7.79 3.21
0 96.69 9.88 1.9
0 96.35 12.89 1.3
0 96.25 16.28 1.96
0 96.43 17.23 2.26
0 96.36 16.73 2.18
0 95.9 16.3 2.36
23.69 96.36 12.44 1.93
137.25 96.81 6.78 2.36
0 97 8.36 1.3
0 96.53 10.4 1.44
0 96.7 9.77 2.46
0 96.29 8.58 2.68
0 97 4.73 2.49
0 97.66 2.13 1.25
23.92 97.6 0.78 1.29
54.41 97.59 1.99 1.33
0 97.5 2.96 1.24
0 96.99 4.85 1.35
0 96.71 9.32 1.62
5.82 96.8 10.45 2.02
6.52 97.31 4.44 3.11
0 97.72 1.17 3.34
0 98.42 -0.57 2.46
0 97.62 0.84 1.51
0 97.46 4.62 1.6
0 97.44 5.91 1.33
0 97.49 6.13 1.33
0 97.29 6.24 1.61
0 97.78 3.39 3.29
0 97.43 2.09 1.81
0 96.95 5.91 1.73
0 97.04 5.06 1.22
0 96.74 7.05 1.57
0 96.42 7.83 1.44
7.02 96.51 4.93 2.7
0.34 97.08 0.92 2.95
0 96.8 -0.64 1.24
0 96.41 0.84 1.45
51.93 95.76 1.8 3.25
1.4 96.31 0.03 1.89
1.39 97.26 0.17 3.15
0 98.26 -3.54 2.32
0.04 97.66 -2.73 2.1
0 96.94 0.71 1.45
0 96.91 1.36 1.73
0 96.59 5.08 2.62
0 96.09 4.11 1.97
0 95.86 5.56 1.59
0.29 95.96 2.82 3.84
0 96.76 -2.02 1.79
0 96.68 -1.33 1.81
0.01 96.85 -0.91 3.36
0 97.13 -5.43 2.04
0.31 96.36 -5.07 1.99
0 96.65 -5.2 5.29
0.19 96.83 -6.6 1.7
0.2 96.73 -5.94 1.37
0 96.38 -2.22 1.88
0.04 95.91 -1.05 1.74
0.06 96.45 -5.48 3.14
0 96.69 -5.94 1.97
0 95.65 2.16 2.27
0 96.87 -1.5 3.09
0 97.52 -4.87 2.88
0 96.25 -4.13 2.02
0 96.19 -5.38 1.71
0 95.79 -4.47 1.78
1.12 95.49 -6.2 3.74
0 96.62 -10.41 2.04
1.14 96.88 -11.82 2.39
0.15 97.67 -13.75 2.96
0 97.61 -14.94 3.07
0 97.33 -14.23 2.9
0 96.04 -8.76 2.76
0 95.86 -5.66 1.71
0 95.87 -3.77 1.63
0 96.13 -3 2.15
0 96.38 -0.91 1.77
0 96.08 -5.36 1.36
0.21 96.64 -8.36 2.68
0 97.96 -14.72 3.36
0 97.97 -15.22 2.86
0 97.05 -14.17 2.56
0 95.95 -11.58 2.4
0 95.59 -8.22 2
0 96.24 -10.7 2.8
1.6 96.49 -11.26 1.88
0.03 96.64 -11.64 4.18
0.22 97.12 -10.47 4.64
0 97.71 -10.48 2.77
0 97.89 -11.49 2.23
0 97.49 -11.7 1.14
0.01 97.1 -11.81 1.49
0.03 97.23 -10.94 3.59
0 97.85 -9.72 3.08
0.02 97.23 -8.22 1.79
0.21 97.03 -8.32 3
0 97.65 -12.27 3.11
0 96.93 -10.86 2.21
0 96.43 -10.8 3.32
0 96.64 -12.23 1.69
0.01 96.58 -10.45 2.09
0.03 97.59 -13.42 2.57
0 98.04 -16.34 3.25
0 97.84 -14.95 1.79
0 97.66 -13.74 2.07
0 97.4 -14.06 2.28
0 97.36 -13.64 2.77
0 97.27 -12.33 1.74
0 97.07 -12.15 1.49
0 97.07 -12.09 2.46
0.05 97.34 -13.44 3.17
0.01 97.52 -13.54 1.73
0.13 97.67 -13.72 1.95
0 98.12 -13.95 1.55
0 98.41 -13.29 2.16
0.02 97.93 -12.98 2.31
0 97.64 -13.34 3.1
0 97.43 -10.9 2.53
0 97 -4.24 2.25
0 96.67 -4.47 1.46
0 96.6 -6.66 1.28
0 96.5 -5.78 1.91
0 96.72 -5.11 1.88
0.03 96.03 -3.95 3.41
0.03 96.45 -2.14 2.34
0 96.2 -5.47 1.83
0.68 96.24 -5.78 2.73
0.3 97.13 -8.84 1.87
1.8 97.14 -8.57 1.46
1.24 97.36 -11.57 3.42
0 97.53 -11.31 2.01
0.24 97.42 -10.3 1.8
0.19 97.42 -11.17 1.5
0 96.75 -4.9 2.65
0.63 96.62 -4.65 1.6
1.42 97.02 -3.56 2.29
0 97.04 -4.1 1.61
0 96.88 -0.45 1.64
0 97.22 -0.5 1.46
0 96.86 0.86 1.73
0 96.4 1.87 2.93
2.23 96.12 1.96 2.2
0.25 96.83 -2.19 2.65
0 97.54 -4.05 1.59
7.98 96.98 -1.72 3.22
1.08 97.58 -7.35 3.76
0.06 97.17 -6.49 3.02
0 96.88 -5.27 2.65
0 96.9 -5.43 1.94
0 97.01 -3.58 2.45
0 96.69 -0.88 1.76
0.13 96.14 2.71 2.35
0 96.9 -0.3 3.21
0 96.66 -0.13 3.56
0 96.71 -2.04 3.66
0 97.1 -0.73 3.1
0 96.8 0.98 2.77
0 96.26 2.6 2.59
0 95.49 7.42 1.99
0.02 96.12 4.07 3.75
0 97.34 -0.67 3.81
0 97.06 -3.18 4.11
0 96.84 -2.16 2.68
0 96.29 3.41 2.69
0 95.85 6.06 4.03
0 96.31 3.19 2.89
0 96.41 1.62 2.41
1.02 97.05 -1.51 3.5
0 97.19 -1.46 2.57
0 96.89 -0.76 2.14
0 97.02 -0.69 3.71
0 103.62 0.69 2.18
0 103.57 1.88 2.23
0 103.39 3.99 2.36
0 103.68 3.69 1.9
0 103.33 7.66 2.37
0 103.04 8.79 1.9
0 102.58 11.17 3.15
0 103.82 4.13 4.04
0 103.82 3.82 2.44
0 103.37 6.32 2.03
0 103.29 8.29 1.52
0 96.74 10.15 2.63
0.07 96.07 10.83 4.55
1.12 96.3 9.12 3.73
0 96.37 8.68 3.41
0 96.08 10.78 3.59
4 96.8 6.78 2.97
0 96.52 9.79 2.75
0 95.89 15.25 3.06
0 95.94 14.62 1.78
0.08 95.22 16.35 2.73
0 96 12.08 4.29
0 95.9 12.47 3.69
3.7 95.73 9.98 5.5
0.72 96.38 7.95 4.82
0 96.35 10.46 2.26
0 95.7 14.61 3.33
59 96.41 8.66 2.46
3.66 96.31 7.73 2.04
11.7 96.06 6.71 2.52
3.02 95.65 7.51 3.38
0.28 95.24 9.43 1.88
14.87 95.21 9.65 2.19
1.21 95.89 8.71 2.86
0 95.46 10.46 1.86
54.76 94.87 9.14 1.52
11.66 94.78 10.04 2.28
1.62 95.65 14.57 3.29
0.21 95.89 13.31 3.33
0 96.25 13.72 2.52
2.68 95.87 13.16 2.55
152.04 95.12 10.26 2.78
0.14 95.07 11.71 2.76
0.02 95.57 14.29 2.35
3.1 95.7 14.91 3.28
33.86 95.36 16.69 2.35
0 95.62 18.71 1.87
0.14 95.3 17.73 3.59
0.71 95.25 14.37 5.25
0 95.42 16.55 5.31
0 95.54 17.55 3.52
0 96.05 15.05 3.28
0 96.08 15.51 1.92
0.01 95.02 17.93 2.57
26.7 94.77 18.29 3.29
14.49 95.88 15.14 2.82
1.05 96.02 13.5 2.94
0.48 95.94 13.84 3.55
0 95.76 18.89 3.05
0 95.88 20.01 2.71
0 96.03 21.82 3
4.13 96.01 21.03 3.53
12.69 95.95 19.24 4.12
0.06 95.74 20.57 2.83
0.44 95.59 23.83 4.39
9.72 95.62 22.94 2.49
30.75 95.17 20.18 2.88
10.34 95.07 17.97 2.42
0.05 95.56 20.1 2.29
5.95 95.32 20.87 4
8.7 95.34 20.2 2.96
0.28 95.61 20.69 1.82
1.2 95.51 23.44 2.08
40.16 94.9 24.4 2.84
18.81 94.6 22.18 2.24
35.58 94.83 21.5 1.94
0 95.23 23.37 2.32
63.54 95.19 21.08 1.92
201.08 95.36 16.85 1.84
8.4 95.52 19.94 1.98
17.17 95.59 21.81 1.63
54.79 95.4 20.83 1.96
79.19 95.38 18.84 1.95
86.04 95.59 17.66 1.58
1.67 95.71 20.63 1.45
0 95.66 22.72 1.44
0 95.54 24.71 2.08
0.04 95.26 26.12 2.48
0 95.16 26.9 2.59
7.87 94.92 23.13 2.19
99.19 95.1 17.81 2.44
1.72 95.79 20.55 2.32
0 96.17 21.45 1.69
9.63 95.53 22.02 2.78
17.32 94.89 22.35 2.06
5.18 95.14 24.58 2.35
0.06 95.32 24.07 2.74
24.77 95.22 23.24 2.34
31.2 95.25 22.74 1.6
0.25 95.1 24.02 1.96
0 95.2 24.78 2.14
0 95.36 25.84 1.91
39.34 94.94 22.67 1.91
0.78 94.61 25.43 2.69
128.53 94.69 19.44 1.69
20.36 94.78 20.06 2.33
4.53 95.42 22.19 1.67
10.02 95.62 23.81 2.08
8.88 95.69 24.37 2.18
14.57 95.7 23.84 2.17
1.27 95.48 24.26 1.48
70.08 95.56 22.84 1.85
15.48 95.55 23.36 1.43
36.36 95.44 23.08 1.56
18.94 95.48 22.18 1.56
38.14 95.52 22.95 1.27
194.51 95.35 21.57 1.35
92.55 95.33 21.6 1.29
113.68 95.29 22.17 1.72
47.01 95.24 23.57 1.82
0.6 95.29 25.28 1.5
34 95.3 25.64 1.94
510.21 95.09 22.64 2.23
106.72 95.01 23.56 2.01
19.17 95.26 23.38 1.91
1.14 95.44 25.25 1.58
40.99 95.6 23.13 1.38
179.75 95.25 21.39 1.53
0.02 95.32 23.88 1.58
0.43 95.46 25.09 1.72
1.42 95.82 23.74 1.6
0.07 95.47 23.89 2.03
0 95.4 24.27 1.86
0.03 95.61 24.39 1.61
9.19 95.62 23.31 1.31
14.35 95.63 23.93 1.4
24.96 95.18 24.14 1.55
15.04 95.32 25.63 1.6
0 95.74 25.42 1.16
0 95.59 25.86 1.38
0 95.33 25.77 1.69
10.04 95.07 25.55 1.74
60.03 95.38 22.94 1.79
335.34 95.45 19.63 1.55
30.83 95.46 22.23 1.46
28.11 95.66 21.68 1.2
0.24 95.91 22.3 1.35
0.22 96.09 22.43 1.34
0 96.07 23.68 1.35
1.03 95.94 23.99 1.65
41.71 96.15 21.67 1.59
0 96.17 21.21 1.21
28.13 96.15 20.79 1.48
7.31 96.37 20.94 1.4
0.53 96.47 21.5 1.25
26.24 96.27 19.69 1.38
14.31 95.92 21.33 1.18
1.51 95.83 22.72 1.4
0 95.76 23.62 1.37
40.23 95.5 23.22 2.37
2.15 96.02 20.02 1.73
0 95.83 20.32 1.34
4.51 96.32 19.38 1.71
0.38 96.27 19.53 1.23
0 96.32 18.94 1.25
0 95.91 19.74 1.29
17.1 95.51 19.53 2.35
5.5 96.16 14.84 1.9
0.23 96.74 14.63 1.73
5.9 97.04 13.98 1.63
21.31 96.51 16.94 1.74
0.34 96.24 17.57 1.94
0.11 95.85 20.01 2.68
8.9 95.85 18.35 1.79
8.26 96.04 16.32 1.56
50.68 96.38 14.24 2.27
0 96.8 11.15 2.37
0 97.24 10.78 1.84
0 97.08 11.21 1.32
0 96.73 12.36 1.47
0 96.32 13.61 1.51
0 96.39 14.69 1.86
0 96.35 15.14 1.7
0 96.09 17.63 2.31
0.09 96.36 18.58 1.88
0.14 96.55 18.87 2.32
0.03 96.39 17.83 1.98
4.2 96.18 16.51 1.89
0.22 96.58 11.49 2.81
0 97.14 8.03 2.29
0 97.18 8.51 2.47
0 97.65 8.76 2.5
0 97.31 9.79 1.44
0 96.64 11.67 2.07
0 96.03 13.54 2.73
0 96.62 10.89 1.88
0 96.63 10.86 1.32
0 96.43 14.22 2.12
0.13 96.74 14.76 2.12
0 97.3 10.47 1.29
0 97.03 12.16 1.43
0 96.44 14.36 1.24
60.15 95.91 11.36 1.47
7.2 95.79 10.43 1.63
1.36 95.42 10.05 2.25
0.88 95.92 10.39 3.42
0 96.96 6.32 2.08
0 97.03 9 1.45
0 96.85 11.08 1.91
0.01 96.69 14.3 2.6
0 96.6 13.74 1.76
0.29 96.44 12.13 1.25
23.67 96.96 6.32 3.23
0.01 97.35 3.65 2.94
0 97.41 4.68 1.6
0 96.97 6.35 1.41
0.87 96.82 8.18 2.23
0 97.09 6.96 1.34
0 96.76 7.36 1.44
0 96.59 9.36 2.43
0 96.8 11.07 3.24
3.7 96.95 12.53 2.36
0.28 97.52 7.19 1.55
0.94 97.26 8.33 1.29
2.1 96.95 10.81 2.18
0.4 97.6 4.94 3.02
0.05 97.5 3.49 1.6
0 97.44 4.01 1.6
0 97.39 4.14 1.47
0 97.21 2.77 1.15
0 96.59 2.93 1.24
0 96.02 4.6 1.83
0 96.26 6.62 2.58
0.04 97.06 0.26 2.4
0 97.19 -2.73 1.54
0 97.26 -1.96 1.33
0 97.41 1.78 1.88
70.95 96.82 1.93 1
9.63 96.51 0.7 2.68
1.81 96.79 -3.53 3.13
0 97.33 -5.24 1.85
0 97.32 -3.36 1.53
14.58 96.84 -3.86 2.3
0.16 97.52 -6.8 2.83
0 97.25 -7.4 1.02
0.09 97.26 -5.59 1.43
0.3 96.55 0.59 1.53
0 96.64 -0.77 1.14
0 97.41 -1.78 2.27
0 97.99 -6.27 1.77
0 98.28 -6.83 1.99
0.1 97.58 -7 0.98
0.03 96.83 -5.01 1
0 97.04 -5.56 1.37
0 97.39 -7.06 0.98
1.94 97.65 -7.22 0.86
2.02 97.56 -4.02 0.97
1.42 97.82 -5.68 2.42
0.03 98.17 -10.53 3.66
0 97.82 -10.57 2.5
0.01 96.98 -6.72 3.24
0 96.97 -3.03 2.06
0 97.47 -5.84 1.41
0.01 96.79 -3.24 2.47
0 97.46 -7.59 3.86
0 97.71 -11.46 2.97
0 97.85 -11.62 2.89
0 97.57 -10.15 1.85
0 97.63 -9.84 1.67
0 97.52 -10.23 1.06
0 97.19 -9.52 1.56
0 97.12 -8.59 3.2
0 97.43 -10.51 2.02
0 96.91 -8.69 2.27
0 97.1 -11.42 1.55
0 97.6 -11.55 1.42
0 97.88 -10.7 1.41
0 97.38 -7.7 1.45
0 97.71 -9.37 1.7
0 98.1 -13.46 1.22
0.18 97.57 -12.15 1.13
0.01 97.3 -9.68 1.52
0.2 97.7 -10.42 1.66
0.79 97.15 -10.91 2.11
0.16 97.29 -11.65 3.26
0 97.54 -11.38 2.05
0 97.3 -10.66 1.54
0 98.13 -12.97 1.37
0.22 98.05 -13.86 1.02
0 97.6 -11.24 1.16
0 97.57 -12.53 1.12
0.1 97.59 -11.58 2.62
0 97.78 -11.84 2.34
0 96.84 -6.94 2.23
0 97.08 -8.45 1.67
0 96.99 -8.54 1.57
0 96.76 -9.65 1.01
0.07 96.53 -7.87 1.12
0.14 96.75 -9.63 1.05
0 96.93 -9.73 1.12
0 97.35 -10.03 1.08
0.02 98 -12.05 3.17
0 97.92 -16.06 2.88
0 97.61 -16.66 2.13
0 97.09 -15.9 1.87
0 96.92 -14.91 2.4
0 96.54 -13.2 2.32
0 96.6 -12.1 1.59
0 97.14 -12.73 1.54
0 97.39 -13.55 1.35
0 97.77 -14.23 1.46
0.09 97.43 -15.71 1.36
0.67 96.88 -14.31 3.16
0 97.71 -16 3.56
0 97.74 -14.84 2.51
0 96.73 -11.97 2.33
0 96.83 -9.54 1.96
0.32 96.26 -5.73 2.12
0.03 96.8 -10.73 4.43
0 97.11 -14.35 3.93
0 96.69 -11.44 3.69
0 96.84 -9.32 2.56
0 97.2 -9.79 2.27
0 97.2 -9.66 1.75
0 97 -8.12 2.11
0.04 96.63 -3.52 1.84
0.12 97.15 -6.79 2.76
0 97.15 -9.34 2.44
0.05 97.21 -9.94 2.72
0 97.35 -11.44 3.91
0 97.28 -9.29 2.66
0 96.67 -5.87 2.29
0 96.72 -6.51 1.78
0 96.54 -7.64 1.34
12.95 96.09 -5.86 2.13
0 97.07 -6.37 2.25
2.71 96.89 -5.84 1.87
0.03 97.4 -7.3 2.98
0 97.35 -7.42 1.92
0 96.84 -5.24 1.94
0 96.47 -1.21 2.52
0 96.56 0.65 1.98
5.26 97.07 -2.63 1.66
0.64 97.31 -5.5 2.05
0.31 97.31 -5 1.53
0.07 96.68 -1.1 1.68
34.88 95.91 -1.92 1.19
29.64 95.94 -2.8 2.22
0.04 96.61 -3.43 2.74
0 97.37 -6.56 2.99
0 97.12 -7.02 1.79
0.28 96.93 -6.16 3.99
0 97.46 -6.41 3.23
0 97.13 -4.67 1.77
0 96.44 -0.55 2.56
0 97.01 0.24 1.91
0 96.7 2.57 2.76
7.41 95.74 5.37 3.55
5.1 96.28 -1.08 3.23
12.72 97.2 -6.13 2.56
0 96.97 -1.64 1.87
0 96.91 0.53 1.78
0 96.3 4.95 3.02
0 96.82 3.47 1.66
7.43 95.94 2.04 3.54
0 96.34 1.21 4.99
0 96.82 1.51 2.99
0 96.5 5.02 2
0 96.66 9.06 2.68
0 96.94 9.57 2.75
0.33 95.88 11.3 5.79
0.65 96.52 3.03 4.19
0.45 96.51 1.01 3.97
0 96.53 1.02 1.95
7.29 96.35 2.54 2.42
0 96.03 5.06 3.38
0 95.79 5.86 4.13
0 96.1 5.13 3.94
0.09 96.49 4.47 2.39
0 96.05 9.55 3.22
0 96.08 11.96 3.62
0 96.04 13.2 3.11
12.37 95.71 14.53 4.43
9.15 96.09 8.85 3.73
0 95.51 12.92 2.65
0 95.41 14.3 2.79
0 95.37 16.21 3
1.2 95.91 11.37 3.19
0 96.35 9.91 2.36
0 95.46 15.92 3.66
0 95.49 17.88 3.77
2.1 95.94 13.98 3.53
69.32 96.41 12.82 2.87
3.05 95.82 12.14 1.98
0.39 95.12 14.13 1.84
0.34 95.15 17.16 3.07
147.69 95.51 13.2 2.17
106.7 95.46 10.45 4.12
0 94.97 11.76 2.88
0.1 94.63 13.3 5.55
0 95.9 10.89 2.7
0 95.91 13.1 2.23
0.32 95.58 17.84 3.26
0.53 96.1 17.7 2.27
9.75 95.62 18.55 2.13
0 95.67 21.17 1.83
1.97 95.76 21.05 2.16
0 95.86 18.88 3.13
0 95.49 18.46 2.01
0.94 95.51 17.07 1.44
0 95.72 18.36 1.78
0.07 96.04 19.95 2.17
2.38 96.14 21.28 2.2
50.21 96.22 16.29 1.65
28.62 95.82 13.59 2.25
15.72 95.57 12.58 2.78
7.79 95.51 13.77 3.42
0.02 95.23 13.5 2.54
11.29 94.96 13.46 4
0.06 95.44 16.51 1.81
0 95.4 21.8 3.37
31.41 95.87 20.66 2.82
9.51 96.26 19.05 1.81
0.13 96.16 20.44 2.9
1.96 95.85 20.05 3.43
8.77 95.94 18.04 2.5
0 95.9 17.99 2.45
0 95.74 18.76 2.47
0 95.35 21.16 2.27
0 95.81 21.15 2.23
0 95.98 23.1 2.18
13.38 95.96 21.87 2.62
65.76 96.36 15.96 2.4
0.22 96.48 17.72 1.74
12.89 96.11 17 2.49
15.6 95.8 18.03 2.56
169.01 95.59 15.8 1.93
15.91 95.26 19.43 2.88
1.71 95.42 21.17 1.8
9.1 95.05 20.33 1.99
17.62 94.89 22.35 2.04
32.33 94.9 22.51 2.41
126.38 94.76 21.49 3.04
17.87 94.88 17.99 2.3
1.75 94.6 18.15 2.76
9.51 94.66 18.1 2.05
105.54 95.25 15.55 1.92
324.29 95.48 15.43 1.86
102.76 95.5 16.39 2.26
3.6 95.39 19.89 1.48
5.28 95.26 23.16 1.6
13.93 95.44 21.87 1.81
102.02 95.2 21.77 1.43
17.75 95.24 22.32 1.52
4.18 95.41 22.18 1.43
38.18 95.4 21.31 1.6
1.12 95.19 22.38 2.2
44.65 95.2 22.63 2.3
37.08 95.56 21.4 1.72
9.54 95.94 22.88 2.05
1.62 96.08 23.09 1.65
3.25 95.85 20.9 1.98
107.15 95.4 20.61 1.75
0 95.2 23.92 1.82
3.38 94.85 25.06 3.09
6.43 94.83 23.7 2.61
0.52 94.77 23.81 2.43
0.06 95.16 24.14 1.66
1.85 95.33 23.67 1.56
0.96 95.2 24.24 1.46
24.23 95.2 24.74 1.8
23.33 95.21 25.51 1.97
53.04 95.27 24.18 1.8
192.32 94.83 21.22 1.72
36.1 94.54 20.78 2.22
47.19 94.93 20.64 2.45
5.83 95.43 22.32 2.53
0 95.48 22.07 1.61
0 95.52 23.26 1.63
0 95.79 24.93 1.44
0 95.92 24.63 1.95
0.17 95.74 24.65 2.11
2.6 95.55 25.4 1.43
5.3 95.48 26.05 1.57
66.39 95.45 24.65 1.74
611.27 94.97 22.99 3.27
0 95.52 24.22 1.35
0 95.75 24.42 1.53
12.49 95.7 24.44 1.89
113.54 95.31 25.1 2.71
4.17 95.63 24.75 1.57
185.22 95.24 23.5 1.96
44.28 94.86 24.66 2.81
0.5 95.49 22.81 1.57
142 95.8 20 1.34
235.83 95.92 19.18 1.62
262.63 95.86 20.61 1.32
33.65 95.93 22.13 1.53
243.67 95.93 22.02 1.65
0 96.13 23.46 1.12
0 95.96 24.59 1.09
0 95.63 25.65 1.77
13.08 95.5 25.27 1.71
21.64 95.75 24.12 1.2
0 95.64 24.66 1.45
12.2 95.7 21.7 1.93
27.32 95.69 19.46 2.02
1.67 95.85 20.79 1.58
3.89 95.59 19.33 1.62
3.73 95.6 21.43 1.39
0 95.99 22.58 1.64
0.04 95.63 23.33 2.61
131.56 95.55 23.62 1.95
4.2 95.65 22.45 1.49
25 95.6 21.47 2.02
9.9 96.26 17.69 1.82
0.03 96.42 17.29 1.67
0 96.23 19.96 2.12
0 96.15 21.71 1.92
0.2 96 21.86 2.25
2.04 96 21.67 1.48
22.7 95.91 21.49 1.31
0.59 95.36 22.96 1.78
2.21 95.52 24.45 1.94
0 95.82 24.6 1.62
0 95.95 25.22 1.91
0.91 95.97 25.05 1.96
216.41 95.85 18.99 2.6
53.87 96.25 14.32 2.41
0.35 96.32 14.42 1.65
0.86 96.48 16.58 1.69
0 96.4 19.45 1.97
51.57 96.51 17.71 1.38
2.52 96.39 17.5 1.04
0 96.31 19.03 1.14
0 96.26 20.88 1.36
53.87 95.95 19.56 1.83
83.94 95.89 14.86 2.88
0.56 96.07 13.14 2.13
0 96.46 14.23 1.43
0.17 96.9 14.7 1.03
0 96.99 14.71 1.22
0 96.3 15.64 2
0 95.84 16.39 2.12
0.54 95.86 16.58 1.47
0 96.11 18.07 1.56
2.99 96.04 18.38 1.82
0.81 96.02 17.79 1.4
8.78 96.31 16.74 1.27
0.57 96.67 16.47 1.3
17.3 96.57 15.88 1.57
5.34 96.77 16.18 1.26
65.22 96.41 12.25 1.64
38.19 96.33 10.47 5.16
0.93 96.52 12.37 2.98
0 96.57 11.81 1.43
0 96.44 13.05 1.36
0.34 96.24 14.81 1.78
1.09 96.04 14.42 2.13
0 96.19 13.59 1.73
0 96.69 12.33 1.35
0 97.17 12.72 1.08
0 97.03 13.9 1.35
0 96.56 15.26 1.92
48.59 96.08 13.77 2.5
0 96.62 9.47 1.8
0.05 96.27 11 2.25
0 96.04 13.34 1.75
0.06 96.41 10.29 2.93
0 96.85 7.69 1.69
0.02 97.01 8.44 1.7
61.79 96.36 9.65 2.83
0 96.42 5.32 2.75
0 96.46 6.36 1.98
0 96.36 8.09 1.79
0 96.67 7.68 1.5
69.28 96.98 3.71 1.19
69.12 96.41 3.25 2
0 96.13 6.76 1.63
0 95.84 9.59 2.22
0 96.49 9.38 1.48
0 96.56 10.88 1.78
10.79 96.35 11.58 2.3
0 97.31 4.95 1.76
1.54 97.2 1.7 1.96
0.06 96.85 1.26 2.42
0.03 96.66 1.02 1.94
0 96.65 2.63 1.42
0 96.85 2.48 1.75
25.95 96.79 3.76 1.46
182.59 96.26 2.58 198.51
54.59 96.62 0.22 2.82
0 96.76 -0.93 1.18
0 96.44 0.61 1.37
0 96.66 1.27 1.28
0 97.12 0.03 1.15
46.67 96.8 -0.24 0.84
153.72 95.42 -1.38 4.11
0.31 95.99 -3 2.71
0 96.05 -4.67 3.47
0 96.87 -3.94 2.26
0 97.19 -4.85 1.24
19.48 96.61 -1.74 1.36
0 96.53 -4.1 196.45
0.02 96.29 -3.21 2.45
0.01 96.81 -2.01 2.43
0 96.87 -3.59 1.2
0 96.5 -1.16 1.64
5.52 96.97 -3.97 2.06
0 96.97 -5.98 1.79
0 96.45 -4.33 1.87
0 96.34 -1.81 2.79
0 96.44 -5.89 2.3
0 95.58 -2.85 2.9
0.03 96.24 -4.47 3.47
0.02 96.82 -7.6 1.78
0 97.53 -11.06 2.33
0.16 97.29 -11.94 1.86
0.42 96.17 -4.36 2.54
3.04 96.25 -6.21 3.59
0 96.56 -9.19 1.58
0 96.58 -11.34 2.63
0 96.56 -13.06 2.01
0 96.7 -14.2 1.96
0.02 96.73 -15.38 3.42
0 96.82 -10.82 3.04
0.07 97.43 -11.35 1.29
0.05 97.61 -11.79 1.01
0.14 97.12 -10.26 1.63
0.04 97.05 -7.32 1.13
18.13 97.07 -7.78 1.44
0.63 96.89 -6.83 1.36
0.59 97.27 -9.76 1.24
0 97.62 -11.13 3.2
0 97.76 -13.52 2.03
0.01 97.22 -13.67 0.91
0.22 97.35 -10.97 156.4
4.57 97.25 -8.45 2.7
0.01 97.76 -14.14 2.68
0 97.63 -18.19 2.31
0 96.81 -17.26 3.55
0 97.92 -17.33 2.14
0 97.69 -17.09 1.24
0 97.04 -12.81 1.13
3.33 97 -12.29 1.03
19.92 97.06 -11.41 3.08
0 96.7 -14.57 2.74
0.03 96.17 -14.64 1.61
0 96.56 -15.89 2.95
0 97.73 -17.59 3.11
0 98.31 -15.65 1.92
0 97.36 -15.88 1.45
0 97.15 -14.01 1.49
0 97.07 -14.47 1.18
0 96.94 -13.7 1.44
0.03 97.38 -15.57 1.69
0 97.22 -15.04 1.63
0 97.07 -14.04 1.24
0.33 96.69 -11.45 0.95
0 96.77 -10.83 1.54
0 96.8 -12.15 0.93
0 97.2 -9.89 1.82
1.29 96.95 -11.47 1.72
0 97.65 -13.08 2.31
0 97.94 -11.52 1.51
0 96.95 -8.09 1.83
0 97.43 -8.6 1.33
8.68 97.46 -8.08 0.95
0.38 97.44 -7.88 1.7
0 97.27 -11.54 1.23
0.02 96.13 -7.61 2.18
0.03 96.69 -11.9 3.5
0 96.79 -13.78 1.41
0.42 97.12 -13.14 1.17
0.09 97.06 -10.89 1.56
0 96.57 -5.95 1.15
0 96.87 -6.81 1.19
0.08 96.84 -5.18 1.49
1.85 96.74 -4.53 1.42
1.25 97.21 -6.27 3.5
0 97.45 -9.37 2.04
3.48 96.46 -7.45 2.23
0 97.15 -8.25 2.69
0.03 96.71 -7.34 1.57
0.78 96.98 -13.12 3.5
0 97.87 -16.59 4.03
0 97.78 -15.08 1.45
0.23 96.86 -10.56 1.97
0 97.46 -11.62 2.15
0.17 97.53 -11.12 1.75
0 96.81 -6.31 73.2
0 96.55 -3.77 2.57
0 97.17 -7.43 2.09
0 97.16 -9.31 1.46
0 96.52 -6.2 2.14
0.04 96.39 -3.77 3.59
0 97.12 -9.09 2.86
0 97.3 -10.96 2.01
0.02 97.21 -10.46 1.66
0 97.11 -7.37 2.62
0 97.31 -5.99 2.42
0 97.23 -4.17 1.56
0 97.33 -5.04 1.61
5.2 97.23 -5.72 1.66
0.3 96.34 0.36 2.42
0 96.24 1.22 2.17
0.34 95.72 -0.96 4.66
0 97.46 -6.54 5.06
0 97.59 -5.17 1.58
0 96.46 -0.22 2.42
0 96.77 1.97 2.08
0 96.18 5.5 2.73
0 96.07 3.64 1.45
0 95.51 4.73 1.82
0 95.36 2.11 2.35
0 95.44 -0.86 4.94
0 97.02 -0.99 1.94
0 96.33 3.93 3.26
36.45 96.11 0.95 3.03
0 97.35 -4.72 3.88
0 96.97 0.01 2.78
0 96.41 5.37 2.47
0 96.83 5.53 2.38
0 95.36 8.08 2.94
0.55 95.43 -0.73 3.59
15.37 96.19 -5.18 2.87
0.5 96.7 -5.49 2.6
0 95.46 1.68 4.75
0 96.39 -1.64 2.62
22.07 96.05 -3.63 2.98
0 96.76 -3.83 2.94
0 96.64 -1.07 1.58
0 95.73 4.67 3.59
1.18 95.79 3.37 3.11
0 96.68 0.24 2.99
0 96.88 -0.67 2.1
0.73 96.81 0.64 1.79
6.2 96.51 2.29 2.16
83.45 96.54 1.16 2.43
0 96.17 4.85 2.51
0 96.1 7.13 2.53
16.28 96.29 1.74 2.09
50.92 96.54 0.37 2.99
0 96.33 0.91 2.7
0.31 95.55 2.36 2.28
13.76 95.51 2.08 3.13
5.86 96.42 1.29 3.25
0.53 96.32 2.2 2.85
0 96.34 3.39 3.21
0 95.9 8.27 2.38
0.25 95.33 8.65 3.79
0 95.67 4.43 3.98
0 95.35 6.03 2.38
3.63 95.6 5.63 3.06
28.7 95.97 2.84 515.72
3.75 96.93 2.42 4.25
0 96.97 3.76 1.87
0 96.64 6.33 2.26
0 96.34 9.51 2.06
0.31 95.86 12.32 4.2
61.14 95.8 8.15 2.35
1.47 95.72 8.34 2.56
0.03 95.79 9.73 4.16
0 95.86 11.12 1.64
0 95.86 14.12 2.02
7.55 95.68 12.5 3.02
0.25 95.78 13.03 5.3
0.42 96.23 12.43 4.89
0.71 96.32 12.75 2.04
1.33 96.18 12.71 1.86
7.7 96.4 13.65 1.76
0 96.21 17.11 2.71
0 96.33 20.76 1.74
0 96.22 22.61 1.88
0 96.29 21.95 2.45
0.14 96.09 21.66 3.61
15.11 95.71 15.11 2.16
15.67 94.83 15.85 3.54
0 94.41 18.91 3.64
0 94.97 17.59 2.21
0 95.09 19.08 2.36
0.58 95.62 18.23 3.95
0 96.53 17.6 2.48
0 96.49 18.34 2.09
0.56 95.9 18.66 2.71
0 95.35 18.8 2.95
20.43 94.68 15.96 4.29
0.01 94.71 18.25 3.85
0 94.95 19.92 2.35
0 95.89 20.44 1.93
3.32 95.73 23.37 3.19
2.58 96.21 18.78 2.15
0 95.9 21.26 2.06
4.28 95.69 20.69 3.26
2.78 95.51 18.94 3.23
0.81 95.19 19.33 2.44
0 95.47 20.49 3.65
0 95.33 24.26 2.97
0.04 94.98 25.2 4.32
0 95.57 21.04 2.22
10.64 95.41 19.3 2.86
0.05 95.51 21.16 2.76
22.76 96.17 18.48 2.08
61.72 96.06 18.28 2.27
4.73 95.88 19.08 2.58
5.24 95.68 21.68 2.61
0.99 95.54 22.44 3.18
40.37 95.84 17.79 2.35
5.74 96.07 17.62 1.69
22.43 95.79 16.06 1.89
5.04 95.6 17.99 1.89
0.02 95.69 22.35 3.06
0.15 95.69 23.85 3.48
2.6 95.55 24.33 2.57
105.69 95.45 20.15 2.28
7.92 95.15 22.04 1.68
48.63 94.85 21.3 1.84
0.2 95.2 23.92 1.84
0 95.71 24.49 2.18
0.05 95.86 24.97 1.86
1.93 95.66 22.96 1.53
5.9 95.32 22.71 1.94
37.56 95.21 21.86 2.3
63.38 94.99 21.24 2.3
105.19 94.66 21.19 2.01
63.43 94.8 22.64 2.03
66.35 95.2 21.74 1.78
249.46 95.33 21.95 2.56
20.68 95.29 23 2.85
110.16 94.99 22.87 2.05
226.15 94.46 23.14 2.54
0.07 94.48 25.06 2.62
3.95 94.46 24.99 2.21
2.01 94.82 25.25 1.94
1.39 95.09 25.09 2.16
7.75 94.97 25.3 3.27
69.31 95.18 24.46 1.8
116.15 95.38 22.23 1.37
2.8 95.55 22.71 1.31
0.7 95.55 23.22 1.22
11.77 95.53 23.99 1.77
23.85 95.71 23.74 1.93
0.24 95.72 24.56 1.77
214.51 95.05 22.3 1.91
169.15 94.84 23.31 2.49
0 95.47 23.79 1.97
0.3 95.38 22.73 2.05
68.16 95.21 22.46 1.88
3.06 95.43 22.86 1.73
0.37 95.46 24.3 1.53
14.86 95.35 24.19 1.76
8.71 94.89 24.27 1.78
0.96 94.92 25.16 2.53
0.01 95.25 25.08 1.72
0.05 95.3 25.39 1.61
37.1 95.09 23.22 1.37
13.14 94.97 25.94 1.96
0.24 94.96 25.85 1.43
1.81 94.77 26.29 1.91
8.42 94.89 26.14 2.07
31.73 95.2 25.46 2.56
0.4 95.44 25.6 2.25
1.51 95.23 26.02 2.34
20.14 94.85 26.83 2.45
42.78 94.69 25.43 1.76
7.46 94.88 26.36 2.12
29.5 95.11 26.75 1.94
14.16 94.89 26.97 1.93
11.57 95.07 25.48 1.65
1.73 95.48 26.48 1.51
7.07 95.61 27.09 2.33
58.92 95.35 24.81 2.4
4.63 95.33 25.97 2.48
15.61 95.29 27.1 2.23
3.24 95.28 27.05 1.89
223.87 94.78 25.29 1.68
0.07 111.03 26.67 2.21
0 95.75 23.37 2.19
0 96.02 22.77 1.64
4.53 96 22.11 0.97
2.5 95.63 24.29 2.25
0.26 95.75 23.59 1.69
0 95.91 23.41 1.49
0.08 95.91 23.71 1.45
15.67 95.66 22.83 1.78
26.69 95.72 20.61 1.98
4.53 95.72 20.01 1.54
288.08 95.1 18.72 1.33
16.2 95.24 16.93 2.82
0.16 95.98 16.62 2.24
22.62 96.06 17.46 1.81
1.9 96.31 16.96 1.55
11.96 96.47 17.16 1.57
0 96.55 17.08 1.31
14.91 96.44 17.46 1.32
158.8 96.41 15.03 1.31
28.25 96.47 15.55 1.34
11.96 96.53 17.02 1.29
2.18 96.49 18.38 1.29
10.13 96.04 19.09 1.77
0.28 96.08 17.81 1.47
0 96.2 17.98 2.13
2.17 95.99 20.11 2.31
57.03 95.35 19.95 2.72
0.44 95.6 20.38 2.74
0 96.25 14.86 1.58
1.1 95.96 16.75 1.52
10.54 96.44 17.35 1.33
8.74 96.92 16.75 1.04
5.44 96.04 19.63 2.48
0 96.38 18.72 1.28
0.12 96.42 19.27 1.37
3.58 96.31 18.34 2.12
75.59 96.58 13.94 2.39
0 96.87 9.67 2.2
0 96.71 11.4 1.89
0 96.42 12.41 1.77
0 95.78 16.88 2.8
0 95.8 16.47 2.42
0 96.65 14.1 1.28
0.67 96.64 14.68 1.72
179.24 96.58 11.87 1.85
0.03 96.73 11.01 2.24
0 96.6 10.21 1.56
0 95.95 16.43 2.95
0 96.85 14.75 1.25
0.01 96.93 15.13 2.02
0.04 97.09 13.57 2.16
0.38 96.69 11.79 1.47
0 95.73 15.22 2.34
9.3 95.67 14.47 3.2
0 96.17 11.62 2.59
0 96.65 12.26 1.43
55.94 96.71 10.61 1.78
6.21 97.48 5.7 3.63
0 97.6 3.55 1.28
0 97.17 6.68 1.24
0 97.23 7.62 1.4
0 97.03 10.47 2.15
35.34 97.14 9.64 1.32
3.17 97.14 8.11 1.75
0 97.04 6.84 0.93
23.52 96.92 6.59 1.83
71.36 96.83 3.36 1.93
0.01 97.04 4.71 2.98
0.01 97.27 6.53 2.26
0 96.86 5.45 1.24
0 96.34 7.22 1.61
9.08 96.79 6.36 1.4
1.53 97.37 4.94 1.99
0 97.33 4.1 1.27
0 97.39 5.01 0.82
0 97.19 5.4 1.14
0.33 96.66 8.18 1.64
2.31 96.9 8.05 2.63
0 97.31 6.17 1.56
0.02 96.61 6.45 2.01
0.2 96.14 6.95 3.11
0.01 96.56 4.26 2.42
0 96.65 3.81 2.09
0.2 97.08 4.34 3.09
0 97.16 -0.38 3.24
0 97.23 1.23 1.97
0 97.08 1.89 1.46
0 96.53 2.35 2.2
0 96.24 3.56 2.51
0 96.23 3.46 1.8
0.13 96.31 3.06 2.73
0.01 96.74 -1.57 3.33
0.04 96.91 -2.09 4.8
0 96.84 -2.85 3.01
0 96.9 -2.29 1.85
0 97.1 -2.37 1.12
0 96.86 0.91 1.55
0 96.53 1.59 1.39
0.03 96.17 0.3 1.79
0 96.06 -2.63 3.63
0 96.2 -5.42 2.91
0 96.51 -8.38 5.13
0 96.67 -5.32 2.85
0 96.27 0.2 2.56
0 96.85 -1.74 2.04
8463.29 96.65 -1.59 1.94
8463.29 96.38 -0.86 1.23
8463.29 96.65 1.5 1.64
8463.29 96.62 1.5 1.8
8463.29 96.9 -0.64 2.25
8463.29 96.48 -1.38 1.15
8463.29 96.58 -3.79 1.17
8463.32 96.53 -2.24 1.77
8463.31 96.73 -4.27 2.81
8463.46 96.23 -6.21 2.77
8463.58 96.28 -7.21 1.99
8463.29 96.39 -9.97 3.32
8463.29 96.75 -10.55 2.37
8463.29 97.09 -8.28 2.25
8463.29 97.68 -7.97 1.32
8463.29 97.61 -8.72 1.25
8463.71 97.87 -10.34 2.3
8463.46 97.53 -11.98 2.43
8463.5 97.39 -10.95 2.84
8463.3 97.78 -9.99 2.34
8463.29 97.85 -9.58 1.23
8463.29 97.57 -9.72 1.02
8463.29 97.68 -8.39 1.42
8463.29 97.69 -8.99 1.06
8463.34 97.05 -6.33 2.11
8463.39 97.53 -8.94 3.61
8463.29 97.25 -10.27 1.53
8463.29 96.78 -10.4 2.17
8463.29 96.07 -5.72 2.79
8463.29 95.85 -4.87 2.51
8463.29 95.45 -2.02 3.7
8463.29 95.76 -3.1 2.61
8463.29 96.08 -3.3 2.79
8463.29 96.62 -4.69 2.25
8464.07 96.6 -7.5 1.67
8466.91 96.81 -7.32 1.97
8463.35 96.62 -6.84 2.76
8463.29 97 -5.36 2.68
8463.29 97.53 -12.8 2.62
8463.29 97.18 -13.98 2.28
8463.29 97.16 -11.37 2.08
8463.29 97.22 -9.29 2.18
8463.29 97.75 -10.97 2.28
8463.29 97.47 -12.37 1.52
8463.29 97.51 -11.08 1.75
8463.29 97.28 -7.82 1.66
8467.88 97.28 -8.73 1.54
8463.29 97.29 -10.32 1.62
8463.29 97.52 -8.04 1.94
8463.92 96.59 -6.09 3.41
8463.3 96.99 -8.86 4.51
8463.29 97.25 -9.12 2.8
8463.29 96.57 -5.71 1.87
8463.29 95.81 -1.91 3.42
8463.29 96.23 -2.44 2.49
8463.29 97.17 -7.02 3.39
8463.29 96.9 -7.84 3.6
8463.29 96.16 -2.49 4.44
8463.29 96.9 -6.74 3.3
8463.29 95.53 -0.76 5
8463.29 96.19 -5.39 2.83
8463.29 96.34 -5.86 1.76
0.45 95.93 -2.75 2.06
0.06 95.87 -3.36 4.49
0 96.8 -10.59 3.83
0 97.01 -11.21 2.04
0 97.14 -10.8 1.62
0 97.35 -8.95 1.77
1.49 97.07 -9.46 1.71
5.51 97.08 -11.23 3.21
0 97.73 -12.8 3.5
0 97.59 -13.06 1.48
0 97 -11.12 1.56
0 97.59 -10.86 1.71
0 97.63 -10.97 1.81
0.06 96.78 -4.64 2.9
0 96.78 -4.72 1.85
0.09 97.35 -5.11 1.95
0 97.9 -6.79 2.22
0.96 97.5 -8.29 1.79
0.86 97.21 -7.38 1.69
0 97.2 -6.94 1.74
0 97.1 -4.39 1.9
2.18 97.56 -5.58 1.66
0.15 97.43 -3.58 1.44
0 96.98 -0.89 1.54
0 96.84 1.78 1.99
0.8 96.53 4.42 4.02
3.79 97.17 -1.59 4.22
0.05 96.95 -5.34 1.6
0 96.76 -3.67 1.71
0.24 96.72 -3.73 2.08
0.38 96.7 -4.24 1.6
1.86 97 -3.19 2.91
0 97.08 -4.89 3.18
0 97.27 -6.11 2.52
0 97.27 -4.96 2.2
0 96.76 -3.74 1.98
0 97.05 -4.2 2.36
0 96.62 -1.99 2.39
0 96.27 2.97 3.65
0 96.95 0.1 3.79
0 96.58 -0.8 1.96
0 96.12 2.31 2.81
0 95.74 7.69 2.47
0 96.19 5.46 2.36
0 95.62 8.26 4.09
0 96.78 5.15 2.17
0.1 96.69 4.2 3.58
0 97.01 4.4 4.82
0 96.46 6.77 2.49
0 96.42 8.44 3.22
0 96.78 8.2 2.6
0 95.77 12.9 4.36
0 95.69 12.45 2.51
0.03 95.69 12.04 2.26
0 95.82 11.76 2.74
52.56 95.51 11.91 2.79
21.86 95.96 10.74 2.76
0 96.19 11.51 2.05
1.71 96.32 10.24 2.09
0 95.81 12.2 2.36
0 96.42 9.5 3.76
0 96.9 4.21 4.48
0 96.06 7.03 4.56
0 96.68 5.84 3.52
0 96.08 13.02 3.55
0 95.98 14.92 1.75
0 95.89 14.6 2.27
0 96.01 13.1 4.13
0 96.81 10.21 2.16
1.25 96.45 10.98 1.71
0.64 96.17 11.83 1.91
0 96.28 13.84 2.02
0 96.14 17.94 3.46
0 96.71 14.37 3.27
0 96.05 14.01 2.13
8.13 95.98 10.55 2.42
0.02 96.68 10.16 3.09
17.92 96.58 8.7 2.71
0.06 96.12 10.34 848.45
0 96.19 12.37 3.42
0 95.91 14.83 2.72
1.33 95.61 17.34 3.91
9.61 95.89 17.65 4.52
0.37 96.31 17.17 3.83
30.79 96.59 12.22 3.2
0 96.78 13.26 2.47
0 96.62 14.35 2.2
0 96.04 15.63 1.68
0 95.5 18.76 2.22
5.72 95.4 19.35 4.51
127.9 96.04 8.39 4.87
5.24 95.72 10.05 4.42
9.67 95.9 6.26 5.27
0.12 96.15 8.19 4.02
0.25 95.58 12.09 2.52
41.43 95.5 9.62 3.63
1.46 96.09 12.83 2.15
53.29 96.41 11.63 2.46
2.81 96.34 12.98 2.1
287.8 95.38 9.44 2.6
82.14 94.54 15.4 3.9
0 94.69 18.59 3.72
0.08 95.04 15.33 3.51
0 94.83 15.17 3.04
0.12 95.59 17.41 2.63
2.22 95.98 17.25 2.14
2.28 95.59 19.91 3.15
105.66 95.29 17.16 2.64
5.18 95.28 17.8 2.51
0.03 95.39 19.77 2.23
0 95.46 22.18 2.64
0.28 95.76 25.13 3.84
49.99 95.65 17.46 2.85
0.77 95.15 17.56 4.8
0 94.59 21.92 4.03
15.71 94.34 19.33 2.9
0.31 94.83 23.18 3.26
0 94.85 24.99 61.66
0.12 95.51 25.22 2.58
0 95.49 27.03 3.12
7.04 95.65 23.85 2.76
1.39 95.8 21.85 2.69
0 95.65 22.48 2.13
2.04 95.43 22.79 1.83
35.48 95.29 23.85 2.33
222.8 95.41 17.46 2.77
163.48 95.25 14.64 3.23
28.06 95.02 17.07 2.53
50.33 95.35 16.33 2.41
48.7 95.73 16.05 1.87
20.05 95.78 18.89 1.99
29.26 95.54 20.59 2.49
11.37 95.59 21.45 2.23
0.02 95.48 22.29 1.92
4.98 95.29 23.8 2.01
78.04 95.12 21.03 1.9
137.64 95.02 20.44 2.53
99.1 95.09 20.02 2.32
7.56 95.38 20.12 1.85
66.64 95.53 19.68 1.82
6.05 95.67 19.34 1.63
100.99 95.71 18.95 1.88
1.93 95.57 21.92 1.93
0.08 95.22 23.89 2.37
9.47 95.07 23.15 3.31
29.3 95.07 22.94 3.74
0.57 95.46 22.68 3.78
0.97 95.4 23.37 2.98
0 95.49 24.59 1.77
0 95.48 25.01 1.77
22.58 95.44 23.63 2.43
157.04 95.17 20.94 2.31
20.55 94.89 23.41 2.58
0.26 95.34 25.03 2.02
1.35 95.47 25.07 2.85
1.77 95.3 25.38 2.35
4.7 95.11 25.02 2.9
16.8 95 24.31 3.62
0 95.18 23.98 2.51
0 94.86 24.84 3.12
3.09 94.95 23.44 2.78
9.27 95.15 22.83 2.7
0.64 95.08 23.69 2.44
2.35 95.18 24.44 1.99
31.5 95.18 24.12 2.58
158.1 95.24 22.51 61.72
16.79 95.46 23.01 60.99
0.59 95.55 26.2 1.83
0.64 95.65 28.46 2.31
3.16 95.3 29.23 4.38
117.52 95.1 24.78 2.38
0.36 95.41 22.61 1.54
0 95.14 24.79 2.26
0.15 95.49 23.24 1.62
0 95.53 22.95 1.83
0.01 95.73 23.57 1.89
5.95 95.64 25.44 2.25
3.36 95.19 27.11 3.18
8 95.21 25.85 3.69
20.3 95.37 23.97 2.2
0 95.45 25.66 2.52
0 95.41 27.11 2.8
2.39 95.22 27.37 2.52
14.72 95.15 26.41 1.95
101.93 95.42 20.9 2.56
1 95.42 22.59 2.08
0 95.66 23.39 2.56
0 95.8 22.5 1.69
0.02 95.7 23.09 1.97
27.31 95.45 22.55 1.98
38.88 95.16 22.05 2.1
6.56 95.3 23.04 3.2
0.37 95.52 22.18 2.02
33.54 95.61 19.2 1.79
27.03 95.52 19.39 1.66
16.58 95.52 20.56 2.14
15.81 95.67 21.03 1.76
4.49 95.8 21.33 1.82
7.31 95.98 21.4 1.56
0.31 95.92 22.93 1.59
0.88 95.61 24.65 2.23
11.01 95.56 24.63 2.11
25.79 95.53 23.83 2
34.82 95.37 23.47 2.23
216.13 95.6 19.85 2.13
2.29 95.9 20.16 2.21
0 96.04 21.1 1.69
0 96.12 22.81 1.98
9.38 96.27 21.21 1.74
5.27 96.31 21.03 1.45
1.28 96.27 21.35 2.09
14.13 96.1 20.25 1.52
13.39 96.07 20.41 1.88
284.35 95.97 16.78 2.14
1.6 95.64 18.03 2.04
0 95.29 20.78 2.47
0 95.85 19.33 1.56
0 95.88 20.49 1.56
2.99 95.48 20.92 2.66
0.03 95.72 19.36 2.83
0 95.89 16.73 1.45
0.01 96.18 17.92 1.69
0.14 96.19 19.03 1.97
19.15 96.24 17.77 1.33
0.41 96.09 19.19 2.38
0.24 96.35 16.64 2.84
0 96.46 14.67 2.43
0 96.52 14.01 1.6
0 96.59 16.33 1.31
0 96.57 17.25 1.95
8.18 95.92 17.04 2.26
47.3 95.83 15.4 2.62
0.06 96.44 14.81 1.66
0.61 96.5 16.71 2.05
91.32 96.62 13.48 1.86
29.17 96.4 13.64 1.76
0 96.35 13.99 1.58
56.84 95.76 14.87 2.45
0.13 96.26 13.77 2.06
0.63 96.21 14.23 2.56
16.56 96.89 7.99 3.83
0.08 97.07 6.44 1.73
66.95 96.21 7.43 1.52
53.43 96.04 7.93 2.39
0 96.39 8.93 1.49
80.26 96.62 8.44 1.39
9.3 97.04 9.08 2.34
0 96.92 9.46 1.96
0 96.5 12.39 1.81
0 96.41 13.81 2.34
0 96.54 16.5 2.4
0 96.84 14.15 1.57
0.61 96.71 14.7 2.7
0.53 97.63 9.94 3.93
0 97.22 5.61 2.07
0 96.35 8.22 2.17
0 95.85 10.7 4.59
0 96.44 10.07 3.26
0 96.12 12.97 2.27
0 96.24 13.62 2.26
0 95.98 16.21 3.64
0 96.68 9.22 3.17
0 97.13 4.72 2.18
0 96.65 5.88 1.8
0 95.87 11.21 3.27
0 95.57 13.73 3.21
0 95.72 12.51 2.12
0 97.16 6.11 4.95
0 97.65 2.8 1.67
0 97.1 3.96 1.61
0.05 96.8 8.1 1.76
4.12 96.9 9.56 26.73
1.83 96.67 7.25 1.72
9054.58 96.31 7.73 2.91
9054.63 96.49 4.96 4.07
9054.57 96.31 6.72 2.46
9054.57 95.96 8.03 3.53
9054.58 96.23 7.53 3.17
9054.57 97.51 0.76 3.41
9054.57 97.53 -1.04 1.67
9054.57 97.11 0.87 1.76
9054.57 96.89 3.66 1.59
9054.57 96.57 4.25 1.71
9054.58 96.2 2.83 2.89
9054.61 96.67 -2.89 5.43
9054.57 96.72 -1.87 2.75
9054.57 97.04 -2 1.62
9054.57 97.17 -0.86 1.58
9054.8 96.98 1.58 1.98
9054.57 97.34 -1.19 1.82
9054.57 97.28 -0.5 1.36
9054.57 96.63 1.41 2.5
9054.57 96.04 3.49 3.33
9054.57 96.5 1.1 2.55
9054.57 97.06 -1.26 2.02
9054.68 96.83 1.02 2.45
9054.57 97.17 -1.89 1.84
9054.57 96.36 -2.49 1.84
9054.57 95.88 848.12 4.22
9054.57 96.91 -1.32 2.12
9054.57 96.47 -1.33 1.49
9054.6 96.31 -0.52 1.98
9055.29 96.37 -0.51 4.69
0 96.97 -10.13 5.97
0 96.79 -10.31 3.37
0 96.51 -10.19 4.69
0 96.66 -10.2 3.72
0 96.76 -10.34 3.26
0 96.96 -8.91 2.28
4.42 96.99 -8.48 1.76
0 97.54 -10.06 1.48
0.04 97.45 -7.43 2.63
3.58 96.74 -3.83 4.48
0.08 97.18 -8.49 2.85
0.02 96.78 -9.23 3.67
0 96.95 -10.23 2.55
0 96.97 -8.42 1.77
0.27 96.88 -7.94 3.75
0 97 -11.45 3.62
0.01 97.06 -10.5 2.15
0 97.05 -8.25 2.27
0.15 96.63 -5.51 3.83
0 96.99 -9.22 3.48
0 96.68 -9.46 3.45
0 96.45 -4.01 2.57
0 96.42 -2.76 3.06
0 97.29 -4.86 3.56
0 97.54 -5.37 2.24
0 97.33 -7.32 1.56
0 96.9 -4.6 2.11
0 96.29 -5.08 1.81
0 95.62 -3.37 3.04
0.12 96.32 -5.73 73.46
0.03 97.08 -9.32 4.99
0.12 97.11 -10.49 2.73
0 97.04 -6.81 2.96
0 95.81 -2.78 3.53
0 96.02 -3.1 1.79
0.87 96.31 -2.08 4.24
0 96.91 -7.16 2.99
0 97.27 -8.87 1.64
0 97.18 -8.92 1.59
0 97.03 -5.97 2.25
0.06 96.55 -3.56 3.34
0 97.61 -6.7 2.39
0 97.82 -8.52 1.65
0 97.33 -5.41 1.79
0 97.43 -7.56 1.89
0.35 97.09 -7.95 1.84
2.15 97.06 -8.9 3.24
0 97.24 -8.76 1.81
2.94 96.09 -4.48 3.2
0.02 96.79 -7.79 2.12
0.05 96.67 -7 1.81
1.57 97.17 -6.62 2.73
0 96.7 -8.05 1.71
0 96.12 -3.49 2.85
0 97.01 -5.5 1.96
2.75 96.67 -4.75 1.58
2.34 97.18 -7.59 3.63
0 97.77 -11.2 2.75
0 97.64 -11.28 1.81
0.09 97.01 -7.37 3.18
0 97.62 -9.44 3.4
0 97.92 -9.17 1.85
0 97.71 -7.73 1.54
0 97.54 -7.27 1.41
0.09 97.38 -4.42 2.29
0.06 97.3 -5.3 3.37
0 97.22 -3.78 2.64
0 96.55 -1.44 2.92
0.03 97.38 -8.93 5.37
0 97.57 -11.49 3.22
0 96.83 -6.03 2.64
0 96.11 -3.14 1.95
0.01 96.13 -4.97 2.97
0 96.36 -5.7 2.54
0 96.01 -4.78 1.86
0 95.76 0.42 2.19
0.03 96.44 -1.96 1.76
14.91 96.2 -0.62 2.79
0.01 96.78 -1.03 4.05
0 97.46 -2.83 2.71
0 97.05 -3.68 2.91
19.83 96.27 -0.37 3.32
23.76 95.69 -0.44 4.99
0.14 96.08 -4.84 5.25
0 96.34 -5.7 2.06
0 95.95 -4.76 1.82
0.59 96.37 -5.59 3.15
0 96.82 -7.9 3.24
0 97.5 -6.23 2
4.58 96.59 -2.68 4.44
0 96.2 -0.25 3.13
0.04 95.73 -1.68 2.49
0.08 96.41 -5.48 5.51
0 96.99 -5.83 2.95
0 96.76 -3.17 3
0 96.1 1.44 4.09
0 96.33 2.49 2.64
1.59 96.85 -1.87 3.41
0 97.72 -8.25 5.79
0 97.1 -4.03 3.15
0 96.68 -2.75 3.77
0 96.19 -2.41 2.85
0 156.32 845.15 848.23
0 96.37 0.3 3.46
0 95.98 5.88 3.42
0 95.85 6.27 3.25
0 96.58 4.28 2.57
0 95.93 6.38 2.75
0 96.13 7.08 3.47
0 96.26 6.56 2.6
0 96.19 7.27 3.7
0 97.17 2.85 3.8
0 97.35 3.13 2.61
0 97.56 3.87 1.77
0 97.33 7.43 2.92
0 97.12 12.38 3.97
0 96.34 13.06 4.99
0 95.81 12.48 3.57
0 96.01 10.76 3.3
0 95.53 14.09 4.06
10.83 96.41 7.41 3.39
0 96.59 5.7 1.7
196.82 95.01 3.02 2.49
0.58 95.84 5.21 2.53
1.7 95.81 6.12 1.86
0.13 96.28 5.55 4.03
0 97.46 0.37 4.14
0 97.46 1.01 2.97
0 96.71 4.98 3.1
0.11 96.4 8.21 3.04
0.24 96.59 8.75 2.68
34.29 96.76 7.73 3.12
185.4 97.28 0.86 4.07
1.1 96.98 4.28 2.35
0 95.4 11.04 1.91
0.7 94.55 14.35 4.29
3 95.43 9.65 5.2
0 95.48 12.38 2.66
0.04 95.78 12.9 2.55
0.03 96.19 11.56 3.66
0.01 95.88 11.93 2.81
0.05 95.74 12.4 2.72
0 96.07 14.38 3.98
0 96.17 15.3 4.62
0 96.5 15.11 2.76
0 95.89 20.7 4.1
0 95.51 24.18 4.24
30.38 95.24 20.42 4.58
34.98 95.8 16.49 2.33
0 95.88 18.85 2.12
0 95.78 20.5 2.68
8.75 95.57 17.95 3.79
38.89 95.65 15.55 2.19
0 95.87 14.25 4.63
0 95.79 14.03 4.59
0 95.16 15.79 5.33
0 95.75 13.16 2.57
0.66 95.65 13.81 4.37
27.87 95.94 8.28 2.45
0 96.33 9.33 1.8
61.49 96.22 9.28 2.27
82.13 95.29 7.9 1.84
11.32 94.03 11.43 3.47
0.39 94.12 19.18 3.39
1.36 95.35 17.41 5.09
0.03 96.03 16.68 4.08
0 95.49 18.65 3.22
22.23 94.65 19.33 4.62
45.81 94.78 16.04 4.82
1.01 95.19 14.56 5.42
0 96.01 18.19 3.92
0 95.68 21.37 3.46
0 95.53 22.16 2.93
3.06 95.46 22.31 2.87
0.09 95.3 24.04 3.43
0.38 95.22 25.33 4.04
3.97 95.31 25.26 3.14
0.19 95.32 23.52 3.16
3.48 95.07 23 3.97
1.01 95.3 21.1 3.17
0 95.44 20.42 2.89
0 94.68 24.7 6.5
13.86 95.04 23.27 2.9
2.31 95.6 20.11 3.74
0 95.85 21.66 3.22
69.15 95.15 18.21 3.21
47.83 94.61 18.62 2.45
76.52 95.09 18.49 2.53
0.44 95.44 19.65 3.06
1.52 95.13 20.1 2.68
8.3 95.17 18.47 1.95
147.75 94.94 16.7 2.44
234.83 94.42 16.37 2.39
41.82 94.49 17.1 1.86
89.07 95.34 17.8 2.19
0.36 95.63 20.68 2.05
33.37 95.48 22.06 1.91
0.55 95.2 22.86 1.8
232.56 95.17 20.6 2.39
5.28 95.39 19.33 2.9
91.51 95.81 16.93 2.6
0.07 95.91 21.22 2.35
0 95.58 23.5 2.13
4.94 95.34 23.59 3.09
0.33 95.47 23.33 2.52
10.07 95.27 23.42 3.15
16.13 94.97 21.82 2.37
130.44 94.9 20.85 1.76
1.4 95.35 22.02 1.66
4.2 95.44 23.65 2.15
192.86 95.53 17.81 2.26
21.76 94.98 18.25 1.93
31.27 94.52 19.33 3.15
3.76 95.08 17.92 2.97
0.14 95.67 18.97 2.41
66.18 95.69 19.62 2.06
18.21 95.8 20.56 1.85
0 95.8 22.14 1.94
0.26 95.66 23.37 2.01
2.7 95.8 24.41 2.11
0.21 96.04 25.5 2.35
3.55 95.87 23.84 2.64
0.63 95.56 25.51 2.31
2.3 94.99 26.39 2.12
0.27 94.79 26.97 3.4
10.42 95.18 26.46 2.59
18.19 95.56 24.99 2.18
22.64 95.74 22.05 2.31
15.12 95.62 22.39 1.65
48.46 95.47 23 1.79
131.7 95.64 22.56 2.02
65.15 95.58 22.87 2.25
21.19 95.28 24.05 2.37
39.2 95.24 23.27 2.34
11.52 95.23 23.41 1.72
21.59 95.05 23.25 1.96
9.5 94.89 24.26 1.94
13.21 95.24 25.55 2.46
34.07 95.35 24.67 2.27
61.08 95.13 24.51 2.33
71.39 95.07 24.58 2.19
344.07 95.44 22.21 2.44
14.66 95.67 22.64 1.68
1.92 95.51 23.74 1.83
33.32 95.05 24.82 2.82
0.2 95 23.75 2.19
1.82 94.87 25.2 2.32
3.45 95.05 25.5 2.91
18.89 95.45 24.32 2.56
19.2 95.98 23.1 2.27
64.81 96.02 23.13 1.93
23.97 95.89 24.26 2.04
0 95.92 24.09 1.71
0 95.75 24.54 1.57
0 95.58 24.82 1.49
0 95.29 25.81 1.85
1.84 95.08 25.84 2.07
0.03 95.35 24.25 2.19
0 95.42 24.25 1.87
1.92 155.43 864.24 847.97
41.97 155.71 864.33 848.09
61.04 95.92 20.58 2.13
24.79 95.6 19.67 2.32
3.7 95.39 20.89 2.12
42.14 95.5 20.37 1.78
11.83 95.81 20.4 1.71
16.39 96.03 20.51 1.87
11.97 95.95 20.87 2.46
24.39 95.83 20.93 2.32
0.05 95.77 21.07 2.24
14.91 95.64 20.3 1.82
11.01 95.79 19.31 1.58
23.38 95.95 19.38 1.8
116.33 96.13 18 1.75
86.13 96.15 19.11 2.02
2.41 96.12 21.29 2.1
0.35 96.29 20.54 2.07
13.76 96.17 18.71 1.42
43.52 95.95 18.29 2.14
0.03 96.11 17.86 1.82
0 96.04 19.31 1.56
1.97 96.19 20.95 2.27
18.21 96.82 16.99 2.37
2.75 96.76 15.76 1.74
31.64 96.21 13.82 1.79
21.57 96.17 14.45 2.93
0 96.11 19.5 2.26
0 96.45 19.57 2.48
0 96.59 18.97 2.57
0 96.42 19.34 2.23
4.32 96.38 19.23 1.6
12.9 96.42 18.74 1.84
0.01 96.49 17.23 1.89
2.63 96.02 17.06 2.26
4.09 95.82 19.72 2.69
50.24 95.71 18.29 3.06
53.41 95.75 15.73 2.1
43.73 95.73 15.19 1.8
24.61 95.69 16.05 2.81
0 95.99 14.62 2.4
0 96.15 17.07 2.53
0.29 96.98 14.12 1.47
3.76 97.48 11.67 1.77
10.52 96.38 15.34 3.17
61.98 95.6 11.62 5.09
0.04 95.55 14.25 4.01
0 96.53 12.08 2.28
0 96.85 14.5 2.43
0 96.37 17.62 3.49
0 96.24 17.98 2.42
0 96.02 18.08 3.28
0 96.33 11.41 3.61
0.46 95.66 6.67 3.02
2.33 95.84 6.31 4.91
6.6 96.13 10.27 4.19
0 96.55 11.84 2.24
0 96.62 13.13 1.9
0 96.37 13.79 1.91
0 96.31 14.85 1.85
0 96.35 15.27 2.45
1.55 96.44 14.63 2.96
0 97.23 7.17 2.75
0 96.14 10.56 2.76
17.45 96.66 6.9 2.15
34.43 97.01 5.65 1.96
2.26 105.16 128.34 62.91
0 104.63 128.69 62.82
0 97.23 7.71 2.46
0 97.24 4.9 1.66
9.66 96.04 7.49 4.34
0 96.04 4.69 3
0 96.65 2.67 3.1
0 96.99 0.94 3.71
0 97.42 0.78 2.46
0 97.48 2.84 1.48
0 96.8 4.76 1.55
0 96.61 6.05 1.31
0 96.64 8.57 3.23
0 96.78 10.23 3.05
1.1 97.84 2.41 3.94
62.35 97.92 -2.78 3.61
35.32 97.51 -2.76 3.55
5.09 97.06 -2.24 2.21
0.22 97.13 -2.34 1.5
0 97.33 -2.48 1.2
0 97.47 -0.01 1.31
0.17 97.31 1.96 1.37
0.01 96.61 3.78 1.73
0 95.95 6.2 2.55
0.16 96.74 3.17 2.45
4.75 96.64 -1.12 2.54
0 97.29 -3.14 2.58
3.85 97.22 -4.19 2.29
10.54 97.21 -5.82 2.34
7.97 97.23 -7.18 2.04
10 97.71 -7.62 1.91
24.28 98.16 -10.28 2.77
7.3 98.23 -11.67 3.34
0.09 98.15 -13.81 2.19
0.01 97.28 -13.32 2.67
0 97.21 -13.35 2.83
0.06 96.76 -11.37 1.32
0.28 97.2 -8.89 1.51
17.67 96.89 -4.97 1.99
0 96.81 -7.38 1.61
0.38 96.13 -2.55 2.49
0.11 95.91 -4.25 4.42
0.24 96.18 -6.56 5.22
0 96.57 -4.48 3.36
0 97.22 -4.83 2.01
0 97.38 -7.24 1.41
0 97.56 -8.31 1.05
0 97.16 -3.49 2.18
5.05 96.79 1.31 2.8
0.02 96.97 -0.12 4.15
0 97.34 -5.65 1.94
0 97 -5.79 1.34
0 97.11 -6 1.17
3.57 96.46 -4.41 2.58
0.04 96.53 -5.76 3.83
0.05 97.07 -7.44 5.21
0 97.2 -7.5 2.71
0 97.62 -5.62 1.78
0 97.64 -5.93 1.62
0 96.76 -3.2 2.38
0 96.95 -4.96 1.6
0 97.08 -7.42 1.39
0 96.94 -4.88 2.02
0 97.06 -8.29 2.06
0.01 96.05 -6.48 3.15
0 97.03 -11.18 3.95
0 97.86 -13.74 2.1
0 97.58 -8.9 1.72
0.27 97.12 -5.5 1.55
1.14 97.35 -6.6 1.61
0 97.4 -7.79 1.69
0 96.52 -2.72 2.62
0.01 96.47 -4.99 1.39
1.38 96.68 -7.38 1.86
0 97.16 -9.56 3.35
0 97.02 -11.36 2.48
0 97.25 -9.74 2.89
0 97.12 -9.57 2.71
0 96.91 -9.87 2.49
0 96.66 -9.59 2.09
0 97.41 -10.99 2.96
0 97.68 -12.36 2.46
0 97.16 -12.34 3.09
0.08 96.49 -10.82 3.31
0.11 96.25 -10.21 2.39
0 96.28 -10.7 1.79
9.63 96.87 -12.84 2.62
2.9 96.92 -16.97 2.91
0 96.58 -17.81 3.79
0 97.2 -17.34 1.83
0 97.71 -16.69 1.37
1.4 97.63 -15.95 1.6
0.81 98.15 -18.99 3.17
0 98.06 -22.59 4.85
0 97.54 -15.43 4.03
0 96.97 -10.54 2.67
0 96.83 -10.92 2.85
0 96.92 -9.5 2.75
0 97.4 -11.2 1.91
0 97.87 -14.46 2.06
0 97.69 -15.59 2.24
0 97.74 -12.91 2.79
0 97.6 -10.76 2.32
0 97.23 -9.08 2.16
0 96.98 -8.1 2.42
0 97.2 -7.64 3.36
0 97.12 -8.03 3.68
0 97.06 -6.86 2.56
0 96.17 -6.37 2.47
0.01 95.76 -3.02 3.4
0 96.46 -2.73 2.54
0 96.16 0.76 2.73
0.11 96.08 0.96 2
3.42 96.22 1.18 2.56
36.17 96.92 -6.66 5.81
0 97.08 -11.34 4.72
0 96.47 -8.76 3.58
0 96.31 -4.65 4.01
0 96.3 -1.97 3.62
0 96.21 -2.31 3.55
0.13 97.08 -5.61 3.37
0 97.08 -7.87 3.72
0 96.98 -8.57 2.71
0.01 97.02 -5.34 3.26
0 97.94 -9.3 2.39
0 97.57 -8.1 2.61
0 97.49 -7.28 2.68
0.09 96.83 -5.73 3.01
0.02 96.89 -5.64 1.97
0.13 97.17 -6.92 3.95
0.08 97.46 -7.71 3.4
0.04 96.53 -0.67 3.06
0 96.11 3.19 2.65
0 96.04 2.19 2.21
0.27 96.44 1.06 1.48
59.09 96.27 1.64 3.33
0.03 96.3 -0.29 2.18
2.62 96.53 -2.22 4.03
0 97.32 -6.21 4.53
0 97.44 -6.22 3.32
0.02 97.21 -5.39 3.27
0 96.71 -4.6 1.98
0 96.09 -0.85 3.7
0 96.79 -0.63 2.54
0 96.63 1.37 2.09
0 96.09 4.99 3.13
0 95.92 8.56 3.61
0 95.57 9.67 4.68
0 95.88 8.44 3.51
0 96.79 5.01 2.08
0 97.03 5.92 2.01
0 96.65 8.99 2.65
0 96.96 6.84 4.49
0.03 97.56 3.24 5.04
0 97.6 3.08 3.16
0 97.26 3.5 2.93
0 96.83 7.85 2.68
0 96.29 9.5 2.16
0 95.64 11.7 4.44
1.83 96.12 8.53 3.28
0 96.15 9.16 3.03
0 95.24 15.17 4.85
17.08 95.4 11.85 4.69
1.48 96.49 7.81 3.62
0 96.52 8.58 3.14
0 95.69 11.28 3.83
0.1 95.98 11 2.95
0.89 95.42 12.47 4.46
0 95.68 11.32 3.75
0 95.68 12.66 5.46
0 95.9 8.66 3.22
0 96.53 6.37 3.55
0 96.18 6.9 4.21
42.19 95.25 8.14 2.7
0.15 94.96 10.8 4.38
0 96.06 12.06 3.89
0.38 95.64 15.15 4.63
30.67 95.49 10.72 3.38
1.55 95.47 7.49 4.27
12.16 95.81 7.09 2.48
4.81 96.2 8.7 3.19
0.03 95.79 13.72 2.69
0 94.92 16.24 5.43
0 95.47 12.6 5.64
0 96.02 11.88 2.73
0 95.55 14.43 4.49
0.76 96.23 12.59 3.01
15.52 96.48 10.79 2.01
0.98 96.08 13.52 1.88
0 96.21 13.95 2.39
19.38 95.49 14 2.75
0.09 95.07 17.51 2.86
12.27 94.79 21.52 3.84
136.99 95.53 12.42 2.97
119.4 94.63 11.23 5.19
0 95.2 15.99 3.14
28.3 95.27 14.88 4.17
0.06 95.48 14.16 5.81
0 96.27 16.34 2.87
0 95.76 18.29 4.27
0.74 95.84 17.46 2.17
0 95.58 17.52 2.18
0.98 94.82 19.9 4.87
222.78 95.46 12.27 3.86
0 96.45 14.6 3.68
28.24 96.08 12.19 3.77
1.91 95.8 13.18 3.41
0 95.32 18.07 3.13
0 95.45 23.4 3.74
0 95.77 23.56 4.51
0 95.98 22.27 4.02
0 96.15 21.76 3.75
0.02 96.69 19.94 3.36
0.03 96.62 19.41 2.75
44.99 95.82 15.45 1.81
16.75 94.78 16.71 4.55
17.92 95.06 18.62 3.28
0.22 95.5 19.2 3.83
0 95.49 21.74 4.1
0.09 95.08 23.8 4.37
0 95.39 20.08 3.92
0 95.1 22.62 3.77
26.21 95.89 17.31 2.56
0 95.96 20.29 1.98
0 95.61 23.51 2.89
0.01 95.29 24 3.3
0.02 95.41 22.7 2.78
0.18 95.69 22.83 2.43
26.44 95.8 20.02 3.08
8.28 95.87 19.48 1.98
0.07 95.59 21.86 2.29
14.7 95.33 22.11 3.87
139.27 95.11 20.07 4.49
31.62 95.52 18.8 2.4
7.08 95.44 20.19 1.97
5.13 95.09 20.02 1.92
188.54 94.99 15.88 2.37
23.49 95.01 18.19 2.19
2.27 94.66 20.36 2.43
32.43 94.69 20.9 1.97
2.69 95.22 21.87 2.74
0.02 95.32 23.77 2.28
15.89 95.02 24.89 2.82
34.48 95.02 24.33 2.86
39.63 95.04 23.19 2.35
27.34 95.25 21.69 2.48
8.33 95.28 21.74 3.45
0 95.46 24.32 2.59
0 95.43 25.04 2.11
25.06 95.19 23.49 2.38
71.95 95.33 19.92 3.09
94.81 95.18 20.63 2.51
40.47 95.15 21.17 2.1
0 95.29 21.46 2.02
0.18 95.29 22.84 1.72
0 95.43 25.32 2.72
0 95.62 24.6 2.6
2.17 95.81 25.04 1.9
0 95.9 26.36 2.01
0 95.85 26.41 2.82
0 95.59 26.11 2.63
0 95.32 27.67 2.2
0 95.08 28.69 2.65
5.17 94.78 28.97 3.83
77.35 94.98 23.44 2.2
1.79 95.31 24.96 2.48
1.12 95.64 23.93 2.59
7.54 95.35 20.75 2
5.2 95.2 20.8 2.09
1.58 95.51 22.29 1.87
0.08 95.55 23.87 2.09
43.96 95.65 23.08 2.44
323.86 95.68 21.18 2.46
813.01 95.19 22.07 2.49
48.58 95 23.7 1.75
8.71 94.91 26.5 2.62
0.46 95.36 26.6 2.08
486.74 95.36 21.88 2.56
5.18 95.28 22.77 1.58
1.26 95.06 24.34 2.05
24.85 95.03 24.73 2.37
36.37 95.41 24.2 1.9
177.87 95.69 23.97 1.92
68.03 95.78 22.69 1.78
42.74 95.87 23.38 1.9
0.38 95.88 25 1.56
0 95.85 26.35 1.54
0 95.81 26.99 1.85
0 95.74 26.75 2.1
161.06 95.43 26.04 2.29
195.5 95.77 23.82 2.25
0 95.9 22.89 1.5
0 95.58 23.83 2.3
0 95.37 27.25 3.77
0.99 95.37 28.78 3.86
20.44 95.4 26.21 2.3
0 95.36 25.28 1.75
0 95.6 24.8 2.02
5.45 95.53 23.44 1.55
40.89 95.38 22.81 2.07
2.64 95.27 23.21 1.53
299.41 95.21 20.77 1.63
24.39 95.61 21.79 2.34
10.72 95.76 22.41 1.65
0.76 95.88 23.65 1.78
2.92 96 23.97 1.51
17.02 95.56 21.73 1.63
12.04 95.32 24.05 1.82
101.68 96.02 18.78 3.87
0 96.35 18.48 2.09
3.61 96.03 18.71 2.15
3.64 95.97 19.45 2.11
0 96.11 19.02 2.36
0 95.55 18.88 2.58
22.29 94.5 17.18 3.83
32.19 94.39 16.1 2.44
13.99 95.06 19.22 1.48
37.32 95.59 18.77 1.21
71.08 95.84 18.23 1.6
87.93 95.76 17.97 1.57
16.98 95.62 19.55 1.75
3.48 95.39 19.17 1.66
5.5 95.45 18.64 1.73
28.99 95.73 17.88 1.41
10.63 95.91 17.42 1.77
53.41 96.28 16.35 1.86
23.83 96.53 16.79 1.53
1.66 96.5 17.66 1.51
20.36 96.31 19.43 2.03
0.03 96.17 20.42 1.76
5.67 96.2 19.55 1.84
3.16 96.63 17.38 2.22
15.25 96.78 15.27 2.54
0.14 96.82 14.81 2.35
0 96.71 14.87 1.58
1.31 96.55 14.89 2.04
3.88 96.18 17.16 2.28
5.29 95.86 18.87 2.27
2.04 95.62 20.36 3.49
0.05 96.25 18.13 2.09
11.93 96.08 17.63 1.76
2.18 96.72 13.44 4.21
0 97.2 9.4 2.42
0.04 96.47 10.56 2.64
0.08 96.09 16.02 1.95
4.67 95.98 18.86 3.67
5.32 95.98 15.68 1.79
1.06 95.93 16.77 3.33
64.82 96.49 9.17 2.37
23.13 96.58 8.14 2.26
0.64 97.19 9.31 1.67
70.98 96.4 10.45 2.54
1.3 96.5 7.23 4.36
0 96.79 5.68 2.03
0.51 96.34 7.69 2.07
0 96.88 6.91 85.28
0.16 96.9 8.08 1.76
0 96.46 12.68 1.69
0 96.55 14.05 1.85
0.25 96.74 15.35 2.97
11.61 96.24 14.2 3.48
0 96.66 10.81 1.97
0 96.46 12.04 1.99
0 96.25 14.33 2.62
2.09 97.14 6.62 3.12
40.45 96.56 6.27 1.78
49.22 97.18 3.03 3.36
0 96.88 3.34 1.43
0 96.25 4.42 1.4
0 95.87 9.11 2.9
0 97.03 4.87 2.22
42.39 97.11 3.63 1.4
20.58 97.26 3.55 2.87
0.23 97.41 1.06 2.67
2.29 97.06 1.1 3.34
0 97.9 -3.8 2.88
0 97.55 -2.57 2.68
0 96.82 1.19 3.17
0 96.26 2.51 1.88
0 95.36 4.71 1.77
0 96.28 3.26 3.58
0.19 97.2 0.09 2.09
9.33 97.4 -0.58 3.26
0 97.8 -2.74 1.87
0 97.26 -1.55 2.28
3.65 95.78 3.09 3.83
1.41 95.97 -0.41 1.62
0.24 96.49 0.24 1.65
0 96.03 4.26 3.36
0 96.6 2.65 4.45
0 96.96 -2.39 2.1
0 96.62 1.42 2.23
0 96.64 -0.01 2.46
0.36 95.99 2.89 2.35
3.14 96.48 -2.42 2.48
26.23 97.1 -6.08 1.63
62.69 97.41 -8.06 2.99
0 97.83 -10.98 2.88
0 97.53 -10.47 2.69
0 97.05 -7.9 2.41
0 96.7 -5.5 2.11
0 96.23 -1.79 3.35
0 96.98 -4.74 3.43
0 97.43 -4.14 1.7
0.11 97.73 -4.32 1.89
6.18 96.58 -0.13 3.54
0 97.33 -2.62 3.22
0 97.06 0.01 2.52
0 96.33 2.39 3.31
0 96.31 -0.42 2.36
0.49 96.99 -4.55 3.4
0 96.51 -4.54 3.1
0 96.7 -5.55 2.11
2.31 96.08 -2.76 3.37
0 97.06 -6.82 2.13
0 97.2 -7.61 1.26
0 96.66 -5.43 2.88
4.32 96.88 -3.03 2.36
0 97.5 -7.45 3.33
0 97.48 -9.7 2.26
0.01 97.45 -8.78 2.79
0 96.72 -4.82 2.5
0 96.62 -3.85 1.22
0 96.78 -3.73 1.01
0 96.84 -3.46 1.27
0.04 97.18 -3.26 1.1
0.09 97.14 -3.96 2.47
2.57 96.8 -8.39 4
0 97.26 -9.2 2.73
0 97.23 -9.52 1.3
0.04 97 -4.92 2.9
2.96 97.6 -8.22 3.46
0 97.57 -10.98 2.02
0 97.25 -9.06 3.53
0 97.5 -9.15 2.81
0 96.99 -7.72 1.76
0 96.85 -6.74 1.43
0 96.64 -2.95 2.85
0 96.79 -4.44 2.33
0 96.48 -1.96 2.54
0 97.05 -4.83 1.55
0 97.39 -6.34 1.22
0 96.91 -3.85 1.25
8.26 96.88 -3.62 1.73
10.01 96.48 -4.04 2.21
0.02 96.69 -6.74 3.31
0 96.96 -9.38 3.29
0 96.7 -9.38 2.59
0.01 96.41 -10.09 2.68
0 96.56 -9.49 3.83
0 97.51 -10.97 2.05
0.17 97.51 -12.52 1.44
0.03 97.41 -11.77 1.45
0.21 97.21 -9.68 1.89
0 97.52 -10.61 1.64
17.8 97.17 -11.49 2.95
0 97.31 -13.22 2.21
0 96.89 -11.64 4.36
0 97.58 -13.28 2.36
0 97.71 -13.71 1.51
0 97.83 -12.25 1.36
0 97.26 -8.11 1.91
0.05 96.45 -3.16 4.7
0 97.05 -6.29 3.47
0 96.44 -6.14 2.6
0.15 97.19 -9.66 4.27
0 97.62 -9.6 3.23
0 97.01 -6.96 2.88
0 97.76 -7.51 3.16
0 97.15 -5.54 2.07
0 96.57 -3.71 1.8
0.38 96.18 -0.27 2.25
0 96.53 -4.1 3.31
0.01 97.49 -5.82 2.78
0.01 97.45 -6.93 1.1
0.03 97.22 -7.5 5.18
0.01 96.77 -8.47 5.3
0 96.96 -8.38 4.47
0 97.08 -6.94 2.74
0 97.07 -6.1 1.62
0 97.53 -4.42 1.93
0 97.46 -3.46 2.12
0 96.29 1.87 3.29
4.65 96.49 -1.86 4.28
0 97.19 -6.29 2.87
0 96.62 -5 2.54
0 95.48 -1.55 4.33
0 97.26 -6.42 4.51
11.16 97.16 -6.01 2.63
22 96.41 -3.26 4.22
0 96.95 -3.79 3.46
0 96.67 -1.82 3.19
0 96.59 -0.43 3.05
0 96.82 -0.5 1.56
0 96.48 1.9 2.94
0 96.39 1.99 2.84
1.29 96.79 -3.29 4.12
0 96.07 -0.68 2.65
0 96.08 0.67 1.74
0.03 96.28 -1.46 2.46
0.16 96.72 -3.77 3.87
0.04 96.48 -6.01 3.43
0 96.5 -4.25 4.03
0 96 0.54 3.69
0 95.81 1.34 3.01
0 96.04 3.76 1.95
0 96.27 5.54 2.79
0 97.08 1.15 4.37
0 97.12 1.37 2.75
0 97.09 2.05 2.43
0 96.84 3.15 1.83
0 96.44 3.96 1.66
0.72 96.35 5.2 2.29
0 96.86 6.29 2.01
0.14 96.97 6.02 2.56
1.07 96.96 3.05 3.32
0 96.85 2.25 2.28
0 96.58 3.62 2.13
0.88 96.98 3.17 1.85
7.78 96.7 1.72 1.48
3.21 96.49 3.36 2.13
0.31 96.41 3.14 2.24
0 96.6 3.77 2.56
0 96.43 5.91 2.38
0 96.32 9.62 3.42
0.09 97.09 5.24 2.73
0 96.93 5.61 2.5
0 96.33 6.39 1.77
0 96.34 9.63 1.97
0 96.29 13.01 3.21
0 96 16.23 3.81
0.72 95.77 13.43 3.34
1.72 95.75 11.01 3.37
0.6 95.86 10.82 2.83
0 96.52 10 3.81
0 96.59 9.69 1.99
0 95.59 13.03 3.14
0 96.1 9.47 4.23
0 96.04 8.2 2.68
0 95.45 12.52 4.17
0 94.99 15.39 3.23
0 95.41 16.96 3.16
0.25 95.75 15.43 2.95
1.25 94.67 15.58 4.51
0.3 94.84 9.66 5.73
1.59 95.31 8.44 3.22
1.68 95.59 10.79 3.64
0 96.03 11.04 2.42
0.02 95.38 14.36 4.97
0 95.62 11.27 2.94
0 95.9 10.67 3.13
0.01 96.58 9.89 3.29
0 96.61 11.43 4.49
0 95.77 15.72 4.34
0 95.21 17.9 3.14
0 94.89 21.12 4.17
0 95.73 18.39 2.74
0 96.18 18.05 2.53
0 96.14 20.79 3.74
2.32 96.09 18.71 4.97
24.35 95.99 15.36 2.97
23.91 95.7 11.22 5.65
0 95.89 12.37 5.94
0 95.77 18.28 3.76
0 95.45 21.06 2.59
0 95.29 19.87 4.46
0.48 95.2 19.1 3.06
0.04 95.31 16.74 4.78
0 95.22 14.74 4.22
0.85 95.38 14.06 4.81
0.19 96.11 15.2 4.7
0 96.1 17.2 2.37
0 95.34 20.28 1.94
0 95.17 23.71 2.66
0 95.19 28.08 4.4
2.03 95.48 27.2 3.45
0.54 95.76 24.91 3.35
5.41 96.03 18.38 3.51
181.9 96.19 11.17 2.47
0.02 96.02 16.8 2.27
0.01 95.56 20.18 2.22
0.07 96.06 16.65 3.52
0 95.69 18.84 2.44
0 95.33 21.07 2.89
0 95.5 22.78 3.4
29.5 95.9 17.15 2.58
0.96 95.36 20.01 2.98
28.87 94.84 20.18 3.04
0 95.32 17.93 3.31
78.43 95.66 12.09 2
0 95.79 16.29 2.44
0 95.77 20.71 2.63
0 95.94 21.79 2.35
26.17 95.67 15.8 2.2
1.15 95.36 18.72 2.48
0.64 95.23 22.79 3.87
0 95.29 22.19 3.62
0 95.68 19.99 1.87
12.94 95.84 18.64 1.87
22.12 96.13 18.88 1.81
0 96.15 21.2 1.99
0 95.68 27.12 2.53
0.18 95.4 28.51 2.12
5.42 95.27 27.59 2.78
8.66 95.18 25.57 2.97
41.81 95.18 23.13 3.37
138.88 95.11 20.16 2.07
14.44 95.14 20.83 2.29
0.68 95.3 22.58 2.19
62.46 95.67 19.55 1.56
122.94 95.57 17.95 1.62
7.76 95.31 19.44 1.52
7.2 95.27 21.45 1.5
0 95.43 24.28 1.75
8.45 95.37 25.26 2.8
8.54 95.41 25.91 3.27
0.08 95.31 26.79 3.45
13.45 95.14 27.05 2.99
22.33 95.02 27.48 2.86
68.73 95.2 24.48 2.22
0.54 95.3 25.47 1.94
18.82 95.46 25.12 1.78
88.93 95.63 23.6 1.48
113 95.43 23.93 2.55
547.63 94.56 23.55 2.53
34.12 94.57 25.05 3.34
98.51 94.75 23.87 2.22
0.79 94.64 24.87 1.75
0 94.96 26.19 2.52
0.46 95.02 28.72 2.99
29.98 94.82 28.67 3.73
30.1 95.17 26.22 2.43
24.7 95.55 26.08 1.79
0 95.67 27.23 2.09
0 95.64 27.92 2.34
0.01 95.37 27.99 3.11
55.08 95.11 26.63 2.72
33.1 95.05 24.51 2.78
92.25 95.79 21.81 2.45
21.77 95.81 21.62 1.52
4.05 95.36 23.67 1.16
3.85 95.43 23.84 1.61
0.73 95.69 24.54 1.79
31.76 95.39 21.92 2.26
1 95.53 23.22 2.2
0 96.05 23.52 1.72
0 95.65 23.6 1.58
29.63 95.24 24.28 2.49
0.05 95.41 25.33 2.06
0.73 95.51 25.85 2.54
35.08 95.23 25.62 2.22
952.18 94.6 24.14 2.54
10.88 95.02 25.42 1.53
70.47 95.08 25 2.18
41.07 94.9 23.64 1.9
5.98 94.96 24.23 2.03
41.04 94.84 23.27 1.65
44.44 94.67 21.07 1.55
5.04 94.78 23.63 1.54
8.08 95.18 24.57 2.48
58.03 95.58 23.22 2.07
0.41 95.71 23.85 1.65
30.11 95.63 22.28 1.7
15.86 95.51 22.35 1.63
259.92 95.57 20.29 1.81
72.27 95.71 21.07 1.7
25.45 95.87 22.01 1.6
36.37 95.91 22.35 1.62
7.07 95.58 22.66 1.78
0.87 95.3 25.36 1.92
66.11 95.72 23.1 2.32
235.04 95.61 20.16 2.13
0.03 95.64 21.03 2.92
0 95.76 19.03 3.42
0 96.11 19.7 2.07
25.04 95.88 16.86 3.01
10.43 96.21 16.82 2.63
0 96.41 15.5 2.41
0 96.08 17.68 1.92
0.94 96.08 18.14 1.73
6.26 95.92 19.9 1.85
9.76 95.99 19.51 1.89
7.03 95.91 20.21 2.6
2.3 95.75 21.18 2.88
0.05 95.58 21.09 3.33
0 95.5 19.56 1.71
0 95.32 21.27 2.26
0.48 95.78 19.75 2.54
4.22 95.9 19.4 1.93
76.04 95.79 17.81 1.95
0.03 95.98 17.21 2.1
0 96.39 16.21 2.02
0 96.66 17.04 1.68
2.68 96.59 19.35 2.26
4.85 96.45 19.47 2.06
0.95 96.01 19.51 2.62
0.02 95.82 17.59 2.09
0 95.26 19.33 2.46
0.14 95.68 16.84 2.77
0 96.1 15.91 2
0.74 95.51 19.17 2.95
45.47 95.48 17.45 3.28
0 95.72 18.02 3.69
0.19 95.92 19.2 2.49
12.77 95.95 16.96 2.28
24.04 96.19 13.92 2.11
0.06 96.2 10.85 2.29
0 96.08 10.2 3.17
0 95.9 10.96 1.93
0 96.06 14 2.88
0.06 96.16 16.74 3.59
0 96.94 9.85 2.45
0 97.3 8.52 1.87
0 97.12 9.86 2.41
0 96.45 13.66 3.39
0 96.22 15.11 3.39
0 96.45 14.31 1.94
32.69 96.75 12.68 1.4
178.64 97.31 9.3 3.18
25.22 97.37 6.03 3.15
0.49 97.2 5.39 2.68
0.84 96.86 5.02 2.11
0 96.72 6.96 2.77
0.01 97.31 5.6 1.3
33.21 97.36 6.86 1.73
0.15 97.7 5.94 1.53
0 97.46 6.77 1.62
3.92 96.84 9.24 1.92
0.04 96.6 9.62 1.23
0 96.33 11.28 2.52
0.01 96.96 8.4 2.16
6.28 97.09 4.95 2.05
0.09 97.09 5.67 1.96
0 96.94 6.87 2
0 96.97 8.45 1.39
0 96.38 10.55 1.71
0.02 96.25 10.75 1.8
0 97.02 7.79 4.04
0 97.61 2.6 3.32
0 97.1 5.11 2.28
0 96.24 8.16 3.12
