1.54 94.39 -16.69 1.44
0.06 95.05 -18 1.7
22.56 94.87 -19.28 1.64
6.5 95.19 -19.38 3.51
0 95.49 -20.89 2.19
0.01 95.68 -21.15 2.26
0.1 95.77 -18.97 1.54
18.92 95.12 -17.4 1.13
4.98 95.34 -16.85 1.62
0 95.62 -16.81 1.62
0 95.62 -17.27 3.11
0 95.06 -19.9 3.53
0 95.07 -17.62 3.56
1.38 94.86 -16.27 1.6
0 95.94 -15.91 1.6
0 95.51 -14.67 1.09
0 95.2 -11.04 1.54
0.01 95.1 -7.03 1.45
0 94.61 -1.4 2.89
0.28 95.8 -10.58 4.71
0 95.74 -14.55 3.84
0 95.46 -12.75 4.84
0 94.94 -9.34 4.07
0 94.36 -10.04 4.47
0 95.33 -10.48 4.13
0 98.75 -6.21 3.06
1.45 94.25 -5.36 2.72
0.04 94.87 -11.74 4.32
0 94.46 -6.65 4.76
0 94.49 -6.49 2.15
0 95.06 -9.64 1.89
0.66 95.2 -11.94 2.15
0 95.23 -15.25 2.46
0 95.17 -14.17 2.63
0 95.15 -14.52 2.29
0 95.46 -14.58 1.56
0.03 95.32 -12.63 2.2
5.29 94.43 -4.93 2.55
0 94.54 -5.93 2.04
0 95.14 -8.27 2.42
0 95.74 -11.54 3.19
0 96.14 -12.9 3.51
0 95.86 -12.65 2.01
0.14 95.23 -11.13 2.2
0 95.66 -11.78 2.8
0 95.82 -13.54 2.11
0 95.36 -11.71 1.8
0.02 94.96 -9.87 3.23
0 94.76 -9.3 2.72
0 94.23 -5.26 1.79
0 94.07 -6.85 1.83
0 94.22 -6 1.84
0 94.24 -4.63 2.56
0 93.24 0.23 2.02
2.99 93.58 -2.7 2.02
0 94.6 -5.93 2.11
0.75 94.79 -5.22 1.88
6.96 94.45 -6.47 1.99
1.61 95.08 -8.36 2.44
0.31 94.75 -8.42 2.06
1.2 94.57 -4.62 3.61
0 94.6 -2.96 2.88
35.86 94.2 -2.93 2.85
2.19 95.3 -10.46 3.47
0 95.95 -12.38 1.79
0.03 96.18 -12.38 1.78
5.72 96.51 -10.79 2.59
0.02 95.77 -10.53 2.79
0 94.42 -4.99 2.62
0.83 93.36 1.15 3.68
1.35 94.52 -5.71 4.27
0 95.08 -3.62 2.02
38.85 94.52 -0.98 2.11
0.91 94.56 -3.87 5.8
0.02 94.95 -5.68 2.55
0 95.34 -6.42 2.51
0 94.35 -3.55 2.71
0.66 93.01 3.62 2.49
41.63 93.68 -1.33 3.79
0 93.98 -0.2 2.86
0.19 94.03 2.91 3.71
0 94.66 1.57 2.72
0 95.19 -1.23 2.78
0.16 95.19 -4.11 3.62
0.66 94.69 -3.21 2.11
2.04 95.25 -2.32 1.87
0 95.18 2.59 1.62
0.14 94.96 5.01 2.14
10.5 94.36 7.97 3.54
4.19 94.15 6.25 4.83
0 94.57 0.86 5.32
0 94.61 -0.91 4.2
0 94.21 3.93 3.84
0 93.98 7.66 3.68
4.88 94.59 2.26 2.53
0.02 95.24 1.22 2.41
0 94.65 6.65 3.4
0.58 93.48 11.53 5.52
18.67 94.24 2.16 2.82
0 94.56 2.69 3.21
2.41 94.47 1.62 2.27
43.98 94.37 -0.4 3.42
0.02 95.12 -1.71 5
0 95.22 1.13 2.57
0.31 94.57 3.36 2.5
6.16 94.78 2.94 1.87
0 94.76 4.53 2.59
24.58 94.1 10 2.65
26.27 94.58 8.26 1.97
0.61 94.94 8.01 2.09
0.33 95.18 8.99 2.12
1.78 94.95 8.37 2.28
0.6 94.84 7.48 2.11
0 94.43 11.71 2.95
8.46 94.18 12.01 4.13
24.96 94.05 3.63 3.37
9.3 93.67 1.88 3.63
0.2 93.85 4.12 5.82
1.64 93.99 6.39 4.99
4.88 94.19 11.28 2.61
0 93.66 16.64 2.08
0 93.42 17.77 4.13
0.31 93.91 15.57 2.18
4.44 93.41 80.03 2.57
227.1 93.07 9.78 3.13
6.08 93.58 12.84 3.92
37.36 93.55 11.75 1.99
4.89 93.78 14.34 2.75
43.52 93.61 10.44 3.85
12.2 93.51 8.85 2.56
1.93 94.52 9.73 2.49
0 94.75 12.96 1.73
0 94.7 15.71 1.74
6.26 94.32 16.18 3.03
5.28 94.22 19.38 2.4
1.53 94.38 18.64 2.48
19.19 93.91 17.03 2.55
180.94 93.09 12 2.71
0.36 92.82 17.69 4.79
0 93.62 21.11 2.72
0 93.78 23.2 2.63
1.23 93.77 21.53 2.11
0.52 93.43 21.09 2.5
8.74 93.71 17.02 4.1
0.53 94.28 20.34 2.99
0.45 94.64 21.13 2.23
16.13 94.57 18.1 1.9
98.79 93.96 15.19 2.28
53.02 93.62 16.27 2.1
52.97 94.07 15.08 1.92
14.7 94.65 16.19 1.29
5.61 94.56 17.55 1.62
1.08 94.68 18.78 1.6
0 94.73 20.81 1.72
0.04 94.53 21.72 1.98
0 94.24 22.79 2.06
0 94.23 22.79 2.38
0 94.32 23.53 3
0 94.45 23.73 3.05
0 94.55 23.7 2.25
3.07 94.42 20.64 2.15
0.05 94.13 20.83 2.98
1.33 93.82 22.88 1.95
27.85 93.56 22.76 2.94
42.32 93.48 21.27 2.71
0.72 93.39 22.98 2.48
36.42 93.47 23.02 1.83
85.02 93.5 20.43 2.02
21.16 93.61 20.15 1.85
1.39 93.72 22.26 1.59
0.07 94.09 22.39 2.56
0.06 93.69 22.73 1.9
5.61 93.98 20.42 2.09
0 94.1 22.81 1.62
0 93.97 25.02 1.88
0 93.96 25.75 2.47
0 93.89 25.42 1.93
13.29 93.7 22.23 1.71
24.32 93.62 22.62 1.46
0.2 93.67 23.95 1.63
0.31 93.47 25.5 1.46
75.12 93.41 22.1 2.23
1.82 93.43 24.81 1.58
0.16 93.44 27.36 1.79
4.01 93.43 26.54 2.3
0 93.44 26.05 3.13
0.04 93.54 24.96 2.66
9.6 93.81 21.12 1.95
2.26 94 22.4 2.12
3.59 93.95 21.69 2.28
79.35 93.74 20.72 1.89
117.78 93.74 20.26 1.62
212.79 94.01 20.12 1.32
6.21 94.27 22.22 1.34
0 94.2 23.67 2.16
85.84 93.76 22.19 2.33
14.02 93.55 24.37 2.89
4.8 93.79 25.29 2.13
4.38 93.77 26.35 2.52
22.09 93.84 25.2 2.33
123.34 93.75 23.69 1.76
1.18 93.99 24.5 1.61
1.82 94.1 25.79 1.67
6.46 94.14 26.63 1.5
15.34 94.27 27.2 1.6
0.96 94.14 27.63 2.01
9.27 94.06 26.68 2.11
23.49 93.69 26.07 2.2
207.52 93.28 25.93 2.48
9 93.26 22.93 1.45
40.81 93.26 25.73 1.34
153.11 93.58 22.17 1.79
0 94.18 21.2 2.07
0.08 94.07 22.32 1.74
16.79 93.36 24.06 2.63
60.32 93.58 23.05 1.87
79.46 94.01 21.28 3.22
0 94.71 19.96 1.59
35.86 94.31 19.48 1.61
97.67 93.61 21.83 2.33
30.42 93.71 22.03 2.3
0 93.93 21.2 1.86
0 93.66 23.78 2.29
23.07 93.39 24.47 1.93
3.2 93.28 25.45 2.21
19.5 93.2 23.17 3.35
0 93.7 21.34 2.78
0 94.03 22.01 1.66
15.01 94.03 21.94 2.26
18.67 94.18 22.32 2.18
113.42 94.35 21.99 2.04
0.93 94.66 22.15 1.93
157.33 94.56 18.61 1.63
52.55 94.52 19.07 1.67
2.11 94.52 19.5 1.55
0 94.44 21.6 1.81
0.28 94.67 21.24 1.66
4.79 94.86 20.91 1.63
0 94.6 20.31 1.79
1.18 94.37 19.99 1.54
23.72 94 20.23 1.72
5.29 94.1 20.18 1.41
1.28 94.16 21.07 1.91
10.51 94.65 19.72 1.59
4.29 94.78 20.48 1.45
0.04 94.65 19.47 1.32
0 94.37 19.62 1.7
0 94.18 21.95 1.74
0.57 94.4 22.76 1.96
0 94.89 18.19 1.77
0 94.71 17.74 1.42
5.86 94.29 18.47 1.41
11.25 93.98 18.56 1.79
0.18 94.21 19.18 1.53
0 94.35 20.3 1.26
9.12 94.41 21.63 1.46
0 94.51 21.84 1.74
9.11 94.3 20.22 2.11
108.07 94.62 14.7 2.13
262.01 94.71 9.37 1.84
153.23 94.6 12.82 1.47
0 94.35 16.15 1.5
58.23 94.59 14.22 2.11
185.59 95.2 9.22 2.63
0 95.09 9.76 2.61
0 94.88 12.01 1.66
3 94.62 14.05 1.55
14.12 94.37 14.43 2.42
0.28 94.56 11.77 2.58
0 94.56 9.82 4.72
0 95.35 8.39 2.45
0 94.94 9.51 1.47
0.04 94.66 14.44 2.18
3.44 94.95 12.4 1.52
265.98 94.68 7.76 2.34
58.69 94.66 8.11 2.78
0 94.76 9.34 1.81
0 94.39 12.95 1.77
0 94.28 16.03 2.45
0 94.42 16.99 2.65
0 94.37 16.67 2.13
0 93.94 16.12 2.86
80.54 94.47 10.13 1.98
160.87 94.9 5.21 2.24
0 95 7.75 1.87
0 94.6 9.23 2.08
0 94.79 7.71 3.13
0 94.3 7.14 3.22
0 95.04 2.49 2.83
0 95.6 0.76 1.15
20.57 95.53 0.22 1.41
44.08 95.58 0.81 1.15
0 95.47 1.87 1.34
0 94.95 4.1 1.33
0 94.68 8.11 1.38
7.32 94.86 8.17 2.17
9.1 95.37 3.15 3.37
0 95.74 -0.59 3.83
0 96.37 -1.96 2.2
0 95.57 0.18 1.92
0 95.45 3.91 2.16
0 95.45 5.24 1.72
0 95.51 5.39 1.74
0 95.34 5.47 2.26
0 95.83 1.5 3.15
0 95.37 1.28 2.09
0 94.98 4.52 1.84
0 95.05 4.24 1.54
0 94.76 6.35 1.96
0 94.47 6.5 1.58
4.66 94.63 2.99 2.83
0.73 95.12 -0.35 3.52
0 94.76 -1.85 1.44
0 94.33 -0.26 1.45
20.62 93.85 0.49 3.86
4.08 94.24 -1.29 2.14
0.82 95.25 -2.39 4.03
0 96.2 -5.73 2.81
0.12 95.54 -3.86 2.63
0 94.91 -0.61 1.71
0 94.82 0.25 1.88
0 94.51 3.86 3.08
0 94.03 2.59 2.33
0 93.81 4.67 2.14
0.89 94 1.13 4.77
0 94.71 -3.58 2.21
0 94.54 -3.12 1.86
0.04 94.83 -3.27 4.5
0 95.07 -7.32 2.69
1.15 94.23 -7.03 2.59
0 94.62 -8.08 5.97
0.31 94.73 -8.01 1.86
0.17 94.62 -6.83 1.36
0 94.28 -3.45 2.25
0.04 93.88 -3.09 1.97
0.14 94.49 -7.95 3.89
0 94.54 -7.04 2.05
0 93.59 1.09 2.4
0 94.93 -3.74 3.57
0 95.47 -6.74 3.55
0 94.19 -6.13 2.68
0 94.16 -7.45 1.89
0 93.63 -5.8 1.85
2.21 93.55 -8.98 4.2
0 94.49 -12.85 2.05
1.71 94.8 -13.75 2.11
0.06 95.56 -16.1 2.9
0 95.5 -17.09 4.16
0 95.22 -16.2 4.38
0 93.92 -9.42 3.95
0 93.78 -7.13 2.11
0 93.83 -4.94 2.27
0 94.1 -3.46 3.11
0 94.34 -2.04 2.11
0 94.06 -7.34 1.41
0.55 94.63 -10.66 3.12
0 95.87 -17.58 3.81
0 95.85 -16.66 3.52
0 94.97 -15.74 3.28
0 93.91 -12.61 3.24
0 93.57 -9.89 2.59
0 94.22 -12.76 3.4
3.04 94.43 -13.14 2.3
0.09 94.66 -13.78 4.65
0.19 95.2 -12.8 4.93
0 95.54 -12.64 3.33
0 95.67 -13.13 2.8
0 95.27 -13.2 1.31
0.04 94.89 -13.33 2.05
0.09 95.1 -12.44 4.61
0 95.7 -11.85 3.9
0.05 95.02 -9.61 2.08
0.65 94.88 -10.7 3.62
0 95.43 -14.5 4.23
0 94.68 -11.99 3.17
0 94.24 -13.21 4.04
0 94.36 -13.42 2.15
0.02 94.37 -12.15 2.96
0.09 95.36 -15.87 3.31
0 95.79 -18.1 3.69
0 95.6 -16.08 2.46
0 95.44 -15.25 2.71
0 95.17 -15.48 3.27
0 95.13 -15.19 3.69
0 95.05 -13.59 2.52
0 94.86 -13.53 2.02
0 94.86 -14.33 3.41
0.14 95.12 -15.1 3.64
0.04 95.26 -15.01 2
0.06 95.43 -15.53 2.59
0 95.85 -15.84 1.9
0 96.14 -14.65 2.91
0.07 95.69 -15 3.17
0 95.42 -15.55 3.63
0 95.23 -11.7 3.83
0 94.86 -5.08 3.33
0 94.54 -6.05 2.21
0 94.45 -8.7 1.76
0 94.31 -7.02 2.33
0 94.54 -6.4 2.18
0.09 93.75 -4.87 3.87
0.02 94.32 -4.19 2.77
0 93.97 -7.05 2.08
0.84 94.13 -7.66 3.21
0.12 94.9 -10.66 1.87
1.74 94.89 -9.96 1.22
1.67 95.18 -13.6 3.86
0 95.28 -13.14 2.3
0.28 95.19 -12.09 2.15
0.15 95.16 -12.49 1.78
0 94.5 -5.24 2.82
2.53 94.44 -5.76 1.65
2.84 94.87 -5.58 2.66
0 94.86 -5.1 2.11
0 94.74 -1.28 2.08
0 95.01 -1.76 1.59
0 94.65 0.22 1.97
0 94.16 1.39 3.33
2.83 93.98 -0.04 2.08
0.22 94.69 -4.5 3.06
0 95.28 -4.9 1.83
17.08 94.74 -3.22 3.92
1 95.45 -9.03 3.19
0.1 95.02 -8.22 3.24
0 94.72 -7.42 3.33
0 94.71 -7.43 2.65
0 94.84 -4.93 3.15
0 94.5 -1.83 2.08
0.28 94 0.84 2.48
0 94.81 -2.03 3.68
0 94.55 -2.04 4.4
0 94.59 -4.11 4.59
0 94.93 -2.29 3.86
0 94.67 -0.75 3.55
0 94.04 1.73 2.89
0 93.36 6 2.05
0.07 94.11 1.66 4.56
0 95.21 -2.61 4.39
0 94.9 -5.21 4.64
0 94.65 -3.55 3.07
0 94.06 2.66 3.22
0 93.74 3.89 5.15
0 94.13 1.14 3.58
0 94.28 -0.52 2.26
1.75 94.91 -3.93 4.3
0 95.01 -3.16 3.16
0 94.74 -2.55 2.65
0 94.9 -2.53 4.41
0 97.83 -0.79 2.63
0 97.8 0.67 2.94
0 97.64 2.65 2.89
0 97.88 2.52 1.86
0 97.61 6.58 2.99
0 97.27 7.61 2.03
0 96.89 8.99 3.92
0 98.1 2.13 3.86
0 98.05 2.09 2.24
0 97.63 5.5 2.45
0 97.52 7.15 1.5
0 94.56 9.19 2.95
0.12 93.84 10.15 5.04
2.95 94.23 7.4 4.64
0 94.19 7.6 3.9
0 94.04 8.01 3.49
1.25 94.72 5.01 3.29
0 94.41 8.68 3.28
0 93.83 13.5 3.12
0 93.9 13.17 1.82
0.04 93.21 15.34 3.43
0 94.01 10.23 4.67
0 93.73 11.85 3.96
1.71 93.79 7.8 6.72
0.47 94.4 6.98 4.55
0 94.2 9.59 2.15
0 93.68 12.88 3.76
47.55 94.37 7.55 2.28
2.63 94.27 6.5 2.15
9.93 94 5.62 3.1
4.66 93.6 6.27 3.8
0.08 93.15 8.56 1.92
12.28 93.2 9.03 2.78
1.86 93.84 7.58 2.74
0 93.36 9.79 1.76
48.32 92.75 8.39 1.68
4.08 92.72 9.3 2.62
1.15 93.65 12.97 3.49
0.38 93.89 10.61 3.84
0 94.2 12.38 2.67
5.54 93.73 11.86 2.88
111.96 92.95 9.19 3.07
0.42 93.02 10.57 3.62
0.01 93.54 13.13 2.95
2.24 93.51 14.45 3.78
17.05 93.35 16.05 3.05
0 93.59 17.5 2.32
0.32 93.3 15.28 5.23
2.13 93.26 12.1 6.19
0 93.45 14.69 6.23
0 93.53 15.73 4.41
0 94.05 13.1 3.36
0 94 14.08 2.35
0.04 92.91 17.62 2.52
13.23 92.76 17.78 3.67
9.01 93.85 13.14 3.01
1.86 93.98 11.61 3.35
1.53 93.86 12.41 4.49
0 93.72 16.94 3.16
0 93.84 18.03 2.74
0 93.97 20.1 2.92
10.44 93.88 19.61 3.82
15.27 93.8 18.12 4.6
0.02 93.67 19.49 2.86
0.89 93.48 22.88 4.72
22.52 93.58 21.31 2.46
38.53 93.18 18.16 3.26
8.75 93.11 16.9 3.07
0.07 93.53 19.12 2.99
4.99 93.26 19.73 4.59
3.49 93.38 18.42 3.94
0.28 93.62 19.19 2.13
3.66 93.5 22.31 2.11
9.95 92.89 23.55 2.93
25.77 92.63 21.15 2.52
17.37 92.86 21.43 2.56
0 93.26 21.78 2.67
47.12 93.2 20.15 2.09
143.07 93.37 15.97 2.31
6.71 93.56 19.37 1.93
6.26 93.57 21.02 1.71
53.36 93.36 20.29 2.15
83.38 93.33 18.54 2.04
105.64 93.55 17.47 1.78
0.77 93.72 20.47 1.86
0 93.64 23.65 1.54
0 93.49 25.62 2.03
0.07 93.23 26.87 2.73
0 93.16 26.46 2.66
24.46 92.91 21.91 2.26
94.7 93.16 16.31 2.34
2.12 93.85 18.94 2.42
0 94.19 20.43 1.67
4.44 93.64 21.57 2.74
6.62 92.94 22.51 2.34
9.27 93.1 24.38 2.51
0.02 93.24 24.69 3.26
35.02 93.16 23.45 2.44
52.02 93.25 21.93 1.66
0.39 93.17 22.96 2.43
0 93.29 23.58 2.51
0 93.41 24.96 2.33
78.43 92.91 22.36 2.54
0.84 92.63 24.25 3.21
79.46 92.7 17.72 1.95
28.69 92.77 18.14 2.77
12.47 93.43 20.98 1.89
19.39 93.6 22.42 2.13
15.67 93.65 23.53 2.18
9.31 93.67 23.25 2.24
6.35 93.49 23.77 1.54
32.86 93.59 22.11 1.83
23.89 93.57 22.15 1.66
37.61 93.44 21.69 1.73
19.15 93.49 20.95 1.52
94.07 93.55 21.57 1.46
224.75 93.42 20.43 1.73
73 93.31 20.95 1.54
70.49 93.24 21.76 1.86
16 93.23 23 1.83
0.13 93.3 25.19 1.59
101.97 93.28 25.19 2.53
495.15 93.07 21.74 2.11
87.34 93.04 22.23 2.31
13.19 93.22 22.52 2.1
0.43 93.46 24.15 1.58
67.45 93.64 21.08 1.62
77.88 93.27 21.18 1.7
0.12 93.35 23.11 1.8
0.24 93.49 23.75 2.13
0.76 93.82 22.75 1.91
0.04 93.42 23.23 2.07
0 93.4 23.8 1.9
0.09 93.61 23.78 1.59
16.17 93.58 23.14 1.59
8.21 93.6 23.44 1.74
7.72 93.27 23.76 1.79
8.6 93.4 24.99 2.01
0 93.78 24.41 1.52
0 93.62 25.32 1.41
0 93.33 25.7 1.77
13.37 93.09 25 1.77
113.79 93.44 20.97 1.67
224.15 93.48 19 1.62
13.99 93.52 21.17 1.58
8.7 93.68 20.56 1.39
0.09 93.95 21.06 1.72
0.12 94.08 21.61 1.39
0 94.08 22.79 1.43
1.32 93.97 22.59 1.68
10.35 94.16 20.83 1.73
0 94.14 20.34 1.47
64.39 94.12 19.92 1.39
8.39 94.34 19.7 1.65
1.04 94.42 20.83 1.47
11.36 94.21 19.56 1.82
5.7 93.9 20.45 1.49
0.71 93.82 21.56 1.52
0 93.76 22.81 1.47
18.18 93.53 21.74 2.88
1.71 94.02 18.75 1.92
0 93.85 19.31 1.75
12.47 94.33 17.49 2.15
0.73 94.28 18.29 1.57
0 94.32 17.94 1.47
0 93.87 18.98 1.46
10.52 93.54 17.63 2.84
4.07 94.14 13.02 1.96
0.22 94.71 12.67 2.1
5.16 94.93 13.13 1.93
5.8 94.42 16.25 1.89
1.02 94.15 16.43 2.09
0.09 93.75 19.35 2.96
14.53 93.81 17.06 2.04
21.87 94.03 14.33 1.64
45.77 94.39 12.32 2.44
0 94.77 8.95 2.29
0 95.21 9.18 2.26
0 95.03 10.08 1.51
0 94.69 11.56 1.73
0 94.31 12.96 1.75
0 94.4 13.9 2.16
0 94.27 14.12 1.91
0 94.02 16.66 2.82
0.04 94.32 16.69 1.87
0.44 94.44 17.63 2.66
0.14 94.25 17.76 2.13
11.63 94.11 14.58 1.9
0.13 94.58 8.3 3.28
0 95.05 6.47 2.51
0 95.12 6.59 2.78
0 95.57 7.32 2.94
0 95.22 8.54 1.84
0 94.54 10.25 2.21
0 94 11.44 3.34
0 94.56 9.3 1.84
0 94.53 9.92 1.39
0 94.3 13.12 1.96
0.13 94.72 12.85 2.57
0 95.22 9.13 1.44
0 94.96 11.54 1.74
0 94.38 13.35 1.51
61.89 93.81 10.18 1.62
3.43 93.74 8.35 2.25
2.36 93.4 7.6 2.88
1.98 93.89 8.06 4.14
0 94.83 4.96 2.15
0 94.9 7.84 1.4
0 94.68 9.93 1.91
0.04 94.52 13.45 2.85
0 94.49 13.09 1.86
1.1 94.4 10.74 1.74
43.1 94.93 4.24 3.37
0.01 95.27 1.7 3.21
0 95.27 3.62 1.85
0 94.83 5.17 1.55
3.66 94.7 6.21 2.33
0 94.96 5.69 1.48
0 94.62 6.06 1.59
0 94.43 8.05 2.57
0 94.61 9.65 3.22
5.08 94.84 10.15 2.67
0.04 95.39 4.24 1.6
2.87 95.08 7.38 1.52
3.04 94.87 8.93 2.84
0.18 95.52 2.72 2.56
0.16 95.38 1.23 1.15
0 95.33 3 1.74
0 95.3 3.02 1.61
0 95.09 1.7 1.26
0 94.46 1.74 1.27
0 93.88 3.17 1.98
0 94.16 4.38 3.56
0.04 94.92 -2.63 2.54
0 94.99 -4.62 1.76
0 95.04 -3.65 1.57
0 95.25 -1.07 1.74
33.1 94.62 0.69 1.06
4.34 94.42 -0.91 2.58
1.88 94.65 -5.56 3.72
0 95.12 -7.25 2.49
0 95.11 -5.03 1.94
13.02 94.72 -5.7 2.79
0.21 95.34 -8.51 2.86
0 95.02 -8.88 1.09
0.27 95.01 -7.09 1.52
0.47 94.4 -1.3 1.85
0 94.47 -2.02 1.44
0 95.27 -4.29 2.26
0 95.79 -8.44 1.52
0 96.08 -8.68 1.99
0.3 95.35 -8.1 1.09
0.1 94.65 -5.54 1.18
0 94.86 -7.45 1.6
0 95.17 -8.95 0.99
1.21 95.38 -8.73 0.97
1.31 95.37 -6 0.96
1.35 95.66 -8.41 2.88
0.09 95.97 -12.49 3.86
0 95.6 -12.18 3.3
0.02 94.79 -7.6 4.46
0 94.83 -4.45 3.02
0 95.24 -7.49 1.73
0.02 94.56 -5.27 2.89
0 95.29 -10.45 4.25
0 95.49 -14.02 3.3
0 95.62 -13.37 3.63
0 95.36 -11.59 2.35
0 95.42 -11.29 2.2
0 95.3 -11.86 1.36
0 94.98 -11.14 2.19
0 94.95 -10.39 4.12
0 95.15 -12.21 2.82
0 94.7 -10.72 3.09
0 94.86 -13.14 2.14
0 95.35 -12.7 1.82
0 95.6 -11.88 1.98
0 95.15 -8.67 1.97
0 95.51 -11.18 1.62
0 95.8 -14.73 1.21
0.19 95.3 -12.51 1.09
0.02 95.11 -10.28 2.09
0.14 95.48 -11.86 1.98
0.57 94.91 -12.22 2.85
0.2 95.11 -13.42 4.1
0 95.3 -12.68 2.95
0 95.08 -12.02 1.92
0 95.85 -15.03 1.41
0.25 95.76 -15.24 1.14
0 95.37 -12.89 1.68
0 95.32 -13.51 1.27
0.24 95.4 -13.16 3.25
0 95.46 -13.12 3.05
0 94.63 -8.71 2.93
0 94.87 -9.84 2.32
0 94.79 -9.74 2.21
0 94.51 -10.99 1.22
0.2 94.34 -9.82 1.31
0.39 94.53 -12.18 1.09
0 94.7 -11.29 1.39
0 95.14 -11.66 1.4
0.05 95.8 -14.76 3.23
0 95.67 -18.46 3.33
0 95.32 -18.48 2.89
0 94.81 -17.46 2.35
0 94.67 -16.87 2.99
0 94.28 -14.87 2.97
0 94.38 -14.08 1.93
0 94.88 -15.36 1.64
0 95.12 -15.28 2.08
0 95.5 -16.26 2.12
0.08 95.12 -17.59 1.67
0.32 94.69 -16.9 3.85
0 95.47 -18.26 4.31
0 95.46 -16.54 3.36
0 94.51 -13.87 3.37
0 94.58 -11.16 2.48
0.19 94.03 -8.28 2.45
0.09 94.67 -14.05 5.15
0 94.88 -16.68 4.81
0 94.46 -13.56 5.07
0 94.6 -11.54 3.27
0 94.93 -11.68 3.07
0 94.97 -11.5 1.96
0 94.67 -9.58 2.39
0.08 94.42 -5.38 2.13
0.22 94.99 -9.77 3.39
0 94.93 -11.36 3.11
0.14 95.01 -12.37 3.26
0 95.15 -13.59 4.6
0 95.05 -11 3.55
0 94.44 -6.72 2.82
0 94.52 -8.69 2.03
0 94.29 -9.45 1.44
12.6 93.95 -7.79 2.29
0 94.87 -7.76 2.59
4.44 94.73 -6.57 2.42
0.02 95.19 -9.26 3.26
0 95.12 -8.62 2.48
0 94.6 -6.69 1.88
0 94.22 -3.01 2.4
0 94.39 -1.05 2.03
9.71 94.92 -4.35 1.52
0.93 95.1 -7.4 1.75
1.03 95.05 -6.2 1.66
0.2 94.45 -2.55 1.84
26.91 93.75 -4.05 1.66
21.68 93.84 -4.44 2.7
0.12 94.47 -5.15 3.74
0 95.18 -9.04 3.64
0 94.85 -8.86 1.99
0.8 94.81 -8.73 4.63
0 95.25 -8.57 3.95
0 94.91 -6.58 1.87
0 94.28 -2.6 3.29
0 94.8 -1.6 2.35
0 94.42 1.89 3.08
4.52 93.54 4.93 3.95
11.7 94.17 -3.27 3.35
12.54 95.02 -8.16 2.51
0 94.79 -2.94 2.2
0 94.74 -0.84 2.03
0 94.15 3.57 3.35
0 94.65 2.19 1.93
8.22 93.84 1.15 4.36
0 94.27 -0.84 5.7
0 94.69 0.08 3.22
0 94.38 4.54 2.67
0 94.61 7.61 3.35
0 94.74 8.72 3.22
0.8 93.79 8.98 7.31
1.88 94.4 0.44 4.78
1.3 94.39 -1.15 4.4
0 94.32 -0.23 2.11
3.17 94.26 1.23 2.91
0 93.92 3.8 4.19
0 93.75 4.29 5.28
0 94.01 3.21 4.71
0.48 94.34 3.98 2.6
0 93.9 9.38 3.76
0 94.03 9.78 4.91
0 93.87 12.43 3.07
6.47 93.66 12.67 5.09
4.05 94.02 7.21 4.58
0 93.47 11.47 3.49
0 93.31 13.56 3.39
0 93.3 14.54 3.19
2.05 93.92 8.85 3.43
0 94.2 8.65 2.63
0 93.31 15.27 4
0 93.35 17.61 4.11
3.43 93.71 14.71 4.09
19.72 94.23 12.88 3.21
2.06 93.67 12.33 2.1
0.19 93.04 14.06 1.89
0.96 93.01 17.33 3.63
186.81 93.5 12.09 2.62
50.19 93.47 8.89 4.39
0 92.84 10.48 3.42
0.47 92.59 10.6 7.3
0 93.77 9.1 3.33
0 93.75 12.4 2.71
0.27 93.53 16.97 3.27
1.63 94.07 16.31 2.62
30.18 93.6 17.13 2.31
0 93.67 20.07 2.28
0.85 93.81 19.43 2.68
0 93.88 17.49 3.17
0 93.5 17.52 2.35
1.69 93.49 16.7 1.79
0 93.73 17.83 2.06
0.2 93.98 19.14 2.5
3.51 94.17 19.41 2.45
95.43 94.14 14.1 1.9
17.26 93.7 13.21 3.27
18.04 93.45 10.88 2.94
3.19 93.42 11.38 4.28
0.05 93.18 11.46 3.2
4.09 92.96 12.55 4.92
0.03 93.37 16.1 1.7
0 93.3 21.65 3.53
7.2 93.86 19.11 2.98
9.94 94.18 18.01 2.13
0.39 94.03 19.77 3.65
1.97 93.78 19.08 4.03
2.48 93.89 16.41 3.13
0 93.91 16.21 3.1
0 93.7 17.34 2.52
0 93.35 19.33 2.48
0 93.75 20.15 2.22
0 93.91 22.66 2.54
28 93.95 19 2.84
38.63 94.35 14.27 2.63
0.61 94.42 16.15 1.98
31.72 93.95 16.3 2.99
15.2 93.74 15.9 2.94
67.35 93.48 15.49 2.38
32.42 93.24 18.27 3.35
0.95 93.43 20.16 2.09
7.04 93.01 19.77 2.45
12.15 92.88 21.39 2.12
22.73 92.87 21.69 2.19
51.31 92.75 20.15 3.25
9.51 92.87 16.8 3.26
4.56 92.57 15.88 3.14
18.33 92.68 15.81 2.4
191.16 93.25 13.29 1.93
282.05 93.51 13.87 2.09
151.99 93.54 15.54 2.7
9.13 93.38 18.88 1.72
8.68 93.28 21.53 1.74
6.28 93.43 21.63 1.79
13.41 93.18 21.7 1.66
47.45 93.24 21.72 1.76
7.2 93.39 21.8 1.45
68.79 93.36 21.04 1.78
0.72 93.11 22.14 2.25
89.63 93.12 21.62 2.39
44.05 93.48 20.58 2.36
38.02 93.87 21.92 2.08
4.5 94.04 22.32 1.75
4.21 93.75 20.14 2.08
48.75 93.35 20.89 2.29
0 93.23 23.23 2.15
1.84 92.86 23.83 3.79
3.11 92.88 22.12 3.39
0.73 92.85 22.28 2.58
0.06 93.19 22.95 1.81
3.77 93.32 22.7 1.77
2.66 93.22 23.22 1.58
60.4 93.19 23.32 1.84
26.41 93.19 24.48 2.02
27.51 93.23 24.78 1.79
135.21 92.84 21.52 1.86
71.37 92.63 19.3 2.31
73.33 93.03 19.13 2.66
9.92 93.52 20.9 2.3
0 93.53 20.99 1.7
0 93.56 22.38 1.55
0 93.79 24.32 1.39
0 93.87 24.57 2.03
0.09 93.7 24.37 2.17
7.97 93.58 24.63 1.53
13.41 93.5 24.53 1.65
117.52 93.43 22.84 1.51
404.41 93.05 21.72 3.45
0 93.52 22.85 1.61
0 93.72 23.62 1.77
13.84 93.63 23.48 2.04
50.7 93.27 24.9 3.42
3.34 93.64 23.52 1.78
158.64 93.15 22.71 2.46
24.38 92.93 22.95 3.69
0.63 93.52 21.53 1.57
89.59 93.8 19.46 1.57
138.16 93.94 18.77 1.76
87.08 93.88 20.07 1.5
16.53 93.9 22.08 1.63
86.03 93.96 22.24 1.67
0 94.15 23.12 1.4
0 93.98 23.99 1.44
0 93.6 25.37 2.02
9.28 93.54 24.37 1.84
3.11 93.8 23.11 1.4
0 93.65 23.46 1.75
39.95 93.71 20.12 2.07
29.31 93.73 18.33 2.06
2.16 93.88 19.62 1.65
9.6 93.55 18.44 1.84
6.76 93.64 20.69 1.73
0 93.95 21.58 1.93
0.07 93.54 22.85 2.74
59.76 93.6 22.38 2.27
1.96 93.66 20.64 1.79
9.63 93.67 19.52 2.56
4.79 94.24 16.02 2.12
0.05 94.36 15.98 2.04
0 94.12 19.79 2.43
0 94.07 21.54 2.04
1.08 93.94 21.53 2.23
6.24 93.97 21.37 1.52
11.88 93.85 21.13 1.77
2.49 93.44 22.44 1.87
1.07 93.58 23.12 2.54
0 93.81 24.16 2.02
0 93.94 24.26 2.33
2.3 93.98 23.71 2.01
264.13 93.9 15.83 3
21.32 94.25 13.39 2.62
0.32 94.29 12.62 2.11
1.6 94.39 15.59 2.1
0 94.33 18.63 2.11
25.6 94.41 17.7 1.67
1.02 94.33 17.29 1.36
0 94.28 18.67 1.23
0 94.2 20.1 1.52
33.26 93.88 18.48 2.15
81.86 93.92 12.8 3.7
1.5 94.04 11.41 2.5
0 94.42 13.25 1.66
0.07 94.86 13.69 1.21
0 94.96 13.64 1.38
0 94.34 14.33 2.3
0 93.87 15.52 2.53
0.21 93.84 15.4 1.75
0 94.06 16.88 1.75
6.24 93.97 17.36 2.07
1.65 93.99 16.94 1.42
4.42 94.31 15.6 1.41
0.98 94.59 15.44 1.61
39.51 94.47 14.27 1.73
2.16 94.73 14.17 1.54
51.7 94.37 10.54 1.86
35.28 94.4 9.92 6.16
0.84 94.55 11 3.22
0 94.52 11.16 1.74
0 94.36 12.27 1.65
1.42 94.17 13.62 2.13
1.19 94.02 12.54 3.19
0 94.16 12.67 2.37
0 94.67 10.69 1.82
0 95.08 11.48 1.27
0 94.94 12.91 1.53
0 94.43 15.03 2.38
20.41 94.04 11.97 3.24
0 94.53 8.01 2.34
0.13 94.13 9.59 2.17
0 93.97 11.81 2.31
0.11 94.35 7.78 4.25
0 94.75 6.43 2.43
0.05 94.83 6.71 1.91
41.45 94.24 7.97 3.93
0 94.25 3.93 3.5
0 94.36 4.84 2.44
0 94.19 7.1 2.11
0 94.59 6.28 1.74
76.84 94.83 2.08 1.17
64.25 94.3 2.69 1.91
0 94.01 5.93 1.95
0 93.77 8.39 2.91
0 94.37 8.14 1.94
0 94.41 9.83 2.03
4.9 94.31 9.75 3.21
0 95.16 3.07 1.63
1.45 95.06 0.33 2.35
0.09 94.68 -0.35 2.86
0.03 94.5 -0.52 2.26
0 94.45 2.01 1.5
0 94.64 0.9 2.02
15.53 94.66 1.29 1.75
180.85 94.35 -0.6 80.67
43.3 94.62 -0.71 3.05
0 94.62 -3.09 1.11
0 94.32 -0.98 2.03
0 94.51 -0.99 1.47
0 94.93 -2.15 1.25
53.95 94.63 -1.95 1.16
88.15 93.46 -3.02 5.25
0.19 93.89 -4.8 3.74
0 93.95 -6.53 4.5
0 94.72 -5.43 2.68
0 94.97 -6.34 1.21
20.82 94.45 -2.98 1.64
0 94.36 -5.66 78.21
0.01 94.08 -5.33 3.08
0.04 94.64 -3.64 3.09
0 94.68 -5.54 1.44
0 94.35 -3.65 1.69
7.83 94.82 -5.62 2.49
0 94.75 -7.3 2.58
0 94.2 -5.8 2.11
0 94.19 -4.16 3.86
0 94.23 -8.16 2.77
0 93.31 -5.13 3.59
0.09 94.1 -7.41 4.44
0.07 94.61 -10.12 2.39
0 95.29 -13.79 2.39
0.44 94.93 -14.38 1.54
0.26 93.89 -6.2 2.77
1.64 94.11 -8.66 4.36
0 94.33 -11.85 1.93
0 94.37 -13.83 3.22
0 94.29 -15.35 2.78
0 94.47 -16.61 2.61
0.05 94.53 -17.75 4.64
0 94.68 -12.68 3.61
0.2 95.18 -13.88 1.44
0.07 95.35 -14.02 1.09
0.17 94.81 -11.82 1.64
0.03 94.84 -9.46 1.25
16.94 94.86 -10.19 1.07
1.56 94.69 -8.51 1.42
0.87 95.04 -11.84 1.49
0 95.44 -13.55 3.9
0 95.51 -15.4 2.33
0.04 94.96 -14.92 1.05
0.54 95.07 -12.63 59.96
7.73 95.09 -11.26 3.25
0.02 95.52 -16.45 3.08
0 95.32 -20.26 3.05
0 94.51 -19.13 4.16
0 95.6 -18.96 2.57
0 95.36 -19.1 1.24
0 94.78 -14.4 1.23
5.22 94.76 -14.49 1.15
11.86 94.84 -13.48 4.28
0 94.45 -15.75 3.54
0.09 93.91 -15.93 2.15
0 94.32 -18.73 3.84
0 95.47 -19.47 4.23
0 96.03 -17.17 2.39
0 95.09 -17.87 1.75
0 94.91 -15.28 1.82
0 94.79 -16.08 1.63
0 94.69 -15.89 1.63
0.09 95.09 -17.51 2.16
0 94.91 -15.9 2.16
0 94.77 -16.03 1.31
0.51 94.44 -13.44 1.31
0 94.5 -12.88 1.87
0 94.51 -13.45 1.35
0 94.93 -11.07 1.95
2.07 94.67 -12.7 1.87
0 95.4 -14.79 2.63
0 95.66 -12.83 2.09
0 94.73 -8.32 2.42
0 95.15 -10.45 1.37
12.93 95.17 -9.61 1.07
0.67 95.24 -9.89 1.93
0 95 -14.28 1.33
0.07 93.93 -9.09 3.01
0.06 94.48 -14.52 4.37
0 94.51 -16.52 1.55
0.19 94.84 -14.47 1.58
0.07 94.76 -12 1.77
0 94.35 -7.33 1.46
0 94.61 -7.78 1.53
0.07 94.54 -6.09 1.58
2.43 94.45 -6.83 1.82
0.64 95.07 -9.7 3.74
0 95.14 -11.63 2.6
2.01 94.17 -10.11 2.74
0 94.91 -10.37 3.01
0.02 94.48 -9.16 2.11
0.87 94.78 -15.65 4.21
0 95.6 -18.71 4.72
0 95.43 -17 1.51
0.4 94.62 -13.11 2.39
0 95.2 -13.83 2.34
0.11 95.24 -13.41 2.04
0 94.54 -8.57 394.91
0 94.34 -6.34 2.79
0 94.94 -10.2 2.62
0 94.87 -11.07 1.59
0 94.18 -7.54 2.25
0.07 94.21 -6.83 3.99
0 94.88 -12.27 3.86
0 95 -13.27 2.41
0.01 94.95 -12.58 2.06
0 94.84 -9.34 3.24
0 95.07 -8.16 3.2
0 95.01 -5.81 1.97
0 95.09 -6.97 1.85
8.17 94.91 -7.16 1.88
0.3 94.15 -1.39 3.04
0 94.06 -0.54 2.81
0.22 93.58 -3.5 6.07
0 95.32 -9.06 5.24
0 95.31 -6.57 1.87
0 94.3 -1.73 3.26
0 94.6 0.61 2.49
0 94 4.31 3.13
0 93.92 3.1 1.99
0 93.35 4.14 2.2
0 93.19 1.06 2.6
0 93.39 -2.46 6.17
0 94.77 -1.49 2.28
0 94.06 3.44 3.45
18.94 94.01 -0.83 3.81
0 95.13 -6.22 3.98
0 94.67 -0.11 3.05
0 94.25 4.3 2.66
0 94.6 4.64 2.79
0 93.23 6.93 3.8
1.69 93.28 -2.69 4
26.97 94.01 -7.64 2.74
0.53 94.42 -7.26 2.87
0 93.24 0.58 5.32
0 94.17 -3.19 2.77
23.17 93.86 -4.99 3.82
0 94.57 -5.42 2.95
0 94.42 -2.56 1.69
0 93.49 3.52 3.92
2.35 93.69 0.91 4.3
0 94.5 -1.59 3.72
0 94.68 -2.33 2.41
1.65 94.56 -0.57 1.76
9.49 94.3 0.76 2.28
85.62 94.43 0.49 2.68
0 93.95 4.23 3.13
0 93.99 4.98 3.03
27.18 94.11 -0.3 2.31
42.37 94.41 -0.97 3.27
0 94.17 -0.59 2.53
1.26 93.31 1.43 2.82
16.69 93.36 0.11 3.72
3.97 94.31 -0.3 3.97
1.25 94.17 0.65 3.81
0 94.2 1.96 3.79
0 93.74 7.48 2.92
0.75 93.3 5.89 4.97
0 93.53 2.4 4.99
0 93.19 4.44 2.51
7.71 93.51 3.93 3.11
49.16 93.82 1.31 922.62
2.1 94.82 0.49 4.7
0 94.82 2 2.3
0 94.51 4.73 2.65
0 94.19 7.89 2.12
0.94 93.63 11.15 4.25
55.26 93.68 6.99 2.28
0.92 93.65 7.1 3.56
0.03 93.75 8.22 5.16
0 93.75 9.76 1.8
0 93.69 13.34 2.26
3.42 93.5 11.69 3.93
0.14 93.76 11.42 6.26
0.36 94.22 11.05 5.52
0.27 94.25 11.14 2.22
1.37 94.09 12.2 2.53
6.93 94.31 12.53 1.99
0 94.08 16.37 2.65
0 94.28 19.6 1.76
0 94.2 21.01 2.42
0 94.19 21.19 3
0.35 93.93 21.46 4.37
31.69 93.62 14.05 2.18
21.08 92.8 14.42 4.13
0 92.43 16.77 4.85
0 92.95 15.92 2.88
0 92.99 18.43 3
0.56 93.64 16.07 4.84
0 94.48 16.22 2.36
0 94.37 17.2 2.47
1.19 93.74 18.59 3.07
0 93.21 18.94 3.13
12.25 92.62 15.23 5.54
0.01 92.6 17.26 4.25
0 92.96 18.5 2.89
0 93.8 19.69 2.38
4.42 93.62 23.28 3.93
2.88 94.19 17.87 2.28
0 93.79 20.52 2.26
1.95 93.5 21.7 3.52
2.98 93.33 19.36 3.69
1.46 93.16 18.71 3.29
0 93.45 18.71 4.62
0 93.27 22.88 3.25
0.08 92.89 24.52 4.46
0 93.55 19.3 2.54
8.69 93.28 17.88 3.31
0.05 93.53 18.36 3.36
20.57 94.07 17.21 2.44
32.88 93.94 18.65 2.51
10.25 93.73 19.05 2.93
10.24 93.56 21.39 2.62
2.65 93.41 21.67 3.4
69.96 93.82 16.12 2.37
1.8 94.02 17.3 1.84
14.83 93.75 15.81 2.37
3.57 93.52 17.26 1.85
0.04 93.55 22.03 3.49
0.71 93.55 23.78 4.09
12.52 93.48 23.98 2.64
174.52 93.46 18.51 2.35
9.23 93.18 20.59 1.81
36.27 92.88 20.44 1.99
0.4 93.24 22.73 2.07
0 93.75 22.94 2.33
0.05 93.9 23.64 1.99
3.51 93.64 21.95 1.48
13.34 93.3 21.31 1.88
70.8 93.14 20.87 2.27
87.88 92.89 20.63 2.29
153.74 92.64 19.48 1.76
49.16 92.78 21.58 2.4
83.13 93.18 20.51 2.29
116.54 93.21 21.81 2.56
55.05 93.16 22.63 3.12
68.03 92.94 22.55 2.17
138.97 92.55 22.3 2.78
0.04 92.54 23.83 3.6
5.41 92.54 23.45 2.46
0.89 92.87 23.86 2.19
4.26 93.04 24.29 2.39
23.3 92.86 25.04 3.49
54.43 93.17 23.41 1.79
57.06 93.38 21.78 1.63
1.62 93.57 22.11 1.43
1.6 93.56 22.13 1.53
18.63 93.54 22.63 1.96
23.32 93.7 22.49 1.98
0.09 93.69 24.12 1.8
255.9 92.97 21.48 1.95
69.32 92.88 22.27 3.18
0 93.4 23.03 2.33
0.49 93.28 22.68 2.33
102.74 93.25 20.82 2.19
4.31 93.44 21.46 1.71
1.08 93.44 23.07 1.9
31.5 93.3 22.89 2.2
14.51 92.9 23.35 1.92
0.94 93 23.5 3.17
0.01 93.28 23.82 1.97
0.07 93.28 24.31 1.78
53.71 93.07 22.24 1.4
4.94 93.02 24.65 2.16
0.76 92.96 24.79 1.61
3.6 92.77 25.46 1.88
21.49 92.88 25.34 2.14
24.96 93.14 24.53 2.61
0.92 93.37 24.87 2.49
4.44 93.18 24.76 2.62
48.21 92.85 25.13 2.6
23.7 92.71 24.46 1.8
10.1 92.85 25.34 2.45
30.69 93.13 25.22 2.37
11.63 92.93 25.35 2.25
10.96 93.11 23.37 1.84
3.51 93.49 24.97 1.58
15.28 93.56 25.93 2.51
44.06 93.27 24.43 2.63
7.41 93.3 24.76 2.71
20.85 93.24 25.62 2.13
4.25 93.31 24.84 1.91
304.63 92.77 24.04 1.74
0.1 97.58 24.51 2.83
0 93.8 21.48 2.68
0 94.04 20.94 1.89
8.42 93.98 20.18 1.27
2.25 93.59 22.87 2.34
0.25 93.75 21.8 2.1
0 93.95 21.61 1.91
0.04 93.94 22.09 1.75
15.65 93.65 21.3 1.85
6.09 93.72 19.15 1.94
6.67 93.64 19.05 1.77
216.24 93.04 18.29 1.57
33.01 93.3 14.86 3.05
0.36 93.98 15.44 2.55
40.76 94.04 15.71 2.21
1.44 94.28 15.07 1.97
5.95 94.44 15.35 1.74
0 94.51 15.51 1.57
6.17 94.39 16.25 1.49
154.85 94.34 13.9 1.66
33.73 94.41 13.79 1.25
4.6 94.47 15.57 1.47
6.65 94.41 17.18 1.66
10.9 93.94 17.86 1.92
0.15 94.05 16.68 1.72
0 94.08 16.59 2.64
5.69 93.84 19.74 2.98
44.2 93.22 18.98 3.12
0.4 93.62 17.78 3.3
0 94.18 13.1 1.93
3.35 93.87 15.59 1.6
7.41 94.41 15.89 1.46
16.43 94.82 14.74 1.14
12.54 93.92 18.99 3.39
0 94.34 17.21 1.58
0.05 94.32 17.89 1.51
1.55 94.17 17.44 2.48
34.47 94.58 12.22 3.28
0 94.8 8.41 2.5
0 94.63 9.98 2.36
0 94.27 11.53 2.21
0 93.61 16.78 3.42
0 93.71 15.4 2.58
0 94.58 12.79 1.42
2.93 94.51 13.58 1.8
117.84 94.54 11.14 2.38
0.01 94.65 9.99 2.81
0 94.41 9.21 1.83
0 93.78 16.13 3.55
0 94.76 13.2 1.39
0.04 94.75 14.56 2.53
0.12 95.05 11.69 2.46
0.68 94.53 10.95 1.86
0 93.57 15.09 2.98
12.94 93.66 12.34 4.22
0 94.09 9.68 3.15
0 94.56 10.68 1.88
22.79 94.54 10.65 2.47
2.75 95.41 3.78 4.32
0 95.43 2.8 1.64
0 95.03 6.27 1.46
0 95.04 6.54 1.5
0 94.83 9.92 2.55
29.04 95.04 8.2 1.76
1.2 95.05 6.5 1.99
0 94.89 5.62 1.37
41.56 94.76 4.67 2.23
26.67 94.69 0.4 2.28
0.01 94.94 3.5 3.97
0.01 95.19 5.05 2.52
0 94.72 4.11 1.57
0 94.19 6.19 2.08
3.96 94.7 5.21 2.11
2.04 95.24 3.57 2.53
0 95.17 2.98 1.54
0 95.27 3.86 1.11
0 95.02 4.08 1.42
0.8 94.51 7.61 2.13
1.39 94.84 6.57 3.18
0 95.15 4.71 1.93
0.07 94.41 5.29 2.38
0.59 94.03 4.83 3.96
0.04 94.37 2.65 2.78
0 94.44 1.32 2.16
0.08 95 1.4 3.67
0 94.99 -2.08 4.41
0 95.04 0.63 2.61
0 94.91 1.2 1.72
0 94.31 1.38 2.5
0 94.08 2.33 3.4
0 94.05 2.24 2.23
0.24 94.23 1 3.36
0.04 94.61 -3.64 4.03
0.12 94.83 -4.27 5.35
0 94.71 -4.27 3.44
0 94.74 -2.67 2.52
0 94.92 -3.38 1.37
0 94.69 0.11 1.83
0 94.4 0.25 2.01
0.06 94.06 -1.1 2.49
0 93.91 -4.87 3.99
0 94.04 -7.92 3.61
0 94.32 -10.62 6.81
0 94.52 -6.27 3.64
0 94.11 -0.1 3.13
0 94.71 -3.21 2.3
1090.11 94.48 -1.6 2.71
1090.11 94.25 -1.79 1.49
1090.11 94.52 0.72 2.24
1090.11 94.52 0.3 2.33
1090.11 94.71 -2.01 2.83
1090.11 94.29 -2.77 1.22
1090.11 94.37 -4.99 1.43
1090.18 94.39 -4.6 2.57
1090.15 94.58 -6.33 2.98
1090.46 94.07 -8.28 3.17
1090.6 94.05 -8.98 2.62
1090.11 94.2 -11.98 4.57
1090.11 94.51 -11.97 3.32
1090.11 94.89 -9.49 3.24
1090.11 95.44 -9.28 1.69
1090.11 95.38 -10.66 1.56
1091.07 95.64 -12.72 2.32
1090.45 95.3 -13.68 2.81
1090.29 95.18 -12.55 3.06
1090.12 95.58 -11.66 2.4
1090.11 95.62 -11.33 1.41
1090.11 95.33 -10.88 1.1
1090.11 95.47 -9.8 1.34
1090.11 95.4 -9.99 1.16
1090.25 94.88 -7.91 3.05
1090.17 95.36 -11.02 4.23
1090.11 95.02 -12 1.94
1090.11 94.55 -11.57 2.86
1090.11 93.85 -6.83 3.61
1090.11 93.65 -6.09 3.31
1090.11 93.27 -3.68 4.52
1090.11 93.68 -4.13 3.19
1090.11 93.97 -4 3.16
1090.11 94.55 -5.97 2.5
1091.58 94.44 -8.53 1.7
1092.88 94.68 -9.2 1.78
1090.14 94.42 -7.75 2.57
1090.11 94.94 -7.93 2.6
1090.11 95.37 -14.53 2.9
1090.11 94.97 -14.64 2.44
1090.11 94.99 -12.58 2.19
1090.11 95.09 -10.87 2.34
1090.11 95.58 -12.84 2.08
1090.11 95.3 -13.58 1.65
1090.11 95.33 -11.95 1.95
1090.11 95.15 -8.77 1.8
1097.33 95.15 -9.98 1.46
1090.11 95.14 -10.64 1.91
1090.11 95.36 -8.72 1.91
1090.43 94.41 -7.56 3.76
1090.14 94.92 -10.58 4.4
1090.11 95.09 -10.43 2.4
1090.11 94.42 -7.29 1.86
1090.11 93.64 -3.35 2.95
1090.11 94.21 -4.12 2.17
1090.11 95.08 -9.1 3.03
1090.11 94.64 -8.06 3.4
1090.11 94.12 -5.14 4.17
1090.11 94.65 -7.62 3.27
1090.11 93.38 -1.76 5.12
1090.11 94.08 -7.76 3.02
1090.11 94.18 -7.45 1.68
0.28 93.78 -4.59 1.94
0.04 93.86 -5.52 5.17
0 94.65 -12.95 4.27
0 94.83 -11.98 2.4
0 94.98 -12.31 1.59
0 95.2 -10.38 1.59
3.02 94.88 -10.42 1.55
9.81 94.98 -12.57 3.07
0 95.58 -15.06 2.95
0 95.38 -14.89 1.72
0 94.84 -12.9 1.6
0 95.44 -13.36 1.71
0 95.39 -12.67 2.04
0.28 94.61 -6.95 2.64
0 94.67 -7.27 2.1
0.06 95.24 -7.86 2.33
0 95.75 -9.6 1.85
2.89 95.31 -9.6 1.56
1.39 95.07 -9.71 1.79
0 95.01 -8.43 1.69
0 94.97 -5.47 2.02
0.3 95.44 -7.46 1.54
0.18 95.28 -4.91 1.22
0 94.87 -1.82 1.64
0 94.73 1.32 1.74
1.36 94.45 2.64 3.38
1.92 95.12 -4.2 3.92
0.14 94.81 -7.11 1.69
0 94.68 -5.72 1.77
1.32 94.61 -5.67 2.23
1.5 94.6 -6.44 1.76
1.6 94.93 -6.09 2.76
0 94.98 -7.72 2.88
0 95.13 -8.05 2.73
0 95.13 -6.85 2.4
0 94.67 -5.59 2.19
0 94.94 -5.43 2.23
0 94.45 -2.76 2.14
0 94.27 0.43 3.57
0 94.91 -2.1 3.68
0 94.49 -2.36 2
0 94.02 1.87 3.07
0 93.73 5.92 2.54
0 94.06 4.29 2.41
0 93.67 6.71 4.79
0 94.74 3.79 2.16
0.21 94.69 2.99 4.29
0 95.01 3.47 4.29
0 94.41 6.12 2.79
0 94.47 6.96 3.05
0 94.7 7.16 2.59
0 93.74 11.7 4.1
0 93.72 11.13 2.34
0.01 93.74 10.38 2.72
0 93.75 9.83 2.9
65.71 93.54 10.94 2.91
20.15 94.01 9.38 2.18
0 94.22 10.36 2.18
0.9 94.29 8.57 2.11
0 93.79 11.06 2.8
0 94.48 7.41 3.65
0 94.88 2.84 4.54
0 94.09 6.69 4.64
0 94.67 5.28 3.81
0 94.09 12.54 3.74
0 94.01 13.22 1.6
0 93.87 13.89 2.46
0 94.07 11.44 3.91
0 94.76 9.31 2.23
3.68 94.39 10.47 2.06
1.6 94.12 11.4 2.02
0 94.26 13.17 1.67
0 94.2 16.5 3.22
0 94.7 12.92 2.95
0 94.05 12.66 2.43
21.77 94.02 7.46 2.74
0.12 94.69 8.07 2.35
34.38 94.5 6.97 2.43
0.19 94.12 8.81 112.34
0 94.21 10.75 3.38
0 93.9 13.18 2.74
1.32 93.57 15.6 3.52
4.42 93.82 17.28 3.69
1.12 94.32 15.11 3.63
32.97 94.54 10.86 3.23
0 94.82 11.91 2.48
0 94.67 13.24 1.93
0 94.05 14.96 1.71
0 93.52 18.37 1.98
13.41 93.53 16 4.66
121.07 94.1 7.05 4.55
8.68 93.7 7.22 4.85
13.23 93.94 4.82 5.29
0.36 94.15 7.25 4.01
0.11 93.55 11.13 2.47
39.51 93.58 8.31 3.79
0.58 94.11 11.42 2.09
81.77 94.35 10.23 2.62
8.61 94.27 11.76 2.04
194.42 93.44 8.65 2.3
46.22 92.61 14.72 3.8
0 92.82 15.96 4.01
0.16 93.14 13.26 3.67
0 92.88 13.45 3.09
0.05 93.66 16.1 2.97
5.85 94.01 15.51 2.15
5.47 93.67 17.32 2.69
62.24 93.3 16.02 2.57
3.42 93.35 17.14 2.76
0.06 93.46 18.77 2.47
0 93.47 21.4 2.46
0.64 93.78 23.99 3.52
61.29 93.61 16.86 2.52
0.73 93.18 16.22 5.32
0 92.68 20.69 4.06
16.12 92.47 17.95 3.17
0.56 92.9 21.43 2.38
0 92.99 23.39 35.85
0.52 93.55 24.4 2.65
0 93.51 27.49 3.74
8.6 93.73 22.82 2.87
0.45 93.86 21.07 2.43
0 93.73 22.14 2.34
0.68 93.53 21.93 2.26
9.46 93.4 22.99 2.46
321.22 93.53 15.98 2.25
99.4 93.39 13.48 3.07
19.28 93.07 15.72 2.94
35.28 93.36 15.22 2.18
65.93 93.78 15.17 1.8
13.59 93.88 18.13 1.93
29.27 93.68 19.79 2.36
17.8 93.71 19.96 2.11
0.12 93.59 21.33 2.17
11.16 93.4 22.23 1.72
112.24 93.18 20.03 2.09
107.76 93.08 19.35 2.03
90.76 93.21 18.5 2.61
5.24 93.47 19.04 1.83
40.05 93.6 19.12 2.01
17.73 93.73 18.66 1.54
157.55 93.81 18.23 2.23
4.03 93.69 20.93 1.83
0.15 93.29 22.73 2.23
17.86 93.1 21.93 2.94
30.08 93.2 21.18 3.46
0.39 93.63 21.47 3.52
0.89 93.55 22.5 2.83
0 93.61 23.78 1.89
0 93.56 24.3 1.79
26.45 93.49 22.44 2.44
79.31 93.17 20.22 2.3
20.59 92.95 22.61 2.12
0.03 93.42 24.36 2.15
1.15 93.47 25.11 2.86
2.39 93.36 25.51 2.2
10.32 93.14 24.17 2.65
20.84 93.09 22.6 3.74
0 93.29 22.86 2.96
0 93.03 23.19 3.64
8.96 93.1 21.71 3.02
12.38 93.29 21 2.66
1.49 93.22 22.05 2.56
11.81 93.27 22.81 1.88
30.84 93.22 22.63 2.44
77.97 93.3 21.13 35.75
11.08 93.52 22.33 35.2
0.25 93.61 25.79 1.76
1.05 93.71 28.25 2.12
8.02 93.31 28.71 3.96
73.79 93.22 23.76 2.55
0.51 93.52 21.91 1.65
0 93.25 24.24 2.74
0.13 93.58 22.54 1.92
0 93.63 22.99 1.64
0.03 93.8 23.58 1.91
16.89 93.69 25.27 2.33
5.85 93.23 26.49 3.05
28.41 93.24 24.59 3.01
45.72 93.4 23.8 1.85
0 93.49 25.74 2.27
0 93.47 26.47 2.5
5.56 93.35 25.61 2.25
13.97 93.31 24.99 1.91
114.67 93.56 19.72 2.29
1.3 93.54 21.22 2.06
0 93.8 21.51 2.47
0 93.89 21.06 1.5
0.05 93.74 21.91 2.15
60.22 93.49 20.62 2.24
22.7 93.26 20.53 1.65
0.98 93.47 21.26 3.19
1.12 93.65 20.04 2.11
27.23 93.65 18.32 1.78
8.98 93.57 18.18 1.74
7.71 93.63 19.23 2.09
5.71 93.73 19.78 1.8
3.2 93.87 20.68 1.97
7.52 94.06 20.7 1.66
0.56 94 22.07 1.75
2.47 93.69 23.37 2.24
5.04 93.68 23.62 1.8
47.32 93.62 22.17 2.23
74.08 93.46 21.57 1.75
83.63 93.72 19.01 2.34
1.47 94.01 19.1 2.55
0 94.11 20.27 2.05
0 94.21 21.76 1.8
11.44 94.32 19.88 2.03
7.07 94.35 20.19 1.61
1.25 94.3 20.02 1.91
20.15 94.14 19.3 1.85
18.83 94.11 18.86 1.79
248.35 94.06 15.77 2.18
1.08 93.69 17.18 1.86
0 93.41 19.48 2.46
0 93.9 18.24 1.47
0 93.92 19.74 1.68
4.44 93.53 20.03 2.97
0.02 93.81 17.47 2.84
0 93.97 15.17 1.52
0.04 94.23 16.63 1.7
0.25 94.23 17.78 1.95
28.49 94.27 16.45 1.42
1.36 94.08 18.13 2.39
0.09 94.41 15.39 2.89
0 94.5 13.31 3.06
0 94.54 12.59 1.46
0 94.63 15.17 1.36
0 94.6 16.01 1.95
18.07 93.91 15.62 2.37
25.67 93.88 13.98 2.57
0.02 94.46 13.69 1.5
1.16 94.52 15.45 2.19
80.6 94.67 12.14 1.73
18.6 94.44 12.74 1.6
0 94.34 13.14 1.81
44.24 93.71 13.88 2.8
0.08 94.27 12.87 2.12
0.9 94.19 13.14 2.82
34.19 94.96 5.95 3.75
0.1 95.01 5.15 1.69
39.79 94.19 6.41 1.54
20.08 94.06 7.75 1.98
0 94.38 8.2 1.6
121.62 94.57 7.28 1.52
15.07 95.09 7.72 2.41
0 94.88 8.09 2.04
0 94.48 11.42 1.82
0 94.36 13.04 2.26
0 94.55 15.24 1.91
0 94.79 12.88 1.72
1.6 94.72 12.99 2.79
0.61 95.66 7.47 3.32
0 95.2 3.69 1.67
0 94.29 7.78 2.15
0 93.87 8.61 4.11
0 94.35 8.66 2.89
0 94.12 11.37 2.32
0 94.22 12.35 2.14
0 93.9 15.26 3.93
0 94.71 7.26 2.39
0 95.05 3.65 1.82
0 94.56 5.32 1.79
0 93.83 9.86 2.47
0 93.55 12.29 2.63
0 93.78 10.66 2.06
0 95.21 3.61 4.63
0 95.56 1.59 1.88
0 95.01 3.2 1.6
0.16 94.75 7.23 1.69
10.52 94.91 7.36 77.77
4.21 94.63 5.38 1.67
1424.18 94.31 5.89 3.36
1424.4 94.49 3.03 3.93
1424.17 94.26 5.88 2.62
1424.17 93.87 6.85 3.14
1424.19 94.25 5.06 3.33
1424.17 95.47 -1.42 2.84
1424.17 95.43 -2.38 1.59
1424.17 95.05 -0.32 1.89
1424.17 94.86 3 1.75
1424.17 94.55 2.84 1.62
1424.19 94.21 1.79 3.39
1424.41 94.64 -5.15 5.7
1424.17 94.63 -2.43 2.9
1424.17 94.96 -3.01 1.63
1424.17 95.07 -2.3 1.71
1424.63 94.93 -0.33 2
1424.17 95.27 -2.25 1.56
1424.17 95.18 -1.58 1.62
1424.17 94.49 0.24 2.78
1424.17 93.93 2.24 3.85
1424.17 94.44 -0.3 2.57
1424.17 94.94 -3.09 2.06
1424.25 94.73 0.08 2.76
1424.17 95.09 -3.88 1.76
1424.17 94.2 -3.29 2.22
1424.17 93.75 110.91 4.38
1424.17 94.82 -4.09 1.99
1424.17 94.36 -2.72 1.52
1424.2 94.2 -1.43 2.06
1424.51 94.36 -2.68 5.45
0 94.92 -12.47 6.07
0 94.65 -12.14 3.56
0 94.41 -11.98 5.76
0 94.55 -11.51 4.64
0 94.66 -10.93 3.57
0 94.82 -10.33 1.74
2.08 94.85 -9.83 1.85
0 95.37 -10.86 1.63
0.13 95.23 -8.68 2.29
2.96 94.64 -5.99 4.59
0.24 95.04 -10.2 2.89
0.06 94.64 -10.73 3.95
0 94.78 -11.49 2.42
0 94.81 -9.97 1.69
0.59 94.79 -9.9 3.67
0 94.86 -13.06 3.54
0.02 94.87 -11.03 2.23
0 94.8 -8.47 2.64
0.47 94.57 -7.32 4.1
0 94.87 -11.16 3.63
0 94.52 -10.49 3.41
0 94.34 -4.28 2.34
0 94.38 -4.85 2.75
0 95.21 -6 3.61
0 95.43 -5.83 2.58
0 95.19 -9.09 1.33
0 94.8 -5.79 2.27
0 94.2 -6.02 2.04
0 93.57 -5.28 3.3
0.36 94.25 -7.4 394.73
0.09 95 -11.88 4.99
0.37 94.97 -12.08 2.75
0 94.89 -8.12 2.94
0 93.68 -3.77 3.24
0 93.92 -3.89 1.85
0.51 94.29 -4.09 4.78
0 94.8 -8.35 3.19
0 95.13 -9.9 1.61
0 95.05 -9.35 2.03
0 94.93 -6.42 2.48
0.06 94.5 -5.49 2.82
0 95.5 -8.38 2.23
0 95.61 -9.55 1.75
0 95.19 -7.15 1.71
0 95.32 -9.61 1.51
1.13 94.96 -9.91 1.63
2.76 95 -10.59 3.53
0 95.09 -9.99 2.02
2.19 94.01 -6.02 3.24
0.02 94.62 -9.19 1.92
0.14 94.54 -8.39 2.13
0.73 95.07 -8.7 2.09
0 94.53 -8.92 1.87
0 94.06 -5.25 3.19
0 94.88 -7.53 1.96
1.59 94.52 -5.28 1.44
3.33 95.13 -9.35 4.13
0 95.63 -12.79 2.94
0 95.44 -12.86 1.95
0.27 94.91 -9.7 3.38
0 95.51 -11.44 3.41
0 95.78 -10.41 1.7
0 95.57 -9.39 1.72
0 95.4 -8.56 1.56
0.29 95.31 -5.64 2.69
0.19 95.24 -7.35 3.45
0 95.13 -4.74 2.98
0 94.52 -2.72 2.92
0.09 95.31 -11.39 5.16
0 95.4 -12.53 3.35
0 94.71 -7.34 2.65
0 94.07 -4.14 2.23
0.02 94.1 -6.83 3.38
0 94.27 -7 2.15
0 93.89 -5.44 2.03
0 93.72 -1.93 2.11
0.02 94.36 -3.82 1.43
7.16 94.16 -2.05 2.66
0.02 94.78 -2.57 4.06
0 95.38 -4.44 2.21
0 94.85 -4.34 2.7
9.56 94.06 -1.12 2.85
20.14 93.57 -2.01 5.38
0.43 94.01 -6.95 5.85
0 94.22 -7.52 1.99
0 93.86 -7 1.97
0.35 94.34 -8.14 3.21
0 94.72 -9.79 3.47
0 95.32 -7.65 2
6 94.4 -3.44 4.46
0 94.09 -1.9 3.16
0.12 93.71 -3.56 2.6
0.12 94.39 -7.7 5.57
0 94.85 -7.28 2.54
0 94.57 -4.03 2.74
0 93.92 0.48 4
0 94.27 0.08 2.68
4.41 94.83 -3.98 3.41
0 95.62 -10.26 5.18
0 94.98 -4.98 3.37
0 94.6 -4.63 3.66
0 94.12 -3.72 2.91
0 102.25 106.47 111.77
0 94.21 -0.16 3.48
0 93.88 4.9 3.82
0 93.81 4.9 3.1
0 94.53 2.33 2.19
0 93.84 5.74 2.89
0 94.11 5.3 3.56
0 94.22 4.58 2.77
0 94.2 5.14 4.16
0 95.1 1.38 3.93
0 95.28 2.36 2.68
0 95.45 3.27 1.7
0 95.22 6.81 2.53
0 95.04 11.35 3.75
0 94.22 12.52 4.5
0 93.84 11.43 3.62
0 93.93 9.92 2.95
0 93.49 13.58 3.62
5.14 94.44 6.27 2.9
0 94.54 4.34 1.83
183.28 93.04 2.11 2.25
0.74 93.82 3.48 2.17
7.3 93.76 4.81 1.87
0.29 94.33 2.71 4.72
0 95.39 -1.56 3.85
0 95.35 -0.6 3.05
0 94.59 3.81 2.67
0.06 94.35 6.64 2.84
0.09 94.55 6.87 1.96
21.15 94.74 6.07 3.15
155.46 95.36 -0.92 3.92
0.29 94.96 2.61 2.1
0 93.4 10.77 2.13
2.07 92.57 13.16 3.96
0.71 93.43 7.82 5.78
0 93.5 10.28 2.26
0.09 93.77 11.82 2.65
0.01 94.25 9.86 3.41
0.04 93.88 10.46 3.17
0.13 93.79 10.52 2.68
0 94.01 13.45 3.81
0 94.24 13.28 5.05
0 94.5 13.74 2.81
0 93.92 19.56 3.87
0 93.53 22.59 3.85
26.4 93.23 19.27 3.45
9.84 93.84 16.31 2.42
0 93.88 18.67 2.21
0 93.81 19.97 2.97
16.89 93.6 15.79 3.21
13.6 93.63 15.28 2.4
0 93.96 11.93 5.42
0 93.74 13.21 4.32
0 93.24 13.4 5.32
0 93.71 11.36 2.69
0.28 93.67 11.62 4.9
14.9 93.93 6.86 2.2
0 94.3 8.14 1.82
132.99 94.16 6.86 2.57
51.22 93.28 6.5 2.05
11.76 92.1 10.66 3.88
1.17 92.19 17.5 3.7
2.53 93.5 14.91 4.97
0.02 94.06 14.72 3.86
0 93.5 17.7 3.38
28.36 92.66 17.77 3.27
20.37 92.86 13.57 5.45
3.21 93.29 12.34 5.34
0 94.1 17.41 3.87
0 93.74 20.22 3.18
0 93.59 20.99 2.48
0.87 93.51 21.39 2.28
0.26 93.35 23.55 2.98
1.07 93.25 24.69 3.55
7.5 93.42 22.81 2.43
0.53 93.39 22.16 3.03
6.77 93.06 22.83 3.5
0.49 93.41 20.05 3.58
0 93.45 19.02 2.47
0 92.64 23.94 5.94
4.57 93.15 21.63 3.07
1.72 93.71 18.78 4.1
0 93.92 20.42 2.78
69.49 93.12 17.01 3.1
28.79 92.64 18.39 2.52
31.09 93.15 17.65 2.56
0.21 93.46 18.75 3.29
4.52 93.22 18.89 2.54
7.02 93.19 18.23 2.11
98.43 92.93 16.36 2.44
135.64 92.5 14.95 2.06
60.44 92.57 15.86 1.73
57.24 93.46 17.01 2.23
1.27 93.72 20.06 2.1
12.11 93.55 21.51 1.96
0.24 93.27 22.33 1.86
94.57 93.32 19.16 3
8.06 93.48 17.73 3.69
78.75 93.92 16.18 2.59
0.04 94.02 20.83 2.23
0 93.64 22.8 1.81
15.14 93.36 23.35 2.47
1.02 93.5 23.13 2.4
52.05 93.3 22.74 2.64
32.13 93.04 21.12 2.06
55.18 93.01 20.58 2.03
1.41 93.42 21.83 1.59
20.32 93.49 23.1 2.12
206.15 93.64 17.39 2.11
25.45 93.06 17.88 1.94
23.69 92.66 18.44 3.16
6.3 93.21 16.49 3.18
0.07 93.75 18.01 2.04
38.42 93.72 19.16 1.92
6.32 93.84 19.97 1.69
0 93.82 21.97 2.08
0.81 93.68 23.41 2
10.94 93.84 24.41 1.98
0.8 94.06 25.41 2.36
17.55 93.9 23.4 2.56
2.1 93.63 24.59 1.88
1.04 93.15 25.85 2.25
0.51 92.98 25.91 2.89
27.44 93.3 25.53 2.37
45.29 93.7 22.93 2.52
47.83 93.89 19.9 2.01
23.56 93.72 20.91 1.7
84.82 93.54 21.39 1.76
47.17 93.67 21.67 2.08
31.48 93.59 22.48 2.29
35.88 93.35 22.91 1.91
75.71 93.34 22.18 1.7
11.71 93.33 22.21 1.44
21.31 93.16 22.1 1.72
5.48 92.97 23.22 2.06
4.21 93.36 24.09 2.22
34.8 93.44 23.81 1.83
37.66 93.2 23.53 2.06
91.75 93.2 23.19 2.26
238.19 93.57 20.58 2.24
5.78 93.77 21.84 1.64
5.05 93.57 22.77 2
28.63 93.1 24.23 3.02
0.16 93.09 21.93 2.1
4.87 92.98 23.53 2.48
8.86 93.13 24.24 2.91
44.41 93.52 23 1.96
26.12 94.05 21.99 2.13
45.06 94.11 21.86 1.54
9.58 94.03 23.01 2.28
0 94.05 23.07 2.04
0 93.87 23.35 1.52
0 93.7 23.93 1.62
0 93.38 24.9 1.79
1.07 93.21 24.38 2.32
0.03 93.49 22.65 2.31
0 93.53 22.76 1.71
1.32 101.26 130.69 111.05
42.99 101.59 131 111.24
80.78 93.96 19.2 1.94
27.76 93.7 18.55 2.17
9.61 93.51 19.54 2.21
33.88 93.62 19.2 1.87
17.52 93.93 19.52 1.77
31.95 94.16 18.98 1.9
13.46 94.09 19.51 2.01
54.99 93.97 19.26 2.03
0.14 93.9 19.89 2.23
18.66 93.75 19.45 1.85
5.51 93.88 18.34 1.41
31.86 94.03 18.25 1.54
122.31 94.21 17.36 1.58
85.29 94.27 17.69 2.08
1.81 94.26 19.91 2.25
0.19 94.4 18.83 1.94
22.35 94.21 17.37 1.63
83.31 94.05 16.36 2.14
0.03 94.19 17.02 1.75
0 94.08 18.84 1.57
7.63 94.24 19.55 2.3
28.2 94.91 15.37 2.03
4.84 94.83 13.79 1.75
55.22 94.27 12.67 1.72
8.15 94.23 13.71 2.6
0 94.17 18.52 2.33
0 94.46 18.37 2.32
0 94.56 17.92 2.42
0 94.42 18.39 2.26
16.1 94.43 18.89 1.61
20.92 94.5 17.96 2.11
0.01 94.57 15.53 1.99
6.47 94.04 15.56 2.14
18.13 93.85 17.89 2.13
74.53 93.67 16.49 2.61
28.83 93.8 13.55 2.11
48.06 93.73 14.12 1.84
12.97 93.76 14.19 2.86
0 94 13 2.26
0 94.22 14.48 2.46
0.24 95.01 12.76 1.57
8.1 95.44 10.39 1.97
11.68 94.32 14.24 2.95
43.46 93.67 10.27 5.31
0.07 93.56 12.78 4.42
0 94.52 10.85 1.96
0 94.82 12.99 2.18
0 94.35 16.34 3.26
0 94.26 16.3 2.07
0 94.05 16.53 3.18
0 94.35 9.06 3.81
1.37 93.68 4.89 3.2
3.82 93.89 4.97 5.01
3.73 94.21 9.25 4.49
0 94.58 11.25 2.29
0 94.63 12.22 1.83
0 94.39 12.29 1.58
0 94.33 12.96 1.56
0 94.34 14.16 2.4
2.81 94.5 11.69 3.18
0 95.17 5.54 2.47
0 94.12 9.27 2.53
31.4 94.65 4.53 1.75
18.37 94.98 4.59 1.8
2.37 99.4 73.63 34.84
0 98.91 74.49 34.94
0 95.24 6.3 2.25
0 95.13 4.15 1.74
5.57 93.95 6.42 5.18
0 94.02 2.95 3.62
0 94.6 0.89 3.25
0 94.93 -0.53 3.72
0 95.35 -0.08 2.76
0 95.4 2.26 1.53
0 94.77 4.65 1.76
0 94.58 5.09 1.37
0 94.51 8.01 3.48
0 94.73 8.77 2.92
0.49 95.81 0.6 3.48
67.01 95.86 -4.12 2.46
36.05 95.48 -4.03 2.75
12.3 95 -3.36 1.68
0.41 95.05 -3.45 1.3
0 95.18 -3.65 1.46
0 95.35 -1.95 1.42
0.07 95.2 0.58 1.41
0.03 94.49 2.3 1.87
0 93.89 4.66 2.37
0.28 94.73 1.75 2.31
11.96 94.54 -2.7 2.61
0 95.22 -5.23 2.17
11.4 95.08 -6.27 2.21
12.25 95.08 -7.92 1.9
8.4 95.08 -8.87 1.86
6.53 95.57 -9.95 1.65
17.81 96.02 -12.13 2.32
10.49 96.1 -13.13 2.77
0.26 95.98 -15.82 1.86
0.04 95.16 -15.15 2.86
0 95.09 -15.12 2.54
0.2 94.59 -11.94 1.38
0.83 95.01 -10.4 1.46
8.86 94.79 -6.08 2.2
0 94.64 -8.83 1.69
1.02 93.98 -4.62 2.04
0.25 93.81 -6.48 4.68
0.6 94.17 -8.39 5.39
0 94.5 -5.83 3.89
0 95.12 -5.93 2.22
0 95.25 -8.97 1.53
0 95.4 -9.76 1.07
0 94.99 -3.98 2
1.07 94.65 -0.71 2.3
0.01 94.96 -2.72 3.24
0 95.22 -7.94 1.67
0 94.91 -7.15 1.33
0 95.01 -7.09 1.18
4.4 94.35 -5.61 3.02
0.11 94.45 -7.35 4.44
0.14 95.03 -9.7 5.02
0 95.06 -8.58 2.8
0 95.53 -6.87 1.89
0 95.49 -7.39 1.53
0 94.63 -4.83 2.07
0 94.86 -6.87 1.65
0 94.93 -8.98 1.71
0 94.87 -6.96 2
0 94.93 -10.54 2.3
0.02 93.9 -7.93 2.76
0 94.93 -13 3.57
0 95.68 -15.75 1.85
0 95.44 -9.53 1.91
0.79 95 -6.84 1.55
2.22 95.26 -8.21 1.52
0 95.24 -9.35 1.95
0 94.42 -4.58 2.23
0.02 94.42 -6.95 1.5
2.56 94.58 -8.86 2.05
0 95.04 -11.55 3.68
0 94.86 -12.78 2.77
0 95.17 -10.89 3.04
0 95.01 -10.97 3.3
0 94.81 -11.71 2.73
0 94.56 -11.4 2.13
0 95.28 -13.24 2.97
0 95.55 -14.34 2.67
0 95.05 -13.87 3.16
0.23 94.38 -12.52 3.88
0.34 94.1 -11.95 2.39
0 94.14 -12.14 1.72
15.2 94.73 -15.15 2.22
2.64 94.76 -19.53 2.56
0 94.43 -19.8 4.09
0 95.01 -19.19 1.7
0 95.49 -18.55 1.42
1.03 95.44 -17.91 1.96
0.73 95.96 -21.58 3.37
0 95.88 -24.59 4.76
0 95.47 -16.65 4.37
0 94.86 -11.4 3.32
0 94.69 -12.6 3.37
0 94.74 -11.17 3.25
0 95.28 -13.91 1.87
0 95.69 -16.84 1.74
0 95.51 -17.33 2.36
0 95.58 -14.04 3.03
0 95.48 -11.83 2.61
0 95.13 -10.28 2.16
0 94.9 -9.85 2.59
0 95.11 -9.82 3.24
0 95.05 -9.77 3.48
0 94.95 -8.24 2.68
0 94.07 -8.43 2.74
0.02 93.71 -5.25 3.27
0 94.34 -4.08 2.52
0 94.01 -0.6 2.38
0.05 93.92 0.02 2.08
4.95 94.23 -1.1 3.09
31.48 94.95 -8.81 5.5
0 94.99 -13.26 5.12
0 94.36 -10.05 4.21
0 94.26 -5.77 4.11
0 94.17 -3.24 3.59
0 94.18 -5.01 3.55
0.39 94.98 -8.09 3.44
0 94.94 -10.3 3.5
0 94.75 -10.57 2.35
0.02 94.94 -8 3.09
0 95.79 -11.32 2.67
0 95.42 -10.21 2.5
0 95.35 -9.52 2.87
0.27 94.68 -7.75 2.65
0.07 94.78 -8.01 2.09
0.4 95.1 -9.01 4.09
0.24 95.3 -9.4 3.1
0.12 94.42 -2.02 2.7
0 94.06 0.65 2.25
0 93.99 0.65 2.37
0.48 94.37 -0.76 1.59
16.95 94.21 -0.26 4.06
0.09 94.2 -2.22 2.42
3.89 94.5 -5.17 4.09
0 95.22 -8.47 4.29
0 95.33 -8.44 3.66
0.12 95.1 -7.46 3.43
0 94.57 -6.03 2.12
0 93.96 -2.18 3.68
0 94.7 -2.58 2.73
0 94.54 0.62 2.66
0 93.99 4.02 2.68
0 93.86 7.16 3.03
0 93.44 9.15 4.6
0 93.92 6.29 4.05
0 94.75 3.59 1.84
0 95.01 5.19 1.9
0 94.67 7.59 2.7
0 95 4.7 4.09
0.02 95.56 1.52 4.48
0 95.56 1.25 3.02
0 95.25 2.43 2.9
0 94.87 6.69 2.99
0 94.27 8.32 2.45
0 93.67 9.64 3.67
0.3 94.12 6.42 3.37
0 94.05 8.39 3.23
0 93.13 14.54 4.44
15.02 93.43 8.87 4.78
0.6 94.46 5.27 4.17
0 94.45 7.21 3.23
0 93.68 9.41 3.32
0.2 93.94 9.08 2.35
0.64 93.34 11.39 4.32
0 93.74 8.96 4.54
0 93.65 11.03 5.42
0 93.88 7.08 2.87
0 94.5 4.99 3.12
0 94 6.59 4.26
15.55 93.2 8.52 2.47
0.33 92.96 9.93 4.7
0 94.02 10.62 3.01
1.02 93.56 14.58 4.53
9.73 93.54 9.57 4.24
3.07 93.51 5.79 3.92
3.44 93.79 6.03 2.37
2.32 94.09 7.38 2.91
0.02 93.78 13.12 2.82
0 92.99 14.07 5.5
0 93.5 9.88 5.82
0 94 10.12 2.84
0 93.49 13.37 4.31
1.8 94.25 10.4 3.23
28.52 94.48 8.48 2.07
2 94.12 11.98 1.86
0 94.25 12.49 2.35
21.53 93.45 13.24 2.69
0.05 93.08 16.74 2.74
22.43 92.84 19.94 3.92
150.06 93.61 10.75 2.32
41.54 92.81 11.66 5.05
0 93.24 15.19 3.02
12.41 93.2 15.01 4.72
0.02 93.56 12.26 6.13
0 94.27 14.66 2.63
0 93.74 17.88 4.02
1.46 93.92 16.08 2.34
0 93.59 16.62 2.35
1.2 92.8 18.97 3.83
116 93.54 11.01 4.57
0 94.34 14.38 4.11
32.56 93.99 11.87 3.85
0.92 93.85 12.1 3.45
0 93.35 17.6 3.08
0 93.46 22.03 3.63
0 93.71 23.78 4.15
0 93.93 22.16 3.34
0 94.1 21.73 3.58
0.12 94.81 18.46 3.57
0.09 94.7 17.69 2.46
49.94 93.84 14.27 1.88
22.71 92.8 14.74 4.31
6.38 93.08 17.67 3.25
0.99 93.57 17.74 4.22
0 93.48 21.16 4.28
0.26 93.12 23.1 4.13
0 93.47 18.47 4.08
0 93.21 21.15 4.01
17.32 93.94 17.03 2.03
0 94.03 19.51 1.46
0 93.67 22.46 2.36
0.02 93.33 23.35 3
0.12 93.47 22.33 2.79
0.52 93.72 22.54 2.28
36.34 93.89 18.53 3.15
3.92 93.92 18.44 2.06
0.2 93.67 20.8 2.33
28.39 93.34 20.32 3.65
80.49 93.11 19.39 3.95
34 93.62 17.64 2.4
8.62 93.51 18.88 1.98
7.18 93.18 18.95 2.12
108.54 93.05 15.63 2.25
11.66 93.1 18.46 2.17
4.55 92.72 19.52 2.22
35.33 92.78 19.88 2.04
3.71 93.32 19.96 2.89
0.01 93.4 22.79 2.43
23.99 93.06 23.92 2.78
33.73 93.09 23.02 2.35
23.35 93.13 21.84 2.14
12.23 93.38 20.61 2.96
3.95 93.44 20.28 3.63
0 93.6 23.59 2.91
0 93.52 24.12 2.12
33.93 93.23 22.47 2.57
65.2 93.3 18.5 2.73
91.75 93.2 19.92 2.05
50.81 93.27 19.74 2.21
0 93.4 20.14 1.82
0.58 93.36 21.7 1.78
0 93.47 24.53 2.61
0 93.63 24.67 2.79
6.61 93.85 25.02 1.95
0 93.95 26.21 1.81
0 93.87 26.76 2.64
0 93.63 26.36 2.45
0 93.4 27.66 1.92
0 93.15 28.63 2.4
15.18 92.86 28.45 3.01
108.03 93.14 21.86 1.91
0.81 93.46 24.14 2.32
3.13 93.78 22.13 2.52
14.98 93.45 19.45 2.07
3.99 93.33 18.84 2.01
2.42 93.59 21.46 1.66
0.1 93.59 23.35 2.15
14.61 93.65 23.51 2.41
196.97 93.75 21.17 2.17
673.86 93.32 20.55 2.41
65.55 93.06 23.07 1.79
19.05 92.97 26.16 2.53
0.61 93.5 24.91 2.09
376.85 93.5 20.28 2.32
2.12 93.38 22.29 1.62
2.46 93.18 23.87 2.16
42.17 93.16 23 2.06
17.96 93.51 23.2 1.79
132.55 93.78 22.84 2.16
57.72 93.9 21.8 1.68
14.16 94.01 22.8 1.83
0.23 94.01 24.36 1.7
0 93.95 25.96 1.5
0 93.89 26.9 1.75
0 93.79 26.73 2.06
314.74 93.54 24.66 1.82
117.11 93.9 23.12 2.18
0 93.98 21.96 1.53
0 93.62 23.63 2.2
0 93.41 26.58 3.02
2.23 93.43 28.48 2.97
19.08 93.53 24.84 2.09
0 93.5 23.74 1.78
0 93.74 23.4 1.79
14.43 93.65 22.83 1.66
65.65 93.49 21.81 1.87
4.55 93.36 22.24 1.43
215.7 93.32 20.07 1.62
10.87 93.74 21.06 2.03
16.01 93.86 21.63 1.86
1.41 94.01 22.37 1.93
1.9 94.09 22.92 1.6
26.24 93.6 20.79 1.51
20.88 93.45 22.65 2.12
111.43 94.19 17.49 3.69
0 94.45 17.29 2.04
8.33 94.12 17.24 2.1
1.87 94.09 18.31 2.01
0 94.24 17.7 1.9
0 93.68 17.66 1.89
13.37 92.68 16.62 4.38
22.01 92.51 15.42 2.95
4.9 93.13 18.54 1.47
13.26 93.64 18.37 1.3
126.02 93.88 17.65 1.62
43 93.84 16.97 1.45
10.91 93.71 18.47 1.53
2.51 93.45 18.44 1.73
5.63 93.54 17.13 1.67
35.15 93.84 16.23 1.77
18.05 93.99 15.53 1.7
97 94.33 14.93 2.1
17.74 94.57 15.58 1.48
2.93 94.52 16.83 1.4
38.51 94.34 18.14 1.67
0.02 94.24 18.57 1.73
7.42 94.31 17.51 2.15
3.78 94.71 15.28 1.79
38.42 94.87 13.16 2.21
0.32 94.91 13.06 2.27
0 94.74 13.29 1.52
1.5 94.52 13.95 2.01
18.67 94.17 15.71 1.96
3.74 93.88 17.43 1.79
2.93 93.62 19.37 3.27
0.16 94.28 16.27 2.09
16.85 94.07 16.46 1.88
3.53 94.84 10.88 4.66
0 95.21 7.49 2.1
0.17 94.43 9.16 2.17
0.24 94.1 14.48 2.13
13.18 93.95 17.82 3.29
1.61 93.98 15.1 2.27
2.92 94 14.46 3.19
114.75 94.5 7.35 2.03
10.66 94.58 6.18 2
1.44 95.13 7.93 1.6
66.97 94.28 10.05 3.15
1.19 94.54 5.16 4.51
0 94.72 4.42 1.85
0.45 94.33 5.43 1.76
0 94.86 5.35 38.58
0.28 94.84 6.92 1.58
0 94.46 11.06 1.45
0 94.55 12.38 1.7
0.23 94.69 13.88 2.54
3.65 94.18 13.85 3.96
0 94.64 9.19 2.27
0 94.42 11.03 1.91
0 94.28 11.87 2.32
3.33 95.09 4.56 2.63
53.6 94.53 5.01 1.79
32.94 95.18 2.11 2.73
0 94.83 2.26 1.52
0 94.2 3.21 1.53
0 93.86 7.49 3.27
0 94.97 2.66 1.94
19.73 95.03 2.21 1.49
6.37 95.23 1.36 3.07
0.72 95.27 -0.47 2.49
3.54 95 -1.01 3.36
0 95.78 -5.51 3.2
0 95.4 -3.72 2.39
0 94.74 -0.04 3.1
0 94.18 1.52 1.73
0 93.32 3.54 1.72
0 94.31 1.49 2.62
0.54 95.07 -0.96 2.16
5.79 95.35 -1.96 3.2
0 95.69 -4.37 1.93
0 95.07 -2.61 2.11
3.3 93.66 1.43 3.44
3.09 93.87 -2.28 1.78
0.41 94.39 -2.12 1.56
0 93.88 3.37 3.26
0 94.6 0.24 5.04
0 94.79 -3.89 1.94
0 94.57 -0.69 2.13
0 94.48 -1.41 2.17
0.23 93.96 -0.13 2.31
4.17 94.44 -4.03 2.34
23.41 94.96 -7.49 1.98
41.49 95.32 -10.16 2.98
0 95.69 -11.88 3.25
0 95.37 -10.95 2.82
0 94.89 -8.87 2.54
0 94.54 -6.63 2.09
0 94.09 -3.26 3.39
0 94.91 -6.51 3.08
0 95.33 -5.1 1.88
0.1 95.56 -5.89 1.71
5.88 94.47 -1.99 3.71
0 95.22 -4 3.86
0 94.96 -0.69 2.63
0 94.22 1.59 2.89
0 94.31 -2.19 2.82
1.4 94.92 -6.49 3.58
0 94.38 -6.31 2.74
0 94.58 -6.67 2.51
7.57 94.03 -4.73 3.48
0 94.94 -8.23 2.21
0 95.08 -9.24 1.56
0 94.48 -7.17 2.24
5.01 94.83 -4.45 2.79
0 95.43 -9.67 3.08
0 95.35 -11.04 2.13
0.02 95.36 -9.67 3.08
0 94.58 -5.51 2.43
0 94.54 -5.6 1.21
0 94.7 -5.07 1.22
0 94.77 -4.42 1.37
0.02 95.1 -4.05 1.35
0.28 95.1 -5.36 2.34
5.47 94.77 -9.72 3.49
0 95.16 -11.41 2.27
0 95.05 -11.24 1.34
0.11 94.9 -6.76 3.35
0.45 95.51 -9.93 3.55
0 95.39 -12.26 2.11
0 95.12 -10.63 4.09
0 95.33 -10.04 2.71
0 94.86 -8.95 1.77
0 94.73 -7.64 1.66
0 94.55 -3.89 3.29
0 94.7 -5.76 2.21
0 94.39 -3.13 2.95
0 94.96 -6.35 1.5
0 95.24 -7.7 1.43
0 94.82 -4.52 1.56
10.24 94.83 -4.48 1.42
6.16 94.46 -5.73 2.39
0.05 94.59 -8.64 3.44
0 94.82 -11.22 3.81
0 94.58 -11.31 2.83
0.04 94.31 -11.88 2.89
0 94.5 -11.39 4.58
0 95.36 -12.32 2.18
0.12 95.33 -14.14 1.38
0.06 95.23 -13.25 1.45
0.34 95.06 -11.57 2.12
0 95.37 -12.35 1.77
11.38 95.07 -13.15 2.96
0 95.12 -14.31 2.35
0 94.8 -13.6 4.24
0 95.43 -14.65 2.51
0 95.55 -15.12 1.56
0 95.66 -13.31 1.48
0 95.07 -8.62 1.76
0.14 94.4 -5.19 4.66
0 94.85 -7.69 3.37
0 94.31 -8.95 2.36
0.21 95.16 -11.88 3.94
0 95.46 -11.25 3.26
0 94.92 -9.41 2.95
0 95.63 -9.13 3.34
0 95.06 -6.82 2.21
0 94.48 -4.94 1.71
0.5 94.15 -2.32 2.29
0 94.51 -6.95 3.25
0.02 95.4 -7.55 2.56
0.02 95.33 -8.11 1.32
0.09 95.18 -9.39 5.31
0.04 94.74 -10.52 5.6
0 94.9 -9.88 4.59
0 94.99 -7.96 3
0 94.96 -7.03 1.73
0 95.45 -5.48 1.62
0 95.31 -4.37 1.85
0 94.16 0.82 3.13
1.66 94.5 -4.11 4.36
0 95.06 -7.64 3.1
0 94.44 -5.89 2.61
0 93.47 -3.39 4.8
0 95.19 -7.73 3.75
13.82 94.95 -7.22 2.47
8.66 94.38 -4.87 4.13
0 94.86 -5.65 3.49
0 94.6 -3.1 3.4
0 94.55 -1.46 3.05
0 94.74 -1.54 1.75
0 94.41 0.59 2.86
0 94.38 -0.65 2.89
0.17 94.74 -5.16 3.71
0 93.97 -1.07 2.8
0 94.03 -0.72 1.81
0.03 94.24 -3.58 2.47
0.37 94.66 -5.76 3.43
0.13 94.42 -7.84 3.85
0 94.47 -5.87 4.66
0 94.01 -1.04 3.94
0 93.79 0.27 2.96
0 94.01 2.52 1.99
0 94.3 3.38 3.1
0 95.08 -0.93 4.42
0 95.09 0.04 2.77
0 95.04 0.78 2.03
0 94.76 2.27 1.82
0 94.41 2.58 1.71
1.43 94.31 3.53 1.9
0 94.84 4.35 1.84
0.39 94.92 4.1 2.17
1.08 94.97 1.4 3.14
0 94.8 1.17 2.03
0 94.55 2.5 2.07
1.31 94.92 1.46 1.62
10.22 94.61 0.92 1.44
2.46 94.48 2.38 2.73
0.57 94.41 1.22 2.2
0 94.59 2.08 2.21
0 94.37 4.8 2.71
0 94.33 7.84 3.31
0.26 95.1 3.66 2.69
0 94.91 3.94 2.12
0 94.31 5.64 1.79
0 94.36 8.68 2
0 94.26 11.68 2.82
0 93.94 15.78 3.65
0.59 93.66 14.17 3.35
2.07 93.79 10.6 3.56
1.03 93.84 9.44 2.55
0 94.58 8.3 3.12
0 94.54 8.4 2.12
0 93.59 12.09 3.62
0 94.15 7.29 4
0 94.04 6.45 2.55
0 93.4 11.68 4.03
0 93.04 14.25 2.86
0 93.49 15.22 3.3
0.72 93.77 13.56 3.06
1.73 92.73 13.22 4.84
0.8 92.93 7.12 5.62
3.57 93.24 7.46 3.2
5.36 93.64 8.57 3.21
0 94.05 9.56 2.29
0.05 93.4 12.28 4.81
0 93.62 9.2 2.98
0 93.95 8.09 3.43
0.02 94.6 8.06 3.63
0 94.65 9.9 4.33
0 93.87 14.08 4.19
0 93.32 16.21 3.26
0 93.01 19.67 4.17
0 93.8 16.34 2.43
0 94.15 17.18 2.61
0 94.09 20.48 3.76
4.69 94 18.4 5.43
11.23 93.97 14.18 3.59
13.28 93.67 9.27 5.99
0 93.93 10.22 6.05
0 93.81 17.61 3.97
0 93.51 19.46 2.43
0 93.22 19.79 3.97
0.21 93.28 18.36 3.11
0.02 93.43 14.11 4.82
0 93.24 12.13 4.47
1.18 93.5 11.95 4.51
0.18 94.2 13.58 4.41
0 94.15 15.87 2.21
0 93.37 19.87 1.86
0 93.22 23.1 2.15
0 93.23 27.97 3.79
5.73 93.59 25.47 3.37
0.86 93.85 22.93 2.87
13.75 94.14 15.26 3.46
188.38 94.25 9.73 2.15
0.12 94.06 16.01 2.36
0.01 93.67 18.9 2.37
0.07 94.12 15.88 2.97
0 93.68 19.14 2.49
0 93.3 21.58 2.85
0 93.65 21.74 4.09
29.26 93.91 16.98 2.56
0.93 93.39 19.57 2.85
7.88 92.94 19.56 3.02
0 93.42 17.26 3.33
89.37 93.68 11.57 2.05
0 93.84 15.56 2.27
0 93.85 19.34 2.1
0 93.97 20.98 2.28
25.42 93.65 15.14 2.26
0.77 93.44 18.32 2.76
0.4 93.34 20.62 3.51
0 93.41 20.22 3.37
0 93.75 18.61 2.05
7.24 93.9 17.77 1.93
18.17 94.19 18.14 1.77
0 94.23 20.29 1.94
0 93.85 25.96 2.34
0.52 93.55 26.57 1.64
0.7 93.39 25.79 2.8
23.61 93.29 22.75 2.2
42.91 93.27 20.6 2.55
55.35 93.19 18.85 1.73
7.15 93.25 19.79 2.49
0.55 93.41 20.93 2.14
86.52 93.75 18.26 1.75
119.81 93.63 17.01 1.57
4.07 93.39 19.08 1.48
4.73 93.38 21.78 1.58
0 93.55 23.79 1.71
14.7 93.42 24.66 2.87
17.92 93.44 25.72 2.87
0.25 93.35 26.55 2.64
15.48 93.25 26.23 2.33
51.75 93.14 26.26 2.18
21.42 93.29 24.71 2.31
1.18 93.4 25.25 2.1
50.05 93.55 23.57 1.72
31.93 93.69 22.62 1.62
59.32 93.46 23.48 2.37
461.44 92.68 22.34 2.3
43.76 92.63 23.54 2.67
36.05 92.79 23.72 2.54
0.69 92.78 23.65 2.04
0 93.04 24.51 1.85
0.45 93.11 27.45 2.42
58.34 92.91 27.33 3.03
28.74 93.34 24.59 2.04
14.81 93.65 25.61 1.67
0 93.78 26.82 1.81
0 93.7 28.29 1.92
0.02 93.42 28.44 2.72
27.73 93.21 26.37 2.46
79.47 93.2 22.27 2.4
42.75 93.9 21.15 2.01
47.25 93.89 21.19 1.36
5.22 93.45 23.47 1.23
0.99 93.58 23.43 1.62
0.65 93.78 23.36 1.91
37.56 93.41 21.66 2.23
1.01 93.67 22.35 2.26
0 94.15 22.63 1.65
0 93.71 22.94 1.63
53.3 93.32 23.14 2.64
0.05 93.47 24.85 1.92
2.25 93.55 25.72 2.22
61.45 93.3 24.32 1.93
540.3 92.75 23.23 1.93
22.23 93.14 23.98 1.54
93.44 93.2 23.56 2.27
40.59 93.05 21.92 1.81
1.98 93.1 23.44 2.08
31.52 92.96 22.04 1.6
51.69 92.77 20.23 1.43
7.99 92.86 22.55 1.56
36.87 93.25 23.29 2.37
69.86 93.62 21.87 1.99
1.03 93.77 22.57 1.73
20.62 93.71 21.74 1.67
51.44 93.63 21.22 1.62
223.21 93.7 19.36 1.96
42.71 93.85 20.28 1.74
41.96 93.98 21.07 1.76
41.4 94 21.36 1.82
23.94 93.64 21.84 1.74
2.04 93.41 24.78 1.85
32.63 93.85 21.76 1.84
281.49 93.74 19.18 1.84
0.02 93.76 19.31 3.54
0 93.85 17.44 3.53
0 94.13 18.49 2.19
21.77 93.86 16.35 2.42
5.16 94.31 15.24 3.02
0 94.42 14.04 2.13
0 94.15 16.2 2.06
0.88 94.14 16.77 1.72
2.17 93.97 19.39 1.83
16.57 94 18.73 1.97
17.8 93.9 19 2.41
2.96 93.74 20.12 2.37
0.1 93.67 19.26 3.6
0 93.58 18.26 1.8
0 93.37 20.38 2.08
1.14 93.87 18.06 2.51
6.63 93.92 18.43 2.07
84.99 93.82 16.96 1.77
0.02 94.08 15.66 2.17
0 94.46 15.11 1.82
0 94.69 15.83 1.74
9.14 94.63 17.79 2.09
11.36 94.45 17.77 1.88
0.65 94.06 18.15 2.45
0.01 93.89 16.44 2.35
0 93.35 18.32 2.2
0.26 93.8 14.77 2.99
0 94.13 14.54 1.66
2.95 93.47 18.04 2.91
10.77 93.51 16.04 3.67
0 93.66 17.07 3.64
0.15 93.99 16.99 2.32
15.61 93.93 15.45 2.13
21.5 94.25 12.7 2.15
0.04 94.21 9.22 2.36
0 94.09 8.18 3.32
0 93.92 9.35 2.42
0 94.01 12.76 2.53
0.28 94.24 14.18 3.54
0 94.95 8.56 2.35
0 95.3 7.11 2
0 95.02 8.93 2.44
0 94.36 13.24 3.25
0 94.15 14.31 2.79
0 94.48 13.12 1.89
13.5 94.77 11.61 1.57
83.6 95.38 8.29 3.18
25.98 95.39 4.64 2.5
1.36 95.18 4.42 2.72
1.1 94.8 3.61 2.09
0 94.69 5.03 2.83
0.02 95.24 4.06 1.3
25.4 95.3 6.22 1.81
0.07 95.64 4.72 1.81
0 95.42 5.34 1.61
7.69 94.79 7.97 1.58
0.24 94.6 8.54 1.41
0 94.32 10.24 2.5
0.04 94.96 6.66 1.58
13.4 95.06 4.04 1.7
0.28 95.08 4.73 1.56
0 94.89 6.38 1.79
0 94.97 6.88 1.45
0 94.36 9.11 1.55
0.04 94.2 9.79 1.89
0 95.09 5.4 4.52
0 95.57 1.44 3.47
0 95.03 4.32 2.33
0 94.16 7.23 2.96
