0.24 94.89 -17.15 1.1
0.01 95.56 -17.58 1.19
20.78 95.41 -19.65 1.38
7.57 95.64 -18.61 2.63
0 95.92 -19.94 1.81
0 96.13 -20.71 1.77
0.03 96.24 -18.32 1.02
26.57 95.59 -17.4 0.8
7.43 95.81 -17.66 0.84
0 96.05 -17.06 1.1
0 96.04 -16.11 2.62
0 95.45 -18.29 2.59
0 95.47 -15.65 3.5
3.22 95.28 -15.84 0.91
0 96.37 -15.82 1.13
0 95.9 -13.61 1.02
0 95.58 -11.18 0.79
0 95.51 -6.84 0.9
0 95 1.64 3.33
0.02 96.3 -9.86 4.29
0 96.14 -12.83 2.24
0 95.85 -11.21 5.05
0 95.32 -7.61 3.71
0 94.75 -7.65 4.39
0 95.74 -9.15 3.19
0 96.51 -3.91 2.9
0.38 94.65 -3.39 1.94
0 95.29 -11.01 4.13
0 94.86 -4.98 5.18
0 94.93 -4.6 1.62
0 95.52 -8.39 1.22
0.83 95.66 -10.82 1.69
0 95.68 -14.19 2.37
0 95.6 -12.75 2.41
0 95.58 -13.6 2.22
0 95.93 -13.97 1.22
0 95.77 -11.23 1.95
0.8 94.83 -2.97 2.7
0 94.96 -4.83 1.14
0 95.6 -7.25 2.34
0 96.21 -10.51 2.18
0 96.61 -12.16 2.48
0 96.32 -12.11 1.78
0.01 95.66 -9.74 2.36
0 96.12 -10.58 2.13
0 96.27 -12.26 1.54
0 95.8 -10.45 1.16
0 95.41 -8.99 2.98
0 95.2 -8.21 2.83
0 94.65 -3.54 2.07
0 94.53 -7.85 1.57
0 94.7 -7.25 1.73
0 94.64 -4.1 2.5
0 93.6 2.38 1.64
0.86 94.07 -3.75 1.45
0 95.15 -7.22 1.79
0.07 95.27 -5.49 1.63
1.67 94.89 -6.49 1.92
0.31 95.59 -8.58 1.75
0.04 95.23 -7.9 1.92
0.11 94.96 -2.53 3.44
0 95.01 -1.92 2.54
75.61 94.65 -2.74 2.68
1.72 95.78 -10.78 3.34
0 96.46 -13.1 1.39
0 96.74 -13.33 1.2
2.18 97.03 -10.56 2.11
0 96.22 -9.86 2.45
0 94.83 -4.79 2.19
0.08 93.72 2.57 2.63
0.21 94.98 -5.1 4.03
0 95.52 -2.8 1.6
55.67 94.89 0.17 1.99
0.26 94.96 -2.67 5.82
0.01 95.4 -4.74 2.79
0 95.81 -5.55 2.12
0 94.76 -2.98 2.58
0.09 93.4 4.29 2.23
47.73 94.13 -1.28 3.36
0 94.43 -0.07 2.74
0.02 94.42 4.12 3.71
0 95.07 2.65 2.3
0 95.68 -0.77 2.28
0.02 95.64 -3.51 3.29
1.69 95.15 -3 1.43
5.61 95.74 -2.75 1.27
0 95.6 3.25 1.28
0.02 95.34 6.45 1.46
1.52 94.77 9.17 3.83
1.41 94.55 7.67 4.71
0 95.02 1.29 5.09
0 95.05 -0.52 4.04
0 94.64 4.56 3.86
0 94.4 9.21 3.9
3.96 95.09 2.2 2.02
0 95.68 1.71 1.93
0 95.07 6.96 3.18
0.1 93.85 13.4 4.99
21.94 94.71 2.69 2.55
0 95.01 3.15 2.76
0.34 94.93 1.59 1.75
66.83 94.78 0.39 3.14
0.01 95.56 -1.41 4.75
0 95.65 2.48 2.59
0.8 94.96 4.57 2.2
6.68 95.28 2.54 1.82
0 95.2 4.87 2.44
37.96 94.5 11.15 2.35
16.71 95.03 8.59 1.48
0.06 95.41 7.82 2.02
0.04 95.65 9.36 1.69
0.2 95.4 8.98 1.61
0.06 95.28 8.17 1.61
0 94.82 12.83 3.11
0.83 94.56 13.34 3.85
14.05 94.47 4.78 3.38
7.7 94.1 2.39 3.4
0.03 94.23 4.99 5.91
0.97 94.37 7.07 4.87
10.22 94.6 11.92 2.13
0 94.04 17.63 1.85
0 93.81 18.92 3.84
0.08 94.31 16.89 2.06
0.82 93.8 36.91 2.06
181.03 93.53 9.28 2
3.22 93.98 13.33 3.85
64.94 93.97 10.98 1.19
11.27 94.19 14.69 2.31
47.44 94 11.9 3.59
13.87 93.93 8.91 1.87
1.43 94.97 9.37 1.89
0 95.2 13.06 1.42
0 95.11 16.48 1.22
2.75 94.69 17.93 3.76
9.39 94.59 20.91 2.51
0.26 94.76 20.32 1.96
5.05 94.29 18.06 2.38
244.71 93.47 12.14 2.37
0.3 93.19 18.31 4.4
0 94.03 21.4 2.3
0 94.16 24.73 2.31
0.11 94.16 22.91 1.84
0.18 93.86 21.9 2.27
13.11 94.12 17.37 3.25
0.16 94.69 21.25 2.65
0.04 95.09 22.26 2.12
1.57 95 19.33 1.67
81.94 94.37 15.84 2.15
77.77 94.02 16.79 1.58
97.54 94.5 15.33 1.58
2.46 95.08 16.8 0.94
2.91 94.97 18.21 1.3
0.15 95.09 19.47 1.3
0 95.11 21.86 1.77
0 94.9 23.42 2
0 94.61 24.41 2.11
0 94.61 24.61 2.13
0 94.71 25.11 3.6
0 94.85 24.74 3.53
0 94.96 24.97 2.07
0.42 94.83 21.77 2.2
0.01 94.53 21.8 3.74
0.14 94.18 24.34 1.75
27.91 93.93 24.27 2.58
76.22 93.84 22.8 2.72
0.2 93.77 24.15 2.29
4.3 93.88 23.72 1.55
83.73 93.92 21.15 1.9
44.81 94.03 20.57 1.69
0.29 94.11 22.85 0.85
0.02 94.53 23.1 2.38
0.01 94.07 23.86 1.32
2.08 94.46 19.91 2.02
0 94.51 23.33 1.44
0 94.35 26.34 1.91
0 94.33 27.5 2.92
0 94.27 26.59 1.55
4.17 94.13 21.53 1.34
8.37 94.05 22.55 1.48
0.05 94.1 24.03 1.32
0.03 93.83 26.46 1.11
64.51 93.82 22.54 2.31
0.52 93.85 24.81 1.17
0.01 93.83 28.05 1.76
1.05 93.8 27.66 1.38
0 93.82 26.92 2.74
0.01 93.96 25.25 2.48
3.64 94.24 21.24 1.53
0.75 94.44 22.41 1.96
0.37 94.39 22.26 2.51
29.86 94.13 22.23 1.39
137.19 94.16 20.73 1.35
383.85 94.44 19.92 1.37
1.15 94.72 22.29 0.74
0 94.62 24.16 2.34
76.76 94.16 22.62 2.46
1.81 93.92 25.25 2.65
0.44 94.16 26.51 2.33
0.67 94.13 27.69 2.32
3.31 94.22 26.65 2.43
37.66 94.18 24.05 1.88
0.3 94.41 24.88 1.39
0.45 94.51 26.03 1.54
18.36 94.52 27.14 1.08
1.48 94.65 27.68 1.48
0.15 94.5 28.4 1.87
6.69 94.42 27.59 2.77
56.86 94.05 26.91 2.29
449.06 93.67 25.79 2.43
10 93.74 21.17 1.08
47.65 93.66 25.35 0.95
237.87 94.01 21.5 1.15
0 94.62 20.9 1.81
0.01 94.49 22.68 1.18
2.15 93.72 25.41 3.21
42.44 94 22.84 1.73
22.48 94.38 22.39 2.86
0 95.14 20.18 1.52
26.54 94.73 20.27 1.28
50.3 94.04 22.68 1.87
33.17 94.12 22.96 1.97
0 94.34 21.72 1.85
0 94.04 25.01 2.47
52.02 93.78 25.14 1.94
0.89 93.66 26.96 2.13
4.97 93.56 24.73 3.47
0 94.1 22.55 2.97
0 94.45 22.06 1.69
9.02 94.43 23.11 1.75
2.39 94.58 23.4 2.09
90.51 94.77 22.85 1.74
0.26 95.08 22.71 1.62
116.94 94.98 18.48 1.56
72.59 94.95 19.01 1.24
0.33 94.92 20.32 1.2
0 94.85 22.54 1.62
0.03 95.09 21.83 1.9
0.51 95.32 21.67 1.29
0 95.02 21.02 1.47
0.33 94.82 19.21 1.58
25.21 94.41 20.23 1.41
1.54 94.51 20.51 0.74
0.21 94.54 22.25 1.7
7 95.07 19.76 1.67
10.23 95.22 20.88 0.97
0.01 95.11 19.96 1.03
0 94.79 19.9 1.75
0 94.56 23.01 1.55
0.24 94.8 23.92 1.81
0 95.39 18.14 1.32
0 95.17 17.38 1.33
0.55 94.69 18.26 1.22
2.04 94.38 19.02 1.07
0.05 94.63 19.32 1.49
0 94.78 20.58 0.88
0.73 94.82 22.26 1.22
0 94.9 23.07 1.89
4.41 94.69 21.35 2.01
90.77 95.13 14.49 1.87
337.06 95.24 8.45 1.49
152.39 95.07 12.31 1.31
0 94.78 16.1 1.41
52.32 95.06 14.63 1.84
200.78 95.67 9.36 2.04
0 95.51 9.97 2.42
0 95.31 12.33 1.21
0.24 95.03 14.85 1.08
4.39 94.76 15.71 2.44
0.06 94.98 12.68 2.71
0 94.96 11.02 5
0 95.79 9.29 2.32
0 95.36 10.13 1.34
0.01 95.04 15.38 1.68
0.34 95.42 12.36 1.32
275.4 95.19 6.45 2.27
96.43 95.11 7.41 1.84
0 95.2 8.92 1.23
0 94.79 13.41 0.99
0 94.68 17.25 2.47
0 94.81 18.59 2.44
0 94.74 18.42 2.18
0 94.31 17.95 3.64
9.2 94.95 11.08 1.74
145.63 95.39 4.72 1.85
0 95.43 8.32 1.36
0 95.01 9.52 1.58
0 95.22 8.56 3.3
0 94.68 8.04 2.59
0 95.54 2.28 2.59
0 96.09 0.66 0.63
17.8 96.02 -0.61 1.31
73.32 96.09 0.19 0.88
0 95.93 1.46 0.94
0 95.36 4.38 1.38
0 95.05 9.12 1.14
9.79 95.29 8.48 1.77
1.06 95.84 3.42 3.04
0 96.18 -0.7 2.61
0 96.82 -1.43 1.82
0 95.98 1.12 1.21
0 95.88 4.6 2.12
0 95.88 5.56 0.99
0 95.95 5.76 1.17
0 95.78 6.29 1.89
0 96.31 2.09 3.29
0 95.8 1.44 1.77
0 95.39 5.47 1.27
0 95.5 4.5 1.11
0 95.17 6.83 1.64
0 94.87 7.59 1.16
4.46 95.07 2.84 1.65
0.08 95.56 0.15 3.35
0 95.21 -1 1.44
0 94.74 0.71 1.09
8.67 94.26 0.91 4.06
0.58 94.66 -0.74 1.64
0.24 95.7 -1.47 4.54
0 96.65 -4.96 2.87
0.01 95.96 -2.81 2.3
0 95.33 0.61 1.34
0 95.23 1.61 1.8
0 94.92 5.29 2.96
0 94.47 3.36 2.3
0 94.22 6.17 1.75
0.08 94.4 2.23 3.72
0 95.15 -2.12 1.89
0 94.96 -1.87 1.72
0 95.25 -1.84 4.27
0 95.52 -5.95 2.95
0.15 94.65 -5.55 2.66
0 95.04 -7.53 6.61
0.13 95.18 -7.74 0.98
0.04 95.05 -6.61 1.26
0 94.69 -2.84 1.88
0.01 94.31 -3.94 1.73
0.02 94.91 -7.97 3.6
0 94.94 -4.93 2.11
0 93.93 4.33 2.35
0 95.38 -2.94 2.42
0 95.9 -5.53 3.19
0 94.62 -4.91 2.5
0 94.61 -6.84 1.1
0 94.01 -4.52 1.51
2.74 93.98 -9.35 3.57
0 94.94 -12.46 1.48
0.5 95.35 -14.77 1.49
0.02 96.06 -15.54 2.78
0 95.94 -16.42 3.29
0 95.63 -15.63 2.96
0 94.32 -8.17 3.88
0 94.19 -6.62 1.14
0 94.25 -4.07 1.74
0 94.52 -2.15 2.38
0 94.76 -0.34 1.9
0 94.51 -7.27 1.4
0.07 95.09 -11.12 2.71
0 96.34 -17.16 2.42
0 96.29 -15.67 3.44
0 95.4 -14.49 3.44
0 94.29 -12 2.61
0 93.98 -8.91 2.06
0 94.63 -12.01 3.12
5.79 94.87 -12.69 1.7
0.01 95.06 -13 4.38
0.05 95.6 -11.12 4.76
0 95.42 -11.6 3.47
0 95.56 -12.66 2.77
0 95.18 -13.14 0.59
0 94.77 -12.96 1.19
0.01 94.95 -11.51 5.43
0 95.55 -10.06 4.6
0 94.86 -7.7 1.56
0.06 94.76 -9.65 3.98
0 95.3 -13.84 4.42
0 94.55 -11.12 3.21
0 94.12 -12.88 3.91
0 94.25 -12.27 2.06
0 94.27 -10.97 3.72
0.01 95.25 -15.65 3.58
0 95.66 -17.87 3.29
0 95.47 -14.86 2.78
0 95.3 -14 2.42
0 95.03 -14.6 3.17
0 95.01 -14.56 3.86
0 94.91 -12.39 2.12
0 94.74 -12.76 1.34
0 94.75 -13.32 3.58
0.01 95 -15.1 3.54
0 95.15 -14.38 1.48
0.02 95.32 -14.71 2.19
0 95.74 -15.16 1.56
0 96.02 -14.02 3.32
0.01 95.57 -14.05 3.71
0 95.29 -15.26 3.93
0 95.07 -10.85 4.34
0 94.72 -3.8 2.57
0 94.42 -4.74 1.86
0 94.35 -7.65 1.5
0 94.2 -6.09 2.19
0 94.47 -5.47 2.47
0.01 93.58 -2.98 5.62
0.01 94.23 -3.42 2.69
0 93.89 -6.57 2.17
0.19 94.08 -7.84 3.5
0.03 94.84 -11.1 1.88
0.26 94.8 -10.13 0.8
3.28 95.08 -13.66 4.11
0 95.19 -12.7 2.1
0.04 95.11 -12.07 1.77
0.03 95.04 -11.91 1.35
0 94.3 -2.91 3.11
0.44 94.34 -5.1 1.95
3.98 94.8 -5.03 2.75
0 94.76 -3.8 1.95
0 94.65 -0.17 1.68
0 94.93 -0.38 1.6
0 94.52 2.09 2.26
0 94.05 2.83 3.8
6.6 93.87 0.91 1.91
0.07 94.61 -4.27 2.78
0 95.21 -4.71 1.6
3.56 94.58 -1.73 4.77
0.15 95.49 -9.58 3.55
0.02 94.93 -8.15 3.09
0 94.61 -7.13 3.76
0 94.6 -6.88 2.24
0 94.73 -4.4 3.5
0 94.37 -0.41 2.02
0.03 93.9 1.67 2.7
0 94.73 -2.01 3.45
0 94.44 -1.75 4.87
0 94.49 -4.38 4.68
0 94.82 -2.2 4.13
0 94.59 -0.33 4.41
0 93.93 2.64 2.99
0 93.25 7.68 2.29
0.01 94.02 2.44 4.35
0 95.12 -2.43 3.78
0 94.81 -5.74 4.27
0 94.56 -3.59 3.32
0 93.93 3.65 3.17
0 93.65 4.55 5.26
0 94.04 1.92 4.48
0 94.26 -1.23 2.25
4.8 94.85 -4.26 4.73
0 94.92 -3.07 3.47
0 94.65 -2.15 2.64
0 94.81 -2.86 5.08
0 95.81 -0.74 2.83
0 95.78 0.75 3.19
0 95.62 2.81 3.23
0 95.89 2.64 1.99
0 95.55 7.37 3.39
0 95.22 8.21 2.22
0 94.83 10.85 4.77
0 96.16 1.62 4.06
0 96.05 2.09 2.34
0 95.59 6.03 2.9
0 95.5 7.81 1.12
0 94.46 10.27 2.2
0.02 93.71 10.6 5.89
0.58 94.11 7.81 5.52
0 94.09 8.1 4.02
0 93.99 8.29 3.19
0.31 94.64 5.03 3.79
0 94.31 9.4 3.82
0 93.71 14.69 3.73
0 93.83 13.61 1.45
0.01 93.08 16.45 3.5
0 93.96 10.26 5.97
0 93.6 12.35 4.49
0.5 93.69 8.1 7.57
0.15 94.36 6.72 5.32
0 94.12 9.44 2.01
0 93.59 13.64 4.29
63.26 94.35 6.81 2.06
3.11 94.22 5.95 1.96
19.62 93.95 4.43 3.28
9 93.51 5.74 3.76
0.02 93.09 8.45 1.74
1.89 93.12 9.74 3.15
1.18 93.81 7.06 2.93
0 93.28 9.62 1.11
25.05 92.65 8.92 1.75
1.18 92.64 9.22 1.88
0.26 93.55 13.54 3.58
0.1 93.8 11.02 4.72
0 94.13 12.52 2.87
0.55 93.65 12.78 2.75
127.3 92.85 9.25 3.02
0.04 92.94 11.15 4.34
0 93.46 13.3 3.42
0.38 93.41 14.94 3.84
3.89 93.26 17.21 3.26
0 93.53 18.31 2.77
0.06 93.21 16.11 5.39
0.18 93.12 12.25 5.91
0 93.33 14.8 7.11
0 93.42 16.28 5.05
0 94 12.52 3.15
0 93.94 13.6 2.3
0 92.81 17.63 2.13
14.06 92.59 19.64 3.56
11.67 93.82 13.01 2.91
4.81 93.9 11.3 3.18
0.15 93.74 12.8 4.67
0 93.61 17.62 3.55
0 93.72 18.67 2.95
0 93.86 21.32 3.42
1.75 93.76 20.46 4.45
4.48 93.71 18.82 5.66
0.01 93.56 19.83 2.59
0.34 93.38 23.26 4.89
3.39 93.47 22.63 2.95
34.15 93.08 18.5 3.53
3.69 93.02 17.39 3.35
0.01 93.44 19.79 3.39
8.49 93.14 20.56 6.48
0.97 93.3 18.83 4.19
0.22 93.55 19.41 1.73
0.32 93.41 23.12 1.64
3.81 92.77 24.42 3
5.85 92.5 22.19 2.79
4.35 92.75 21.94 2.14
0 93.19 22.71 2.5
36.47 93.15 20.46 1.96
155.19 93.28 15.53 3.08
2.39 93.49 19.51 1.91
1.97 93.49 21.54 1.07
93.97 93.27 20.55 2.09
29.01 93.26 18.72 2.03
129.98 93.46 17.36 2
0.16 93.65 20.29 2.03
0 93.56 24.18 1.08
0 93.39 26.52 1.61
0.02 93.1 27.99 2.86
0 93.05 27.65 2.85
9.19 92.82 22.27 2.12
21.76 93.16 15.52 2.58
0.29 93.82 18.76 2.91
0 94.15 20.68 1.38
1.3 93.59 22.54 3.35
2.13 92.87 23.54 2.95
26.35 93 24.88 2.83
0.01 93.14 25.26 3
45.9 93.04 24.27 2.49
43 93.17 22.36 1.13
0.13 93.09 23.69 2.31
0 93.23 23.59 2.66
0 93.34 25.6 3.11
48.55 92.83 22.45 2.52
0.2 92.56 25.01 3.68
86.18 92.63 17.6 1.87
11.16 92.66 18.47 2.77
13.63 93.35 20.86 1.83
24.23 93.49 22.99 2.35
5.02 93.56 24.05 1.79
2.24 93.58 23.84 2.3
0.6 93.39 24.32 1.09
20.87 93.54 21.56 1.75
5.11 93.5 21.97 1.66
55.24 93.34 21.06 1.65
7.68 93.43 20.64 1.2
55.04 93.49 21.3 1.5
475.65 93.37 19.68 2.65
35.08 93.25 20.81 1.32
42.67 93.16 21.98 1.96
3.36 93.14 22.88 2.04
0.04 93.22 25.51 1.27
10.7 93.17 26.2 1.98
365.92 92.98 22.33 2.09
30.11 92.95 22.23 2.65
2.29 93.12 23.18 1.84
0.15 93.37 24.71 1.18
135.86 93.57 20.68 1.82
26.44 93.21 20.94 1.49
0.01 93.26 23.52 1.84
0.07 93.39 24.27 2.11
0.15 93.75 23.24 2.16
0.01 93.32 23.86 1.98
0 93.3 24.16 1.42
0.01 93.51 24.36 1.47
1.99 93.47 23.82 1.26
1.91 93.52 23.95 1.72
2.45 93.22 23.7 1.6
2.01 93.32 25.48 2.12
0 93.71 24.49 1.15
0 93.53 26.35 0.88
0 93.24 26.42 1.72
12.85 93 25.95 1.62
122.85 93.41 20.34 2.01
250.41 93.45 17.57 2.11
3.61 93.47 20.83 1.3
3.77 93.61 20.49 1.29
0.03 93.88 21.19 1.73
0.04 93.99 22.2 1.06
0 93.99 23.13 1.19
0.18 93.86 23.19 1.14
7.49 94.11 21.09 1.58
0 94.08 20.53 1.39
32.63 94.04 19.63 1.26
1.09 94.27 19.59 1.52
0.87 94.35 21.14 1.15
3.05 94.15 19.49 2.18
1.77 93.83 20.77 1.27
0.2 93.72 21.95 1.39
0 93.67 23.07 1.27
3.88 93.43 22.35 3.01
0.28 93.97 18.87 1.8
0 93.75 20.17 1.48
1.8 94.3 17.85 2.93
0.08 94.21 18.56 1.7
0 94.29 17.72 1.48
0 93.78 19.5 1.23
9.57 93.44 18.34 3.35
0.71 94.07 13.39 1.63
0.03 94.63 12.95 1.67
0.8 94.85 13.54 2.05
1.52 94.3 16.74 2.3
0.09 94.05 17.68 1.92
0.01 93.64 19.61 3.44
9.48 93.71 17.08 2.15
12.42 94 13.16 1.31
33.6 94.33 11.89 1.85
0 94.72 8.57 2.29
0 95.14 9.29 2.46
0 94.95 10.33 1.35
0 94.61 11.96 1.69
0 94.22 13.6 1.43
0 94.33 14.78 2.67
0 94.16 15.17 2.08
0 93.92 18.03 3.03
0.01 94.21 18.26 1.75
0.04 94.34 19.5 3.54
0.01 94.15 18.65 2.15
10.59 94 15.07 1.76
0.04 94.5 7.3 3.12
0 94.96 6.02 2.62
0 95.03 6.65 3.09
0 95.49 7.9 3.98
0 95.12 9.45 1.47
0 94.44 11.29 2.38
0 93.89 11.87 3
0 94.49 9.72 1.71
0 94.43 10.82 1.2
0 94.17 14.74 2.09
0.02 94.65 13.46 3.13
0 95.15 9.08 1.09
0 94.86 12.24 1.46
0 94.28 14.71 1.41
62.35 93.7 10.17 1.7
0.96 93.66 8.92 2.61
0.31 93.29 7.49 2.97
0.52 93.79 8.03 4.44
0 94.76 4.85 1.77
0 94.79 8.59 1.29
0 94.56 11.13 2.02
0 94.42 14.41 3.58
0 94.38 13.68 1.87
0.11 94.29 11.91 1.56
39.62 94.89 3.87 3.42
0 95.19 1.64 3.36
0 95.15 4.18 1.84
0 94.72 5.74 1.41
0.34 94.57 7.06 2.72
0 94.87 6.58 1.74
0 94.5 7.41 1.5
0 94.32 9.09 3.49
0 94.52 9.97 4.51
2.84 94.74 10.55 2.84
0.02 95.32 4 1.45
0.29 94.97 7.86 1.65
2.65 94.76 9.55 3.59
0.05 95.52 1.46 2.53
0.01 95.33 -0.13 0.74
0 95.24 2.94 1
0 95.21 3.27 1.44
0 95 1.93 1.09
0 94.35 2.45 1
0 93.75 4.54 2.19
0 94.06 4.96 3.48
0.01 94.85 -2.56 2.65
0 94.91 -5.16 1.89
0 94.92 -4.29 1.43
0 95.19 -2.88 1.54
13.5 94.53 -0.33 0.57
1.19 94.39 -1.54 2.52
0.27 94.55 -5.97 3.56
0 95 -6.94 2.6
0 94.99 -4.2 2.12
11.06 94.66 -6.29 2.91
0.2 95.23 -7.85 2.6
0 94.93 -8.64 0.77
0.02 94.88 -6.66 1.4
0.31 94.27 0.62 2.61
0 94.36 -0.29 1.43
0 95.23 -4.35 1.87
0 95.74 -9.1 1.37
0 96 -8.68 1.82
0.03 95.23 -7.68 0.79
0.01 94.56 -5.2 1.03
0 94.76 -6.38 1.07
0 95.09 -8.56 0.69
0.22 95.28 -9.36 0.79
0.24 95.27 -7.1 0.65
0.2 95.56 -8.93 2.16
0.01 95.85 -12.45 3.35
0 95.44 -11.48 2.95
0 94.62 -6.46 5.96
0 94.72 -3.82 3.14
0 95.15 -6.93 1.85
0 94.42 -4.12 2.71
0 95.18 -10.06 4.61
0 95.37 -13.74 3.05
0 95.45 -12.22 4.19
0 95.23 -10.38 2
0 95.3 -10.36 2.29
0 95.19 -11.14 0.98
0 94.85 -10.19 2.09
0 94.83 -9.68 4.71
0 95.02 -11.72 3.04
0 94.58 -9.52 3.95
0 94.74 -12.81 2.19
0 95.24 -11.74 2
0 95.47 -9.78 2.32
0 95.02 -6.12 2.67
0 95.44 -11.12 1.4
0 95.72 -14.89 0.92
0.03 95.14 -12.62 0.41
0 94.98 -9.87 1.51
0.05 95.37 -11.4 1.96
0.12 94.77 -11.85 2.74
0.04 94.96 -12.86 4.48
0 95.16 -12.02 2.77
0 94.97 -10.88 1.63
0 95.77 -14.62 1.1
0.04 95.64 -14.77 0.66
0 95.24 -12.07 1.42
0 95.2 -13.15 0.79
0.03 95.27 -12.26 3.46
0 95.31 -12.51 3.07
0 94.49 -6.42 3.68
0 94.75 -8.25 2.73
0 94.68 -8.58 2.72
0 94.39 -10.23 0.59
0.02 94.25 -8.08 1.41
0.03 94.45 -12.32 1.05
0 94.58 -10.43 1.23
0 95.04 -11.45 1.18
0 95.73 -14.84 2.94
0 95.56 -18.27 3.48
0 95.19 -17.92 2.68
0 94.69 -17.04 2.17
0 94.55 -16.42 3.01
0 94.15 -13.71 3.66
0 94.27 -13.62 1.63
0 94.8 -15.3 1.44
0 95.02 -14.74 1.9
0 95.41 -15.52 1.55
0.01 95 -17.06 1.22
0.07 94.57 -16.85 4.39
0 95.35 -18.03 4.43
0 95.32 -16.17 2.9
0 94.37 -13.38 3.34
0 94.44 -9.9 2.73
0.03 93.89 -6.2 2.59
0.01 94.57 -14.19 5.06
0 94.74 -16.61 5.22
0 94.32 -13.18 5.82
0 94.49 -10.94 3.39
0 94.81 -11.03 3.36
0 94.88 -10.98 1.41
0 94.54 -8.59 3.3
0.01 94.29 -3.88 2.56
0.06 94.89 -9.39 2.95
0 94.82 -10.28 2.98
0.01 94.9 -12.34 3.39
0 95.03 -13.83 4.84
0 94.91 -10.57 3.71
0 94.31 -5.29 3.1
0 94.47 -9.16 2.51
0 94.2 -10.68 1.03
19.25 93.85 -9.43 2.12
0 94.78 -7.94 2.51
8.44 94.66 -6.94 2.18
0.01 95.1 -9.53 3.39
0 95.03 -8.31 3.18
0 94.48 -6.16 1.01
0 94.1 -1.83 2.6
0 94.28 -0.2 2.38
22.19 94.89 -4.78 0.76
0.12 95.08 -8.7 1.55
0.1 94.97 -6.98 1.39
0.02 94.33 -1.81 2.23
29.47 93.68 -4.67 1.95
25.45 93.75 -4.69 2.67
0.01 94.38 -4.59 4.38
0 95.08 -9.25 4.36
0 94.75 -9.09 1.89
0.07 94.68 -8.49 4.33
0 95.13 -8.61 4.12
0 94.81 -6.27 1.68
0 94.17 -2.13 3.19
0 94.7 -1.1 2.02
0 94.29 3.39 3.39
0.91 93.39 6.29 4.98
8.79 94.18 -3.58 3.97
14.91 94.98 -8.59 1.54
0 94.71 -2.65 2.4
0 94.65 -0.01 2.26
0 94.01 4.33 3.64
0 94.6 1.59 1.73
1.49 93.7 1.7 5.36
0 94.16 -1.09 6.16
0 94.59 0.17 3.52
0 94.28 5.37 2.4
0 94.52 8.11 3.68
0 94.63 9.94 3.73
0.08 93.66 9.54 8.63
0.17 94.31 0.24 5.32
0.11 94.31 -1.33 4.8
0 94.25 -0.36 2.1
0.77 94.18 1.1 3.17
0 93.82 3.79 5.04
0 93.66 4.24 5.37
0 93.91 2.97 5.4
0.05 94.24 3.8 2.31
0 93.74 10.89 3.82
0 93.94 10 5.46
0 93.78 13.25 3.38
1.35 93.54 13.7 6.44
0.94 93.93 7.2 4.6
0 93.36 11.99 3.51
0 93.21 14.23 3.04
0 93.19 15.66 3.16
5.6 93.9 8.2 4.24
0 94.11 8.45 2.47
0 93.17 16.81 4.75
0 93.23 19.19 4.25
1.94 93.58 15.63 4.59
5.86 94.1 13.83 3.93
0.4 93.57 13.12 2.78
0.06 92.95 14.67 1.82
0.15 92.88 18.64 4.33
231.05 93.45 12.3 3.66
55.81 93.39 8.99 4.72
0 92.74 11.06 3.42
0.05 92.49 10.92 7.96
0 93.67 9.31 2.97
0 93.66 13.15 2.72
0.21 93.41 18.22 4.01
0.14 94.04 16.23 2.57
13.61 93.53 17.42 2.32
0 93.58 20.82 1.98
0.18 93.77 20.15 2.64
0 93.81 17.68 2.96
0 93.45 17.4 2.3
4.79 93.44 15.99 1.98
0 93.66 18.26 2.16
0.02 93.86 20.39 2.46
2.8 94.15 19.41 3.12
108.66 94.13 13.18 1.85
14.33 93.58 13.93 3.06
20.24 93.36 10.31 2.5
0.84 93.34 11.48 4.5
0 93.1 11.63 3.78
2.78 92.85 12.06 5.85
0.01 93.3 15.68 1.24
0 93.18 22.82 4.08
1.95 93.78 20.12 2.88
1.47 94.1 18.07 1.76
0.04 93.94 20.39 4.36
1 93.67 19.89 4.32
0.8 93.82 17.05 3.14
0 93.81 16.97 3.33
0 93.61 18.2 2.5
0 93.27 19.8 2.71
0 93.7 20.53 2.58
0 93.79 23.18 2.64
4.7 93.82 20.81 2.53
55.89 94.27 14.39 2.82
0.06 94.34 16.71 1.4
7.61 93.85 17.07 3.13
3.66 93.64 16.16 3.55
23.44 93.39 15.63 2.28
8.83 93.12 19.03 4.24
0.28 93.34 20.86 2.08
1.28 92.9 19.84 2.69
5.1 92.78 22.32 2.05
18.51 92.76 22.61 2.29
18.05 92.62 21.88 3.56
9.11 92.78 17.41 3.52
2.11 92.48 16.09 3.27
20.36 92.58 16.31 3.15
288.48 93.23 12.98 2.3
318.52 93.43 13.6 1.95
255.83 93.45 14.88 3.06
6.22 93.3 18.83 1.67
1.85 93.19 21.86 1.73
1.68 93.38 21.71 1.72
5.56 93.12 21.12 1.63
13.92 93.16 21.11 1.54
0.79 93.31 21.33 1.23
19.49 93.26 21.15 1.43
0.23 93 22.53 1.84
57.23 93.05 21.82 2.09
32.75 93.41 20.61 2.69
4.44 93.76 22.81 1.92
0.48 93.94 23.12 1.69
1.04 93.66 20.69 1.76
29.1 93.24 21.57 2.09
0 93.13 23.77 2.26
0.55 92.73 24.73 4.65
1.22 92.79 22.83 4.44
0.99 92.77 22.43 2.86
0.02 93.13 23.3 1.53
0.39 93.24 23.21 1.44
0.24 93.15 23.41 1.53
6.61 93.11 23.94 1.6
23.75 93.1 25.23 2.08
6 93.13 25.6 1.96
127.31 92.74 21.65 1.86
19.84 92.58 19.08 3.01
80.64 92.97 18.22 3.63
11.41 93.49 20 2.49
0 93.48 21.03 1.88
0 93.5 22.5 1.35
0 93.72 24.48 1.16
0 93.77 25.14 2
0.03 93.59 25.25 2.47
0.75 93.48 25.36 1.44
2.23 93.42 25.35 1.67
21.75 93.34 23.89 1.23
298.24 92.97 21.55 3.36
0 93.44 23.02 1.07
0 93.63 23.95 1.7
1.91 93.54 24.27 1.77
19.23 93.14 25.86 4.38
0.55 93.57 24.06 1.68
77.08 93.07 22.69 1.94
4.94 92.82 23.64 4.42
0.09 93.45 21.93 1.01
20.18 93.74 19.84 1.51
86.88 93.92 18.7 1.75
54.69 93.85 19.38 1.19
4.01 93.85 21.94 1.56
25.07 93.93 21.69 1.7
0 94.09 22.93 1.07
0 93.92 24.08 1.1
0 93.5 26.2 2.14
4.54 93.45 24.39 1.77
1.25 93.73 23.21 1.12
0 93.54 24.83 1.48
5.76 93.65 20.34 2.52
28.6 93.7 17.35 2.23
0.3 93.81 19.56 1.39
0.96 93.46 19.09 2
10.71 93.56 21.12 1.96
0 93.87 22.08 1.49
0.02 93.44 23.39 3.33
119.58 93.49 23.21 2.4
0.58 93.6 20.64 1.63
3.37 93.57 19.89 2.71
2.92 94.15 16.55 1.94
0.01 94.29 16.25 1.92
0 94.01 21.21 2.46
0 93.94 22.45 1.91
0.1 93.8 22.9 2.67
0.62 93.85 22.39 1.07
2.7 93.75 21.9 1.7
0.27 93.37 22.86 2.06
0.25 93.5 23.64 2.95
0 93.72 24.88 2.07
0 93.85 25.33 2.63
0.23 93.86 25.12 1.85
238.58 93.83 15.8 3.19
6.49 94.18 13.65 2.42
0.09 94.21 12.47 2.33
0.4 94.29 16.32 1.56
0 94.2 19.87 1.88
5.64 94.32 18.12 1.32
0.29 94.25 17.17 1.06
0 94.18 18.82 0.9
0 94.1 21.14 1.12
20.65 93.78 19.44 2.77
126.33 93.83 12.69 4.36
0.14 93.95 11.44 3.16
0 94.32 14.21 1.3
0.02 94.79 14.42 0.92
0 94.89 13.88 1.24
0 94.29 14.43 2.57
0 93.79 16.66 3.29
0.05 93.74 16.24 1.85
0 93.95 18.15 1.83
0.76 93.86 18.43 2.51
0.29 93.9 17.42 1.26
0.84 94.25 15.78 1.42
0.11 94.52 15.71 1.16
28.04 94.4 14.28 1.94
0.5 94.65 14.37 1.72
30.54 94.25 9.88 1.5
21.99 94.27 9.96 7.79
0.24 94.46 11.21 3.47
0 94.44 12.02 1.9
0 94.26 13.11 1.57
0.17 94.06 14.67 2.35
0.25 93.93 13.49 3.49
0 94.06 13.55 2.69
0 94.61 10.79 1.95
0 94.99 11.92 0.93
0 94.84 14.28 1.46
0 94.32 16.56 3.06
11.56 93.93 12.61 3.67
0 94.43 9.18 2.71
0.01 94.01 11.17 2.54
0 93.85 13.34 2.73
0.03 94.28 8.3 4.07
0 94.66 6.91 2.33
0 94.75 7.22 2.1
11.26 94.11 9.45 4.24
0 94.15 4.29 4.12
0 94.27 6.07 2.92
0 94.09 7.79 2.14
0 94.51 6.97 1.07
74.13 94.78 1.24 1.15
93.09 94.23 1.84 1.73
0 93.91 6.6 2.17
0 93.67 10.09 4.28
0 94.29 8.9 2.02
0 94.3 11.67 2.36
3.43 94.2 10.45 3.18
0 95.11 2.57 1.28
1.96 94.98 -0.5 2.68
0.02 94.55 -0.47 2.47
0.01 94.41 -0.77 2.29
0 94.34 2.15 1.45
0 94.53 0.57 2.07
2.68 94.66 -1.15 1.5
196.65 94.37 -1.91 22.21
61.85 94.57 -1.19 3.13
0 94.54 -4.07 0.46
0 94.2 -1.32 1.97
0 94.46 -1.13 1.03
0 94.85 -2.87 0.82
59.07 94.55 -2.95 0.57
98.75 93.3 -2.83 5.84
0.06 93.75 -4.68 3.42
0 93.82 -6.84 4.83
0 94.59 -4.91 2.74
0 94.84 -6.59 0.63
20.52 94.35 -3.02 0.81
0 94.27 -4.74 19.38
0 93.93 -5.2 3.67
0 94.54 -3.4 3.51
0 94.57 -4.59 1.72
0 94.25 -2.59 2.12
5.28 94.76 -5.98 1.95
0 94.64 -7.45 2.54
0 94.1 -5.99 2.15
0 94.07 -2.99 4.06
0 94.14 -7.84 3.2
0 93.19 -4.46 3.55
0.01 93.98 -7.11 4.9
0.01 94.51 -9.7 2.6
0 95.21 -13.69 2.33
0.05 94.8 -14.75 1.29
0.07 93.74 -5.03 3.51
0.38 93.98 -8.3 4.28
0 94.23 -11.15 2.34
0 94.26 -13.55 3.73
0 94.19 -15.17 3.29
0 94.37 -16.72 3.07
0 94.37 -17.95 3.64
0 94.51 -11.38 3.84
0.02 95.12 -14.34 1.36
0.01 95.27 -13.89 0.67
0.02 94.67 -11.72 2.05
0.01 94.73 -8.48 1.52
23.09 94.85 -11.75 0.73
0.26 94.61 -10.66 0.81
0.87 94.96 -12.7 1.13
0 95.32 -13.6 4.05
0 95.38 -15.84 1.91
0 94.83 -15.03 0.74
0.05 94.94 -12.79 21.94
2.45 94.97 -10.91 3.83
0 95.41 -16.51 2.65
0 95.18 -20.17 2.82
0 94.35 -17.87 5.35
0 95.49 -19.39 2.05
0 95.2 -18.84 1
0 94.65 -13.48 1.24
9.81 94.67 -15.46 0.64
17.84 94.72 -13.22 4.24
0 94.33 -15.44 3.93
0.01 93.79 -14.9 2.62
0 94.25 -18.75 4.14
0 95.34 -18.98 3.73
0 95.91 -15.88 2.65
0 94.97 -16.67 0.84
0 94.82 -14.14 1.64
0 94.68 -14.7 1.21
0 94.61 -14.96 1.24
0.01 95.01 -17.17 1.72
0 94.82 -14.87 2.62
0 94.67 -14.57 1.01
0.32 94.33 -13.33 0.48
0 94.42 -11.72 1.74
0 94.4 -13.48 0.58
0 94.88 -10.54 2.08
0.72 94.58 -14.04 1.19
0 95.31 -14.93 2.1
0 95.55 -11.5 2.33
0 94.59 -6.04 2.15
0 95.1 -9.99 0.72
15.23 95.1 -9.7 0.86
1.61 95.2 -9.95 1.24
0 94.92 -14.12 0.99
0.01 93.81 -7.28 3.08
0.01 94.4 -14.19 4.47
0 94.44 -15.76 1.39
0.04 94.75 -15.04 1.1
0.01 94.65 -11.05 1.58
0 94.26 -6.07 0.97
0 94.51 -7.1 0.94
0.01 94.4 -5.19 1.4
0.4 94.33 -6.16 1.9
0.18 95 -8.45 3.96
0 95.06 -10.7 2.91
0.4 94.03 -9.73 3.63
0 94.84 -9.98 2.82
0 94.38 -7.61 2.1
0.72 94.7 -15.66 4.08
0 95.5 -18.7 4.23
0 95.35 -17.35 1.41
0.21 94.5 -12.43 2.18
0 95.12 -13.47 1.97
0.02 95.14 -13.01 1.72
0 94.46 -7.75 40.54
0 94.26 -4.74 3.03
0 94.89 -9.74 2.64
0 94.81 -10.59 1.28
0 94.05 -6.52 2.49
0.01 94.11 -6 4.13
0 94.82 -11.95 4.37
0 94.93 -13.32 2.44
0 94.89 -12.05 1.78
0 94.76 -7.84 3.89
0 95 -7.63 3.3
0 94.94 -5.16 1.33
0 95.08 -7.49 1.85
4.18 94.86 -7.75 1.71
0.08 94.04 -0.03 3.59
0 93.99 0.88 2.88
0.05 93.47 -2.87 6.31
0 95.25 -8.71 5.25
0 95.21 -6.13 1.5
0 94.18 0.05 4.06
0 94.52 1.53 2.04
0 93.91 5.73 3.19
0 93.87 3.78 1.82
0 93.24 5.69 2.42
0 93.16 -0.99 2.11
0 93.3 -3.78 5.79
0 94.67 -1.01 1.73
0 93.94 5.08 4.1
11.53 93.96 -0.33 3.77
0 95.11 -6.7 4.06
0 94.55 0.1 3.06
0 94.15 5.4 3.16
0 94.54 5.53 3.29
0 93.14 7.88 4.09
0.34 93.23 -2.81 4.09
49.82 94.01 -8.78 1.96
0.08 94.37 -7.97 2.6
0 93.12 1.22 6.45
0 94.14 -3.76 2.34
19.58 93.81 -6.09 3.79
0 94.53 -5.54 2.49
0 94.34 -2.58 1.43
0 93.36 4.5 4.13
0.66 93.62 0.69 4.75
0 94.44 -1.75 4.25
0 94.66 -2.8 2.28
0.15 94.5 -0.47 1.65
22.8 94.23 0.62 1.95
133.06 94.41 -0.42 2.78
0 93.88 3.44 2.34
0 93.98 4.83 2.64
13.44 94.13 -1.83 2.44
70.92 94.4 -2.01 3.25
0 94.15 -1.15 2.4
0.12 93.21 1.72 2.9
28.89 93.27 -0.06 4.11
2.25 94.26 -0.71 3.9
0.99 94.09 0.95 4.41
0 94.14 1.7 3.6
0 93.66 8.69 3.8
0.07 93.23 6.49 4.64
0 93.47 2.45 5.37
0 93.19 3.41 2.5
6.3 93.51 3.03 3.2
70.71 93.79 0.33 2616.53
1.53 94.79 -0.16 5.45
0 94.8 1.61 2.48
0 94.47 5.02 3.26
0 94.1 8.41 2.04
0.08 93.53 12.36 5.05
101.29 93.65 6.03 2.2
0.19 93.58 7.34 4.01
0.01 93.66 8.3 5.95
0 93.7 9.97 1.66
0 93.61 13.92 2.33
0.89 93.41 12.42 3.36
0.04 93.69 11.32 6.41
0.11 94.16 10.72 6.24
0.1 94.21 10.89 2.02
0.35 94.06 12.29 2.48
0.97 94.26 12.83 2.08
0 93.96 17.39 2.59
0 94.21 21.01 1.35
0 94.13 22.32 2.7
0 94.13 22.38 3.13
0.05 93.84 22.84 4.83
21.89 93.55 14.05 2.25
16.88 92.71 14.26 4.32
0 92.36 17.6 5.6
0 92.92 16.43 3
0 92.9 19.15 2.7
0.15 93.58 15.93 5.12
0 94.47 15.78 2.43
0 94.32 17.59 2.19
0.46 93.66 19.28 3.09
0 93.1 20.78 3.5
17.85 92.52 15.86 6.54
0 92.5 17.84 4.77
0 92.91 19.51 2.5
0 93.75 19.99 2.31
4.25 93.51 25.06 4.23
0.37 94.17 17.9 2.29
0 93.73 21.29 2.28
0.41 93.41 22.56 3.5
0.42 93.23 20.47 4.36
0.34 93.08 19.78 3.19
0 93.39 18.72 4.68
0 93.18 23.9 3.56
0.01 92.79 25.92 3.94
0 93.5 20.01 2.48
1.52 93.16 19.01 3.41
0.01 93.49 18.85 3.82
3.1 94.03 17.86 2.49
6.79 93.84 19.74 1.83
12.03 93.63 19.95 3.43
1.06 93.48 22.3 2.94
0.26 93.35 22.51 3.8
103.73 93.77 16.09 1.76
0.46 93.99 17.43 1.58
2.56 93.72 15.83 2.31
0.8 93.46 17.56 1.66
0.01 93.48 23.23 3.44
0.07 93.47 24.55 3.84
1.33 93.39 25.05 2.81
275.32 93.45 18.36 2.98
2.12 93.14 20.96 1.59
52.08 92.84 20.17 1.88
0.09 93.18 23.39 1.6
0 93.7 23.29 2.24
0.01 93.85 23.97 1.9
1.15 93.58 22.1 1.27
10.62 93.25 21.83 1.44
130.43 93.08 20.93 1.96
28.88 92.79 21.81 2.26
337.76 92.55 19.65 1.61
92.1 92.73 21.53 3.27
120.75 93.14 20.48 1.95
59.34 93.12 22.6 2.76
10.49 93.07 23.71 3.88
31.5 92.87 23.66 2.1
128.11 92.5 22.38 2.65
0.01 92.46 24.12 3.7
0.64 92.49 24.12 2.57
0.25 92.83 24.54 2.35
0.41 92.99 24.41 2.12
2.94 92.77 26.23 3.81
22.13 93.11 24.33 1.84
35.32 93.33 22.28 1.88
0.32 93.55 22.94 1.46
0.18 93.53 22.61 1.09
4.62 93.49 23.03 2.33
19.67 93.67 22.15 2.08
0.03 93.62 24.82 1.4
186.68 92.92 21.95 1.28
48.62 92.82 22.68 3.19
0 93.35 23.55 2.19
0.06 93.2 22.9 2.08
148.53 93.19 20.42 2.84
1.07 93.42 21.27 1.57
0.1 93.37 23.96 1.42
53.06 93.23 23.54 2.34
14.45 92.82 23.66 2.3
0.25 92.93 23.5 2.91
0 93.25 24.1 1.72
0.01 93.22 25.24 1.5
76.89 93 22.59 1.2
1.63 92.97 24.94 2.16
0.16 92.91 24.76 1.32
0.41 92.69 26.39 1.32
3.72 92.78 26.55 1.56
4 93.06 25.75 2.53
0.1 93.29 26.13 2.63
0.44 93.1 25.97 2.76
21.2 92.78 26.38 2.9
4.75 92.62 25.95 2.07
9.08 92.76 26.31 2.89
4.36 93.07 26.09 2.77
4.33 92.85 26.5 2.46
12.88 93.05 23.81 1.91
0.38 93.42 25.95 1.34
1.56 93.48 27.61 3.06
14.03 93.19 25.27 3.09
1.1 93.21 26.05 3.11
18.31 93.15 26.52 1.92
1.96 93.24 25.73 2.12
322.17 92.68 24.38 1.47
0.02 94.34 25.5 2.88
0 93.75 21.78 2.87
0 93.99 21.42 1.91
0.89 93.96 20.41 0.87
0.66 93.51 23.97 2.42
0.07 93.68 22.84 2.34
0 93.9 22.67 1.76
0.01 93.89 22.82 1.19
12.3 93.58 22.05 1.41
2.82 93.71 19.04 2.08
11.15 93.58 19.31 1.71
137.95 92.98 18.71 1.28
30.17 93.3 14.1 3.38
0.04 93.92 15.78 2.58
78.73 93.99 16.15 1.98
0.31 94.24 14.98 1.84
1.35 94.4 15.48 1.42
0 94.48 15.76 1.27
1.36 94.35 16.7 1.5
178.01 94.31 13.7 1.9
60.26 94.37 13.66 1.09
1.12 94.42 15.98 0.95
0.58 94.35 17.76 1.31
2.27 93.88 18.09 1.55
0.03 93.99 17.68 1.17
0 94.01 17.17 2.44
0.54 93.79 20.34 2.61
7.92 93.14 19.52 3.78
0.06 93.53 19.02 3.67
0 94.14 13.97 1.84
0.29 93.8 16.53 1.51
1.3 94.41 16.04 1.74
7.19 94.81 14.22 0.66
4.59 93.84 19.62 3.26
0 94.3 18.05 1.54
0.01 94.25 18.96 1.33
0.43 94.12 18.46 2.9
13.12 94.53 12.25 3.34
0 94.75 8.63 2.51
0 94.57 10.92 1.85
0 94.2 12.11 2.03
0 93.52 18.12 3.56
0 93.61 17.01 2.93
0 94.59 12.77 1.5
0.35 94.44 13.83 1.73
141.45 94.5 10.83 2.19
0 94.59 10.81 3.29
0 94.34 9.36 1.74
0 93.66 17.82 4.28
0 94.76 13.26 1.07
0 94.68 15.58 2.28
0.01 95 12.43 2.27
0.08 94.47 11.4 1.86
0 93.48 15.73 3.26
2.55 93.59 13.17 4.56
0 94.02 10.49 3.94
0 94.52 11.78 1.75
9.15 94.47 11.4 2.7
0.73 95.4 3.46 5.33
0 95.38 2.8 0.95
0 94.97 7.51 1.29
0 94.96 7.18 1.17
0 94.74 11.43 3.05
58.78 94.96 9.28 1.5
0.38 95.01 7.02 2.06
0 94.84 5.88 1.18
42.22 94.69 5.04 2.15
13.59 94.65 1.09 2.41
0 94.85 3.86 3.88
0 95.12 5.81 2.96
0 94.65 4.85 1.31
0 94.09 7.88 2.15
1.08 94.66 6.03 1.51
1.79 95.19 4.43 2.88
0 95.11 4.03 1.95
0 95.22 4.68 0.71
0 94.96 4.52 1.25
0.84 94.43 9.15 2.52
0.46 94.76 7.33 3.52
0 95.09 5.61 1.8
0.01 94.33 6.93 2.64
0.06 93.94 5.81 4.16
0 94.31 2.73 2.9
0 94.36 2.88 2.48
0.02 94.96 1.67 3.53
0 94.89 -1.74 4.3
0 94.95 1.32 2.49
0 94.85 1.84 1.77
0 94.22 1.74 2.18
0 94.01 3.03 3.7
0 93.98 3.08 2.26
0.05 94.16 1.65 3.85
0 94.52 -3.53 4.91
0.01 94.74 -4 6.53
0 94.63 -3.87 4.23
0 94.66 -1.89 2.79
0 94.85 -2.88 0.82
0 94.61 1.73 1.98
0 94.33 1.84 2.18
0.01 94.02 -0.44 2.22
0 93.84 -4.2 5.28
0 93.97 -7.69 3.76
0 94.19 -10.67 7.19
0 94.38 -5.38 3.77
0 93.99 0.83 3.48
0 94.66 -2.51 2.16
457.41 94.38 -0.12 3.41
457.41 94.16 -0.14 1.36
457.41 94.44 2.57 2.55
457.41 94.47 1.68 2.65
457.41 94.66 -1.48 2.76
457.41 94.22 -1.84 0.95
457.41 94.3 -4.51 1.35
457.42 94.3 -4.24 2.44
457.42 94.52 -6.28 3.09
457.47 93.96 -8.07 3.29
457.49 93.96 -8.98 2.15
457.41 94.12 -12.07 4.46
457.41 94.41 -11.74 2.64
457.41 94.79 -8.69 3.32
457.41 95.36 -7.87 1.63
457.41 95.33 -9.81 1.46
458.27 95.61 -12.49 2.37
457.47 95.23 -13.89 2.6
457.46 95.11 -12.58 2.62
457.42 95.51 -11.67 1.75
457.41 95.54 -10.43 1.04
457.41 95.24 -10.07 0.77
457.41 95.42 -9.34 1.1
457.41 95.31 -9.51 0.75
457.43 94.78 -6.36 3.04
457.43 95.26 -10.44 3.94
457.41 94.92 -10.87 1.36
457.41 94.45 -10.4 2.96
457.41 93.74 -5.59 4.32
457.41 93.57 -4.67 3.92
457.41 93.18 -3.27 4.71
457.41 93.61 -3.5 3.12
457.41 93.86 -2.58 3.34
457.41 94.48 -4.51 2.68
458.2 94.35 -7.32 1.85
458.53 94.64 -8.89 1.9
457.42 94.3 -6.92 2.9
457.41 94.87 -7.06 2.17
457.41 95.3 -14.42 2.98
457.41 94.88 -13.57 2.62
457.41 94.9 -11 2.47
457.41 95 -9.82 2.19
457.41 95.51 -12.79 1.53
457.41 95.23 -12.76 1.52
457.41 95.25 -10.76 2.04
457.41 95.07 -7.13 2.04
468.32 95.14 -10.53 1.58
457.41 95.05 -10.24 1.52
457.41 95.29 -7.95 2.01
457.51 94.28 -6.24 4.74
457.42 94.84 -10.48 3.92
457.41 94.98 -9.76 2.3
457.41 94.3 -5.86 1.75
457.41 93.49 -0.37 3.2
457.41 94.13 -3.26 1.94
457.41 95.05 -9.37 2.6
457.41 94.53 -6.97 4.19
457.41 94.01 -4.62 4.03
457.41 94.55 -6.96 3.85
457.41 93.25 -0.6 5.16
457.41 94.02 -7.06 3.54
457.41 94.1 -7.11 1.93
0.06 93.68 -4.24 2.05
0.01 93.74 -4.09 5.7
0 94.59 -13.19 3.8
0 94.73 -11.21 2.07
0 94.92 -12.05 1.42
0 95.19 -10.2 1.66
1.77 94.86 -11.21 1.34
14.46 94.94 -13.07 2.53
0 95.53 -15.37 3.03
0 95.31 -14.5 1.21
0 94.75 -11.55 1.17
0 95.42 -13.35 1.22
0 95.31 -12.98 2.12
0.03 94.52 -5.61 3.17
0 94.6 -5.95 1.81
0.02 95.2 -6.69 2.16
0 95.75 -10 1.44
0.34 95.25 -9.31 1.3
0.93 95.03 -9.57 1.99
0 94.92 -7.3 1.15
0 94.9 -4.18 2.21
0.12 95.47 -8.82 1.56
0.02 95.25 -6 1.17
0 94.78 -1.86 1.52
0 94.62 2.91 1.66
0.15 94.36 4.28 3.64
0.52 95.06 -3.76 3.86
0.01 94.72 -7.33 2
0 94.62 -5.51 1.46
0.13 94.55 -5.88 2.5
0.92 94.57 -6.52 1.92
2.74 94.9 -6.12 2.8
0 94.92 -7.29 2.96
0 95.08 -7.71 3.27
0 95.07 -5.81 2.51
0 94.61 -6.02 2.01
0 94.91 -5.37 2.12
0 94.33 -2.05 2.21
0 94.18 1.23 3.64
0 94.85 -2.06 4.58
0 94.43 -1.97 1.73
0 93.92 2.38 3.91
0 93.68 7.36 2.71
0 94.01 4.84 2.21
0 93.57 8.23 5.8
0 94.71 3.63 2.02
0.02 94.63 3.43 5.69
0 94.94 3.69 5.05
0 94.32 7.16 3.6
0 94.42 7.93 3.22
0 94.62 8.06 2.58
0 93.64 13.39 5.15
0 93.67 12.55 2.55
0 93.69 11.54 2.83
0 93.69 10.57 3.37
83.88 93.48 11.24 3.14
43.71 93.98 9.39 2.01
0 94.17 11.38 2.46
0.17 94.26 9.01 1.85
0 93.72 11.99 2.84
0 94.48 7.42 3.81
0 94.85 1.88 4.73
0 94.01 6.13 4.56
0 94.6 5.2 4.25
0 93.98 14.12 4.27
0 93.96 14.29 1.55
0 93.77 15.32 2.83
0 94.07 10.95 4.69
0 94.74 8.97 2.08
0.31 94.35 10.43 2.2
0.14 94.05 11.76 1.9
0 94.19 13.85 1.32
0 94.09 18.27 3.32
0 94.72 12.33 2.87
0 93.97 13.73 2.31
6.5 94.02 6.44 3.22
0.01 94.71 6.89 2.73
30.85 94.46 6.87 2.53
0.02 94.05 9.25 49.23
0 94.16 11.62 4.08
0 93.83 13.88 2.55
0.21 93.5 16.26 3.66
0.97 93.72 18.01 4.06
0.1 94.21 17 3.64
42.54 94.5 11.33 3.26
0 94.8 12.36 2.81
0 94.65 13.09 1.81
0 94.01 14.81 1.51
0 93.44 19.4 1.66
1.23 93.41 18.49 4.66
212.08 94.08 6.02 5.14
12.72 93.6 7.09 6.18
4.99 93.84 4.75 5.91
0.03 94.07 7.82 4.83
0.03 93.48 12.06 2.31
27 93.57 6.85 4.52
0.19 94.09 11.02 1.75
85.73 94.36 9.74 2.46
1.19 94.22 11.69 1.69
196.64 93.41 8.62 2.63
43.97 92.52 15.05 4.12
0 92.73 17.19 4.21
0.02 93.08 13.42 3.67
0 92.83 13.51 3.65
0.01 93.64 16.46 3.2
0.86 93.97 16.23 1.9
1.51 93.6 18.35 3.07
45.73 93.22 16.68 2.57
0.99 93.3 17.36 3.33
0.01 93.43 18.9 2.11
0 93.39 22 2.13
0.11 93.68 25.75 3.6
41.08 93.54 17.82 2.56
0.14 93.12 16.78 5.86
0 92.6 21.27 4.54
35.95 92.42 18.25 2.54
1.6 92.82 21.52 1.61
0 92.95 23.81 12.2
0.05 93.5 25.3 2.29
0 93.43 28.72 4.37
1.3 93.66 23.74 2.47
0.1 93.81 21.94 2.5
0 93.7 22.59 2.04
0.18 93.49 22.54 1.95
11.68 93.34 23.43 2.22
448.46 93.52 15.28 2.3
90.44 93.36 12.53 3.31
9.02 93.01 15.93 3.05
19.07 93.31 15.28 1.83
33.06 93.73 14.93 1.79
3.89 93.84 18.13 2.52
3.77 93.66 19.92 2.86
4.85 93.69 20.75 2.84
0.01 93.54 21.65 2.14
1.14 93.35 23.26 1.33
262.47 93.13 20.08 1.7
34.58 93 19.52 1.78
100.23 93.17 18.72 2.4
2.38 93.46 18.68 1.94
7.23 93.56 19.09 1.9
1.81 93.68 19.34 1.54
293.06 93.78 17.77 2.96
0.37 93.65 21.31 1.94
0.04 93.22 23.66 2.36
14.15 93.01 22.44 2.9
5.28 93.12 21.46 3.77
0.11 93.59 21.67 4.03
0.19 93.49 22.8 3.35
0 93.57 24.31 1.99
0 93.51 24.91 1.49
10.25 93.45 22.95 2.58
38.61 93.12 20.35 2.25
20.55 92.86 23.18 2.08
0.01 93.37 25.24 2.65
0.18 93.4 26.02 2.96
0.47 93.28 26.35 2.38
1.2 93.07 25.54 2.82
17.62 93.04 22.72 3.4
0 93.23 23.92 3.24
0 92.97 24.2 4.27
2.52 93.05 22.26 2.87
1.54 93.24 21.29 2.76
0.17 93.16 22.81 2.59
1.14 93.23 23.68 1.69
8.4 93.14 23.55 2.38
85.01 93.22 21.82 12.71
1.83 93.47 22.41 12.15
0.07 93.54 26.58 1.62
0.48 93.64 28.91 1.95
0.92 93.24 29.5 4.55
65.8 93.15 23.9 2.19
0.06 93.46 22.1 1.71
0 93.16 25.5 3.07
0.02 93.56 23.01 2.18
0 93.61 23.16 1.48
0 93.78 23.36 1.53
1.36 93.6 26.2 2.56
3.5 93.14 27.71 3.29
3.15 93.16 26.43 3.58
6.56 93.31 25.19 1.74
0 93.4 26.9 2.27
0 93.38 27.5 2.75
5.33 93.29 25.96 2.64
3.67 93.29 25.5 1.86
79.49 93.56 19.27 2.54
1.18 93.46 21.95 1.81
0 93.77 21.93 2.6
0 93.87 21.52 1.24
0 93.69 22.46 1.83
53.72 93.43 21.04 2.29
8.53 93.2 20.85 1.42
0.38 93.42 21.83 3.98
0.1 93.61 20.81 2.18
3.95 93.6 19.43 1.98
4.42 93.5 18.7 1.5
8.72 93.58 20.01 2.26
1.42 93.67 20.18 1.68
0.53 93.8 21.72 2.37
5.18 94.01 21.23 1.87
1.6 93.96 22.67 1.98
0.2 93.62 23.53 2.41
1.06 93.65 24.23 1.86
124.15 93.53 22.47 2.61
81.13 93.4 22.2 1.68
25.26 93.67 19.49 2.15
0.43 93.96 19.9 2.67
0 94.04 21.2 1.78
0 94.14 23.3 1.45
1.58 94.26 20.7 1.61
0.94 94.29 21.08 1.55
0.19 94.25 20.66 1.79
3.97 94.07 19.94 1.9
3.13 94.04 19.42 1.72
234.69 94.06 15.2 2.54
0.97 93.63 17.26 1.46
0 93.34 20.09 2.26
0 93.86 18.57 1.35
0 93.85 20.75 1.38
0.85 93.45 20.61 3.18
0.01 93.76 18.51 3.18
0 93.95 15.69 1.26
0 94.19 16.94 1.42
0.03 94.16 18.82 1.87
36.48 94.24 16.17 1.39
0.12 94.02 18.18 2.41
0.02 94.34 16.62 3.26
0 94.45 14.46 3.67
0 94.49 13.02 1.2
0 94.58 16.54 1.24
0 94.54 17.06 1.68
31.08 93.84 16.25 2.37
20.31 93.86 13.52 3.05
0.01 94.44 13.66 1.39
0.13 94.43 16.16 1.81
94.1 94.68 11.43 1.94
21.37 94.42 12.48 1.47
0 94.3 13.66 1.55
39.71 93.64 13.85 2.19
0.02 94.22 13.37 2.38
0.78 94.09 14.31 2.63
24.76 94.99 4.87 3.95
0.1 94.97 5 1.71
15.57 94.11 6.32 2.03
5.34 94.04 7.55 2.34
0 94.34 9 1.67
128.43 94.54 6.49 1.57
25.67 95.06 7.27 2.51
0 94.83 8.65 1.98
0 94.41 12.34 1.57
0 94.27 14.51 2.51
0 94.5 16.55 2.12
0 94.73 13.48 1.47
0.21 94.65 14.09 2.56
0.85 95.63 7.73 3.01
0 95.18 3.91 1.17
0 94.22 8.51 2.42
0 93.77 9.61 4.36
0 94.27 9.69 3.03
0 94.05 13.09 2.75
0 94.15 13.66 2.1
0 93.82 16.8 4.56
0 94.75 6.63 2.61
0 95.06 2.69 1.67
0 94.45 6.02 1.55
0 93.7 11.87 3.21
0 93.44 14.61 3.41
0 93.69 10.97 1.7
0 95.18 3.31 4.67
0 95.52 1.82 1.33
0 94.91 3.98 1.66
0.02 94.64 8.56 1.83
4.02 94.9 7.84 9.87
2.63 94.61 4.53 1.23
557.25 94.25 6.27 3.83
557.27 94.41 2.8 3.61
557.25 94.17 6.92 2.48
557.25 93.78 8.59 4
557.25 94.18 5.97 3.05
557.25 95.45 -1.82 2.6
557.25 95.38 -1.91 1.27
557.25 94.98 0.35 1.71
557.25 94.77 4.66 1.66
557.25 94.46 4.23 1.2
557.25 94.13 2.84 3.7
557.27 94.57 -5.31 5.93
557.25 94.53 -1.81 3.06
557.25 94.9 -2.03 1.51
557.25 95 -1.87 1.4
557.29 94.86 0.8 2.02
557.25 95.19 -0.92 1.35
557.25 95.11 -0.34 1.51
557.25 94.41 2.39 3.15
557.25 93.84 3.36 4.14
557.25 94.39 0.68 2.86
557.25 94.88 -1.7 2.11
557.26 94.63 2.25 3.52
557.25 95.07 -3.13 2.03
557.25 94.1 -1.68 2.46
557.25 93.67 49.03 5.71
557.25 94.8 -3.56 2.06
557.25 94.29 -1.2 1.3
557.25 94.1 0.23 2.33
557.34 94.27 -1.94 6.05
0 94.82 -12.23 7.17
0 94.55 -11.02 4.08
0 94.31 -11.78 6.29
0 94.44 -11.27 4.56
0 94.54 -10.54 3.38
0 94.75 -10.58 1.75
0.44 94.79 -10.06 1.29
0 95.28 -10 1.44
0.01 95.11 -7.33 3.31
0.49 94.55 -5.61 5.06
0.02 94.94 -9.49 3.07
0.01 94.56 -10.58 4.2
0 94.69 -10.86 2.69
0 94.75 -8.77 1.61
0.08 94.7 -9.34 3.35
0 94.78 -13.29 3.17
0 94.79 -11.21 2.06
0 94.68 -7.33 2.9
0.05 94.48 -6.7 5.1
0 94.79 -10.9 4.04
0 94.43 -10.21 3.29
0 94.22 -2.8 2.32
0 94.31 -2.68 3.4
0 95.14 -5.84 3.88
0 95.37 -5.01 2.57
0 95.09 -8.33 1.03
0 94.7 -3.5 2.68
0 94.12 -4.59 2.09
0 93.48 -3.76 3.91
0.03 94.19 -7.48 39.84
0.01 94.9 -11.83 5.45
0.04 94.86 -11.59 2.8
0 94.79 -6.96 3.06
0 93.55 -1.82 4.28
0 93.82 -2.66 1.72
0.13 94.2 -2.83 5.81
0 94.7 -7.57 3.08
0 95.08 -9.39 1.64
0 94.95 -8.15 2.13
0 94.84 -5.41 2.34
0.02 94.42 -4.69 2.68
0 95.45 -8.02 2.31
0 95.5 -8.64 1.73
0 95.07 -4.67 2.02
0 95.32 -9.43 1.66
0.11 94.93 -10.53 1.76
1.24 94.91 -10.68 3.65
0 94.99 -8.82 2.19
0.47 93.91 -4.91 3.9
0.01 94.52 -8.22 1.65
0.01 94.46 -6.93 2.6
0.21 95.02 -7.67 1.74
0 94.44 -7.47 1.84
0 93.96 -3.09 3.47
0 94.84 -7.46 1.85
0.3 94.41 -4.1 1.1
4.98 95.06 -9.11 3.95
0 95.55 -12.51 2.7
0 95.38 -12.03 2.33
0.03 94.8 -8.71 4.19
0 95.44 -10.88 3.63
0 95.69 -8.97 1.33
0 95.5 -8.12 1.56
0 95.33 -7.55 1.64
0.03 95.23 -4.74 2.79
0.02 95.16 -7.41 3.21
0 95.02 -4.22 2.69
0 94.43 -1.07 2.97
0.01 95.27 -11.38 5.18
0 95.3 -11.37 3.61
0 94.59 -5.36 2.71
0 94 -2.65 2.59
0 94.03 -6.68 3.67
0 94.21 -6.68 2.15
0 93.81 -4.09 1.75
0 93.67 -0.81 2.59
0 94.35 -4.58 1.06
7.05 94.1 -1.8 2.42
0 94.72 -2.14 4.99
0 95.34 -3.89 2.14
0 94.76 -3.58 3.08
1.99 93.91 -0.18 4.13
8.3 93.43 -0.65 6.57
0.04 93.88 -6.61 6.08
0 94.16 -6.53 1.84
0 93.79 -6.62 2.07
0.13 94.31 -8.5 3.19
0 94.66 -9.74 3.89
0 95.26 -7.52 1.72
0.75 94.28 -2.17 5.56
0 94.01 -0.96 3.28
0.01 93.65 -3.47 2.55
0.1 94.32 -7.58 6.62
0 94.78 -6.58 2.46
0 94.49 -3.32 2.93
0 93.83 2 4.69
0 94.2 1.61 3.14
1.54 94.82 -3.98 2.74
0 95.56 -10.44 5.84
0 94.86 -4.04 3.68
0 94.54 -4.58 3.56
0 94.06 -3.41 2.98
0 97.74 43.34 48.75
0 94.11 0.75 3.66
0 93.79 5.74 4.39
0 93.75 5.65 3.14
0 94.52 2.07 2.44
0 93.73 7.19 3.09
0 94.04 6.65 4.24
0 94.17 5.31 2.52
0 94.12 6.04 4.27
0 95.02 1.62 4.34
0 95.21 3.49 3.21
0 95.38 4.03 1.35
0 95.13 8.44 2.81
0 94.95 12.86 4.4
0 94.14 13.35 5.08
0 93.77 12.1 3.99
0 93.87 10.47 3.1
0 93.39 14.77 4.37
1.12 94.47 6.01 2.97
0 94.51 4.17 1.49
191.5 93.03 1.7 2.28
0.48 93.82 2.66 2.13
0.69 93.74 4.5 1.63
0.06 94.28 3.01 5.28
0 95.36 -1.56 4.14
0 95.3 -0.22 3.67
0 94.52 4.24 2.29
0.02 94.28 7.65 2.92
0.02 94.51 7.47 1.77
3.99 94.72 6.65 4.39
193.72 95.39 -2.04 4.89
0.08 94.93 2.33 1.77
0 93.33 11.7 1.82
0.17 92.49 14.29 3.82
0.25 93.36 7.72 6.27
0 93.44 10.75 1.91
0.01 93.71 12.51 2.85
0 94.22 9.99 3.28
0 93.81 10.78 3.09
0.01 93.74 10.89 2.02
0 93.93 13.89 4.03
0 94.17 13.58 5.63
0 94.42 14.25 2.42
0 93.81 20.74 4.34
0 93.45 23.66 4.5
3.79 93.13 20.53 3.45
2.47 93.78 16.42 2.86
0 93.8 19.17 2.38
0 93.72 21.4 2.83
15.89 93.52 16.8 3.71
4.95 93.57 15.55 1.9
0 93.92 12.22 5.68
0 93.66 13.39 4.18
0 93.15 14.08 6.09
0 93.66 11.93 2.52
0.08 93.6 12.48 5.51
10.88 93.92 6.86 1.81
0 94.26 8.34 1.25
70.84 94.12 7.61 2.7
48.86 93.2 7.1 2.09
15.13 92.01 10.72 4.51
0.12 92.1 19.15 3.63
0.63 93.46 14.94 6.01
0 94.01 15.14 4.42
0 93.43 18.57 3.26
8.94 92.58 18.85 3.24
4.86 92.8 13.74 5.84
0.56 93.18 12.54 6.46
0 94.03 18.44 4.42
0 93.65 21.57 2.48
0 93.51 22.37 2.44
0.21 93.43 22.26 1.73
0.02 93.26 25.25 3.01
0.09 93.15 26.13 4.12
6.19 93.35 23.03 2.38
0.05 93.36 22.68 2.86
2.12 92.95 24.19 3.82
0.12 93.32 21.48 3.93
0 93.38 19.82 2.13
0 92.54 24.88 6.33
1.26 93.12 22.23 2.86
0.47 93.67 18.22 4.4
0 93.86 21.43 2.62
87.63 93.07 17.6 2.7
24.82 92.54 19.37 2.56
26.94 93.08 18.28 2.46
0.05 93.37 19.49 4.18
2.8 93.16 19.18 2.54
1.02 93.16 18.85 2.2
60.06 92.88 16.72 2.66
139.66 92.43 14.49 1.91
35.81 92.51 15.72 1.52
94.03 93.44 16.29 2.31
0.9 93.68 20.25 1.45
2.35 93.5 21.68 2.49
0.05 93.2 22.86 1.9
85.29 93.27 18.4 2.58
2.63 93.41 18.3 4.17
76.66 93.89 16.26 2.94
0.01 93.98 21.34 2.44
0 93.57 23.22 1.37
1.52 93.27 24.43 2.4
0.09 93.41 24.08 2.37
4.99 93.21 24.3 2.61
10.38 92.96 21.33 2.32
55.97 92.95 20.62 2.71
0.96 93.39 21.71 1.46
1.93 93.4 23.94 2.06
158.72 93.65 16.83 1.97
48.59 93.01 17.8 1.41
49.96 92.6 18.42 2.95
3.5 93.16 15.66 3.8
0.02 93.73 18.06 2.08
80.11 93.66 19.26 1.81
9.48 93.8 19.94 1.28
0 93.75 22.48 2.05
0.08 93.6 24.24 2.14
2.02 93.76 24.95 2.04
0.08 93.98 26.1 2.35
1.76 93.81 24.05 2.5
0.3 93.56 25.13 1.68
0.22 93.11 26.28 2.73
0.06 92.97 26.05 3.43
2.44 93.25 25.79 2.95
36.34 93.69 21.98 2.19
45.11 93.9 19.65 2.15
20.4 93.7 20.87 1.68
185.5 93.5 21.39 1.59
36.48 93.62 22.08 1.7
6.55 93.52 22.87 2.53
13.45 93.27 23.51 2.08
86.78 93.27 22.38 1.6
3.42 93.28 22.2 1.17
6.6 93.1 22.21 1.29
1.22 92.89 23.91 1.93
1.21 93.32 24.95 2.13
4.72 93.39 24.73 1.86
16.28 93.14 23.56 2.56
213.12 93.14 22.86 2.23
103.85 93.56 20.18 2.6
3.14 93.76 21.95 1.65
0.52 93.53 22.81 1.57
10.41 93.02 25.44 3.3
0.03 93.05 22.28 1.85
0.4 92.92 24.51 3.04
0.82 93.05 25.32 3.69
8.93 93.42 24.61 1.63
6.07 94 22.05 2.76
7.78 94.04 23.24 1.52
2.22 93.98 23.75 2.42
0 94.01 23.72 2.52
0 93.83 23.9 1.39
0 93.67 24.26 1.52
0 93.32 25.41 1.66
0.31 93.14 25.27 2.67
0.01 93.44 23.59 2.48
0 93.48 23.47 1.33
0.18 96.69 69.53 47.87
86.91 97.05 68.88 48.01
147.53 93.89 19.79 1.74
8.72 93.62 19.23 2.22
8.19 93.47 19.4 2.56
63.49 93.58 19.12 1.86
6.03 93.9 20.03 2
43.18 94.14 18.95 2.19
3.39 94.08 19.5 1.85
56.89 93.95 18.72 2.49
0.02 93.86 20.11 2.84
37.64 93.71 19.72 1.94
1.09 93.86 18.01 1.2
4 93.99 18.14 1.48
230.42 94.19 17.07 1.48
118.42 94.25 17.46 2.57
0.97 94.22 20.31 2.7
0.06 94.38 19.03 1.83
13.29 94.17 17.57 1.32
59.94 94.04 15.95 2.16
0 94.17 16.84 2.05
0 94.02 19.35 1.19
0.98 94.16 20.58 2.5
29.81 94.92 14.9 1.99
0.52 94.79 13.63 1.49
66.39 94.23 12.62 1.72
3.72 94.16 14.03 2.13
0 94.08 19.85 2.36
0 94.4 19.54 2.32
0 94.49 19.02 3
0 94.34 19.44 2.32
1.57 94.33 20.05 1.42
3.03 94.44 18.85 2.33
0 94.54 16.34 2.41
3.16 93.98 16.32 2.3
1.68 93.76 19.21 2.33
36.61 93.59 17.41 2.73
7.02 93.78 12.79 1.96
16.42 93.66 14.93 1.97
2.75 93.7 15.69 3.72
0 93.91 14.22 2.45
0 94.16 15.9 2.73
0.04 94.97 13.61 1.67
0.8 95.41 10.91 2.01
1.5 94.25 14.48 3.29
42.95 93.56 10.94 5.72
0.02 93.46 13.39 4.88
0 94.44 10.77 1.3
0 94.74 14.13 2.64
0 94.28 17.94 3.7
0 94.18 17.68 1.82
0 93.96 17.94 3.04
0 94.29 9.42 4.24
0.12 93.61 5.49 3.58
2.19 93.79 5.12 5.8
1.28 94.12 9.68 5.35
0 94.49 12.28 2.45
0 94.57 12.97 1.72
0 94.31 14.12 1.66
0 94.25 14.63 1.4
0 94.26 15.69 2.66
6.62 94.44 12.77 2.88
0 95.19 4.69 2.54
0 94.02 10.56 2.92
45.17 94.68 4.05 1.45
5.67 94.97 4.41 1.98
0.33 96.1 27.88 11.26
0 95.59 28.21 11.16
0 95.24 6.67 1.84
0 95.07 4.5 1.65
6.35 93.85 7.43 6.21
0 93.95 3.24 4.37
0 94.54 1.22 3.97
0 94.86 -0.49 4.1
0 95.27 0.54 2.88
0 95.32 3.29 1.44
0 94.68 6.11 1.61
0 94.51 6.48 1.01
0 94.4 9.67 4.52
0 94.64 10.04 3.48
0.1 95.85 0.38 3.84
59.33 95.92 -4.81 2.19
37.97 95.54 -4.97 3.24
6.88 95.02 -4.59 1.74
0.1 95 -4.15 1.16
0 95.11 -4.24 1.32
0 95.28 -3.45 1.57
0.02 95.11 0.08 1.09
0 94.42 1.96 1.91
0 93.8 5.11 2.86
0.8 94.73 1.35 2.02
2.26 94.5 -3.53 2.51
0 95.23 -6.1 2.06
6.14 95.09 -8.13 2.34
8.66 95.1 -9.07 1.93
1.81 95.06 -9.56 1.94
1.09 95.55 -9.26 1.31
16.55 96.04 -12.2 2.56
11.92 96.1 -13.96 2.68
0.02 95.95 -15.69 1.96
0 95.1 -15.1 2.42
0 95 -14.27 2.55
0.02 94.48 -11.7 1.33
0.07 94.95 -10.56 1.22
1.81 94.68 -5.05 2.9
0 94.54 -6.4 1.65
0.13 93.87 -2.51 2.3
0.04 93.71 -6.3 5.44
0.15 94.03 -8.08 5.93
0 94.38 -5.02 3.91
0 95.05 -5.31 2.27
0 95.18 -7.76 1.47
0 95.32 -9.43 0.91
0 94.88 -3 2.48
0.36 94.55 0.15 3.4
0 94.9 -2.1 3.59
0 95.19 -7.1 1.37
0 94.84 -6.5 1.54
0 94.97 -6.91 0.77
5.97 94.25 -5.31 3.15
0.01 94.34 -6.94 4.85
0.01 94.92 -8.98 5.87
0 94.93 -7.27 3.18
0 95.45 -5.11 1.96
0 95.37 -5.66 1.35
0 94.51 -2.55 2.49
0 94.78 -4.57 1.85
0 94.83 -7.33 1.83
0 94.79 -4.89 2.56
0 94.86 -8.97 2.52
0 93.79 -6.98 3.14
0 94.92 -13.46 3.3
0 95.57 -14.61 2.01
0 95.32 -6.85 2.69
0.07 94.91 -5.08 1.59
4.24 95.2 -7.55 1.01
0 95.14 -7.8 2.19
0 94.3 -1.37 2.49
0 94.33 -5.27 1.23
2.75 94.53 -8.53 1.88
0 94.97 -11.24 3.98
0 94.74 -12.23 2.5
0 95.09 -9.93 2.91
0 94.88 -9.51 3.85
0 94.7 -10.23 2.98
0 94.48 -10.02 2.04
0 95.22 -12.8 3.23
0 95.45 -13.26 2.76
0 94.91 -12.7 3.13
0.02 94.29 -11.6 4.53
0.03 94.01 -10.78 2.9
0 94.1 -12.29 1.71
20.33 94.78 -17.23 2.26
0.49 94.72 -19.99 2.17
0 94.32 -19.51 4.66
0 94.92 -18.66 1.67
0 95.43 -18.28 1.49
0.16 95.39 -17.95 2.33
0.2 95.88 -21.42 2.96
0 95.75 -24.17 4.99
0 95.28 -14.8 4.91
0 94.72 -9.33 3.01
0 94.61 -11.55 3.85
0 94.67 -9.54 4.25
0 95.25 -13.52 1.8
0 95.68 -16.95 1.35
0 95.43 -16.79 2.27
0 95.49 -13.06 3.24
0 95.36 -10.64 3.14
0 95.02 -8.79 2.04
0 94.81 -8.37 2.63
0 95.01 -8.78 3.88
0 94.96 -8.7 3.72
0 94.84 -7.17 2.9
0 93.96 -6.99 3.18
0 93.63 -4.66 3.46
0 94.26 -3.18 3.02
0 93.89 2.49 2.85
0.01 93.81 2.48 2.48
0.6 94.18 0.31 3.39
25.59 94.92 -9.03 6.12
0 94.89 -12.71 5.67
0 94.23 -9.7 3.81
0 94.16 -5.31 4.15
0 94.07 -2.45 3.81
0 94.08 -4.34 3.99
0.04 94.91 -7.36 3.82
0 94.86 -9.69 4.25
0 94.66 -9.9 2.59
0 94.86 -7.34 3.38
0 95.72 -11.17 2.08
0 95.33 -9.45 2.45
0 95.28 -8.9 3.47
0.02 94.61 -6.83 3.34
0.01 94.72 -7.69 2.03
0.04 95.03 -8.79 3.87
0.02 95.22 -9.15 3.35
0.01 94.32 -0.54 2.81
0 93.98 1.67 1.88
0 93.97 -0.17 3.14
0.05 94.35 -1.65 1.47
9.8 94.15 -0.04 4.44
0.01 94.16 -1.6 2.94
4.5 94.44 -5.23 4.25
0 95.18 -8.77 4.84
0 95.25 -8.33 4.04
0.01 95.03 -7.36 3.42
0 94.5 -5.53 2.07
0 93.86 -0.79 4.44
0 94.65 -2.27 2.55
0 94.47 1.94 2.71
0 93.91 5.18 2.64
0 93.77 8.66 3.32
0 93.34 10.73 5.64
0 93.86 7.14 4.95
0 94.73 3.21 1.9
0 94.95 5.85 1.78
0 94.58 8.89 2.8
0 94.99 4.58 4.36
0 95.52 1.18 4.77
0 95.51 1.66 3.53
0 95.19 2.86 3.47
0 94.81 7.48 3.45
0 94.2 9.81 2.61
0 93.58 11.51 3.66
0.1 94.07 6.76 3.95
0 93.97 9.03 3.43
0 93.04 15.63 4.73
2.21 93.36 9.87 5.31
0.13 94.42 5.42 4.48
0 94.39 8.1 4.01
0 93.59 10.59 3.85
0.02 93.91 10.01 2.44
0.2 93.24 12.9 5.16
0 93.66 9.91 5.41
0 93.55 11.66 6.2
0 93.88 6.38 3.1
0 94.52 4.44 3.23
0 93.9 7.35 4.65
4.07 93.09 10.16 2.89
0.04 92.87 10.99 5.76
0 93.99 10.67 3.27
0.09 93.46 15.95 5.69
2.62 93.44 10.84 4.5
1.3 93.45 5.57 4.81
1 93.73 6.46 2.51
0.49 94.02 7.68 3.91
0.01 93.69 14.24 3.11
0 92.89 15.68 6.83
0 93.42 9.92 6.65
0 93.94 10.97 3.27
0 93.36 15.02 4.96
0.21 94.3 9.25 3.43
56.47 94.51 6.49 2.14
3.27 94.1 11 1.65
0 94.27 11.9 2.33
56.53 93.39 12.15 2.28
0.02 93.02 16.68 2.58
57.69 92.75 21.37 4.49
207.33 93.61 10.1 2.12
12.82 92.73 11.52 4.82
0 93.18 15.85 3.22
3.31 93.09 16.19 5.52
0.01 93.48 12.39 6.59
0 94.22 15.04 2.6
0 93.64 19.13 4.92
1.68 93.89 16.55 2.86
0 93.55 17.23 2.24
0.87 92.69 20.38 4.02
124 93.49 11.09 5.4
0 94.29 14.7 3.33
25.81 93.9 12.02 3.98
0.26 93.79 12.6 3.64
0 93.25 18.75 3.89
0 93.39 23.35 3.52
0 93.63 24.57 4
0 93.85 22.99 3.55
0 94 22.92 3.37
0.01 94.8 19.08 3.91
0.01 94.72 17.51 2.51
31.87 93.78 15 2.12
32.63 92.71 15.36 4.84
1.97 92.98 18.9 3.5
0.09 93.5 18.69 5.23
0 93.4 21.81 5.22
0.02 93.02 24.69 4.04
0 93.44 18.8 4.56
0 93.13 22.48 5.14
3.14 93.95 17.16 1.85
0 94 19.69 1.21
0 93.59 23.39 2.57
0 93.25 24.77 3.34
0.01 93.41 23.46 2.61
0.04 93.65 23.63 1.78
6.23 93.84 19.76 3.5
1.25 93.87 19.44 1.95
0.02 93.62 22.38 3.24
10.45 93.27 20.87 4.06
73.83 93.03 20.75 4.5
48.18 93.58 17.47 2.46
15.11 93.47 18.85 1.92
0.89 93.14 19.54 1.84
57.89 93.06 14.88 1.79
13 93.07 18.2 1.7
1.43 92.66 19.58 2.13
80.62 92.72 20.23 1.77
1.32 93.27 19.82 3.1
0 93.35 23.43 2.72
12.6 92.97 25.69 2.78
27.06 93.02 23.99 2.18
8.27 93.04 22.77 2.05
9.34 93.36 20.79 3.36
1.02 93.38 21.01 4.26
0 93.53 24.62 3.4
0 93.47 24.64 1.66
13.66 93.19 23.22 2.79
40.08 93.26 19.17 2.96
134.08 93.12 20.51 1.92
69.8 93.21 19.82 1.79
0 93.37 20.32 1.65
0.09 93.32 22.16 1.4
0 93.41 25.64 2.66
0 93.56 25.2 3.23
0.57 93.79 25.51 1.95
0 93.87 27.08 1.38
0 93.78 27.89 2.66
0 93.53 27.48 2.8
0 93.33 28.44 1.73
0 93.09 29.34 2.2
2.22 92.76 29.93 3.37
116.67 93.13 21.12 2
0.2 93.42 24.09 2.51
0.3 93.78 21.99 2.94
1.82 93.46 19.44 2.28
1.63 93.33 18.43 2.64
5.4 93.57 21.36 1.66
0.1 93.54 23.88 2
3.32 93.59 24.7 2.63
114.8 93.78 20.74 1.81
921.05 93.28 20.23 2.84
17.52 93.01 23.38 1.67
2.25 92.89 27.21 3.26
0.08 93.46 25.46 1.95
443.56 93.5 19.48 3.24
0.63 93.35 22 1.41
4.86 93.13 24.06 2.35
18.15 93.11 23.33 2.16
6.67 93.48 22.69 1.76
117.16 93.71 23.41 2.15
19.8 93.88 21.9 1.57
9.7 93.99 22.27 2.19
0.06 93.99 24.49 1.87
0 93.9 25.88 1.24
0 93.83 27.02 1.7
0 93.71 27.13 1.9
649.74 93.46 25.11 1.76
163.1 93.89 23.39 2.68
0 93.96 21.74 0.98
0 93.55 24.12 2.39
0 93.34 26.48 3.32
0.21 93.36 28.79 2.87
3.01 93.49 25.15 2.6
0 93.44 24.73 1.81
0 93.73 23.69 1.88
1.21 93.61 23.57 1.58
174.75 93.47 20.54 2.1
12.79 93.32 22.24 1.24
213.04 93.28 19.98 1.9
2.99 93.75 20.95 2.35
12.36 93.84 21.52 1.77
0.35 94 22.48 1.94
0.33 94.06 23.12 1.68
4.66 93.54 21.24 1.71
12.45 93.38 23.18 2.77
168.92 94.18 16.97 3.97
0 94.42 17.99 2.33
3.39 94.07 17.76 2.04
0.57 94.05 18.45 2.14
0 94.24 17.58 1.9
0 93.69 17.03 1.67
8.49 92.61 16.08 4.02
16.4 92.44 15.21 2.56
1.46 93.08 19.14 1.83
5.21 93.6 18.19 1.13
158.29 93.85 17.3 1.49
17.41 93.79 16.87 1.17
15.02 93.66 18.67 1.4
1.18 93.39 19.02 1.67
4.72 93.5 17.85 1.61
77.19 93.81 15.62 2.1
10.53 93.96 15.67 1.64
20.86 94.32 14.59 2.45
4.66 94.56 15.33 1.34
4.2 94.46 17.12 1.27
94.84 94.27 18.29 1.45
0.01 94.17 19.35 1.78
0.9 94.3 17.81 2.14
0.48 94.71 15.35 1.8
17.81 94.85 13.17 1.77
0.03 94.88 13.27 2.73
0 94.71 13.56 1.28
0.2 94.44 14.5 2.39
1.79 94.1 16.46 2.25
0.7 93.81 18.72 1.9
0.38 93.52 20.58 3.42
0.02 94.24 16.77 2.49
7.47 94.01 16.81 2.01
0.84 94.8 11.3 5.29
0 95.19 7.73 2.21
0.02 94.36 10.24 2.13
0.02 94.03 15.99 2.41
3.16 93.86 19.44 3.53
0.57 93.93 16.28 2.36
0.25 93.95 14.62 3.19
117.15 94.52 6.2 2.42
2.56 94.58 4.99 1.71
0.15 95.1 8.04 1.38
38.38 94.19 11.14 3.09
0.19 94.48 5.54 5.39
0 94.67 4.67 1.74
0.34 94.27 5.89 1.52
0 94.85 5.15 11.62
0.8 94.77 7.63 1.33
0 94.39 12.48 1.45
0 94.46 13.95 1.77
0.04 94.64 15.12 2.27
0.99 94.08 14.57 4.92
0 94.59 9.82 2.47
0 94.31 12.95 1.84
0 94.22 13 2.49
0.4 95.15 3.11 2.39
38.63 94.48 4.72 2
46.89 95.22 1.29 2.33
0 94.79 2.15 1.58
0 94.14 3.59 1.48
0 93.78 8.72 3.41
0 94.96 2.1 1.96
3.93 94.96 2.35 1.07
1.85 95.19 1.79 3.6
0.06 95.22 0.51 2.98
2.29 94.94 -0.7 3.77
0 95.74 -5.45 3.39
0 95.35 -3.25 2.4
0 94.66 1.1 3.43
0 94.08 2.4 1.76
0 93.22 4.49 1.75
0 94.33 0.63 2.13
0.05 95.05 -1.77 1.97
2.06 95.3 -2.25 3.47
0 95.65 -4.47 1.41
0 94.96 -1.45 2.5
0.46 93.56 3.06 3.94
1.42 93.8 -1.08 2.03
0.1 94.35 -1.68 1.18
0 93.78 4.82 4.15
0 94.53 0.78 5.41
0 94.71 -3.2 2.15
0 94.52 0.17 3.14
0 94.4 -0.9 2.21
0.06 93.93 -0.96 3.01
0.77 94.43 -5.77 1.66
33.96 94.91 -8.09 1.9
63.45 95.27 -10.08 2.29
0 95.61 -11.73 2.84
0 95.29 -10.63 2.68
0 94.8 -8.02 3.48
0 94.47 -5.61 1.93
0 94.02 -2.79 3.72
0 94.83 -6.99 3.08
0 95.26 -4.89 1.52
0.02 95.5 -5.71 1.78
0.89 94.38 -1.41 3.41
0 95.14 -4.05 4.01
0 94.85 1.36 3.29
0 94.11 4 3.74
0 94.29 -1.28 3.05
0.11 94.86 -6.16 3.7
0 94.28 -5.51 3.39
0 94.52 -6.73 2.66
1.1 93.94 -4.36 3.72
0 94.88 -7.47 2.35
0 95.02 -7.56 1.47
0 94.37 -5.18 2.8
10.87 94.79 -3.74 2.4
0 95.39 -9.94 3.3
0 95.28 -10.28 1.9
0 95.27 -8.87 2.74
0 94.46 -3.97 2.88
0 94.46 -4.14 1.03
0 94.63 -3.56 0.87
0 94.69 -2.69 0.9
0.01 95 -2.44 1.62
0.03 95.1 -5.52 2.8
3.3 94.76 -10.42 3.51
0 95.12 -11 2.13
0 94.95 -9.73 1.32
0.01 94.78 -3.68 4.9
0.17 95.5 -9.88 3.59
0 95.3 -10.92 2.27
0 95.02 -9.68 4.45
0 95.23 -8.2 3.47
0 94.75 -6.26 2.04
0 94.64 -5.45 1.73
0 94.45 -1.39 3.64
0 94.64 -4.19 2.37
0 94.29 -0.69 3.56
0 94.91 -4.95 1.37
0 95.19 -6.96 1.51
0 94.72 -2.34 2.12
8.9 94.82 -3.93 1.49
8.59 94.38 -4.88 2.02
0 94.51 -7.89 3.54
0 94.74 -10.83 4.5
0 94.48 -10.41 3.29
0 94.23 -11.47 2.74
0 94.39 -10.82 5.09
0 95.31 -12.24 2.06
0.02 95.27 -13.61 1.24
0.01 95.18 -13.33 1.47
0.04 94.97 -11.27 2.31
0 95.3 -11.25 1.92
16.58 95 -13.04 2.12
0 95.02 -13.51 2.07
0 94.69 -12.9 4.44
0 95.35 -13.77 2.61
0 95.48 -13.73 1.42
0 95.59 -12.42 1.02
0 94.95 -7.22 1.42
0.01 94.27 -3.89 4.52
0 94.75 -6.77 3.79
0 94.22 -7.27 3.19
0.12 95.14 -12.53 4.06
0 95.37 -10.04 3.85
0 94.82 -7.77 2.98
0 95.55 -8.34 3.39
0 94.96 -4.92 2.19
0 94.39 -2.99 1.64
0.07 94.07 -0.63 2.68
0 94.45 -6.49 3.62
0 95.35 -6.92 1.68
0 95.3 -8 0.97
0.01 95.1 -9.13 6.22
0 94.62 -10.18 6.03
0 94.81 -9.62 4.71
0 94.91 -6.69 3.32
0 94.89 -5.88 1.97
0 95.4 -4.31 1.29
0 95.2 -2.93 1.63
0 94.05 3.4 4.19
0.42 94.46 -3.36 4.26
0 94.99 -6.94 3.34
0 94.36 -4.83 2.93
0 93.36 -1.97 5.05
0 95.13 -7.42 4.05
3.56 94.86 -6.59 3.04
2.27 94.29 -3.88 4.6
0 94.78 -5.01 4.25
0 94.52 -2.28 3.93
0 94.49 -1.05 3.6
0 94.67 -0.27 1.62
0 94.34 1.59 3.09
0 94.32 0.66 3.14
0.07 94.71 -5.07 3.41
0 93.88 -0.28 2.56
0 94.02 -0.34 1.21
0.01 94.21 -4.34 2.3
0.04 94.61 -6.07 3.86
0.01 94.36 -7.9 4.25
0 94.38 -5.53 4.99
0 93.92 -0.9 3.56
0 93.73 0.55 2.98
0 93.93 3.71 2.13
0 94.23 3.66 3.12
0 95.03 -1.22 4.45
0 95.04 0.77 3.1
0 95.01 1.3 1.81
0 94.7 3.02 1.32
0 94.36 3.62 2.02
0.66 94.24 3.94 1.81
0 94.78 5.23 1.68
0.03 94.88 4.03 1.94
0.16 94.98 1.32 3.46
0 94.76 1.55 1.73
0 94.54 2.82 2.16
0.16 94.93 0.7 1.19
1.2 94.56 1.18 1.22
0.34 94.42 2.79 2.88
0.83 94.37 1.08 1.99
0 94.55 2.4 2.65
0 94.32 5.09 2.35
0 94.25 9.37 4.03
0.02 95.11 3.19 2.56
0 94.87 3.78 1.55
0 94.29 5.55 1.65
0 94.31 9.3 2.11
0 94.19 12.49 2.76
0 93.87 16.74 3.76
0.1 93.58 14.87 3.64
1.4 93.7 11.45 3.39
0.47 93.76 10.24 2.69
0 94.59 8.03 3.04
0 94.51 8.53 2.38
0 93.5 13.59 4.49
0 94.11 7.42 3.88
0 94.01 6.71 2.39
0 93.33 12.58 4.08
0 92.96 15.4 3.06
0 93.43 16.4 3.22
0.06 93.78 13.94 3.43
2.53 92.67 14.01 5.38
0.09 92.88 6.8 5.8
1.55 93.16 7.54 3.11
1.41 93.59 8.89 3.42
0 94.02 9.56 2.09
0 93.32 13.02 5.44
0 93.57 9.49 2.8
0 93.91 8.42 3.54
0 94.55 8.25 3.93
0 94.59 10.05 5.31
0 93.79 14.98 4.97
0 93.26 16.67 3.32
0 92.93 20.88 4.39
0 93.81 16.36 2.44
0 94.07 18.25 2.63
0 94.03 22.07 3.66
0.48 93.93 19.53 5.02
3.14 93.92 14.75 3.94
16.16 93.62 8.85 6.27
0 93.87 10.04 6.67
0 93.74 18.1 4.8
0 93.44 20.69 2.4
0 93.11 21.25 3.95
0.06 93.19 19.62 3.1
0.01 93.37 14.58 5.15
0 93.21 12.06 5.19
0.9 93.46 11.58 4.79
0.05 94.18 13.18 5.34
0 94.12 16.12 2.47
0 93.31 19.9 1.64
0 93.13 24.31 1.9
0 93.13 29.27 3.51
0.46 93.54 26.66 3.33
2.4 93.79 23.59 2.39
1.99 94.21 13.78 3.56
181.22 94.27 8.66 2.33
0.01 94 16.39 2.46
0 93.61 19.49 2.04
0.02 94.17 14.43 2.91
0 93.62 19.53 2.51
0 93.22 22.13 2.68
0 93.6 22.4 4.24
10.05 93.87 17.09 2.56
0.14 93.32 19.99 3.37
2.43 92.9 20.58 3.05
0 93.41 17.79 3.62
121.53 93.71 10.62 1.65
0 93.8 15.24 2.07
0 93.82 19.74 2.56
0 93.93 21.64 2.06
21.4 93.61 15.37 2.28
0.37 93.37 18.57 2.89
0.07 93.28 21.6 4.11
0 93.4 20.66 3.97
0 93.74 18.66 2.07
1.08 93.87 18.3 1.68
45.51 94.17 18.16 1.66
0 94.19 20.55 2.05
0 93.79 26.96 2.33
0.04 93.52 26.63 1.06
0.29 93.34 25.78 3.25
12.15 93.25 23.24 1.87
46.68 93.27 19.4 2.26
30.28 93.13 19.03 1.77
1.67 93.22 19.55 2.46
0.1 93.38 21.1 2.37
95.54 93.77 17.67 1.31
94.85 93.65 16.5 1.7
2.53 93.39 18.56 1.29
0.9 93.35 21.92 1.17
0 93.52 23.95 1.56
10.47 93.34 25.4 3.64
32.63 93.36 27.4 3.41
0.03 93.25 27.61 2.7
2.09 93.18 27.64 2.75
14.84 93.06 27.06 1.87
6.62 93.25 25.3 2.87
0.13 93.36 25.71 2.2
7.53 93.52 23.73 1.76
30.95 93.67 21.63 1.45
10.49 93.42 23.89 2.65
589.82 92.62 22.42 2.35
14.51 92.56 24.51 2.55
9.69 92.73 25.06 2.82
0.12 92.73 24.08 2.02
0 92.99 25.08 1.64
0.12 93.05 28.67 2.12
122.22 92.84 27.3 3.37
5.35 93.32 24.29 1.83
2.94 93.62 25.95 1.41
0 93.73 27.22 1.51
0 93.63 28.32 1.55
0 93.35 28.9 2.49
7.29 93.16 26.41 2.99
17.37 93.19 21.29 2.44
10.87 93.93 20.95 1.78
10.57 93.89 20.77 1.63
0.65 93.4 23.74 1.22
0.26 93.56 24.04 1.6
0.1 93.74 24.05 2.14
9.23 93.36 22.8 2.87
0.34 93.63 22.89 2.59
0 94.12 23.2 1.35
0 93.66 23.85 1.62
149.45 93.27 22.54 3.72
0.01 93.42 25.13 1.73
0.22 93.48 26.11 2.22
16.22 93.25 24.99 1.86
716.05 92.73 22.25 1.48
20.96 93.11 22.97 1.42
30.07 93.14 24.08 2.16
13.12 93.01 22.08 2.1
0.54 93.06 23.6 2.33
6.06 92.93 22.28 1.35
33.63 92.73 20.05 1.58
19.36 92.81 22.9 1.21
4.85 93.21 23.81 2.48
11.54 93.56 22.73 1.92
0.11 93.73 23.39 1.66
4.89 93.67 22.06 1.5
10.22 93.61 21.12 1.46
368.13 93.68 18.72 2.78
51.35 93.84 19.99 2.19
17.29 93.97 21.05 1.99
5.15 93.99 21.39 2.21
2.68 93.59 22.07 1.76
1 93.35 25.88 2.1
6.5 93.82 22.74 2.22
360.39 93.74 18.33 2.12
0.01 93.72 19.97 4.23
0 93.79 18.03 3.72
0 94.08 18.68 2.05
7.93 93.78 16.28 2.69
1.18 94.26 15.66 2.69
0 94.35 14.27 1.86
0 94.12 17 2.53
0.12 94.11 16.99 1.59
0.51 93.95 19.79 1.93
3.72 93.95 19.4 1.78
1.93 93.84 19.7 2.2
2.87 93.69 20.72 2.58
0.01 93.61 20.01 3.87
0 93.52 19.24 1.79
0 93.3 21.52 1.85
1.74 93.9 17.51 2.88
3.45 93.86 17.86 2.17
74.71 93.76 15.9 1.46
0.01 94.04 16.34 2.17
0 94.42 15.36 1.36
0 94.65 15.74 1.75
1.63 94.58 17.73 2.63
1.99 94.38 18.28 2.27
0.18 93.98 19.19 3.04
0 93.83 17.77 2.73
0 93.27 19.44 1.71
0.07 93.75 15.44 3.01
0 94.08 15.04 1.51
0.27 93.39 19.58 3.01
3.45 93.48 16.51 3.65
0 93.62 17.68 3.52
0.03 93.97 17.63 2.44
18.69 93.9 15.32 2.54
35.48 94.21 12.64 1.67
0.01 94.12 9.81 2.23
0 94.04 8.74 3.84
0 93.87 9.98 3.02
0 93.96 13.51 1.99
0.03 94.19 14.58 3.84
0 94.94 8.49 2.77
0 95.24 7.92 2.14
0 94.98 9.58 2.31
0 94.27 14.49 4.09
0 94.06 15.11 2.55
0 94.43 14.01 2.11
3.36 94.71 11.79 1.73
57.84 95.41 8.34 3.59
23.54 95.41 4.34 2.35
0.48 95.15 4.81 3.53
0.47 94.76 4.36 2.61
0 94.65 5.71 3.22
0 95.21 4.44 1.01
25.93 95.24 6.89 1.83
0.02 95.59 5.4 1.88
0 95.4 5.43 1.78
1.65 94.71 8.57 1.76
0.02 94.56 8.62 1.27
0 94.22 11.92 2.24
0 95 6.36 1.56
12.81 95.07 3.3 1.59
0.02 95.07 5.2 1.52
0 94.81 7.37 1.69
0 94.93 7.69 1.19
0 94.28 9.97 1.57
0.01 94.12 11.5 1.96
0 95.04 6.26 5.07
0 95.52 1.54 4.03
0 94.95 5.53 2.46
0 94.05 8.83 2.73
