1.35 96.25 -16.13 1.72
0.02 96.91 -17.49 1.87
16.82 96.8 -19.51 1.54
6.12 96.95 -18.09 3.52
0 97.28 -19.23 2.66
0.02 97.48 -18.93 2.3
0.19 97.57 -16.9 1.73
14.24 96.98 -15.62 1.27
7.74 97.12 -15.36 1.52
0 97.4 -15.31 1.38
0 97.37 -16.13 2.96
0 96.79 -18.65 3.35
0 96.82 -16.04 2.98
0.7 96.66 -16.09 1.36
0 97.74 -15.09 1.53
0 97.33 -14.46 1.07
0 96.96 -11.13 1.22
0.02 96.86 -6.54 1.64
0 96.33 0.24 3.48
0.07 97.56 -9.5 4.85
0 97.49 -13.01 2.61
0 97.18 -11.04 3.28
0 96.66 -8.12 2.92
0 96.06 -8.5 3.73
0 97.07 -9.2 3.56
0 112.7 -4.74 3.2
3.48 95.98 -3.75 3.02
0.01 96.6 -10.52 3.81
0 96.15 -5.27 3.99
0 96.23 -5.45 1.91
0 96.84 -9.18 1.83
0.22 97.04 -11.65 1.93
0 97.04 -14.89 2.13
0 96.97 -13.54 2.45
0 96.94 -13.92 2.07
0 97.28 -13.63 1.58
0.02 97.2 -11.6 2.27
3.7 96.21 -3.35 2.93
0 96.29 -4.48 2.03
0 96.92 -7.33 2.45
0 97.51 -10.33 3.61
0 97.94 -12.21 4.2
0 97.68 -11.7 2.08
0.04 97.03 -10.45 2.07
0 97.43 -10.36 2.52
0 97.62 -12.72 1.92
0 97.17 -10.42 1.93
0.01 96.7 -8.48 2.85
0 96.53 -8.42 2.5
0 95.99 -4.26 1.81
0 95.88 -6.68 1.71
0 95.98 -5.58 1.99
0 96.05 -4.85 2.64
0 95 0.53 2.56
6.58 95.31 -2.1 2.07
0 96.41 -6.06 2.54
0.21 96.6 -5.49 1.69
3.08 96.29 -6.06 2.24
1.68 96.87 -7.22 2.63
0.12 96.59 -7.77 2.01
0.31 96.29 -3.71 3.33
0 96.38 -1.97 3.23
22.02 95.94 -1.48 2.81
5.59 97.06 -9.06 3.46
0 97.77 -10.88 2.17
0.01 98.04 -11.47 2.07
2.11 98.34 -9.77 2.95
0.01 97.53 -9.2 2.55
0 96.16 -3.64 2.65
0.22 95.1 2.47 4.15
1.04 96.21 -4.3 4.69
0 96.91 -3.17 2.14
35.53 96.29 -0.98 2.07
2.08 96.22 -2.61 5.04
0.04 96.72 -4.63 2.52
0 97.12 -5.45 2.29
0 96.13 -2.71 2.81
0.35 94.72 3.73 2.86
38.79 95.34 -0.78 3.82
0 95.74 0.3 2.98
0.08 95.68 4.09 4
0 96.41 2.56 2.86
0 96.94 -0.42 2.85
0.04 96.94 -3.36 3.39
0.51 96.47 -2.79 2.1
1.25 97.05 -2.23 2.09
0 96.94 2.86 1.72
0.07 96.73 5.43 2.25
4.75 96.12 8.8 4.51
2.15 95.81 7.67 4.5
0 96.25 2.61 5.46
0 96.31 0.22 4.03
0 96 4.56 4.24
0 95.67 8.9 3.7
4.84 96.31 3.22 2.5
0.01 96.95 1.99 2.44
0 96.39 7.35 3.7
0.52 95.21 11.72 5.97
32.26 96.01 2.14 2.73
0 96.29 3.54 3.2
2.01 96.26 2.08 2.1
35.62 96.05 0.46 3.34
0.08 96.81 -0.58 5.24
0 96.96 1.93 2.38
0.15 96.3 4.53 3.04
10.62 96.54 3.25 1.66
0 96.54 5.36 3.17
14.26 95.82 10.13 3.17
52.65 96.29 8.01 1.97
0.16 96.62 8.49 1.92
0.11 96.86 10.09 2.26
0.63 96.62 9.4 2.6
0.13 96.53 8.51 1.93
0 96.13 12.87 2.89
2.36 95.9 13.73 4.46
51.2 95.76 4.7 3.26
19.34 95.32 2.98 3.23
0.16 95.42 5.37 5.99
4.54 95.59 7.06 4.74
6.51 95.85 11.57 2.71
0 95.29 16.85 2.12
0 95.02 18.53 4.21
0.49 95.58 16.54 2.21
3.98 95.1 141.77 3.07
258.11 94.69 10.54 3.36
12.5 95.15 12.98 4.5
18.72 95.23 11.62 1.9
2.15 95.48 15 2.49
54.82 95.27 10.84 2.99
12.39 95.16 9.88 2.42
4.43 96.18 10.02 2.6
0 96.44 13.22 1.7
0 96.41 15.84 1.8
5 95.98 17.37 3.28
6.61 95.85 20.08 2.53
0.99 96.06 19.06 2.85
34.73 95.62 16.18 3.01
129.5 94.71 12.39 2.88
0.72 94.39 18.21 4.57
0 95.22 22.21 2.59
0 95.37 24.65 2.91
0.3 95.39 22.51 2.07
1.59 95.04 21.21 2.66
12.82 95.22 17.3 4.14
1.22 95.82 21.28 3.59
0.12 96.27 21.76 2.23
4.85 96.23 19.5 2.09
81.83 95.68 15.54 2.69
57.94 95.26 16.38 2.31
57.72 95.71 15.01 1.91
11.91 96.29 16.51 1.45
2.02 96.22 18.46 1.67
0.53 96.34 19.26 1.67
0 96.38 21 1.77
0.01 96.18 21.74 2.17
0 95.87 22.96 2.29
0 95.88 23.08 2.61
0 95.97 24.27 3.18
0 96.08 24.72 3.01
0 96.16 25.13 2.21
1.53 96.05 22.27 2.16
0.05 95.81 21.49 2.9
0.43 95.47 22.49 2.15
15.05 95.22 22.8 3.14
65.66 95.08 22.09 2.78
1.34 94.96 23.33 2.5
9.8 95.07 23.92 1.72
86.15 95.16 21.39 2.01
11.82 95.23 20.91 1.91
1.94 95.31 23.08 1.5
0.18 95.68 23.03 2.9
0.02 95.3 23.05 2.2
16.44 95.62 20.4 2.22
0 95.71 23.24 1.56
0 95.6 25.08 1.87
0 95.59 26.06 2.25
0 95.52 25.62 1.9
27.7 95.32 22.3 1.74
74.95 95.25 22.14 1.4
0.28 95.29 23.89 1.41
0.07 95.09 24.71 1.64
111.73 94.99 22.03 2.15
3.95 94.98 25.15 1.58
0.04 95 27.66 1.48
8.76 94.98 26.78 2.39
0 94.96 26.52 3.01
0.04 95.13 24.92 2.53
18.34 95.44 21.22 2.03
5.95 95.61 22.48 1.97
1.07 95.59 22.4 2.03
78.66 95.41 20.88 1.89
70.1 95.38 21.05 1.44
186.18 95.64 20.45 1.27
6.21 95.87 22.64 1.21
0 95.82 24.3 1.9
72.57 95.39 22.86 2.47
6.54 95.18 24.7 3.23
1.16 95.4 25.8 2.37
3.12 95.35 26.93 2.37
13.31 95.45 25.61 2.58
280.98 95.36 23.29 1.87
1.78 95.59 24.46 1.55
3.48 95.7 25.85 1.56
3.18 95.75 26.61 1.62
3.4 95.87 27.39 1.62
0.59 95.72 27.57 2.28
12.52 95.61 27.32 2.07
12.01 95.27 26.83 2.33
110.2 94.87 26.09 2.71
8.76 94.87 22.98 1.47
28.04 94.84 25.73 1.42
145.23 95.15 22.46 1.9
0 95.77 21.71 2.17
0.02 95.68 22.96 1.61
9.28 94.97 24.45 2.68
63.63 95.15 23.57 1.87
164.82 95.55 22.17 2.87
0 96.32 21.02 1.74
18 95.97 20.96 1.6
139.36 95.24 22.33 2.39
23.5 95.3 22.6 2.3
0 95.52 22.07 1.92
0 95.24 24.82 2.33
22.14 94.98 24.51 1.78
2.84 94.86 25.67 2.13
29.48 94.76 24.13 2.8
0 95.25 22.37 2.77
0 95.63 22.99 1.63
19.98 95.65 23.31 2.49
8.06 95.84 23.5 2.72
127.65 95.98 22.38 2.07
1.82 96.26 23.18 1.77
181.47 96.17 18.97 1.55
77.34 96.12 18.94 1.38
1.11 96.13 20.12 1.43
0 96.05 22.51 1.77
0.08 96.28 21.81 1.49
1.36 96.46 21.99 1.77
0 96.17 21.21 1.71
2.46 95.97 20.76 1.33
27.3 95.58 21.21 1.62
12.97 95.71 21.09 1.75
0.81 95.77 21.83 1.82
31.88 96.26 20.62 1.48
3.44 96.39 21.22 1.47
0.04 96.28 20.08 1.13
0 96.01 20.01 1.62
0 95.79 22.33 1.65
2.41 95.97 23.33 1.58
0 96.53 18.36 1.91
0 96.37 17.27 1.36
1.63 95.93 17.83 1.32
16.77 95.57 19.06 1.67
0.45 95.8 19.63 1.34
0 95.94 20.87 1.12
1.69 96 22.41 1.42
0 96.12 22.38 1.49
3.81 95.91 21.74 2.37
124.26 96.29 15.34 2.33
267.54 96.4 9.75 2.12
167.26 96.26 12.45 1.34
0 95.99 16.12 1.5
39.46 96.21 14.8 2.12
197 96.84 10.06 2.79
0 96.75 10.12 1.98
0 96.55 12.79 1.52
0.56 96.29 14.77 1.59
10.84 96.04 15.76 2.74
0.37 96.22 13.48 2.25
0 96.15 11.21 4.32
0 97 9.19 2.88
0 96.6 10.18 1.47
0.04 96.29 14.97 1.84
0.99 96.63 13.09 1.44
347.49 96.34 8.43 2.43
87.61 96.26 7.47 3.25
0 96.4 9.75 2.08
0 96.04 13.18 1.44
0 95.91 16.75 2.15
0 96.07 17.94 2.86
0 96.02 17.3 2.66
0 95.55 16.9 2.81
24.67 96.15 11.38 2.37
126.57 96.57 5.7 2.42
0 96.69 8.25 1.61
0 96.23 10.17 1.58
0 96.41 8.94 2.87
0 95.97 7.85 2.89
0 96.78 3.14 2.92
0 97.37 1.04 1.31
16.8 97.33 0.21 1.27
47.01 97.33 1.69 1.29
0 97.2 2.67 1.31
0 96.69 4.02 1.41
0 96.36 8.89 1.81
5.89 96.52 9.5 2.58
3.39 97.06 3.87 3.65
0 97.42 0.52 4
0 98.11 -1.09 2.85
0 97.29 0.75 1.83
0 97.14 4.83 2.09
0 97.12 6.22 1.72
0 97.18 6.29 1.67
0 97 6.44 2.08
0 97.52 2.71 3.56
0 97.1 1.85 1.96
0 96.64 5.68 2.05
0 96.73 5 1.37
0 96.41 7.11 1.86
0 96.12 7.54 1.72
7.33 96.26 4.13 2.78
0.36 96.79 0.55 3.52
0 96.5 -0.95 1.43
0 96.09 0.09 1.44
54.86 95.47 0.84 3.67
2.14 95.99 -0.34 2.24
1.94 96.95 -0.73 3.38
0 97.95 -4.32 2.48
0.04 97.31 -3 2.34
0 96.63 0.32 1.65
0 96.57 1.3 2.07
0 96.22 5.28 3.41
0 95.75 3.96 2.3
0 95.52 5.98 1.99
0.23 95.64 2.56 4.45
0 96.45 -2.63 2.17
0 96.34 -1.84 2.13
0.01 96.5 -1.41 3.97
0 96.83 -6.26 2.22
0.47 96.02 -6.13 1.93
0 96.3 -6.39 5.98
0.45 96.54 -7.75 1.76
0.4 96.45 -7.24 1.32
0 96.04 -3.07 2.03
0.07 95.62 -2.97 2.08
0.07 96.18 -7.48 3.4
0 96.34 -6.06 2.34
0 95.26 1.64 2.27
0 96.63 -2.9 3.49
0 97.2 -5.82 3.15
0 95.93 -5.4 2.15
0 95.9 -6.79 1.76
0 95.46 -5.6 2.05
1.53 95.22 -7.91 4.13
0 96.32 -12.07 2
1.83 96.67 -13.8 2.57
0.16 97.39 -15.29 2.88
0 97.27 -15.82 3.69
0 96.96 -14.78 3.63
0 95.67 -9.35 2.8
0 95.51 -6.4 1.69
0 95.54 -4.01 1.86
0 95.8 -3.6 2.3
0 96.07 -1.5 1.8
0 95.82 -7.08 1.49
0.29 96.39 -10.37 2.87
0 97.67 -16.33 3.66
0 97.64 -15.81 3.43
0 96.72 -14.9 3.26
0 95.61 -11.85 3.12
0 95.28 -9.4 2.17
0 95.92 -11.41 3.54
1.63 96.19 -12.27 2
0.03 96.32 -12.12 4.95
0.52 96.82 -10.99 5.57
0 97.44 -10.85 3.25
0 97.62 -11.96 2.74
0 97.24 -12.74 1.19
0.01 96.84 -12.6 1.72
0.02 96.95 -11.29 4.35
0 97.57 -10.07 3.58
0.01 96.91 -7.93 2.01
0.2 96.77 -9.02 3.34
0 97.34 -12.74 3.46
0 96.61 -10.85 2.28
0 96.14 -11.49 3.62
0 96.34 -13.22 1.81
0.01 96.31 -11.31 2.38
0.03 97.33 -14.59 2.66
0 97.76 -17.23 3.62
0 97.56 -15.3 2.26
0 97.37 -14.14 2.63
0 97.09 -14.15 2.66
0 97.06 -14.19 2.92
0 96.97 -12.69 2.12
0 96.79 -12.64 1.67
0 96.78 -13.11 2.81
0.04 97.06 -14 3.47
0.01 97.24 -14.1 2.14
0.12 97.4 -14.71 2.32
0 97.84 -15.16 1.67
0 98.12 -14.09 2.31
0.02 97.65 -14.16 2.75
0 97.34 -13.99 3.54
0 97.12 -10.96 2.84
0 96.67 -3.61 2.85
0 96.38 -4.35 1.59
0 96.34 -7.54 1.36
0 96.2 -5.97 2.04
0 96.46 -5.77 2.2
0.03 95.66 -3.56 4.13
0.08 96.18 -2.56 2.7
0 95.95 -6.33 1.93
1.54 96.03 -6.84 3.02
0.12 96.87 -9.93 1.97
0.92 96.89 -9.88 1.31
0.95 97.12 -12.85 3.58
0 97.26 -12.06 2.25
0.14 97.17 -11.35 2.12
0.09 97.13 -11.59 1.66
0 96.39 -4.65 2.6
1.11 96.36 -5.23 1.53
2.65 96.77 -4.52 2.51
0 96.75 -4.3 1.87
0 96.59 -0.17 2.19
0 96.94 -0.85 1.71
0 96.55 1.06 1.97
0 96.05 2.28 3.56
3.67 95.86 1.5 2.33
0.61 96.6 -3.49 2.66
0 97.27 -4.92 1.77
6.98 96.68 -2.08 3.88
0.5 97.41 -8.43 3.79
0.11 96.93 -7.55 3.51
0 96.61 -6.03 2.77
0 96.62 -6.26 2.31
0 96.72 -4.2 2.62
0 96.38 -1.21 1.82
0.18 95.87 1.5 2.44
0 96.65 -1.04 3.82
0 96.38 -0.75 4.04
0 96.44 -2.78 4.64
0 96.81 -1.33 3.62
0 96.52 0.44 3.15
0 95.94 2.43 3.02
0 95.21 7.02 2.13
0.02 95.9 2.55 4.3
0 97.09 -1.64 4
0 96.78 -4.01 4.67
0 96.56 -2.94 3.13
0 95.96 3.22 3.23
0 95.56 5.48 4.5
0 96.03 2.35 3.21
0 96.21 0.65 2.29
0.88 96.79 -2.42 3.63
0 96.91 -2.04 3.03
0 96.63 -1.6 2.4
0 96.75 -1.52 4.25
0 102.22 0.1 2.61
0 102.17 1.51 2.74
0 102 3.47 2.94
0 102.28 3.18 1.89
0 101.91 7.58 3.15
0 101.63 8.3 1.94
0 101.18 10.26 3.6
0 102.47 3.27 4.37
0 102.43 2.91 2.55
0 101.96 6.13 2.36
0 101.89 7.95 1.55
0 96.43 10.29 3.04
0.11 95.71 10.98 4.77
1.61 96.03 8.43 3.84
0 96.05 8.76 3.81
0 95.85 9.73 4.03
1.94 96.54 6.26 3.08
0 96.23 9.41 3
0 95.58 15.2 3.4
0 95.69 14.32 1.84
0.07 94.94 16.07 2.87
0 95.78 11.15 4.73
0 95.58 12.29 3.95
4.1 95.5 8.88 6.33
1.44 96.16 7.32 5.02
0 96.06 10.15 2.38
0 95.46 13.99 3.89
43.38 96.21 8.28 2.42
3.61 96.08 7.27 2.05
9.75 95.81 6.17 2.72
2.39 95.37 7.38 3.88
0.15 94.98 9.29 2.04
7.6 94.99 9.5 2.72
3.22 95.67 8.23 2.92
0 95.21 9.99 1.85
45.27 94.61 8.56 1.62
10.23 94.51 10.01 2.46
1.75 95.39 13.78 3.75
0.4 95.65 12.18 3.67
0 95.98 13.29 2.9
1.57 95.6 13.4 3.1
130.22 94.83 9.86 3.11
0.11 94.81 11.3 3.09
0.03 95.32 13.73 2.8
1.47 95.37 15.29 3.78
23.22 95.1 16.77 2.77
0 95.37 18.54 1.95
0.23 95.03 17.4 4.39
0.51 94.93 14.1 5.9
0 95.11 16.29 6.15
0 95.28 16.77 3.99
0 95.83 14.11 3.61
0 95.82 14.94 2.09
0.01 94.77 17.43 2.84
22.21 94.51 18.25 3.92
13.36 95.64 14.51 3.07
0.95 95.75 12.85 3.42
0.45 95.65 13.36 3.81
0 95.49 18.14 2.73
0 95.63 19.05 2.71
0 95.76 21.28 2.91
4.25 95.68 21.13 4.25
10.19 95.63 19.38 4.52
0.02 95.42 20.95 3.29
0.82 95.25 24.32 5.51
9.96 95.34 22.81 2.61
54.3 94.92 19.22 2.84
12.98 94.83 17.58 2.76
0.03 95.29 19.9 2.5
4.6 95.01 20.97 4.52
6.98 95.09 19.46 3.67
0.8 95.37 20.17 2.04
0.9 95.23 23.46 2.11
28.06 94.61 24.8 3.14
17.11 94.35 21.97 2.67
28.08 94.59 21.58 2.09
0 94.99 23 2.78
36.59 94.97 21.04 2.05
238.12 95.13 16.74 2.19
14.12 95.29 19.7 2.12
17.63 95.35 21.44 1.59
55.5 95.17 20.06 1.95
76.45 95.15 18.46 2.05
110.92 95.36 17.32 1.64
0.7 95.47 20.32 1.4
0 95.4 23.08 1.39
0 95.25 25.36 2.27
0.08 94.95 26.81 2.9
0 94.88 27.05 2.69
9.35 94.68 22.39 2.49
79.7 94.91 17.14 2.57
1.03 95.58 20.18 2.38
0 95.95 21.23 1.68
10.33 95.35 21.8 2.79
19.78 94.66 22.31 2.24
4.56 94.86 24.55 2.59
0.05 95.02 24.6 3.36
21.69 94.94 23.17 2.78
63.03 95 22.12 1.76
0.34 94.87 23.76 2.35
0 94.98 24.39 2.39
0 95.11 25.51 2.1
27.43 94.65 22.91 2.37
1.33 94.32 25.35 3.09
94.68 94.44 18.82 1.55
38.32 94.52 19.09 2.51
4.58 95.16 21.77 1.82
14.39 95.35 23.48 2.29
12.9 95.42 24.08 2.32
7.93 95.43 23.8 2.42
1.43 95.24 24.05 1.67
70.73 95.34 22.39 1.86
14.08 95.32 23.13 1.48
34.33 95.2 22.53 1.78
35.24 95.25 21.78 1.5
37.54 95.3 22.62 1.15
214.84 95.14 21.31 1.39
91.76 95.08 21.55 1.65
91 95.03 22.29 2.05
26.44 94.97 23.57 1.98
0.33 95.05 25.1 1.61
28.45 95.05 25.33 2.35
381.33 94.87 22.67 2.5
133.27 94.77 22.89 2.23
9.49 94.99 23.23 2.23
1.72 95.18 24.85 1.73
39.03 95.36 22.89 1.45
132.84 95.02 21.37 1.65
0.03 95.08 23.55 1.57
0.61 95.21 24.62 2.1
0.76 95.58 23.48 1.78
0.1 95.21 23.75 2.14
0 95.15 23.87 2.06
0.03 95.36 24.35 1.76
7.03 95.36 23.46 1.47
12.95 95.37 23.93 1.6
21.04 94.97 23.92 1.54
14.14 95.07 25.5 1.93
0 95.5 24.92 1.42
0 95.35 25.44 1.42
0 95.07 25.85 1.85
31.15 94.83 25.37 1.89
56.63 95.19 21.7 1.8
243.19 95.25 19.05 1.5
25.51 95.25 21.79 1.54
23.23 95.42 21.27 1.24
0.18 95.67 21.84 1.43
0.29 95.83 22.28 1.31
0 95.81 23.58 1.41
1.03 95.7 23.59 1.78
34.31 95.93 21.5 1.72
0 95.93 20.77 1.26
16.38 95.91 20.63 1.46
3.55 96.13 20.75 1.45
0.35 96.22 21.7 1.61
21.61 96.02 20.02 1.71
15.34 95.68 21.12 1.34
1.53 95.57 22.59 1.45
0 95.5 23.58 1.48
29.86 95.25 22.84 2.8
1.1 95.78 19.44 1.58
0 95.59 20.06 1.56
2.61 96.11 18.44 1.71
0.25 96.05 18.91 1.27
0 96.1 18.26 1.16
0 95.65 19.39 1.29
26.4 95.27 18.81 2.78
3.02 95.93 14.13 1.97
0.12 96.49 13.71 1.92
3.03 96.75 14.21 1.89
11.74 96.22 17.08 1.91
0.23 95.94 17.87 2.32
0.05 95.51 20.39 2.94
24.44 95.61 17.61 1.99
8.77 95.84 14.97 1.71
39.87 96.18 13.1 2.46
0 96.57 10.25 2.41
0 97 10.2 2.12
0 96.83 10.79 1.39
0 96.48 12.03 1.53
0 96.06 13.35 1.51
0 96.16 14.41 1.96
0 96.07 14.86 1.72
0 95.78 17.33 2.52
0.14 96.08 17.96 1.72
0.11 96.24 18.57 2.58
0.03 96.07 18.47 2.48
4.48 95.91 15.6 2.31
0.3 96.37 9.58 2.86
0 96.89 7.27 2.49
0 96.92 7.98 2.8
0 97.38 8.53 2.78
0 97.03 9.73 1.44
0 96.34 11.5 2.06
0 95.75 13.24 3.43
0 96.36 10.58 2.44
0 96.36 10.63 1.41
0 96.11 14.05 2.37
0.08 96.51 14.06 2.77
0 97.05 9.64 1.35
0 96.75 12.1 1.73
0 96.17 14.33 1.37
64.57 95.63 11.28 1.65
7.09 95.53 9.9 1.77
1.73 95.14 9.62 2.41
1.28 95.65 9.53 4.11
0 96.7 5.39 2.29
0 96.75 8.56 1.55
0 96.54 11.15 2.37
0.01 96.36 14.68 3.23
0 96.3 13.87 2.04
0.3 96.2 11.15 1.32
29.44 96.75 5.5 3.79
0.02 97.09 3.33 3.35
0 97.12 4.64 1.87
0 96.68 6.26 1.57
0.81 96.53 7.83 2.2
0 96.81 6.8 1.49
0 96.47 7.03 1.46
0 96.25 9.62 3.02
0 96.46 10.83 3.6
2.25 96.65 12.13 2.62
0.17 97.28 5.87 1.6
0.85 96.97 7.53 1.63
3.22 96.69 10.33 2.81
0.34 97.41 3.83 3.03
0.04 97.26 2.37 1.48
0 97.18 3.54 1.82
0 97.15 3.24 1.56
0 96.95 2.2 1.26
0 96.32 2.56 1.31
0 95.72 4.43 2.01
0 95.98 6.12 3.11
0.07 96.8 -0.96 2.77
0 96.95 -4.13 1.48
0 96.99 -3.4 1.47
0 97.19 -0.62 1.81
49.88 96.55 0.44 1.07
8.59 96.32 -0.58 3
0.93 96.54 -4.65 3.2
0 97.03 -5.95 2.31
0 97.03 -4.29 1.69
17.67 96.63 -5.37 2.25
0.49 97.24 -7.47 3.17
0 96.99 -8.54 1.01
0.07 96.97 -6.83 1.42
0.78 96.26 -0.12 1.59
0 96.36 -1.59 1.2
0 97.2 -3.3 2.61
0 97.77 -7.94 1.68
0 98.04 -7.78 2.17
0.09 97.3 -7.86 0.99
0.03 96.58 -5.71 1.04
0 96.78 -6.31 1.52
0 97.13 -7.92 1.24
0.89 97.38 -8.65 0.82
0.98 97.31 -5.79 0.94
0.72 97.59 -7.06 2.88
0.02 97.91 -11.25 3.85
0 97.51 -10.76 3.05
0.01 96.65 -6.53 3.72
0 96.68 -3.28 2.44
0 97.19 -6.71 1.48
0.01 96.47 -3.4 2.97
0 97.17 -8.38 4.33
0 97.41 -12.1 3.55
0 97.53 -11.73 3.44
0 97.27 -10.14 2.28
0 97.33 -10.07 2.08
0 97.25 -11.09 1.02
0 96.89 -10.23 1.95
0 96.83 -9.33 3.43
0 97.12 -11.27 2.18
0 96.61 -9.45 2.55
0 96.82 -12.86 1.45
0 97.33 -12.93 1.32
0 97.59 -11.97 1.38
0 97.07 -8.34 1.49
0 97.48 -10.72 1.89
0 97.84 -14.79 1.22
0.09 97.27 -12.97 1.12
0.01 97.04 -10.01 1.94
0.49 97.44 -11.31 2
0.75 96.87 -11.77 2.14
0.26 97 -12.08 3.74
0 97.24 -11.65 2.37
0 97.04 -11.71 1.83
0 97.87 -14.12 1.42
0.12 97.77 -15.04 1.06
0 97.33 -12.5 1.25
0 97.3 -13.54 1.05
0.12 97.33 -12.98 2.73
0 97.44 -12.45 2.69
0 96.53 -7.27 2.6
0 96.78 -9.22 1.88
0 96.71 -9.2 1.89
0 96.46 -10.47 1.13
0.05 96.29 -9.26 1.16
0.07 96.5 -11.54 0.97
0 96.66 -11.12 1.17
0 97.11 -11.59 1.12
0.01 97.78 -13.41 3.51
0 97.66 -17.31 2.87
0 97.32 -17.32 2.65
0 96.8 -17.05 2.08
0 96.63 -16.14 2.35
0 96.23 -14.17 2.37
0 96.35 -13.39 1.75
0 96.89 -14.54 1.58
0 97.11 -14.79 1.51
0 97.51 -15.37 1.73
0.05 97.15 -17.25 1.26
0.28 96.63 -15.87 3.38
0 97.43 -16.92 4.07
0 97.42 -15.15 2.91
0 96.42 -12.79 2.63
0 96.51 -9.83 2.3
0.15 95.94 -6.37 2.08
0.03 96.54 -11.74 4.86
0 96.79 -15.01 4.4
0 96.36 -12.09 4.19
0 96.54 -9.98 2.82
0 96.91 -10.85 2.5
0 96.93 -10.87 1.78
0 96.65 -8.52 2.33
0.03 96.34 -4.11 1.98
0.23 96.89 -8.21 3.05
0 96.86 -10.27 2.61
0.04 96.93 -10.85 3.31
0 97.06 -12.12 4.45
0 96.97 -9.58 3.09
0 96.35 -5.88 2.57
0 96.5 -7.74 1.95
0 96.29 -9.24 1.22
17.68 95.85 -7.19 2.54
0 96.81 -7.08 2.39
4.7 96.65 -6.29 2.15
0.08 97.12 -7.99 3.23
0 97.07 -8.22 2.04
0 96.54 -6.02 1.79
0 96.14 -1.38 2.64
0 96.29 -0.07 1.99
5.44 96.87 -3.41 1.78
0.4 97.08 -6.8 2.04
0.28 97.05 -5.89 1.57
0.07 96.42 -1.75 1.72
35.06 95.67 -2.72 1.32
34.78 95.69 -3.76 2.45
0.04 96.35 -4.5 3.01
0 97.1 -7.43 3.18
0 96.84 -8.27 1.78
0.2 96.67 -7.49 4.37
0 97.16 -7.09 3.62
0 96.85 -5.55 1.93
0 96.16 -1.36 2.78
0 96.73 -0.67 1.99
0 96.34 2.69 3.28
4.95 95.41 5.57 3.89
7.54 96.11 -2.6 3.61
8.32 96.96 -7.38 2.7
0 96.68 -1.92 2.36
0 96.63 -0.07 1.85
0 95.98 4.84 3.66
0 96.58 2.82 1.7
7.77 95.67 1.37 3.78
0 96.06 0.52 5.45
0 96.55 0.7 3.46
0 96.22 4.92 2.4
0 96.4 8.8 3.09
0 96.62 9.34 3.22
0.28 95.56 10.66 7.05
0.54 96.23 2.22 4.48
0.27 96.24 0.15 4.51
0 96.31 -0.1 1.89
4.51 96.14 1.81 2.49
0 95.74 4.56 3.84
0 95.54 4.99 4.65
0 95.82 4.32 4.4
0.11 96.23 3.58 2.62
0 95.74 9.38 3.66
0 95.8 11.09 4.39
0 95.74 13.03 3.47
9.39 95.45 13.97 5.23
5.25 95.8 8.46 4.44
0 95.24 12.38 3.2
0 95.1 14.35 3.37
0 95.12 15.19 3.25
1.02 95.72 10.09 3.55
0 96.06 9.37 2.62
0 95.12 16 3.7
0 95.16 18.22 3.97
1.38 95.62 14.38 4.48
47.97 96.12 13.09 3.03
2.27 95.54 12.47 2.27
0.44 94.86 14.06 1.86
0.53 94.83 17.4 3.75
154.08 95.29 12.79 2.39
95.48 95.23 9.74 4.2
0 94.68 11.29 3.49
0.11 94.33 12.27 6.74
0 95.62 10.19 3.4
0 95.63 12.71 2.58
0.61 95.29 17.84 3.61
0.4 95.89 16.89 2.39
14.35 95.38 17.35 2.06
0 95.42 20.89 2.18
0.82 95.57 20.25 2.37
0 95.63 18.25 3.65
0 95.27 17.56 2.35
0.83 95.27 16.92 1.84
0 95.48 18.27 2.06
0.05 95.75 20.23 2.43
7.1 95.95 20.25 2.48
56.92 96 15.63 1.64
28.99 95.53 13.6 2.37
19.26 95.29 12.14 2.92
5.49 95.23 12.99 3.83
0.01 94.95 13.07 2.86
9.61 94.7 12.8 4.48
0.11 95.18 16.11 1.81
0 95.07 22.08 3.69
17.26 95.64 20.14 3.05
5.28 96 19.15 2.05
0.12 95.85 20.82 3.67
3.36 95.56 19.93 3.68
7.19 95.67 17.85 3.04
0 95.67 17.43 2.9
0 95.46 18.47 2.48
0 95.1 20.44 2.42
0 95.59 20.73 2.15
0 95.71 22.98 2.21
8.86 95.71 20.73 2.67
64.05 96.12 15.34 2.8
0.19 96.22 17.41 1.71
11.64 95.82 17.21 3.16
25.32 95.53 17.18 2.65
116.56 95.33 15.76 2.13
14.55 94.99 18.83 3.02
2.36 95.17 20.86 2.14
7.22 94.76 20.56 2.38
16.27 94.62 22.29 2.36
36.35 94.61 22.24 2.43
81.88 94.48 21.35 3.06
17.61 94.62 17.73 2.53
2.03 94.33 17.35 3.2
12.02 94.42 17.15 2.02
101.64 95.05 14.85 1.75
339.9 95.28 15.07 2.11
163.52 95.26 16.07 2.56
5.26 95.13 19.61 1.57
9.25 95.02 22.38 1.58
12.17 95.23 21.57 1.79
55.96 94.97 21.79 1.38
10.17 95 22.56 1.72
3.06 95.17 22.37 1.44
55.96 95.15 20.93 1.66
1.12 94.91 22.26 2.28
37.78 94.92 22.53 2.89
25.57 95.29 21.41 2.24
12.88 95.67 22.9 2.36
1.48 95.82 23.17 1.75
3.11 95.56 21.2 2.44
76.78 95.13 21 2.18
0 94.94 23.92 1.95
4.66 94.58 24.66 3.48
5.51 94.57 22.98 3.08
0.87 94.55 22.93 2.77
0.11 94.93 23.59 1.66
1.2 95.09 23.37 1.7
0.69 94.96 24.26 1.51
18.53 94.94 24.81 2.09
63.95 94.95 25.39 2.31
33.43 95.01 24.56 2.15
206.23 94.61 20.91 1.75
48.91 94.33 19.8 2.48
81.72 94.73 19.74 2.79
13.72 95.24 21.69 2.83
0 95.26 21.72 1.52
0 95.29 23.01 1.56
0 95.54 24.73 1.39
0 95.66 24.81 2.06
0.22 95.49 24.6 2.18
2.21 95.31 24.94 1.48
7.94 95.25 25.31 1.71
47.83 95.2 24.07 1.75
510.26 94.76 22.34 3.46
0 95.26 23.79 1.46
0 95.48 24.17 1.81
6.89 95.4 24.6 2.38
100.32 95.01 25.36 3.09
2.14 95.39 24.38 1.53
132.35 94.96 23.19 2.46
25.37 94.6 24.2 3.34
0.35 95.26 22.53 1.69
82.17 95.58 20.25 1.41
158.14 95.72 19.33 1.58
218.09 95.65 20.2 1.42
26.85 95.71 21.79 1.6
191.22 95.72 21.87 1.65
0 95.9 23.53 1.18
0 95.73 24.34 1.22
0 95.36 25.59 1.89
15.33 95.24 25.17 1.9
12.32 95.52 23.9 1.31
0 95.4 24.19 1.6
19.13 95.49 20.81 2.09
28.64 95.5 18.58 2.03
1.03 95.61 20.36 1.61
2.96 95.33 19.36 1.86
2.9 95.37 21.4 1.57
0 95.73 22.4 1.89
0.08 95.31 23.31 2.94
99.34 95.31 23.26 2.19
4.78 95.41 21.75 1.38
22.79 95.38 20.76 2.21
9.19 96.02 16.97 1.72
0.06 96.16 16.98 1.85
0 95.92 20.28 2.44
0 95.86 21.98 2.22
0.24 95.7 22.33 2.3
1.91 95.75 21.55 1.44
17.81 95.64 21.41 1.55
0.95 95.15 22.67 1.88
1.44 95.28 23.91 2.44
0 95.55 24.72 1.91
0 95.66 25.5 2.11
0.7 95.71 24.94 1.99
203.44 95.65 17.94 2.93
54.16 96.03 13.83 2.66
0.59 96.07 13.72 1.65
1.64 96.19 16.29 1.85
0 96.1 19.71 2.11
31.79 96.24 18.15 1.59
2.01 96.14 17.37 1.11
0 96.06 18.76 1.2
0 95.99 20.71 1.68
40.05 95.67 19.69 2.05
88.91 95.66 14.04 3.11
0.39 95.8 12.57 2.29
0 96.19 14.23 1.51
0.14 96.67 14.51 1.13
0 96.76 14.21 1.27
0 96.08 15.12 2.14
0 95.6 15.98 2.23
0.22 95.61 16.12 1.36
0 95.83 17.73 1.55
2.44 95.75 18.74 2.11
1.08 95.76 17.77 1.48
4.1 96.09 16.29 1.34
0.35 96.43 16.17 1.48
18.16 96.28 15.58 1.86
3.04 96.52 15.49 1.18
75.1 96.16 11.68 1.54
89.2 96.07 9.98 5.89
1.82 96.28 11.92 3.52
0 96.32 11.31 1.48
0 96.18 12.75 1.37
0.49 95.98 14.23 1.95
1.56 95.78 13.66 2.54
0 95.92 13.32 1.91
0 96.47 11.48 1.63
0 96.9 12.13 1.18
0 96.76 13.59 1.31
0 96.25 15.73 2.14
35.92 95.81 13.41 2.84
0 96.35 8.83 2
0.02 95.98 10.5 2.15
0 95.77 13 1.8
0.11 96.14 9.56 3.37
0 96.59 7.35 2.13
0.01 96.73 7.68 1.92
56.34 96.06 9.38 3.14
0 96.11 4.88 3.28
0 96.2 5.75 2.17
0 96.04 8.18 2.06
0 96.44 6.76 1.64
64.89 96.76 2.53 1.06
78.16 96.15 2.58 1.77
0 95.84 6.2 1.67
0 95.56 9.34 2.57
0 96.23 8.86 1.75
0 96.25 11.01 2.24
7.63 96.1 11.15 2.83
0 97.07 4.04 1.68
1.65 96.97 0.74 1.92
0.09 96.57 0.58 2.86
0.06 96.39 0.27 2.12
0 96.4 2.21 1.51
0 96.62 1.04 1.84
14.58 96.6 2.05 1.42
179.4 96.17 1.36 83.19
64.42 96.42 -0.2 3.08
0 96.5 -2.46 1.31
0 96.16 -0.5 1.58
0 96.4 0.27 1.44
0 96.87 -1.64 1.17
46.06 96.55 -1.38 0.94
162.34 95.14 -1.82 4.72
0.67 95.68 -3.47 3.37
0 95.75 -5.18 4.18
0 96.59 -4.34 2.83
0 96.9 -5.92 1.31
21.04 96.34 -2.53 1.59
0 96.26 -5.17 81.03
0.02 95.98 -4.7 2.53
0.01 96.52 -2.84 2.73
0 96.6 -4.91 1.31
0 96.23 -2.01 2.14
5.27 96.73 -4.96 2.26
0 96.66 -6.02 2.21
0 96.13 -4.79 2.11
0 96.03 -2.72 3.08
0 96.14 -7.03 2.54
0 95.23 -3.35 3.55
0.02 95.94 -5.63 3.8
0.02 96.54 -8.67 1.97
0 97.26 -12.16 2.25
0.13 96.95 -13.15 1.82
0.53 95.81 -4.53 2.72
2.8 95.96 -7.15 3.73
0 96.28 -10.29 1.7
0 96.29 -12.29 2.89
0 96.27 -14.14 2.42
0 96.43 -15.5 2.22
0.01 96.41 -16.11 4.11
0 96.53 -11.21 3.86
0.05 97.17 -12.7 1.42
0.03 97.33 -12.89 1.12
0.08 96.79 -11.39 1.5
0.02 96.78 -8.78 1.23
13.06 96.85 -9.69 1.45
0.97 96.65 -8.39 1.48
0.37 97.04 -11.54 1.19
0 97.35 -12.01 3.55
0 97.47 -14.16 2.41
0.01 96.94 -14.72 1.04
0.16 97.06 -11.88 235.4
5.72 97 -9.72 3.21
0.01 97.49 -15.24 3.01
0 97.32 -19.04 2.3
0 96.47 -18.06 3.71
0 97.62 -18.07 2.53
0 97.37 -18.26 1.27
0 96.75 -13.62 1.23
4.17 96.74 -14.04 1.07
17.38 96.74 -12.14 3.61
0 96.38 -15 3.16
0.03 95.87 -15.3 1.63
0 96.29 -16.97 3.74
0 97.4 -17.84 4.37
0 97.99 -15.64 2.25
0 97.04 -16 1.56
0 96.86 -14.29 1.6
0 96.78 -15.5 1.32
0 96.68 -15.11 1.64
0.03 97.1 -16.58 1.84
0 96.91 -15.49 1.7
0 96.78 -15.3 1.31
0.85 96.41 -13.44 0.99
0 96.49 -12.51 1.59
0 96.5 -13.42 1.03
0 96.95 -10.77 1.93
2.8 96.71 -13.33 1.77
0 97.38 -14.16 2.61
0 97.64 -12.08 1.69
0 96.64 -8.34 2.12
0 97.17 -9.86 1.36
9.35 97.21 -9.7 1.03
0.39 97.21 -9.08 1.93
0 96.98 -12.73 1.2
0.02 95.83 -8.28 2.35
0.05 96.43 -13.47 4.08
0 96.51 -14.97 1.66
0.18 96.85 -14.7 1.18
0.04 96.75 -12.01 1.86
0 96.29 -7.15 1.33
0 96.58 -7.49 1.25
0.04 96.52 -5.88 1.52
1.86 96.44 -5.74 1.58
1.45 96.97 -7.56 4.1
0 97.14 -10.48 2.15
2.02 96.16 -8.81 2.33
0 96.88 -9.26 2.9
0.01 96.43 -8.19 1.82
1.98 96.74 -14.72 3.94
0 97.58 -17.4 4.95
0 97.49 -15.97 1.53
0.55 96.58 -11.84 2.08
0 97.19 -12.77 2.28
0.08 97.24 -12.16 1.76
0 96.49 -7.18 89.24
0 96.26 -4.88 2.67
0 96.92 -8.95 2.26
0 96.88 -10.12 1.59
0 96.18 -6.66 2.28
0.03 96.1 -4.75 4.01
0 96.84 -10.42 3.24
0 97.02 -12.16 2.21
0.03 96.95 -11.64 1.79
0 96.81 -8.28 2.8
0 97.01 -6.99 2.54
0 96.95 -4.61 1.76
0 97.12 -6.43 1.61
7.06 96.96 -7.01 1.89
0.59 96.04 -0.98 2.45
0 95.95 0.55 2.57
0.24 95.41 -2.14 5.62
0 97.19 -7.48 5.81
0 97.28 -5.44 1.85
0 96.17 -0.94 2.59
0 96.48 1.62 2.68
0 95.86 5.37 3.01
0 95.81 3.51 1.63
0 95.24 3.91 2.1
0 95.15 0.32 2.45
0 95.22 -2.42 5.17
0 96.74 -1.78 2.09
0 95.96 4.09 3.55
23.8 95.89 0.27 3.66
0 97.09 -5.66 4.17
0 96.6 0.45 3.02
0 96.11 5.45 2.65
0 96.53 5.23 2.87
0 95.07 7.59 3.34
0.89 95.21 -2.25 3.81
20.89 95.99 -6.53 3.19
0.26 96.41 -6.58 2.9
0 95.13 1.15 5.55
0 96.13 -2.61 2.92
28.87 95.82 -4.82 3.37
0 96.5 -4.68 3.34
0 96.37 -1.62 1.84
0 95.38 4.36 4.04
2.2 95.56 1.9 3.47
0 96.41 -0.5 3.25
0 96.64 -1.37 2.4
0.4 96.54 0.07 1.76
7.91 96.25 1.53 2.18
110.09 96.34 0.76 2.56
0 95.83 4.25 2.99
0 95.89 5.98 2.9
18.4 96.09 0.38 2.22
55.3 96.31 -0.45 3.15
0 96.09 0.14 2.84
0.29 95.28 1.7 2.72
15.01 95.25 1.1 2.99
4.3 96.16 0.96 3.81
0.78 96.02 1.89 3.44
0 96.06 2.91 3.54
0 95.6 7.88 2.58
0.23 95.11 7.07 4.36
0 95.39 3.23 5.11
0 95.15 4.91 2.23
7.15 95.4 4.41 3.19
48.77 95.75 1.71 454.88
5.63 96.68 1.6 4.58
0 96.72 2.97 2.03
0 96.38 5.57 2.59
0 96.06 8.73 2.1
0.21 95.49 12.62 4.58
70.45 95.53 7.71 2.25
1.09 95.44 8.22 2.81
0.06 95.52 9.27 4.46
0 95.6 10.64 1.83
0 95.58 13.91 2.16
7.09 95.36 12.62 3.94
0.34 95.49 12.4 6.19
0.85 95.99 11.37 5.45
1.07 96.08 12.05 2.12
1.62 95.97 12.42 2.08
3.6 96.15 13.22 1.87
0 95.89 17.46 2.79
0 96.07 20.68 1.81
0 95.98 22.05 2.18
0 96 22.07 2.92
0.17 95.76 22.14 4.37
17.48 95.43 14.96 2.26
36.26 94.53 15.15 3.58
0 94.15 18.02 4.25
0 94.74 16.95 2.67
0 94.81 18.93 2.43
1.03 95.38 17.01 4.69
0 96.31 16.81 2.64
0 96.23 18.11 2.28
1.15 95.59 18.84 3.01
0 95.03 19.49 3.35
18.5 94.38 15.94 4.61
0.02 94.4 18.06 3.98
0 94.73 19.31 2.86
0 95.63 20.23 2.24
10.3 95.42 23.98 4.15
1.52 95.98 18.64 2.21
0 95.62 21.29 2.26
1.84 95.38 21.42 3.95
1.65 95.18 19.78 3.97
1.35 94.91 19.83 2.97
0 95.18 19.95 4.16
0 95.03 24.18 2.88
0.03 94.64 25.98 4.88
0 95.35 20.48 2.59
8.06 95.13 18.98 3.3
0.09 95.29 19.63 2.99
11.39 95.93 18.3 2.46
35.28 95.8 18.69 2.63
4.24 95.58 19.35 3.24
3.11 95.38 22.35 3.11
0.77 95.22 22.92 3.94
36.27 95.59 17.3 2.69
3.49 95.82 17.91 1.74
17.09 95.56 16.28 1.94
5.74 95.33 18.01 1.93
0.04 95.38 22.66 3.74
0.17 95.37 24.43 3.96
3.44 95.25 24.7 2.84
108.14 95.21 19.76 2.32
8.52 94.92 21.81 1.66
41.33 94.62 21.09 1.82
0.36 94.96 23.85 2.05
0 95.48 24.22 2.33
0.09 95.65 24.48 1.88
1.22 95.4 23.41 1.56
7.92 95.08 22.73 2.01
30.35 94.96 21.85 2.67
81.39 94.73 20.98 2.56
107.5 94.41 20.56 1.93
49.53 94.53 22.56 2.22
66.27 94.97 21.52 1.93
159.49 95.03 22.36 2.96
36.22 94.98 23.14 3.47
67.24 94.72 23.01 2.47
207.61 94.23 22.74 2.69
0.1 94.21 24.89 3.24
2.21 94.21 25.1 2.55
1.85 94.58 25.01 2.11
1.21 94.82 25.32 2.51
7.86 94.66 25.4 3.78
54.96 94.94 24.12 2.08
89.91 95.15 22.16 1.38
1.63 95.34 22.96 1.29
0.64 95.33 23.2 1.24
20.88 95.31 23.52 1.91
46.04 95.48 23.11 1.96
0.36 95.48 24.36 1.81
203.96 94.79 22.16 2.36
149.77 94.58 23.07 2.96
0 95.19 24.06 2.42
0.23 95.09 22.96 2.65
117.32 94.98 21.7 2.13
4.44 95.19 22.46 1.81
0.27 95.21 24.17 1.63
11.95 95.08 24.11 2.06
16.47 94.64 24.03 1.73
1.72 94.68 24.54 3.06
0.02 95.01 24.81 1.91
0.03 95.05 25.35 1.68
36.41 94.84 23.34 1.74
15.75 94.73 25.56 2.26
0.41 94.69 25.62 1.52
1.6 94.51 26.35 1.87
9.75 94.64 25.74 2.09
15.09 94.92 25.85 2.93
0.36 95.16 25.9 2.64
1.21 94.95 25.95 2.54
12.8 94.57 26.7 2.56
23.9 94.43 25.46 1.78
22.47 94.6 26.17 2.25
16.74 94.84 26.73 2.05
12.17 94.62 27 1.94
27.21 94.82 25.02 1.67
1.85 95.24 25.89 1.44
4.82 95.33 27.01 2.53
42.59 95.05 25.16 2.68
6.05 95.04 25.74 2.72
46.13 94.99 26.55 2.39
5.13 95.04 26.18 1.73
205.65 94.52 24.58 1.52
0.11 103.63 25.96 2.37
0 95.52 22.9 2.62
0 95.78 22.2 1.85
2.72 95.77 21.65 1.18
2.38 95.35 24.16 2.25
0.47 95.49 23.33 1.92
0 95.68 22.91 1.56
0.07 95.68 23.14 1.61
14.86 95.42 22.3 1.87
18.66 95.51 19.76 2.05
10.88 95.47 19.39 1.46
251.61 94.87 18.33 1.34
32.47 95.05 15.85 3.01
0.11 95.73 16.22 2.38
16.99 95.81 17.26 2.02
2.47 96.08 16.15 1.66
7.85 96.24 16.34 1.55
0 96.32 16.43 1.35
6.12 96.2 17.23 1.56
130.07 96.18 14.97 1.37
32.08 96.23 15.16 1.17
7.39 96.27 16.59 1.33
1.63 96.22 18.22 1.49
19.86 95.75 19.08 2.1
0.17 95.83 17.48 1.65
0 95.9 18.01 2.52
1.57 95.67 20.63 2.99
31.17 95.01 20.54 3.17
0.23 95.34 20.1 3.27
0 96 14.15 1.78
0.82 95.68 16.56 1.73
7.16 96.23 16.66 1.3
10.06 96.7 15.97 0.95
6.6 95.73 19.81 3
0 96.12 18.5 1.57
0.05 96.16 18.99 1.28
3 96.01 18.77 2.64
54.58 96.35 13.63 2.87
0 96.62 9.4 2.24
0 96.45 11.1 2.35
0 96.12 12.4 2.15
0 95.43 17.86 3.34
0 95.52 16.44 2.69
0 96.43 13.28 1.3
0.98 96.36 14.12 1.83
131.38 96.35 11.38 2.15
0.02 96.48 10.89 2.64
0 96.32 9.56 1.77
0 95.6 17.21 3.42
0 96.64 13.85 1.36
0.01 96.62 15.15 2.47
0.03 96.87 12.59 2.44
0.24 96.41 11.24 1.74
0 95.39 15.75 2.66
14.85 95.41 14.26 3.75
0 95.89 11.14 2.94
0 96.39 11.78 1.54
37.88 96.43 11.06 2.61
4.95 97.27 4.75 4.19
0 97.33 3.18 1.36
0 96.91 6.69 1.5
0 96.95 7.22 1.43
0 96.7 11.17 2.74
36.77 96.87 9.73 1.4
3.4 96.9 7.83 1.82
0 96.79 6.56 1.14
30.59 96.68 5.98 2.09
52.38 96.57 2.79 1.98
0.02 96.75 4.54 3.79
0.02 97.02 6.45 2.88
0 96.58 5.32 1.28
0 96.03 7.25 1.86
7.65 96.56 6.24 1.87
1.36 97.12 4.54 2.28
0 97.06 3.95 1.37
0 97.15 4.65 0.95
0 96.93 5.07 1.41
0.26 96.36 8.21 1.91
4.93 96.63 8.04 3
0 97.02 6.28 1.73
0.02 96.28 6.61 2.48
0.16 95.84 6.94 3.64
0.01 96.27 3.85 2.75
0 96.37 2.49 2.03
0.16 96.87 2.86 3.53
0 96.86 -0.83 3.79
0 96.95 1.02 2.21
0 96.82 1.7 1.76
0 96.21 2.58 2.58
0 95.94 3.22 2.75
0 95.93 3.26 1.95
0.26 96.06 2.54 3.02
0.01 96.46 -2.22 3.9
0.04 96.63 -2.71 5.8
0 96.57 -3.18 3.59
0 96.64 -2.29 2.5
0 96.83 -2.7 1.35
0 96.55 1.08 1.8
0 96.26 1.1 1.58
0.04 95.92 -0.05 2.29
0 95.78 -3.28 4.11
0 95.93 -5.93 3.53
0 96.17 -8.96 5.87
0 96.36 -5.26 3.73
0 95.94 0.75 3.02
0 96.59 -2.05 2.61
4641.84 96.34 -1.13 2.36
4641.84 96.1 -0.48 1.42
4641.84 96.36 1.96 1.92
4641.84 96.38 1.76 2.47
4641.84 96.62 -0.79 2.82
4641.84 96.22 -1.71 1.15
4641.84 96.32 -4.54 1.32
4641.86 96.27 -3.33 2.07
4641.85 96.46 -4.91 3
4642.11 95.96 -6.99 3.08
4642.31 96 -8.06 2.04
4641.84 96.1 -10.82 3.83
4641.84 96.44 -11 3.19
4641.84 96.79 -8.46 2.74
4641.84 97.4 -8.36 1.41
4641.84 97.37 -9.83 1.31
4642.11 97.64 -11.33 2.41
4642.11 97.27 -12.3 3.03
4642.29 97.13 -11.19 3.35
4641.86 97.52 -10.36 2.66
4641.84 97.58 -9.91 1.44
4641.84 97.29 -10.22 1.17
4641.84 97.43 -8.91 1.47
4641.84 97.39 -9.41 1.18
4641.88 96.78 -6.79 2.4
4642.09 97.26 -9.52 4.31
4641.84 96.97 -10.59 1.93
4641.84 96.48 -10.75 2.51
4641.84 95.74 -5.65 3.24
4641.84 95.53 -4.97 2.87
4641.84 95.13 -2.54 3.92
4641.84 95.53 -3.97 2.73
4641.84 95.82 -3.38 3.17
4641.84 96.42 -5.48 2.27
4643.87 96.39 -8.25 1.71
4648.65 96.61 -8.51 1.71
4641.86 96.32 -6.83 2.92
4641.84 96.82 -6.41 2.79
4641.84 97.32 -13.77 2.99
4641.84 96.92 -14.44 2.33
4641.84 96.92 -12.21 2.23
4641.84 97 -10.16 2.31
4641.84 97.54 -12.26 2.3
4641.84 97.26 -13.61 1.7
4641.84 97.27 -11.71 1.78
4641.84 97.04 -8.19 1.78
4648.89 97.13 -10.32 1.72
4641.84 97.07 -11.1 1.64
4641.84 97.31 -8.55 2.05
4642.71 96.34 -7.35 3.47
4641.85 96.79 -9.91 4.45
4641.84 97 -9.72 2.59
4641.84 96.32 -6.43 1.89
4641.84 95.49 -1.97 3.26
4641.84 96.04 -3.27 2.29
4641.84 96.98 -8.25 3.59
4641.84 96.58 -7.53 3.74
4641.84 95.93 -3.07 4.4
4641.84 96.62 -7.72 3.58
4641.84 95.2 -0.35 5.52
4641.84 95.98 -6.69 2.98
4641.84 96.13 -6.84 1.75
0.33 95.69 -3.72 2.22
0.17 95.67 -4.52 4.79
0 96.57 -11.74 4.12
0 96.77 -11.54 2.15
0 96.95 -11.97 1.5
0 97.18 -10.06 1.69
2.55 96.88 -10.41 1.64
8.24 96.9 -11.77 3.26
0 97.52 -13.39 3.55
0 97.36 -13.87 1.68
0 96.79 -12.04 1.64
0 97.41 -12.42 1.67
0 97.39 -12.01 1.89
0.06 96.52 -5.37 2.81
0 96.58 -5.96 2
0.25 97.17 -6.42 2.1
0 97.73 -8.49 2.18
0.85 97.31 -9.33 1.69
2.4 97.01 -8.74 1.64
0 96.96 -7.54 1.84
0 96.9 -5.1 2
1.24 97.4 -6.67 1.59
0.12 97.23 -4.15 1.22
0 96.74 -1.42 1.58
0 96.58 1.81 2.11
0.52 96.26 4.52 4.1
3.86 96.98 -2.73 4.35
0.04 96.74 -6.07 1.7
0 96.58 -4.86 1.79
0.29 96.54 -4.82 2.05
0.41 96.51 -5.09 1.79
2.05 96.8 -3.97 2.83
0 96.87 -5.82 3.02
0 97.05 -7.24 2.58
0 97.05 -6.06 2.24
0 96.57 -4.75 2.1
0 96.86 -5 2.69
0 96.37 -2.8 2.24
0 96.07 1.78 4.07
0 96.75 -0.54 4.04
0 96.37 -1.61 2.13
0 95.87 1.78 2.89
0 95.54 7.32 2.65
0 95.98 4.84 2.5
0 95.41 7.82 4.33
0 96.59 4.43 2.17
0.08 96.49 3.83 3.74
0 96.81 4.04 4.74
0 96.22 6.44 2.62
0 96.24 7.76 3.04
0 96.53 8.12 2.75
0 95.49 13.09 4.69
0 95.49 11.77 2.4
0.02 95.49 11.31 2.58
0 95.58 11.38 3.16
50.2 95.32 11.91 3.08
17.36 95.78 10.2 2.69
0 95.99 11.09 2.27
1.04 96.14 9.28 2.12
0 95.57 12.09 2.55
0 96.28 8.34 3.89
0 96.7 2.97 4.31
0 95.87 6.51 4.66
0 96.47 5.4 3.79
0 95.82 13.11 3.64
0 95.79 14.46 1.79
0 95.66 14.31 2.34
0 95.85 12.1 4.09
0 96.62 9.65 2
0.8 96.23 10.99 1.89
0.36 95.95 12 2.14
0 96.06 13.74 1.94
0 95.93 17.84 3.42
0 96.54 13.47 3.26
0 95.86 13.56 2.4
11.11 95.85 8.89 2.62
0.03 96.53 9.01 2.93
23.03 96.36 8.19 2.58
0.06 95.9 9.8 467.07
0 95.98 12.02 3.58
0 95.67 14.7 2.9
0.95 95.35 17.17 3.81
5.14 95.6 18.24 4.38
0.27 96.08 16.97 4.26
21.9 96.35 12.14 3.52
0 96.61 12.8 2.35
0 96.45 14.02 2.2
0 95.84 15.49 1.6
0 95.27 19.03 2.25
3.35 95.2 18.66 4.37
130.99 95.85 7.6 4.83
5.7 95.49 9.34 4.27
19.46 95.67 5.55 5.24
0.09 95.92 7.97 4.11
0.23 95.36 11.96 2.61
81.85 95.35 8.58 3.67
1.73 95.9 12.29 2.08
66.08 96.23 10.75 2.34
3.98 96.12 12.64 2.43
253.21 95.22 9.5 2.58
91.33 94.3 14.72 3.69
0 94.47 17.79 3.81
0.11 94.83 14.9 3.6
0 94.63 14.5 3.16
0.05 95.42 16.86 2.84
2.23 95.79 16.9 2.15
2.69 95.39 19.19 2.87
91.03 95.08 16.43 2.48
7.72 95.09 17.29 2.61
0.02 95.2 19.27 2.54
0 95.25 21.53 2.58
0.43 95.52 24.96 3.85
43.8 95.43 17.46 3.14
0.81 94.89 17.3 5.28
0 94.36 21.31 4.06
10.15 94.15 19.14 2.84
0.28 94.61 22.77 2.97
0 94.68 24.3 85.98
0.12 95.3 25.19 2.77
0 95.22 27.94 3.78
4.3 95.44 24.15 3.01
0.74 95.58 22.42 2.84
0 95.47 22.82 2.27
1.14 95.26 22.81 1.95
21.09 95.11 23.82 2.46
242.32 95.26 16.73 2.59
174.79 95.09 13.94 3.33
47.75 94.81 16.25 2.8
54.18 95.15 16.28 2.36
46.2 95.56 15.99 1.82
23.48 95.59 18.62 1.96
20.9 95.38 20.42 2.52
12.7 95.42 21.46 2.11
0.03 95.28 22.26 2.15
4.47 95.1 23.63 1.89
77.65 94.93 20.83 2.08
99.41 94.82 20.09 2.3
111.51 94.92 19.13 2.29
4.63 95.2 19.92 1.83
36.11 95.35 19.94 2.01
5.04 95.48 19.68 1.62
85.68 95.53 19.41 2.22
1.18 95.38 22.15 1.84
0.15 95 24 2.33
16.67 94.83 23.35 3.4
31.29 94.87 22.38 3.71
0.84 95.28 22.45 3.83
1.44 95.22 23.14 2.91
0 95.3 24.61 1.71
0 95.27 25.14 1.8
13.84 95.23 24.01 2.67
115.95 94.95 21.06 2.66
41.47 94.67 23.43 2.59
0.14 95.14 25.08 2.14
0.66 95.22 25.63 3.31
4.05 95.08 25.63 2.25
3.75 94.87 25.07 3.13
14.16 94.76 24.07 3.91
0 94.96 23.9 2.79
0 94.68 24.26 3.3
6.23 94.77 22.93 3.11
6.35 94.97 22.38 2.82
0.57 94.88 23.29 2.44
2.68 94.98 24.29 1.97
23.5 94.96 23.7 2.59
145.74 95.05 21.77 85.96
10.61 95.27 22.6 85.3
0.48 95.34 25.98 1.85
1.49 95.42 28.42 2.6
2.99 95.04 29.18 4.26
89.95 94.89 24.57 2.66
0.2 95.2 22.67 1.62
0 94.92 24.82 2.47
0.1 95.31 23.05 1.68
0 95.36 22.92 1.79
0.01 95.55 23.3 1.91
3.15 95.43 25.11 2.22
8.57 94.94 27.05 3.3
10.06 94.98 25.56 3.72
11.61 95.14 24.11 2.28
0 95.22 26.05 2.75
0 95.18 27.28 2.79
2.7 95.04 26.74 2.5
24.96 95 25.77 2.05
73.47 95.25 20.92 2.55
2.98 95.22 22.29 2.09
0 95.49 22.57 2.61
0 95.62 21.97 1.7
0.01 95.49 22.85 2.09
40.12 95.24 22.15 2.37
40.41 94.96 21.79 2.15
3.65 95.11 22.97 3.26
0.27 95.33 21.6 2.15
22.27 95.4 19.18 1.99
23.26 95.31 19.31 1.8
12.67 95.34 20.33 2.16
8.12 95.47 20.57 1.67
1.97 95.6 21.5 1.91
10.36 95.79 21.53 1.49
0.28 95.72 22.69 1.57
0.46 95.38 24.8 2.38
4.63 95.38 24.52 1.94
22.56 95.33 23.79 2
39.91 95.17 22.98 1.98
176.59 95.42 19.8 2.19
3.78 95.71 20.18 2.34
0 95.82 20.91 1.86
0 95.93 22.35 1.92
5.48 96.06 21.25 1.88
3.24 96.1 21.11 1.63
0.69 96.07 21.44 2.34
11.14 95.89 20.38 1.69
14.43 95.87 20.05 2.03
275.51 95.81 16.42 2.28
1.25 95.43 17.77 1.81
0 95.1 20.07 2.48
0 95.67 18.75 1.56
0 95.67 20.31 1.64
5.88 95.25 20.95 2.89
0.08 95.52 18.48 2.71
0 95.72 15.73 1.44
0.01 95.99 17.37 1.73
0.08 96 18.41 1.86
17.34 96.05 17.39 1.36
0.31 95.85 19.17 2.59
0.1 96.15 16.2 3.05
0 96.25 14.1 2.74
0 96.31 13.76 1.54
0 96.38 15.97 1.34
0 96.35 17.13 2.12
7.16 95.69 17.37 2.48
51.68 95.64 14.82 2.73
0.05 96.26 14.15 1.6
0.39 96.29 16.29 2.15
69.68 96.46 12.93 1.94
21.75 96.22 13.06 1.78
0 96.14 13.56 1.6
55.35 95.5 14.41 2.65
0.14 96.04 13.74 2.27
1.9 95.97 14.49 3
33.54 96.76 6.75 3.93
0.23 96.87 5.77 1.7
54.85 96.02 6.59 1.59
38.39 95.86 7.49 2.3
0 96.19 8.49 1.51
68.28 96.44 7.67 1.42
11.1 96.87 8.52 2.28
0 96.68 9.44 2.07
0 96.26 12.69 1.81
0 96.14 14.44 2.34
0 96.32 16.08 2.42
0 96.62 13.58 1.86
0.73 96.48 14.48 3.15
0.34 97.46 9.11 3.96
0 97.03 4.81 2.01
0 96.1 8.24 2.23
0 95.6 10.44 4.8
0 96.17 9.78 2.97
0 95.88 12.97 2.34
0 96 13.67 2.41
0 95.7 16.73 3.92
0 96.55 7.95 3.16
0 96.95 3.44 2.07
0 96.4 5.55 1.96
0 95.59 10.83 2.93
0 95.3 13.51 2.9
0 95.52 11.68 2.08
0 97.01 4.73 5.41
0 97.44 2.39 1.72
0 96.88 3.11 1.61
0.05 96.57 7.49 1.76
6.93 96.74 8.3 25.12
3.07 96.49 6 1.74
5476.68 96.09 7.12 2.98
5476.72 96.26 4.33 4
5476.66 96.05 6.55 2.64
5476.66 95.68 8.02 3.43
5476.67 96.03 6.8 3.37
5476.66 97.33 -0.1 3.44
5476.66 97.31 -1.83 1.8
5476.66 96.88 0.55 1.9
5476.66 96.65 4.1 1.97
5476.66 96.34 3.85 1.82
5476.67 95.98 2.34 3.25
5476.71 96.44 -4.09 5.91
5476.66 96.48 -2.32 2.89
5476.66 96.82 -2.37 1.8
5476.66 96.95 -1.66 1.57
5476.8 96.78 0.25 1.83
5476.66 97.12 -2.22 1.7
5476.66 97.05 -0.94 1.5
5476.66 96.35 1.58 2.9
5476.66 95.76 3.68 3.88
5476.66 96.28 0.72 2.49
5476.66 96.84 -2.08 2.08
5476.72 96.57 1.13 2.52
5476.66 96.99 -2.65 1.87
5476.66 96.09 -2.82 2.11
5476.66 95.58 466.73 4.64
5476.66 96.73 -2.57 2.03
5476.66 96.25 -2.36 1.56
5476.68 96.06 -0.6 2.08
5477.54 96.14 -0.9 4.89
0 96.73 -10.9 6.4
0 96.54 -10.6 3.66
0 96.24 -10.57 5.35
0 96.42 -10.57 4.38
0 96.53 -10.4 3.7
0 96.75 -9.65 2.14
2.13 96.79 -9.5 1.8
0 97.31 -10.93 1.74
0.03 97.17 -7.91 2.45
2.23 96.47 -4 4.52
0.06 96.94 -8.82 2.95
0.02 96.52 -9.73 3.74
0 96.71 -11.11 2.4
0 96.75 -9.4 1.87
0.34 96.67 -8.97 3.67
0 96.74 -12.03 3.76
0.01 96.82 -10.95 2.32
0 96.77 -8.54 2.49
0.14 96.41 -5.84 3.96
0 96.75 -9.69 3.53
0 96.41 -9.77 3.55
0 96.18 -3.78 2.49
0 96.21 -3.27 2.92
0 97.06 -4.93 3.77
0 97.31 -5.14 2.79
0 97.09 -7.73 1.51
0 96.66 -4.89 2.17
0 96.05 -5.45 1.98
0 95.38 -3.99 2.98
0.09 96.11 -6.1 89.66
0.03 96.83 -10.12 5.41
0.11 96.86 -10.69 2.92
0 96.78 -7.13 3
0 95.51 -2.43 3.53
0 95.78 -2.94 1.97
0.99 96.1 -2.93 4.45
0 96.67 -7.42 3.27
0 97.06 -9.25 1.61
0 96.96 -9.45 1.83
0 96.79 -5.8 2.4
0.11 96.34 -4.52 3.28
0 97.4 -7.45 2.4
0 97.58 -9.31 1.82
0 97.09 -6.36 1.75
0 97.26 -8.69 1.83
0.33 96.91 -9.29 1.92
5.02 96.87 -9.79 3.61
0 96.98 -8.98 1.94
3.54 95.85 -5.05 3.13
0.04 96.55 -8.59 2.06
0.04 96.46 -8.29 1.9
1.54 96.97 -7.84 2.41
0 96.45 -8.39 1.87
0 95.88 -4.1 3.11
0 96.8 -6.02 2.15
1.81 96.43 -5.45 1.56
4.19 97.01 -8.33 3.75
0 97.55 -11.76 2.95
0 97.41 -11.85 1.8
0.08 96.78 -8.17 3.32
0 97.4 -9.97 3.62
0 97.68 -9.27 2.09
0 97.49 -7.9 1.64
0 97.33 -7.75 1.63
0.08 97.19 -5.3 2.22
0.06 97.09 -5.87 3.41
0 96.97 -3.79 2.98
0 96.34 -1.22 3.09
0.03 97.21 -10.17 5.85
0 97.32 -11.68 3.82
0 96.56 -6.26 2.71
0 95.91 -3.66 2.11
0.01 95.94 -5.41 3.33
0 96.16 -5.97 2.54
0 95.78 -5.29 1.88
0 95.58 -0.99 2.33
0.01 96.27 -3.39 1.64
13.1 95.99 -0.9 2.69
0.01 96.6 -1.48 4.36
0 97.27 -3.36 2.81
0 96.78 -3.82 3.02
13.02 95.95 -0.03 3.5
29.24 95.39 -0.25 5.17
0.12 95.78 -5 5.61
0 96.11 -5.81 2.13
0 95.76 -5.78 1.88
1.48 96.21 -7 2.99
0 96.6 -8.6 3.46
0 97.27 -6.19 2.09
3.54 96.3 -2.45 4.71
0 95.95 -0.63 3.01
0.04 95.55 -2.82 2.39
0.24 96.19 -6.22 5.83
0 96.75 -5.97 3.12
0 96.48 -2.8 3.24
0 95.8 1.87 4.53
0 96.14 1.61 2.77
2.63 96.71 -2.91 3.53
0 97.5 -9 5.81
0 96.86 -4.61 3.03
0 96.47 -3.65 3.95
0 95.99 -3.06 2.89
0 129.17 462.47 466.49
0 96.1 0.38 3.63
0 95.73 5.67 3.54
0 95.66 5.79 3.27
0 96.41 3.48 2.65
0 95.68 6.58 3.1
0 95.92 6.59 3.41
0 96.05 5.88 2.55
0 95.97 6.47 3.86
0 96.96 2.14 4.12
0 97.15 2.63 2.62
0 97.34 3.58 1.8
0 97.07 7.53 2.92
0 96.83 12.99 3.99
0 96.03 13.84 5.06
0 95.59 12.52 3.58
0 95.75 10.78 3.47
0 95.3 13.88 4.34
6.6 96.27 6.79 3.25
0 96.39 5.33 1.85
207.5 94.86 2.8 2.44
1.44 95.66 4.67 2.41
1.73 95.62 5.26 1.98
0.22 96.11 4.1 4.27
0 97.27 -0.23 4.18
0 97.25 0.47 3.17
0 96.45 5.01 3.23
0.15 96.17 8.02 3.03
0.1 96.4 8.43 2.34
23.36 96.61 7.12 3.24
170.13 97.18 0.45 4.46
0.55 96.77 3.77 2.18
0 95.17 11.13 2.15
0.45 94.29 14.41 4.66
2.39 95.18 8.99 5.15
0 95.27 11.56 2.44
0.04 95.56 12.94 3.02
0.02 96.02 11.02 3.88
0.01 95.65 11.58 3.12
0.02 95.55 11.66 2.91
0 95.8 14.5 3.88
0 95.98 14.57 4.89
0 96.28 14.24 2.57
0 95.62 20.98 4.1
0 95.23 24.54 4.34
17.54 94.98 20.92 4.63
18.78 95.61 16.69 2.39
0 95.65 19.29 2.24
0 95.57 20.46 2.88
8.42 95.34 17.52 3.69
24.95 95.42 15.72 2.42
0 95.66 13.6 5.07
0 95.51 14.04 4.6
0 94.94 15.32 5.62
0 95.54 12.65 2.57
0.55 95.43 13.13 5.07
25.95 95.77 7.37 2.23
0 96.14 8.99 1.9
67.79 96.04 8.8 2.44
74.3 95.1 7.65 1.92
15.99 93.8 11.02 3.65
0.37 93.87 19.23 3.48
2.6 95.17 16.59 5.24
0.01 95.8 16.35 4.1
0 95.23 18.74 3.5
20.55 94.42 19.23 4.35
28.79 94.56 15.24 4.87
1.78 94.96 13.74 5.37
0 95.78 18.32 4.07
0 95.43 21.88 3.62
0 95.29 22.64 2.78
1.65 95.22 22.67 2.96
0.05 95.04 24.93 3.43
0.2 94.97 25.71 3.98
2.92 95.13 24.19 2.8
0.14 95.14 23.22 3.31
6.08 94.79 23.5 3.76
0.71 95.1 20.89 3.45
0 95.21 20.04 2.67
0 94.37 25.17 6.82
8.27 94.87 22.53 3.22
3.1 95.41 19.47 3.76
0 95.62 21.54 3.21
48.23 94.89 18.78 3.84
45.37 94.39 18.53 2.58
66.22 94.88 18.59 2.27
0.35 95.19 20.13 3.28
1.6 94.92 20.02 2.74
5.44 94.95 19.12 2.04
117.68 94.73 17 2.64
222.51 94.21 16.15 2.43
84.43 94.3 16.72 1.71
62.99 95.17 17.66 2.3
0.37 95.43 20.74 2.15
18.22 95.27 22.48 1.84
0.31 94.99 23.35 1.94
192.7 94.99 20.15 2.39
8.96 95.18 18.74 3.27
96.58 95.65 16.83 2.51
0.1 95.72 21.48 2.3
0 95.36 23.77 2.07
4.59 95.1 24.06 3.2
0.25 95.24 23.6 2.72
11.55 95.03 23.67 3.22
14.38 94.75 21.97 2.29
90.6 94.72 21.09 1.91
0.8 95.16 22.19 1.63
4.59 95.22 23.82 2.32
164.23 95.36 17.74 2.13
27.87 94.77 18.23 1.97
25.04 94.32 19.11 3.38
9.16 94.89 17.21 3.04
0.17 95.48 18.77 2.2
45.87 95.47 19.84 2.16
15.88 95.6 20.58 1.86
0 95.58 22.35 2.1
0.25 95.43 23.91 2.24
4.85 95.59 24.75 2.27
0.21 95.82 25.91 2.65
4.34 95.66 24.08 2.8
0.74 95.35 25.27 2
1.1 94.82 26.38 2.09
0.17 94.62 26.52 3.28
6.49 94.97 26.79 2.33
12.89 95.41 24.75 2.39
22.72 95.6 21.64 2.23
13.86 95.44 22.21 1.61
39.9 95.27 23.19 1.88
74.02 95.42 23.04 2.55
36.12 95.35 23.4 2.41
41.36 95.06 24.14 2.32
53.19 95.04 23.04 2.16
15.85 95.04 22.94 1.56
18.19 94.86 23.02 1.96
10.91 94.67 24.22 2.07
8.27 95.04 25.21 2.65
17.22 95.15 24.81 1.93
35.54 94.91 24.62 2.27
85.59 94.91 23.57 2.31
291.16 95.28 21.65 2.34
10.41 95.5 22.37 1.64
1.61 95.31 23.64 1.96
38.17 94.82 24.8 3.05
0.11 94.78 23.62 2.33
0.99 94.64 25.26 2.24
2.19 94.82 25.86 3.02
17.1 95.24 24.23 2.43
26.74 95.77 22.83 2.36
50.77 95.81 22.97 1.79
10.76 95.7 24.02 2.11
0 95.75 23.77 1.84
0 95.56 24.26 1.62
0 95.41 24.46 1.48
0 95.09 25.57 1.84
2.58 94.87 25.74 2.16
0.06 95.16 24.03 2.37
0 95.23 23.65 1.83
1.13 128.13 484.39 466.06
36.88 128.44 485.19 466.23
61.25 95.71 20.52 2.03
36.87 95.4 19.57 2.15
4.65 95.2 20.77 2.36
32.34 95.32 20.31 1.77
9.14 95.65 20.49 1.94
20.97 95.87 20.3 1.92
12.56 95.8 20.57 2.51
48.47 95.66 20.45 2.35
0.04 95.59 20.79 2.27
16.7 95.45 19.69 1.81
6.51 95.62 18.95 1.59
13.24 95.76 19.22 1.59
88.55 95.95 18.26 1.58
103.99 95.99 18.91 2.12
3.98 95.95 21.08 2.07
0.48 96.12 19.84 2.03
8.55 95.98 18.7 1.53
27.68 95.8 17.94 2.27
0.02 95.93 17.3 1.69
0 95.82 19.39 1.55
2.98 95.99 20.76 2.47
20.04 96.66 16.47 2.28
1.6 96.57 15.36 1.73
47.8 96.02 14 1.79
18.54 95.95 14.43 2.89
0 95.87 19.38 2.28
0 96.21 19.92 2.59
0 96.34 19.45 2.7
0 96.17 19.78 2.54
3.98 96.17 19.38 1.62
10.48 96.23 18.62 1.99
0.02 96.31 16.8 1.83
2.33 95.8 16.85 2.29
3.88 95.6 18.96 2.41
40.58 95.46 18.21 3.27
36.87 95.59 14.59 2.16
45.5 95.53 14.6 1.85
12.41 95.48 15.42 2.76
0 95.77 13.9 2.17
0 95.96 16.03 2.44
0.2 96.81 13.39 1.51
2.35 97.27 11.49 1.98
5.92 96.11 15.82 3.14
55.4 95.37 11.06 5.18
0.08 95.3 13.66 4.47
0 96.31 10.97 2.1
0 96.63 13.7 2.26
0 96.1 17.78 3.48
0 96 18.08 2.14
0 95.77 18.46 3.49
0 96.12 10.69 3.5
0.34 95.45 6.1 2.89
5.87 95.61 5.89 4.99
6.18 95.92 10.01 4.26
0 96.32 11.78 2.33
0 96.41 12.73 1.86
0 96.14 13.71 1.74
0 96.09 14.13 1.83
0 96.1 15.5 2.54
1.71 96.25 13.87 3.11
0 97.05 6.33 2.75
0 95.92 10.08 2.68
24.48 96.52 5.6 2.02
25.31 96.82 5.1 1.94
1.17 107.91 171.17 81.86
0 107.39 171.58 81.75
0 97.07 6.98 2.66
0 97.02 4.28 1.7
6.4 95.74 7.69 4.92
0 95.82 4.21 2.99
0 96.43 1.98 3.18
0 96.75 0.28 3.81
0 97.2 0.3 2.85
0 97.24 3.06 1.61
0 96.57 5.17 1.76
0 96.38 5.96 1.43
0 96.34 8.9 3.48
0 96.53 10.57 3.26
0.6 97.71 1.58 3.8
40.56 97.78 -2.87 3.36
25.99 97.37 -2.85 3.44
6.23 96.88 -2.56 2.19
0.42 96.93 -2.53 1.5
0 97.11 -2.74 1.34
0 97.25 -0.83 1.44
0.14 97.08 1.28 1.44
0.01 96.35 3.77 2.27
0 95.69 6.29 2.52
0.14 96.59 2.58 2.5
5.95 96.46 -2.54 2.55
0 97.15 -4.67 2.59
6.12 97.05 -5.97 2.32
9.33 97.05 -7.4 2.36
5.81 97.05 -8.64 1.98
5.35 97.54 -9.48 1.8
15.05 98.01 -11.11 2.73
8.9 98.06 -12.15 3.21
0.07 97.96 -14.45 2.1
0.01 97.08 -14.06 2.77
0 96.99 -13.79 3.07
0.05 96.53 -11.92 1.38
0.2 96.98 -9.84 1.6
13.49 96.67 -5.98 2.12
0 96.57 -8.34 1.59
0.44 95.87 -4.13 2.13
0.16 95.64 -4.9 4.54
0.4 95.93 -6.99 5.71
0 96.29 -4.27 4
0 96.99 -4.87 2.16
0 97.18 -8.18 1.52
0 97.34 -9.51 0.99
0 96.87 -3.74 2.15
3.53 96.53 0.61 2.51
0.03 96.78 -0.76 3.92
0 97.14 -6.68 1.8
0 96.8 -6.28 1.54
0 96.92 -6.89 1.3
3.2 96.21 -5.1 2.85
0.03 96.27 -6.05 4.27
0.04 96.85 -7.94 5.32
0 96.93 -7.32 2.86
0 97.4 -5.54 2
0 97.38 -6.35 1.57
0 96.5 -3.38 2.33
0 96.73 -5.47 1.62
0 96.85 -8.11 1.54
0 96.72 -5.68 2.06
0 96.85 -9.65 2.14
0.01 95.81 -7.78 2.84
0 96.89 -12.65 4.03
0 97.62 -14.49 1.97
0 97.34 -8.86 1.9
0.2 96.91 -6.6 1.52
1.3 97.15 -7.18 1.53
0 97.14 -8.28 1.95
0 96.26 -3.17 2.52
0.01 96.29 -6.38 1.39
3.09 96.5 -8.11 1.97
0 96.93 -10.22 3.46
0 96.76 -11.62 2.69
0 97.03 -9.65 3.51
0 96.86 -9.56 2.95
0 96.68 -10.08 2.92
0 96.43 -9.77 2.5
0 97.21 -11.66 3.13
0 97.45 -12.43 2.79
0 96.9 -11.84 3.43
0.07 96.24 -10.94 3.63
0.1 96.01 -11.37 2.25
0 96.1 -11.62 1.76
17.09 96.75 -14.75 2.71
1.97 96.72 -18.18 2.83
0 96.34 -18.53 3.77
0 96.98 -18.23 1.83
0 97.5 -18.19 1.46
0.63 97.44 -17.39 1.88
0.61 97.94 -20.26 3.51
0 97.83 -23.19 5.02
0 97.27 -15.16 4.57
0 96.7 -10.46 2.99
0 96.58 -11.31 3.46
0 96.67 -9.71 2.96
0 97.23 -12.77 1.93
0 97.7 -15.69 2.07
0 97.47 -16.46 2.15
0 97.5 -13.33 3.08
0 97.35 -10.75 2.56
0 96.99 -8.97 2.22
0 96.75 -8.11 2.62
0 96.96 -8.08 3.48
0 96.89 -8.47 3.55
0 96.82 -6.94 2.61
0 95.92 -6.88 2.42
0.01 95.53 -3.88 3.36
0 96.21 -2.64 2.66
0 95.89 1.02 3.07
0.09 95.81 0.91 2.44
2.01 96.05 0.59 3
28.35 96.78 -7.73 5.93
0 96.85 -11.92 5.26
0 96.2 -8.89 4.01
0 96.05 -4.8 4.2
0 96.01 -1.67 3.96
0 95.99 -2.97 3.75
0.12 96.86 -6.57 3.25
0 96.84 -8.46 3.61
0 96.74 -9.64 2.51
0.01 96.83 -6.93 3.14
0 97.72 -10.17 2.54
0 97.33 -8.5 2.58
0 97.26 -8.04 2.79
0.07 96.59 -6.43 3.11
0.02 96.69 -6.69 1.93
0.11 96.96 -7.63 4.17
0.06 97.22 -8.36 3.41
0.03 96.27 -1.36 2.93
0 95.9 1.81 2.43
0 95.89 0.89 2.24
0.14 96.27 -0.32 1.35
47.9 96.04 0.96 3.39
0.03 96.1 -0.91 2.28
5.6 96.34 -3.58 4.22
0 97.1 -6.99 4.37
0 97.21 -6.84 3.5
0.03 96.99 -6.1 3.43
0 96.47 -5.22 2.03
0 95.83 -0.79 4.07
0 96.58 -1.32 2.81
0 96.39 1.21 2.41
0 95.82 5.01 3.02
0 95.66 8.75 3.34
0 95.27 10.14 5.16
0 95.68 7.85 4.14
0 96.62 4.07 2
0 96.83 5.47 2.03
0 96.44 8.72 2.92
0 96.8 5.97 4.5
0.01 97.37 2.79 5.07
0 97.4 2.66 3.46
0 97.06 3.4 2.82
0 96.63 8.03 3.05
0 96.07 9.42 2.48
0 95.42 11.36 4.17
1.01 95.9 7.94 3.1
0 95.9 8.67 3.13
0 94.94 15.76 4.95
13.04 95.17 11.13 5.12
0.61 96.27 6.95 4.04
0 96.28 8.29 3.32
0 95.45 11.11 3.53
0.07 95.78 10.53 2.61
2.04 95.14 12.8 4.98
0 95.48 10.39 4.42
0 95.42 12.33 5.64
0 95.76 7.38 3.11
0 96.38 5.26 3.54
0 95.93 6.86 4.61
32.87 95.02 8.11 2.46
0.22 94.72 10.51 4.75
0 95.85 11.62 3.53
0.21 95.35 15.34 4.88
20.89 95.28 10.82 3.81
3.5 95.26 6.93 4.05
7.21 95.6 6.81 2.65
4.03 95.92 9.13 3.59
0.08 95.55 14.07 2.85
0 94.69 15.68 5.62
0 95.23 11.63 5.74
0 95.81 11.38 2.82
0 95.29 14.33 4.7
0.8 96.11 11.02 3.04
18.53 96.34 9.26 2.04
0.81 95.91 12.66 1.92
0 96.05 13.09 2.41
14.99 95.27 13.42 3.01
0.13 94.88 16.82 2.89
10.54 94.56 21.19 3.9
119.73 95.35 12.19 2.62
111.17 94.44 11.22 5.08
0 94.98 16.16 3.29
19.34 95.02 15.16 4.81
0.05 95.25 13.58 5.88
0 96.05 16.16 2.86
0 95.49 18.73 4.21
0.51 95.64 17.63 2.36
0 95.36 17.66 2.2
2.54 94.55 20.01 4.76
191.93 95.25 11.98 4.07
0 96.16 15.4 4.1
22.93 95.8 12.62 4.33
2.02 95.57 13.3 3.48
0 95.08 18.05 2.86
0 95.17 23.79 3.65
0 95.46 24.74 4.67
0 95.7 23.13 4.22
0 95.87 22.79 4
0.03 96.54 19.68 3.67
0.03 96.47 18.77 2.58
36.71 95.63 15.21 1.69
21.95 94.52 16.19 4.76
12.7 94.8 18.64 3.24
0.23 95.27 18.95 4.3
0 95.2 22.48 4.29
0.05 94.81 24.71 4.5
0 95.19 19.57 4.4
0 94.91 22.42 4.08
14.95 95.71 17.79 2.25
0 95.76 20.54 1.76
0 95.38 23.7 2.68
0.01 95.04 24.86 3.35
0.03 95.22 22.82 2.96
0.1 95.46 23.44 2.53
20.41 95.63 19.84 3.32
6.7 95.68 19.28 1.88
0.07 95.4 21.84 2.18
28.74 95.1 21.43 4.06
103.28 94.86 20.28 4.8
32.38 95.34 18.31 2.46
6.15 95.23 19.93 2.15
2.97 94.89 20.44 2.13
120.49 94.81 16.43 2.34
15.14 94.82 18.57 2.04
2.43 94.43 20.71 2.6
28.08 94.48 20.99 2
4.9 95.01 21.38 2.78
0.02 95.12 23.58 2.4
33.23 94.79 25.09 3.16
24.71 94.8 24.24 2.76
49.79 94.83 22.96 2.37
23.4 95.06 21.68 2.78
6.91 95.09 21.58 3.45
0 95.26 24.46 2.87
0 95.24 25.01 2.12
36.27 94.98 23.84 2.6
44.63 95.1 20.09 3.45
87.77 94.95 20.55 2.72
67.65 94.96 20.68 1.9
0 95.12 21 1.91
0.31 95.08 22.54 1.69
0 95.2 25.69 3.02
0 95.39 24.99 2.85
1.62 95.6 25.23 1.82
0 95.68 26.55 2.04
0 95.61 26.94 3.03
0 95.36 26.63 2.7
0 95.11 27.74 2.11
0 94.87 28.83 2.82
5.81 94.54 29.1 3.7
83.12 94.81 22.95 2.18
1.62 95.13 24.84 2.49
0.89 95.5 23.33 2.57
5.36 95.19 20.33 1.98
7.27 95.04 20.32 1.97
2.55 95.32 22.3 1.7
0.23 95.33 24.01 2.26
25.03 95.42 23.83 2.89
178.32 95.52 21.73 2.65
768.64 95.06 21.49 2.74
38.5 94.81 23.52 1.89
7.28 94.66 26.64 2.69
0.27 95.17 26.31 2.31
454.61 95.21 21.19 2.48
5.53 95.08 22.52 1.64
1.01 94.86 24.16 2.4
55.49 94.85 24.01 2.25
30.5 95.23 23.78 1.71
110.87 95.49 24.15 2.03
76.94 95.62 22.48 1.82
36.61 95.7 23.13 1.88
0.43 95.7 24.9 1.48
0 95.64 26.55 1.62
0 95.6 27.29 1.99
0 95.51 27.07 2.24
144.93 95.23 25.76 2.25
172.63 95.6 23.68 2.26
0 95.71 22.68 1.52
0 95.35 24.03 2.38
0 95.1 27.64 3.57
0.59 95.11 29.29 3.59
11.06 95.19 25.97 2.17
0 95.15 25.05 1.82
0 95.42 24.24 1.89
2.93 95.35 23.34 1.5
44.62 95.2 22.36 1.94
2.41 95.08 23.17 1.48
255.27 95.04 20.62 1.79
21.52 95.46 21.42 2.11
30.86 95.58 22.11 1.64
1.45 95.71 23.12 1.75
1.26 95.81 23.45 1.56
12.53 95.34 21.53 1.74
31.7 95.14 23.54 1.92
150.47 95.87 18.36 3.87
0 96.16 18.3 2.12
3.44 95.83 18.57 2
4.98 95.78 19.25 2.04
0 95.95 18.62 2.5
0 95.39 18.2 2.47
28.84 94.3 16.54 4.28
25.58 94.17 16.05 2.75
10.33 94.86 19.27 1.41
33.62 95.4 18.56 1.22
59.56 95.64 17.8 1.5
62.27 95.56 17.81 1.56
22.78 95.42 19.56 1.58
2.05 95.18 19.37 1.59
11.82 95.25 18.44 1.7
31.31 95.57 17.25 1.59
24.64 95.74 16.85 1.81
51.83 96.11 15.99 1.94
17.44 96.35 16.47 1.48
1.86 96.3 17.36 1.37
19.42 96.09 18.96 2
0.08 95.95 20.01 1.61
2.98 96.05 18.94 1.97
1.55 96.47 16.63 2.26
20.49 96.62 14.44 2.54
0.09 96.64 14.49 2.32
0 96.51 14.73 1.58
0.73 96.31 15.34 2.14
4.25 95.93 17.02 2.31
3.89 95.63 18.46 2.2
1.3 95.36 20.53 3.81
0.05 96.06 17.57 1.97
7.12 95.85 17.44 2.16
3.64 96.55 12.31 4.22
0 97.01 8.8 2.37
0.04 96.23 10.06 2.41
0.06 95.85 16.01 2.09
7.73 95.7 19.22 3.72
3.52 95.75 15.82 2.04
0.61 95.75 15.5 3.44
85.7 96.35 7.75 2.32
18.27 96.41 6.74 2.25
0.45 96.99 8.6 1.6
59.26 96.14 10.37 2.66
1.1 96.29 6.67 4.44
0 96.57 5.08 1.8
1.34 96.16 6.32 2.05
0 96.69 6.07 78.42
0.14 96.68 7.39 1.59
0 96.25 11.63 1.5
0 96.33 12.98 1.57
0.13 96.47 15.6 3.13
7.38 95.97 14.45 3.79
0 96.47 9.9 2.07
0 96.21 11.87 2.01
0 96.07 12.55 2.44
1.27 97.01 4.9 2.9
33.15 96.38 5.46 1.78
41.8 97.03 2.34 2.97
0 96.68 2.8 1.44
0 96.04 4.07 1.58
0 95.63 8.69 3.36
0 96.86 3.43 2.29
25.26 96.88 3.13 1.48
14.28 97.05 2.7 2.79
0.18 97.17 0.57 2.42
5.85 96.86 -0.24 3.19
0 97.67 -4.46 3
0 97.3 -2.53 2.65
0 96.57 1.11 3.13
0 96.05 1.88 1.89
0 95.13 3.34 1.49
0 96.15 1.91 3.14
0.16 97.02 -1.08 1.98
8.48 97.22 -1.6 3.31
0 97.6 -3.61 2.01
0 97.01 -2.6 2.16
2 95.5 2.64 3.39
3.46 95.76 -1.33 1.82
0.46 96.28 -0.73 1.78
0 95.74 4.22 3.65
0 96.39 1.9 4.95
0 96.72 -3.15 2.13
0 96.44 -0.2 2.19
0 96.36 -0.7 2.74
0.48 95.82 0.87 2.49
3.21 96.32 -4.32 2.64
18.02 96.9 -7.21 1.71
41.72 97.22 -8.84 2.88
0 97.58 -10.88 3.2
0 97.27 -10.31 2.95
0 96.79 -7.9 2.47
0 96.43 -5.37 2.2
0 95.96 -1.93 3.45
0 96.76 -5.66 3.17
0 97.19 -3.87 2.03
0.05 97.5 -4.54 2.01
4.73 96.31 -0.45 3.84
0 97.07 -2.82 3.74
0 96.77 0.69 2.61
0 96.03 3.07 3.3
0 96.15 -0.74 2.71
0.28 96.78 -5.27 3.42
0 96.27 -5.54 2.88
0 96.47 -6.67 2.13
3.41 95.87 -3.86 3.48
0 96.83 -7.26 2.21
0 96.98 -8.08 1.53
0 96.37 -5.36 2.88
5.68 96.7 -3.48 2.64
0 97.31 -8.21 3.75
0 97.26 -9.95 2.39
0.01 97.24 -9.17 3.38
0 96.44 -4.67 2.47
0 96.41 -4.58 1.38
0 96.57 -4.25 1.23
0 96.62 -3.93 1.42
0.05 96.96 -3.63 1.25
0.08 97.01 -5.15 2.67
5.27 96.63 -9.19 3.96
0 97.05 -9.94 2.82
0 96.98 -10.82 1.37
0.03 96.76 -5.93 2.95
1.62 97.43 -9.3 3.95
0 97.33 -11.52 2.21
0 96.99 -9.32 3.98
0 97.23 -9.05 3
0 96.73 -8.23 1.65
0 96.61 -7.33 1.48
0 96.38 -3.32 3.09
0 96.55 -4.73 2.37
0 96.22 -2.8 2.45
0 96.86 -5.8 1.54
0 97.18 -7.37 1.41
0 96.68 -4.42 1.2
6.7 96.71 -3.9 1.67
11.19 96.27 -4.37 2.28
0.01 96.46 -7.56 3.3
0 96.71 -10.3 3.44
0 96.47 -10.53 2.53
0.01 96.21 -11.61 2.82
0 96.32 -10.14 4.56
0 97.31 -11.58 2.19
0.08 97.3 -13.45 1.43
0.02 97.21 -12.86 1.37
0.22 96.99 -10.9 1.89
0 97.31 -11.45 1.76
11.49 96.98 -12.4 2.81
0 97.05 -13.16 2.41
0 96.64 -12.09 4.5
0 97.36 -13.71 2.76
0 97.48 -13.96 1.91
0 97.59 -12.57 1.46
0 96.98 -8.14 2.06
0.04 96.19 -3.45 5.26
0 96.77 -6.42 3.46
0 96.23 -7.82 2.45
0.36 97.02 -10.71 4.22
0 97.36 -9.72 3.36
0 96.77 -7.53 3.22
0 97.51 -7.66 3.65
0 96.9 -4.75 2.37
0 96.34 -4.31 1.78
0.43 95.97 -1.1 2.37
0 96.34 -5.05 3.57
0.01 97.29 -6.45 2.94
0.01 97.25 -7.43 1.25
0.02 97.01 -8.12 5.39
0.01 96.55 -9.18 5.94
0 96.75 -9.03 4.95
0 96.87 -7.12 3
0 96.86 -6.78 1.65
0 97.34 -5.39 1.89
0 97.2 -4.03 2.37
0 95.99 2.19 3.26
3.08 96.33 -2.85 4.66
0 96.96 -6.64 3.24
0 96.4 -5.8 2.52
0 95.28 -3.15 4.83
0 97.05 -7 4.6
10.06 96.87 -5.94 2.83
17.44 96.19 -3.6 4.4
0 96.71 -4.33 3.52
0 96.42 -1.86 3.45
0 96.37 -0.46 3.02
0 96.6 -0.99 1.66
0 96.23 1.81 2.97
0 96.2 1.05 2.91
0.71 96.61 -4.18 3.9
0 95.81 -0.92 2.67
0 95.9 -0.09 1.91
0.06 96.12 -3.1 2.44
0.18 96.52 -4.63 3.62
0.03 96.29 -6.91 3.96
0 96.26 -4.66 4.73
0 95.77 0.02 4.11
0 95.6 1.03 3.21
0 95.82 3.02 1.94
0 96.06 5.04 3.19
0 96.89 0.36 4.72
0 96.92 1.28 2.8
0 96.89 1.71 2.37
0 96.62 2.97 1.77
0 96.25 3.36 1.69
1.64 96.14 4.28 2.05
0 96.66 5.66 2.22
0.07 96.78 5.19 2.18
0.55 96.81 2.53 3.54
0 96.63 2.15 2.51
0 96.4 3.17 2.2
0.52 96.79 2.47 1.72
4.29 96.49 1.54 1.6
1.71 96.3 3.19 2.41
0.24 96.2 2.72 2.32
0 96.4 3.56 2.59
0 96.18 5.96 2.63
0 96.11 9.45 3.6
0.05 96.93 4.83 2.8
0 96.73 4.96 2.3
0 96.13 5.88 1.78
0 96.13 9.49 2.18
0 96.04 12.95 3.4
0 95.73 16.81 4.21
0.36 95.5 14.12 3.83
3.43 95.56 10.61 3.75
1.3 95.64 9.89 2.73
0 96.37 9.29 4
0 96.37 9.33 1.96
0 95.36 13.34 3.51
0 95.92 8.45 4.22
0 95.86 7.3 2.51
0 95.18 12.93 4.6
0 94.77 15.52 3.12
0 95.2 16.86 3.36
0.14 95.58 14.71 3.15
1.1 94.45 15.09 4.52
0.36 94.61 8.89 6.07
3.78 95.06 8.42 3.21
3.48 95.4 10.15 3.45
0 95.81 10.85 2.44
0.01 95.15 13.98 4.94
0 95.42 10.41 3.13
0 95.72 9.97 3.24
0.01 96.37 9.55 3.61
0 96.39 11.14 4.56
0 95.54 15.64 4.33
0 95 17.76 3.31
0 94.66 21.09 4.46
0 95.57 17.16 2.55
0 95.95 17.93 2.56
0 95.88 21.39 4.37
1.39 95.81 19.11 5.95
15.99 95.75 15.4 3.36
15.42 95.43 10.8 5.86
0 95.67 11.31 6.26
0 95.52 18.48 3.78
0 95.24 20.8 2.7
0 95 20.74 4.75
0.45 94.98 19.22 3.32
0.05 95.11 15.98 5.21
0 95 14.05 4.4
2.24 95.2 13.02 4.47
0.34 95.92 14.48 4.77
0 95.89 17.18 2.41
0 95.12 20.16 1.91
0 94.93 23.64 2.51
0 94.9 28.76 4.27
1.06 95.28 27 3.49
0.45 95.59 23.75 3.2
5.4 95.92 16.32 3.79
199.03 96.03 10.42 2.35
0.03 95.8 16.63 2.14
0.02 95.37 19.65 2.16
0.13 95.91 15.66 3.36
0 95.49 18.66 2.46
0 95.11 21.2 3.22
0 95.34 22.02 3.82
22.77 95.65 17.64 2.9
0.54 95.13 20.31 3.01
18.75 94.67 20.11 2.98
0 95.15 17.36 3.39
98.17 95.49 12.07 2.1
0 95.58 16.45 2.59
0 95.57 20.4 2.41
0 95.73 21.92 2.37
22.58 95.43 16.22 2.67
1.29 95.14 18.94 2.69
0.29 95.02 22.49 3.66
0 95.13 21.28 3.53
0 95.5 19.27 1.91
7.21 95.66 18.55 1.96
14.85 95.95 18.95 1.82
0 95.94 21.25 2.12
0 95.47 27.46 2.57
0.1 95.2 28.48 2.06
2.97 95.07 27.33 2.6
6.28 94.97 25.2 2.73
39.77 94.98 22.24 3.06
130.08 94.91 19.82 1.98
9.95 94.94 20.51 2.48
0.42 95.14 21.7 2.26
40.38 95.5 19.68 1.68
86.72 95.4 18.07 1.62
6.23 95.11 19.92 1.53
5.22 95.08 22.12 1.64
0 95.25 24.38 1.8
21.75 95.15 25.32 2.75
8.95 95.17 26.09 3.19
0.08 95.06 27.24 3.6
6.83 94.92 27.19 2.69
18.56 94.81 27.6 2.66
55.9 95.02 24.62 2.2
0.41 95.12 25.59 2.07
15.14 95.27 24.88 1.93
62.72 95.43 23.7 1.6
66.42 95.22 24.3 2.8
653.91 94.38 23.07 2.64
21.17 94.32 25.18 3.14
62.35 94.52 24.31 2.67
0.53 94.45 24.35 1.74
0 94.72 26.07 2.51
0.82 94.8 28.53 2.83
34.12 94.6 28.09 3.4
14.36 95 26.33 2.07
15.6 95.34 26.59 1.98
0 95.47 27.24 2.06
0 95.4 28.6 2.38
0.01 95.13 28.68 3.27
57.87 94.92 26.56 2.78
58.16 94.9 22.95 2.59
58.56 95.64 21.66 2.32
17.57 95.61 21.89 1.65
2.13 95.15 23.88 1.24
2.1 95.26 23.95 1.68
0.33 95.5 24.15 1.88
28.75 95.16 22.48 2.57
1.87 95.35 23.29 2.45
0 95.86 23.2 1.82
0 95.44 23.54 1.67
26.2 95.03 24.34 2.37
0.09 95.2 25.44 2.06
0.68 95.27 26.45 2.72
34.91 95.02 25.54 2.23
874.65 94.44 23.53 2.46
8.78 94.84 25.05 1.47
111.07 94.9 24.64 2.26
57.76 94.72 22.93 1.84
3.57 94.77 23.99 2.09
25.76 94.65 23.03 1.59
36.02 94.48 21.29 1.59
6.95 94.58 23.42 1.57
10.64 94.98 24.08 2.51
52.11 95.36 23.21 2.11
0.31 95.51 23.85 1.8
38.33 95.44 22.24 1.73
27.27 95.34 21.91 1.63
223.05 95.41 20.21 1.94
92.32 95.55 21.02 1.83
48.16 95.7 21.68 1.61
21.17 95.74 22.27 1.6
8.12 95.38 22.63 1.91
0.78 95.1 25.36 1.87
46.69 95.55 22.97 2.07
226.01 95.45 19.55 1.97
0.08 95.44 20.46 3.22
0 95.53 18.6 3.4
0 95.87 19.7 2.17
15.63 95.6 17.41 2.88
6.79 96.04 16.26 2.8
0 96.18 14.67 2.17
0 95.89 16.86 2.01
0.56 95.89 17.24 1.6
3.65 95.72 19.67 1.72
13.38 95.78 19.33 1.96
5.93 95.67 20.25 2.84
2.35 95.5 21.38 3.03
0.04 95.36 20.66 3.38
0 95.29 19.3 1.69
0 95.07 21.39 2.3
0.62 95.64 18.75 2.62
10.29 95.71 18.19 2.05
64.34 95.57 17.22 1.83
0.08 95.8 16.67 2.1
0 96.21 15.35 2.02
0 96.47 16.24 1.62
2.6 96.42 18.05 2.08
8.02 96.23 19.02 2.02
1.51 95.78 19.2 2.46
0.02 95.6 17.14 2.14
0 95.03 19.26 2.41
0.27 95.49 15.88 3.01
0 95.88 15.66 1.79
0.69 95.23 19.47 3.21
32.6 95.24 17.36 3.51
0 95.43 18.49 4.06
0.09 95.73 18.3 2.61
15.1 95.72 16.64 2.6
26.69 96.01 13.3 2.19
0.17 95.99 10.16 2.25
0 95.85 9.3 3.23
0 95.7 10.1 2.25
0 95.82 13.57 2.91
0.09 95.98 15.57 3.91
0 96.76 9.33 2.46
0 97.11 7.66 1.94
0 96.88 9.68 2.55
0 96.16 14.31 3.4
0 95.93 15.55 3.48
0 96.25 14.07 1.9
20.82 96.56 12.46 1.5
128.7 97.18 8.95 3.12
20.98 97.2 5.68 2.95
1.15 97 5.08 2.78
1.33 96.63 4.89 2.03
0 96.49 6.7 2.9
0.01 97.11 4.86 1.35
27.96 97.15 6.41 1.85
0.13 97.48 5.17 1.65
0 97.28 5.73 1.73
2.77 96.61 8.48 1.6
0.05 96.4 8.99 1.37
0 96.08 11.44 2.6
0.01 96.81 7.46 2.15
4.28 96.92 4.22 1.87
0.07 96.91 4.98 1.85
0 96.7 6.66 1.97
0 96.77 8.04 1.44
0 96.15 10.57 1.61
0.04 95.99 10.92 1.82
0 96.83 7.24 4.16
0 97.39 2.08 3.5
0 96.84 5.24 2.29
0 95.95 8.17 2.96
