1.86 93.95 -16.61 1.51
0.08 94.62 -18.23 1.8
23.5 94.41 -19.19 1.76
6.19 94.78 -19.85 3.74
0 95.09 -21.44 2.21
0.01 95.26 -21.68 2.35
0.11 95.35 -19.53 1.63
17.79 94.69 -17.65 1.2
4.18 94.93 -16.91 1.83
0 95.21 -17.04 1.77
0 95.22 -17.8 3.24
0 94.67 -20.58 3.79
0 94.67 -18.37 3.63
1.08 94.45 -16.43 1.82
0 95.53 -16.16 1.73
0 95.11 -15.03 1.11
0 94.81 -11.05 1.76
0.01 94.7 -7.16 1.59
0 94.22 -2.3 2.74
0.45 95.39 -11.01 4.79
0 95.34 -15.22 4.37
0 95.08 -13.41 4.97
0 94.55 -9.98 4.27
0 93.98 -10.85 4.59
0 94.93 -11.05 4.4
0 98.31 -6.96 3.1
1.63 93.86 -6.09 2.85
0.06 94.48 -12.17 4.45
0 94.08 -7.28 4.78
0 94.1 -7.15 2.3
0 94.66 -10.05 2.08
0.7 94.78 -12.32 2.27
0 94.82 -15.65 2.53
0 94.76 -14.66 2.73
0 94.74 -14.91 2.33
0 95.04 -14.96 1.62
0.04 94.89 -13.13 2.31
6.36 94.04 -5.6 2.51
0 94.15 -6.44 2.24
0 94.73 -8.69 2.45
0 95.32 -12.05 3.38
0 95.73 -13.28 3.67
0 95.45 -12.98 2.07
0.21 94.82 -11.63 2.19
0 95.25 -12.34 3
0 95.41 -14.05 2.26
0 94.94 -12.24 1.96
0.04 94.56 -10.33 3.35
0 94.36 -9.72 2.73
0 93.83 -5.81 1.75
0 93.66 -6.54 1.93
0 93.81 -5.73 1.89
0 93.84 -4.74 2.6
0 92.86 -0.17 2.12
3.1 93.17 -2.47 2.17
0 94.16 -5.62 2.15
1.13 94.37 -5.18 1.95
8.79 94.03 -6.43 2
1.82 94.65 -8.47 2.58
0.44 94.32 -8.57 2.12
1.61 94.18 -5.26 3.7
0 94.21 -3.32 2.93
27.29 93.8 -3.16 2.92
2.06 94.89 -10.64 3.5
0 95.52 -12.44 1.84
0.04 95.73 -12.28 1.89
7.22 96.08 -11.04 2.68
0.02 95.37 -10.96 2.9
0 94.03 -5.25 2.74
1.21 92.98 0.62 3.93
1.69 94.12 -6.1 4.27
0 94.67 -3.92 2.12
35.29 94.13 -1.25 2.2
0.94 94.19 -4.38 5.89
0.02 94.54 -6.08 2.5
0 94.93 -6.81 2.6
0 93.95 -3.82 2.76
0.87 92.63 3.49 2.57
39.81 93.29 -1.45 3.94
0 93.58 -0.3 2.89
0.24 93.65 2.45 3.72
0 94.27 1.16 2.85
0 94.78 -1.5 2.9
0.21 94.78 -4.41 3.73
0.42 94.28 -3.32 2.32
1.27 94.83 -2.25 1.99
0 94.79 2.37 1.72
0.17 94.57 4.6 2.33
13.94 93.97 7.51 3.38
5.04 93.78 5.68 4.93
0 94.18 0.47 5.36
0 94.22 -1.2 4.27
0 93.8 3.67 3.8
0 93.6 7.09 3.61
4.85 94.18 2.09 2.66
0.02 94.85 0.96 2.54
0 94.25 6.46 3.42
0.77 93.11 10.99 5.57
16.53 93.83 1.98 2.91
0 94.15 2.42 3.32
3.5 94.06 1.57 2.42
38.56 93.99 -0.77 3.55
0.02 94.73 -1.99 5.04
0 94.82 0.67 2.59
0.21 94.18 2.94 2.53
5.46 94.36 2.96 1.92
0 94.35 4.34 2.59
21.77 93.72 9.76 2.73
25.98 94.18 8.16 2.08
0.89 94.53 7.96 2.14
0.45 94.78 8.7 2.23
2.42 94.56 8.01 2.42
0.75 94.45 7.14 2.26
0 94.04 11.33 2.95
11.46 93.79 11.42 4.2
25.27 93.67 3.1 3.39
8.15 93.29 1.54 3.72
0.27 93.49 3.68 5.79
1.54 93.63 6.05 5.04
3.41 93.82 11.03 2.74
0 93.29 16.31 2.15
0 93.06 17.36 4.21
0.33 93.54 15.11 2.22
5.17 93.03 80.4 2.66
235.11 92.68 9.78 3.44
5.95 93.21 12.63 3.87
33.05 93.17 11.87 2.24
3.59 93.4 14.14 2.94
41.53 93.24 9.94 4.06
12.11 93.14 8.65 2.79
1.72 94.13 9.69 2.65
0 94.36 12.81 1.81
0 94.31 15.5 1.87
7.57 93.95 15.58 2.87
4.1 93.85 18.87 2.38
1.77 94.01 18.12 2.6
20.4 93.53 16.8 2.56
168.81 92.73 11.85 2.81
0.32 92.47 17.46 4.91
0 93.25 20.88 2.85
0 93.42 22.63 2.68
1.98 93.41 21.07 2.2
0.51 93.06 20.82 2.55
7.54 93.35 16.76 4.34
0.55 93.91 19.9 3
0.66 94.25 20.72 2.28
21.7 94.18 17.58 1.99
103.17 93.57 14.96 2.29
46.35 93.26 16.05 2.25
42.58 93.69 14.97 2.02
18.11 94.26 15.97 1.36
7.27 94.18 17.25 1.7
1.35 94.3 18.5 1.66
0 94.36 20.46 1.71
0.06 94.16 21.23 1.98
0 93.87 22.29 2.03
0 93.86 22.27 2.45
0 93.95 22.99 2.84
0 94.08 23.3 2.96
0 94.18 23.14 2.28
3.99 94.04 20.12 2.14
0.05 93.76 20.46 2.81
1.9 93.46 22.48 2
28.77 93.2 22.33 3.04
33.64 93.12 20.75 2.7
0.77 93.03 22.58 2.51
46.73 93.1 22.65 1.92
84.67 93.13 20.05 2.05
16.66 93.23 19.88 1.85
1.65 93.36 21.98 1.81
0.07 93.72 22.1 2.58
0.08 93.33 22.42 2.01
5.64 93.59 20.55 2.11
0 93.72 22.62 1.68
0 93.61 24.66 1.9
0 93.6 25.23 2.39
0 93.52 25.06 2.04
14.79 93.32 22.39 1.81
24.03 93.24 22.66 1.47
0.22 93.29 23.92 1.75
0.39 93.12 25.33 1.55
73.7 93.04 21.98 2.22
1.88 93.06 24.75 1.69
0.26 93.08 27.12 1.83
4.39 93.08 26.19 2.49
0 93.09 25.73 3.24
0.05 93.18 24.85 2.68
10.13 93.43 21.08 2.05
2.29 93.62 22.35 2.15
5.09 93.57 21.41 2.3
90.54 93.37 20.3 2.05
119.89 93.36 20.01 1.72
170.15 93.63 20.12 1.33
7.16 93.89 22.11 1.53
0 93.82 23.43 2.18
89.86 93.39 21.96 2.3
16.95 93.19 24.05 2.94
6.32 93.43 24.89 2.09
5.42 93.42 25.89 2.58
26.02 93.47 24.75 2.3
127.13 93.37 23.6 1.71
1.24 93.62 24.38 1.67
1.98 93.73 25.68 1.71
3.93 93.77 26.46 1.58
19.22 93.91 27.02 1.63
1.11 93.78 27.44 2.04
10.14 93.71 26.3 1.96
16.43 93.33 25.78 2.17
158.38 92.92 25.98 2.5
8.83 92.87 23.42 1.55
40.34 92.9 25.77 1.44
133.26 93.21 22.22 1.94
0 93.81 21.14 2.1
0.13 93.69 22.08 1.9
21.36 93.01 23.67 2.51
64.39 93.22 22.96 1.91
82.23 93.66 20.81 3.33
0 94.33 19.71 1.59
40.99 93.94 19.06 1.71
102.43 93.23 21.5 2.44
30.63 93.34 21.65 2.38
0 93.56 20.91 1.85
0 93.3 23.34 2.23
15.99 93.03 24.25 1.96
3.54 92.93 25.01 2.29
20.47 92.84 22.61 3.41
0 93.34 20.9 2.74
0 93.65 21.82 1.66
16.65 93.65 21.5 2.37
24.34 93.81 21.88 2.17
112.11 93.98 21.66 2.12
0.96 94.28 21.82 2.01
161.89 94.18 18.53 1.66
44.9 94.14 19.02 1.83
2.47 94.15 19.17 1.65
0 94.08 21.23 1.87
0.42 94.3 21 1.62
5.95 94.48 20.58 1.71
0 94.22 20 1.87
1.23 94 20.06 1.55
21.62 93.64 20.08 1.82
5.42 93.73 19.97 1.54
1.5 93.8 20.65 1.97
10.51 94.28 19.53 1.59
2.87 94.4 20.26 1.57
0.04 94.26 19.24 1.43
0 94 19.46 1.7
0 93.82 21.61 1.8
0.53 94.03 22.33 2.03
0 94.49 18.17 1.87
0 94.33 17.86 1.43
9.14 93.92 18.51 1.49
14.71 93.62 18.31 1.98
0.19 93.83 19.05 1.56
0 93.98 20.11 1.36
11.7 94.05 21.34 1.54
0 94.14 21.43 1.75
11.5 93.93 19.71 2.11
109.88 94.22 14.64 2.19
244.24 94.3 9.57 1.92
153.06 94.2 12.96 1.53
0 93.97 16.1 1.52
62.13 94.2 13.99 2.19
181.68 94.81 9.05 2.78
0 94.71 9.62 2.75
0 94.49 11.79 1.8
3.84 94.25 13.74 1.67
16.48 94 13.97 2.41
0.31 94.18 11.33 2.6
0 94.19 9.32 4.72
0 94.96 7.99 2.42
0 94.55 9.23 1.51
0.04 94.29 14.11 2.35
5.13 94.56 12.32 1.59
253.68 94.28 7.98 2.38
46.76 94.28 8.26 3.02
0 94.38 9.35 1.94
0 94.01 12.74 2
0 93.9 15.6 2.48
0 94.04 16.46 2.68
0 94 16.13 2.08
0 93.57 15.54 2.67
103.59 94.07 9.73 2
164.97 94.5 5.21 2.34
0 94.62 7.5 2.02
0 94.22 9 2.27
0 94.41 7.32 3.14
0 93.93 6.82 3.44
0 94.63 2.41 2.85
0 95.19 0.71 1.26
21.41 95.1 0.43 1.49
37.28 95.16 0.85 1.22
0 95.07 1.85 1.44
0 94.56 4.06 1.33
0 94.31 7.78 1.41
7.69 94.47 7.9 2.22
11.31 94.97 2.91 3.45
0 95.34 -0.76 4.13
0 95.97 -2.28 2.23
0 95.18 -0.18 2.09
0 95.07 3.58 2.18
0 95.06 4.96 1.91
0 95.12 5.11 1.89
0 94.95 5.08 2.33
0 95.43 1.16 3.08
0 94.98 1.11 2.21
0 94.59 4.13 1.99
0 94.67 3.99 1.67
0 94.38 6.07 2.05
0 94.09 6.08 1.68
4.26 94.25 2.84 3.15
1.09 94.73 -0.68 3.55
0 94.36 -2.21 1.45
0 93.94 -0.54 1.56
20.96 93.47 0.28 3.86
5.05 93.84 -1.62 2.28
0.86 94.86 -2.9 3.99
0 95.79 -6.16 2.82
0.18 95.14 -4.29 2.74
0 94.52 -1.07 1.83
0 94.43 -0.19 1.91
0 94.12 3.35 3.08
0 93.64 2.22 2.37
0 93.43 4.15 2.28
1.41 93.62 0.62 5.11
0 94.32 -4.08 2.3
0 94.14 -3.52 1.92
0.06 94.44 -3.87 4.65
0 94.67 -7.84 2.68
1.39 93.83 -7.48 2.7
0 94.23 -8.46 5.81
0.39 94.32 -8.11 2.11
0.21 94.2 -6.76 1.44
0 93.89 -3.58 2.41
0.04 93.48 -2.73 2.08
0.2 94.1 -8.04 4.05
0 94.15 -7.61 2.04
0 93.23 0.36 2.47
0 94.54 -4.06 3.86
0 95.08 -7.21 3.69
0 93.79 -6.51 2.83
0 93.75 -7.73 2.12
0 93.23 -6.03 1.98
2.23 93.17 -9.04 4.39
0 94.07 -13.04 2.22
1.94 94.35 -13.55 2.24
0.06 95.13 -16.43 2.93
0 95.1 -17.49 4.43
0 94.83 -16.58 4.81
0 93.53 -9.79 4.13
0 93.39 -7.37 2.41
0 93.44 -5.27 2.46
0 93.71 -3.81 3.39
0 93.95 -2.55 2.22
0 93.65 -7.34 1.44
0.74 94.22 -10.63 3.27
0 95.45 -17.93 4.19
0 95.44 -17.07 3.57
0 94.57 -16.2 3.24
0 93.53 -12.93 3.42
0 93.19 -10.25 2.81
0 93.82 -13.2 3.45
2.61 94.03 -13.42 2.52
0.14 94.27 -14.29 4.73
0.21 94.82 -13.58 4.89
0 95.25 -13.27 3.28
0 95.38 -13.53 2.79
0 94.97 -13.42 1.49
0.06 94.61 -13.65 2.26
0.13 94.83 -12.94 4.43
0 95.43 -12.65 3.76
0.07 94.75 -10.43 2.19
0.99 94.59 -11.25 3.61
0 95.15 -14.99 4.27
0 94.41 -12.41 3.27
0 93.96 -13.58 4.14
0 94.07 -13.79 2.22
0.04 94.08 -12.6 2.87
0.14 95.07 -16.18 3.33
0 95.5 -18.38 3.79
0 95.31 -16.64 2.37
0 95.17 -15.83 2.77
0 94.89 -15.99 3.34
0 94.85 -15.57 3.73
0 94.77 -14.11 2.64
0 94.57 -13.95 2.22
0 94.57 -14.81 3.43
0.21 94.84 -15.34 3.71
0.06 94.97 -15.41 2.12
0.06 95.14 -15.95 2.72
0 95.55 -16.18 2.02
0 95.84 -15 2.87
0.11 95.4 -15.45 3.1
0 95.14 -15.91 3.58
0 94.96 -12.13 3.82
0 94.6 -5.74 3.54
0 94.26 -6.73 2.35
0 94.17 -9.23 1.87
0 94.04 -7.53 2.38
0 94.24 -6.81 2.11
0.14 93.48 -5.49 3.43
0.02 94.03 -4.64 2.8
0 93.66 -7.29 2.08
0.96 93.83 -7.77 3.16
0.12 94.6 -10.73 1.86
2.13 94.58 -9.98 1.31
1.4 94.89 -13.78 3.82
0 94.98 -13.48 2.33
0.36 94.88 -12.3 2.24
0.18 94.87 -12.85 1.89
0 94.23 -5.98 2.76
3.05 94.16 -6.01 1.59
2.51 94.58 -5.94 2.64
0 94.58 -5.62 2.16
0 94.47 -1.81 2.14
0 94.72 -2.27 1.57
0 94.37 -0.39 1.9
0 93.88 0.94 3.19
1.95 93.7 -0.46 2.11
0.23 94.4 -4.71 3.16
0 94.98 -4.99 1.92
21.56 94.46 -3.74 3.76
1.17 95.12 -9.03 3.02
0.15 94.73 -8.37 3.26
0 94.43 -7.74 3.3
0 94.42 -7.76 2.79
0 94.56 -5.25 3.14
0 94.22 -2.36 2.13
0.42 93.72 0.51 2.43
0 94.53 -2.26 3.72
0 94.28 -2.33 4.33
0 94.31 -4.28 4.54
0 94.65 -2.51 3.81
0 94.39 -1.05 3.4
0 93.76 1.34 2.85
0 93.08 5.51 2.01
0.11 93.84 1.33 4.63
0 94.93 -2.83 4.6
0 94.62 -5.3 4.71
0 94.37 -3.68 3.02
0 93.78 2.34 3.24
0 93.47 3.46 5.18
0 93.85 0.77 3.41
0 93.98 -0.51 2.3
1.11 94.62 -4.09 4.29
0 94.73 -3.39 3.11
0 94.46 -2.83 2.7
0 94.62 -2.63 4.27
0 97.63 -0.98 2.57
0 97.61 0.46 2.88
0 97.45 2.47 2.83
0 97.68 2.33 1.81
0 97.45 6.18 2.85
0 97.09 7.32 2.01
0 96.72 8.38 3.73
0 97.9 2.04 3.77
0 97.85 1.92 2.18
0 97.46 5.23 2.36
0 97.34 6.81 1.6
0 94.28 8.73 3.11
0.16 93.57 9.9 4.89
3.71 93.96 7.09 4.55
0 93.92 7.26 3.87
0 93.76 7.71 3.5
1.31 94.44 4.79 3.21
0 94.14 8.35 3.2
0 93.57 12.95 2.93
0 93.63 12.86 1.89
0.04 92.96 14.88 3.48
0 93.73 10.05 4.35
0 93.47 11.61 3.85
1.78 93.53 7.53 6.56
0.49 94.12 6.89 4.34
0 93.92 9.52 2.16
0 93.42 12.55 3.61
44.56 94.08 7.59 2.33
2.27 93.98 6.51 2.23
7.61 93.72 5.78 3.11
3.78 93.33 6.2 3.8
0.08 92.87 8.47 1.96
14.36 92.92 8.81 2.69
1.7 93.54 7.63 2.71
0 93.08 9.77 1.91
54.72 92.47 8.24 1.73
4.46 92.44 9.13 2.84
1.28 93.39 12.65 3.5
0.39 93.63 10.28 3.67
0 93.93 12.16 2.59
7.44 93.44 11.39 2.9
107.35 92.68 9.03 3.13
0.67 92.75 10.26 3.52
0.01 93.26 12.94 2.84
2.63 93.23 14.19 3.81
18.48 93.1 15.58 3.02
0 93.32 17.12 2.25
0.4 93.04 14.76 5.33
3.34 93.02 11.74 6.32
0 93.2 14.39 6.03
0 93.27 15.47 4.32
0 93.78 13.05 3.38
0 93.72 14.06 2.39
0.06 92.63 17.63 2.62
12.68 92.52 17.16 3.69
7.85 93.56 12.91 3.01
1.23 93.71 11.45 3.38
2.3 93.59 12.16 4.54
0 93.46 16.61 3.12
0 93.58 17.76 2.69
0 93.7 19.71 2.81
12.87 93.62 19.21 3.62
18.23 93.53 17.79 4.38
0.02 93.41 19.21 2.86
1.02 93.22 22.59 4.59
28.18 93.32 20.78 2.34
37.66 92.92 17.92 3.25
9.45 92.85 16.63 3.03
0.09 93.26 18.82 2.94
4.08 93.01 19.33 4.15
3.62 93.12 18.15 3.92
0.24 93.36 18.97 2.23
5.89 93.24 21.89 2.24
10.44 92.64 23.13 2.88
30.43 92.38 20.78 2.45
18.6 92.61 21.24 2.73
0 93 21.35 2.67
49.15 92.92 19.91 2.12
128.76 93.11 15.94 2.16
7.26 93.3 19.23 1.92
6.37 93.3 20.81 1.88
43.75 93.08 20.25 2.2
99 93.05 18.47 2.07
99.49 93.27 17.45 1.76
0.84 93.45 20.48 1.86
0 93.37 23.51 1.67
0 93.23 25.33 2.11
0.08 92.98 26.51 2.68
0 92.91 26.04 2.62
29.09 92.64 21.79 2.28
115.39 92.86 16.42 2.28
2.66 93.57 18.8 2.32
0 93.91 20.23 1.74
4.59 93.37 21.24 2.57
6.7 92.68 22.17 2.18
5.64 92.84 24.16 2.45
0.02 92.97 24.46 3.31
35.27 92.91 23.19 2.41
53.77 92.99 21.75 1.79
0.45 92.91 22.62 2.45
0 93.04 23.4 2.47
0 93.16 24.65 2.16
91.48 92.66 22.21 2.57
0.92 92.38 23.88 3.16
75.68 92.43 17.56 2.02
32.15 92.51 17.91 2.83
12.72 93.17 20.88 1.93
17.28 93.34 22.12 2.07
19.25 93.39 23.3 2.27
11.29 93.41 22.97 2.22
8.25 93.24 23.54 1.64
30.27 93.32 22.17 1.84
30.44 93.3 22.05 1.69
31.9 93.18 21.7 1.76
20.29 93.21 20.91 1.61
105.6 93.28 21.49 1.51
162.12 93.15 20.5 1.55
76.95 93.04 20.89 1.57
74.33 92.97 21.58 1.82
19.48 92.97 22.93 1.77
0.13 93.04 25.06 1.68
129.84 93.02 24.89 2.68
526.91 92.81 21.43 2.11
94.96 92.78 22.1 2.25
15.36 92.95 22.28 2.17
0.43 93.2 23.89 1.66
54.55 93.37 20.93 1.61
81.92 93 21.17 1.76
0.15 93.09 22.89 1.81
0.25 93.23 23.48 2.16
0.85 93.55 22.49 1.88
0.04 93.16 22.99 2.09
0 93.14 23.65 2
0.14 93.35 23.54 1.61
19.67 93.31 22.91 1.7
8.98 93.33 23.24 1.78
7.82 93 23.73 1.86
9.34 93.14 24.8 2
0 93.52 24.3 1.62
0 93.36 25.03 1.54
0 93.07 25.47 1.79
10.89 92.83 24.68 1.8
116.74 93.15 21.03 1.59
215.89 93.21 19.3 1.54
14.95 93.25 21.15 1.66
8.41 93.42 20.43 1.44
0.09 93.69 20.88 1.75
0.13 93.82 21.35 1.48
0 93.81 22.59 1.5
1.75 93.71 22.32 1.8
9.57 93.88 20.67 1.79
0 93.87 20.22 1.54
75.32 93.84 19.87 1.42
10.05 94.06 19.56 1.73
1.14 94.14 20.58 1.56
12.16 93.94 19.48 1.75
5.81 93.63 20.24 1.56
0.73 93.55 21.3 1.58
0 93.5 22.6 1.53
21.36 93.28 21.43 2.86
1.99 93.74 18.6 1.98
0 93.59 18.95 1.83
16.54 94.04 17.24 2.01
1.01 94.01 18.08 1.57
0 94.04 17.89 1.5
0 93.6 18.77 1.54
10.02 93.28 17.25 2.74
4.61 93.86 12.75 2.04
0.27 94.44 12.43 2.23
6.17 94.65 12.85 1.91
6.22 94.16 15.97 1.8
1.55 93.89 15.9 2.11
0.1 93.49 19.12 2.87
13.73 93.54 16.94 2.04
25.79 93.75 14.53 1.73
47.49 94.11 12.25 2.59
0 94.49 8.85 2.31
0 94.93 8.96 2.22
0 94.75 9.86 1.56
0 94.41 11.33 1.77
0 94.04 12.7 1.88
0 94.13 13.57 2.06
0 94.01 13.72 1.9
0 93.76 16.19 2.81
0.04 94.06 16.15 1.92
0.7 94.17 17.05 2.46
0.19 93.98 17.41 2.1
12.56 93.84 14.32 1.91
0.14 94.31 8.32 3.4
0 94.77 6.41 2.49
0 94.84 6.34 2.7
0 95.3 6.98 2.69
0 94.94 8.11 1.96
0 94.28 9.76 2.19
0 93.75 11.06 3.4
0 94.29 8.98 1.81
0 94.25 9.59 1.43
0 94.03 12.62 1.92
0.15 94.45 12.5 2.4
0 94.94 8.99 1.53
0 94.69 11.2 1.79
0 94.11 12.87 1.56
60.16 93.54 10.04 1.64
3.57 93.47 7.96 2.22
3.24 93.14 7.36 2.95
2.5 93.63 7.83 4.08
0 94.55 4.87 2.23
0 94.63 7.5 1.41
0 94.41 9.5 1.87
0.06 94.25 13.03 2.66
0 94.23 12.8 1.85
1.55 94.13 10.38 1.83
44.32 94.65 4.12 3.32
0.01 95 1.46 3.17
0 94.99 3.29 1.84
0 94.56 4.84 1.58
4.75 94.43 5.76 2.27
0 94.68 5.28 1.42
0 94.34 5.58 1.65
0 94.16 7.6 2.31
0 94.33 9.38 2.91
6.06 94.57 9.76 2.64
0.04 95.11 4.06 1.63
4.16 94.8 7.21 1.5
3.27 94.6 8.56 2.67
0.19 95.22 2.84 2.52
0.26 95.09 1.42 1.22
0 95.06 2.87 1.9
0 95.01 2.85 1.67
0 94.81 1.48 1.3
0 94.19 1.38 1.33
0 93.61 2.65 1.95
0 93.89 3.97 3.66
0.04 94.63 -2.9 2.5
0 94.69 -4.59 1.77
0 94.75 -3.5 1.63
0 94.94 -0.65 1.79
35.45 94.33 1.04 1.22
4.54 94.13 -0.87 2.55
2.27 94.37 -5.65 3.83
0 94.83 -7.57 2.48
0 94.83 -5.38 1.92
13.13 94.43 -5.66 2.86
0.17 95.06 -8.93 2.9
0 94.73 -9.02 1.19
0.43 94.72 -7.28 1.57
0.5 94.13 -1.92 1.72
0 94.2 -2.54 1.49
0 94.96 -4.48 2.28
0 95.48 -8.42 1.53
0 95.78 -8.93 2
0.46 95.06 -8.34 1.17
0.16 94.36 -5.74 1.24
0 94.57 -7.99 1.74
0 94.88 -9.28 1.03
1.4 95.07 -8.61 1.04
1.5 95.08 -5.79 1.06
1.68 95.37 -8.58 3.04
0.13 95.68 -12.76 4
0 95.33 -12.66 3.4
0.04 94.53 -8.1 4.2
0 94.55 -4.8 3.1
0 94.95 -7.81 1.73
0.04 94.28 -5.84 2.93
0 95.01 -10.91 4.19
0 95.21 -14.4 3.37
0 95.35 -13.97 3.5
0 95.09 -12.21 2.45
0 95.14 -11.81 2.17
0 95.01 -12.28 1.5
0 94.7 -11.63 2.22
0 94.68 -10.77 4.07
0 94.87 -12.52 2.88
0 94.42 -11.19 2.98
0 94.57 -13.35 2.23
0 95.06 -13.01 1.86
0 95.31 -12.47 1.96
0 94.87 -9.46 1.85
0 95.2 -11.38 1.64
0 95.49 -14.81 1.27
0.23 95.02 -12.56 1.26
0.04 94.83 -10.55 2.25
0.14 95.18 -12.18 1.98
0.7 94.63 -12.45 2.99
0.25 94.83 -13.82 4.07
0 95.02 -13.08 3.05
0 94.79 -12.41 2
0 95.55 -15.39 1.47
0.3 95.47 -15.52 1.25
0 95.08 -13.27 1.79
0 95.03 -13.74 1.42
0.35 95.11 -13.54 3.28
0 95.18 -13.42 3.09
0 94.36 -9.46 2.81
0 94.59 -10.42 2.28
0 94.51 -10.19 2.13
0 94.22 -11.36 1.38
0.32 94.04 -10.38 1.3
0.5 94.23 -12.31 1.14
0 94.41 -11.68 1.44
0 94.85 -11.85 1.49
0.07 95.5 -15.03 3.27
0 95.38 -18.76 3.37
0 95.03 -18.87 2.98
0 94.51 -17.71 2.43
0 94.38 -17.16 3.08
0 93.99 -15.31 2.88
0 94.08 -14.37 2.01
0 94.58 -15.6 1.68
0 94.82 -15.58 2.19
0 95.2 -16.68 2.28
0.1 94.82 -17.87 1.83
0.35 94.4 -17.16 3.76
0 95.18 -18.58 4.31
0 95.18 -16.93 3.5
0 94.24 -14.2 3.46
0 94.3 -11.74 2.43
0.2 93.75 -9.04 2.47
0.14 94.39 -14.38 5.21
0 94.6 -16.99 4.77
0 94.18 -13.92 4.99
0 94.31 -11.92 3.29
0 94.63 -12.02 3.08
0 94.67 -11.81 2.12
0 94.38 -10.01 2.2
0.12 94.14 -5.95 2.06
0.23 94.7 -10.14 3.52
0 94.65 -11.85 3.19
0.21 94.72 -12.66 3.26
0 94.86 -13.81 4.58
0 94.77 -11.39 3.56
0 94.17 -7.27 2.79
0 94.21 -8.76 1.92
0 93.99 -9.18 1.58
10.54 93.66 -7.49 2.32
0 94.58 -7.91 2.62
3.48 94.44 -6.61 2.53
0.02 94.9 -9.46 3.23
0 94.82 -8.84 2.35
0 94.31 -7 2.1
0 93.93 -3.56 2.33
0 94.1 -1.42 1.97
7.08 94.62 -4.43 1.69
1.2 94.79 -7.25 1.77
1.4 94.75 -6.12 1.75
0.27 94.16 -2.85 1.77
25.55 93.45 -4.05 1.65
19.35 93.56 -4.56 2.77
0.18 94.2 -5.46 3.71
0 94.88 -9.29 3.51
0 94.55 -8.92 2.06
1.02 94.53 -9.03 4.74
0 94.97 -8.83 3.97
0 94.62 -6.87 1.91
0 94.01 -2.94 3.35
0 94.52 -1.94 2.47
0 94.14 1.37 3.01
5.2 93.27 4.49 3.73
12.55 93.85 -3.28 3.2
12.24 94.72 -8.17 2.72
0 94.51 -3.2 2.14
0 94.45 -1.2 2
0 93.88 3.22 3.25
0 94.35 2.21 2
10.29 93.57 0.9 4.21
0 94 -1.01 5.62
0 94.41 -0.09 3.12
0 94.11 4.19 2.74
0 94.35 7.29 3.29
0 94.46 8.27 3.11
1.22 93.54 8.56 7.02
3 94.12 0.2 4.7
1.83 94.11 -1.33 4.29
0 94.02 -0.21 2.14
3.38 93.97 1.17 2.89
0 93.64 3.65 4.04
0 93.48 4.16 5.35
0 93.74 3.08 4.61
0.6 94.06 4.02 2.68
0 93.64 8.96 3.79
0 93.76 9.5 4.8
0 93.6 12.13 2.96
7.43 93.39 12.23 4.74
4.33 93.75 6.99 4.59
0 93.2 11.18 3.52
0 93.05 13.24 3.48
0 93.03 14.2 3.23
1.3 93.63 8.8 3.23
0 93.92 8.55 2.67
0 93.05 14.8 3.88
0 93.09 17.07 4.1
4.19 93.44 14.41 3.96
20.27 93.96 12.53 3.09
2.4 93.4 12.07 1.93
0.2 92.76 13.85 1.93
1.19 92.75 16.94 3.49
178.52 93.23 11.9 2.42
44.55 93.2 8.65 4.33
0 92.56 10.2 3.41
0.62 92.34 10.26 7.21
0 93.5 8.87 3.38
0 93.47 12.17 2.73
0.24 93.27 16.53 3.05
2.63 93.78 16.22 2.67
35.82 93.33 17.02 2.37
0 93.41 19.74 2.34
0.92 93.53 19.13 2.72
0 93.61 17.3 3.15
0 93.22 17.5 2.33
1.02 93.21 16.82 1.74
0 93.46 17.59 2.01
0.32 93.71 18.66 2.53
3.14 93.88 19.33 2.3
95.52 93.84 14.15 2.01
16.88 93.43 12.91 3.45
17.05 93.17 10.84 3.11
3.33 93.15 11.11 4.3
0.07 92.92 11.18 3.12
3.89 92.7 12.58 4.77
0.03 93.09 16.2 1.82
0 93.04 21.27 3.39
8.01 93.59 18.7 2.99
12.06 93.9 17.87 2.24
0.6 93.75 19.47 3.5
1.92 93.52 18.71 4.04
2.49 93.62 16.02 3.13
0 93.64 15.86 3.09
0 93.43 16.95 2.52
0 93.08 19.1 2.45
0 93.47 19.98 2.13
0 93.65 22.49 2.57
35.59 93.69 18.31 2.93
32.05 94.08 14.06 2.58
0.93 94.14 15.8 2.17
39.66 93.67 15.95 2.98
16.82 93.47 15.66 2.85
71.86 93.21 15.39 2.43
37.98 92.98 18 3.2
0.99 93.16 19.86 2.08
8.22 92.75 19.62 2.42
12.64 92.63 21.03 2.11
21.66 92.62 21.39 2.17
56.11 92.5 19.58 3.2
9.09 92.61 16.49 3.29
6 92.31 15.63 3.13
18.9 92.42 15.48 2.26
178.54 92.96 13.13 1.85
261.37 93.24 13.77 2.12
122.6 93.27 15.59 2.63
9.99 93.12 18.77 1.76
9.63 93.02 21.35 1.77
6.69 93.15 21.6 1.82
12.57 92.91 21.8 1.71
58.99 92.97 21.73 1.84
9.61 93.13 21.76 1.54
82.53 93.09 20.98 1.9
0.84 92.85 22.01 2.39
100.6 92.85 21.42 2.45
47.65 93.2 20.48 2.32
48.27 93.6 21.53 2.11
6.66 93.77 21.97 1.8
5.23 93.48 19.82 2.17
49.11 93.09 20.66 2.37
0 92.97 22.97 2.13
1.9 92.61 23.48 3.65
3.19 92.63 21.82 3.19
0.61 92.59 22.13 2.5
0.06 92.91 22.75 1.91
5.48 93.05 22.47 1.9
4.18 92.96 22.99 1.61
77.57 92.92 22.95 1.9
23.17 92.93 24.15 2
30.03 92.97 24.54 1.72
126.93 92.57 21.53 1.89
83.18 92.36 19.32 2.14
69.38 92.76 19.26 2.44
8.81 93.25 21 2.2
0 93.26 20.87 1.68
0 93.29 22.24 1.6
0 93.52 24.2 1.44
0 93.61 24.35 2.04
0.09 93.44 24.08 2.11
12.45 93.31 24.38 1.55
18.05 93.24 24.23 1.66
146.6 93.17 22.41 1.58
408.55 92.8 21.64 3.49
0 93.26 22.66 1.76
0 93.46 23.42 1.79
18.5 93.37 23.11 2.11
51.45 93.02 24.53 3.23
3.9 93.37 23.23 1.82
177.78 92.88 22.65 2.65
27.46 92.69 22.59 3.56
0.8 93.25 21.25 1.69
105.56 93.52 19.23 1.62
140.9 93.66 18.69 1.8
83.75 93.6 20.17 1.59
17.92 93.62 22.12 1.65
88.25 93.68 22.38 1.66
0 93.88 23.07 1.52
0 93.71 23.87 1.55
0 93.35 25.09 2.02
9.73 93.28 24.22 1.86
2.96 93.53 22.92 1.47
0 93.4 23 1.84
48.01 93.44 20.01 1.98
28.59 93.46 18.52 2.03
2.72 93.62 19.48 1.72
14.16 93.28 18.14 1.81
6.86 93.38 20.44 1.7
0 93.68 21.31 2.05
0.08 93.28 22.63 2.61
43.68 93.35 22.03 2.24
2.02 93.39 20.48 1.88
10.17 93.41 19.23 2.58
4.66 93.97 15.74 2.2
0.05 94.09 15.74 2.11
0 93.86 19.36 2.42
0 93.81 21.2 2.05
1.35 93.68 21.07 2.11
9.53 93.71 21.06 1.65
13.82 93.59 20.86 1.83
3.1 93.17 22.26 1.83
1.15 93.32 22.86 2.43
0 93.55 23.85 2.01
0 93.68 23.81 2.3
3.46 93.72 23.13 2.07
277.43 93.64 15.57 2.98
21.78 93.98 13.18 2.66
0.33 94.02 12.5 2.13
1.65 94.12 15.28 2.25
0 94.07 18.16 2.16
27.93 94.14 17.47 1.77
1.05 94.06 17.26 1.46
0 94.02 18.57 1.32
0 93.94 19.75 1.62
35.92 93.62 18.04 2.03
70.42 93.66 12.62 3.61
2.15 93.77 11.23 2.37
0 94.15 12.84 1.76
0.07 94.59 13.39 1.28
0 94.68 13.47 1.42
0 94.07 14.17 2.26
0 93.61 15.11 2.37
0.22 93.57 15.07 1.77
0 93.8 16.43 1.76
8.13 93.71 16.88 1.96
1.97 93.72 16.67 1.45
5.1 94.03 15.43 1.41
1.32 94.31 15.24 1.76
45.86 94.19 14.11 1.69
2.36 94.46 13.92 1.54
55.37 94.1 10.54 2.02
33.25 94.15 9.8 5.81
0.88 94.28 10.79 3.15
0 94.25 10.86 1.73
0 94.09 11.94 1.7
1.73 93.9 13.28 2.1
1.33 93.76 12.12 3.18
0 93.9 12.32 2.37
0 94.39 10.52 1.8
0 94.8 11.22 1.37
0 94.67 12.43 1.59
0 94.17 14.53 2.26
21.27 93.79 11.57 3.19
0 94.25 7.59 2.3
0.17 93.86 9.11 2.11
0 93.71 11.29 2.3
0.11 94.08 7.37 4.41
0 94.47 6.13 2.47
0.07 94.55 6.44 1.88
47.13 93.98 7.4 3.98
0 93.98 3.66 3.37
0 94.08 4.39 2.36
0 93.91 6.78 2.13
0 94.31 6.02 1.93
78.98 94.53 2.22 1.2
55.15 94.01 2.85 2.02
0 93.74 5.71 1.96
0 93.5 7.86 2.62
0 94.09 7.84 1.95
0 94.13 9.22 1.93
4.88 94.05 9.35 3.24
0 94.87 3.03 1.71
1.24 94.76 0.43 2.34
0.11 94.4 -0.45 3.01
0.03 94.21 -0.6 2.29
0 94.16 1.95 1.54
0 94.34 1.06 2.06
19.3 94.35 1.79 1.89
174.51 94.05 -0.6 84.77
36.69 94.34 -0.8 3.03
0 94.34 -2.95 1.27
0 94.05 -1.03 2.11
0 94.22 -1.16 1.58
0 94.64 -2 1.37
52.19 94.34 -1.75 1.38
79.16 93.22 -3.32 5.21
0.2 93.63 -5.09 3.87
0 93.69 -6.74 4.46
0 94.44 -5.82 2.63
0 94.69 -6.4 1.32
20.83 94.17 -3.1 1.87
0 94.07 -6 82.35
0.01 93.8 -5.42 3.05
0.06 94.36 -3.9 3.02
0 94.39 -5.88 1.38
0 94.07 -4.13 1.53
8.94 94.53 -5.7 2.65
0 94.47 -7.53 2.64
0 93.92 -5.92 2.13
0 93.91 -4.65 3.91
0 93.94 -8.44 2.72
0 93.03 -5.44 3.65
0.13 93.82 -7.77 4.39
0.11 94.32 -10.46 2.4
0 95 -14.11 2.43
0.6 94.64 -14.38 1.6
0.29 93.62 -6.64 2.63
1.86 93.83 -9.01 4.46
0 94.04 -12.24 1.89
0 94.08 -14.18 3.14
0 93.99 -15.6 2.68
0 94.17 -16.79 2.57
0.07 94.26 -18 4.92
0 94.41 -13.29 3.51
0.32 94.87 -13.96 1.45
0.1 95.05 -14.26 1.2
0.21 94.51 -11.83 1.58
0.04 94.55 -9.86 1.17
15.65 94.54 -9.84 1.13
1.87 94.4 -8.04 1.58
0.93 94.74 -11.75 1.61
0 95.16 -13.83 3.94
0 95.22 -15.55 2.44
0.06 94.67 -14.96 1.12
0.8 94.78 -12.7 59.33
9.17 94.81 -11.62 3.12
0.04 95.23 -16.7 3.2
0 95.03 -20.52 3.19
0 94.23 -19.59 3.93
0 95.3 -19.06 2.72
0 95.07 -19.3 1.3
0 94.49 -14.72 1.23
4.16 94.46 -14.3 1.3
9.76 94.56 -13.79 4.38
0 94.17 -16 3.51
0.14 93.63 -16.3 2.13
0 94.02 -18.99 3.75
0 95.19 -19.9 4.29
0 95.74 -17.79 2.38
0 94.8 -18.5 1.98
0 94.62 -15.77 1.9
0 94.5 -16.6 1.75
0 94.39 -16.23 1.73
0.14 94.79 -17.77 2.32
0 94.62 -16.27 2.13
0 94.46 -16.49 1.39
0.53 94.15 -13.49 1.57
0 94.19 -13.17 1.94
0 94.22 -13.48 1.56
0 94.62 -11.28 1.91
2.28 94.37 -12.31 2.09
0 95.11 -14.95 2.75
0 95.37 -13.29 2.07
0 94.46 -8.95 2.52
0 94.85 -10.69 1.52
12.57 94.86 -9.56 1.14
0.5 94.93 -10.1 2.08
0 94.7 -14.6 1.41
0.11 93.66 -9.65 3.07
0.07 94.18 -14.77 4.39
0 94.21 -16.93 1.57
0.21 94.54 -14.31 1.76
0.09 94.46 -12.25 1.8
0 94.07 -7.68 1.61
0 94.32 -8.05 1.7
0.08 94.25 -6.3 1.64
2.83 94.15 -7.08 1.85
0.66 94.78 -10.33 3.63
0 94.84 -12.02 2.58
2.26 93.88 -10.31 2.58
0 94.61 -10.7 3.08
0.03 94.19 -9.69 2.13
0.75 94.49 -15.81 4.26
0 95.31 -18.96 4.78
0 95.12 -17.07 1.55
0.46 94.33 -13.42 2.52
0 94.9 -14.15 2.45
0.13 94.94 -13.75 2.14
0 94.24 -9.01 494.07
0 94.05 -6.9 2.76
0 94.64 -10.53 2.65
0 94.56 -11.37 1.68
0 93.89 -7.86 2.2
0.1 93.92 -7.31 3.96
0 94.58 -12.62 3.79
0 94.69 -13.45 2.41
0.01 94.65 -12.88 2.16
0 94.55 -9.86 3.14
0 94.78 -8.51 3.25
0 94.71 -6.19 2.15
0 94.76 -6.88 1.87
9.38 94.59 -7 1.93
0.31 93.87 -1.79 3
0 93.78 -1.07 2.81
0.24 93.31 -3.82 6.1
0 95.03 -9.39 5.15
0 95.01 -6.84 1.96
0 94.03 -2.29 3.16
0 94.32 0.18 2.57
0 93.72 3.83 3.14
0 93.63 2.85 2.08
0 93.07 3.8 2.2
0 92.89 1.7 2.75
0 93.12 -2.13 6.39
0 94.48 -1.6 2.45
0 93.78 2.94 3.28
19.79 93.72 -1.1 3.81
0 94.82 -6.22 3.91
0 94.39 -0.26 3.03
0 93.98 3.94 2.56
0 94.31 4.32 2.68
0 92.95 6.61 3.8
2.12 92.98 -2.75 4.03
21.8 93.69 -7.51 2.86
0.63 94.12 -7.18 2.95
0 92.96 0.4 5.05
0 93.86 -3.16 2.83
22.59 93.56 -4.72 3.91
0 94.27 -5.52 3
0 94.12 -2.69 1.74
0 93.21 3.22 3.89
2.92 93.4 0.79 4.28
0 94.2 -1.75 3.63
0 94.37 -2.36 2.43
2.21 94.25 -0.67 1.79
6.53 94 0.72 2.38
71.27 94.13 0.61 2.69
0 93.67 4.38 3.34
0 93.69 4.87 3.13
30.72 93.79 0.02 2.33
34.19 94.11 -0.84 3.28
0 93.87 -0.59 2.54
1.6 93.02 1.35 2.83
13.72 93.07 -0.03 3.79
4.45 94.02 -0.42 4
1.34 93.89 0.38 3.74
0 93.92 1.85 3.86
0 93.46 7.1 2.76
1.15 93.03 5.55 5.1
0 93.25 2.24 4.85
0 92.88 4.64 2.54
7.72 93.2 4.04 3.08
43.69 93.51 1.46 561.91
1.85 94.52 0.43 4.49
0 94.51 1.94 2.28
0 94.22 4.52 2.49
0 93.91 7.65 2.15
1.42 93.36 10.7 4.03
42.77 93.39 7.11 2.29
1.11 93.38 6.84 3.53
0.03 93.48 8.02 5.06
0 93.46 9.59 1.84
0 93.41 13.1 2.26
3.82 93.23 11.36 4.1
0.15 93.49 11.26 6.22
0.38 93.94 11.01 5.32
0.27 93.97 11.03 2.27
1.41 93.8 12.08 2.59
8.22 94.02 12.34 1.97
0 93.81 15.98 2.65
0 94.01 19.14 1.85
0 93.93 20.58 2.38
0 93.91 20.76 2.99
0.5 93.66 20.97 4.23
35.64 93.34 13.9 2.18
19.77 92.54 14.33 4.17
0 92.17 16.38 4.72
0 92.67 15.63 2.85
0 92.72 18.15 3.19
0.59 93.37 15.94 4.77
0 94.19 16.24 2.32
0 94.08 16.99 2.59
1.57 93.46 18.36 3.1
0 92.94 18.4 3.03
10.45 92.36 14.88 5.42
0.01 92.34 17 4.18
0 92.68 18.15 2.97
0 93.52 19.54 2.41
3.6 93.36 22.75 3.82
3.77 93.9 17.69 2.27
0 93.51 20.22 2.29
2.11 93.23 21.46 3.5
3.83 93.06 18.99 3.54
1.58 92.9 18.26 3.38
0 93.19 18.51 4.65
0 93.01 22.46 3.25
0.12 92.63 23.98 4.57
0 93.27 18.97 2.54
10.41 93.01 17.54 3.31
0.05 93.25 18.07 3.29
25.22 93.78 16.94 2.46
36.27 93.66 18.36 2.71
10.5 93.45 18.76 2.83
13.53 93.29 21 2.52
3.95 93.14 21.27 3.26
64.88 93.54 15.97 2.49
1.95 93.74 17.15 1.91
17.36 93.47 15.72 2.44
4.05 93.24 17.08 1.91
0.04 93.27 21.65 3.5
0.93 93.27 23.46 4.18
15.62 93.21 23.59 2.58
159.54 93.18 18.36 2.22
10.12 92.91 20.32 1.88
32.59 92.61 20.38 2.06
0.45 92.98 22.41 2.18
0 93.48 22.67 2.35
0.05 93.62 23.41 2.02
4.65 93.38 21.66 1.52
14.54 93.03 20.99 1.98
64.64 92.87 20.68 2.3
99.13 92.62 20.28 2.27
114.44 92.37 19.3 1.8
39.39 92.51 21.45 2.22
80.72 92.89 20.32 2.42
120.45 92.94 21.51 2.49
64.7 92.89 22.29 2.94
72.43 92.68 22.18 2.17
134.63 92.29 22.2 2.84
0.04 92.29 23.6 3.6
6.84 92.28 23.04 2.41
0.93 92.6 23.52 2.15
6.61 92.77 24.08 2.45
34.05 92.6 24.62 3.39
61.44 92.91 23.07 1.75
58.36 93.1 21.6 1.58
1.85 93.29 21.78 1.45
2.39 93.28 21.85 1.67
19.71 93.27 22.43 1.87
21.23 93.43 22.5 1.97
0.09 93.41 23.88 1.91
278.28 92.68 21.25 2.07
66.61 92.62 22.03 3.19
0 93.13 22.75 2.36
0.7 93.01 22.56 2.39
92.24 92.98 20.79 2.04
4.46 93.17 21.35 1.73
1.52 93.17 22.68 2.04
28.03 93.03 22.58 2.21
13.54 92.64 23.16 1.86
0.99 92.75 23.35 3.24
0.01 93.01 23.58 2.02
0.09 93.01 23.94 1.86
50.6 92.8 21.99 1.43
4.98 92.75 24.43 2.15
0.99 92.7 24.66 1.7
5.15 92.51 25.06 2.04
31.74 92.62 24.91 2.29
29.18 92.87 24.04 2.62
1.38 93.1 24.4 2.47
5.68 92.92 24.29 2.61
57.8 92.59 24.62 2.54
26.22 92.46 23.97 1.75
8.46 92.6 25.03 2.4
37.41 92.87 24.8 2.32
13.8 92.68 24.83 2.22
9.52 92.85 23.05 1.84
5.45 93.22 24.58 1.65
22.74 93.29 25.33 2.39
51.77 93.01 24.1 2.54
9.6 93.04 24.28 2.63
18.05 92.98 25.24 2.16
4.86 93.04 24.45 1.9
304.37 92.52 23.92 1.85
0.12 97.38 24.05 2.87
0 93.53 21.2 2.64
0 93.77 20.65 1.88
11.63 93.69 19.92 1.39
2.53 93.32 22.41 2.34
0.27 93.49 21.35 2.06
0 93.68 21.17 1.97
0.04 93.66 21.76 1.9
15.87 93.38 20.98 1.97
5.92 93.44 19.05 1.89
4.92 93.36 18.94 1.84
229.62 92.77 18.21 1.69
32.66 93.02 14.89 2.99
0.52 93.7 15.2 2.55
33.57 93.77 15.41 2.28
1.72 93.99 14.94 2.03
6.47 94.16 15.18 1.83
0 94.23 15.3 1.66
6.58 94.11 16 1.47
147.9 94.05 13.81 1.63
27.06 94.12 13.65 1.3
4.88 94.19 15.31 1.6
10.69 94.13 16.9 1.78
12.82 93.67 17.63 1.99
0.18 93.78 16.28 1.86
0 93.81 16.28 2.71
8.74 93.57 19.44 3.08
53.69 92.95 18.66 2.96
0.48 93.36 17.17 3.22
0 93.9 12.71 1.97
5.38 93.6 15.25 1.62
8.56 94.11 15.82 1.43
19.33 94.51 14.78 1.34
15.39 93.65 18.7 3.49
0 94.06 16.81 1.59
0.05 94.04 17.51 1.6
1.62 93.89 17.03 2.39
36.12 94.3 11.99 3.32
0 94.52 8.18 2.54
0 94.35 9.59 2.49
0 93.99 11.24 2.26
0 93.34 16.3 3.4
0 93.43 14.89 2.5
0 94.28 12.71 1.45
3.57 94.22 13.47 1.86
111.79 94.25 11.15 2.45
0.01 94.37 9.66 2.72
0 94.12 9.14 1.88
0 93.52 15.63 3.42
0 94.45 13.15 1.51
0.06 94.46 14.26 2.61
0.19 94.77 11.36 2.49
0.93 94.25 10.79 1.87
0 93.3 14.84 2.96
16.19 93.39 11.83 4.18
0 93.81 9.26 2.97
0 94.28 10.24 1.96
24.3 94.26 10.37 2.39
2.88 95.11 3.68 4.1
0 95.14 2.71 1.84
0 94.75 5.86 1.5
0 94.75 6.3 1.6
0 94.56 9.37 2.41
21.08 94.76 7.67 1.87
1.22 94.76 6.16 1.99
0 94.59 5.43 1.44
41.88 94.46 4.36 2.27
26.49 94.39 -0.12 2.33
0.01 94.67 3.23 4
0.01 94.91 4.62 2.38
0 94.43 3.72 1.65
0 93.91 5.64 2.09
4.14 94.41 4.81 2.27
2.19 94.95 3.18 2.47
0 94.89 2.55 1.46
0 94.97 3.49 1.21
0 94.72 3.84 1.47
1 94.23 7.11 2.08
1.44 94.56 6.16 3.12
0 94.87 4.27 1.99
0.11 94.12 4.74 2.33
0.87 93.75 4.3 3.96
0.06 94.08 2.44 2.78
0 94.15 0.9 2.13
0.09 94.71 1.13 3.74
0 94.71 -2.38 4.53
0 94.76 0.34 2.7
0 94.62 0.92 1.71
0 94.02 1.13 2.61
0 93.8 2 3.43
0 93.77 1.87 2.27
0.28 93.96 0.61 3.28
0.06 94.33 -3.87 3.85
0.18 94.55 -4.6 4.97
0 94.42 -4.57 3.22
0 94.45 -2.98 2.44
0 94.63 -3.65 1.5
0 94.41 -0.46 1.8
0 94.11 -0.26 2.03
0.08 93.77 -1.42 2.59
0 93.62 -5.32 3.67
0 93.75 -8.28 3.58
0 94.05 -10.89 6.81
0 94.26 -6.71 3.64
0 93.84 -0.48 3.07
0 94.41 -3.6 2.3
1018.29 94.2 -2.12 2.57
1018.29 93.97 -2.42 1.54
1018.29 94.24 0.01 2.2
1018.29 94.23 -0.27 2.23
1018.29 94.42 -2.4 2.83
1018.29 94 -3.15 1.3
1018.29 94.07 -5.19 1.46
1018.4 94.1 -4.86 2.68
1018.36 94.29 -6.57 2.98
1018.76 93.79 -8.53 3.17
1018.97 93.76 -9.14 2.83
1018.29 93.91 -12.16 4.68
1018.29 94.23 -12.25 3.46
1018.29 94.61 -9.91 3.27
1018.29 95.15 -9.82 1.73
1018.29 95.07 -11.04 1.61
1019.32 95.32 -13.02 2.29
1018.72 95 -13.86 2.83
1018.5 94.88 -12.77 3.12
1018.3 95.28 -11.93 2.5
1018.29 95.32 -11.84 1.49
1018.29 95.03 -11.27 1.17
1018.29 95.16 -10.12 1.39
1018.29 95.11 -10.25 1.26
1018.5 94.59 -8.52 3.12
1018.35 95.08 -11.45 4.27
1018.29 94.73 -12.53 2.1
1018.29 94.26 -12.04 2.88
1018.29 93.57 -7.33 3.51
1018.29 93.37 -6.63 3.23
1018.29 92.99 -3.93 4.58
1018.29 93.4 -4.35 3.3
1018.29 93.69 -4.44 3.14
1018.29 94.26 -6.45 2.5
1019.8 94.14 -8.88 1.67
1021.1 94.38 -9.33 1.78
1018.32 94.14 -8.08 2.45
1018.29 94.65 -8.36 2.7
1018.29 95.07 -14.77 2.87
1018.29 94.68 -15 2.42
1018.29 94.7 -13.05 2.14
1018.29 94.8 -11.25 2.38
1018.29 95.28 -12.99 2.23
1018.29 94.99 -13.83 1.68
1018.29 95.04 -12.33 1.96
1018.29 94.85 -9.27 1.76
1024.43 94.83 -9.84 1.41
1018.29 94.85 -10.75 2.05
1018.29 95.06 -8.96 1.89
1018.62 94.13 -7.89 3.61
1018.33 94.64 -10.79 4.53
1018.29 94.8 -10.76 2.43
1018.29 94.14 -7.71 1.9
1018.29 93.37 -4.17 2.89
1018.29 93.93 -4.47 2.22
1018.29 94.78 -9.2 3.07
1018.29 94.36 -8.44 3.19
1018.29 93.84 -5.49 4.18
1018.29 94.36 -7.79 3.12
1018.29 93.11 -2.17 5.11
1018.29 93.78 -8.07 2.91
1018.29 93.89 -7.53 1.61
0.31 93.5 -4.69 1.91
0.04 93.59 -6.03 5.08
0 94.36 -13.11 4.39
0 94.54 -12.3 2.51
0 94.68 -12.48 1.64
0 94.87 -10.48 1.57
3.39 94.56 -10.23 1.61
8.63 94.68 -12.66 3.19
0 95.28 -15.26 2.86
0 95.08 -15.18 1.85
0 94.54 -13.37 1.7
0 95.12 -13.54 1.83
0 95.08 -12.67 2.06
0.36 94.32 -7.45 2.53
0 94.37 -7.75 2.17
0.06 94.93 -8.34 2.38
0 95.43 -9.67 1.92
4.13 95 -9.68 1.63
1.34 94.76 -9.94 1.76
0 94.71 -8.88 1.81
0 94.68 -5.89 1.95
0.29 95.11 -7.2 1.53
0.21 94.97 -4.72 1.25
0 94.59 -1.87 1.67
0 94.45 0.87 1.73
1.76 94.17 2.01 3.26
2.06 94.83 -4.56 3.88
0.21 94.51 -7.21 1.62
0 94.38 -5.91 1.84
1.65 94.31 -5.77 2.19
1.71 94.3 -6.59 1.73
1.26 94.63 -6.38 2.76
0 94.68 -8.07 2.87
0 94.82 -8.28 2.62
0 94.84 -7.25 2.39
0 94.37 -5.63 2.25
0 94.64 -5.55 2.18
0 94.16 -2.89 2.13
0 93.99 0.08 3.52
0 94.62 -2.36 3.43
0 94.19 -2.58 2.08
0 93.74 1.71 2.91
0 93.45 5.4 2.48
0 93.76 4.13 2.47
0 93.4 6.19 4.64
0 94.44 3.68 2.18
0.27 94.41 2.74 4.01
0 94.73 3.28 4.08
0 94.13 5.79 2.64
0 94.18 6.57 2.99
0 94.41 6.8 2.57
0 93.47 11.13 3.78
0 93.45 10.65 2.29
0.01 93.47 9.96 2.7
0 93.47 9.48 2.79
62.77 93.27 10.7 2.85
14.72 93.73 9.21 2.19
0 93.94 9.97 2.1
1.02 93.99 8.38 2.19
0 93.52 10.66 2.81
0 94.18 7.24 3.61
0 94.6 2.99 4.53
0 93.82 6.78 4.68
0 94.39 5.18 3.68
0 93.83 12.03 3.61
0 93.74 12.76 1.59
0 93.6 13.43 2.38
0 93.77 11.47 3.73
0 94.47 9.33 2.31
5.37 94.1 10.4 2.06
2.08 93.84 11.22 2.02
0 93.98 12.93 1.73
0 93.94 15.9 3.16
0 94.4 12.99 2.98
0 93.77 12.29 2.46
26.81 93.71 7.63 2.66
0.15 94.38 8.26 2.22
37.51 94.2 6.9 2.42
0.28 93.85 8.58 105.17
0 93.94 10.35 3.18
0 93.62 12.82 2.78
1.55 93.3 15.25 3.45
4.81 93.55 16.96 3.58
1.79 94.06 14.34 3.57
30.7 94.26 10.54 3.19
0 94.54 11.65 2.41
0 94.39 13.14 1.93
0 93.77 14.91 1.76
0 93.25 17.98 2.03
17.53 93.28 15.05 4.68
96.31 93.82 7.18 4.44
7.9 93.44 7.02 4.64
13.38 93.68 4.67 5.2
0.58 93.88 6.94 3.8
0.12 93.27 10.77 2.52
37.03 93.29 8.58 3.64
0.58 93.82 11.37 2.19
82.09 94.03 10.26 2.74
11.13 93.98 11.65 2.09
187.45 93.15 8.53 2.2
42.06 92.36 14.61 3.75
0 92.57 15.43 4.02
0.22 92.88 12.97 3.71
0 92.61 13.29 2.97
0.05 93.38 15.87 2.92
8.45 93.72 15.12 2.19
7.14 93.4 16.83 2.6
62.94 93.03 15.79 2.63
3.52 93.08 17 2.66
0.08 93.19 18.66 2.54
0 93.19 21.28 2.56
0.8 93.52 23.42 3.48
68.4 93.33 16.54 2.48
0.85 92.92 15.89 5.25
0 92.43 20.45 3.96
11.65 92.21 17.71 3.39
0.34 92.64 21.26 2.52
0 92.73 23.16 37.08
0.71 93.27 24.08 2.74
0 93.24 27.07 3.58
10.89 93.47 22.35 2.94
0.53 93.59 20.67 2.4
0 93.46 21.91 2.41
0.74 93.26 21.66 2.37
8.39 93.14 22.69 2.5
295.72 93.25 15.99 2.23
91.9 93.12 13.62 3.01
18.81 92.8 15.59 2.92
37.34 93.09 15.04 2.25
74.69 93.5 15.12 1.82
14.37 93.61 18.05 1.82
35.89 93.41 19.66 2.22
20.61 93.44 19.57 1.96
0.15 93.32 21.13 2.18
15.65 93.13 21.77 1.8
81.77 92.9 19.86 2.2
121.58 92.81 19.21 2.07
82.44 92.94 18.36 2.72
5.77 93.18 18.99 1.81
46.7 93.32 18.99 2.05
24.39 93.45 18.32 1.55
130.56 93.54 18.16 2.03
5.1 93.42 20.65 1.8
0.15 93.03 22.33 2.21
19.34 92.84 21.62 2.91
35.02 92.95 20.93 3.36
0.41 93.37 21.26 3.37
0.98 93.29 22.3 2.71
0 93.34 23.5 1.89
0 93.29 24.01 1.88
31.33 93.21 22.06 2.39
84.4 92.89 20.05 2.29
20.6 92.69 22.33 2.1
0.03 93.15 24.01 2.03
1.32 93.21 24.76 2.8
2.92 93.1 25.24 2.15
13.98 92.87 23.7 2.58
23.39 92.83 22.33 3.82
0 93.04 22.45 2.92
0 92.77 22.8 3.52
11.1 92.84 21.38 3.03
15.41 93.03 20.7 2.61
2.05 92.97 21.67 2.57
14.96 93.01 22.37 1.93
34.05 92.96 22.26 2.46
71.92 93.03 20.89 36.84
12.93 93.24 22.26 36.3
0.26 93.35 25.57 1.81
1.02 93.44 28.04 2.12
11.98 93.05 28.41 3.82
73.24 92.96 23.57 2.65
0.66 93.25 21.72 1.65
0 93 23.84 2.7
0.16 93.3 22.33 1.88
0 93.35 22.91 1.66
0.04 93.52 23.67 2
21.68 93.42 25.06 2.29
6.68 92.98 26.04 2.97
37.59 92.98 23.96 2.82
58.49 93.13 23.37 1.86
0 93.23 25.37 2.22
0 93.21 26.08 2.43
6.41 93.09 25.37 2.15
16.8 93.03 24.73 1.92
125.87 93.28 19.65 2.21
1.08 93.28 20.9 2.11
0 93.53 21.23 2.41
0 93.62 20.79 1.54
0.07 93.46 21.62 2.24
70.13 93.22 20.35 2.21
23.87 93 20.27 1.7
0.94 93.2 20.87 3
1.79 93.38 19.6 2.08
32.81 93.38 17.9 1.7
8.94 93.3 17.89 1.8
6.88 93.36 18.88 2.05
5.99 93.46 19.57 1.84
3.59 93.6 20.32 1.87
7.94 93.78 20.46 1.62
0.34 93.72 21.83 1.72
3.17 93.43 23.15 2.19
5.49 93.41 23.35 1.78
31.54 93.36 21.89 2.15
74.18 93.2 21.22 1.79
88.92 93.46 18.75 2.41
1.53 93.74 18.7 2.53
0 93.84 19.92 2.12
0 93.94 21.29 1.88
14.36 94.05 19.48 2.16
9.04 94.07 19.8 1.63
1.5 94.02 19.66 1.89
24.51 93.87 19.01 1.87
23.64 93.84 18.56 1.78
243.67 93.77 15.8 2.09
1.07 93.43 17.05 1.97
0 93.14 19.28 2.51
0 93.62 18.08 1.49
0 93.65 19.4 1.77
5.45 93.27 19.74 2.96
0.02 93.54 17.06 2.76
0 93.69 14.94 1.58
0.06 93.95 16.44 1.79
0.32 93.96 17.47 2
28.05 93.99 16.4 1.46
1.82 93.8 17.96 2.39
0.1 94.14 14.96 2.79
0 94.23 12.92 2.96
0 94.26 12.31 1.51
0 94.36 14.73 1.39
0 94.33 15.6 1.99
16.17 93.63 15.25 2.36
24.45 93.6 13.95 2.45
0.02 94.17 13.62 1.51
1.59 94.25 15.12 2.28
78.91 94.38 12.17 1.66
17.44 94.15 12.72 1.61
0 94.05 12.92 1.91
45.66 93.44 13.79 3
0.09 93.99 12.57 2.04
0.8 93.92 12.67 2.84
34.45 94.66 6.07 3.7
0.08 94.72 5.11 1.67
44.37 93.9 6.46 1.45
21.15 93.77 7.78 1.9
0 94.09 7.93 1.59
124.26 94.28 7.43 1.55
12.4 94.8 7.71 2.44
0 94.6 7.78 2.07
0 94.2 11.03 1.88
0 94.09 12.52 2.22
0 94.28 14.83 1.82
0 94.5 12.71 1.8
2.32 94.45 12.52 2.84
0.55 95.37 7.15 3.34
0 94.91 3.45 1.75
0 94.01 7.52 2.1
0 93.61 8.13 4.04
0 94.08 8.27 2.88
0 93.85 10.78 2.25
0 93.94 11.84 2.13
0 93.63 14.69 3.78
0 94.4 7.31 2.28
0 94.74 3.92 1.84
0 94.28 5.14 1.84
0 93.57 9.27 2.27
0 93.28 11.62 2.46
0 93.51 10.48 2.17
0 94.93 3.46 4.53
0 95.27 1.39 2.02
0 94.72 3.06 1.59
0.25 94.48 6.86 1.66
12.37 94.61 7.14 117.46
5.02 94.33 5.52 1.8
1364.26 94.03 5.6 3.31
1364.57 94.22 2.86 4.01
1364.25 93.99 5.5 2.66
1364.25 93.59 6.26 2.92
1364.28 93.98 4.63 3.42
1364.25 95.17 -1.56 2.84
1364.25 95.14 -2.65 1.64
1364.25 94.77 -0.68 1.94
1364.25 94.59 2.37 1.75
1364.25 94.27 2.33 1.71
1364.28 93.94 1.4 3.36
1364.55 94.36 -5.29 5.6
1364.25 94.35 -2.64 2.9
1364.25 94.66 -3.4 1.64
1364.25 94.78 -2.53 1.78
1364.9 94.65 -0.71 2.03
1364.25 94.98 -2.66 1.62
1364.25 94.89 -2.01 1.67
1364.25 94.2 -0.43 2.67
1364.25 93.65 1.82 3.8
1364.25 94.16 -0.73 2.53
1364.25 94.65 -3.56 2.07
1364.34 94.45 -0.55 2.63
1364.25 94.79 -4.25 1.69
1364.25 93.91 -3.69 2.21
1364.25 93.47 103.29 4.06
1364.25 94.52 -4.44 1.97
1364.25 94.07 -3.14 1.59
1364.29 93.92 -1.93 2
1364.6 94.09 -3.15 5.4
0 94.65 -12.79 5.78
0 94.37 -12.68 3.43
0 94.14 -12.28 5.67
0 94.28 -11.76 4.7
0 94.39 -11.19 3.62
0 94.52 -10.43 1.69
2.28 94.55 -9.89 2.01
0 95.07 -11.13 1.66
0.2 94.94 -9.08 2.07
3.46 94.37 -6.38 4.56
0.37 94.75 -10.61 2.86
0.1 94.35 -10.96 3.94
0 94.49 -11.73 2.39
0 94.51 -10.37 1.69
0.86 94.51 -10.19 3.81
0 94.57 -13.2 3.66
0.04 94.58 -11.04 2.3
0 94.51 -8.76 2.63
0.73 94.29 -7.71 3.88
0 94.58 -11.48 3.57
0 94.23 -10.72 3.47
0 94.06 -4.75 2.36
0 94.1 -5.59 2.6
0 94.93 -6.23 3.55
0 95.14 -6.21 2.54
0 94.9 -9.49 1.38
0 94.52 -6.48 2.19
0 93.92 -6.48 2.04
0 93.29 -5.81 3.24
0.58 93.96 -7.67 493.95
0.14 94.72 -12.19 4.85
0.56 94.68 -12.45 2.75
0 94.61 -8.62 2.91
0 93.42 -4.4 3
0 93.64 -4.31 1.88
0.57 94.02 -4.58 4.56
0 94.52 -8.73 3.2
0 94.83 -10.19 1.61
0 94.76 -9.68 2.02
0 94.65 -6.84 2.55
0.06 94.22 -5.82 2.85
0 95.2 -8.69 2.18
0 95.32 -9.81 1.74
0 94.91 -7.89 1.62
0 95 -9.78 1.45
1.69 94.66 -9.86 1.58
2.86 94.72 -10.78 3.52
0 94.81 -10.44 2.01
2.64 93.74 -6.47 3.13
0.02 94.32 -9.55 1.99
0.21 94.25 -8.82 2.05
0.75 94.77 -9.18 2.15
0 94.24 -9.4 1.88
0 93.78 -5.9 3.15
0 94.57 -7.79 1.96
1.82 94.24 -5.59 1.51
2.97 94.84 -9.59 4.22
0 95.34 -13.07 3
0 95.14 -13.25 1.88
0.42 94.63 -10.18 3.19
0 95.22 -11.86 3.34
0 95.49 -11.02 1.76
0 95.27 -9.97 1.76
0 95.1 -8.98 1.53
0.45 95.02 -5.97 2.72
0.28 94.96 -7.6 3.53
0 94.85 -5.08 3.05
0 94.24 -3.35 2.88
0.14 95.01 -11.61 5.07
0 95.11 -13.03 3.22
0 94.44 -8.02 2.63
0 93.79 -4.61 2.17
0.04 93.82 -7.14 3.28
0 93.98 -7.32 2.1
0 93.6 -5.86 2.1
0 93.42 -2.24 1.99
0.03 94.05 -3.66 1.51
6.67 93.88 -2.34 2.72
0.04 94.49 -2.89 3.81
0 95.08 -4.8 2.16
0 94.56 -4.62 2.59
11.04 93.79 -1.51 2.49
21.39 93.31 -2.64 5.17
0.67 93.75 -7.34 5.84
0 93.93 -8.04 2.02
0 93.56 -7.25 1.95
0.35 94.03 -8.26 3.27
0 94.43 -10.03 3.37
0 95.02 -7.93 2.07
7.44 94.12 -3.91 4.19
0 93.81 -2.32 3.18
0.18 93.42 -3.72 2.63
0.12 94.11 -7.99 5.3
0 94.55 -7.69 2.52
0 94.28 -4.4 2.64
0 93.64 -0.07 3.78
0 93.98 -0.48 2.55
5.03 94.53 -4.17 3.59
0 95.32 -10.44 4.97
0 94.7 -5.32 3.37
0 94.31 -4.82 3.63
0 93.83 -3.93 2.9
0 101.45 99.08 104.56
0 93.92 -0.48 3.45
0 93.6 4.58 3.74
0 93.52 4.61 3.07
0 94.22 2.2 2.07
0 93.57 5.28 2.84
0 93.83 4.78 3.43
0 93.93 4.19 2.88
0 93.92 4.71 4.19
0 94.82 1.14 3.8
0 94.99 1.98 2.58
0 95.15 2.98 1.77
0 94.95 6.26 2.42
0 94.76 10.74 3.56
0 93.94 12.12 4.32
0 93.57 11.05 3.56
0 93.64 9.65 2.9
0 93.21 13.24 3.37
5.61 94.13 6.26 2.89
0 94.24 4.22 1.89
177.56 92.75 2.09 2.25
0.69 93.52 3.51 2.18
9.75 93.46 4.83 1.96
0.35 94.05 2.42 4.67
0 95.1 -1.79 3.76
0 95.05 -0.87 2.89
0 94.3 3.52 2.7
0.06 94.07 6.22 2.8
0.1 94.25 6.52 1.99
24.43 94.44 5.74 2.84
142.95 95.05 -0.85 3.66
0.31 94.67 2.51 2.19
0 93.14 10.45 2.21
3.03 92.31 12.72 3.98
0.71 93.16 7.63 5.74
0 93.22 10.01 2.35
0.14 93.49 11.46 2.57
0.01 93.97 9.62 3.4
0.06 93.61 10.2 3.18
0.17 93.51 10.27 2.81
0 93.74 13.18 3.77
0 93.97 13.02 4.94
0 94.23 13.55 2.96
0 93.66 19.08 3.74
0 93.28 22.06 3.64
31.81 92.97 18.71 3.33
10.57 93.56 16.19 2.33
0 93.61 18.44 2.17
0 93.53 19.57 3.01
18.46 93.33 15.33 3.07
14.17 93.35 15.11 2.54
0 93.69 11.58 5.39
0 93.47 13.01 4.36
0 92.98 12.96 5.13
0 93.43 11.02 2.76
0.29 93.4 11.19 4.74
14.86 93.64 6.74 2.31
0 94.01 7.95 1.96
155.43 93.86 6.42 2.59
49.22 93 6.18 2.11
10.81 91.84 10.57 3.8
1.78 91.94 16.86 3.77
2.61 93.24 14.63 4.72
0.03 93.79 14.37 3.69
0 93.23 17.31 3.39
33.54 92.4 17.34 3.19
21.8 92.6 13.29 5.45
3.88 93.04 12.07 5.12
0 93.84 16.99 3.72
0 93.49 19.65 3.29
0 93.33 20.41 2.45
1 93.25 21 2.35
0.33 93.09 22.91 2.92
1.38 93 24.19 3.39
8.75 93.15 22.65 2.44
0.85 93.11 21.91 3.07
7.78 92.8 22.35 3.42
0.53 93.15 19.57 3.52
0 93.18 18.68 2.55
0 92.39 23.56 5.79
4.71 92.87 21.36 3.07
1.81 93.45 18.78 4.08
0 93.66 19.99 2.78
67.02 92.85 16.62 3.12
27.88 92.39 18.05 2.53
29.69 92.88 17.27 2.63
0.23 93.2 18.35 3.1
5.43 92.95 18.61 2.55
8.85 92.91 17.89 2.1
107.1 92.65 16.14 2.41
124.44 92.23 14.88 2.11
62.77 92.3 15.75 1.85
47.32 93.19 17.06 2.22
1.42 93.45 19.88 2.24
14.08 93.29 21.3 1.86
0.28 93.01 22.02 1.84
87.91 93.06 19.18 3.17
9.21 93.22 17.41 3.64
79.27 93.64 16.06 2.53
0.04 93.75 20.57 2.15
0 93.37 22.54 1.89
23.08 93.1 22.91 2.43
1.64 93.23 22.78 2.37
65.35 93.04 22.2 2.6
39.31 92.77 20.94 2
51.15 92.74 20.45 1.86
1.53 93.14 21.78 1.63
26.72 93.23 22.76 2.13
222.01 93.35 17.44 2.15
19.64 92.79 17.84 2.07
17.36 92.4 18.29 3.21
6.34 92.94 16.59 3.07
0.07 93.47 17.87 2.02
28.52 93.46 19.04 1.92
5.06 93.56 19.87 1.79
0 93.54 21.77 2.09
1.24 93.42 23.12 1.95
13.32 93.57 24.2 1.95
1.12 93.79 25.15 2.35
22.32 93.64 23.12 2.56
2.66 93.36 24.35 1.93
1.13 92.89 25.65 2.16
0.7 92.72 25.77 2.74
38.54 93.04 25.31 2.28
53.28 93.42 22.9 2.6
54.32 93.6 19.7 1.97
25.24 93.43 20.73 1.73
66.29 93.27 21.12 1.78
47.14 93.39 21.36 2.14
35.37 93.31 22.2 2.23
40.54 93.1 22.57 1.84
75.32 93.07 22.01 1.68
13.56 93.06 22.09 1.5
24.8 92.89 21.91 1.79
6.93 92.72 22.86 2.09
4.3 93.1 23.7 2.18
43.1 93.18 23.41 1.81
40.72 92.93 23.37 1.94
64.47 92.93 23.2 2.28
260.85 93.28 20.52 2.16
5.69 93.49 21.72 1.66
7.58 93.29 22.62 2.13
31.02 92.84 23.81 2.96
0.19 92.83 21.6 2.17
6.23 92.72 23.05 2.39
11.54 92.87 23.73 2.73
55.55 93.26 22.44 2
30.86 93.79 21.8 1.95
53.42 93.85 21.38 1.53
10.09 93.76 22.68 2.25
0 93.78 22.77 1.94
0 93.6 23.07 1.53
0 93.42 23.77 1.66
0 93.11 24.67 1.82
1.13 92.96 23.94 2.28
0.03 93.22 22.23 2.26
0 93.27 22.42 1.77
1.97 100.49 122.98 103.84
33.05 100.81 123.45 104.08
66.24 93.69 18.87 2.03
32.05 93.44 18.2 2.18
10.31 93.25 19.37 2.12
26.59 93.35 19.06 1.88
20.91 93.65 19.21 1.69
29.58 93.88 18.81 1.83
15.74 93.82 19.35 2.01
53.04 93.7 19.2 1.89
0.18 93.63 19.68 2.07
14.13 93.48 19.31 1.83
6.31 93.6 18.32 1.47
39.94 93.75 18.11 1.55
98.58 93.93 17.27 1.61
74.07 93.99 17.59 1.96
1.78 93.99 19.62 2.16
0.2 94.12 18.63 1.95
26.81 93.93 17.14 1.71
95.81 93.76 16.26 2.15
0.04 93.91 16.99 1.68
0 93.81 18.59 1.66
9.26 93.98 19.14 2.23
29.05 94.62 15.31 2.03
6.56 94.55 13.58 1.8
52.64 94 12.47 1.74
8.46 93.96 13.47 2.72
0 93.91 18.05 2.34
0 94.19 17.88 2.3
0 94.28 17.44 2.27
0 94.15 17.95 2.22
21.35 94.16 18.47 1.67
25.46 94.23 17.59 2.07
0.01 94.29 15.14 1.89
7.57 93.76 15.26 2.1
22.92 93.58 17.49 2.09
88.65 93.4 16.06 2.54
32.23 93.52 13.61 2.14
54.52 93.45 13.87 1.82
14.29 93.49 13.64 2.68
0 93.72 12.6 2.25
0 93.96 13.97 2.43
0.28 94.72 12.45 1.55
11.3 95.15 10.08 1.95
15.23 94.04 13.95 2.88
43.4 93.42 9.93 5.22
0.08 93.31 12.51 4.31
0 94.25 10.82 2.12
0 94.55 12.62 2.08
0 94.08 15.78 3.16
0 94 15.76 2.15
0 93.79 15.9 3.2
0 94.08 8.72 3.78
2.09 93.41 4.56 3.17
3.97 93.64 4.74 4.88
3.87 93.96 9 4.33
0 94.31 10.88 2.28
0 94.36 11.93 1.85
0 94.12 11.63 1.56
0 94.06 12.38 1.58
0 94.07 13.58 2.33
1.99 94.23 11.16 3.25
0 94.86 5.62 2.42
0 93.85 8.91 2.44
29.31 94.33 4.53 1.82
21.49 94.68 4.57 1.74
2.93 99.28 75.64 36.06
0 98.8 76.64 36.22
0 94.94 6.1 2.3
0 94.84 4.04 1.76
5.3 93.68 6 5
0 93.74 2.68 3.52
0 94.32 0.63 3.13
0 94.65 -0.71 3.67
0 95.07 -0.32 2.74
0 95.13 1.86 1.55
0 94.49 4.14 1.81
0 94.31 4.63 1.46
0 94.23 7.47 3.24
0 94.45 8.24 2.77
0.58 95.49 0.5 3.37
73.57 95.52 -4.1 2.44
37.15 95.15 -3.94 2.56
14.33 94.68 -3.12 1.63
0.42 94.75 -3.41 1.32
0 94.89 -3.65 1.52
0 95.05 -1.77 1.39
0.07 94.91 0.63 1.5
0.04 94.2 2.25 1.82
0 93.61 4.33 2.25
0.17 94.42 1.72 2.35
14.9 94.23 -2.44 2.68
0 94.9 -5.09 2.16
13.32 94.75 -5.77 2.2
13.45 94.75 -7.68 1.85
9.87 94.76 -8.71 1.85
7.74 95.26 -10.21 1.71
18.59 95.68 -12.28 2.22
10.24 95.77 -13.12 2.76
0.4 95.66 -16.09 1.8
0.06 94.87 -15.39 2.98
0 94.8 -15.58 2.48
0.3 94.3 -12.01 1.41
1.23 94.71 -10.43 1.51
10.54 94.5 -6.38 2.06
0 94.35 -9.52 1.71
1.26 93.69 -5.1 2.05
0.33 93.54 -6.76 4.56
0.83 93.92 -8.73 5.25
0 94.24 -6.29 3.87
0 94.83 -6.33 2.22
0 94.95 -9.45 1.53
0 95.11 -9.9 1.12
0 94.7 -4.27 1.89
1.1 94.37 -1.11 2.04
0.01 94.68 -3.2 3.11
0 94.92 -8.39 1.73
0 94.62 -7.48 1.25
0 94.71 -7.18 1.26
4.4 94.06 -5.81 3.03
0.17 94.17 -7.69 4.37
0.21 94.75 -10.18 4.82
0 94.79 -9.14 2.69
0 95.24 -7.59 1.87
0 95.21 -8.08 1.56
0 94.36 -5.65 1.95
0 94.57 -7.66 1.61
0 94.64 -9.58 1.69
0 94.58 -7.72 1.86
0 94.64 -11.12 2.27
0.04 93.62 -8.19 2.71
0 94.62 -13.01 3.58
0 95.39 -16.32 1.81
0 95.15 -10.35 1.72
1.15 94.71 -7.31 1.57
1.91 94.97 -8.57 1.67
0 94.95 -9.94 1.88
0 94.15 -5.57 2.14
0.04 94.13 -7.46 1.59
2.5 94.28 -9.12 2.11
0 94.75 -11.9 3.66
0 94.58 -13.14 2.87
0 94.88 -11.38 3.02
0 94.74 -11.62 3.22
0 94.53 -12.39 2.65
0 94.28 -12.03 2.11
0 94.98 -13.68 2.87
0 95.26 -14.97 2.64
0 94.78 -14.56 3.14
0.35 94.1 -13 3.81
0.54 93.81 -12.32 2.33
0 93.82 -12.2 1.74
13.47 94.38 -14.7 2.18
3.12 94.45 -19.68 2.64
0 94.15 -20.11 4.04
0 94.71 -19.49 1.72
0 95.18 -18.73 1.41
1.24 95.13 -18.07 1.87
0.83 95.66 -21.87 3.46
0 95.6 -24.98 4.72
0 95.23 -17.42 4.26
0 94.6 -12.09 3.44
0 94.4 -13.09 3.26
0 94.44 -11.83 3.04
0 94.97 -14.26 1.88
0 95.37 -17.08 1.8
0 95.22 -17.71 2.42
0 95.29 -14.46 3
0 95.2 -12.37 2.49
0 94.85 -10.95 2.19
0 94.62 -10.56 2.58
0 94.83 -10.4 3.06
0 94.77 -10.3 3.45
0 94.67 -8.74 2.66
0 93.8 -9 2.7
0.04 93.43 -5.59 3.26
0 94.05 -4.55 2.38
0 93.72 -1.52 2.2
0.05 93.64 -0.62 1.96
6.7 93.95 -1.71 3.01
34.52 94.65 -9.01 5.31
0 94.71 -13.69 5
0 94.09 -10.39 4.35
0 93.98 -6.1 4.14
0 93.9 -3.71 3.5
0 93.9 -5.49 3.44
0.6 94.7 -8.53 3.39
0 94.65 -10.74 3.35
0 94.45 -10.9 2.3
0.04 94.64 -8.33 3.02
0 95.5 -11.61 2.84
0 95.13 -10.67 2.52
0 95.05 -9.93 2.74
0.43 94.39 -8.16 2.46
0.11 94.48 -8.32 2.13
0.63 94.82 -9.33 4.12
0.38 95 -9.69 3.01
0.19 94.14 -2.55 2.65
0 93.78 0.25 2.33
0 93.69 0.83 2.2
0.63 94.06 -0.57 1.69
16.53 93.92 -0.55 4.06
0.14 93.9 -2.6 2.3
3.68 94.22 -5.41 4.04
0 94.93 -8.65 4.16
0 95.04 -8.73 3.6
0.15 94.81 -7.72 3.46
0 94.27 -6.32 2.15
0 93.68 -2.73 3.46
0 94.41 -2.84 2.76
0 94.26 0.17 2.66
0 93.71 3.58 2.66
0 93.59 6.59 2.94
0 93.17 8.61 4.3
0 93.64 5.86 3.81
0 94.45 3.58 1.8
0 94.72 4.94 1.91
0 94.39 7.11 2.63
0 94.7 4.51 3.98
0.03 95.27 1.37 4.34
0 95.27 0.93 2.84
0 94.96 2.12 2.76
0 94.6 6.27 2.88
0 94 7.79 2.42
0 93.4 8.98 3.68
0.32 93.84 6.11 3.28
0 93.77 8.16 3.2
0 92.85 14.14 4.35
18.78 93.17 8.28 4.63
0.64 94.18 4.97 4.12
0 94.17 6.81 3.04
0 93.41 8.89 3.16
0.27 93.65 8.63 2.31
0.66 93.07 10.85 4.04
0 93.47 8.5 4.34
0 93.39 10.68 5.22
0 93.58 7.19 2.79
0 94.18 5.07 3.06
0 93.71 6.4 4.16
16.92 92.93 8.12 2.4
0.47 92.7 9.57 4.45
0 93.73 10.44 2.93
1.32 93.3 14.11 4.26
10.39 93.27 9.04 4.24
3.53 93.23 5.63 3.74
3.52 93.51 5.76 2.31
2.68 93.81 7.03 2.61
0.02 93.51 12.63 2.75
0 92.73 13.45 5.18
0 93.23 9.59 5.63
0 93.72 9.71 2.74
0 93.22 12.87 4.15
2.54 93.93 10.58 3.23
23.47 94.17 8.91 2.07
1.8 93.83 12.11 1.91
0 93.94 12.56 2.36
13.88 93.17 13.53 2.78
0.05 92.8 16.73 2.77
15.22 92.59 19.42 3.79
137.29 93.33 10.68 2.34
42.35 92.55 11.63 5.13
0 92.97 14.8 2.95
13.03 92.94 14.62 4.57
0.02 93.31 12.01 6.1
0 93.99 14.35 2.64
0 93.48 17.43 3.78
1.54 93.65 15.73 2.21
0 93.32 16.31 2.39
1.1 92.54 18.46 3.73
108.5 93.27 10.81 4.46
0 94.06 14.12 4.29
35.39 93.71 11.68 3.8
0.95 93.58 11.79 3.43
0 93.09 17.24 2.95
0 93.2 21.5 3.66
0 93.45 23.39 4.14
0 93.66 21.75 3.22
0 93.84 21.24 3.6
0.15 94.52 18.14 3.5
0.14 94.41 17.57 2.46
57.17 93.56 13.89 1.85
19.86 92.54 14.38 4.17
6.99 92.82 17.2 3.22
1.33 93.3 17.31 3.98
0 93.21 20.79 4.05
0.33 92.87 22.48 4.13
0 93.2 18.2 3.93
0 92.94 20.66 3.73
21.47 93.65 16.87 2.09
0 93.75 19.28 1.49
0 93.4 22.06 2.28
0.04 93.07 22.78 2.9
0.15 93.2 21.94 2.81
0.67 93.45 22.09 2.38
46.42 93.62 18.05 3.02
4.1 93.64 18.08 2.12
0.31 93.4 20.26 2.13
32.8 93.07 20.03 3.52
77.1 92.85 18.87 3.78
30.23 93.35 17.55 2.41
7.23 93.24 18.73 1.98
9.24 92.9 18.57 2.19
122.09 92.77 15.64 2.36
10.72 92.83 18.44 2.3
5.53 92.45 19.32 2.23
24.89 92.52 19.63 2.13
4.11 93.06 19.81 2.87
0.01 93.14 22.48 2.36
25.85 92.8 23.29 2.77
34.31 92.82 22.64 2.38
24.5 92.87 21.48 2.14
11.71 93.11 20.39 2.88
4.15 93.18 19.89 3.51
0 93.35 23.19 2.81
0 93.25 23.84 2.23
40.57 92.95 22.04 2.53
73.53 93.02 18.13 2.61
82.04 92.93 19.65 2.02
46.26 93.01 19.54 2.37
0 93.13 19.93 1.85
0.68 93.09 21.45 1.87
0 93.2 24.07 2.57
0 93.36 24.45 2.67
10.63 93.58 24.84 1.96
0 93.69 25.92 1.89
0 93.61 26.38 2.58
0 93.37 25.99 2.34
0 93.14 27.39 1.93
0 92.89 28.36 2.41
23 92.61 27.93 2.88
109.15 92.86 21.86 1.87
0.88 93.2 24.01 2.25
4.85 93.49 21.96 2.42
21.18 93.16 19.26 2.06
4.22 93.05 18.7 1.89
1.66 93.32 21.32 1.66
0.08 93.32 23.09 2.18
16.88 93.39 23.07 2.32
210.01 93.46 21.14 2.22
598.94 93.05 20.52 2.29
77.57 92.79 22.94 1.82
25.48 92.71 25.81 2.38
0.77 93.23 24.58 2.1
347.27 93.22 20.38 2.1
2.19 93.11 22.29 1.66
2.04 92.91 23.74 2.09
45.48 92.89 22.78 2.03
18.8 93.23 23.26 1.82
139.57 93.51 22.51 2.19
61.37 93.62 21.71 1.7
13.47 93.73 22.87 1.73
0.25 93.74 24.24 1.69
0 93.68 25.87 1.54
0 93.62 26.79 1.74
0 93.52 26.56 2.09
249.38 93.28 24.41 1.81
102.2 93.63 22.98 2.05
0 93.7 21.91 1.67
0 93.35 23.44 2.16
0 93.15 26.43 2.93
2.96 93.18 28.24 2.97
22.48 93.27 24.6 1.97
0 93.24 23.33 1.78
0 93.47 23.18 1.76
18.44 93.39 22.6 1.7
41.51 93.21 22.04 1.82
2.79 93.09 22.14 1.49
213.57 93.04 20.02 1.55
11.35 93.45 21.03 1.96
14.69 93.58 21.59 1.9
1.46 93.73 22.22 1.94
2.12 93.81 22.79 1.59
34.96 93.32 20.58 1.47
20.73 93.19 22.41 1.99
91.95 93.92 17.44 3.63
0 94.17 16.97 1.97
9.56 93.86 16.93 2.16
1.93 93.83 18.13 1.99
0 93.95 17.58 1.84
0 93.4 17.73 1.9
12.96 92.43 16.69 4.49
23.03 92.25 15.31 3.11
5.02 92.86 18.24 1.41
13.28 93.36 18.34 1.34
124.53 93.6 17.66 1.67
46.16 93.57 16.87 1.5
8.47 93.45 18.28 1.57
2.79 93.18 18.13 1.78
4.89 93.27 16.74 1.68
25.26 93.56 16.22 1.71
18.76 93.71 15.32 1.69
118.3 94.04 14.85 2.03
20.7 94.28 15.51 1.51
2.9 94.24 16.67 1.45
26.76 94.07 17.98 1.7
0.02 93.97 18.19 1.74
9.08 94.02 17.25 2.17
4.51 94.42 15.1 1.76
44.91 94.58 13 2.3
0.4 94.63 12.79 2.15
0 94.46 13.03 1.58
1.93 94.24 13.66 1.92
24.09 93.9 15.34 1.88
4.3 93.61 16.97 1.75
3.8 93.36 18.93 3.21
0.25 94 15.99 2.02
20.06 93.79 16.27 1.85
3.78 94.57 10.52 4.58
0 94.92 7.24 2.04
0.22 94.15 8.79 2.17
0.38 93.82 13.93 2.08
16.43 93.69 17.27 3.23
1.66 93.7 14.73 2.27
3.86 93.72 14.25 3.15
118.98 94.18 7.59 1.94
11.75 94.29 6.43 2.09
2.09 94.83 7.81 1.66
74.28 94.01 9.72 3.27
1.64 94.27 4.83 4.32
0 94.43 4.26 1.9
0.39 94.05 5.26 1.81
0 94.56 5.28 40.16
0.17 94.56 6.69 1.64
0 94.19 10.66 1.47
0 94.28 11.98 1.73
0.27 94.4 13.35 2.55
3.84 93.91 13.55 3.77
0 94.35 8.94 2.26
0 94.14 10.51 1.94
0 94.01 11.56 2.27
4.43 94.76 4.9 2.67
59.89 94.24 5.04 1.76
28.05 94.87 2.21 2.8
0 94.53 2.18 1.49
0 93.91 3.03 1.55
0 93.59 7.05 3.24
0 94.67 2.67 1.91
22.74 94.75 2.05 1.59
6.55 94.95 1.05 3
1.15 94.97 -0.88 2.39
3.51 94.72 -1.23 3.32
0 95.48 -5.74 3.19
0 95.11 -4.04 2.36
0 94.45 -0.48 3.04
0 93.9 1.31 1.73
0 93.05 3.44 1.79
0 94.01 1.65 2.72
0.81 94.75 -0.73 2.25
6.62 95.06 -2 3.14
0 95.39 -4.46 2.04
0 94.78 -2.88 2.04
4.04 93.38 0.92 3.37
3.5 93.58 -2.69 1.72
0.43 94.09 -2.39 1.64
0 93.6 2.98 3.06
0 94.32 -0.16 4.97
0 94.5 -4.13 1.9
0 94.28 -0.96 1.89
0 94.2 -1.56 2.13
0.26 93.66 -0.07 2.13
4.88 94.14 -3.65 2.49
21.93 94.66 -7.46 2.02
36.28 95.03 -10.43 3.2
0 95.4 -12.14 3.38
0 95.08 -11.2 2.86
0 94.6 -9.26 2.37
0 94.25 -7.06 2.13
0 93.81 -3.55 3.33
0 94.62 -6.56 3.11
0 95.04 -5.36 1.95
0.12 95.25 -6.12 1.68
7.26 94.2 -2.37 3.79
0 94.93 -4.21 3.83
0 94.69 -1.38 2.49
0 93.95 0.81 2.67
0 94.01 -2.66 2.76
1.91 94.63 -6.81 3.61
0 94.09 -6.55 2.63
0 94.29 -6.68 2.52
9.64 93.75 -4.99 3.46
0 94.65 -8.66 2.18
0 94.78 -9.89 1.58
0 94.2 -7.82 2.06
3.5 94.54 -4.81 2.87
0 95.12 -9.9 2.95
0 95.06 -11.44 2.17
0.04 95.07 -9.99 3.13
0 94.31 -6.03 2.33
0 94.26 -6.13 1.24
0 94.41 -5.64 1.29
0 94.49 -5 1.48
0.02 94.81 -4.57 1.3
0.44 94.78 -5.41 2.19
6.01 94.47 -9.72 3.47
0 94.86 -11.76 2.25
0 94.76 -11.68 1.34
0.17 94.63 -7.57 3.01
0.43 95.2 -10.15 3.47
0 95.09 -12.78 2.07
0 94.83 -11.07 4.03
0 95.04 -10.69 2.5
0 94.58 -9.74 1.73
0 94.44 -8.26 1.66
0 94.27 -4.56 3.23
0 94.41 -6.29 2.19
0 94.12 -3.76 2.89
0 94.66 -6.8 1.52
0 94.93 -7.9 1.41
0 94.54 -5.09 1.47
11.48 94.52 -4.77 1.41
5.07 94.18 -6.17 2.51
0.07 94.3 -9.04 3.43
0 94.53 -11.52 3.7
0 94.29 -11.65 2.77
0.06 94.02 -12.08 2.94
0 94.23 -11.8 4.45
0 95.06 -12.59 2.19
0.14 95.02 -14.46 1.41
0.08 94.92 -13.32 1.46
0.46 94.76 -11.82 2.12
0 95.07 -12.83 1.73
9.91 94.77 -13.36 3.2
0 94.83 -14.73 2.42
0 94.52 -14 4.19
0 95.14 -15.1 2.46
0 95.25 -15.73 1.55
0 95.36 -13.73 1.6
0 94.78 -9.09 1.81
0.21 94.13 -5.73 4.64
0 94.56 -8.14 3.27
0 94.02 -9.44 2.19
0.22 94.86 -11.96 3.93
0 95.17 -11.87 3.09
0 94.63 -10.13 2.91
0 95.34 -9.63 3.27
0 94.78 -7.68 2.17
0 94.19 -5.56 1.71
0.72 93.87 -2.96 2.19
0 94.23 -7.38 3.13
0.04 95.1 -7.94 2.72
0.04 95.02 -8.29 1.41
0.13 94.89 -9.7 5.09
0.06 94.47 -10.85 5.47
0 94.62 -10.14 4.51
0 94.71 -8.49 2.91
0 94.67 -7.43 1.68
0 95.16 -5.87 1.67
0 95.02 -4.79 1.87
0 93.88 0.02 2.9
1.76 94.21 -4.48 4.36
0 94.76 -8.01 3.05
0 94.14 -6.18 2.58
0 93.2 -3.76 4.73
0 94.9 -7.98 3.61
17.2 94.65 -7.52 2.31
9.3 94.1 -5.31 4.02
0 94.57 -6.05 3.33
0 94.33 -3.54 3.27
0 94.27 -1.74 2.95
0 94.45 -1.99 1.79
0 94.12 0.14 2.8
0 94.09 -1.21 2.84
0.16 94.44 -5.36 3.79
0 93.69 -1.33 2.9
0 93.73 -0.92 1.93
0.03 93.94 -3.47 2.53
0.55 94.36 -5.89 3.32
0.2 94.13 -7.98 3.75
0 94.2 -6.18 4.56
0 93.74 -1.27 4.04
0 93.51 0.07 2.96
0 93.73 2.13 1.96
0 94.02 3.08 3.1
0 94.79 -1.1 4.36
0 94.8 -0.36 2.68
0 94.74 0.49 2.05
0 94.47 1.95 1.95
0 94.12 2.21 1.64
1.78 94.03 3.35 1.92
0 94.55 3.96 1.83
0.5 94.63 4 2.25
1.29 94.66 1.26 3.05
0 94.51 0.9 2.05
0 94.25 2.29 2.05
1.73 94.61 1.5 1.72
13.52 94.31 0.76 1.5
3 94.2 2.13 2.73
0.61 94.13 1.05 2.27
0 94.3 1.77 2.07
0 94.09 4.52 2.78
0 94.05 7.27 3.1
0.33 94.8 3.57 2.73
0 94.62 3.8 2.27
0 94.02 5.58 1.85
0 94.08 8.38 1.94
0 93.98 11.31 2.78
0 93.66 15.37 3.54
0.68 93.38 13.92 3.23
2.33 93.52 10.29 3.55
1.22 93.57 9.2 2.52
0 94.28 8.19 3.04
0 94.25 8.22 2.07
0 93.33 11.52 3.42
0 93.87 7.05 4.01
0 93.75 6.27 2.62
0 93.13 11.25 3.96
0 92.77 13.79 2.8
0 93.23 14.69 3.31
0.94 93.47 13.31 2.95
1.56 92.47 12.79 4.77
0.98 92.66 6.93 5.54
4.13 92.97 7.3 3.28
6.35 93.37 8.27 3.19
0 93.77 9.33 2.32
0.07 93.12 11.87 4.67
0 93.33 8.92 3.01
0 93.67 7.74 3.45
0.04 94.32 7.76 3.56
0 94.38 9.64 4.09
0 93.61 13.65 4.03
0 93.06 15.89 3.26
0 92.75 19.21 4.09
0 93.5 16.21 2.41
0 93.87 16.82 2.63
0 93.81 19.92 3.72
6.54 93.72 17.95 5.46
12.68 93.69 13.84 3.57
12.47 93.39 9.13 5.96
0 93.66 10.1 5.91
0 93.55 17.3 3.79
0 93.24 18.95 2.41
0 92.96 19.26 3.92
0.22 93.02 17.88 3.1
0.02 93.17 13.71 4.71
0 92.96 11.9 4.33
1.16 93.23 11.86 4.47
0.19 93.93 13.5 4.16
0 93.88 15.6 2.12
0 93.1 19.79 1.92
0 92.96 22.69 2.17
0 92.98 27.52 3.82
7.35 93.33 25.03 3.38
0.53 93.58 22.67 2.97
17.33 93.83 15.55 3.41
189.47 93.95 9.91 2.12
0.15 93.8 15.8 2.37
0.01 93.4 18.63 2.5
0.08 93.82 16.28 2.96
0 93.4 19.14 2.49
0 93.03 21.56 2.91
0 93.38 21.5 4.09
35.37 93.63 16.8 2.52
1.12 93.12 19.36 2.71
7.97 92.67 19.25 3.05
0 93.14 17.06 3.24
78.9 93.38 11.75 2.17
0 93.57 15.49 2.28
0 93.57 19.11 1.97
0 93.7 20.67 2.36
26.83 93.37 14.9 2.21
0.81 93.17 18.11 2.74
0.47 93.08 20.16 3.36
0 93.13 19.96 3.2
0 93.46 18.51 2.08
9.45 93.61 17.51 2
12.02 93.9 18.01 1.81
0 93.95 20.08 1.9
0 93.59 25.47 2.31
0.67 93.28 26.32 1.74
0.65 93.12 25.59 2.72
28.28 93.02 22.32 2.23
43.37 93 20.62 2.56
55.15 92.92 18.65 1.7
7.75 92.97 19.72 2.51
0.62 93.14 20.78 2.07
89.11 93.45 18.22 1.89
129.17 93.34 16.97 1.55
4.11 93.12 19.06 1.52
5.47 93.11 21.65 1.67
0 93.27 23.65 1.74
14.37 93.16 24.38 2.7
15.09 93.18 25.23 2.73
0.39 93.09 26.16 2.55
18.94 92.99 25.73 2.2
63.35 92.88 25.88 2.2
21.96 93.01 24.54 2.2
1.77 93.12 25.07 2.09
65.02 93.27 23.36 1.69
28.84 93.41 22.75 1.68
72.91 93.18 23.22 2.29
403.13 92.41 22.2 2.25
51.96 92.36 23.09 2.68
37.34 92.52 23.28 2.48
0.81 92.52 23.43 2.09
0 92.78 24.18 1.85
0.48 92.85 27.01 2.46
44.11 92.65 27.27 2.94
34.19 93.07 24.46 2.08
16.99 93.38 25.41 1.7
0 93.51 26.68 1.87
0 93.44 28.2 1.98
0.02 93.16 28.22 2.73
29.45 92.95 26.3 2.32
92.05 92.92 22.45 2.41
46.97 93.61 21.15 2.08
61.73 93.61 21.16 1.27
6.38 93.19 23.32 1.24
1.09 93.31 23.21 1.63
0.74 93.5 23.1 1.86
44.74 93.14 21.27 2.06
1.04 93.41 22.1 2.17
0 93.88 22.4 1.71
0 93.44 22.63 1.65
32.86 93.05 23.15 2.41
0.05 93.21 24.72 1.97
3.42 93.28 25.48 2.19
73.96 93.03 23.97 1.94
466.94 92.48 23.41 2
23.16 92.87 24.07 1.57
102.95 92.93 23.29 2.3
42.77 92.79 21.75 1.77
2.11 92.83 23.3 2.02
37.84 92.68 21.84 1.68
57.78 92.5 20.12 1.37
5.31 92.59 22.35 1.66
45.99 92.98 23.09 2.37
82.34 93.34 21.55 2.04
1.29 93.49 22.22 1.74
23.05 93.43 21.57 1.69
61.08 93.35 21.18 1.67
184.89 93.42 19.43 1.78
36.15 93.57 20.24 1.62
48.98 93.69 20.99 1.75
50.74 93.71 21.26 1.77
30.1 93.36 21.65 1.74
2.35 93.15 24.41 1.8
39.17 93.58 21.31 1.73
267.29 93.45 19.3 1.78
0.02 93.5 18.97 3.4
0 93.58 17.1 3.5
0 93.86 18.28 2.25
25.48 93.6 16.18 2.33
5.58 94.04 14.97 3.13
0 94.15 13.93 2.21
0 93.88 15.92 1.94
1.19 93.86 16.66 1.77
2.57 93.69 19.23 1.82
18.78 93.72 18.46 2.03
25.54 93.62 18.68 2.46
3.08 93.47 19.8 2.28
0.15 93.41 18.87 3.57
0 93.31 17.86 1.82
0 93.11 19.96 2.13
1.02 93.58 18.16 2.44
6.3 93.64 18.63 2.07
90.09 93.55 17.19 1.88
0.02 93.8 15.35 2.18
0 94.18 14.98 1.9
0 94.4 15.82 1.76
13.11 94.34 17.75 1.97
13.35 94.17 17.55 1.8
0.69 93.8 17.74 2.33
0.01 93.62 16.01 2.29
0 93.09 17.88 2.31
0.27 93.53 14.49 3
0 93.85 14.28 1.69
4.19 93.21 17.5 2.87
11.57 93.24 15.68 3.72
0 93.38 16.76 3.66
0.18 93.71 16.66 2.25
15.06 93.65 15.34 2.01
18.35 93.98 12.59 2.28
0.04 93.94 8.91 2.43
0 93.81 7.86 3.23
0 93.64 9.08 2.3
0 93.73 12.49 2.65
0.34 93.97 13.85 3.44
0 94.66 8.44 2.25
0 95.01 6.81 1.98
0 94.74 8.65 2.48
0 94.09 12.78 3.04
0 93.88 13.94 2.8
0 94.19 12.78 1.84
14.32 94.48 11.48 1.56
85.81 95.08 8.12 3.1
27.06 95.09 4.55 2.51
1.57 94.89 4.19 2.53
1.41 94.51 3.23 1.98
0 94.41 4.63 2.74
0.02 94.95 3.84 1.38
25.19 95.01 5.97 1.82
0.07 95.35 4.44 1.8
0 95.12 5.28 1.56
9.96 94.51 7.78 1.54
0.3 94.31 8.43 1.45
0 94.05 9.7 2.57
0.06 94.65 6.61 1.54
14.63 94.75 4.21 1.73
0.45 94.78 4.54 1.54
0 94.61 6.07 1.79
0 94.68 6.54 1.5
0 94.09 8.69 1.54
0.04 93.93 9.23 1.9
0 94.81 4.91 4.44
0 95.29 1.26 3.34
0 94.75 3.83 2.31
0 93.89 6.75 3.04
