0.88 95.53 -16.71 1.57
0.02 96.18 -17.77 1.68
18.25 96.05 -19.68 1.53
6.49 96.25 -18.47 3.35
0 96.55 -19.58 2.6
0.01 96.76 -19.51 2.28
0.11 96.86 -17.64 1.55
17.79 96.24 -16.44 1.22
6.86 96.42 -16.44 1.37
0 96.68 -15.91 1.31
0 96.66 -16.42 2.97
0 96.08 -18.73 3.3
0 96.1 -16.05 3.26
1.31 95.93 -16.15 1.33
0 97.02 -15.51 1.42
0 96.58 -14.35 1.07
0 96.24 -11.08 1.17
0.01 96.14 -6.37 1.52
0 95.62 0.67 3.5
0.07 96.88 -9.92 4.84
0 96.78 -13.33 2.62
0 96.47 -11.34 3.9
0 95.95 -8.15 3.24
0 95.36 -8.69 3.98
0 96.36 -9.31 3.62
0 103.98 -4.57 3.23
2.08 95.28 -3.92 2.98
0.01 95.9 -10.89 3.99
0 95.46 -5.39 4.4
0 95.53 -5.39 1.96
0 96.14 -9.33 1.69
0.38 96.31 -11.55 1.88
0 96.32 -14.98 2.2
0 96.24 -13.54 2.53
0 96.22 -14.14 2.16
0 96.56 -13.98 1.48
0.02 96.45 -11.69 2.25
2.94 95.47 -3.41 2.9
0 95.59 -4.89 1.89
0 96.22 -7.58 2.42
0 96.82 -10.71 3.29
0 97.23 -12.41 3.95
0 96.95 -11.9 2.1
0.04 96.3 -10.35 2.19
0 96.73 -10.75 2.4
0 96.9 -12.93 1.82
0 96.44 -10.69 1.75
0.01 96.01 -8.96 2.87
0 95.82 -8.51 2.71
0 95.28 -4.31 1.8
0 95.17 -7.51 1.69
0 95.29 -6.43 1.86
0 95.31 -4.56 2.66
0 94.27 0.75 2.25
4.1 94.64 -2.93 1.82
0 95.72 -6.6 2.19
0.21 95.89 -5.62 1.7
3.01 95.57 -6.58 2.19
1.26 96.18 -7.94 2.38
0.11 95.87 -8.12 1.98
0.3 95.59 -3.77 3.42
0 95.64 -1.79 3.19
37.52 95.26 -2.19 2.8
3.94 96.37 -9.99 3.42
0 97.07 -11.91 1.9
0.01 97.33 -12.45 1.76
2.39 97.63 -10.24 2.8
0.01 96.83 -9.62 2.55
0 95.45 -3.95 2.59
0.21 94.37 2.42 3.94
0.72 95.55 -4.92 4.54
0 96.17 -3.13 2.03
37.85 95.56 -0.76 1.97
1.28 95.55 -2.91 5.48
0.02 96.02 -4.91 2.65
0 96.42 -5.85 2.31
0 95.41 -2.82 2.77
0.3 94.03 3.73 2.64
40.23 94.7 -1.15 3.82
0 95.04 0.03 2.97
0.06 95.01 3.85 4.09
0 95.7 2.35 2.74
0 96.26 -0.76 2.7
0.04 96.25 -3.64 3.54
0.87 95.77 -3.07 1.96
2.26 96.34 -2.54 1.91
0 96.23 2.86 1.54
0.06 96 5.7 2.05
4.59 95.4 8.9 4.36
2.18 95.14 7.46 4.7
0 95.58 1.87 5.42
0 95.63 -0.32 4.05
0 95.27 4.52 4.29
0 95 8.69 3.8
4.39 95.65 2.78 2.33
0.01 96.27 1.63 2.37
0 95.68 7.19 3.71
0.35 94.49 12.05 5.92
25.5 95.32 2.14 2.79
0 95.6 3.18 3.21
1.45 95.56 1.61 2.06
47.34 95.38 0.13 3.49
0.04 96.14 -1.04 5.22
0 96.26 1.79 2.48
0.31 95.6 4.21 2.89
9.16 95.86 2.9 1.65
0 95.82 5.19 3.12
19.79 95.13 10.19 2.95
36.27 95.62 8.14 2
0.16 95.97 8.13 1.99
0.11 96.22 9.63 2.12
0.61 95.97 9.06 2.35
0.13 95.86 8.18 1.87
0 95.44 12.67 2.92
2.34 95.2 13.46 4.24
33.39 95.07 4.52 3.41
21.62 94.67 2.41 3.31
0.11 94.79 4.94 6.28
3.38 94.94 6.84 5.12
7.89 95.18 11.62 2.61
0 94.63 17.03 2
0 94.37 18.51 4.37
0.36 94.91 16.32 2.18
3.15 94.43 107.39 2.87
224.58 94.07 9.83 3.09
10.57 94.53 12.92 4.52
31.24 94.56 11.38 1.81
4.43 94.8 14.74 2.49
48.66 94.6 11.03 3.32
11.46 94.5 9.47 2.4
4.24 95.53 9.75 2.38
0 95.78 13.22 1.67
0 95.72 15.97 1.7
5.66 95.3 17.42 3.4
7.49 95.18 20.26 2.4
0.9 95.38 19.39 2.62
23.3 94.92 17.02 2.8
168.92 94.05 12.19 2.87
0.82 93.74 18.1 4.68
0 94.58 21.87 2.51
0 94.72 24.6 2.78
0.29 94.74 22.4 2.09
1.07 94.41 21.4 2.62
10.01 94.63 17.37 3.98
0.72 95.22 21.13 3.3
0.12 95.64 21.68 2.16
4.58 95.57 19.19 2.01
91.63 94.98 15.54 2.65
61.43 94.59 16.55 2.07
67.74 95.06 15.02 1.92
9.12 95.65 16.46 1.3
2.45 95.55 18.32 1.55
0.49 95.67 19.24 1.56
0 95.71 21.34 1.72
0.01 95.5 22.31 2.05
0 95.2 23.51 2.18
0 95.21 23.57 2.46
0 95.3 24.57 3.29
0 95.42 24.66 3.22
0 95.51 25 2.31
1.41 95.4 21.92 2.18
0.04 95.13 21.54 3.2
0.41 94.79 23.2 1.93
20.28 94.53 23.46 2.99
52.8 94.42 22.35 2.76
0.82 94.32 23.47 2.47
10.22 94.44 23.75 1.67
76.38 94.5 21.31 2.07
19.8 94.58 20.9 2.01
1.24 94.67 23 1.4
0.1 95.06 22.88 2.78
0.02 94.65 23.08 2.04
9.5 94.99 20.16 2.13
0 95.07 23.23 1.54
0 94.94 25.42 1.78
0 94.92 26.59 2.44
0 94.86 25.97 1.85
19.42 94.69 22.1 1.66
47.28 94.61 22.22 1.41
0.22 94.66 23.92 1.37
0.07 94.43 25.25 1.42
90.41 94.36 22.15 2.25
2.5 94.37 24.97 1.41
0.04 94.38 27.72 1.6
5.69 94.35 26.93 2.34
0 94.35 26.47 3.1
0.03 94.5 25 2.58
13.92 94.8 20.98 1.99
3.53 94.98 22.37 2.03
1.03 94.95 22.18 2.22
59.47 94.74 21.18 1.79
89.62 94.73 20.81 1.43
233.8 95 20.15 1.28
4.52 95.25 22.43 1.07
0 95.18 24.18 2.09
69.77 94.73 22.75 2.51
5.55 94.51 24.88 3.02
1.2 94.74 26.05 2.25
2.37 94.7 27.19 2.33
11.31 94.79 25.83 2.63
179.91 94.73 23.67 1.97
1.28 94.96 24.58 1.55
2.08 95.07 25.9 1.6
6.94 95.1 26.88 1.5
3.37 95.22 27.57 1.51
0.53 95.07 27.86 2.11
9.77 94.97 27.61 2.23
23.68 94.63 26.8 2.29
199.18 94.24 25.82 2.69
9.38 94.26 22.36 1.32
34.88 94.21 25.68 1.31
157.7 94.53 22.25 1.85
0 95.14 21.37 2.18
0.02 95.04 22.79 1.56
7.39 94.3 24.83 2.87
51.18 94.53 23.41 1.92
107.33 94.92 22.21 3.15
0 95.68 20.63 1.74
23.44 95.31 20.55 1.49
108.87 94.59 22.43 2.37
22.51 94.67 22.58 2.29
0 94.88 21.81 1.95
0 94.6 24.88 2.5
33.4 94.34 24.61 1.8
2.62 94.22 25.98 2.16
21.53 94.12 24.11 3.02
0 94.63 22.23 2.97
0 94.99 22.64 1.65
21.62 94.99 23.02 2.32
7.25 95.17 23.35 2.53
116.7 95.33 22.39 2.02
1.22 95.63 22.83 1.82
157.54 95.53 18.66 1.5
67.76 95.48 18.98 1.33
0.93 95.48 20.05 1.39
0 95.4 22.48 1.81
0.08 95.65 21.65 1.61
1.3 95.84 21.65 1.58
0 95.55 20.91 1.64
1.57 95.35 20.18 1.46
24.9 94.95 20.8 1.62
7.61 95.07 20.78 1.52
0.74 95.12 21.7 1.85
18.74 95.63 20.18 1.57
5.53 95.76 20.89 1.37
0.03 95.65 19.99 1.1
0 95.36 19.95 1.75
0 95.14 22.53 1.64
1.55 95.35 23.5 1.72
0 95.91 18.08 1.69
0 95.72 17.35 1.38
1.54 95.27 17.92 1.29
9.15 94.93 18.86 1.61
0.26 95.17 19.37 1.43
0 95.31 20.57 1.07
1.86 95.37 22.3 1.43
0 95.47 22.43 1.59
4.54 95.26 21.49 2.29
121.47 95.66 14.85 2.25
291.2 95.76 9.26 1.96
152.87 95.62 12.47 1.33
0 95.34 16.23 1.57
45.43 95.59 14.63 2.09
197.82 96.21 9.71 2.6
0 96.08 9.88 2.12
0 95.89 12.58 1.44
0.61 95.61 14.67 1.48
12.03 95.35 15.64 2.72
0.25 95.56 12.78 2.41
0 95.51 10.85 4.7
0 96.35 8.92 2.79
0 95.94 9.98 1.43
0.03 95.62 15.09 1.82
0.93 95.98 12.54 1.37
304.4 95.71 7.57 2.41
86.94 95.64 7.58 2.79
0 95.75 9.53 1.83
0 95.37 13.47 1.36
0 95.24 17.03 2.29
0 95.39 18.2 2.87
0 95.34 17.66 2.57
0 94.88 17.24 3.12
23.88 95.5 10.9 2.26
132.49 95.93 5.17 2.24
0 96.01 8.22 1.63
0 95.58 9.83 1.66
0 95.76 8.47 2.96
0 95.29 7.71 2.91
0 96.11 2.57 2.92
0 96.68 0.7 1.17
17.7 96.63 -0.17 1.3
52.45 96.66 1 1.12
0 96.52 2.14 1.26
0 95.98 3.9 1.36
0 95.67 8.73 1.68
6.82 95.86 8.93 2.53
3.27 96.4 3.54 3.68
0 96.76 -0.06 3.86
0 97.42 -1.41 2.58
0 96.59 0.8 1.8
0 96.46 4.69 2.23
0 96.45 6 1.59
0 96.52 6.04 1.66
0 96.34 6.34 2.16
0 96.87 2.26 3.49
0 96.4 1.67 1.9
0 95.97 5.43 1.87
0 96.06 4.83 1.33
0 95.74 6.98 1.87
0 95.45 7.36 1.69
7.5 95.62 3.43 2.49
0.26 96.13 0.27 3.55
0 95.81 -1.2 1.47
0 95.38 0.05 1.34
34.06 94.83 0.58 3.83
1.7 95.28 -0.6 2.15
1.13 96.27 -1.3 3.75
0 97.25 -4.84 2.52
0.03 96.59 -3.11 2.41
0 95.93 0.2 1.62
0 95.85 1.45 2.15
0 95.52 5.18 3.56
0 95.06 3.57 2.4
0 94.83 5.95 1.99
0.22 94.98 2.19 4.46
0 95.76 -2.77 2.21
0 95.6 -1.99 2.01
0.01 95.82 -1.9 4.19
0 96.12 -6.55 2.46
0.41 95.29 -6.35 2.08
0 95.62 -7.16 6.21
0.39 95.82 -7.96 1.61
0.2 95.71 -7.28 1.23
0 95.32 -3.15 2.01
0.05 94.93 -3.63 2
0.06 95.5 -7.99 3.49
0 95.59 -5.69 2.32
0 94.56 2.2 2.25
0 95.96 -3.23 3.31
0 96.5 -5.96 3.26
0 95.23 -5.61 2.36
0 95.2 -7.14 1.58
0 94.71 -5.61 1.83
1.93 94.56 -8.74 4.09
0 95.59 -12.65 1.75
1.57 95.96 -14.37 2.24
0.09 96.67 -15.75 2.78
0 96.55 -16.26 3.73
0 96.25 -15.29 3.71
0 94.95 -9.15 3.17
0 94.81 -6.76 1.48
0 94.85 -4.07 1.93
0 95.11 -3.32 2.42
0 95.37 -1.37 1.86
0 95.13 -7.54 1.43
0.23 95.69 -10.99 2.88
0 96.95 -16.92 3.36
0 96.91 -15.99 3.58
0 96.01 -15.06 3.38
0 94.91 -11.9 3.14
0 94.59 -9.66 2.15
0 95.23 -11.85 3.63
2.71 95.49 -12.7 2.06
0.03 95.64 -12.61 5.04
0.25 96.17 -11.38 5.61
0 96.57 -11.25 3.44
0 96.73 -12.14 2.95
0 96.34 -12.94 1.04
0.01 95.94 -12.83 1.73
0.02 96.09 -11.51 4.91
0 96.7 -10.31 3.93
0.01 96.02 -8.01 1.89
0.18 95.9 -9.5 3.57
0 96.45 -13.28 3.78
0 95.71 -11 2.59
0 95.26 -12.12 3.79
0 95.43 -13.28 1.89
0.01 95.42 -11.33 2.84
0.03 96.43 -15.07 2.95
0 96.85 -17.5 3.62
0 96.65 -15.16 2.53
0 96.48 -14.23 2.73
0 96.19 -14.38 2.89
0 96.17 -14.58 3.18
0 96.08 -12.82 2.22
0 95.89 -12.85 1.61
0 95.9 -13.54 3.11
0.04 96.17 -14.5 3.54
0.01 96.33 -14.32 2.06
0.08 96.5 -14.87 2.44
0 96.93 -15.53 1.67
0 97.21 -14.25 2.55
0.02 96.75 -14.42 3.08
0 96.45 -14.54 3.67
0 96.23 -11.05 3.28
0 95.82 -3.75 2.81
0 95.53 -4.61 1.68
0 95.48 -7.97 1.43
0 95.32 -5.98 2.11
0 95.59 -5.86 2.32
0.03 94.75 -3.38 4.7
0.04 95.33 -3.05 2.78
0 95.06 -6.62 2.04
0.82 95.18 -7.43 3.17
0.11 95.98 -10.46 1.87
0.86 95.98 -10.11 1.13
1.52 96.24 -13.32 3.78
0 96.36 -12.36 2.27
0.13 96.28 -11.66 2.1
0.09 96.22 -11.74 1.63
0 95.49 -4.18 2.68
1.13 95.49 -5.34 1.61
3.41 95.91 -4.91 2.58
0 95.88 -4.33 1.96
0 95.74 -0.26 2.18
0 96.06 -0.84 1.77
0 95.66 1.35 2.1
0 95.17 2.57 3.81
3.58 95 1.09 2.21
0.31 95.73 -3.94 2.7
0 96.37 -5 1.77
6.46 95.76 -2.08 4.23
0.49 96.57 -8.91 3.59
0.06 96.07 -7.9 3.59
0 95.74 -6.54 3.07
0 95.74 -6.67 2.42
0 95.85 -4.39 2.89
0 95.5 -1.04 1.84
0.12 95.01 1.44 2.62
0 95.82 -1.45 3.87
0 95.54 -1.25 4.37
0 95.6 -3.43 4.96
0 95.94 -1.68 3.82
0 95.67 -0.02 3.4
0 95.06 2.54 3.1
0 94.35 7.1 2.21
0.02 95.09 2.15 4.49
0 96.24 -2.1 3.93
0 95.92 -4.7 4.72
0 95.69 -3.27 3.24
0 95.07 3.49 3.37
0 94.73 5.03 4.9
0 95.16 1.93 3.59
0 95.35 -0.1 2.2
1.85 95.94 -3.19 3.95
0 96.04 -2.46 3.23
0 95.77 -1.92 2.45
0 95.9 -2.11 4.59
0 99.67 -0.29 2.76
0 99.63 1.26 2.98
0 99.47 3.12 3.12
0 99.74 2.94 1.95
0 99.4 7.44 3.38
0 99.09 8.2 2
0 98.67 10.18 4.03
0 99.97 2.6 4.23
0 99.9 2.46 2.46
0 99.44 6.01 2.56
0 99.35 7.81 1.42
0 95.56 10.28 2.99
0.08 94.83 10.89 5.08
1.6 95.2 7.99 4.27
0 95.19 8.49 3.95
0 95.04 9.06 3.85
1.47 95.71 5.7 3.24
0 95.39 9.32 3.27
0 94.77 14.92 3.51
0 94.88 13.94 1.77
0.05 94.13 16.16 2.98
0 94.99 10.75 5.07
0 94.71 12.43 4.13
2.43 94.72 8.36 6.89
0.74 95.38 7.15 4.99
0 95.21 9.92 2.29
0 94.65 13.78 4.1
47.55 95.4 7.77 2.27
3.47 95.27 6.66 1.93
11.94 95 5.51 2.89
4.03 94.56 6.8 3.99
0.11 94.16 8.84 1.87
6.69 94.19 9.33 2.89
3.36 94.85 7.73 2.83
0 94.36 9.81 1.64
37.92 93.75 8.62 1.62
6.12 93.69 9.82 2.44
1.12 94.59 13.51 3.86
0.31 94.85 11.47 4.1
0 95.18 12.87 2.95
1.56 94.74 13.14 3.18
120.45 93.96 9.58 3.04
0.11 93.99 11.19 3.52
0.01 94.51 13.51 3.07
1.33 94.51 15.25 3.84
16.68 94.3 16.82 3
0 94.56 18.32 2.16
0.19 94.23 16.81 4.94
0.5 94.14 13.31 6.13
0 94.34 15.64 6.59
0 94.47 16.39 4.31
0 95.03 13.46 3.63
0 95 14.4 2.22
0.01 93.92 17.51 2.54
17.69 93.68 18.72 3.86
12.08 94.84 13.89 3.08
1.89 94.94 12.2 3.48
0.42 94.82 13.06 4.17
0 94.67 17.8 2.94
0 94.81 18.61 2.82
0 94.94 20.89 3.02
4.72 94.84 20.81 4.56
8.21 94.78 19.07 4.92
0.02 94.6 20.55 3.19
0.93 94.42 23.98 5.71
8.21 94.53 22.53 2.62
54.73 94.12 18.72 3.06
9.03 94.04 17.37 3.05
0.03 94.48 19.73 2.76
5.24 94.19 20.82 5.08
4.59 94.31 19.05 3.93
0.69 94.57 19.76 1.99
0.88 94.43 23.3 1.99
17.58 93.81 24.72 3.17
12.87 93.55 22.02 2.7
19.29 93.8 21.73 2.15
0 94.21 22.77 2.83
36.28 94.17 20.76 2.06
236.36 94.33 16.29 2.44
7.83 94.51 19.63 2.12
10.24 94.54 21.34 1.48
59.38 94.35 20.1 2.03
54.02 94.33 18.56 2.07
124.53 94.53 17.31 1.73
0.61 94.68 20.29 1.57
0 94.59 23.6 1.29
0 94.43 25.95 2.11
0.06 94.14 27.39 2.93
0 94.08 27.26 2.72
9.93 93.87 22.22 2.39
70.31 94.15 16.44 2.55
0.95 94.81 19.53 2.46
0 95.17 20.89 1.6
6.3 94.59 21.96 2.96
11.18 93.88 22.78 2.5
9.96 94.04 24.76 2.64
0.03 94.19 25.07 3.33
29.38 94.11 23.58 2.69
73.75 94.21 22.02 1.64
0.37 94.1 23.61 2.44
0 94.22 24.04 2.49
0 94.34 25.34 2.37
34.46 93.84 22.95 2.59
0.83 93.54 25.18 3.29
84.64 93.65 18.25 1.59
26.71 93.71 18.62 2.62
6.99 94.37 21.44 1.86
16.55 94.54 23.21 2.24
14.12 94.6 24.05 2.08
6.37 94.62 23.77 2.31
1.41 94.44 24.15 1.52
67.7 94.56 21.96 1.85
10.61 94.53 22.65 1.53
39.18 94.4 21.97 1.73
26.09 94.46 21.28 1.44
43.88 94.51 22.08 1.24
295.42 94.37 20.66 1.73
71.23 94.28 21.23 1.7
70.38 94.21 22.2 2.05
18.07 94.17 23.37 1.92
0.23 94.25 25.25 1.47
27.57 94.23 25.68 2.29
380.56 94.04 22.52 2.34
86.08 93.98 22.57 2.27
8.3 94.17 23.08 2.13
0.87 94.39 24.7 1.6
63.21 94.58 22.15 1.58
91.54 94.23 21.29 1.65
0.03 94.29 23.47 1.66
0.35 94.42 24.41 2.22
0.61 94.78 23.28 1.96
0.06 94.38 23.81 2.13
0 94.35 23.91 1.92
0.03 94.56 24.34 1.66
5.98 94.54 23.6 1.38
8.53 94.56 23.9 1.68
12.95 94.21 23.79 1.56
9.11 94.31 25.36 2.04
0 94.72 24.68 1.42
0 94.56 25.62 1.3
0 94.27 25.99 1.78
35.64 94.04 25.44 1.86
79.52 94.41 20.98 1.81
227.4 94.46 18.62 1.65
16.98 94.47 21.4 1.5
16.42 94.63 20.93 1.24
0.12 94.89 21.46 1.52
0.17 95.03 22.14 1.23
0 95.02 23.36 1.39
0.7 94.91 23.25 1.66
21.28 95.14 21.25 1.73
0 95.13 20.57 1.33
22.99 95.09 20.32 1.41
3.45 95.32 20.29 1.51
0.51 95.4 21.54 1.63
14.36 95.2 19.91 1.97
8.97 94.87 20.89 1.37
0.96 94.77 22.29 1.39
0 94.7 23.37 1.43
19.26 94.46 22.53 2.91
0.98 94.99 19.09 1.59
0 94.79 20.02 1.6
2.93 95.32 17.96 1.99
0.24 95.25 18.71 1.41
0 95.31 17.99 1.21
0 94.83 19.38 1.28
16.74 94.47 18.54 3.07
2.57 95.12 13.6 1.91
0.11 95.68 13.26 1.97
2.75 95.91 13.98 2.05
8.09 95.38 16.94 2.02
0.23 95.11 17.76 2.34
0.05 94.69 20.17 3.04
26.58 94.79 17.18 2.01
11.17 95.04 14.13 1.58
41.05 95.38 12.55 2.37
0 95.77 9.49 2.32
0 96.19 9.66 2.26
0 96.01 10.45 1.42
0 95.67 11.83 1.62
0 95.26 13.28 1.49
0 95.36 14.26 2.1
0 95.24 14.81 1.78
0 94.97 17.36 2.74
0.07 95.27 17.52 1.67
0.1 95.41 18.58 2.85
0.03 95.23 18.63 2.44
6.26 95.08 15.18 2.14
0.18 95.55 8.69 2.91
0 96.05 6.7 2.59
0 96.1 7.41 2.97
0 96.56 8.18 3.12
0 96.2 9.39 1.39
0 95.51 11.29 2.1
0 94.94 12.67 3.5
0 95.54 10.11 2.36
0 95.52 10.57 1.39
0 95.26 14.22 2.31
0.07 95.71 13.57 3.02
0 96.22 9.33 1.29
0 95.93 12.14 1.75
0 95.34 14.37 1.4
70.3 94.79 10.83 1.67
4.52 94.72 9.24 2.04
1.14 94.33 8.72 2.57
1.43 94.84 8.83 4.32
0 95.85 5.05 2.16
0 95.9 8.51 1.5
0 95.67 11.09 2.29
0.01 95.51 14.54 3.4
0 95.46 13.74 2.01
0.28 95.38 11.1 1.41
37.51 95.94 4.75 3.81
0.01 96.26 2.62 3.41
0 96.26 4.35 1.88
0 95.83 6.02 1.6
0.81 95.68 7.36 2.31
0 95.97 6.55 1.56
0 95.61 6.97 1.47
0 95.4 9.45 3.31
0 95.6 10.56 3.94
2.45 95.82 11.38 2.66
0.11 96.42 4.92 1.57
0.79 96.1 7.51 1.68
3.65 95.86 9.84 3.14
0.22 96.58 2.86 2.75
0.04 96.42 1.35 1.19
0 96.34 3.26 1.67
0 96.31 3.03 1.52
0 96.1 1.99 1.26
0 95.46 2.35 1.24
0 94.86 4.35 2.1
0 95.14 5.54 3.4
0.05 95.95 -1.81 2.74
0 96.06 -4.61 1.6
0 96.1 -3.85 1.47
0 96.32 -1.6 1.68
35.42 95.67 0 0.96
5.57 95.48 -1.01 2.83
0.89 95.68 -5.22 3.37
0 96.14 -6.42 2.44
0 96.14 -4.39 1.84
15.95 95.78 -5.82 2.41
0.55 96.37 -7.69 3.04
0 96.09 -8.81 0.95
0.07 96.06 -6.95 1.4
0.86 95.39 -0.15 1.86
0 95.48 -1.44 1.25
0 96.34 -3.9 2.46
0 96.88 -8.56 1.58
0 97.15 -8.11 2.1
0.08 96.4 -7.89 0.98
0.03 95.7 -5.59 1.06
0 95.9 -6.48 1.42
0 96.25 -8.32 1.11
0.8 96.47 -9.08 0.78
0.86 96.43 -6.36 0.81
0.67 96.71 -7.76 2.85
0.02 97.02 -11.74 3.84
0 96.61 -11.01 3.27
0.01 95.77 -6.54 4.41
0 95.83 -3.73 2.62
0 96.3 -7.07 1.51
0.01 95.58 -3.67 3.04
0 96.3 -9.15 4.49
0 96.52 -12.84 3.51
0 96.63 -12 3.73
0 96.39 -10.36 2.33
0 96.44 -10.43 2.17
0 96.36 -11.48 0.96
0 96 -10.36 2.12
0 95.96 -9.71 3.7
0 96.21 -11.63 2.37
0 95.73 -9.67 2.96
0 95.92 -13.11 1.64
0 96.42 -12.76 1.49
0 96.67 -11.6 1.61
0 96.18 -7.75 1.81
0 96.59 -11.17 1.69
0 96.91 -14.86 1.18
0.09 96.35 -12.71 0.93
0.01 96.15 -9.83 2.04
0.23 96.54 -11.4 2.03
0.49 95.96 -11.79 2.43
0.17 96.12 -12.45 4.15
0 96.34 -11.86 2.53
0 96.14 -11.7 1.84
0 96.96 -14.49 1.33
0.11 96.85 -15.12 1
0 96.42 -12.44 1.36
0 96.39 -13.55 0.99
0.09 96.44 -13 3
0 96.51 -12.57 2.85
0 95.65 -7.32 2.98
0 95.9 -9.22 2.17
0 95.83 -9.23 2.16
0 95.56 -10.52 1.01
0.05 95.4 -9.25 1.19
0.08 95.61 -12.02 0.95
0 95.76 -11.13 1.24
0 96.22 -11.85 1.11
0.01 96.89 -14.12 3.44
0 96.75 -17.89 2.95
0 96.39 -17.64 2.72
0 95.88 -17.27 2.22
0 95.73 -16.5 2.51
0 95.33 -14.31 2.73
0 95.45 -13.7 1.83
0 95.98 -15.13 1.53
0 96.2 -14.94 1.73
0 96.59 -15.63 1.76
0.04 96.22 -17.47 1.25
0.25 95.74 -16.42 3.59
0 96.53 -17.43 4.3
0 96.51 -15.57 2.97
0 95.53 -13.18 2.83
0 95.61 -10.06 2.46
0.13 95.05 -6.66 2.13
0.03 95.68 -12.77 5.02
0 95.9 -15.71 4.65
0 95.47 -12.67 4.67
0 95.65 -10.56 3
0 96 -11.31 2.7
0 96.04 -11.21 1.68
0 95.72 -8.61 2.56
0.03 95.45 -4.36 2.17
0.18 96.02 -8.94 2.99
0 95.97 -10.54 2.79
0.04 96.05 -11.48 3.44
0 96.18 -12.79 4.7
0 96.07 -9.99 3.32
0 95.46 -5.85 2.75
0 95.61 -8.36 2.06
0 95.38 -9.9 1.14
17.51 94.99 -8.05 2.54
0 95.93 -7.34 2.46
6.3 95.79 -6.46 2.24
0.04 96.24 -8.55 3.31
0 96.18 -8.34 2.33
0 95.64 -6.24 1.56
0 95.25 -1.63 2.62
0 95.42 -0.32 2.08
9.92 96 -3.92 1.46
0.37 96.2 -7.53 1.79
0.27 96.14 -6.22 1.56
0.06 95.51 -1.98 1.83
32.33 94.81 -3.6 1.52
30.61 94.85 -4.26 2.53
0.03 95.49 -4.7 3.43
0 96.22 -8.17 3.48
0 95.93 -8.82 1.83
0.19 95.81 -8.12 4.48
0 96.28 -7.73 3.79
0 95.96 -6.01 1.86
0 95.29 -1.79 3
0 95.84 -0.97 2.01
0 95.44 2.9 3.3
3.69 94.53 5.77 4.16
9.04 95.27 -3.2 3.66
10.1 96.09 -8.04 2.39
0 95.82 -2.27 2.34
0 95.77 -0.24 1.91
0 95.12 4.59 3.79
0 95.71 2.32 1.74
5.54 94.81 1.39 4.32
0 95.24 -0.16 5.68
0 95.7 0.39 3.49
0 95.37 5.06 2.48
0 95.58 8.42 3.27
0 95.75 9.43 3.43
0.25 94.73 10.1 7.77
0.5 95.39 1.36 4.77
0.28 95.4 -0.49 4.65
0 95.42 -0.39 1.9
3.36 95.29 1.43 2.74
0 94.91 4.23 4.23
0 94.73 4.51 5.03
0 94.99 3.76 4.74
0.11 95.37 3.65 2.54
0 94.87 10 3.75
0 94.98 10.61 4.81
0 94.87 13.16 3.51
6.21 94.62 13.77 5.63
3.97 94.99 7.97 4.62
0 94.42 12.04 3.35
0 94.27 14.33 3.42
0 94.28 15.16 3.26
2.16 94.92 9.26 3.76
0 95.21 9.03 2.59
0 94.26 16.3 3.92
0 94.31 18.71 3.92
1.65 94.72 15.08 4.62
30.84 95.24 13.35 3.1
1.64 94.68 12.76 2.44
0.27 94.03 14.29 1.85
0.44 93.97 18 3.99
188.15 94.49 12.52 2.76
71.65 94.43 9.45 4.42
0 93.83 11.16 3.7
0.11 93.52 11.55 7.38
0 94.77 9.71 3.42
0 94.77 12.72 2.67
0.63 94.46 17.89 3.75
0.39 95.08 16.45 2.45
16.16 94.57 17.13 2.12
0 94.62 20.8 2.26
0.72 94.79 19.96 2.44
0 94.84 17.93 3.52
0 94.48 17.4 2.43
1.81 94.47 16.71 2.02
0 94.69 18.37 2.19
0.05 94.93 20.36 2.5
7.82 95.17 19.69 2.65
76.59 95.18 14.63 1.7
22.64 94.68 13.74 2.59
20 94.44 11.42 2.77
3.83 94.4 12.23 4.1
0.01 94.14 12.4 3.14
6.48 93.9 12.46 5
0.05 94.36 15.96 1.61
0 94.24 22.46 3.78
11.5 94.83 19.96 3.03
4.88 95.17 18.69 2.06
0.11 95.01 20.66 4.02
3.08 94.74 19.79 3.82
4.32 94.86 17.45 3.25
0 94.86 17.03 3.05
0 94.65 18.22 2.48
0 94.31 19.99 2.48
0 94.76 20.56 2.28
0 94.87 23.12 2.26
9.3 94.9 20.29 2.6
54.08 95.31 14.92 2.96
0.18 95.4 17.03 1.63
11.68 94.96 17.24 3.27
15.24 94.71 16.72 2.89
80.47 94.49 15.73 2.17
13.55 94.18 18.66 3.31
1.37 94.38 20.71 2.18
5.12 93.94 20.42 2.54
15.99 93.82 22.1 2.35
33.44 93.81 22.13 2.33
56.64 93.67 21.34 3.2
12.32 93.82 17.45 2.89
2.11 93.52 16.76 3.32
13.45 93.62 16.6 2.28
156.12 94.26 13.97 1.85
339.47 94.48 14.44 2.19
207.73 94.48 15.57 2.81
5.84 94.33 19.31 1.59
6.34 94.23 22.08 1.58
7.87 94.42 21.56 1.76
36.21 94.17 21.65 1.45
13.04 94.2 22.17 1.78
2.55 94.36 22.12 1.33
56.25 94.33 20.89 1.52
0.87 94.08 22.36 2.04
46.78 94.1 22.26 2.71
30.24 94.47 21.06 2.48
11.57 94.84 22.76 2.2
1.36 95 23.06 1.7
3.11 94.73 20.99 2.31
56.89 94.31 21.31 2.19
0 94.15 23.81 2.09
2.68 93.78 24.55 3.88
4.51 93.8 22.74 3.58
0.91 93.78 22.61 2.89
0.07 94.15 23.33 1.6
1.16 94.29 23.06 1.71
0.67 94.17 23.87 1.56
17.6 94.15 24.35 2.02
57.65 94.14 25.24 2.25
25.21 94.19 24.94 2.08
180.95 93.8 21.2 1.75
46.16 93.57 19.39 2.7
94.53 93.97 19.12 3.1
16.37 94.48 21.06 2.72
0 94.49 21.35 1.6
0 94.51 22.72 1.49
0 94.75 24.57 1.33
0 94.84 24.95 2.02
0.13 94.66 24.85 2.18
2.09 94.52 24.96 1.5
6.67 94.46 25.09 1.77
47.41 94.39 23.76 1.44
447.95 93.98 21.95 3.45
0 94.47 23.37 1.43
0 94.67 24 1.84
6.28 94.59 24.51 2.32
75.29 94.2 25.5 3.47
1.93 94.6 24.04 1.61
114.62 94.13 23.04 2.4
19.96 93.82 23.84 3.77
0.29 94.48 22.23 1.52
64.68 94.78 20.04 1.49
140.56 94.94 19.04 1.63
145.15 94.87 19.94 1.38
18.26 94.9 21.83 1.65
123.35 94.94 21.87 1.69
0 95.11 23.32 1.19
0 94.94 24.18 1.26
0 94.55 25.73 1.97
10.33 94.46 24.95 1.88
7.94 94.74 23.64 1.33
0 94.6 24.2 1.6
16.13 94.7 20.38 2.26
29.1 94.72 18.04 2.06
0.95 94.83 19.98 1.58
2.76 94.51 19.2 1.93
4.93 94.58 21.27 1.76
0 94.92 22.2 1.86
0.06 94.49 23.37 3.08
89.98 94.53 23.04 2.3
2.85 94.62 21.17 1.44
13.7 94.6 20.28 2.39
6.43 95.21 16.59 1.78
0.04 95.34 16.63 1.91
0 95.08 20.65 2.52
0 95.02 22.22 2.15
0.24 94.87 22.59 2.37
1.74 94.93 21.72 1.28
12.16 94.82 21.48 1.63
0.71 94.38 22.64 1.95
1.05 94.51 23.59 2.67
0 94.75 24.81 2.08
0 94.87 25.46 2.33
0.66 94.9 24.88 1.97
217.86 94.87 16.82 3.06
32.48 95.23 13.71 2.78
0.36 95.26 13.08 1.84
1.28 95.36 16.13 1.85
0 95.27 19.66 2.05
23.9 95.4 18.28 1.54
1.35 95.32 17.35 1.14
0 95.24 18.72 1.13
0 95.17 20.82 1.58
32.16 94.85 19.49 2.19
89.34 94.86 13.38 3.57
0.38 94.99 11.95 2.52
0 95.38 14.15 1.49
0.09 95.85 14.25 1.13
0 95.95 13.89 1.29
0 95.3 14.65 2.23
0 94.81 15.88 2.5
0.19 94.8 15.92 1.47
0 95.01 17.6 1.63
2.23 94.93 18.61 2.23
0.89 94.95 17.6 1.41
3.4 95.29 15.99 1.4
0.34 95.6 15.93 1.46
22.47 95.45 15.05 1.95
2.26 95.71 14.82 1.28
56.63 95.34 10.95 1.52
65.86 95.3 9.97 6.53
1.04 95.49 11.53 3.55
0 95.51 11.32 1.61
0 95.34 12.78 1.44
0.44 95.14 14.16 2.13
0.99 94.98 13.37 2.97
0 95.11 13.19 2.11
0 95.66 10.97 1.75
0 96.07 11.96 1.18
0 95.92 13.67 1.36
0 95.41 16.1 2.4
24.83 94.99 12.99 3.17
0 95.51 8.58 2.17
0.03 95.12 10.45 2.21
0 94.94 12.82 2.04
0.09 95.33 8.86 3.72
0 95.75 7 2.25
0.01 95.86 7.38 2.02
42.63 95.21 9.18 3.46
0 95.26 4.55 3.68
0 95.36 5.61 2.4
0 95.18 8.08 2.15
0 95.61 6.55 1.47
71.22 95.89 1.99 1.06
84.15 95.32 2.33 1.67
0 95 6.11 1.8
0 94.74 9.36 3.11
0 95.38 8.7 1.92
0 95.39 11.18 2.38
5.79 95.28 10.71 3.11
0 96.22 3.41 1.52
1.8 96.11 0.28 2.12
0.06 95.69 0.15 2.93
0.03 95.53 -0.16 2.2
0 95.5 2.15 1.53
0 95.72 0.55 1.94
11.23 95.75 0.69 1.47
192.08 95.39 0.02 73.5
64.08 95.62 -0.51 3.13
0 95.65 -3.35 1.09
0 95.31 -0.96 1.75
0 95.55 -0.57 1.32
0 95.99 -2.54 1.1
51.85 95.68 -2.24 0.91
125.4 94.36 -2.31 5.33
0.33 94.85 -4.02 3.34
0 94.92 -5.83 4.44
0 95.73 -4.65 2.92
0 96.01 -6.24 1.18
21.23 95.48 -2.8 1.47
0 95.39 -5.37 71.16
0.01 95.09 -5.15 2.82
0.01 95.66 -3.26 2.95
0 95.72 -5.22 1.47
0 95.37 -2.36 2.26
5.58 95.87 -5.51 2.22
0 95.78 -6.44 2.43
0 95.24 -5.21 2.19
0 95.18 -3.16 3.48
0 95.27 -7.63 2.68
0 94.33 -3.78 3.84
0.02 95.09 -6.47 4.07
0.02 95.66 -9.34 2.08
0 96.36 -12.87 2.21
0.12 96.01 -14 1.61
0.32 94.91 -4.82 2.97
1.79 95.1 -7.78 3.89
0 95.39 -10.92 1.89
0 95.41 -12.91 3.19
0 95.36 -14.77 2.81
0 95.53 -16.19 2.44
0.01 95.53 -16.88 4.18
0 95.66 -11.48 4.11
0.05 96.28 -13.55 1.45
0.03 96.44 -13.55 1.03
0.08 95.87 -11.8 1.53
0.02 95.89 -9.07 1.31
16.12 95.97 -10.68 1.16
0.78 95.76 -9.17 1.31
0.53 96.14 -12.16 1.17
0 96.47 -12.66 3.78
0 96.57 -14.83 2.34
0.01 96.02 -15.01 1.01
0.15 96.14 -12.37 120.42
5.32 96.13 -10.49 3.5
0.01 96.6 -15.96 2.95
0 96.39 -19.63 2.36
0 95.54 -18.33 4.18
0 96.69 -18.71 2.37
0 96.43 -18.7 1.23
0 95.84 -13.8 1.29
6.24 95.84 -14.76 0.97
16.59 95.86 -12.64 4.01
0 95.49 -15.28 3.38
0.03 94.96 -15.35 1.88
0 95.4 -17.78 3.99
0 96.51 -18.36 4.57
0 97.09 -15.98 2.28
0 96.14 -16.46 1.38
0 95.98 -14.59 1.53
0 95.87 -15.68 1.38
0 95.78 -15.47 1.55
0.03 96.19 -16.95 1.89
0 96 -15.39 1.92
0 95.86 -15.44 1.25
0.91 95.51 -13.78 0.87
0 95.59 -12.66 1.59
0 95.59 -13.59 0.95
0 96.05 -10.71 2
2.27 95.79 -13.73 1.63
0 96.49 -14.46 2.65
0 96.73 -12.01 1.86
0 95.75 -7.63 2.32
0 96.27 -10.06 1.23
12.05 96.29 -9.97 0.99
0.67 96.33 -9.45 1.78
0 96.08 -13.39 1.18
0.02 94.96 -8.17 2.62
0.04 95.55 -14.02 4.22
0 95.61 -15.54 1.58
0.15 95.94 -14.99 1.24
0.04 95.83 -11.88 1.89
0 95.41 -6.95 1.29
0 95.68 -7.42 1.21
0.04 95.6 -6.02 1.44
1.4 95.53 -6.36 1.64
0.88 96.12 -8.29 4.19
0 96.23 -10.89 2.37
1.6 95.24 -9.42 2.67
0 95.99 -9.71 2.85
0.01 95.54 -8.25 1.96
2.07 95.86 -15.39 4.1
0 96.67 -18.01 4.98
0 96.55 -16.58 1.46
0.6 95.69 -12.37 2.1
0 96.29 -13.32 2.15
0.07 96.33 -12.73 1.75
0 95.6 -7.49 88.48
0 95.39 -5.36 2.81
0 96.03 -9.63 2.4
0 95.97 -10.45 1.48
0 95.25 -6.78 2.26
0.03 95.24 -5.42 4.09
0 95.96 -11.32 3.62
0 96.11 -12.82 2.24
0.01 96.05 -11.98 1.86
0 95.92 -8.46 3.08
0 96.13 -7.46 2.74
0 96.07 -4.97 1.62
0 96.23 -6.98 1.7
6.49 96.04 -7.45 1.9
0.34 95.17 -1.08 2.76
0 95.09 0.45 2.7
0.18 94.56 -2.69 6
0 96.35 -8.18 5.73
0 96.38 -5.73 1.71
0 95.31 -0.79 3.06
0 95.62 1.53 2.67
0 95.01 5.3 3.09
0 94.96 3.55 1.76
0 94.37 4.2 2.17
0 94.29 -0.15 2.35
0 94.39 -3.03 5.36
0 95.84 -1.64 2.01
0 95.07 4.48 3.77
19.04 95.05 -0.06 3.76
0 96.22 -6.12 4.16
0 95.7 0.48 3.11
0 95.26 5.32 2.79
0 95.65 5.26 3.09
0 94.23 7.57 3.64
0.92 94.35 -2.61 3.82
31.22 95.12 -7.42 2.85
0.25 95.52 -7.22 2.81
0 94.26 1.03 5.89
0 95.26 -3.08 2.83
27.15 94.96 -5.41 3.58
0 95.64 -5.06 3.14
0 95.49 -2.01 1.73
0 94.5 4.25 4.11
1.98 94.72 1.25 3.91
0 95.55 -1.03 3.54
0 95.78 -1.95 2.41
0.41 95.65 -0.17 1.76
11.98 95.38 1.06 2.1
117.7 95.5 0.4 2.65
0 94.97 3.94 2.97
0 95.06 5.39 2.88
17.68 95.23 -0.46 2.28
57.7 95.48 -1 3.26
0 95.24 -0.29 2.69
0.29 94.39 1.69 2.93
17.16 94.39 0.64 3.33
3.41 95.33 0.32 3.96
0.86 95.18 1.41 3.76
0 95.22 2.45 3.68
0 94.75 8.05 2.95
0.21 94.3 6.58 4.53
0 94.55 2.79 5.42
0 94.3 4.31 2.28
8.02 94.57 3.8 3.19
60.05 94.9 1.21 990.43
4.98 95.86 0.87 4.93
0 95.88 2.31 2.15
0 95.55 5.2 2.82
0 95.21 8.5 2.12
0.21 94.62 12.57 4.81
79.2 94.7 7.25 2.23
0.78 94.63 7.89 3.17
0.03 94.72 8.83 4.93
0 94.77 10.22 1.79
0 94.72 13.85 2.17
4.31 94.5 12.55 3.97
0.2 94.7 11.94 6.4
0.47 95.2 11.06 5.71
0.55 95.26 11.49 2.06
1.23 95.14 12.36 2.28
3.31 95.33 12.93 1.98
0 95.05 17.43 2.78
0 95.26 20.55 1.71
0 95.18 21.94 2.36
0 95.18 22.14 3.06
0.15 94.91 22.38 4.64
19.33 94.61 14.6 2.17
35.71 93.74 14.72 3.8
0 93.37 17.74 4.81
0 93.94 16.6 2.84
0 93.98 19.05 2.45
0.63 94.6 16.47 4.94
0 95.51 16.32 2.53
0 95.4 17.82 2.32
1.28 94.74 18.96 3.02
0 94.19 20.03 3.44
15.51 93.57 16.02 5.22
0.01 93.57 17.88 4.16
0 93.94 19.14 2.85
0 94.81 20.1 2.4
11.79 94.58 24.36 4.44
1.3 95.19 18.32 2.25
0 94.79 21.31 2.23
1.61 94.51 21.91 3.89
1.43 94.32 20.15 4.12
1.07 94.11 19.79 3.18
0 94.4 19.38 4.41
0 94.22 23.93 3
0.03 93.82 25.95 4.82
0 94.55 20.14 2.59
5.95 94.27 18.83 3.5
0.06 94.51 18.95 3.13
10.52 95.1 18.01 2.57
27.65 94.95 19.01 2.38
6.57 94.72 19.68 3.37
3.07 94.54 22.44 3.03
0.73 94.39 22.8 4.08
56.93 94.8 16.7 2.55
2.35 95.02 17.78 1.73
11.35 94.76 16.15 2.03
3.56 94.52 17.81 1.83
0.03 94.54 22.95 3.82
0.16 94.53 24.57 4.03
3.23 94.44 24.88 2.82
159.46 94.44 19.27 2.46
6.98 94.14 21.39 1.6
40.12 93.85 20.74 1.82
0.29 94.19 23.57 1.99
0 94.71 23.8 2.31
0.06 94.87 24.18 1.88
1.34 94.61 22.96 1.47
10.2 94.28 22.37 1.83
56.17 94.14 21.59 2.53
69.53 93.89 21.19 2.42
163.74 93.6 20.12 1.75
55.13 93.74 22.23 2.44
80.33 94.17 21.13 1.99
125.05 94.19 22.52 2.9
30.72 94.14 23.42 3.54
56.2 93.91 23.26 2.33
163.99 93.48 22.53 2.71
0.06 93.45 24.6 3.47
2.04 93.46 24.66 2.63
1.2 93.82 24.69 2.19
1.13 94.01 25.16 2.52
7.97 93.83 25.74 3.78
45.19 94.14 24.1 2.1
67.02 94.36 22.1 1.55
1.28 94.56 22.88 1.35
0.54 94.55 22.85 1.24
15.41 94.52 23.18 2.08
40.31 94.69 22.61 2
0.18 94.67 24.44 1.67
207.27 93.97 21.99 2.14
99.91 93.81 22.83 3.2
0 94.38 23.94 2.5
0.2 94.26 23.05 2.61
110.44 94.2 21.11 2.36
3.49 94.41 21.97 1.75
0.26 94.41 24.03 1.63
22.67 94.27 23.85 2.12
17.92 93.85 23.91 1.83
1.06 93.92 24.07 3.19
0.01 94.24 24.54 1.92
0.03 94.25 25.24 1.69
49.24 94.04 23 1.63
8.55 93.97 25.28 2.26
0.43 93.91 25.33 1.54
1.29 93.72 26.4 1.66
10.29 93.83 25.85 1.95
13.88 94.11 25.75 2.83
0.31 94.34 25.99 2.65
1.17 94.14 25.85 2.62
16.5 93.78 26.54 2.64
18.91 93.64 25.5 1.79
25.31 93.8 26.06 2.38
14.84 94.07 26.35 2.2
8.95 93.85 26.74 2.09
19.02 94.05 24.33 1.7
1.31 94.45 25.67 1.43
4.55 94.52 27.08 2.69
33.13 94.23 25.2 2.79
3.98 94.24 25.67 2.83
51.27 94.18 26.38 2.24
5.59 94.26 25.65 1.74
251.1 93.72 24.24 1.44
0.07 100.42 25.5 2.51
0 94.75 22.37 2.7
0 95.01 21.67 1.89
2.63 94.98 21.07 1.19
2.16 94.55 23.93 2.25
0.29 94.7 22.86 2.09
0 94.91 22.54 1.62
0.05 94.9 22.78 1.56
13.61 94.62 22.02 1.71
11.89 94.73 19.44 2.04
13.72 94.65 19.28 1.5
221.17 94.05 18.37 1.26
37.97 94.29 15.08 3.08
0.11 94.95 15.97 2.46
32.94 95.02 16.8 2.07
1.44 95.28 15.6 1.67
5.77 95.43 15.86 1.48
0 95.51 16.01 1.38
5.36 95.39 16.95 1.63
152.85 95.37 14.44 1.57
37.26 95.42 14.47 1.12
5.22 95.46 16.23 1.26
1.59 95.4 17.92 1.48
10.23 94.93 18.73 2.06
0.12 95.03 17.39 1.55
0 95.07 17.75 2.63
1.51 94.84 20.62 3.09
25.35 94.18 20.18 3.37
0.21 94.55 19.54 3.46
0 95.18 13.82 1.85
0.8 94.86 16.36 1.71
5.25 95.44 16.26 1.38
10.74 95.87 15.22 0.84
7.08 94.9 19.74 3.2
0 95.33 18.2 1.58
0.04 95.32 18.86 1.22
2.01 95.18 18.67 2.77
39.33 95.56 12.99 3.04
0 95.81 8.98 2.27
0 95.63 10.95 2.32
0 95.28 12.27 2.21
0 94.59 18.03 3.51
0 94.7 16.35 2.75
0 95.63 12.85 1.28
0.88 95.52 13.9 1.79
124.66 95.55 11.11 2.26
0.02 95.65 10.78 2.88
0 95.45 9.44 1.79
0 94.75 17.51 3.65
0 95.82 13.37 1.24
0.01 95.77 15.17 2.54
0.03 96.06 12.24 2.4
0.23 95.56 11.28 1.87
0 94.55 15.9 2.83
9.56 94.62 13.73 4.18
0 95.08 10.65 3.22
0 95.57 11.56 1.59
26.41 95.57 11.27 2.87
3.37 96.46 4.08 4.53
0 96.48 2.97 1.28
0 96.06 7 1.46
0 96.08 7.11 1.35
0 95.83 11.39 2.97
43.45 96.04 9.47 1.44
1.98 96.08 7.39 1.91
0 95.94 6.28 1.25
39.1 95.81 5.51 2.16
37.96 95.73 1.92 2.12
0.01 95.92 4.22 4.02
0.01 96.2 6.11 2.98
0 95.74 5 1.3
0 95.18 7.28 1.96
5.02 95.73 6.05 1.85
1.35 96.28 4.31 2.48
0 96.21 3.83 1.53
0 96.31 4.44 0.93
0 96.07 4.8 1.48
0.43 95.51 8.53 2.18
2.39 95.82 7.66 3.2
0 96.18 5.91 1.76
0.02 95.42 6.65 2.61
0.15 95.01 6.29 3.87
0.01 95.41 3.36 2.83
0 95.5 2.08 2.03
0.11 96.04 2.09 3.53
0 96.01 -1.27 4.05
0 96.08 1.15 2.34
0 95.96 1.76 1.83
0 95.34 2.38 2.53
0 95.1 2.94 3.06
0 95.08 3.17 2.09
0.18 95.24 2.13 3.35
0.01 95.62 -2.89 4.26
0.03 95.81 -3.32 6.27
0 95.73 -3.52 3.73
0 95.78 -2.13 2.77
0 95.96 -2.87 1.27
0 95.7 1.18 1.87
0 95.42 1.06 1.78
0.03 95.09 -0.29 2.36
0 94.94 -3.78 4.43
0 95.07 -6.69 3.7
0 95.31 -9.67 6.35
0 95.5 -5.4 3.91
0 95.09 0.82 3.26
0 95.75 -2.3 2.63
2997 95.49 -0.78 2.75
2997 95.26 -0.42 1.43
2997 95.52 2.07 2.09
2997 95.55 1.58 2.61
2997 95.76 -1.03 2.96
2997 95.35 -1.92 1.09
2997 95.44 -4.71 1.39
2997.02 95.41 -3.85 2.32
2997.01 95.62 -5.54 3.02
2997.18 95.09 -7.56 3.31
2997.29 95.11 -8.53 2.01
2997 95.24 -11.37 4.13
2997 95.56 -11.33 3.2
2997 95.92 -8.68 2.95
2997 96.51 -8.46 1.44
2997 96.48 -10.1 1.33
2997.45 96.76 -11.95 2.47
2997.18 96.38 -12.85 3.12
2997.23 96.26 -11.74 3.26
2997.01 96.65 -10.83 2.52
2997 96.69 -10.21 1.35
2997 96.4 -10.28 1.12
2997 96.56 -9.18 1.36
2997 96.48 -9.44 1.09
2997.04 95.91 -6.76 2.68
2997.11 96.39 -9.93 4.47
2997 96.08 -10.79 1.86
2997 95.6 -10.71 2.72
2997 94.87 -5.69 3.66
2997 94.67 -4.95 3.29
2997 94.28 -3.03 4.14
2997 94.69 -3.98 2.84
2997 94.96 -3.2 3.31
2997 95.58 -5.44 2.38
2999.2 95.51 -8.12 1.73
3001.35 95.75 -8.88 1.72
2997.02 95.43 -6.58 3.06
2997 95.98 -6.9 2.6
2997 96.44 -14.11 3.07
2997 96.03 -14.33 2.41
2997 96.04 -11.98 2.34
2997 96.13 -10.26 2.35
2997 96.66 -12.59 2.11
2997 96.37 -13.56 1.74
2997 96.39 -11.49 1.86
2997 96.18 -8 1.86
3006.32 96.27 -10.66 1.6
2997 96.19 -10.95 1.58
2997 96.43 -8.43 2.03
2997.49 95.45 -7.35 3.82
2997.01 95.94 -10.14 4.41
2997 96.12 -9.89 2.42
2997 95.44 -6.44 1.86
2997 94.62 -1.73 3.12
2997 95.21 -3.5 2.13
2997 96.14 -8.82 3.35
2997 95.68 -7.25 3.9
2997 95.09 -3.71 4.35
2997 95.71 -7.61 3.68
2997 94.34 -0.34 5.62
2997 95.13 -7.13 3.12
2997 95.25 -7.19 1.77
0.24 94.82 -4.14 2.17
0.07 94.84 -4.62 5.08
0 95.7 -12.41 4.15
0 95.89 -11.56 2.17
0 96.07 -12.25 1.49
0 96.31 -10.31 1.63
2.97 96 -10.74 1.51
11.41 96.05 -12.24 3.09
0 96.65 -14.14 3.4
0 96.47 -14.32 1.63
0 95.9 -12.21 1.55
0 96.54 -13.07 1.53
0 96.48 -12.52 1.92
0.06 95.65 -5.67 2.9
0 95.72 -6.4 2.01
0.11 96.31 -6.96 2.2
0 96.86 -9.31 1.88
0.89 96.41 -9.5 1.58
2.6 96.15 -9.38 1.73
0 96.07 -7.56 1.71
0 96.03 -4.92 2.15
0.8 96.55 -7.47 1.52
0.09 96.36 -4.75 1.17
0 95.89 -1.59 1.57
0 95.72 2.18 2.03
0.47 95.43 4.41 4.01
2.42 96.15 -3.34 4.25
0.04 95.86 -6.58 1.77
0 95.73 -5.3 1.79
0.29 95.67 -5.37 2.21
0.57 95.66 -5.81 1.9
2.18 95.97 -4.87 2.83
0 96.02 -6.62 2.94
0 96.19 -7.72 2.72
0 96.19 -6.33 2.29
0 95.72 -5.37 2.04
0 96.01 -5.26 2.61
0 95.48 -2.71 2.11
0 95.25 1.21 4.1
0 95.92 -1.24 4.24
0 95.52 -1.99 2.04
0 95.02 1.92 3.17
0 94.73 7.12 2.68
0 95.12 4.71 2.46
0 94.61 7.82 4.73
0 95.77 4.01 2.1
0.07 95.69 3.54 4.31
0 95.99 3.86 4.79
0 95.39 6.49 2.86
0 95.45 7.74 3.07
0 95.69 8.07 2.75
0 94.67 13.18 4.94
0 94.69 11.77 2.45
0.02 94.71 11.21 2.75
0 94.75 10.9 3.23
55.47 94.52 11.7 3.15
24.08 94.99 9.86 2.42
0 95.2 11.06 2.32
0.76 95.32 8.81 2
0 94.76 11.92 2.63
0 95.5 7.89 3.85
0 95.89 2.46 4.5
0 95.06 6.47 4.66
0 95.66 5.3 4.01
0 95.02 13.43 3.89
0 94.99 14.15 1.71
0 94.83 14.51 2.42
0 95.07 11.64 4.22
0 95.8 9.36 2.02
0.82 95.41 10.8 2.07
0.38 95.12 11.93 2.1
0 95.24 13.64 1.71
0 95.13 17.88 3.4
0 95.74 12.98 3.12
0 95.04 13.38 2.47
12.03 95.06 7.64 2.76
0.03 95.73 8.11 2.74
27.1 95.53 7.64 2.62
0.05 95.09 9.31 302.89
0 95.18 11.58 3.76
0 94.87 14.2 2.86
0.74 94.54 16.73 3.68
4.04 94.77 18.22 4.15
0.27 95.27 16.68 4.18
28.59 95.53 11.69 3.54
0 95.82 12.38 2.4
0 95.67 13.59 2.11
0 95.04 15.23 1.56
0 94.47 19.14 2.09
3.4 94.43 18.17 4.52
157.41 95.08 6.92 4.83
7.12 94.67 8.37 4.84
15.89 94.88 5.17 5.43
0.09 95.11 7.8 4.36
0.15 94.54 11.89 2.56
73.18 94.57 7.86 4
0.97 95.11 11.69 1.93
78.54 95.41 10.22 2.51
3.39 95.29 12.2 2.33
221.62 94.43 9.11 2.53
77.25 93.53 14.65 3.75
0 93.72 17.25 3.94
0.08 94.07 14.17 3.6
0 93.84 13.95 3.29
0.04 94.64 16.61 3.05
2.37 94.99 16.45 2.13
2.45 94.61 18.56 2.86
75.2 94.27 16.24 2.37
4.49 94.31 17.19 2.85
0.02 94.43 18.95 2.52
0 94.44 21.64 2.48
0.35 94.72 25.05 3.84
43.16 94.6 17.48 2.98
0.55 94.11 16.99 5.58
0 93.6 21.05 4.17
16.64 93.39 18.68 2.82
0.6 93.83 22.19 2.53
0 93.93 23.95 50.65
0.12 94.5 25.16 2.7
0 94.43 28.29 4.08
4.12 94.66 23.96 3
0.52 94.8 22.17 2.75
0 94.7 22.64 2.3
0.83 94.49 22.58 2
16.29 94.34 23.63 2.45
317.9 94.5 16.1 2.43
147.09 94.34 13.39 3.33
33.01 94.03 15.89 3.01
43.58 94.35 15.9 2.2
46.16 94.76 15.49 1.78
15.78 94.83 18.38 2.1
14.88 94.63 20.14 2.57
13.73 94.66 21.12 2.25
0.03 94.52 21.96 2.18
3.53 94.34 23.27 1.71
123.18 94.15 20.5 2.1
82.81 94.03 19.8 2.1
108.24 94.17 18.71 2.36
3.87 94.44 19.39 1.81
29.02 94.57 19.64 2.06
4.84 94.7 19.52 1.62
135.4 94.77 18.96 2.5
1.1 94.62 21.77 1.84
0.12 94.23 23.76 2.31
20.09 94.03 22.98 3.21
20.83 94.11 21.94 3.72
0.5 94.54 22.08 3.87
0.83 94.47 22.96 3.01
0 94.54 24.44 1.75
0 94.5 25.02 1.71
14.66 94.45 23.68 2.71
82.81 94.15 20.82 2.58
24.95 93.88 23.41 2.38
0.09 94.36 25.14 2.27
0.62 94.42 25.9 3.29
2.06 94.3 25.9 2.19
3.46 94.08 25.22 3.09
14.45 94 23.54 3.83
0 94.21 23.71 2.98
0 93.94 24.05 3.61
6.8 94.02 22.52 3.15
5.19 94.22 21.86 2.86
0.49 94.13 22.93 2.53
2.65 94.21 23.93 1.92
22.19 94.17 23.49 2.43
108.81 94.26 21.52 50.58
7.7 94.49 22.4 50.05
0.33 94.56 26.1 1.72
1.41 94.63 28.65 2.51
2.68 94.24 29.28 4.29
74.73 94.13 24.3 2.58
0.19 94.44 22.46 1.68
0 94.16 24.9 2.66
0.08 94.54 22.94 1.85
0 94.59 23.02 1.7
0.01 94.77 23.3 1.82
3.46 94.63 25.45 2.25
9.7 94.15 27.27 3.27
8.58 94.19 25.7 3.64
12.41 94.34 24.42 1.98
0 94.42 26.46 2.67
0 94.4 27.32 2.7
3.39 94.28 26.27 2.53
13.34 94.25 25.55 2.01
80.39 94.51 20.24 2.47
3.32 94.46 21.93 2.05
0 94.74 22.01 2.61
0 94.85 21.65 1.6
0.01 94.7 22.6 2.08
51.33 94.45 21.56 2.42
26.65 94.19 21.44 1.98
2.38 94.38 22.46 3.43
0.27 94.58 21.06 2.13
16.11 94.61 19.16 2.08
16.34 94.52 18.95 1.73
10.27 94.57 20.06 2.18
6.24 94.68 20.22 1.65
1.86 94.81 21.42 2.03
6.89 95.01 21.4 1.57
0.6 94.95 22.54 1.68
0.51 94.61 24.45 2.41
4.08 94.62 24.28 1.85
47.86 94.55 23.21 2.13
50.36 94.4 22.57 1.77
117.03 94.66 19.62 2.23
2.05 94.95 20.04 2.51
0 95.04 20.87 1.89
0 95.15 22.38 1.82
5.1 95.28 20.93 1.82
3.01 95.31 20.96 1.64
0.63 95.27 21.05 2.23
11.63 95.1 20.17 1.81
10.74 95.08 19.61 1.98
275.62 95.04 15.94 2.37
1.07 94.64 17.56 1.68
0 94.34 19.9 2.41
0 94.88 18.52 1.5
0 94.88 20.31 1.57
3.36 94.46 20.91 3.04
0.04 94.75 18.08 2.73
0 94.95 15.39 1.41
0.01 95.2 17.08 1.69
0.08 95.2 18.25 1.83
23.78 95.26 16.87 1.35
0.31 95.04 18.8 2.62
0.08 95.36 16.04 3.14
0 95.47 13.83 3.01
0 95.51 13.37 1.46
0 95.59 15.79 1.32
0 95.56 16.96 2.07
13.33 94.88 17.01 2.5
35.88 94.85 14.34 2.88
0.03 95.46 13.84 1.59
0.38 95.48 16.1 2.07
71.21 95.68 12.32 1.85
20.06 95.43 12.71 1.67
0 95.34 13.5 1.62
47.89 94.68 14.17 2.57
0.08 95.25 13.49 2.31
2.17 95.15 14.42 3.04
36.74 95.99 5.87 3.87
0.27 96.04 5.33 1.73
44.75 95.19 6.24 1.65
25.69 95.06 7.49 2.26
0 95.38 8.48 1.57
91.53 95.62 7.08 1.48
16 96.08 7.86 2.31
0 95.87 9.04 2.11
0 95.45 12.55 1.75
0 95.32 14.52 2.35
0 95.52 15.99 2.27
0 95.79 13.44 1.82
0.62 95.67 14.15 3.1
0.48 96.66 8.37 3.64
0 96.22 4.2 1.7
0 95.27 8.33 2.24
0 94.8 9.99 4.74
0 95.33 9.51 2.95
0 95.08 12.69 2.42
0 95.19 13.67 2.35
0 94.87 16.67 4.13
0 95.77 7.25 2.83
0 96.12 3.03 1.91
0 95.55 5.67 1.89
0 94.76 11.03 2.91
0 94.49 13.52 2.88
0 94.73 11.28 1.98
0 96.21 3.96 5.29
0 96.59 2.09 1.62
0 96.02 3.19 1.59
0.05 95.73 7.67 1.73
7.32 95.94 7.79 23.35
3.49 95.67 5.32 1.59
3478.69 95.29 6.6 3.3
3478.74 95.45 3.67 3.9
3478.68 95.23 6.45 2.62
3478.68 94.85 8.03 3.57
3478.69 95.22 6.06 3.2
3478.68 96.51 -0.89 3.18
3478.68 96.47 -2.09 1.67
3478.68 96.05 0.41 1.9
3478.68 95.83 4.31 1.96
3478.68 95.52 3.68 1.67
3478.69 95.18 2.25 3.52
3478.73 95.63 -4.79 6.07
3478.68 95.63 -2.36 2.93
3478.68 95.98 -2.41 1.75
3478.68 96.1 -1.93 1.59
3478.81 95.95 -0.07 1.85
3478.68 96.28 -2.1 1.56
3478.68 96.2 -0.93 1.51
3478.68 95.49 1.76 3.12
3478.68 94.92 3.32 4.07
3478.68 95.45 0.46 2.56
3478.68 95.98 -2.26 2.12
3478.73 95.72 1.32 2.8
3478.68 96.15 -3.03 1.88
3478.68 95.21 -2.51 2.26
3478.68 94.74 302.4 5.09
3478.68 95.88 -3.29 2
3478.68 95.39 -2.28 1.51
3478.7 95.2 -0.37 2.14
3479.17 95.32 -1.55 5.29
0 95.91 -11.56 6.59
0 95.68 -10.96 3.76
0 95.4 -11.12 5.75
0 95.56 -10.93 4.66
0 95.67 -10.52 3.71
0 95.88 -10.01 1.99
1.77 95.92 -9.71 1.71
0 96.42 -10.91 1.72
0.03 96.27 -8.03 2.53
1.79 95.63 -4.72 4.68
0.06 96.07 -9.17 2.99
0.02 95.66 -10.18 3.9
0 95.83 -11.36 2.45
0 95.88 -9.37 1.84
0.25 95.82 -9.42 3.53
0 95.89 -12.64 3.59
0.01 95.94 -11.11 2.21
0 95.85 -8.01 2.61
0.13 95.57 -6.32 4.31
0 95.9 -10.26 3.66
0 95.54 -10.03 3.5
0 95.33 -3.52 2.42
0 95.38 -3.41 3
0 96.22 -5.27 3.81
0 96.46 -5.2 2.83
0 96.22 -8.08 1.39
0 95.8 -4.56 2.34
0 95.21 -5.36 2.02
0 94.55 -4.07 3.2
0.09 95.27 -6.64 88.58
0.03 95.99 -10.9 5.48
0.1 95.99 -11.06 2.84
0 95.91 -7.16 2.99
0 94.66 -2.14 3.75
0 94.93 -2.94 1.95
0.61 95.28 -3.18 4.79
0 95.82 -7.55 3.23
0 96.19 -9.4 1.54
0 96.08 -9 2.04
0 95.94 -5.67 2.4
0.07 95.5 -4.77 3.16
0 96.55 -7.74 2.36
0 96.67 -9.25 1.79
0 96.21 -6.16 1.82
0 96.41 -9.23 1.69
0.31 96.05 -9.88 1.9
3.98 96.02 -10.24 3.67
0 96.12 -9.26 1.94
2.1 95.01 -5.14 3.38
0.02 95.67 -8.68 1.86
0.04 95.59 -8.24 2.09
0.98 96.12 -8.08 2.2
0 95.57 -8.09 1.89
0 95.04 -3.98 3.28
0 95.94 -6.55 2.14
1.3 95.56 -5.32 1.39
4.58 96.17 -8.77 3.78
0 96.68 -12.18 2.9
0 96.52 -12.06 1.91
0.07 95.92 -8.53 3.6
0 96.54 -10.44 3.65
0 96.81 -9.39 1.89
0 96.62 -8.27 1.65
0 96.46 -7.88 1.68
0.08 96.34 -5.29 2.44
0.05 96.25 -6.54 3.42
0 96.12 -3.92 3.02
0 95.51 -1.31 3.1
0.03 96.36 -10.79 5.78
0 96.44 -11.65 3.93
0 95.7 -6.23 2.73
0 95.08 -3.54 2.26
0.01 95.11 -5.87 3.48
0 95.31 -6.21 2.37
0 94.92 -5.11 1.85
0 94.75 -1.25 2.35
0.01 95.43 -4.02 1.5
9.48 95.16 -1.14 2.68
0.01 95.78 -1.75 4.63
0 96.43 -3.61 2.58
0 95.89 -3.58 3.04
9.08 95.06 0.07 3.57
25.07 94.53 -0.52 5.49
0.11 94.95 -5.73 5.72
0 95.26 -6.26 1.99
0 94.91 -6.35 1.96
0.68 95.38 -7.85 2.97
0 95.76 -9.17 3.57
0 96.39 -6.65 2.01
2.63 95.41 -2.33 5.1
0 95.1 -0.98 3.03
0.03 94.73 -3.23 2.42
0.27 95.38 -6.84 6.11
0 95.89 -6.29 2.91
0 95.61 -2.87 3.22
0 94.93 1.84 4.62
0 95.3 1.23 2.93
2.43 95.88 -3.46 3.32
0 96.66 -9.63 5.78
0 95.99 -4.62 3.17
0 95.63 -4.12 3.91
0 95.15 -3.36 2.91
0 116.73 297.76 302.3
0 95.23 0.6 3.74
0 94.88 5.54 3.8
0 94.83 5.71 3.25
0 95.58 2.87 2.59
0 94.83 6.87 3.19
0 95.1 6.38 3.75
0 95.22 5.48 2.55
0 95.17 6.09 4.07
0 96.12 1.91 4.18
0 96.3 2.84 2.75
0 96.49 3.7 1.7
0 96.22 7.82 2.89
0 96 13 4.15
0 95.19 13.7 5.07
0 94.8 12.41 3.71
0 94.92 10.69 3.37
0 94.47 14.05 4.32
4.88 95.49 6.35 3.06
0 95.56 4.85 1.85
207.37 94.07 2.38 2.32
1.41 94.85 3.91 2.29
1.69 94.8 4.85 1.93
0.17 95.32 3.42 4.62
0 96.43 -0.83 4.08
0 96.4 0.08 3.31
0 95.6 4.73 3.02
0.09 95.35 7.64 3.01
0.08 95.57 7.97 2.09
16.89 95.79 6.69 3.58
177.1 96.4 -0.5 4.6
0.4 95.96 3.08 2.02
0 94.36 11.24 2.07
0.46 93.5 14.37 4.53
1.42 94.38 8.41 5.42
0 94.48 11.08 2.26
0.03 94.75 12.85 3.09
0.02 95.24 10.54 3.73
0.01 94.85 11.22 3.19
0.03 94.76 11.11 2.73
0 94.98 14.24 3.9
0 95.2 14 5.12
0 95.47 14 2.51
0 94.83 20.9 4.19
0 94.45 24.08 4.46
14.1 94.17 20.71 4.38
13.07 94.82 16.53 2.51
0 94.84 19.29 2.29
0 94.77 20.57 2.86
11.62 94.54 16.87 3.61
17.14 94.61 15.67 2.32
0 94.9 12.96 5.39
0 94.7 13.76 4.43
0 94.16 14.73 5.78
0 94.72 12.18 2.56
0.37 94.63 12.65 5.34
20.38 94.96 7.08 2.13
0 95.32 8.66 1.79
79.74 95.21 8.15 2.6
59.93 94.27 7.36 2.01
14 93.02 10.89 3.94
0.34 93.09 19.18 3.62
2.02 94.43 15.81 5.37
0.01 95.02 15.83 4.22
0 94.44 18.62 3.53
16.51 93.61 18.99 4.01
21.24 93.79 14.56 5.28
1.57 94.19 13.12 5.66
0 95.02 18.21 4.2
0 94.66 21.66 3.38
0 94.52 22.44 2.63
1.14 94.44 22.5 2.6
0.05 94.26 25.2 3.32
0.22 94.18 25.77 4
3.93 94.36 23.47 2.55
0.13 94.36 22.91 3.24
6.08 93.98 23.8 3.59
0.5 94.33 20.91 3.66
0 94.41 19.86 2.51
0 93.56 25.1 6.7
5.94 94.1 22.21 3.18
1.98 94.65 19.01 3.89
0 94.85 21.3 3.01
57.44 94.08 18.28 3.6
37.74 93.58 18.79 2.51
44.6 94.09 18.53 2.22
0.23 94.39 19.98 3.57
1.98 94.15 19.62 2.68
4.06 94.16 19.13 2.13
90.77 93.92 16.99 2.59
192.33 93.43 15.51 2.24
80.1 93.52 16.28 1.62
68.9 94.42 17.17 2.31
0.53 94.67 20.51 2.01
12.53 94.5 22.19 1.99
0.23 94.21 23.23 1.91
152.51 94.24 19.46 2.46
8.03 94.41 18.41 3.66
100.12 94.89 16.43 2.58
0.06 94.96 21.31 2.32
0 94.57 23.57 1.85
4.25 94.3 24.2 2.96
0.24 94.44 23.76 2.58
11.46 94.24 23.85 2.99
12.85 93.97 21.73 2.22
73.65 93.95 20.93 2.18
0.88 94.38 22.01 1.61
4.53 94.42 23.84 2.22
156.86 94.61 17.47 1.99
32.55 94 18.09 1.87
28.72 93.57 18.87 3.29
9.84 94.14 16.62 3.26
0.1 94.71 18.42 2.12
49.46 94.68 19.68 2.07
11.42 94.81 20.36 1.72
0 94.78 22.41 2.12
0.23 94.63 24.16 2.22
5.17 94.79 24.95 2.17
0.2 95.01 26.03 2.64
4.18 94.85 24.14 2.74
0.77 94.57 25.13 1.79
0.9 94.08 26.31 2.28
0.17 93.9 26.2 3.18
6.61 94.22 26.4 2.42
20.06 94.66 23.79 2.36
31.48 94.85 20.76 2.12
17.16 94.68 21.61 1.63
77.1 94.5 22.58 1.82
58.81 94.62 22.66 2.36
27.87 94.55 23.26 2.38
36.52 94.28 23.91 2.16
64.96 94.27 22.63 1.95
10.61 94.27 22.52 1.41
14.06 94.09 22.68 1.79
6.16 93.9 24.07 1.99
5.83 94.29 24.89 2.48
15.84 94.38 24.68 1.86
31.79 94.13 24.16 2.3
105.36 94.15 23.13 2.3
263.8 94.53 21.01 2.38
7.73 94.74 22.06 1.58
1.5 94.53 23.28 1.93
32.49 94.03 24.9 3.07
0.1 94.02 23.05 2.21
1.05 93.88 24.83 2.42
2.22 94.05 25.7 3.19
18.72 94.45 24.14 2.1
17.29 95 22.42 2.45
33.94 95.04 22.85 1.67
8.99 94.95 23.7 2.19
0 94.99 23.55 2.02
0 94.81 23.94 1.59
0 94.65 24.19 1.52
0 94.32 25.38 1.82
1.49 94.12 25.44 2.32
0.03 94.41 23.65 2.39
0 94.46 23.31 1.68
0.82 115.7 320.89 301.62
48.88 116.02 321.43 301.83
85.13 94.91 20.08 1.91
21.73 94.63 19.29 2.11
5.56 94.45 20.32 2.43
39.79 94.56 19.85 1.78
8.2 94.89 20.26 1.97
29.89 95.11 19.67 1.94
10.99 95.05 20.05 2.3
61.18 94.92 19.69 2.31
0.04 94.84 20.4 2.43
21.84 94.69 19.39 1.81
4.77 94.85 18.52 1.47
12.31 94.99 18.74 1.52
119.85 95.18 17.84 1.51
123.65 95.23 18.22 2.24
3.27 95.2 20.63 2.22
0.28 95.36 19.29 1.95
10.64 95.19 18.23 1.55
38.61 95.04 17.04 2.27
0.02 95.16 16.96 1.74
0 95.04 19.31 1.43
2.61 95.19 20.54 2.48
23.1 95.9 15.79 2.1
1.55 95.79 14.61 1.68
62.08 95.24 13.41 1.79
11.67 95.17 14.24 2.71
0 95.09 19.26 2.28
0 95.41 19.62 2.57
0 95.52 19.22 2.77
0 95.37 19.64 2.54
3.91 95.37 19.5 1.5
9.2 95.45 18.62 2.11
0.01 95.54 16.36 1.96
2.96 95 16.47 2.31
3.93 94.81 18.58 2.3
42.18 94.63 17.78 3.1
26.64 94.8 13.78 2.12
45.64 94.71 14.53 1.9
10.52 94.71 15.14 3.03
0 94.96 13.57 2.18
0 95.18 15.42 2.41
0.16 96.01 13.1 1.58
2.3 96.45 11.18 2.13
5.18 95.29 15.33 3.09
45.21 94.59 10.85 5.43
0.06 94.5 13.43 4.68
0 95.5 10.61 1.85
0 95.8 13.58 2.31
0 95.3 17.57 3.5
0 95.2 17.73 1.98
0 94.97 18.21 3.38
0 95.32 10 3.63
0.33 94.65 5.64 3.05
6.2 94.82 5.47 5.26
4.8 95.14 9.81 4.63
0 95.52 11.85 2.34
0 95.6 12.64 1.8
0 95.34 13.69 1.66
0 95.29 13.93 1.69
0 95.29 15.52 2.56
3.07 95.46 13.26 3.05
0 96.23 5.73 2.68
0 95.1 10.03 2.76
32.31 95.71 4.79 1.72
17 96.01 4.72 1.95
1.08 102.36 102.73 48.61
0 101.85 103.23 48.51
0 96.27 6.68 2.44
0 96.17 4.35 1.73
5.82 94.9 7.59 5.48
0 95 3.72 3.3
0 95.6 1.46 3.39
0 95.93 -0.14 3.87
0 96.36 0.16 2.94
0 96.4 3.07 1.55
0 95.74 5.54 1.79
0 95.57 5.91 1.29
0 95.49 9.12 3.77
0 95.71 10.18 3.23
0.45 96.89 1.01 3.62
44.94 96.96 -3.58 2.89
27.6 96.56 -3.63 3.26
7.49 96.06 -3.31 1.97
0.33 96.09 -3.08 1.36
0 96.23 -3.19 1.34
0 96.39 -1.71 1.48
0.09 96.22 0.96 1.33
0.01 95.5 3.25 2.3
0 94.86 5.84 2.57
0.3 95.77 2.05 2.34
6.19 95.61 -3.11 2.53
0 96.31 -5.33 2.33
7.23 96.2 -6.87 2.25
8.32 96.19 -8.03 2.13
5.66 96.18 -9.06 1.89
4.33 96.67 -9.76 1.64
14.8 97.15 -11.58 2.57
10.62 97.2 -12.82 2.99
0.07 97.08 -15.01 1.96
0.01 96.22 -14.64 2.68
0 96.13 -14.11 2.93
0.05 95.64 -11.84 1.39
0.2 96.09 -10.17 1.5
8.67 95.81 -5.88 2.37
0 95.68 -8.02 1.55
0.38 95 -4.4 2.01
0.13 94.8 -5.58 4.93
0.42 95.11 -7.46 6.02
0 95.46 -4.63 4.18
0 96.15 -5.13 2.17
0 96.31 -8.27 1.57
0 96.46 -9.66 0.96
0 95.99 -3.47 2.22
2.15 95.66 0.23 2.61
0.01 95.96 -1.37 3.75
0 96.29 -7.09 1.61
0 95.94 -6.48 1.59
0 96.07 -7.1 1.18
3.62 95.36 -5.16 3.09
0.03 95.43 -6.48 4.55
0.04 96.01 -8.48 5.53
0 96.06 -7.33 3.04
0 96.55 -5.49 2.04
0 96.51 -6.29 1.49
0 95.63 -3.35 2.31
0 95.88 -5.54 1.7
0 95.97 -8.07 1.62
0 95.88 -5.69 2.21
0 95.98 -9.82 2.27
0.01 94.93 -7.76 2.86
0 96.03 -13.13 3.82
0 96.73 -14.75 1.9
0 96.46 -8.23 2.12
0.2 96.04 -6.39 1.56
2.19 96.3 -7.54 1.35
0 96.26 -8.43 2.09
0 95.4 -2.75 2.51
0.01 95.44 -6.55 1.32
3.78 95.64 -8.34 2.02
0 96.07 -10.7 3.62
0 95.88 -12 2.69
0 96.19 -9.83 3.49
0 96 -9.75 3.16
0 95.82 -10.26 3.04
0 95.58 -9.87 2.5
0 96.34 -12.16 3.23
0 96.58 -12.85 2.83
0 96.04 -12.11 3.38
0.06 95.39 -11.3 3.96
0.09 95.14 -11.49 2.43
0 95.23 -11.96 1.75
20.59 95.88 -15.72 2.5
1.71 95.85 -18.93 2.65
0 95.46 -18.94 4.04
0 96.09 -18.61 1.68
0 96.6 -18.49 1.46
0.57 96.55 -17.68 2.06
0.61 97.04 -20.9 3.47
0 96.93 -23.71 5.12
0 96.41 -15.15 4.78
0 95.84 -10.25 3.11
0 95.72 -11.59 3.74
0 95.79 -9.85 3.31
0 96.37 -13.38 1.85
0 96.81 -16.32 1.81
0 96.58 -16.68 2.19
0 96.62 -13.44 3.22
0 96.49 -10.82 2.7
0 96.13 -9.06 2.14
0 95.91 -8.31 2.66
0 96.11 -8.54 3.59
0 96.05 -8.82 3.57
0 95.96 -7.13 2.67
0 95.07 -7.11 2.62
0.01 94.7 -4.35 3.39
0 95.35 -2.78 2.79
0 95.01 1.38 2.99
0.06 94.93 1.17 2.41
1.89 95.24 0.26 3.21
25.08 95.97 -8.38 5.96
0 96 -12.36 5.46
0 95.34 -9.23 4.13
0 95.23 -5.11 4.22
0 95.16 -1.95 4
0 95.16 -3.67 3.89
0.11 96.01 -7.17 3.39
0 95.97 -9.14 3.72
0 95.83 -9.95 2.45
0.01 95.97 -7.48 3.16
0 96.85 -10.68 2.45
0 96.46 -8.97 2.56
0 96.39 -8.5 3.06
0.07 95.72 -6.75 3.19
0.02 95.83 -7.21 1.89
0.1 96.12 -8.13 4.18
0.06 96.35 -8.71 3.32
0.03 95.42 -1.31 2.89
0 95.06 1.44 2.21
0 95.05 0.34 2.49
0.14 95.43 -1.01 1.38
29.72 95.21 0.47 3.86
0.03 95.25 -1.27 2.49
5.33 95.51 -4.41 4.31
0 96.26 -7.75 4.35
0 96.35 -7.49 3.61
0.03 96.13 -6.64 3.44
0 95.61 -5.51 2.01
0 94.97 -0.86 4.23
0 95.74 -1.79 2.83
0 95.55 1.39 2.58
0 94.98 4.99 2.85
0 94.83 8.54 3.27
0 94.42 10.46 5.39
0 94.89 7.42 4.44
0 95.79 3.61 1.94
0 96.01 5.44 1.98
0 95.63 8.63 2.97
0 96.01 5.42 4.51
0.01 96.56 2.19 4.99
0 96.58 2.17 3.55
0 96.24 3.16 2.95
0 95.84 7.81 3.23
0 95.25 9.33 2.56
0 94.62 11.17 3.96
0.66 95.1 7.34 3.33
0 95.05 8.72 3.36
0 94.1 15.72 4.87
9.05 94.38 10.54 5.38
0.53 95.46 6.22 4.26
0 95.45 8.08 3.52
0 94.64 10.83 3.59
0.06 94.96 10.16 2.46
0.98 94.31 12.77 5.17
0 94.69 9.96 4.91
0 94.6 11.91 5.87
0 94.94 6.95 2.99
0 95.57 4.88 3.4
0 95.04 6.99 4.69
20.71 94.18 8.74 2.48
0.15 93.91 10.73 5.23
0 95.03 11.29 3.37
0.22 94.51 15.56 5.14
13.65 94.49 10.66 4.22
3.66 94.47 6.34 4.19
5.03 94.78 6.58 2.7
2.48 95.08 8.7 3.68
0.04 94.73 14.09 2.89
0 93.91 15.49 6.07
0 94.44 10.79 6.01
0 95 11.01 2.93
0 94.45 14.48 4.84
0.65 95.32 10.33 3.05
28.97 95.54 8.24 2.02
1.43 95.12 12.07 1.8
0 95.27 12.53 2.25
24.64 94.44 13.11 2.89
0.07 94.07 16.77 2.79
22.32 93.77 21.21 4.01
146.61 94.58 11.41 2.35
66.17 93.7 11.42 4.79
0 94.19 16.04 3.27
14.2 94.17 15.56 5.14
0.03 94.48 13.01 6.04
0 95.25 15.69 2.7
0 94.68 18.9 4.32
0.84 94.88 17.16 2.48
0 94.56 17.45 2.28
2.56 93.73 20 4.49
153.49 94.48 11.57 4.52
0 95.33 15.3 3.99
24.66 94.96 12.51 4.32
1.26 94.79 13 3.5
0 94.28 18.19 3
0 94.39 23.6 3.61
0 94.65 24.92 4.5
0 94.88 23.27 4.01
0 95.04 22.99 3.81
0.03 95.79 19.32 3.82
0.03 95.71 18.18 2.43
33.41 94.82 14.98 1.74
26.79 93.73 15.69 4.87
8.99 94.01 18.59 3.28
0.23 94.5 18.7 4.66
0 94.41 22.31 4.51
0.05 94.02 24.67 4.39
0 94.42 19.14 4.56
0 94.14 22.37 4.41
10.97 94.94 17.58 2.08
0 94.99 20.25 1.57
0 94.6 23.52 2.61
0.01 94.25 24.89 3.28
0.03 94.43 22.92 2.87
0.11 94.67 23.59 2.28
16.38 94.85 19.67 3.42
4.92 94.89 19.23 1.86
0.06 94.62 21.82 2.41
29.72 94.3 20.99 4.16
89.94 94.06 20.4 4.75
36.44 94.57 17.9 2.4
8.23 94.46 19.47 2.16
2.8 94.12 20.05 2.1
94.61 94.03 16.02 2.24
13.2 94.05 18.57 1.95
2.23 93.65 20.36 2.46
39.75 93.7 20.68 1.93
4.16 94.25 20.73 2.85
0.01 94.35 23.43 2.49
35.68 93.99 25.24 3.01
25.07 94.02 23.97 2.51
30.25 94.05 22.86 2.23
16.76 94.32 21.38 3.08
4.56 94.34 21.29 3.67
0 94.5 24.48 3.06
0 94.46 24.86 2.04
33.48 94.19 23.62 2.69
44.35 94.29 19.62 3.35
100.54 94.15 20.43 2.49
65.46 94.19 20.35 1.81
0 94.35 20.65 1.82
0.26 94.31 22.3 1.63
0 94.41 25.74 2.98
0 94.59 25.11 2.99
1.58 94.81 25.28 1.83
0 94.89 26.61 1.84
0 94.81 27.4 2.87
0 94.56 27 2.64
0 94.34 27.98 1.92
0 94.08 29.1 2.68
6.06 93.76 29.31 3.47
91.22 94.07 22.23 2.06
1 94.38 24.5 2.53
0.85 94.75 22.66 2.6
5.3 94.43 19.86 2.02
5.71 94.29 19.46 2.07
3.58 94.55 21.92 1.63
0.27 94.54 23.91 2.22
17.27 94.61 24.23 2.87
161.4 94.75 21.51 2.51
775.46 94.29 20.91 2.71
33.04 94.02 23.43 1.82
6.63 93.88 26.77 2.75
0.25 94.43 25.91 2.25
452.38 94.46 20.52 2.66
3.22 94.32 22.33 1.64
2 94.11 24.06 2.55
52.88 94.09 23.56 2.15
20.41 94.46 23.36 1.71
110.93 94.71 23.84 2.03
65.63 94.86 22.14 1.74
23.74 94.95 22.82 1.95
0.26 94.95 24.65 1.55
0 94.88 26.34 1.56
0 94.82 27.27 1.93
0 94.72 27.15 2.15
278.38 94.46 25.42 2.03
145.51 94.85 23.51 2.38
0 94.94 22.28 1.41
0 94.56 24.12 2.38
0 94.32 27.39 3.47
0.6 94.34 29.19 3.26
10.13 94.44 25.4 2.21
0 94.4 24.69 1.82
0 94.68 23.81 1.88
3.14 94.59 23.21 1.52
77.2 94.44 21.66 1.93
4.93 94.31 22.77 1.39
228.62 94.27 20.34 1.87
14.07 94.71 21.22 2.08
34.48 94.82 21.78 1.68
1.13 94.96 22.74 1.8
1.17 95.04 23.18 1.6
12.07 94.55 21.3 1.73
34.71 94.38 23.23 2.16
168.96 95.13 17.87 3.92
0 95.4 17.99 2.16
3.66 95.06 18.17 1.96
2.82 95.03 18.83 2.03
0 95.21 18.1 2.25
0 94.64 17.67 2.07
18.64 93.57 16.38 4.23
22.15 93.41 15.8 2.81
6.99 94.08 19.12 1.47
22.91 94.61 18.47 1.2
86.19 94.86 17.49 1.49
46.82 94.78 17.32 1.41
24.66 94.65 19.09 1.47
1.82 94.4 19.17 1.6
13.31 94.48 18.06 1.66
40.19 94.8 16.55 1.76
27.43 94.96 16.25 1.75
55.04 95.33 15.38 2.06
13.05 95.57 15.94 1.44
2.26 95.49 17.14 1.28
37.6 95.29 18.57 1.85
0.04 95.17 19.46 1.57
2.84 95.28 18.31 1.98
1.5 95.7 15.95 2.1
22.54 95.85 13.67 2.26
0.09 95.87 13.86 2.36
0 95.72 14.23 1.5
0.66 95.49 15.07 2.15
4.19 95.13 16.66 2.22
2.8 94.83 18.19 2.03
1.2 94.56 20.43 3.71
0.05 95.26 17.09 2.05
7.88 95.04 17.09 2.19
2.77 95.79 11.65 4.5
0 96.21 8.22 2.29
0.04 95.41 9.91 2.29
0.06 95.05 15.91 2.17
8.46 94.89 19.04 3.65
2.57 94.95 15.86 2.17
0.65 94.96 14.97 3.4
104.03 95.55 7.14 2.29
12.01 95.61 5.97 2.05
0.43 96.16 8.23 1.58
54.48 95.28 10.56 2.76
0.76 95.5 6.07 4.65
0 95.74 4.7 1.69
1.1 95.34 5.77 1.87
0 95.88 5.62 51.32
0.3 95.84 7.26 1.48
0 95.44 11.48 1.41
0 95.52 12.86 1.54
0.12 95.66 15.35 2.93
4.98 95.14 14.36 4.14
0 95.65 9.58 2.13
0 95.38 12.05 1.96
0 95.27 12.22 2.34
1.22 96.19 4.15 2.72
36.1 95.55 5.07 1.8
41.96 96.23 1.96 2.63
0 95.85 2.49 1.51
0 95.21 3.8 1.61
0 94.82 8.41 3.52
0 96.02 2.84 2.17
18.08 96.04 2.76 1.42
9.38 96.23 2.06 2.92
0.17 96.31 0.37 2.51
6.42 96.03 -0.66 3.28
0 96.82 -4.97 3.08
0 96.44 -2.76 2.64
0 95.73 1.04 3.25
0 95.2 1.9 1.89
0 94.3 3.27 1.48
0 95.35 1.37 2.7
0.15 96.16 -1.4 1.94
5.83 96.39 -1.85 3.37
0 96.75 -4.03 1.9
0 96.11 -2.33 2.12
1.67 94.65 2.56 3.44
3.89 94.9 -1.7 1.86
0.34 95.43 -1.33 1.61
0 94.88 4.28 3.78
0 95.58 1.26 5.23
0 95.84 -3.35 2.09
0 95.6 -0.37 2.35
0 95.49 -0.73 2.68
0.28 95 0.06 2.58
2.56 95.49 -4.84 2.33
20.99 96.03 -7.54 1.81
43.84 96.37 -9.39 2.75
0 96.72 -11.19 3.11
0 96.4 -10.41 3
0 95.91 -7.96 2.7
0 95.57 -5.37 2.19
0 95.11 -2.42 3.51
0 95.92 -6.29 3.12
0 96.34 -4.11 1.96
0.05 96.62 -5 1.96
3.41 95.47 -0.88 3.81
0 96.22 -3.25 3.87
0 95.93 0.81 2.78
0 95.19 3.43 3.4
0 95.34 -1.11 2.82
0.3 95.94 -5.7 3.45
0 95.4 -5.82 2.97
0 95.62 -6.79 2.28
3.02 95.03 -4.14 3.67
0 95.97 -7.56 2.22
0 96.12 -8.13 1.56
0 95.49 -5.41 2.86
7.57 95.87 -3.77 2.58
0 96.47 -8.89 3.72
0 96.39 -10.07 2.33
0.01 96.38 -9.13 3.37
0 95.57 -4.26 2.6
0 95.56 -4.64 1.31
0 95.72 -4.19 1.2
0 95.77 -3.69 1.34
0.03 96.1 -3.22 1.37
0.07 96.18 -5.46 2.62
5.47 95.82 -9.67 3.69
0 96.2 -10.53 2.56
0 96.09 -10.81 1.36
0.03 95.9 -5.76 3.42
1.07 96.59 -9.67 3.94
0 96.45 -11.47 2.2
0 96.13 -9.59 4.19
0 96.35 -8.86 3.13
0 95.87 -7.87 1.7
0 95.75 -7.02 1.54
0 95.53 -2.9 3.35
0 95.71 -4.68 2.33
0 95.38 -2.51 2.72
0 96.01 -5.87 1.52
0 96.31 -7.48 1.48
0 95.83 -3.97 1.42
8.05 95.88 -3.9 1.56
10.41 95.45 -4.74 2.27
0.01 95.61 -7.93 3.37
0 95.85 -10.71 3.72
0 95.61 -10.73 2.76
0.01 95.35 -11.88 2.79
0 95.48 -10.52 4.84
0 96.44 -11.85 2.17
0.07 96.41 -13.74 1.37
0.02 96.32 -13.24 1.4
0.15 96.11 -11.24 2.05
0 96.43 -11.69 1.74
12.13 96.12 -12.78 2.65
0 96.16 -13.36 2.27
0 95.79 -12.53 4.51
0 96.48 -13.9 2.78
0 96.61 -14.05 1.86
0 96.72 -12.72 1.32
0 96.09 -7.79 1.93
0.04 95.35 -3.76 5.17
0 95.88 -6.68 3.54
0 95.37 -8.31 2.55
0.35 96.2 -11.55 4.06
0 96.49 -9.91 3.48
0 95.92 -7.93 3.28
0 96.65 -7.96 3.72
0 96.05 -4.87 2.35
0 95.49 -4.14 1.75
0.29 95.15 -1.25 2.55
0 95.52 -5.69 3.62
0.01 96.44 -6.68 2.62
0.01 96.4 -7.74 1.14
0.02 96.18 -8.6 5.69
0.01 95.72 -9.71 6.14
0 95.9 -9.36 5.05
0 96.01 -7.05 3.08
0 96 -6.76 1.68
0 96.49 -5.28 1.77
0 96.32 -3.81 2.2
0 95.14 2.65 3.47
2.08 95.52 -3.41 4.59
0 96.1 -6.83 3.34
0 95.51 -5.65 2.56
0 94.44 -3.26 5
0 96.21 -7.22 4.48
9.16 95.99 -6.18 2.89
11.14 95.37 -3.95 4.38
0 95.87 -4.69 3.67
0 95.59 -2.06 3.65
0 95.55 -0.75 3.13
0 95.76 -1.09 1.65
0 95.4 1.7 3.05
0 95.38 0.63 2.98
0.46 95.77 -4.62 3.61
0 94.96 -0.7 2.66
0 95.08 -0.37 1.71
0.03 95.29 -3.82 2.34
0.13 95.69 -5.16 3.63
0.03 95.45 -7.46 4.19
0 95.44 -5.05 4.97
0 94.96 -0.38 4.07
0 94.78 0.83 3.15
0 94.99 3.03 1.97
0 95.26 4.58 3.27
0 96.08 -0.34 4.73
0 96.1 1.09 2.86
0 96.07 1.5 2.17
0 95.78 2.94 1.64
0 95.43 3.23 1.8
1.83 95.31 3.95 1.93
0 95.84 5.26 2.11
0.08 95.96 4.57 1.97
0.52 96 1.97 3.43
0 95.81 1.86 2.3
0 95.58 2.9 2.11
0.49 95.97 1.81 1.51
3.92 95.64 1.31 1.51
1.36 95.48 2.96 2.65
0.4 95.4 1.97 2.22
0 95.59 3 2.58
0 95.36 5.67 2.62
0 95.3 9.16 3.66
0.05 96.13 4.21 2.71
0 95.92 4.38 2.03
0 95.32 5.64 1.76
0 95.33 9.26 2.14
0 95.23 12.68 3.35
0 94.91 16.8 4.13
0.33 94.65 14.52 3.73
2.49 94.75 10.88 3.74
1.34 94.82 9.74 2.71
0 95.58 8.73 3.7
0 95.55 8.9 2.07
0 94.55 13.38 3.84
0 95.13 7.93 4.11
0 95.05 6.9 2.42
0 94.37 12.83 4.62
0 93.98 15.33 3.04
0 94.42 16.63 3.42
0.15 94.78 14.21 3.22
1.41 93.68 14.49 4.78
0.27 93.85 8.03 6.15
4.25 94.23 8.06 3.16
3.76 94.61 9.42 3.35
0 95.03 10.26 2.33
0.01 94.35 13.48 5.06
0 94.61 9.91 3.04
0 94.93 9.24 3.34
0.01 95.57 8.97 3.7
0 95.6 10.7 4.82
0 94.78 15.24 4.45
0 94.24 17.33 3.34
0 93.9 20.84 4.52
0 94.8 16.58 2.41
0 95.12 17.98 2.5
0 95.06 21.65 4.37
1.38 94.98 19.3 5.97
11.26 94.94 15.07 3.48
14.3 94.63 10.07 6.08
0 94.88 10.65 6.33
0 94.74 18.39 4.05
0 94.45 20.53 2.64
0 94.17 21.11 4.57
0.29 94.21 19.27 3.3
0.03 94.35 15.3 5.36
0 94.21 13.21 4.63
2.52 94.44 12.29 4.42
0.21 95.16 13.96 4.81
0 95.12 16.68 2.41
0 94.33 20.15 1.78
0 94.14 23.86 2.27
0 94.12 28.89 3.93
1.17 94.52 26.65 3.42
0.93 94.82 23.35 2.94
5.49 95.17 15.09 3.71
203.1 95.26 9.7 2.27
0.03 95.01 16.5 2.16
0.01 94.6 19.46 2.13
0.08 95.14 15.22 3.09
0 94.67 19.01 2.5
0 94.29 21.57 3.09
0 94.58 21.93 3.97
17.4 94.86 17.51 2.87
0.49 94.34 20.23 3.08
12.59 93.9 20.14 2.96
0 94.39 17.27 3.43
116.38 94.7 11.55 1.99
0 94.8 15.98 2.47
0 94.81 19.95 2.35
0 94.93 21.81 2.25
22.53 94.63 15.89 2.64
1.2 94.37 18.79 2.78
0.26 94.26 21.87 3.74
0 94.37 20.81 3.53
0 94.73 18.89 1.96
5.15 94.88 18.27 1.88
21.67 95.18 18.52 1.8
0 95.18 20.87 2.15
0 94.74 27.1 2.45
0.11 94.47 27.77 1.78
1.92 94.31 26.62 2.69
8.5 94.21 24.35 2.44
38.35 94.23 21.16 2.8
90.64 94.13 19.53 1.82
7.12 94.18 20.12 2.54
0.35 94.37 21.26 2.29
56.26 94.73 18.88 1.57
89.69 94.63 17.46 1.68
4.74 94.35 19.48 1.49
3.72 94.32 22.1 1.54
0 94.49 24.17 1.71
25.07 94.36 25.25 2.86
15.72 94.37 26.43 3.11
0.07 94.26 27.49 3.29
6.57 94.16 27.17 2.57
17.29 94.04 27.36 2.4
34.66 94.24 24.92 2.33
0.38 94.35 25.55 2.15
16.45 94.5 24.23 1.9
53.61 94.66 22.93 1.56
48.06 94.43 24.14 2.77
660.15 93.61 22.72 2.52
21.55 93.55 24.81 2.85
44.57 93.73 24.47 2.76
0.43 93.7 24.07 1.82
0 93.95 25.6 2.28
0.51 94.04 28.36 2.56
56.53 93.83 27.79 3.26
13.43 94.26 25.56 1.98
12 94.58 26.36 1.88
0 94.71 27.13 1.85
0 94.62 28.67 2.04
0.01 94.35 28.9 3.01
33.44 94.15 26.5 2.78
50.94 94.16 22.12 2.43
42.28 94.88 21.3 2.09
18.32 94.85 21.52 1.69
2.03 94.38 23.83 1.25
1.44 94.52 23.79 1.62
0.32 94.73 23.94 1.95
25.34 94.37 22.54 2.73
1.28 94.6 23.04 2.52
0 95.1 22.97 1.71
0 94.66 23.45 1.67
56.83 94.25 23.78 2.62
0.06 94.42 25.28 1.89
0.63 94.48 26.48 2.55
30.84 94.24 25.21 2.07
720.89 93.69 23.06 2.09
12.21 94.09 24.37 1.46
93.58 94.13 24.31 2.28
39.27 93.97 22.45 1.89
2.55 94.02 23.78 2.16
20.41 93.89 22.57 1.5
36.71 93.71 20.83 1.57
10.08 93.8 23.13 1.47
10.25 94.2 23.72 2.48
39.77 94.57 22.86 2.01
0.3 94.72 23.59 1.77
22.49 94.66 22.23 1.71
27.39 94.58 21.47 1.61
260.14 94.65 19.55 2.2
75.35 94.8 20.62 1.91
49.66 94.95 21.37 1.7
17.76 94.97 21.84 1.75
7.12 94.59 22.39 1.9
0.88 94.33 25.43 1.9
30.92 94.79 22.67 2.1
266.41 94.7 19.12 1.98
0.04 94.69 20.06 3.63
0 94.76 18.2 3.5
0 95.08 19.3 2.14
13.57 94.8 17.16 2.78
5.02 95.27 15.91 2.82
0 95.38 14.32 2.07
0 95.11 16.64 2.12
0.45 95.12 16.88 1.6
2.55 94.94 19.64 1.77
11.43 94.98 19.28 1.95
5.45 94.86 19.93 2.68
2.51 94.7 21.14 2.87
0.03 94.59 20.2 3.52
0 94.51 19.11 1.74
0 94.29 21.41 2.21
0.98 94.88 18.18 2.62
10.08 94.91 17.87 2.09
65.59 94.78 16.66 1.67
0.04 95.03 16.31 2.11
0 95.43 15.11 1.81
0 95.67 15.9 1.65
2.53 95.62 17.74 2.24
6.19 95.42 18.6 2.03
0.85 94.99 18.98 2.51
0.01 94.82 17.05 2.3
0 94.26 19.21 2.25
0.21 94.73 15.36 3.01
0 95.09 15.22 1.63
0.67 94.41 19.55 3.22
19.83 94.46 17.01 3.66
0 94.62 18.22 4
0.09 94.96 17.76 2.55
13.95 94.91 16.27 2.61
24.86 95.22 12.99 2.06
0.07 95.17 9.91 2.28
0 95.06 8.82 3.41
0 94.9 9.84 2.5
0 95 13.5 2.72
0.08 95.2 14.9 3.9
0 95.96 8.97 2.49
0 96.29 7.41 1.98
0 96.03 9.64 2.54
0 95.33 14.41 3.59
0 95.1 15.43 3.23
0 95.45 13.84 1.93
15.04 95.75 12.06 1.55
98.4 96.4 8.64 3.14
23.62 96.42 5.04 2.65
1.28 96.19 4.83 2.91
1.37 95.81 4.55 2.18
0 95.68 6.14 3
0.01 96.28 4.46 1.27
24.27 96.31 6.5 1.87
0.08 96.66 5.01 1.75
0 96.46 5.4 1.74
2.78 95.78 8.33 1.55
0.05 95.59 8.7 1.39
0 95.27 11.56 2.55
0.01 96.01 6.93 1.87
6.81 96.11 3.95 1.68
0.07 96.1 4.92 1.69
0 95.87 6.86 1.91
0 95.96 7.74 1.39
0 95.33 10.33 1.56
0.03 95.17 11.09 1.85
0 96.04 6.65 4.43
0 96.57 1.7 3.6
0 96.01 5.23 2.34
0 95.11 8.15 2.86
