1.57 94.57 -17.6 1.42
0.03 95.22 -18.86 1.57
18.01 95.06 -20.17 1.52
6.37 95.34 -19.34 3.41
0 95.62 -20.54 2.43
0.01 95.82 -20.73 2.33
0.11 95.92 -18.68 1.44
18.55 95.27 -17.53 1.12
5.55 95.49 -17.26 1.46
0 95.74 -16.81 1.44
0 95.73 -17.31 3.14
0 95.16 -19.58 3.36
0 95.16 -17.04 3.76
1.45 94.99 -16.51 1.36
0 96.06 -15.94 1.52
0 95.62 -14.64 1
0 95.3 -11.15 1.47
0.01 95.2 -6.8 1.44
0 94.71 -1.16 3.3
0.15 95.98 -11.05 4.8
0 95.84 -14.52 3.54
0 95.54 -12.41 4.85
0 95.01 -8.9 4.03
0 94.45 -9.63 4.42
0 95.41 -10.18 4.3
0 98.52 -5.15 3.31
1.06 94.38 -5.19 2.99
0.02 94.96 -11.78 4.46
0 94.53 -6.35 4.97
0 94.62 -6.16 2.24
0 95.21 -9.85 1.81
0.49 95.35 -12.3 2.08
0 95.36 -15.45 2.44
0 95.29 -14.18 2.73
0 95.28 -14.76 2.23
0 95.61 -14.74 1.55
0.02 95.45 -12.67 2.02
3.14 94.51 -4.36 2.7
0 94.67 -5.92 2.17
0 95.3 -8.7 2.31
0 95.9 -11.8 3.13
0 96.31 -13.2 3.66
0 96 -12.63 1.95
0.1 95.35 -10.89 2.25
0 95.79 -11.82 2.63
0 95.95 -13.49 2.14
0 95.47 -11.52 1.7
0.02 95.08 -9.9 3.1
0 94.87 -9 2.94
0 94.35 -4.94 1.73
0 94.23 -7.95 1.72
0 94.38 -6.99 1.74
0 94.34 -4.85 2.57
0 93.34 0.02 1.97
2.6 93.75 -3.75 2.04
0 94.79 -7.04 1.99
0.41 94.96 -6.16 1.78
4.38 94.62 -7.46 1.99
1.05 95.25 -9 2.35
0.2 94.91 -9 1.92
0.66 94.68 -4.7 3.56
0 94.68 -2.52 3.06
40.93 94.35 -3.33 2.96
2.53 95.45 -10.98 3.36
0 96.12 -12.95 1.76
0.02 96.37 -13.16 1.71
3.41 96.69 -11.15 2.66
0.01 95.89 -10.3 2.6
0 94.5 -4.52 2.7
0.68 93.42 1.69 3.88
1.05 94.66 -6.05 4.34
0 95.2 -3.58 1.86
34.64 94.61 -0.89 1.99
0.79 94.66 -3.83 5.98
0.02 95.09 -5.75 2.67
0 95.49 -6.63 2.48
0 94.44 -3.22 2.61
0.52 93.13 3.67 2.48
50.5 93.84 -1.71 3.84
0 94.09 -0.45 2.91
0.21 94.14 2.77 3.75
0 94.77 1.61 2.71
0 95.36 -1.64 2.82
0.18 95.33 -4.34 3.66
0.82 94.84 -3.72 1.85
2.3 95.4 -2.84 1.75
0 95.31 2.57 1.51
0.08 95.06 5.13 1.91
5.92 94.45 8.49 3.86
2.64 94.25 6.41 5.02
0 94.68 0.68 5.49
0 94.73 -1.11 4.21
0 94.29 4.38 4.08
0 94.11 7.72 3.94
3.81 94.76 2.06 2.51
0.01 95.37 1.22 2.31
0 94.73 7 3.47
0.47 93.55 11.68 5.85
17.21 94.42 1.64 2.7
0 94.69 2.4 3.31
1.52 94.64 0.99 2.15
46.55 94.51 -0.74 3.46
0.02 95.24 -1.78 5.2
0 95.33 1.29 2.57
0.33 94.68 3.38 2.56
6.51 94.95 2.57 1.67
0 94.87 4.68 2.72
29.66 94.22 9.67 2.69
22.19 94.74 8.09 2.09
0.31 95.09 7.97 2.08
0.18 95.35 8.93 2.05
1.01 95.1 8.41 2.33
0.78 94.97 7.61 1.93
0 94.53 11.95 2.78
4.34 94.26 12.49 4.07
20.84 94.18 3.82 3.37
15.67 93.81 1.69 3.49
0.15 93.96 4.07 6.04
2.17 94.1 6.32 5.23
6.27 94.3 11.37 2.62
0 93.76 16.95 1.92
0 93.52 17.77 4.37
0.24 94.04 15.62 2.03
3.17 93.55 66.89 2.58
227.34 93.23 9.04 3.15
8 93.7 12.64 4.05
38.2 93.68 11.13 1.72
5.72 93.91 14.12 2.64
41.41 93.71 10.62 3.69
10.41 93.64 8.85 2.45
3.04 94.67 9.58 2.43
0 94.89 13.16 1.66
0 94.83 15.91 1.67
6.55 94.41 16.68 3.04
6.44 94.32 19.8 2.4
0.96 94.49 19.21 2.4
15.39 94.01 17.65 2.61
187.36 93.19 12 2.88
0.57 92.89 17.63 5
0 93.72 21.4 2.7
0 93.87 24.05 2.85
0.67 93.9 21.93 2.04
0.41 93.58 21.37 2.58
8.5 93.86 16.94 4.13
0.53 94.42 20.53 3.13
0.28 94.79 21.3 2.24
9.48 94.69 18.54 1.94
89.14 94.06 15.37 2.37
62.23 93.73 16.24 1.9
59.52 94.22 14.99 1.89
17.11 94.79 16.2 1.21
3.66 94.68 18.08 1.55
0.66 94.8 19.19 1.49
0 94.84 21.39 1.62
0.02 94.63 22.4 1.9
0 94.34 23.55 1.97
0 94.34 23.38 2.33
0 94.41 24.32 3.13
0 94.54 24.45 3.22
0 94.65 24.52 2.39
1.75 94.53 21.36 2.14
0.03 94.23 21.44 3.1
0.74 93.92 23.43 1.84
25.1 93.65 23.45 2.98
44.06 93.57 21.81 2.81
0.75 93.5 23.25 2.49
16.84 93.6 23.32 1.65
72.01 93.62 21.11 2.02
22.41 93.73 20.7 1.91
1.02 93.85 22.63 1.54
0.07 94.23 22.41 2.59
0.03 93.81 22.76 2
5.96 94.14 20.07 1.99
0 94.22 23.1 1.54
0 94.08 25.48 1.77
0 94.07 26.51 2.43
0 94.01 26.01 1.86
11.96 93.84 22.14 1.7
21.67 93.76 22.45 1.45
0.15 93.81 23.88 1.54
0.24 93.58 25.69 1.44
66.14 93.53 22.33 2.35
1.57 93.56 24.98 1.35
0.09 93.56 27.6 1.71
2.88 93.55 26.73 2.54
0 93.56 26.13 3.24
0.03 93.68 24.88 2.66
11.24 93.95 20.7 2.01
2.16 94.15 22.17 2.08
2.56 94.09 21.68 2.33
84.59 93.87 20.91 1.8
94.78 93.88 20.36 1.52
212.8 94.16 20.06 1.3
4.13 94.41 22.25 1.15
0 94.32 23.96 2.13
68.73 93.85 22.49 2.4
16.52 93.64 24.59 2.97
2.2 93.89 25.69 2.15
2.79 93.87 26.83 2.55
23.27 93.92 25.72 2.42
99.46 93.88 24.02 1.85
0.89 94.13 24.68 1.55
1.77 94.23 25.98 1.61
7.33 94.25 27 1.48
20.07 94.37 27.43 1.47
0.54 94.22 27.97 1.92
8.7 94.15 27.31 2.16
27.64 93.79 26.2 2.17
215.35 93.39 25.55 2.46
9.06 93.42 22.1 1.37
34.41 93.38 25.73 1.25
140.84 93.71 22.21 1.94
0 94.32 21.23 2.21
0.04 94.19 22.61 1.67
14.13 93.44 24.6 2.78
44.53 93.68 23.56 2.04
66.48 94.12 21.64 3.39
0 94.82 20.27 1.65
34.29 94.44 19.71 1.47
101.28 93.71 22.06 2.39
22.63 93.83 22.22 2.42
0 94.04 21.43 1.81
0 93.75 24.2 2.33
29.62 93.5 24.51 1.82
3.44 93.38 25.74 2.21
15.82 93.29 23.48 3.45
0 93.81 21.56 2.9
0 94.14 22.22 1.54
18.4 94.13 22.15 2.27
11.84 94.28 22.69 2.28
94.65 94.46 22.25 2.15
0.77 94.78 22.35 1.91
126.42 94.69 18.82 1.54
51.02 94.64 19.31 1.58
2.81 94.63 19.78 1.44
0 94.54 22.13 1.85
0.19 94.8 21.35 1.63
5.57 95.02 21.09 1.52
0 94.74 20.45 1.68
1.03 94.51 20.09 1.46
24.8 94.12 20.37 1.66
4.3 94.23 20.27 1.41
0.8 94.28 21.3 1.87
9.5 94.79 19.87 1.6
5.15 94.93 20.48 1.38
0.05 94.79 19.55 1.18
0 94.49 19.87 1.67
0 94.28 22.51 1.73
0.49 94.54 23.13 1.94
0 95.06 17.87 1.65
0 94.86 17.56 1.34
3.66 94.41 18.46 1.29
10 94.1 18.45 1.75
0.17 94.34 19.16 1.47
0 94.48 20.4 1.1
3.62 94.53 21.97 1.43
0 94.62 22.22 1.58
6.75 94.4 20.62 2.12
100.14 94.81 14.34 2.18
272.76 94.9 9.08 1.74
124.09 94.74 12.91 1.39
0 94.47 16.41 1.52
48.99 94.75 14.37 2.17
174.61 95.35 9.28 2.64
0 95.2 9.9 2.51
0 95 12.17 1.48
1.19 94.73 14.45 1.39
13.69 94.46 14.95 2.54
0.21 94.66 11.89 2.68
0 94.67 9.68 4.91
0 95.48 8.47 2.56
0 95.05 9.72 1.35
0.05 94.74 15.16 2.21
2.62 95.11 12.09 1.43
255.24 94.87 7.11 2.27
69.88 94.81 7.83 2.59
0 94.89 9.38 1.63
0 94.48 13.37 1.7
0 94.36 16.8 2.51
0 94.49 17.88 2.84
0 94.45 17.56 2.17
0 94.02 17.05 3.1
79.38 94.65 9.64 2.15
151.59 95.06 4.83 2.1
0 95.12 7.98 1.97
0 94.71 9.45 1.96
0 94.9 7.61 3.18
0 94.4 7.08 3.22
0 95.22 1.68 3.02
0 95.75 0.29 1
16.72 95.69 -0.36 1.25
45.2 95.75 0.58 1.06
0 95.6 1.8 1.2
0 95.07 3.7 1.27
0 94.77 8.07 1.42
6.91 95 7.88 2.5
4.62 95.53 2.95 3.54
0 95.87 -0.81 3.83
0 96.5 -1.91 2.26
0 95.67 0.53 2.01
0 95.56 4.37 2.34
0 95.55 5.81 1.8
0 95.62 5.81 1.83
0 95.46 5.95 2.43
0 95.99 1.42 3.29
0 95.48 1.48 2.12
0 95.09 4.82 1.79
0 95.17 4.61 1.44
0 94.85 6.92 2.1
0 94.58 6.83 1.6
5.44 94.78 2.76 2.71
0.42 95.25 -0.28 3.64
0 94.89 -1.62 1.36
0 94.45 -0.39 1.31
19.85 93.98 0.22 3.86
4.88 94.35 -1.34 2.04
0.77 95.37 -2.44 4.02
0 96.33 -5.73 2.75
0.08 95.64 -3.56 2.76
0 95.02 -0.29 1.72
0 94.91 0.56 1.93
0 94.59 4.59 3.53
0 94.13 2.87 2.43
0 93.91 5.39 2.22
0.51 94.1 1.32 4.68
0 94.84 -3.53 2.3
0 94.65 -3.12 1.8
0.02 94.92 -3.06 4.65
0 95.2 -7.36 2.77
1.49 94.34 -7.31 2.34
0 94.72 -8.34 6.09
0.33 94.87 -8.49 1.72
0.16 94.76 -7.68 1.19
0 94.38 -3.63 2.24
0.04 94 -3.98 1.92
0.1 94.61 -8.88 3.76
0 94.63 -6.69 2.04
0 93.65 1.86 2.47
0 95.09 -4.26 3.54
0 95.59 -6.75 3.52
0 94.31 -6.14 2.61
0 94.29 -7.83 1.67
0 93.75 -6.28 1.7
2.24 93.69 -9.66 4.24
0 94.63 -13.43 1.89
2.21 95.01 -14.99 2.08
0.05 95.72 -16.65 2.66
0 95.61 -17.23 4
0 95.31 -16.21 4.3
0 94 -9.51 3.89
0 93.88 -7.19 1.95
0 93.93 -4.58 2.33
0 94.19 -3.44 2.96
0 94.45 -1.78 2.07
0 94.21 -8.02 1.35
0.52 94.78 -11.59 2.92
0 96.01 -18.03 3.54
0 95.97 -16.69 3.58
0 95.09 -15.9 3.32
0 94.01 -12.51 3.28
0 93.69 -10.2 2.36
0 94.33 -12.75 3.42
3.24 94.56 -13.43 2.12
0.06 94.77 -13.53 4.68
0.17 95.32 -12.41 5.09
0 95.64 -12.29 3.37
0 95.78 -12.89 2.97
0 95.38 -13.44 1.16
0.02 95 -13.36 1.94
0.05 95.19 -12.15 4.86
0 95.78 -11.35 3.93
0.03 95.08 -8.95 2.1
0.45 94.97 -10.67 3.51
0 95.5 -14.32 4.24
0 94.75 -11.74 3.25
0 94.32 -13.18 4.01
0 94.44 -13.55 2.16
0.02 94.46 -12.08 3.03
0.06 95.47 -16.05 3.25
0 95.89 -18.16 3.58
0 95.7 -15.79 2.68
0 95.53 -15.13 2.76
0 95.24 -15.19 3.26
0 95.21 -15.18 3.6
0 95.12 -13.38 2.54
0 94.94 -13.47 1.9
0 94.94 -14.41 3.6
0.1 95.22 -15.14 3.51
0.02 95.36 -14.95 1.97
0.05 95.53 -15.62 2.53
0 95.95 -16.14 1.76
0 96.23 -14.69 2.95
0.05 95.79 -15.21 3.26
0 95.51 -15.5 3.65
0 95.29 -11.44 3.83
0 94.92 -4.36 3.47
0 94.61 -5.46 2.1
0 94.55 -8.63 1.6
0 94.38 -6.5 2.37
0 94.65 -6.52 2.24
0.06 93.78 -4.28 4.37
0.02 94.41 -4.06 2.86
0 94.1 -7.35 2.01
0.97 94.26 -8.12 3.27
0.08 95.02 -11.05 1.78
1.04 95.01 -10.55 1.07
1.74 95.31 -14 3.88
0 95.4 -13.24 2.27
0.17 95.32 -12.47 2.23
0.1 95.24 -12.4 1.71
0 94.53 -4.18 2.81
3.4 94.56 -5.71 1.55
3.84 94.99 -5.81 2.68
0 94.94 -4.71 2.11
0 94.82 -0.59 2.35
0 95.11 -1.62 1.57
0 94.72 0.82 1.95
0 94.21 2.03 3.75
3.16 94.08 0.18 2.07
0.27 94.81 -4.94 2.97
0 95.39 -5.13 1.71
11.9 94.82 -3.19 4.13
0.58 95.62 -9.49 3.18
0.07 95.14 -8.56 3.43
0 94.81 -7.48 3.39
0 94.79 -7.32 2.67
0 94.92 -4.94 3.17
0 94.56 -1.44 2.06
0.17 94.09 0.77 2.49
0 94.92 -2.11 3.84
0 94.64 -2.06 4.44
0 94.69 -4.22 4.98
0 95.01 -2.33 4.04
0 94.76 -0.69 3.7
0 94.1 2.22 3.12
0 93.43 6.33 2.06
0.05 94.22 1.2 4.66
0 95.32 -2.95 4.17
0 94.99 -5.45 4.68
0 94.75 -3.62 3.16
0 94.11 2.94 3.44
0 93.82 4.03 5.24
0 94.23 0.99 3.66
0 94.43 -1.04 2.14
1.95 95.01 -4.17 4.23
0 95.1 -3.16 3.35
0 94.84 -2.62 2.7
0 94.99 -2.74 4.56
0 97.46 -0.73 2.74
0 97.43 0.76 3.09
0 97.28 2.56 3.06
0 97.52 2.54 1.86
0 97.23 6.85 3.32
0 96.88 7.65 1.93
0 96.51 8.9 4.18
0 97.78 1.83 3.93
0 97.69 1.96 2.28
0 97.25 5.77 2.49
0 97.14 7.29 1.41
0 94.62 9.73 2.91
0.1 93.88 10.48 5.27
3.33 94.31 7.28 4.61
0 94.25 8.03 4.02
0 94.16 7.73 3.73
0.89 94.81 4.98 3.26
0 94.48 8.99 3.39
0 93.89 14.22 3.34
0 94 13.45 1.73
0.03 93.28 15.8 3.43
0 94.13 9.98 4.84
0 93.78 12.22 4.13
1.51 93.89 7.53 6.92
0.48 94.52 6.87 4.55
0 94.28 9.65 2.11
0 93.79 13.01 4.11
41.44 94.5 7.57 2.24
3.29 94.38 6.4 1.98
11.31 94.11 5.35 3.08
5.27 93.68 6.18 3.94
0.06 93.26 8.57 1.83
7.02 93.31 9.14 2.96
2.97 93.96 7.41 2.67
0 93.46 9.65 1.66
34.65 92.84 8.25 1.59
3.36 92.8 9.48 2.56
1.21 93.73 12.86 3.57
0.52 93.99 10.26 3.95
0 94.3 12.44 2.84
2.74 93.82 12.32 2.99
104.23 93.02 9.21 3.08
0.26 93.1 10.64 3.72
0.01 93.63 13.14 3.14
1.41 93.56 14.98 3.9
12.41 93.43 16.56 3.25
0 93.69 17.78 2.29
0.35 93.36 15.57 5.51
1.11 93.3 12.33 6.26
0 93.5 14.81 6.53
0 93.62 15.54 4.56
0 94.17 12.7 3.46
0 94.1 13.97 2.25
0.02 93 17.41 2.44
13.65 92.83 18.14 3.84
9.34 93.96 13.09 3.11
2 94.06 11.49 3.54
1.13 93.93 12.34 4.47
0 93.8 17.01 3.07
0 93.93 17.88 2.65
0 94.05 20.14 2.79
5.72 93.92 20.18 4.16
9.94 93.85 18.63 4.95
0.02 93.71 20.12 3.06
0.78 93.51 23.64 5.43
14.2 93.65 21.7 2.49
46.53 93.26 18.1 3.14
9.1 93.2 17.08 3.21
0.04 93.6 19.34 3.06
4.82 93.31 20.28 4.92
2.91 93.46 18.42 4.12
0.44 93.72 19.28 2.05
1.98 93.57 22.81 1.92
8.2 92.95 24.33 3.04
24.06 92.71 21.63 2.65
14.49 92.95 21.69 2.54
0 93.36 22.06 2.8
33.82 93.31 20.39 2.04
171.02 93.48 15.99 2.4
6.71 93.66 19.56 1.94
6.6 93.67 21.12 1.52
59.86 93.46 19.97 2.05
52.19 93.44 18.39 2.06
118.43 93.65 17.4 1.68
0.5 93.81 20.57 1.73
0 93.72 24.06 1.28
0 93.55 26.29 1.99
0.1 93.27 27.75 2.92
0 93.23 27.14 2.67
26.14 93 21.88 2.27
81.52 93.3 15.96 2.38
1.3 93.97 18.96 2.36
0 94.31 20.56 1.58
3.88 93.77 21.83 2.82
5.91 93.05 22.82 2.44
10.52 93.17 24.8 2.54
0.02 93.29 25.47 3.51
31.85 93.23 23.69 2.5
60.66 93.34 21.97 1.61
0.33 93.27 23.12 2.62
0 93.4 23.74 2.56
0 93.5 25.19 2.39
46.18 92.97 22.99 2.7
0.79 92.69 24.6 3.38
72.72 92.79 17.62 1.8
34.84 92.85 18 2.72
14.82 93.51 21.07 1.89
24.38 93.67 22.61 2.11
13.36 93.72 23.84 2.11
5.66 93.74 23.74 2.26
7.66 93.58 23.92 1.5
42.47 93.7 22.06 1.82
12.62 93.66 22.27 1.62
42.98 93.54 21.66 1.74
24.8 93.6 20.86 1.42
86.32 93.66 21.47 1.3
269.02 93.54 20.29 1.77
76.48 93.41 21.03 1.65
67.26 93.32 21.99 1.94
11.03 93.31 23.14 1.87
0.11 93.39 25.27 1.49
110.95 93.36 25.29 2.69
459.15 93.18 21.96 2.16
102.68 93.12 22.03 2.3
9.55 93.3 22.49 1.96
0.4 93.54 24.2 1.59
69.93 93.73 21.24 1.56
62.41 93.36 21.17 1.67
0.16 93.43 23.26 1.76
0.23 93.57 23.89 2.15
0.51 93.91 22.95 1.88
0.04 93.5 23.51 2.05
0 93.49 23.77 1.9
0.06 93.7 24.01 1.56
18.81 93.66 23.44 1.5
6.23 93.68 23.63 1.7
6.73 93.38 23.75 1.6
6.38 93.49 25.2 2.16
0 93.88 24.44 1.48
0 93.71 25.4 1.31
0 93.41 25.97 1.68
23.85 93.19 25.17 1.78
103.45 93.57 20.39 1.7
187.48 93.61 18.65 1.58
10.98 93.63 20.99 1.52
8.72 93.78 20.58 1.31
0.07 94.04 21.13 1.68
0.11 94.17 21.84 1.26
0 94.16 23.03 1.34
0.8 94.06 22.75 1.58
10.18 94.28 20.96 1.74
0 94.25 20.33 1.36
33.64 94.21 20.07 1.39
5.16 94.43 19.92 1.62
0.67 94.51 21.24 1.5
9.29 94.3 19.92 1.92
5.03 94 20.73 1.45
0.61 93.9 21.93 1.4
0 93.84 23.14 1.41
18.68 93.62 21.72 3.06
1.05 94.12 18.65 1.74
0 93.94 19.61 1.78
5.55 94.45 17.31 2.1
0.41 94.38 18.32 1.46
0 94.44 17.81 1.35
0 93.95 19.17 1.36
10.98 93.63 17.45 3.08
2.58 94.25 12.86 1.94
0.14 94.79 12.63 2.13
3.14 95 13.65 2
4.12 94.48 16.65 1.96
0.51 94.21 17.06 2.12
0.05 93.79 19.95 3.05
23.1 93.91 16.74 2
19.15 94.17 13.51 1.54
37.99 94.51 11.88 2.43
0 94.89 8.68 2.22
0 95.31 9.23 2.25
0 95.12 10.21 1.39
0 94.78 11.76 1.68
0 94.4 13.14 1.58
0 94.5 14.07 2.17
0 94.35 14.42 1.76
0 94.08 17.15 2.94
0.03 94.4 16.88 1.66
0.24 94.5 18.03 2.77
0.17 94.31 18.52 2.21
13.58 94.19 14.58 2.04
0.13 94.68 7.64 3.11
0 95.15 6.27 2.53
0 95.21 6.76 2.82
0 95.66 7.55 3.06
0 95.29 8.98 1.67
0 94.61 10.85 2.26
0 94.08 11.88 3.56
0 94.66 9.46 2
0 94.62 10.13 1.27
0 94.35 13.45 1.98
0.08 94.84 12.74 2.79
0 95.32 8.95 1.35
0 95.04 11.88 1.84
0 94.45 13.81 1.43
64.33 93.89 10.2 1.58
2.97 93.83 8.59 2.26
2.1 93.47 7.75 2.78
1.42 93.97 7.93 4.43
0 94.93 4.75 2.11
0 94.98 8.1 1.39
0 94.75 10.3 1.94
0.02 94.57 14.07 3.15
0 94.56 13.51 1.95
1.06 94.49 10.76 1.73
38.5 95.06 3.99 3.64
0.01 95.37 1.8 3.25
0 95.34 3.95 1.91
0 94.91 5.51 1.5
3.75 94.77 6.5 2.33
0 95.05 6.04 1.46
0 94.69 6.32 1.53
0 94.48 8.6 2.83
0 94.66 9.87 3.52
2.96 94.91 10.46 2.83
0.04 95.5 3.8 1.51
2.43 95.16 6.95 1.49
3.09 94.96 8.93 3.15
0.14 95.67 2.21 2.45
0.09 95.5 0.75 1.02
0 95.43 3 1.75
0 95.41 2.82 1.52
0 95.19 1.66 1.19
0 94.55 1.92 1.11
0 93.94 3.53 2.06
0 94.24 4.42 3.66
0.04 95.03 -2.96 2.61
0 95.1 -5.13 1.66
0 95.14 -4.4 1.49
0 95.38 -2.33 1.62
24.38 94.72 -0.58 0.95
3.58 94.58 -1.56 2.73
1.13 94.75 -5.94 3.57
0 95.19 -7.22 2.69
0 95.19 -5.03 2.02
15.39 94.86 -6.34 2.52
0.37 95.44 -8.53 2.86
0 95.13 -9.33 0.97
0.16 95.09 -7.6 1.35
0.66 94.47 -0.94 1.9
0 94.55 -2.01 1.33
0 95.41 -4.86 2.29
0 95.93 -9.17 1.42
0 96.2 -8.89 1.86
0.21 95.44 -8.16 0.95
0.06 94.76 -5.66 1.12
0 94.96 -7.37 1.48
0 95.29 -9.14 0.99
0.79 95.49 -9.41 0.81
0.94 95.48 -6.93 0.79
0.85 95.78 -8.8 2.82
0.05 96.07 -12.47 3.76
0 95.67 -11.8 3.41
0.02 94.83 -7.18 4.75
0 94.91 -4.44 3.13
0 95.33 -7.56 1.66
0.02 94.62 -5.09 2.95
0 95.38 -10.38 4.35
0 95.57 -13.96 3.39
0 95.68 -12.97 3.77
0 95.44 -11.14 2.32
0 95.5 -11.05 2.3
0 95.4 -11.9 1.2
0 95.05 -10.9 2.36
0 95.03 -10.47 4.19
0 95.23 -12.16 2.83
0 94.78 -10.53 3.2
0 94.95 -13.52 1.92
0 95.45 -12.92 1.66
0 95.68 -11.83 1.97
0 95.22 -8.09 1.99
0 95.64 -11.57 1.6
0 95.92 -15.11 1.12
0.11 95.37 -12.69 0.9
0.02 95.21 -10.2 2.02
0.14 95.58 -11.94 2.01
0.45 95 -12.34 2.59
0.19 95.19 -13.25 4.11
0 95.38 -12.45 2.91
0 95.19 -12.06 2.01
0 95.98 -15.28 1.33
0.15 95.86 -15.45 1.01
0 95.46 -13.15 1.49
0 95.42 -13.74 1.05
0.18 95.5 -13.31 3.18
0 95.52 -12.99 3.17
0 94.7 -8.04 3.16
0 94.95 -9.59 2.42
0 94.88 -9.66 2.3
0 94.59 -10.89 1.12
0.11 94.45 -9.97 1.24
0.16 94.65 -12.83 0.99
0 94.79 -11.5 1.27
0 95.26 -12.12 1.19
0.03 95.94 -15.21 3.2
0 95.78 -18.74 3.13
0 95.41 -18.46 2.93
0 94.89 -17.65 2.35
0 94.75 -17.1 2.82
0 94.35 -14.77 3.05
0 94.48 -14.31 1.95
0 95 -15.84 1.56
0 95.22 -15.57 2.08
0 95.61 -16.37 2.15
0.05 95.22 -18.04 1.5
0.21 94.79 -17.33 3.81
0 95.57 -18.36 4.39
0 95.53 -16.38 3.33
0 94.58 -13.87 3.35
0 94.64 -10.82 2.65
0.12 94.09 -7.98 2.39
0.06 94.77 -14.14 5.16
0 94.95 -16.69 4.78
0 94.51 -13.59 5.13
0 94.68 -11.45 3.5
0 95.02 -11.86 3.1
0 95.07 -11.64 1.82
0 94.73 -9.33 2.42
0.05 94.5 -5.14 2.13
0.31 95.09 -10.03 3.4
0 95.02 -11.28 3.07
0.1 95.1 -12.52 3.36
0 95.23 -13.6 4.68
0 95.12 -10.81 3.62
0 94.51 -6.24 2.97
0 94.65 -9.02 2.06
0 94.41 -10.33 1.23
13.95 94.07 -8.53 2.34
0 94.97 -7.84 2.44
5.46 94.86 -6.65 2.41
0.02 95.29 -9.18 3.35
0 95.22 -8.65 2.57
0 94.67 -6.63 1.66
0 94.28 -2.6 2.3
0 94.49 -0.94 2.04
10.18 95.07 -4.79 1.47
0.55 95.24 -8.11 1.66
0.98 95.17 -6.7 1.58
0.21 94.55 -2.69 1.74
27.91 93.88 -4.37 1.64
25.98 93.94 -4.67 2.45
0.08 94.57 -5.39 3.68
0 95.28 -9.14 3.64
0 94.95 -9.41 1.82
0.45 94.9 -9.1 4.57
0 95.33 -8.64 4.01
0 95 -6.72 1.85
0 94.36 -2.53 3.26
0 94.89 -1.59 2.24
0 94.46 2.41 3.08
3.2 93.59 5.35 4.17
13.47 94.34 -3.91 3.39
10.12 95.15 -8.73 2.44
0 94.89 -2.86 2.39
0 94.83 -0.77 2.01
0 94.2 3.83 3.7
0 94.77 1.93 1.8
5.82 93.92 1.03 4.38
0 94.35 -0.97 5.76
0 94.78 -0.03 3.4
0 94.46 4.93 2.8
0 94.7 7.88 3.37
0 94.8 8.98 3.34
0.54 93.83 9.01 7.8
1.04 94.48 0.33 4.77
0.59 94.49 -1.25 4.64
0 94.46 -0.78 1.95
2.38 94.39 0.91 2.96
0 94 3.7 4.25
0 93.85 3.9 5.3
0 94.1 3.04 4.82
0.63 94.44 3.61 2.46
0 93.95 9.64 3.85
0 94.1 9.73 5.23
0 93.94 12.64 3.1
4.37 93.75 12.63 5.63
2.91 94.09 7.33 4.76
0 93.54 11.56 3.69
0 93.37 14 3.63
0 93.39 14.36 3.1
2.29 94.05 8.33 3.62
0 94.27 8.65 2.61
0 93.34 15.85 4.01
0 93.39 18.56 4.13
2.28 93.76 15.33 4.39
15.73 94.31 13.33 3.19
1.42 93.75 12.76 2.18
0.17 93.13 14.35 1.7
1.14 93.06 17.69 3.75
173.64 93.61 12.02 2.73
48.17 93.57 8.86 4.34
0 92.91 10.7 3.55
0.54 92.64 10.41 7.74
0 93.86 8.88 3.45
0 93.84 12.4 2.68
0.42 93.58 17.55 3.58
0.88 94.19 16.05 2.54
36.3 93.7 16.72 2.17
0 93.75 20.36 2.4
0.58 93.94 19.28 2.61
0 93.99 17.42 3.23
0 93.62 17.21 2.52
1.91 93.59 16.84 1.89
0 93.83 18.21 2.1
0.11 94.05 19.74 2.48
5.9 94.31 19.14 2.58
98.94 94.27 13.8 1.75
17.17 93.77 13.41 3.09
17.79 93.53 10.81 2.86
2.51 93.49 11.28 4.41
0.03 93.26 11.48 3.31
4.18 93.04 12.3 5.06
0.03 93.46 15.96 1.51
0 93.34 22.3 3.6
4.96 93.97 19.17 3.13
6.11 94.27 18.28 2.07
0.27 94.08 20.4 3.86
2.74 93.85 19.24 4.09
2.09 93.98 16.64 3.33
0 94 16.22 3.2
0 93.77 17.71 2.57
0 93.44 19.36 2.52
0 93.87 20.07 2.2
0 93.99 22.82 2.38
17.03 94.04 19.08 2.81
40.21 94.45 14.38 2.76
0.42 94.51 16.46 1.72
23.52 94.03 16.67 3.09
16.72 93.82 15.88 3
54.13 93.58 15.53 2.26
39.5 93.31 18.13 3.45
0.88 93.52 20.26 2.12
4.62 93.07 20.15 2.58
11.99 92.95 21.71 2.22
25.97 92.94 21.72 2.14
35.15 92.82 20.52 3.33
8.64 92.95 16.91 3.32
4.05 92.64 15.77 3.25
19.13 92.76 15.72 2.34
179.82 93.38 13.25 1.86
322.99 93.64 13.8 2.24
187.9 93.63 15.42 2.79
11.05 93.47 19 1.64
11.15 93.37 21.55 1.68
5.13 93.55 21.45 1.7
11.53 93.3 21.62 1.61
21.91 93.33 21.91 1.73
3.72 93.49 22.08 1.37
51.13 93.45 21.09 1.65
0.64 93.19 22.2 2.04
62.61 93.2 21.89 2.47
32.92 93.56 20.76 2.42
46.13 93.95 22.14 2.08
3.18 94.12 22.6 1.62
4.14 93.82 20.49 2.06
41.23 93.43 21.26 2.36
0 93.3 23.52 2.21
1.69 92.93 23.97 3.94
3.35 92.96 22.14 3.65
0.92 92.95 22.07 2.77
0.06 93.29 22.93 1.65
2.09 93.42 22.83 1.72
1.44 93.32 23.52 1.58
68.92 93.28 23.67 1.88
40.17 93.27 24.84 2.04
19.52 93.31 25.22 1.87
141.05 92.94 21.5 1.84
62.32 92.75 19.03 2.48
92 93.15 18.74 2.81
13.94 93.65 20.73 2.34
0 93.64 21.07 1.59
0 93.66 22.51 1.43
0 93.88 24.49 1.29
0 93.96 24.97 1.94
0.08 93.78 24.74 2.13
4.98 93.67 24.72 1.47
12.87 93.6 24.46 1.63
87.9 93.52 22.86 1.32
385.75 93.16 21.55 3.43
0 93.6 22.99 1.53
0 93.79 23.9 1.71
9.14 93.7 23.96 2.06
47.78 93.33 25.2 3.64
2.09 93.74 23.66 1.61
137.34 93.23 22.55 2.38
16.72 92.99 22.97 3.89
0.38 93.62 21.75 1.48
55.78 93.92 19.73 1.53
111.22 94.07 18.94 1.73
80.04 94 19.92 1.43
14.91 94.02 21.92 1.63
71.34 94.08 22.12 1.65
0 94.26 23.32 1.29
0 94.08 24.12 1.35
0 93.67 25.67 1.91
8.13 93.62 24.66 1.96
2.69 93.9 23.3 1.38
0 93.74 23.57 1.69
51.55 93.84 19.61 2.16
32.96 93.86 17.93 2.03
1.32 93.98 19.67 1.56
5.8 93.63 18.79 1.83
6 93.73 20.97 1.81
0 94.04 21.79 1.82
0.1 93.59 23.17 2.84
62.66 93.69 22.38 2.37
1.74 93.76 20.52 1.59
7.62 93.77 19.49 2.52
4.56 94.34 15.92 1.96
0.06 94.45 16.13 1.97
0 94.17 20.41 2.46
0 94.12 22.16 2.06
1.41 93.99 22.29 2.27
4.27 94.06 21.6 1.33
9.47 93.93 21.33 1.72
3.23 93.55 22.46 1.84
0.88 93.68 23.16 2.67
0 93.88 24.63 2.03
0 94 24.89 2.34
1.41 94.05 24.23 2.03
252.96 94.03 15.44 3.15
18.72 94.36 13.31 2.71
0.36 94.38 12.4 1.99
2.19 94.45 15.8 2.01
0 94.38 19.34 2.11
18.15 94.5 18.2 1.56
0.84 94.43 17.41 1.26
0 94.37 18.78 1.15
0 94.28 20.45 1.51
25.69 93.96 18.86 2.23
79.2 94.02 12.67 3.81
0.76 94.12 11.44 2.56
0 94.5 13.78 1.62
0.06 94.97 13.9 1.17
0 95.07 13.66 1.32
0 94.46 14.36 2.29
0 93.97 15.7 2.57
0.15 93.93 15.49 1.65
0 94.13 17.14 1.67
3.91 94.04 17.95 2.12
1.55 94.08 17.33 1.35
2.82 94.42 15.67 1.34
0.55 94.69 15.49 1.59
36.34 94.54 14.27 1.81
1.55 94.83 14.15 1.46
49.19 94.46 10.47 1.69
47.44 94.49 9.79 6.44
0.87 94.65 11.05 3.32
0 94.62 11.18 1.66
0 94.45 12.45 1.54
1.87 94.25 13.59 2.1
1.4 94.1 12.56 3.34
0 94.24 12.87 2.29
0 94.79 10.52 1.86
0 95.16 11.59 1.17
0 95.02 13.28 1.4
0 94.49 15.74 2.46
17.34 94.12 12.18 3.32
0 94.61 8.15 2.3
0.05 94.21 9.69 2.09
0 94.05 11.89 2.16
0.15 94.43 7.7 4.24
0 94.84 6.39 2.56
0.03 94.93 6.58 1.91
32.81 94.31 8.1 3.73
0 94.32 3.97 3.86
0 94.45 4.95 2.57
0 94.25 7.47 2.18
0 94.71 6.12 1.67
71.63 94.96 1.57 1.04
74.38 94.4 2.34 1.69
0 94.08 6.01 1.94
0 93.84 8.68 3.16
0 94.46 8.15 1.91
0 94.47 10.28 2.14
4.06 94.4 9.83 3.36
0 95.28 2.79 1.48
1.71 95.18 -0.13 2.2
0.07 94.76 -0.51 2.95
0.03 94.59 -0.67 2.22
0 94.56 1.88 1.49
0 94.77 0.08 1.96
9.92 94.82 0.08 1.57
187.42 94.54 -1.08 57.14
52.03 94.75 -0.91 3.03
0 94.72 -3.96 1.01
0 94.39 -1.35 2.02
0 94.62 -1.33 1.41
0 95.05 -3.09 1.1
54.63 94.75 -2.68 0.98
93.48 93.54 -2.9 5.21
0.2 93.96 -4.86 3.56
0 94.02 -6.54 4.5
0 94.8 -5.33 2.81
0 95.06 -6.77 1.09
22.32 94.55 -3.23 1.51
0 94.45 -5.95 54.59
0.01 94.14 -5.94 2.94
0.02 94.72 -3.67 3.15
0 94.77 -5.88 1.46
0 94.45 -3.75 1.91
6.67 94.94 -6.02 2.37
0 94.82 -7.07 2.79
0 94.27 -5.64 2.21
0 94.25 -4.13 3.86
0 94.31 -8.43 2.83
0 93.36 -5.17 3.75
0.05 94.17 -7.64 4.43
0.05 94.7 -10.36 2.42
0 95.4 -14 2.28
0.45 95 -14.89 1.44
0.22 93.94 -5.88 2.99
1.24 94.18 -8.79 4.19
0 94.43 -11.99 1.94
0 94.46 -13.95 3.26
0 94.38 -15.61 3.03
0 94.56 -16.96 2.56
0.03 94.59 -17.78 4.56
0 94.75 -12.4 3.89
0.11 95.31 -14.47 1.37
0.04 95.46 -14.37 1.02
0.1 94.87 -12.27 1.51
0.02 94.93 -9.91 1.27
15.42 95.01 -11.42 1.01
1.87 94.81 -9.68 1.29
0.66 95.17 -12.75 1.29
0 95.54 -13.75 3.81
0 95.6 -15.55 2.3
0.02 95.05 -15.4 1.02
0.31 95.16 -13.03 55.69
5.96 95.2 -11.54 3.39
0.02 95.63 -16.81 2.96
0 95.4 -20.36 2.83
0 94.56 -18.99 4.22
0 95.69 -19.24 2.48
0 95.43 -19.42 1.14
0 94.87 -14.37 1.21
5.86 94.87 -15.22 1.01
12.66 94.91 -13.54 4.32
0 94.53 -15.82 3.55
0.06 93.99 -15.88 2.14
0 94.41 -18.99 4.14
0 95.52 -19.27 4.54
0 96.09 -17 2.31
0 95.14 -17.75 1.55
0 94.99 -15.36 1.64
0 94.86 -16.35 1.63
0 94.78 -16.3 1.6
0.06 95.18 -17.92 2
0 94.98 -15.92 2.13
0 94.84 -16.4 1.29
0.71 94.52 -14.1 1.08
0 94.58 -13.24 1.86
0 94.59 -14.03 1.33
0 95.04 -11.39 1.99
2.55 94.78 -13.84 1.62
0 95.5 -15.19 2.59
0 95.73 -13.04 1.98
0 94.77 -7.79 2.46
0 95.26 -11.03 1.35
13.06 95.28 -10.63 1.01
0.72 95.36 -10.34 1.87
0 95.08 -14.63 1.26
0.05 93.99 -8.92 3.09
0.07 94.57 -15.07 4.46
0 94.61 -16.89 1.54
0.13 94.93 -15.39 1.38
0.05 94.82 -12.34 1.85
0 94.43 -7.58 1.41
0 94.68 -7.96 1.45
0.04 94.59 -6.39 1.46
2.64 94.52 -7.45 1.8
0.57 95.18 -9.96 3.93
0 95.21 -11.69 2.71
1.38 94.25 -10.58 2.82
0 94.99 -10.49 3.01
0.01 94.56 -9.19 2.19
1.39 94.88 -16.23 4.35
0 95.68 -18.82 5.04
0 95.52 -17.34 1.41
0.5 94.7 -13.39 2.32
0 95.29 -14.12 2.3
0.07 95.31 -13.65 1.88
0 94.59 -8.35 515.81
0 94.42 -6.34 2.87
0 95.04 -10.58 2.64
0 94.95 -11.17 1.56
0 94.23 -7.54 2.25
0.05 94.28 -6.93 4.05
0 94.97 -12.7 3.99
0 95.09 -13.69 2.41
0.01 95.05 -12.9 2.01
0 94.92 -9.44 3.19
0 95.15 -8.36 3.13
0 95.09 -5.48 2
0 95.23 -7.73 1.77
8.17 95.01 -8.11 1.87
0.33 94.21 -1.72 2.99
0 94.13 -0.36 2.87
0.16 93.63 -3.77 6.36
0 95.41 -9.29 5.51
0 95.38 -6.57 1.9
0 94.36 -1.54 3.36
0 94.67 0.83 2.71
0 94.06 4.8 3.39
0 94.01 3.16 1.9
0 93.42 3.81 2.24
0 93.32 -0.4 2.43
0 93.49 -3.55 6.01
0 94.84 -1.66 2.17
0 94.08 4.13 3.66
14.53 94.13 -1.12 4.29
0 95.24 -6.65 4.21
0 94.7 0.38 3.23
0 94.32 4.87 2.78
0 94.67 4.65 2.93
0 93.29 6.97 3.96
1.91 93.4 -3.42 3.79
30.65 94.15 -8.42 2.88
0.31 94.51 -7.65 2.79
0 93.29 0.47 5.87
0 94.27 -3.68 2.87
28.15 93.99 -5.86 3.87
0 94.68 -5.75 3.04
0 94.51 -2.78 1.71
0 93.52 3.4 4.06
2.59 93.79 0.33 4.37
0 94.58 -1.74 3.9
0 94.8 -2.61 2.52
0.75 94.65 -0.79 1.67
11.18 94.4 0.65 2.32
100.64 94.56 0.2 2.67
0 93.99 4.18 3.4
0 94.12 4.54 3.24
27.69 94.26 -1.2 2.37
47.06 94.53 -1.52 3.41
0 94.28 -0.86 2.45
1.4 93.41 1.19 2.88
17.83 93.44 -0.11 3.49
4.43 94.41 -0.36 4.06
1.34 94.24 0.69 4.01
0 94.28 1.9 3.92
0 93.8 7.53 3.01
0.5 93.41 5.35 5.2
0 93.61 1.94 5.47
0 93.34 3.71 2.44
10.46 93.64 3.18 3.21
58.89 93.94 0.68 1046.29
3.12 94.93 0.14 4.85
0 94.93 1.73 2.29
0 94.61 4.57 2.88
0 94.26 7.87 2.1
0.47 93.65 11.86 4.68
63.51 93.76 6.95 2.28
0.65 93.71 7.28 3.63
0.03 93.82 8.18 5.28
0 93.84 9.74 1.76
0 93.77 13.39 2.26
2.81 93.54 11.94 4.09
0.13 93.82 11.23 6.71
0.37 94.32 10.63 5.79
0.25 94.35 11 2.26
1.78 94.21 12.21 2.54
3.8 94.4 12.47 1.94
0 94.13 16.84 2.67
0 94.36 19.93 1.74
0 94.29 21.17 2.53
0 94.25 21.66 3.06
0.28 93.97 22.15 4.75
33.15 93.69 14.07 2.18
30.24 92.85 14.34 4.06
0 92.49 16.82 5.24
0 93.04 15.93 3.15
0 93.06 18.37 2.79
0.58 93.73 15.72 5.01
0 94.59 15.92 2.37
0 94.45 17.23 2.38
1.2 93.79 18.87 3.08
0 93.24 19.68 3.18
11.95 92.66 15.54 5.69
0.01 92.65 17.44 4.33
0 93.06 18.5 3.12
0 93.89 19.72 2.48
7.89 93.66 23.95 4.42
1.63 94.28 17.99 2.34
0 93.85 20.83 2.21
1.32 93.54 22.51 3.69
2.48 93.36 20.09 3.92
1.82 93.22 19.22 3.48
0 93.51 18.66 4.76
0 93.31 23.34 3.29
0.05 92.91 25.35 4.69
0 93.65 19.21 2.64
8.5 93.36 17.72 3.37
0.05 93.63 17.79 3.41
12.49 94.17 17.36 2.56
22.38 94.02 19.07 2.56
8.6 93.78 19.53 3.09
5.16 93.61 22.13 2.76
1.83 93.45 22.38 3.82
63.05 93.9 16.09 2.53
1.33 94.11 17.53 1.73
8.59 93.85 16.1 2.31
2.75 93.6 17.5 1.73
0.05 93.6 22.45 3.68
0.86 93.59 24.28 4.24
16.19 93.53 24.56 2.77
165.94 93.55 18.63 2.41
10.63 93.27 20.71 1.62
35.93 92.98 20.41 1.97
0.51 93.33 22.91 2.18
0 93.84 23.02 2.4
0.05 94 23.68 2
2.07 93.72 22.47 1.42
11.83 93.39 21.55 1.88
65.46 93.22 21.08 2.32
103.97 92.96 20.73 2.31
169.68 92.71 19.44 1.63
48.23 92.85 21.78 2.54
81.8 93.27 20.62 2.18
93.14 93.27 22.25 2.65
70.63 93.21 22.79 3.26
48.89 93.01 22.9 2.34
125.72 92.63 22.23 2.78
0.04 92.6 23.98 3.9
2.85 92.62 23.77 2.63
0.75 92.96 23.92 2.27
2.73 93.1 24.72 2.36
16.68 92.9 25.5 3.69
46.61 93.25 23.51 1.87
52.88 93.47 21.84 1.63
1.08 93.68 22.34 1.36
1.12 93.66 22.27 1.43
24.7 93.64 22.41 2.03
29.92 93.81 22.15 1.88
0.08 93.77 24.07 1.7
225.04 93.04 21.6 2.04
62.26 92.94 22.34 3.34
0 93.46 23.5 2.5
0.37 93.33 23.05 2.48
122.11 93.34 20.45 2.27
5.66 93.53 21.38 1.66
0.59 93.51 23.32 1.82
27.15 93.36 23.13 2.18
19.32 92.97 23.39 1.8
0.97 93.08 23.43 3.43
0.01 93.37 23.93 1.96
0.04 93.36 24.67 1.75
52.81 93.14 22.46 1.45
4.61 93.1 24.74 2.21
0.86 93.02 25.03 1.57
2.95 92.84 25.9 1.76
15.08 92.95 25.52 1.95
15.37 93.19 25.15 2.66
0.64 93.42 25.37 2.59
2.86 93.24 25.11 2.7
24.74 92.9 25.67 2.7
15.84 92.77 24.94 1.79
17.54 92.91 25.58 2.37
17.51 93.18 25.76 2.48
8.05 92.99 25.91 2.28
13.04 93.18 23.55 1.81
2 93.56 25.06 1.44
9.58 93.62 26.32 2.51
29.34 93.32 24.9 2.74
5.04 93.35 25.22 2.83
34.74 93.28 25.95 2.13
4.57 93.38 24.9 1.83
290.6 92.84 23.65 1.57
0.08 96.73 24.5 2.9
0 93.88 21.46 2.77
0 94.13 20.9 1.89
4.45 94.07 20.26 1.3
2.05 93.65 23.08 2.4
0.26 93.82 22.09 2.16
0 94.04 21.74 1.82
0.03 94.02 22.19 1.64
16.2 93.73 21.26 1.76
5.35 93.83 18.87 1.89
10.24 93.73 18.88 1.65
193.64 93.14 17.96 1.5
44.99 93.42 14.36 3.11
0.21 94.06 15.44 2.59
36.79 94.13 15.87 2.18
1.08 94.37 14.89 1.99
4.34 94.53 15.25 1.59
0 94.61 15.42 1.48
4.4 94.48 16.33 1.55
149.78 94.45 13.92 1.66
36.31 94.5 13.74 1.13
3.34 94.55 15.63 1.37
3.59 94.48 17.38 1.61
11.23 94.01 18.06 2.03
0.19 94.13 16.81 1.7
0 94.13 16.84 2.65
3.41 93.88 20.41 3.25
24.66 93.24 19.61 3.3
0.25 93.68 18.1 3.59
0 94.26 13.16 1.92
1.8 93.94 15.71 1.57
4.49 94.53 15.51 1.52
14.93 94.93 14.23 0.94
10.6 93.96 19.16 3.59
0 94.42 17.53 1.65
0.03 94.4 17.97 1.33
1.28 94.23 18 2.64
27.23 94.67 12.26 3.4
0 94.89 8.48 2.42
0 94.71 10.25 2.42
0 94.32 11.81 2.29
0 93.64 17.76 3.61
0 93.77 15.82 2.71
0 94.7 12.35 1.35
3.85 94.58 13.29 1.78
101.39 94.64 10.93 2.55
0.01 94.74 10.07 2.86
0 94.49 8.93 1.79
0 93.8 16.79 3.83
0 94.88 12.67 1.34
0.02 94.8 14.75 2.63
0.06 95.15 11.39 2.62
0.38 94.61 10.7 1.9
0 93.6 15.96 3.21
12.18 93.73 12.63 4.44
0 94.15 9.92 3.41
0 94.65 10.87 1.84
16.93 94.62 11.04 2.87
2.2 95.53 3.26 4.66
0 95.52 2.77 1.54
0 95.12 6.69 1.47
0 95.11 6.51 1.4
0 94.87 10.62 2.81
34.79 95.12 8.51 1.65
1.1 95.15 6.59 2
0 94.98 5.67 1.42
39.89 94.85 4.86 2.27
24.34 94.77 0.53 2.16
0.01 95.01 3.64 4.33
0.01 95.28 5.3 2.79
0 94.79 4.3 1.48
0 94.24 6.61 2.14
3.23 94.82 5.42 2.34
1.4 95.34 3.46 2.59
0 95.25 3.18 1.54
0 95.37 3.99 1.14
0 95.11 4.05 1.44
0.6 94.57 8.05 2.3
1.36 94.92 6.78 3.32
0 95.22 4.99 1.98
0.05 94.45 5.88 2.66
0.36 94.08 5.31 4.2
0.02 94.45 2.66 2.88
0 94.52 0.82 2.03
0.07 95.12 0.81 3.74
0 95.04 -2 4.47
0 95.11 0.85 2.61
0 95 1.31 1.76
0 94.36 1.69 2.65
0 94.14 2.43 3.33
0 94.12 2.7 2.37
0.27 94.32 1.03 3.45
0.02 94.69 -3.74 4.26
0.08 94.91 -4.2 5.99
0 94.79 -4.11 3.8
0 94.83 -2.45 2.89
0 95 -3.4 1.35
0 94.75 0.6 1.95
0 94.47 0.55 2.08
0.04 94.16 -1.03 2.66
0 93.99 -4.75 4.28
0 94.12 -7.92 3.7
0 94.36 -10.66 7.03
0 94.57 -5.98 3.85
0 94.15 0.34 3.34
0 94.8 -3.17 2.46
940.02 94.53 -0.88 2.99
940.02 94.32 -1.28 1.5
940.02 94.58 1.26 2.34
940.02 94.62 0.72 2.74
940.02 94.79 -1.75 3.03
940.02 94.38 -2.61 1.22
940.02 94.46 -5.24 1.47
940.07 94.47 -4.91 2.59
940.04 94.67 -6.41 2.99
940.32 94.14 -8.42 3.29
940.41 94.12 -9.2 2.49
940.02 94.28 -12.23 4.61
940.02 94.58 -12.04 3.49
940.02 94.95 -9.34 3.37
940.02 95.53 -9.31 1.63
940.02 95.49 -10.97 1.48
940.61 95.76 -13.06 2.32
940.37 95.4 -13.66 3.08
940.18 95.28 -12.45 3.2
940.03 95.68 -11.63 2.57
940.02 95.71 -11.24 1.31
940.02 95.41 -10.82 1.07
940.02 95.57 -9.96 1.27
940.02 95.47 -9.87 1.09
940.12 94.95 -7.47 3.09
940.08 95.44 -10.94 4.42
940.02 95.1 -11.98 2
940.02 94.61 -11.49 2.98
940.02 93.89 -6.41 3.85
940.02 93.7 -5.54 3.51
940.02 93.31 -3.76 4.52
940.02 93.76 -4.41 3.17
940.02 94.02 -3.79 3.47
940.02 94.64 -6.16 2.51
942.2 94.53 -8.67 1.73
943.34 94.79 -9.84 1.69
940.04 94.45 -7.34 2.88
940.02 95.05 -8.19 2.7
940.02 95.47 -14.84 3.04
940.02 95.04 -14.73 2.5
940.02 95.06 -12.65 2.28
940.02 95.17 -11.03 2.48
940.02 95.68 -13.4 2.01
940.02 95.39 -13.94 1.69
940.02 95.41 -12.02 1.95
940.02 95.22 -8.56 1.96
949.5 95.29 -10.84 1.52
940.02 95.22 -10.95 1.81
940.02 95.45 -9.01 1.95
940.31 94.47 -7.96 3.78
940.04 95.01 -10.71 4.46
940.02 95.15 -10.44 2.45
940.02 94.48 -7.21 1.96
940.02 93.66 -2.64 3.09
940.02 94.3 -4.33 2.14
940.02 95.19 -9.68 3.22
940.02 94.66 -7.48 3.6
940.02 94.18 -4.96 4.48
940.02 94.7 -7.75 3.52
940.02 93.38 -0.91 5.79
940.02 94.17 -8.13 3.11
940.02 94.28 -7.95 1.75
0.19 93.86 -5.18 1.98
0.04 93.94 -5.83 5.33
0 94.73 -13.33 4.37
0 94.91 -12.04 2.35
0 95.09 -12.71 1.58
0 95.33 -10.95 1.63
3.44 95.01 -11.12 1.53
11.35 95.1 -12.89 3.18
0 95.68 -15.17 3.06
0 95.47 -15.13 1.74
0 94.93 -13.09 1.53
0 95.56 -13.91 1.61
0 95.48 -13.25 2.01
0.34 94.68 -7.03 2.75
0 94.77 -7.63 2.19
0.06 95.35 -8.32 2.35
0 95.88 -10.44 1.82
1.83 95.43 -10.11 1.49
2.09 95.17 -10.18 1.78
0 95.08 -8.42 1.65
0 95.07 -5.53 2.15
0.26 95.58 -8.26 1.57
0.09 95.39 -5.58 1.19
0 94.94 -2.15 1.68
0 94.78 1.8 1.83
0.71 94.49 3.06 3.7
1.61 95.22 -4.46 4.13
0.1 94.9 -7.13 1.77
0 94.78 -6.21 1.73
1.72 94.72 -6.09 2.16
1.9 94.72 -6.79 1.8
1.78 95.03 -6.42 2.75
0 95.07 -7.97 2.78
0 95.22 -8.4 2.82
0 95.22 -7 2.4
0 94.77 -5.92 2.19
0 95.06 -5.77 2.35
0 94.51 -3.01 2.02
0 94.35 0.25 4
0 95.01 -2.22 3.95
0 94.58 -2.62 1.92
0 94.08 1.81 3.08
0 93.83 6.16 2.66
0 94.16 3.91 2.34
0 93.74 6.72 4.85
0 94.85 3.58 2.21
0.1 94.8 2.95 4.59
0 95.09 3.46 4.44
0 94.47 6.23 2.96
0 94.57 7.22 3.07
0 94.76 7.4 2.62
0 93.77 12.36 4.55
0 93.81 11.25 2.31
0.01 93.83 10.31 2.99
0 93.83 9.81 2.99
66.62 93.64 10.99 3.16
22.25 94.11 9.24 2.25
0 94.31 10.41 2.24
0.57 94.4 8.24 2
0 93.86 11.37 2.92
0 94.61 6.96 3.97
0 94.97 2.25 4.71
0 94.18 6.53 4.78
0 94.76 5.13 4.04
0 94.12 13.13 4.01
0 94.11 13.38 1.66
0 93.93 14.17 2.46
0 94.19 11.25 4.03
0 94.87 9.12 2.16
1.75 94.48 10.67 2.19
0.7 94.21 11.66 2.15
0 94.34 13.3 1.63
0 94.27 16.86 3.38
0 94.83 12.42 3.01
0 94.15 12.71 2.6
22.65 94.16 6.45 2.97
0.16 94.83 7.24 2.39
36.22 94.6 6.59 2.46
0.13 94.2 8.63 97.46
0 94.29 10.84 3.57
0 93.96 13.35 2.85
0.78 93.62 16.05 3.69
3.1 93.85 17.97 3.82
0.6 94.38 15.47 3.93
28.3 94.61 11.1 3.57
0 94.93 11.97 2.43
0 94.78 13.24 1.89
0 94.14 14.97 1.63
0 93.58 18.91 1.94
6.19 93.61 16.25 5
140.32 94.2 6.6 4.68
8.74 93.76 7.1 4.81
18.1 94.01 4.56 5.41
0.19 94.22 7.37 4.33
0.1 93.62 11.37 2.44
56.2 93.7 7.65 4.08
0.52 94.21 11.31 2.02
96.8 94.47 9.75 2.57
9.51 94.35 11.49 2.09
184.96 93.54 8.76 2.43
54.22 92.67 14.47 3.9
0 92.88 16.01 4.11
0.12 93.22 13.23 3.63
0 92.97 13.21 3.28
0.03 93.77 15.85 3.17
3.46 94.09 15.64 2.07
4.41 93.75 17.48 2.72
64.93 93.38 15.68 2.53
3.75 93.44 16.98 2.89
0.03 93.56 18.59 2.59
0 93.55 21.17 2.33
0.67 93.85 24.26 3.65
57.61 93.68 16.96 2.61
0.55 93.22 16.32 5.7
0 92.75 20.51 4.23
16.59 92.55 18 2.99
0.64 92.96 21.46 2.33
0 93.09 23.27 33.3
0.56 93.62 24.53 2.65
0 93.55 28.3 4.15
4.97 93.8 23.34 3.06
0.31 93.93 21.69 2.48
0 93.84 22.42 2.39
0.53 93.63 22.17 2.28
9.36 93.49 22.99 2.56
331.87 93.64 15.68 2.22
115.14 93.51 13.1 3.18
24.05 93.15 15.33 3.06
31.84 93.45 15.26 2.14
79.53 93.89 15.05 1.78
13.23 93.98 18.06 1.99
15.5 93.79 19.8 2.45
15.57 93.81 20.28 2.13
0.16 93.67 21.45 2.31
5.75 93.49 22.54 1.61
124.64 93.27 20.1 2.12
93.42 93.16 19.26 2.04
111.94 93.31 18.16 2.5
3.33 93.58 18.98 1.8
25.66 93.7 19.34 2.11
15.31 93.83 18.96 1.59
173.32 93.92 18.49 2.41
1.71 93.78 21.24 1.78
0.2 93.36 23.02 2.21
19.1 93.15 22.28 3.07
33.41 93.27 21.16 3.66
0.41 93.72 21.48 3.69
0.68 93.64 22.72 3
0 93.7 24.04 1.81
0 93.64 24.63 1.72
17.58 93.56 23.06 2.59
60.32 93.25 20.47 2.44
19.22 93.02 22.93 2.14
0.03 93.5 24.66 2.22
0.7 93.52 25.68 3.07
2.53 93.43 25.75 2.13
8.49 93.19 24.33 2.7
15.73 93.14 22.76 3.9
0 93.36 23.22 3.04
0 93.11 23.16 3.8
11.02 93.19 21.68 3.2
6.57 93.38 20.98 2.78
1.19 93.3 22.1 2.61
14.86 93.35 22.99 1.83
23.34 93.29 22.73 2.36
81.73 93.38 20.9 33.18
6.3 93.61 22.16 32.65
0.21 93.69 25.83 1.67
1.57 93.77 28.46 2.3
5.38 93.36 28.95 4
59.51 93.29 23.89 2.69
0.29 93.58 22.22 1.65
0 93.32 24.58 3.07
0.09 93.68 22.63 1.93
0 93.73 23.02 1.63
0.02 93.9 23.42 1.85
6.85 93.76 25.38 2.36
7.43 93.28 27.08 3.23
31.2 93.31 24.78 3.08
21.43 93.46 24.23 1.76
0 93.54 26.33 2.43
0 93.53 27.05 2.57
5.35 93.43 25.61 2.43
10.45 93.42 24.86 1.96
89.96 93.66 19.78 2.33
2.25 93.61 21.35 2.03
0 93.9 21.38 2.58
0 93.98 21.14 1.43
0.03 93.81 22.16 2.18
56.83 93.57 20.62 2.33
22.35 93.35 20.49 1.69
0.83 93.56 21.48 3.33
0.6 93.74 20.17 2.15
14.53 93.73 18.68 1.94
9.29 93.64 18.19 1.72
7.44 93.72 19.24 2.17
4.45 93.81 19.77 1.7
1.93 93.95 21.01 1.96
5.6 94.15 20.99 1.64
0.64 94.08 22.19 1.69
0.98 93.75 23.74 2.42
3.39 93.77 23.83 1.74
52.93 93.69 22.46 2.27
84.12 93.54 21.63 1.67
67.96 93.82 19.2 2.39
1.37 94.1 19.3 2.57
0 94.17 20.48 2.04
0 94.29 21.99 1.74
7.1 94.4 20.14 1.96
4.27 94.43 20.53 1.63
0.77 94.38 20.38 2.09
12.96 94.22 19.55 1.95
17.73 94.2 18.84 1.89
260.61 94.17 15.66 2.31
0.86 93.76 17.18 1.65
0 93.49 19.41 2.58
0 94 18.07 1.43
0 94 19.93 1.67
4.35 93.59 20.23 3.27
0.02 93.89 17.5 2.96
0 94.08 14.88 1.45
0.02 94.32 16.54 1.67
0.13 94.33 17.71 1.86
24.58 94.37 16.42 1.43
0.97 94.14 18.35 2.52
0.06 94.49 15.47 3.08
0 94.58 13.39 3.26
0 94.62 12.71 1.42
0 94.71 15.29 1.36
0 94.67 16.3 1.92
19.71 93.98 16.14 2.46
24.22 93.97 13.85 2.7
0.02 94.56 13.48 1.46
0.65 94.6 15.38 2.29
65.2 94.79 11.89 1.82
16.14 94.54 12.46 1.65
0 94.43 13.13 1.73
40.23 93.77 13.63 2.68
0.06 94.35 13.07 2.28
1.5 94.25 13.39 3.06
45.79 95.11 5.16 3.93
0.18 95.11 4.9 1.7
39.73 94.28 6.01 1.62
15.63 94.16 7.51 2.1
0 94.47 8.22 1.59
107.49 94.7 6.68 1.54
18.28 95.2 7.44 2.36
0 94.95 8.27 2.09
0 94.54 11.99 1.83
0 94.4 13.64 2.33
0 94.63 15.57 2.03
0 94.87 12.65 1.79
1.25 94.78 13.12 2.95
0.52 95.77 7.21 3.47
0 95.3 3.46 1.58
0 94.34 8.16 2.24
0 93.92 8.96 4.41
0 94.4 8.93 2.94
0 94.18 11.84 2.44
0 94.28 12.8 2.25
0 93.94 16.02 4.31
0 94.86 6.55 2.49
0 95.18 2.74 1.77
0 94.61 5.3 1.81
0 93.85 10.19 2.57
0 93.59 12.69 2.71
0 93.86 10.51 2
0 95.33 2.97 5.01
0 95.65 1.55 1.87
0 95.08 2.98 1.6
0.11 94.81 7.26 1.7
11.65 95.03 6.98 54.58
4.5 94.74 4.62 1.64
1248.93 94.38 5.84 3.55
1249.16 94.55 2.9 3.97
1248.92 94.31 6.17 2.78
1248.92 93.92 7.43 3.31
1248.94 94.34 4.92 3.47
1248.92 95.58 -1.65 2.98
1248.92 95.52 -2.52 1.65
1248.92 95.12 -0.19 1.84
1248.92 94.92 3.53 1.9
1248.92 94.61 3.09 1.68
1248.94 94.28 1.76 3.54
1249.24 94.72 -5.63 5.97
1248.92 94.69 -2.54 3.04
1248.92 95.04 -3.01 1.69
1248.92 95.16 -2.51 1.71
1249.16 95.03 -0.73 1.93
1248.92 95.34 -2.44 1.47
1248.92 95.25 -1.43 1.65
1248.92 94.54 0.75 3.01
1248.92 93.96 2.54 4.27
1248.92 94.52 -0.13 2.65
1248.92 95.02 -3.22 2.12
1248.97 94.78 0.45 2.95
1248.92 95.2 -3.98 1.81
1248.92 94.25 -3.24 2.29
1248.92 93.79 96.49 4.95
1248.92 94.93 -4.55 1.97
1248.92 94.44 -2.97 1.54
1248.94 94.25 -0.99 2.21
1249.2 94.42 -2.57 5.47
0 95 -12.64 6.43
0 94.72 -11.99 3.78
0 94.46 -12.01 6.11
0 94.62 -11.61 4.83
0 94.74 -10.97 3.7
0 94.92 -10.68 1.76
1.42 94.95 -10.36 1.78
0 95.44 -11.22 1.75
0.07 95.28 -8.72 2.33
1.81 94.7 -5.84 4.67
0.14 95.11 -10.13 2.89
0.04 94.7 -10.78 4.09
0 94.86 -11.64 2.43
0 94.9 -9.94 1.87
0.42 94.88 -10.19 3.6
0 94.93 -13.22 3.57
0.02 94.95 -11.28 2.25
0 94.85 -8.34 2.8
0.32 94.64 -7.29 4.31
0 94.95 -11.17 3.71
0 94.57 -10.49 3.52
0 94.38 -3.89 2.41
0 94.46 -4.42 2.93
0 95.29 -5.73 3.65
0 95.52 -5.6 2.85
0 95.26 -8.87 1.33
0 94.86 -5.41 2.41
0 94.27 -5.89 2.1
0 93.63 -5.02 3.34
0.19 94.34 -7.42 515.71
0.06 95.06 -11.96 5.2
0.26 95.03 -12.02 2.87
0 94.95 -7.93 3.04
0 93.71 -2.81 3.6
0 93.99 -3.81 1.89
0.43 94.37 -4.19 5.08
0 94.88 -8.35 3.36
0 95.23 -9.88 1.58
0 95.13 -9.5 2.1
0 94.99 -6.05 2.52
0.06 94.58 -5.41 2.99
0 95.6 -8.51 2.24
0 95.68 -9.77 1.76
0 95.26 -6.97 1.8
0 95.45 -9.98 1.59
0.84 95.08 -10.56 1.73
3.68 95.1 -11.03 3.61
0 95.15 -9.97 2.05
1.66 94.07 -5.84 3.35
0.02 94.69 -9.42 1.86
0.1 94.64 -8.68 2.24
0.62 95.17 -9.01 1.96
0 94.59 -8.71 1.95
0 94.12 -4.9 3.44
0 94.98 -7.54 2.02
1.01 94.59 -5.54 1.45
3.96 95.24 -9.65 4.23
0 95.72 -12.94 2.92
0 95.53 -12.93 1.95
0.18 94.98 -9.69 3.59
0 95.59 -11.38 3.57
0 95.85 -10.24 1.82
0 95.66 -9.19 1.7
0 95.49 -8.52 1.67
0.19 95.41 -5.75 2.62
0.13 95.33 -7.36 3.44
0 95.18 -4.52 3.11
0 94.6 -2.37 3.17
0.06 95.43 -11.92 5.52
0 95.47 -12.25 3.67
0 94.76 -6.91 2.9
0 94.17 -4.29 2.34
0.02 94.2 -6.8 3.62
0 94.37 -6.97 2.2
0 93.96 -5.55 2
0 93.81 -2.3 2.27
0.01 94.48 -4.68 1.41
6.39 94.25 -1.91 2.78
0.02 94.88 -2.52 4.43
0 95.49 -4.39 2.34
0 94.91 -4.19 2.77
6.49 94.08 -0.44 3.22
20.58 93.59 -1.44 5.64
0.27 94.03 -6.69 6.06
0 94.31 -7.37 2.01
0 93.96 -7.31 2.01
0.36 94.45 -8.71 3.18
0 94.81 -9.88 3.64
0 95.41 -7.44 1.95
3.08 94.43 -2.97 4.89
0 94.16 -1.84 3.17
0.08 93.81 -3.9 2.65
0.2 94.47 -7.83 5.9
0 94.93 -6.98 2.66
0 94.63 -3.55 2.89
0 93.96 1.15 4.41
0 94.37 -0.05 2.89
5.75 94.97 -4.53 3.46
0 95.71 -10.55 5.37
0 95.04 -4.94 3.41
0 94.69 -4.92 3.89
0 94.21 -3.86 2.97
0 101.28 91.46 96.89
0 94.26 -0.03 3.7
0 93.93 4.91 3.94
0 93.91 4.73 3.27
0 94.65 2.14 2.32
0 93.9 5.93 3.18
0 94.18 5.36 3.78
0 94.3 4.56 2.75
0 94.27 4.94 4.25
0 95.19 1.24 4.12
0 95.37 2.31 2.69
0 95.53 3.34 1.67
0 95.27 7.28 2.65
0 95.07 12.25 3.94
0 94.24 13.48 4.99
0 93.92 11.78 3.87
0 93.98 10.23 3.05
0 93.56 13.75 3.98
3.64 94.59 5.74 2.83
0 94.64 4.31 1.89
194.73 93.17 1.97 2.25
1.12 93.93 3.13 2.08
7.76 93.87 4.21 1.89
0.31 94.43 2.17 4.72
0 95.5 -1.8 3.88
0 95.44 -0.73 3.14
0 94.65 4.01 2.85
0.06 94.43 6.73 2.91
0.06 94.65 6.96 1.89
13.43 94.87 5.96 3.48
165.67 95.51 -1.18 4.2
0.22 95.04 2.16 1.92
0 93.47 10.83 2.21
0.99 92.61 13.54 4.33
0.64 93.48 7.66 5.93
0 93.58 10.19 2.28
0.05 93.84 12.06 2.89
0.01 94.36 9.71 3.68
0.02 93.95 10.66 3.37
0.05 93.88 10.5 2.88
0 94.05 13.84 4
0 94.33 12.93 5.28
0 94.57 13.71 2.73
0 93.94 20.27 4.15
0 93.57 23.34 4.19
14.76 93.28 20.2 3.8
6.69 93.93 16.52 2.51
0 93.94 19.07 2.24
0 93.89 20.25 3.1
13.04 93.66 15.93 3.33
10.27 93.69 15.57 2.45
0 94.03 11.83 5.72
0 93.78 13.42 4.43
0 93.31 13.47 5.73
0 93.79 11.37 2.59
0.23 93.73 11.57 5.37
13.62 94.05 6.5 2.11
0 94.41 8.17 1.81
123.18 94.28 6.97 2.8
50.96 93.37 6.58 2.08
12.51 92.16 10.49 4.06
0.81 92.23 17.95 3.79
3.47 93.6 14.64 5.3
0.01 94.13 14.81 4.15
0 93.54 18.19 3.67
21.08 92.73 17.89 3.38
15.25 92.92 13.43 5.7
4.16 93.35 12.22 5.44
0 94.16 17.76 4.16
0 93.8 20.99 3.41
0 93.65 21.67 2.48
0.59 93.57 21.96 2.33
0.1 93.38 24.76 3.14
0.43 93.3 25.46 3.69
5.28 93.51 22.6 2.31
0.29 93.48 22.15 3.06
6.5 93.09 23.61 3.65
0.37 93.48 20.25 3.81
0 93.52 19.09 2.34
0 92.66 24.34 6.34
3.58 93.24 21.41 3.36
1.73 93.8 18.43 4.23
0 93.99 20.73 2.81
56.65 93.18 17.77 3.5
27.43 92.71 18.63 2.53
27.09 93.22 18.06 2.32
0.16 93.51 19.39 3.47
4.91 93.29 19.02 2.6
3.89 93.27 18.76 2.07
82.76 93.01 16.65 2.47
145.5 92.57 15 2.07
80.05 92.66 15.78 1.62
58.05 93.57 17 2.24
1.59 93.81 20.26 2.21
6.77 93.63 21.87 1.99
0.17 93.34 22.94 1.89
105.29 93.42 19.03 3.03
9.27 93.55 17.62 3.8
81.88 94.03 16.27 2.61
0.04 94.11 21.19 2.32
0 93.71 23.18 1.67
10.47 93.41 23.98 2.55
0.55 93.56 23.53 2.33
65.39 93.36 23.13 2.78
19.92 93.11 21.4 2.13
53.15 93.1 20.89 2.18
0.97 93.51 21.98 1.56
23.86 93.56 23.4 2.17
169.82 93.75 17.39 2.11
30.18 93.13 17.85 1.9
26.29 92.74 18.47 3.42
9.41 93.3 16.17 3.3
0.06 93.85 17.96 1.92
41.48 93.8 19.41 1.99
6.66 93.93 20.1 1.66
0 93.89 22.29 2.06
0.56 93.74 23.92 2.09
14.59 93.91 24.76 1.99
0.77 94.12 25.82 2.45
22.01 93.98 23.66 2.61
2.38 93.7 24.7 1.73
0.7 93.25 26.01 2.27
0.28 93.09 25.83 2.81
14.28 93.38 25.83 2.32
29.08 93.81 23.06 2.57
40.21 94.01 20.01 2
19.84 93.82 21.04 1.72
86.37 93.63 21.77 1.82
40 93.74 22.01 2.17
21.99 93.66 22.87 2.33
32.65 93.42 23.21 1.95
75.59 93.42 22.23 1.72
10.37 93.42 22.12 1.41
13.13 93.24 22.27 1.7
4.29 93.04 23.57 2.11
3.39 93.44 24.22 2.44
19.28 93.53 24.1 1.76
27.75 93.27 23.8 2.13
101.54 93.3 22.8 2.29
203.09 93.69 20.53 2.37
4.97 93.88 21.85 1.64
3.46 93.65 22.89 2.01
30.76 93.15 24.53 3.2
0.1 93.15 22.33 2.26
1.95 93.03 24.06 2.43
4.2 93.18 25.02 3.08
30.4 93.59 23.45 1.92
15.95 94.13 22.23 2.3
27.03 94.18 22.29 1.57
6.75 94.11 23.17 2.42
0 94.15 23.25 2.1
0 93.96 23.52 1.5
0 93.79 23.97 1.59
0 93.46 25.04 1.77
0.97 93.28 24.74 2.43
0.03 93.57 22.84 2.41
0 93.62 22.87 1.69
0.8 100.26 116.04 96.04
45.24 100.59 116.53 96.17
82.82 94.03 19.47 1.96
22.72 93.78 18.71 2.11
11.45 93.6 19.73 2.36
38.25 93.71 19.35 1.88
12.26 94.04 19.83 1.89
30.32 94.27 19.18 1.99
14.17 94.21 19.55 2.07
76.34 94.08 19.17 2.05
0.17 93.99 19.98 2.3
20.11 93.84 19.39 1.84
5.91 93.98 18.2 1.4
27.04 94.13 18.32 1.52
122.97 94.32 17.48 1.55
104.07 94.38 17.72 2.23
2.2 94.36 20.04 2.33
0.18 94.5 18.74 1.93
14.45 94.3 17.67 1.68
56.98 94.18 16.39 2.22
0.02 94.29 16.81 1.72
0 94.16 19.11 1.53
9.96 94.32 19.72 2.49
23.12 95.03 15.35 2.02
2.58 94.91 14.05 1.73
59.62 94.37 12.94 1.77
6.53 94.3 13.88 2.63
0 94.22 19 2.42
0 94.52 18.95 2.46
0 94.61 18.59 2.49
0 94.47 19.08 2.43
16.95 94.5 19.37 1.6
23.48 94.59 18.16 2.23
0.01 94.67 15.67 2
3.88 94.11 15.62 2.17
19.51 93.93 17.63 2.06
61.61 93.73 16.48 2.64
27.37 93.91 13.08 2.16
43.84 93.81 13.95 1.87
8.98 93.83 14.41 3.06
0 94.07 12.91 2.12
0 94.31 14.33 2.43
0.16 95.12 12.48 1.56
4.29 95.53 10.5 2.08
6.66 94.36 14.83 3.1
37.19 93.73 10.25 5.47
0.1 93.62 12.58 4.84
0 94.59 10.44 1.89
0 94.89 12.97 2.21
0 94.39 16.97 3.45
0 94.32 16.78 2.05
0 94.09 17.13 3.33
0 94.42 8.92 3.85
0.76 93.76 4.83 3.15
5.4 93.95 4.98 5.3
4.71 94.29 9.3 4.81
0 94.64 11.42 2.3
0 94.71 12.4 1.83
0 94.46 12.87 1.54
0 94.4 13.19 1.58
0 94.39 14.79 2.49
3.11 94.59 11.73 3.45
0 95.29 4.99 2.58
0 94.2 9.11 2.75
30.49 94.79 4.06 1.7
11.47 95.08 4.25 1.92
1.36 99.08 68.07 31.87
0 98.59 69.11 31.93
0 95.37 6.05 2.46
0 95.22 3.77 1.77
4.59 93.98 6.74 5.71
0 94.09 2.86 3.73
0 94.68 0.77 3.42
0 95 -0.68 3.89
0 95.44 -0.27 3.01
0 95.47 2.48 1.53
0 94.83 5.08 1.79
0 94.65 5.3 1.34
0 94.53 8.59 3.71
0 94.79 9.27 3.24
0.32 95.97 0.1 3.5
47.3 96.01 -4.18 2.45
29.75 95.64 -4.2 2.82
12.42 95.13 -3.74 1.69
0.56 95.14 -3.53 1.33
0 95.27 -3.81 1.4
0 95.44 -2.46 1.46
0.06 95.27 0.33 1.41
0.02 94.55 2.29 2.12
0 93.94 4.91 2.57
0.32 94.85 1.34 2.41
10.83 94.65 -3.76 2.67
0 95.36 -6.36 2.16
13.62 95.22 -7.66 2.19
8.75 95.22 -9.23 1.95
5.99 95.21 -10.16 1.89
3.97 95.7 -10.95 1.55
13.44 96.17 -12.66 2.3
11.74 96.23 -13.47 2.81
0.14 96.1 -16.18 1.81
0.02 95.27 -15.4 2.9
0 95.18 -15.23 2.57
0.12 94.67 -12.32 1.37
0.44 95.11 -10.98 1.49
5.97 94.87 -6.48 2.3
0 94.71 -8.95 1.66
0.91 94.04 -5.29 1.87
0.25 93.86 -6.63 4.84
0.53 94.22 -8.29 5.77
0 94.53 -5.53 4.29
0 95.2 -5.75 2.35
0 95.34 -9.17 1.61
0 95.49 -10.38 1.01
0 95.02 -3.99 2.16
0.86 94.71 -0.7 2.47
0.01 95.06 -2.71 3.46
0 95.33 -8.17 1.56
0 95 -7.14 1.43
0 95.12 -7.51 1.17
3.95 94.41 -5.79 3.19
0.07 94.5 -7.25 4.72
0.1 95.1 -9.64 5.34
0 95.1 -8.15 3.05
0 95.61 -6.6 1.93
0 95.54 -6.95 1.51
0 94.68 -4.17 2.13
0 94.93 -6.55 1.68
0 95.01 -8.88 1.83
0 94.94 -6.66 2.16
0 95.02 -10.8 2.49
0.02 93.97 -8.32 2.78
0 95.08 -14.03 3.76
0 95.75 -15.77 1.81
0 95.5 -9.19 2.05
0.45 95.09 -6.97 1.59
2.26 95.36 -8.41 1.32
0 95.3 -9.21 2.08
0 94.47 -3.92 2.4
0.02 94.51 -7.3 1.47
3.45 94.69 -9.19 2.06
0 95.11 -11.64 3.85
0 94.91 -12.76 2.86
0 95.26 -10.54 3.45
0 95.07 -10.64 3.32
0 94.88 -11.5 2.96
0 94.63 -11.08 2.41
0 95.38 -13.36 3.19
0 95.63 -14.07 2.77
0 95.1 -13.28 3.27
0.16 94.44 -12.3 4.03
0.21 94.17 -12.25 2.49
0 94.26 -12.59 1.74
18.57 94.9 -16.37 2.32
1.74 94.87 -20.07 2.56
0 94.49 -19.82 4.02
0 95.1 -19.62 1.62
0 95.6 -19.28 1.45
0.6 95.56 -18.67 2.06
0.57 96.06 -22.04 3.53
0 95.97 -24.55 4.98
0 95.51 -15.9 4.49
0 94.9 -11.15 3.47
0 94.75 -12.56 3.73
0 94.8 -10.8 3.63
0 95.4 -14.32 1.79
0 95.82 -17.29 1.74
0 95.6 -17.59 2.39
0 95.66 -14.01 3.12
0 95.55 -11.73 2.69
0 95.19 -10 2.19
0 94.97 -9.36 2.67
0 95.18 -9.78 3.36
0 95.12 -9.73 3.47
0 95.01 -8.01 2.67
0 94.12 -8.29 2.91
0.02 93.78 -5.27 3.27
0 94.4 -3.62 2.73
0 94.05 0.04 2.6
0.04 93.97 0.22 2.29
2.91 94.35 -1.21 3.49
24.26 95.08 -9.34 5.77
0 95.06 -13.18 5.35
0 94.4 -9.86 4.37
0 94.31 -5.62 4.27
0 94.21 -2.84 4.04
0 94.25 -5.11 3.67
0.27 95.06 -8.16 3.63
0 95.01 -10.31 3.75
0 94.84 -10.99 2.24
0.02 95.03 -8.47 3.26
0 95.88 -11.48 2.64
0 95.49 -10 2.59
0 95.42 -9.55 3.04
0.16 94.76 -7.68 2.84
0.05 94.87 -8.19 2.03
0.24 95.19 -8.99 4.3
0.13 95.38 -9.38 3.19
0.06 94.47 -1.8 2.85
0 94.14 0.57 2.38
0 94.12 -0.17 2.49
0.23 94.49 -1.54 1.53
14.72 94.28 -0.41 4.26
0.06 94.3 -2.23 2.62
4.9 94.6 -5.63 4.27
0 95.31 -8.66 4.38
0 95.41 -8.5 3.72
0.16 95.18 -7.63 3.48
0 94.64 -6.03 2.17
0 94.02 -1.8 4.06
0 94.79 -2.71 2.9
0 94.61 0.93 2.79
0 94.05 4.28 2.76
0 93.91 7.79 3.12
0 93.47 9.87 5.17
0 94.01 6.26 4.57
0 94.87 3.26 1.92
0 95.1 5.05 1.92
0 94.75 7.77 2.94
0 95.13 4.42 4.4
0.01 95.66 1.39 4.78
0 95.66 1.27 3.31
0 95.34 2.7 3.02
0 94.96 7.17 3.18
0 94.34 8.61 2.55
0 93.74 10.03 3.76
0.25 94.2 6.43 3.49
0 94.11 8.54 3.39
0 93.16 15.31 4.63
11.71 93.49 8.98 5.21
0.41 94.54 5.12 4.59
0 94.51 7.48 3.57
0 93.74 9.89 3.5
0.11 94.04 9.18 2.29
0.63 93.38 11.86 4.83
0 93.81 8.8 4.98
0 93.7 11.08 5.92
0 94.02 6.42 2.91
0 94.64 4.32 3.24
0 94.07 6.67 4.43
11.88 93.27 8.7 2.49
0.24 93.02 10.04 5.18
0 94.11 10.62 2.98
0.43 93.59 15.02 4.87
7.35 93.61 9.88 4.48
3.89 93.59 5.62 3.94
2.72 93.87 5.97 2.48
1.52 94.13 8.09 3.29
0.02 93.83 13.83 3
0 93.04 14.45 5.92
0 93.55 9.6 6.07
0 94.08 10.23 2.97
0 93.53 13.68 4.7
1.11 94.4 9.62 3.34
30.37 94.63 7.42 2.03
1.65 94.23 11.56 1.93
0 94.37 12.1 2.35
24.05 93.53 12.82 2.84
0.05 93.16 16.5 2.79
24.01 92.91 20.09 4.09
135.82 93.71 10.98 2.26
35.77 92.9 11.72 4.98
0 93.31 15.62 3.2
9.71 93.25 15.19 5.19
0.02 93.61 12.15 6.32
0 94.34 14.94 2.64
0 93.78 18.37 4.26
1.06 94.01 16.39 2.56
0 93.66 17.01 2.38
1.82 92.83 19.35 4
108.52 93.62 10.93 4.76
0 94.37 15.23 4.37
26.03 94.02 12.33 4.27
0.8 93.92 12.41 3.6
0 93.4 17.96 3.07
0 93.5 22.73 3.65
0 93.73 25 4.5
0 93.96 23.26 3.51
0 94.13 22.77 3.81
0.16 94.93 18.59 3.9
0.06 94.83 17.54 2.46
45.92 93.93 14.33 1.81
25.31 92.84 14.68 4.6
6.11 93.13 17.84 3.25
1.11 93.63 17.88 4.6
0 93.5 22.03 4.65
0.1 93.15 24.06 4.49
0 93.55 18.42 4.47
0 93.29 21.51 4.46
8.67 94.05 17.36 1.94
0 94.12 19.84 1.38
0 93.73 22.93 2.32
0.02 93.38 24.3 3.13
0.16 93.56 22.84 2.94
0.21 93.78 23.24 2.25
28.71 94 18.69 3.35
3.33 94.01 18.46 2.01
0.12 93.76 21.1 2.36
29.14 93.41 20.29 3.8
72.19 93.17 19.66 4.16
37.62 93.72 17.52 2.47
8.06 93.6 18.95 2.1
4.03 93.26 19.54 2.18
73.41 93.16 16.19 2.34
9.8 93.19 18.73 2.07
3.64 92.78 19.89 2.28
39.33 92.86 20.1 2.12
4.8 93.4 19.87 2.99
0.01 93.48 22.99 2.49
28.07 93.11 24.52 2.86
30.35 93.15 23.36 2.33
22.47 93.2 22.16 2.23
10.97 93.48 20.74 3.17
3.13 93.52 20.61 3.78
0 93.68 23.98 3.1
0 93.6 24.44 2.12
29.63 93.3 23.04 2.61
47.79 93.37 18.87 2.9
91.18 93.26 20.14 2.2
58.29 93.35 19.79 2.11
0 93.5 20.23 1.84
0.78 93.44 21.76 1.69
0 93.53 25.21 2.73
0 93.7 25.14 2.96
3.57 93.93 25.37 1.94
0 94.02 26.62 1.72
0 93.93 27.53 2.75
0 93.68 27.08 2.49
0 93.48 28.07 1.86
0 93.21 29.15 2.43
10.73 92.9 29.02 3.02
118.7 93.24 21.78 1.92
0.81 93.55 24.25 2.41
1.9 93.9 22 2.66
8.82 93.57 19.52 2.21
4.4 93.44 18.83 2.07
3.09 93.69 21.49 1.59
0.18 93.66 23.63 2.14
9.88 93.72 24.17 2.62
140.52 93.86 21.64 2.38
674.33 93.46 20.38 2.67
43.49 93.15 23.03 1.78
12.17 93.01 26.56 2.6
0.35 93.59 25.08 2.27
388.22 93.63 19.93 2.47
1.89 93.45 22.3 1.66
2.26 93.25 24.05 2.4
59.65 93.24 22.86 2.1
15.2 93.6 22.97 1.66
100.49 93.85 23.35 2.18
68.9 94.01 21.74 1.67
13.03 94.11 22.69 1.88
0.19 94.1 24.44 1.62
0 94.02 26.27 1.46
0 93.96 27.22 1.73
0 93.85 27.1 2.09
311.08 93.61 24.74 1.82
110.02 94.01 23.1 2.29
0 94.07 21.94 1.39
0 93.67 23.96 2.24
0 93.45 27.17 3.08
1.08 93.47 29.14 3.1
11.69 93.6 25.08 2.18
0 93.57 23.87 1.8
0 93.84 23.45 1.78
6.61 93.74 22.99 1.55
76.3 93.58 21.56 1.82
5.15 93.45 22.37 1.39
203.69 93.42 19.98 1.73
9.09 93.85 20.92 2.01
25.97 93.96 21.53 1.87
1.94 94.11 22.22 1.88
1.16 94.18 22.73 1.59
18.1 93.67 20.75 1.55
32.12 93.54 22.41 2.24
139.96 94.31 17.31 3.86
0 94.54 17.45 2.03
10.06 94.2 17.34 1.95
1.71 94.18 18.46 1.95
0 94.35 17.67 1.96
0 93.79 17.42 1.82
14.14 92.76 16.34 4.57
20.72 92.58 15.47 3.08
5.52 93.22 18.77 1.43
13.37 93.73 18.24 1.22
105.21 93.97 17.53 1.55
37.16 93.91 16.95 1.44
16.4 93.79 18.56 1.45
1.7 93.52 18.67 1.63
9.03 93.62 17.32 1.69
39.45 93.94 16.06 1.83
23.9 94.09 15.46 1.68
73.02 94.45 14.79 2.21
16.59 94.68 15.41 1.48
2.81 94.6 16.75 1.28
43.54 94.41 18.08 1.76
0.02 94.31 18.63 1.7
3.81 94.42 17.41 2.26
1.95 94.83 15.04 1.85
41.6 94.98 12.92 2.28
0.25 95 13.2 2.31
0 94.83 13.47 1.47
0.87 94.58 14.43 2.04
22.34 94.23 15.92 2.03
3.41 93.95 17.54 1.76
1.74 93.67 19.7 3.59
0.11 94.38 16.19 2.03
14.2 94.14 16.35 2.07
4.44 94.94 10.59 4.68
0 95.31 7.43 2.1
0.19 94.49 9.18 2.14
0.13 94.16 14.82 2.22
14.58 93.99 18.34 3.53
1.45 94.05 15.12 2.29
1.36 94.1 13.85 3.51
122.23 94.64 6.52 2.1
9.88 94.7 5.32 1.85
0.99 95.23 7.58 1.52
59.03 94.34 10.09 3.04
0.85 94.62 5.11 4.66
0 94.81 4.31 1.8
0.69 94.44 4.89 1.74
0 94.96 5.01 32.74
0.32 94.92 6.68 1.46
0 94.54 10.72 1.41
0 94.62 12.14 1.57
0.14 94.74 14.48 2.74
2.77 94.22 14.08 4.22
0 94.73 8.89 2.33
0 94.47 11.24 1.9
0 94.38 11.27 2.4
1.91 95.24 3.47 2.6
45.81 94.64 4.45 1.87
33.65 95.31 1.73 2.63
0 94.92 2.07 1.57
0 94.29 3.15 1.57
0 93.93 7.52 3.73
0 95.09 2 1.99
12.67 95.1 2.11 1.55
5.1 95.32 1.16 3.25
0.39 95.35 -0.46 2.44
5.29 95.1 -1.59 3.49
0 95.86 -5.59 3.25
0 95.47 -3.36 2.54
0 94.79 0.46 3.33
0 94.26 1.4 1.75
0 93.39 2.96 1.56
0 94.45 0.85 2.5
0.36 95.19 -1.78 2.1
4.22 95.46 -2.51 3.29
0 95.79 -4.76 2.02
0 95.13 -2.96 2.05
1.79 93.71 1.27 3.58
4.13 93.96 -2.56 1.89
0.55 94.48 -2.49 1.56
0 93.92 3.47 3.53
0 94.67 0.04 5.38
0 94.86 -4.15 1.91
0 94.67 -1.18 2.25
0 94.53 -1.72 2.32
0.2 94.07 -1.04 2.59
5.02 94.56 -5.46 2.22
19.97 95.06 -8.14 2.02
36.86 95.42 -10.36 2.85
0 95.76 -11.76 3.21
0 95.43 -10.84 2.99
0 94.94 -8.45 2.73
0 94.6 -6.08 2.24
0 94.15 -3.17 3.67
0 94.99 -6.82 3.1
0 95.4 -4.58 2.09
0.06 95.64 -6.01 1.8
3.39 94.53 -1.93 4.01
0 95.27 -3.87 4.22
0 94.99 0.32 2.91
0 94.25 2.81 3.22
0 94.43 -2.2 3.14
0.61 95 -6.59 3.71
0 94.44 -6.42 2.82
0 94.66 -7.19 2.57
8.4 94.11 -4.94 3.51
0 95.02 -8.2 2.31
0 95.16 -9.08 1.61
0 94.52 -6.94 2.38
6.35 94.95 -4.51 3.1
0 95.54 -10.02 3.43
0 95.43 -10.93 2.21
0.02 95.44 -9.83 3.21
0 94.62 -4.91 2.7
0 94.62 -5.69 1.28
0 94.79 -5.1 1.23
0 94.84 -4.28 1.45
0.02 95.17 -3.73 1.48
0.18 95.24 -5.88 2.47
7.01 94.9 -10.18 3.47
0 95.26 -11.68 2.26
0 95.12 -11.58 1.34
0.07 94.96 -6.85 3.69
0.38 95.64 -10.52 3.89
0 95.47 -12.29 2.16
0 95.17 -10.34 4.38
0 95.38 -9.66 2.92
0 94.92 -8.65 1.79
0 94.79 -7.5 1.81
0 94.59 -3.39 3.79
0 94.77 -5.63 2.26
0 94.44 -2.85 3.18
0 95.07 -6.57 1.49
0 95.34 -8.23 1.5
0 94.89 -4.38 1.62
8.22 94.95 -4.49 1.42
7.31 94.55 -5.65 2.34
0.03 94.66 -8.74 3.49
0 94.88 -11.4 4.02
0 94.65 -11.39 2.92
0.02 94.41 -12.44 2.96
0 94.57 -11.38 4.9
0 95.47 -12.41 2.27
0.08 95.43 -14.32 1.35
0.03 95.34 -13.72 1.44
0.2 95.14 -12.02 2.24
0 95.46 -12.56 1.83
10.38 95.18 -13.38 2.91
0 95.18 -14.1 2.35
0 94.86 -13.41 4.51
0 95.52 -14.65 2.69
0 95.64 -15.01 1.74
0 95.74 -13.45 1.37
0 95.11 -8.33 1.81
0.1 94.44 -4.75 5.17
0 94.9 -7.38 3.68
0 94.41 -9.41 2.42
0.27 95.28 -12.37 4
0 95.52 -10.79 3.47
0 94.98 -8.98 3.26
0 95.69 -8.77 3.7
0 95.12 -5.84 2.37
0 94.54 -4.68 1.76
0.32 94.23 -2.26 2.54
0 94.61 -7.07 3.53
0.02 95.5 -7.49 2.67
0.02 95.45 -8.22 1.32
0.05 95.26 -9.45 5.63
0.02 94.81 -10.62 6.12
0 94.98 -10 4.98
0 95.08 -7.83 3.17
0 95.05 -7.2 1.8
0 95.55 -5.76 1.58
0 95.36 -4.41 1.9
0 94.19 1.7 3.42
1.21 94.62 -4.58 4.73
0 95.13 -7.56 3.31
0 94.52 -6.11 2.62
0 93.55 -4.1 5.23
0 95.28 -7.88 4.04
9.73 95 -7.09 2.59
6.74 94.46 -4.73 4.42
0 94.93 -5.48 3.69
0 94.66 -2.65 3.69
0 94.63 -1.3 3.01
0 94.82 -1.4 1.68
0 94.46 1.02 3.08
0 94.47 -0.76 3.02
0.14 94.84 -5.52 3.6
0 94.02 -0.78 2.94
0 94.15 -1.01 1.82
0.03 94.37 -4.44 2.47
0.26 94.76 -6.12 3.48
0.07 94.53 -8.19 4.22
0 94.54 -5.84 5.06
0 94.08 -1.08 4.17
0 93.88 0.22 3.07
0 94.08 2.5 2.02
0 94.38 3.35 3.35
0 95.18 -1.21 4.77
0 95.19 0.26 2.91
0 95.14 0.78 2.04
0 94.85 2.41 1.78
0 94.51 2.53 1.76
1.6 94.4 3.24 1.84
0 94.93 4.25 1.9
0.16 95.03 3.76 2.09
0.65 95.11 1.15 3.41
0 94.89 1.33 2.13
0 94.67 2.41 2.13
0.75 95.04 1.06 1.52
5.49 94.71 0.79 1.44
1.26 94.58 2.45 3.02
0.51 94.51 1.05 2.14
0 94.69 2.16 2.36
0 94.43 5.16 2.91
0 94.41 8.2 3.63
0.1 95.23 3.37 2.76
0 95 3.69 1.96
0 94.41 5.46 1.75
0 94.44 8.85 2.13
0 94.32 11.89 2.99
0 93.98 16.52 4.03
0.37 93.71 14.81 3.7
2.11 93.88 10.45 4.01
1.11 93.92 9.09 2.68
0 94.7 7.95 3.4
0 94.62 8.36 2.09
0 93.65 12.64 4.02
0 94.24 6.94 4.13
0 94.14 6.17 2.54
0 93.45 12.31 4.48
0 93.11 14.71 2.96
0 93.56 15.63 3.4
0.31 93.88 13.34 3.22
1.98 92.8 13.28 5.13
1.01 93 6.88 5.97
4.61 93.31 7.39 3.22
7.27 93.73 8.34 3.09
0 94.13 9.6 2.25
0.03 93.47 12.34 5.04
0 93.71 8.86 3.05
0 94.05 7.92 3.47
0.02 94.68 8.05 3.84
0 94.72 10.04 4.7
0 93.93 14.32 4.34
0 93.4 16.37 3.3
0 93.07 19.92 4.48
0 93.92 15.92 2.35
0 94.21 17.41 2.53
0 94.13 21.35 4.03
2.46 94.04 18.92 5.91
7.74 94.03 14.47 3.83
11.3 93.72 9.23 6.18
0 93.99 9.76 6.3
0 93.86 18.06 4.27
0 93.58 19.85 2.49
0 93.25 20.69 4.17
0.18 93.35 18.7 3.31
0.02 93.49 14.11 5.11
0 93.31 12.04 4.83
1.78 93.59 11.59 4.52
0.19 94.3 13.43 4.72
0 94.24 16.13 2.26
0 93.44 20.15 1.77
0 93.27 23.62 2.13
0 93.25 28.85 4
2.28 93.67 25.79 3.51
0.97 93.96 22.63 2.89
8.61 94.31 14.1 3.72
198.01 94.37 9.25 2.14
0.16 94.14 16.16 2.33
0.01 93.75 18.94 2.25
0.07 94.25 15.25 2.99
0 93.77 19.03 2.53
0 93.38 21.61 2.96
0 93.75 21.5 4.45
16.58 93.96 17.59 2.8
0.58 93.46 19.92 3.01
6.52 93.04 19.81 3.02
0 93.53 17.12 3.55
108.36 93.81 11.38 2.03
0 93.92 15.73 2.41
0 93.94 19.39 2.15
0 94.05 21.36 2.22
22.49 93.72 15.59 2.43
1.02 93.5 18.52 2.92
0.26 93.41 20.79 3.69
0 93.53 19.87 3.52
0 93.85 18.47 2
3.86 94.01 17.92 2.05
19.73 94.3 18.24 1.79
0 94.31 20.45 2.03
0 93.92 26.56 2.46
0.21 93.63 26.77 1.63
0.6 93.46 25.91 2.8
15.68 93.36 22.99 2.23
36.18 93.35 20.53 2.55
57.05 93.27 18.91 1.65
5.33 93.33 19.75 2.63
0.37 93.52 20.68 2.22
63.98 93.86 18.4 1.74
88.05 93.75 17.14 1.62
3.4 93.49 19.48 1.49
3.17 93.47 22.23 1.58
0 93.64 24.05 1.7
20.27 93.48 25.11 2.82
18.94 93.49 26.27 2.86
0.18 93.38 27.25 2.69
10.48 93.32 26.77 2.35
24.76 93.2 26.9 2.22
18.35 93.38 25.11 2.41
0.82 93.49 25.45 2.18
29.92 93.64 23.62 1.8
34.8 93.79 22.55 1.64
41.98 93.54 23.73 2.51
544.27 92.76 22.19 2.36
27.24 92.67 23.97 2.7
28.24 92.85 24.1 2.79
0.45 92.86 23.67 1.95
0 93.09 24.77 1.85
0.46 93.18 27.75 2.39
70.07 92.98 27.13 2.95
15.25 93.44 24.79 1.94
10.2 93.73 25.93 1.74
0 93.86 26.97 1.78
0 93.75 28.85 1.93
0.01 93.47 29.16 2.76
22.18 93.3 26.48 2.63
101.26 93.32 21.34 2.36
30.32 94.03 20.94 1.99
26.55 93.98 21.35 1.49
2.83 93.53 23.71 1.21
0.7 93.68 23.6 1.66
0.38 93.87 23.39 1.98
35.79 93.48 22.12 2.44
1.13 93.77 22.48 2.48
0 94.24 22.61 1.53
0 93.78 23.16 1.64
60.05 93.39 23.31 2.62
0.05 93.55 25.06 1.89
1.55 93.6 26.28 2.28
41.39 93.38 24.52 1.92
540.94 92.85 22.9 1.82
27.15 93.23 23.81 1.5
116.71 93.28 23.62 2.24
48.15 93.14 21.72 1.75
1.59 93.18 23.43 2.24
18.52 93.05 22.13 1.46
40.06 92.86 20.33 1.43
9.61 92.94 22.63 1.49
47.05 93.33 23.07 2.35
68.99 93.69 21.83 1.92
1.13 93.85 22.7 1.8
16.83 93.8 21.83 1.64
64.22 93.73 21 1.64
230.49 93.81 19.2 2.06
50.55 93.96 20.22 1.84
47.82 94.09 20.99 1.8
21.03 94.1 21.45 1.87
29.64 93.71 21.97 1.79
1.45 93.48 24.96 1.91
21.57 93.95 21.85 1.84
260.61 93.85 18.89 1.86
0.02 93.83 19.29 3.82
0 93.9 17.58 3.75
0 94.19 18.85 2.3
13.91 93.89 17.13 2.63
3.94 94.41 15.08 3.1
0 94.49 13.8 2.1
0 94.24 16.02 2.19
0.51 94.24 16.42 1.66
1.53 94.06 19.27 1.73
21.31 94.08 18.79 2.01
14.55 93.96 19.12 2.44
2.67 93.8 20.48 2.52
0.07 93.73 19.3 3.7
0 93.64 18.42 1.8
0 93.42 20.8 2.16
1.44 94 17.52 2.63
10.05 94.02 17.63 2.11
62.66 93.89 16.67 1.72
0.02 94.17 15.53 2.15
0 94.55 14.86 1.87
0 94.78 15.43 1.68
7.83 94.74 17.17 2.19
13.96 94.52 17.73 1.93
0.65 94.12 18.37 2.5
0.01 93.95 16.64 2.41
0 93.4 18.7 2.25
0.36 93.88 14.45 3.05
0 94.2 14.6 1.55
2.79 93.5 18.58 3.12
9.19 93.56 16.27 3.93
0 93.69 17.73 3.83
0.1 94.09 16.82 2.52
14.62 94 15.46 2.31
20.94 94.35 12.45 2.27
0.04 94.29 9.11 2.35
0 94.16 8.04 3.44
0 94 9.28 2.61
0 94.07 12.68 2.46
0.36 94.34 13.68 3.84
0 95.06 8.29 2.41
0 95.39 6.88 1.96
0 95.09 9.07 2.49
0 94.39 14.13 3.47
0 94.18 14.96 2.97
0 94.56 13.32 1.97
10.2 94.86 11.51 1.67
68.25 95.52 8.26 3.29
22.18 95.52 4.54 2.58
1.88 95.28 4.34 2.86
1.12 94.87 3.84 2.09
0 94.77 5.23 3.13
0.01 95.34 3.84 1.27
20.04 95.39 6.14 1.93
0.05 95.73 4.59 1.86
0 95.53 4.8 1.68
6.43 94.86 7.65 1.55
0.31 94.69 8.27 1.42
0 94.37 10.63 2.72
0.02 95.1 6.27 1.6
8.92 95.18 3.68 1.63
0.15 95.18 4.53 1.54
0 94.95 6.63 1.88
0 95.06 7.02 1.55
0 94.42 9.61 1.57
0.05 94.25 10.33 1.95
0 95.17 5.6 4.78
0 95.65 1.33 3.64
0 95.08 4.7 2.37
0 94.19 7.94 3.2
