1.12 94.73 -17.39 1.38
0.03 95.38 -18.41 1.51
18.8 95.23 -19.98 1.5
6.68 95.49 -19.09 3.24
0 95.77 -20.28 2.35
0.01 95.98 -20.56 2.22
0.09 96.07 -18.5 1.38
20.33 95.43 -17.38 1.08
6.03 95.64 -17.3 1.32
0 95.9 -16.77 1.35
0 95.88 -16.94 3.03
0 95.31 -19.18 3.23
0 95.31 -16.6 3.64
1.84 95.14 -16.33 1.29
0 96.21 -15.9 1.42
0 95.77 -14.4 1.03
0 95.45 -11.16 1.27
0.01 95.35 -6.73 1.35
0 94.85 -0.24 3.35
0.12 96.13 -10.65 4.71
0 95.99 -14.01 3.11
0 95.7 -12.02 4.77
0 95.16 -8.53 3.85
0 94.6 -9.13 4.36
0 95.57 -9.83 3.95
0 98.3 -4.84 3.21
0.93 94.52 -4.63 2.78
0.02 95.12 -11.51 4.33
0 94.69 -5.92 4.95
0 94.77 -5.71 2.07
0 95.36 -9.49 1.67
0.56 95.51 -11.86 1.97
0 95.52 -15.14 2.4
0 95.44 -13.79 2.65
0 95.43 -14.45 2.25
0 95.77 -14.48 1.46
0.02 95.61 -12.22 2.07
2.63 94.67 -3.94 2.74
0 94.82 -5.59 1.89
0 95.45 -8.25 2.36
0 96.05 -11.4 2.95
0 96.46 -12.87 3.46
0 96.16 -12.43 1.97
0.07 95.51 -10.58 2.27
0 95.95 -11.44 2.49
0 96.11 -13.18 1.95
0 95.63 -11.2 1.6
0.01 95.24 -9.62 3.05
0 95.03 -8.78 2.9
0 94.5 -4.58 1.83
0 94.38 -7.93 1.7
0 94.53 -7.04 1.76
0 94.5 -4.63 2.59
0 93.48 0.62 1.94
2.27 93.9 -3.7 1.86
0 94.96 -7.04 1.95
0.32 95.11 -5.93 1.74
3.66 94.77 -7.14 2.02
0.91 95.41 -8.8 2.22
0.16 95.07 -8.65 1.94
0.51 94.82 -4.14 3.53
0 94.84 -2.26 2.99
48.82 94.5 -3.09 2.87
2.49 95.61 -10.87 3.38
0 96.28 -12.9 1.7
0.01 96.54 -13.17 1.59
3.12 96.85 -10.91 2.56
0.01 96.05 -10.16 2.57
0 94.66 -4.52 2.56
0.47 93.57 1.96 3.63
0.85 94.82 -5.74 4.31
0 95.35 -3.35 1.85
39.86 94.76 -0.66 2
0.69 94.81 -3.48 5.91
0.02 95.24 -5.44 2.72
0 95.65 -6.33 2.39
0 94.6 -3.13 2.64
0.39 93.27 3.78 2.43
46.99 93.98 -1.55 3.76
0 94.25 -0.31 2.9
0.14 94.28 3.2 3.83
0 94.92 1.92 2.63
0 95.51 -1.34 2.67
0.11 95.48 -4.08 3.6
1.04 94.99 -3.5 1.8
3.05 95.56 -2.81 1.68
0 95.46 2.73 1.46
0.07 95.21 5.51 1.85
5.01 94.61 8.68 3.93
2.42 94.4 6.82 4.93
0 94.83 0.93 5.41
0 94.88 -0.92 4.16
0 94.45 4.41 4.09
0 94.26 8.16 3.92
3.91 94.91 2.17 2.37
0.01 95.52 1.34 2.26
0 94.9 6.99 3.47
0.37 93.7 12.12 5.69
18.58 94.56 1.97 2.71
0 94.85 2.65 3.2
1.21 94.79 1.17 2.06
52.25 94.65 -0.4 3.44
0.02 95.39 -1.63 5.12
0 95.49 1.58 2.57
0.44 94.83 3.7 2.54
6.84 95.11 2.59 1.71
0 95.03 4.78 2.75
29.96 94.37 10.04 2.66
21.46 94.88 8.22 1.96
0.25 95.24 7.92 2.07
0.15 95.49 9.08 1.99
0.81 95.25 8.59 2.16
0.49 95.12 7.77 1.86
0 94.68 12.23 2.89
3.49 94.41 12.8 4.06
19.79 94.33 4.11 3.41
15.46 93.95 1.91 3.46
0.12 94.09 4.36 6.12
2.08 94.24 6.53 5.19
7.49 94.45 11.52 2.52
0 93.9 17.09 1.93
0 93.66 18.12 4.3
0.21 94.18 15.96 2.08
2.65 93.69 62.12 2.53
213.65 93.37 9.16 2.9
7.33 93.84 12.81 4.12
43.41 93.83 11.14 1.65
6.76 94.05 14.32 2.56
43.15 93.86 10.97 3.65
11.44 93.78 8.92 2.34
2.98 94.81 9.53 2.29
0 95.04 13.14 1.62
0 94.97 16.03 1.6
5.73 94.55 17.06 3.28
7.38 94.46 20.11 2.4
0.82 94.63 19.48 2.34
13.46 94.15 17.71 2.59
199.65 93.33 12.03 2.78
0.58 93.03 17.83 4.83
0 93.86 21.43 2.57
0 94.01 24.25 2.7
0.51 94.03 22.2 2.02
0.38 93.71 21.5 2.52
9.62 93.98 17.12 3.92
0.45 94.55 20.76 3.02
0.21 94.93 21.54 2.2
7.22 94.84 18.77 1.9
90.35 94.21 15.49 2.39
65.42 93.87 16.42 1.86
68.81 94.36 15.07 1.85
11.7 94.93 16.37 1.17
3.44 94.82 18.12 1.5
0.55 94.94 19.23 1.47
0 94.98 21.5 1.67
0.02 94.77 22.63 1.94
0 94.47 23.75 2.03
0 94.48 23.69 2.31
0 94.56 24.53 3.27
0 94.69 24.51 3.31
0 94.8 24.66 2.33
1.45 94.68 21.49 2.17
0.03 94.38 21.52 3.29
0.59 94.05 23.63 1.83
25.63 93.79 23.66 2.9
51.69 93.71 22.1 2.77
0.63 93.63 23.45 2.45
14.14 93.74 23.43 1.64
73.99 93.77 21.12 2.02
27.18 93.87 20.7 1.91
0.87 93.98 22.73 1.37
0.06 94.37 22.6 2.58
0.03 93.95 23.01 1.86
5.27 94.29 20.02 2.02
0 94.36 23.16 1.52
0 94.22 25.65 1.79
0 94.2 26.75 2.56
0 94.14 26.14 1.8
10.56 93.98 22 1.61
19.38 93.9 22.43 1.45
0.13 93.95 23.92 1.46
0.17 93.71 25.81 1.36
67.37 93.67 22.34 2.34
1.37 93.7 24.9 1.32
0.07 93.69 27.71 1.72
2.55 93.67 26.96 2.26
0 93.69 26.32 3.13
0.03 93.81 24.97 2.62
9.45 94.09 20.82 1.9
1.91 94.29 22.24 2.06
1.86 94.23 21.86 2.37
65.73 94 21.24 1.72
105.82 94.02 20.48 1.48
254.81 94.3 20.01 1.32
3.52 94.56 22.27 1.05
0 94.46 24.02 2.2
70.9 94 22.53 2.44
10.88 93.78 24.79 2.9
1.81 94.02 25.94 2.19
2.31 94 27.08 2.46
16.1 94.07 25.93 2.48
88.63 94.02 24 1.9
0.78 94.27 24.71 1.53
1.42 94.37 25.97 1.61
9.83 94.39 27.02 1.4
12.46 94.51 27.53 1.48
0.46 94.36 28.04 1.93
8.1 94.28 27.43 2.32
33.73 93.92 26.45 2.22
268.28 93.53 25.61 2.51
9.46 93.57 21.93 1.29
38.35 93.52 25.64 1.2
164.46 93.85 22.05 1.77
0 94.46 21.14 2.13
0.03 94.33 22.62 1.55
10.15 93.58 24.83 2.91
44.58 93.83 23.34 1.96
58.43 94.25 21.89 3.28
0 94.97 20.26 1.65
31.28 94.58 19.92 1.44
89.22 93.86 22.25 2.3
25.27 93.97 22.42 2.31
0 94.18 21.5 1.85
0 93.89 24.48 2.42
35.98 93.64 24.66 1.86
2.92 93.52 26.04 2.19
13.75 93.43 23.81 3.39
0 93.95 21.85 2.95
0 94.29 22.21 1.61
17.51 94.28 22.45 2.17
9.51 94.43 22.92 2.29
96.57 94.61 22.39 2.04
0.68 94.92 22.46 1.85
127.52 94.83 18.66 1.54
56.96 94.79 19.18 1.46
1.94 94.77 19.91 1.39
0 94.69 22.24 1.81
0.14 94.94 21.47 1.71
3.58 95.16 21.27 1.47
0 94.88 20.61 1.63
0.9 94.65 19.86 1.51
25.11 94.26 20.36 1.61
3.83 94.37 20.36 1.29
0.68 94.41 21.52 1.85
9.17 94.93 19.84 1.61
6.44 95.07 20.59 1.29
0.04 94.94 19.7 1.14
0 94.64 19.87 1.73
0 94.42 22.61 1.68
0.45 94.67 23.37 1.89
0 95.21 17.93 1.58
0 95 17.49 1.36
2.76 94.55 18.32 1.28
7.59 94.24 18.62 1.59
0.15 94.48 19.19 1.48
0 94.62 20.41 1.06
3.03 94.67 22.06 1.39
0 94.76 22.4 1.67
6.13 94.54 20.88 2.13
101.89 94.96 14.41 2.13
291.93 95.05 8.95 1.72
133.17 94.9 12.72 1.37
0 94.62 16.32 1.52
50.01 94.9 14.45 2.09
183.94 95.5 9.34 2.5
0 95.35 9.86 2.44
0 95.15 12.24 1.43
0.99 94.87 14.53 1.35
11.78 94.61 15.19 2.55
0.18 94.82 12.1 2.65
0 94.81 10.11 4.94
0 95.63 8.67 2.55
0 95.2 9.81 1.37
0.04 94.89 15.16 2.03
1.88 95.26 12.15 1.39
261.81 95.01 6.97 2.31
78.28 94.95 7.73 2.43
0 95.03 9.28 1.58
0 94.63 13.42 1.49
0 94.51 16.92 2.47
0 94.64 18.08 2.77
0 94.59 17.75 2.25
0 94.16 17.26 3.25
54.11 94.79 10.12 2.08
147.46 95.21 4.81 2.07
0 95.27 8.07 1.79
0 94.85 9.48 1.84
0 95.05 7.89 3.19
0 94.54 7.35 3.04
0 95.37 1.91 2.92
0 95.91 0.4 0.96
17.2 95.85 -0.38 1.29
52.32 95.91 0.52 1.03
0 95.76 1.74 1.16
0 95.21 3.86 1.32
0 94.91 8.38 1.4
7.6 95.14 8.12 2.34
3.85 95.68 3.12 3.48
0 96.02 -0.71 3.6
0 96.65 -1.77 2.22
0 95.82 0.68 1.8
0 95.71 4.44 2.3
0 95.71 5.75 1.59
0 95.78 5.79 1.66
0 95.61 6.05 2.28
0 96.14 1.65 3.32
0 95.63 1.46 2
0 95.24 5.01 1.7
0 95.32 4.58 1.36
0 95 6.86 1.96
0 94.72 7.03 1.53
5.63 94.92 2.81 2.43
0.33 95.4 -0.13 3.58
0 95.04 -1.47 1.42
0 94.6 -0.11 1.27
17.99 94.11 0.38 3.93
3.36 94.5 -1.12 1.99
0.66 95.52 -2.12 4.12
0 96.48 -5.49 2.75
0.06 95.79 -3.38 2.6
0 95.17 -0.08 1.62
0 95.07 0.92 1.96
0 94.75 4.77 3.43
0 94.29 3.03 2.41
0 94.06 5.6 2.09
0.39 94.24 1.6 4.47
0 94.99 -3.14 2.21
0 94.8 -2.69 1.83
0.02 95.07 -2.69 4.52
0 95.35 -6.99 2.77
0.99 94.49 -6.82 2.38
0 94.87 -8.06 6.26
0.3 95.03 -8.28 1.54
0.13 94.91 -7.39 1.21
0 94.53 -3.43 2.12
0.04 94.16 -4.03 1.91
0.08 94.76 -8.6 3.7
0 94.79 -6.13 2.12
0 93.79 2.38 2.39
0 95.23 -3.86 3.27
0 95.74 -6.4 3.43
0 94.46 -5.87 2.57
0 94.44 -7.56 1.54
0 93.89 -5.81 1.68
2.35 93.83 -9.53 4.08
0 94.78 -13.18 1.76
1.69 95.17 -14.88 1.96
0.04 95.88 -16.32 2.71
0 95.77 -16.95 3.85
0 95.47 -15.99 3.96
0 94.16 -9.17 3.78
0 94.03 -7.06 1.68
0 94.08 -4.44 2.13
0 94.35 -3.16 2.76
0 94.6 -1.45 2
0 94.36 -7.85 1.38
0.38 94.93 -11.46 2.89
0 96.17 -17.74 3.28
0 96.13 -16.39 3.59
0 95.24 -15.49 3.41
0 94.15 -12.31 3.15
0 93.83 -9.89 2.29
0 94.48 -12.5 3.44
3.75 94.71 -13.2 2.06
0.05 94.91 -13.33 4.73
0.15 95.46 -12.03 5.15
0 95.67 -12.03 3.44
0 95.81 -12.75 2.96
0 95.42 -13.33 1.02
0.02 95.03 -13.22 1.76
0.04 95.21 -11.95 5.06
0 95.81 -10.96 4.13
0.02 95.11 -8.56 1.94
0.33 95.01 -10.32 3.67
0 95.54 -14.11 4.23
0 94.78 -11.51 3.13
0 94.36 -13.01 3.98
0 94.49 -13.28 2.09
0.01 94.5 -11.77 3.19
0.05 95.5 -15.86 3.3
0 95.92 -18.03 3.55
0 95.73 -15.5 2.7
0 95.56 -14.75 2.72
0 95.27 -14.95 3.21
0 95.25 -15 3.61
0 95.16 -13.11 2.42
0 94.98 -13.25 1.74
0 94.98 -14.1 3.52
0.07 95.25 -15.08 3.55
0.02 95.4 -14.76 1.89
0.04 95.57 -15.34 2.48
0 95.98 -15.89 1.72
0 96.27 -14.51 2.97
0.04 95.82 -14.88 3.37
0 95.54 -15.35 3.75
0 95.32 -11.27 3.89
0 94.95 -4.16 3.16
0 94.65 -5.21 1.99
0 94.59 -8.38 1.57
0 94.42 -6.37 2.28
0 94.69 -6.21 2.33
0.05 93.82 -3.86 4.74
0.02 94.45 -3.82 2.83
0 94.13 -7.1 2.08
0.74 94.3 -8.01 3.32
0.07 95.06 -11.02 1.82
0.87 95.05 -10.42 1.01
2.05 95.33 -13.87 3.94
0 95.43 -13.01 2.25
0.14 95.35 -12.27 2.11
0.08 95.28 -12.21 1.63
0 94.56 -3.94 2.85
2.29 94.59 -5.56 1.66
3.83 95.02 -5.54 2.69
0 94.98 -4.49 2.07
0 94.86 -0.48 2.18
0 95.15 -1.24 1.63
0 94.76 1.18 2.07
0 94.25 2.3 3.79
3.96 94.11 0.42 2.05
0.23 94.84 -4.68 2.89
0 95.44 -5.04 1.72
9.58 94.84 -2.7 4.32
0.49 95.68 -9.45 3.31
0.06 95.17 -8.41 3.4
0 94.84 -7.31 3.43
0 94.83 -7.2 2.56
0 94.96 -4.76 3.22
0 94.6 -1.18 2.01
0.13 94.12 1.03 2.58
0 94.95 -2.02 3.79
0 94.67 -1.92 4.56
0 94.72 -4.19 4.96
0 95.05 -2.23 4.04
0 94.8 -0.56 3.82
0 94.15 2.33 3.09
0 93.47 6.71 2.15
0.04 94.25 1.56 4.6
0 95.35 -2.74 4.06
0 95.03 -5.45 4.63
0 94.79 -3.6 3.23
0 94.16 3.19 3.38
0 93.86 4.25 5.23
0 94.27 1.29 3.86
0 94.47 -0.98 2.17
2.59 95.06 -4.1 4.33
0 95.14 -3.07 3.38
0 94.88 -2.45 2.66
0 95.03 -2.72 4.72
0 97.23 -0.71 2.79
0 97.2 0.81 3.13
0 97.04 2.67 3.14
0 97.29 2.6 1.92
0 96.99 7.04 3.38
0 96.65 7.84 2.02
0 96.26 9.5 4.32
0 97.55 1.85 4.01
0 97.46 2.01 2.32
0 97.01 5.83 2.62
0 96.91 7.46 1.35
0 94.67 9.91 2.79
0.08 93.92 10.56 5.38
2.41 94.34 7.46 4.78
0 94.29 8.08 4.03
0 94.19 8 3.62
0.79 94.85 5.05 3.39
0 94.52 9.08 3.48
0 93.92 14.36 3.46
0 94.04 13.51 1.69
0.03 93.3 15.97 3.37
0 94.17 10.13 5.16
0 93.82 12.27 4.22
1.32 93.92 7.73 7.12
0.41 94.56 6.87 4.79
0 94.33 9.62 2.12
0 93.82 13.23 4.16
47.2 94.55 7.38 2.2
3.31 94.42 6.28 1.96
13.14 94.15 5.12 3.11
5.88 93.72 6.16 3.93
0.06 93.3 8.55 1.82
5.99 93.34 9.26 3.02
2.78 94 7.34 2.75
0 93.5 9.65 1.53
33.07 92.88 8.46 1.64
2.96 92.84 9.47 2.41
0.93 93.77 13.09 3.65
0.42 94.02 10.55 4.19
0 94.33 12.48 2.87
2.23 93.86 12.53 3.01
110.53 93.06 9.24 3.07
0.19 93.14 10.82 3.86
0.01 93.67 13.2 3.21
1.19 93.61 15 3.89
10.8 93.47 16.72 3.23
0 93.73 17.94 2.39
0.27 93.4 15.82 5.44
0.87 93.33 12.39 6.21
0 93.54 14.88 6.72
0 93.64 15.79 4.65
0 94.2 12.73 3.44
0 94.14 13.91 2.29
0.02 93.04 17.48 2.38
13.7 92.85 18.59 3.79
10.15 94 13.15 3.07
2.64 94.1 11.51 3.47
0.82 93.96 12.52 4.5
0 93.83 17.21 3.16
0 93.96 18.1 2.77
0 94.09 20.45 2.98
5.11 93.97 20.29 4.33
8.67 93.9 18.68 5.12
0.01 93.75 20.07 2.98
0.75 93.56 23.56 5.38
11.47 93.69 21.99 2.61
46.12 93.29 18.2 3.23
7.76 93.23 17.15 3.24
0.03 93.64 19.47 3.1
5.69 93.35 20.39 5.32
2.55 93.5 18.55 4.14
0.44 93.75 19.33 1.99
1.53 93.61 22.92 1.87
7.41 92.98 24.38 3.06
17.62 92.73 21.79 2.7
12.33 92.98 21.76 2.39
0 93.39 22.27 2.76
34.79 93.35 20.44 2.04
179.34 93.51 15.92 2.58
5.51 93.69 19.54 1.97
5.56 93.7 21.22 1.43
66.55 93.49 20.12 2.07
47.11 93.48 18.5 2.06
123.27 93.68 17.37 1.77
0.44 93.85 20.44 1.78
0 93.76 24.05 1.25
0 93.59 26.33 1.93
0.08 93.31 27.77 2.91
0 93.26 27.26 2.72
19.58 93.04 21.97 2.26
66.36 93.34 15.89 2.45
1.07 94.01 18.95 2.51
0 94.35 20.6 1.54
3.4 93.8 22 2.98
5.24 93.08 23 2.59
14.1 93.2 24.81 2.62
0.02 93.33 25.38 3.37
35.21 93.26 23.82 2.53
61.42 93.38 22.03 1.51
0.31 93.3 23.29 2.54
0 93.43 23.71 2.59
0 93.54 25.26 2.56
46.83 93.01 22.85 2.67
0.66 92.73 24.75 3.45
75.55 92.83 17.67 1.79
27.13 92.88 18.13 2.74
13.07 93.55 21.04 1.88
23.79 93.71 22.76 2.19
12.31 93.76 23.89 2.02
4.94 93.78 23.73 2.27
4.83 93.61 24.05 1.42
42 93.74 21.88 1.82
11.01 93.7 22.22 1.62
45.86 93.57 21.52 1.73
20.9 93.63 20.84 1.38
73.77 93.7 21.5 1.35
322.78 93.57 20.17 1.98
65.2 93.45 20.98 1.61
61.59 93.36 22.01 1.98
9.25 93.35 23.1 1.9
0.1 93.43 25.33 1.44
72.36 93.39 25.57 2.46
420.45 93.21 22.12 2.17
79.76 93.16 22.13 2.38
7.72 93.33 22.73 1.98
0.36 93.58 24.36 1.5
84.33 93.77 21.21 1.63
55.45 93.4 21.15 1.64
0.1 93.47 23.33 1.77
0.2 93.6 24.02 2.18
0.44 93.95 23.03 1.98
0.03 93.54 23.62 2.06
0 93.52 23.86 1.8
0.05 93.73 24.13 1.56
12.33 93.69 23.56 1.43
5.38 93.72 23.74 1.72
5.97 93.42 23.73 1.61
5.55 93.52 25.26 2.14
0 93.91 24.45 1.42
0 93.74 25.63 1.22
0 93.45 26.07 1.71
24.47 93.22 25.37 1.77
105.88 93.61 20.4 1.78
204.64 93.65 18.4 1.72
9.61 93.67 21 1.48
8.19 93.81 20.58 1.3
0.07 94.08 21.15 1.67
0.1 94.2 21.93 1.21
0 94.2 23.07 1.33
0.65 94.09 22.87 1.51
9.91 94.32 21 1.71
0 94.29 20.38 1.38
33.77 94.25 19.98 1.36
4.11 94.47 19.86 1.59
0.72 94.55 21.24 1.47
8.1 94.34 19.81 2.02
4.45 94.03 20.72 1.41
0.53 93.93 21.94 1.4
0 93.87 23.13 1.39
13.84 93.65 21.97 3.04
0.9 94.16 18.73 1.73
0 93.97 19.77 1.7
4.72 94.49 17.47 2.28
0.33 94.42 18.4 1.53
0 94.48 17.79 1.36
0 93.99 19.26 1.32
11.03 93.66 17.79 3.16
2.2 94.29 13.04 1.86
0.12 94.83 12.73 2.02
2.64 95.05 13.64 2.04
3.66 94.52 16.69 2.06
0.4 94.25 17.28 2.14
0.05 93.83 19.87 3.14
21.52 93.94 16.84 2.05
16.61 94.21 13.47 1.5
38.19 94.54 11.94 2.3
0 94.93 8.72 2.25
0 95.35 9.24 2.32
0 95.16 10.22 1.4
0 94.82 11.77 1.68
0 94.43 13.24 1.54
0 94.54 14.22 2.27
0 94.38 14.61 1.85
0 94.12 17.31 2.94
0.03 94.43 17.19 1.68
0.18 94.54 18.39 2.97
0.11 94.35 18.56 2.25
11.5 94.22 14.7 2
0.11 94.72 7.64 3.09
0 95.18 6.23 2.58
0 95.24 6.77 2.93
0 95.7 7.68 3.3
0 95.33 9.09 1.58
0 94.65 10.95 2.25
0 94.11 11.93 3.46
0 94.7 9.57 2.02
0 94.65 10.33 1.29
0 94.39 13.85 2.07
0.07 94.87 12.98 2.94
0 95.36 9 1.29
0 95.07 11.98 1.75
0 94.49 14.06 1.43
65.78 93.92 10.27 1.64
2.59 93.87 8.68 2.32
1.5 93.5 7.75 2.81
1.31 94.01 8.02 4.44
0 94.97 4.77 2.05
0 95.02 8.24 1.39
0 94.78 10.59 2.03
0.02 94.62 14.18 3.3
0 94.6 13.54 1.94
0.71 94.52 11.01 1.65
40.09 95.1 4.02 3.63
0.01 95.4 1.83 3.32
0 95.38 4.02 1.9
0 94.95 5.6 1.51
2.43 94.8 6.7 2.42
0 95.09 6.19 1.56
0 94.73 6.62 1.52
0 94.52 8.81 3.09
0 94.71 9.96 3.83
2.94 94.95 10.53 2.8
0.03 95.54 3.93 1.51
1.69 95.2 7.24 1.58
3.19 94.99 9.16 3.27
0.13 95.71 2.07 2.5
0.07 95.54 0.56 0.97
0 95.47 2.99 1.58
0 95.44 2.91 1.51
0 95.23 1.74 1.19
0 94.58 2.06 1.12
0 93.98 3.85 2.1
0 94.28 4.65 3.61
0.04 95.07 -2.77 2.65
0 95.14 -5.1 1.71
0 95.17 -4.32 1.49
0 95.42 -2.42 1.61
22.51 94.76 -0.43 0.87
3.14 94.61 -1.5 2.69
0.94 94.79 -5.89 3.56
0 95.23 -7.09 2.64
0 95.23 -4.79 2.02
14.38 94.9 -6.29 2.61
0.38 95.47 -8.27 2.84
0 95.17 -9.14 0.93
0.12 95.13 -7.32 1.38
0.64 94.5 -0.54 2.07
0 94.59 -1.58 1.35
0 95.45 -4.66 2.23
0 95.97 -9.12 1.44
0 96.23 -8.75 1.91
0.15 95.48 -8.05 0.93
0.05 94.8 -5.56 1.1
0 95 -7.05 1.39
0 95.33 -8.93 0.95
0.67 95.53 -9.39 0.81
0.77 95.52 -6.93 0.77
0.7 95.81 -8.73 2.72
0.04 96.1 -12.41 3.7
0 95.7 -11.63 3.32
0.01 94.87 -6.93 5
0 94.94 -4.24 3.05
0 95.38 -7.4 1.68
0.01 94.66 -4.67 2.94
0 95.41 -10.19 4.46
0 95.61 -13.81 3.36
0 95.71 -12.69 3.89
0 95.48 -10.89 2.28
0 95.53 -10.85 2.29
0 95.43 -11.74 1.11
0 95.09 -10.71 2.27
0 95.06 -10.23 4.23
0 95.27 -12.05 2.8
0 94.82 -10.24 3.35
0 94.99 -13.35 1.96
0 95.48 -12.67 1.72
0 95.72 -11.39 1.99
0 95.26 -7.63 2.12
0 95.67 -11.47 1.56
0 95.96 -15.05 1.09
0.09 95.41 -12.67 0.8
0.01 95.23 -10.06 1.95
0.12 95.62 -11.76 2.02
0.37 95.03 -12.16 2.64
0.15 95.22 -13.07 4.26
0 95.41 -12.29 2.84
0 95.22 -11.79 1.9
0 96.02 -15.05 1.28
0.12 95.9 -15.28 0.94
0 95.49 -12.81 1.48
0 95.45 -13.61 1
0.13 95.52 -13.08 3.24
0 95.56 -12.86 3.11
0 94.74 -7.65 3.27
0 94.99 -9.3 2.46
0 94.91 -9.4 2.39
0 94.63 -10.73 0.99
0.08 94.49 -9.5 1.28
0.13 94.69 -12.65 1
0 94.83 -11.26 1.27
0 95.29 -11.99 1.19
0.02 95.97 -15.02 3.21
0 95.81 -18.57 3.19
0 95.45 -18.25 2.86
0 94.93 -17.51 2.31
0 94.79 -16.92 2.83
0 94.39 -14.54 3.14
0 94.52 -14.12 1.87
0 95.04 -15.69 1.54
0 95.26 -15.32 2
0 95.65 -16.12 1.96
0.04 95.26 -17.79 1.4
0.19 94.82 -17.15 3.92
0 95.6 -18.2 4.42
0 95.57 -16.25 3.2
0 94.61 -13.72 3.28
0 94.68 -10.54 2.64
0.1 94.13 -7.44 2.38
0.05 94.8 -14.03 5.16
0 94.98 -16.58 4.9
0 94.55 -13.41 5.25
0 94.72 -11.28 3.38
0 95.06 -11.66 3.1
0 95.11 -11.5 1.71
0 94.77 -9.09 2.66
0.04 94.54 -4.81 2.26
0.24 95.13 -9.81 3.23
0 95.05 -11.01 3.02
0.07 95.14 -12.37 3.41
0 95.27 -13.59 4.76
0 95.16 -10.67 3.62
0 94.55 -6.01 2.96
0 94.7 -9.01 2.17
0 94.44 -10.39 1.18
15.75 94.1 -8.71 2.35
0 95.01 -7.8 2.48
6.41 94.89 -6.69 2.36
0.02 95.33 -9.22 3.36
0 95.26 -8.56 2.67
0 94.71 -6.52 1.5
0 94.33 -2.32 2.43
0 94.52 -0.73 2.13
13.03 95.11 -4.67 1.3
0.45 95.29 -8.19 1.64
0.66 95.21 -6.69 1.54
0.14 94.59 -2.41 1.88
28.72 93.91 -4.39 1.71
26.15 93.98 -4.67 2.55
0.06 94.6 -5.14 3.84
0 95.32 -9.08 3.8
0 94.99 -9.3 1.85
0.34 94.93 -8.88 4.53
0 95.37 -8.54 4.01
0 95.04 -6.57 1.81
0 94.4 -2.39 3.23
0 94.93 -1.44 2.16
0 94.51 2.69 3.21
2.73 93.63 5.62 4.35
11.82 94.39 -3.79 3.58
11.3 95.19 -8.65 2.22
0 94.93 -2.76 2.39
0 94.87 -0.56 2.05
0 94.24 4.03 3.72
0 94.81 1.88 1.79
4.89 93.95 1.23 4.64
0 94.38 -0.93 5.87
0 94.82 0.04 3.45
0 94.5 5.03 2.67
0 94.73 7.96 3.45
0 94.85 9.24 3.47
0.41 93.87 9.24 8.05
0.81 94.52 0.4 4.92
0.48 94.53 -1.21 4.69
0 94.49 -0.66 1.98
2.08 94.42 1 2.99
0 94.04 3.77 4.46
0 93.88 4.03 5.32
0 94.13 3.09 4.97
0.39 94.47 3.66 2.46
0 93.98 10.01 3.84
0 94.14 9.87 5.26
0 93.98 12.86 3.25
3.78 93.78 13.03 5.83
2.55 94.13 7.36 4.74
0 93.58 11.68 3.61
0 93.41 14.08 3.48
0 93.42 14.74 3.16
3.04 94.1 8.38 3.8
0 94.32 8.63 2.58
0 93.38 16.12 4.16
0 93.44 18.72 4.11
2.18 93.8 15.41 4.5
14.04 94.34 13.45 3.34
1.21 93.79 12.86 2.38
0.15 93.17 14.41 1.77
0.82 93.1 18 3.96
193.1 93.65 12.14 2.96
51 93.6 8.95 4.47
0 92.95 10.81 3.59
0.34 92.68 10.63 7.8
0 93.89 9.06 3.37
0 93.88 12.6 2.72
0.42 93.62 17.71 3.7
0.68 94.23 16.1 2.55
27.4 93.74 16.89 2.2
0 93.79 20.5 2.31
0.51 93.97 19.53 2.61
0 94.02 17.52 3.23
0 93.65 17.26 2.47
2.56 93.63 16.61 1.97
0 93.87 18.24 2.15
0.08 94.08 19.97 2.5
5.73 94.35 19.22 2.73
98.55 94.32 13.72 1.78
17.04 93.8 13.59 3.02
19 93.57 10.74 2.77
2.21 93.54 11.4 4.4
0.02 93.3 11.6 3.41
3.94 93.07 12.24 5.27
0.03 93.5 15.89 1.47
0 93.38 22.44 3.74
4.43 94 19.48 3.06
5.09 94.31 18.25 2.02
0.2 94.13 20.41 4.05
2.5 93.88 19.45 4.1
1.87 94.02 16.82 3.31
0 94.03 16.46 3.22
0 93.81 17.84 2.54
0 93.48 19.48 2.56
0 93.91 20.23 2.3
0 94.02 22.95 2.43
13.7 94.07 19.56 2.7
44.72 94.48 14.41 2.84
0.31 94.55 16.54 1.65
18.62 94.07 16.85 3.16
12.99 93.86 16.01 3.11
47.7 93.61 15.59 2.27
27.54 93.34 18.39 3.61
0.76 93.55 20.44 2.14
3.94 93.1 20.11 2.62
11.4 92.99 21.86 2.21
25.54 92.97 21.96 2.2
32.2 92.85 20.92 3.36
8.87 92.99 17.07 3.32
3.41 92.68 15.94 3.29
18.63 92.8 15.92 2.52
203.72 93.42 13.22 1.96
323.07 93.66 13.81 2.18
210.65 93.66 15.28 2.88
8.96 93.5 18.98 1.65
8.32 93.4 21.65 1.67
4.48 93.59 21.54 1.72
10.72 93.33 21.53 1.6
20.33 93.37 21.76 1.72
3.05 93.52 21.91 1.33
47.58 93.48 21.06 1.58
0.57 93.22 22.31 1.99
61.88 93.24 21.91 2.43
33.36 93.6 20.74 2.53
30.36 93.98 22.37 2.06
2.38 94.16 22.77 1.66
3.31 93.86 20.6 2.05
39.04 93.46 21.36 2.28
0 93.34 23.6 2.21
1.47 92.96 24.19 4.12
2.99 92.99 22.34 3.86
0.96 92.98 22.19 2.82
0.05 93.33 23.04 1.62
1.67 93.46 22.9 1.67
1.12 93.35 23.51 1.58
44.65 93.31 23.8 1.85
40.2 93.3 24.95 2.09
16.93 93.35 25.28 1.93
143.38 92.97 21.5 1.83
52.47 92.78 19.04 2.65
92.21 93.18 18.63 3.07
14.18 93.68 20.57 2.45
0 93.68 21.06 1.66
0 93.7 22.5 1.42
0 93.92 24.47 1.27
0 93.99 25 1.98
0.07 93.82 24.86 2.22
3.75 93.7 24.88 1.48
9.82 93.64 24.72 1.68
68.54 93.56 23.19 1.3
371.48 93.19 21.58 3.43
0 93.64 22.99 1.43
0 93.83 23.88 1.75
7.28 93.74 24.1 2.06
44.27 93.36 25.4 3.8
1.77 93.77 23.76 1.65
120.12 93.27 22.65 2.31
14.38 93.03 23.22 4.03
0.31 93.66 21.82 1.39
48.73 93.95 19.79 1.54
109.58 94.11 18.88 1.72
77.21 94.04 19.79 1.38
12.11 94.06 21.91 1.63
63.13 94.12 21.99 1.68
0 94.3 23.21 1.24
0 94.12 24.09 1.3
0 93.71 25.78 1.99
7.45 93.65 24.61 1.9
2.48 93.93 23.31 1.32
0 93.77 23.92 1.64
34.88 93.87 19.86 2.27
31.13 93.9 17.77 2.08
1.08 94.01 19.65 1.54
4.46 93.67 18.89 1.9
6.99 93.77 21.03 1.85
0 94.07 21.89 1.78
0.08 93.64 23.24 3.01
76.28 93.72 22.64 2.38
1.52 93.8 20.59 1.59
6.87 93.79 19.64 2.57
4.32 94.37 16.12 1.94
0.05 94.49 16.19 1.97
0 94.21 20.63 2.49
0 94.16 22.22 2.05
0.88 94.03 22.47 2.38
3.16 94.09 21.79 1.26
7.91 93.97 21.47 1.72
2.03 93.58 22.56 1.92
0.73 93.71 23.28 2.77
0 93.92 24.7 2.08
0 94.04 25.04 2.43
1.08 94.08 24.49 1.98
245.42 94.06 15.64 3.16
16.51 94.4 13.44 2.68
0.3 94.42 12.47 2.06
1.75 94.5 15.92 1.9
0 94.42 19.45 2.05
15.78 94.53 18.2 1.52
0.74 94.47 17.34 1.21
0 94.4 18.76 1.1
0 94.31 20.64 1.45
25.01 93.99 19.06 2.35
91.17 94.05 12.72 3.93
0.61 94.16 11.45 2.7
0 94.54 13.89 1.53
0.05 95 14.02 1.12
0 95.11 13.7 1.31
0 94.49 14.35 2.35
0 94 15.89 2.73
0.13 93.96 15.68 1.67
0 94.17 17.39 1.71
3.16 94.07 18.13 2.24
1.25 94.11 17.35 1.35
2.43 94.46 15.7 1.38
0.44 94.73 15.57 1.48
32.82 94.59 14.35 1.88
1.35 94.86 14.22 1.49
45.18 94.49 10.34 1.63
44.69 94.51 9.86 6.81
0.73 94.68 11.11 3.41
0 94.66 11.36 1.72
0 94.48 12.63 1.54
1.22 94.29 13.89 2.19
1.03 94.14 12.84 3.35
0 94.28 13.04 2.37
0 94.82 10.59 1.88
0 95.2 11.68 1.14
0 95.06 13.53 1.42
0 94.53 15.98 2.6
15.99 94.15 12.35 3.41
0 94.65 8.38 2.38
0.04 94.24 10.1 2.21
0 94.08 12.32 2.29
0.12 94.47 7.95 4.16
0 94.88 6.56 2.47
0.02 94.97 6.81 1.99
29.23 94.34 8.54 3.84
0 94.36 4.09 3.92
0 94.49 5.26 2.64
0 94.29 7.61 2.18
0 94.74 6.32 1.5
73.05 95 1.52 1.07
80.28 94.44 2.22 1.69
0 94.12 6.11 1.98
0 93.88 9.06 3.43
0 94.5 8.37 1.96
0 94.51 10.73 2.26
4 94.43 10.06 3.32
0 95.33 2.78 1.44
1.81 95.21 -0.18 2.31
0.06 94.79 -0.45 2.86
0.03 94.63 -0.66 2.25
0 94.59 1.97 1.5
0 94.8 0.22 2
8.32 94.87 -0.19 1.56
191.12 94.58 -1.2 51.05
55.93 94.78 -0.92 3.09
0 94.76 -3.96 0.9
0 94.43 -1.34 1.98
0 94.66 -1.25 1.32
0 95.08 -3.04 1.05
55.65 94.78 -2.74 0.9
96.49 93.55 -2.85 5.46
0.17 93.99 -4.73 3.54
0 94.06 -6.55 4.62
0 94.84 -5.16 2.84
0 95.09 -6.68 1.01
21.73 94.58 -3.15 1.36
0 94.49 -5.64 48.47
0.01 94.17 -5.71 3.11
0.02 94.76 -3.61 3.22
0 94.81 -5.56 1.54
0 94.48 -3.32 2.04
6.28 94.98 -5.98 2.27
0 94.86 -7.08 2.69
0 94.32 -5.73 2.2
0 94.29 -3.81 3.87
0 94.36 -8.25 2.9
0 93.4 -4.85 3.76
0.04 94.21 -7.42 4.5
0.04 94.74 -10.13 2.41
0 95.44 -13.83 2.28
0.3 95.04 -14.8 1.43
0.19 93.98 -5.59 3.11
1.07 94.22 -8.6 4.19
0 94.47 -11.73 2.03
0 94.49 -13.76 3.38
0 94.42 -15.46 3.08
0 94.6 -16.87 2.68
0.02 94.62 -17.75 4.34
0 94.77 -12.08 3.97
0.08 95.35 -14.37 1.4
0.03 95.5 -14.21 0.95
0.09 94.91 -12.13 1.63
0.02 94.97 -9.52 1.34
17.36 95.06 -11.45 0.96
1.35 94.85 -9.84 1.19
0.7 95.21 -12.69 1.25
0 95.57 -13.59 3.9
0 95.63 -15.56 2.24
0.02 95.08 -15.29 0.96
0.24 95.2 -12.93 50.18
5.27 95.23 -11.32 3.54
0.01 95.67 -16.68 2.91
0 95.44 -20.27 2.76
0 94.6 -18.72 4.49
0 95.73 -19.25 2.38
0 95.46 -19.24 1.13
0 94.9 -14.14 1.24
6.96 94.91 -15.28 0.93
14.22 94.95 -13.38 4.3
0 94.57 -15.68 3.64
0.05 94.03 -15.62 2.21
0 94.46 -18.82 4.15
0 95.57 -19.11 4.44
0 96.14 -16.61 2.4
0 95.19 -17.33 1.37
0 95.04 -15 1.63
0 94.91 -15.92 1.5
0 94.83 -15.93 1.52
0.05 95.23 -17.62 1.95
0 95.03 -15.61 2.21
0 94.9 -15.88 1.22
0.69 94.57 -13.96 0.92
0 94.64 -12.9 1.78
0 94.64 -13.87 1.1
0 95.1 -11.08 2.03
2.15 94.82 -13.9 1.54
0 95.54 -15.04 2.51
0 95.78 -12.52 2.06
0 94.82 -7.39 2.4
0 95.31 -10.67 1.18
13.68 95.33 -10.34 0.98
0.92 95.41 -10.15 1.72
0 95.14 -14.38 1.19
0.04 94.04 -8.48 3.02
0.05 94.62 -14.77 4.44
0 94.66 -16.47 1.52
0.11 94.98 -15.27 1.32
0.04 94.87 -12 1.81
0 94.48 -7.16 1.3
0 94.73 -7.69 1.29
0.03 94.64 -6.11 1.44
1.9 94.57 -7.05 1.81
0.5 95.22 -9.44 4.01
0 95.27 -11.43 2.69
1.18 94.29 -10.28 2.98
0 95.05 -10.31 2.94
0.01 94.61 -8.73 2.15
1.41 94.93 -16.04 4.27
0 95.73 -18.72 4.88
0 95.57 -17.27 1.43
0.47 94.74 -13.09 2.26
0 95.35 -13.91 2.2
0.06 95.37 -13.42 1.83
0 94.66 -8.15 321.19
0 94.47 -5.94 2.9
0 95.1 -10.33 2.61
0 95.01 -10.97 1.49
0 94.28 -7.23 2.3
0.04 94.33 -6.56 4.1
0 95.02 -12.4 4.04
0 95.15 -13.54 2.39
0.01 95.11 -12.61 1.95
0 94.97 -8.97 3.35
0 95.2 -8.11 3.12
0 95.14 -5.39 1.78
0 95.28 -7.6 1.79
7.08 95.07 -7.94 1.85
0.27 94.26 -1.3 3.1
0 94.19 -0.01 2.86
0.13 93.68 -3.48 6.33
0 95.46 -9.05 5.5
0 95.43 -6.36 1.77
0 94.41 -1.1 3.49
0 94.72 1.07 2.57
0 94.11 5.03 3.28
0 94.07 3.36 1.88
0 93.47 4.3 2.28
0 93.37 -0.49 2.36
0 93.53 -3.55 5.87
0 94.89 -1.53 2.05
0 94.14 4.38 3.78
14.1 94.17 -0.79 4.08
0 95.3 -6.61 4.16
0 94.76 0.34 3.18
0 94.37 5 2.87
0 94.73 4.95 3.07
0 93.34 7.23 3.95
1.38 93.45 -3.19 3.88
35.75 94.21 -8.39 2.65
0.26 94.57 -7.71 2.76
0 93.34 0.69 6.01
0 94.33 -3.63 2.75
26.18 94.04 -5.87 3.83
0 94.73 -5.62 2.94
0 94.56 -2.64 1.66
0 93.57 3.77 4.09
2.08 93.83 0.5 4.42
0 94.64 -1.68 3.93
0 94.86 -2.59 2.46
0.61 94.71 -0.63 1.69
14.07 94.45 0.65 2.18
110.91 94.61 0.09 2.71
0 94.05 3.94 3.09
0 94.17 4.68 3.05
22.75 94.32 -1.26 2.38
54.01 94.59 -1.56 3.36
0 94.34 -0.86 2.48
0.9 93.45 1.39 2.93
20.23 93.49 -0.03 3.64
3.53 94.46 -0.37 4.05
1.18 94.29 0.82 4.09
0 94.34 1.91 3.83
0 93.85 7.87 3.2
0.37 93.45 5.75 4.98
0 93.66 2.15 5.48
0 93.39 3.71 2.42
9.33 93.7 3.22 3.2
62.8 93.99 0.67 1401.43
3.08 94.98 0.15 5.03
0 94.98 1.74 2.32
0 94.66 4.73 2.97
0 94.31 8.04 2.1
0.37 93.71 12.05 4.78
74.78 93.82 6.77 2.25
0.55 93.77 7.37 3.66
0.03 93.87 8.28 5.4
0 93.89 9.82 1.75
0 93.82 13.57 2.26
2.42 93.6 12.14 3.95
0.11 93.87 11.33 6.61
0.32 94.36 10.69 5.9
0.23 94.4 11 2.16
1.43 94.26 12.24 2.5
3.21 94.45 12.59 2
0 94.17 17.05 2.68
0 94.4 20.23 1.65
0 94.34 21.5 2.55
0 94.31 21.88 3.1
0.22 94.02 22.34 4.77
28.16 93.74 14.13 2.19
29.06 92.9 14.33 4.09
0 92.54 17.07 5.29
0 93.1 16.1 3.08
0 93.1 18.68 2.72
0.49 93.77 15.82 5.06
0 94.65 15.91 2.41
0 94.51 17.38 2.35
1.1 93.85 18.98 3.08
0 93.3 20.02 3.32
13.43 92.71 15.69 5.84
0.01 92.7 17.56 4.4
0 93.1 18.79 2.94
0 93.94 19.83 2.45
8.1 93.71 24.27 4.41
1.35 94.34 18 2.32
0 93.91 21.01 2.24
1.15 93.6 22.43 3.7
1.84 93.42 20.21 4.08
1.45 93.27 19.43 3.39
0 93.56 18.73 4.72
0 93.37 23.5 3.29
0.04 92.97 25.55 4.56
0 93.7 19.5 2.61
6.41 93.39 18.18 3.44
0.04 93.68 18.14 3.47
10.45 94.22 17.54 2.56
19.39 94.06 19.22 2.36
9.24 93.83 19.66 3.24
4.22 93.66 22.22 2.85
1.34 93.51 22.45 3.88
72.83 93.95 16.13 2.36
1.17 94.17 17.55 1.71
7.45 93.91 16.04 2.27
2.35 93.65 17.55 1.73
0.04 93.66 22.72 3.68
0.55 93.65 24.41 4.13
10.27 93.58 24.72 2.78
192.98 93.61 18.63 2.55
8.36 93.32 20.84 1.62
39.39 93.03 20.38 1.92
0.4 93.37 23.09 2.01
0 93.89 23.17 2.34
0.04 94.04 23.78 1.95
1.84 93.77 22.42 1.4
11.7 93.44 21.72 1.76
79.81 93.27 21.12 2.29
81.23 93.01 21.04 2.32
207.55 92.75 19.54 1.64
58.43 92.9 21.77 2.69
90.85 93.32 20.64 2.12
87.23 93.32 22.38 2.72
50.82 93.26 23.12 3.45
45.93 93.06 23.13 2.27
128.63 92.68 22.3 2.75
0.03 92.65 24.09 3.8
2.36 92.66 23.96 2.63
0.66 93.01 24.15 2.28
2.05 93.16 24.7 2.36
12.66 92.96 25.72 3.73
40.6 93.3 23.77 1.92
48.51 93.52 21.97 1.69
0.93 93.73 22.56 1.39
0.84 93.71 22.41 1.33
19.63 93.68 22.64 2.12
29.83 93.86 22.18 1.96
0.08 93.82 24.3 1.63
217.13 93.1 21.72 1.89
60.57 92.99 22.47 3.31
0 93.52 23.56 2.45
0.28 93.38 23.01 2.43
124.61 93.38 20.51 2.44
4.55 93.59 21.41 1.66
0.46 93.56 23.55 1.71
32.92 93.41 23.31 2.22
18.77 93.02 23.52 1.92
0.81 93.12 23.5 3.29
0.01 93.42 24.04 1.91
0.03 93.41 24.86 1.69
58.38 93.19 22.55 1.43
4.07 93.15 24.84 2.22
0.63 93.08 24.98 1.52
2.09 92.88 26.08 1.63
12.38 92.99 25.78 1.87
12.96 93.25 25.35 2.67
0.48 93.48 25.63 2.62
2.16 93.29 25.4 2.7
24.17 92.95 25.92 2.73
13.71 92.82 25.23 1.85
17.74 92.95 25.78 2.5
14.74 93.24 25.86 2.5
7.28 93.03 26.12 2.3
13.7 93.23 23.65 1.82
1.58 93.61 25.31 1.43
7.26 93.67 26.71 2.68
26.27 93.37 25.03 2.83
4.12 93.4 25.43 2.89
35.38 93.34 26.08 2.1
4.35 93.43 25.12 1.87
294.87 92.89 23.87 1.52
0.07 96.4 24.81 2.83
0 93.93 21.63 2.79
0 94.18 21.08 1.91
3.59 94.13 20.37 1.2
1.76 93.7 23.38 2.37
0.22 93.87 22.3 2.2
0 94.09 22.02 1.79
0.03 94.07 22.37 1.54
15 93.78 21.52 1.67
4.96 93.89 18.97 1.97
11.41 93.78 19.02 1.64
184.54 93.18 18.21 1.4
41.11 93.47 14.36 3.17
0.17 94.11 15.58 2.57
46.37 94.18 16.04 2.13
0.92 94.43 14.97 1.9
3.77 94.58 15.34 1.54
0 94.66 15.55 1.43
3.8 94.53 16.49 1.57
158 94.5 13.92 1.71
41.94 94.56 13.78 1.11
2.94 94.61 15.76 1.27
2.77 94.53 17.51 1.53
8.42 94.06 18.14 1.94
0.12 94.18 17.08 1.56
0 94.19 17.04 2.63
2.59 93.95 20.4 3.1
21.18 93.3 19.64 3.44
0.21 93.73 18.46 3.6
0 94.32 13.4 1.91
1.4 93.99 15.96 1.6
3.88 94.59 15.71 1.54
12.96 94.99 14.34 0.86
9.04 94.02 19.35 3.48
0 94.48 17.7 1.62
0.03 94.45 18.31 1.31
1.12 94.29 18.19 2.74
24.76 94.72 12.32 3.35
0 94.94 8.56 2.42
0 94.76 10.48 2.3
0 94.38 11.93 2.24
0 93.7 17.87 3.6
0 93.82 16.11 2.76
0 94.76 12.48 1.37
2.49 94.64 13.49 1.78
112.24 94.69 10.92 2.43
0.01 94.79 10.34 2.99
0 94.54 9.1 1.79
0 93.86 17.14 3.9
0 94.94 12.87 1.26
0.02 94.86 14.99 2.56
0.05 95.2 11.71 2.5
0.31 94.66 10.95 1.91
0 93.66 15.86 3.15
9.45 93.78 12.87 4.46
0 94.21 10.09 3.5
0 94.7 11.13 1.78
15.6 94.67 11.18 2.87
1.93 95.59 3.39 4.81
0 95.57 2.78 1.36
0 95.17 6.92 1.44
0 95.17 6.73 1.34
0 94.93 10.93 2.92
41.62 95.17 8.81 1.6
0.96 95.21 6.77 2
0 95.04 5.79 1.35
41.81 94.9 4.93 2.24
22.66 94.83 0.79 2.23
0.01 95.05 3.75 4.2
0.01 95.33 5.51 2.88
0 94.85 4.5 1.42
0 94.29 6.98 2.12
2.84 94.86 5.63 2.07
1.5 95.39 3.8 2.65
0 95.31 3.45 1.65
0 95.42 4.18 1.01
0 95.16 4.26 1.42
0.64 94.62 8.38 2.35
1.19 94.97 7.02 3.37
0 95.28 5.25 1.91
0.04 94.51 6.21 2.66
0.27 94.13 5.5 4.15
0.02 94.5 2.74 2.89
0 94.57 1.41 2.13
0.06 95.16 1.12 3.67
0 95.1 -1.87 4.4
0 95.16 1 2.55
0 95.06 1.51 1.79
0 94.42 1.8 2.52
0 94.2 2.6 3.4
0 94.17 2.81 2.3
0.22 94.37 1.31 3.55
0.02 94.74 -3.62 4.44
0.06 94.95 -4.08 6.19
0 94.84 -4 3.89
0 94.88 -2.26 2.87
0 95.06 -3.21 1.23
0 94.8 0.93 1.95
0 94.52 0.86 2.06
0.03 94.21 -0.81 2.52
0 94.04 -4.54 4.54
0 94.17 -7.73 3.76
0 94.41 -10.57 6.99
0 94.61 -5.77 3.89
0 94.2 0.53 3.38
0 94.86 -2.9 2.45
874.94 94.58 -0.7 3.06
874.94 94.37 -0.89 1.46
874.94 94.64 1.69 2.35
874.94 94.67 1.04 2.71
874.94 94.85 -1.6 2.98
874.94 94.43 -2.37 1.13
874.94 94.52 -5.02 1.44
874.98 94.52 -4.65 2.54
874.96 94.72 -6.3 3.02
875.18 94.19 -8.26 3.32
875.25 94.18 -9.09 2.33
874.94 94.33 -12.1 4.54
874.94 94.63 -11.89 3.29
874.94 95 -9.12 3.31
874.94 95.58 -8.87 1.6
874.94 95.55 -10.62 1.45
875.6 95.81 -12.8 2.37
875.2 95.45 -13.61 3
875.08 95.33 -12.41 3.09
874.95 95.73 -11.54 2.38
874.94 95.76 -10.92 1.27
874.94 95.46 -10.58 1.02
874.94 95.63 -9.71 1.25
874.94 95.53 -9.74 1.02
875.01 95 -7.16 3.04
875 95.49 -10.71 4.36
874.94 95.15 -11.55 1.85
874.94 94.67 -11.12 2.95
874.94 93.94 -6.13 3.95
874.94 93.76 -5.29 3.59
874.94 93.37 -3.6 4.52
874.94 93.81 -4.16 3.11
874.94 94.07 -3.44 3.4
874.94 94.69 -5.69 2.53
876.88 94.58 -8.3 1.75
877.83 94.85 -9.5 1.73
874.96 94.5 -7.12 2.91
874.94 95.09 -7.78 2.54
874.94 95.52 -14.65 3.05
874.94 95.1 -14.41 2.51
874.94 95.12 -12.19 2.34
874.94 95.22 -10.67 2.39
874.94 95.73 -13.16 1.91
874.94 95.44 -13.65 1.67
874.94 95.46 -11.66 1.95
874.94 95.28 -8.17 1.95
884.85 95.35 -10.79 1.54
874.94 95.27 -10.79 1.7
874.94 95.51 -8.65 1.97
875.2 94.52 -7.51 4.02
874.96 95.06 -10.61 4.32
874.94 95.2 -10.23 2.37
874.94 94.53 -6.82 1.88
874.94 93.71 -2.04 3.07
874.94 94.35 -3.98 2.07
874.94 95.25 -9.51 3.08
874.94 94.73 -7.33 3.78
874.94 94.23 -4.77 4.32
874.94 94.76 -7.59 3.62
874.94 93.44 -0.81 5.59
874.94 94.22 -7.79 3.21
874.94 94.33 -7.68 1.78
0.17 93.91 -4.84 2.02
0.03 93.98 -5.28 5.38
0 94.79 -13.21 4.22
0 94.96 -11.78 2.27
0 95.14 -12.53 1.52
0 95.39 -10.7 1.62
3.06 95.07 -11.08 1.47
12.33 95.15 -12.83 3
0 95.74 -15.1 3.1
0 95.53 -14.9 1.61
0 94.98 -12.64 1.45
0 95.62 -13.72 1.5
0 95.53 -13.1 2.02
0.21 94.74 -6.54 2.85
0 94.82 -7.13 2.08
0.05 95.41 -7.81 2.3
0 95.94 -10.22 1.72
1.41 95.48 -9.85 1.45
1.99 95.23 -9.98 1.82
0 95.14 -8.04 1.55
0 95.12 -5.13 2.17
0.24 95.65 -8.29 1.54
0.08 95.45 -5.53 1.17
0 94.99 -1.99 1.62
0 94.83 2.11 1.82
0.58 94.55 3.53 3.71
1.4 95.27 -4.19 4.07
0.07 94.95 -7.14 1.82
0 94.84 -5.95 1.69
1.07 94.77 -5.97 2.26
1.41 94.77 -6.62 1.86
2.06 95.09 -6.15 2.77
0 95.12 -7.67 2.84
0 95.28 -8.19 2.9
0 95.28 -6.69 2.4
0 94.82 -5.91 2.12
0 95.11 -5.61 2.35
0 94.56 -2.76 2.06
0 94.4 0.53 3.93
0 95.06 -2.08 4.15
0 94.63 -2.41 1.91
0 94.13 1.95 3.29
0 93.88 6.53 2.67
0 94.22 4.25 2.34
0 93.78 7.22 5.06
0 94.9 3.62 2.13
0.09 94.84 3.12 4.8
0 95.14 3.56 4.61
0 94.52 6.46 3.09
0 94.62 7.42 3.09
0 94.82 7.64 2.63
0 93.82 12.69 4.74
0 93.86 11.57 2.38
0.01 93.88 10.7 2.92
0 93.88 10.11 3.13
68.04 93.68 11.16 3.15
27.3 94.17 9.35 2.19
0 94.36 10.72 2.31
0.49 94.45 8.44 1.96
0 93.91 11.56 2.85
0 94.67 7.17 3.88
0 95.03 2.16 4.66
0 94.22 6.43 4.7
0 94.8 5.17 4.09
0 94.17 13.39 4.04
0 94.16 13.66 1.63
0 93.98 14.47 2.54
0 94.24 11.19 4.2
0 94.93 9.11 2.12
1.39 94.54 10.62 2.18
0.58 94.26 11.73 2.08
0 94.39 13.46 1.55
0 94.31 17.32 3.35
0 94.89 12.47 2.97
0 94.19 13 2.52
17.42 94.22 6.54 2.98
0.1 94.89 7.25 2.49
33.7 94.65 6.79 2.5
0.09 94.25 8.82 90.96
0 94.35 11.08 3.72
0 94.02 13.55 2.78
0.67 93.68 16.14 3.64
2.7 93.9 18.01 3.88
0.47 94.42 15.96 3.9
32.06 94.67 11.2 3.49
0 94.99 12.06 2.5
0 94.84 13.22 1.91
0 94.2 14.96 1.59
0 93.63 19.04 1.9
5.08 93.64 16.98 4.82
159.86 94.26 6.48 4.78
9.49 93.81 7.22 5.14
15.41 94.05 4.67 5.52
0.15 94.27 7.52 4.44
0.08 93.68 11.58 2.43
53.15 93.75 7.46 4.16
0.46 94.27 11.25 1.93
91.26 94.53 9.79 2.55
6.72 94.41 11.63 2.06
189.85 93.6 8.76 2.47
54.75 92.71 14.61 3.89
0 92.92 16.4 4.1
0.09 93.27 13.36 3.64
0 93.02 13.35 3.36
0.03 93.82 16.1 3.16
2.9 94.15 15.85 2.05
3.65 93.8 17.76 2.8
60.5 93.43 15.96 2.49
3.13 93.49 17.08 2.99
0.03 93.61 18.69 2.48
0 93.59 21.44 2.31
0.52 93.89 24.69 3.66
51.08 93.74 17.24 2.66
0.46 93.28 16.5 5.73
0 92.79 20.73 4.28
21.04 92.6 18.12 2.87
0.85 93.01 21.53 2.16
0 93.14 23.46 29.28
0.36 93.67 24.8 2.59
0 93.6 28.4 4.2
4.22 93.85 23.5 2.91
0.27 93.98 21.79 2.53
0 93.89 22.48 2.31
0.46 93.68 22.29 2.16
9.98 93.54 23.19 2.47
360.55 93.69 15.62 2.25
113.14 93.55 12.99 3.23
21.93 93.2 15.52 3.07
30.67 93.5 15.35 2.07
61.76 93.93 15.07 1.78
11.35 94.02 18.11 2.13
12.86 93.83 19.86 2.55
13.37 93.86 20.49 2.3
0.1 93.72 21.56 2.25
4.65 93.53 22.76 1.55
156.28 93.32 20.14 2.04
78.21 93.21 19.38 1.97
109.06 93.36 18.32 2.46
3.18 93.63 18.94 1.83
21.87 93.75 19.31 2.06
10.57 93.87 19.13 1.58
193.41 93.96 18.4 2.57
1.44 93.83 21.31 1.82
0.16 93.41 23.26 2.25
18.84 93.2 22.4 3.03
23.64 93.32 21.31 3.67
0.35 93.77 21.59 3.78
0.58 93.68 22.74 3.06
0 93.75 24.15 1.84
0 93.69 24.74 1.67
16.07 93.62 23.1 2.61
56.55 93.3 20.48 2.42
19.66 93.06 23.06 2.15
0.03 93.55 24.86 2.32
0.59 93.57 25.81 3.09
1.87 93.48 25.94 2.19
6.12 93.25 24.77 2.8
16.17 93.2 22.83 3.77
0 93.41 23.42 3.1
0 93.15 23.5 3.89
8.44 93.24 21.91 3.12
5.51 93.43 21.15 2.79
0.85 93.35 22.36 2.59
9.3 93.4 23.26 1.81
20.55 93.34 23 2.36
82.33 93.43 21.17 29.29
5.45 93.66 22.23 28.77
0.18 93.74 26.04 1.66
1.38 93.82 28.59 2.26
4.2 93.41 29.12 4.16
62.02 93.34 23.94 2.56
0.24 93.64 22.21 1.67
0 93.36 24.82 2.99
0.07 93.73 22.75 1.98
0 93.78 23.07 1.6
0.01 93.96 23.39 1.78
5.68 93.8 25.58 2.38
7.29 93.33 27.23 3.23
20.66 93.36 25.3 3.27
18.16 93.51 24.48 1.77
0 93.59 26.5 2.43
0 93.58 27.17 2.61
5.17 93.48 25.72 2.47
9.02 93.47 25.08 1.94
87.32 93.72 19.69 2.38
2.29 93.66 21.53 1.98
0 93.95 21.53 2.59
0 94.04 21.26 1.42
0.02 93.87 22.26 2.09
57.18 93.62 20.81 2.36
19.05 93.39 20.71 1.67
0.77 93.6 21.68 3.49
0.47 93.79 20.39 2.15
12.42 93.78 18.91 1.98
8.58 93.69 18.41 1.68
7.84 93.77 19.52 2.19
3.83 93.86 19.89 1.68
1.65 93.99 21.21 2.07
5.6 94.2 21.1 1.68
0.85 94.13 22.33 1.76
0.82 93.8 23.78 2.41
2.96 93.82 23.96 1.77
68.61 93.73 22.52 2.32
77.46 93.59 21.86 1.66
61.21 93.86 19.32 2.31
1.18 94.15 19.55 2.6
0 94.22 20.68 1.96
0 94.34 22.31 1.68
5.8 94.45 20.37 1.86
3.5 94.48 20.7 1.63
0.64 94.44 20.51 2.04
11.41 94.27 19.72 1.92
13.45 94.25 19.05 1.87
256.75 94.23 15.57 2.37
0.9 93.82 17.24 1.6
0 93.53 19.6 2.46
0 94.05 18.23 1.42
0 94.05 20.15 1.59
3.36 93.64 20.42 3.21
0.02 93.94 17.74 2.95
0 94.13 15.1 1.4
0.02 94.37 16.69 1.62
0.1 94.37 18 1.86
27.78 94.42 16.39 1.4
0.69 94.2 18.35 2.52
0.06 94.53 15.78 3.14
0 94.63 13.64 3.32
0 94.67 12.85 1.37
0 94.76 15.6 1.32
0 94.73 16.54 1.9
21.22 94.03 16.27 2.45
24.01 94.03 13.82 2.81
0.02 94.62 13.55 1.47
0.52 94.64 15.65 2.13
72.54 94.85 11.82 1.83
17.63 94.6 12.48 1.6
0 94.48 13.29 1.68
40.8 93.82 13.76 2.56
0.05 94.4 13.18 2.3
1.52 94.3 13.76 2.97
40.53 95.16 5.15 3.9
0.18 95.16 4.95 1.71
34 94.33 6.08 1.71
13.76 94.22 7.53 2.16
0 94.52 8.42 1.61
111.88 94.75 6.67 1.54
19.78 95.25 7.42 2.38
0 95.01 8.45 2.07
0 94.6 12.12 1.75
0 94.46 13.98 2.36
0 94.68 15.77 2.07
0 94.92 12.94 1.73
0.97 94.83 13.46 2.9
0.6 95.82 7.45 3.36
0 95.36 3.62 1.49
0 94.4 8.25 2.27
0 93.97 9.2 4.43
0 94.46 9.13 2.93
0 94.24 12.19 2.49
0 94.33 13.11 2.22
0 94 16.26 4.32
0 94.92 6.63 2.53
0 95.24 2.76 1.75
0 94.66 5.52 1.77
0 93.9 10.68 2.73
0 93.64 13.2 2.86
0 93.9 10.68 1.93
0 95.38 3.14 4.97
0 95.71 1.67 1.7
0 95.13 3.21 1.61
0.08 94.86 7.6 1.72
9.45 95.09 7.23 41.02
4.03 94.8 4.67 1.53
1143.93 94.44 5.99 3.57
1144.08 94.61 2.95 3.86
1143.92 94.37 6.33 2.67
1143.92 93.97 7.73 3.49
1143.93 94.38 5.25 3.31
1143.92 95.64 -1.63 2.9
1143.92 95.58 -2.35 1.56
1143.92 95.17 0.01 1.83
1143.92 94.97 3.93 1.87
1143.92 94.66 3.38 1.56
1143.93 94.33 2.05 3.6
1144.11 94.77 -5.49 6
1143.92 94.74 -2.37 3.01
1143.92 95.1 -2.7 1.66
1143.92 95.21 -2.3 1.62
1144.11 95.08 -0.36 1.93
1143.92 95.4 -2.07 1.45
1143.92 95.31 -1.13 1.59
1143.92 94.6 1.27 3.08
1143.92 94.03 2.8 4.21
1143.92 94.58 0.1 2.67
1143.92 95.08 -2.76 2.12
1143.96 94.84 0.98 3.06
1143.92 95.26 -3.68 1.86
1143.92 94.3 -2.77 2.34
1143.92 93.85 90.18 5.14
1143.92 94.99 -4.2 1.98
1143.92 94.49 -2.49 1.48
1143.94 94.31 -0.64 2.21
1144.16 94.47 -2.33 5.59
0 95.04 -12.43 6.62
0 94.77 -11.65 3.84
0 94.51 -11.86 6.12
0 94.67 -11.45 4.79
0 94.78 -10.8 3.64
0 94.97 -10.57 1.78
1.24 95.01 -10.19 1.66
0 95.5 -10.91 1.68
0.06 95.34 -8.33 2.56
1.54 94.75 -5.68 4.75
0.11 95.16 -9.86 2.95
0.03 94.76 -10.68 4.08
0 94.91 -11.48 2.48
0 94.96 -9.63 1.8
0.32 94.92 -9.94 3.52
0 94.98 -13.19 3.47
0.01 95.01 -11.25 2.19
0 94.9 -8.05 2.78
0.23 94.7 -7.05 4.49
0 95 -11.02 3.77
0 94.63 -10.38 3.45
0 94.44 -3.6 2.37
0 94.51 -3.94 3.02
0 95.34 -5.72 3.73
0 95.57 -5.41 2.79
0 95.31 -8.68 1.26
0 94.91 -4.86 2.46
0 94.32 -5.53 2.09
0 93.68 -4.64 3.45
0.15 94.39 -7.35 320.97
0.05 95.11 -11.84 5.32
0.19 95.08 -11.8 2.84
0 95 -7.61 3.02
0 93.76 -2.51 3.75
0 94.04 -3.4 1.86
0.37 94.42 -3.78 5.19
0 94.93 -8.05 3.27
0 95.29 -9.71 1.58
0 95.17 -9.08 2.12
0 95.05 -5.84 2.46
0.05 94.63 -5.22 2.92
0 95.65 -8.31 2.27
0 95.73 -9.44 1.76
0 95.3 -6.38 1.84
0 95.51 -9.8 1.59
0.61 95.13 -10.48 1.76
3.25 95.14 -10.85 3.64
0 95.21 -9.64 2.05
1.4 94.12 -5.56 3.48
0.02 94.74 -9.05 1.8
0.07 94.69 -8.26 2.3
0.54 95.23 -8.6 1.93
0 94.65 -8.33 1.91
0 94.17 -4.4 3.42
0 95.04 -7.4 2.01
0.87 94.64 -5.2 1.34
4.36 95.29 -9.42 4.09
0 95.77 -12.75 2.87
0 95.59 -12.6 2.03
0.14 95.03 -9.33 3.73
0 95.65 -11.17 3.6
0 95.9 -9.83 1.71
0 95.71 -8.85 1.66
0 95.55 -8.23 1.67
0.14 95.45 -5.48 2.64
0.09 95.38 -7.31 3.39
0 95.23 -4.37 3.01
0 94.64 -1.93 3.1
0.05 95.48 -11.67 5.48
0 95.52 -11.97 3.72
0 94.81 -6.49 2.8
0 94.21 -3.79 2.39
0.01 94.25 -6.66 3.61
0 94.42 -6.79 2.2
0 94.01 -5.16 1.91
0 93.87 -1.85 2.34
0.01 94.54 -4.59 1.34
6.67 94.3 -1.78 2.66
0.01 94.93 -2.34 4.59
0 95.54 -4.18 2.31
0 94.96 -3.93 2.88
5.58 94.13 -0.31 3.45
18.86 93.64 -1.15 5.81
0.2 94.08 -6.59 6
0 94.36 -7.04 1.96
0 94.01 -7.06 2.02
0.32 94.51 -8.6 3.13
0 94.86 -9.78 3.68
0 95.47 -7.36 1.91
2.59 94.49 -2.69 5.08
0 94.21 -1.55 3.15
0.06 93.86 -3.74 2.57
0.2 94.52 -7.66 6.1
0 94.99 -6.82 2.64
0 94.69 -3.4 2.95
0 94.02 1.42 4.5
0 94.42 0.47 2.95
4.19 95.02 -4.27 3.26
0 95.77 -10.42 5.53
0 95.09 -4.72 3.42
0 94.75 -4.75 3.81
0 94.27 -3.71 2.96
0 100.88 85.06 90.4
0 94.32 0.28 3.69
0 93.99 5.18 4.02
0 93.96 5.1 3.22
0 94.71 2.19 2.38
0 93.95 6.4 3.16
0 94.24 5.78 3.88
0 94.36 4.83 2.66
0 94.32 5.34 4.24
0 95.24 1.4 4.18
0 95.42 2.68 2.82
0 95.58 3.56 1.6
0 95.33 7.63 2.71
0 95.13 12.48 4.07
0 94.31 13.44 4.97
0 93.97 11.95 3.85
0 94.04 10.34 3.1
0 93.6 14.01 4.1
3.13 94.65 5.89 2.88
0 94.69 4.33 1.8
196.09 93.22 1.96 2.25
1.07 93.99 3.12 2.12
5.03 93.93 4.36 1.85
0.25 94.48 2.49 4.86
0 95.56 -1.63 3.96
0 95.5 -0.51 3.3
0 94.71 4.16 2.73
0.05 94.48 7.04 2.92
0.06 94.7 7.19 1.86
11.61 94.92 6.19 3.7
172.32 95.57 -1.31 4.43
0.19 95.1 2.33 1.9
0 93.52 11.12 2.1
0.78 92.67 13.83 4.22
0.58 93.54 7.75 5.91
0 93.63 10.4 2.17
0.04 93.9 12.29 2.93
0.01 94.41 9.87 3.58
0.02 94 10.72 3.28
0.04 93.93 10.61 2.65
0 94.11 13.88 3.96
0 94.38 13.21 5.33
0 94.62 13.81 2.61
0 94 20.43 4.17
0 93.62 23.45 4.28
12.43 93.33 20.3 3.78
5.96 93.98 16.49 2.59
0 93.99 19.13 2.29
0 93.93 20.54 2.99
13.97 93.71 16.19 3.43
9.34 93.75 15.57 2.3
0 94.09 12.05 5.67
0 93.84 13.44 4.35
0 93.35 13.75 5.81
0 93.85 11.57 2.58
0.21 93.79 11.89 5.41
13.69 94.1 6.66 2.04
0 94.46 8.25 1.69
106.07 94.33 7.23 2.74
50.33 93.41 6.8 2.08
13.26 92.21 10.6 4.15
0.6 92.28 18.4 3.73
2.77 93.64 14.83 5.45
0.01 94.18 15.01 4.21
0 93.6 18.3 3.54
17.69 92.77 18.26 3.41
13.26 92.98 13.61 5.67
2.85 93.39 12.38 5.71
0 94.21 17.96 4.22
0 93.84 21.18 3.16
0 93.7 21.91 2.48
0.52 93.62 22.08 2.21
0.09 93.44 24.93 3.11
0.36 93.35 25.62 3.82
5.45 93.55 22.74 2.33
0.22 93.54 22.37 3.05
5.8 93.14 23.76 3.62
0.32 93.53 20.61 3.82
0 93.57 19.35 2.31
0 92.71 24.57 6.36
3.18 93.29 21.68 3.21
1.46 93.85 18.46 4.2
0 94.04 20.94 2.78
64.06 93.24 17.76 3.32
28.02 92.75 18.82 2.52
27.66 93.27 18.18 2.33
0.14 93.56 19.49 3.66
3.92 93.34 19.12 2.59
3.29 93.33 18.86 2.12
76.45 93.07 16.73 2.53
149.26 92.62 14.92 2.05
71.24 92.71 15.81 1.59
67.07 93.62 16.84 2.27
1.22 93.86 20.27 1.99
5.99 93.68 21.86 2.1
0.15 93.39 22.95 1.89
102.77 93.46 18.91 2.83
7.66 93.6 17.86 3.9
84.79 94.08 16.25 2.67
0.03 94.16 21.22 2.33
0 93.76 23.23 1.63
7.76 93.46 24.11 2.56
0.43 93.61 23.7 2.38
40.87 93.41 23.52 2.74
17.16 93.15 21.42 2.16
54.15 93.15 20.82 2.31
0.97 93.57 21.92 1.55
15.1 93.6 23.59 2.15
165.07 93.81 17.27 2.04
34.74 93.18 17.88 1.79
31.6 92.78 18.51 3.27
8.35 93.34 16.09 3.4
0.05 93.9 18.04 1.98
49.9 93.85 19.41 1.96
7.46 93.99 20.09 1.58
0 93.94 22.35 2.08
0.42 93.79 24.06 2.12
9.91 93.96 24.85 2.03
0.52 94.17 25.93 2.47
13.89 94.02 23.84 2.61
1.61 93.75 24.85 1.7
0.61 93.3 26.11 2.38
0.23 93.14 25.91 2.99
11.15 93.43 25.89 2.47
30.48 93.86 22.87 2.46
41.04 94.06 19.97 2.04
20.23 93.87 21.04 1.69
108.38 93.68 21.77 1.77
39.19 93.8 22.12 2.1
18.82 93.71 22.93 2.38
29.94 93.46 23.37 1.99
78 93.47 22.29 1.71
8.85 93.47 22.15 1.34
12 93.29 22.28 1.62
3.57 93.08 23.7 2.04
3.02 93.49 24.45 2.36
16.16 93.57 24.32 1.78
25.84 93.32 23.76 2.25
126.85 93.34 22.81 2.28
191.88 93.74 20.47 2.41
4.71 93.93 21.87 1.62
2.59 93.71 22.9 1.9
26.36 93.21 24.78 3.19
0.09 93.21 22.36 2.14
1.63 93.09 24.22 2.57
3.44 93.23 25.16 3.23
24.78 93.63 23.77 1.86
14.18 94.18 22.17 2.42
23.13 94.23 22.55 1.56
5.95 94.16 23.34 2.37
0 94.19 23.37 2.19
0 94.01 23.62 1.5
0 93.84 24.04 1.57
0 93.5 25.15 1.75
0.85 93.33 24.92 2.47
0.03 93.62 23.09 2.42
0 93.67 23.02 1.6
0.64 99.84 109.94 89.54
55.33 100.18 110.19 89.7
98.89 94.08 19.59 1.88
18.72 93.82 18.89 2.12
9.76 93.65 19.71 2.42
43.64 93.76 19.34 1.85
10.4 94.09 19.91 1.93
34.27 94.32 19.14 2.01
11.12 94.26 19.57 2.04
69.97 94.13 19.09 2.19
0.11 94.04 20.04 2.45
24.53 93.89 19.41 1.85
4.25 94.03 18.19 1.36
19.32 94.18 18.31 1.49
146.83 94.37 17.43 1.51
112.41 94.43 17.69 2.31
2.11 94.41 20.15 2.39
0.15 94.55 18.83 1.9
14.14 94.36 17.69 1.58
56.46 94.23 16.31 2.22
0.02 94.34 16.8 1.79
0 94.21 19.18 1.43
6.59 94.37 20.01 2.48
25.22 95.08 15.26 2
2.08 94.97 13.96 1.67
63.41 94.42 12.9 1.76
6.09 94.35 13.95 2.52
0 94.27 19.17 2.36
0 94.58 19.15 2.44
0 94.67 18.75 2.65
0 94.52 19.21 2.42
11.03 94.54 19.52 1.53
16.03 94.64 18.38 2.24
0.01 94.72 15.87 2.09
3.81 94.16 15.87 2.22
12.51 93.97 18.08 2.14
53.55 93.78 16.87 2.73
21.34 93.96 13.05 2.1
38.92 93.86 14.24 1.9
7.8 93.89 14.73 3.2
0 94.12 13.24 2.2
0 94.36 14.76 2.47
0.13 95.17 12.79 1.59
3.42 95.59 10.67 2.09
5.46 94.42 14.78 3.11
38.95 93.77 10.46 5.53
0.08 93.67 12.86 4.82
0 94.64 10.49 1.73
0 94.95 13.28 2.3
0 94.45 17.21 3.49
0 94.37 17.07 1.95
0 94.14 17.45 3.25
0 94.48 9.14 3.89
0.59 93.81 5.05 3.23
5.06 94 5.05 5.4
3.98 94.33 9.45 4.9
0 94.69 11.69 2.35
0 94.76 12.52 1.79
0 94.5 13.24 1.57
0 94.45 13.56 1.54
0 94.44 15.08 2.53
3.95 94.64 12.13 3.23
0 95.36 5.03 2.58
0 94.24 9.57 2.77
34.98 94.85 4.1 1.61
10.4 95.14 4.35 1.93
1.13 98.59 60.49 27.88
0 98.09 61.29 27.88
0 95.42 6.26 2.29
0 95.28 4.05 1.74
5.04 94.03 7.01 5.8
0 94.15 3.04 3.8
0 94.73 0.92 3.54
0 95.06 -0.59 3.92
0 95.49 -0.03 2.97
0 95.52 2.76 1.51
0 94.88 5.41 1.76
0 94.71 5.64 1.25
0 94.59 8.9 3.9
0 94.84 9.54 3.26
0.27 96.03 0.28 3.56
50.28 96.08 -4.26 2.42
31.17 95.7 -4.31 2.96
10.44 95.19 -3.89 1.73
0.45 95.2 -3.62 1.28
0 95.32 -3.81 1.38
0 95.49 -2.61 1.49
0.05 95.32 0.36 1.31
0.01 94.61 2.35 2.12
0 93.99 5.06 2.61
0.43 94.91 1.43 2.29
8.34 94.71 -3.63 2.6
0 95.42 -6.15 2.15
10.85 95.28 -7.67 2.22
8.77 95.29 -8.99 1.95
5.2 95.26 -9.83 1.88
3.38 95.75 -10.4 1.5
14.25 96.23 -12.39 2.39
11.68 96.29 -13.5 2.78
0.11 96.16 -15.9 1.85
0.02 95.32 -15.26 2.74
0 95.23 -14.84 2.63
0.09 94.72 -12.08 1.37
0.34 95.16 -10.77 1.43
5.1 94.91 -6.07 2.46
0 94.76 -8.24 1.63
0.67 94.09 -4.61 1.96
0.19 93.91 -6.46 5.01
0.44 94.26 -8.15 5.87
0 94.58 -5.3 4.2
0 95.25 -5.58 2.29
0 95.4 -8.74 1.58
0 95.54 -10.06 0.98
0 95.08 -3.67 2.23
0.78 94.76 -0.42 2.66
0.01 95.11 -2.42 3.49
0 95.39 -7.81 1.51
0 95.05 -6.92 1.49
0 95.18 -7.34 1.08
4.36 94.46 -5.58 3.18
0.05 94.55 -7.1 4.74
0.07 95.14 -9.36 5.49
0 95.15 -7.83 3.07
0 95.66 -6.08 1.96
0 95.59 -6.6 1.46
0 94.73 -3.74 2.22
0 94.99 -6.01 1.72
0 95.06 -8.45 1.79
0 95 -6.17 2.25
0 95.07 -10.29 2.45
0.01 94.02 -7.98 2.85
0 95.13 -13.77 3.64
0 95.8 -15.38 1.85
0 95.55 -8.48 2.21
0.34 95.14 -6.48 1.58
2.75 95.41 -8.1 1.26
0 95.35 -8.81 2.12
0 94.52 -3.2 2.41
0.01 94.56 -6.8 1.38
3.44 94.74 -8.92 2.02
0 95.17 -11.44 3.83
0 94.96 -12.54 2.74
0 95.3 -10.31 3.33
0 95.11 -10.27 3.43
0 94.93 -11.04 2.99
0 94.69 -10.67 2.35
0 95.43 -13.08 3.2
0 95.68 -13.73 2.79
0 95.14 -12.98 3.27
0.12 94.49 -12.02 4.15
0.16 94.23 -11.84 2.56
0 94.31 -12.45 1.74
19.79 94.97 -16.51 2.31
1.5 94.93 -19.92 2.48
0 94.54 -19.65 4.18
0 95.15 -19.27 1.63
0 95.65 -18.95 1.46
0.51 95.61 -18.36 2.14
0.51 96.11 -21.77 3.4
0 96.01 -24.39 5
0 95.54 -15.56 4.66
0 94.95 -10.59 3.31
0 94.81 -12.21 3.78
0 94.87 -10.42 3.7
0 95.46 -14.06 1.8
0 95.88 -17.1 1.64
0 95.65 -17.28 2.32
0 95.71 -13.73 3.18
0 95.59 -11.33 2.8
0 95.24 -9.58 2.14
0 95.03 -9 2.67
0 95.23 -9.39 3.52
0 95.17 -9.39 3.54
0 95.06 -7.7 2.72
0 94.18 -7.85 2.91
0.01 93.83 -5.05 3.33
0 94.45 -3.4 2.8
0 94.1 0.8 2.71
0.03 94.02 0.87 2.35
2.34 94.39 -0.67 3.42
24.52 95.13 -9.16 5.85
0 95.11 -13 5.46
0 94.45 -9.75 4.22
0 94.36 -5.5 4.23
0 94.27 -2.62 3.96
0 94.3 -4.76 3.79
0.2 95.12 -7.89 3.61
0 95.07 -10.06 3.82
0 94.89 -10.61 2.34
0.01 95.08 -8.14 3.24
0 95.94 -11.33 2.49
0 95.54 -9.77 2.54
0 95.48 -9.28 3.15
0.12 94.81 -7.39 3
0.04 94.93 -7.98 2
0.18 95.24 -8.86 4.18
0.1 95.43 -9.26 3.22
0.05 94.53 -1.5 2.82
0 94.19 0.87 2.19
0 94.18 -0.12 2.64
0.19 94.55 -1.53 1.49
14.08 94.34 -0.23 4.25
0.05 94.36 -1.97 2.67
4.92 94.65 -5.42 4.27
0 95.37 -8.6 4.45
0 95.46 -8.35 3.78
0.1 95.23 -7.45 3.46
0 94.7 -5.88 2.11
0 94.08 -1.44 4.17
0 94.85 -2.51 2.81
0 94.66 1.22 2.75
0 94.1 4.59 2.72
0 93.96 8.05 3.15
0 93.53 10.17 5.3
0 94.06 6.6 4.64
0 94.92 3.26 1.91
0 95.15 5.29 1.89
0 94.79 8.14 2.91
0 95.18 4.58 4.39
0.01 95.71 1.44 4.78
0 95.71 1.46 3.39
0 95.39 2.79 3.09
0 95.01 7.31 3.26
0 94.4 8.97 2.58
0 93.79 10.49 3.73
0.22 94.25 6.58 3.56
0 94.16 8.65 3.4
0 93.22 15.4 4.66
8.77 93.54 9.37 5.27
0.37 94.6 5.3 4.5
0 94.57 7.67 3.65
0 93.79 10.14 3.56
0.09 94.09 9.48 2.32
0.55 93.43 12.23 4.96
0 93.86 9.18 5.1
0 93.75 11.29 5.95
0 94.07 6.47 2.94
0 94.7 4.42 3.24
0 94.12 6.88 4.53
10.43 93.31 9.07 2.55
0.19 93.07 10.37 5.33
0 94.17 10.71 3.08
0.35 93.65 15.32 5.1
6.5 93.65 10.2 4.48
3.34 93.64 5.69 4.17
2.43 93.93 6.17 2.53
1.33 94.19 8.06 3.48
0.02 93.88 13.94 2.99
0 93.08 14.83 6.16
0 93.61 9.79 6.19
0 94.14 10.47 3.03
0 93.58 14.09 4.76
0.88 94.47 9.6 3.29
36.66 94.69 7.3 2.05
2.02 94.29 11.48 1.83
0 94.43 12.08 2.3
31.41 93.58 12.71 2.72
0.04 93.22 16.57 2.73
31.63 92.95 20.54 4.15
155.67 93.77 10.78 2.21
31.71 92.93 11.66 4.87
0 93.37 15.72 3.2
8.6 93.3 15.52 5.26
0.02 93.66 12.29 6.32
0 94.4 15.03 2.62
0 93.83 18.63 4.39
1.2 94.07 16.51 2.61
0 93.72 17.1 2.34
1.8 92.88 19.66 4.04
114.85 93.67 11.04 4.88
0 94.44 15.1 4.06
26.3 94.08 12.28 4.2
0.7 93.97 12.52 3.58
0 93.45 18.15 3.22
0 93.56 22.97 3.6
0 93.79 24.89 4.34
0 94.02 23.2 3.58
0 94.19 22.84 3.68
0.1 94.98 18.78 3.88
0.05 94.89 17.58 2.44
39.87 93.98 14.57 1.87
27.69 92.89 14.94 4.69
5.31 93.18 18.19 3.3
0.71 93.68 18.16 4.76
0 93.57 21.99 4.73
0.09 93.2 24.28 4.34
0 93.61 18.58 4.51
0 93.33 21.82 4.6
7.59 94.11 17.35 1.92
0 94.17 19.86 1.35
0 93.78 23.09 2.41
0.01 93.43 24.49 3.18
0.1 93.61 22.97 2.84
0.17 93.83 23.39 2.13
21.53 94.04 19.06 3.4
3.03 94.06 18.8 1.96
0.09 93.81 21.48 2.56
26.42 93.46 20.47 3.93
73.96 93.22 20.03 4.33
39.79 93.77 17.54 2.44
9.74 93.65 18.97 2.08
3.32 93.32 19.58 2.09
71.01 93.22 15.84 2.19
10.67 93.24 18.59 1.96
3.1 92.83 19.88 2.26
48.63 92.9 20.2 1.99
3.86 93.45 19.95 2.98
0.01 93.53 23.13 2.54
27.12 93.16 24.88 2.86
28.94 93.2 23.55 2.3
19.39 93.24 22.38 2.16
10.87 93.53 20.84 3.22
2.74 93.56 20.77 3.86
0 93.72 24.19 3.17
0 93.65 24.52 2
27.64 93.36 23.13 2.68
45.93 93.43 19.01 2.99
103 93.31 20.25 2.16
62.22 93.39 19.85 1.97
0 93.55 20.28 1.78
0.54 93.49 21.91 1.62
0 93.59 25.38 2.76
0 93.75 25.15 3.03
2.76 93.98 25.37 1.92
0 94.07 26.71 1.66
0 93.98 27.6 2.73
0 93.73 27.16 2.57
0 93.52 28.14 1.83
0 93.27 29.19 2.42
8.43 92.95 29.26 3.14
114.11 93.29 21.65 1.95
0.64 93.6 24.23 2.45
1.45 93.95 22.05 2.69
7.09 93.63 19.51 2.18
4 93.49 18.76 2.18
3.76 93.74 21.51 1.6
0.18 93.72 23.72 2.13
8.59 93.77 24.33 2.67
137 93.93 21.4 2.27
742.57 93.49 20.38 2.69
36.94 93.2 23.17 1.76
9.7 93.07 26.73 2.76
0.29 93.64 25.26 2.19
409.38 93.68 19.88 2.66
1.64 93.51 22.23 1.6
2.85 93.31 24.03 2.43
49.23 93.29 23.03 2.1
13.33 93.65 22.95 1.69
105.44 93.9 23.4 2.15
57.28 94.06 21.81 1.65
12.67 94.16 22.61 1.96
0.16 94.16 24.46 1.66
0 94.08 26.18 1.44
0 94.01 27.18 1.76
0 93.9 27.12 2.05
387.41 93.66 24.9 1.82
123.77 94.06 23.22 2.39
0 94.13 21.92 1.31
0 93.73 24.03 2.3
0 93.5 27.02 3.17
0.88 93.53 29.05 3.02
9.87 93.66 25.07 2.26
0 93.62 24.15 1.81
0 93.89 23.5 1.81
5.29 93.79 23.13 1.56
99.35 93.64 21.3 1.9
6.88 93.5 22.37 1.35
205.82 93.47 20.03 1.79
7.93 93.91 20.97 2.08
25.51 94.01 21.54 1.82
1.55 94.17 22.33 1.88
1 94.23 22.86 1.62
14.56 93.72 20.93 1.62
29.15 93.58 22.69 2.35
153.38 94.35 17.3 3.88
0 94.59 17.62 2.12
7.33 94.25 17.54 1.97
1.5 94.23 18.47 2
0 94.41 17.67 1.97
0 93.85 17.33 1.79
13.08 92.8 16.28 4.38
19.69 92.62 15.46 2.92
4.61 93.26 18.88 1.53
12.17 93.78 18.28 1.2
115.9 94.03 17.44 1.53
33.32 93.97 16.95 1.36
17.71 93.84 18.64 1.43
1.6 93.58 18.82 1.64
9.17 93.68 17.52 1.66
48.08 93.99 15.98 1.89
22.27 94.14 15.58 1.68
60.84 94.5 14.8 2.23
12.73 94.74 15.44 1.43
3.04 94.65 16.87 1.27
54.31 94.46 18.17 1.69
0.02 94.36 18.86 1.68
3.21 94.47 17.58 2.18
1.65 94.88 15.19 1.86
33.5 95.03 13.01 2.13
0.17 95.06 13.26 2.4
0 94.89 13.57 1.43
0.71 94.63 14.52 2.13
14.1 94.28 16.12 2.1
2.58 94 17.86 1.82
1.42 93.72 19.99 3.55
0.08 94.43 16.41 2.14
11.7 94.19 16.55 2.08
3.56 94.99 10.84 4.79
0 95.37 7.57 2.14
0.12 94.55 9.5 2.14
0.1 94.21 15.23 2.25
11.06 94.05 18.65 3.52
1.3 94.11 15.51 2.31
1.09 94.14 14.16 3.39
120.03 94.7 6.51 2.19
7.93 94.76 5.3 1.85
0.73 95.29 7.76 1.5
53.74 94.39 10.4 3.01
0.68 94.67 5.3 4.82
0 94.86 4.4 1.75
0.69 94.48 5.18 1.69
0 95.02 5.11 28.79
0.43 94.97 6.96 1.42
0 94.59 11.18 1.4
0 94.67 12.6 1.6
0.12 94.8 14.71 2.64
2.45 94.27 14.22 4.37
0 94.78 9.16 2.32
0 94.52 11.74 1.89
0 94.42 11.73 2.38
1.55 95.31 3.46 2.55
43.05 94.69 4.6 1.88
37.63 95.38 1.65 2.52
0 94.98 2.14 1.56
0 94.34 3.33 1.57
0 93.98 7.88 3.62
0 95.15 2.11 2
10.97 95.16 2.23 1.42
4.54 95.38 1.37 3.25
0.3 95.41 -0.14 2.56
4.96 95.15 -1.28 3.49
0 95.92 -5.51 3.25
0 95.53 -3.27 2.51
0 94.85 0.65 3.32
0 94.31 1.67 1.77
0 93.44 3.3 1.58
0 94.51 0.84 2.4
0.27 95.25 -1.72 2.04
3.84 95.51 -2.35 3.34
0 95.85 -4.61 1.86
0 95.18 -2.52 2.15
1.52 93.76 1.86 3.59
3.57 94.01 -2.15 1.92
0.44 94.54 -2.17 1.48
0 93.98 3.9 3.71
0 94.73 0.34 5.38
0 94.92 -3.83 1.99
0 94.72 -0.81 2.45
0 94.59 -1.37 2.36
0.17 94.13 -0.92 2.66
3.61 94.62 -5.42 2.11
23.22 95.11 -8.05 1.96
43.21 95.47 -10.19 2.71
0 95.81 -11.67 3.13
0 95.49 -10.72 2.92
0 95 -8.29 2.89
0 94.66 -5.89 2.15
0 94.21 -3.02 3.63
0 95.04 -6.83 3.07
0 95.46 -4.61 1.94
0.05 95.7 -5.8 1.82
2.87 94.58 -1.69 3.83
0 95.33 -3.85 4.11
0 95.04 0.59 2.95
0 94.3 3.15 3.34
0 94.49 -1.85 3.06
0.5 95.06 -6.4 3.64
0 94.5 -6.2 2.95
0 94.71 -7.04 2.54
5.78 94.16 -4.73 3.6
0 95.08 -7.97 2.29
0 95.22 -8.61 1.58
0 94.58 -6.3 2.54
7.66 95 -4.25 2.83
0 95.59 -9.85 3.45
0 95.49 -10.65 2.16
0.01 95.49 -9.49 3.16
0 94.67 -4.59 2.7
0 94.68 -5.19 1.22
0 94.84 -4.62 1.15
0 94.9 -3.85 1.3
0.02 95.22 -3.36 1.49
0.13 95.3 -5.77 2.55
6.04 94.96 -10.17 3.49
0 95.32 -11.38 2.26
0 95.17 -11.08 1.34
0.05 95.01 -6.01 3.9
0.35 95.7 -10.26 3.83
0 95.52 -11.86 2.19
0 95.22 -10.12 4.38
0 95.44 -9.21 3.08
0 94.97 -8.01 1.82
0 94.85 -7 1.73
0 94.65 -2.9 3.67
0 94.83 -5.16 2.28
0 94.5 -2.39 3.16
0 95.12 -6.14 1.47
0 95.4 -7.84 1.51
0 94.94 -3.87 1.7
8.57 95.01 -4.27 1.45
8.01 94.59 -5.38 2.27
0.02 94.71 -8.47 3.48
0 94.94 -11.21 4.08
0 94.7 -11.13 2.97
0.02 94.46 -12.17 2.88
0 94.62 -11.17 4.96
0 95.52 -12.31 2.2
0.07 95.48 -14.11 1.32
0.03 95.39 -13.6 1.43
0.16 95.19 -11.77 2.22
0 95.51 -12.16 1.83
11.89 95.22 -13.25 2.67
0 95.24 -13.86 2.26
0 94.9 -13.22 4.48
0 95.57 -14.35 2.7
0 95.69 -14.58 1.69
0 95.8 -13.1 1.28
0 95.16 -7.99 1.74
0.07 94.49 -4.47 5
0 94.96 -7.18 3.64
0 94.46 -8.86 2.59
0.26 95.34 -12.34 3.99
0 95.58 -10.52 3.54
0 95.03 -8.63 3.2
0 95.75 -8.58 3.64
0 95.17 -5.51 2.33
0 94.6 -4.26 1.72
0.26 94.28 -1.79 2.57
0 94.66 -6.78 3.56
0.01 95.56 -7.27 2.42
0.01 95.5 -8.12 1.21
0.04 95.31 -9.29 5.78
0.02 94.85 -10.43 6.1
0 95.03 -9.85 4.94
0 95.13 -7.45 3.19
0 95.1 -6.85 1.81
0 95.6 -5.37 1.54
0 95.41 -3.99 1.89
0 94.25 2.21 3.58
1.07 94.67 -4.18 4.58
0 95.19 -7.32 3.33
0 94.58 -5.77 2.67
0 93.59 -3.54 5.15
0 95.33 -7.69 4.09
8.5 95.06 -6.84 2.74
5.9 94.5 -4.47 4.42
0 94.99 -5.3 3.8
0 94.71 -2.51 3.74
0 94.68 -1.18 3.17
0 94.87 -1.15 1.67
0 94.52 1.22 3.07
0 94.52 -0.28 3.04
0.13 94.9 -5.31 3.52
0 94.08 -0.68 2.78
0 94.21 -0.78 1.65
0.03 94.42 -4.38 2.39
0.19 94.81 -5.98 3.57
0.06 94.58 -8.05 4.23
0 94.59 -5.68 5.05
0 94.12 -0.97 4.01
0 93.93 0.38 3.05
0 94.13 2.83 2.02
0 94.43 3.58 3.29
0 95.23 -1.13 4.68
0 95.24 0.49 2.93
0 95.2 1 1.99
0 94.9 2.62 1.64
0 94.56 2.86 1.83
1.5 94.45 3.46 1.83
0 94.98 4.58 1.89
0.13 95.08 3.89 2
0.54 95.16 1.28 3.4
0 94.95 1.44 2.06
0 94.73 2.55 2.11
0.61 95.1 1.07 1.43
4.51 94.76 0.95 1.41
1.08 94.63 2.59 2.93
0.57 94.56 1.16 2.12
0 94.74 2.31 2.45
0 94.49 5.19 2.73
0 94.46 8.55 3.7
0.09 95.28 3.44 2.69
0 95.06 3.78 1.86
0 94.47 5.49 1.73
0 94.49 8.99 2.12
0 94.38 12.12 3
0 94.04 16.58 3.96
0.31 93.77 14.79 3.67
2 93.92 10.77 3.8
1.05 93.97 9.42 2.67
0 94.76 8.06 3.33
0 94.68 8.45 2.16
0 93.7 12.96 4.1
0 94.29 7.16 4.04
0 94.2 6.37 2.47
0 93.51 12.42 4.4
0 93.16 14.93 2.97
0 93.61 15.93 3.36
0.25 93.94 13.56 3.26
1.97 92.85 13.57 5.11
0.64 93.05 6.99 5.96
3.96 93.36 7.52 3.17
5.31 93.78 8.58 3.19
0 94.19 9.66 2.22
0.02 93.52 12.62 5.11
0 93.76 9.14 2.98
0 94.1 8.19 3.47
0.01 94.74 8.2 3.83
0 94.77 10.11 4.84
0 93.97 14.57 4.49
0 93.45 16.56 3.32
0 93.11 20.25 4.46
0 93.98 16.06 2.36
0 94.26 17.68 2.54
0 94.19 21.54 4.02
1.98 94.1 19.13 5.74
6.86 94.09 14.6 3.79
12.5 93.78 9.22 6.19
0 94.05 9.91 6.38
0 93.91 18.11 4.34
0 93.63 20.09 2.49
0 93.3 20.9 4.17
0.16 93.39 19 3.25
0.02 93.55 14.34 5.18
0 93.37 12.16 4.87
1.79 93.64 11.63 4.53
0.16 94.35 13.42 4.83
0 94.3 16.17 2.33
0 93.5 20.07 1.74
0 93.32 23.79 2.08
0 93.3 28.93 3.82
1.9 93.72 26.06 3.43
1.3 94 22.89 2.76
7.13 94.37 14.09 3.67
196.32 94.43 9.15 2.19
0.1 94.19 16.25 2.32
0.01 93.8 19.12 2.19
0.06 94.32 15.04 2.94
0 93.82 19.17 2.52
0 93.43 21.76 2.91
0 93.79 21.75 4.31
15.33 94.02 17.45 2.75
0.48 93.51 19.98 3.09
5.82 93.09 20.03 3.01
0 93.58 17.27 3.53
113.66 93.87 11.24 1.95
0 93.98 15.63 2.33
0 93.99 19.52 2.25
0 94.1 21.48 2.18
22.31 93.78 15.56 2.44
0.89 93.55 18.58 2.89
0.22 93.46 21.07 3.77
0 93.58 20.15 3.59
0 93.91 18.54 2.02
3.27 94.06 18.03 1.93
25.64 94.35 18.24 1.76
0 94.37 20.51 2.05
0 93.96 26.68 2.4
0.17 93.68 26.85 1.51
0.56 93.52 25.92 2.87
14.26 93.41 23.19 2.15
38.87 93.42 20.29 2.49
52.74 93.31 19.02 1.69
4.63 93.38 19.73 2.58
0.31 93.56 20.81 2.26
71.44 93.92 18.26 1.61
90.9 93.81 17.01 1.66
3.29 93.54 19.25 1.44
2.7 93.52 22.15 1.48
0 93.69 24.02 1.67
19.66 93.53 25.17 3.01
21.72 93.54 26.55 3
0.13 93.43 27.37 2.77
8.17 93.37 27 2.44
22.85 93.25 26.96 2.14
16.26 93.43 25.13 2.49
0.61 93.54 25.52 2.19
24.08 93.69 23.68 1.81
35.43 93.84 22.36 1.58
33.84 93.59 23.83 2.58
576.31 92.81 22.3 2.37
24.63 92.73 24.17 2.65
24.96 92.9 24.38 2.8
0.38 92.91 23.78 1.95
0 93.15 24.92 1.86
0.39 93.23 28.01 2.33
80.21 93.02 27.25 3.06
13.29 93.49 24.75 1.91
8.72 93.78 26 1.69
0 93.91 27.04 1.71
0 93.81 28.71 1.83
0.01 93.53 29.07 2.72
19.43 93.35 26.46 2.72
74.42 93.37 21.39 2.36
26.53 94.08 20.98 1.93
23 94.05 21.23 1.56
2.34 93.58 23.73 1.23
0.62 93.73 23.71 1.63
0.32 93.92 23.59 2.01
28.94 93.53 22.34 2.6
0.98 93.81 22.64 2.51
0 94.3 22.77 1.53
0 93.84 23.33 1.65
80.3 93.44 23.18 2.87
0.04 93.6 25.09 1.84
1.15 93.65 26.28 2.3
35.14 93.43 24.7 1.92
589.74 92.9 22.75 1.77
22.7 93.28 23.68 1.47
92.72 93.33 23.8 2.24
39.42 93.19 21.87 1.86
1.39 93.23 23.51 2.24
16.15 93.1 22.18 1.45
38.71 92.91 20.33 1.49
12.01 92.99 22.74 1.43
30.31 93.39 23.3 2.39
50.64 93.74 22.18 1.93
0.74 93.9 22.98 1.76
14.31 93.85 21.96 1.63
45.54 93.78 21.07 1.59
265.99 93.86 19.11 2.26
53.59 94.01 20.22 1.93
43.52 94.14 21.04 1.83
17.77 94.16 21.46 1.93
19.08 93.77 22.04 1.8
1.33 93.53 25.24 1.94
18.44 94 22.15 1.96
287.56 93.9 18.78 1.93
0.02 93.89 19.52 3.9
0 93.96 17.73 3.68
0 94.25 18.84 2.2
12.7 93.95 16.91 2.63
3.36 94.46 15.31 2.96
0 94.54 13.94 2.02
0 94.3 16.29 2.25
0.42 94.29 16.58 1.63
1.33 94.12 19.45 1.78
15.95 94.14 18.99 1.95
10.41 94.02 19.35 2.42
2.72 93.85 20.62 2.57
0.05 93.79 19.55 3.71
0 93.7 18.68 1.79
0 93.48 21.04 2.09
1.43 94.06 17.58 2.67
9.06 94.07 17.69 2.12
66.76 93.94 16.45 1.63
0.02 94.22 15.8 2.15
0 94.6 14.97 1.72
0 94.83 15.55 1.69
5.56 94.78 17.35 2.29
10.13 94.57 17.94 2.01
0.55 94.17 18.6 2.61
0.01 94 16.91 2.46
0 93.45 18.91 2.11
0.29 93.93 14.76 3.04
0 94.26 14.75 1.53
1.85 93.56 18.95 3.1
8.08 93.63 16.41 3.82
0 93.76 17.75 3.79
0.08 94.14 17.09 2.49
15.33 94.06 15.54 2.41
24.51 94.4 12.55 2.08
0.03 94.33 9.37 2.31
0 94.22 8.26 3.52
0 94.06 9.47 2.7
0 94.13 12.99 2.4
0.24 94.38 14.02 3.84
0 95.12 8.43 2.49
0 95.44 7.15 2.01
0 95.15 9.27 2.46
0 94.45 14.23 3.62
0 94.24 15.04 2.89
0 94.62 13.5 1.98
8.95 94.91 11.63 1.66
67.49 95.58 8.31 3.31
23.22 95.58 4.53 2.49
1.47 95.33 4.51 3.02
1.05 94.94 4.03 2.22
0 94.83 5.42 3.11
0.01 95.4 4.03 1.21
21.73 95.44 6.37 1.89
0.05 95.78 4.8 1.85
0 95.59 5 1.71
4.79 94.91 7.94 1.57
0.19 94.74 8.39 1.39
0 94.42 11.06 2.57
0.02 95.16 6.35 1.61
9.82 95.24 3.62 1.61
0.12 95.24 4.73 1.54
0 95 6.83 1.83
0 95.12 7.23 1.43
0 94.47 9.76 1.55
0.04 94.31 10.7 1.93
0 95.22 5.84 4.78
0 95.71 1.4 3.71
0 95.14 4.95 2.38
0 94.24 8.09 2.99
