0.99 97.16 -14.04 1.43
0.01 97.84 -15.78 1.73
21.05 97.75 -18.2 1.26
6 97.86 -16.93 2.9
0 98.23 -19.13 1.69
0.01 98.41 -18.35 1.59
0.09 98.49 -15.71 1.39
16.31 97.94 -14.6 1.03
10.42 98.04 -13.71 1.21
0 98.34 -14.05 1.36
0 98.3 -15.13 2
0 97.74 -18.42 2.11
0 97.79 -15.64 1.93
0.25 97.6 -15.19 0.94
0 98.7 -14.11 1.25
0 98.29 -13.73 0.92
0 97.91 -10.51 0.89
0.02 97.85 -6.61 1.02
0 97.28 1.21 2.63
0.04 98.43 -7.81 4.21
0 98.44 -11.39 1.95
0 98.15 -10.05 2.06
0 97.63 -7.66 2.04
0 97.01 -6.99 2.98
0 98.06 -8.89 2.55
0 120.21 -4.36 2.66
7.75 96.87 -2.53 1.9
0.01 97.57 -9.38 2.91
0 97.1 -4.82 2.9
0 97.14 -5.43 1.19
0 97.75 -7.85 1.47
0.08 97.97 -10.63 1.64
0 97.98 -13.73 1.47
0 97.92 -12.72 1.65
0 97.87 -12.59 1.39
0 98.22 -12.53 1.37
0.01 98.21 -10.5 1.81
3.08 97.25 -2.84 2.49
0 97.2 -2.74 1.81
0 97.81 -5.25 1.98
0 98.39 -8.66 3.15
0 98.83 -11.04 3.33
0 98.61 -10.84 1.51
0.02 97.99 -9.7 1.78
0 98.35 -8.77 2.03
0 98.57 -11.57 1.58
0 98.14 -9.35 1.71
0 97.63 -6.83 2.44
0 97.49 -7.93 1.58
0 96.92 -3.43 1.68
0 96.77 -4.21 1.29
0 96.84 -2.86 1.96
0 97.06 -4.23 1.98
0 95.94 2.21 2.22
6.27 96.13 1.43 1.93
0 97.29 -4.3 2.73
0.12 97.51 -4.03 1.55
3.86 97.2 -3.89 2.07
1.63 97.75 -5.13 2.34
0.07 97.53 -6.06 1.8
0.16 97.2 -1.94 2.67
0 97.41 -2.17 2.35
6.08 96.8 1.01 2.38
5.24 97.96 -6.84 2.87
0 98.69 -8.63 1.98
0.01 98.94 -9.1 2.03
1.22 99.25 -8.42 2.35
0.01 98.46 -8.05 2.33
0 97.14 -3.28 2.35
0.1 96.12 3.3 3.09
0.49 97.07 -2.28 4.22
0 97.89 -2.79 1.61
38.92 97.28 -0.47 1.53
2.24 97.14 -1.51 3.47
0.02 97.64 -3.35 1.77
0 98.03 -3.85 1.65
0 97.14 -2.49 2.6
0.25 95.62 4.68 3.19
48.3 96.18 0.14 2.86
0 96.72 0.99 2.19
0.04 96.58 5.62 3.29
0 97.36 3.5 2.55
0 97.78 1.1 2.6
0.02 97.85 -2.27 2.34
0.13 97.37 -1.3 1.9
0.69 97.97 -0.94 1.74
0 97.85 4.06 1.82
0.04 97.7 6.01 1.9
4.88 97.12 9.23 4.02
1.86 96.72 8.73 3.13
0 97.18 4.33 4.61
0 97.23 1.66 3.41
0 97.04 4.88 3.24
0 96.55 10.44 2.88
5.03 97.15 4.43 2.27
0.01 97.85 3.19 1.8
0 97.38 7.65 2.82
0.26 96.23 12.07 4.66
56.35 96.9 2.39 2.32
0 97.19 4.83 2.28
5.05 97.14 4.07 1.94
17.07 96.89 2.02 2.25
0.05 97.73 0.56 4.38
0 97.9 2.87 1.96
0.05 97.22 6.21 2.76
10.24 97.4 4.14 1.43
0 97.51 6.13 2.39
5.94 96.7 12.33 2.83
94.51 97.14 8.26 1.34
0.09 97.48 9.15 1.45
0.07 97.69 11.17 1.9
0.38 97.45 10.45 2.44
0.05 97.42 9.48 1.75
0 97.06 13.62 2.69
1.34 96.87 14.46 3.86
82.79 96.65 5.28 2.31
5.54 96.17 4.13 2.74
0.08 96.28 6.69 4.36
2.74 96.45 8.02 3.05
5.32 96.74 12.06 2.28
0 96.18 17.18 1.85
0 95.86 19.74 2.79
0.54 96.43 18.03 1.82
3.44 95.95 181.77 2.59
279.12 95.46 12.76 2.63
7.64 95.98 13.93 3.74
10.79 96.11 12.32 1.55
0.67 96.36 16.33 1.97
67.02 96.2 10.69 2.09
8.5 96.02 10.8 1.89
1.33 97.02 10.75 2.49
0 97.32 13.36 1.44
0 97.3 15.89 1.41
1.26 96.92 17.71 2.67
2.61 96.74 20.54 2.6
0.74 96.97 19.23 2.68
36.61 96.58 14.56 2.49
67.9 95.62 13.05 2.09
0.14 95.3 19.29 3.93
0 96.11 23.24 2.29
0 96.27 24.58 2.63
0.16 96.22 23 1.64
5.31 95.84 20.96 2.37
8.47 95.96 17.47 3.42
1.09 96.61 21.86 3.61
0.06 97.08 22.39 1.91
5.25 97.11 19.88 1.57
48.03 96.63 15.64 1.96
38 96.13 16.47 2.11
88.95 96.52 15.08 1.47
26.12 97.13 16.79 1.52
1.07 97.1 18.52 1.53
0.34 97.21 19.35 1.67
0 97.27 20.29 1.52
0.01 97.08 21.14 2.11
0 96.76 22.46 2.16
0 96.76 22.9 2.34
0 96.9 24 2.52
0 97 24.9 2.48
0 97.04 25.11 1.55
1.17 96.92 22.45 1.95
0.04 96.75 20.98 2.2
0.26 96.37 21.81 2.08
5.36 96.15 22.37 2.7
36.02 95.96 22.72 2.58
0.7 95.78 24.63 1.98
5.85 95.89 25.01 1.68
129.99 96.04 21.37 1.61
5 96.09 20.47 1.38
1.7 96.14 23.01 1.37
0.15 96.49 23.96 2.58
0.01 96.12 24.23 1.9
17.61 96.43 21.44 2.21
0 96.57 23.44 1.41
0 96.47 25.03 1.95
0 96.46 25.63 1.84
0 96.38 25.22 1.66
69.57 96.16 22.17 1.65
185.1 96.07 22.32 1.28
0.34 96.12 24.17 1.28
0.03 95.98 24.02 1.51
180.14 95.82 21.8 1.65
4.05 95.78 25.49 1.76
0.02 95.83 27.65 1.21
23.92 95.81 26.84 1.84
0 95.76 27.38 2.27
0.02 95.94 25.45 2.2
29.84 96.26 22.59 1.8
6.63 96.42 23.07 1.55
0.58 96.44 23.06 1.68
64.48 96.28 21.12 1.75
50.35 96.21 21.81 1.27
185.31 96.44 20.83 1.11
5.86 96.69 23 1.08
0 96.68 24.51 1.45
78.76 96.31 23.24 1.88
4.86 96.1 24.85 2.83
0.65 96.28 26 2.43
1.96 96.22 27.08 1.83
11.25 96.37 25.62 1.92
492.15 96.19 22.33 1.29
1.7 96.41 24.33 1.4
3.11 96.53 25.99 1.49
0.96 96.6 26.26 1.63
1.29 96.73 27.34 1.68
0.52 96.59 27.69 2.28
21.39 96.48 26.59 1.91
3.49 96.12 27.28 2.28
52.75 95.71 27.43 2.3
4.11 95.67 23.91 1.55
21.32 95.68 25.54 1.27
182.16 95.97 22.46 1.26
0 96.6 22.5 1.68
0.01 96.52 23.51 1.45
14.66 95.88 24 1.84
69.96 96 23.35 1.25
184.79 96.37 22.48 1.7
0 97.18 21.75 1.35
5.98 96.85 22.13 1.52
132.63 96.13 22.46 1.69
15.43 96.14 23.18 1.95
0 96.39 23.04 1.86
0 96.12 25.36 1.57
5.18 95.83 24.99 1.57
0.87 95.71 26.34 1.82
28.96 95.6 25.43 1.99
0 96.09 23.44 2.18
0 96.48 23.77 1.61
4.93 96.53 24.5 2.11
4.3 96.77 24.26 2.14
117.02 96.88 22.62 1.74
2.03 97.11 24.32 1.42
221.26 97 19.75 1.39
98.74 96.96 18.77 1.22
0.4 96.98 20.7 1.27
0 96.93 22.88 1.22
0.04 97.1 22.71 1.19
0.65 97.24 22.87 1.87
0 96.95 21.96 1.51
2.49 96.79 21.31 1.01
18.49 96.41 21.97 1.35
15.87 96.56 22 1.44
0.61 96.62 22.91 1.45
61.38 97.09 21.33 1.45
1.11 97.21 21.97 1.29
0.01 97.12 20.35 1.18
0 96.89 19.99 1.22
0 96.68 22.17 1.35
8.78 96.77 23.19 1.18
0 97.31 19.48 1.87
0 97.22 17.47 1.13
0.83 96.8 17.86 1.24
17.08 96.39 20.08 1.21
0.36 96.63 20.56 1.14
0 96.76 21.94 1.04
0.91 96.84 22.95 1.2
0 96.98 23.07 1.15
1.38 96.79 22.62 2.25
142.57 97.09 16.4 2.02
217.46 97.22 10.18 2.09
269.65 97.12 11.99 1
0 96.86 15.69 1.17
34.32 96.98 15.17 1.71
232.2 97.67 10.46 2.51
0 97.65 10.85 1.49
0 97.44 13.56 1.19
0.3 97.19 15.59 1.34
2.81 96.98 16.12 2.37
0.33 97.12 15.43 1.69
0 97 13.04 3.23
0 97.88 10.17 2.54
0 97.49 10.96 1.29
0.01 97.21 15.23 1.53
0.47 97.44 15.16 1.42
503.33 97.1 9.91 2.08
78.12 97.08 7.02 3.56
0 97.27 9.97 1.97
0 96.95 12.68 1.11
0 96.83 16.52 1.79
0 97.03 17.41 2.06
0 96.96 16.76 2.03
0 96.48 16.37 1.87
10.02 96.95 13.19 1.97
123.29 97.41 6.92 2.17
0 97.61 8.47 1.07
0 97.12 10.92 1.09
0 97.28 10.57 2.08
0 96.88 9.14 2.52
0 97.63 5.13 2.18
0 98.29 2.26 1.15
23.5 98.26 0.42 1.12
69.33 98.21 2.3 1.23
0 98.12 3.14 1.22
0 97.61 4.69 1.25
0 97.31 9.47 1.59
5.99 97.38 11.31 2.09
2.65 97.91 4.56 2.86
0 98.31 1.41 3.02
0 99.04 -0.22 2.66
0 98.24 0.95 1.26
0 98.05 4.96 1.24
0 98.05 6.21 1.22
0 98.09 6.44 1.23
0 97.87 6.57 1.33
0 98.38 3.94 3.37
0 98.05 2.36 1.7
0 97.54 6.67 1.74
0 97.64 5.34 1.05
0 97.33 7.51 1.45
0 97 8.63 1.36
4.46 97.07 5.75 2.64
0.2 97.67 1.17 2.49
0 97.42 -0.27 1.07
0 97.04 1.07 1.39
84.35 96.31 1.88 2.8
0.88 96.95 -0.08 1.72
1.63 97.87 0.82 2.5
0 98.88 -2.95 2.07
0.02 98.3 -2.42 1.81
0 97.55 1.33 1.38
0 97.54 1.64 1.48
0 97.21 6.06 2.47
0 96.71 4.93 1.82
0 96.48 6.25 1.43
0.12 96.55 3.37 3.39
0 97.38 -1.63 1.6
0 97.34 -0.83 1.72
0.01 97.45 0.21 2.77
0 97.75 -4.9 1.6
0.17 97.01 -4.54 1.83
0 97.25 -4.3 4.62
0.16 97.47 -6.44 1.71
0.28 97.39 -6.17 1.38
0 97.02 -1.65 1.77
0.04 96.5 0.65 1.55
0.04 97.04 -4.96 2.7
0 97.34 -5.89 1.77
0 96.24 3.35 2.33
0 97.47 -0.52 2.96
0 98.12 -4.34 2.5
0 96.86 -2.99 1.68
0 96.81 -4.85 1.62
0 96.45 -4.24 1.74
0.51 96.08 -5.26 3.55
0 97.26 -9.64 2.15
0.96 97.55 -11.62 2.56
0.19 98.34 -13.22 2.64
0 98.23 -14.45 2.5
0 97.94 -13.65 2.24
0 96.66 -8.87 2.22
0 96.47 -4.98 1.61
0 96.47 -3 1.41
0 96.73 -2.94 1.78
0 96.99 0.01 1.71
0 96.69 -4.44 1.41
0.13 97.27 -7.9 2.38
0 98.59 -14.13 3.07
0 98.59 -14.77 2.56
0 97.67 -13.68 2.15
0 96.54 -11.41 2.02
0 96.19 -7.67 1.6
0 96.84 -10.04 2.38
0.63 97.12 -11.01 1.52
0.01 97.22 -11.01 3.85
0.28 97.68 -9.72 4.24
0 98.47 -9.83 2.29
0 98.66 -11.03 1.87
0 98.27 -11.34 1.21
0.01 97.87 -11.36 1.26
0.01 97.95 -10.37 2.93
0 98.58 -8.9 2.41
0.01 97.98 -7.61 1.72
0.1 97.78 -7.59 2.46
0 98.4 -11.43 2.49
0 97.69 -10.49 1.78
0 97.18 -9.96 2.94
0 97.43 -11.98 1.5
0 97.34 -9.75 1.58
0.01 98.36 -12.82 2.05
0 98.82 -15.9 3
0 98.61 -14.74 1.41
0 98.42 -13.41 1.66
0 98.16 -13.77 1.75
0 98.11 -13.16 2.42
0 98.03 -12.02 1.33
0 97.84 -11.84 1.19
0 97.83 -11.26 2.13
0.02 98.11 -13.15 2.94
0.01 98.3 -13.31 1.6
0.13 98.45 -13.53 1.61
0 98.9 -13.45 1.32
0 99.2 -13.17 1.73
0.01 98.7 -12.57 1.75
0 98.4 -12.65 2.84
0 98.17 -10.82 1.83
0 97.72 -3.76 1.89
0 97.4 -3.76 1.14
0 97.34 -5.82 0.95
0 97.24 -5.4 1.74
0 97.48 -4.68 1.58
0.01 96.8 -3.59 3.01
0.05 97.18 -1.34 2.02
0 96.99 -5.11 1.62
0.81 96.99 -5.22 2.27
0.11 97.91 -8.55 1.75
0.64 97.92 -8.29 1.67
0.56 98.12 -11.33 3.09
0 98.31 -10.64 1.82
0.09 98.2 -9.92 1.66
0.07 98.21 -11.01 1.33
0 97.49 -4.63 2.44
0.32 97.36 -4.12 1.37
0.69 97.78 -2.98 1.99
0 97.79 -3.82 1.38
0 97.61 0.09 1.54
0 97.99 -0.15 1.26
0 97.61 1.36 1.42
0 97.16 2.26 2.59
1.78 96.85 3.32 2.42
0.32 97.58 -1.54 2.34
0 98.33 -3.93 1.42
3.37 97.76 -1.03 2.89
0.34 98.36 -7.17 3.53
0.06 97.94 -6.14 2.69
0 97.63 -4.7 2.16
0 97.66 -4.77 1.56
0 97.75 -3.35 1.96
0 97.44 -0.72 1.57
0.1 96.87 3.42 2.05
0 97.63 0.13 2.79
0 97.38 0.62 3.15
0 97.45 -1.41 2.98
0 97.84 -0.3 2.65
0 97.53 1.69 2.41
0 97.03 2.88 2.44
0 96.21 8.49 1.86
0.01 96.82 4.69 3.15
0 98.09 -0.27 3.39
0 97.81 -2.77 3.57
0 97.59 -1.94 2.29
0 97.05 3.59 2.33
0 96.57 6.99 3.39
0 97.05 3.9 2.35
0 97.17 2.31 2.41
0.31 97.79 -0.75 2.81
0 97.94 -1.04 2.24
0 97.64 -0.25 1.88
0 97.76 -0.39 3.04
0 103.83 1.15 1.87
0 103.77 2.04 1.74
0 103.58 4.45 1.81
0 103.89 3.71 1.59
0 103.49 8.07 1.93
0 103.23 9.27 1.7
0 102.72 12.13 2.63
0 104.03 4.65 3.78
0 104.03 4.22 2.32
0 103.55 6.69 1.67
0 103.5 8.59 1.47
0 97.49 10.53 2.24
0.06 96.82 11.23 4.09
0.56 97.01 9.63 3.12
0 97.11 8.97 3.06
0 96.79 11.85 3.63
4.14 97.52 7.35 2.57
0 97.24 10.18 2.35
0 96.58 16.31 2.89
0 96.65 15.33 1.62
0.08 95.9 16.81 2.32
0 96.71 12.58 3.61
0 96.64 12.59 3.35
3.65 96.38 10.74 4.51
0.9 97.08 7.88 4.88
0 97.09 10.58 2.12
0 96.4 15.55 3.12
68.74 97.14 9.01 2.42
4.68 97.02 8.27 2.06
13.2 96.77 6.98 2.11
1.26 96.36 7.73 3.16
0.2 95.96 10.01 1.93
6.36 95.9 10.32 1.82
0.73 96.62 9.19 2.8
0 96.19 10.57 1.9
56.12 95.63 9.14 1.28
15.49 95.51 10 1.96
1.54 96.34 15.01 3.12
0.14 96.59 14.29 2.96
0 96.95 14 2.27
0.92 96.62 13.69 2.2
198.57 95.88 10.6 2.78
0.06 95.78 12.01 2.12
0.02 96.28 14.62 1.87
1.13 96.46 15.21 3.06
23.85 96.06 16.89 1.93
0 96.31 19.26 1.48
0.09 95.99 18.85 2.75
0.27 95.92 15.18 4.55
0 96.07 17.14 4.58
0 96.23 18.05 2.94
0 96.77 15.58 3.04
0 96.8 16.09 1.51
0.01 95.77 17.93 2.47
44.88 95.48 18.07 3.01
13.81 96.59 15.63 2.33
0.34 96.73 14.09 2.54
0.22 96.65 14.23 3.04
0 96.45 19.8 2.77
0 96.57 21.17 2.3
0 96.72 22.95 2.95
1.41 96.73 21.83 3.07
6.11 96.7 19.93 3.85
0.02 96.44 21.39 2.63
0.19 96.31 24.61 4.36
4.78 96.32 23.67 2.28
21.93 95.85 21.31 2.43
9.57 95.75 18.53 1.93
0.02 96.26 20.63 1.89
3.68 96.03 21.42 3.33
7.7 96.02 21.08 2.4
0.27 96.31 21.41 1.69
0.47 96.19 23.97 1.89
71.95 95.59 25.07 2.69
12.84 95.27 22.75 1.94
28.68 95.52 21.51 1.67
0 95.9 24.14 1.98
47.03 95.9 21.35 1.79
231.43 96.06 17.05 1.47
11.62 96.2 20.1 1.93
31.79 96.29 21.97 1.53
69.59 96.14 20.35 1.69
99.08 96.11 18.37 1.92
66.96 96.32 17.52 1.39
0.62 96.4 20.66 1.18
0 96.36 22.04 1.36
0 96.24 24.19 2.11
0.03 95.95 25.82 2.22
0 95.84 27.22 2.44
3.55 95.6 24.02 2.15
94.46 95.78 18.31 2.41
0.67 96.47 21.29 2
0 96.87 21.78 1.61
10.59 96.2 21.98 2.6
26.67 95.55 21.95 1.69
1.38 95.85 24.72 2.2
0.05 96.04 24.02 2.58
13.13 95.94 23.26 2.26
14.84 95.95 23.28 1.71
0.11 95.77 24.55 1.71
0 95.87 25.24 1.78
0 96.03 26.2 1.57
23.41 95.65 22.28 1.55
0.67 95.28 26.03 2.26
157.56 95.38 20.09 1.38
22.12 95.47 20.75 1.92
1.74 96.11 22.64 1.55
4.83 96.32 24.54 1.91
3.84 96.39 24.98 2.14
19.04 96.4 24.26 2.01
0.57 96.17 24.37 1.33
73.66 96.24 23.19 1.71
14.8 96.25 23.97 1.23
37.24 96.13 23.72 1.36
19.05 96.18 22.63 1.48
18.51 96.21 23.52 1.09
154.26 96.03 22.05 0.94
90.05 96.04 21.89 1.04
146.01 96.02 22.28 1.61
86.53 95.93 23.73 1.76
0.77 95.98 25 1.35
13.87 96.01 25.69 1.74
506.27 95.82 22.89 2.32
153.09 95.7 23.89 1.74
7.82 95.98 23.62 1.75
2.4 96.11 25.78 1.54
20.12 96.29 24.05 1.15
173.42 95.96 21.2 1.28
0.01 96.01 24.11 1.52
0.51 96.14 25.65 1.4
0.79 96.53 24.1 1.39
0.09 96.18 24.18 2.01
0 96.1 24.43 1.75
0.01 96.31 24.62 1.57
5.34 96.34 23.36 1.2
14.54 96.34 24.13 1.18
37.36 95.85 24.15 1.25
14.85 95.98 26.03 1.38
0 96.42 25.96 0.89
0 96.27 26.09 1.35
0 96.03 25.66 1.61
5.66 95.76 25.65 1.77
22.59 96.06 23.75 1.83
418.49 96.15 19.47 1.39
30.95 96.15 22.62 1.11
35.18 96.35 22.08 0.99
0.2 96.6 22.72 1.14
0.26 96.78 22.66 1.31
0 96.75 24.22 1.27
1.13 96.62 24.82 1.65
77.96 96.85 21.83 1.47
0 96.89 21.44 1
7.97 96.87 20.97 1.54
2.39 97.09 21.52 1.22
0.17 97.19 21.81 1.06
24.2 97 19.79 1.01
17.78 96.63 21.59 0.97
1.54 96.53 23.24 1.35
0 96.45 23.94 1.35
71.44 96.18 23.66 1.99
0.84 96.71 20.44 1.51
0 96.52 20.73 1.12
1.37 97.03 20.01 1.25
0.14 96.97 19.86 0.88
0 97.02 19.14 1.01
0 96.62 19.95 1.16
25.33 96.2 20.09 2.06
2.32 96.87 15.46 1.85
0.08 97.45 15.21 1.56
2.94 97.77 14.22 1.41
33.32 97.23 17.28 1.67
0.12 96.96 18.2 1.79
0.04 96.55 20.49 2.51
5.15 96.56 18.9 1.64
3.02 96.75 17.12 1.49
31.58 97.1 14.62 2.05
0 97.5 11.86 2.33
0 97.95 11.46 1.44
0 97.79 11.64 1.18
0 97.44 12.67 1.36
0 97.01 13.84 1.43
0 97.09 14.96 1.57
0 97.06 15.45 1.44
0 96.79 18.16 1.99
0.2 97.04 19.7 1.74
0.06 97.26 19.64 2.02
0.01 97.12 17.9 1.83
1.81 96.88 17.49 1.92
0.25 97.28 12.63 2.63
0 97.87 8.54 2.19
0 97.89 9.2 2.36
0 98.36 9.22 2.21
0 98.04 10.45 1.19
0 97.35 12.54 1.97
0 96.71 14.6 2.42
0 97.33 11.57 1.94
0 97.35 11.11 1.19
0 97.15 14.62 2.16
0.06 97.44 15.59 1.75
0 98.03 10.66 1.25
0 97.74 12.22 1.31
0 97.15 14.87 0.99
47.79 96.65 11.7 1.32
7.12 96.5 11.33 1.15
1.69 96.11 11.26 1.86
0.35 96.61 11.27 3.04
0 97.71 6.55 2.09
0 97.76 9.26 1.36
0 97.6 11.5 1.9
0.01 97.43 14.81 2.4
0 97.31 14.3 1.67
0.13 97.15 12.84 1.07
8.92 97.68 6.96 3.09
0.01 98.07 4.2 2.68
0 98.15 5.07 1.45
0 97.7 6.88 1.12
0.35 97.54 9.04 2.12
0 97.82 7.49 1.23
0 97.5 7.88 1.29
0 97.32 10.13 2.28
0 97.54 11.66 3.17
3.77 97.67 13.76 2.23
0.54 98.28 8.21 1.48
0.42 98.01 8.49 1.04
1.55 97.67 11.68 1.84
0.36 98.35 5.66 2.98
0.02 98.24 4.36 1.62
0 98.17 4.32 1.6
0 98.13 4.29 1.44
0 97.95 3.01 1.03
0 97.33 3.36 1.24
0 96.75 5.15 1.7
0 96.97 7.69 2.07
0.04 97.8 1.22 2.15
0 97.97 -2.27 1.38
0 98.05 -1.94 1.1
0 98.17 2.85 2.04
81.99 97.61 1.85 0.88
9 97.26 0.95 2.56
0.62 97.53 -3.06 2.69
0 98.09 -4.59 1.5
0 98.07 -2.87 1.33
18.83 97.58 -3.61 1.86
0.09 98.27 -6.68 2.61
0 98.03 -7.25 0.95
0.04 98.05 -5.4 1.38
0.17 97.28 1.36 1.28
0 97.39 -0.53 0.86
0 98.17 -0.95 1.99
0 98.78 -5.85 1.54
0 99.07 -6.61 1.66
0.05 98.36 -6.76 0.87
0.01 97.6 -5.09 0.86
0 97.8 -5.23 1.28
0 98.17 -6.59 0.94
0.71 98.45 -7.1 0.66
0.81 98.32 -3.43 0.94
0.5 98.58 -4.9 2.02
0.01 98.94 -10.06 3.49
0 98.58 -10.11 2.1
0 97.71 -6.37 2.64
0 97.71 -2.42 1.61
0 98.24 -5.46 1.22
0 97.56 -2.72 2.21
0 98.21 -6.54 3.55
0 98.46 -10.59 2.79
0 98.61 -11.02 2.47
0 98.32 -9.56 1.66
0 98.38 -9.42 1.44
0 98.29 -9.62 0.94
0 97.94 -8.97 1.26
0 97.86 -8.15 2.73
0 98.21 -9.86 1.73
0 97.66 -7.79 1.77
0 97.87 -11.05 1.2
0 98.39 -11.54 1.17
0 98.67 -10.5 1.15
0 98.13 -7.56 1.1
0 98.49 -8.81 1.72
0 98.92 -13.6 1.09
0.06 98.35 -12.6 1.11
0 98.06 -9.83 1.21
0.27 98.49 -10.09 1.43
0.59 97.93 -10.91 1.69
0.13 98.03 -11.07 2.59
0 98.3 -10.9 1.55
0 98.07 -10.14 1.4
0 98.94 -12.77 1.29
0.08 98.85 -13.79 0.95
0 98.37 -11.11 0.82
0 98.36 -12.62 1
0.06 98.36 -11.6 2.33
0 98.57 -11.54 1.9
0 97.59 -6.01 1.76
0 97.84 -7.98 1.26
0 97.75 -8.23 1.12
0 97.54 -9.38 0.86
0.03 97.29 -7.12 0.99
0.04 97.53 -9.23 1.05
0 97.71 -9.62 0.99
0 98.13 -9.8 0.89
0.01 98.78 -11.44 2.85
0 98.7 -15.45 2.45
0 98.41 -16.18 1.74
0 97.88 -15.52 1.67
0 97.7 -14.35 2.07
0 97.31 -12.61 2.07
0 97.38 -11.55 1.42
0 97.93 -12.02 1.47
0 98.18 -13.31 1
0 98.56 -13.87 1.11
0.03 98.23 -15.55 1.18
0.24 97.65 -13.73 2.81
0 98.48 -15.28 3.07
0 98.51 -14.37 2.14
0 97.48 -11.3 1.89
0 97.6 -9.1 1.63
0.13 97.02 -4.36 2.03
0.01 97.53 -9.5 3.84
0 97.86 -13.58 3.29
0 97.44 -10.81 2.78
0 97.61 -8.26 2.37
0 97.98 -9.37 1.89
0 97.98 -9.17 1.69
0 97.81 -7.74 1.87
0.02 97.38 -2.7 1.43
0.08 97.91 -5.86 2.52
0 97.91 -8.75 2.05
0.02 97.97 -9.38 2.24
0 98.11 -10.73 3.47
0 98.03 -8.74 2.25
0 97.43 -5.69 2.07
0 97.49 -5.7 1.55
0 97.33 -7.14 1.29
13.09 96.82 -5.36 1.73
0 97.85 -6.22 1.68
1.24 97.64 -5.8 1.44
0.05 98.16 -6.79 2.67
0 98.12 -7.31 1.47
0 97.61 -4.72 1.97
0 97.23 -0.34 2.44
0 97.3 1.74 1.83
1.64 97.84 -2.21 1.69
0.25 98.09 -5.15 2.05
0.13 98.12 -4.96 1.39
0.05 97.47 -0.51 1.49
42.74 96.65 -0.78 0.86
37.68 96.67 -2.43 1.66
0.02 97.35 -3.15 2.11
0 98.14 -5.88 2.46
0 97.91 -6.53 1.63
0.1 97.66 -5.44 3.56
0 98.21 -5.69 2.75
0 97.9 -4.15 1.71
0 97.18 0.34 2.15
0 97.78 0.68 1.52
0 97.48 2.83 2.45
4.27 96.48 5.96 3.28
2.23 97.03 -0.4 3.02
10.46 97.97 -5.62 2.48
0 97.72 -1.33 1.7
0 97.66 0.97 1.65
0 97.02 5.68 2.71
0 97.59 3.66 1.27
6.91 96.66 2.03 2.97
0 97.04 1.8 4.59
0 97.56 1.8 2.77
0 97.23 4.97 1.62
0 97.37 9.65 2.23
0 97.69 9.73 2.3
0.15 96.59 12.42 4.61
0.28 97.26 3.87 3.67
0.14 97.25 1.54 3.58
0 97.32 1.31 1.72
4.68 97.1 2.9 1.8
0 96.75 5.5 2.74
0 96.48 6.18 3.22
0 96.81 5.58 3.25
0.04 97.25 4.13 2.14
0 96.79 9.53 2.88
0 96.78 12.84 2.74
0 96.79 13.45 3.03
15.74 96.41 15.68 3.93
5.11 96.79 9.49 3
0 96.21 13.65 2.26
0 96.12 14.67 2.43
0 96.08 17.17 2.83
0.33 96.62 12.28 2.86
0 97.1 10.35 2.12
0 96.19 16.34 3.31
0 96.21 18.3 3.63
0.77 96.73 13.8 3.1
100.64 97.18 12.77 2.67
2.78 96.57 11.91 1.78
0.42 95.83 13.96 1.64
0.2 95.89 16.9 2.6
124.09 96.21 13.61 1.76
131.43 96.16 10.71 3.52
0 95.7 12.39 2.48
0.05 95.32 14.33 4.55
0 96.64 11.43 2.24
0 96.66 13.39 1.77
0.24 96.27 18.74 3.13
0.21 96.82 18.36 1.93
5.55 96.31 19.26 2.09
0 96.37 21.7 1.54
0.72 96.46 21.84 1.82
0 96.55 19.39 3.03
0 96.2 18.65 1.71
0.25 96.22 17.06 1.05
0 96.41 18.36 1.44
0.03 96.75 20.19 1.85
1.47 96.82 22.4 2.1
26.38 96.96 17.15 1.41
33.14 96.56 13.42 1.76
13.78 96.32 13.27 2.6
6.04 96.23 14.88 2.95
0.01 95.94 14.25 2.09
18.38 95.64 13.57 3.29
0.07 96.17 16.48 1.56
0 96.12 21.89 3.13
59.96 96.57 21.16 2.61
3.55 96.99 19.82 1.57
0.06 96.9 21.02 2.24
1.39 96.56 20.52 3.23
14.19 96.66 18.48 1.97
0 96.6 18.73 2.14
0 96.44 19.34 2.32
0 96.03 22.01 2.02
0 96.56 21.43 2.06
0 96.7 23.25 1.85
4.49 96.65 23.49 2.47
81.98 97.06 16.54 2.17
0.1 97.19 18.54 1.48
6.15 96.87 17.2 2.26
16.38 96.51 19.01 2.21
194.51 96.34 15.75 1.63
7.83 95.96 19.77 2.5
2.01 96.11 21.34 1.59
7.7 95.76 20.38 1.66
9.2 95.58 22.86 1.88
36.94 95.61 22.86 2.49
179.85 95.45 22.05 2.67
22.06 95.57 18.47 1.74
0.82 95.3 19.21 2.39
6.78 95.35 18.96 1.68
54.24 95.96 16.37 1.73
344.89 96.17 16.07 1.63
58.09 96.17 16.53 1.96
1.9 96.09 20.27 1.23
5.01 95.94 23.89 1.38
12.47 96.16 21.74 1.76
201.68 95.92 21.6 1.24
5.06 95.95 22.51 1.37
2.76 96.13 22.23 1.45
24.21 96.11 21.28 1.45
0.99 95.91 22.52 2.19
15.62 95.92 23.36 2.27
21.9 96.3 21.96 1.16
4.93 96.67 23.38 2
0.73 96.79 23.54 1.53
1.6 96.58 21.29 1.94
112 96.12 20.34 1.48
0 95.88 24.29 1.61
4.18 95.54 25.63 2.48
4.96 95.49 24.2 2.04
0.35 95.45 24.34 2.44
0.06 95.85 24.77 1.56
0.7 96.03 24.37 1.41
0.37 95.88 24.85 1.34
10.48 95.9 25.49 1.78
20.97 95.92 26.23 1.86
34.41 95.99 23.95 1.73
188.2 95.55 20.68 1.62
20.33 95.2 21.34 2.14
28.8 95.6 21.14 2.25
2.99 96.1 22.91 2.49
0 96.16 22.49 1.36
0 96.2 23.71 1.75
0 96.48 25.23 1.54
0 96.64 24.66 1.86
0.2 96.46 24.7 1.95
1.12 96.22 25.76 1.28
3.11 96.16 26.79 1.47
24.66 96.16 25.48 1.84
669.08 95.64 23.34 3.06
0 96.21 24.94 1.22
0 96.46 24.77 1.29
4.73 96.41 24.89 1.7
108.7 96.02 25.27 2.25
1.6 96.33 25.42 1.35
124.71 95.98 23.95 1.68
27.58 95.53 25.45 2.28
0.22 96.19 23.35 1.55
117.75 96.51 20.29 1.02
170.44 96.63 19.42 1.42
395.15 96.56 20.61 1.01
30.77 96.66 22 1.34
262.57 96.63 21.67 1.39
0 96.82 23.59 0.89
0 96.65 24.7 0.79
0 96.33 25.7 1.46
12.86 96.17 25.76 1.57
42.32 96.43 24.41 0.99
0 96.34 25.03 1.19
7.19 96.4 22.17 1.84
16.27 96.39 19.94 1.98
0.65 96.54 21.29 1.45
1.71 96.31 19.8 1.46
1.61 96.29 21.8 1.09
0 96.7 23.08 1.49
0.03 96.34 23.69 2.42
222.09 96.22 24.15 1.55
5.08 96.34 23.18 1.19
41.98 96.27 22.15 1.59
9.73 96.97 18.23 1.51
0.02 97.14 17.89 1.38
0 96.95 20 1.77
0 96.88 21.9 1.8
0.09 96.7 22.19 2.31
0.96 96.71 21.63 1.42
20.04 96.64 21.55 1.04
0.43 96.03 23.1 1.69
1.24 96.19 25.15 1.5
0 96.52 24.72 1.28
0 96.64 25.82 1.61
0.38 96.67 25.77 2.04
192.67 96.53 20.47 2.22
63.42 96.96 14.4 2.14
0.42 97.02 15.16 1.35
0.56 97.2 16.98 1.43
0 97.11 20.17 1.93
37.19 97.26 17.61 1.21
2.26 97.11 17.28 0.78
0 97.02 18.88 1.1
0 96.98 21.21 1.17
56.11 96.67 20.04 1.59
76.6 96.58 15.54 2.26
0.21 96.77 13.91 2.02
0 97.17 14.63 1.25
0.15 97.62 15.19 0.9
0 97.7 15.12 1.15
0 96.98 16.34 1.72
0 96.52 16.8 1.81
0.2 96.56 17.16 1.33
0 96.82 18.72 1.44
1.19 96.76 18.94 1.63
0.42 96.72 18.21 1.4
6.92 97.01 17.15 1.13
0.21 97.41 16.75 1.11
7.25 97.31 16.49 1.33
4.97 97.48 17.07 1.08
82.87 97.12 12.77 1.56
42.9 96.99 10.15 4.26
0.95 97.2 12.84 2.74
0 97.28 11.94 1.26
0 97.17 13.28 1.18
0.18 96.95 15.35 1.48
1.28 96.74 15.26 1.56
0 96.89 13.9 1.34
0 97.41 12.99 1.06
0 97.89 13.14 0.91
0 97.75 14.25 1.2
0 97.3 15.23 1.51
75.31 96.79 14.45 1.88
0 97.35 9.98 1.49
0.01 97.01 11.66 2.26
0 96.75 14.09 1.37
0.04 97.12 11.42 2.29
0 97.58 8.06 1.29
0.01 97.78 8.84 1.49
66.32 97.09 10.12 2.14
0 97.17 5.73 2.18
0 97.2 6.86 1.69
0 97.11 8.44 1.59
0 97.41 8.17 1.52
62.51 97.76 4.06 1.06
69.72 97.14 3.09 2.1
0 96.86 7.08 1.42
0 96.55 10.22 1.8
0 97.24 9.82 1.14
0 97.31 11.21 1.55
11.93 97.07 12.09 1.62
0 98.07 5.6 1.61
1.22 97.96 1.81 1.71
0.04 97.61 1.87 2.18
0.03 97.42 1.43 1.63
0 97.43 2.63 1.3
0 97.66 2.9 1.5
27.52 97.55 4.76 1.21
151.74 96.96 3.95 74.23
62.8 97.33 0.15 2
0 97.51 -0.22 1.25
0 97.17 1.04 1.01
0 97.42 2.12 1.21
0 97.89 0.86 1.07
32.15 97.57 0.48 0.57
204.3 96.07 -0.95 3.07
0.4 96.7 -2.56 2.12
0 96.76 -4.26 2.75
0 97.62 -3.63 1.97
0 97.96 -4.84 1.17
19.73 97.35 -1.49 1.24
0 97.29 -3.87 72.52
0.02 97.07 -2.67 1.93
0.01 97.56 -1.53 1.85
0 97.63 -3.17 0.95
0 97.24 -0.19 1.52
4.37 97.73 -3.71 1.7
0 97.74 -5.76 1.45
0 97.21 -3.66 1.8
0 97.06 -0.67 2.26
0 97.2 -5.39 1.88
0 96.36 -1.85 2.38
0.01 96.97 -3.53 2.69
0.01 97.59 -6.64 1.48
0 98.32 -10.33 2.12
0.07 98.1 -11.03 2.05
0.47 96.93 -3.41 2.39
3.38 96.98 -5.4 3.15
0 97.33 -8.16 1.29
0 97.34 -10.62 2.07
0 97.35 -12.22 1.46
0 97.48 -13.63 1.47
0.01 97.47 -14.66 2.78
0 97.54 -9.99 2.76
0.03 98.22 -10.51 1.08
0.02 98.4 -11.1 1.03
0.05 97.92 -9.79 1.51
0.01 97.81 -6.99 0.93
17.13 97.86 -7.11 1.49
0.38 97.67 -6.55 1.36
0.19 98.07 -9.51 0.94
0 98.38 -10.57 2.69
0 98.54 -12.94 1.87
0.01 98.01 -13.63 0.75
0.09 98.14 -10.49 328.4
2.79 98.01 -7.38 2.09
0 98.54 -13.65 2.3
0 98.42 -17.58 1.92
0 97.6 -16.81 3.09
0 98.73 -16.94 2.01
0 98.49 -16.63 1.09
0 97.81 -12.25 0.87
1.17 97.77 -11.74 0.93
24.9 97.81 -11.07 2.35
0 97.47 -14.52 2.21
0.01 96.95 -14.43 1.3
0 97.34 -14.97 2.39
0 98.49 -17.11 2.36
0 99.09 -15.38 1.63
0 98.12 -15.27 1.46
0 97.92 -13.74 1.34
0 97.86 -14.24 0.98
0 97.72 -13.09 1.39
0.01 98.18 -15.28 1.39
0 98 -15.18 1.38
0 97.87 -13.55 1.25
0.2 97.45 -11 0.74
0 97.55 -9.98 1.45
0 97.59 -11.91 0.78
0 98 -9.72 1.6
1.04 97.74 -11.29 1.67
0 98.43 -12.9 2.03
0 98.73 -11.26 1.09
0 97.7 -8.3 1.51
0 98.23 -8.12 1.47
5.32 98.26 -7.91 0.88
0.14 98.21 -7.47 1.44
0 98.06 -10.92 1.16
0.01 96.87 -7.02 1.77
0.02 97.45 -11.2 2.91
0 97.57 -12.82 1.28
0.16 97.9 -12.89 0.92
0.03 97.85 -10.93 1.32
0 97.32 -5.77 0.99
0 97.64 -6.56 1.03
0.03 97.62 -5.06 1.25
1.36 97.53 -3.81 1.09
1.35 97.96 -5.26 3.09
0 98.24 -8.53 1.78
1.82 97.24 -6.58 1.73
0 97.94 -7.77 2.35
0.01 97.47 -6.79 1.14
0.55 97.75 -12.41 3.12
0 98.65 -15.97 3.5
0 98.59 -14.45 1.33
0.13 97.62 -9.55 1.79
0 98.25 -11.19 2.24
0.06 98.31 -10.35 1.57
0 97.58 -5.46 34.91
0 97.29 -2.17 2.53
0 97.95 -6.28 1.76
0 97.95 -8.75 1.47
0 97.31 -5.76 1.95
0.02 97.13 -2.72 3.28
0 97.89 -8.13 2.35
0 98.09 -10.33 1.68
0.02 98 -10.13 1.31
0 97.87 -6.76 2.28
0 98.07 -5.36 1.9
0 98 -3.52 1.48
0 98.12 -4.52 1.4
4.49 98.05 -5.62 1.36
0.3 97.08 1.07 2.16
0 96.98 2.17 1.98
0.21 96.44 0.33 3.95
0 98.19 -5.82 4.75
0 98.36 -4.59 1.39
0 97.19 0.38 1.87
0 97.5 2.44 1.99
0 96.91 6.34 2.65
0 96.82 3.74 1.12
0 96.25 4.9 1.61
0 96.13 2.37 2.17
0 96.15 -0.61 4.39
0 97.79 -0.97 1.77
0 97.08 4.22 3.07
37.87 96.84 1.66 2.72
0 98.12 -4.39 3.82
0 97.74 -0.04 2.47
0 97.12 6.43 2.33
0 97.6 5.78 2.01
0 96.06 8.92 2.31
0.28 96.17 -0.17 3.3
5.63 96.97 -4.41 2.82
0.17 97.49 -5.07 2.3
0 96.21 2.19 4.54
0 97.17 -1.3 2.17
22.49 96.8 -3.21 2.39
0 97.52 -3.56 2.89
0 97.41 -0.61 1.47
0 96.47 5.21 3.36
0.79 96.52 4.05 2.16
0 97.44 0.76 2.47
0 97.65 -0.06 1.91
0.23 97.59 0.84 1.59
3.54 97.26 3.22 2.19
86.91 97.29 1.07 2.08
0 96.91 5.28 2.34
0 96.84 7.97 2.21
13.9 97.06 1.98 1.8
60.89 97.3 0.47 2.56
0 97.09 1.12 2.61
0.13 96.33 2.58 1.8
8.82 96.23 2.66 2.57
10.23 97.15 1.65 2.59
0.29 97.05 2.71 2.17
0 97.07 3.67 2.86
0 96.64 8.41 1.89
0.12 96.04 9.43 3.28
0 96.41 4.92 3.38
0 96.12 6.39 2.25
1.87 96.34 5.78 2.95
17.62 96.73 2.79 138.72
5.58 97.67 2.74 3.58
0 97.72 4.36 1.49
0 97.37 6.81 1.9
0 97.06 10.36 1.97
0.11 96.59 13.22 4.13
68.93 96.53 8.41 2.18
1.04 96.43 8.58 1.95
0.03 96.49 10.08 3.59
0 96.59 11.76 1.5
0 96.62 14.23 1.76
9.16 96.45 12.96 2.55
0.29 96.47 13.22 4.86
0.45 96.94 12.35 4.23
1.5 97.04 13.24 1.87
1.23 96.92 12.59 1.33
2.83 97.12 14.01 1.43
0 96.92 17.49 2.65
0 97.03 21.7 1.69
0 96.91 23.67 1.59
0 97.01 22.48 2.04
0.07 96.83 22.08 3.04
9.75 96.42 15.83 2.02
12.56 95.51 16.44 3.07
0 95.08 19.97 2.93
0 95.68 18.29 1.89
0 95.82 19.3 1.99
0.52 96.29 19.09 3.37
0 97.25 18.21 2.41
0 97.23 18.83 1.79
0.28 96.64 18.84 2.52
0 96.08 18.73 2.56
24.12 95.37 16.06 3.29
0.01 95.43 18.59 3.58
0 95.65 20.51 2.02
0 96.61 20.66 1.55
1.87 96.45 23.63 2.72
1.39 96.92 18.57 1.86
0 96.63 21.4 1.87
1.62 96.45 20.42 3.14
1.26 96.29 18.72 3.06
0.49 95.87 19.63 2.04
0 96.14 21.23 3.02
0 96.02 25.15 2.78
0.02 95.67 25.8 4.24
0 96.27 21.74 1.93
16.99 96.17 19.82 2.44
0.05 96.19 22.22 2.53
8.24 96.92 18.92 1.83
35.27 96.8 18.22 2.32
1.65 96.63 19.24 2.4
1.84 96.41 22.15 2.62
0.41 96.26 23.22 3.08
13.35 96.53 18.52 2.3
8.05 96.78 17.63 1.47
26.21 96.5 16.06 1.53
5.27 96.32 18.35 1.89
0.01 96.42 22.52 2.78
0.07 96.42 24.08 3.15
1.29 96.25 24.89 2.41
65.43 96.12 21.06 2.25
5.54 95.83 22.72 1.39
60.96 95.54 21.26 1.6
0.13 95.87 24.35 1.76
0 96.39 25.07 2.08
0.05 96.54 25.57 1.83
0.7 96.34 23.68 1.52
2.22 96.02 23.54 1.99
11.49 95.93 22.31 2.22
63.13 95.73 21.46 2.21
52.45 95.34 22.19 2.03
83.78 95.49 23.12 1.72
60.34 95.91 22.05 1.39
234.53 96.06 22.11 2.57
12.88 96.03 23.23 2.63
57.91 95.69 23.2 1.97
267.77 95.11 23.34 2.34
0.09 95.13 25.48 2.13
2.25 95.12 25.58 2.05
2.03 95.49 25.82 1.79
0.61 95.8 25.39 2
3.19 95.69 25.5 3.17
77.09 95.86 25.01 1.71
155.18 96.08 22.28 1.04
1.66 96.24 22.84 1.08
0.43 96.25 23.67 0.94
10.62 96.22 24.46 1.55
21.19 96.4 24.28 1.83
0.5 96.42 24.64 1.77
185.77 95.77 22.59 1.96
210.75 95.52 23.74 2.09
0 96.18 24.23 1.73
0.14 96.11 22.82 1.96
57.93 95.88 23.22 1.47
1.74 96.12 23.44 1.73
0.14 96.16 24.79 1.34
4.18 96.05 24.87 1.36
4.79 95.57 24.66 1.59
0.87 95.58 25.96 2.27
0.01 95.93 25.57 1.5
0.02 95.99 25.91 1.54
30.16 95.8 23.78 1.29
18.82 95.65 26.46 1.82
0.12 95.64 26.39 1.21
1.25 95.46 26.77 1.99
3.56 95.58 26.4 1.87
11.39 95.91 26.35 2.53
0.24 96.16 26.01 2.11
0.55 95.93 26.62 2.11
6.54 95.53 27.79 2.37
22.19 95.36 26.07 1.74
4.3 95.57 27.05 1.9
13.38 95.78 27.83 1.76
12.51 95.55 28.19 1.72
12.75 95.73 26.78 1.51
1.73 96.17 27.2 1.43
2.89 96.32 27.52 2.07
56.38 96.06 24.96 2.2
3.26 96.01 26.56 2.25
9.36 95.98 28.03 2.21
1.49 95.95 28.35 1.88
145 95.46 25.96 1.62
0.05 107.27 27.79 1.98
0 96.42 24.18 1.85
0 96.7 23.72 1.48
1.69 96.71 22.9 0.77
2.58 96.33 25.07 2.23
0.24 96.42 24.75 1.56
0 96.58 24.33 1.22
0.08 96.59 24.6 1.28
20.39 96.37 23.31 1.81
45.9 96.42 20.91 1.8
2.14 96.44 20.26 1.38
320.55 95.83 18.65 1.29
8.49 95.91 17.58 2.63
0.06 96.67 16.78 1.96
6.35 96.74 18.36 1.53
2.65 97.02 17.79 1.37
8.96 97.18 18 1.51
0 97.26 17.62 1.11
5.44 97.15 17.93 1.11
124.26 97.13 15.55 1.01
18.7 97.19 16.35 1.41
12.97 97.24 17.54 1.17
0.86 97.2 18.97 1.11
11.76 96.76 19.67 1.64
0.53 96.78 18.13 1.37
0 96.93 18.62 1.8
0.86 96.72 20.51 2.03
56.59 96.07 20.54 2.33
0.16 96.27 21.58 2.44
0 96.97 15.45 1.37
0.43 96.67 17.24 1.39
6.64 97.14 18.09 1.3
3.71 97.67 17.59 1.07
2.31 96.77 19.92 2.09
0 97.07 19.53 1.11
0.04 97.15 19.86 1.29
3.32 97.06 18.78 1.93
62.88 97.28 14.62 1.84
0 97.58 10.02 2
0 97.41 12.12 1.65
0 97.15 12.76 1.55
0 96.5 17.08 2.35
0 96.5 17.25 2.3
0 97.36 14.74 1.24
0.36 97.37 15.02 1.8
222.42 97.29 11.99 1.5
0.03 97.44 11.42 1.88
0 97.36 10.52 1.28
0 96.68 16.81 2.76
0 97.58 15.44 1.3
0.01 97.69 15.23 1.77
0.02 97.8 14.25 2.15
0.14 97.43 11.86 1.17
0 96.45 15.65 2.06
8.94 96.35 15.41 2.69
0 96.88 12.45 2.16
0 97.37 13.05 1.19
67.3 97.47 10.28 1.31
5.42 98.21 6.22 3.2
0 98.35 3.68 1.03
0 97.9 6.74 1.14
0 97.99 8.05 1.36
0 97.77 10.72 1.79
41.8 97.86 10.17 1.02
4.83 97.86 8.83 1.59
0 97.79 7.21 0.72
9 97.67 7.51 1.58
86.35 97.56 4.46 1.62
0.01 97.74 4.99 2.44
0.01 97.98 7.16 1.99
0 97.58 5.92 1.08
0 97.07 7.67 1.37
7.85 97.51 6.64 1.12
1.35 98.11 5.2 1.59
0 98.08 4.37 1.05
0 98.13 5.42 0.73
0 97.95 5.7 0.91
0.11 97.38 8.09 1.32
3.24 97.6 8.7 2.33
0 98.05 6.7 1.33
0.01 97.35 6.9 1.88
0.08 96.85 8.13 2.65
0.01 97.31 4.87 2.32
0 97.41 4.83 1.96
0.18 97.8 5.6 3.04
0 97.89 0.24 2.72
0 97.98 1.27 1.67
0 97.83 2.02 1.2
0 97.28 2.62 2.22
0 96.97 4.08 2.12
0 96.96 4.14 1.54
0.11 97.02 3.81 2.2
0.01 97.46 -0.91 2.8
0.02 97.61 -1.44 4.15
0 97.56 -2.47 2.74
0 97.65 -2.49 1.52
0 97.85 -2.21 1.06
0 97.6 1.2 1.41
0 97.25 2.28 1.02
0.03 96.89 0.64 1.46
0 96.79 -2.09 3.18
0 96.94 -4.55 2.49
0 97.23 -7.73 4.09
0 97.39 -5.14 2.37
0 96.99 0.3 2.26
0 97.59 -1.48 1.78
16922.01 97.39 -1.62 1.56
16922.01 97.11 -0.52 1.12
16922.01 97.37 1.75 1.42
16922.01 97.35 2.22 1.63
16922.01 97.65 -0.37 1.76
16922.01 97.23 -0.43 1.26
16922.01 97.35 -3.48 1.11
16922.02 97.26 -1.78 1.35
16922.02 97.46 -3.61 2.6
16922.14 96.96 -5.54 2.46
16922.26 97.05 -6.81 1.67
16922.01 97.14 -9.42 2.55
16922.01 97.51 -10.36 1.88
16922.01 97.83 -7.93 1.74
16922.01 98.45 -7.79 1.11
16922.01 98.38 -8.24 1.13
16922.13 98.66 -10.03 2.02
16922.15 98.31 -11.62 2.15
16922.26 98.15 -10.36 2.79
16922.02 98.54 -9.54 2.24
16922.01 98.62 -9.11 1.14
16922.01 98.34 -9.45 0.95
16922.01 98.45 -8.05 1.46
16922.01 98.47 -8.87 1.03
16922.03 97.79 -5.88 1.53
16922.15 98.26 -8.32 3.07
16922.01 98.01 -9.86 1.34
16922.01 97.54 -10.4 1.82
16922.01 96.81 -5.19 2.3
16922.01 96.59 -4.75 1.92
16922.01 96.18 -1.06 3.28
16922.01 96.39 -3.01 2.47
16922.01 96.71 -3.15 2.93
16922.01 97.25 -4.75 2.29
16922.45 97.27 -7.69 1.74
16927.05 97.47 -6.95 2.2
16922.03 97.28 -7 3.08
16922.01 97.63 -4.61 3.05
16922.01 98.19 -12.98 2.48
16922.01 97.84 -14.34 2.47
16922.01 97.81 -11.33 2.25
16922.01 97.87 -8.83 2.36
16922.01 98.42 -10.79 2.46
16922.01 98.15 -12.49 1.49
16922.01 98.17 -11.22 1.83
16922.01 97.92 -7.64 1.77
16924.06 97.94 -8.6 1.65
16922.01 97.95 -10.78 1.58
16922.01 98.18 -8.17 2.06
16922.92 97.25 -5.81 3.46
16922.02 97.62 -8.62 5.02
16922.01 97.9 -8.78 3.5
16922.01 97.21 -4.91 2.17
16922.01 96.44 -1.19 4.13
16922.01 96.84 -1.87 3
16922.01 97.83 -6.87 3.87
16922.01 97.57 -8.1 3.78
16922.01 96.76 -1.16 5.24
16922.01 97.58 -6.63 3.46
16922.01 96.14 0.27 5.82
16922.01 96.84 -4.48 2.74
16922.01 97 -5.13 2.01
0.36 96.58 -2.33 2.21
0.09 96.49 -3.06 4.22
0 97.44 -10.11 3.89
0 97.67 -11.52 1.93
0 97.8 -10.68 1.72
0 98.03 -8.82 1.98
0.66 97.76 -9.6 1.81
2.1 97.73 -11.33 3.52
0 98.38 -12.21 3.91
0 98.26 -12.75 1.43
0 97.65 -10.69 1.66
0 98.25 -10.2 1.91
0 98.32 -10.68 1.79
0.03 97.42 -3.61 3.19
0 97.42 -3.59 1.84
0.14 98 -4.26 1.75
0 98.58 -6.11 2.59
0.36 98.19 -8.29 2.01
0.53 97.87 -6.68 1.63
0 97.87 -6.81 1.76
0 97.75 -4.52 1.82
4.28 98.23 -5.46 1.74
0.12 98.1 -3.68 1.59
0 97.62 -1.01 1.58
0 97.47 1.99 2.33
0.31 97.15 5.41 4.94
3.8 97.81 -0.95 4.77
0.02 97.61 -4.9 1.46
0 97.4 -3.13 1.65
0.11 97.38 -3.13 1.97
0.15 97.34 -3.53 1.55
1.4 97.63 -2.53 2.99
0 97.72 -4.07 3.6
0 97.93 -5.83 2.32
0 97.92 -4.48 2.25
0 97.4 -3.35 1.94
0 97.71 -4.3 2.5
0 97.28 -2.04 2.59
0 96.88 4.2 4.13
0 97.57 0.69 4.03
0 97.23 -0.52 1.99
0 96.76 2.25 2.72
0 96.35 8.38 2.55
0 96.87 5.62 2.43
0 96.21 8.63 3.99
0 97.42 5.23 2.13
0.04 97.29 4.56 3.28
0 97.62 4.3 5.46
0 97.07 6.84 2.42
0 97.02 9.12 3.66
0 97.41 8.46 2.71
0 96.36 13.83 4.88
0 96.28 13.32 2.81
0.03 96.26 12.87 2.11
0 96.47 12.54 2.66
46.16 96.11 12.37 2.98
23.24 96.56 11.04 3.35
0 96.79 11.73 1.97
2.13 96.95 10.82 2.17
0 96.42 12.6 2.18
0 97.03 9.95 4.1
0 97.51 4.25 4.94
0 96.66 6.58 4.68
0 97.29 5.49 3.37
0 96.66 13.3 3.73
0 96.57 15.6 1.91
0 96.5 14.87 2.01
0 96.6 13.77 4.33
0 97.46 10.09 2
0.43 97.08 11.12 1.48
0.2 96.8 11.92 1.93
0 96.89 14.27 2.27
0 96.72 18.99 3.94
0 97.33 14.75 3.77
0 96.66 14.51 2.14
3.58 96.58 12.09 2.45
0.01 97.3 10.65 3.64
12.21 97.23 9.06 3.12
0.03 96.73 11.07 1693.5
0 96.79 12.91 3.72
0 96.51 15.45 2.86
0.71 96.22 18.35 4.43
5.13 96.51 17.99 5.5
0.14 96.91 18.32 4.22
20.02 97.21 12.74 3.55
0 97.38 13.73 2.46
0 97.22 14.7 2.46
0 96.64 15.84 1.7
0 96.1 19.01 2.4
1.87 95.94 21.06 4.91
130.48 96.64 8.53 5.37
2.98 96.33 11.06 4.14
9.34 96.48 6.27 5.61
0.05 96.75 8.19 4.33
0.26 96.21 12.71 2.75
37.98 96.1 9.79 3.75
2.31 96.7 13.35 2.3
51.53 97.07 11.85 2.41
1.51 97 13.21 2.12
338.23 95.98 9.7 2.89
108.45 95.1 15.28 4.26
0 95.24 19.83 3.95
0.06 95.61 16.03 3.7
0 95.42 15.87 3.3
0.04 96.19 17.52 2.48
0.86 96.59 17.89 2.1
1.1 96.15 21.22 3.61
161.6 95.9 17.42 2.88
7.87 95.88 17.59 2.28
0.01 95.98 20.1 2.21
0 96.07 22.26 2.87
0.16 96.36 25.61 4.34
45.76 96.29 17.58 3.09
0.69 95.74 17.91 5.04
0 95.14 22.28 4.03
5.95 94.91 19.99 2.91
0.08 95.4 24.24 4.27
0 95.42 25.28 73.03
0.05 96.12 25.32 2.63
0 96.09 27.02 3.02
4.51 96.22 24.47 2.87
2.2 96.38 22.46 2.96
0 96.23 22.62 2.02
1.47 96.01 23.17 1.65
66.69 95.87 24.06 2.35
152.03 95.99 17.7 3.34
193.49 95.82 14.76 3.37
30.11 95.62 17.55 2.27
61.63 95.97 16.49 2.77
62.13 96.34 16.15 2.03
21.44 96.35 19.07 2.01
32.19 96.11 20.54 2.62
4.41 96.17 21.9 2.25
0.01 96.05 22.55 1.92
2.49 95.86 24.48 2.35
49.77 95.72 21.32 1.9
171.79 95.61 20.52 3.02
118.7 95.66 20.25 2.18
6.55 95.97 20.36 1.82
60.45 96.13 19.91 1.78
2.51 96.27 19.36 1.74
63.42 96.28 19.11 1.56
0.92 96.14 22.19 1.95
0.05 95.8 24.3 2.57
4.14 95.68 23.81 3.87
30.65 95.63 23.67 4.22
0.65 96.01 23.04 4.24
0.8 95.96 23.64 3.41
0 96.06 24.77 1.79
0 96.07 25.33 1.79
8.18 96.04 24.25 2.44
163.6 95.78 21.33 2.35
22.59 95.47 23.8 2.96
0.52 95.93 25.2 1.98
0.46 96.09 24.96 2.97
2.2 95.89 25.22 2.38
2 95.71 25.18 3.06
10.29 95.56 25.15 3.98
0 95.75 24.55 2.42
0 95.42 25.49 3.04
1.57 95.52 24.03 2.72
4.44 95.72 23.4 2.79
0.35 95.64 24.37 2.6
1.06 95.77 25.02 2.15
11.97 95.78 24.68 2.75
269.28 95.84 23 73.1
16.66 96.06 23.12 72.11
0.54 96.13 26.13 1.87
0.4 96.24 28.39 2.43
1.41 95.89 29.47 4.78
115.91 95.68 25.1 2.42
0.12 95.99 22.68 1.57
0 95.71 25.17 2.33
0.09 96.08 23.43 1.45
0 96.13 22.61 1.99
0.01 96.33 23.33 1.93
1.69 96.24 25.38 2.23
1.76 95.77 27.49 3.27
4.39 95.8 26.34 4.17
6.55 95.97 23.97 2.54
0 96.04 25.51 2.74
0 95.99 27.53 3.08
1 95.78 28.31 2.88
14.36 95.72 26.87 2.02
98.68 95.99 21.24 2.63
0.6 95.99 23.16 2.16
0 96.23 24 2.77
0 96.39 22.92 1.81
0.01 96.31 23.6 1.98
11.09 96.05 23.55 1.74
32.56 95.74 22.45 2.5
12.06 95.85 23.74 3.45
0.14 96.09 22.91 1.99
41.69 96.21 19.18 1.74
44.96 96.13 19.34 1.47
19.06 96.1 20.88 2.3
9.1 96.26 21.77 1.87
1.48 96.38 21.61 1.76
8.07 96.57 21.61 1.59
0.08 96.5 23.24 1.46
0.25 96.19 25.38 2.17
4.01 96.13 25.17 2.51
7.09 96.11 24.83 1.99
20.9 95.95 24.15 2.77
313.17 96.17 19.85 2.16
2.65 96.47 20.19 2.08
0 96.63 21.32 1.64
0 96.7 23.37 2.23
3.55 96.86 21.72 1.65
2.06 96.91 21.38 1.36
0.47 96.89 21.91 2.32
5.06 96.7 20.54 1.43
11.45 96.67 21.18 2.02
305.92 96.56 17.04 2.14
1.56 96.24 18.07 2.15
0 95.87 21.36 2.94
0 96.46 19.54 1.66
0 96.48 20.61 1.61
3.04 96.07 21.02 2.74
0.05 96.31 20.06 3.06
0 96.49 17.06 1.45
0.01 96.79 18.16 1.77
0.05 96.79 19.56 2.11
12.48 96.84 18.23 1.28
0.15 96.71 19.51 2.47
0.09 96.94 17.08 3.11
0 97.05 15.03 2.17
0 97.13 14.46 1.83
0 97.18 16.98 1.4
0 97.15 17.92 2.18
2.49 96.53 17.79 2.25
56.35 96.43 15.74 2.61
0.05 97.05 15.07 1.82
0.23 97.11 17.08 2.22
96.8 97.22 13.9 2.05
33.37 97.01 13.72 1.94
0 96.97 14.02 1.49
81.95 96.38 14.98 2.4
0.1 96.88 13.76 2.23
0.35 96.83 14.38 2.67
8.77 97.5 8.37 3.99
0.04 97.7 6.67 1.66
94.38 96.83 7.52 1.57
59.49 96.66 7.36 2.7
0 97.01 8.93 1.59
38.89 97.27 8.47 1.35
4.7 97.64 9.38 2.39
0 97.54 9.97 2.1
0 97.1 13.13 2.02
0 97.02 14.12 2.68
0 97.13 17.53 2.93
0 97.47 14.5 1.55
0.3 97.32 15.4 2.89
0.18 98.24 10.58 4.46
0 97.85 6.11 2.22
0 96.98 8.42 2.34
0 96.44 11.78 5.47
0 97.06 10.56 3.91
0 96.71 13.81 2.5
0 96.85 14.18 2.45
0 96.61 16.86 3.8
0 97.29 9.77 3.84
0 97.78 4.64 2.33
0 97.28 5.83 1.77
0 96.48 11.62 4.14
0 96.17 14.49 3.96
0 96.3 13.49 2.4
0 97.77 6.66 5.42
0 98.29 2.78 1.64
0 97.74 4.01 1.61
0.02 97.43 8.04 1.84
2 97.5 10.44 13.71
0.87 97.31 7.76 1.85
17624.2 96.92 8.4 2.89
17624.22 97.09 5.47 4.32
17624.2 96.92 7.18 2.72
17624.2 96.58 8.68 3.95
17624.2 96.84 8.69 3.56
17624.2 98.15 1.31 3.87
17624.2 98.18 -0.94 1.9
17624.2 97.74 0.85 1.71
17624.2 97.5 3.76 1.64
17624.2 97.18 4.97 2.04
17624.2 96.8 3.08 2.68
17624.22 97.28 -2.5 5.38
17624.2 97.34 -1.99 3.02
17624.2 97.68 -2.08 1.7
17624.2 97.8 -0.66 1.55
17624.28 97.6 2.21 2.2
17624.2 97.97 -1.17 2.26
17624.2 97.92 -0.27 1.29
17624.2 97.27 1.75 2.45
17624.2 96.67 4.25 3.43
17624.2 97.12 1.8 2.91
17624.2 97.71 -0.87 2.13
17624.25 97.47 1.34 2.62
17624.2 97.82 -1.25 2
17624.2 97.02 -2.64 1.58
17624.2 96.5 1693.72 4.64
17624.2 97.57 -0.6 2.08
17624.2 97.13 -1.25 1.54
17624.21 96.95 -0.27 1.98
17625.35 96.96 0.25 4.47
0 97.57 -9.53 5.95
0 97.42 -9.74 3.56
0 97.13 -9.82 4.42
0 97.29 -10.2 3.32
0 97.39 -10.62 3.48
0 97.62 -8.6 2.82
2.04 97.66 -8.58 1.85
0 98.21 -10.22 1.49
0.02 98.12 -7.05 2.99
1.64 97.35 -3.07 4.79
0.03 97.82 -7.91 3.07
0.01 97.41 -8.87 3.84
0 97.6 -10.07 2.95
0 97.64 -7.97 2.05
0.17 97.51 -7.44 4.17
0 97.63 -11.18 3.96
0 97.72 -10.67 2.36
0 97.75 -8.66 2.24
0.07 97.26 -4.77 3.94
0 97.63 -8.64 3.81
0 97.32 -9.42 3.88
0 97.07 -3.79 3.23
0 97.04 -1.39 3.79
0 97.91 -4.61 3.59
0 98.18 -5.42 2.2
0 97.98 -6.66 1.85
0 97.52 -4.27 2.17
0 96.92 -4.8 1.89
0 96.23 -2.43 3.2
0.05 96.97 -5.36 35.83
0.01 97.69 -8.59 5.05
0.06 97.76 -10.15 3.06
0 97.69 -6.46 3.27
0 96.43 -2.09 4.07
0 96.66 -2.7 1.85
0.97 96.92 -1.48 4.06
0 97.55 -7.14 3.25
0 97.92 -8.72 1.82
0 97.83 -9.29 1.39
0 97.67 -6.04 2.31
0.06 97.17 -2.6 4.27
0 98.26 -6.52 2.53
0 98.5 -8.57 1.55
0 97.96 -5.04 1.9
0 98.07 -6.99 2.32
0.16 97.75 -7.41 2.13
2 97.69 -8.9 3.12
0 97.89 -8.61 1.69
3.29 96.71 -4.24 3.31
0.02 97.45 -7.76 2.43
0.02 97.32 -6.81 1.69
1.58 97.82 -6.51 3.12
0 97.36 -8.2 1.69
0 96.73 -2.67 3
0 97.68 -4.95 1.99
2.92 97.32 -4.9 1.83
1.74 97.81 -7.36 3.66
0 98.42 -10.73 2.97
0 98.31 -11.07 1.87
0.04 97.64 -6.78 3.3
0 98.26 -8.85 3.63
0 98.56 -8.99 2.21
0 98.36 -7.04 1.63
0 98.2 -6.94 1.39
0.04 98.01 -4.21 2.24
0.03 97.92 -4.66 3.35
0 97.84 -3.61 2.63
0 97.15 -0.7 3.56
0.01 98.03 -8.65 5.56
0 98.22 -11.67 3.22
0 97.45 -5.53 3.08
0 96.73 -3.2 1.9
0 96.76 -4.48 2.98
0 97.01 -5.66 3
0 96.66 -5.05 1.96
0 96.38 1.54 2.38
0.01 97.09 -1.6 2.01
17.85 96.82 -0.31 3.41
0 97.4 -0.64 4.41
0 98.11 -2.54 3.15
0 97.72 -3.84 3.21
24.14 96.93 -0.09 3.78
22.91 96.31 0.16 5
0.06 96.67 -4 5.37
0 96.99 -5.31 2.28
0 96.58 -3.99 1.69
0.85 97 -5.19 3.28
0 97.46 -7.72 3.29
0 98.16 -5.91 2.02
2.73 97.24 -2.46 4.75
0 96.82 0.41 3.38
0.02 96.35 -1.44 2.56
0.05 97.01 -5.25 5.61
0 97.63 -5.69 3.55
0 97.42 -3.01 3.2
0 96.75 2.04 4.41
0 96.96 3.52 2.88
0.97 97.49 -1.36 3.84
0 98.35 -7.99 6.33
0 97.73 -3.9 3.4
0 97.32 -2.42 3.94
0 96.83 -2.28 3.12
0 216.62 1691.51 1693.36
0 97.03 0.22 3.84
0 96.61 6.37 3.56
0 96.48 6.79 3.75
0 97.23 4.75 2.75
0 96.56 6.42 2.92
0 96.75 7.89 3.66
0 96.88 7.33 2.75
0 96.8 7.8 3.69
0 97.8 3.05 3.66
0 97.99 3 2.65
0 98.21 3.89 1.84
0 97.96 7.54 3.33
0 97.73 13.12 4.47
0 96.96 13.54 5.74
0 96.4 12.68 3.81
0 96.64 11.03 3.72
0 96.14 14.62 4.51
9.62 97.03 7.65 3.9
0 97.23 5.9 1.57
196 95.63 3.13 2.66
0.4 96.47 5.56 2.63
0.74 96.43 6.3 1.94
0.08 96.88 6.24 3.84
0 98.11 0.75 4.38
0 98.11 1.29 2.96
0 97.34 5.31 3.58
0.13 97.02 8.86 3.22
0.09 97.22 9.56 3.54
25.91 97.4 8.22 3.14
209.54 97.88 1.4 3.98
1.32 97.61 4.31 2.41
0 96.01 10.71 1.97
0.24 95.14 14.85 5.04
5.14 96.03 10.06 4.91
0 96.08 13.06 3.09
0.03 96.4 13.1 2.61
0.03 96.79 12.04 4.06
0.01 96.48 12.63 2.62
0.01 96.34 13.1 2.91
0 96.69 14.76 4.45
0 96.76 15.92 4.72
0 97.1 15.64 2.78
0 96.47 21.38 4.62
0 96.08 25.28 4.7
28.09 95.85 21.01 5.54
55.24 96.41 16.48 2.27
0 96.49 18.9 2.07
0 96.37 20.91 2.63
3 96.17 19.11 4.39
51.05 96.28 15.63 2.18
0 96.43 14.95 4.61
0 96.39 14.12 5.01
0 95.73 16.62 5.72
0 96.39 13.7 2.54
0.62 96.24 14.65 4.38
38.23 96.59 8.02 2.79
0 96.95 9.71 1.76
25.73 96.86 10.3 2.21
96.56 95.92 8.2 1.78
10.25 94.6 11.21 3.41
0.18 94.69 19.79 3.63
0.89 95.92 18.11 5.62
0.01 96.63 17.42 4.44
0 96.09 19 3.39
25.03 95.26 19.87 5.63
30.91 95.35 16.88 4.91
0.66 95.75 15.18 5.69
0 96.57 18.43 4.33
0 96.25 21.92 4.04
0 96.1 22.81 3.15
5.31 96.04 22.99 3.47
0.03 95.89 24.54 3.93
0.11 95.81 25.9 4.64
1.42 95.86 26.71 3.59
0.07 95.91 24.12 3.35
1.78 95.67 23.11 4.61
0.67 95.86 21.7 3.02
0 96.04 20.94 3.31
0 95.29 25.18 7.44
10.01 95.62 23.98 2.92
2.1 96.18 20.51 3.86
0 96.43 22.15 3.84
71.35 95.78 18.89 3.63
66.4 95.2 18.41 2.4
122.42 95.69 18.38 2.63
0.3 96.04 19.78 2.95
0.68 95.71 20.38 3.02
8.03 95.79 17.92 1.89
194.64 95.57 16.34 2.42
311.69 95.01 16.96 2.77
33.77 95.08 17.42 2.11
107.23 95.91 17.91 2.2
0.13 96.21 20.75 2.22
59.1 96.07 22.2 1.86
0.38 95.78 23.08 1.77
371 95.72 21.23 2.1
4.46 95.97 19.53 2.51
88.46 96.38 17.25 2.71
0.09 96.48 21.26 2.56
0 96.17 23.83 2.46
2.28 95.94 23.62 3.73
0.13 96.07 23.43 2.61
4.5 95.87 23.59 3.8
9.59 95.56 22.03 2.74
169.35 95.48 20.84 1.45
0.91 95.95 21.97 1.72
1.87 96.03 23.7 2.2
233.3 96.12 17.72 2.45
21.66 95.57 17.94 2.03
42.03 95.08 19.32 3.54
2.41 95.65 18.28 3.06
0.15 96.26 18.96 2.55
104.21 96.28 19.68 2.21
31.71 96.41 20.53 2.08
0 96.41 22.03 1.76
0.12 96.28 23.1 1.89
1.34 96.41 24.21 2.1
0.1 96.67 25.44 2.45
1.68 96.49 23.73 2.74
0.27 96.14 25.74 2.63
1.16 95.56 26.47 2.04
0.1 95.34 27.14 3.85
3.53 95.75 26.6 2.84
5.5 96.14 25.88 1.99
8.1 96.32 22.88 2.54
5.75 96.21 22.87 1.51
14.27 96.06 23.87 1.88
193.67 96.25 22.81 2.06
58.37 96.2 22.96 2.27
15.09 95.87 24.45 2.68
18.46 95.81 23.63 2.83
12.64 95.81 23.89 1.88
20.52 95.63 23.55 2.16
17.65 95.48 24.44 1.81
10.26 95.81 26.03 2.86
14.85 95.94 24.62 2.57
32.43 95.71 24.97 2.57
59.88 95.64 25.03 2.33
393.32 96.01 22.91 2.72
11.81 96.25 22.92 1.8
0.83 96.11 24.08 1.88
24.89 95.63 25.19 3.01
0.09 95.58 24.76 2.59
0.58 95.43 26 2.28
1.14 95.63 26.32 3.08
6.83 96.04 24.89 3.09
14.38 96.57 23.48 2.28
89.12 96.59 23.54 2.21
9.65 96.46 24.77 2.09
0 96.5 24.26 1.47
0 96.32 24.96 1.62
0 96.17 25.04 1.39
0 95.88 26.11 1.92
2.17 95.64 26.51 2.06
0.03 95.92 24.83 2.27
0 95.99 24.67 2.09
3.25 215.97 1704.25 1693.39
43.98 216.15 1704.51 1693.44
34.62 96.53 20.92 2.55
23.88 96.18 19.68 2.59
1.7 95.97 21.36 2.17
44.08 96.08 20.52 1.75
6.02 96.39 20.63 1.67
5.84 96.6 21.16 1.89
8.68 96.52 21.37 2.91
11.02 96.39 21.47 2.52
0.02 96.34 21.44 2.25
9.67 96.22 20.4 1.88
16.44 96.38 19.56 1.78
9.85 96.54 19.79 2.1
105.94 96.72 18.01 1.93
77.68 96.72 19.89 2.02
2.35 96.69 21.8 2.17
0.41 96.88 21.19 2.25
4.66 96.77 19.43 1.35
13.85 96.53 19.44 2.23
0.01 96.7 18.03 1.76
0 96.63 19.46 1.61
1.08 96.78 21.6 2.42
14.41 97.41 17.66 2.65
0.99 97.35 16.62 1.68
14.22 96.79 14.25 1.94
35.58 96.75 14.42 3.38
0 96.68 20.16 2.48
0 97.05 20.35 2.73
0 97.22 19.6 2.74
0 97.03 19.94 2.31
1.81 96.97 19.42 1.68
7.29 97 18.86 1.82
0.01 97.08 17.85 1.82
0.85 96.62 17.65 2.45
1.61 96.41 20.7 3.21
40.13 96.35 18.85 3.45
51.04 96.35 16.67 2.27
45.08 96.35 15.05 1.79
12.55 96.26 16.83 2.97
0 96.59 15.24 2.69
0 96.74 18.44 2.93
0.18 97.59 14.62 1.44
1.36 98.11 12.11 1.71
8.79 97 16.01 3.54
76.74 96.17 11.93 5.34
0.03 96.14 14.78 4.11
0 97.14 12.2 2.59
0 97.47 14.95 2.82
0 96.97 18.67 4.07
0 96.83 19.09 2.96
0 96.61 18.74 3.66
0 96.93 12.14 3.62
0.18 96.26 7.39 3.04
1.37 96.42 6.48 5.19
10.89 96.7 10.59 4.45
0 97.14 11.83 2.37
0 97.22 13.67 2.15
0 96.96 14.68 2.45
0 96.91 15.77 2.2
0 96.95 15.83 2.58
0.48 97.02 15.94 3.32
0 97.88 7.33 2.82
0 96.75 11.18 3.3
8.74 97.31 7.53 2.54
55.57 97.66 5.77 1.94
0.84 107.3 150.38 73.88
0 106.75 150.28 73.67
0 97.85 7.81 2.69
0 97.9 4.55 1.69
12.55 96.66 7.78 4.12
0 96.66 5.07 2.71
0 97.28 3.17 3.32
0 97.61 1.13 4.14
0 98.05 0.73 2.56
0 98.12 2.83 1.58
0 97.42 4.48 1.48
0 97.22 6.44 1.43
0 97.28 8.7 3.15
0 97.39 11.17 3.47
1.66 98.5 2.66 4.19
58.49 98.58 -2.46 4.17
34.01 98.15 -2.4 3.88
2.16 97.7 -2 2.41
0.14 97.78 -2.02 1.73
0 98 -2.33 1.11
0 98.12 0.76 1.26
0.15 97.96 2.43 1.51
0.01 97.26 4.21 1.73
0 96.57 6.75 2.9
0.04 97.37 3.3 2.65
2.41 97.31 -1.07 2.47
0 97.95 -2.92 2.8
1.74 97.89 -3.74 2.37
6.8 97.89 -5.64 2.58
4.1 97.91 -7.21 2.23
8.95 98.39 -7.37 1.88
26.86 98.85 -10.36 2.71
5.64 98.9 -11.62 3.51
0.04 98.83 -13.63 2.21
0.01 97.93 -12.98 2.61
0 97.86 -13.21 2.92
0.03 97.43 -11.73 1.25
0.1 97.88 -8.93 1.65
25.84 97.53 -5.24 1.96
0 97.48 -7.83 1.72
0.18 96.78 -2 3
0.06 96.53 -3.61 4.52
0.13 96.77 -6.14 5.5
0 97.17 -4.12 3.39
0 97.86 -4.71 2.12
0 98.04 -7.28 1.45
0 98.23 -8.62 1
0 97.8 -3.91 2.51
9.95 97.43 2.28 3.42
0.02 97.58 0.8 5.22
0 98.01 -5.27 2.02
0 97.64 -5.57 1.45
0 97.76 -5.86 1.15
2.87 97.09 -4.23 2.44
0.02 97.15 -5.48 3.62
0.02 97.67 -6.65 5.86
0 97.84 -7.23 2.99
0 98.26 -5.42 1.75
0 98.29 -5.59 1.75
0 97.39 -2.56 2.81
0 97.58 -4.18 1.71
0 97.74 -7.19 1.35
0 97.56 -4.16 2.27
0 97.71 -8.07 2.26
0 96.7 -6 3.91
0 97.71 -11.11 4.53
0 98.52 -13.22 2.56
0 98.23 -9.07 1.7
0.1 97.77 -5.06 1.71
0.37 97.99 -6.52 1.72
0 98.05 -7.57 1.61
0 97.14 -1.84 3.15
0 97.11 -4.26 1.44
0.66 97.34 -7.19 1.88
0 97.8 -9.17 3.61
0 97.66 -11.14 2.73
0 97.88 -9.54 3.1
0 97.74 -9.22 2.44
0 97.54 -9.41 2.43
0 97.29 -9.08 2.36
0 98.08 -10.72 3.18
0 98.32 -11.81 2.38
0 97.79 -12.03 3.38
0.03 97.11 -10.47 3.22
0.05 96.9 -9.89 2.69
0 96.96 -10.79 1.93
6.33 97.57 -12.44 2.79
1.49 97.6 -16.5 3.13
0 97.22 -17.47 3.77
0 97.88 -17.04 2.11
0 98.4 -16.54 1.43
0.5 98.32 -16 1.4
0.3 98.82 -18.66 3.11
0 98.71 -22.19 5.32
0 98.12 -14.98 3.98
0 97.59 -10.41 2.74
0 97.47 -10.5 2.73
0 97.58 -8.9 2.78
0 98.07 -10.64 2
0 98.56 -14.16 2.32
0 98.36 -15.75 2.3
0 98.39 -12.75 2.87
0 98.24 -10.84 2.28
0 97.86 -8.9 2.48
0 97.6 -7.42 2.54
0 97.82 -6.97 3.67
0 97.73 -7.58 4.08
0 97.7 -6.51 2.66
0 96.79 -5.63 2.58
0 96.37 -2.14 3.7
0 97.11 -2.5 2.69
0 96.82 1.53 3.23
0.1 96.76 0.95 2.04
1.29 96.83 1.84 2.49
36.39 97.55 -6.35 6.14
0 97.71 -10.93 4.53
0 97.1 -8.62 3.52
0 96.91 -4.6 4.39
0 96.93 -1.63 4.1
0 96.81 -1.29 3.82
0.06 97.73 -5.11 3.74
0 97.72 -7.12 4.42
0 97.67 -8.2 3.11
0 97.65 -4.31 3.75
0 98.6 -8.98 2.33
0 98.23 -7.45 3
0 98.15 -6.86 2.76
0.04 97.47 -4.97 3.47
0.01 97.54 -5.07 2.04
0.06 97.79 -6.54 3.99
0.03 98.12 -7.45 3.62
0.02 97.15 -0.18 3.57
0 96.74 4.45 3.36
0 96.69 2.56 2.16
0.09 97.1 1.51 1.47
99.14 96.91 1.98 3.08
0.01 96.95 0.4 2.15
2.04 97.15 -1.41 4.31
0 97.96 -5.75 5.05
0 98.08 -5.66 3.32
0.01 97.85 -4.92 3.49
0 97.36 -4.4 2.09
0 96.72 -0.51 3.95
0 97.44 -0.04 2.57
0 97.27 1.36 1.87
0 96.72 5.28 3.8
0 96.53 9.6 4.35
0 96.21 10.02 5.07
0 96.48 9.38 3.51
0 97.43 5.25 2.16
0 97.66 5.83 2.29
0 97.23 9.59 2.75
0 97.58 7.24 4.95
0.01 98.17 3.59 5.67
0 98.23 3.58 3.49
0 97.87 3.75 3.27
0 97.42 8.44 2.69
0 96.91 9.83 2.04
0 96.22 12.86 5.52
3.63 96.72 8.94 3.33
0 96.8 9.24 2.99
0 95.87 15.9 5.64
23.51 95.99 12.82 4.85
0.54 97.1 8.66 3.5
0 97.15 8.84 3.35
0 96.29 12.25 4.39
0.04 96.61 11.73 3.53
1.14 96.05 12.95 4.71
0 96.26 12.11 3.34
0 96.27 13.31 5.93
0 96.55 8.78 3.71
0 97.18 6.33 4.03
0 96.86 6.76 4.51
63.09 95.88 7.48 3.15
0.12 95.55 10.92 4.6
0 96.69 12.44 4.63
0.11 96.26 15.47 5.08
46.84 96.09 10.94 2.95
0.93 96.06 7.65 4.56
12.95 96.43 7.13 2.61
7.9 96.84 9.33 3.47
0.05 96.4 13.91 2.85
0 95.48 17.4 5.7
0 96.07 13.33 6.07
0 96.64 12.38 2.84
0 96.18 14.88 5.06
0.39 96.87 12.95 3.08
5.81 97.11 11.11 1.92
0.31 96.69 14.13 1.98
0 96.82 14.28 2.48
18.93 96.12 14.15 2.8
0.11 95.69 17.6 3.06
3.34 95.38 22.29 3.97
118.05 96.13 12.95 3.34
159.32 95.17 10.53 5.53
0 95.8 16.07 3.45
19.57 95.93 14.64 4.22
0.05 96.04 14.87 6.32
0 96.88 16.99 3.13
0 96.36 18.56 4.69
0.22 96.41 18.16 2.09
0 96.19 17.73 2.18
0.68 95.43 20.42 6.04
320.07 96.03 12.67 3.55
0 97.09 14.72 3.7
19.15 96.72 12.27 4.05
2 96.39 13.49 3.8
0 95.91 18.13 3.38
0 96.04 24.16 4
0 96.39 23.61 5.07
0 96.59 22.61 4.69
0 96.77 21.91 4.18
0.01 97.26 20.68 3.64
0.01 97.22 19.95 3.11
51.72 96.44 15.53 1.73
10.22 95.36 17.31 4.84
30.2 95.66 18.6 3.38
0.1 96.08 19.57 3.81
0 96.09 22.22 4.23
0.03 95.65 24.3 5
0 95.97 20.63 3.83
0 95.67 23.32 3.85
43.41 96.5 16.62 2.97
0 96.55 20.13 2.39
0 96.19 24.03 3.26
0 95.88 24.6 3.8
0.01 96 22.86 2.84
0.05 96.29 23.04 2.66
22.53 96.37 20.36 2.82
5.97 96.47 19.68 1.8
0.04 96.18 22.27 2.25
7.8 95.93 22.94 3.93
120.1 95.71 20.07 5.19
21.62 96.1 18.99 2.48
4.03 96.02 20.65 1.91
1.9 95.67 20.44 1.88
248.63 95.61 15.88 2.6
31.62 95.6 17.67 2.26
1.11 95.25 20.49 2.76
24.56 95.27 21.14 2.19
2.37 95.79 22.48 2.79
0.02 95.91 23.95 2.26
8.45 95.62 25.26 2.95
16.29 95.6 25.21 3.38
53.15 95.61 23.85 2.54
29 95.82 21.89 2.19
6.32 95.84 22.31 3.52
0 96.02 24.51 2.6
0 96.02 25.43 2.25
25.3 95.8 23.74 2.25
48.63 95.97 20.58 3.27
85.02 95.79 20.76 2.84
35 95.72 21.58 2.14
0 95.88 21.84 2.14
0.11 95.88 23.15 1.65
0 96.03 25.76 2.91
0 96.24 24.61 2.53
0.85 96.41 25.11 1.92
0 96.49 26.59 2.13
0 96.45 26.33 3.02
0 96.18 26.1 2.7
0 95.9 27.68 2.34
0 95.67 28.71 2.83
2.2 95.35 29.24 4.55
72.19 95.53 24.01 2.37
2.48 95.88 25.14 2.65
0.47 96.22 24.65 2.81
2.86 95.94 21.09 2.01
4.94 95.77 21.75 2.13
0.76 96.1 22.35 2.08
0.04 96.15 23.88 2.06
72.48 96.28 22.49 2.54
232.66 96.31 21.09 2.72
798.02 95.78 22.76 2.62
33.61 95.61 23.82 1.76
3.62 95.49 26.64 2.78
0.17 95.92 27.32 2.33
458.47 95.94 22.55 2.85
6.9 95.86 22.7 1.49
0.35 95.62 24.39 2.1
22.56 95.6 25.32 2.77
31.62 96 24.38 2.06
183.92 96.28 24.38 1.77
49.26 96.36 23.05 1.99
68.21 96.45 23.25 1.81
0.37 96.45 25.09 1.46
0 96.43 26.44 1.62
0 96.41 27.06 1.94
0 96.33 26.61 2.22
45.97 96 26.62 2.62
253.09 96.35 23.95 2.16
0 96.49 23.12 1.43
0 96.18 23.69 2.4
0 95.96 27.59 4.45
0.34 95.94 28.92 5.02
7.65 95.95 26.95 2.65
0 95.92 25.64 1.87
0 96.17 25.23 2.27
1.62 96.11 23.67 1.51
19.26 95.96 23.13 2.23
0.91 95.85 23.58 1.65
343.69 95.8 20.97 1.67
22.86 96.19 21.83 2.47
6.08 96.36 22.57 1.54
0.5 96.46 24.01 1.74
0.98 96.58 24.23 1.47
10.68 96.17 21.9 1.81
6.89 95.89 24.35 1.65
94.95 96.58 18.88 4.19
0 96.93 18.9 2.22
1.54 96.6 19.19 2.43
4.95 96.54 19.92 2.39
0 96.68 19.38 2.84
0 96.12 19.18 3.19
29.61 95.04 16.96 4.01
36.99 94.95 16.02 2.4
25.29 95.65 19.24 1.52
55.65 96.2 18.57 1.18
42.66 96.46 17.93 1.63
118.46 96.35 18.13 1.64
23.94 96.2 19.79 2.05
3.19 95.98 19.14 1.76
2.71 96.02 19.11 1.99
21.2 96.32 18.47 1.2
5.99 96.51 17.82 1.85
21.75 96.89 16.86 1.81
18.23 97.13 17.21 1.58
0.87 97.11 17.86 1.62
6.52 96.9 19.86 2.46
0.05 96.75 21.23 2.05
1.97 96.79 20.45 1.84
1 97.23 18.1 2.52
6.76 97.37 16.11 2.92
0.05 97.41 15.45 2.44
0 97.31 15.5 1.72
0.88 97.18 15.18 2.13
1.72 96.78 17.66 2.52
3.73 96.46 19.5 2.63
0.81 96.22 20.7 4.02
0.02 96.86 18.93 2.18
4.33 96.71 18.04 1.83
1.46 97.29 14.17 4.09
0 97.81 9.97 2.6
0.02 97.09 10.98 3.25
0.03 96.7 16.75 2
2.12 96.59 19.68 4.49
9.18 96.59 15.25 1.4
0.33 96.53 17.28 3.67
35.73 97.13 9.34 2.64
28.58 97.21 8.56 2.42
0.25 97.84 9.44 1.65
64.44 97.06 10.26 2.47
1.38 97.09 7.83 4.52
0 97.41 6.12 2.32
0.61 96.95 8.66 2.42
0 97.51 6.99 86.23
0.04 97.53 8.24 1.97
0 97.07 13.16 2
0 97.14 14.8 2.07
0.09 97.35 16.25 3.61
15.37 96.87 14.34 3.4
0 97.28 11.26 1.85
0 97.08 12.34 2.13
0 96.85 15.4 3.02
0.77 97.8 6.97 3.34
35.73 97.19 6.23 1.9
48.24 97.82 2.84 3.5
0 97.52 3.16 1.28
0 96.88 4.75 1.37
0 96.46 9.95 3.06
0 97.69 5.54 2.46
54.82 97.74 4.03 1.52
26.1 97.87 4.23 2.88
0.09 98.05 1.52 2.99
1.42 97.69 1.56 3.69
0 98.54 -3.41 2.7
0 98.2 -2.17 3.19
0 97.43 1.97 3.77
0 96.9 2.87 2.09
0 95.97 5.41 1.9
0 96.91 3.83 4.5
0.08 97.88 -0.1 2.18
11.72 98.04 -0.56 3.35
0 98.46 -2.39 2.09
0 97.94 -1.69 2.5
2.35 96.41 3.54 4.41
0.73 96.62 0.1 1.56
0.17 97.14 1.03 1.87
0 96.67 4.38 3.68
0 97.22 3.25 4.46
0 97.63 -2.22 2.23
0 97.25 1.9 2.28
0 97.29 0.01 2.82
0.45 96.61 3.75 2.45
3.08 97.12 -2.83 2.51
28.75 97.78 -6.23 1.35
78.55 98.06 -7.65 2.93
0 98.48 -11.26 2.92
0 98.18 -11.11 2.97
0 97.71 -7.9 2.55
0 97.35 -5.3 2.4
0 96.87 -1.13 3.94
0 97.61 -4.15 4.1
0 98.06 -3.8 1.87
0.04 98.41 -4.06 2.15
4.25 97.21 0.38 3.72
0 97.96 -2.2 3.3
0 97.68 0.38 2.85
0 96.95 3.21 4.13
0 96.93 0.05 2.23
0.15 97.62 -4.15 3.49
0 97.15 -3.63 3.81
0 97.35 -5.65 1.99
1.36 96.7 -2.41 3.23
0 97.7 -6.81 2.28
0 97.85 -7.38 1.15
0 97.32 -5.12 3.45
3.66 97.5 -2.88 2.31
0 98.14 -7.12 3.49
0 98.13 -9.71 2.61
0 98.08 -8.89 2.77
0 97.35 -4.66 2.82
0 97.26 -3.42 1.29
0 97.41 -3.67 1.02
0 97.46 -3.4 1.4
0.04 97.81 -3.07 0.96
0.04 97.77 -3.79 2.65
1.53 97.42 -8.61 4.21
0 97.9 -8.71 3.1
0 97.89 -9.31 1.29
0.02 97.61 -4.42 2.88
5.42 98.27 -8.32 3.2
0 98.23 -11.12 2.11
0 97.88 -8.65 3.47
0 98.15 -9.34 3.14
0 97.62 -7.49 1.85
0 97.48 -6.57 1.45
0 97.26 -2.1 3.05
0 97.41 -4.13 2.73
0 97.09 -1.07 2.73
0 97.69 -4.46 1.69
0 98.06 -6.31 1.11
0 97.53 -3.86 0.99
5.27 97.52 -3.56 1.95
12.25 97.08 -3.54 2.31
0.01 97.32 -6.47 3.39
0 97.6 -9.08 3.29
0 97.34 -8.77 2.73
0.01 97.05 -9.95 2.8
0 97.17 -9.09 3.55
0 98.17 -10.78 2.14
0.06 98.18 -12.38 1.57
0.01 98.08 -11.85 1.58
0.16 97.86 -9.74 1.99
0 98.17 -10.46 1.67
14.93 97.81 -11.31 3.26
0 97.97 -12.97 2.4
0 97.5 -10.7 4.83
0 98.23 -13.13 2.32
0 98.37 -13.66 1.57
0 98.49 -12.28 1.43
0 97.92 -8.37 2.1
0.02 97.05 -2.46 5.08
0 97.7 -5.71 3.94
0 97.07 -5.04 2.94
0.11 97.82 -9.3 4.73
0 98.26 -9.01 3.54
0 97.63 -5.84 3.11
0 98.4 -7.15 3.3
0 97.77 -4.95 2.21
0 97.2 -3.16 1.99
0.35 96.78 0.59 2.44
0 97.14 -3.36 3.55
0 98.13 -5.63 3.29
0 98.1 -6.89 1.05
0.01 97.83 -7.1 5.44
0.01 97.37 -7.98 5.62
0 97.58 -8.15 4.66
0 97.72 -6.91 2.87
0 97.71 -6.26 1.75
0 98.17 -4.56 2.33
0 98.11 -3.39 2.31
0 96.91 2.6 3.71
6.56 97.11 -1.22 4.62
0 97.83 -6.1 2.87
0 97.29 -4.98 2.7
0 96.09 -1.17 4.34
0 97.89 -6.48 5.48
9.88 97.82 -5.76 2.76
29.16 97.01 -2.92 4.73
0 97.57 -3.38 3.6
0 97.28 -1.46 3.41
0 97.21 -0.37 3.35
0 97.45 -0.37 1.49
0 97.09 2.3 3.16
0 97 2.73 3.13
2.58 97.43 -3.15 4.63
0 96.69 -0.72 2.95
0 96.71 0.91 1.96
0.03 96.9 -0.89 2.54
0.15 97.36 -3.62 4.12
0.02 97.11 -5.94 3.45
0 97.1 -3.88 3.82
0 96.58 1.1 3.87
0 96.42 1.42 3.35
0 96.64 4.16 2.02
0 96.86 6.35 2.8
0 97.69 1.56 4.53
0 97.74 1.56 2.93
0 97.72 2.21 2.97
0 97.48 3.36 2
0 97.06 4.42 1.58
0.37 96.96 5.9 2.7
0 97.48 6.93 2.25
0.04 97.58 6.85 3.15
0.37 97.57 3.66 3.76
0 97.47 2.42 2.57
0 97.19 3.81 2.43
0.32 97.61 3.57 2.06
4.86 97.34 1.79 1.58
3.76 97.1 3.57 2
0.1 97.01 3.81 2.49
0 97.2 4.25 2.83
0 97.04 6.26 2.21
0 96.91 10.59 3.77
0.03 97.71 5.52 2.8
0 97.55 5.91 2.9
0 96.94 6.29 1.77
0 96.94 9.88 2.12
0 96.89 13.55 3.64
0 96.62 16.87 4.27
0.26 96.42 13.23 3.42
1.88 96.36 10.37 3.41
0.35 96.47 11.26 3.11
0 97.13 10.4 4.51
0 97.21 10.02 1.78
0 96.19 13.4 2.91
0 96.7 9.96 4.67
0 96.65 8.76 2.9
0 96.06 13.02 4.7
0 95.57 15.84 3.73
0 95.98 17.64 3.31
0.08 96.36 15.96 2.87
0.79 95.24 16.82 4.69
0.24 95.41 10.14 5.92
0.82 95.92 8.53 3.69
0.88 96.17 11.68 4.31
0 96.62 11.19 2.46
0.01 95.95 15.22 5.48
0 96.24 11.72 3.02
0 96.5 11.61 3.06
0 97.18 10.43 3.4
0 97.19 11.86 4.81
0 96.33 16.4 4.87
0 95.78 18.39 3.31
0 95.44 21.59 4.46
0 96.34 18.87 2.83
0 96.8 18.26 2.59
0 96.77 21.1 3.9
0.81 96.72 19.06 5.12
31.54 96.6 15.79 2.87
31.84 96.29 12.06 5.87
0 96.49 13.02 6.49
0 96.35 18.47 3.9
0 96.04 21.85 2.83
0 95.9 19.92 4.89
0.49 95.77 19.24 3.2
0.04 95.87 17.72 4.98
0 95.81 15.69 4.17
0.48 95.96 14.53 5.4
0.17 96.68 15.44 5.28
0 96.68 17.57 2.4
0 95.93 20.37 1.91
0 95.75 24.06 2.96
0 95.76 28.61 5.2
0.57 96.03 28.35 3.68
0.18 96.31 26.15 3.72
2.05 96.6 19.82 3.76
182.46 96.79 11.56 2.6
0.01 96.61 16.88 2.31
0.01 96.12 20.6 2.25
0.07 96.67 16.64 3.96
0 96.31 18.46 2.4
0 95.97 20.6 3.02
0 96.07 22.94 3.44
36.03 96.52 16.86 2.77
0.39 95.96 20.09 3.15
35.5 95.41 20.31 3.07
0 95.9 17.66 3.46
67.45 96.29 11.93 1.94
0 96.38 16.42 2.64
0 96.35 21.27 3.19
0 96.54 22.04 2.51
25.65 96.29 16.04 2.07
1.82 95.94 18.52 2.4
0.24 95.79 23.73 4.43
0 95.86 22.87 4.13
0 96.27 20.41 1.71
22.37 96.43 18.3 1.89
26.2 96.72 18.82 1.89
0 96.72 21.52 2.01
0 96.22 27.86 2.83
0.05 95.96 29.34 2.51
10.85 95.83 28.32 2.85
2.72 95.74 26.59 3.44
46.6 95.75 23.98 4
208.49 95.71 20.25 2.14
9.2 95.71 21.17 2.3
0.28 95.87 23.27 2.33
37.87 96.26 20.1 1.52
120.52 96.18 18.15 1.51
7.77 95.9 19.52 1.44
7.41 95.84 20.92 1.47
0 96 24.35 1.79
4.3 95.96 25.58 2.57
2.62 96 25.93 3.46
0.04 95.9 27.03 4.05
4.39 95.71 27.5 3.52
9.85 95.58 28.17 3.37
112.1 95.79 24.1 2.14
0.23 95.88 25.52 1.94
6.48 96.05 25.94 1.87
138.2 96.23 23.96 1.42
172.08 96.05 23.83 2.63
581.81 95.14 23.73 2.54
16.08 95.14 25.72 4.08
70.22 95.36 23.85 2.09
0.39 95.2 25.25 1.59
0 95.54 27 3.22
0.42 95.59 29.24 3.5
10.73 95.39 29.29 4.41
13.13 95.73 26.97 2.8
17.12 96.13 26.23 1.85
0 96.24 27.45 2.36
0 96.22 28.01 2.75
0.01 95.96 27.81 3.48
38.1 95.69 26.91 3.05
20.55 95.61 25.37 3.39
101.27 96.37 22.17 2.82
13.22 96.4 21.6 1.63
1.41 95.94 23.58 1.07
6.58 95.99 24.01 1.83
0.22 96.28 25.04 1.67
25.96 96 21.91 2.48
0.87 96.09 23.4 2.35
0 96.63 23.72 1.85
0 96.24 23.8 1.51
7.92 95.81 25.15 2.33
0.05 96 25.75 2.22
0.34 96.11 25.81 2.8
21.8 95.82 26.1 2.49
1160.14 95.17 24.39 2.92
6.44 95.6 25.9 1.66
50.28 95.65 25.58 2.22
52.09 95.45 24.2 1.93
4.45 95.52 24.29 2.15
37.29 95.41 23.72 1.71
34.42 95.25 21.26 1.59
2.37 95.36 24.05 1.56
3.93 95.76 25.11 2.73
45.26 96.19 23.77 2.18
0.16 96.31 24.25 1.66
35.96 96.23 22.27 1.8
8.34 96.08 22.66 1.67
240.94 96.14 20.64 1.65
98.12 96.28 21.1 1.65
17.29 96.45 22.08 1.47
19.75 96.5 22.7 1.55
4.46 96.18 22.79 1.95
0.33 95.87 25.42 2.08
96.5 96.29 23.23 2.78
193.37 96.18 20.21 2.32
0.05 96.2 21.58 2.75
0 96.33 19.48 3.83
0 96.7 20.26 2.32
16.33 96.49 17.19 3.72
6.86 96.79 17.17 2.64
0 97 15.91 2.75
0 96.66 18.07 1.92
1.19 96.66 18.49 1.79
7.82 96.52 19.73 1.97
10.04 96.61 19.53 2.02
2.96 96.53 20.69 2.97
1.5 96.36 21.54 3.31
0.02 96.14 21.8 3.39
0 96.09 20.04 1.82
0 95.9 21.63 2.63
0.17 96.37 20.23 2.79
2.66 96.51 19.48 1.93
76.11 96.4 18.13 2.35
0.05 96.56 17.52 2.09
0 96.98 16.3 2.47
0 97.27 17.13 1.79
1.23 97.2 19.64 2.49
3.19 97.06 20.19 2.31
1.13 96.58 19.98 2.82
0.02 96.41 17.84 2.11
0 95.83 19.84 3.01
0.09 96.25 17.57 2.83
0 96.7 16.46 2.38
0.31 96.12 19.41 3.12
79.78 96.07 17.46 3.29
0 96.34 18.59 4.15
0.07 96.51 19.89 2.93
14.13 96.57 16.98 2.33
29.22 96.79 13.89 2.21
0.09 96.8 11.01 2.42
0 96.67 10.66 3.13
0 96.51 11.31 1.66
0 96.69 14.16 3.43
0.03 96.75 17.46 3.97
0 97.55 9.96 2.43
0 97.91 8.76 1.94
0 97.77 9.9 2.51
0 97.08 14.05 3.73
0 96.83 15.54 4.04
0 97.04 14.94 2.01
23.41 97.35 12.99 1.5
223.13 97.92 9.41 3.11
12.32 97.97 6.54 3.66
0.26 97.82 5.36 2.8
0.89 97.48 5.38 2.3
0 97.33 7.67 3.11
0.01 97.95 5.99 1.44
38.28 98.01 6.56 1.88
0.09 98.32 5.97 1.4
0 98.09 7.13 1.73
1.53 97.45 9.6 2.39
0.02 97.2 9.91 1.17
0 96.93 11.64 2.87
0.01 97.58 8.89 2.49
1.88 97.72 4.83 2.13
0.04 97.71 5.6 2.22
0 97.55 6.91 2.26
0 97.57 9.21 1.58
0 96.99 11.12 1.82
0.01 96.86 11 1.88
0 97.6 8.81 4.05
0 98.22 2.73 3.18
0 97.71 5.36 2.43
0 96.85 9.14 3.8
