1.19 96.85 -14.7 1.54
0.02 97.52 -16.28 1.8
20.25 97.42 -18.54 1.4
6.05 97.55 -17.32 3.15
0 97.91 -19.18 2
0.01 98.09 -18.66 1.84
0.13 98.18 -16.2 1.52
15.24 97.61 -14.97 1.1
9.19 97.73 -14.25 1.35
0 98.03 -14.55 1.38
0 97.99 -15.41 2.36
0 97.43 -18.45 2.59
0 97.46 -15.85 2.32
0.48 97.28 -15.41 1.11
0 98.38 -14.41 1.37
0 97.97 -13.9 1
0 97.6 -10.7 1.03
0.02 97.52 -6.64 1.24
0 96.96 0.71 2.88
0.06 98.13 -8.33 4.45
0 98.12 -11.97 2.26
0 97.83 -10.44 2.59
0 97.31 -7.88 2.41
0 96.69 -7.53 3.32
0 97.73 -9 2.93
0 116.45 -4.63 2.83
5.83 96.57 -2.99 2.28
0.01 97.25 -9.75 3.25
0 96.79 -5 3.32
0 96.83 -5.41 1.45
0 97.44 -8.23 1.61
0.16 97.65 -10.91 1.78
0 97.67 -14.04 1.76
0 97.6 -12.96 1.94
0 97.56 -12.98 1.67
0 97.9 -12.87 1.45
0.02 97.87 -10.9 1.98
3.89 96.9 -3.1 2.65
0 96.89 -3.37 1.87
0 97.5 -5.97 2.19
0 98.09 -9.19 3.32
0 98.53 -11.38 3.64
0 98.29 -11.14 1.72
0.03 97.66 -9.97 1.89
0 98.04 -9.33 2.25
0 98.25 -11.93 1.72
0 97.81 -9.75 1.79
0.01 97.32 -7.42 2.64
0 97.17 -8.11 1.93
0 96.61 -3.76 1.74
0 96.47 -5 1.49
0 96.55 -3.75 1.98
0 96.72 -4.43 2.24
0 95.62 1.56 2.35
6.98 95.85 0.12 1.98
0 96.98 -4.81 2.71
0.18 97.2 -4.44 1.64
3.68 96.89 -4.6 2.12
1.89 97.45 -5.84 2.49
0.1 97.21 -6.6 1.93
0.26 96.9 -2.53 2.96
0 97.07 -2.15 2.66
12.93 96.51 0.08 2.55
5.22 97.65 -7.52 3.15
0 98.38 -9.39 2.07
0.01 98.63 -9.85 2.07
1.93 98.94 -8.85 2.6
0.01 98.15 -8.47 2.44
0 96.82 -3.49 2.46
0.17 95.78 2.87 3.44
0.72 96.78 -2.92 4.38
0 97.56 -2.89 1.83
38.48 96.95 -0.63 1.77
2.32 96.83 -1.88 4.07
0.03 97.32 -3.78 2.06
0 97.72 -4.34 1.93
0 96.8 -2.58 2.69
0.34 95.32 4.28 3.05
43.87 95.89 -0.13 3.22
0 96.39 0.79 2.5
0.06 96.28 5.04 3.55
0 97.04 3.16 2.67
0 97.49 0.59 2.7
0.03 97.54 -2.6 2.75
0.28 97.06 -1.76 1.98
0.99 97.66 -1.33 1.9
0 97.54 3.61 1.79
0.06 97.37 5.78 2.04
5.03 96.78 8.99 4.16
2.06 96.42 8.31 3.65
0 96.86 3.75 4.92
0 96.92 1.18 3.66
0 96.69 4.72 3.58
0 96.25 9.83 3.19
5.53 96.86 3.98 2.39
0.01 97.55 2.79 2.06
0 97.05 7.49 3.15
0.38 95.89 11.92 5.14
47.3 96.59 2.42 2.47
0 96.88 4.39 2.62
3.73 96.84 3.41 2
24.25 96.61 1.52 2.66
0.06 97.42 0.19 4.68
0 97.58 2.55 2.14
0.1 96.91 5.55 2.86
10.82 97.11 3.87 1.58
0 97.18 5.81 2.64
9.77 96.4 11.46 2.93
78.33 96.85 8.22 1.57
0.14 97.19 8.94 1.65
0.1 97.41 10.81 2.07
0.58 97.16 10.09 2.49
0.09 97.12 9.13 1.85
0 96.75 13.28 2.82
2.12 96.55 14.08 4.13
69.86 96.34 5.11 2.71
9.18 95.88 3.79 2.97
0.12 95.99 6.23 4.94
3.26 96.16 7.75 3.69
5.45 96.44 11.9 2.44
0 95.88 17.06 1.97
0 95.58 19.26 3.31
0.6 96.14 17.46 2
4.27 95.66 187.56 2.74
271.7 95.2 11.99 2.89
9.34 95.7 13.66 3.96
14.75 95.81 12.17 1.69
1.44 96.06 15.85 2.18
62.99 95.88 10.82 2.47
10.05 95.73 10.47 2.09
2.23 96.73 10.56 2.56
0 97.02 13.32 1.56
0 97 15.89 1.56
2.49 96.61 17.5 2.93
4.13 96.44 20.27 2.6
1.05 96.67 19.09 2.74
39.8 96.26 15.15 2.68
94.12 95.31 12.84 2.37
0.3 95 18.89 4.15
0 95.81 22.77 2.42
0 95.97 24.45 2.7
0.25 95.94 22.73 1.82
3.67 95.57 21.04 2.46
10.25 95.71 17.46 3.72
1.15 96.34 21.68 3.59
0.1 96.8 22.19 2.06
5.57 96.81 19.73 1.77
61.93 96.31 15.62 2.22
45.29 95.84 16.47 2.21
74.89 96.24 15.13 1.64
19.69 96.85 16.71 1.5
1.74 96.8 18.46 1.59
0.51 96.92 19.3 1.67
0 96.97 20.51 1.65
0.01 96.78 21.29 2.15
0 96.46 22.56 2.23
0 96.46 22.91 2.45
0 96.59 24.02 2.78
0 96.69 24.73 2.66
0 96.74 25.03 1.78
1.65 96.63 22.29 2.03
0.06 96.43 21.13 2.46
0.39 96.07 22.01 2.12
9.87 95.84 22.44 2.87
48.68 95.67 22.39 2.68
0.98 95.5 24.08 2.21
9.27 95.61 24.54 1.71
113.51 95.74 21.32 1.76
8.83 95.8 20.58 1.57
1.94 95.86 23 1.41
0.17 96.21 23.64 2.7
0.02 95.84 23.81 1.97
16.65 96.15 21.12 2.25
0 96.28 23.34 1.49
0 96.17 25.01 1.95
0 96.17 25.7 2.02
0 96.08 25.31 1.75
50.38 95.87 22.25 1.69
137.55 95.79 22.3 1.34
0.37 95.84 24.09 1.37
0.06 95.68 24.32 1.56
152.88 95.54 21.92 1.84
4.37 95.51 25.38 1.71
0.03 95.55 27.65 1.33
17.19 95.52 26.84 1.99
0 95.49 27.08 2.52
0.03 95.66 25.31 2.33
24.22 95.98 22.17 1.87
6.39 96.14 22.93 1.73
0.92 96.15 22.86 1.83
73.46 95.99 21.04 1.79
61.33 95.93 21.53 1.35
196.72 96.17 20.73 1.19
6.6 96.41 22.9 1.17
0 96.39 24.42 1.64
78.45 96 23.06 2.11
6.32 95.79 24.75 2.97
1.05 95.98 25.87 2.42
2.76 95.93 26.97 2.08
14.36 96.06 25.57 2.16
413.53 95.91 22.69 1.51
1.99 96.13 24.38 1.45
3.47 96.25 25.95 1.51
2.13 96.31 26.39 1.62
2.28 96.44 27.34 1.69
0.67 96.3 27.62 2.31
17.23 96.18 26.82 1.99
7.59 95.83 27.08 2.32
81.02 95.43 26.95 2.46
6.02 95.39 23.67 1.54
24.37 95.39 25.64 1.34
171.02 95.69 22.51 1.48
0 96.32 22.24 1.85
0.02 96.24 23.29 1.51
12.7 95.57 24.14 2.17
71.78 95.72 23.45 1.49
192.71 96.09 22.33 2.13
0 96.89 21.46 1.49
10.86 96.55 21.65 1.56
140.02 95.83 22.4 1.94
19.4 95.86 23 2.06
0 96.09 22.68 1.86
0 95.82 25.06 1.86
11.24 95.54 24.82 1.67
1.57 95.43 26.05 1.94
33.7 95.32 24.88 2.34
0 95.81 23 2.37
0 96.19 23.44 1.62
9.53 96.23 24.01 2.25
6.64 96.46 23.91 2.34
135.77 96.57 22.55 1.85
2.15 96.82 23.88 1.55
218.55 96.71 19.47 1.49
93.24 96.67 18.84 1.32
0.68 96.69 20.46 1.33
0 96.64 22.66 1.43
0.07 96.82 22.34 1.31
1.06 96.97 22.52 1.85
0 96.68 21.7 1.61
2.7 96.52 21.1 1.15
23.79 96.13 21.68 1.45
14.98 96.27 21.64 1.53
0.86 96.33 22.5 1.59
47.5 96.81 21.1 1.45
2.1 96.93 21.72 1.37
0.02 96.83 20.25 1.18
0 96.59 20 1.37
0 96.38 22.19 1.48
5.9 96.5 23.23 1.34
0 97.04 19.16 1.92
0 96.93 17.46 1.25
1.32 96.51 17.91 1.29
16.57 96.12 19.72 1.39
0.42 96.35 20.23 1.24
0 96.48 21.54 1.09
1.53 96.56 22.71 1.28
0 96.69 22.78 1.31
2.49 96.5 22.23 2.28
134.55 96.81 16.1 2.13
234.49 96.94 10.09 2.11
230.38 96.82 12.18 1.19
0 96.56 15.86 1.28
37.12 96.72 15.06 1.86
218.08 97.39 10.32 2.62
0 97.35 10.61 1.7
0 97.14 13.24 1.35
0.5 96.89 15.22 1.45
5.49 96.67 15.92 2.5
0.38 96.82 14.7 1.93
0 96.72 12.34 3.6
0 97.58 9.87 2.65
0 97.19 10.67 1.38
0.02 96.9 15.04 1.66
0.76 97.17 14.41 1.44
440.38 96.84 9.49 2.23
79.78 96.8 7.3 3.43
0 96.98 9.9 2.02
0 96.64 12.83 1.25
0 96.53 16.51 1.93
0 96.71 17.52 2.34
0 96.64 16.91 2.26
0 96.17 16.51 2.25
17.16 96.68 12.57 2.09
126.39 97.12 6.59 2.31
0 97.3 8.4 1.27
0 96.82 10.63 1.3
0 96.98 9.98 2.41
0 96.58 8.66 2.66
0 97.33 4.52 2.47
0 97.98 1.91 1.22
21.26 97.94 0.49 1.2
59.19 97.91 2.13 1.29
0 97.8 3.03 1.25
0 97.3 4.57 1.34
0 96.99 9.31 1.66
5.9 97.09 10.65 2.21
3.55 97.62 4.38 3.12
0 98.01 1.16 3.36
0 98.73 -0.5 2.69
0 97.92 0.88 1.47
0 97.75 4.88 1.55
0 97.74 6.17 1.4
0 97.79 6.36 1.37
0 97.58 6.47 1.59
0 98.09 3.52 3.42
0 97.73 2.17 1.81
0 97.24 6.25 1.83
0 97.34 5.2 1.18
0 97.03 7.31 1.6
0 96.7 8.17 1.48
5.71 96.8 5.17 2.71
0.29 97.37 0.97 2.91
0 97.11 -0.49 1.21
0 96.72 0.77 1.43
70.67 96.03 1.61 3.17
1.42 96.62 -0.08 1.91
1.86 97.56 0.31 2.89
0 98.57 -3.41 2.26
0.03 97.97 -2.62 2.02
0 97.24 0.94 1.47
0 97.22 1.47 1.7
0 96.88 5.65 2.75
0 96.39 4.53 1.98
0 96.15 6.05 1.64
0.19 96.24 3.09 3.78
0 97.07 -1.96 1.79
0 97 -1.21 1.88
0.01 97.13 -0.43 3.24
0 97.44 -5.34 1.87
0.29 96.67 -5.05 1.91
0 96.93 -5.01 5.17
0.25 97.15 -6.82 1.73
0.32 97.07 -6.41 1.38
0 96.69 -2.18 1.88
0.05 96.21 -0.72 1.77
0.05 96.75 -5.76 3.01
0 97 -5.97 1.99
0 95.92 2.59 2.32
0 97.18 -1.4 3.14
0 97.81 -4.87 2.76
0 96.55 -3.9 1.87
0 96.5 -5.48 1.69
0 96.12 -4.65 1.88
0.93 95.79 -6.15 3.76
0 96.94 -10.44 2.11
1.3 97.25 -12.26 2.55
0.19 98.01 -13.89 2.8
0 97.91 -14.91 2.95
0 97.62 -14.04 2.76
0 96.33 -8.98 2.49
0 96.15 -5.49 1.68
0 96.16 -3.45 1.58
0 96.42 -3.14 2.01
0 96.68 -0.62 1.75
0 96.4 -5.35 1.43
0.2 96.97 -8.65 2.59
0 98.28 -14.84 3.32
0 98.27 -15.13 2.86
0 97.35 -14.1 2.56
0 96.23 -11.59 2.41
0 95.89 -8.24 1.86
0 96.53 -10.54 2.78
1.12 96.81 -11.38 1.72
0.02 96.92 -11.42 4.21
0.37 97.4 -10.18 4.69
0 98.1 -10.23 2.66
0 98.29 -11.41 2.17
0 97.9 -11.83 1.19
0.01 97.5 -11.82 1.42
0.02 97.6 -10.75 3.43
0 98.22 -9.39 2.89
0.01 97.6 -7.82 1.83
0.16 97.41 -8.11 2.83
0 98.03 -11.95 2.9
0 97.31 -10.65 2.01
0 96.81 -10.54 3.21
0 97.04 -12.36 1.64
0.01 96.97 -10.35 1.9
0.02 97.99 -13.44 2.33
0 98.44 -16.38 3.23
0 98.23 -14.98 1.72
0 98.05 -13.7 2.01
0 97.78 -13.92 2.12
0 97.74 -13.52 2.64
0 97.65 -12.25 1.64
0 97.46 -12.12 1.4
0 97.46 -11.92 2.39
0.03 97.73 -13.41 3.14
0.01 97.92 -13.57 1.78
0.14 98.08 -13.9 1.87
0 98.52 -14.02 1.48
0 98.82 -13.45 2
0.02 98.33 -13.1 2.15
0 98.02 -13.16 3.1
0 97.8 -10.86 2.27
0 97.35 -3.81 2.26
0 97.04 -4.07 1.35
0 96.98 -6.45 1.15
0 96.87 -5.66 1.87
0 97.11 -5.09 1.83
0.02 96.4 -3.67 3.4
0.06 96.82 -1.82 2.28
0 96.62 -5.51 1.75
1.08 96.64 -5.75 2.6
0.15 97.53 -8.98 1.87
0.94 97.55 -8.81 1.53
0.82 97.76 -11.78 3.29
0 97.93 -11.19 1.98
0.13 97.83 -10.42 1.82
0.1 97.82 -11.21 1.46
0 97.11 -4.71 2.56
0.61 97 -4.54 1.49
1.35 97.42 -3.52 2.22
0 97.42 -4 1.57
0 97.25 -0.1 1.74
0 97.62 -0.43 1.42
0 97.23 1.13 1.65
0 96.77 2.13 2.93
2.58 96.5 2.51 2.36
0.42 97.23 -2.22 2.51
0 97.95 -4.24 1.56
5.41 97.37 -1.5 3.23
0.51 98.01 -7.54 3.71
0.08 97.57 -6.6 2.98
0 97.26 -5.18 2.44
0 97.29 -5.31 1.85
0 97.39 -3.64 2.26
0 97.06 -0.92 1.71
0.14 96.51 2.69 2.22
0 97.28 -0.29 3.18
0 97.02 0.1 3.48
0 97.09 -1.91 3.57
0 97.47 -0.68 3.03
0 97.17 1.21 2.72
0 96.64 2.66 2.64
0 95.85 7.8 1.97
0.02 96.49 3.98 3.61
0 97.73 -0.72 3.68
0 97.44 -3.17 4
0 97.22 -2.26 2.62
0 96.66 3.38 2.66
0 96.21 6.36 3.83
0 96.69 3.34 2.72
0 96.82 1.72 2.4
0.61 97.43 -1.35 3.2
0 97.57 -1.4 2.54
0 97.28 -0.73 2.1
0 97.4 -0.73 3.53
0 103.84 0.77 2.15
0 103.79 1.85 2.12
0 103.6 4.09 2.26
0 103.9 3.57 1.74
0 103.52 7.84 2.37
0 103.25 8.87 1.82
0 102.77 11.38 3.02
0 104.05 4.18 4.04
0 104.04 3.79 2.43
0 103.58 6.46 1.95
0 103.51 8.34 1.51
0 97.11 10.37 2.55
0.08 96.43 11.05 4.4
0.97 96.66 9.21 3.47
0 96.73 8.87 3.36
0 96.45 11.04 3.75
3.39 97.17 6.96 2.82
0 96.88 9.87 2.62
0 96.23 15.77 3.08
0 96.3 14.91 1.72
0.08 95.56 16.45 2.6
0 96.37 12.06 4.09
0 96.27 12.43 3.61
4.09 96.07 10.06 5.22
1.12 96.75 7.73 4.94
0 96.72 10.44 2.24
0 96.06 14.88 3.38
58.66 96.8 8.75 2.45
4.11 96.68 7.93 2.08
11.79 96.42 6.74 2.38
1.96 96.01 7.63 3.4
0.21 95.61 9.72 1.98
8.36 95.57 9.98 2.17
1.46 96.27 8.86 2.88
0 95.84 10.39 1.9
53.16 95.26 8.96 1.45
13.56 95.15 10.01 2.17
1.75 96 14.58 3.33
0.24 96.25 13.53 3.22
0 96.6 13.78 2.51
1.45 96.25 13.52 2.53
168.51 95.51 10.32 2.9
0.09 95.43 11.73 2.53
0.02 95.94 14.3 2.23
1.59 96.07 15.16 3.33
26.61 95.72 16.8 2.25
0 95.98 18.95 1.7
0.15 95.65 18.22 3.37
0.43 95.57 14.77 5.07
0 95.73 16.83 5.18
0 95.89 17.61 3.38
0 96.43 15.08 3.25
0 96.44 15.67 1.77
0.01 95.41 17.76 2.65
34.36 95.13 18.12 3.37
14.13 96.24 15.24 2.66
0.66 96.38 13.66 2.89
0.36 96.3 13.92 3.36
0 96.11 19.14 2.82
0 96.23 20.34 2.51
0 96.38 22.28 2.96
2.61 96.36 21.48 3.48
8.76 96.31 19.66 4.09
0.03 96.08 21.13 2.88
0.39 95.93 24.37 4.66
7.46 95.97 23.3 2.45
32.87 95.52 20.49 2.64
11.56 95.42 18.15 2.26
0.03 95.91 20.31 2.16
4.56 95.67 21.17 3.83
8.15 95.69 20.45 2.88
0.43 95.97 20.92 1.82
0.76 95.85 23.71 2.01
52.53 95.24 24.82 2.86
15.78 94.94 22.37 2.25
31.59 95.19 21.5 1.86
0 95.57 23.64 2.28
47.36 95.56 21.22 1.89
222.4 95.73 16.95 1.76
12.68 95.87 19.94 1.99
25.17 95.95 21.8 1.57
63.06 95.79 20.38 1.82
90.91 95.76 18.49 1.96
82.42 95.97 17.49 1.51
0.83 96.07 20.55 1.3
0 96.02 22.44 1.39
0 95.89 24.58 2.16
0.05 95.6 26.11 2.49
0 95.5 27.07 2.56
6.2 95.27 23.34 2.28
90.07 95.46 17.92 2.47
1 96.15 20.87 2.2
0 96.53 21.59 1.66
11.21 95.89 21.92 2.68
23.96 95.24 22.09 1.92
3.05 95.49 24.59 2.36
0.05 95.68 24.12 2.85
17.77 95.59 23.16 2.45
29.86 95.61 22.82 1.7
0.19 95.45 24.21 1.94
0 95.55 24.91 2.04
0 95.7 25.94 1.8
27.43 95.29 22.54 1.84
0.96 94.94 25.7 2.61
133.38 95.04 19.63 1.51
27.85 95.13 20.16 2.19
3.18 95.77 22.3 1.65
8.87 95.97 24.08 2.09
7.09 96.04 24.56 2.24
14.55 96.05 24.03 2.2
0.99 95.84 24.23 1.48
69.84 95.92 22.93 1.78
15.08 95.91 23.63 1.35
35.84 95.79 23.26 1.54
24.5 95.85 22.33 1.5
28.01 95.88 23.17 1.15
176.52 95.71 21.79 1.15
94.76 95.69 21.76 1.26
123.55 95.66 22.27 1.76
59.73 95.59 23.65 1.86
0.61 95.65 25.07 1.49
22.5 95.66 25.52 1.97
466.79 95.47 22.78 2.38
143.37 95.37 23.54 1.97
10.48 95.62 23.48 1.94
2.04 95.78 25.4 1.62
29.95 95.96 23.54 1.28
167.9 95.62 21.29 1.45
0.02 95.67 23.89 1.54
0.59 95.8 25.23 1.66
0.92 96.19 23.86 1.53
0.1 95.83 23.97 2.05
0 95.76 24.22 1.87
0.02 95.97 24.49 1.65
6.77 95.98 23.37 1.32
14.86 95.99 24.03 1.34
30.97 95.53 24.09 1.41
15.63 95.66 25.81 1.58
0 96.09 25.56 1.1
0 95.94 25.84 1.38
0 95.69 25.74 1.71
12.56 95.43 25.55 1.79
39.09 95.74 23.04 1.82
347.78 95.82 19.4 1.46
31.16 95.82 22.31 1.32
30.7 96.02 21.78 1.12
0.22 96.26 22.41 1.27
0.29 96.44 22.53 1.32
0 96.42 23.93 1.33
1.12 96.29 24.32 1.68
57.67 96.51 21.74 1.57
0 96.54 21.22 1.12
13.95 96.52 20.85 1.51
3.59 96.74 21.21 1.32
0.29 96.84 21.73 1.25
25.49 96.65 19.84 1.27
17.44 96.29 21.43 1.12
1.67 96.19 22.97 1.4
0 96.11 23.78 1.4
53.13 95.84 23.36 2.31
1.17 96.38 20.09 1.59
0 96.19 20.45 1.29
2.3 96.7 19.47 1.49
0.22 96.64 19.52 1.07
0 96.68 18.86 1.11
0 96.27 19.73 1.23
24.95 95.87 19.6 2.31
3.15 96.53 15 1.9
0.12 97.11 14.7 1.69
3.5 97.4 14.2 1.58
24.12 96.87 17.17 1.76
0.2 96.6 17.99 1.97
0.06 96.19 20.38 2.69
10.7 96.22 18.46 1.79
5.6 96.41 16.39 1.59
37.05 96.76 14.14 2.23
0 97.17 11.3 2.38
0 97.61 11.01 1.73
0 97.44 11.34 1.27
0 97.1 12.46 1.43
0 96.67 13.67 1.48
0 96.75 14.79 1.77
0 96.71 15.23 1.6
0 96.43 17.82 2.21
0.17 96.7 19.04 1.78
0.09 96.9 19.2 2.26
0.02 96.75 18.04 2.07
3.12 96.54 16.77 2.05
0.29 96.95 11.52 2.75
0 97.52 8.11 2.29
0 97.54 8.74 2.5
0 98.01 8.96 2.44
0 97.68 10.15 1.34
0 96.99 12.07 2.03
0 96.37 14.01 2.77
0 96.98 11.19 2.06
0 97 10.94 1.29
0 96.79 14.35 2.22
0.08 97.11 15.02 2.11
0 97.68 10.35 1.29
0 97.39 12.17 1.45
0 96.8 14.61 1.16
54.23 96.28 11.55 1.46
7.74 96.16 10.8 1.43
1.72 95.76 10.6 2.11
0.68 96.27 10.63 3.42
0 97.34 6.19 2.15
0 97.4 9.01 1.45
0 97.22 11.32 2.06
0.01 97.05 14.69 2.7
0 96.96 14.07 1.82
0.22 96.81 12.21 1.18
17 97.34 6.47 3.32
0.01 97.72 3.9 2.93
0 97.78 4.91 1.61
0 97.34 6.61 1.32
0.6 97.18 8.56 2.18
0 97.46 7.21 1.33
0 97.13 7.55 1.38
0 96.94 9.83 2.5
0 97.16 11.29 3.29
3.24 97.31 13.08 2.4
0.37 97.91 7.39 1.53
0.67 97.64 8.17 1.27
2.06 97.32 11.15 2.18
0.38 98 5.04 3.05
0.03 97.89 3.67 1.6
0 97.82 4.05 1.67
0 97.77 3.98 1.49
0 97.59 2.75 1.13
0 96.97 3.07 1.26
0 96.38 4.84 1.82
0 96.62 7.05 2.46
0.05 97.44 0.45 2.4
0 97.6 -2.89 1.44
0 97.67 -2.33 1.27
0 97.82 1.65 1.95
70.97 97.22 1.48 0.97
9.68 96.92 0.47 2.75
0.92 97.17 -3.59 2.93
0 97.71 -5.1 1.81
0 97.7 -3.39 1.48
17.54 97.24 -4.16 2.08
0.2 97.9 -6.92 2.84
0 97.65 -7.62 0.99
0.06 97.66 -5.85 1.41
0.35 96.92 0.79 1.42
0 97.02 -0.88 1.03
0 97.82 -1.78 2.25
0 98.41 -6.5 1.65
0 98.7 -6.99 1.9
0.07 97.98 -7.14 0.92
0.02 97.23 -5.27 0.95
0 97.43 -5.6 1.37
0 97.79 -7.05 1.04
0.98 98.07 -7.54 0.77
1.09 97.96 -4.23 0.96
0.74 98.22 -5.68 2.35
0.02 98.57 -10.48 3.62
0 98.2 -10.39 2.43
0.01 97.34 -6.5 3.06
0 97.34 -2.74 1.96
0 97.86 -5.86 1.36
0.01 97.17 -3.02 2.48
0 97.84 -7.24 3.84
0 98.09 -11.15 3.05
0 98.23 -11.33 2.83
0 97.94 -9.83 1.87
0 98.01 -9.65 1.68
0 97.91 -10.13 1
0 97.57 -9.45 1.51
0 97.49 -8.55 3.05
0 97.82 -10.38 1.94
0 97.29 -8.45 2.1
0 97.5 -11.64 1.35
0 98.01 -11.96 1.27
0 98.28 -10.98 1.27
0 97.76 -7.85 1.29
0 98.12 -9.44 1.79
0 98.53 -13.94 1.15
0.09 97.96 -12.67 1.12
0.01 97.69 -9.9 1.46
0.35 98.11 -10.53 1.65
0.71 97.55 -11.19 1.88
0.19 97.66 -11.47 3.03
0 97.92 -11.21 1.89
0 97.7 -10.7 1.56
0 98.55 -13.18 1.35
0.12 98.46 -14.17 0.99
0 98 -11.57 1.01
0 97.98 -12.87 1.04
0.09 97.99 -11.99 2.49
0 98.17 -11.87 2.22
0 97.21 -6.55 2.1
0 97.46 -8.42 1.52
0 97.38 -8.57 1.44
0 97.15 -9.75 0.98
0.04 96.93 -7.9 1.08
0.07 97.16 -9.97 1.04
0 97.33 -10.08 1.06
0 97.76 -10.34 1.01
0.01 98.42 -12.1 3.12
0 98.33 -16.08 2.69
0 98.02 -16.6 2.09
0 97.5 -16.03 1.82
0 97.32 -14.96 2.23
0 96.93 -13.17 2.2
0 97.01 -12.19 1.54
0 97.56 -12.87 1.52
0 97.8 -13.78 1.21
0 98.18 -14.37 1.37
0.05 97.84 -16.06 1.25
0.33 97.28 -14.45 3.06
0 98.11 -15.89 3.45
0 98.12 -14.67 2.44
0 97.11 -11.86 2.21
0 97.21 -9.37 1.9
0.17 96.63 -5.2 2.09
0.02 97.18 -10.34 4.26
0 97.48 -14.1 3.76
0 97.06 -11.26 3.39
0 97.23 -8.94 2.54
0 97.6 -9.83 2.17
0 97.6 -9.74 1.74
0 97.4 -8.05 2.07
0.03 97.01 -3.24 1.68
0.14 97.54 -6.68 2.75
0 97.53 -9.29 2.28
0.03 97.6 -9.89 2.65
0 97.73 -11.25 3.83
0 97.65 -9.08 2.58
0 97.05 -5.77 2.26
0 97.13 -6.45 1.74
0 96.95 -7.83 1.29
14.66 96.47 -5.94 2.06
0 97.47 -6.51 2.01
2.44 97.29 -5.97 1.74
0.06 97.79 -7.22 2.9
0 97.75 -7.6 1.74
0 97.23 -5.2 1.93
0 96.84 -0.82 2.53
0 96.94 0.98 1.92
3.41 97.49 -2.63 1.75
0.37 97.72 -5.66 2.09
0.22 97.73 -5.24 1.47
0.06 97.09 -0.98 1.61
39.01 96.3 -1.53 1.06
35.66 96.32 -2.85 2.02
0.03 96.99 -3.59 2.5
0 97.76 -6.43 2.79
0 97.53 -7.09 1.71
0.17 97.31 -6.14 3.88
0 97.83 -6.21 3.11
0 97.52 -4.63 1.8
0 96.81 -0.33 2.41
0 97.4 0.2 1.75
0 97.08 2.72 2.79
5.26 96.1 5.68 3.54
4.23 96.69 -1.14 3.26
10.12 97.61 -6.19 2.59
0 97.35 -1.54 1.95
0 97.29 0.59 1.75
0 96.65 5.28 3.05
0 97.22 3.4 1.48
7.59 96.3 1.83 3.29
0 96.69 1.35 4.93
0 97.2 1.44 3.04
0 96.87 4.94 1.93
0 97.02 9.3 2.58
0 97.31 9.58 2.67
0.23 96.23 11.69 5.56
0.44 96.89 3.29 4.02
0.24 96.88 1.07 3.95
0 96.95 0.86 1.83
5.35 96.75 2.53 2.13
0 96.39 5.14 3.19
0 96.15 5.81 3.82
0 96.46 5.15 3.73
0.07 96.88 4.02 2.35
0 96.42 9.4 3.2
0 96.43 12.14 3.4
0 96.42 13.23 3.18
13.39 96.07 14.91 4.42
6.07 96.44 9.07 3.58
0 95.86 13.15 2.62
0 95.76 14.46 2.79
0 95.73 16.34 3
0.7 96.29 11.48 3.14
0 96.73 9.98 2.33
0 95.81 16.09 3.53
0 95.84 18.09 3.81
1.22 96.33 13.9 3.61
79.25 96.8 12.85 2.86
2.78 96.2 12.09 1.96
0.46 95.49 14 1.76
0.34 95.51 17 3.04
133.83 95.88 13.29 2.03
119.79 95.82 10.37 3.85
0 95.34 11.92 2.83
0.08 94.97 13.56 5.37
0 96.27 10.99 2.68
0 96.29 13.13 2.11
0.35 95.93 18.25 3.31
0.34 96.48 17.82 2.14
8.9 95.98 18.56 2.09
0 96.03 21.34 1.78
0.97 96.13 21.23 2.07
0 96.22 18.97 3.25
0 95.86 18.29 1.96
0.55 95.88 17.02 1.35
0 96.08 18.31 1.68
0.04 96.39 20.13 2.09
3.03 96.5 21.57 2.23
39.07 96.61 16.6 1.53
31.4 96.19 13.5 2.05
15.65 95.95 12.85 2.76
6.53 95.87 14.15 3.31
0.01 95.58 13.81 2.41
14.46 95.31 13.35 3.77
0.09 95.81 16.38 1.72
0 95.75 21.86 3.37
40.8 96.24 20.76 2.8
5.23 96.63 19.49 1.76
0.09 96.53 20.84 2.79
2.07 96.21 20.26 3.43
11.18 96.3 18.25 2.38
0 96.26 18.23 2.44
0 96.09 19 2.41
0 95.69 21.41 2.21
0 96.2 21.18 2.12
0 96.34 23.09 2.05
7.35 96.31 22.37 2.58
74.92 96.72 16.09 2.38
0.15 96.84 18.06 1.62
9.09 96.49 17.15 2.56
20.57 96.16 18.27 2.42
169.04 95.97 15.77 1.85
11.63 95.61 19.45 2.75
2.28 95.77 21.18 1.8
8.07 95.4 20.42 1.94
12.5 95.23 22.6 2.06
35.16 95.25 22.63 2.48
139.76 95.1 21.73 2.87
20.63 95.23 18.18 2.07
1.4 94.95 18.47 2.72
9.11 95.02 18.29 1.86
76.82 95.63 15.84 1.78
337.12 95.85 15.7 1.8
95.94 95.85 16.42 2.18
3.24 95.75 20.01 1.39
6.61 95.61 23.3 1.5
13.59 95.82 21.72 1.78
135.99 95.57 21.69 1.32
8.77 95.61 22.5 1.49
3.18 95.78 22.26 1.46
35.06 95.77 21.2 1.57
1.12 95.55 22.39 2.26
27.39 95.56 22.96 2.48
25.26 95.93 21.71 1.59
8.47 96.31 23.15 2.14
1.17 96.44 23.35 1.64
2.33 96.22 21.2 2.1
102.69 95.76 20.56 1.76
0 95.54 24.11 1.75
4.6 95.19 25.23 2.9
5.58 95.17 23.76 2.44
0.55 95.12 23.84 2.52
0.08 95.52 24.3 1.62
1.08 95.69 23.97 1.52
0.59 95.55 24.58 1.41
15.69 95.55 25.18 1.87
33.79 95.57 25.83 2.03
39.22 95.63 24.15 1.88
199.67 95.21 20.84 1.69
31.64 94.88 20.8 2.24
46.16 95.28 20.67 2.43
6.2 95.79 22.47 2.61
0 95.84 22.22 1.46
0 95.87 23.44 1.67
0 96.14 25.03 1.47
0 96.29 24.68 1.95
0.22 96.11 24.63 2.08
1.8 95.9 25.44 1.37
5.1 95.83 26.22 1.55
39.4 95.81 24.91 1.84
608.02 95.32 23 3.23
0 95.87 24.49 1.31
0 96.11 24.54 1.49
6.87 96.05 24.71 1.94
109.36 95.66 25.25 2.6
2.25 95.99 25.01 1.44
141.91 95.62 23.62 1.98
30.73 95.2 24.94 2.69
0.32 95.85 23.02 1.6
112.55 96.17 20.24 1.2
180.97 96.3 19.38 1.52
321.08 96.23 20.51 1.21
32.13 96.31 21.96 1.45
247.45 96.3 21.8 1.52
0 96.49 23.57 1.02
0 96.32 24.59 0.98
0 95.98 25.65 1.66
14.87 95.84 25.48 1.71
28.84 96.1 24.21 1.12
0 96 24.72 1.37
12.12 96.07 21.72 1.92
22.39 96.07 19.48 2.01
0.98 96.21 20.94 1.53
2.58 95.96 19.59 1.61
2.4 95.96 21.61 1.29
0 96.35 22.79 1.63
0.05 95.98 23.48 2.62
167.12 95.9 23.81 1.83
5.22 96 22.65 1.31
33.43 95.95 21.64 1.86
9.94 96.63 17.79 1.64
0.04 96.78 17.52 1.58
0 96.59 20.04 2.04
0 96.51 21.86 1.96
0.16 96.35 22.13 2.3
1.52 96.37 21.63 1.46
21.11 96.28 21.5 1.25
0.65 95.71 22.95 1.76
1.54 95.86 24.68 1.86
0 96.17 24.68 1.52
0 96.29 25.59 1.81
0.59 96.32 25.38 2.01
198.82 96.21 19.52 2.52
62.43 96.62 14.22 2.32
0.49 96.68 14.64 1.5
0.97 96.84 16.73 1.6
0 96.75 19.9 2
39.44 96.89 17.78 1.36
2.4 96.76 17.35 0.93
0 96.67 18.89 1.15
0 96.63 20.98 1.37
51.56 96.31 19.87 1.79
83.34 96.25 15.02 2.61
0.33 96.42 13.42 2.12
0 96.82 14.45 1.36
0.16 97.27 14.93 0.99
0 97.36 14.81 1.2
0 96.66 15.9 1.92
0 96.19 16.52 2
0.26 96.22 16.77 1.37
0 96.47 18.33 1.5
1.93 96.4 18.77 1.82
0.71 96.38 18.01 1.43
6.29 96.68 16.84 1.21
0.32 97.05 16.55 1.26
12.39 96.94 16.14 1.54
4.5 97.14 16.49 1.16
78.52 96.78 12.41 1.58
57.64 96.66 10.17 4.91
1.31 96.87 12.52 3.03
0 96.93 11.75 1.36
0 96.81 13.08 1.27
0.31 96.6 14.93 1.68
1.44 96.4 14.64 1.94
0 96.54 13.7 1.6
0 97.07 12.47 1.29
0 97.54 12.77 1.02
0 97.39 13.99 1.26
0 96.93 15.36 1.79
58.32 96.44 14.05 2.29
0 96.99 9.6 1.72
0.02 96.64 11.22 2.23
0 96.4 13.66 1.59
0.07 96.77 10.7 2.72
0 97.22 7.83 1.62
0.01 97.4 8.44 1.66
63.41 96.72 9.85 2.59
0 96.79 5.43 2.6
0 96.84 6.46 1.89
0 96.73 8.3 1.77
0 97.06 7.69 1.57
63.31 97.39 3.58 1.1
71.6 96.79 2.99 2
0 96.5 6.78 1.54
0 96.2 9.84 2.1
0 96.87 9.47 1.38
0 96.93 11.08 1.79
10.6 96.72 11.76 2.1
0 97.71 5.05 1.68
1.4 97.6 1.5 1.82
0.06 97.23 1.38 2.41
0.04 97.05 1.03 1.84
0 97.06 2.51 1.39
0 97.28 2.33 1.65
23.24 97.2 3.87 1.33
164.81 96.67 3.01 98.53
61.78 97 0.08 2.51
0 97.15 -0.94 1.26
0 96.81 0.54 1.25
0 97.05 1.49 1.3
0 97.52 0.05 1.12
38.98 97.2 -0.12 0.74
185.76 95.74 -1.24 3.73
0.51 96.34 -2.86 2.64
0 96.4 -4.56 3.32
0 97.25 -3.87 2.27
0 97.58 -5.12 1.23
19.94 96.99 -1.82 1.36
0 96.92 -4.25 96.6
0.02 96.68 -3.33 2.22
0.01 97.19 -1.96 2.24
0 97.26 -3.71 1.11
0 96.88 -0.91 1.71
4.84 97.37 -4.08 1.95
0 97.35 -5.86 1.73
0 96.83 -4.11 1.9
0 96.7 -1.46 2.59
0 96.82 -5.9 2.18
0 95.96 -2.48 2.8
0.02 96.61 -4.26 3.2
0.02 97.21 -7.37 1.71
0 97.94 -10.96 2.22
0.11 97.69 -11.76 1.96
0.53 96.54 -3.91 2.52
3.33 96.62 -6.03 3.41
0 96.95 -8.94 1.47
0 96.97 -11.21 2.42
0 96.96 -12.89 1.84
0 97.1 -14.23 1.8
0.01 97.09 -15.17 3.29
0 97.18 -10.5 3.1
0.04 97.84 -11.26 1.22
0.03 98.01 -11.71 1.05
0.08 97.52 -10.3 1.56
0.02 97.44 -7.53 1.07
15.77 97.49 -7.93 1.5
0.63 97.3 -7.13 1.4
0.32 97.69 -10.12 1.09
0 98.01 -11.07 3.04
0 98.15 -13.37 2.07
0.01 97.62 -13.92 0.87
0.14 97.75 -10.95 279.32
4 97.65 -8.22 2.54
0.01 98.16 -14.14 2.6
0 98.03 -18.08 2.14
0 97.2 -17.21 3.36
0 98.33 -17.28 2.21
0 98.09 -17.15 1.18
0 97.43 -12.73 1.03
2.37 97.4 -12.47 1
21.66 97.43 -11.42 2.84
0 97.08 -14.64 2.6
0.02 96.56 -14.71 1.46
0 96.96 -15.69 2.89
0 98.11 -17.38 3.07
0 98.7 -15.45 1.89
0 97.74 -15.56 1.5
0 97.54 -13.9 1.47
0 97.47 -14.6 1.12
0 97.35 -13.76 1.49
0.02 97.79 -15.7 1.58
0 97.61 -15.24 1.53
0 97.48 -14.13 1.27
0.39 97.08 -11.77 0.86
0 97.17 -10.87 1.53
0 97.2 -12.4 0.89
0 97.62 -10.09 1.75
1.64 97.37 -11.92 1.71
0 98.05 -13.31 2.23
0 98.34 -11.58 1.36
0 97.32 -8.31 1.73
0 97.85 -8.74 1.41
6.93 97.88 -8.45 0.95
0.27 97.84 -8.02 1.66
0 97.67 -11.54 1.18
0.02 96.5 -7.51 2.02
0.03 97.08 -11.96 3.4
0 97.19 -13.61 1.43
0.21 97.52 -13.47 1.04
0.05 97.46 -11.24 1.52
0 96.96 -6.23 1.13
0 97.26 -6.89 1.13
0.04 97.23 -5.26 1.41
1.7 97.14 -4.43 1.32
1.49 97.6 -6.07 3.47
0 97.84 -9.23 1.95
2.26 96.85 -7.35 2.03
0 97.55 -8.26 2.61
0.01 97.1 -7.3 1.42
0.96 97.38 -13.17 3.43
0 98.27 -16.47 4.03
0 98.19 -15 1.43
0.26 97.25 -10.39 1.92
0 97.87 -11.69 2.24
0.08 97.93 -11 1.67
0 97.19 -6.13 60.25
0 96.93 -3.24 2.58
0 97.58 -7.24 1.98
0 97.57 -9.25 1.52
0 96.91 -6.09 2.12
0.03 96.76 -3.48 3.57
0 97.51 -8.93 2.71
0 97.71 -10.94 1.92
0.02 97.62 -10.61 1.52
0 97.49 -7.31 2.51
0 97.69 -5.93 2.21
0 97.62 -3.94 1.6
0 97.76 -5.16 1.51
5.4 97.65 -6.01 1.58
0.42 96.71 0.35 2.3
0 96.61 1.49 2.19
0.25 96.08 -0.64 4.58
0 97.83 -6.39 5.15
0 97.97 -4.95 1.59
0 96.82 -0.15 2.18
0 97.14 2.09 2.2
0 96.54 5.88 2.78
0 96.45 3.64 1.33
0 95.89 4.55 1.81
0 95.77 1.71 2.3
0 95.81 -1.16 4.74
0 97.42 -1.23 1.91
0 96.69 4.07 3.25
33.85 96.49 1.12 3.07
0 97.75 -4.8 3.95
0 97.34 0.1 2.7
0 96.76 5.92 2.46
0 97.22 5.55 2.33
0 95.71 8.33 2.75
0.5 95.83 -0.89 3.54
11.56 96.61 -5.14 2.97
0.25 97.1 -5.55 2.57
0 95.83 1.79 4.89
0 96.79 -1.74 2.5
24.36 96.44 -3.73 2.81
0 97.15 -3.92 3.04
0 97.03 -0.98 1.62
0 96.08 4.85 3.62
1.3 96.17 3.32 2.74
0 97.07 0.31 2.81
0 97.28 -0.54 2.1
0.36 97.21 0.58 1.69
5.31 96.9 2.56 2.2
93.17 96.95 1.01 2.29
0 96.53 4.89 2.56
0 96.49 7.24 2.49
15.64 96.7 1.51 2
57.03 96.94 0.21 2.82
0 96.73 0.8 2.73
0.22 95.95 2.26 2.15
12.18 95.88 2.1 2.8
7.53 96.79 1.42 3.09
0.49 96.68 2.42 2.69
0 96.71 3.42 3.12
0 96.27 8.21 2.19
0.19 95.71 8.6 3.71
0 96.04 4.34 3.99
0 95.76 5.91 2.27
3.65 96 5.39 3.06
28.17 96.37 2.5 304.71
5.13 97.31 2.4 4.01
0 97.36 3.88 1.74
0 97.02 6.38 2.18
0 96.71 9.7 2.02
0.18 96.2 12.83 4.27
66.89 96.17 8.16 2.25
1.2 96.08 8.45 2.33
0.04 96.14 9.8 3.95
0 96.23 11.34 1.64
0 96.25 14.11 1.96
8.55 96.06 12.75 3.05
0.33 96.12 12.97 5.34
0.61 96.59 12.1 4.74
1.27 96.69 12.84 2
1.39 96.57 12.57 1.66
3.93 96.77 13.74 1.62
0 96.56 17.4 2.71
0 96.68 21.21 1.74
0 96.58 22.96 1.83
0 96.65 22.21 2.39
0.12 96.45 21.97 3.54
13.2 96.07 15.42 2.15
19.71 95.16 15.96 3.32
0 94.75 19.17 3.44
0 95.34 17.78 2.18
0 95.46 19.11 2.22
0.74 95.97 18.32 3.87
0 96.91 17.7 2.52
0 96.87 18.54 2
0.55 96.26 18.78 2.72
0 95.71 18.91 2.89
22.22 95.02 15.98 3.89
0.01 95.06 18.38 3.77
0 95.32 20.05 2.35
0 96.26 20.49 1.82
4.16 96.08 23.64 3.21
1.7 96.58 18.68 2.04
0 96.26 21.33 2.05
2.16 96.07 20.73 3.42
1.69 95.89 19.05 3.36
0.83 95.53 19.64 2.38
0 95.8 20.75 3.49
0 95.67 24.7 2.87
0.03 95.31 25.71 4.44
0 95.93 21.24 2.2
12.93 95.79 19.48 2.76
0.07 95.87 21.3 2.73
11.87 96.56 18.68 2.07
41.39 96.44 18.35 2.43
2.99 96.26 19.19 2.69
2.87 96.04 22.08 2.79
0.64 95.89 22.95 3.33
24.78 96.19 18.07 2.42
6.18 96.44 17.74 1.61
23.11 96.16 16.15 1.74
5.76 95.96 18.19 1.92
0.02 96.05 22.47 3.12
0.12 96.05 24.1 3.46
2.25 95.9 24.67 2.6
83.8 95.8 20.5 2.29
6.98 95.5 22.34 1.55
53.44 95.2 21.25 1.72
0.22 95.54 24.14 1.86
0 96.06 24.73 2.18
0.07 96.22 25.14 1.86
1.1 96.01 23.48 1.54
4.39 95.68 23.14 2.01
22.21 95.58 22.07 2.37
68.75 95.37 21.25 2.36
79.71 95.01 21.51 2.02
69.52 95.15 22.85 1.95
63.68 95.57 21.85 1.63
216.69 95.69 22.13 2.7
21.87 95.65 23.1 2.95
71.49 95.35 23.03 2.17
246.65 94.79 23.13 2.49
0.1 94.8 25.23 2.55
2.54 94.8 25.36 2.22
2.13 95.16 25.49 1.92
0.97 95.45 25.3 2.17
5.43 95.32 25.38 3.39
68.8 95.53 24.62 1.83
129.26 95.74 22.25 1.21
1.92 95.91 22.87 1.19
0.58 95.91 23.48 1.09
14.34 95.89 24.12 1.69
28.99 96.07 23.87 1.89
0.42 96.08 24.53 1.8
195.96 95.42 22.43 2.08
190.68 95.18 23.47 2.41
0 95.83 24.08 1.98
0.2 95.74 22.82 2.17
80.86 95.56 22.65 1.75
2.86 95.79 23.06 1.76
0.22 95.81 24.51 1.46
8.48 95.7 24.51 1.66
8.83 95.24 24.38 1.68
1.24 95.25 25.4 2.54
0.01 95.6 25.25 1.66
0.03 95.65 25.64 1.59
32.64 95.45 23.56 1.45
17.48 95.32 26.1 1.99
0.22 95.3 26.06 1.35
1.55 95.12 26.52 1.96
6.2 95.25 26.14 1.99
16.14 95.55 26.02 2.67
0.32 95.8 25.87 2.3
0.93 95.58 26.3 2.3
10.9 95.19 27.27 2.45
27.08 95.03 25.76 1.77
9.3 95.23 26.66 2.06
17.68 95.45 27.31 1.89
13.35 95.22 27.58 1.83
17.75 95.4 26.05 1.6
1.84 95.84 26.69 1.45
4.34 95.96 27.28 2.26
53.81 95.7 24.99 2.39
4.59 95.67 26.21 2.45
19.51 95.63 27.4 2.29
2.72 95.62 27.49 1.86
175.24 95.12 25.46 1.62
0.08 107.4 27.06 2.14
0 96.1 23.67 2.16
0 96.37 23.12 1.62
2.55 96.37 22.42 0.93
2.47 95.98 24.66 2.25
0.34 96.09 24.15 1.69
0 96.26 23.76 1.38
0.08 96.26 24.02 1.41
17.7 96.02 22.95 1.84
34.14 96.09 20.52 1.92
4.73 96.09 19.95 1.44
292.86 95.48 18.58 1.33
16.33 95.6 17 2.8
0.1 96.33 16.61 2.15
12.51 96.41 17.88 1.73
2.6 96.68 17.17 1.51
9.5 96.84 17.37 1.54
0 96.92 17.19 1.22
7.29 96.81 17.65 1.28
129.84 96.78 15.32 1.17
25.44 96.84 15.9 1.33
11.18 96.89 17.19 1.25
1.37 96.85 18.66 1.26
15.02 96.4 19.4 1.8
0.36 96.44 17.89 1.48
0 96.56 18.31 2.07
1.35 96.35 20.46 2.35
48.56 95.69 20.45 2.67
0.24 95.94 20.95 2.75
0 96.62 14.99 1.53
0.69 96.31 16.97 1.52
7.83 96.81 17.56 1.31
6.45 97.31 16.99 1.04
4.11 96.4 19.84 2.43
0 96.73 19.08 1.29
0.06 96.79 19.49 1.32
3.53 96.68 18.69 2.18
65.73 96.94 14.25 2.27
0 97.24 9.81 2.13
0 97.07 11.68 1.9
0 96.78 12.59 1.77
0 96.12 17.27 2.74
0 96.15 16.89 2.46
0 97.02 14.23 1.28
0.62 97.01 14.7 1.8
186.29 96.95 11.82 1.76
0.03 97.09 11.19 2.17
0 96.98 10.17 1.49
0 96.3 16.82 3.01
0 97.23 14.88 1.32
0.01 97.31 15.22 2.02
0.02 97.47 13.66 2.25
0.22 97.06 11.65 1.39
0 96.07 15.56 2.31
11.57 96.02 14.92 3.08
0 96.53 11.94 2.49
0 97.02 12.54 1.36
56.77 97.1 10.57 1.76
5.83 97.86 5.74 3.58
0 97.98 3.53 1.2
0 97.54 6.69 1.27
0 97.62 7.73 1.4
0 97.39 10.78 2.14
38.36 97.5 9.97 1.2
4.29 97.52 8.43 1.69
0 97.43 6.96 0.88
17.36 97.31 6.89 1.78
73.65 97.21 3.82 1.78
0.01 97.39 4.84 2.93
0.01 97.63 6.86 2.31
0 97.23 5.69 1.18
0 96.7 7.48 1.58
8.6 97.17 6.49 1.4
1.43 97.75 4.99 1.88
0 97.71 4.22 1.19
0 97.78 5.14 0.82
0 97.58 5.48 1.09
0.2 97.02 8.13 1.55
3.89 97.25 8.4 2.59
0 97.68 6.51 1.51
0.02 96.97 6.74 2.08
0.13 96.49 7.61 3.04
0.01 96.93 4.48 2.47
0 97.04 4 2.04
0.19 97.47 4.59 3.2
0 97.53 -0.17 3.13
0 97.61 1.16 1.89
0 97.46 1.88 1.42
0 96.9 2.56 2.33
0 96.61 3.76 2.38
0 96.59 3.74 1.72
0.17 96.67 3.3 2.54
0.01 97.1 -1.37 3.23
0.03 97.26 -1.89 4.74
0 97.21 -2.72 3.07
0 97.29 -2.4 1.85
0 97.48 -2.37 1.16
0 97.23 1.11 1.56
0 96.9 1.82 1.26
0.04 96.54 0.39 1.78
0 96.42 -2.51 3.57
0 96.58 -5.08 2.88
0 96.86 -8.17 4.83
0 97.03 -5.18 2.85
0 96.62 0.4 2.53
0 97.23 -1.68 2.07
11369.63 97.02 -1.49 1.86
11369.63 96.75 -0.58 1.23
11369.63 97.01 1.77 1.62
11369.63 97 1.95 1.91
11369.63 97.28 -0.54 2.16
11369.63 96.86 -1 1.21
11369.63 96.98 -3.83 1.18
11369.64 96.91 -2.28 1.63
11369.64 97.1 -4.08 2.77
11369.81 96.6 -6.05 2.68
11369.97 96.67 -7.22 1.87
11369.63 96.77 -9.91 3.08
11369.63 97.13 -10.57 2.36
11369.63 97.46 -8.14 2.14
11369.63 98.08 -7.96 1.25
11369.63 98.02 -8.77 1.22
11369.84 98.29 -10.41 2.19
11369.82 97.93 -11.86 2.45
11369.95 97.78 -10.68 2.96
11369.64 98.18 -9.85 2.38
11369.63 98.25 -9.42 1.25
11369.63 97.97 -9.73 1.02
11369.63 98.08 -8.35 1.46
11369.63 98.08 -9.06 1.08
11369.66 97.43 -6.24 1.9
11369.81 97.9 -8.78 3.52
11369.63 97.64 -10.15 1.55
11369.63 97.16 -10.51 2.09
11369.63 96.43 -5.44 2.66
11369.63 96.21 -4.83 2.3
11369.63 95.81 -1.65 3.56
11369.63 96.1 -3.3 2.58
11369.63 96.41 -3.26 2.96
11369.63 96.97 -4.93 2.28
11370.53 96.97 -7.8 1.72
11375.23 97.18 -7.44 2.01
11369.66 96.96 -6.97 2.93
11369.63 97.35 -5.25 2.9
11369.63 97.89 -13.14 2.65
11369.63 97.53 -14.28 2.38
11369.63 97.51 -11.6 2.19
11369.63 97.57 -9.31 2.29
11369.63 98.12 -11.25 2.38
11369.63 97.84 -12.78 1.55
11369.63 97.87 -11.34 1.79
11369.63 97.63 -7.84 1.74
11373.46 97.66 -9.09 1.68
11369.63 97.65 -10.78 1.62
11369.63 97.89 -8.28 2.03
11370.53 96.94 -6.3 3.43
11369.63 97.34 -9.05 4.71
11369.63 97.59 -9.13 3.09
11369.63 96.91 -5.53 2.02
11369.63 96.13 -1.55 3.74
11369.63 96.57 -2.37 2.69
11369.63 97.53 -7.25 3.68
11369.63 97.24 -7.9 3.72
11369.63 96.48 -1.96 4.8
11369.63 97.25 -6.98 3.45
11369.63 95.83 -0.15 5.52
11369.63 96.55 -5.29 2.83
11369.63 96.7 -5.75 1.88
0.38 96.28 -2.78 2.19
0.12 96.21 -3.54 4.43
0 97.14 -10.65 3.92
0 97.37 -11.44 2.01
0 97.51 -11.04 1.63
0 97.73 -9.18 1.86
1.3 97.45 -9.78 1.76
4.32 97.44 -11.39 3.37
0 98.09 -12.63 3.72
0 97.95 -13.09 1.51
0 97.36 -11.14 1.63
0 97.96 -10.93 1.8
0 98 -11.09 1.83
0.04 97.12 -4.31 3.01
0 97.13 -4.47 1.88
0.18 97.72 -5 1.88
0 98.28 -6.88 2.42
0.61 97.88 -8.57 1.87
1.06 97.58 -7.36 1.65
0 97.56 -7.05 1.78
0 97.46 -4.67 1.87
2.91 97.94 -5.78 1.69
0.13 97.8 -3.75 1.45
0 97.32 -1.09 1.58
0 97.17 1.86 2.19
0.47 96.85 4.92 4.47
4.13 97.52 -1.55 4.51
0.03 97.31 -5.3 1.57
0 97.12 -3.72 1.69
0.2 97.09 -3.72 2
0.28 97.06 -4.07 1.62
1.75 97.35 -3.02 2.92
0 97.43 -4.68 3.34
0 97.63 -6.24 2.45
0 97.62 -5 2.24
0 97.12 -3.79 2.01
0 97.41 -4.46 2.52
0 96.97 -2.25 2.47
0 96.6 3.29 3.98
0 97.29 0.27 3.96
0 96.94 -0.85 2.03
0 96.46 2.1 2.78
0 96.07 7.94 2.56
0 96.56 5.37 2.43
0 95.94 8.32 4.1
0 97.13 5.02 2.16
0.07 97.02 4.31 3.46
0 97.34 4.27 5.1
0 96.79 6.72 2.5
0 96.75 8.56 3.37
0 97.11 8.29 2.7
0 96.07 13.38 4.68
0 96.01 12.67 2.61
0.03 96.01 12.2 2.26
0 96.17 12.07 2.83
49.21 95.84 12.13 2.97
20.85 96.29 10.75 3.04
0 96.52 11.5 2.08
1.71 96.67 10.31 2.15
0 96.13 12.39 2.34
0 96.77 9.41 3.98
0 97.23 3.92 4.62
0 96.39 6.65 4.64
0 97.01 5.55 3.52
0 96.38 13.14 3.64
0 96.3 15.16 1.85
0 96.22 14.63 2.18
0 96.35 13.15 4.21
0 97.17 10.02 2.04
0.7 96.79 11.07 1.64
0.33 96.51 11.93 1.99
0 96.61 14.03 2.14
0 96.45 18.39 3.68
0 97.06 14.32 3.52
0 96.38 14.15 2.2
6.52 96.33 10.93 2.5
0.02 97.03 10.14 3.33
16.33 96.93 8.78 2.85
0.04 96.44 10.61 1138.9
0 96.51 12.6 3.59
0 96.23 15.16 2.84
0.93 95.93 17.81 4.15
6.1 96.21 17.98 4.98
0.23 96.63 17.7 4.15
22.17 96.91 12.51 3.44
0 97.11 13.42 2.44
0 96.96 14.47 2.32
0 96.37 15.72 1.68
0 95.82 18.95 2.33
3.01 95.69 20.04 4.64
127.68 96.37 8.29 5.12
4.37 96.04 10.42 4.21
12.56 96.21 6.1 5.41
0.07 96.47 8.16 4.17
0.27 95.92 12.36 2.65
51.35 95.84 9.46 3.67
2.08 96.42 12.99 2.22
54.66 96.77 11.53 2.37
2.58 96.7 13.04 2.2
305.51 95.72 9.63 2.75
98.5 94.84 15.17 4.01
0 94.98 19.02 3.85
0.08 95.35 15.63 3.63
0 95.15 15.37 3.2
0.06 95.92 17.32 2.59
1.49 96.31 17.51 2.12
1.84 95.9 20.4 3.3
128.2 95.62 17.11 2.74
7.78 95.61 17.56 2.42
0.02 95.71 19.82 2.3
0 95.79 22 2.73
0.28 96.08 25.29 4.07
46.31 96 17.53 3.07
0.8 95.45 17.68 5.02
0 94.88 21.96 4.04
9.07 94.65 19.65 2.87
0.18 95.13 23.62 3.68
0 95.17 24.96 82.6
0.09 95.84 25.27 2.66
0 95.8 27.26 3.25
4.8 95.96 24.25 2.88
1.57 96.11 22.36 2.87
0 95.97 22.69 2.11
1.54 95.75 23.02 1.78
46.12 95.61 23.95 2.38
187.76 95.74 17.42 3
183.85 95.57 14.54 3.32
36.06 95.34 17.11 2.46
57.54 95.69 16.44 2.57
53.65 96.07 16.15 1.94
22.98 96.09 18.92 1.99
28.55 95.86 20.56 2.57
7.78 95.91 21.72 2.21
0.02 95.79 22.44 1.99
3.67 95.6 24.14 2.15
63.46 95.45 21.15 1.93
141.14 95.34 20.42 2.71
112.37 95.41 19.93 2.24
6.24 95.7 20.24 1.84
53.97 95.86 19.9 1.85
4.05 96 19.48 1.67
77.54 96.02 19.2 1.8
1.21 95.88 22.17 1.92
0.09 95.53 24.16 2.46
8.3 95.39 23.56 3.63
32.64 95.37 23.16 3.96
0.76 95.76 22.82 4.01
1.09 95.71 23.45 3.16
0 95.8 24.7 1.77
0 95.8 25.22 1.79
12.52 95.76 24.07 2.5
150.13 95.5 21.19 2.44
30.05 95.2 23.58 2.79
0.35 95.66 25.11 2.04
0.68 95.79 25.14 3.04
2.9 95.61 25.35 2.37
3.13 95.42 25.1 3.05
12.87 95.29 24.68 3.88
0 95.48 24.27 2.54
0 95.17 25.01 3.11
3.08 95.26 23.62 2.84
6.05 95.46 23.03 2.77
0.5 95.38 23.94 2.5
1.85 95.5 24.71 2.06
18.62 95.51 24.3 2.7
211.19 95.57 22.57 82.68
14.95 95.79 22.98 81.83
0.57 95.86 26.1 1.89
0.75 95.96 28.39 2.45
2.28 95.6 29.31 4.55
110.01 95.41 24.89 2.48
0.19 95.72 22.69 1.57
0 95.44 25 2.35
0.11 95.81 23.3 1.55
0 95.86 22.78 1.9
0.01 96.06 23.38 1.92
2.85 95.96 25.28 2.25
3.72 95.49 27.24 3.28
7.08 95.53 25.98 3.94
10.57 95.69 23.99 2.43
0 95.76 25.65 2.69
0 95.72 27.37 2.96
1.81 95.53 27.68 2.69
18.88 95.47 26.47 2.02
89.48 95.73 21.17 2.62
1.25 95.73 22.85 2.12
0 95.98 23.52 2.67
0 96.13 22.59 1.76
0.01 96.03 23.3 2
21.84 95.77 22.97 1.98
37.76 95.48 22.19 2.31
8.34 95.6 23.41 3.33
0.23 95.83 22.44 2.05
34.07 95.93 19.22 1.8
35.05 95.85 19.4 1.62
17.06 95.84 20.68 2.23
10.29 95.99 21.3 1.79
2.13 96.11 21.55 1.82
9.26 96.3 21.56 1.56
0.18 96.23 23.04 1.52
0.42 95.92 25.06 2.25
5.42 95.87 24.89 2.26
15.28 95.85 24.36 2
29.53 95.69 23.7 2.44
255.91 95.92 19.87 2.15
3.19 96.21 20.2 2.17
0 96.36 21.17 1.72
0 96.44 22.97 2.08
5.3 96.59 21.52 1.75
3.08 96.63 21.26 1.46
0.69 96.61 21.71 2.28
8.3 96.43 20.46 1.52
13.1 96.4 20.73 1.99
288.32 96.3 16.86 2.18
1.54 95.97 17.99 2.04
0 95.61 20.88 2.7
0 96.19 19.29 1.61
0 96.21 20.52 1.61
4.16 95.8 20.98 2.76
0.06 96.04 19.52 2.92
0 96.23 16.66 1.45
0.01 96.51 17.91 1.74
0.08 96.52 19.15 2.01
14.87 96.57 17.94 1.33
0.25 96.42 19.38 2.48
0.12 96.67 16.78 3.02
0 96.78 14.76 2.39
0 96.85 14.21 1.69
0 96.91 16.6 1.37
0 96.88 17.57 2.1
5 96.24 17.53 2.32
55.87 96.16 15.43 2.63
0.05 96.78 14.78 1.71
0.35 96.83 16.79 2.17
87.73 96.96 13.58 2
29.17 96.73 13.55 1.87
0 96.69 13.89 1.54
69.07 96.08 14.81 2.49
0.12 96.59 13.81 2.2
0.78 96.54 14.39 2.72
16.97 97.24 7.9 3.96
0.09 97.42 6.41 1.68
76.19 96.55 7.29 1.58
53.49 96.38 7.52 2.52
0 96.73 8.82 1.54
54.11 96.98 8.3 1.38
7.27 97.37 9.15 2.36
0 97.24 9.76 2.06
0 96.82 12.86 1.91
0 96.73 14.15 2.52
0 96.86 16.91 2.68
0 97.18 14.17 1.65
0.5 97.03 15.02 2.92
0.3 97.97 10.1 4.22
0 97.57 5.7 2.16
0 96.68 8.32 2.28
0 96.16 11.2 5.06
0 96.76 10.28 3.48
0 96.43 13.45 2.41
0 96.56 13.9 2.41
0 96.3 16.71 3.8
0 97.04 9.18 3.53
0 97.49 4.35 2.24
0 96.99 5.75 1.83
0 96.18 11.29 3.59
0 95.88 14.08 3.51
0 96.04 12.78 2.25
0 97.51 6.05 5.31
0 98 2.7 1.67
0 97.45 3.74 1.62
0.04 97.14 7.9 1.82
3.76 97.24 9.69 20.45
1.66 97.03 7.18 1.8
12169.24 96.64 7.93 2.89
12169.27 96.81 5.08 4.17
12169.23 96.63 6.93 2.64
12169.23 96.28 8.37 3.7
12169.23 96.56 7.99 3.44
12169.23 97.87 0.85 3.66
12169.23 97.88 -1.18 1.83
12169.23 97.45 0.79 1.77
12169.23 97.21 3.82 1.72
12169.23 96.89 4.52 1.91
12169.23 96.52 2.85 2.87
12169.26 97 -2.98 5.52
12169.23 97.05 -2.04 2.92
12169.23 97.39 -2.13 1.71
12169.23 97.51 -0.96 1.55
12169.35 97.32 1.58 2.04
12169.23 97.68 -1.47 2.01
12169.23 97.62 -0.5 1.38
12169.23 96.96 1.64 2.57
12169.23 96.37 3.99 3.53
12169.23 96.83 1.37 2.71
12169.23 97.41 -1.27 2.09
12169.29 97.16 1.22 2.54
12169.23 97.53 -1.75 1.93
12169.23 96.7 -2.68 1.79
12169.23 96.2 1138.87 4.51
12169.23 97.28 -1.25 2.09
12169.23 96.83 -1.56 1.54
12169.24 96.65 -0.43 2.02
12170.25 96.68 -0.17 4.61
0 97.29 -9.99 6.1
0 97.12 -10.06 3.55
0 96.83 -10.06 4.72
0 97 -10.26 3.68
0 97.1 -10.47 3.48
0 97.32 -8.97 2.5
2.53 97.36 -8.83 1.81
0 97.9 -10.37 1.56
0.03 97.8 -7.33 2.78
2.22 97.06 -3.43 4.63
0.05 97.52 -8.27 2.98
0.01 97.11 -9.15 3.76
0 97.3 -10.36 2.69
0 97.34 -8.49 1.93
0.26 97.23 -7.93 3.93
0 97.33 -11.42 3.83
0.01 97.42 -10.7 2.32
0 97.42 -8.59 2.33
0.11 96.97 -5.19 3.9
0 97.33 -9.02 3.65
0 97.01 -9.5 3.68
0 96.77 -3.84 2.87
0 96.76 -2.21 3.37
0 97.62 -4.73 3.63
0 97.88 -5.29 2.37
0 97.68 -7.08 1.7
0 97.23 -4.53 2.15
0 96.63 -5.04 1.9
0 95.95 -3.08 3.09
0.07 96.67 -5.62 60.89
0.02 97.4 -9.12 5.13
0.09 97.45 -10.34 2.96
0 97.39 -6.73 3.12
0 96.12 -2.37 3.78
0 96.36 -2.86 1.87
1.04 96.64 -2 4.21
0 97.25 -7.21 3.19
0 97.63 -8.9 1.74
0 97.54 -9.31 1.54
0 97.37 -5.97 2.32
0.08 96.89 -3.36 3.75
0 97.97 -6.81 2.46
0 98.19 -8.77 1.66
0 97.67 -5.48 1.83
0 97.79 -7.55 2.1
0.26 97.46 -8.05 2
3 97.41 -9.12 3.29
0 97.58 -8.69 1.81
3.48 96.42 -4.52 3.21
0.03 97.15 -7.99 2.27
0.03 97.03 -7.24 1.78
1.71 97.53 -6.88 2.83
0 97.05 -8.26 1.75
0 96.44 -3.27 2.98
0 97.38 -5.37 2.02
2.57 97.02 -5 1.71
2.58 97.54 -7.65 3.69
0 98.12 -11.1 2.91
0 98 -11.33 1.83
0.06 97.35 -7.29 3.26
0 97.97 -9.27 3.57
0 98.26 -9.08 2.1
0 98.06 -7.39 1.61
0 97.9 -7.22 1.46
0.07 97.73 -4.57 2.22
0.04 97.64 -5.1 3.36
0 97.55 -3.7 2.72
0 96.88 -1.01 3.26
0.02 97.75 -9.1 5.6
0 97.91 -11.62 3.37
0 97.16 -5.84 2.86
0 96.45 -3.32 1.97
0.01 96.48 -4.84 3.06
0 96.72 -5.75 2.78
0 96.36 -5.05 1.92
0 96.11 0.58 2.34
0.01 96.81 -2.15 1.85
16.36 96.54 -0.54 3.04
0.01 97.12 -0.96 4.29
0 97.82 -2.83 2.97
0 97.4 -3.84 3.08
20.08 96.6 -0.16 3.62
24.94 96 -0.05 5.05
0.1 96.38 -4.39 5.42
0 96.69 -5.48 2.2
0 96.3 -4.62 1.78
1.08 96.73 -5.71 3.18
0 97.17 -7.95 3.33
0 97.86 -6.03 2.04
3.38 96.92 -2.52 4.63
0 96.53 0.02 3.23
0.03 96.08 -1.86 2.5
0.1 96.73 -5.52 5.63
0 97.33 -5.76 3.31
0 97.1 -2.99 3.17
0 96.43 1.87 4.38
0 96.68 2.79 2.78
1.63 97.22 -1.89 3.66
0 98.06 -8.28 6.06
0 97.44 -4.12 3.23
0 97.02 -2.81 3.89
0 96.54 -2.5 2.99
0 177.17 1135.86 1138.61
0 96.71 0.25 3.68
0 96.31 6.07 3.51
0 96.2 6.36 3.49
0 96.94 4.32 2.69
0 96.26 6.42 2.92
0 96.46 7.35 3.51
0 96.59 6.77 2.65
0 96.52 7.33 3.71
0 97.51 2.75 3.84
0 97.7 2.9 2.64
0 97.92 3.77 1.82
0 97.66 7.49 3.12
0 97.43 12.9 4.2
0 96.65 13.54 5.37
0 96.13 12.57 3.68
0 96.34 10.89 3.56
0 95.86 14.25 4.38
9.1 96.77 7.39 3.62
0 96.94 5.73 1.67
199.4 95.36 3.05 2.58
0.72 96.19 5.29 2.56
1.26 96.15 5.99 1.93
0.14 96.62 5.53 3.99
0 97.82 0.44 4.29
0 97.82 1.03 3.02
0 97.04 5.17 3.39
0.15 96.73 8.52 3.13
0.12 96.94 9.08 3
27.88 97.12 7.84 3.14
192.08 97.63 1.09 4.15
1.03 97.32 4.23 2.35
0 95.72 10.91 2.02
0.39 94.85 14.58 4.75
3.93 95.74 9.71 5.04
0 95.81 12.52 2.82
0.04 96.11 13 2.7
0.03 96.53 11.68 3.93
0.01 96.2 12.19 2.81
0.02 96.07 12.59 2.86
0 96.39 14.63 4.18
0 96.49 15.44 4.73
0 96.82 15.15 2.72
0 96.18 21.11 4.34
0 95.8 24.87 4.47
24.94 95.56 20.88 5.05
39.61 96.14 16.58 2.33
0 96.2 19 2.13
0 96.1 20.69 2.74
5.55 95.89 18.47 4.07
40.71 95.99 15.64 2.26
0 96.17 14.45 4.71
0 96.09 14.11 4.81
0 95.47 16.11 5.59
0 96.1 13.33 2.55
0.65 95.97 14.07 4.56
32.55 96.31 7.92 2.55
0 96.67 9.44 1.8
43.95 96.58 9.72 2.28
88.82 95.64 8.01 1.82
12.82 94.33 11.21 3.47
0.29 94.42 19.48 3.51
1.54 95.66 17.58 5.39
0.01 96.35 16.98 4.24
0 95.8 18.88 3.38
23.33 94.97 19.59 5.05
34.59 95.09 16.27 4.83
1.08 95.49 14.69 5.52
0 96.31 18.37 4.15
0 95.97 21.83 3.78
0 95.83 22.65 3.02
3.7 95.77 22.75 3.21
0.04 95.6 24.5 3.68
0.18 95.53 25.72 4.31
2.39 95.61 25.71 3.29
0.12 95.65 23.74 3.3
3.27 95.38 23.17 4.26
0.78 95.61 21.33 3.17
0 95.76 20.57 3.03
0 94.98 25.08 7.06
10.66 95.36 23.43 3.01
2.63 95.92 20.14 3.8
0 96.16 21.9 3.53
63.16 95.47 18.78 3.61
56.17 94.93 18.47 2.5
97.35 95.41 18.47 2.52
0.36 95.75 19.87 3.06
1.15 95.44 20.26 2.87
7.43 95.5 18.4 1.94
164.14 95.28 16.62 2.51
270.19 94.74 16.65 2.61
49.68 94.81 17.19 1.95
89.47 95.66 17.86 2.23
0.25 95.94 20.77 2.17
41.08 95.8 22.28 1.86
0.4 95.51 23.11 1.84
288.67 95.47 20.83 2.26
6 95.7 19.3 2.79
90.12 96.13 17.13 2.63
0.1 96.22 21.36 2.43
0 95.89 23.76 2.29
3.64 95.66 23.73 3.44
0.21 95.79 23.44 2.64
7.88 95.59 23.56 3.51
12.55 95.29 21.98 2.54
138.06 95.22 20.94 1.64
0.97 95.68 22.07 1.68
3.22 95.75 23.73 2.24
203.97 95.86 17.77 2.34
23.47 95.3 18.11 1.99
34.76 94.82 19.29 3.41
4.4 95.39 17.94 3.02
0.17 95.99 18.95 2.42
78.4 96.01 19.73 2.17
24.33 96.13 20.58 1.97
0 96.13 22.15 1.9
0.19 95.99 23.37 2.03
2.57 96.13 24.38 2.17
0.16 96.37 25.58 2.48
2.92 96.2 23.85 2.74
0.48 95.87 25.56 2.39
1.37 95.31 26.43 2.06
0.15 95.09 26.96 3.61
5.71 95.49 26.68 2.64
10.07 95.89 25.42 2.16
14.98 96.07 22.43 2.41
9.87 95.95 22.64 1.58
28.45 95.79 23.52 1.86
144.08 95.96 22.87 2.21
53.14 95.91 23.08 2.32
23.94 95.59 24.29 2.53
32.59 95.55 23.44 2.54
14.09 95.55 23.55 1.76
20.34 95.37 23.36 2.07
14.45 95.2 24.36 1.94
10.74 95.55 25.73 2.72
19.03 95.67 24.72 2.32
39.43 95.44 24.82 2.44
72.78 95.39 24.54 2.29
346.91 95.76 22.45 2.54
12.63 95.99 22.74 1.74
1.32 95.83 23.91 1.88
31.38 95.36 24.99 2.99
0.12 95.31 24.25 2.42
0.92 95.16 25.66 2.28
1.87 95.36 26.01 3.03
11.83 95.77 24.6 2.81
19.86 96.3 23.25 2.31
73.45 96.32 23.32 2.04
12.61 96.2 24.5 2.08
0 96.24 24.13 1.64
0 96.06 24.71 1.61
0 95.91 24.87 1.44
0 95.61 25.91 1.88
2.47 95.38 26.17 2.09
0.04 95.66 24.52 2.29
0 95.73 24.33 1.97
2.32 176.34 1152.83 1138.48
40.93 176.58 1153.21 1138.57
47.94 96.25 20.8 2.32
29.97 95.92 19.7 2.41
3.04 95.71 21.11 2.21
39.94 95.82 20.48 1.77
8.14 96.14 20.58 1.76
11.83 96.35 20.84 1.91
10.8 96.27 21.09 2.7
23.19 96.14 21.14 2.44
0.03 96.08 21.21 2.24
12.9 95.95 20.24 1.85
12.19 96.12 19.37 1.69
13.34 96.27 19.59 1.89
102.42 96.46 18.13 1.79
83.49 96.47 19.51 2.05
2.98 96.44 21.53 2.12
0.46 96.62 20.72 2.15
7.55 96.5 19.11 1.41
23.43 96.28 18.84 2.22
0.02 96.44 17.82 1.76
0 96.36 19.42 1.59
1.88 96.51 21.24 2.41
16.63 97.15 17.23 2.5
1.51 97.08 16.14 1.71
26.03 96.53 14.16 1.87
28.07 96.48 14.46 3.14
0 96.41 19.83 2.37
0 96.76 20.1 2.63
0 96.92 19.46 2.69
0 96.74 19.78 2.36
3.01 96.7 19.38 1.67
9.5 96.74 18.77 1.87
0.01 96.81 17.48 1.84
1.58 96.34 17.34 2.36
2.8 96.14 20.05 2.88
41.68 96.04 18.59 3.33
48.15 96.08 15.93 2.2
43.18 96.07 14.97 1.81
14.71 96 16.31 2.85
0 96.31 14.79 2.48
0 96.47 17.54 2.71
0.22 97.32 14.21 1.47
2.13 97.82 11.87 1.78
8.15 96.7 15.86 3.36
68.56 95.9 11.64 5.2
0.05 95.86 14.37 4.18
0 96.86 11.87 2.39
0 97.18 14.52 2.57
0 96.68 18.23 3.78
0 96.55 18.61 2.61
0 96.33 18.55 3.54
0 96.65 11.64 3.59
0.29 95.98 6.92 2.99
2.72 96.15 6.33 5.04
8.51 96.44 10.37 4.3
0 96.87 11.83 2.33
0 96.95 13.29 2.01
0 96.68 14.22 2.13
0 96.63 15.14 2.02
0 96.67 15.63 2.54
1.03 96.76 15.11 3.19
0 97.59 7.04 2.79
0 96.47 10.75 2.99
14.72 97.03 6.92 2.34
42.57 97.37 5.59 1.95
1.2 108.23 167.87 81.76
0 107.69 168 81.61
0 97.58 7.59 2.65
0 97.6 4.53 1.68
10.11 96.35 7.7 4.36
0 96.37 4.79 2.86
0 96.99 2.78 3.22
0 97.32 0.88 3.94
0 97.76 0.65 2.61
0 97.82 2.91 1.58
0 97.13 4.72 1.57
0 96.94 6.25 1.42
0 96.97 8.73 3.27
0 97.1 10.85 3.34
1.22 98.22 2.35 4.06
53.44 98.3 -2.58 3.85
32.15 97.87 -2.53 3.7
3.83 97.41 -2.14 2.33
0.25 97.49 -2.2 1.63
0 97.69 -2.45 1.21
0 97.83 0.16 1.33
0.16 97.66 1.98 1.47
0.01 96.95 4.02 1.88
0 96.27 6.54 2.71
0.09 97.1 3.11 2.58
3.79 97.02 -1.45 2.52
0 97.67 -3.44 2.73
3.35 97.6 -4.43 2.36
8.51 97.59 -6.17 2.5
5.22 97.61 -7.6 2.14
8 98.1 -8.01 1.88
22.66 98.55 -10.52 2.76
6.77 98.61 -11.72 3.42
0.06 98.53 -13.85 2.2
0.01 97.64 -13.3 2.68
0 97.56 -13.36 2.96
0.04 97.12 -11.71 1.31
0.17 97.57 -9.16 1.61
20.71 97.24 -5.39 2
0 97.17 -7.87 1.67
0.3 96.47 -2.63 2.66
0.1 96.23 -4.05 4.46
0.22 96.49 -6.44 5.44
0 96.88 -4.19 3.53
0 97.57 -4.74 2.11
0 97.74 -7.5 1.45
0 97.93 -8.79 1.01
0 97.49 -3.78 2.33
7.03 97.13 1.63 3.03
0.02 97.31 0.2 4.61
0 97.71 -5.71 1.97
0 97.36 -5.8 1.44
0 97.47 -6.16 1.21
3.16 96.8 -4.54 2.56
0.02 96.85 -5.66 3.83
0.03 97.4 -7.15 5.52
0 97.53 -7.31 2.87
0 97.97 -5.5 1.83
0 97.98 -5.88 1.68
0 97.09 -2.9 2.59
0 97.29 -4.68 1.65
0 97.43 -7.49 1.41
0 97.28 -4.74 2.14
0 97.42 -8.54 2.17
0.01 96.4 -6.61 3.42
0 97.42 -11.53 4.27
0 98.22 -13.69 2.3
0 97.93 -9.02 1.75
0.17 97.48 -5.6 1.61
0.77 97.71 -6.67 1.66
0 97.74 -7.78 1.72
0 96.84 -2.45 2.84
0.01 96.83 -4.98 1.43
1.41 97.05 -7.49 1.89
0 97.5 -9.53 3.49
0 97.36 -11.29 2.65
0 97.6 -9.59 3.15
0 97.45 -9.36 2.65
0 97.25 -9.69 2.57
0 97 -9.39 2.32
0 97.78 -11.01 3.1
0 98.02 -12.07 2.51
0 97.49 -12.02 3.32
0.06 96.82 -10.63 3.34
0.08 96.6 -10.37 2.48
0 96.66 -10.98 1.85
9.72 97.28 -13.14 2.76
1.93 97.3 -17.04 3
0 96.92 -17.83 3.75
0 97.57 -17.41 1.99
0 98.09 -17.03 1.43
0.7 98.02 -16.4 1.58
0.48 98.52 -19.14 3.23
0 98.41 -22.51 5.09
0 97.84 -15.12 4.14
0 97.29 -10.45 2.77
0 97.17 -10.8 2.94
0 97.27 -9.24 2.82
0 97.78 -11.32 1.97
0 98.26 -14.62 2.21
0 98.06 -15.91 2.24
0 98.09 -12.94 2.89
0 97.94 -10.79 2.37
0 97.57 -8.94 2.34
0 97.32 -7.76 2.53
0 97.53 -7.4 3.53
0 97.45 -7.9 3.82
0 97.4 -6.69 2.63
0 96.5 -6.14 2.5
0.01 96.09 -2.81 3.53
0 96.8 -2.6 2.63
0 96.5 1.19 3.08
0.11 96.43 0.96 2.16
1.92 96.57 1.37 2.64
34.51 97.28 -6.76 6.01
0 97.42 -11.26 4.78
0 96.79 -8.7 3.64
0 96.62 -4.62 4.24
0 96.62 -1.69 3.94
0 96.53 -1.94 3.72
0.09 97.43 -5.57 3.5
0 97.42 -7.6 4.02
0 97.35 -8.67 2.85
0.01 97.37 -5.24 3.47
0 98.3 -9.35 2.41
0 97.92 -7.86 2.78
0 97.85 -7.26 2.72
0.06 97.18 -5.54 3.26
0.02 97.25 -5.63 2.01
0.09 97.51 -6.9 4.02
0.05 97.81 -7.74 3.53
0.02 96.86 -0.63 3.27
0 96.45 3.44 2.95
0 96.41 2.02 2.18
0.14 96.81 0.93 1.44
76.48 96.61 1.65 3.18
0.02 96.66 -0.11 2.19
3.24 96.87 -2.15 4.2
0 97.67 -6.14 4.75
0 97.79 -6.07 3.37
0.02 97.56 -5.33 3.42
0 97.06 -4.65 2.06
0 96.42 -0.66 3.92
0 97.14 -0.51 2.63
0 96.97 1.3 2.06
0 96.42 5.14 3.44
0 96.24 9.14 3.9
0 95.89 9.92 5
0 96.21 8.75 3.68
0 97.15 4.9 2.11
0 97.37 5.76 2.15
0 96.97 9.21 2.77
0 97.31 6.81 4.7
0.01 97.9 3.33 5.35
0 97.94 3.25 3.39
0 97.6 3.62 3.06
0 97.15 8.2 2.78
0 96.62 9.67 2.19
0 95.95 12.17 4.89
2.45 96.44 8.62 3.24
0 96.49 9.05 3.01
0 95.56 15.7 5.27
19.31 95.72 12.14 4.85
0.72 96.82 8.03 3.67
0 96.86 8.65 3.29
0 96 11.72 4.01
0.06 96.32 11.25 3.14
1.47 95.74 12.8 4.71
0 96 11.48 3.71
0 95.99 12.93 5.72
0 96.27 8.36 3.45
0 96.9 6.05 3.79
0 96.54 6.82 4.46
50.68 95.59 7.78 2.86
0.17 95.27 10.72 4.54
0 96.4 12.12 4.14
0.19 95.95 15.33 4.9
36.11 95.82 10.89 3.25
1.72 95.79 7.46 4.34
11.29 96.14 7.04 2.57
6.22 96.53 9.15 3.45
0.06 96.11 13.91 2.83
0 95.22 16.63 5.57
0 95.78 12.76 5.85
0 96.36 12.02 2.81
0 95.88 14.61 4.81
0.6 96.6 12.34 3.07
11.36 96.84 10.56 2
0.59 96.42 13.59 1.96
0 96.55 13.91 2.48
17.62 95.83 13.9 2.85
0.12 95.41 17.33 2.97
7.18 95.1 21.76 3.94
120.05 95.86 12.68 3.08
142.44 94.92 10.86 5.38
0 95.52 16.09 3.34
22.15 95.61 14.8 4.36
0.05 95.78 14.39 6.06
0 96.6 16.65 3.02
0 96.07 18.53 4.47
0.4 96.15 17.9 2.19
0 95.91 17.7 2.18
1.23 95.14 20.2 5.42
263.55 95.77 12.41 3.74
0 96.77 14.9 3.81
21.98 96.41 12.36 4.07
2.17 96.11 13.4 3.62
0 95.63 18.1 3.18
0 95.75 23.9 3.85
0 96.08 23.9 4.84
0 96.29 22.65 4.43
0 96.47 22.11 4.05
0.02 97.02 20.26 3.56
0.02 96.96 19.55 2.9
46.4 96.16 15.45 1.75
14.64 95.08 16.91 4.73
22.31 95.37 18.65 3.33
0.17 95.81 19.34 3.93
0 95.79 22.2 4.23
0.04 95.37 24.32 4.72
0 95.71 20.24 4.01
0 95.42 22.91 3.89
30.97 96.23 17.16 2.67
0 96.28 20.31 2.12
0 95.92 23.85 3.02
0.01 95.6 24.53 3.57
0.02 95.74 22.81 2.88
0.09 96.01 23.09 2.6
22.95 96.12 20.16 3.03
6.76 96.2 19.53 1.88
0.05 95.91 22.07 2.24
14.64 95.65 22.36 3.94
120.88 95.43 20.12 4.92
27.72 95.84 18.79 2.47
5.43 95.75 20.37 1.99
2.86 95.4 20.4 1.96
197.64 95.33 16.08 2.46
24.85 95.33 18.05 2.18
1.76 94.97 20.55 2.65
27.48 95 21.07 2.09
3.27 95.52 22.07 2.78
0.02 95.64 23.82 2.31
16.06 95.34 25.12 3.01
22.34 95.33 24.76 3.11
51.51 95.35 23.44 2.47
28.43 95.56 21.8 2.4
7.26 95.58 22 3.47
0 95.76 24.46 2.67
0 95.75 25.23 2.18
28 95.52 23.74 2.38
51.77 95.67 20.35 3.29
87.48 95.5 20.69 2.75
46.87 95.46 21.25 2.08
0 95.62 21.55 2.05
0.19 95.6 22.93 1.68
0 95.74 25.62 2.89
0 95.95 24.71 2.63
1.36 96.13 25.14 1.89
0 96.21 26.54 2.09
0 96.17 26.47 3.01
0 95.9 26.22 2.71
0 95.64 27.67 2.27
0 95.4 28.7 2.79
3.8 95.08 29.12 4.17
76.76 95.29 23.63 2.29
2.17 95.62 25.05 2.56
0.74 95.97 24.18 2.7
4.52 95.68 20.85 2.01
6 95.52 21.2 2.08
1.4 95.83 22.36 1.93
0.09 95.87 23.93 2.13
51.92 95.98 22.99 2.62
234.43 96.03 21.33 2.63
800.75 95.53 22.29 2.65
38.96 95.34 23.71 1.81
5.77 95.21 26.61 2.73
0.26 95.67 26.89 2.26
462.47 95.69 22.06 2.67
6.5 95.6 22.67 1.55
0.72 95.36 24.32 2.15
31.86 95.35 24.84 2.54
33.82 95.73 24.2 1.92
159.5 96.01 24.26 1.89
62.36 96.1 22.85 1.89
54.48 96.19 23.28 1.85
0.43 96.19 25.05 1.49
0 96.16 26.47 1.6
0 96.13 27.11 1.94
0 96.05 26.77 2.21
96.27 95.74 26.28 2.46
220.55 96.09 23.86 2.2
0 96.22 22.98 1.48
0 95.9 23.81 2.37
0 95.67 27.54 4.04
0.54 95.66 29.01 4.37
11.04 95.69 26.58 2.44
0 95.66 25.46 1.83
0 95.91 24.91 2.1
2.67 95.85 23.57 1.51
30.95 95.7 22.9 2.11
1.7 95.58 23.42 1.59
311.63 95.54 20.85 1.69
24.52 95.94 21.71 2.35
13.02 96.09 22.44 1.6
0.86 96.2 23.72 1.75
1.39 96.32 23.98 1.51
12.27 95.89 21.8 1.75
14.07 95.64 24.09 1.77
110.36 96.34 18.75 4.02
0 96.67 18.68 2.16
2.52 96.34 18.95 2.25
5.13 96.28 19.68 2.23
0 96.43 19.14 2.66
0 95.87 18.88 2.89
29.44 94.79 16.89 4.05
32.85 94.69 16.07 2.5
18.4 95.38 19.28 1.48
45.98 95.92 18.61 1.2
52.91 96.18 18.01 1.58
95.16 96.08 18.07 1.62
21.16 95.94 19.74 1.85
2.89 95.71 19.24 1.68
5.4 95.76 18.86 1.85
26.6 96.06 18.05 1.35
11.49 96.25 17.51 1.83
35.46 96.62 16.55 1.86
20.1 96.86 16.95 1.54
1.37 96.83 17.7 1.54
13.14 96.62 19.54 2.23
0.06 96.48 20.77 1.87
2.96 96.53 19.88 1.89
1.53 96.97 17.58 2.39
12.3 97.11 15.53 2.75
0.08 97.14 15.1 2.39
0 97.04 15.18 1.66
0.91 96.88 15.2 2.13
2.97 96.5 17.42 2.43
4.26 96.18 19.12 2.45
1.21 95.93 20.61 3.85
0.04 96.59 18.41 2.1
6.56 96.41 17.82 1.91
2.34 97.04 13.54 4.15
0 97.54 9.56 2.5
0.03 96.8 10.65 2.86
0.05 96.41 16.39 2.02
4.06 96.29 19.41 4.08
6.61 96.3 15.55 1.68
0.54 96.26 16.7 3.53
54.87 96.86 8.88 2.5
25.14 96.93 8 2.36
0.39 97.55 9.21 1.63
63.93 96.74 10.33 2.55
1.32 96.82 7.43 4.46
0 97.12 5.78 2.12
0.81 96.68 7.84 2.25
0 97.23 6.75 90.41
0.09 97.24 7.99 1.82
0 96.79 12.67 1.8
0 96.87 14.16 1.88
0.13 97.06 15.89 3.33
12.3 96.56 14.37 3.52
0 97 10.81 1.95
0 96.79 12.15 2.07
0 96.58 14.39 2.79
1.19 97.52 6.33 3.18
35.45 96.91 6.06 1.84
46.53 97.55 2.77 3.36
0 97.23 3.13 1.36
0 96.6 4.51 1.44
0 96.18 9.45 3.09
0 97.4 4.81 2.37
43.27 97.45 3.72 1.47
21.85 97.59 3.72 2.86
0.15 97.75 1.17 2.74
2.7 97.4 0.99 3.47
0 98.24 -3.75 2.83
0 97.9 -2.35 2.9
0 97.14 1.56 3.43
0 96.61 2.52 1.98
0 95.69 4.7 1.77
0 96.65 3.18 3.93
0.13 97.58 -0.32 2.12
10.59 97.76 -0.87 3.31
0 98.16 -2.79 2.01
0 97.62 -1.95 2.37
2.48 96.11 3.21 3.99
1.53 96.32 -0.35 1.66
0.28 96.84 0.4 1.8
0 96.36 4.33 3.6
0 96.93 2.8 4.57
0 97.32 -2.5 2.18
0 96.97 1.22 2.26
0 96.98 -0.22 2.7
0.49 96.34 2.77 2.45
3.17 96.85 -3.17 2.57
24.87 97.48 -6.48 1.51
63.99 97.77 -8.04 2.93
0 98.18 -11.05 3
0 97.88 -10.7 2.88
0 97.4 -7.88 2.49
0 97.04 -5.37 2.27
0 96.56 -1.44 3.66
0 97.32 -4.66 3.67
0 97.77 -3.88 1.88
0.05 98.1 -4.22 2.04
4.92 96.91 0.07 3.7
0 97.66 -2.44 3.4
0 97.37 0.41 2.7
0 96.64 2.96 3.7
0 96.66 -0.24 2.41
0.25 97.34 -4.52 3.46
0 96.85 -4.34 3.37
0 97.05 -5.92 2.06
2.2 96.42 -2.89 3.32
0 97.4 -6.88 2.23
0 97.55 -7.61 1.29
0 97 -5.23 3.15
4.26 97.22 -3.04 2.42
0 97.86 -7.46 3.52
0 97.83 -9.77 2.45
0.01 97.79 -8.95 2.93
0 97.04 -4.75 2.64
0 96.97 -3.84 1.3
0 97.12 -3.83 1.07
0 97.18 -3.55 1.37
0.05 97.53 -3.31 1.08
0.06 97.51 -4.2 2.64
2.77 97.15 -8.69 4.13
0 97.61 -9.11 2.96
0 97.58 -9.77 1.33
0.02 97.33 -4.91 2.91
3.74 97.98 -8.55 3.48
0 97.92 -11.2 2.13
0 97.58 -8.9 3.61
0 97.84 -9.21 3.01
0 97.32 -7.75 1.78
0 97.19 -6.81 1.45
0 96.96 -2.66 2.99
0 97.12 -4.38 2.54
0 96.8 -1.76 2.6
0 97.4 -4.9 1.61
0 97.76 -6.59 1.22
0 97.25 -4.02 1.11
6.12 97.24 -3.68 1.84
11.59 96.81 -3.85 2.26
0.01 97.03 -6.79 3.34
0 97.3 -9.46 3.32
0 97.05 -9.4 2.62
0.01 96.77 -10.44 2.77
0 96.88 -9.45 3.88
0 97.88 -11.04 2.13
0.09 97.88 -12.68 1.51
0.02 97.78 -12.07 1.49
0.2 97.56 -10.02 1.92
0 97.88 -10.74 1.7
14.58 97.53 -11.63 3.05
0 97.66 -13.05 2.38
0 97.21 -11.28 4.61
0 97.93 -13.3 2.45
0 98.07 -13.74 1.65
0 98.18 -12.33 1.43
0 97.6 -8.28 2.05
0.03 96.76 -2.85 5.04
0 97.39 -6.01 3.69
0 96.79 -5.98 2.74
0.19 97.54 -9.7 4.5
0 97.96 -9.33 3.41
0 97.34 -6.53 3.06
0 98.1 -7.35 3.35
0 97.48 -5 2.22
0 96.91 -3.61 1.89
0.42 96.51 -0.07 2.35
0 96.87 -3.97 3.49
0.01 97.84 -5.9 3.08
0.01 97.81 -7.03 1.14
0.02 97.55 -7.45 5.33
0.01 97.1 -8.38 5.61
0 97.3 -8.43 4.67
0 97.43 -6.99 2.87
0 97.42 -6.35 1.7
0 97.88 -4.77 2.1
0 97.8 -3.6 2.3
0 96.61 2.27 3.49
5.17 96.84 -1.75 4.56
0 97.54 -6.28 2.97
0 96.99 -5.23 2.63
0 95.82 -1.78 4.47
0 97.61 -6.6 4.99
10.08 97.5 -5.84 2.76
24.77 96.74 -3.13 4.53
0 97.28 -3.72 3.55
0 96.99 -1.64 3.35
0 96.92 -0.38 3.18
0 97.16 -0.53 1.57
0 96.8 2.07 3.04
0 96.73 2.13 2.99
1.73 97.15 -3.44 4.34
0 96.39 -0.79 2.8
0 96.43 0.6 1.91
0.04 96.63 -1.59 2.51
0.17 97.07 -3.92 3.92
0.03 96.83 -6.17 3.57
0 96.82 -4.16 4.1
0 96.31 0.69 3.88
0 96.14 1.3 3.23
0 96.37 3.74 1.99
0 96.59 5.79 2.9
0 97.42 1.19 4.54
0 97.46 1.45 2.85
0 97.43 2.05 2.68
0 97.19 3.2 1.9
0 96.79 4.02 1.63
0.75 96.68 5.3 2.43
0 97.2 6.47 2.19
0.07 97.31 6.24 2.76
0.55 97.31 3.25 3.62
0 97.18 2.34 2.5
0 96.92 3.61 2.31
0.49 97.33 3.21 1.93
5.19 97.05 1.74 1.57
2.99 96.83 3.45 2.13
0.19 96.74 3.42 2.39
0 96.93 4.01 2.71
0 96.75 6.11 2.38
0 96.64 10.08 3.65
0.04 97.44 5.31 2.8
0 97.27 5.62 2.65
0 96.66 6.23 1.78
0 96.66 9.75 2.11
0 96.61 13.28 3.46
0 96.32 16.7 4.16
0.37 96.11 13.49 3.55
2.42 96.08 10.56 3.5
0.65 96.19 10.78 2.94
0 96.87 10.04 4.22
0 96.92 9.79 1.88
0 95.91 13.3 3.13
0 96.44 9.46 4.45
0 96.38 8.24 2.75
0 95.76 12.89 4.53
0 95.3 15.66 3.45
0 95.72 17.26 3.27
0.13 96.09 15.53 2.98
1.02 94.98 16.08 4.59
0.3 95.14 9.75 5.9
1.7 95.63 8.51 3.45
1.72 95.91 11.12 3.92
0 96.35 11.13 2.46
0.01 95.69 14.72 5.2
0 95.96 11.27 3.04
0 96.23 10.98 3.12
0.01 96.9 10.11 3.44
0 96.92 11.59 4.64
0 96.07 16.08 4.58
0 95.51 18.13 3.27
0 95.18 21.38 4.38
0 96.07 18.33 2.76
0 96.51 18.11 2.58
0 96.46 21.09 3.99
1.27 96.41 18.96 5.3
25.6 96.31 15.61 3.05
25.25 96.01 11.56 5.78
0 96.21 12.43 6.29
0 96.07 18.43 3.83
0 95.77 21.41 2.74
0 95.6 20.09 4.77
0.51 95.51 19.2 3.21
0.05 95.61 17.05 4.97
0 95.54 15.07 4.25
0.98 95.7 14.06 5.01
0.24 96.42 15.15 5.02
0 96.41 17.44 2.41
0 95.66 20.27 1.94
0 95.48 23.83 2.79
0 95.47 28.52 4.79
0.96 95.78 27.72 3.59
0.33 96.07 25.19 3.5
3.59 96.37 18.57 3.72
185.53 96.53 11.21 2.52
0.02 96.33 16.8 2.26
0.01 95.87 20.23 2.21
0.09 96.41 16.38 3.72
0 96.03 18.56 2.42
0 95.67 20.84 3.06
0 95.82 22.64 3.54
31.17 96.22 17.17 2.76
0.55 95.68 20.14 3.08
29.82 95.16 20.23 3.05
0 95.64 17.67 3.41
76.51 96.01 12.05 2
0 96.11 16.45 2.59
0 96.09 20.95 2.85
0 96.27 21.95 2.45
24.67 96 16.08 2.28
1.48 95.67 18.71 2.5
0.33 95.53 23.25 4.07
0 95.61 22.31 3.85
0 96.01 20.02 1.81
15.69 96.17 18.51 1.92
21.64 96.46 18.95 1.85
0 96.46 21.42 2.04
0 95.97 27.63 2.7
0.09 95.7 28.96 2.3
7.29 95.57 27.94 2.77
4.87 95.48 26.03 3.14
43.66 95.49 23.37 3.59
173.27 95.44 20.12 2.11
10.9 95.45 20.94 2.34
0.4 95.62 22.7 2.28
42.68 96 19.94 1.59
109.39 95.91 18.16 1.56
7.62 95.63 19.67 1.48
6.79 95.58 21.41 1.53
0 95.75 24.38 1.79
9.29 95.68 25.45 2.71
5.52 95.72 25.95 3.38
0.06 95.62 26.99 3.81
6.67 95.44 27.33 3.19
15.03 95.32 27.87 3.07
88.06 95.53 24.31 2.19
0.35 95.62 25.54 1.97
11.14 95.78 25.53 1.86
104.16 95.95 23.88 1.49
127.43 95.76 24.02 2.66
591.94 94.88 23.54 2.59
20.8 94.87 25.46 3.66
76.65 95.07 23.99 2.29
0.53 94.95 24.94 1.67
0 95.26 26.59 2.85
0.59 95.33 28.94 3.22
21.46 95.12 28.81 3.98
16.47 95.48 26.69 2.49
18.79 95.86 26.33 1.87
0 95.98 27.36 2.23
0 95.95 28.14 2.59
0.01 95.68 28.08 3.36
49.44 95.43 26.75 2.92
34.71 95.37 24.54 3.04
87.33 96.12 21.99 2.61
15.82 96.13 21.73 1.61
2.11 95.67 23.7 1.14
4.63 95.74 24.01 1.75
0.34 96.01 24.7 1.76
27.66 95.71 22.1 2.44
1.27 95.84 23.37 2.34
0 96.37 23.57 1.81
0 95.97 23.72 1.58
17.49 95.55 24.74 2.39
0.07 95.73 25.58 2.16
0.54 95.83 26 2.73
28.51 95.55 25.88 2.37
1050.01 94.92 24.11 2.75
7.96 95.34 25.58 1.58
72.4 95.39 25.21 2.22
53.52 95.21 23.76 1.9
4.67 95.27 24.22 2.1
34.35 95.15 23.48 1.67
36.67 94.99 21.28 1.59
4.25 95.09 23.81 1.56
6.9 95.5 24.74 2.62
50.86 95.91 23.54 2.15
0.26 96.03 24.08 1.71
38.13 95.96 22.26 1.75
15.14 95.83 22.43 1.64
238.49 95.89 20.51 1.76
93.32 96.03 21.11 1.71
26.7 96.19 21.98 1.54
23.51 96.24 22.55 1.58
6.35 95.91 22.75 1.89
0.57 95.61 25.4 1.99
75.78 96.04 23.19 2.46
209.75 95.93 20.04 2.18
0.06 95.94 21.19 2.89
0 96.06 19.18 3.6
0 96.42 20.01 2.23
17.95 96.19 17.2 3.32
7.86 96.54 16.87 2.68
0 96.73 15.5 2.51
0 96.4 17.67 1.95
0.94 96.4 18.1 1.72
6.31 96.24 19.76 1.86
10.94 96.32 19.48 1.97
4.71 96.24 20.5 2.85
1.97 96.07 21.44 3.15
0.03 95.88 21.37 3.37
0 95.81 19.75 1.75
0 95.62 21.49 2.45
0.35 96.12 19.73 2.69
5.05 96.24 19.12 1.97
72.3 96.12 17.86 2.12
0.06 96.3 17.26 2.1
0 96.72 16.05 2.25
0 96.99 16.89 1.71
1.98 96.93 19.15 2.3
5.17 96.78 19.74 2.18
1.33 96.31 19.69 2.69
0.02 96.13 17.63 2.11
0 95.56 19.58 2.71
0.16 95.99 16.99 2.87
0 96.43 16.16 2.13
0.52 95.82 19.37 3.11
58.87 95.79 17.48 3.34
0 96.03 18.46 4.01
0.1 96.24 19.34 2.74
14.4 96.28 16.9 2.4
27.97 96.52 13.76 2.19
0.12 96.53 10.75 2.33
0 96.39 10.23 3.16
0 96.23 10.92 1.89
0 96.4 13.96 3.14
0.06 96.49 16.83 3.87
0 97.28 9.79 2.45
0 97.64 8.44 1.92
0 97.46 9.83 2.49
0 96.77 14.05 3.55
0 96.53 15.47 3.74
0 96.77 14.6 1.97
25.43 97.08 12.83 1.48
187.96 97.66 9.29 3.15
17.32 97.71 6.25 3.37
0.53 97.54 5.33 2.78
0.97 97.19 5.21 2.17
0 97.04 7.31 2.96
0.01 97.66 5.63 1.39
34.66 97.72 6.58 1.83
0.12 98.04 5.77 1.5
0 97.81 6.68 1.7
2.4 97.17 9.21 2.06
0.04 96.93 9.61 1.24
0 96.65 11.5 2.71
0.01 97.32 8.41 2.36
3.41 97.44 4.69 2.07
0.06 97.43 5.45 2.07
0 97.26 6.81 2.12
0 97.29 8.73 1.5
0 96.71 10.86 1.74
0.02 96.57 10.92 1.85
0 97.34 8.2 4.06
0 97.94 2.56 3.31
0 97.42 5.28 2.35
0 96.55 8.67 3.41
