0.77 95.51 -16.04 1.36
0.02 96.19 -16.96 1.55
22.49 96.04 -18.93 1.49
6.89 96.27 -18.23 3.04
0 96.58 -19.81 1.99
0.01 96.78 -20.07 1.93
0.09 96.87 -17.76 1.32
20.37 96.25 -16.51 0.99
6.97 96.43 -16.24 1.22
0 96.71 -16.09 1.31
0 96.69 -15.95 2.67
0 96.12 -18.54 2.88
0 96.15 -16.12 3.1
1.91 95.95 -15.62 1.17
0 97.04 -15.25 1.32
0 96.6 -13.8 1.08
0 96.27 -10.93 1.03
0.01 96.18 -6.78 1.16
0 95.66 0.65 3.02
0.08 96.88 -9.27 4.49
0 96.81 -12.83 2.6
0 96.52 -11.24 4.18
0 96 -8.11 3.32
0 95.41 -8.15 4.09
0 96.41 -9.3 3.28
0 102.04 -4.82 2.87
1.91 95.29 -3.63 2.25
0.01 95.94 -10.58 3.84
0 95.52 -5.31 4.42
0 95.56 -5.2 1.68
0 96.14 -8.5 1.51
0.58 96.31 -10.88 1.84
0 96.33 -14.2 2.23
0 96.27 -13.02 2.3
0 96.23 -13.47 2.09
0 96.57 -13.58 1.37
0.02 96.47 -11.34 2.06
3.71 95.53 -3.48 2.66
0 95.6 -4.53 1.56
0 96.22 -6.91 2.36
0 96.82 -10.1 2.82
0 97.23 -11.85 3.2
0 96.97 -11.78 1.87
0.04 96.33 -10.06 2.16
0 96.75 -10.33 2.34
0 96.92 -12.36 1.7
0 96.47 -10.45 1.52
0.01 96.04 -8.6 2.96
0 95.85 -8.38 2.52
0 95.3 -4.01 1.89
0 95.16 -6.6 1.64
0 95.29 -5.66 1.83
0 95.34 -4.21 2.46
0 94.29 1.53 1.97
3.8 94.63 -2.22 1.7
0 95.71 -5.9 2.22
0.27 95.89 -4.84 1.73
3.57 95.55 -5.75 2.01
1.49 96.18 -7.47 2.21
0.14 95.87 -7.44 2.02
0.43 95.61 -2.92 3.36
0 95.7 -2.15 2.69
46.44 95.26 -1.8 2.67
2.79 96.38 -9.4 3.4
0 97.07 -11.54 1.74
0.01 97.33 -11.8 1.64
3.46 97.63 -9.89 2.45
0.01 96.86 -9.49 2.55
0 95.5 -4.4 2.37
0.23 94.42 2.26 3.13
0.63 95.56 -4.31 4.21
0 96.19 -2.89 1.85
47.01 95.59 -0.35 1.96
1.16 95.59 -2.58 5.25
0.02 96.03 -4.51 2.53
0 96.43 -5.17 2.21
0 95.45 -2.92 2.67
0.36 94.05 4.02 2.52
41.63 94.7 -0.76 3.43
0 95.07 0.31 2.73
0.06 95.04 4.22 3.72
0 95.73 2.63 2.53
0 96.26 -0.28 2.53
0.04 96.26 -3.19 3.26
1.01 95.77 -2.48 1.8
3.29 96.36 -2.03 1.7
0 96.25 3.23 1.53
0.08 96.02 5.96 1.85
4.94 95.44 8.81 3.88
2.41 95.17 7.64 4.38
0 95.62 2.16 5.09
0 95.67 0.07 3.96
0 95.32 4.44 3.78
0 95.01 9.09 3.61
5.65 95.65 2.92 2.28
0.01 96.29 2.01 2.13
0 95.73 7.04 3.3
0.3 94.54 12.51 5.21
28.92 95.31 2.7 2.62
0 95.62 3.58 2.86
1.58 95.55 2.3 1.96
48.86 95.39 0.75 3.13
0.02 96.17 -0.82 4.79
0 96.29 2.22 2.45
0.47 95.62 4.59 2.55
8.38 95.86 3.19 1.8
0 95.85 5.16 2.59
25.06 95.14 10.93 2.59
37.9 95.61 8.49 1.66
0.22 95.98 8.29 1.95
0.15 96.21 9.84 1.97
0.82 95.97 9.29 2.05
0.12 95.88 8.38 1.85
0 95.47 12.69 3.05
3.36 95.23 13.26 4.07
33.16 95.09 4.76 3.24
9.07 94.68 2.88 3.35
0.1 94.82 5.3 5.67
1.83 94.97 7.29 4.62
7.29 95.21 11.84 2.36
0 94.65 17.28 1.96
0 94.4 18.84 3.81
0.43 94.91 16.77 2.13
3.81 94.42 120.43 2.43
217.52 94.06 10.41 2.57
6.1 94.55 13.46 3.95
41.84 94.57 11.79 1.6
6.55 94.8 15.07 2.39
51.29 94.62 11.38 3.32
12.08 94.52 9.51 2.13
1.89 95.54 9.99 2.27
0 95.79 13.2 1.59
0 95.73 16.15 1.49
3.44 95.34 17.37 3.37
6.93 95.21 20.31 2.5
1.28 95.4 19.46 2.36
23.65 94.94 16.89 2.52
183.85 94.09 12.4 2.47
0.34 93.8 18.38 4.38
0 94.62 21.72 2.43
0 94.77 24.15 2.46
0.37 94.75 22.44 1.95
1.11 94.41 21.45 2.38
10.87 94.63 17.53 3.63
0.57 95.23 21.29 3.01
0.15 95.64 22.04 2.14
6.25 95.59 19.21 1.78
84.55 95.01 15.65 2.25
60.43 94.62 16.71 1.94
76.3 95.06 15.34 1.73
8.11 95.65 16.7 1.22
3.42 95.57 18.12 1.48
0.65 95.69 19.25 1.5
0 95.73 21.17 1.76
0.01 95.53 22.3 2.07
0 95.23 23.38 2.17
0 95.23 23.62 2.31
0 95.34 24.36 3.22
0 95.46 24.42 3.13
0 95.54 24.65 2.04
2 95.42 21.58 2.14
0.06 95.16 21.34 3.17
0.54 94.82 23.23 1.91
23.24 94.57 23.31 2.76
59.18 94.45 22.29 2.7
0.61 94.34 23.8 2.35
15.97 94.45 23.8 1.69
93.11 94.51 21.01 1.91
28.44 94.6 20.49 1.74
1.17 94.69 22.76 1.19
0.08 95.07 23.16 2.54
0.02 94.66 23.6 1.66
6.73 94.99 20.52 2.17
0 95.09 23.2 1.53
0 94.96 25.55 1.93
0 94.94 26.44 2.56
0 94.87 25.86 1.72
17.09 94.7 21.99 1.55
44.91 94.61 22.54 1.45
0.26 94.66 24.09 1.43
0.09 94.45 25.57 1.32
94.01 94.38 22.26 2.14
2.33 94.39 25.02 1.45
0.05 94.4 27.78 1.65
5.84 94.37 27.19 1.77
0 94.37 26.81 2.74
0.03 94.51 25.32 2.49
10.16 94.8 21.62 1.74
2.83 94.99 22.72 1.96
1.29 94.95 22.43 2.26
57 94.74 21.52 1.62
110.29 94.74 20.91 1.42
299.91 95 20.26 1.32
5.39 95.26 22.54 1.06
0 95.2 24.15 2.1
82.01 94.77 22.66 2.33
6.07 94.54 24.9 2.78
1.83 94.77 26.03 2.29
2.82 94.73 27.16 2.31
13.77 94.83 25.91 2.36
180.4 94.74 23.53 1.78
1.51 94.97 24.64 1.47
1.77 95.08 25.97 1.57
10.44 95.11 26.83 1.36
3.18 95.24 27.51 1.61
0.77 95.1 27.96 2.09
9.31 95.01 27.19 2.38
33.15 94.65 26.81 2.3
274.9 94.25 26.22 2.5
8.97 94.25 22.58 1.33
39.53 94.23 25.62 1.2
198.53 94.55 22.1 1.42
0 95.16 21.49 1.9
0.02 95.06 22.82 1.41
8.42 94.34 24.71 2.78
58.91 94.56 23.13 1.71
104.28 94.95 22.18 2.75
0 95.71 20.56 1.55
23.15 95.32 20.56 1.47
95.5 94.62 22.45 2.02
27.97 94.69 22.85 2.06
0 94.91 21.96 1.87
0 94.64 24.72 2.3
32.77 94.36 24.91 1.87
1.72 94.25 26.29 2.09
24.64 94.15 24.4 3.09
0 94.66 22.4 2.73
0 95.02 22.51 1.67
11.01 95.03 23.12 2.05
8.55 95.2 23.29 2.19
135.78 95.36 22.57 1.82
1.2 95.65 22.97 1.69
178.88 95.54 18.8 1.58
76.14 95.51 18.97 1.38
0.71 95.51 20.17 1.32
0 95.44 22.31 1.64
0.09 95.65 21.82 1.67
1.46 95.84 21.76 1.56
0 95.56 21.11 1.62
1.46 95.36 20.01 1.47
26.97 94.98 20.73 1.51
7.37 95.09 20.8 1.16
1.04 95.14 22.04 1.73
16.78 95.64 20.24 1.57
6.46 95.77 21.09 1.23
0.02 95.66 20 1.15
0 95.38 19.88 1.64
0 95.17 22.46 1.59
1.52 95.35 23.49 1.7
0 95.9 18.59 1.66
0 95.73 17.58 1.38
1.8 95.29 18.22 1.3
7.28 94.95 19.17 1.37
0.21 95.19 19.61 1.44
0 95.33 20.81 1.07
3.15 95.39 22.25 1.3
0 95.49 22.66 1.7
4.85 95.29 21.38 2.11
113.23 95.65 15.21 2.03
286.08 95.76 9.3 1.83
176.37 95.63 12.39 1.36
0 95.36 16.07 1.41
49.94 95.59 14.72 1.91
204.37 96.22 9.69 2.37
0 96.12 10.11 2.22
0 95.91 12.55 1.4
1.04 95.65 14.7 1.35
7.3 95.4 15.44 2.47
0.26 95.59 13.12 2.43
0 95.54 11.2 4.45
0 96.37 9.36 2.48
0 95.97 10.15 1.42
0.02 95.67 14.91 1.76
1.04 95.98 13.02 1.4
319.36 95.7 7.93 2.31
80.46 95.65 7.74 2.55
0 95.78 9.4 1.63
0 95.4 13.16 1.25
0 95.29 16.67 2.27
0 95.44 17.81 2.46
0 95.39 17.47 2.25
0 94.94 17 3.05
24.15 95.49 11.47 1.89
144.05 95.93 5.62 2.16
0 96.05 8.25 1.44
0 95.61 9.82 1.62
0 95.8 8.87 2.98
0 95.32 8.06 2.73
0 96.1 3.28 2.64
0 96.7 1.25 1
20.33 96.63 0.14 1.34
59.23 96.67 1.06 1.12
0 96.54 2.17 1.15
0 96 4.52 1.38
0 95.71 9.05 1.4
7.65 95.88 9.19 1.97
4.88 96.41 3.82 3.18
0 96.78 0.11 3.19
0 97.45 -1.17 2.18
0 96.63 0.86 1.47
0 96.5 4.51 1.97
0 96.49 5.67 1.27
0 96.55 5.87 1.35
0 96.37 6.15 1.87
0 96.88 2.52 3.29
0 96.44 1.66 1.84
0 96 5.46 1.58
0 96.1 4.68 1.25
0 95.79 6.82 1.68
0 95.48 7.46 1.38
5.78 95.63 3.68 2.27
0.29 96.15 0.41 3.29
0 95.83 -1 1.4
0 95.4 0.57 1.31
27.65 94.85 1.19 3.76
1.4 95.31 -0.45 1.88
0.92 96.31 -0.95 3.93
0 97.28 -4.51 2.65
0.04 96.63 -2.95 2.28
0 95.96 0.41 1.46
0 95.89 1.3 1.83
0 95.58 4.92 2.9
0 95.1 3.52 2.2
0 94.87 5.67 1.78
0.27 95.02 2.32 4
0 95.78 -2.32 1.93
0 95.64 -1.86 1.83
0.01 95.87 -1.72 3.98
0 96.15 -5.98 2.55
0.33 95.32 -5.63 2.37
0 95.67 -6.7 6.08
0.21 95.83 -7.36 1.41
0.15 95.71 -6.41 1.33
0 95.36 -2.78 1.94
0.03 94.94 -2.87 1.83
0.05 95.52 -7.04 3.5
0 95.64 -5.66 2.11
0 94.62 2.73 2.3
0 95.96 -2.57 2.92
0 96.54 -5.5 3.16
0 95.26 -4.93 2.35
0 95.23 -6.41 1.49
0 94.72 -4.75 1.73
2.04 94.58 -8.09 3.77
0 95.6 -11.78 1.79
0.99 95.94 -13.46 1.98
0.08 96.68 -14.94 2.91
0 96.6 -15.93 3.42
0 96.3 -15.14 3.24
0 95 -8.62 3.41
0 94.85 -6.38 1.51
0 94.89 -4.15 1.78
0 95.15 -2.76 2.41
0 95.4 -0.96 1.87
0 95.13 -6.65 1.4
0.2 95.7 -10.02 2.8
0 96.97 -16.28 3.08
0 96.95 -15.65 3.27
0 96.05 -14.57 3.15
0 94.95 -11.92 2.7
0 94.62 -8.86 2.16
0 95.27 -11.6 3.13
3.63 95.51 -12.19 1.91
0.03 95.69 -12.56 4.44
0.17 96.2 -11.12 4.86
0 96.42 -11.29 3.24
0 96.57 -12.26 2.61
0 96.18 -12.61 0.94
0.01 95.79 -12.58 1.48
0.03 95.95 -11.43 4.64
0 96.56 -10.21 3.95
0.01 95.9 -8.17 1.75
0.2 95.75 -9.28 3.59
0 96.32 -13.29 3.89
0 95.59 -11.12 2.77
0 95.12 -12.09 3.72
0 95.29 -12.5 1.93
0.01 95.28 -11.02 2.96
0.03 96.27 -14.81 3.15
0 96.7 -17.31 3.4
0 96.5 -15.08 2.37
0 96.33 -14.07 2.4
0 96.06 -14.47 2.87
0 96.03 -14.29 3.4
0 95.94 -12.54 2.07
0 95.76 -12.62 1.54
0 95.76 -13.03 3.1
0.04 96.02 -14.4 3.45
0.01 96.18 -14.12 1.72
0.07 96.35 -14.45 2.21
0 96.77 -14.83 1.64
0 97.06 -13.83 2.79
0.02 96.6 -13.8 3.11
0 96.32 -14.52 3.6
0 96.1 -10.96 3.55
0 95.71 -4.12 2.6
0 95.4 -4.81 1.77
0 95.33 -7.46 1.48
0 95.2 -6.12 2.1
0 95.44 -5.49 2.24
0.03 94.65 -3.64 4.51
0.02 95.19 -3.02 2.6
0 94.89 -6.21 2.04
0.56 95.01 -6.99 3.19
0.15 95.83 -10.12 1.91
1.22 95.82 -9.53 1.13
2.17 96.07 -12.82 3.82
0 96.21 -12.22 2.13
0.17 96.11 -11.36 1.87
0.12 96.08 -11.67 1.51
0 95.38 -4.13 2.89
0.75 95.33 -5.08 1.77
2.82 95.76 -4.54 2.58
0 95.75 -4.13 1.87
0 95.62 -0.46 1.76
0 95.92 -0.65 1.59
0 95.54 1.28 2.05
0 95.07 2.21 3.42
4.36 94.85 1.11 2.06
0.2 95.57 -3.5 2.79
0 96.22 -4.51 1.67
7.76 95.63 -1.97 4.06
0.74 96.38 -8.59 3.63
0.05 95.91 -7.51 3.14
0 95.6 -6.42 3.26
0 95.6 -6.42 2.22
0 95.72 -4.15 3.04
0 95.38 -0.84 1.94
0.11 94.87 1.86 2.55
0 95.67 -1.32 3.47
0 95.41 -1.15 4.31
0 95.46 -3.39 4.36
0 95.81 -1.61 3.72
0 95.54 0.12 3.63
0 94.94 2.46 2.85
0 94.22 7.2 2.15
0.02 94.93 2.9 4.21
0 96.08 -1.74 3.94
0 95.78 -4.6 4.35
0 95.55 -3.01 3.09
0 94.96 3.38 3.03
0 94.61 5.02 4.79
0 95.03 2.28 3.74
0 95.19 0.04 2.32
2.77 95.8 -3.09 4.2
0 95.9 -2.42 3.1
0 95.62 -1.67 2.46
0 95.77 -1.91 4.5
0 99.51 -0.18 2.58
0 99.47 1.23 2.82
0 99.3 3.27 2.91
0 99.57 3.07 1.96
0 99.24 7.38 3
0 98.93 8.33 2.08
0 98.51 10.63 4.02
0 99.78 2.73 4.09
0 99.73 2.77 2.4
0 99.28 6.05 2.53
0 99.19 7.91 1.37
0 95.45 10.06 2.57
0.06 94.73 10.63 5.23
1.15 95.07 8.27 4.67
0 95.08 8.28 3.8
0 94.89 9.22 3.44
1.82 95.57 5.75 3.41
0 95.27 9.41 3.33
0 94.66 14.68 3.4
0 94.74 13.93 1.67
0.05 94.01 16.2 3.19
0 94.84 10.97 5.17
0 94.6 12.3 4.12
2.14 94.58 8.77 6.7
0.52 95.23 7.28 5.03
0 95.08 9.88 2.18
0 94.51 13.84 3.86
57.1 95.24 7.68 2.27
3.18 95.12 6.75 2.03
14.41 94.86 5.56 2.97
5.78 94.44 6.62 3.66
0.13 94.02 8.88 1.85
9.4 94.03 9.55 2.77
1.53 94.71 7.8 2.89
0 94.22 9.98 1.53
40.86 93.61 8.92 1.67
5.67 93.56 9.62 2.2
0.99 94.46 13.86 3.5
0.21 94.71 11.86 4.06
0 95.04 13 2.75
2.28 94.61 12.83 2.77
130.5 93.83 9.64 2.96
0.13 93.86 11.29 3.63
0.01 94.38 13.66 2.96
1.89 94.4 14.88 3.65
19.1 94.17 16.81 2.9
0 94.43 18.33 2.36
0.15 94.12 16.63 4.69
0.66 94.05 13.12 5.77
0 94.24 15.53 6.33
0 94.34 16.7 4.38
0 94.89 13.64 3.29
0 94.86 14.44 2.2
0.01 93.77 17.74 2.43
17.53 93.55 18.84 3.55
12.37 94.7 13.92 2.95
2.81 94.82 12.24 3.17
0.46 94.7 13.17 4.21
0 94.55 17.95 3.26
0 94.67 19.01 2.86
0 94.81 21.26 3.18
4.35 94.74 20.55 4.07
10.22 94.68 18.88 4.88
0.03 94.5 20.07 2.79
0.52 94.34 23.42 4.74
9.44 94.4 22.54 2.72
36.34 93.99 19.02 3.24
7.78 93.91 17.52 2.97
0.04 94.36 19.79 2.9
6.93 94.09 20.55 5.24
4.58 94.18 19.27 3.72
0.3 94.44 19.86 1.87
1.11 94.32 23.12 1.93
16.93 93.7 24.27 2.96
14.41 93.42 21.97 2.59
19.81 93.66 21.69 2.14
0 94.07 22.8 2.52
48.66 94.03 20.69 1.99
174.63 94.18 16.18 2.5
6.17 94.37 19.65 1.96
8.43 94.4 21.56 1.42
70.39 94.19 20.62 2.06
59.27 94.18 18.78 2.01
111.35 94.39 17.5 1.82
0.87 94.54 20.43 1.77
0 94.47 23.55 1.31
0 94.32 25.69 1.9
0.04 94.04 27.07 2.74
0 93.97 27.13 2.74
10.52 93.73 22.46 2.21
64.27 93.99 16.57 2.5
1.27 94.67 19.52 2.62
0 95.02 20.96 1.57
5.63 94.43 22.17 3.03
9.48 93.74 22.91 2.53
14.97 93.93 24.65 2.62
0.03 94.08 24.68 2.99
35.87 93.99 23.7 2.49
43.37 94.07 22.37 1.42
0.25 93.96 23.69 2.22
0 94.08 24.06 2.46
0 94.21 25.57 2.53
49.39 93.74 22.57 2.32
0.64 93.45 25.04 3.25
99.58 93.52 18.36 1.82
18.45 93.58 19.01 2.63
9.33 94.25 21.4 1.8
18.21 94.41 23.21 2.25
9.15 94.48 24.04 2.04
7.87 94.5 23.71 2.28
1.4 94.3 24.2 1.36
42.86 94.42 22.14 1.82
12.88 94.39 22.55 1.58
44.58 94.25 21.94 1.66
15.32 94.32 21.32 1.41
53.73 94.37 22.02 1.4
323.13 94.23 20.58 1.99
66.26 94.15 21.16 1.39
73.37 94.08 22.05 1.89
18.74 94.05 23.2 1.94
0.25 94.12 25.38 1.45
31.03 94.1 25.79 2.08
431.03 93.9 22.39 2.17
70.49 93.85 22.76 2.37
11.21 94.05 23.18 1.97
0.66 94.27 24.81 1.43
86.68 94.45 21.74 1.63
97.76 94.09 21.21 1.57
0.02 94.16 23.59 1.72
0.28 94.29 24.48 2.01
0.79 94.64 23.36 1.92
0.05 94.25 23.76 2.03
0 94.21 24.12 1.71
0.03 94.42 24.29 1.58
6.56 94.4 23.53 1.36
8.59 94.43 23.87 1.62
11.91 94.07 23.9 1.63
9.1 94.19 25.44 1.92
0 94.59 24.8 1.25
0 94.42 25.95 1.19
0 94.15 26.06 1.75
14.02 93.9 25.63 1.71
96.78 94.26 21.43 1.87
270.48 94.31 18.65 1.81
16.91 94.33 21.46 1.44
13.86 94.5 20.98 1.29
0.12 94.76 21.61 1.59
0.14 94.9 22.21 1.24
0 94.89 23.29 1.32
0.76 94.77 23.37 1.46
19.17 94.99 21.3 1.63
0 94.98 20.76 1.35
36.59 94.96 20.16 1.37
5.13 95.18 20.15 1.5
0.77 95.27 21.27 1.3
14.27 95.06 19.62 1.85
7.93 94.73 20.94 1.3
0.88 94.64 22.19 1.43
0 94.58 23.26 1.36
17.9 94.33 22.62 2.78
1.39 94.85 19.3 1.79
0 94.65 20.08 1.5
4.63 95.17 18.37 2.33
0.32 95.1 18.89 1.52
0 95.16 18.23 1.4
0 94.7 19.49 1.31
13.34 94.34 18.71 2.9
3.52 94.98 13.91 1.8
0.16 95.55 13.55 1.78
3.84 95.79 13.68 1.89
8.85 95.26 16.75 2.02
0.32 95 17.45 2.01
0.07 94.6 19.74 3.08
11.59 94.64 17.56 2.02
12.09 94.88 14.58 1.49
44.46 95.22 12.89 2.14
0 95.62 9.67 2.34
0 96.05 9.85 2.23
0 95.87 10.63 1.39
0 95.53 12.04 1.62
0 95.13 13.49 1.52
0 95.22 14.59 2.28
0 95.11 14.98 1.92
0 94.86 17.59 2.72
0.06 95.14 18.06 1.82
0.13 95.3 18.89 2.94
0.03 95.12 18.21 2.15
7.75 94.95 15.48 1.88
0.15 95.4 9.05 3.03
0 95.91 6.9 2.49
0 95.96 7.38 2.83
0 96.42 8.17 3.24
0 96.07 9.44 1.53
0 95.39 11.24 2.22
0 94.82 12.45 3.01
0 95.41 10.14 1.86
0 95.39 10.7 1.31
0 95.15 14.26 2.12
0.09 95.56 13.87 2.72
0 96.08 9.64 1.24
0 95.8 12.11 1.53
0 95.22 14.34 1.39
63.28 94.66 10.7 1.63
4.2 94.59 9.41 2.18
1.03 94.22 8.53 2.69
0.96 94.72 8.96 4.04
0 95.71 5.43 1.98
0 95.77 8.62 1.4
0 95.55 10.94 2.02
0.01 95.4 14.23 3.13
0 95.35 13.59 1.86
0.29 95.23 11.7 1.46
35.25 95.78 4.92 3.39
0.01 96.13 2.5 3.22
0 96.14 4.31 1.78
0 95.7 5.9 1.48
0.91 95.55 7.36 2.46
0 95.83 6.59 1.57
0 95.48 7.15 1.5
0 95.3 9.05 2.99
0 95.5 10.36 3.82
3.42 95.69 11.25 2.63
0.1 96.28 5.28 1.53
0.86 95.96 7.96 1.54
2.62 95.72 9.95 2.95
0.22 96.41 3.05 2.77
0.05 96.27 1.51 1.17
0 96.2 3.37 1.39
0 96.16 3.55 1.49
0 95.96 2.22 1.17
0 95.32 2.53 1.17
0 94.74 4.34 2.03
0 95.01 5.53 3.18
0.03 95.8 -1.46 2.59
0 95.9 -4.15 1.73
0 95.94 -3.28 1.44
0 96.15 -0.85 1.7
39.16 95.52 0.73 0.84
5.43 95.3 -0.56 2.63
1.29 95.53 -4.93 3.44
0 96.01 -6.32 2.31
0 96 -4.05 1.86
12.65 95.61 -5.26 2.67
0.22 96.22 -7.5 2.8
0 95.94 -8.21 0.94
0.08 95.92 -6.34 1.44
0.38 95.26 0.22 2.06
0 95.35 -0.81 1.34
0 96.17 -3.37 2.17
0 96.71 -7.9 1.58
0 96.99 -7.93 1.98
0.09 96.25 -7.52 0.93
0.03 95.55 -5.2 1.05
0 95.75 -6.22 1.3
0 96.09 -8.02 0.9
1.13 96.31 -8.44 0.87
1.18 96.27 -5.77 0.84
0.95 96.54 -7.57 2.46
0.03 96.86 -11.68 3.59
0 96.48 -11.19 2.88
0.01 95.65 -6.71 4.64
0 95.7 -3.59 2.7
0 96.15 -6.6 1.67
0.01 95.45 -3.89 2.7
0 96.17 -9.13 4.31
0 96.39 -12.85 3.13
0 96.5 -12.12 3.63
0 96.25 -10.45 2.04
0 96.31 -10.27 2.06
0 96.2 -10.92 1.07
0 95.87 -10.11 1.92
0 95.83 -9.36 4.01
0 96.07 -11.35 2.59
0 95.6 -9.44 3.15
0 95.77 -12.37 1.92
0 96.27 -11.9 1.73
0 96.52 -10.59 1.89
0 96.05 -7.24 2.07
0 96.42 -10.49 1.59
0 96.75 -14.32 1.11
0.13 96.2 -12.42 0.83
0.01 95.99 -9.84 1.66
0.15 96.39 -11.1 1.89
0.48 95.81 -11.54 2.51
0.13 95.98 -12.44 4
0 96.2 -11.85 2.54
0 95.99 -11.06 1.66
0 96.79 -14.02 1.28
0.16 96.69 -14.51 0.9
0 96.27 -11.9 1.38
0 96.23 -12.98 1.01
0.09 96.28 -12.19 3.09
0 96.39 -12.37 2.8
0 95.52 -7.07 3.01
0 95.77 -8.65 2.26
0 95.68 -8.79 2.21
0 95.42 -10.16 0.88
0.06 95.24 -8.39 1.29
0.14 95.45 -11.28 1.05
0 95.61 -10.36 1.23
0 96.05 -10.99 1.2
0.01 96.71 -13.71 3.16
0 96.59 -17.43 3.23
0 96.25 -17.49 2.54
0 95.73 -16.7 2.1
0 95.58 -15.95 2.77
0 95.19 -13.76 2.98
0 95.29 -13.14 1.67
0 95.81 -14.35 1.52
0 96.05 -14.38 1.72
0 96.43 -15.14 1.63
0.06 96.06 -16.65 1.35
0.36 95.58 -15.87 3.84
0 96.38 -17.26 4.12
0 96.37 -15.65 2.85
0 95.4 -12.94 2.95
0 95.48 -9.93 2.41
0.19 94.92 -6.4 2.37
0.03 95.54 -12.78 4.89
0 95.77 -15.69 4.71
0 95.35 -12.52 4.89
0 95.51 -10.42 3.02
0 95.85 -10.66 2.89
0 95.89 -10.6 1.65
0 95.6 -8.56 2.71
0.04 95.31 -4.02 2.24
0.12 95.87 -8.45 2.96
0 95.83 -10.12 2.8
0.04 95.9 -11.36 3.18
0 96.04 -12.82 4.49
0 95.94 -10.09 3.3
0 95.34 -5.74 2.74
0 95.45 -8.07 2.18
0 95.21 -9.32 1.22
16.25 94.83 -7.76 2.23
0 95.78 -7.27 2.48
5.68 95.63 -6.43 2.13
0.02 96.1 -8.58 3.24
0 96.03 -8.02 2.57
0 95.51 -5.92 1.53
0 95.13 -1.78 2.58
0 95.27 -0.08 2.17
13.39 95.83 -3.83 1.27
0.5 96.04 -7.2 1.81
0.3 95.98 -6.05 1.5
0.06 95.35 -1.67 1.97
30.99 94.64 -3.51 1.62
26.67 94.71 -3.9 2.56
0.04 95.35 -4.24 3.65
0 96.08 -8.12 3.73
0 95.78 -8.26 1.88
0.28 95.66 -7.62 4.31
0 96.15 -7.7 3.77
0 95.81 -5.69 1.78
0 95.16 -1.62 2.97
0 95.7 -0.66 2.05
0 95.34 2.83 3.17
4.36 94.41 5.68 4.27
7.84 95.08 -2.59 3.64
13.61 95.94 -7.55 2.14
0 95.69 -2.26 2.2
0 95.63 0.05 2.04
0 95.01 4.45 3.41
0 95.56 2.46 1.77
5.23 94.68 1.74 4.5
0 95.11 -0.1 5.66
0 95.56 0.68 3.31
0 95.24 5.1 2.32
0 95.45 8.41 3.28
0 95.63 9.59 3.32
0.28 94.63 10.13 7.41
0.6 95.27 1.41 4.83
0.43 95.26 -0.35 4.46
0 95.24 0.18 2.06
3.91 95.12 1.7 2.86
0 94.78 4.31 4.3
0 94.58 4.91 4.93
0 94.86 3.89 4.76
0.1 95.22 4.09 2.45
0 94.75 10.08 3.62
0 94.87 10.71 4.7
0 94.76 13.09 3.29
6.54 94.49 13.83 5.48
4.88 94.86 7.87 4.34
0 94.3 12.25 3.2
0 94.16 14.14 3.05
0 94.14 15.6 3.15
3.25 94.77 9.55 3.74
0 95.08 9.06 2.5
0 94.17 16.17 4.2
0 94.21 18.36 4.06
2.31 94.6 14.82 4.2
31.25 95.1 13.29 3.41
1.83 94.54 12.63 2.4
0.24 93.89 14.36 1.87
0.35 93.86 17.86 3.8
192.57 94.34 12.63 2.92
75.17 94.29 9.57 4.48
0 93.71 11.19 3.28
0.11 93.42 11.8 6.99
0 94.63 9.92 3.01
0 94.63 12.99 2.59
0.3 94.36 17.79 3.62
0.5 94.93 16.79 2.48
13.78 94.44 17.74 2.23
0 94.49 20.81 2.01
1.03 94.63 20.35 2.49
0 94.7 18.12 3.13
0 94.33 17.81 2.23
2.72 94.33 16.55 1.8
0 94.55 18.25 2.04
0.06 94.81 20.04 2.4
3.19 95.01 20.07 2.67
83.02 95.02 14.59 1.79
20.82 94.55 13.73 2.78
18.77 94.32 11.33 2.72
4.14 94.28 12.36 4.06
0.01 94.02 12.38 3.22
6 93.77 12.7 5.01
0.04 94.23 16.08 1.59
0 94.14 22.21 3.76
11.76 94.69 20.16 2.9
6.76 95.03 18.44 1.88
0.12 94.9 20.31 3.76
1.72 94.61 19.83 3.93
4.07 94.74 17.38 2.95
0 94.72 17.24 2.98
0 94.53 18.26 2.5
0 94.17 20.22 2.52
0 94.61 20.72 2.39
0 94.74 23.06 2.46
12.32 94.76 20.83 2.62
57.09 95.18 14.98 2.67
0.2 95.26 17 1.66
13.53 94.83 16.95 2.92
11.57 94.58 16.81 3.06
86.28 94.34 15.71 2.2
14.37 94.05 19.05 3.56
1.11 94.24 20.88 2.01
5.91 93.83 20.07 2.42
12.22 93.69 22.16 2.1
25.38 93.69 22.41 2.33
61.64 93.55 21.44 3.31
12.77 93.69 17.56 3
2.32 93.4 16.85 3.11
15.69 93.49 16.91 2.6
198.63 94.1 14.06 2.09
314.3 94.32 14.4 1.96
184.26 94.34 15.63 2.71
5.47 94.21 19.26 1.63
4.59 94.09 22.26 1.69
7.72 94.27 21.79 1.78
35.6 94.02 21.53 1.55
21.1 94.06 21.75 1.6
3.3 94.22 21.79 1.35
38.05 94.19 21.17 1.58
0.71 93.95 22.41 2.09
59.17 93.98 22.09 2.29
37.47 94.34 20.92 2.32
10.22 94.7 22.71 2.05
1.51 94.87 22.99 1.72
2.46 94.61 20.73 1.96
63.07 94.18 21.11 2.03
0 94.03 23.75 2.08
2.18 93.66 24.68 3.93
3.65 93.68 23.04 3.57
0.8 93.64 22.92 2.66
0.05 94.01 23.54 1.64
1.55 94.15 23.28 1.57
0.87 94.04 23.71 1.52
19.13 94.01 24.18 1.75
28.03 94.01 25.19 2.08
29.82 94.05 24.91 1.92
161.07 93.65 21.46 1.81
37.01 93.43 19.74 2.59
69.68 93.82 19.31 3.04
9.65 94.33 21.06 2.53
0 94.35 21.43 1.76
0 94.37 22.78 1.49
0 94.61 24.62 1.31
0 94.71 24.86 2.02
0.11 94.53 24.86 2.3
2.45 94.38 25.22 1.48
5.3 94.32 25.45 1.66
57.52 94.25 23.99 1.51
437.3 93.84 22.15 3.37
0 94.34 23.44 1.3
0 94.55 24.06 1.69
8.38 94.47 24.22 1.94
64.47 94.09 25.43 3.58
2.71 94.46 24.22 1.67
134.82 94.01 23.02 2.1
24.86 93.71 23.93 3.7
0.38 94.34 22.21 1.36
80.26 94.63 19.88 1.48
158.08 94.78 18.93 1.7
136.88 94.72 20 1.33
18.38 94.75 22.04 1.58
122.96 94.79 21.94 1.7
0 94.97 23.2 1.16
0 94.8 24.27 1.19
0 94.42 25.83 2.01
9.71 94.34 24.73 1.78
7.74 94.6 23.57 1.22
0 94.46 24.53 1.55
12.79 94.54 20.84 2.22
28.69 94.56 18.32 2.13
1.26 94.69 20.06 1.52
3.41 94.38 19.09 1.86
7.18 94.44 21.18 1.71
0 94.79 22.19 1.67
0.04 94.39 23.26 2.98
107.03 94.39 23.24 2.24
2.47 94.49 21.35 1.61
12.99 94.46 20.45 2.44
6.26 95.07 16.92 1.93
0.03 95.21 16.62 1.87
0 94.97 20.49 2.37
0 94.9 21.99 1.98
0.22 94.76 22.27 2.43
1.93 94.79 21.94 1.32
12.48 94.68 21.62 1.59
0.61 94.23 22.83 1.94
1.21 94.38 23.85 2.54
0 94.63 24.66 1.93
0 94.76 25.12 2.32
0.81 94.78 24.84 1.91
231.55 94.71 17.06 2.97
29.25 95.08 13.9 2.48
0.27 95.12 13.27 2.02
0.88 95.24 16.3 1.73
0 95.16 19.47 1.97
28.45 95.27 17.93 1.44
1.35 95.18 17.35 1.12
0 95.11 18.89 1.07
0 95.04 20.84 1.34
35.57 94.72 19.37 2.32
103.89 94.73 13.57 3.68
0.52 94.87 12.1 2.64
0 95.25 14.07 1.42
0.09 95.7 14.41 1.03
0 95.8 14.16 1.27
0 95.16 14.87 2.32
0 94.68 16.33 2.71
0.27 94.66 16.22 1.67
0 94.89 17.88 1.71
2.68 94.81 18.27 2.2
0.78 94.82 17.49 1.36
4.53 95.14 16.12 1.38
0.46 95.45 15.98 1.31
25.43 95.33 14.94 1.8
2.66 95.57 15.04 1.5
48.67 95.19 10.93 1.61
36.06 95.17 10.2 6.56
0.75 95.35 11.64 3.3
0 95.37 11.78 1.69
0 95.21 12.94 1.51
0.37 95.01 14.52 2.12
0.79 94.85 13.67 2.93
0 94.99 13.42 2.28
0 95.51 11.36 1.73
0 95.93 12.14 1.07
0 95.79 13.88 1.44
0 95.3 15.82 2.52
25.92 94.87 12.98 3.18
0 95.38 9.07 2.31
0.05 95 10.81 2.36
0 94.81 13.08 2.29
0.06 95.2 9.01 3.68
0 95.61 7.17 2.13
0.01 95.72 7.63 1.95
37.44 95.09 9.33 3.67
0 95.14 4.65 3.51
0 95.22 5.96 2.48
0 95.07 7.82 2.02
0 95.45 7.09 1.36
72.7 95.73 2.34 1.17
79.37 95.17 2.56 1.84
0 94.87 6.51 1.91
0 94.61 9.59 3.25
0 95.24 8.95 1.83
0 95.28 11.09 2.14
6.54 95.14 10.82 2.9
0 96.06 3.59 1.54
1.74 95.94 0.53 2.34
0.05 95.55 0.22 2.55
0.03 95.38 -0.02 2.18
0 95.35 2.33 1.47
0 95.54 1.34 1.95
13.43 95.58 1.17 1.54
190.76 95.19 0.08 103.23
56.47 95.46 -0.48 3.08
0 95.5 -2.7 0.88
0 95.18 -0.53 1.76
0 95.41 -0.16 1.22
0 95.83 -1.66 1.04
54.38 95.52 -1.74 0.8
119.18 94.23 -2.26 5.16
0.22 94.73 -3.98 3.28
0 94.79 -5.87 4.33
0 95.59 -4.56 2.6
0 95.86 -5.85 1
20.16 95.33 -2.51 1.2
0 95.25 -4.65 100.76
0.01 94.96 -4.48 3.1
0.01 95.53 -2.9 3.05
0 95.57 -4.39 1.49
0 95.23 -2.21 1.91
5.78 95.72 -5.11 2.12
0 95.65 -6.77 2.26
0 95.12 -5.33 2.04
0 95.06 -2.77 3.52
0 95.14 -7.12 2.8
0 94.23 -3.94 3.36
0.03 94.96 -6.11 4.3
0.02 95.52 -8.96 2.25
0 96.21 -12.64 2.35
0.14 95.88 -13.6 1.56
0.27 94.8 -4.97 3
1.72 94.97 -7.53 4.03
0 95.24 -10.53 1.98
0 95.27 -12.71 3.25
0 95.22 -14.39 2.72
0 95.38 -15.71 2.59
0.01 95.4 -16.87 3.8
0 95.52 -11.36 3.57
0.06 96.12 -13.09 1.38
0.04 96.28 -13.09 0.89
0.11 95.73 -11.2 1.81
0.03 95.74 -8.2 1.35
19.79 95.8 -9.95 1.09
0.62 95.6 -8.78 1.15
0.78 95.97 -11.4 1.25
0 96.32 -12.57 3.74
0 96.42 -14.81 2.08
0.01 95.87 -14.47 0.89
0.2 95.99 -12.05 91.57
4.44 95.97 -10.02 3.36
0.01 96.43 -15.53 2.8
0 96.25 -19.39 2.66
0 95.42 -17.86 4.46
0 96.54 -18.47 2.22
0 96.29 -18.21 1.16
0 95.69 -13.42 1.23
6.64 95.68 -14.12 0.89
17.38 95.74 -12.51 3.83
0 95.36 -15.11 3.44
0.03 94.83 -14.98 2.13
0 95.25 -17.61 3.7
0 96.38 -18.44 3.71
0 96.96 -15.9 2.37
0 96.01 -16.47 1.25
0 95.83 -14.22 1.63
0 95.72 -14.84 1.28
0 95.62 -14.66 1.41
0.03 96.04 -16.56 1.81
0 95.86 -15.08 2.15
0 95.71 -14.64 1.16
0.41 95.36 -12.72 0.82
0 95.44 -11.7 1.67
0 95.45 -13 0.85
0 95.88 -10.38 1.99
1.32 95.62 -12.87 1.53
0 96.33 -14.16 2.32
0 96.59 -11.7 2
0 95.62 -7.27 2.09
0 96.11 -9.54 1.07
12.45 96.12 -9.08 0.95
0.96 96.17 -9.12 1.58
0 95.94 -13.11 1.14
0.02 94.82 -7.77 2.7
0.03 95.39 -13.36 4.13
0 95.46 -15.1 1.47
0.22 95.78 -14.24 1.22
0.06 95.7 -11.17 1.64
0 95.26 -6.3 1.14
0 95.53 -7.11 1.14
0.05 95.46 -5.35 1.5
1.33 95.38 -5.64 1.72
0.77 95.96 -7.78 3.83
0 96.09 -10.38 2.5
2.01 95.09 -8.93 2.93
0 95.84 -9.35 2.84
0.02 95.4 -7.78 1.92
0.9 95.69 -14.69 3.91
0 96.53 -17.85 4.33
0 96.4 -16.39 1.47
0.28 95.53 -11.86 2.14
0 96.14 -12.78 2.1
0.1 96.18 -12.33 1.8
0 95.48 -7.35 83.76
0 95.25 -4.73 2.8
0 95.88 -8.96 2.44
0 95.83 -10.17 1.41
0 95.12 -6.57 2.34
0.03 95.1 -5.25 3.94
0 95.82 -10.85 3.71
0 95.96 -12.38 2.29
0.01 95.9 -11.5 1.8
0 95.78 -7.92 3.29
0 96 -7.06 2.95
0 95.93 -4.89 1.53
0 96.05 -6.46 1.77
5.38 95.88 -6.84 1.76
0.24 95.04 -0.2 3.02
0 94.96 0.72 2.61
0.21 94.45 -2.28 5.68
0 96.21 -7.88 5.27
0 96.24 -5.8 1.63
0 95.17 -0.4 3.28
0 95.49 1.56 2.18
0 94.89 5.35 2.99
0 94.82 3.63 1.73
0 94.23 5 2.17
0 94.11 0.51 2.31
0 94.24 -2.43 5.51
0 95.69 -1.13 1.93
0 94.98 4.33 3.69
22.48 94.89 0.1 3.5
0 96.07 -5.83 3.99
0 95.6 0.07 2.97
0 95.14 5.14 2.82
0 95.53 5.39 2.91
0 94.11 7.74 3.62
0.61 94.18 -2 3.93
32.93 94.95 -7.16 2.5
0.36 95.37 -6.88 2.7
0 94.14 1.27 5.63
0 95.11 -2.81 2.58
21.68 94.78 -4.94 3.52
0 95.49 -4.81 2.79
0 95.34 -1.95 1.58
0 94.39 4.41 3.93
1.21 94.56 1.77 4.07
0 95.41 -0.92 3.68
0 95.62 -1.87 2.26
0.64 95.5 -0.02 1.75
14.13 95.22 1.25 2.08
107.57 95.33 0.41 2.65
0 94.87 4.06 2.56
0 94.89 5.74 2.69
16.69 95.05 -0.14 2.3
58.38 95.32 -0.84 3.17
0 95.09 -0.22 2.58
0.32 94.23 1.92 2.71
21.28 94.25 0.8 3.66
3.44 95.19 0.22 3.73
0.84 95.06 1.43 3.75
0 95.09 2.45 3.5
0 94.63 8.31 3.12
0.24 94.14 7.21 4.38
0 94.42 3.23 4.86
0 94.12 4.63 2.44
5.67 94.41 4.24 3.15
51.98 94.73 1.52 1488.15
2.64 95.71 1.03 4.91
0 95.73 2.53 2.24
0 95.4 5.49 2.8
0 95.07 8.69 2.07
0.3 94.54 12.13 4.59
77.72 94.58 7.04 2.28
0.86 94.51 7.75 3.38
0.03 94.59 8.89 5.11
0 94.63 10.38 1.71
0 94.58 13.94 2.22
4.05 94.39 12.36 3.41
0.16 94.59 12.05 6
0.33 95.06 11.48 5.65
0.41 95.12 11.68 2.07
0.96 94.98 12.47 2.28
4.88 95.19 13.11 1.97
0 94.94 17.15 2.67
0 95.13 20.64 1.6
0 95.04 22.15 2.36
0 95.06 21.99 2.9
0.13 94.81 22.14 4.35
20.26 94.49 14.48 2.23
19.28 93.63 14.89 3.98
0 93.25 17.92 4.73
0 93.81 16.78 2.7
0 93.85 19.04 2.63
0.47 94.46 16.82 4.69
0 95.36 16.55 2.47
0 95.26 17.84 2.23
0.66 94.63 18.92 2.97
0 94.08 19.73 3.29
17.72 93.46 15.84 5.52
0.01 93.46 17.91 4.32
0 93.8 19.48 2.55
0 94.67 20.13 2.22
4.64 94.48 24.11 3.85
1.68 95.05 18.31 2.25
0 94.67 21.18 2.23
2.28 94.4 21.68 3.49
1.76 94.21 19.74 3.86
0.8 94 19.49 2.94
0 94.29 19.43 4.31
0 94.11 23.84 3.26
0.04 93.73 25.44 4.23
0 94.4 20.3 2.43
5.59 94.14 18.97 3.24
0.04 94.36 19.64 3.33
14.82 94.95 18.02 2.35
34.6 94.81 18.99 2.14
8.79 94.61 19.45 3.08
4.43 94.43 21.92 2.81
0.89 94.29 22.34 3.55
73.89 94.67 16.76 2.12
2.54 94.89 17.54 1.69
12.36 94.61 15.97 2.16
3.31 94.39 17.7 1.8
0.02 94.43 22.7 3.37
0.16 94.42 24.18 3.78
2.91 94.32 24.58 2.72
190.62 94.31 19.08 2.6
5.94 94.01 21.34 1.69
46.98 93.71 20.72 1.89
0.21 94.06 23.52 1.78
0 94.57 23.74 2.24
0.04 94.72 24.3 1.89
1.89 94.48 22.46 1.42
9.39 94.15 22.12 1.73
83.07 94 21.32 2.2
52.7 93.75 21.38 2.33
214.48 93.47 20.19 1.81
70.92 93.62 21.99 2.65
92.07 94.03 21.02 1.97
143.28 94.08 22.24 2.7
21.71 94.03 23.27 3.42
71.97 93.79 23.16 2.14
169.78 93.35 22.68 2.65
0.05 93.34 24.47 3.29
2.87 93.34 24.41 2.44
1.14 93.69 24.74 2.17
1.31 93.9 24.7 2.23
7.72 93.72 25.66 3.59
46.01 94.01 24.21 1.86
68.31 94.21 22.19 1.65
1.58 94.41 22.77 1.41
0.59 94.4 22.81 1.23
10.77 94.37 23.36 2.07
24.76 94.55 22.83 2.02
0.14 94.53 24.61 1.63
212.24 93.84 22.02 1.69
100.23 93.69 22.88 2.95
0 94.26 23.58 2.17
0.22 94.14 22.8 2.17
111.55 94.07 21.29 2.4
2.66 94.28 21.95 1.68
0.35 94.28 23.97 1.56
34.08 94.15 23.7 2.13
13.04 93.72 23.85 2.04
0.78 93.79 24.14 2.83
0.01 94.11 24.46 1.79
0.04 94.12 25.15 1.6
56.69 93.91 22.82 1.35
7 93.84 25.29 2.12
0.27 93.79 25.19 1.43
1.39 93.59 26.2 1.64
8.38 93.7 26.16 1.89
19.92 93.99 25.43 2.6
0.34 94.22 25.74 2.5
1.51 94.02 25.8 2.59
25.54 93.68 26.33 2.68
24.31 93.52 25.48 1.91
10.18 93.68 26.14 2.54
19.97 93.95 26.18 2.37
9.94 93.74 26.46 2.22
13.56 93.92 24.37 1.8
1.39 94.31 25.96 1.45
5.84 94.4 27.13 2.72
37.05 94.13 24.98 2.77
3.89 94.13 25.77 2.82
20.87 94.08 26.53 2.11
3.16 94.12 26.03 1.97
280.72 93.59 24.66 1.59
0.06 101.18 25.77 2.6
0 94.61 22.38 2.62
0 94.87 21.86 1.83
3.68 94.84 21.06 1
1.69 94.43 23.92 2.32
0.21 94.58 22.94 2.05
0 94.77 22.77 1.7
0.05 94.76 23.02 1.41
13.76 94.48 22.25 1.65
11.41 94.58 19.69 2.05
8.42 94.5 19.53 1.64
209.94 93.9 18.67 1.34
25.93 94.14 15.35 3.12
0.14 94.81 16.1 2.46
49.93 94.89 16.61 1.98
1.26 95.14 15.76 1.75
6.65 95.29 16.09 1.54
0 95.37 16.24 1.35
7.62 95.25 16.95 1.46
166.32 95.21 14.3 1.64
44.17 95.28 14.45 1.2
5.87 95.33 16.33 1.18
2.02 95.27 17.92 1.38
7.6 94.81 18.48 1.74
0.11 94.89 17.59 1.4
0 94.96 17.43 2.4
1.92 94.74 20.16 2.6
32.59 94.09 19.65 3.3
0.3 94.43 19.37 3.27
0 95.05 14.17 1.78
1.02 94.73 16.48 1.57
6.27 95.28 16.51 1.52
9.74 95.72 15.32 0.88
6.39 94.79 19.56 3
0 95.2 18.17 1.48
0.06 95.19 18.92 1.38
1.98 95.07 18.29 2.57
42.81 95.42 12.95 3
0 95.67 9.04 2.39
0 95.49 10.95 2
0 95.16 12.16 1.99
0 94.5 17.45 3.29
0 94.56 16.5 2.7
0 95.47 13.28 1.4
0.75 95.39 14.13 1.74
147.29 95.4 11.31 2.11
0.01 95.52 10.79 2.84
0 95.32 9.66 1.72
0 94.66 17.03 3.64
0 95.66 13.82 1.2
0.01 95.65 15.26 2.25
0.04 95.91 12.74 2.26
0.31 95.43 11.5 1.74
0 94.45 15.39 2.85
7.48 94.5 13.58 4
0 94.95 10.79 3.29
0 95.44 11.76 1.65
28.89 95.44 11.04 2.37
3.44 96.29 4.43 4.52
0 96.34 3.11 1.21
0 95.92 6.98 1.33
0 95.95 7.25 1.33
0 95.73 10.87 2.67
44.1 95.9 9.31 1.49
1.67 95.93 7.39 1.93
0 95.79 6.24 1.13
36.17 95.66 5.56 2.07
37.56 95.59 1.92 2.21
0.01 95.8 4.18 3.59
0.01 96.05 6.01 2.67
0 95.61 5 1.34
0 95.07 7.35 1.95
5.01 95.58 6.07 1.59
1.74 96.13 4.55 2.5
0 96.07 3.92 1.63
0 96.16 4.68 0.83
0 95.93 4.83 1.27
0.61 95.39 8.54 2.12
1.64 95.69 7.54 3.14
0 96.05 5.75 1.74
0.02 95.31 6.49 2.37
0.19 94.89 6.12 3.74
0.01 95.28 3.35 2.71
0 95.35 2.94 2.27
0.11 95.88 2.64 3.4
0 95.88 -1.24 3.93
0 95.94 1.18 2.32
0 95.82 1.78 1.68
0 95.22 1.98 2.25
0 94.98 3.12 3.18
0 94.95 3.05 2.07
0.13 95.09 2.12 3.36
0.01 95.49 -2.75 4.19
0.04 95.68 -3.26 5.75
0 95.59 -3.5 3.65
0 95.63 -2.13 2.41
0 95.83 -2.73 1.05
0 95.58 1.17 1.8
0 95.28 1.42 1.85
0.03 94.95 -0.23 2.13
0 94.8 -3.66 4.47
0 94.94 -6.78 3.47
0 95.2 -9.71 6.36
0 95.38 -5.44 3.47
0 94.98 0.49 3.09
0 95.6 -2.27 2.2
2937 95.37 -0.93 2.72
2937 95.13 -0.64 1.35
2937 95.4 1.91 2.15
2937 95.4 1.41 2.3
2937 95.62 -1.19 2.63
2937 95.2 -1.85 1.06
2937 95.29 -4.31 1.3
2937.02 95.27 -3.5 2.21
2937.01 95.48 -5.46 2.99
2937.15 94.95 -7.36 3.09
2937.24 94.97 -8.26 2.17
2937 95.1 -11.2 4.08
2937 95.43 -11.25 2.72
2937 95.79 -8.62 2.91
2937 96.37 -8.1 1.53
2937 96.32 -9.53 1.4
2937.7 96.59 -11.62 2.37
2937.14 96.23 -13.04 2.62
2937.16 96.1 -11.89 2.82
2937.01 96.5 -10.95 2.12
2937 96.54 -10.19 1.21
2937 96.25 -10.06 0.95
2937 96.4 -9.01 1.28
2937 96.34 -9.38 0.96
2937.04 95.77 -6.62 2.69
2937.07 96.25 -9.91 3.94
2937 95.93 -10.76 1.56
2937 95.46 -10.54 2.65
2937 94.75 -5.84 3.61
2937 94.56 -4.97 3.28
2937 94.17 -2.88 4.27
2937 94.56 -3.47 2.91
2937 94.84 -3.09 3.07
2937 95.42 -4.8 2.46
2938 95.34 -7.58 1.74
2939.74 95.59 -8.31 1.87
2937.03 95.32 -6.98 2.76
2937 95.81 -6.52 2.42
2937 96.28 -13.73 2.86
2937 95.89 -13.87 2.43
2937 95.9 -11.42 2.26
2937 95.98 -9.81 2.19
2937 96.5 -12.06 1.92
2937 96.22 -12.77 1.56
2937 96.25 -11.07 1.89
2937 96.04 -7.68 1.83
2944.96 96.08 -9.78 1.57
2937 96.04 -10.33 1.62
2937 96.27 -8.08 1.96
2937.39 95.31 -6.45 4.02
2937.01 95.79 -9.87 4.18
2937 95.99 -9.62 2.44
2937 95.31 -6.11 1.78
2937 94.51 -1.52 3.17
2937 95.06 -3.09 2.14
2937 95.98 -8.35 2.97
2937 95.57 -7.45 3.81
2937 94.96 -3.89 4.12
2937 95.59 -7.04 3.53
2937 94.26 -0.91 5.01
2937 94.97 -6.56 3.18
2937 95.09 -6.7 1.8
0.28 94.67 -3.7 2.04
0.05 94.69 -4.03 5.14
0 95.56 -12.1 3.89
0 95.74 -11.27 2.12
0 95.9 -11.61 1.5
0 96.14 -9.74 1.67
1.95 95.83 -10.35 1.52
10.42 95.88 -12.16 2.86
0 96.5 -14.23 3.19
0 96.31 -13.96 1.42
0 95.74 -11.6 1.4
0 96.37 -12.39 1.48
0 96.33 -12.12 1.98
0.06 95.52 -5.46 2.94
0 95.56 -5.73 1.87
0.07 96.14 -6.26 2.12
0 96.69 -8.66 1.81
0.95 96.24 -8.95 1.52
1.12 95.99 -8.74 1.83
0 95.92 -7.32 1.49
0 95.87 -4.47 2.06
0.78 96.38 -7.26 1.58
0.1 96.2 -4.76 1.26
0 95.75 -1.42 1.54
0 95.6 2.18 1.8
0.65 95.32 4.08 3.68
2.24 95.99 -2.96 3.99
0.04 95.71 -6.5 1.81
0 95.57 -4.83 1.62
0.27 95.51 -5 2.28
0.71 95.5 -5.57 1.78
2.27 95.82 -4.86 2.83
0 95.87 -6.37 2.99
0 96.04 -7.12 2.89
0 96.04 -5.67 2.35
0 95.56 -5.04 2.04
0 95.85 -4.87 2.27
0 95.34 -2.17 2.26
0 95.11 1.71 3.61
0 95.77 -1.16 4.11
0 95.38 -1.56 1.89
0 94.89 2.26 3.34
0 94.58 7.25 2.58
0 94.97 5.03 2.32
0 94.48 8.02 4.94
0 95.62 4.29 2.1
0.09 95.54 3.69 4.59
0 95.85 4 4.78
0 95.26 6.84 3.02
0 95.3 7.92 3.14
0 95.57 8 2.6
0 94.58 12.88 4.64
0 94.56 12.2 2.47
0.01 94.57 11.5 2.58
0 94.62 10.94 3.09
67.38 94.37 11.5 2.95
30.14 94.85 9.95 2.3
0 95.06 11.28 2.27
0.9 95.16 9.41 1.99
0 94.64 11.93 2.64
0 95.33 8.25 3.73
0 95.75 2.97 4.51
0 94.91 6.6 4.55
0 95.51 5.52 3.9
0 94.91 13.4 3.85
0 94.85 14.36 1.63
0 94.71 14.77 2.56
0 94.92 11.83 4.31
0 95.65 9.55 2.12
1.19 95.27 10.68 1.99
0.59 94.98 11.77 1.94
0 95.11 13.74 1.65
0 95 17.81 3.31
0 95.58 13.24 3.02
0 94.89 13.66 2.26
9.46 94.88 8.18 2.81
0.02 95.57 8.42 2.78
26.01 95.39 7.68 2.54
0.06 94.96 9.6 296.7
0 95.05 11.8 3.68
0 94.74 14.18 2.65
0.94 94.43 16.55 3.68
5.11 94.68 17.77 4.11
0.34 95.14 16.76 3.73
36.8 95.41 11.64 3.21
0 95.67 12.65 2.61
0 95.52 13.64 1.99
0 94.9 15.19 1.6
0 94.35 18.98 1.95
5.17 94.3 18.39 4.5
162.34 94.94 7.17 4.89
9.19 94.54 8.32 5.23
9.28 94.75 5.41 5.5
0.11 94.99 7.93 4.32
0.14 94.4 11.91 2.41
39.1 94.42 8.21 4
0.81 94.96 11.81 1.95
70.65 95.25 10.59 2.46
2.89 95.15 12.27 1.95
230.33 94.28 9 2.54
60.04 93.41 15.13 3.91
0 93.6 17.51 3.93
0.07 93.95 14.2 3.6
0 93.71 14.17 3.28
0.06 94.49 16.83 2.94
2.21 94.85 16.54 2.05
2.51 94.48 18.76 2.98
68.43 94.13 16.75 2.56
3.47 94.17 17.53 2.91
0.02 94.29 19.23 2.24
0 94.3 21.96 2.38
0.28 94.6 25.19 3.64
46.97 94.46 17.56 2.7
0.52 94.01 17.03 5.32
0 93.48 21.42 4.23
24.45 93.26 18.66 2.77
0.91 93.71 22.14 2.32
0 93.78 24.22 41.04
0.12 94.38 25.17 2.48
0 94.33 27.89 3.79
5.02 94.54 23.66 2.65
0.58 94.68 21.8 2.56
0 94.55 22.53 2.14
0.95 94.34 22.57 1.96
17.66 94.2 23.58 2.3
339.94 94.35 16.29 2.44
122.46 94.19 13.56 3.23
20.46 93.89 16.34 2.84
35.29 94.21 15.76 2.1
40.57 94.61 15.49 1.8
13.15 94.69 18.46 2.2
17.57 94.48 20.21 2.62
10.47 94.52 20.95 2.46
0.02 94.39 21.9 2.06
4.4 94.2 23.32 1.65
163.01 94.01 20.49 1.86
84.9 93.89 19.9 2.07
98.02 94.02 19.2 2.39
4.89 94.3 19.36 1.89
36.75 94.43 19.38 1.89
5.63 94.56 19.31 1.56
190.63 94.62 18.41 2.44
1.63 94.49 21.56 1.91
0.08 94.1 23.64 2.33
13.68 93.92 22.67 3.05
19.1 93.98 21.99 3.65
0.4 94.41 22.08 3.8
0.73 94.33 22.98 3.05
0 94.41 24.37 1.88
0 94.37 24.87 1.66
19.1 94.32 23.19 2.52
92.79 94.02 20.59 2.31
22.62 93.76 23.19 2.28
0.09 94.24 25.04 2.32
0.91 94.31 25.55 2.93
1.44 94.17 25.86 2.34
4.02 93.96 25.16 2.85
18.07 93.9 23.35 3.53
0 94.09 23.77 2.91
0 93.8 24.28 3.69
3.73 93.89 22.66 2.87
6.63 94.08 21.89 2.72
0.56 94.01 23.05 2.5
2.59 94.08 23.88 1.83
24.16 94.04 23.62 2.47
106.83 94.11 21.96 41.27
9.23 94.35 22.64 40.66
0.32 94.43 26.3 1.74
0.74 94.52 28.63 2.15
2.9 94.14 29.26 4.35
87.86 94.01 24.25 2.33
0.27 94.32 22.32 1.63
0 94.03 25 2.66
0.1 94.4 23.04 1.92
0 94.45 23.09 1.64
0.01 94.63 23.49 1.74
5.82 94.5 25.72 2.39
4.32 94.04 27.24 3.2
8.03 94.06 25.9 3.53
19.09 94.21 24.49 1.96
0 94.3 26.24 2.39
0 94.28 27.17 2.71
4.15 94.14 26.42 2.49
11.16 94.11 25.77 1.91
92.72 94.37 20.06 2.51
1.34 94.33 22.09 1.95
0 94.6 22.43 2.55
0 94.71 21.83 1.48
0.01 94.57 22.62 1.94
44.91 94.32 21.57 2.21
23.8 94.06 21.32 1.72
2.38 94.25 22.27 3.51
0.34 94.44 21.24 2.12
19.33 94.48 19.2 1.89
13.22 94.39 18.98 1.64
11.37 94.44 20.16 2.17
7.71 94.55 20.44 1.72
2.8 94.68 21.44 2.09
6.94 94.88 21.25 1.7
0.91 94.82 22.68 1.79
0.86 94.5 23.97 2.31
5.82 94.49 24.28 1.92
71.6 94.42 22.97 2.28
59.98 94.27 22.61 1.86
107.15 94.52 19.61 2.16
1.59 94.81 19.95 2.47
0 94.92 21.02 1.8
0 95.02 22.81 1.7
6.93 95.14 20.81 1.75
4.01 95.18 20.94 1.54
0.89 95.14 20.86 1.94
11.73 94.96 20 1.74
10.06 94.93 19.73 1.8
255.03 94.89 15.94 2.33
1.25 94.52 17.59 1.74
0 94.2 20.22 2.33
0 94.73 18.82 1.46
0 94.74 20.5 1.5
2.54 94.35 20.7 2.92
0.02 94.62 18.64 2.93
0 94.8 16 1.38
0.01 95.06 17.29 1.57
0.12 95.05 18.7 1.9
28.38 95.11 16.86 1.37
0.41 94.93 18.61 2.4
0.12 95.23 16.43 3.02
0 95.33 14.35 3.08
0 95.38 13.37 1.39
0 95.46 16.21 1.28
0 95.43 16.96 1.84
19.36 94.75 16.51 2.35
33.95 94.72 14.37 2.8
0.03 95.31 14.13 1.51
0.51 95.34 16.29 1.95
89.6 95.52 12.38 1.87
23.77 95.29 13.01 1.59
0 95.2 13.73 1.6
46.12 94.57 14.29 2.4
0.08 95.12 13.52 2.2
0.87 95.03 14.18 2.65
24.22 95.82 6.32 3.85
0.11 95.89 5.6 1.72
37.87 95.04 6.76 1.74
26.79 94.91 7.78 2.26
0 95.24 8.85 1.58
108.84 95.45 7.43 1.49
17.5 95.93 8.1 2.4
0 95.74 8.92 1.98
0 95.33 12.21 1.69
0 95.21 14.06 2.37
0 95.39 16.22 2.17
0 95.65 13.65 1.58
0.59 95.56 14.18 2.68
0.71 96.51 8.61 3.41
0 96.07 4.57 1.62
0 95.16 8.27 2.26
0 94.69 9.86 4.35
0 95.22 9.67 3.01
0 94.96 12.75 2.46
0 95.07 13.44 2.17
0 94.77 16.33 4.05
0 95.59 7.76 2.78
0 95.96 3.65 1.89
0 95.42 5.85 1.71
0 94.66 11.26 3.02
0 94.38 13.85 3.12
0 94.59 11.47 1.9
0 96.05 4.49 4.78
0 96.45 2.22 1.55
0 95.88 3.8 1.63
0.05 95.59 8.14 1.77
5.2 95.78 8.38 25.62
2.62 95.51 5.73 1.49
3323.81 95.16 6.78 3.34
3323.86 95.33 3.73 3.82
3323.8 95.12 6.65 2.46
3323.8 94.73 8.06 3.62
3323.8 95.08 6.43 3.11
3323.8 96.35 -0.69 2.95
3323.8 96.33 -1.63 1.48
3323.8 95.92 0.49 1.78
3323.8 95.71 4.06 1.67
3323.8 95.39 3.98 1.46
3323.8 95.04 2.66 3.34
3323.85 95.49 -4.31 5.72
3323.8 95.5 -1.92 2.88
3323.8 95.84 -2.14 1.59
3323.8 95.96 -1.53 1.51
3323.99 95.8 0.86 1.96
3323.8 96.14 -1.27 1.54
3323.8 96.06 -0.61 1.48
3323.8 95.38 1.68 2.85
3323.8 94.81 3.24 3.76
3323.8 95.32 0.66 2.63
3323.8 95.84 -1.75 2.06
3323.87 95.6 1.43 2.92
3323.8 95.99 -2.76 1.9
3323.8 95.09 -2.25 2.2
3323.8 94.64 296.24 4.85
3323.8 95.73 -2.74 2.07
3323.8 95.25 -1.52 1.41
3323.82 95.08 -0.35 2.13
3324.22 95.2 -1.45 5.4
0 95.77 -11.4 6.53
0 95.54 -10.88 3.7
0 95.28 -11.12 5.57
0 95.42 -10.81 4.29
0 95.53 -10.43 3.37
0 95.72 -9.84 1.92
2.37 95.76 -9.36 1.56
0 96.28 -10.16 1.51
0.04 96.14 -7.59 2.83
2.28 95.51 -4.9 4.69
0.07 95.93 -9.17 2.94
0.02 95.53 -10.03 3.9
0 95.69 -10.74 2.53
0 95.73 -8.89 1.66
0.24 95.67 -8.89 3.51
0 95.76 -12.47 3.4
0.01 95.79 -10.87 2.11
0 95.72 -7.88 2.6
0.15 95.43 -6.3 4.4
0 95.76 -10.23 3.71
0 95.42 -9.91 3.33
0 95.21 -3.52 2.35
0 95.24 -3.15 3.07
0 96.09 -5.43 3.72
0 96.32 -5.21 2.47
0 96.08 -8.05 1.27
0 95.67 -4.33 2.36
0 95.08 -5.04 1.97
0 94.42 -3.9 3.41
0.11 95.13 -6.7 83.52
0.03 95.86 -10.81 5.22
0.11 95.85 -11.16 2.75
0 95.78 -7.06 2.97
0 94.55 -2.55 3.74
0 94.79 -3 1.78
0.54 95.13 -2.75 4.99
0 95.68 -7.46 3.05
0 96.04 -9.23 1.62
0 95.94 -8.63 1.91
0 95.81 -5.74 2.32
0.05 95.36 -4.47 2.88
0 96.39 -7.52 2.33
0 96.53 -8.75 1.73
0 96.07 -5.43 1.86
0 96.24 -8.74 1.7
0.34 95.88 -9.43 1.76
2.14 95.86 -9.9 3.5
0 95.98 -8.93 2.02
1.84 94.87 -4.92 3.47
0.02 95.52 -8.18 1.86
0.04 95.43 -7.25 2.2
0.91 95.96 -7.4 2.16
0 95.43 -7.91 1.8
0 94.92 -3.67 3.15
0 95.79 -6.66 1.93
1.51 95.41 -4.56 1.33
3.84 96 -8.5 3.82
0 96.53 -11.99 2.76
0 96.37 -11.83 2.04
0.08 95.78 -8.33 3.63
0 96.4 -10.36 3.49
0 96.67 -9.21 1.6
0 96.47 -8.14 1.57
0 96.31 -7.6 1.55
0.09 96.18 -4.79 2.55
0.06 96.11 -6.53 3.32
0 96 -4.08 2.73
0 95.37 -1.46 2.88
0.03 96.2 -10.36 5.28
0 96.3 -11.54 3.46
0 95.58 -5.97 2.61
0 94.93 -3.07 2.27
0.01 94.96 -5.98 3.34
0 95.16 -6.27 2.29
0 94.78 -4.56 1.83
0 94.59 -0.61 2.34
0.02 95.26 -3.43 1.38
10.13 95.02 -1.32 2.53
0.01 95.63 -1.74 4.43
0 96.27 -3.52 2.37
0 95.76 -3.7 2.94
10.06 94.95 -0.38 3.58
17.57 94.43 -0.74 5.71
0.13 94.85 -5.92 5.68
0 95.12 -6.27 1.94
0 94.75 -5.95 1.95
0.43 95.22 -7.26 3.14
0 95.61 -8.96 3.55
0 96.24 -6.95 1.89
3.31 95.3 -2.54 4.9
0 94.97 -0.82 3.15
0.04 94.57 -2.78 2.5
0.11 95.24 -6.7 6
0 95.75 -6.33 2.65
0 95.48 -3.31 2.95
0 94.83 1.55 4.34
0 95.14 1.68 2.84
1.95 95.71 -3.11 3.09
0 96.51 -9.48 5.69
0 95.85 -4.2 3.36
0 95.48 -3.83 3.66
0 95 -3.04 2.88
0 116.16 291.77 296.28
0 95.11 0.48 3.51
0 94.75 5.67 3.87
0 94.68 5.78 3.13
0 95.42 3.01 2.46
0 94.7 6.7 2.91
0 94.96 6.6 3.76
0 95.09 5.69 2.56
0 95.03 6.41 4
0 95.97 2.09 4.1
0 96.15 3.19 2.87
0 96.34 3.86 1.59
0 96.1 7.79 2.79
0 95.9 12.44 4.07
0 95.1 13.12 4.87
0 94.67 12.19 3.71
0 94.81 10.52 3.15
0 94.33 14.25 4.11
5.71 95.32 6.65 3.1
0 95.42 4.85 1.64
193.6 93.9 2.34 2.34
0.67 94.7 3.88 2.3
1.79 94.64 5.22 1.77
0.13 95.17 3.97 4.69
0 96.28 -0.73 4.09
0 96.25 0.26 3.3
0 95.48 4.52 2.67
0.07 95.21 7.73 2.94
0.12 95.42 7.91 2.09
19.39 95.62 7.01 3.66
180.78 96.22 -0.64 4.45
0.47 95.82 3.26 2.06
0 94.24 11.37 1.92
0.67 93.39 14.15 3.99
1.28 94.27 8.54 5.72
0 94.34 11.31 2.22
0.04 94.62 12.61 2.73
0.02 95.08 10.63 3.44
0.01 94.72 11.17 3.01
0.05 94.62 11.41 2.39
0 94.87 14.04 3.91
0 95.05 14.24 5.11
0 95.34 14.44 2.59
0 94.73 20.53 4.1
0 94.35 23.7 4.25
18.52 94.06 20.3 3.86
14.49 94.67 16.47 2.57
0 94.72 19 2.26
0 94.63 20.78 2.8
13.5 94.42 17.06 3.62
18.94 94.48 15.53 2.11
0 94.77 13.02 5.2
0 94.59 13.67 4.33
0 94.04 14.68 5.61
0 94.58 12.35 2.57
0.37 94.5 12.87 4.97
18.12 94.8 7.48 2.09
0 95.17 8.71 1.57
77.5 95.04 8.17 2.49
62.16 94.12 7.37 1.97
13.72 92.9 11.04 3.97
0.37 92.99 18.92 3.5
1.4 94.29 15.96 5.42
0.02 94.9 15.72 4.15
0 94.33 18.47 3.25
17.16 93.49 18.9 3.74
24.52 93.67 14.64 5.29
1.08 94.07 13.33 5.82
0 94.9 18.22 4.08
0 94.55 21.31 2.95
0 94.4 22.1 2.63
1.23 94.33 22.15 2.27
0.09 94.16 24.51 3.14
0.37 94.06 25.56 3.95
5.6 94.22 23.79 2.66
0.17 94.22 22.94 3.01
3.8 93.88 23.51 3.75
0.57 94.2 21.09 3.58
0 94.29 19.93 2.46
0 93.48 24.7 6.29
6.7 93.96 22.54 2.92
1.61 94.52 19.09 4.04
0 94.73 21.37 2.85
75.34 93.98 17.8 2.99
34.32 93.45 18.92 2.52
45.07 93.96 18.33 2.48
0.25 94.28 19.5 3.59
2.39 94.03 19.55 2.58
4.81 94.03 18.72 2.1
97.24 93.78 16.75 2.56
174.26 93.31 15.34 2.11
45.81 93.38 16.33 1.66
82.71 94.27 17.06 2.25
0.67 94.53 20.44 1.78
13.59 94.37 21.88 2.16
0.27 94.08 22.82 1.87
135.24 94.11 19.41 2.55
4.93 94.28 18.66 3.6
84.09 94.73 16.53 2.72
0.05 94.83 21.26 2.34
0 94.45 23.3 1.75
4.7 94.18 23.96 2.68
0.31 94.32 23.65 2.47
11.27 94.12 23.74 2.8
16.44 93.84 21.52 2.26
80.04 93.81 20.75 2.24
1.25 94.25 21.89 1.56
4.55 94.3 23.74 2.12
174.73 94.47 17.36 2.08
34.23 93.87 18.06 1.7
36.72 93.44 18.84 3.03
4.5 94.01 16.72 3.34
0.09 94.58 18.48 2.19
63.04 94.55 19.44 1.93
11.47 94.68 20.24 1.57
0 94.65 22.3 2.04
0.25 94.5 23.83 2.1
3.27 94.66 24.7 2.09
0.21 94.89 25.8 2.37
3.94 94.72 23.94 2.58
0.65 94.44 25.21 1.93
1.21 93.94 26.29 2.4
0.22 93.77 26.42 3.32
9.54 94.1 26.11 2.67
30.21 94.51 23.37 2.26
36.72 94.7 20.67 2.18
19.65 94.54 21.52 1.66
113.94 94.36 22.08 1.7
68.05 94.5 22.3 1.95
34 94.42 22.89 2.39
22.54 94.16 23.67 2.16
67.37 94.14 22.73 1.88
8.93 94.14 22.68 1.42
15.17 93.96 22.63 1.63
5.24 93.77 23.98 1.97
6.35 94.16 25.07 2.27
22.79 94.25 24.63 1.98
39.18 94.01 23.96 2.36
138.1 93.99 23.55 2.22
219.15 94.38 21.04 2.43
8.24 94.59 22.21 1.64
1.72 94.4 23.2 1.75
24.25 93.91 24.99 3.05
0.13 93.91 22.81 2
1.73 93.77 24.64 2.65
3.26 93.93 25.23 3.24
19.17 94.32 24.22 2.03
16.37 94.87 22.46 2.47
35.03 94.91 22.97 1.66
12.32 94.82 23.85 2.22
0 94.85 23.78 2.13
0 94.67 24.08 1.49
0 94.51 24.44 1.52
0 94.19 25.49 1.76
1.2 93.99 25.36 2.36
0.03 94.28 23.73 2.33
0 94.33 23.65 1.6
0.88 115.14 315.4 295.67
60.71 115.47 315.26 295.83
102.84 94.78 20.06 1.88
19.79 94.5 19.36 2.22
6.42 94.31 20.06 2.34
48.24 94.42 19.7 1.82
10.67 94.74 20.14 1.87
31.38 94.97 19.6 2.01
8.73 94.9 20.07 2.11
44.25 94.77 19.72 2.35
0.04 94.7 20.48 2.49
25.86 94.55 19.9 1.87
4.93 94.71 18.61 1.38
16.15 94.85 18.68 1.58
164.49 95.04 17.57 1.57
101.73 95.08 18.17 2.26
1.94 95.06 20.66 2.36
0.23 95.22 19.59 1.93
15.46 95.05 18.01 1.42
57.52 94.88 16.94 2.15
0.02 95.02 17.28 1.9
0 94.91 19.28 1.4
2.15 95.06 20.57 2.37
25.15 95.75 15.81 2.13
2.18 95.66 14.5 1.64
52.52 95.1 13.18 1.73
10.96 95.05 14.21 2.49
0 94.98 19.45 2.28
0 95.3 19.39 2.37
0 95.41 18.86 2.74
0 95.25 19.26 2.29
4.28 95.24 19.54 1.52
9.24 95.31 18.69 2.09
0.01 95.4 16.57 2.12
3.57 94.87 16.52 2.25
4.4 94.67 19.16 2.39
47.65 94.52 17.68 2.86
28.15 94.64 14.04 2.03
32.99 94.57 14.92 1.88
13.67 94.58 15.55 3.17
0 94.82 14.16 2.36
0 95.04 16.07 2.56
0.19 95.85 13.67 1.58
3.19 96.31 11.16 1.92
6.85 95.18 14.83 3.14
50.29 94.46 11.11 5.36
0.04 94.38 13.63 4.44
0 95.36 11.28 1.77
0 95.67 14.05 2.43
0 95.19 17.52 3.48
0 95.09 17.57 2.03
0 94.87 17.82 3.14
0 95.19 10.18 3.88
0.43 94.52 5.87 3.26
2.88 94.7 5.62 5.26
3.54 95.01 9.86 4.68
0 95.4 11.97 2.33
0 95.47 12.87 1.79
0 95.22 13.67 1.7
0 95.16 14.37 1.59
0 95.18 15.29 2.53
3.98 95.32 13.31 2.91
0 96.07 5.87 2.62
0 94.96 10.33 2.73
32.65 95.54 5.24 1.75
17.78 95.86 4.97 1.94
1.53 101.05 85.87 40.87
0 100.54 86.29 40.81
0 96.11 7.06 2.15
0 96.02 4.64 1.66
7.18 94.81 7.34 5.28
0 94.87 3.82 3.67
0 95.47 1.76 3.47
0 95.8 0.1 3.84
0 96.22 0.57 2.69
0 96.27 3.02 1.48
0 95.62 5.41 1.63
0 95.43 6.1 1.2
0 95.38 8.99 3.83
0 95.58 9.94 3.18
0.51 96.72 1.28 3.8
60.58 96.79 -3.81 2.78
36.13 96.39 -3.85 3.27
6.94 95.91 -3.39 1.92
0.23 95.94 -3.27 1.31
0 96.09 -3.37 1.31
0 96.24 -1.82 1.45
0.09 96.08 0.9 1.25
0.01 95.38 2.81 1.88
0 94.75 5.53 2.61
0.45 95.61 2.2 2.22
4.82 95.44 -2.43 2.53
0 96.13 -4.74 2.29
5.84 96.02 -6.27 2.3
10.48 96.02 -7.54 2.1
5.65 96.01 -8.45 1.95
5.56 96.5 -8.72 1.62
19.26 96.96 -11.33 2.63
9.87 97.03 -12.82 2.95
0.09 96.92 -14.87 2.04
0.01 96.06 -14.36 2.59
0 95.98 -13.95 2.7
0.06 95.49 -11.56 1.34
0.26 95.94 -9.84 1.38
8.78 95.66 -5.18 2.42
0 95.54 -7.16 1.62
0.38 94.87 -2.96 2.27
0.1 94.68 -5.48 4.88
0.26 94.99 -7.48 5.55
0 95.35 -4.85 3.69
0 96.01 -5.15 2.14
0 96.15 -7.72 1.45
0 96.31 -9.01 1
0 95.88 -3.31 2.24
2.01 95.54 0.43 2.9
0.01 95.81 -1.38 3.67
0 96.13 -6.64 1.64
0 95.79 -6.3 1.44
0 95.91 -6.59 1.02
4.74 95.23 -5 2.9
0.03 95.31 -6.48 4.38
0.04 95.87 -8.44 5.41
0 95.94 -7.51 2.89
0 96.4 -5.52 1.89
0 96.38 -6.05 1.47
0 95.51 -3.2 2.35
0 95.74 -5.13 1.7
0 95.83 -7.64 1.63
0 95.74 -5.28 2.22
0 95.83 -8.97 2.26
0.01 94.79 -7.03 2.99
0 95.85 -12.45 3.57
0 96.58 -14.43 1.98
0 96.32 -8.06 2.18
0.25 95.89 -5.62 1.54
2.68 96.15 -7.21 1.34
0 96.13 -8.03 1.97
0 95.28 -2.5 2.44
0.01 95.28 -5.52 1.32
2.31 95.48 -8.1 1.9
0 95.93 -10.58 3.63
0 95.75 -11.91 2.51
0 96.04 -9.95 2.94
0 95.87 -9.7 3.32
0 95.68 -10.26 2.77
0 95.44 -10.03 2.08
0 96.18 -12.08 3.05
0 96.44 -12.99 2.65
0 95.91 -12.62 3.12
0.07 95.26 -11.36 3.93
0.11 95 -10.78 2.55
0 95.06 -11.6 1.73
15.89 95.69 -15.15 2.41
1.93 95.69 -18.66 2.52
0 95.32 -18.84 4.2
0 95.93 -18.18 1.73
0 96.43 -17.69 1.44
0.83 96.38 -17.11 2.01
0.6 96.88 -20.44 3.14
0 96.78 -23.56 4.86
0 96.29 -15.31 4.51
0 95.72 -10.09 2.9
0 95.59 -11.43 3.4
0 95.66 -9.78 3.44
0 96.2 -12.68 1.86
0 96.64 -15.9 1.7
0 96.43 -16.34 2.24
0 96.48 -13.14 3.03
0 96.35 -10.78 2.74
0 96 -9.06 2.08
0 95.77 -8.46 2.54
0 95.98 -8.44 3.55
0 95.91 -8.56 3.62
0 95.82 -7.16 2.72
0 94.94 -6.97 2.77
0.01 94.57 -4.15 3.37
0 95.23 -3.08 2.73
0 94.89 1.31 2.74
0.06 94.81 1.51 2.25
2.58 95.08 0.46 3
30.59 95.8 -8 5.87
0 95.86 -12.21 5.24
0 95.23 -9.32 3.78
0 95.11 -5.06 4.05
0 95.05 -2.3 3.66
0 95.02 -3.61 3.73
0.12 95.87 -6.76 3.5
0 95.84 -9.02 3.82
0 95.68 -9.46 2.57
0.01 95.82 -6.72 3.22
0 96.7 -10.41 2.31
0 96.32 -9 2.48
0 96.25 -8.31 3.04
0.08 95.58 -6.55 3.07
0.02 95.67 -6.92 2
0.12 95.98 -8.04 3.93
0.07 96.21 -8.58 3.32
0.04 95.3 -0.88 2.83
0 94.92 2 2.17
0 94.88 0.88 2.63
0.22 95.27 -0.45 1.47
28.14 95.08 0.64 3.9
0.03 95.1 -1.18 2.54
3.9 95.36 -4.02 4.12
0 96.12 -7.65 4.56
0 96.21 -7.46 3.69
0.02 95.99 -6.55 3.35
0 95.47 -5.22 2.03
0 94.84 -0.99 4.01
0 95.59 -1.65 2.58
0 95.42 1.52 2.48
0 94.87 4.95 2.79
0 94.72 8.35 3.32
0 94.32 10.06 5.06
0 94.75 7.52 4.24
0 95.64 3.98 1.95
0 95.86 5.8 1.87
0 95.5 8.72 2.73
0 95.85 5.54 4.32
0.02 96.42 2.12 4.78
0 96.43 2.2 3.29
0 96.1 3.09 3.1
0 95.7 7.53 3.08
0 95.12 9.47 2.43
0 94.49 11.24 3.87
0.65 94.97 7.46 3.53
0 94.93 8.96 3.22
0 94 15.25 4.68
9.45 94.26 10.52 4.98
0.76 95.32 6.36 4.07
0 95.33 8.17 3.51
0 94.52 10.65 3.68
0.09 94.81 10.26 2.57
0.67 94.2 12.53 4.75
0 94.55 10.32 4.64
0 94.49 11.97 5.7
0 94.76 7.4 3.08
0 95.4 5.33 3.31
0 94.9 7.08 4.42
20.32 94.05 9.11 2.68
0.14 93.79 10.75 5
0 94.9 11.24 3.41
0.36 94.41 15.41 5.04
13.79 94.35 10.65 4.03
1.82 94.34 6.44 4.41
5.47 94.65 6.71 2.49
2.39 94.97 8.09 3.47
0.02 94.62 13.88 2.88
0 93.79 15.58 6.01
0 94.32 11.01 6.05
0 94.86 11.21 2.97
0 94.33 14.51 4.61
0.7 95.14 10.76 3.2
35.76 95.37 8.56 2.1
2.14 94.97 12.15 1.76
0 95.11 12.82 2.35
35.03 94.31 13.07 2.55
0.06 93.92 17 2.7
33.54 93.65 21.18 4.11
170.23 94.45 11.16 2.46
60.43 93.57 11.49 4.96
0 94.07 15.86 3.13
15.41 94.05 15.54 4.85
0.03 94.36 13.09 6.11
0 95.12 15.52 2.7
0 94.57 18.62 4.46
1.27 94.74 16.87 2.5
0 94.44 17.29 2.23
1.15 93.63 19.97 4.25
157.06 94.36 11.59 4.64
0 95.23 14.66 3.6
28.25 94.86 12.11 3.88
1.13 94.67 12.8 3.47
0 94.16 18.29 3.4
0 94.29 23.17 3.59
0 94.57 24.09 4.18
0 94.79 22.59 3.7
0 94.94 22.32 3.54
0.02 95.63 19.33 3.6
0.03 95.55 18.31 2.56
38.12 94.68 15.11 1.95
25.49 93.62 15.82 4.62
8.02 93.9 18.65 3.35
0.23 94.38 18.78 4.5
0 94.32 21.72 4.58
0.09 93.93 24.13 4.12
0 94.29 19.27 4.26
0 94 22.3 4.38
12.77 94.79 17.35 2.12
0 94.86 20 1.53
0 94.48 23.31 2.64
0.01 94.15 24.27 3.24
0.02 94.29 22.97 2.72
0.18 94.55 23.18 2.12
18.72 94.7 19.71 3.3
4.72 94.75 19.33 1.98
0.07 94.49 21.94 2.7
16.72 94.17 21.25 3.94
101.47 93.94 20.33 4.4
39.72 94.43 18.06 2.42
10.88 94.34 19.41 1.97
3.91 94 19.69 1.93
111.39 93.9 15.47 2.07
16.2 93.92 18.32 1.95
2.37 93.54 19.96 2.26
53.41 93.58 20.49 1.86
2.42 94.12 20.69 2.9
0.01 94.22 23.49 2.5
17.96 93.88 25.1 2.83
32.31 93.9 23.94 2.45
25.36 93.92 22.76 2.18
17.36 94.18 21.19 2.96
4.76 94.22 21.2 3.8
0 94.38 24.37 2.99
0 94.33 24.72 1.9
22.61 94.07 23.27 2.62
57.57 94.16 19.4 3.01
111.85 94.02 20.48 2.19
57.7 94.06 20.35 1.95
0 94.22 20.75 1.81
0.2 94.18 22.37 1.59
0 94.3 25.35 2.69
0 94.46 24.9 2.92
2.01 94.68 25.25 1.91
0 94.77 26.65 1.72
0 94.69 27.12 2.74
0 94.44 26.76 2.69
0 94.21 27.99 1.95
0 93.97 28.96 2.43
5.21 93.65 29.3 3.46
97.99 93.94 22.18 2.06
0.91 94.25 24.48 2.45
1.02 94.6 22.8 2.7
6.39 94.28 19.97 2.11
3.85 94.15 19.44 2.29
3.48 94.42 21.82 1.72
0.11 94.42 23.84 2.08
18.6 94.49 23.96 2.55
211.93 94.6 21.05 2.14
840.45 94.12 21 2.63
38.96 93.89 23.48 1.73
7.84 93.78 26.76 2.87
0.35 94.29 25.83 2.02
451.1 94.31 20.57 2.78
2.86 94.19 22.38 1.52
3.01 93.98 24.15 2.22
26.24 93.96 23.83 2.19
21.24 94.33 23.4 1.8
138.33 94.58 23.57 2.07
47.55 94.72 22.21 1.66
22.37 94.81 22.84 2.02
0.24 94.82 24.7 1.71
0 94.75 26.11 1.41
0 94.7 27.02 1.79
0 94.6 26.95 2.01
397.91 94.33 25.42 1.97
166.01 94.71 23.55 2.43
0 94.81 22.27 1.3
0 94.44 23.97 2.33
0 94.23 26.84 3.4
0.88 94.24 28.77 3.19
14.07 94.33 25.51 2.36
0 94.28 24.83 1.77
0 94.55 24.08 1.9
5.1 94.46 23.4 1.58
103.46 94.31 21.66 2.04
7.34 94.17 22.65 1.38
243.99 94.13 20.34 1.75
13.69 94.56 21.33 2.27
14.37 94.68 21.91 1.73
0.78 94.82 22.94 1.87
1.75 94.91 23.43 1.6
13.11 94.43 21.4 1.65
15.38 94.24 23.47 2.28
136.86 94.99 17.84 3.85
0 95.27 18.09 2.18
4.03 94.93 18.1 2.07
2.3 94.9 18.84 2.07
0 95.06 18.19 2.08
0 94.5 17.87 2.05
15.81 93.44 16.62 3.99
22.77 93.29 15.67 2.57
6.13 93.95 19.13 1.62
18.86 94.47 18.51 1.2
117.25 94.72 17.76 1.55
47.04 94.65 17.37 1.38
15.21 94.52 19.05 1.53
2.36 94.27 19.07 1.66
5.97 94.36 18.09 1.65
51.45 94.65 16.63 1.79
13.13 94.82 16.38 1.7
48.71 95.18 15.37 2.15
14.08 95.42 15.99 1.43
2.99 95.36 17.31 1.37
55.29 95.16 18.73 1.69
0.02 95.05 19.66 1.72
4.21 95.13 18.46 2.01
2.32 95.55 16.15 1.97
19.93 95.7 13.99 2.12
0.12 95.73 13.88 2.49
0 95.59 14.07 1.44
0.89 95.37 14.63 2.19
4.21 95.01 16.65 2.21
3.07 94.71 18.56 2.02
1.59 94.44 20.33 3.4
0.05 95.12 17.22 2.24
10.51 94.92 17.11 1.91
2.03 95.65 12.08 4.73
0 96.07 8.37 2.26
0.04 95.29 10.19 2.28
0.07 94.94 15.77 2.18
5.3 94.79 18.96 3.48
2.34 94.83 15.95 2.15
1.01 94.82 15.46 3.2
97.13 95.38 7.57 2.32
11.81 95.46 6.43 1.99
0.54 96.01 8.55 1.53
56.26 95.16 10.73 2.87
0.77 95.37 6.18 4.81
0 95.6 5.02 1.83
0.51 95.18 6.46 1.76
0 95.73 5.91 48.82
0.45 95.71 7.69 1.52
0 95.3 12.29 1.51
0 95.38 13.65 1.74
0.17 95.55 15.01 2.57
5.31 95.03 14.35 4.18
0 95.5 10.1 2.23
0 95.26 12.28 1.9
0 95.12 13.23 2.46
1.66 96.01 4.73 2.7
41.17 95.39 5.42 1.86
45.31 96.07 2.16 2.78
0 95.7 2.69 1.51
0 95.07 3.87 1.47
0 94.7 8.66 3.17
0 95.87 3.27 2.07
20.7 95.9 2.85 1.26
9.64 96.1 2.42 3.18
0.22 96.18 0.58 2.73
2.83 95.87 -0.05 3.46
0 96.68 -4.78 3.16
0 96.31 -3.02 2.46
0 95.61 0.92 3.19
0 95.05 2.26 1.79
0 94.17 4.29 1.72
0 95.19 1.77 2.71
0.17 95.99 -0.88 2.03
5.59 96.23 -1.51 3.34
0 96.59 -3.75 1.66
0 95.98 -1.71 2.32
2.25 94.54 2.83 3.7
1.81 94.75 -1.02 1.84
0.24 95.29 -0.99 1.43
0 94.77 4.4 3.68
0 95.44 1.47 4.96
0 95.7 -2.97 2.1
0 95.45 0.45 2.6
0 95.38 -0.6 2.31
0.23 94.84 0.64 2.61
2.17 95.33 -4.11 2.14
28.28 95.87 -7.16 1.81
57.04 96.21 -9.25 2.68
0 96.59 -11.34 2.94
0 96.27 -10.5 2.69
0 95.79 -8.07 2.86
0 95.45 -5.7 2
0 94.99 -2.45 3.44
0 95.78 -6.03 3.14
0 96.21 -4.59 1.65
0.08 96.48 -5.11 1.8
4.04 95.35 -0.95 3.49
0 96.1 -3.44 3.65
0 95.82 0.5 2.82
0 95.09 2.94 3.35
0 95.18 -1.03 2.73
0.47 95.8 -5.54 3.52
0 95.26 -5.34 3.09
0 95.48 -6.26 2.4
2.42 94.89 -3.81 3.55
0 95.84 -7.27 2.22
0 95.98 -7.81 1.43
0 95.38 -5.52 2.71
7.38 95.71 -3.53 2.43
0 96.32 -8.83 3.3
0 96.25 -10.1 2.06
0.01 96.23 -8.91 2.86
0 95.46 -4.56 2.6
0 95.42 -4.27 1.15
0 95.58 -3.84 1
0 95.64 -3.28 1.12
0.02 95.97 -3.06 1.38
0.09 96 -4.89 2.6
3.51 95.66 -9.41 3.7
0 96.06 -10.29 2.4
0 95.95 -9.93 1.33
0.03 95.77 -4.73 3.8
1.07 96.42 -9.16 3.58
0 96.3 -11.1 2.15
0 96 -9.56 4.02
0 96.23 -8.8 3.06
0 95.74 -7.31 1.86
0 95.62 -6.37 1.57
0 95.42 -2.55 3.2
0 95.58 -4.53 2.29
0 95.26 -1.74 2.97
0 95.85 -5.16 1.45
0 96.15 -6.83 1.4
0 95.69 -3.34 1.67
8.94 95.72 -3.86 1.56
8.88 95.31 -4.65 2.15
0.01 95.47 -7.53 3.41
0 95.72 -10.3 3.87
0 95.46 -10.21 2.89
0.01 95.2 -11.02 2.72
0 95.35 -10.34 4.55
0 96.28 -11.71 2.07
0.1 96.26 -13.24 1.34
0.02 96.16 -12.68 1.43
0.17 95.96 -10.66 2.07
0 96.28 -11.14 1.78
16.01 95.96 -12.42 2.54
0 96.03 -13.45 2.18
0 95.66 -12.53 4.33
0 96.33 -13.66 2.53
0 96.46 -13.87 1.51
0 96.57 -12.43 1.24
0 95.97 -7.76 1.68
0.04 95.24 -3.82 4.6
0 95.76 -6.71 3.53
0 95.2 -7.19 2.78
0.17 96.04 -11.23 4.08
0 96.36 -10.03 3.47
0 95.79 -7.75 2.92
0 96.52 -8.08 3.3
0 95.93 -5.39 2.15
0 95.35 -3.66 1.7
0.28 95 -0.81 2.42
0 95.37 -5.59 3.42
0.01 96.29 -6.55 2.24
0.01 96.24 -7.55 1.09
0.03 96.04 -8.49 5.62
0.01 95.58 -9.52 5.66
0 95.76 -9.13 4.6
0 95.87 -6.94 3.03
0 95.85 -6.13 1.77
0 96.34 -4.55 1.58
0 96.2 -3.39 1.89
0 95.03 2.35 3.59
2.2 95.35 -2.87 4.26
0 95.96 -6.74 3.13
0 95.36 -5.09 2.7
0 94.3 -2.09 4.72
0 96.07 -7.01 4.13
8.38 95.87 -6.39 2.79
11.14 95.23 -3.76 4.32
0 95.74 -4.6 3.78
0 95.47 -2.2 3.52
0 95.42 -0.81 3.26
0 95.62 -0.57 1.64
0 95.28 1.56 2.96
0 95.23 0.98 2.94
0.45 95.62 -4.32 3.7
0 94.84 -0.58 2.58
0 94.92 0.01 1.52
0.03 95.12 -3.11 2.37
0.14 95.54 -5.04 3.76
0.04 95.29 -7.09 3.87
0 95.32 -5.03 4.58
0 94.84 -0.34 3.67
0 94.65 0.87 2.97
0 94.86 3.5 2.02
0 95.13 4.38 2.99
0 95.93 -0.18 4.41
0 95.95 0.96 2.87
0 95.92 1.57 2.06
0 95.64 2.97 1.59
0 95.28 3.57 1.83
0.89 95.17 4.33 1.97
0 95.7 5.52 1.86
0.14 95.8 4.82 2.15
0.75 95.84 2.05 3.33
0 95.68 1.82 2
0 95.43 3.11 2.11
0.68 95.82 1.85 1.51
5.4 95.5 1.4 1.37
1.73 95.34 3 2.54
0.57 95.27 1.97 2.12
0 95.45 2.96 2.52
0 95.24 5.41 2.43
0 95.17 9.21 3.64
0.09 95.97 4.17 2.64
0 95.78 4.59 2
0 95.18 5.94 1.73
0 95.2 9.36 2.04
0 95.11 12.59 2.95
0 94.8 16.37 3.75
0.48 94.54 14.21 3.5
1.8 94.6 11.21 3.4
0.69 94.69 10.31 2.69
0 95.44 8.9 3.34
0 95.42 9 2.19
0 94.42 13.16 3.81
0 94.99 8.23 4
0 94.9 7.26 2.49
0 94.26 12.44 4.08
0 93.86 15.23 3.04
0 94.31 16.44 3.2
0.25 94.64 14.48 3.19
1.86 93.55 14.49 4.88
0.25 93.74 8.06 5.74
2.02 94.11 7.96 3.12
2.06 94.47 9.62 3.41
0 94.9 10.23 2.26
0.01 94.23 13.45 5.08
0 94.47 10.19 2.9
0 94.79 9.3 3.35
0.01 95.44 8.94 3.61
0 95.48 10.62 4.78
0 94.66 15.16 4.52
0 94.12 17.13 3.23
0 93.79 20.82 4.25
0 94.65 17.15 2.55
0 95 18.01 2.58
0 94.95 21.31 3.76
1.95 94.87 19.04 5.12
12.41 94.83 14.94 3.49
17.71 94.53 9.88 5.94
0 94.76 11 6.24
0 94.63 18.13 4.19
0 94.33 20.62 2.48
0 94.07 20.51 4.17
0.27 94.08 19.25 3.08
0.02 94.23 15.37 4.95
0 94.09 13.16 4.65
1.07 94.31 12.64 4.66
0.15 95.02 14.08 4.88
0 94.99 16.57 2.39
0 94.2 20.03 1.81
0 94.03 23.84 2.23
0 94.04 28.57 3.84
1.98 94.39 26.64 3.36
1.39 94.66 23.9 2.83
5.48 95 15.78 3.53
184.02 95.11 9.86 2.34
0.02 94.89 16.52 2.34
0.01 94.47 19.65 2.16
0.06 94.99 15.54 3.13
0 94.53 19.2 2.48
0 94.15 21.65 2.81
0 94.44 22.43 3.86
20.58 94.75 17.17 2.57
0.67 94.22 19.97 3.11
12.94 93.75 20.27 3.02
0 94.24 17.79 3.42
100.35 94.56 11.46 1.87
0 94.67 15.78 2.25
0 94.67 20.08 2.46
0 94.81 21.62 2.21
23.91 94.51 15.56 2.3
0.71 94.25 18.67 2.71
0.36 94.14 21.93 3.84
0 94.23 21.2 3.68
0 94.59 19.18 2
5.75 94.73 18.44 1.79
30.39 95.03 18.52 1.73
0 95.05 20.81 2.02
0 94.62 26.89 2.39
0.18 94.35 27.42 1.57
1.88 94.19 26.52 2.95
12.43 94.1 24.14 2.33
43.86 94.1 21.08 2.7
75.09 94 19.5 1.89
8.11 94.06 20.12 2.4
0.45 94.23 21.63 2.25
80.72 94.6 18.58 1.49
109.31 94.48 17.23 1.65
5 94.22 19.07 1.42
4.22 94.19 21.8 1.38
0 94.36 24.09 1.67
11.67 94.24 25.22 3.19
20.46 94.26 26.54 3.26
0.08 94.16 27.12 3.01
9.57 94.05 27.17 2.73
24.6 93.93 27.09 2.28
31.98 94.11 24.89 2.51
0.44 94.21 25.56 2.08
19.07 94.37 24.27 1.77
49.08 94.53 22.65 1.5
52.66 94.3 23.93 2.59
564.2 93.48 22.88 2.44
28.36 93.44 24.6 2.83
49.88 93.61 24.43 2.56
0.54 93.57 24.32 1.92
0 93.85 25.44 2
0.37 93.92 28.48 2.49
74.54 93.71 27.83 3.4
19.68 94.13 25.16 2.06
14.19 94.46 26.02 1.63
0 94.58 27.16 1.79
0 94.51 28.18 1.92
0.01 94.24 28.5 2.78
32.52 94.02 26.48 2.78
34.37 94.01 22.68 2.51
48.29 94.74 21.35 2.06
20.99 94.73 21.25 1.55
3 94.26 23.7 1.21
1.53 94.38 23.89 1.6
0.5 94.6 24.12 1.97
23.34 94.25 22.33 2.53
0.86 94.47 22.98 2.38
0 94.97 23.25 1.56
0 94.53 23.61 1.62
85.19 94.14 23.34 3.04
0.04 94.29 25.16 1.9
0.7 94.37 26.01 2.36
32.48 94.11 25.16 2.01
775.43 93.55 23.16 1.98
15.94 93.95 24.15 1.47
59.78 93.99 24.37 2.19
30.72 93.84 22.68 1.97
2.82 93.89 23.86 2.15
23.96 93.76 22.65 1.52
41.59 93.58 20.57 1.56
11.94 93.67 23.15 1.4
9.24 94.07 24.03 2.45
41.14 94.44 22.84 1.99
0.35 94.59 23.49 1.67
19.43 94.53 22.14 1.61
18.1 94.44 21.65 1.55
298.94 94.51 19.5 2.27
60.44 94.66 20.54 1.93
26.98 94.8 21.47 1.79
24.26 94.83 21.8 1.9
6.61 94.46 22.31 1.76
1.14 94.21 25.53 1.97
32.56 94.66 22.8 2.15
299.51 94.55 19.23 2.05
0.02 94.57 20.3 3.59
0 94.65 18.35 3.49
0 94.97 19.07 2.06
17.68 94.7 16.55 2.71
5.79 95.12 16.09 2.71
0 95.26 14.7 2.08
0 94.98 17.11 2.2
0.54 94.97 17.39 1.65
2.76 94.81 19.82 1.86
8.14 94.84 19.38 1.85
6.07 94.75 19.83 2.4
2.73 94.59 20.85 2.66
0.04 94.48 20.33 3.58
0 94.39 19.22 1.74
0 94.19 21.26 2.03
1.11 94.72 18.48 2.66
4.98 94.76 18.54 2.06
76.75 94.65 16.82 1.67
0.02 94.89 16.61 2.14
0 95.29 15.64 1.67
0 95.53 16.29 1.7
2.9 95.46 18.35 2.35
4.78 95.29 18.67 2.1
0.66 94.87 19.15 2.74
0.01 94.7 17.47 2.4
0 94.15 19.21 2.05
0.14 94.6 15.87 2.92
0 94.97 15.33 1.69
0.75 94.32 19.22 2.96
18.47 94.35 16.89 3.48
0 94.53 17.74 3.6
0.12 94.82 18.15 2.4
15.75 94.8 16.07 2.4
28.63 95.08 13.2 1.91
0.05 95.04 10.16 2.25
0 94.93 9.24 3.47
0 94.77 10.25 2.51
0 94.88 13.62 2.42
0.07 95.06 15.38 3.67
0 95.81 9.09 2.57
0 96.15 8.02 2.01
0 95.91 9.62 2.38
0 95.23 13.97 3.63
0 95.01 15.01 2.89
0 95.32 13.97 1.99
17.1 95.61 12.15 1.56
106.96 96.24 8.74 3.34
25.48 96.26 5.1 2.65
0.63 96.05 5.04 3.04
0.75 95.68 4.54 2.3
0 95.56 6.13 2.93
0.01 96.13 4.84 1.17
28.45 96.17 6.8 1.78
0.08 96.52 5.51 1.73
0 96.3 5.93 1.69
3.53 95.64 8.72 1.73
0.05 95.45 9.01 1.29
0 95.15 11.42 2.35
0.01 95.85 7.22 1.81
10.34 95.95 4.1 1.78
0.08 95.95 5.32 1.69
0 95.75 7.01 1.81
0 95.82 7.83 1.29
0 95.21 10.07 1.6
0.02 95.06 10.95 1.87
0 95.91 6.72 4.52
0 96.44 1.98 3.66
0 95.9 5.2 2.34
0 95.01 8.22 2.82
