0.72 95.4 -16.53 1.39
0.02 96.07 -17.42 1.53
20.37 95.92 -19.38 1.48
6.85 96.14 -18.4 3.08
0 96.44 -19.75 2.19
0.01 96.65 -19.98 2.03
0.09 96.75 -17.82 1.35
20.6 96.12 -16.66 1.04
7.06 96.31 -16.6 1.2
0 96.57 -16.22 1.27
0 96.56 -16.17 2.77
0 95.98 -18.56 2.98
0 96 -16 3.24
1.94 95.81 -15.87 1.18
0 96.9 -15.46 1.32
0 96.46 -13.98 1.06
0 96.12 -11.04 1.04
0.01 96.04 -6.64 1.24
0 95.52 0.84 3.27
0.07 96.77 -9.65 4.58
0 96.67 -13.03 2.54
0 96.37 -11.27 4.24
0 95.85 -8.02 3.36
0 95.26 -8.25 4.1
0 96.26 -9.28 3.4
0 101.76 -4.53 3.02
1.69 95.16 -3.7 2.47
0.01 95.8 -10.79 3.96
0 95.37 -5.28 4.57
0 95.43 -5.16 1.78
0 96.02 -8.8 1.52
0.55 96.18 -11.14 1.83
0 96.2 -14.51 2.25
0 96.13 -13.18 2.41
0 96.1 -13.76 2.14
0 96.45 -13.82 1.38
0.01 96.32 -11.46 2.1
2.79 95.37 -3.35 2.76
0 95.47 -4.73 1.61
0 96.1 -7.25 2.38
0 96.7 -10.43 2.87
0 97.11 -12.14 3.34
0 96.84 -11.9 1.94
0.04 96.19 -10.11 2.21
0 96.62 -10.55 2.32
0 96.79 -12.56 1.72
0 96.33 -10.54 1.54
0.01 95.91 -8.82 2.93
0 95.71 -8.4 2.65
0 95.17 -4.03 1.9
0 95.04 -7.2 1.64
0 95.18 -6.28 1.82
0 95.19 -4.34 2.54
0 94.15 1.4 2.01
3.36 94.53 -2.81 1.7
0 95.61 -6.45 2.13
0.2 95.78 -5.29 1.7
2.94 95.43 -6.23 2.06
1.15 96.07 -7.88 2.18
0.11 95.75 -7.8 1.98
0.31 95.48 -3.17 3.4
0 95.54 -1.97 2.85
48.77 95.14 -2.14 2.72
3.04 96.27 -9.91 3.39
0 96.96 -12 1.74
0.01 97.22 -12.36 1.6
2.75 97.52 -10.16 2.52
0.01 96.72 -9.61 2.53
0 95.35 -4.3 2.42
0.2 94.27 2.39 3.34
0.59 95.45 -4.71 4.3
0 96.05 -2.97 1.86
45.07 95.44 -0.4 1.97
1.05 95.45 -2.73 5.45
0.02 95.91 -4.71 2.63
0 96.31 -5.51 2.23
0 95.3 -2.89 2.69
0.28 93.92 3.97 2.51
42.56 94.59 -1.02 3.57
0 94.93 0.12 2.82
0.05 94.91 4.05 3.86
0 95.59 2.53 2.56
0 96.15 -0.57 2.55
0.03 96.14 -3.43 3.37
1.09 95.65 -2.82 1.79
3.35 96.24 -2.38 1.69
0 96.12 3.09 1.48
0.06 95.88 5.95 1.85
4.07 95.3 8.92 4.06
2.1 95.04 7.57 4.57
0 95.49 1.87 5.22
0 95.54 -0.2 4.01
0 95.17 4.5 3.99
0 94.89 8.95 3.75
4.78 95.54 2.71 2.25
0.01 96.17 1.81 2.18
0 95.59 7.09 3.43
0.29 94.39 12.5 5.44
26.29 95.2 2.47 2.67
0 95.5 3.33 2.98
1.29 95.44 1.89 1.96
51.72 95.27 0.43 3.26
0.03 96.04 -1.03 4.95
0 96.16 2.11 2.49
0.47 95.48 4.44 2.61
8.39 95.75 2.95 1.75
0 95.71 5.11 2.76
25.75 95.01 10.68 2.69
33.2 95.51 8.37 1.76
0.16 95.87 8.14 1.98
0.11 96.11 9.66 1.97
0.61 95.86 9.14 2.08
0.12 95.76 8.26 1.81
0 95.33 12.72 3.01
2.42 95.09 13.36 4.09
29.56 94.96 4.67 3.33
13.56 94.57 2.6 3.34
0.09 94.69 5.1 5.94
2.26 94.84 7.07 4.85
8.1 95.08 11.77 2.41
0 94.53 17.25 1.95
0 94.27 18.72 4.03
0.33 94.8 16.62 2.13
2.93 94.3 98.64 2.53
213.48 93.96 9.95 2.66
7.28 94.43 13.22 4.14
42.33 94.45 11.46 1.59
6.68 94.68 14.87 2.41
49.59 94.49 11.34 3.37
12.16 94.4 9.37 2.18
2.7 95.42 9.77 2.24
0 95.67 13.18 1.58
0 95.61 16.15 1.52
4.15 95.2 17.5 3.45
7.63 95.08 20.41 2.47
0.91 95.27 19.61 2.38
19.96 94.81 17.17 2.6
189.86 93.95 12.27 2.6
0.51 93.66 18.26 4.5
0 94.49 21.72 2.44
0 94.63 24.45 2.56
0.29 94.64 22.53 1.98
0.92 94.31 21.52 2.45
11 94.53 17.43 3.69
0.55 95.12 21.22 3.05
0.11 95.53 21.95 2.15
4.61 95.47 19.23 1.85
86.23 94.87 15.65 2.38
64.4 94.49 16.65 1.92
77.38 94.95 15.21 1.77
7.54 95.54 16.63 1.2
2.93 95.45 18.22 1.47
0.48 95.57 19.29 1.48
0 95.6 21.37 1.74
0.01 95.4 22.53 2.05
0 95.1 23.64 2.16
0 95.1 23.8 2.33
0 95.2 24.6 3.32
0 95.33 24.59 3.24
0 95.42 24.86 2.15
1.42 95.3 21.77 2.17
0.04 95.02 21.51 3.29
0.41 94.68 23.44 1.88
22.93 94.43 23.56 2.82
60.11 94.32 22.41 2.73
0.63 94.23 23.74 2.38
11.04 94.33 23.77 1.65
84.63 94.39 21.16 1.97
28.35 94.49 20.67 1.83
1.03 94.57 22.87 1.2
0.08 94.96 23.04 2.6
0.02 94.54 23.45 1.74
6.96 94.89 20.26 2.12
0 94.97 23.24 1.51
0 94.83 25.66 1.87
0 94.82 26.71 2.58
0 94.75 26.05 1.74
15.63 94.58 21.94 1.55
39.12 94.5 22.41 1.44
0.2 94.56 24.01 1.38
0.07 94.32 25.62 1.32
86.79 94.27 22.28 2.22
2.07 94.28 24.96 1.38
0.04 94.28 27.81 1.65
4.85 94.25 27.19 1.91
0 94.26 26.7 2.88
0.03 94.4 25.18 2.52
10.38 94.69 21.29 1.8
2.71 94.88 22.52 1.99
1.01 94.84 22.3 2.29
52.68 94.62 21.53 1.64
107.27 94.62 20.84 1.41
290.15 94.89 20.15 1.32
4.14 95.15 22.45 1
0 95.08 24.17 2.14
75.85 94.64 22.69 2.43
5.08 94.41 24.96 2.85
1.27 94.64 26.13 2.29
2.19 94.61 27.27 2.32
10.66 94.7 26.03 2.48
152.4 94.63 23.69 1.87
1.15 94.86 24.67 1.49
1.66 94.97 25.96 1.58
10.66 94.99 26.91 1.36
3.06 95.12 27.57 1.55
0.53 94.98 28.01 2.06
9.01 94.88 27.43 2.4
34.22 94.53 26.82 2.3
279.94 94.13 25.98 2.56
9.29 94.16 22.21 1.28
39.16 94.11 25.59 1.19
190.18 94.44 22.04 1.54
0 95.05 21.33 1.99
0.02 94.94 22.78 1.42
6.78 94.21 24.9 2.9
52.75 94.44 23.19 1.8
90.28 94.83 22.23 2.92
0 95.59 20.52 1.62
23.9 95.2 20.5 1.44
92.12 94.5 22.48 2.13
26.79 94.57 22.77 2.13
0 94.79 21.86 1.89
0 94.51 24.84 2.4
36.76 94.24 24.84 1.86
1.93 94.13 26.31 2.12
19.31 94.03 24.35 3.14
0 94.54 22.37 2.87
0 94.9 22.47 1.66
14.66 94.9 23.09 2.1
6.75 95.07 23.34 2.31
118.14 95.23 22.56 1.89
1.04 95.53 22.87 1.72
157.51 95.43 18.69 1.54
72.4 95.39 18.99 1.33
0.75 95.39 20.16 1.32
0 95.31 22.43 1.7
0.07 95.54 21.76 1.69
1.23 95.74 21.71 1.51
0 95.45 21.02 1.6
1.3 95.25 19.92 1.48
25.92 94.86 20.66 1.53
6.25 94.97 20.74 1.22
0.74 95.02 21.95 1.77
15.74 95.53 20.13 1.59
6.83 95.66 20.98 1.23
0.02 95.55 19.99 1.11
0 95.26 19.91 1.7
0 95.04 22.6 1.6
1.3 95.25 23.58 1.73
0 95.81 18.3 1.61
0 95.62 17.45 1.37
1.47 95.17 18.12 1.28
7.05 94.84 19.02 1.4
0.2 95.08 19.46 1.45
0 95.22 20.68 1.03
2.08 95.27 22.28 1.33
0 95.37 22.66 1.69
4.63 95.16 21.42 2.16
111.34 95.56 14.93 2.08
297.82 95.66 9.12 1.81
162.28 95.52 12.41 1.34
0 95.24 16.14 1.47
48.42 95.49 14.67 1.97
200.68 96.11 9.63 2.4
0 95.99 10 2.22
0 95.79 12.52 1.38
0.68 95.51 14.73 1.34
8.47 95.26 15.58 2.56
0.22 95.46 12.91 2.48
0 95.42 11.03 4.65
0 96.25 9.18 2.57
0 95.84 10.09 1.41
0.02 95.53 15.09 1.77
0.87 95.87 12.71 1.37
305.33 95.61 7.49 2.34
86.29 95.54 7.6 2.5
0 95.66 9.36 1.63
0 95.27 13.33 1.24
0 95.16 16.93 2.31
0 95.3 18.12 2.61
0 95.24 17.74 2.36
0 94.8 17.29 3.19
21.4 95.39 11.17 2
139.62 95.83 5.26 2.13
0 95.92 8.25 1.5
0 95.48 9.77 1.63
0 95.67 8.66 3.04
0 95.18 7.92 2.77
0 96 2.79 2.74
0 96.58 0.92 0.99
18.71 96.51 -0.13 1.31
59.47 96.55 0.87 1.07
0 96.42 2.02 1.15
0 95.87 4.25 1.37
0 95.57 8.94 1.46
7.77 95.76 8.94 2.15
3.39 96.3 3.63 3.34
0 96.66 -0.12 3.33
0 97.32 -1.31 2.27
0 96.49 0.89 1.55
0 96.37 4.6 2.1
0 96.36 5.79 1.34
0 96.42 5.92 1.43
0 96.24 6.26 1.99
0 96.76 2.34 3.37
0 96.31 1.62 1.85
0 95.87 5.46 1.63
0 95.97 4.71 1.25
0 95.65 6.89 1.75
0 95.35 7.46 1.45
6.13 95.52 3.42 2.23
0.24 96.03 0.3 3.4
0 95.7 -1.07 1.43
0 95.26 0.4 1.28
26.6 94.73 0.89 3.85
1.41 95.17 -0.57 1.93
0.88 96.18 -1.19 3.98
0 97.15 -4.73 2.65
0.03 96.48 -2.98 2.33
0 95.83 0.37 1.5
0 95.75 1.42 1.94
0 95.43 5.11 3.17
0 94.97 3.52 2.29
0 94.73 5.89 1.86
0.22 94.88 2.25 4.11
0 95.65 -2.46 2.03
0 95.5 -1.92 1.88
0.01 95.73 -1.81 4.12
0 96.02 -6.2 2.59
0.34 95.18 -5.9 2.31
0 95.53 -7.04 6.23
0.26 95.7 -7.68 1.4
0.15 95.59 -6.8 1.28
0 95.21 -2.94 1.95
0.04 94.81 -3.37 1.88
0.05 95.39 -7.61 3.52
0 95.48 -5.53 2.19
0 94.46 2.86 2.3
0 95.85 -2.91 2.97
0 96.4 -5.68 3.2
0 95.13 -5.18 2.38
0 95.1 -6.78 1.45
0 94.58 -5.04 1.72
2.14 94.46 -8.59 3.85
0 95.47 -12.25 1.71
1.13 95.84 -14.09 1.98
0.07 96.56 -15.38 2.83
0 96.46 -16.16 3.51
0 96.15 -15.3 3.36
0 94.85 -8.74 3.41
0 94.71 -6.57 1.43
0 94.75 -4.1 1.83
0 95.01 -2.86 2.4
0 95.26 -0.99 1.87
0 95.01 -7.11 1.41
0.19 95.58 -10.62 2.81
0 96.85 -16.71 3.05
0 96.81 -15.79 3.42
0 95.91 -14.75 3.29
0 94.81 -11.93 2.85
0 94.49 -9.18 2.13
0 95.13 -11.78 3.31
3.71 95.38 -12.49 1.92
0.02 95.55 -12.67 4.65
0.18 96.08 -11.21 5.12
0 96.28 -11.34 3.36
0 96.44 -12.3 2.77
0 96.05 -12.85 0.91
0.01 95.65 -12.76 1.52
0.02 95.81 -11.48 4.89
0 96.42 -10.21 4.06
0.01 95.74 -8.01 1.77
0.17 95.62 -9.44 3.66
0 96.17 -13.4 3.95
0 95.43 -11.08 2.79
0 94.98 -12.26 3.78
0 95.14 -12.76 1.94
0.01 95.14 -11.13 3.06
0.02 96.14 -15.08 3.15
0 96.56 -17.5 3.45
0 96.36 -15.08 2.51
0 96.19 -14.12 2.53
0 95.91 -14.46 2.93
0 95.89 -14.46 3.4
0 95.79 -12.62 2.14
0 95.61 -12.74 1.53
0 95.62 -13.28 3.2
0.04 95.88 -14.58 3.5
0.01 96.04 -14.26 1.8
0.06 96.21 -14.67 2.29
0 96.63 -15.17 1.63
0 96.92 -14.04 2.8
0.02 96.46 -14.1 3.22
0 96.17 -14.68 3.69
0 95.95 -10.98 3.6
0 95.56 -3.91 2.68
0 95.26 -4.72 1.75
0 95.2 -7.69 1.46
0 95.05 -6.06 2.12
0 95.31 -5.64 2.31
0.02 94.48 -3.41 4.8
0.03 95.06 -3.11 2.68
0 94.76 -6.44 2.07
0.6 94.9 -7.33 3.24
0.1 95.7 -10.46 1.89
0.86 95.68 -9.88 1.06
2.14 95.94 -13.19 3.86
0 96.07 -12.38 2.18
0.13 95.98 -11.63 1.94
0.09 95.93 -11.75 1.52
0 95.21 -3.9 2.85
0.86 95.2 -5.18 1.74
3.28 95.64 -4.79 2.61
0 95.61 -4.14 1.92
0 95.48 -0.32 1.91
0 95.78 -0.67 1.66
0 95.39 1.47 2.11
0 94.91 2.47 3.65
4.51 94.72 1.07 2.09
0.22 95.45 -3.83 2.75
0 96.08 -4.75 1.69
6.4 95.48 -1.97 4.27
0.5 96.28 -8.92 3.6
0.05 95.78 -7.8 3.3
0 95.46 -6.61 3.28
0 95.46 -6.61 2.3
0 95.58 -4.3 3.07
0 95.23 -0.83 1.92
0.1 94.73 1.66 2.61
0 95.55 -1.51 3.62
0 95.27 -1.31 4.44
0 95.32 -3.61 4.65
0 95.67 -1.76 3.84
0 95.41 -0.02 3.7
0 94.79 2.52 2.98
0 94.08 7.26 2.2
0.02 94.82 2.51 4.34
0 95.96 -2.03 3.9
0 95.65 -4.87 4.47
0 95.41 -3.23 3.19
0 94.8 3.47 3.19
0 94.47 4.93 4.92
0 94.89 2.07 3.83
0 95.07 -0.27 2.26
2.81 95.67 -3.37 4.21
0 95.76 -2.57 3.23
0 95.49 -1.87 2.5
0 95.64 -2.18 4.65
0 98.88 -0.33 2.7
0 98.84 1.14 2.96
0 98.68 3.12 3.05
0 98.95 2.93 1.96
0 98.61 7.4 3.22
0 98.3 8.25 2.07
0 97.88 10.49 4.18
0 99.18 2.45 4.13
0 99.11 2.51 2.41
0 98.65 6.04 2.61
0 98.56 7.85 1.34
0 95.3 10.19 2.65
0.06 94.57 10.72 5.3
1.22 94.93 8.07 4.69
0 94.93 8.33 3.91
0 94.77 8.96 3.55
1.36 95.44 5.59 3.42
0 95.13 9.37 3.4
0 94.52 14.78 3.51
0 94.62 13.88 1.66
0.04 93.88 16.23 3.18
0 94.73 10.74 5.29
0 94.45 12.36 4.19
1.95 94.46 8.47 6.94
0.54 95.12 7.11 5.07
0 94.95 9.81 2.18
0 94.39 13.78 4.04
54.57 95.13 7.54 2.23
3.31 95 6.56 1.98
14.51 94.74 5.31 3
5.75 94.31 6.51 3.8
0.1 93.89 8.78 1.84
6.65 93.91 9.51 2.89
2.17 94.59 7.63 2.87
0 94.1 9.84 1.48
36.4 93.48 8.8 1.67
4.99 93.43 9.61 2.23
0.91 94.34 13.66 3.65
0.24 94.59 11.54 4.2
0 94.92 12.85 2.85
1.62 94.47 12.94 2.92
126.13 93.69 9.54 3
0.11 93.73 11.22 3.73
0.01 94.25 13.53 3.09
1.33 94.25 15.04 3.76
14.99 94.04 16.9 3.01
0 94.31 18.32 2.36
0.15 93.98 16.6 4.93
0.5 93.9 13.03 5.93
0 94.1 15.43 6.58
0 94.22 16.49 4.48
0 94.77 13.34 3.39
0 94.74 14.26 2.22
0.01 93.64 17.62 2.41
17.06 93.41 18.95 3.67
12.14 94.59 13.72 2.99
2.85 94.69 12.04 3.29
0.39 94.56 13.05 4.28
0 94.41 17.83 3.19
0 94.54 18.79 2.86
0 94.67 21.14 3.16
3.88 94.59 20.64 4.33
8.16 94.53 18.95 5.05
0.02 94.36 20.22 2.91
0.63 94.18 23.62 5.14
7.72 94.27 22.56 2.73
42.9 93.86 18.8 3.22
7.58 93.79 17.44 3.07
0.03 94.23 19.77 2.94
6.58 93.94 20.66 5.42
3.89 94.06 19.1 3.89
0.43 94.32 19.74 1.88
0.87 94.19 23.19 1.89
14.74 93.56 24.48 3.05
12.06 93.29 22.03 2.67
16.6 93.54 21.76 2.14
0 93.95 22.77 2.63
41.09 93.91 20.67 2.01
194.04 94.06 16.1 2.59
6.14 94.25 19.62 2.01
7.98 94.28 21.47 1.37
71.09 94.07 20.4 2.05
51.07 94.06 18.67 2.04
119.84 94.26 17.39 1.82
0.61 94.42 20.35 1.74
0 94.34 23.69 1.25
0 94.18 25.96 1.92
0.05 93.9 27.39 2.84
0 93.83 27.29 2.76
10.17 93.61 22.33 2.27
57.93 93.89 16.31 2.53
0.94 94.56 19.38 2.61
0 94.91 20.89 1.54
5.11 94.33 22.16 3.07
8.78 93.63 22.98 2.6
15.29 93.79 24.74 2.67
0.03 93.94 24.95 3.12
35.26 93.85 23.76 2.56
54.64 93.95 22.24 1.45
0.27 93.85 23.66 2.32
0 93.97 23.96 2.51
0 94.09 25.49 2.58
42.99 93.6 22.7 2.46
0.64 93.31 25.09 3.35
91.14 93.4 18.17 1.74
20.35 93.45 18.75 2.65
9.35 94.12 21.31 1.83
19.01 94.28 23.17 2.27
10.14 94.35 24.05 2.01
6.12 94.37 23.77 2.3
1.3 94.18 24.2 1.37
47.77 94.3 21.96 1.82
10.33 94.27 22.48 1.58
44.87 94.13 21.78 1.69
18.03 94.2 21.17 1.37
50.38 94.25 21.9 1.36
342.64 94.12 20.43 2.02
62.57 94.02 21.12 1.49
66.59 93.95 22.09 1.96
15.62 93.92 23.2 1.95
0.2 93.99 25.35 1.42
26.12 93.97 25.82 2.14
397.91 93.78 22.43 2.22
69.69 93.72 22.58 2.39
8.12 93.92 23.14 2
0.65 94.14 24.75 1.45
87.34 94.33 21.69 1.64
81.04 93.97 21.18 1.58
0.02 94.03 23.53 1.72
0.27 94.17 24.41 2.11
0.59 94.52 23.31 1.98
0.05 94.12 23.8 2.06
0 94.09 24.04 1.73
0.02 94.3 24.33 1.59
5.5 94.28 23.62 1.35
7.27 94.3 23.9 1.66
10.59 93.96 23.82 1.59
7.71 94.07 25.43 2.01
0 94.47 24.7 1.29
0 94.3 25.9 1.17
0 94.02 26.11 1.75
21.95 93.78 25.62 1.75
94.92 94.16 21.04 1.87
249.35 94.2 18.42 1.81
14.45 94.22 21.31 1.44
12.88 94.38 20.86 1.27
0.1 94.64 21.47 1.59
0.14 94.77 22.18 1.2
0 94.77 23.29 1.32
0.62 94.65 23.3 1.47
17.86 94.88 21.24 1.66
0 94.86 20.64 1.35
29.95 94.83 20.12 1.36
3.55 95.06 20.1 1.51
0.69 95.14 21.35 1.39
12.2 94.94 19.71 1.96
7.18 94.61 20.9 1.32
0.79 94.51 22.19 1.41
0 94.45 23.27 1.37
15.96 94.2 22.53 2.87
0.99 94.74 19.13 1.71
0 94.53 20.08 1.53
3.32 95.06 18.11 2.32
0.24 94.99 18.75 1.51
0 95.05 18.04 1.34
0 94.57 19.45 1.28
13.96 94.22 18.56 3.06
2.52 94.86 13.69 1.81
0.11 95.42 13.32 1.83
2.74 95.66 13.77 1.98
7.1 95.12 16.83 2.08
0.24 94.86 17.63 2.12
0.05 94.44 19.89 3.14
16.94 94.52 17.32 2.04
11.77 94.77 14.12 1.49
40.46 95.11 12.55 2.17
0 95.5 9.38 2.33
0 95.93 9.67 2.28
0 95.75 10.51 1.39
0 95.4 11.95 1.63
0 95 13.43 1.49
0 95.1 14.51 2.28
0 94.98 14.95 1.9
0 94.72 17.6 2.79
0.05 95.01 17.91 1.75
0.1 95.15 18.9 3.03
0.03 94.97 18.47 2.26
7.8 94.82 15.29 1.96
0.14 95.29 8.55 3
0 95.78 6.65 2.55
0 95.83 7.25 2.93
0 96.29 8.12 3.34
0 95.94 9.43 1.46
0 95.25 11.28 2.21
0 94.69 12.43 3.2
0 95.28 10.05 2.02
0 95.25 10.68 1.32
0 95 14.34 2.19
0.07 95.44 13.67 2.91
0 95.96 9.4 1.23
0 95.67 12.15 1.6
0 95.08 14.43 1.4
65.53 94.52 10.65 1.66
3.74 94.46 9.26 2.21
0.95 94.08 8.4 2.7
1.04 94.58 8.73 4.23
0 95.58 5.16 2.01
0 95.63 8.57 1.41
0 95.41 11.04 2.12
0.01 95.25 14.39 3.32
0 95.2 13.67 1.92
0.26 95.1 11.52 1.46
36.71 95.67 4.64 3.56
0.01 96 2.38 3.32
0 95.99 4.31 1.83
0 95.56 5.92 1.51
0.78 95.41 7.31 2.46
0 95.7 6.58 1.6
0 95.34 7.14 1.49
0 95.15 9.22 3.21
0 95.35 10.36 4
2.91 95.56 11.17 2.69
0.09 96.15 4.89 1.53
0.74 95.82 7.76 1.61
3.01 95.59 9.83 3.15
0.19 96.3 2.66 2.71
0.04 96.14 1.12 1.09
0 96.07 3.24 1.42
0 96.04 3.29 1.49
0 95.83 2.08 1.19
0 95.19 2.44 1.16
0 94.6 4.39 2.09
0 94.88 5.42 3.32
0.04 95.68 -1.81 2.66
0 95.77 -4.53 1.71
0 95.8 -3.71 1.45
0 96.03 -1.56 1.66
32.49 95.39 0.22 0.83
4.69 95.2 -0.94 2.69
0.9 95.39 -5.26 3.43
0 95.87 -6.48 2.42
0 95.86 -4.21 1.9
13.66 95.49 -5.69 2.61
0.34 96.09 -7.65 2.85
0 95.8 -8.53 0.91
0.07 95.77 -6.65 1.42
0.55 95.12 0.16 2.09
0 95.21 -0.96 1.32
0 96.05 -3.78 2.22
0 96.59 -8.41 1.54
0 96.86 -8.16 1.99
0.08 96.11 -7.7 0.92
0.02 95.42 -5.36 1.05
0 95.62 -6.36 1.3
0 95.95 -8.25 0.94
0.79 96.17 -8.88 0.82
0.85 96.14 -6.27 0.79
0.68 96.42 -7.92 2.54
0.02 96.72 -11.86 3.63
0 96.33 -11.18 3.04
0.01 95.5 -6.59 4.81
0 95.56 -3.69 2.76
0 96.01 -6.85 1.65
0.01 95.3 -3.86 2.83
0 96.03 -9.32 4.44
0 96.24 -13.02 3.26
0 96.35 -12.09 3.78
0 96.1 -10.4 2.14
0 96.16 -10.35 2.15
0 96.07 -11.18 1.01
0 95.72 -10.22 2.03
0 95.69 -9.56 4.03
0 95.92 -11.53 2.6
0 95.45 -9.55 3.23
0 95.63 -12.75 1.87
0 96.13 -12.21 1.69
0 96.37 -10.82 1.87
0 95.9 -7.21 2.09
0 96.3 -10.88 1.59
0 96.61 -14.65 1.09
0.09 96.05 -12.58 0.79
0.01 95.85 -9.85 1.77
0.16 96.25 -11.28 1.96
0.41 95.67 -11.71 2.52
0.13 95.84 -12.53 4.14
0 96.05 -11.89 2.58
0 95.85 -11.27 1.73
0 96.66 -14.33 1.26
0.12 96.55 -14.81 0.89
0 96.13 -12.16 1.38
0 96.09 -13.24 0.96
0.08 96.15 -12.52 3.13
0 96.23 -12.48 2.87
0 95.37 -7.03 3.13
0 95.62 -8.79 2.32
0 95.54 -8.92 2.29
0 95.27 -10.32 0.87
0.05 95.11 -8.67 1.27
0.09 95.32 -11.79 1.01
0 95.47 -10.68 1.23
0 95.92 -11.42 1.16
0.01 96.59 -14.1 3.22
0 96.45 -17.78 3.17
0 96.1 -17.64 2.64
0 95.59 -16.99 2.16
0 95.44 -16.26 2.71
0 95.04 -13.96 3.02
0 95.15 -13.46 1.72
0 95.68 -14.85 1.51
0 95.91 -14.68 1.76
0 96.3 -15.41 1.66
0.05 95.92 -17.06 1.28
0.25 95.45 -16.29 3.85
0 96.24 -17.49 4.25
0 96.22 -15.73 2.91
0 95.25 -13.12 2.98
0 95.33 -9.98 2.49
0.13 94.77 -6.45 2.33
0.02 95.41 -13.06 4.97
0 95.62 -15.88 4.78
0 95.2 -12.71 4.99
0 95.37 -10.57 3.09
0 95.71 -10.99 2.91
0 95.75 -10.91 1.61
0 95.44 -8.59 2.77
0.03 95.17 -4.12 2.27
0.14 95.74 -8.83 2.97
0 95.69 -10.31 2.83
0.04 95.77 -11.61 3.32
0 95.9 -13.01 4.64
0 95.79 -10.15 3.39
0 95.19 -5.69 2.82
0 95.32 -8.4 2.2
0 95.08 -9.82 1.15
17.33 94.7 -8.21 2.32
0 95.64 -7.44 2.47
6.45 95.5 -6.55 2.18
0.03 95.96 -8.76 3.3
0 95.89 -8.2 2.6
0 95.36 -6.09 1.44
0 94.97 -1.73 2.6
0 95.14 -0.19 2.18
13.77 95.72 -4.06 1.25
0.37 95.91 -7.64 1.75
0.25 95.85 -6.31 1.5
0.06 95.22 -1.82 1.97
31.27 94.52 -3.77 1.65
28.07 94.58 -4.2 2.57
0.03 95.21 -4.5 3.7
0 95.94 -8.37 3.76
0 95.64 -8.65 1.86
0.2 95.53 -7.99 4.37
0 96 -7.9 3.85
0 95.67 -5.94 1.79
0 95.02 -1.79 3.02
0 95.56 -0.87 2.03
0 95.17 2.97 3.26
3.37 94.26 5.84 4.37
8.51 94.98 -3.03 3.71
12.44 95.81 -7.95 2.12
0 95.55 -2.35 2.3
0 95.49 -0.08 2.03
0 94.86 4.48 3.6
0 95.43 2.23 1.74
4.62 94.54 1.59 4.59
0 94.97 -0.32 5.77
0 95.43 0.46 3.42
0 95.11 5.14 2.4
0 95.32 8.36 3.35
0 95.48 9.6 3.44
0.23 94.48 10 7.79
0.48 95.13 1.16 4.9
0.3 95.13 -0.6 4.6
0 95.12 -0.15 2.01
3.05 95 1.47 2.87
0 94.64 4.17 4.41
0 94.46 4.62 5.05
0 94.73 3.65 4.88
0.1 95.09 3.85 2.45
0 94.6 10.2 3.71
0 94.73 10.52 4.9
0 94.61 13.15 3.38
5.37 94.36 13.78 5.73
3.68 94.73 7.78 4.5
0 94.16 12.12 3.32
0 94.02 14.23 3.19
0 94.01 15.43 3.19
3.29 94.66 9.16 3.84
0 94.94 8.92 2.52
0 94.01 16.35 4.2
0 94.06 18.66 4.05
1.96 94.45 15.08 4.44
26.14 94.96 13.42 3.4
1.47 94.41 12.78 2.49
0.22 93.76 14.39 1.85
0.36 93.71 18.06 3.97
197.68 94.23 12.52 3
70.33 94.17 9.4 4.5
0 93.57 11.15 3.46
0.1 93.28 11.52 7.33
0 94.5 9.71 3.16
0 94.5 12.92 2.64
0.41 94.21 17.92 3.75
0.39 94.82 16.55 2.49
14.83 94.31 17.44 2.2
0 94.36 20.81 2.1
0.72 94.52 20.16 2.5
0 94.58 17.96 3.24
0 94.22 17.57 2.32
2.78 94.21 16.51 1.92
0 94.43 18.3 2.12
0.05 94.67 20.23 2.45
4.87 94.9 19.79 2.75
85.53 94.91 14.33 1.77
20.22 94.41 13.77 2.76
19.48 94.18 11.16 2.7
3.36 94.14 12.13 4.16
0.01 93.89 12.24 3.3
5.61 93.64 12.48 5.17
0.04 94.1 15.95 1.52
0 93.99 22.43 3.83
9.83 94.57 20.07 2.95
4.88 94.91 18.47 1.92
0.1 94.75 20.47 3.97
2.11 94.48 19.83 3.97
3.53 94.61 17.35 3.1
0 94.6 17.11 3.08
0 94.4 18.24 2.49
0 94.05 20.05 2.55
0 94.49 20.62 2.38
0 94.61 23.1 2.42
9.44 94.63 20.62 2.59
55.83 95.05 14.84 2.81
0.17 95.14 16.96 1.59
11.59 94.69 17.09 3.09
11.66 94.45 16.65 3.09
71.54 94.22 15.7 2.2
13.16 93.92 18.89 3.6
1.06 94.12 20.81 2.09
4.63 93.69 20.16 2.52
12.04 93.56 22.17 2.19
27.03 93.56 22.35 2.32
51.05 93.42 21.49 3.32
11.92 93.56 17.49 3.06
2.23 93.27 16.66 3.22
15.84 93.36 16.67 2.58
199.63 93.99 13.82 2.04
325.1 94.21 14.26 2.05
207.36 94.22 15.46 2.82
5.8 94.08 19.2 1.62
4.85 93.97 22.11 1.66
6.63 94.16 21.68 1.76
30.37 93.9 21.49 1.53
16.15 93.94 21.79 1.65
2.47 94.1 21.83 1.32
40.8 94.07 21.07 1.53
0.68 93.81 22.41 2.02
53.56 93.84 22.11 2.41
33.33 94.21 20.92 2.45
9.99 94.57 22.75 2.08
1.27 94.74 23.05 1.7
2.42 94.47 20.83 2.05
53.91 94.05 21.28 2.1
0 93.9 23.78 2.12
2.09 93.52 24.64 4.05
3.51 93.55 22.88 3.75
0.89 93.53 22.7 2.78
0.05 93.89 23.42 1.6
1.16 94.03 23.19 1.59
0.67 93.92 23.72 1.54
16.34 93.89 24.21 1.82
38.47 93.88 25.23 2.14
23.1 93.93 25.07 1.99
162.32 93.53 21.39 1.8
37.11 93.32 19.47 2.72
81.36 93.71 19.02 3.18
12.53 94.22 20.85 2.59
0 94.23 21.33 1.72
0 94.26 22.71 1.46
0 94.49 24.58 1.29
0 94.58 24.95 2.01
0.1 94.4 24.93 2.29
2.01 94.26 25.15 1.48
5.34 94.2 25.29 1.7
46.01 94.13 23.88 1.43
412.81 93.73 21.95 3.4
0 94.22 23.33 1.3
0 94.42 24.02 1.75
6.19 94.34 24.35 2.05
59.37 93.95 25.54 3.7
1.93 94.34 24.13 1.64
115.38 93.87 22.96 2.18
18.73 93.58 23.84 3.87
0.28 94.22 22.17 1.35
61.52 94.52 19.94 1.49
135.79 94.68 18.93 1.68
124.65 94.61 19.85 1.32
15.65 94.63 21.93 1.6
104.18 94.68 21.86 1.7
0 94.86 23.2 1.15
0 94.68 24.2 1.2
0 94.29 25.87 2.02
9.02 94.21 24.75 1.82
6.64 94.49 23.53 1.24
0 94.33 24.46 1.55
13.18 94.43 20.56 2.3
28.79 94.46 18.02 2.12
0.94 94.57 19.93 1.52
2.68 94.25 19.14 1.91
7.01 94.32 21.21 1.78
0 94.66 22.18 1.7
0.05 94.24 23.33 3.09
103.49 94.27 23.16 2.29
2.28 94.37 21.14 1.55
11.4 94.34 20.27 2.47
5.66 94.94 16.72 1.87
0.03 95.08 16.55 1.89
0 94.83 20.7 2.44
0 94.76 22.18 2.03
0.21 94.62 22.52 2.46
1.63 94.66 21.95 1.26
10.49 94.55 21.62 1.63
0.61 94.12 22.76 1.96
0.94 94.26 23.72 2.67
0 94.5 24.77 2.01
0 94.62 25.3 2.38
0.64 94.65 24.92 1.92
227.5 94.6 16.72 3.05
26.27 94.96 13.77 2.58
0.28 95 13.04 2.01
0.98 95.1 16.24 1.74
0 95.02 19.63 1.98
21.95 95.14 18.11 1.45
1.15 95.05 17.31 1.11
0 94.98 18.81 1.06
0 94.91 20.89 1.39
31.2 94.59 19.43 2.36
102.67 94.61 13.32 3.77
0.39 94.74 11.92 2.7
0 95.12 14.13 1.43
0.08 95.58 14.36 1.04
0 95.68 14.01 1.27
0 95.05 14.71 2.34
0 94.56 16.23 2.74
0.19 94.54 16.11 1.63
0 94.76 17.84 1.7
2.11 94.67 18.44 2.27
0.74 94.69 17.52 1.36
3.28 95.03 16.01 1.39
0.34 95.33 15.91 1.34
24.85 95.2 14.85 1.88
2.06 95.44 14.83 1.46
48.23 95.07 10.74 1.55
44.94 95.05 10.06 6.79
0.78 95.24 11.52 3.43
0 95.24 11.65 1.7
0 95.07 12.92 1.49
0.38 94.88 14.42 2.16
0.78 94.72 13.52 3.05
0 94.86 13.36 2.29
0 95.4 11.1 1.78
0 95.8 12.03 1.08
0 95.66 13.88 1.41
0 95.15 16.08 2.58
22.75 94.73 12.91 3.27
0 95.25 8.91 2.33
0.03 94.85 10.75 2.34
0 94.67 13.03 2.28
0.07 95.07 8.81 3.77
0 95.48 7.05 2.21
0.01 95.59 7.45 2
34.14 94.95 9.29 3.7
0 94.99 4.54 3.7
0 95.09 5.85 2.54
0 94.92 7.92 2.09
0 95.33 6.86 1.35
72.18 95.61 1.98 1.12
83.93 95.05 2.32 1.75
0 94.73 6.38 1.92
0 94.48 9.6 3.4
0 95.11 8.84 1.9
0 95.13 11.24 2.27
5.62 95.01 10.7 3.03
0 95.94 3.31 1.48
1.81 95.82 0.22 2.33
0.05 95.41 0.05 2.68
0.03 95.25 -0.23 2.2
0 95.21 2.22 1.49
0 95.42 0.88 1.97
10.37 95.47 0.52 1.5
191.98 95.11 -0.34 72.96
60.56 95.35 -0.64 3.11
0 95.37 -3.23 0.88
0 95.04 -0.86 1.8
0 95.28 -0.51 1.22
0 95.7 -2.24 1.02
54.17 95.4 -2.17 0.8
118.09 94.1 -2.39 5.35
0.23 94.59 -4.14 3.33
0 94.65 -6.05 4.47
0 95.45 -4.67 2.75
0 95.72 -6.16 0.99
20.66 95.2 -2.73 1.23
0 95.11 -4.95 70.47
0.01 94.81 -4.89 3.1
0.01 95.39 -3.14 3.1
0 95.43 -4.76 1.53
0 95.09 -2.35 2.09
5.59 95.59 -5.44 2.12
0 95.5 -6.78 2.38
0 94.97 -5.42 2.12
0 94.91 -2.96 3.61
0 94.99 -7.46 2.83
0 94.07 -3.99 3.58
0.02 94.82 -6.45 4.33
0.02 95.38 -9.26 2.25
0 96.08 -12.95 2.29
0.11 95.72 -13.98 1.53
0.25 94.63 -4.93 3.09
1.49 94.83 -7.78 4.03
0 95.1 -10.81 2.02
0 95.13 -12.96 3.32
0 95.07 -14.69 2.87
0 95.24 -16.1 2.63
0.01 95.25 -17.09 3.91
0 95.38 -11.41 3.83
0.05 95.99 -13.52 1.4
0.03 96.15 -13.43 0.9
0.08 95.58 -11.54 1.75
0.02 95.6 -8.6 1.37
18.96 95.69 -10.6 1.05
0.63 95.47 -9.32 1.14
0.69 95.84 -11.97 1.19
0 96.18 -12.82 3.81
0 96.27 -15.03 2.14
0.01 95.73 -14.8 0.9
0.15 95.84 -12.33 89.74
4.35 95.84 -10.38 3.5
0.01 96.3 -15.9 2.82
0 96.1 -19.64 2.57
0 95.26 -18.04 4.52
0 96.4 -18.75 2.24
0 96.13 -18.53 1.15
0 95.55 -13.58 1.25
7.09 95.55 -14.64 0.87
17.19 95.59 -12.71 3.98
0 95.21 -15.25 3.51
0.02 94.68 -15.11 2.13
0 95.12 -17.91 3.9
0 96.23 -18.52 4.04
0 96.8 -15.93 2.39
0 95.85 -16.51 1.22
0 95.69 -14.35 1.6
0 95.58 -15.14 1.3
0 95.49 -15.04 1.43
0.02 95.9 -16.85 1.82
0 95.71 -15.17 2.15
0 95.57 -14.94 1.16
0.58 95.22 -13.25 0.77
0 95.3 -12.07 1.66
0 95.3 -13.34 0.84
0 95.76 -10.55 2.01
1.58 95.48 -13.45 1.5
0 96.19 -14.44 2.39
0 96.44 -11.79 2.01
0 95.47 -7.17 2.19
0 95.97 -9.85 1.06
12.81 95.99 -9.57 0.95
0.98 96.04 -9.43 1.59
0 95.8 -13.43 1.13
0.02 94.68 -7.83 2.75
0.03 95.26 -13.79 4.23
0 95.32 -15.41 1.49
0.15 95.64 -14.71 1.2
0.04 95.55 -11.44 1.72
0 95.13 -6.51 1.17
0 95.39 -7.23 1.12
0.04 95.31 -5.58 1.45
1.19 95.23 -6.02 1.72
0.71 95.84 -8.12 3.99
0 95.95 -10.64 2.53
1.51 94.95 -9.28 2.97
0 95.71 -9.62 2.84
0.01 95.26 -7.93 1.97
1.31 95.56 -15.16 4.02
0 96.39 -18.08 4.56
0 96.26 -16.66 1.46
0.39 95.39 -12.17 2.13
0 96 -13.13 2.1
0.07 96.04 -12.62 1.76
0 95.33 -7.48 80.67
0 95.11 -4.97 2.85
0 95.75 -9.38 2.46
0 95.69 -10.37 1.42
0 94.97 -6.64 2.34
0.02 94.96 -5.47 4.03
0 95.68 -11.26 3.8
0 95.82 -12.74 2.3
0.01 95.76 -11.8 1.82
0 95.63 -8.12 3.33
0 95.86 -7.34 2.94
0 95.79 -4.97 1.53
0 95.93 -6.87 1.75
5.58 95.74 -7.27 1.8
0.26 94.9 -0.51 3.03
0 94.82 0.65 2.7
0.17 94.3 -2.56 5.93
0 96.08 -8.16 5.44
0 96.09 -5.84 1.64
0 95.03 -0.47 3.35
0 95.35 1.54 2.34
0 94.75 5.41 3.07
0 94.69 3.63 1.76
0 94.09 4.82 2.22
0 94 -0.06 2.28
0 94.12 -2.95 5.51
0 95.55 -1.31 1.92
0 94.81 4.54 3.8
18.93 94.77 -0.05 3.66
0 95.94 -6.12 4.07
0 95.43 0.24 3.05
0 94.99 5.27 2.87
0 95.38 5.36 3.05
0 93.97 7.7 3.72
0.69 94.07 -2.41 3.91
35.54 94.84 -7.59 2.53
0.25 95.24 -7.23 2.72
0 93.99 1.16 5.9
0 94.98 -3.11 2.63
23.48 94.66 -5.36 3.59
0 95.36 -5.06 2.87
0 95.2 -2.11 1.61
0 94.23 4.36 4.04
1.41 94.44 1.34 4.14
0 95.28 -1.13 3.74
0 95.5 -2.09 2.32
0.44 95.36 -0.17 1.73
15.01 95.09 1.06 2.07
116.54 95.22 0.23 2.67
0 94.71 3.9 2.68
0 94.78 5.41 2.76
16.45 94.94 -0.61 2.32
60.62 95.2 -1.15 3.22
0 94.96 -0.43 2.59
0.28 94.09 1.79 2.82
21.26 94.11 0.56 3.62
3.23 95.07 0.07 3.85
0.88 94.92 1.33 3.89
0 94.96 2.3 3.59
0 94.48 8.28 3.18
0.2 94.03 6.81 4.5
0 94.28 2.89 5.18
0 94.01 4.25 2.39
6.75 94.3 3.82 3.18
58.72 94.61 1.15 1519.86
3.32 95.59 0.73 5.02
0 95.61 2.26 2.25
0 95.28 5.29 2.9
0 94.94 8.56 2.08
0.22 94.37 12.35 4.77
82.9 94.44 6.92 2.24
0.69 94.37 7.72 3.43
0.03 94.46 8.75 5.21
0 94.5 10.24 1.73
0 94.45 13.89 2.22
3.54 94.24 12.44 3.62
0.16 94.46 11.86 6.24
0.35 94.94 11.15 5.79
0.41 95 11.45 2.06
0.97 94.86 12.39 2.32
3.37 95.06 12.98 1.99
0 94.79 17.31 2.7
0 95 20.68 1.59
0 94.92 22.1 2.43
0 94.93 22.13 3
0.12 94.66 22.38 4.55
20.3 94.35 14.44 2.21
25.18 93.49 14.7 3.98
0 93.12 17.78 4.93
0 93.69 16.64 2.82
0 93.71 19.05 2.57
0.48 94.35 16.5 4.87
0 95.24 16.31 2.48
0 95.13 17.78 2.25
0.86 94.48 19.01 3.01
0 93.93 20.06 3.39
16.95 93.32 15.91 5.6
0.01 93.31 17.89 4.35
0 93.68 19.35 2.66
0 94.55 20.09 2.3
7.26 94.33 24.4 4.15
1.26 94.93 18.23 2.26
0 94.53 21.25 2.24
1.59 94.25 21.95 3.64
1.36 94.06 20.05 4.06
0.84 93.86 19.67 3.09
0 94.15 19.27 4.42
0 93.97 23.9 3.22
0.03 93.58 25.74 4.4
0 94.28 20.18 2.5
5.02 94 18.92 3.37
0.04 94.25 19.21 3.36
10.54 94.83 17.99 2.46
25.95 94.67 19.15 2.18
8.55 94.46 19.64 3.26
3.16 94.29 22.2 2.92
0.71 94.15 22.56 3.8
72.91 94.54 16.61 2.22
2.05 94.77 17.62 1.68
9.95 94.5 16.02 2.14
2.93 94.26 17.72 1.78
0.02 94.29 22.9 3.55
0.15 94.28 24.41 3.89
2.84 94.18 24.79 2.78
194.93 94.19 19.01 2.62
5.66 93.89 21.29 1.63
45.51 93.59 20.61 1.86
0.22 93.94 23.52 1.83
0 94.45 23.67 2.26
0.04 94.61 24.19 1.89
1.52 94.35 22.59 1.41
9.89 94.02 22.16 1.71
82.03 93.87 21.34 2.28
55.02 93.62 21.39 2.35
219.28 93.34 20.06 1.75
69.24 93.49 22 2.69
93.4 93.91 20.95 1.97
118.65 93.94 22.42 2.79
23.69 93.89 23.41 3.56
56.77 93.66 23.29 2.21
159.41 93.23 22.56 2.67
0.05 93.21 24.45 3.44
2.06 93.22 24.45 2.54
1.01 93.57 24.68 2.22
1.08 93.76 24.82 2.32
6.9 93.58 25.8 3.71
40.86 93.88 24.19 1.94
61.5 94.1 22.18 1.65
1.2 94.3 22.85 1.4
0.5 94.29 22.79 1.2
11.74 94.26 23.22 2.12
29.62 94.43 22.61 2.02
0.14 94.41 24.58 1.6
204.8 93.71 22 1.78
90.31 93.57 22.82 3.09
0 94.13 23.72 2.3
0.18 94 22.92 2.32
118.8 93.95 21.04 2.47
2.75 94.17 21.82 1.68
0.27 94.15 23.99 1.56
33.34 94.02 23.73 2.17
15.32 93.6 23.83 2.01
0.81 93.67 23.99 2.98
0.01 93.99 24.42 1.82
0.03 94 25.21 1.61
57.75 93.78 22.85 1.43
6.58 93.72 25.22 2.18
0.32 93.67 25.16 1.45
1.18 93.47 26.31 1.58
8.19 93.57 26.12 1.84
13.97 93.85 25.63 2.68
0.29 94.09 25.91 2.58
1.15 93.89 25.86 2.64
20.81 93.54 26.43 2.71
17.94 93.39 25.59 1.9
15.7 93.55 26.15 2.54
14.59 93.83 26.24 2.39
8.43 93.61 26.59 2.22
15.53 93.8 24.25 1.78
1.17 94.19 25.85 1.42
4.49 94.27 27.21 2.77
30.82 93.98 25.13 2.84
3.36 93.99 25.79 2.88
31.84 93.94 26.48 2.12
3.82 94 25.83 1.91
276.56 93.47 24.44 1.51
0.06 99.52 25.61 2.62
0 94.5 22.26 2.7
0 94.75 21.7 1.87
2.67 94.72 20.94 1.05
1.66 94.29 23.94 2.32
0.22 94.45 22.9 2.12
0 94.65 22.67 1.68
0.04 94.65 22.89 1.42
13.54 94.36 22.12 1.62
10.02 94.47 19.46 2.05
10.96 94.38 19.39 1.6
199.52 93.78 18.56 1.3
31.5 94.03 15 3.16
0.11 94.69 15.98 2.48
48.92 94.76 16.6 2.01
1.15 95.02 15.54 1.74
5.22 95.17 15.88 1.49
0 95.25 16.06 1.34
5.3 95.13 16.9 1.53
162.63 95.1 14.24 1.66
44.74 95.16 14.31 1.15
4.64 95.21 16.22 1.17
1.58 95.15 17.89 1.41
7.62 94.68 18.5 1.82
0.1 94.77 17.53 1.41
0 94.81 17.51 2.49
1.5 94.59 20.38 2.79
24.53 93.94 19.84 3.42
0.21 94.3 19.37 3.42
0 94.92 14 1.82
0.79 94.6 16.44 1.61
4.83 95.17 16.32 1.51
9.6 95.6 15.06 0.82
6.29 94.65 19.64 3.13
0 95.07 18.16 1.53
0.04 95.06 18.9 1.31
1.71 94.93 18.48 2.71
35.55 95.3 12.83 3.08
0 95.54 8.94 2.37
0 95.37 10.95 2.09
0 95.02 12.19 2.09
0 94.34 17.82 3.43
0 94.43 16.55 2.76
0 95.36 13.01 1.37
0.75 95.26 13.98 1.76
137.33 95.28 11.14 2.18
0.01 95.39 10.79 2.94
0 95.18 9.51 1.75
0 94.5 17.38 3.78
0 95.55 13.53 1.19
0.01 95.51 15.29 2.37
0.03 95.79 12.48 2.32
0.23 95.29 11.38 1.81
0 94.3 15.67 2.93
7.41 94.37 13.56 4.18
0 94.82 10.68 3.39
0 95.31 11.69 1.65
23.95 95.3 11.2 2.63
2.9 96.18 4.09 4.69
0 96.21 3 1.19
0 95.79 7.09 1.37
0 95.81 7.18 1.31
0 95.58 11.18 2.86
46.77 95.77 9.37 1.47
1.56 95.81 7.32 1.94
0 95.66 6.19 1.19
38.29 95.53 5.44 2.12
32.89 95.46 1.76 2.21
0.01 95.66 4.13 3.81
0.01 95.93 6.01 2.85
0 95.47 4.97 1.32
0 94.92 7.44 1.99
4.26 95.46 6.05 1.68
1.59 96.01 4.43 2.57
0 95.94 3.91 1.65
0 96.04 4.59 0.84
0 95.8 4.75 1.34
0.59 95.25 8.65 2.23
1.71 95.56 7.55 3.24
0 95.91 5.79 1.76
0.02 95.16 6.65 2.52
0.15 94.75 6.14 3.88
0.01 95.14 3.23 2.8
0 95.22 2.59 2.22
0.09 95.76 2.23 3.48
0 95.74 -1.35 4.05
0 95.8 1.19 2.36
0 95.69 1.78 1.75
0 95.07 2.09 2.35
0 94.84 3.04 3.24
0 94.81 3.11 2.12
0.13 94.97 2.03 3.45
0.01 95.35 -2.96 4.36
0.03 95.55 -3.43 6.1
0 95.46 -3.58 3.8
0 95.5 -2.09 2.62
0 95.69 -2.81 1.09
0 95.44 1.29 1.86
0 95.15 1.37 1.89
0.02 94.82 -0.3 2.24
0 94.67 -3.81 4.61
0 94.8 -6.92 3.62
0 95.04 -9.89 6.52
0 95.23 -5.41 3.7
0 94.83 0.68 3.23
0 95.48 -2.34 2.36
2510.46 95.22 -0.71 2.87
2510.46 94.99 -0.46 1.38
2510.46 95.26 2.1 2.21
2510.46 95.28 1.53 2.5
2510.46 95.49 -1.19 2.78
2510.46 95.07 -1.87 1.06
2510.46 95.16 -4.51 1.35
2510.48 95.14 -3.79 2.3
2510.47 95.35 -5.66 3.02
2510.61 94.81 -7.58 3.21
2510.69 94.83 -8.51 2.1
2510.46 94.96 -11.44 4.17
2510.46 95.28 -11.39 2.89
2510.46 95.65 -8.66 3.01
2510.46 96.23 -8.2 1.51
2510.46 96.19 -9.81 1.38
2511.08 96.46 -11.93 2.41
2510.6 96.09 -13.14 2.81
2510.62 95.97 -11.96 2.95
2510.47 96.37 -11.05 2.2
2510.46 96.41 -10.25 1.23
2510.46 96.11 -10.15 0.98
2510.46 96.27 -9.15 1.27
2510.46 96.2 -9.43 0.97
2510.49 95.63 -6.62 2.75
2510.53 96.11 -10.03 4.14
2510.46 95.8 -10.8 1.64
2510.46 95.32 -10.59 2.74
2510.46 94.6 -5.73 3.77
2510.46 94.41 -4.9 3.41
2510.46 94.02 -3.01 4.31
2510.46 94.42 -3.68 2.93
2510.46 94.7 -3.04 3.22
2510.46 95.3 -5 2.47
2511.88 95.21 -7.75 1.76
2513.53 95.47 -8.66 1.82
2510.48 95.16 -6.82 2.91
2510.46 95.7 -6.78 2.45
2510.46 96.15 -14.02 2.96
2510.46 95.75 -14 2.46
2510.46 95.76 -11.56 2.33
2510.46 95.85 -9.99 2.25
2510.46 96.37 -12.43 1.92
2510.46 96.08 -13.08 1.62
2510.46 96.11 -11.18 1.91
2510.46 95.91 -7.7 1.89
2519.51 95.97 -10.28 1.59
2510.46 95.9 -10.56 1.59
2510.46 96.14 -8.2 2
2510.83 95.16 -6.76 4.09
2510.46 95.66 -10.1 4.22
2510.46 95.84 -9.76 2.41
2510.46 95.16 -6.19 1.81
2510.46 94.35 -1.36 3.17
2510.46 94.94 -3.29 2.1
2510.46 95.86 -8.75 3.05
2510.46 95.41 -7.27 3.92
2510.46 94.83 -3.96 4.2
2510.46 95.43 -7.25 3.65
2510.46 94.09 -0.62 5.29
2510.46 94.85 -6.89 3.23
2510.46 94.96 -6.98 1.82
0.21 94.54 -3.99 2.09
0.05 94.56 -4.29 5.23
0 95.42 -12.44 3.97
0 95.6 -11.38 2.13
0 95.77 -11.95 1.48
0 96.02 -10.06 1.65
2.3 95.71 -10.69 1.48
11.56 95.76 -12.38 2.89
0 96.37 -14.43 3.24
0 96.18 -14.21 1.46
0 95.61 -11.83 1.41
0 96.25 -12.85 1.45
0 96.19 -12.45 1.99
0.06 95.37 -5.57 2.97
0 95.44 -6.04 1.91
0.08 96.03 -6.62 2.16
0 96.57 -9.19 1.77
0.8 96.12 -9.24 1.5
1.65 95.86 -9.16 1.82
0 95.78 -7.42 1.51
0 95.74 -4.59 2.12
0.66 96.27 -7.66 1.55
0.08 96.08 -5.02 1.21
0 95.61 -1.58 1.55
0 95.46 2.33 1.86
0.47 95.17 4.24 3.81
1.99 95.87 -3.27 4.07
0.04 95.57 -6.7 1.83
0 95.45 -5.16 1.65
0.26 95.38 -5.32 2.3
0.71 95.38 -5.85 1.86
2.33 95.7 -5.13 2.82
0 95.74 -6.65 2.97
0 95.91 -7.47 2.9
0 95.91 -5.96 2.36
0 95.43 -5.36 2.04
0 95.73 -5.13 2.37
0 95.2 -2.36 2.19
0 94.98 1.43 3.81
0 95.65 -1.37 4.26
0 95.25 -1.81 1.91
0 94.75 2.14 3.38
0 94.46 7.22 2.65
0 94.84 4.86 2.35
0 94.36 7.97 5.03
0 95.5 4.04 2.09
0.07 95.42 3.58 4.71
0 95.73 3.88 4.84
0 95.13 6.77 3.08
0 95.19 7.85 3.13
0 95.43 8.04 2.65
0 94.43 13.1 4.86
0 94.44 12.1 2.48
0.01 94.45 11.39 2.7
0 94.49 10.85 3.2
66.09 94.26 11.52 3.07
30.51 94.74 9.8 2.29
0 94.94 11.21 2.33
0.69 95.04 9.1 1.97
0 94.5 11.94 2.68
0 95.23 7.93 3.8
0 95.63 2.55 4.56
0 94.79 6.45 4.6
0 95.39 5.36 4.01
0 94.77 13.56 3.95
0 94.73 14.27 1.65
0 94.58 14.78 2.56
0 94.82 11.58 4.35
0 95.53 9.36 2.07
0.86 95.14 10.68 2.06
0.41 94.86 11.83 1.99
0 94.98 13.72 1.61
0 94.87 17.93 3.35
0 95.48 12.95 3.03
0 94.77 13.56 2.35
9.91 94.78 7.62 2.88
0.02 95.47 7.99 2.76
27.42 95.27 7.5 2.57
0.05 94.84 9.42 254.21
0 94.93 11.68 3.79
0 94.61 14.13 2.71
0.7 94.29 16.57 3.69
3.8 94.53 18 4.12
0.26 95.01 16.78 3.89
34.51 95.28 11.61 3.35
0 95.56 12.49 2.57
0 95.41 13.51 2
0 94.78 15.14 1.57
0 94.22 19.13 1.95
3.59 94.18 18.33 4.55
170.26 94.83 6.84 4.92
9.12 94.4 8.1 5.26
11.17 94.62 5.18 5.56
0.09 94.86 7.86 4.45
0.13 94.27 11.93 2.45
49.75 94.31 7.8 4.11
0.76 94.85 11.61 1.9
76.83 95.14 10.28 2.48
2.84 95.02 12.12 2.04
220.4 94.17 8.97 2.56
63.66 93.28 14.93 3.89
0 93.47 17.35 3.99
0.07 93.83 14.03 3.61
0 93.59 13.95 3.36
0.04 94.38 16.66 3.03
1.99 94.73 16.45 2.05
2.32 94.36 18.61 2.96
66.86 94.01 16.53 2.49
3.44 94.05 17.36 2.97
0.02 94.18 19.06 2.32
0 94.18 21.84 2.37
0.28 94.47 25.24 3.71
44.36 94.34 17.58 2.78
0.46 93.88 16.96 5.53
0 93.35 21.25 4.27
23.63 93.15 18.59 2.74
0.93 93.58 22.04 2.27
0 93.68 24.03 39.7
0.11 94.26 25.19 2.53
0 94.19 28.21 4.02
3.84 94.42 23.8 2.75
0.46 94.56 21.98 2.63
0 94.44 22.59 2.18
0.75 94.23 22.57 1.97
16.13 94.09 23.56 2.34
351.96 94.25 16.02 2.41
126.06 94.09 13.28 3.28
23.1 93.77 16.08 2.95
35.22 94.09 15.72 2.09
41.6 94.5 15.38 1.79
12.44 94.58 18.36 2.23
13.64 94.38 20.13 2.65
10.44 94.41 20.98 2.45
0.02 94.28 21.88 2.13
3.37 94.09 23.29 1.61
167.44 93.89 20.41 1.92
74.05 93.77 19.78 2.03
103.11 93.91 18.91 2.38
3.96 94.19 19.24 1.87
27.5 94.31 19.43 1.96
4.63 94.44 19.4 1.58
189.84 94.52 18.5 2.57
1.14 94.38 21.6 1.89
0.09 93.98 23.7 2.33
16.16 93.78 22.75 3.08
17.36 93.86 21.87 3.71
0.39 94.3 22 3.88
0.66 94.22 22.94 3.1
0 94.3 24.39 1.85
0 94.25 24.94 1.65
15.36 94.2 23.34 2.6
77.73 93.89 20.64 2.4
23.15 93.63 23.27 2.28
0.08 94.12 25.12 2.37
0.63 94.17 25.78 3.08
1.51 94.05 25.97 2.29
3.27 93.83 25.25 2.94
16.47 93.77 23.3 3.63
0 93.97 23.78 3
0 93.69 24.17 3.78
4.71 93.78 22.53 2.98
4.96 93.97 21.76 2.78
0.46 93.89 22.96 2.53
2.43 93.97 23.86 1.84
19.72 93.92 23.56 2.44
104.08 93.99 21.76 39.88
7.07 94.23 22.5 39.31
0.28 94.3 26.28 1.71
0.96 94.39 28.69 2.25
2.46 94.01 29.31 4.37
78.04 93.89 24.2 2.4
0.2 94.2 22.33 1.66
0 93.91 25.07 2.75
0.08 94.29 23 1.94
0 94.34 23.07 1.63
0.01 94.52 23.39 1.73
3.86 94.38 25.71 2.37
6.19 93.91 27.35 3.25
7.53 93.94 25.92 3.58
13.63 94.09 24.61 1.93
0 94.17 26.46 2.48
0 94.15 27.3 2.72
4.13 94.03 26.27 2.54
10.48 94 25.63 1.94
84.77 94.26 19.98 2.5
2.06 94.21 22.01 1.96
0 94.49 22.17 2.59
0 94.6 21.7 1.48
0.01 94.45 22.59 1.97
49.07 94.2 21.46 2.31
21.86 93.95 21.27 1.76
2.01 94.14 22.26 3.57
0.26 94.33 21.09 2.14
14.82 94.36 19.24 1.98
12.79 94.27 18.91 1.65
10.5 94.32 20.09 2.2
5.8 94.43 20.31 1.68
1.9 94.56 21.49 2.12
6.58 94.76 21.31 1.69
0.93 94.7 22.63 1.78
0.57 94.37 24.07 2.37
4.05 94.38 24.28 1.88
72.87 94.3 22.97 2.29
60.75 94.15 22.51 1.79
94.99 94.41 19.59 2.19
1.56 94.7 19.97 2.52
0 94.8 21 1.83
0 94.9 22.75 1.7
5.07 95.02 20.84 1.75
2.98 95.06 20.99 1.58
0.64 95.02 20.9 2.02
9.91 94.84 20.06 1.8
9.05 94.82 19.63 1.86
258.53 94.79 15.79 2.39
1.13 94.39 17.51 1.66
0 94.09 20.07 2.35
0 94.62 18.65 1.45
0 94.62 20.48 1.51
2.56 94.22 20.76 3.02
0.03 94.51 18.4 2.91
0 94.69 15.7 1.37
0.01 94.95 17.14 1.59
0.08 94.94 18.55 1.87
28.09 95 16.73 1.37
0.31 94.8 18.6 2.49
0.08 95.11 16.32 3.12
0 95.21 14.18 3.18
0 95.26 13.31 1.38
0 95.34 16.12 1.29
0 95.3 16.99 1.9
19.39 94.62 16.66 2.41
32.15 94.6 14.19 2.88
0.03 95.2 13.92 1.52
0.38 95.22 16.19 1.97
83.16 95.42 12.17 1.88
21.81 95.17 12.78 1.6
0 95.08 13.62 1.6
45.62 94.43 14.15 2.42
0.07 94.99 13.48 2.28
1.34 94.89 14.29 2.8
29.32 95.72 5.85 3.88
0.17 95.77 5.37 1.72
36.16 94.92 6.47 1.77
22.15 94.8 7.62 2.28
0 95.12 8.74 1.59
105.41 95.34 7.1 1.5
18.54 95.82 7.85 2.39
0 95.61 8.92 2.03
0 95.19 12.37 1.69
0 95.07 14.33 2.4
0 95.27 16.2 2.21
0 95.53 13.53 1.65
0.54 95.43 14.15 2.82
0.64 96.4 8.34 3.43
0 95.96 4.3 1.56
0 95.02 8.35 2.29
0 94.56 9.87 4.51
0 95.08 9.62 3
0 94.83 12.8 2.51
0 94.94 13.57 2.23
0 94.62 16.57 4.19
0 95.5 7.33 2.77
0 95.85 3.21 1.86
0 95.28 5.81 1.75
0 94.51 11.29 3.02
0 94.24 13.88 3.09
0 94.47 11.3 1.9
0 95.95 4.04 4.96
0 96.32 2.08 1.54
0 95.74 3.6 1.62
0.04 95.46 8.04 1.77
5.82 95.67 8.05 22.06
2.97 95.4 5.32 1.48
2883.73 95.03 6.61 3.42
2883.77 95.2 3.52 3.81
2883.72 94.98 6.63 2.53
2883.72 94.59 8.16 3.68
2883.72 94.96 6.2 3.14
2883.72 96.24 -1 2.97
2883.72 96.2 -1.87 1.52
2883.72 95.79 0.43 1.81
2883.72 95.57 4.27 1.78
2883.72 95.26 3.92 1.49
2883.72 94.92 2.54 3.48
2883.77 95.36 -4.7 5.9
2883.72 95.36 -2.08 2.94
2883.72 95.71 -2.22 1.63
2883.72 95.83 -1.76 1.52
2883.85 95.67 0.49 1.93
2883.72 96.01 -1.52 1.52
2883.72 95.93 -0.68 1.5
2883.72 95.23 1.86 3.02
2883.72 94.66 3.3 3.97
2883.72 95.19 0.6 2.65
2883.72 95.71 -1.94 2.09
2883.77 95.46 1.55 3
2883.72 95.87 -2.94 1.92
2883.72 94.95 -2.24 2.27
2883.72 94.49 253.8 5.12
2883.72 95.61 -3.12 2.04
2883.72 95.12 -1.76 1.43
2883.73 94.94 -0.24 2.18
2884.1 95.07 -1.58 5.48
0 95.64 -11.63 6.69
0 95.4 -10.94 3.8
0 95.14 -11.26 5.78
0 95.28 -10.96 4.48
0 95.39 -10.5 3.51
0 95.6 -10.06 1.92
1.71 95.64 -9.65 1.56
0 96.14 -10.42 1.58
0.03 95.99 -7.71 2.82
1.69 95.37 -4.97 4.77
0.06 95.79 -9.23 2.99
0.02 95.39 -10.2 3.97
0 95.55 -11 2.53
0 95.6 -9.05 1.73
0.22 95.54 -9.19 3.49
0 95.62 -12.7 3.43
0.01 95.65 -11.04 2.14
0 95.57 -7.83 2.67
0.12 95.3 -6.39 4.51
0 95.63 -10.38 3.76
0 95.27 -10.02 3.39
0 95.06 -3.38 2.38
0 95.11 -3.15 3.12
0 95.95 -5.45 3.79
0 96.19 -5.17 2.63
0 95.94 -8.12 1.27
0 95.53 -4.26 2.42
0 94.94 -5.07 2.01
0 94.29 -3.94 3.43
0.09 95 -6.84 80.47
0.02 95.73 -11.05 5.37
0.1 95.71 -11.21 2.8
0 95.64 -7.08 3
0 94.4 -2.24 3.86
0 94.66 -2.91 1.83
0.49 95.01 -2.94 5.08
0 95.54 -7.53 3.13
0 95.91 -9.33 1.6
0 95.8 -8.69 2
0 95.67 -5.65 2.36
0.05 95.23 -4.63 2.95
0 96.27 -7.71 2.33
0 96.38 -8.93 1.75
0 95.93 -5.56 1.88
0 96.13 -9.07 1.69
0.29 95.76 -9.83 1.82
2.69 95.74 -10.2 3.59
0 95.84 -9.04 2.02
1.68 94.74 -5.01 3.52
0.02 95.38 -8.39 1.82
0.04 95.3 -7.57 2.24
0.81 95.84 -7.73 2.09
0 95.29 -7.9 1.84
0 94.78 -3.67 3.27
0 95.67 -6.78 1.99
1.18 95.27 -4.77 1.31
4.35 95.88 -8.73 3.84
0 96.4 -12.17 2.8
0 96.24 -11.96 2.05
0.07 95.64 -8.49 3.73
0 96.27 -10.5 3.58
0 96.53 -9.24 1.66
0 96.34 -8.18 1.6
0 96.18 -7.7 1.62
0.07 96.06 -4.98 2.55
0.05 95.98 -6.71 3.33
0 95.85 -4.05 2.84
0 95.24 -1.33 2.99
0.02 96.08 -10.74 5.45
0 96.16 -11.55 3.67
0 95.44 -5.95 2.68
0 94.81 -3.18 2.33
0.01 94.84 -6.08 3.46
0 95.03 -6.34 2.29
0 94.64 -4.69 1.82
0 94.47 -0.9 2.4
0.01 95.15 -3.9 1.37
9.3 94.9 -1.35 2.57
0.01 95.51 -1.82 4.62
0 96.15 -3.63 2.41
0 95.62 -3.64 3.01
8.05 94.79 -0.16 3.69
18.58 94.27 -0.63 5.8
0.11 94.7 -5.98 5.78
0 94.98 -6.32 1.94
0 94.62 -6.24 1.98
0.47 95.11 -7.74 3.08
0 95.48 -9.2 3.63
0 96.11 -6.95 1.9
2.48 95.14 -2.39 5.11
0 94.84 -0.91 3.14
0.03 94.45 -3.09 2.48
0.17 95.11 -6.93 6.17
0 95.62 -6.37 2.72
0 95.34 -3.14 3.05
0 94.67 1.76 4.53
0 95.02 1.49 2.94
2.1 95.61 -3.43 3.12
0 96.38 -9.73 5.76
0 95.72 -4.33 3.35
0 95.36 -4.1 3.74
0 94.88 -3.24 2.91
0 113.02 249.02 253.72
0 94.96 0.57 3.63
0 94.61 5.63 3.95
0 94.56 5.72 3.18
0 95.31 2.77 2.51
0 94.56 6.85 3.06
0 94.84 6.52 3.85
0 94.96 5.53 2.55
0 94.91 6.21 4.08
0 95.84 1.92 4.18
0 96.03 3.11 2.89
0 96.21 3.83 1.58
0 95.96 7.93 2.84
0 95.75 12.74 4.17
0 94.95 13.4 5
0 94.55 12.25 3.77
0 94.67 10.58 3.23
0 94.2 14.28 4.25
4.43 95.22 6.4 3.06
0 95.3 4.71 1.69
198.52 93.8 2.23 2.32
0.92 94.59 3.65 2.26
1.58 94.53 4.93 1.81
0.14 95.05 3.56 4.78
0 96.16 -0.94 4.1
0 96.12 0.09 3.38
0 95.34 4.55 2.73
0.07 95.08 7.68 2.97
0.08 95.3 7.84 2.03
15.27 95.51 6.81 3.78
182.05 96.13 -0.86 4.6
0.36 95.7 3 1.98
0 94.11 11.38 1.96
0.48 93.26 14.26 4.17
1.15 94.14 8.33 5.72
0 94.22 11.11 2.18
0.03 94.49 12.68 2.9
0.01 94.97 10.47 3.53
0.01 94.59 11.12 3.1
0.03 94.5 11.2 2.45
0 94.73 14.09 3.94
0 94.94 14.01 5.22
0 95.21 14.24 2.53
0 94.59 20.72 4.19
0 94.21 23.85 4.38
13.57 93.92 20.51 3.98
11.54 94.55 16.49 2.61
0 94.59 19.15 2.3
0 94.51 20.83 2.83
13.15 94.29 16.94 3.64
15.38 94.35 15.59 2.15
0 94.65 12.83 5.37
0 94.45 13.65 4.35
0 93.92 14.58 5.78
0 94.45 12.2 2.55
0.32 94.37 12.7 5.23
17.53 94.69 7.19 2.05
0 95.05 8.62 1.59
76.79 94.93 8.06 2.58
58.83 94 7.31 2.01
14.2 92.77 10.91 4.07
0.31 92.85 19.06 3.58
1.55 94.18 15.7 5.53
0.01 94.77 15.65 4.24
0 94.2 18.55 3.37
15.24 93.36 18.92 3.75
19.24 93.55 14.42 5.4
1.2 93.94 13.09 5.89
0 94.78 18.27 4.2
0 94.41 21.51 3.02
0 94.27 22.3 2.59
1 94.2 22.31 2.3
0.06 94.02 24.93 3.19
0.25 93.93 25.77 4.01
5.05 94.1 23.52 2.57
0.13 94.11 22.87 3.07
4.34 93.74 23.76 3.71
0.45 94.08 21.09 3.68
0 94.16 19.88 2.41
0 93.32 24.89 6.46
5.31 93.85 22.35 3.02
1.56 94.4 18.88 4.06
0 94.61 21.36 2.87
70.62 93.84 17.96 3.18
33.76 93.33 18.95 2.53
41.46 93.84 18.4 2.38
0.2 94.15 19.69 3.7
2.34 93.9 19.5 2.61
3.74 93.91 18.91 2.13
87.7 93.66 16.83 2.6
174.97 93.18 15.24 2.13
57.14 93.27 16.19 1.62
79.68 94.17 16.95 2.29
0.67 94.42 20.43 1.81
11.01 94.25 21.96 2.16
0.21 93.96 22.99 1.89
132.75 94 19.23 2.52
5.7 94.16 18.49 3.74
88.64 94.63 16.45 2.71
0.05 94.71 21.31 2.35
0 94.33 23.39 1.71
3.98 94.05 24.15 2.73
0.24 94.19 23.78 2.49
10.53 93.99 23.89 2.84
13.69 93.72 21.57 2.26
72.95 93.7 20.79 2.31
1.04 94.13 21.91 1.56
4.19 94.17 23.82 2.15
164.56 94.36 17.3 2.03
36.46 93.75 18.01 1.71
36.41 93.33 18.76 3.12
6.35 93.89 16.46 3.4
0.08 94.46 18.37 2.14
61.45 94.43 19.5 1.96
11.13 94.56 20.23 1.57
0 94.52 22.38 2.07
0.21 94.38 24.04 2.15
3.83 94.53 24.84 2.11
0.19 94.76 25.95 2.47
3.76 94.59 24.03 2.63
0.64 94.32 25.16 1.83
0.87 93.83 26.29 2.42
0.17 93.66 26.26 3.29
6.88 93.98 26.16 2.63
27.32 94.41 23.26 2.29
36.27 94.61 20.51 2.15
18.75 94.43 21.43 1.65
113.8 94.25 22.14 1.72
58.44 94.38 22.4 2.06
25.89 94.3 23.03 2.41
25.9 94.03 23.73 2.15
70.24 94.02 22.63 1.86
8.59 94.02 22.52 1.37
12.92 93.84 22.57 1.63
4.86 93.65 24 1.97
5.14 94.05 24.98 2.33
16.02 94.13 24.67 1.91
31.35 93.89 23.97 2.38
140.62 93.89 23.25 2.25
212.23 94.28 20.86 2.45
7.07 94.49 22.1 1.62
1.42 94.28 23.16 1.78
24.72 93.78 25.05 3.12
0.1 93.78 22.8 2.06
1.15 93.65 24.69 2.64
2.31 93.81 25.44 3.31
16.71 94.19 24.27 1.98
14.45 94.75 22.37 2.52
29.14 94.79 22.99 1.64
8.72 94.71 23.78 2.25
0 94.74 23.68 2.16
0 94.56 24 1.51
0 94.4 24.31 1.52
0 94.07 25.44 1.76
1.16 93.87 25.38 2.41
0.03 94.17 23.67 2.39
0 94.22 23.49 1.58
0.73 112 272.94 253.03
61.4 112.33 272.96 253.2
104.75 94.66 20.02 1.87
18.36 94.38 19.31 2.18
6.53 94.2 20.03 2.42
48.08 94.31 19.64 1.82
8.67 94.64 20.17 1.93
33 94.86 19.51 2.02
8.59 94.8 19.95 2.13
53.36 94.67 19.51 2.36
0.04 94.59 20.38 2.54
26.61 94.44 19.67 1.86
4.13 94.6 18.46 1.38
12.09 94.74 18.6 1.54
160.35 94.93 17.58 1.53
113.15 94.98 18.05 2.32
2.27 94.95 20.58 2.38
0.22 95.11 19.37 1.92
13.02 94.93 18.01 1.45
50.2 94.78 16.79 2.2
0.01 94.91 17.07 1.87
0 94.78 19.31 1.37
2.19 94.94 20.56 2.44
25.17 95.64 15.63 2.09
1.57 95.54 14.38 1.62
58.7 94.98 13.17 1.76
9.87 94.92 14.19 2.51
0 94.84 19.47 2.3
0 95.17 19.52 2.44
0 95.27 19.04 2.8
0 95.12 19.45 2.39
3.69 95.11 19.64 1.49
8.07 95.19 18.7 2.15
0.01 95.28 16.45 2.12
3.2 94.75 16.46 2.29
3.76 94.54 18.95 2.35
43.24 94.38 17.66 2.93
23.35 94.54 13.69 2.05
34.3 94.45 14.76 1.91
10.02 94.46 15.43 3.23
0 94.7 13.95 2.31
0 94.92 15.79 2.54
0.15 95.74 13.44 1.6
2.33 96.19 11.12 2.02
5.06 95.04 14.96 3.16
46.93 94.33 10.97 5.46
0.05 94.25 13.5 4.62
0 95.24 10.92 1.71
0 95.54 13.89 2.43
0 95.06 17.64 3.54
0 94.96 17.67 1.98
0 94.73 18 3.22
0 95.06 9.96 3.86
0.33 94.39 5.7 3.24
4.03 94.57 5.46 5.37
3.65 94.88 9.8 4.8
0 95.27 11.99 2.36
0 95.35 12.8 1.78
0 95.09 13.77 1.68
0 95.03 14.26 1.59
0 95.04 15.47 2.57
4.15 95.2 13.19 2.97
0 95.96 5.57 2.63
0 94.83 10.26 2.78
34.87 95.44 4.83 1.69
15.14 95.74 4.76 1.95
1.09 100.66 82.18 38.63
0 100.16 82.62 38.54
0 96 6.83 2.21
0 95.89 4.49 1.69
6.49 94.66 7.45 5.55
0 94.74 3.66 3.67
0 95.34 1.53 3.54
0 95.66 -0.12 3.91
0 96.09 0.4 2.83
0 96.14 3.09 1.5
0 95.48 5.59 1.69
0 95.31 6.1 1.2
0 95.23 9.17 3.95
0 95.45 10.06 3.27
0.4 96.62 0.99 3.74
54.01 96.69 -3.92 2.71
33.15 96.3 -3.99 3.26
7.14 95.8 -3.6 1.91
0.25 95.81 -3.37 1.3
0 95.95 -3.48 1.32
0 96.11 -2.11 1.49
0.08 95.95 0.75 1.25
0.01 95.24 2.81 2.05
0 94.61 5.57 2.65
0.46 95.5 1.96 2.23
4.83 95.32 -2.92 2.53
0 96.03 -5.26 2.26
6.49 95.91 -6.89 2.29
9.21 95.91 -8.06 2.08
4.8 95.89 -8.93 1.93
4.13 96.38 -9.25 1.56
16.93 96.86 -11.61 2.59
10.56 96.92 -13.05 2.91
0.07 96.79 -15.1 2
0.01 95.94 -14.62 2.59
0 95.85 -14.08 2.76
0.05 95.35 -11.71 1.36
0.2 95.81 -10.12 1.4
7.37 95.52 -5.44 2.5
0 95.4 -7.35 1.6
0.34 94.72 -3.43 2.18
0.1 94.54 -5.69 5.01
0.3 94.85 -7.59 5.81
0 95.2 -4.8 3.93
0 95.87 -5.17 2.18
0 96.02 -7.95 1.5
0 96.17 -9.36 0.97
0 95.73 -3.32 2.29
1.76 95.39 0.3 2.9
0.01 95.69 -1.52 3.69
0 96.01 -6.91 1.58
0 95.67 -6.41 1.52
0 95.79 -6.86 1.03
4.55 95.09 -5.13 3.02
0.03 95.17 -6.58 4.54
0.04 95.74 -8.57 5.55
0 95.79 -7.4 3.01
0 96.27 -5.43 1.96
0 96.23 -6.06 1.46
0 95.36 -3.12 2.37
0 95.6 -5.18 1.73
0 95.69 -7.75 1.67
0 95.61 -5.36 2.29
0 95.7 -9.31 2.32
0.01 94.65 -7.31 2.98
0 95.74 -12.93 3.62
0 96.44 -14.6 1.96
0 96.18 -7.9 2.26
0.19 95.76 -5.81 1.56
2.79 96.02 -7.41 1.28
0 95.99 -8.14 2.06
0 95.14 -2.37 2.48
0.01 95.16 -5.87 1.3
2.95 95.36 -8.29 1.94
0 95.8 -10.77 3.7
0 95.6 -12.01 2.58
0 95.91 -9.9 3.15
0 95.73 -9.68 3.36
0 95.55 -10.26 2.92
0 95.31 -9.97 2.24
0 96.06 -12.27 3.16
0 96.3 -12.99 2.75
0 95.76 -12.44 3.22
0.06 95.12 -11.39 4.06
0.09 94.86 -11.06 2.58
0 94.94 -11.89 1.74
18.54 95.59 -15.8 2.42
1.54 95.56 -19.04 2.5
0 95.18 -19.02 4.23
0 95.79 -18.45 1.7
0 96.3 -18.13 1.45
0.58 96.25 -17.52 2.09
0.51 96.75 -20.82 3.23
0 96.64 -23.74 4.99
0 96.14 -15.14 4.69
0 95.57 -10.01 3.01
0 95.44 -11.52 3.62
0 95.52 -9.76 3.55
0 96.08 -13.12 1.85
0 96.52 -16.28 1.67
0 96.29 -16.57 2.23
0 96.34 -13.24 3.14
0 96.21 -10.78 2.8
0 95.86 -9.01 2.1
0 95.64 -8.39 2.61
0 95.84 -8.55 3.64
0 95.78 -8.69 3.62
0 95.68 -7.15 2.74
0 94.8 -7.03 2.8
0.01 94.44 -4.33 3.4
0 95.09 -2.99 2.81
0 94.74 1.57 2.86
0.05 94.66 1.57 2.36
1.88 94.97 0.34 3.16
27.43 95.7 -8.36 5.96
0 95.73 -12.37 5.41
0 95.08 -9.36 3.92
0 94.97 -5.13 4.14
0 94.9 -2.2 3.83
0 94.89 -3.78 3.85
0.1 95.74 -7.04 3.53
0 95.7 -9.2 3.88
0 95.54 -9.75 2.53
0.01 95.69 -7.14 3.24
0 96.57 -10.67 2.32
0 96.18 -9.08 2.51
0 96.12 -8.51 3.13
0.07 95.45 -6.69 3.17
0.02 95.55 -7.19 1.97
0.1 95.85 -8.23 4.02
0.06 96.07 -8.75 3.33
0.03 95.15 -0.98 2.86
0 94.79 1.72 2.14
0 94.77 0.45 2.68
0.15 95.15 -0.91 1.44
25.31 94.95 0.43 3.99
0.02 94.97 -1.3 2.6
4.57 95.24 -4.42 4.22
0 95.99 -7.92 4.54
0 96.08 -7.65 3.73
0.02 95.86 -6.75 3.4
0 95.33 -5.4 2.03
0 94.7 -0.9 4.19
0 95.46 -1.83 2.67
0 95.28 1.55 2.56
0 94.72 5.01 2.79
0 94.58 8.49 3.31
0 94.17 10.35 5.31
0 94.63 7.4 4.46
0 95.52 3.68 1.94
0 95.74 5.67 1.9
0 95.37 8.72 2.84
0 95.75 5.29 4.41
0.01 96.3 1.96 4.86
0 96.31 2.08 3.44
0 95.98 3.07 3.12
0 95.58 7.63 3.21
0 94.99 9.48 2.52
0 94.36 11.27 3.87
0.55 94.84 7.27 3.54
0 94.79 8.88 3.32
0 93.85 15.51 4.77
7.91 94.13 10.39 5.2
0.53 95.2 6.12 4.23
0 95.19 8.12 3.62
0 94.38 10.71 3.69
0.06 94.69 10.17 2.51
0.7 94.05 12.69 5
0 94.43 10.09 4.9
0 94.35 11.88 5.88
0 94.66 7.01 3.06
0 95.29 4.96 3.34
0 94.76 7.1 4.57
17.34 93.91 9.17 2.65
0.13 93.66 10.78 5.25
0 94.77 11.14 3.37
0.25 94.27 15.57 5.21
11.6 94.23 10.69 4.19
2.43 94.22 6.23 4.41
4.43 94.52 6.6 2.57
2.06 94.82 8.25 3.64
0.03 94.48 14.04 2.94
0 93.66 15.56 6.2
0 94.19 10.7 6.16
0 94.73 11.08 3.01
0 94.19 14.6 4.78
0.59 95.05 10.28 3.19
37.25 95.27 8.01 2.08
2.08 94.86 11.89 1.76
0 95.01 12.52 2.31
35.33 94.18 12.89 2.63
0.06 93.8 16.84 2.71
33.98 93.52 21.22 4.15
167.72 94.34 11.05 2.35
53.64 93.46 11.46 4.88
0 93.94 15.93 3.21
12.47 93.91 15.67 5.1
0.03 94.23 12.92 6.19
0 95 15.49 2.69
0 94.43 18.83 4.51
1.18 94.63 16.92 2.57
0 94.31 17.34 2.25
1.64 93.49 20.06 4.31
149.4 94.23 11.48 4.74
0 95.08 14.93 3.7
26.23 94.71 12.25 4.08
1.03 94.55 12.84 3.52
0 94.03 18.35 3.34
0 94.15 23.38 3.59
0 94.41 24.52 4.28
0 94.64 22.95 3.79
0 94.8 22.71 3.62
0.02 95.53 19.28 3.75
0.02 95.45 18.1 2.51
35.23 94.56 15.04 1.91
27.33 93.48 15.68 4.76
7.28 93.76 18.68 3.35
0.21 94.25 18.73 4.71
0 94.17 21.98 4.69
0.06 93.79 24.46 4.22
0 94.18 19.12 4.43
0 93.89 22.36 4.55
10.15 94.69 17.4 2.05
0 94.74 20.04 1.48
0 94.35 23.41 2.62
0.01 94.01 24.62 3.28
0.02 94.18 23.05 2.76
0.12 94.42 23.43 2.12
15.31 94.59 19.7 3.39
4.05 94.63 19.31 1.93
0.06 94.37 21.98 2.69
20.45 94.05 21.07 4.05
91.23 93.81 20.44 4.56
40.28 94.32 17.88 2.42
10.69 94.22 19.32 2.04
2.83 93.88 19.81 1.98
94.06 93.79 15.58 2.08
14.37 93.8 18.39 1.9
2.15 93.41 20.04 2.31
53.62 93.46 20.51 1.88
2.89 94 20.53 2.92
0.01 94.1 23.45 2.54
23.52 93.74 25.27 2.89
28.18 93.77 23.97 2.42
23.89 93.8 22.8 2.18
15.65 94.08 21.18 3.08
3.91 94.1 21.2 3.84
0 94.26 24.46 3.1
0 94.21 24.76 1.91
24.92 93.94 23.4 2.68
48.47 94.04 19.45 3.13
111.76 93.89 20.47 2.26
63.12 93.95 20.25 1.87
0 94.11 20.63 1.78
0.21 94.06 22.3 1.57
0 94.17 25.57 2.8
0 94.34 25.05 3.01
1.57 94.55 25.32 1.89
0 94.64 26.73 1.7
0 94.56 27.39 2.78
0 94.31 27 2.69
0 94.09 28.08 1.9
0 93.84 29.1 2.48
4.97 93.52 29.44 3.45
99.68 93.83 21.99 2.05
0.82 94.14 24.41 2.49
0.82 94.5 22.59 2.72
5.01 94.18 19.83 2.11
4.16 94.04 19.25 2.28
3.89 94.31 21.77 1.67
0.17 94.3 23.88 2.12
15.11 94.36 24.21 2.69
170.98 94.5 21.17 2.22
831.16 94.02 20.81 2.71
32.16 93.77 23.44 1.76
6.24 93.64 26.86 2.9
0.25 94.18 25.79 2.1
449.01 94.22 20.33 2.83
2.58 94.08 22.28 1.54
2.98 93.86 24.1 2.37
34.96 93.84 23.62 2.17
18.01 94.21 23.24 1.76
123.01 94.46 23.65 2.07
49.2 94.61 22.12 1.67
20.58 94.71 22.72 2.03
0.22 94.71 24.64 1.68
0 94.64 26.16 1.44
0 94.58 27.12 1.82
0 94.47 27.07 2.05
401.03 94.21 25.36 1.96
157.7 94.61 23.5 2.46
0 94.7 22.17 1.27
0 94.31 24.06 2.36
0 94.09 26.99 3.41
0.62 94.11 28.94 3.16
10.05 94.21 25.41 2.35
0 94.17 24.76 1.8
0 94.44 23.9 1.89
3.44 94.34 23.37 1.56
107.45 94.2 21.44 2.01
7.49 94.06 22.62 1.36
232.15 94.02 20.27 1.83
11.85 94.46 21.21 2.21
21.63 94.57 21.78 1.72
0.86 94.72 22.77 1.86
1.2 94.79 23.27 1.62
10.91 94.3 21.33 1.69
22.23 94.13 23.31 2.33
155.47 94.89 17.67 3.9
0 95.15 18.04 2.2
3.8 94.81 18.06 2.02
2.2 94.78 18.76 2.07
0 94.96 18.04 2.12
0 94.4 17.63 1.99
15.67 93.33 16.41 4.1
21.37 93.17 15.63 2.66
5.67 93.83 19.13 1.61
17.81 94.35 18.42 1.19
113.02 94.6 17.56 1.52
41.25 94.53 17.25 1.35
18.78 94.41 18.99 1.48
1.89 94.15 19.1 1.64
8.47 94.24 18.03 1.65
52.34 94.55 16.4 1.84
18.03 94.71 16.19 1.71
44.92 95.07 15.22 2.18
11.9 95.31 15.84 1.41
2.95 95.23 17.21 1.32
56.33 95.04 18.58 1.71
0.03 94.93 19.53 1.68
2.94 95.03 18.27 2.03
1.57 95.44 15.91 1.98
20.67 95.59 13.71 2.11
0.09 95.62 13.76 2.49
0 95.47 14.03 1.43
0.65 95.23 14.78 2.22
3.87 94.88 16.62 2.23
2.49 94.58 18.46 2
1.18 94.31 20.42 3.53
0.04 95.01 17.08 2.22
8.81 94.79 17.04 2.04
2.15 95.54 11.75 4.75
0 95.96 8.18 2.26
0.04 95.15 10.09 2.26
0.06 94.81 15.87 2.22
6.11 94.65 19.1 3.56
2.08 94.7 15.97 2.2
0.7 94.7 15.09 3.28
103.7 95.28 7.12 2.33
10.13 95.35 5.96 1.96
0.42 95.89 8.32 1.52
51.82 95.02 10.74 2.87
0.66 95.25 6.01 4.86
0 95.47 4.83 1.76
0.7 95.07 6.08 1.76
0 95.62 5.64 43.15
0.46 95.58 7.51 1.47
0 95.18 12.01 1.46
0 95.25 13.41 1.67
0.12 95.42 15.17 2.65
4.33 94.89 14.4 4.32
0 95.38 9.84 2.24
0 95.12 12.32 1.92
0 95 12.79 2.43
1.22 95.91 4.17 2.65
38.61 95.28 5.14 1.87
44.23 95.97 1.9 2.64
0 95.58 2.5 1.52
0 94.94 3.79 1.53
0 94.57 8.58 3.36
0 95.75 2.86 2.09
16.26 95.77 2.71 1.28
8.01 95.97 2.16 3.17
0.17 96.04 0.48 2.69
4.08 95.75 -0.42 3.46
0 96.55 -4.99 3.18
0 96.17 -2.96 2.52
0 95.47 1.01 3.27
0 94.92 2.15 1.82
0 94.03 3.94 1.64
0 95.09 1.38 2.59
0.14 95.87 -1.27 1.99
5 96.11 -1.8 3.38
0 96.47 -4.01 1.71
0 95.83 -1.91 2.28
1.63 94.39 2.76 3.66
2.53 94.63 -1.3 1.89
0.26 95.16 -1.26 1.45
0 94.62 4.43 3.82
0 95.32 1.25 5.16
0 95.56 -3.17 2.11
0 95.33 0.07 2.61
0 95.23 -0.73 2.44
0.22 94.72 0.09 2.69
2.09 95.22 -4.75 2.12
26.56 95.75 -7.51 1.83
53.19 96.09 -9.48 2.63
0 96.45 -11.37 2.99
0 96.13 -10.5 2.81
0 95.64 -8.01 2.93
0 95.3 -5.55 2.06
0 94.84 -2.5 3.53
0 95.65 -6.32 3.12
0 96.08 -4.46 1.75
0.05 96.35 -5.19 1.86
3.12 95.21 -1.02 3.6
0 95.96 -3.49 3.82
0 95.67 0.81 2.91
0 94.93 3.35 3.46
0 95.07 -1.12 2.84
0.32 95.67 -5.73 3.53
0 95.13 -5.56 3.11
0 95.34 -6.57 2.41
2.44 94.76 -4.05 3.63
0 95.7 -7.43 2.25
0 95.85 -7.89 1.48
0 95.22 -5.41 2.79
8.14 95.59 -3.67 2.49
0 96.2 -9.08 3.46
0 96.11 -10.13 2.13
0.01 96.1 -9 3.03
0 95.31 -4.33 2.66
0 95.29 -4.4 1.19
0 95.45 -3.93 1.05
0 95.51 -3.32 1.16
0.02 95.83 -3 1.42
0.07 95.9 -5.25 2.65
4.25 95.55 -9.72 3.66
0 95.93 -10.53 2.41
0 95.81 -10.24 1.34
0.03 95.63 -4.92 3.88
0.9 96.31 -9.52 3.72
0 96.16 -11.22 2.2
0 95.86 -9.59 4.18
0 96.08 -8.71 3.17
0 95.6 -7.32 1.83
0 95.48 -6.44 1.59
0 95.27 -2.44 3.35
0 95.45 -4.53 2.32
0 95.12 -1.82 3
0 95.73 -5.4 1.46
0 96.03 -7.12 1.45
0 95.55 -3.38 1.67
8.53 95.61 -3.9 1.55
9.43 95.18 -4.73 2.17
0.01 95.34 -7.76 3.42
0 95.58 -10.57 3.94
0 95.33 -10.46 2.92
0.01 95.07 -11.45 2.75
0 95.22 -10.51 4.77
0 96.15 -11.88 2.11
0.07 96.12 -13.51 1.33
0.02 96.03 -13.03 1.43
0.14 95.83 -11.02 2.11
0 96.15 -11.38 1.8
14.58 95.84 -12.69 2.5
0 95.89 -13.43 2.2
0 95.52 -12.6 4.43
0 96.2 -13.78 2.64
0 96.33 -13.92 1.63
0 96.44 -12.55 1.23
0 95.82 -7.67 1.72
0.04 95.09 -3.81 4.81
0 95.61 -6.71 3.59
0 95.08 -7.63 2.78
0.23 95.93 -11.62 4.08
0 96.22 -9.98 3.55
0 95.65 -7.82 3.07
0 96.38 -8.09 3.48
0 95.79 -5.09 2.24
0 95.22 -3.71 1.71
0.24 94.88 -0.95 2.52
0 95.25 -5.82 3.54
0.01 96.17 -6.68 2.28
0.01 96.12 -7.72 1.09
0.02 95.91 -8.66 5.77
0.01 95.45 -9.73 5.92
0 95.63 -9.32 4.8
0 95.74 -6.94 3.11
0 95.72 -6.33 1.78
0 96.21 -4.79 1.6
0 96.05 -3.47 1.96
0 94.88 2.68 3.67
1.8 95.24 -3.19 4.4
0 95.82 -6.82 3.26
0 95.22 -5.27 2.69
0 94.17 -2.53 4.9
0 95.94 -7.18 4.26
7.65 95.72 -6.35 2.88
9.4 95.1 -3.86 4.41
0 95.6 -4.72 3.84
0 95.33 -2.16 3.65
0 95.29 -0.84 3.28
0 95.49 -0.71 1.64
0 95.14 1.62 3.03
0 95.11 0.77 3
0.38 95.5 -4.6 3.61
0 94.7 -0.57 2.61
0 94.81 -0.21 1.53
0.03 95.01 -3.63 2.35
0.12 95.41 -5.3 3.73
0.03 95.17 -7.4 4.07
0 95.18 -5.14 4.81
0 94.71 -0.47 3.81
0 94.52 0.78 3.04
0 94.73 3.36 2.02
0 95.01 4.31 3.13
0 95.81 -0.46 4.55
0 95.83 0.97 2.92
0 95.8 1.48 2.06
0 95.51 2.96 1.56
0 95.16 3.45 1.86
1.2 95.04 4.1 1.93
0 95.58 5.36 1.92
0.09 95.68 4.56 2.05
0.53 95.74 1.87 3.4
0 95.55 1.78 2.07
0 95.32 2.97 2.12
0.5 95.71 1.6 1.45
3.92 95.37 1.32 1.4
1.29 95.21 2.94 2.65
0.56 95.15 1.8 2.13
0 95.33 2.87 2.57
0 95.11 5.45 2.49
0 95.04 9.23 3.73
0.06 95.86 3.98 2.65
0 95.65 4.34 1.92
0 95.06 5.74 1.73
0 95.08 9.31 2.1
0 94.98 12.61 3.07
0 94.66 16.62 3.9
0.34 94.4 14.46 3.62
2 94.48 11.11 3.54
0.89 94.56 10.07 2.7
0 95.33 8.65 3.42
0 95.29 8.87 2.18
0 94.29 13.33 3.96
0 94.87 7.95 4.02
0 94.79 7.01 2.45
0 94.12 12.62 4.3
0 93.73 15.31 3.05
0 94.18 16.5 3.29
0.17 94.53 14.26 3.25
1.83 93.43 14.39 4.95
0.24 93.61 7.79 5.91
2.78 93.97 7.91 3.14
2.61 94.35 9.4 3.39
0 94.78 10.11 2.25
0.01 94.1 13.37 5.15
0 94.35 9.93 2.93
0 94.67 9.1 3.39
0.01 95.32 8.81 3.71
0 95.35 10.54 4.9
0 94.54 15.16 4.59
0 94 17.12 3.29
0 93.67 20.84 4.38
0 94.55 16.77 2.48
0 94.86 18.04 2.56
0 94.81 21.6 3.97
1.41 94.73 19.24 5.43
10.1 94.69 14.95 3.58
16.1 94.39 9.74 6.06
0 94.63 10.67 6.37
0 94.5 18.22 4.27
0 94.2 20.6 2.53
0 93.92 20.89 4.29
0.24 93.96 19.33 3.17
0.02 94.11 15.18 5.15
0 93.96 12.96 4.76
1.58 94.19 12.29 4.6
0.16 94.91 13.85 4.95
0 94.87 16.53 2.42
0 94.08 20.05 1.76
0 93.9 23.94 2.18
0 93.89 28.85 3.82
1.31 94.28 26.65 3.38
1.42 94.55 23.63 2.79
4.73 94.91 15.11 3.61
190.82 95 9.56 2.32
0.02 94.76 16.48 2.29
0.01 94.36 19.54 2.12
0.06 94.89 15.19 3.08
0 94.41 19.18 2.49
0 94.02 21.71 2.89
0 94.33 22.23 3.98
17.17 94.62 17.29 2.69
0.48 94.09 20.07 3.15
10.81 93.64 20.28 3.01
0 94.14 17.59 3.47
110.55 94.45 11.33 1.88
0 94.55 15.76 2.3
0 94.56 19.97 2.44
0 94.69 21.7 2.2
22.79 94.38 15.66 2.43
0.84 94.12 18.7 2.77
0.26 94.02 21.85 3.86
0 94.12 20.94 3.69
0 94.48 18.96 2
4.61 94.62 18.34 1.81
30.06 94.92 18.45 1.74
0 94.93 20.79 2.07
0 94.5 27 2.4
0.12 94.23 27.4 1.55
1.61 94.07 26.42 2.91
10.77 93.97 24.04 2.29
42.18 93.99 20.78 2.65
72.62 93.88 19.42 1.84
6.38 93.94 20 2.47
0.34 94.12 21.38 2.29
73.68 94.49 18.53 1.49
98.16 94.38 17.18 1.67
4.43 94.11 19.13 1.42
3.34 94.08 21.95 1.4
0 94.25 24.1 1.66
16.47 94.11 25.28 3.16
21.02 94.13 26.67 3.23
0.07 94.02 27.36 3.06
6.7 93.92 27.27 2.68
19.39 93.8 27.2 2.25
28.29 93.99 24.98 2.52
0.35 94.1 25.59 2.13
15.49 94.26 24.15 1.82
47.48 94.41 22.56 1.52
42.75 94.18 24 2.67
606.11 93.36 22.72 2.45
22.58 93.31 24.67 2.79
39.71 93.48 24.57 2.69
0.41 93.46 24.18 1.9
0 93.72 25.43 2.04
0.39 93.8 28.48 2.45
77.25 93.59 27.71 3.35
13.97 94.03 25.15 1.98
11.04 94.34 26.14 1.68
0 94.47 27.17 1.76
0 94.38 28.41 1.9
0.01 94.11 28.74 2.81
27.43 93.9 26.48 2.83
38.26 93.91 22.18 2.47
38.31 94.64 21.25 2.02
17.61 94.61 21.26 1.62
2.1 94.14 23.76 1.23
1.25 94.28 23.89 1.61
0.34 94.48 24.04 2
21.42 94.12 22.51 2.68
0.94 94.36 22.99 2.48
0 94.86 23.13 1.58
0 94.41 23.6 1.64
86.98 94.01 23.36 3.01
0.04 94.17 25.21 1.86
0.59 94.24 26.21 2.41
28.24 93.99 25.15 2.01
743.12 93.45 22.94 1.93
15.59 93.84 24 1.45
66.87 93.88 24.29 2.22
31.28 93.73 22.47 1.97
2.27 93.78 23.78 2.19
18.71 93.65 22.55 1.48
37.89 93.46 20.57 1.57
12.69 93.56 23.09 1.39
9.11 93.96 23.87 2.47
34.83 94.32 22.82 1.98
0.29 94.47 23.51 1.71
17.9 94.41 22.16 1.62
20.45 94.33 21.47 1.56
297.3 94.41 19.37 2.34
64.6 94.56 20.46 1.97
33.86 94.7 21.35 1.8
17.5 94.72 21.74 1.91
6.27 94.34 22.3 1.82
1.01 94.09 25.56 1.97
26.76 94.55 22.74 2.15
297.97 94.45 19 2.04
0.03 94.45 20.14 3.73
0 94.53 18.23 3.55
0 94.84 19.09 2.09
13.94 94.56 16.74 2.74
4.55 95.01 15.93 2.75
0 95.13 14.47 2.03
0 94.86 16.91 2.24
0.42 94.86 17.12 1.62
2.24 94.69 19.74 1.84
8.75 94.72 19.34 1.88
5.08 94.61 19.84 2.47
2.67 94.45 20.94 2.73
0.03 94.35 20.22 3.62
0 94.27 19.19 1.75
0 94.06 21.37 2.06
1.19 94.62 18.17 2.69
6.71 94.64 18.14 2.1
71.6 94.53 16.58 1.63
0.03 94.78 16.44 2.14
0 95.17 15.38 1.67
0 95.41 16.02 1.69
2.55 95.35 17.99 2.37
4.95 95.16 18.57 2.11
0.65 94.75 19.1 2.72
0.01 94.58 17.37 2.43
0 94.02 19.26 2.06
0.16 94.48 15.59 2.97
0 94.84 15.23 1.63
0.64 94.17 19.42 3.07
16.22 94.22 16.86 3.59
0 94.39 17.92 3.74
0.09 94.71 17.89 2.47
15.65 94.67 15.99 2.51
28.56 94.97 13 1.92
0.05 94.91 9.99 2.26
0 94.81 8.98 3.52
0 94.64 10.03 2.61
0 94.75 13.54 2.45
0.07 94.94 15.03 3.8
0 95.7 8.92 2.58
0 96.03 7.76 2.02
0 95.78 9.62 2.43
0 95.08 14.26 3.71
0 94.86 15.2 2.96
0 95.2 13.93 1.99
13.5 95.49 12.05 1.59
93.96 96.14 8.62 3.32
24.18 96.16 4.93 2.6
0.86 95.93 4.91 3.1
0.93 95.55 4.51 2.32
0 95.43 6.05 3.02
0.01 96.01 4.62 1.18
26.28 96.05 6.7 1.83
0.07 96.39 5.29 1.77
0 96.19 5.62 1.73
2.87 95.51 8.54 1.67
0.05 95.33 8.81 1.32
0 95.01 11.57 2.41
0.01 95.75 6.93 1.78
9.39 95.84 3.87 1.71
0.07 95.84 5.14 1.66
0 95.61 7.02 1.83
0 95.7 7.77 1.31
0 95.07 10.16 1.58
0.02 94.92 11.11 1.88
0 95.79 6.61 4.6
0 96.31 1.78 3.71
0 95.76 5.28 2.37
0 94.86 8.33 2.83
