0.63 94.87 -18.41 1.94
0.01 95.49 -19.47 1.85
12.36 95.37 -21.12 1.63
6.09 95.57 -19.31 3.93
0 95.83 -19.45 3.89
0.01 96.05 -18.88 3.03
0.1 96.15 -18.14 1.91
15.06 95.52 -16.95 1.7
5.34 95.73 -17.69 1.62
0 95.96 -15.99 1.29
0 95.94 -17.62 3.66
0 95.34 -19.24 4.28
0 95.34 -16.05 3.81
0.47 95.22 -17.23 1.72
0 96.29 -16.37 1.57
0 95.85 -15.44 1.09
0 95.5 -11.3 1.43
0.01 95.38 -5.3 2.2
0 94.88 1.05 4.46
0.04 96.23 -11.5 5.63
0 96.05 -14.7 2.79
0 95.72 -11.9 3.83
0 95.19 -8.42 3.36
0 94.62 -10.21 3.98
0 95.6 -9.47 4.38
0 99.81 -4.23 3.97
1.05 94.61 -4.74 4.5
0.01 95.14 -11.78 4.45
0 94.71 -5.73 4.65
0 94.84 -5.8 2.65
0 95.47 -11.25 1.98
0.14 95.62 -12.73 1.94
0 95.61 -16.67 2.21
0 95.51 -14.64 3.08
0 95.53 -15.73 2.42
0 95.86 -15.06 1.64
0.01 95.7 -12.5 2.7
1.55 94.68 -3.46 3.33
0 94.91 -6.02 2.44
0 95.56 -9.11 2.55
0 96.16 -12.25 4.08
0 96.57 -13.62 5.43
0 96.25 -12.29 2.69
0.03 95.57 -10.94 2.33
0 96.03 -11.98 2.49
0 96.19 -14.39 1.99
0 95.7 -11.48 2.1
0 95.3 -10.14 2.77
0 95.08 -8.96 3.25
0 94.59 -5.09 1.6
0 94.52 -9.98 1.78
0 94.65 -8.6 1.8
0 94.55 -4.94 3.11
0 93.57 -0.75 2.61
2.44 94.03 -4.95 1.85
0 95.09 -8.22 1.85
0.11 95.23 -7.09 1.66
2.48 94.93 -8.6 2.52
0.65 95.53 -9.39 2.58
0.06 95.18 -9.76 1.9
0.17 94.9 -5.69 3.68
0 94.84 -0.9 4.24
30.23 94.61 -3.58 3.04
4.86 95.7 -11.92 3.49
0 96.39 -13.43 2.03
0 96.66 -14.49 1.76
1.11 96.96 -11.32 3.43
0 96.11 -10.35 2.59
0 94.69 -3.31 2.99
0.14 93.59 2.53 5.49
0.63 94.9 -6.67 5.11
0 95.43 -3.57 2.42
21.62 94.82 -1.5 1.93
0.75 94.84 -3.88 6.37
0.02 95.33 -6 3.02
0 95.74 -7.57 2.57
0 94.65 -2.73 2.95
0.17 93.35 3.01 2.64
34.97 94.07 -2.17 4.65
0 94.31 -0.73 3.5
0.05 94.32 2.89 4.97
0 94.98 1.57 3.08
0 95.63 -1.98 2.92
0.03 95.57 -4.75 4.33
0.85 95.1 -4.42 2.24
0.78 95.66 -3.73 2.28
0 95.55 2.07 1.41
0.03 95.28 5.36 2.4
4.87 94.63 9.09 5.22
2.18 94.43 6.9 5.52
0 94.87 0.66 6.07
0 94.94 -1.58 4.25
0 94.48 4.55 5.41
0 94.35 7.63 4.21
2.02 95.02 2.2 2.3
0 95.6 0.46 2.91
0 94.94 7.28 4.66
0.28 93.74 11.35 7.4
11.52 94.7 1.14 3.26
0 94.93 2.13 4.01
0.68 94.92 -0.15 2.27
54.3 94.74 -1.36 4.45
0.03 95.44 -1.88 6.1
0 95.56 0.68 2.64
0.1 94.92 3.08 3.5
9.11 95.23 2.12 1.38
0 95.08 5.11 4.24
10.91 94.46 8.7 3.5
17.8 95 7.59 2.78
0.09 95.34 7.48 2.17
0.06 95.6 8.82 2.37
0.33 95.35 8.26 2.76
0.1 95.2 7.44 1.91
0 94.75 12.37 2.72
1.24 94.47 13.52 4.46
18.27 94.41 3.84 3.93
50.47 94.04 0.93 3.36
0.09 94.13 3.79 7.91
5.64 94.28 5.73 6.57
10.06 94.5 11.18 3.08
0 93.98 16.66 2.03
0 93.73 17.87 5.73
0.18 94.29 15.07 2.31
1.71 93.82 58.01 3.69
207.99 93.49 8.17 4.02
18.16 93.9 11.78 5.78
18.54 93.92 10.55 2.31
1.55 94.15 13.88 2.75
37.03 93.92 10.46 3.65
9.84 93.84 9.07 3.01
9.1 94.91 9.1 2.45
0 95.13 13.26 1.86
0 95.07 15.68 2.12
11.14 94.58 17.44 3.56
9.31 94.51 20.24 2.04
0.44 94.7 19.36 2.98
12.71 94.21 17.87 3.23
171.76 93.35 11.57 3.72
1.95 93.03 17.42 5.36
0 93.9 21.84 2.64
0 94.04 25.28 3.3
0.17 94.11 22.09 2.47
0.41 93.81 21.39 3.1
5.72 94.06 17.19 4.6
0.52 94.63 20.62 3.62
0.07 95.04 20.8 2.16
2.43 94.92 18.76 2.42
121.76 94.27 15.24 3.49
63.72 93.91 16.43 2.19
53.72 94.45 14.42 2.41
7.37 95.02 15.9 1.39
1.13 94.88 18.46 1.62
0.26 95.02 19.09 1.65
0 95.04 21.89 1.61
0.01 94.82 22.7 1.93
0 94.52 24.1 2.14
0 94.55 23.73 2.67
0 94.6 25.07 3.53
0 94.72 24.92 3.59
0 94.85 25.42 3
0.69 94.74 22.07 2.3
0.02 94.43 21.83 3.52
0.23 94.11 23.65 1.81
19.68 93.81 24.23 3.37
29.42 93.75 22.55 2.84
0.7 93.69 22.78 2.71
4.96 93.82 23.43 1.64
35.53 93.85 21.72 2.47
7.53 93.93 21.64 2.73
0.76 94.05 23.34 1.76
0.07 94.45 22.1 3.19
0.01 94.04 21.96 2.71
8.66 94.39 19.28 2.01
0 94.41 23.17 1.57
0 94.28 25.29 1.38
0 94.26 27.18 2.37
0 94.22 26.33 2.11
14.93 94.06 22.22 1.82
22.46 94 21.7 1.35
0.1 94.05 23.61 1.25
0.04 93.78 24.98 1.43
64.75 93.73 21.96 2.54
1.44 93.78 24.65 1.22
0.02 93.75 27.6 1.64
2.49 93.74 26.44 3.5
0 93.74 25.67 3.97
0.02 93.9 24.44 2.85
17.47 94.18 19.5 2.49
2.67 94.39 21.65 2.28
0.6 94.33 21.45 2.28
50.12 94.1 20.64 2.1
67.07 94.12 20.32 1.49
137.91 94.4 19.61 1.2
2.44 94.64 21.99 1.04
0 94.54 24.06 2.23
47.43 94.03 22.78 2.93
3.51 93.82 24.94 3.31
0.61 94.07 26.21 2.02
1.4 94.05 27.37 2.35
6.21 94.09 25.68 3.29
92.04 94.1 24.21 2.46
0.67 94.35 24.49 1.75
1.34 94.44 25.74 1.7
2.28 94.46 27.13 1.71
2.58 94.56 27.83 1.22
0.25 94.41 27.82 2.03
7.98 94.3 28.66 2.02
12 93.99 26.74 2.24
108.78 93.61 24.8 3.11
11.26 93.67 21.59 1.19
32.97 93.58 25.8 1.49
84.16 93.92 22.41 2.73
0 94.51 20.82 2.8
0.01 94.4 22.5 1.83
4.19 93.6 25.29 3.23
25.79 93.87 23.77 2.41
59.02 94.29 22.25 4.29
0 95.03 20.33 2.17
29.51 94.65 20.06 1.48
108.61 93.91 22.42 3.13
12.02 94.03 21.96 2.76
0 94.23 21.17 2.17
0 93.93 25.13 3.1
43.56 93.7 24.04 1.7
4.13 93.57 25.49 2.33
11.68 93.47 23.36 3.06
0 93.98 21.62 3.64
0 94.34 22.55 1.66
45.85 94.32 22.43 2.75
5.61 94.47 23.23 3.07
83.41 94.65 21.87 2.37
0.66 94.99 22.15 2.19
105.49 94.91 17.98 1.3
39.43 94.84 18.99 1.19
0.91 94.83 19.64 1.53
0 94.72 22.67 2.25
0.05 95.03 21.04 1.6
0.88 95.25 21.02 1.47
0 94.96 20.11 1.66
0.92 94.72 20.02 1.57
17.59 94.32 20.53 1.88
4.27 94.44 20.42 2.12
0.36 94.48 20.74 2.16
10.41 95.01 19.62 1.61
5.23 95.15 20.12 1.59
0.03 95.02 19.86 1
0 94.7 19.95 2.12
0 94.47 22.69 1.75
0.59 94.75 23.6 1.92
0 95.32 16.81 1.6
0 95.08 16.98 1.44
0.95 94.62 17.36 1.25
6.16 94.29 17.97 2.12
0.17 94.55 18.61 1.5
0 94.69 19.72 1.1
0.9 94.73 22.19 1.74
0 94.81 21.84 1.47
4.94 94.59 21.36 2.57
143.68 95.08 13.74 2.63
322.22 95.16 8.82 2.16
94.59 94.97 12.64 1.27
0 94.68 16.62 2.01
44.31 94.99 14.23 2.45
189.09 95.57 9.41 2.94
0 95.39 9.08 2.06
0 95.21 12.41 1.51
0.29 94.93 14.35 1.73
24.27 94.63 15.78 3.2
0.15 94.87 11.32 2.46
0 94.85 9.75 5.55
0 95.68 7.68 3.36
0 95.26 9.31 1.43
0.03 94.91 15.33 1.91
0.63 95.37 11.03 1.26
230.37 95.14 6.24 2.62
96.33 95.02 7.49 2.93
0 95.1 9.65 2.08
0 94.66 14.33 1.55
0 94.52 17.83 2.43
0 94.64 19.03 3.75
0 94.6 18.13 3.18
0 94.16 17.81 3.48
22.16 94.91 9.36 2.91
117.44 95.3 3.85 2.31
0 95.31 8.04 2.03
0 94.9 9.47 1.85
0 95.09 7.18 3.02
0 94.59 6.84 3.31
0 95.49 0.76 3.5
0 95.99 -0.64 1.49
14.26 95.95 -1 1.3
40.49 96 0.3 1
0 95.82 1.64 1.5
0 95.28 2.54 1.29
0 94.94 7.91 2.19
5.59 95.21 7.91 3.61
1.6 95.77 2.72 4.77
0 96.07 -0.84 5.25
0 96.72 -2.25 3.2
0 95.87 0.6 2.48
0 95.75 4.85 2.92
0 95.74 6.39 2.15
0 95.82 6.11 2.34
0 95.66 6.57 2.86
0 96.22 1.31 3.83
0 95.67 1.47 1.98
0 95.3 5.01 2.33
0 95.36 4.92 1.5
0 95.04 7.03 2.28
0 94.77 6.84 2.34
11.79 95 2.29 2.75
0.17 95.46 -0.25 4.15
0 95.11 -1.91 1.69
0 94.66 -1.1 1.34
27.8 94.17 -0.88 4.13
1.52 94.56 -1.06 2.69
0.75 95.56 -2.52 3.72
0 96.54 -6 2.29
0.02 95.83 -3.61 2.73
0 95.23 -0.48 1.95
0 95.09 1.82 2.9
0 94.76 5.41 5.05
0 94.32 3.21 2.92
0 94.1 6.31 2.45
0.13 94.27 1.52 5.54
0 95.05 -3.89 2.86
0 94.84 -2.41 2.3
0.01 95.08 -2.79 4.81
0 95.41 -8.05 2.46
0.38 94.54 -8.08 1.59
0 94.89 -8.75 6.72
0.74 95.12 -9.32 1.92
0.16 95.02 -8.94 0.96
0 94.57 -3.97 2.13
0.04 94.25 -5.79 2.31
0.04 94.83 -10.21 3.61
0 94.81 -5.47 2.79
0 93.78 1.18 2.06
0 95.32 -4.82 4.01
0 95.78 -7.06 3.63
0 94.52 -7.39 2.6
0 94.51 -8.93 1.66
0 93.97 -7.38 1.88
1.98 93.91 -10.72 4.73
0 94.88 -14.94 1.44
2.48 95.31 -16.46 2.51
0.05 95.97 -17.73 2.5
0 95.79 -17.3 4.55
0 95.47 -16.04 4.92
0 94.17 -10.08 2.98
0 94.07 -7.92 1.27
0 94.12 -4.08 2.3
0 94.38 -4.29 2.58
0 94.65 -2.35 1.88
0 94.47 -9.79 1.43
0.19 95.03 -13.36 3.12
0 96.23 -18.65 3.79
0 96.17 -16.88 4.36
0 95.28 -16.21 3.99
0 94.18 -11.86 4.12
0 93.88 -11.53 2.18
0 94.51 -12.75 4.86
1.56 94.77 -14.05 2.52
0.02 94.92 -13.18 6.47
0.21 95.49 -12.43 7.31
0 96.09 -11.57 4.09
0 96.24 -12.02 3.87
0 95.86 -13.73 1.18
0.01 95.47 -13.49 2.34
0.01 95.61 -11.93 6.02
0 96.21 -10.85 4.21
0.01 95.5 -7.85 2.12
0.12 95.43 -10.41 3.78
0 95.94 -13.76 3.83
0 95.17 -10.91 2.45
0 94.76 -12.7 4.11
0 94.9 -14.99 1.89
0 94.92 -12.05 2.99
0.02 95.95 -15.95 2.79
0 96.35 -18.06 4.17
0 96.16 -15.19 3.08
0 95.98 -14.62 3.59
0 95.68 -14.4 3.17
0 95.66 -15.54 2.96
0 95.57 -13.55 2.68
0 95.39 -13.5 1.78
0 95.4 -15.02 3.34
0.03 95.68 -15.1 3.85
0.01 95.84 -14.88 2.76
0.04 96.01 -15.84 3.11
0 96.43 -17.26 1.77
0 96.7 -15.23 2.24
0.01 96.26 -15.89 3.29
0 95.95 -15 3.92
0 95.72 -11.34 3.1
0 95.31 -3.19 3.24
0 95.04 -4.51 1.61
0 95.02 -9.47 1.43
0 94.81 -5.76 2.15
0 95.13 -6.67 2.62
0.02 94.16 -2.8 5.49
0.03 94.86 -3.58 3.23
0 94.59 -7.65 2.17
0.72 94.75 -8.76 3.28
0.05 95.51 -11.5 1.71
0.42 95.51 -11.38 1
0.57 95.78 -14.67 3.88
0 95.87 -12.88 2.62
0.06 95.81 -12.4 2.56
0.04 95.7 -11.98 1.9
0 94.93 -4.17 2.3
1.79 95.03 -6.07 1.32
5.19 95.45 -5.98 2.65
0 95.38 -4.84 2.25
0 95.25 -0.05 3.04
0 95.56 -1.26 2.24
0 95.14 1.61 2.34
0 94.6 3.46 4.81
1.78 94.53 0.57 2.38
0.29 95.28 -5.14 2.57
0 95.89 -6.06 2.01
4.35 95.23 -2.28 4.88
0.23 96.17 -9.83 3.34
0.05 95.62 -8.89 4.65
0 95.25 -7.15 2.94
0 95.25 -7.58 2.95
0 95.36 -4.98 2.81
0 94.99 -1.36 1.62
0.08 94.53 0.51 2.93
0 95.37 -2.02 4.78
0 95.07 -1.88 4.77
0 95.12 -4.02 6.55
0 95.45 -2.08 4.18
0 95.19 -0.74 3.07
0 94.52 2.73 3.67
0 93.87 6.84 2.39
0.01 94.67 0.3 5.26
0 95.78 -3.1 3.92
0 95.44 -5.39 5.65
0 95.2 -4.03 3.69
0 94.52 3.96 4.22
0 94.24 4.66 5.46
0 94.67 0.87 3.58
0 94.93 -0.88 1.88
0.61 95.47 -3.97 3.73
0 95.55 -2.86 3.65
0 95.3 -2.69 2.43
0 95.43 -2.96 5.08
0 97.57 -0.86 3.25
0 97.53 1.18 3.56
0 97.38 2.53 3.75
0 97.64 2.5 2.02
0 97.31 7.4 4.39
0 96.98 7.85 1.92
0 96.58 9.16 4.36
0 97.91 1.84 4.41
0 97.81 1.43 2.55
0 97.34 5.77 2.81
0 97.24 7.46 1.46
0 95.04 10.62 3.93
0.06 94.26 11.31 4.96
2.51 94.74 7.04 3.78
0 94.66 8.6 4.36
0 94.59 8.22 4.52
0.63 95.24 5.15 3.04
0 94.89 9.02 3.39
0 94.28 14.98 3.8
0 94.44 13.53 1.97
0.02 93.66 16.11 2.58
0 94.57 10.04 5.17
0 94.17 12.82 4.29
1.55 94.31 7.12 7.86
0.59 94.97 6.81 4.85
0 94.72 9.83 2.47
0 94.21 13.42 4.72
31.07 94.99 7.56 2.16
3.54 94.84 5.93 1.63
7.81 94.55 4.95 2.9
1.51 94.1 6.74 4.78
0.05 93.71 8.33 1.78
3.22 93.78 8.6 3.28
7.22 94.43 7.14 2.6
0 93.9 9.34 1.72
29.11 93.28 8.06 1.51
3.43 93.22 10.11 2.98
0.73 94.15 12.57 4.75
0.33 94.42 10.08 4.56
0 94.73 12.21 3.4
0.81 94.26 13.44 4.16
88.56 93.44 9.22 3.12
0.07 93.51 10.93 3.66
0.01 94.07 13.01 3.52
0.64 93.96 15.88 4.26
8.77 93.84 16.75 3.39
0 94.12 18.03 1.93
0.19 93.75 16.63 5.94
0.28 93.64 12.98 7.17
0 93.86 15.32 7.5
0 94.02 15.47 4.39
0 94.61 12.66 4.41
0 94.54 13.87 2.41
0.01 93.45 17.14 2.51
12.21 93.21 18.87 4.45
10.04 94.41 13.37 3.43
0.65 94.48 11.57 4.16
0.28 94.34 12.62 4.4
0 94.22 17.13 2.44
0 94.38 17.31 2.84
0 94.49 19.66 2.78
7.55 94.31 20.92 5.86
4.79 94.25 19.04 5.28
0.01 94.09 21.02 3.97
2 93.87 24.66 7.85
5.94 94.08 22.16 2.4
94.74 93.69 17.6 2.92
7.28 93.62 16.8 3.47
0.02 94.01 19.38 2.69
2.23 93.68 21.15 5.17
2.55 93.87 18.19 4.61
1.42 94.14 19.16 2.25
0.5 93.97 23.44 2.07
7.97 93.33 25.42 3.61
7.79 93.12 22.05 2.93
11.26 93.37 21.9 2.21
0 93.79 22.47 3.58
15.32 93.76 20.64 2.24
368.28 93.91 16.12 2.54
5.52 94.1 19.47 2.48
6.21 94.1 20.77 1.58
34.19 93.92 19.1 2.05
28.93 93.89 18.27 2.19
165.73 94.1 16.93 1.64
0.28 94.24 19.96 1.29
0 94.14 24.1 1.21
0 93.95 26.91 2.46
0.06 93.64 28.38 3.34
0 93.61 27.55 2.7
8.21 93.45 21.54 2.69
81.14 93.78 15.62 2.62
0.5 94.42 18.97 2.2
0 94.77 20.38 1.62
3.74 94.23 21.59 2.94
6.5 93.48 22.88 2.67
3.27 93.56 25.07 2.7
0.02 93.68 26.14 4.01
23.08 93.63 23.67 3.03
150.61 93.78 21.1 2.03
0.7 93.7 23.26 2.94
0 93.82 23.7 2.66
0 93.92 24.61 2.22
17.07 93.35 23.7 3.37
0.7 93.06 25.27 3.49
44.69 93.22 17.53 1.14
34.03 93.27 17.37 2.72
3.26 93.92 21.27 2.04
11.61 94.08 22.94 2.19
27.21 94.13 23.94 2
2.76 94.15 23.71 2.29
1.04 94.01 24.09 1.78
120.37 94.15 21.18 1.94
5.58 94.1 22.39 1.47
27.9 93.98 21.57 1.86
41.12 94.04 20.79 1.48
28.3 94.11 21.79 0.99
293.5 93.98 20.27 1.44
59.74 93.85 21.06 2.41
41.82 93.74 22.39 2.41
7.42 93.71 23.58 1.81
0.1 93.82 25.14 1.43
18.32 93.77 25.74 2.68
287.85 93.61 22.62 2.52
68.18 93.54 21.94 2.09
4.11 93.71 22.74 2.42
0.52 93.95 24.29 1.85
31.94 94.14 22.38 1.61
48.97 93.79 21.44 1.85
0.02 93.85 23.11 1.61
0.23 93.97 24.05 2.79
0.29 94.35 22.89 2.21
0.04 93.92 23.91 2.34
0 93.9 23.51 2.28
0.02 94.11 24.39 1.77
3.75 94.08 23.79 1.38
4.84 94.11 23.89 1.9
6.88 93.82 23.46 1.49
5.15 93.89 24.98 2.4
0 94.3 24.16 1.81
0 94.14 25.02 1.5
0 93.82 25.92 1.81
86.12 93.62 25.05 2.17
66.96 94.04 19.48 1.69
128.13 94.06 18.31 1.42
9.13 94.07 20.97 1.64
15.78 94.21 20.52 1.18
0.06 94.46 20.79 1.45
0.11 94.58 21.8 1.18
0 94.58 23.23 1.56
0.4 94.48 22.59 2.04
12.55 94.74 20.89 1.94
0 94.7 19.96 1.37
9.42 94.65 20.37 1.43
1.69 94.88 20.12 1.57
0.21 94.95 21.87 2.38
7.74 94.73 20.35 2.47
5.22 94.42 20.52 1.56
0.56 94.31 22.13 1.26
0 94.24 23.33 1.53
9.73 94.02 22.07 3.25
0.48 94.56 18.36 1.23
0 94.37 19.79 1.85
1.42 94.91 16.69 1.52
0.13 94.83 18.15 1.33
0 94.9 17.28 0.89
0 94.38 19.09 1.25
15.72 94.04 18.03 3.62
1.29 94.71 12.49 2.13
0.06 95.22 12.25 2.43
1.34 95.42 14.29 2.52
3.38 94.89 17.09 2.09
0.13 94.61 18.13 3.11
0.02 94.15 20.73 3
59.68 94.36 16.03 2.02
12.13 94.65 12.61 1.68
41.8 94.98 11.46 2.8
0 95.35 8.54 2.22
0 95.76 8.74 2.48
0 95.56 9.68 1.56
0 95.22 11.12 1.7
0 94.82 12.66 1.44
0 94.94 13.29 1.81
0 94.77 14.33 1.56
0 94.47 16.7 2.95
0.04 94.81 15.83 1.36
0.06 94.91 17.73 2.86
0.02 94.7 19.51 3.02
4 94.62 14.14 2.51
0.12 95.14 7.33 2.71
0 95.61 5.82 2.89
0 95.65 6.92 3.42
0 96.09 7.84 3.13
0 95.73 8.85 1.07
0 95.02 11.01 1.83
0 94.47 12.5 4.6
0 95.09 9.57 3.37
0 95.05 10.17 1.6
0 94.74 14.2 2.68
0.04 95.29 12.51 3.88
0 95.78 8.46 1.37
0 95.46 12.19 2.22
0 94.88 14.34 1.46
92.79 94.31 10.72 1.79
2.65 94.26 8.19 1.98
0.74 93.86 8.26 2.48
2.77 94.38 7.97 5.06
0 95.38 4.01 2.45
0 95.41 8.17 1.67
0 95.15 11.27 2.79
0.01 94.97 14.92 4.04
0 94.97 13.81 2.28
0.19 94.94 9.69 1.36
52.51 95.53 3.82 4.71
0.01 95.8 2.27 3.92
0 95.77 4.1 2.12
0 95.34 6 1.92
0.56 95.19 6.85 2.06
0 95.49 6.14 1.62
0 95.11 6.41 1.44
0 94.86 10 4.22
0 95.04 10.74 4.43
1.02 95.32 10.91 2.66
0.04 95.97 3.44 1.65
0.52 95.6 6.69 2.06
6.37 95.4 9.2 3.76
0.12 96.18 1.76 2.49
0.02 95.98 0.21 1.04
0 95.88 2.8 2.18
0 95.87 1.81 1.58
0 95.64 1.34 1.5
0 94.99 1.72 1.39
0 94.36 4.22 2.33
0 94.66 5.05 4.17
0.04 95.5 -3.2 3.02
0 95.59 -5.9 1.46
0 95.62 -5.24 1.56
0 95.89 -3.76 1.55
18.02 95.19 -1.55 1.13
3.12 95.08 -2.15 3.09
0.44 95.21 -6.18 3.42
0 95.63 -7.02 2.82
0 95.64 -5.17 1.9
20.82 95.37 -7.19 2.05
1.3 95.89 -8.2 3.5
0 95.62 -10.22 0.95
0.04 95.56 -8.2 1.34
1.98 94.89 -1.14 1.66
0 94.98 -2.64 1.12
0 95.91 -5.41 3.01
0 96.43 -10.27 1.55
0 96.68 -8.61 2.37
0.05 95.91 -8.68 1.15
0.02 95.24 -6.26 1.09
0 95.44 -7.17 1.66
0 95.78 -9.21 1.48
0.38 95.99 -10.61 0.6
0.42 95.97 -7.88 0.69
0.34 96.27 -8.61 3.76
0.01 96.54 -12.25 4.44
0 96.1 -10.85 4.33
0 95.24 -6.24 4.43
0 95.34 -4.45 2.58
0 95.81 -8.37 1.2
0 95.05 -3.39 3.86
0 95.81 -9.86 5.05
0 96.02 -13.43 4.3
0 96.11 -12.03 4.21
0 95.89 -10.42 3.02
0 95.94 -11.12 2.46
0 95.88 -13.03 0.7
0 95.49 -11.04 2.68
0 95.46 -10.74 3.22
0 95.68 -12.56 2.01
0 95.23 -10.42 2.86
0 95.43 -14.84 1.27
0 95.93 -14.35 1.14
0 96.15 -13.45 1.2
0 95.66 -8.48 1.52
0 96.14 -12.9 1.75
0 96.41 -15.89 1.36
0.04 95.83 -12.93 1.07
0 95.67 -9.55 2.99
0.2 96.06 -12.03 2.39
0.31 95.45 -12.23 2.61
0.14 95.64 -12.8 4.9
0 95.84 -12.07 2.69
0 95.67 -13.07 2.23
0 96.48 -15.7 1.4
0.06 96.35 -16.41 1.24
0 95.93 -13.4 1.48
0 95.9 -14.62 0.97
0.07 95.97 -14.66 3.05
0 95.96 -13.09 3.1
0 95.14 -8.1 3.23
0 95.39 -10.55 2.24
0 95.34 -10.17 2.3
0 95.05 -11.35 1.21
0.03 94.95 -11.09 1.04
0.04 95.14 -13.8 0.72
0 95.27 -12.66 1.37
0 95.76 -13.76 0.96
0.01 96.46 -15.42 4.08
0 96.27 -19.25 2.45
0 95.88 -18.19 3.18
0 95.36 -18.58 2.61
0 95.22 -17.91 2.13
0 94.8 -15.61 2.47
0 94.98 -15.07 2.23
0 95.51 -17.18 1.54
0 95.71 -16.16 1.96
0 96.11 -16.82 2.1
0.02 95.72 -19.26 1.08
0.12 95.26 -17.92 3.22
0 96.04 -18.15 4.93
0 95.98 -15.73 3.32
0 95.01 -14.03 2.73
0 95.08 -10.59 2.67
0.06 94.52 -7.62 1.63
0.02 95.22 -13.6 5.48
0 95.38 -16.3 4.75
0 94.94 -13.46 4.61
0 95.14 -11.4 3.05
0 95.5 -13.02 2.43
0 95.56 -12.75 1.68
0 95.15 -8.82 2.42
0.01 94.96 -5.4 2.2
0.19 95.56 -10.55 3.02
0 95.47 -11.68 2.95
0.03 95.57 -12.19 4.12
0 95.67 -13.24 5.42
0 95.56 -10.1 3.58
0 94.94 -6.11 2.9
0 95.17 -9.39 1.86
0 94.91 -11.49 0.93
19.76 94.56 -9.22 3.23
0 95.45 -7.6 2.59
8.94 95.34 -6.61 2.57
0.03 95.75 -8.91 3.52
0 95.69 -9.06 2.05
0 95.13 -7.11 1.49
0 94.71 -1.59 2.74
0 94.95 -1.13 1.96
6.16 95.57 -4.4 1.58
0.2 95.75 -8.63 1.53
0.18 95.66 -6.7 1.7
0.04 95.04 -2.85 1.63
31.87 94.38 -4.52 1.49
33.69 94.4 -5.38 2.63
0.02 95.01 -5.72 3.35
0 95.75 -8.84 3.2
0 95.44 -10.36 1.8
0.11 95.35 -9.63 5.02
0 95.77 -8.27 3.99
0 95.46 -7.03 2.01
0 94.81 -2.54 3.29
0 95.35 -1.84 1.97
0 94.86 3.11 3.61
1.99 94 6.02 4.06
12.57 94.88 -4.89 3.73
5.04 95.64 -9.51 2.7
0 95.34 -2.59 2.59
0 95.28 -1.03 1.68
0 94.61 4.65 4.69
0 95.26 1.73 1.78
4.56 94.34 0.73 4.46
0 94.77 -0.77 5.94
0 95.23 -0.43 3.88
0 94.89 5.05 2.91
0 95.13 8.1 3.44
0 95.23 9.11 3.86
0.16 94.22 9.54 9.12
0.3 94.91 0.54 4.94
0.15 94.93 -1.27 5.15
0 94.98 -1.72 1.59
1.69 94.86 0.6 2.74
0 94.43 3.87 4.42
0 94.3 3.39 5.62
0 94.52 3.1 5
0.08 94.9 2.95 2.72
0 94.35 10.36 4.11
0 94.49 10.08 5.36
0 94.35 13.43 4.05
3.16 94.17 13.5 6.14
2 94.51 7.77 5.38
0 93.97 11.27 3.78
0 93.77 14.67 4.21
0 93.83 14.25 3.54
0.72 94.52 8.09 3.96
0 94.71 8.71 2.78
0 93.71 16.74 3.46
0 93.78 19.69 3.52
0.75 94.17 16.17 5.61
14.77 94.76 13.57 2.47
0.88 94.19 13.24 2.69
0.16 93.57 14.32 1.87
0.42 93.44 18.84 4.59
215.19 94.07 12.13 2.68
40.26 94.01 9.04 4.57
0 93.33 10.91 4.83
0.08 93.03 10.45 8.74
0 94.3 8.94 4.33
0 94.28 12.15 2.97
1.34 93.97 18 4.05
0.22 94.67 15.41 2.48
21.28 94.14 15.73 1.94
0 94.16 20.64 2.89
0.33 94.4 18.86 2.4
0 94.43 17.25 4.24
0 94.06 16.46 2.91
0.59 94.03 16.86 2.69
0 94.25 18.68 2.65
0.03 94.44 21.03 2.83
18.39 94.8 18.36 2.7
80.25 94.76 13.91 1.6
21.47 94.18 13.88 2.43
23.82 93.95 11.04 2.75
2.01 93.92 11.29 4.35
0.01 93.67 11.82 3.2
4.08 93.45 11.71 5.43
0.04 93.9 15.63 1.56
0 93.71 23.18 3.86
4.46 94.4 19.38 3.26
2.49 94.72 18.72 2.48
0.07 94.49 21.1 4.86
5.58 94.26 19.56 3.66
2.19 94.4 17.23 4.08
0 94.45 16.24 3.29
0 94.18 17.78 2.45
0 93.88 19.06 2.44
0 94.34 20.12 2.19
0 94.4 23.39 1.92
6.99 94.47 18.63 2.48
37.11 94.88 14.4 3.74
0.11 94.95 16.65 1.59
9.71 94.46 17.84 4.09
12.65 94.24 16.12 2.68
40.07 94.03 15.77 2.2
9.5 93.72 17.72 2.98
0.89 93.95 20.22 2.57
2.77 93.45 21 2.93
26.37 93.37 21.69 2.86
49.33 93.34 21.4 2.2
26.37 93.21 21 3.07
6.69 93.37 16.96 2.97
1.47 93.05 16.07 3.88
8.85 93.19 15.46 1.81
114.29 93.86 13 1.43
386.31 94.07 13.97 2.73
290.22 94.06 15.05 3.24
6.75 93.89 19.14 1.55
6.34 93.8 21.4 1.34
4.46 94.02 21.16 1.73
13.71 93.75 21.82 1.31
5.72 93.77 22.69 2.25
1.36 93.92 22.57 1.19
103.93 93.91 20.21 1.31
0.97 93.6 22.32 1.76
35.94 93.62 22.29 3.45
24.44 94 20.94 3.05
9.89 94.38 22.7 2.41
0.91 94.55 23.03 1.62
4.72 94.24 21.31 2.98
28.98 93.84 21.95 2.55
0 93.71 23.76 2.24
1.74 93.33 24.12 4.08
5.47 93.36 21.88 3.99
1.06 93.38 21.7 3.44
0.06 93.74 22.66 1.52
0.63 93.87 22.22 2.03
0.38 93.75 23.76 1.68
12.49 93.71 24.15 2.52
116.42 93.68 25.11 2.56
12.78 93.74 25.22 2.38
198.96 93.37 20.93 1.63
65.74 93.19 18.32 3.06
157 93.59 18.26 3.5
33.12 94.1 20.54 3.04
0 94.08 20.8 1.36
0 94.09 22.28 1.44
0 94.32 24.25 1.32
0 94.38 25.19 2.02
0.08 94.21 24.95 1.94
1.29 94.11 24.35 1.6
7.56 94.04 24.12 2.09
36.89 93.95 22.97 1.06
433.11 93.59 21.25 3.65
0 94.03 22.78 1.71
0 94.21 23.65 2.24
3.32 94.1 24.92 3.13
81.74 93.71 25.73 3.49
0.95 94.17 23.3 1.59
64.13 93.64 23 3.03
9.89 93.38 23.34 4.26
0.16 94.06 21.95 1.77
30.82 94.38 20.13 1.6
108.95 94.54 18.97 1.51
91.7 94.47 19.66 1.48
9.84 94.48 21.47 1.89
65.72 94.54 21.77 1.74
0 94.7 23.33 1.31
0 94.53 23.81 1.51
0 94.08 25.56 1.98
6.79 94.02 25.2 2.08
3.12 94.33 23.54 1.59
0 94.17 23.45 1.74
16.03 94.31 19.16 2.49
31.06 94.33 17.03 1.96
0.5 94.4 19.46 1.71
1.62 94.05 19.16 2.16
1.84 94.16 21.29 2.01
0 94.46 21.99 2.32
0.06 93.97 23.6 3.41
35.55 94.12 22.41 2.51
1.73 94.2 20.31 1.2
7.05 94.2 19.52 2.49
4.63 94.77 15.58 1.57
0.04 94.89 16.31 2.07
0 94.56 21.16 2.93
0 94.52 22.77 2.47
0.18 94.38 23.28 2.3
1.12 94.49 21.29 1.12
6.53 94.35 21.19 1.79
0.56 93.98 22.18 2.05
0.57 94.1 22.69 3.16
0 94.27 25.14 2.6
0 94.39 26 2.58
0.39 94.45 24.77 2.04
204.22 94.48 15.37 3.34
19 94.81 13.26 3.56
0.31 94.82 12.14 1.67
1.39 94.87 15.55 2.16
0 94.78 19.8 2.19
11.94 94.93 19.03 1.77
0.72 94.87 17.34 1.24
0 94.79 18.31 1.24
0 94.69 20.76 2.06
20.03 94.37 19.45 2.02
59.31 94.44 12.43 3.73
0.22 94.53 11.05 2.42
0 94.92 14.09 1.67
0.05 95.42 13.56 1.39
0 95.53 12.98 1.4
0 94.9 13.67 2.14
0 94.4 14.7 2.28
0.09 94.36 15.04 1.15
0 94.54 16.76 1.54
1.55 94.44 19.07 2.4
0.85 94.5 17.56 1.47
1.52 94.88 15.43 1.55
0.18 95.15 15.59 1.78
19.94 94.96 14.82 2.34
1.06 95.27 13.73 0.91
58.18 94.9 10.38 1.32
108.65 94.88 9.54 7.02
0.89 95.08 10.91 4.15
0 95.07 10.31 1.57
0 94.87 12.41 1.4
0.4 94.69 13.29 2.31
0.74 94.52 12.46 3.41
0 94.66 12.5 1.93
0 95.25 9.69 1.89
0 95.6 11.4 1.47
0 95.45 13.18 1.27
0 94.9 16.84 2.35
12.21 94.53 12.57 3.43
0 95.04 7.23 2.05
0.01 94.63 9.54 1.94
0 94.48 12.05 1.71
0.1 94.87 7.92 4.14
0 95.29 6.31 2.59
0.01 95.37 6.64 2.26
44.88 94.72 8.66 3.34
0 94.75 4.04 4.34
0 94.9 4.67 2.4
0 94.66 8.5 2.48
0 95.18 5.22 1.56
76.35 95.45 0.89 0.81
97.64 94.87 1.77 1.21
0 94.51 5.12 1.67
0 94.26 8.77 3.2
0 94.9 7.99 2.31
0 94.87 11.42 3.05
2.8 94.83 10.11 3.85
0 95.77 2.53 1.39
1.98 95.67 -0.49 1.85
0.05 95.2 -0.3 3.81
0.03 95.06 -0.77 2.35
0 95.04 1.79 1.67
0 95.29 -1.42 2.01
5.23 95.35 -1.27 1.38
210.06 95.08 -1.18 35.52
77.53 95.22 -0.73 3.39
0 95.19 -5.34 1.38
0 94.83 -2.17 1.92
0 95.08 -2.11 1.48
0 95.53 -5.06 1.23
52.99 95.24 -3.97 1.15
101.05 93.93 -2.89 6.31
0.27 94.37 -4.56 3.51
0 94.44 -6.27 4.98
0 95.25 -5.11 3.71
0 95.51 -7.23 1.49
23.46 95.01 -3.58 2.02
0 94.92 -7.03 33.34
0.01 94.56 -6.81 2.5
0.01 95.16 -4.36 2.97
0 95.24 -7.19 1.56
0 94.9 -2.97 3.1
5.77 95.43 -6.69 2.47
0 95.26 -6.06 2.94
0 94.71 -5.33 2.54
0 94.68 -4.42 3.78
0 94.77 -9.17 2.53
0 93.76 -3.76 5.13
0.01 94.6 -7.91 3.82
0.01 95.17 -10.72 1.79
0 95.87 -13.88 1.9
0.08 95.45 -15.48 1.53
0.2 94.35 -4.82 3.07
1.02 94.62 -8.79 3.79
0 94.9 -12.27 1.85
0 94.92 -13.82 3.32
0 94.85 -16.09 3.29
0 95.04 -17.73 2.3
0.01 95 -17.53 5.14
0 95.16 -12.03 5.51
0.03 95.81 -15.1 1.69
0.01 95.95 -15.01 1.3
0.04 95.32 -13.35 0.96
0.01 95.4 -11.04 1.3
11.56 95.53 -12.8 1.08
0.74 95.29 -10.24 1.56
0.22 95.68 -14.01 1.05
0 95.99 -13.31 4.1
0 96.08 -15.4 2.89
0.01 95.53 -16.24 1.29
0.09 95.63 -13.38 71.81
7.59 95.68 -12.11 4.05
0 96.13 -17.39 3.29
0 95.87 -20.62 1.83
0 94.99 -19.64 3.96
0 96.18 -19.67 2.59
0 95.89 -20.05 1.37
0 95.35 -14.83 1.49
7.21 95.37 -16.6 1.08
13.68 95.34 -13.27 4.77
0 94.97 -15.82 3.46
0.02 94.44 -16.15 1.53
0 94.91 -18.76 4.82
0 95.98 -18.61 6.63
0 96.57 -16.49 2.16
0 95.61 -16.85 1.56
0 95.49 -15.61 1.29
0 95.37 -17.57 1.66
0 95.3 -17.48 1.79
0.02 95.69 -17.93 2.18
0 95.47 -15.86 1.6
0 95.37 -17.19 1.4
2.03 95.04 -16.19 0.95
0 95.1 -14.82 1.41
0 95.08 -14.8 1.14
0 95.6 -11.23 2.1
3.7 95.33 -15.58 1.81
0 96.01 -15.15 3.47
0 96.22 -12.49 1.76
0 95.24 -7.9 3.01
0 95.79 -11.15 1.46
13.79 95.83 -11.79 1.07
0.25 95.89 -10.28 2.12
0 95.58 -14.36 1.3
0.01 94.46 -9 2.68
0.04 95.08 -15.76 4.56
0 95.13 -16.87 1.75
0.07 95.45 -16.61 1.43
0.02 95.31 -13.15 2.48
0 94.94 -8.11 1.6
0 95.17 -7.98 1.34
0.02 95.09 -7.53 1.28
1.01 95.03 -8.32 1.52
0.54 95.69 -9.93 5.05
0 95.73 -12.34 2.23
0.81 94.75 -10.9 2.35
0 95.51 -10.81 2.85
0.01 95.06 -9.29 2.19
4.67 95.41 -17.34 4.65
0 96.17 -18.83 6.39
0 96.04 -17.38 1.4
1.34 95.21 -13.91 2.03
0 95.82 -14.85 2.13
0.03 95.82 -14.01 1.68
0 95.08 -8.09 68.44
0 94.91 -7.22 2.91
0 95.56 -11.62 2.41
0 95.48 -11.28 1.54
0 94.7 -7.32 2.07
0.01 94.76 -6.31 4.48
0 95.47 -12.97 3.73
0 95.63 -14.21 2.19
0.01 95.58 -13.16 2.1
0 95.42 -9.74 2.87
0 95.64 -8.65 2.46
0 95.59 -5.52 1.69
0 95.8 -8.34 1.64
8.42 95.54 -8.86 2.23
0.3 94.67 -3.03 2.49
0 94.6 -0.27 3.01
0.1 94.04 -4.02 6.99
0 95.9 -9.35 6.61
0 95.86 -5.81 1.78
0 94.82 -1.57 3
0 95.14 1.37 3.69
0 94.5 4.96 3.3
0 94.51 3.45 1.99
0 93.91 2.8 2.2
0 93.87 -1.56 2.38
0 93.97 -4.53 5.24
0 95.35 -2.54 2.15
0 94.5 4.96 4.08
8.86 94.63 -0.6 4.28
0 95.77 -7.02 4.45
0 95.14 1.31 3.47
0 94.78 5.39 2.8
0 95.14 5.03 3.69
0 93.76 7.17 3.9
1.57 93.94 -4.01 3.64
36.15 94.7 -8.55 3.3
0.12 95.03 -8.38 3.01
0 93.73 0.45 6.61
0 94.8 -3.9 3.3
35.87 94.54 -6.72 3.89
0 95.19 -5.79 3.73
0 95.02 -2.4 1.98
0 93.96 3.86 4.51
3.3 94.3 -0.25 3.99
0 95.09 -1.64 3.46
0 95.33 -2.53 2.71
0.21 95.17 -0.59 1.83
10.34 94.92 0.19 2.02
142.74 95.1 0.18 2.77
0 94.43 3.37 3.75
0 94.65 4.25 3.23
19.59 94.82 -1.58 2.25
56.57 95.04 -1.63 3.54
0 94.79 -0.7 2.82
0.2 93.92 1.27 3.63
9.23 93.94 -0.01 2.98
2.09 94.88 0.04 4.6
0.96 94.71 0.92 4.04
0 94.75 2.1 4.18
0 94.24 7.63 2.9
0.14 93.89 4.97 4.91
0 94.07 1.62 6.86
0 93.89 3.32 2
13.05 94.17 2.55 3.26
86.19 94.46 0.38 327.28
9.27 95.41 0.03 5.31
0 95.43 1.33 2.06
0 95.1 4.29 3.05
0 94.74 7.84 2.26
0.12 94.05 13.26 5.37
88.19 94.23 7.32 2.11
0.43 94.16 7.88 3.01
0.03 94.28 8.37 4.93
0 94.33 9.49 1.92
0 94.24 13.63 2.05
2.53 93.96 12.83 5.22
0.13 94.24 11.41 7.38
0.4 94.78 10.1 6.05
0.32 94.83 10.62 1.97
1.16 94.73 12.1 2.49
1.57 94.89 12.28 2.13
0 94.56 17.87 3
0 94.81 20.12 1.89
0 94.77 21.32 2.52
0 94.7 22.39 3.55
0.13 94.38 22.94 5.49
18.61 94.14 14.55 1.96
69.04 93.27 14 3.62
0 92.92 17.09 5.43
0 93.52 15.89 3.26
0 93.5 19.23 2.13
0.54 94.18 15.37 5.71
0 95.1 15.48 2.59
0 94.94 17.49 2.58
2.72 94.24 19.07 3.13
0 93.67 20.97 3.83
7.61 93.08 16.44 5.07
0.01 93.08 17.6 3.95
0 93.52 18.24 3.47
0 94.37 19.92 2.97
28.49 94.07 25.07 5.93
0.66 94.77 18.08 2.28
0 94.31 21.53 2.23
0.74 93.99 22.65 4.68
0.79 93.77 21.17 4.78
1.11 93.64 20.27 3.88
0 93.93 18.79 4.85
0 93.75 23.73 2.5
0.01 93.3 26.83 6.01
0 94.15 19.53 2.9
3.93 93.8 18.42 4.26
0.05 94.12 16.99 2.77
5.19 94.66 17.68 3.1
13.63 94.5 19.2 2.65
4.22 94.21 20.34 4.1
1.59 94.04 23.43 3.4
0.44 93.88 23.48 5.28
41.64 94.37 16.02 3.32
1.1 94.58 18.11 1.83
5.95 94.34 16.35 1.86
2.21 94.06 17.8 1.83
0.03 94.04 23.66 4.86
0.12 94.01 25.39 4.62
2.67 93.95 25.53 2.97
138.92 94.02 19.19 2.24
7.17 93.73 21.11 1.41
21.91 93.44 20.57 1.71
0.3 93.77 23.42 2.4
0 94.3 23.55 2.43
0.05 94.48 23.66 1.84
0.65 94.17 23.51 1.51
14.61 93.84 22.53 1.87
20.19 93.68 21.91 3.14
90.38 93.43 20.95 2.5
98.44 93.16 19.56 1.49
22.3 93.29 22.46 2.12
64.26 93.74 21.02 2.12
71.15 93.7 23.17 3.27
37.96 93.63 23.97 3.81
29.19 93.45 23.61 2.57
115.44 93.08 22.05 2.88
0.04 93.02 24.61 4
1.04 93.04 24.74 3.06
0.67 93.41 24.28 2.3
0.71 93.54 25.93 3.2
9.38 93.33 26.07 4.13
37.43 93.72 23.81 2.62
43.13 93.94 21.83 1.49
0.63 94.16 23.01 1.32
0.34 94.14 22.61 1.3
16.17 94.11 22.56 2.27
69.98 94.29 21.78 2.03
0.11 94.25 24.19 1.66
208.66 93.51 21.73 2.89
54.2 93.37 22.5 3.93
0 93.9 24.5 3.25
0.13 93.76 23.59 3.53
98.63 93.8 20.3 2.49
3.57 93.99 21.61 1.89
0.15 93.97 23.98 1.84
8.22 93.81 23.88 2.18
27.75 93.41 23.96 1.47
0.91 93.51 23.51 4.05
0.01 93.83 24.46 2.24
0.02 93.82 25.24 1.9
44.16 93.59 23.04 2.13
5.65 93.55 24.97 2.56
0.76 93.46 25.3 1.79
0.78 93.27 26.77 1.52
15.79 93.39 25.26 2.02
6.74 93.63 26.13 3.22
0.19 93.86 26.47 2.96
0.81 93.68 25.77 2.71
7.14 93.31 26.66 2.6
9.43 93.2 25.42 1.53
60.21 93.33 25.69 2.15
7.95 93.61 26.19 1.93
4.72 93.4 26.9 1.93
24.39 93.63 23.53 1.5
0.78 94.02 24.79 1.41
2.57 94.06 26.9 2.76
20.56 93.73 25.58 2.88
2.94 93.78 25.21 2.94
121.49 93.7 25.75 2.41
11.56 93.84 24.23 1.24
238.27 93.3 23.09 1.07
0.06 96.57 24.47 2.41
0 94.34 21.87 2.94
0 94.6 20.75 2.06
1.38 94.55 20.54 1.6
3.14 94.08 23.69 2.07
0.25 94.27 22.14 2.28
0 94.5 21.65 1.53
0.02 94.49 21.88 1.89
10.78 94.19 21.31 1.7
5.5 94.33 18.75 2.07
27.46 94.22 18.69 1.23
227.6 93.61 17.87 1.01
66.44 93.92 13.97 3.03
0.06 94.52 15.51 2.53
11.36 94.58 16.75 2.37
0.89 94.85 14.8 1.51
2.99 95.01 14.93 1.36
0 95.09 15.18 1.5
2.45 94.96 16.67 2.09
151.73 94.95 14.25 1.6
25.81 94.99 13.88 0.9
2.53 95.02 15.64 1.42
0.91 94.95 17.55 1.73
8.04 94.45 18.9 2.73
0.05 94.59 16.83 1.79
0 94.57 18.17 3.26
0.87 94.32 21.4 4.22
11.6 93.64 20.81 3.67
0.11 94.11 19.3 3.96
0 94.73 12.74 2.1
0.46 94.39 15.88 2.03
2.79 95.04 15.43 1.11
13.99 95.45 14.48 0.65
9.35 94.39 20.04 3.76
0 94.89 17.91 1.83
0.02 94.85 18.62 0.86
1.08 94.67 19.26 3.3
21.21 95.13 12.5 3.27
0 95.37 8.47 2.08
0 95.19 10.71 3.01
0 94.78 12.33 2.74
0 94.05 19.17 4.13
0 94.24 15.76 2.86
0 95.22 11.6 0.99
0.78 95.04 13.31 1.86
71.24 95.13 10.5 2.67
0.01 95.21 10.64 3.18
0 94.97 8.96 1.96
0 94.2 18.63 3.78
0 95.41 12.08 1.21
0.01 95.26 14.92 3.22
0.02 95.65 10.92 2.57
0.12 95.08 10.95 2.29
0 94.01 16.91 2.86
9.06 94.18 13.51 4.93
0 94.62 9.84 3.23
0 95.13 10.87 1.5
12.89 95.1 11.9 4.15
1.8 96.06 2.9 4.75
0 96.01 2.52 1.39
0 95.61 7.24 1.73
0 95.59 6.7 1.35
0 95.29 12.54 3.8
45.9 95.59 9.52 1.4
1.19 95.64 6.98 1.94
0 95.49 6.12 1.6
54.74 95.37 4.92 2.45
27.67 95.26 1.12 2.09
0.01 95.45 4.01 5.09
0.01 95.76 5.95 3.68
0 95.27 4.65 1.26
0 94.68 7 2.04
2.8 95.32 5.81 2.38
0.62 95.84 3.63 2.63
0 95.73 3.47 1.48
0 95.87 3.68 1.1
0 95.6 4.52 2.02
0.17 95.03 8.71 2.52
1.87 95.38 7.55 3.46
0 95.69 5.83 1.8
0.01 94.89 6.85 3.18
0.09 94.54 5.93 4.3
0.01 94.92 2.98 3.13
0 95.02 -0.05 1.48
0.06 95.64 0.36 3.77
0 95.51 -1.71 4.56
0 95.59 1.2 2.48
0 95.5 1.77 2.24
0 94.82 3.02 3.02
0 94.61 2.23 3.05
0 94.58 3.22 2.19
0.17 94.8 1.8 3.59
0.01 95.17 -3.75 4.7
0.02 95.36 -3.98 7.73
0 95.27 -3.87 3.94
0 95.32 -1.96 3.71
0 95.49 -3.3 1.69
0 95.2 1.18 2.04
0 94.95 0.08 1.78
0.02 94.65 -0.61 2.9
0 94.47 -4.48 4.55
0 94.6 -7.12 4.36
0 94.78 -10.18 6.75
0 95 -5.5 5.01
0 94.58 1.56 3.79
0 95.29 -2.54 3.59
1129.86 94.98 -0.32 3.08
1129.86 94.78 0 1.64
1129.86 95.05 2.37 2.09
1129.86 95.1 1.67 3.32
1129.86 95.28 -0.91 3.79
1129.86 94.88 -2.31 1.07
1129.86 94.98 -5.68 1.65
1129.87 94.96 -4.95 2.8
1129.86 95.16 -6.23 3.12
1130.02 94.62 -8.43 3.99
1130.09 94.62 -9.42 1.68
1129.86 94.75 -12.08 4.51
1129.86 95.04 -11.66 4.23
1129.86 95.42 -8.98 3.22
1129.86 96.03 -9.29 1.28
1129.86 96.04 -11.47 1.22
1130.03 96.31 -13.04 2.78
1130.01 95.91 -12.91 4.27
1130.05 95.79 -11.92 4.16
1129.87 96.19 -10.94 3.26
1129.86 96.21 -10.51 1.63
1129.86 95.92 -10.81 1.5
1129.86 96.1 -9.69 1.45
1129.86 95.97 -9.56 1.33
1129.88 95.44 -7.1 2.94
1129.95 95.91 -10.31 5.81
1129.86 95.61 -10.97 2.47
1129.86 95.09 -11 3.06
1129.86 94.34 -5.5 4.08
1129.86 94.16 -4.99 3.65
1129.86 93.76 -3.82 4.05
1129.86 94.23 -5.01 2.77
1129.86 94.47 -3.26 3.85
1129.86 95.15 -6.71 2.26
1134.7 95.06 -9.11 1.7
1135.32 95.32 -10.26 1.4
1129.87 94.88 -5.51 3.73
1129.86 95.58 -8.06 2.76
1129.86 96 -15.04 3.56
1129.86 95.54 -15.11 2.42
1129.86 95.57 -12.99 2.59
1129.86 95.68 -11.29 2.68
1129.86 96.22 -13.8 2.35
1129.86 95.92 -15.11 2.18
1129.86 95.9 -12.14 1.84
1129.86 95.71 -8.58 1.91
1143.85 95.88 -12.61 1.53
1129.86 95.73 -12 1.46
1129.86 95.98 -8.93 2.13
1130.17 94.96 -9.2 3.68
1129.86 95.5 -10.83 4.85
1129.86 95.64 -10.56 2.14
1129.86 94.96 -7.22 1.93
1129.86 94.07 -2.26 2.76
1129.86 94.79 -4.57 1.92
1129.86 95.72 -10.14 3.89
1129.86 95.11 -6.64 4.18
1129.86 94.63 -3.94 4.67
1129.86 95.18 -8.7 4.01
1129.86 93.77 0.68 6.77
1129.86 94.68 -8.67 3.08
1129.86 94.8 -8.47 1.7
0.12 94.34 -5.29 2.38
0.06 94.42 -5.8 5.16
0 95.23 -13.47 4.73
0 95.42 -12.1 2.32
0 95.63 -13.76 1.43
0 95.89 -11.61 1.45
5.6 95.57 -11.63 1.36
16.34 95.64 -12.64 3.4
0 96.21 -14.53 3.66
0 96 -15.42 2.06
0 95.45 -13.63 1.81
0 96.13 -14.96 1.53
0 95.99 -13.68 1.8
0.05 95.16 -6.39 2.83
0 95.29 -8.19 2.29
0.1 95.89 -8.81 2.5
0 96.43 -11.18 1.78
1.01 95.97 -10.7 1.59
5.98 95.71 -11.2 1.58
0 95.59 -8.07 2.11
0 95.59 -5.65 2.46
0.31 96.16 -8.37 1.31
0.05 95.92 -5.02 0.91
0 95.42 -1.96 1.59
0 95.24 2.36 2.43
0.25 94.93 4.95 4.49
1.43 95.74 -4.59 4.65
0.03 95.42 -7.19 1.71
0 95.31 -6.58 2.16
0.22 95.25 -6.55 2.21
0.3 95.24 -6.86 2.24
2.02 95.54 -5.54 2.84
0 95.58 -7.78 2.74
0 95.74 -9.32 2.47
0 95.74 -7.98 2.18
0 95.29 -6.5 2
0 95.58 -6.15 3.25
0 94.99 -3.72 1.68
0 94.82 -0.4 5.08
0 95.51 -1.97 4.61
0 95.08 -3.17 2.3
0 94.54 1.39 3.04
0 94.31 6.63 2.89
0 94.67 4.02 2.74
0 94.18 7.42 4.6
0 95.35 3.18 2.01
0.04 95.29 2.97 4.08
0 95.57 3.45 4.75
0 94.92 5.8 2.65
0 95.06 7.25 2.89
0 95.22 8.19 3.07
0 94.16 13.73 5.67
0 94.28 10.79 2.42
0.01 94.3 10.59 3.19
0 94.28 10.41 3.61
34.11 94.1 12 3.57
15.64 94.6 9.44 2.37
0 94.79 10.57 2.43
0.35 94.91 7.16 1.91
0 94.3 11.67 2.62
0 95.14 6.88 3.93
0 95.46 1.09 4.57
0 94.64 6.27 4.84
0 95.23 4.84 4.38
0 94.54 13.62 4.08
0 94.59 13.4 1.77
0 94.38 14.08 2.18
0 94.7 10.88 4.07
0 95.38 8.78 1.84
0.44 94.96 10.85 2.38
0.19 94.69 12.16 2.38
0 94.81 13.3 1.63
0 94.7 17.95 3.48
0 95.34 12.15 3.15
0 94.64 12.62 2.92
18.29 94.71 5.56 2.67
0.02 95.35 6.94 2.43
32.61 95.09 7.22 2.77
0.03 94.66 8.25 116.88
0 94.76 10.67 4.02
0 94.41 13.76 3.26
0.4 94.05 16.57 3.47
1.97 94.25 18.99 3.92
0.15 94.82 16.15 4.98
19.72 95.06 11.34 4.17
0 95.43 11.38 2
0 95.28 13.09 2.3
0 94.62 15.06 1.43
0 94.02 19.42 2.28
1.76 94.03 17.13 4.53
164.77 94.69 5.92 4.6
3.53 94.21 7.7 4.46
24.74 94.44 4.45 5.38
0.05 94.68 7.39 4.56
0.08 94.09 11.71 2.84
139.02 94.2 6.67 4.16
0.58 94.71 10.92 1.74
102.86 95 9.09 2.76
3.12 94.84 11.75 3.08
175.58 94.05 8.98 2.39
99.15 93.1 13.63 3.4
0 93.31 16.15 4
0.06 93.66 13.46 3.57
0 93.43 13.05 3.31
0.02 94.25 16.04 3.46
3.3 94.58 15.81 2.32
1.96 94.21 17.5 2.52
71.95 93.86 15.07 1.82
3.25 93.91 16.49 2.88
0.01 94.04 18.14 3.11
0 94.01 21.17 2.64
0.34 94.28 24.82 4.19
35.32 94.15 17.33 3.41
0.37 93.64 16.63 6.28
0 93.18 20.07 4.06
5.92 92.99 18.26 2.97
0.2 93.42 21.74 2.56
0 93.56 23.11 34.4
0.08 94.07 25.09 3.14
0 93.95 29.28 4.87
3.54 94.24 24.33 3.69
0.22 94.37 22.51 3.04
0 94.32 22.64 2.67
0.39 94.11 22.31 2.11
6.53 93.94 23.61 2.71
340.79 94.14 15.25 2.24
170.1 93.98 12.68 3.51
47.42 93.61 14.69 3.55
53.22 93.93 15.9 2.28
54.21 94.37 15.08 1.69
13.9 94.44 18.04 1.99
7.49 94.26 19.75 2.45
23.94 94.28 21.09 1.89
0.02 94.12 21.79 2.42
2.13 93.95 22.72 1.72
70.94 93.75 20.2 2.63
67.24 93.63 19.38 1.95
116.93 93.8 17.41 2.37
1.76 94.06 19.02 1.64
13.56 94.18 19.91 2.44
3.08 94.3 19.77 1.71
53.72 94.38 19.71 2.87
0.54 94.22 21.83 1.7
0.13 93.8 23.74 2.23
37.44 93.56 23.21 3.32
13.19 93.71 21.45 3.77
0.37 94.16 21.76 3.99
0.63 94.09 22.69 2.89
0 94.15 24.41 1.49
0 94.09 25.14 1.78
10.55 94.01 24.3 3.11
42.72 93.71 21.02 3.04
17.24 93.44 23.8 2.4
0.03 93.94 25.34 2.23
0.3 93.94 26.77 3.98
1.71 93.87 26.14 1.78
2.2 93.62 25.43 3.55
8.9 93.55 23.46 4.33
0 93.79 23.29 3.25
0 93.56 23.35 3.66
13.52 93.64 21.89 3.77
3.02 93.83 21.38 3.18
0.31 93.74 22.34 2.64
1.98 93.8 23.7 2.06
24.27 93.73 22.96 2.18
70.97 93.85 20.39 33.63
3.78 94.08 21.76 33.37
0.17 94.14 25.77 1.57
2.6 94.18 28.89 3.2
1.97 93.77 29.37 4.11
39.78 93.72 24.18 3.01
0.1 94.02 22.5 1.83
0 93.75 24.59 2.72
0.04 94.15 22.6 1.83
0 94.2 22.97 1.72
0 94.38 22.93 1.95
1.68 94.21 25.14 1.96
22.36 93.68 27.37 3.33
6.73 93.75 25.35 3.77
6.08 93.9 24.41 1.77
0 93.98 27.16 3.17
0 93.97 27.51 2.54
1.99 93.89 25.51 2.57
9.99 93.89 24.92 2.17
68.96 94.13 19.96 2.27
7.86 94.06 21.19 2.24
0 94.36 20.61 2.71
0 94.45 20.94 1.81
0.01 94.28 22.25 2.37
75.38 94.04 20.97 2.9
22.81 93.79 21.42 2.36
0.93 93.99 22.38 3.35
0.15 94.2 20.16 2.13
7.8 94.18 18.96 2.54
15.73 94.09 18.63 1.91
5.09 94.18 19.64 2.18
2.96 94.27 19.37 1.5
0.86 94.4 21.2 1.97
4.15 94.61 21.53 1.35
0.2 94.54 22.04 1.55
0.24 94.16 25.05 2.6
1.88 94.24 23.94 1.6
16.05 94.13 23.11 1.88
35.4 93.99 22.09 1.37
86.37 94.28 19.43 2.38
1.51 94.56 20.12 2.73
0 94.61 20.44 2.11
0 94.75 21.35 1.97
2.66 94.86 20.8 1.95
1.59 94.89 20.75 1.85
0.32 94.85 20.97 2.71
15.56 94.67 20.27 2.01
8.42 94.68 18.93 2.32
323.13 94.67 15.52 2.52
0.5 94.21 17.33 1.48
0 93.94 19.02 2.43
0 94.48 17.7 1.55
0 94.46 19.83 1.67
2.88 94.01 21.32 3.31
0.03 94.35 16.43 2.24
0 94.57 13.8 1.46
0.01 94.8 16.4 1.9
0.04 94.81 17.09 1.65
20.64 94.86 16.42 1.28
0.19 94.58 18.86 3.07
0.04 94.94 15.02 3.38
0 95.05 12.38 3.04
0 95.08 12.99 1.54
0 95.18 14.6 1.36
0 95.13 16.67 2.5
5.01 94.43 17.63 2.81
25.4 94.43 13.91 3.14
0.02 95.06 13 1.78
0.2 95.05 15.53 2.22
36.59 95.3 11.72 1.68
11.29 95.03 11.84 1.7
0 94.91 12.98 1.67
44.14 94.21 13.8 2.89
0.05 94.81 13.18 2.51
5.2 94.69 14.87 3.87
63.65 95.64 4.36 3.78
0.65 95.61 4.41 1.8
50.33 94.78 4.87 1.44
13.08 94.65 6.99 2.14
0 94.95 7.66 1.61
82.25 95.22 6 1.48
16.36 95.7 6.83 2.12
0 95.41 8.89 2.4
0 94.99 12.97 1.83
0 94.82 15.44 2.23
0 95.09 15.25 2.28
0 95.34 12.93 2.29
0.53 95.21 13.79 3.9
0.19 96.27 7.29 3.78
0 95.8 2.91 1.6
0 94.79 8.42 2.15
0 94.34 9.77 5.37
0 94.84 8.84 2.71
0 94.63 12.15 2.31
0 94.72 14.04 2.64
0 94.37 17.12 4.33
0 95.42 5.74 2.59
0 95.72 1.57 1.81
0 95.08 5.38 2.23
0 94.26 10.62 2.54
0 94.01 12.62 2.24
0 94.32 10.52 2.02
0 95.84 2.34 6.17
0 96.14 1.63 1.71
0 95.57 1.97 1.48
0.03 95.28 6.81 1.55
11.83 95.56 6.1 15.55
5.56 95.26 4.04 1.64
1446.54 94.85 5.79 3.42
1446.57 95.01 3.05 3.97
1446.53 94.76 5.84 2.88
1446.53 94.37 7.79 3.48
1446.54 94.81 4.59 3.17
1446.53 96.1 -1.92 3.42
1446.53 96.02 -3.26 1.93
1446.53 95.59 0.12 2.21
1446.53 95.38 4.92 2.53
1446.53 95.07 2.79 1.97
1446.54 94.76 1.27 4.1
1446.57 95.19 -6.26 6.92
1446.53 95.16 -3.27 3.01
1446.53 95.54 -2.98 2.05
1446.53 95.66 -2.95 1.8
1446.6 95.53 -2.31 1.63
1446.53 95.83 -3.71 1.47
1446.53 95.74 -1.68 1.57
1446.53 94.99 1.94 3.84
1446.53 94.41 3.03 4.76
1446.53 95.01 -0.28 2.38
1446.53 95.52 -3.49 2.25
1446.56 95.24 1.14 2.68
1446.53 95.72 -3.95 1.81
1446.53 94.7 -2.8 2.52
1446.53 94.22 116.06 5.79
1446.53 95.46 -4.96 1.83
1446.53 94.93 -3.81 1.67
1446.54 94.71 -0.3 2.15
1446.81 94.88 -2.38 5.37
0 95.46 -12.43 6.76
0 95.22 -11.49 3.88
0 94.91 -11.56 6.38
0 95.09 -11.43 5.69
0 95.21 -10.72 4.41
0 95.44 -10.5 1.94
0.84 95.48 -10.41 1.94
0 95.95 -12.41 2.15
0.02 95.77 -9.11 1.85
0.99 95.15 -4.95 4.71
0.04 95.6 -9.47 3.12
0.01 95.19 -10.85 3.97
0 95.36 -12.88 2.28
0 95.42 -10.39 2.14
0.19 95.37 -10.9 3.43
0 95.4 -13.45 3.81
0 95.46 -11.64 2.28
0 95.32 -7.78 2.68
0.08 95.13 -6.76 4.35
0 95.43 -10.79 3.59
0 95.05 -10.47 3.77
0 94.84 -3.39 2.43
0 94.94 -4.29 2.77
0 95.76 -5.25 4.04
0 96.01 -5.28 3.62
0 95.75 -8.54 1.5
0 95.33 -4.91 2.37
0 94.75 -6.01 2.13
0 94.08 -4.62 2.88
0.05 94.83 -6.89 68.94
0.02 95.52 -11.72 6.06
0.07 95.52 -11.15 2.89
0 95.42 -7.38 2.98
0 94.14 -1.28 3.81
0 94.45 -2.79 2.29
0.37 94.86 -4.28 4.54
0 95.36 -7.79 3.52
0 95.75 -9.84 1.31
0 95.62 -9.29 2.51
0 95.47 -5.44 2.56
0.06 95.06 -5.68 3.52
0 96.12 -8.39 2.38
0 96.19 -10.19 1.91
0 95.74 -7.67 1.77
0 96.01 -10.67 1.48
0.2 95.62 -11.17 2.15
6.83 95.6 -11.18 4.1
0 95.63 -10.19 1.77
1.44 94.54 -5.71 3.35
0.02 95.2 -9.71 1.66
0.03 95.15 -10.33 1.95
0.56 95.69 -9.62 2.14
0 95.07 -8.17 2.1
0 94.57 -4.65 3.63
0 95.49 -6.68 2.59
0.64 95.09 -6.8 1.32
6.38 95.77 -9.6 3.67
0 96.23 -12.87 3.18
0 96.06 -12.7 1.7
0.05 95.45 -9.28 3.69
0 96.08 -11 3.98
0 96.34 -9.88 2.32
0 96.17 -8.92 1.83
0 96.01 -8.62 2
0.05 95.92 -6.32 2.41
0.03 95.81 -7.11 3.67
0 95.64 -3.67 3.65
0 95.08 -1.13 3.46
0.02 95.95 -12.02 6.7
0 95.96 -11.85 5.01
0 95.22 -6.89 2.9
0 94.66 -4.37 2.32
0 94.7 -5.94 3.85
0 94.87 -6.21 2.35
0 94.45 -6.07 1.87
0 94.33 -2.83 2.3
0.01 95.02 -5.61 1.62
4.86 94.73 -0.94 2.93
0 95.37 -1.96 5.15
0 96 -3.97 2.77
0 95.36 -3.08 3.23
4.41 94.51 0.98 3.46
38.35 94.02 -0.44 5.19
0.07 94.44 -6.06 5.79
0 94.8 -6.63 1.93
0 94.49 -7.67 2.02
0.57 94.99 -9.68 2.56
0 95.31 -10.03 3.63
0 95.92 -6.4 2.22
1.51 94.88 -1.87 5.73
0 94.64 -1.67 2.73
0.02 94.33 -4.45 2.24
0.65 94.94 -7.59 6.48
0 95.43 -6.53 3.19
0 95.1 -2.07 3.76
0 94.4 2.28 5.18
0 94.89 -0.07 3.18
2.82 95.5 -4.48 3.62
0 96.22 -10.37 5.9
0 95.53 -5.53 2.82
0 95.2 -5.02 4.35
0 94.72 -4.23 2.95
0 103.13 110.83 115.9
0 94.72 1.03 4.23
0 94.4 5.16 3.82
0 94.42 5.58 3.41
0 95.18 2.13 2.78
0 94.35 7.52 3.8
0 94.67 5.72 3.93
0 94.78 4.71 2.52
0 94.74 5.17 4.36
0 95.68 1.41 4.35
0 95.87 2.34 2.57
0 96.04 3.47 1.87
0 95.72 8.02 3.02
0 95.49 13.99 4.34
0 94.66 14.56 5.32
0 94.36 12.78 3.71
0 94.43 10.95 3.68
0 94.03 13.75 4.63
2.38 95.13 5.46 2.77
0 95.14 4.47 2.31
235.11 93.7 2.15 2.11
2.91 94.45 3.44 2.19
1.19 94.39 3.89 2.21
0.18 94.93 1.84 4.74
0 96.01 -1.47 3.94
0 95.95 -0.59 3.43
0 95.12 4.9 3.51
0.06 94.91 7.08 3.08
0.04 95.15 7.71 1.83
8.6 95.42 5.7 3.6
171.02 96.06 -0.95 4.97
0.17 95.52 2.21 1.83
0 93.91 11.08 2.29
0.25 93.03 14.78 5.45
0.75 93.93 7.7 4.95
0 94.06 10.16 2.15
0.02 94.29 13.31 3.88
0.01 94.86 10 4.12
0.01 94.41 10.99 3.62
0.01 94.37 9.96 3.26
0 94.49 14.37 3.81
0 94.81 13.08 5.27
0 95.04 12.78 2.3
0 94.35 21.47 4.37
0 93.98 24.29 4.91
6.84 93.7 21.18 5.15
5.36 94.41 16.45 2.42
0 94.39 19.81 2.39
0 94.36 20.09 2.92
11.67 94.1 15.8 3.44
8.02 94.15 15.88 2.67
0 94.49 12.35 6
0 94.21 13.68 4.44
0 93.74 14.32 6.13
0 94.28 11.4 2.55
0.2 94.19 11.81 6.23
20.8 94.56 6.13 2.11
0 94.91 8.28 2.2
100.55 94.81 7.49 2.89
41.41 93.85 7.1 2.14
11.99 92.59 10.56 4.07
0.22 92.63 19.61 3.93
2.19 94.05 14.93 5.22
0.01 94.57 15.61 4.37
0 93.98 18.7 4.1
13.28 93.16 18.97 4.23
10.69 93.36 13.87 5.52
2.16 93.77 12.18 5.5
0 94.6 18.02 4.42
0 94.22 22.01 4.02
0 94.09 22.8 2.46
0.45 93.99 22.95 2.97
0.03 93.78 26.63 3.55
0.11 93.71 26.06 4.03
1.68 93.99 22.09 2.05
0.08 93.95 22.57 3.64
11.06 93.48 24.52 2.95
0.27 93.92 20.48 3.93
0 93.97 19.54 2.5
0 93.03 25.79 7.29
2.88 93.72 21.28 3.61
1.52 94.24 18.59 3.6
0 94.43 20.83 3.11
29.8 93.6 18.61 4.61
38.51 93.15 18.7 2.37
23.87 93.66 18.89 1.62
0.13 93.93 20.76 3.72
1.11 93.73 19.43 2.78
2.05 93.73 19.97 2.3
52.49 93.47 17.49 2.61
196.8 93 15.29 2.3
148.09 93.12 15.85 1.41
42.07 94.04 17.03 2.46
0.27 94.27 20.4 2.36
4.97 94.08 22.56 1.73
0.11 93.78 23.9 1.96
143.91 93.86 19.01 2.3
13.57 93.99 17.63 4.09
138.05 94.52 15.81 2.29
0.04 94.57 21.18 2.28
0 94.14 23.9 1.9
2.73 93.84 24.69 3.3
0.14 93.99 24.04 2.71
8.61 93.79 24.16 3.1
7.45 93.55 21.93 1.98
44.18 93.57 21.1 2.25
0.38 93.98 22.09 1.7
3.31 93.99 24.01 2.3
116.86 94.22 17.48 1.66
31.59 93.57 18.12 2.18
11.86 93.17 18.75 3.65
21.69 93.74 15.98 3.21
0.06 94.31 18.05 1.93
18.33 94.25 20.01 2.27
6.6 94.4 20.43 1.94
0 94.34 22.63 2.32
0.15 94.18 25.01 2.43
8.84 94.36 25.63 2.26
0.14 94.57 26.54 3.2
3.27 94.41 24.63 2.99
0.99 94.15 24.8 1.33
0.42 93.7 26.26 2.19
0.09 93.54 25.45 2.78
3.54 93.8 26.65 1.93
8.05 94.29 23.81 2.54
29.37 94.5 20.12 1.89
16.01 94.3 21.27 1.56
28.52 94.08 23.06 1.99
23.82 94.18 23.01 3.07
13.13 94.11 23.88 2.3
66.06 93.84 24.17 1.98
70.23 93.88 22.04 1.88
9.01 93.88 21.8 1.27
10.57 93.69 22.47 1.98
3.46 93.47 24.05 1.97
2.84 93.89 24.21 2.7
7.6 93.98 24.64 1.53
20.12 93.7 24.09 2.1
45.31 93.79 21.94 2.45
353.06 94.17 20.35 2.25
4.32 94.37 21.44 1.38
0.94 94.12 23.12 2.3
45.77 93.6 24.69 3.04
0.05 93.58 22.93 2.5
0.51 93.44 24.69 2.08
1.26 93.6 26.38 3.13
24.02 94.02 23.74 1.93
16 94.57 21.88 2.43
20.67 94.62 22.32 1.53
4.23 94.56 23.03 2.14
0 94.6 22.81 1.92
0 94.42 23.31 1.76
0 94.26 23.39 1.56
0 93.9 24.93 1.91
0.98 93.71 25.26 2.33
0.03 94.01 23.1 2.51
0 94.07 22.21 1.72
0.37 102.05 134.24 114.82
31.47 102.38 136 115.22
67.04 94.49 19.67 1.8
15.18 94.23 18.89 1.81
3.51 94.05 20.47 2.66
25.95 94.17 19.8 1.69
4.47 94.52 20.21 2.15
35.41 94.74 19.2 1.76
14.39 94.69 19.52 2.48
105.66 94.55 18.97 2.17
0.03 94.45 19.87 2.41
17.31 94.29 17.98 1.65
2.76 94.46 17.97 1.55
6.82 94.6 18.4 1.3
47.42 94.79 18.05 1.29
187.21 94.86 17.65 2.23
5.42 94.81 20.14 2.01
0.18 94.98 18.17 1.92
4.69 94.78 18.17 1.85
16.18 94.68 16.41 2.49
0.01 94.77 16.02 1.43
0 94.61 19.23 1.39
2.4 94.78 20.22 2.65
22.89 95.52 15.11 1.85
0.81 95.38 14.09 1.76
96.36 94.84 13.33 1.84
6.6 94.75 14.15 2.99
0 94.64 18.53 2.22
0 94.96 19.66 2.94
0 95.04 19.56 2.89
0 94.89 20.15 3.04
2.66 94.95 19.37 1.33
7.89 95.06 18.42 2.21
0.01 95.14 15.45 1.73
2.97 94.57 15.99 2.43
2.74 94.39 16.97 1.94
35.48 94.16 17.64 3.45
16.09 94.42 12.6 2.23
76.52 94.28 13.72 1.94
6.08 94.3 13.92 2.88
0 94.55 11.95 1.78
0 94.78 13.42 2.01
0.08 95.61 11.64 1.63
1.24 96.02 10.93 2.71
2.53 94.78 15.84 2.86
25.6 94.18 10.13 5.72
0.06 94.05 12.86 5.24
0 95.07 8.96 1.81
0 95.36 12.46 2.03
0 94.81 17.27 3.44
0 94.75 17.56 1.66
0 94.5 18.69 3.72
0 94.89 9.05 3.16
0.19 94.23 4.72 2.71
13.37 94.38 4.81 5.39
5.35 94.72 9.52 4.72
0 95.09 11.63 2.32
0 95.17 11.99 1.75
0 94.9 13.49 1.45
0 94.85 12.66 1.76
0 94.82 15.85 2.6
2.17 95.07 12.56 3.17
0 95.82 5.12 2.74
0 94.66 9.29 2.77
39.25 95.34 3.2 1.34
8.07 95.58 3.96 1.96
0.54 99.6 68.95 32
0 99.09 69.68 31.81
0 95.88 5.7 2.79
0 95.71 3.95 1.92
2.42 94.38 8 6.26
0 94.56 3.13 2.7
0 95.15 0.39 3.29
0 95.47 -0.93 3.91
0 95.93 -0.78 3.5
0 95.93 3.18 1.64
0 95.28 6.07 2.16
0 95.12 5.37 1.38
0 94.96 9.43 3.8
0 95.25 10.2 3.17
0.19 96.53 0.1 3.03
19.95 96.58 -3.66 2.72
11.74 96.19 -3.76 3.05
9.95 95.65 -3.69 1.86
0.35 95.65 -3.11 1.34
0 95.76 -3.13 1.39
0 95.93 -2.05 1.54
0.05 95.75 0.93 1.39
0 94.99 3.82 3.2
0 94.37 6.08 2.43
0.1 95.39 1.41 2.4
9.79 95.2 -4.78 2.47
0 95.92 -6.78 2.2
10.64 95.79 -8.58 2.06
4.26 95.78 -9.2 1.98
6.99 95.75 -10.35 1.63
2 96.25 -11.97 1.59
6.09 96.75 -12.31 2.33
13.65 96.79 -13.24 2.85
0.04 96.64 -15.63 1.68
0.01 95.79 -15.68 2.78
0 95.68 -14.66 3.3
0.03 95.18 -12.24 1.5
0.11 95.63 -10.94 1.68
4.51 95.36 -7.15 2.43
0 95.2 -9.47 1.37
0.33 94.52 -7.67 1.29
0.12 94.31 -6.31 5.31
0.75 94.64 -7.79 7.22
0 94.96 -4.48 5.29
0 95.69 -5.31 2.2
0 95.87 -9.43 1.85
0 96 -10.96 0.88
0 95.46 -3.5 2.16
0.95 95.17 -0.62 1.93
0.01 95.55 -1.86 3.62
0 95.85 -8.34 1.42
0 95.51 -7.01 1.95
0 95.64 -8.27 1.44
1.6 94.87 -5.44 3.68
0.02 94.96 -6.84 5.08
0.03 95.56 -9.03 5.85
0 95.55 -7.01 3.42
0 96.1 -5.37 2.38
0 96.01 -6.83 1.45
0 95.14 -3.84 2.15
0 95.42 -6.6 1.72
0 95.5 -8.96 1.65
0 95.44 -6.68 2.21
0 95.53 -11.71 2.3
0 94.47 -9.23 2.53
0 95.63 -14.68 4.11
0 96.25 -15.59 1.62
0 95.98 -8.06 2.15
0.11 95.6 -7.88 1.61
1.87 95.87 -8.44 1.25
0 95.77 -9.43 2.43
0 94.91 -3.14 2.55
0 95.03 -8.88 1.23
7.48 95.21 -8.92 2.32
0 95.61 -11.29 3.67
0 95.39 -12.48 3.02
0 95.74 -9.76 4.57
0 95.53 -10.06 3.02
0 95.37 -10.42 3.69
0 95.11 -9.65 3.35
0 95.9 -12.64 3.61
0 96.13 -12.93 3.25
0 95.55 -11.29 3.85
0.04 94.92 -11.47 4.28
0.06 94.68 -13.06 2.23
0 94.81 -12.83 1.77
33.53 95.5 -17.41 2.48
1.42 95.4 -19.97 2.75
0 94.97 -19.43 3.93
0 95.62 -19.72 1.45
0 96.14 -20.23 1.48
0.27 96.1 -18.82 2.32
0.82 96.58 -22.25 4.16
0 96.47 -24.42 5.72
0 95.92 -14.95 5.54
0 95.34 -10.42 3.63
0 95.23 -12.13 4.64
0 95.3 -10.19 3.21
0 95.94 -15.32 1.78
0 96.38 -17.58 1.8
0 96.11 -17.44 2.08
0 96.15 -14.15 3.75
0 96.02 -10.89 2.73
0 95.67 -9.15 2.18
0 95.46 -8.24 2.9
0 95.64 -9.15 3.72
0 95.6 -9.65 3.45
0 95.49 -7.25 2.6
0 94.59 -7.62 2.39
0 94.25 -5.19 3.41
0 94.86 -2.29 2.96
0 94.49 1.66 3.39
0.03 94.41 0.62 2.68
0.99 94.84 -0.37 3.72
11.84 95.61 -9.55 6.08
0 95.55 -13.02 6.08
0 94.84 -9.33 4.96
0 94.76 -5.49 4.52
0 94.65 -1.47 4.62
0 94.72 -4.38 4.31
0.07 95.56 -8.52 3.14
0 95.5 -9.97 3.46
0 95.35 -11.1 2.12
0 95.55 -9.5 2.93
0 96.4 -11.59 2.68
0 95.98 -9.32 2.67
0 95.93 -9.22 3.27
0.04 95.25 -7.45 3.44
0.01 95.39 -8.19 1.63
0.06 95.68 -8.69 4.69
0.03 95.87 -9.25 3.18
0.02 94.94 -2.26 2.91
0 94.63 -0.15 1.98
0 94.66 -1.06 2.37
0.07 95.03 -2.58 1.23
15.63 94.75 -0.2 4.11
0.02 94.81 -1.76 2.51
8.09 95.1 -5.84 4.74
0 95.8 -8.51 3.78
0 95.89 -8.05 3.51
0.02 95.67 -7.2 3.59
0 95.14 -6.36 1.91
0 94.48 -0.69 4.73
0 95.29 -2.45 3.34
0 95.08 1.24 2.95
0 94.49 5.05 2.76
0 94.34 8.58 3.02
0 93.89 11.43 6.1
0 94.48 6.86 4.96
0 95.39 2.51 1.83
0 95.58 4.7 2.14
0 95.21 8.31 3.45
0 95.62 4.82 4.84
0.01 96.15 1.89 5.27
0 96.16 1.69 4.11
0 95.82 3.07 2.65
0 95.43 8.1 3.65
0 94.81 8.89 2.89
0 94.19 10.75 3.85
0.25 94.67 6.64 3.03
0 94.57 8.26 3.83
0 93.58 16.49 5.1
4.86 93.92 10.13 6.37
0.24 95.01 5.37 4.74
0 94.98 7.69 3.61
0 94.18 10.85 3.32
0.03 94.53 9.61 2.03
0.82 93.8 13.15 6.12
0 94.29 8.87 5.82
0 94.13 11.44 6.24
0 94.56 5.83 2.61
0 95.19 3.81 3.4
0 94.55 6.93 5.28
10.53 93.73 8.47 1.97
0.11 93.45 10.93 5.98
0 94.59 11.17 3.12
0.11 93.99 16 5.43
6.5 94.07 10.51 4.95
7.65 94.06 5.71 3.8
2.33 94.35 6.19 3.19
1.29 94.56 9.5 4.1
0.03 94.27 14.44 2.84
0 93.48 15.05 6.43
0 93.99 9.7 6.01
0 94.57 10.25 2.88
0 93.96 14.44 5.27
0.48 94.96 9.08 2.65
22.38 95.16 7.02 1.85
0.52 94.73 11.49 1.73
0 94.89 11.55 1.88
8.96 93.97 13.09 3.51
0.05 93.66 16.36 2.86
7.44 93.32 21.34 3.8
126.09 94.18 11.21 1.87
37.57 93.33 11.51 4.13
0 93.77 16.26 3.48
8.84 93.69 15.97 5.9
0.02 94.05 12.38 5.92
0 94.82 15.57 2.51
0 94.19 19.55 3.98
0.32 94.47 17.26 2.48
0 94.12 17.51 2.43
5.53 93.24 19.97 4.61
109.69 94.06 11.21 4.62
0 94.81 16.4 4.71
20.9 94.44 13.16 5.12
0.74 94.36 13.1 3.49
0 93.84 18.02 2.19
0 93.9 24.16 3.58
0 94.11 26.59 4.92
0 94.36 24.58 4.37
0 94.53 24.36 4.15
0.02 95.43 18.95 4.31
0.02 95.34 17.4 1.96
19.76 94.41 14.53 1.33
34.02 93.27 14.99 5.41
6.82 93.55 18.42 3.11
0.16 94.06 18.33 5.22
0 93.91 23.19 4.39
0.03 93.55 25.56 4.73
0 94.01 18.49 5.25
0 93.74 22.4 4.63
4.57 94.54 17.88 1.82
0 94.58 20.54 1.48
0 94.17 23.67 2.45
0 93.78 26.01 3.21
0.02 94.02 22.76 3.08
0.05 94.21 24.44 2.39
9.91 94.48 19.41 3.73
4.69 94.47 19.02 1.58
0.04 94.22 21.47 1.95
58.95 93.85 20.02 4.7
58.98 93.6 20.68 5.35
30.94 94.19 17.27 2.26
4.31 94.04 19.18 2.56
1.45 93.71 20.33 2.44
42.19 93.63 16.72 2.5
5.56 93.64 19.09 1.88
1.74 93.22 20.85 2.75
18.14 93.28 20.8 1.98
7.08 93.84 20.29 2.75
0.01 93.94 23.14 2.52
77.55 93.54 25.5 3.24
13.91 93.59 23.67 2.35
24.23 93.63 22.87 2.18
8.95 93.93 21.58 3.57
2.61 93.94 21.14 3.51
0 94.1 24.67 3.3
0 94.06 24.94 2.26
56.19 93.75 24.09 2.91
24.14 93.83 19.57 3.96
87.27 93.7 20.17 2.9
79.38 93.78 20.07 1.42
0 93.96 20.13 1.77
0.25 93.88 21.93 1.68
0 93.97 26.47 3.57
0 94.15 25.55 3.23
0.91 94.38 25.26 1.66
0 94.46 26.42 1.97
0 94.35 28.2 2.97
0 94.11 27.65 2.46
0 93.92 28.07 1.67
0 93.65 29.5 3.08
8.49 93.31 29.36 3.25
76.2 93.7 21.76 1.94
0.55 93.99 24.22 2.69
0.51 94.4 21.81 2.32
4.38 94.06 19.17 1.79
8.03 93.91 18.76 1.62
4.6 94.15 21.84 1.4
0.65 94.1 23.94 2.48
7.26 94.15 25.06 3.48
71.63 94.35 22.18 3.17
639.33 93.94 20.22 2.76
21.98 93.6 23.28 1.94
4.64 93.42 26.8 2.47
0.13 94.03 25.69 2.66
462.13 94.1 19.88 2.48
1.83 93.9 22.11 1.9
0.69 93.71 23.78 3.37
106.8 93.69 22.63 1.94
11.45 94.06 22.98 1.52
60.95 94.3 23.99 1.93
93.31 94.49 21.67 1.84
13.98 94.58 22.54 1.85
0.16 94.56 24.27 1.29
0 94.46 26.57 1.85
0 94.39 27.7 2.18
0 94.28 27.56 2.35
135.47 94.05 25.09 1.94
76.73 94.47 23.3 2.36
0 94.55 21.95 1.59
0 94.1 24.43 2.47
0 93.84 28.23 3.48
0.31 93.87 29.86 3.01
5.58 94.03 24.55 1.85
0 94 24.01 1.91
0 94.3 22.8 1.81
1.57 94.2 22.59 1.45
45.01 94.04 21.11 1.68
1.65 93.91 22.64 1.31
171.56 93.9 20.1 2.16
7.82 94.34 20.9 1.64
80.36 94.42 21.25 1.59
1.23 94.58 21.99 1.68
0.54 94.65 22.44 1.64
11.91 94.12 20.88 1.86
77.73 94 22.49 2.03
249.79 94.77 17.59 4.02
0 95 17.45 2.15
2.8 94.65 17.95 1.69
1.79 94.63 18.36 1.88
0 94.84 17.43 2.35
0 94.28 16.85 1.71
13.84 93.18 15.86 4.64
17.02 93 15.91 3.34
4.39 93.67 18.92 1.19
21.19 94.2 18.39 1.22
47.58 94.44 16.69 1.38
32.01 94.36 16.77 1.34
45.79 94.23 18.77 1.23
0.82 93.98 19.23 1.48
30.76 94.06 17.59 1.62
20.81 94.42 15.82 1.86
60.82 94.58 15.48 1.79
83.22 94.94 14.89 1.95
7.08 95.18 15.41 1.42
1.02 95.07 16.58 0.99
13.24 94.85 17.92 2.04
0.03 94.74 18.5 1.16
1.41 94.91 17.43 1.86
0.72 95.32 14.99 2.21
28.77 95.47 12.31 2.27
0.05 95.47 13.23 2.09
0 95.29 14.11 1.56
0.32 95.01 15.65 2.05
3.08 94.65 16.29 2.1
1.56 94.39 17.07 1.85
0.64 94.09 20.47 4.14
0.03 94.85 16.38 1.67
4.44 94.59 16.76 2.77
2.83 95.41 10.22 4.21
0 95.8 7.4 2.28
0.03 94.94 9.13 2.16
0.03 94.59 16.05 2.16
15.94 94.4 18.89 3.8
2.15 94.5 15.71 2.35
0.33 94.57 13.63 3.67
134.35 95.17 5.93 2.16
6.53 95.21 4.53 2.05
0.25 95.73 7.34 1.68
50.51 94.78 10.4 2.61
0.44 95.08 5.36 4.39
0 95.29 3.69 1.28
2.18 94.95 3.85 1.91
0 95.46 4.72 28.91
0.1 95.4 6.29 1.28
0 95.01 9.64 1.08
0 95.09 11.01 1.07
0.06 95.17 15.69 3.46
2.33 94.65 14.24 4.25
0 95.23 8.25 1.92
0 94.91 11.63 2.03
0 94.87 9.83 1.9
0.64 95.8 2.58 2.6
29.81 95.15 4.18 1.63
35.66 95.84 1.35 2.02
0 95.41 1.89 1.54
0 94.77 3.4 1.92
0 94.37 7.62 4.29
0 95.61 1.6 2.24
8.24 95.57 2.28 1.7
4.6 95.8 0.76 2.41
0.1 95.83 -0.27 2.11
14.6 95.61 -2.21 2.87
0 96.35 -5.75 2.98
0 95.95 -2.46 2.96
0 95.26 1.05 3.36
0 94.77 1.12 2.08
0 93.86 0.99 0.95
0 94.98 0.2 2.25
0.09 95.74 -2.54 1.67
4.13 95.98 -2.58 3.47
0 96.32 -4.88 2.26
0 95.61 -3.34 1.61
0.82 94.14 1.99 2.81
8.7 94.47 -3.47 1.89
0.36 94.98 -2.47 1.85
0 94.35 4.05 3.99
0 95.14 0.3 5.98
0 95.35 -4.26 2.03
0 95.18 -2.18 1.88
0 94.97 -0.88 3.41
0.18 94.6 -1.64 2.46
2.42 95.09 -6.3 2.51
8.16 95.58 -8.33 1.9
17.04 95.93 -10.05 2.82
0 96.24 -11.08 3.39
0 95.91 -10.23 3.66
0 95.41 -7.88 2.47
0 95.06 -4.73 2.54
0 94.61 -2.83 3.57
0 95.48 -7.32 2.95
0 95.87 -3.35 2.5
0.02 96.14 -5.05 2.24
1.89 94.97 -1.08 4.41
0 95.74 -3.19 4.34
0 95.42 1.32 2.72
0 94.67 4.44 3.42
0 94.95 -1.57 3.03
0.15 95.49 -6.33 3.26
0 94.93 -7.12 2.67
0 95.14 -7.81 2.15
3.68 94.6 -5.02 4.08
0 95.51 -8.41 2.17
0 95.66 -8.86 1.86
0 94.96 -5.24 3.08
9.34 95.46 -4.49 2.77
0 96.04 -9.45 4.55
0 95.92 -10.08 2.84
0 95.93 -9.47 4.48
0 95.06 -3.37 2.59
0 95.11 -5.45 1.59
0 95.27 -4.86 1.64
0 95.31 -4.41 1.71
0.02 95.64 -3.3 1.42
0.05 95.82 -6.76 2.56
9.46 95.42 -10.43 3.42
0 95.76 -11.46 2.66
0 95.6 -12.64 1.43
0.02 95.43 -7.91 2.86
0.41 96.17 -10.82 4.68
0 95.97 -12.1 2.3
0 95.63 -9.91 4.62
0 95.84 -8.85 3.32
0 95.38 -8.86 1.35
0 95.28 -8.24 1.46
0 95.04 -3.52 3.71
0 95.25 -4.97 2.31
0 94.9 -4.1 2.28
0 95.58 -7.41 1.66
0 95.87 -8.84 1.7
0 95.37 -5.01 1.05
8.14 95.47 -3.93 1.42
12.6 95.02 -5.22 2.52
0.01 95.15 -9.05 3.32
0 95.37 -11.84 3.56
0 95.14 -12.01 2.61
0.01 94.92 -13.77 2.9
0 95.02 -11.14 5.65
0 95.99 -12.28 2.35
0.04 95.96 -14.97 1.38
0.01 95.87 -14.62 1.32
0.1 95.64 -12.61 2.08
0 95.98 -12.97 1.59
4.95 95.69 -13.76 2.72
0 95.67 -13.38 2.33
0 95.3 -12.98 4.81
0 96.02 -14.53 3.33
0 96.13 -14.49 2.54
0 96.24 -13.37 1.4
0 95.57 -7.54 2.36
0.03 94.87 -4.03 6.17
0 95.37 -6.93 3.51
0 94.94 -11.16 2.03
0.71 95.8 -12.82 3.82
0 96.01 -9.91 3.5
0 95.45 -8.79 4.03
0 96.16 -7.98 4.6
0 95.57 -4.08 2.72
0 95.03 -5.14 1.81
0.18 94.72 -2.37 2.89
0 95.1 -6.38 4.01
0 96.01 -7.12 3.15
0 95.96 -8.33 1.13
0.01 95.73 -9.17 5.99
0.01 95.27 -10.51 7.22
0 95.46 -10.04 6.06
0 95.57 -7.16 3.2
0 95.54 -8.01 1.47
0 96.05 -6.64 2.05
0 95.82 -4.51 2.69
0 94.61 3.46 3.22
0.98 95.14 -4.96 5.11
0 95.62 -7.12 3.84
0 95.03 -6.65 2.24
0 94.01 -5.68 5.63
0 95.77 -7.73 5.02
11.34 95.45 -5.94 3.12
5.79 94.92 -4.69 4.37
0 95.41 -5.19 3.48
0 95.11 -1.98 4.05
0 95.1 -0.88 2.91
0 95.31 -2.35 1.68
0 94.91 1.85 3.25
0 94.96 -0.46 3.07
0.17 95.35 -5.49 3.12
0 94.48 -0.82 2.77
0 94.67 -1.32 1.93
0.03 94.91 -5.77 2.14
0.08 95.25 -5.67 3.31
0.02 95.04 -8.59 4.99
0 94.98 -5.4 5.93
0 94.52 -0.77 4.86
0 94.35 0.63 3.45
0 94.55 2.04 1.85
0 94.84 4.72 3.88
0 95.67 -1.17 5.36
0 95.68 1.23 2.81
0 95.64 1.22 2.2
0 95.32 2.82 1.64
0 95.01 2.4 1.81
4.02 94.87 2.88 1.69
0 95.41 4.37 2.55
0.04 95.55 3.57 1.37
0.26 95.62 1.37 3.43
0 95.37 1.66 2.72
0 95.18 2.26 1.96
0.26 95.55 1.28 1.34
1.94 95.2 0.94 1.74
0.6 95.06 2.67 3.02
0.15 94.97 1.34 2.33
0 95.18 2.59 2.62
0 94.89 5.94 2.97
0 94.88 8.72 3.65
0.03 95.74 3.9 2.77
0 95.49 3.55 1.89
0 94.9 4.87 1.83
0 94.9 8.79 2.29
0 94.76 12.61 4.13
0 94.4 17.53 4.74
0.16 94.15 15.4 4.06
3.13 94.34 10.52 4.38
2.78 94.38 8.49 2.68
0 95.19 7.99 4.11
0 95.11 8.35 1.9
0 94.09 13.76 4.08
0 94.72 6.96 4.16
0 94.64 5.87 2.15
0 93.88 13.44 5.68
0 93.55 15.27 2.89
0 93.99 16.77 3.91
0.08 94.38 13.28 3.31
0.6 93.25 13.97 4.68
0.19 93.42 7.34 7.03
9.4 93.77 8.05 3.16
7.32 94.21 8.39 3.07
0 94.59 9.86 2.39
0.01 93.92 13.08 5.01
0 94.19 9.03 3.25
0 94.52 8.57 3.37
0 95.15 8.61 3.86
0 95.17 10.48 5.02
0 94.34 15 4.3
0 93.83 17.38 3.57
0 93.48 20.62 5.08
0 94.42 14.95 2
0 94.66 17.91 2.29
0 94.56 22.41 5.64
0.72 94.47 19.91 7.76
5.38 94.48 14.99 3.43
5.83 94.14 9.87 6.51
0 94.44 9.46 6.47
0 94.28 18.79 3.86
0 94.03 19.95 2.89
0 93.66 22.54 5.21
0.16 93.79 19.31 3.68
0.02 93.93 14.6 6.29
0 93.76 12.61 4.63
5.89 94.04 11.01 3.79
0.18 94.76 13.34 4.54
0 94.7 16.43 2.44
0 93.89 20.33 1.61
0 93.7 23.96 2.12
0 93.62 29.44 3.7
0.56 94.11 26.26 3.42
0.31 94.45 21.85 2.91
6.98 94.86 12.79 3.95
245.92 94.87 8.84 2.01
0.02 94.58 16.34 1.75
0.01 94.2 18.91 2.08
0.07 94.77 14.36 2.74
0 94.24 18.95 2.59
0 93.84 21.77 3.54
0 94.21 20.88 4.22
8.39 94.37 18.02 3.43
0.25 93.89 20.65 3
5.99 93.52 19.83 2.77
0 94 16.12 3.41
165.01 94.31 11.4 2.17
0 94.37 15.98 2.78
0 94.4 19.24 1.97
0 94.49 22.03 2.24
20.72 94.17 16.18 3.33
2.13 93.94 18.92 2.96
0.13 93.86 21.11 3.48
0 94 19.64 3.11
0 94.33 17.96 1.92
2.13 94.5 17.67 1.94
7.41 94.79 18.15 1.9
0 94.76 20.61 2.42
0 94.33 27.07 2.44
0.05 94.07 27.87 1.99
0.72 93.91 26.17 2.18
4.02 93.78 24.03 2.39
27.16 93.82 20.38 2.74
85.9 93.71 19.37 1.52
3.84 93.77 19.79 2.85
0.2 93.99 20.14 2.38
24.89 94.35 18.78 1.64
60.81 94.25 17.35 1.79
2.89 93.94 19.86 1.61
1.99 93.93 22.65 1.82
0 94.1 24.1 1.73
57.22 93.93 25.11 2.22
11.12 93.91 26.32 2.65
0.05 93.78 28.32 3.61
3.33 93.75 26.97 2.02
9 93.62 27.53 2.37
19.07 93.84 25.16 2.02
0.23 93.96 25.45 2.32
17.79 94.1 23.48 2.13
51.39 94.25 22.88 1.66
21.8 94 24.44 3.1
857.61 93.21 22.14 2.58
14.12 93.08 24.81 2.58
22.39 93.28 24.61 3.21
0.23 93.29 23.29 1.69
0 93.49 25.45 2.66
0.43 93.61 27.87 2.45
32.43 93.39 27.49 2.76
6.23 93.88 25.67 1.76
6.06 94.16 26.83 2.34
0 94.3 26.93 1.8
0 94.17 29.66 1.97
0 93.89 29.81 3.25
22.54 93.74 26.42 2.66
71.6 93.81 20.4 2.03
20.44 94.52 20.87 1.95
18.8 94.44 21.74 1.99
1.01 93.96 24.01 1.34
0.58 94.14 23.36 1.58
0.15 94.33 23.35 1.97
26.47 93.91 22.93 3.24
1.51 94.21 22.89 2.81
0 94.7 22.15 1.98
0 94.23 22.9 1.74
19.25 93.82 24.21 1.9
0.05 93.99 25.31 1.71
0.41 94.01 27.42 2.8
31.36 93.81 24.96 2.05
466.33 93.32 22.56 1.99
6.09 93.7 24.34 1.43
153.18 93.74 23.88 2.49
33.87 93.59 21.57 1.76
1.25 93.62 23.44 2.16
13.45 93.5 21.92 1.41
31.22 93.3 20.99 1.58
8.35 93.4 22.81 1.52
9.11 93.8 22.78 2.47
28.2 94.13 22.59 1.96
0.19 94.3 23.56 1.95
14.72 94.25 22.45 1.91
44.54 94.21 20.73 1.71
208.04 94.28 19.1 2.24
89 94.43 20.49 1.9
98.42 94.57 20.94 1.58
8.9 94.59 21.53 1.53
5.42 94.16 22.32 2.15
0.54 93.92 25.26 1.73
14.93 94.41 22.11 1.97
237.76 94.32 18.6 1.81
0.03 94.28 19.17 3.98
0 94.31 17.48 3.48
0 94.63 19.36 2.24
6.6 94.29 18.04 2.75
2.59 94.88 15.28 3.05
0 94.95 13.26 1.93
0 94.71 15.43 1.99
0.21 94.72 15.54 1.48
1.15 94.53 19.3 1.65
14.43 94.54 19.03 2.14
3.81 94.39 19.8 3.12
2.22 94.22 21.45 3.09
0.02 94.16 19.46 3.44
0 94.09 18.64 1.75
0 93.83 21.65 2.47
0.93 94.52 17.19 2.49
19.79 94.51 16.36 2.14
48.95 94.34 15.85 1.5
0.03 94.63 15.4 2.06
0 95.02 13.8 1.89
0 95.26 14.89 1.55
1.59 95.23 16.31 2.09
5.95 94.98 18.07 1.83
0.63 94.56 18.36 1.99
0.01 94.39 15.96 2.16
0 93.82 19.03 2.5
0.23 94.33 13.82 3.18
0 94.65 14.57 1.35
0.45 93.9 20.25 3.7
9.79 94 16.93 4.08
0 94.1 18.84 4.73
0.04 94.56 16.48 2.73
9.25 94.43 16.45 3.01
14.84 94.82 12.4 2.24
0.06 94.74 9.26 2.37
0 94.62 7.57 3.36
0 94.46 8.74 2.63
0 94.52 13.23 3.19
0.07 94.8 13.42 4.28
0 95.55 8.47 2.32
0 95.88 5.92 1.97
0 95.54 9.66 2.88
0 94.81 15.18 3.55
0 94.58 16.05 3.64
0 95.04 13.24 1.75
7.61 95.35 11.53 1.52
55.4 96.04 8.19 2.69
24.54 96.03 4.39 2.34
2.75 95.76 4.21 2.67
2.74 95.35 4.22 2.01
0 95.23 5.62 3.12
0 95.84 3.35 1.4
13.21 95.86 6.01 2.05
0.05 96.21 3.84 1.86
0 96.04 4.11 1.82
1.56 95.32 7.41 1.07
0.04 95.17 7.85 1.62
0 94.79 11.87 2.85
0.01 95.63 5.96 1.71
2.63 95.7 3.54 1.3
0.04 95.68 4.1 1.53
0 95.4 6.64 2.06
0 95.55 7.2 1.53
0 94.87 10.54 1.42
0.03 94.68 11.39 1.82
0 95.62 5.89 4.33
0 96.12 0.83 3.52
0 95.53 5.23 2.35
0 94.6 7.72 2.72
