1.64 93.9 -16.16 1.53
0.08 94.58 -17.64 1.88
25.81 94.35 -18.74 1.78
6.49 94.73 -19.75 3.79
0 95.05 -21.41 2.16
0.01 95.22 -21.62 2.36
0.1 95.3 -19.49 1.73
18.76 94.65 -17.48 1.23
3.94 94.89 -16.68 1.88
0 95.18 -16.94 1.85
0 95.19 -17.67 3.27
0 94.64 -20.59 3.92
0 94.65 -18.47 3.52
1.04 94.42 -16.34 1.96
0 95.5 -16.13 1.76
0 95.1 -15.07 1.17
0 94.79 -10.99 1.74
0.01 94.69 -7.16 1.6
0 94.21 -1.99 2.58
0.43 95.33 -10.61 4.76
0 95.32 -15.1 4.39
0 95.06 -13.44 4.92
0 94.55 -10.02 4.26
0 93.97 -11.04 4.59
0 94.92 -11.04 4.23
0 98.21 -7.47 2.94
1.79 93.83 -5.97 2.75
0.06 94.47 -12.07 4.33
0 94.08 -7.23 4.64
0 94.07 -7.12 2.24
0 94.62 -9.93 2.08
0.81 94.74 -11.99 2.29
0 94.79 -15.53 2.51
0 94.74 -14.56 2.67
0 94.71 -14.72 2.43
0 95 -14.77 1.64
0.05 94.87 -12.97 2.46
7.37 94.03 -5.76 2.43
0 94.11 -6.36 2.1
0 94.68 -8.33 2.55
0 95.27 -11.79 3.44
0 95.67 -13.02 3.63
0 95.41 -12.91 2.17
0.18 94.8 -11.69 2.18
0 95.22 -12.2 3.06
0 95.37 -14.04 2.18
0 94.92 -12.26 2.01
0.03 94.53 -10.24 3.39
0 94.34 -9.85 2.61
0 93.81 -5.94 1.78
0 93.61 -6.19 1.97
0 93.77 -5.4 1.94
0 93.82 -4.6 2.62
0 92.84 -0.04 2.13
3.03 93.12 -1.98 2.06
0 94.11 -5.11 2.17
1.13 94.32 -4.61 2
10.14 93.99 -5.92 2.03
2.02 94.6 -8.11 2.6
0.4 94.29 -8.31 2.18
1.88 94.16 -5.15 3.74
0 94.21 -3.47 2.86
27.2 93.76 -2.92 2.81
1.93 94.86 -10.44 3.58
0 95.47 -12.18 1.84
0.04 95.68 -12.01 1.88
7.92 96.02 -10.76 2.62
0.02 95.34 -11.05 3.02
0 94.03 -5.47 2.63
1.02 92.97 0.45 3.8
1.83 94.09 -5.91 4.3
0 94.65 -3.9 2.24
38.53 94.11 -1.33 2.24
0.92 94.17 -4.3 5.82
0.02 94.51 -6 2.48
0 94.9 -6.74 2.63
0 93.94 -4.01 2.85
0.77 92.6 3.41 2.51
32.68 93.24 -1.22 3.9
0 93.56 -0.2 2.89
0.18 93.62 2.66 3.76
0 94.25 1.19 2.8
0 94.72 -1.2 2.81
0.16 94.75 -4.26 3.73
0.42 94.24 -3.09 2.45
1.28 94.8 -2.08 2.07
0 94.76 2.35 1.74
0.18 94.55 4.62 2.46
16.01 93.96 7.31 3.27
6.11 93.76 5.73 4.82
0 94.16 0.61 5.3
0 94.2 -1.08 4.26
0 93.81 3.38 3.74
0 93.57 7.18 3.49
5.2 94.13 2.22 2.6
0.02 94.82 0.88 2.61
0 94.24 6.23 3.46
0.67 93.1 11.08 5.45
16.86 93.78 2.39 3.04
0 94.12 2.63 3.27
3.39 94.01 1.84 2.48
41 93.95 -0.52 3.51
0.02 94.7 -1.94 4.95
0 94.8 0.6 2.61
0.21 94.16 2.95 2.52
5.35 94.32 3.13 2.04
0 94.33 4.21 2.59
18.29 93.69 9.92 2.71
26.64 94.14 8.27 1.99
0.95 94.5 7.88 2.13
0.47 94.74 8.79 2.25
2.55 94.52 8.06 2.34
0.51 94.42 7.08 2.34
0 94.02 11.24 3.06
13.04 93.78 11.33 4.21
25.87 93.64 3.13 3.44
6.99 93.25 1.67 3.82
0.25 93.45 3.79 5.83
1.41 93.6 6.11 4.99
3.31 93.8 11.01 2.71
0 93.27 16.13 2.27
0 93.04 17.46 4.11
0.34 93.51 15.12 2.34
5.28 92.99 81.59 2.69
229.13 92.63 10.15 3.33
5.24 93.18 12.73 3.95
33.41 93.14 12.17 2.39
3.24 93.37 14.28 2.94
43.19 93.22 9.95 4.13
13.86 93.1 8.66 2.81
1.53 94.09 9.72 2.61
0 94.33 12.69 1.85
0 94.28 15.36 1.9
7.15 93.94 15.46 2.96
4.01 93.83 18.79 2.33
1.89 93.98 17.9 2.63
20.39 93.51 16.54 2.55
172.65 92.71 11.82 2.69
0.3 92.46 17.51 4.76
0 93.23 20.73 2.82
0 93.41 22.29 2.52
1.92 93.38 20.93 2.26
0.53 93.02 20.71 2.5
8.05 93.29 16.94 4.23
0.52 93.87 19.88 2.91
0.64 94.21 20.64 2.23
24.15 94.16 17.39 1.93
114.01 93.56 14.86 2.29
42.51 93.23 16.15 2.34
40.4 93.65 14.98 2.05
13.96 94.23 15.97 1.41
7.42 94.15 16.93 1.71
1.42 94.27 18.26 1.73
0 94.33 20.21 1.78
0.06 94.14 20.96 2.03
0 93.85 22 2.12
0 93.84 22.03 2.48
0 93.94 22.65 2.83
0 94.06 22.93 2.9
0 94.16 22.78 2.25
4.33 94.02 19.82 2.18
0.05 93.74 20.19 2.84
1.96 93.44 22.3 2.06
30.73 93.19 22.04 2.97
33.31 93.1 20.58 2.62
0.7 93.01 22.48 2.52
58.78 93.06 22.55 2.02
90.06 93.1 19.74 2.09
15.9 93.2 19.64 1.9
1.67 93.33 21.86 1.78
0.07 93.69 22.09 2.61
0.08 93.29 22.37 1.96
5.23 93.54 20.58 2.14
0 93.7 22.44 1.7
0 93.58 24.42 1.94
0 93.57 24.92 2.47
0 93.49 24.78 2.08
14.63 93.29 22.36 1.77
23.76 93.2 22.69 1.46
0.23 93.25 23.89 1.74
0.41 93.1 25.22 1.5
78.89 93.01 21.78 2.16
1.84 93.03 24.55 1.81
0.25 93.05 27.01 1.88
4.62 93.04 26.13 2.34
0 93.06 25.7 3.24
0.05 93.14 24.84 2.73
9.06 93.39 21.19 1.99
2.21 93.58 22.41 2.21
4.82 93.53 21.42 2.21
76.67 93.34 20.29 2.06
137.66 93.33 19.97 1.75
176.44 93.59 20.08 1.32
7.56 93.85 22.05 1.58
0 93.8 23.27 2.2
99.09 93.38 21.8 2.3
12.83 93.17 24.05 2.89
7.86 93.41 24.77 2.06
5.67 93.4 25.75 2.52
21.44 93.46 24.52 2.32
129.31 93.34 23.45 1.72
1.28 93.59 24.25 1.73
1.78 93.7 25.54 1.76
3.99 93.75 26.23 1.57
13.08 93.89 26.93 1.69
1.31 93.77 27.2 2.07
10.02 93.69 26.09 1.96
15.3 93.31 25.76 2.18
171.29 92.89 26.08 2.53
8.79 92.83 23.66 1.52
46.74 92.88 25.75 1.48
145.26 93.17 22.14 1.81
0 93.78 21.02 2.05
0.12 93.67 21.88 1.9
20.39 93 23.43 2.48
72.52 93.2 22.59 1.78
81.33 93.63 20.74 3.27
0 94.3 19.51 1.6
40.27 93.91 18.98 1.77
95.84 93.22 21.48 2.44
37.64 93.31 21.56 2.29
0 93.54 20.72 1.94
0 93.28 23.22 2.31
15.49 93 24.25 2.02
3.69 92.91 24.91 2.25
20.64 92.82 22.52 3.29
0 93.31 20.83 2.76
0 93.63 21.69 1.77
15.6 93.64 21.41 2.33
26.64 93.79 21.77 2.14
120.08 93.96 21.54 2.01
0.95 94.26 21.69 2.04
173.51 94.15 18.29 1.69
45.89 94.11 18.83 1.8
1.8 94.12 19.04 1.74
0 94.06 20.96 1.86
0.36 94.27 20.95 1.68
4.52 94.44 20.5 1.75
0 94.18 19.91 1.95
1.2 93.96 19.87 1.65
20.99 93.61 19.97 1.87
5.53 93.7 19.94 1.53
1.6 93.77 20.55 2.03
10.42 94.24 19.4 1.6
2.85 94.37 20.24 1.58
0.03 94.23 19.24 1.48
0 93.97 19.29 1.78
0 93.8 21.31 1.8
0.54 93.99 22.25 2.04
0 94.45 18.22 1.9
0 94.29 17.86 1.5
8.19 93.89 18.44 1.54
12.73 93.59 18.44 1.97
0.18 93.8 19.03 1.6
0 93.95 19.99 1.46
15.95 94.02 21.15 1.55
0 94.11 21.23 1.88
12.16 93.91 19.6 2.12
117.51 94.17 14.78 2.15
250.49 94.25 9.58 1.95
171.76 94.17 12.82 1.55
0 93.95 15.94 1.55
68.38 94.15 13.93 2.14
191.21 94.77 9.03 2.71
0 94.69 9.45 2.77
0 94.47 11.71 1.9
5.24 94.23 13.5 1.8
17.63 93.99 13.72 2.36
0.32 94.17 11.21 2.5
0 94.16 9.55 4.67
0 94.93 7.95 2.41
0 94.53 9.08 1.58
0.03 94.27 13.69 2.24
4.57 94.51 12.39 1.63
260.67 94.22 8.15 2.41
45.02 94.24 8.38 3.06
0 94.34 9.3 2.08
0 94 12.59 1.97
0 93.9 15.25 2.44
0 94.04 16.07 2.62
0 94 15.7 2.15
0 93.57 15.09 2.59
93.44 94.01 10.15 1.92
171.33 94.46 5.27 2.39
0 94.59 7.38 1.91
0 94.2 8.85 2.31
0 94.38 7.42 3.1
0 93.91 6.89 3.35
0 94.58 2.87 2.76
0 95.15 0.91 1.36
23.79 95.06 0.64 1.56
38.92 95.12 0.89 1.21
0 95.04 1.78 1.54
0 94.54 4.15 1.35
0 94.3 7.81 1.4
7.24 94.43 8.15 2.04
13.67 94.93 3.08 3.38
0 95.31 -0.63 4.15
0 95.93 -2.28 2.24
0 95.15 -0.34 2
0 95.05 3.38 2.09
0 95.04 4.67 1.79
0 95.1 4.89 1.82
0 94.92 4.91 2.26
0 95.39 1.26 3.03
0 94.96 0.97 2.1
0 94.57 4.02 2.01
0 94.64 3.79 1.72
0 94.36 5.74 1.93
0 94.06 5.94 1.7
4.15 94.2 2.96 3.11
1.08 94.69 -0.65 3.52
0 94.33 -2.36 1.56
0 93.92 -0.48 1.61
20.76 93.44 0.39 3.88
3.82 93.82 -1.51 2.36
0.82 94.83 -2.8 4.02
0 95.76 -6.12 2.87
0.15 95.13 -4.41 2.59
0 94.49 -1.2 1.8
0 94.42 -0.24 1.94
0 94.11 3.02 2.87
0 93.63 2.12 2.32
0 93.41 3.82 2.19
1.32 93.6 0.63 5.15
0 94.29 -4.04 2.27
0 94.12 -3.46 1.96
0.06 94.42 -3.87 4.52
0 94.64 -7.74 2.63
1 93.81 -7.28 2.8
0 94.21 -8.31 5.88
0.35 94.29 -7.87 2.15
0.19 94.17 -6.38 1.51
0 93.87 -3.52 2.33
0.04 93.46 -2.52 2.08
0.17 94.07 -7.51 4.09
0 94.14 -7.68 2.09
0 93.23 -0.12 2.31
0 94.5 -3.64 3.84
0 95.05 -7.13 3.68
0 93.76 -6.58 2.83
0 93.72 -7.56 2.19
0 93.2 -5.84 2.02
2.15 93.12 -8.74 4.31
0 94.03 -12.8 2.23
1.5 94.28 -12.9 2.21
0.06 95.09 -16.08 3.09
0 95.07 -17.33 4.57
0 94.81 -16.51 4.84
0 93.52 -9.63 4.08
0 93.37 -7.35 2.38
0 93.43 -5.44 2.36
0 93.7 -3.76 3.4
0 93.92 -2.59 2.21
0 93.61 -7.11 1.48
0.6 94.18 -10.21 3.41
0 95.41 -17.66 4.28
0 95.41 -16.95 3.63
0 94.53 -15.96 3.35
0 93.5 -12.82 3.46
0 93.16 -10.02 2.9
0 93.79 -13.11 3.6
2.49 93.99 -13.24 2.59
0.12 94.24 -14.33 4.86
0.2 94.77 -13.63 5
0 95.21 -13.26 3.39
0 95.33 -13.49 2.79
0 94.92 -13.17 1.57
0.06 94.56 -13.52 2.36
0.12 94.78 -12.97 4.47
0 95.4 -12.7 3.86
0.06 94.73 -10.48 2.15
0.83 94.55 -11.11 3.74
0 95.12 -14.94 4.26
0 94.38 -12.36 3.12
0 93.93 -13.51 4.17
0 94.04 -13.72 2.18
0.03 94.05 -12.54 2.89
0.12 95.03 -16.04 3.35
0 95.46 -18.28 3.92
0 95.26 -16.55 2.33
0 95.12 -15.64 2.83
0 94.86 -15.97 3.39
0 94.82 -15.5 3.79
0 94.74 -14.09 2.64
0 94.54 -13.86 2.26
0 94.54 -14.71 3.3
0.18 94.8 -15.29 3.83
0.06 94.93 -15.32 2.17
0.06 95.1 -15.81 2.8
0 95.51 -16 2.09
0 95.81 -14.92 2.83
0.09 95.36 -15.24 3.11
0 95.1 -15.85 3.64
0 94.93 -12.15 3.84
0 94.58 -5.83 3.4
0 94.23 -6.82 2.41
0 94.13 -9.17 1.97
0 94.01 -7.68 2.33
0 94.2 -6.55 2.15
0.12 93.47 -5.63 3.32
0.02 94 -4.6 2.77
0 93.62 -7.09 2.17
0.78 93.78 -7.53 3.16
0.13 94.56 -10.54 1.94
2.28 94.53 -9.65 1.38
1.3 94.84 -13.56 3.84
0 94.93 -13.26 2.41
0.37 94.82 -11.95 2.18
0.19 94.83 -12.79 1.94
0 94.22 -6.48 2.75
2.14 94.11 -6.01 1.67
2.07 94.54 -5.68 2.65
0 94.55 -5.77 2.18
0 94.44 -2.06 1.99
0 94.69 -2.18 1.66
0 94.35 -0.53 1.99
0 93.87 0.74 3.02
1.93 93.66 -0.5 2.13
0.2 94.36 -4.44 3.19
0 94.94 -4.91 1.99
23.71 94.42 -3.51 3.74
1.29 95.05 -8.84 3.06
0.14 94.68 -8.18 3.21
0 94.4 -7.67 3.24
0 94.39 -7.87 2.76
0 94.53 -5.19 3.1
0 94.2 -2.49 2.07
0.41 93.68 0.58 2.46
0 94.49 -2.18 3.67
0 94.25 -2.27 4.42
0 94.27 -4.22 4.44
0 94.62 -2.47 3.75
0 94.36 -1.08 3.31
0 93.74 1.11 2.74
0 93.06 5.43 2.03
0.09 93.79 1.6 4.61
0 94.88 -2.6 4.67
0 94.58 -5.21 4.75
0 94.33 -3.73 3.01
0 93.77 2.29 3.13
0 93.44 3.52 5.2
0 93.81 0.91 3.44
0 93.92 -0.22 2.32
1.12 94.58 -3.96 4.31
0 94.69 -3.36 3.03
0 94.42 -2.79 2.62
0 94.58 -2.59 4.26
0 97.57 -1.07 2.58
0 97.54 0.43 2.86
0 97.38 2.53 2.78
0 97.61 2.3 1.84
0 97.38 6.15 2.8
0 97.03 7.36 2.08
0 96.65 8.63 3.65
0 97.81 2.2 3.77
0 97.78 1.93 2.19
0 97.39 5.09 2.4
0 97.28 6.79 1.62
0 94.27 8.52 3.16
0.14 93.56 9.8 4.72
2.94 93.93 7.23 4.57
0 93.9 7.05 3.85
0 93.71 7.96 3.34
1.4 94.4 4.8 3.22
0 94.12 8.17 3.16
0 93.55 12.59 2.88
0 93.59 12.71 1.95
0.04 92.93 14.72 3.41
0 93.68 10.21 4.38
0 93.45 11.44 3.76
1.73 93.48 7.71 6.62
0.45 94.06 6.95 4.44
0 93.9 9.43 2.19
0 93.37 12.53 3.47
49.93 94.03 7.47 2.31
2.07 93.94 6.46 2.31
7.18 93.68 5.81 3.13
3.39 93.29 6.25 3.8
0.08 92.83 8.44 2.01
16.67 92.87 8.72 2.63
1.45 93.5 7.61 2.73
0 93.04 9.79 1.92
62.56 92.44 8.27 1.72
4.4 92.41 9.08 2.81
1.09 93.35 12.75 3.52
0.33 93.59 10.51 3.71
0 93.89 12.11 2.54
8.7 93.41 11.25 2.9
114.59 92.66 9.01 3.1
0.61 92.72 10.31 3.5
0.01 93.23 12.93 2.8
2.8 93.23 13.93 3.73
19.25 93.07 15.39 2.92
0 93.29 17.03 2.28
0.34 93.02 14.73 5.14
3.36 93 11.64 6.3
0 93.18 14.35 5.99
0 93.23 15.59 4.24
0 93.73 13.26 3.38
0 93.68 14.05 2.48
0.06 92.6 17.7 2.61
11.96 92.48 17.21 3.59
7.88 93.52 12.97 2.93
1.31 93.67 11.52 3.29
1.91 93.57 12.27 4.59
0 93.43 16.59 3.14
0 93.55 17.83 2.78
0 93.68 19.67 2.95
17.06 93.61 18.87 3.56
20.4 93.52 17.46 4.21
0.03 93.4 18.88 2.77
1.23 93.22 22.15 4.31
33.65 93.29 20.65 2.34
36.36 92.89 17.91 3.35
8.51 92.81 16.51 2.99
0.09 93.23 18.72 2.92
4.3 92.99 19.06 4.1
3.62 93.09 18.14 3.88
0.21 93.32 18.89 2.31
5.69 93.22 21.67 2.35
10.56 92.62 22.74 2.88
28.67 92.35 20.49 2.39
18.35 92.57 21.12 2.65
0 92.96 21.27 2.67
55.89 92.88 19.8 2.16
128.43 93.06 15.88 2.16
6.68 93.26 19.08 1.96
5.82 93.27 20.7 1.97
40.68 93.04 20.31 2.24
117.47 93.02 18.52 2.05
95.32 93.23 17.46 1.85
0.95 93.41 20.32 1.97
0 93.34 23.29 1.84
0 93.21 25.06 2.14
0.06 92.96 26.08 2.59
0 92.89 25.68 2.62
25.57 92.61 21.72 2.28
112.18 92.81 16.49 2.27
2.79 93.53 18.74 2.38
0 93.87 20.11 1.77
4.47 93.31 21.1 2.58
6.54 92.64 22.1 2.2
5.72 92.82 23.95 2.46
0.02 92.96 24.05 3.14
35.57 92.88 23.17 2.41
54.55 92.96 21.68 1.81
0.51 92.87 22.61 2.36
0 92.99 23.29 2.49
0 93.12 24.51 2.19
115.25 92.64 21.75 2.52
0.91 92.36 23.78 3.03
75.74 92.4 17.6 2.04
25.98 92.49 17.94 2.83
10.15 93.14 20.77 1.94
14.99 93.32 22.04 2.1
20.23 93.37 23.12 2.26
12.36 93.39 22.69 2.18
6 93.2 23.52 1.64
29.34 93.29 22.04 1.86
36.62 93.26 21.93 1.69
30.46 93.14 21.6 1.75
16.82 93.17 20.9 1.64
110.27 93.24 21.55 1.59
158.55 93.1 20.5 1.57
70.54 93.01 20.81 1.56
72.03 92.95 21.5 1.83
20.36 92.94 22.83 1.74
0.13 93.01 25.01 1.7
103.56 92.99 24.95 2.49
531.38 92.77 21.42 2.08
77.8 92.74 22.23 2.27
15.54 92.92 22.34 2.29
0.42 93.17 23.92 1.62
54.57 93.34 20.87 1.66
82.99 92.96 21.18 1.75
0.1 93.06 22.81 1.84
0.24 93.2 23.42 2.2
0.9 93.51 22.38 1.96
0.04 93.13 22.83 2.12
0 93.11 23.7 1.99
0.12 93.32 23.44 1.62
14.96 93.28 22.79 1.73
9.21 93.3 23.15 1.8
7.69 92.97 23.65 1.98
9.91 93.1 24.64 1.93
0 93.49 24.23 1.64
0 93.32 25.01 1.58
0 93.04 25.33 1.86
9.64 92.8 24.64 1.83
124.14 93.11 21.27 1.59
239.31 93.16 19.33 1.58
15.31 93.21 21.23 1.68
8.3 93.38 20.39 1.48
0.09 93.65 20.79 1.78
0.12 93.79 21.19 1.55
0 93.79 22.43 1.55
1.83 93.67 22.2 1.88
9.42 93.83 20.53 1.76
0 93.83 20.17 1.58
99.42 93.81 19.69 1.4
11.36 94.03 19.37 1.7
1.4 94.11 20.37 1.56
11.87 93.91 19.22 1.76
5.68 93.6 20.01 1.58
0.72 93.53 21.04 1.64
0 93.47 22.39 1.57
17.65 93.25 21.52 2.75
2.18 93.71 18.62 2.05
0 93.55 18.81 1.79
20.91 94 17.3 2.06
1.06 93.97 18.03 1.65
0 94 17.9 1.54
0 93.57 18.64 1.57
9.75 93.24 17.54 2.64
5 93.82 12.85 2.05
0.28 94.4 12.39 2.19
6.63 94.63 12.55 1.94
6.68 94.13 15.78 1.78
1.63 93.87 15.69 2.17
0.11 93.48 18.79 2.84
11.48 93.5 17.13 2.08
26.67 93.7 14.9 1.78
50.81 94.06 12.48 2.56
0 94.45 8.94 2.34
0 94.89 8.89 2.29
0 94.71 9.74 1.66
0 94.38 11.16 1.82
0 94.01 12.59 1.97
0 94.09 13.45 2.09
0 93.98 13.58 2
0 93.75 15.89 2.75
0.03 94.03 16.02 2.03
0.68 94.16 16.85 2.47
0.13 93.97 17.03 2.09
10.09 93.82 14.27 1.82
0.13 94.27 8.65 3.47
0 94.73 6.46 2.52
0 94.81 6.2 2.79
0 95.27 6.88 2.75
0 94.92 7.87 2.02
0 94.25 9.45 2.12
0 93.72 10.81 3.32
0 94.25 8.92 1.83
0 94.23 9.48 1.53
0 94.02 12.55 1.95
0.17 94.4 12.62 2.42
0 94.9 9.06 1.58
0 94.66 11.08 1.75
0 94.08 12.7 1.61
60.81 93.51 10.05 1.66
3.49 93.43 7.76 2.22
2.71 93.11 7.25 2.99
2.94 93.6 7.91 3.96
0 94.51 4.9 2.29
0 94.61 7.37 1.42
0 94.39 9.36 1.93
0.06 94.24 12.75 2.58
0 94.2 12.62 1.81
1.21 94.1 10.34 1.8
50.93 94.59 4.23 3.22
0.01 94.96 1.39 3.24
0 94.97 3.14 1.82
0 94.53 4.7 1.65
4.08 94.4 5.65 2.27
0 94.65 5.13 1.48
0 94.32 5.5 1.66
0 94.15 7.4 2.36
0 94.33 9.3 2.86
7.39 94.54 9.62 2.51
0.04 95.07 4.3 1.71
3.36 94.78 7.56 1.59
3.42 94.56 8.66 2.57
0.19 95.16 3.01 2.58
0.25 95.04 1.49 1.26
0 95.02 2.86 1.87
0 94.97 2.93 1.74
0 94.78 1.54 1.37
0 94.16 1.34 1.47
0 93.59 2.56 1.92
0 93.87 4.08 3.62
0.04 94.59 -2.72 2.49
0 94.65 -4.39 1.84
0 94.71 -3.23 1.67
0 94.89 -0.15 1.85
38.08 94.3 1.67 1.2
4.51 94.06 -0.52 2.46
2.43 94.32 -5.45 3.92
0 94.81 -7.55 2.36
0 94.8 -5.34 1.88
11.76 94.38 -5.38 2.99
0.15 95.02 -8.78 2.93
0 94.69 -8.79 1.25
0.4 94.69 -6.92 1.71
0.43 94.11 -2.07 1.71
0 94.17 -2.45 1.54
0 94.91 -4.11 2.31
0 95.43 -8.08 1.59
0 95.73 -8.71 2.13
0.39 95.02 -8.28 1.28
0.15 94.31 -5.59 1.25
0 94.53 -7.88 1.81
0 94.83 -9.06 1.07
1.45 95.03 -8.36 1.13
1.54 95.03 -5.32 1.13
1.71 95.32 -8.3 3.12
0.12 95.64 -12.75 4.09
0 95.3 -12.7 3.42
0.03 94.51 -8.13 4.11
0 94.52 -4.68 2.97
0 94.91 -7.8 1.76
0.03 94.26 -5.71 2.99
0 94.98 -10.86 4.19
0 95.17 -14.37 3.36
0 95.32 -13.98 3.56
0 95.05 -12.23 2.53
0 95.11 -11.8 2.14
0 94.97 -12.19 1.54
0 94.67 -11.67 2.14
0 94.65 -10.65 3.99
0 94.84 -12.54 2.78
0 94.39 -11.27 2.93
0 94.54 -13.18 2.33
0 95.02 -12.91 1.93
0 95.29 -12.48 1.95
0 94.85 -9.65 1.86
0 95.15 -11.14 1.67
0 95.45 -14.62 1.35
0.26 94.98 -12.44 1.35
0.03 94.79 -10.41 2.37
0.13 95.14 -12.03 2
0.65 94.6 -12.35 3.17
0.22 94.79 -13.82 4.18
0 94.99 -13.09 3.08
0 94.75 -12.35 1.93
0 95.49 -15.16 1.54
0.32 95.43 -15.37 1.34
0 95.04 -12.97 1.92
0 94.99 -13.55 1.54
0.3 95.07 -13.45 3.36
0 95.15 -13.48 2.99
0 94.33 -9.78 2.69
0 94.56 -10.5 2.23
0 94.47 -10.14 2.12
0 94.19 -11.38 1.4
0.31 94 -10.17 1.35
0.68 94.19 -11.97 1.17
0 94.38 -11.49 1.56
0 94.8 -11.6 1.62
0.06 95.45 -14.71 3.35
0 95.33 -18.56 3.45
0 95 -18.78 2.97
0 94.48 -17.61 2.43
0 94.35 -17.04 3.14
0 93.96 -15.38 2.83
0 94.04 -14.22 2
0 94.53 -15.37 1.74
0 94.78 -15.37 2.16
0 95.16 -16.55 2.22
0.1 94.77 -17.61 1.89
0.37 94.35 -16.9 3.82
0 95.14 -18.46 4.34
0 95.15 -16.88 3.55
0 94.21 -14.13 3.45
0 94.27 -11.81 2.34
0.22 93.72 -9.02 2.47
0.12 94.35 -14.29 5.24
0 94.57 -16.93 4.83
0 94.16 -13.85 5.02
0 94.28 -11.95 3.08
0 94.6 -11.95 3.03
0 94.63 -11.74 2.18
0 94.37 -10.09 2.25
0.12 94.1 -5.99 2.09
0.19 94.66 -9.99 3.46
0 94.62 -11.86 3.23
0.18 94.68 -12.54 3.26
0 94.83 -13.78 4.62
0 94.74 -11.37 3.55
0 94.14 -7.44 2.68
0 94.16 -8.6 1.94
0 93.94 -8.86 1.66
10.84 93.61 -7.2 2.33
0 94.53 -7.83 2.75
3.44 94.39 -6.55 2.5
0.02 94.86 -9.53 3.18
0 94.79 -8.83 2.32
0 94.28 -7.01 2.17
0 93.91 -3.63 2.47
0 94.06 -1.41 1.97
7.83 94.56 -4.08 1.64
1.26 94.73 -6.9 1.78
1.15 94.7 -5.82 1.77
0.2 94.12 -2.7 1.88
25.43 93.41 -3.92 1.66
17.44 93.52 -4.47 2.95
0.15 94.16 -5.25 3.78
0 94.84 -9.21 3.57
0 94.51 -8.66 2.17
1.27 94.49 -8.78 4.81
0 94.94 -8.72 3.92
0 94.58 -6.76 1.92
0 93.98 -2.95 3.4
0 94.48 -1.93 2.49
0 94.14 1.2 3.07
5.3 93.25 4.44 3.64
11.14 93.79 -3.01 3.25
13.54 94.67 -7.95 2.7
0 94.47 -3.21 2.06
0 94.42 -1.2 2
0 93.86 3.17 3.1
0 94.31 2.31 2.08
11.15 93.53 1.02 4.29
0 93.96 -0.95 5.68
0 94.37 -0.09 3.08
0 94.08 4.02 2.65
0 94.32 7.15 3.36
0 94.44 8.23 3.12
1.06 93.52 8.68 6.94
2.89 94.09 0.24 4.76
2.17 94.07 -1.36 4.19
0 93.97 0.02 2.24
3.46 93.91 1.32 2.81
0 93.62 3.73 4.1
0 93.44 4.37 5.36
0 93.71 3.14 4.57
0.41 94.02 4.14 2.78
0 93.62 9 3.74
0 93.73 9.6 4.7
0 93.58 12.1 3.06
8.09 93.35 12.49 4.51
4.55 93.72 6.95 4.52
0 93.18 11.14 3.39
0 93.03 13.05 3.31
0 93 14.4 3.32
1.32 93.57 9.06 3.19
0 93.89 8.52 2.68
0 93.04 14.58 3.87
0 93.08 16.67 4.05
4.41 93.42 14.21 3.88
20.73 93.93 12.4 3.09
2.48 93.37 11.88 1.99
0.19 92.73 13.7 2.08
0.92 92.73 16.95 3.54
201.23 93.19 11.99 2.4
44.33 93.16 8.73 4.42
0 92.54 10.11 3.46
0.46 92.33 10.43 7.07
0 93.47 9.07 3.41
0 93.45 12.18 2.78
0.22 93.25 16.29 2.93
2.53 93.73 16.35 2.71
27.66 93.3 17.2 2.46
0 93.38 19.61 2.3
0.98 93.47 19.27 2.76
0 93.57 17.31 3.22
0 93.17 17.61 2.26
1.04 93.17 16.57 1.75
0 93.42 17.39 2.09
0.31 93.69 18.44 2.56
2.63 93.83 19.39 2.27
93.64 93.8 14.21 2.02
16.66 93.41 12.9 3.5
18.4 93.14 10.81 3.04
3.37 93.13 11.17 4.2
0.06 92.89 11.19 3.07
3.73 92.67 12.63 4.79
0.03 93.06 16.17 1.89
0 93.04 20.99 3.41
8.92 93.55 18.75 2.87
12.79 93.87 17.69 2.27
0.5 93.74 19.12 3.5
1.68 93.49 18.75 3.95
2.51 93.59 15.94 3.07
0 93.61 15.9 3.05
0 93.41 16.73 2.46
0 93.05 19 2.42
0 93.42 20.03 2.18
0 93.63 22.43 2.64
41.19 93.66 18.4 2.89
31.84 94.04 13.95 2.6
0.79 94.11 15.65 2.28
43.53 93.65 15.9 3.01
14.2 93.44 15.66 2.8
72.23 93.17 15.4 2.53
28.63 92.95 18.1 3.13
0.94 93.13 19.84 2.13
8.78 92.74 19.4 2.35
13.01 92.6 20.87 2.07
20.91 92.6 21.41 2.18
63.9 92.47 19.47 3.1
9.06 92.58 16.47 3.22
5.22 92.29 15.72 3.1
17.58 92.39 15.51 2.32
193.45 92.92 13.05 1.88
243.27 93.19 13.78 2.01
120.24 93.23 15.54 2.65
8.07 93.09 18.66 1.79
7.6 92.98 21.26 1.76
6.68 93.1 21.68 1.87
12.83 92.87 21.81 1.68
78.29 92.93 21.59 1.86
11.06 93.1 21.57 1.52
99.89 93.06 20.84 1.91
0.81 92.82 22.02 2.43
121.62 92.83 21.3 2.44
53.08 93.18 20.33 2.36
35.2 93.57 21.54 2.11
5.79 93.74 21.91 1.86
4.6 93.45 19.74 2.22
49.55 93.05 20.55 2.32
0 92.94 22.83 2.12
1.82 92.59 23.45 3.6
2.96 92.6 21.78 3.12
0.56 92.55 22.23 2.45
0.06 92.88 22.75 1.98
5.58 93.02 22.38 1.88
4.08 92.92 22.84 1.59
59 92.89 22.79 1.89
20.7 92.9 23.98 2.02
31.52 92.93 24.34 1.71
126.49 92.54 21.45 1.85
92.18 92.32 19.33 2.12
63.77 92.72 19.35 2.47
8.22 93.2 20.96 2.25
0 93.22 20.73 1.75
0 93.25 22.09 1.68
0 93.49 24.04 1.5
0 93.58 24.11 2.1
0.09 93.41 23.87 2.14
11.16 93.28 24.33 1.6
15.75 93.2 24.3 1.7
151.9 93.13 22.51 1.64
416.8 92.75 21.7 3.51
0 93.23 22.53 1.77
0 93.44 23.2 1.9
17.4 93.35 22.93 2.15
51.88 93 24.55 3.13
4.18 93.34 23.16 1.96
173.7 92.86 22.81 2.68
28.67 92.66 22.66 3.54
0.85 93.21 21.13 1.74
118.19 93.47 19.14 1.62
151.67 93.61 18.56 1.76
83.54 93.55 20.15 1.59
16.62 93.58 22.15 1.67
88.25 93.64 22.37 1.67
0 93.85 22.88 1.56
0 93.68 23.73 1.6
0 93.32 24.94 2.11
9.64 93.25 24.05 1.76
3 93.49 22.82 1.49
0 93.36 23.02 1.85
34.97 93.39 20.3 1.97
25.47 93.41 18.57 2.06
2.85 93.58 19.4 1.79
13.59 93.25 17.97 1.86
6.64 93.34 20.31 1.68
0 93.66 21.21 2.13
0.06 93.27 22.47 2.61
44.01 93.31 22.14 2.18
1.95 93.35 20.48 1.99
10.38 93.37 19.26 2.62
4.6 93.94 15.79 2.27
0.04 94.06 15.65 2.15
0 93.85 19.08 2.43
0 93.79 20.89 2.07
0.92 93.67 20.73 2.13
8.14 93.68 20.96 1.73
13.35 93.56 20.76 1.87
2.13 93.13 22.26 1.91
1.13 93.29 22.83 2.47
0 93.53 23.6 2.07
0 93.66 23.52 2.34
3.21 93.69 22.98 2.04
279.25 93.58 15.82 2.88
21.3 93.93 13.27 2.65
0.3 93.99 12.58 2.22
1.36 94.1 15.16 2.29
0 94.05 17.8 2.16
29.23 94.12 17.23 1.86
1.04 94.02 17.11 1.51
0 93.99 18.42 1.35
0 93.92 19.59 1.63
38.97 93.59 17.93 2
74.81 93.62 12.66 3.58
2.41 93.74 11.14 2.39
0 94.12 12.55 1.78
0.07 94.55 13.24 1.32
0 94.64 13.37 1.47
0 94.03 14.06 2.29
0 93.57 15 2.42
0.24 93.54 15.02 1.82
0 93.77 16.32 1.82
9.05 93.68 16.66 2
2.01 93.69 16.44 1.52
5.48 93.99 15.35 1.49
1.4 94.28 15.21 1.73
44.26 94.17 14.11 1.67
2.45 94.42 13.9 1.55
56.2 94.06 10.48 2.02
29.75 94.11 9.88 5.81
0.8 94.24 10.74 3.18
0 94.21 10.86 1.82
0 94.06 11.88 1.78
1.21 93.87 13.35 2.17
1.08 93.73 12.16 3.12
0 93.86 12.23 2.43
0 94.35 10.56 1.82
0 94.77 11.14 1.44
0 94.64 12.27 1.65
0 94.15 14.25 2.24
21.58 93.76 11.52 3.17
0 94.23 7.48 2.36
0.23 93.83 9.11 2.17
0 93.68 11.38 2.38
0.1 94.05 7.52 4.42
0 94.44 6.22 2.4
0.06 94.52 6.54 1.92
51.29 93.96 7.5 4.12
0 93.95 3.67 3.22
0 94.04 4.39 2.31
0 93.89 6.65 2.08
0 94.26 6.08 1.92
82.63 94.48 2.33 1.24
53.12 93.97 2.95 2.09
0 93.72 5.57 1.92
0 93.48 7.79 2.58
0 94.06 7.86 2.03
0 94.11 9.17 1.99
4.99 94.01 9.39 3.2
0 94.82 3.1 1.76
1.18 94.72 0.6 2.44
0.1 94.37 -0.38 2.95
0.03 94.18 -0.58 2.31
0 94.13 1.97 1.51
0 94.29 1.29 2.07
20.1 94.29 2.27 1.91
171.43 93.97 -0.37 89.98
34.45 94.28 -0.6 3.04
0 94.3 -2.57 1.31
0 94.02 -0.9 2.09
0 94.19 -1.01 1.59
0 94.6 -1.67 1.45
52.25 94.3 -1.51 1.42
76.41 93.18 -3.36 5.38
0.18 93.6 -4.97 4.03
0 93.66 -6.72 4.57
0 94.4 -5.75 2.65
0 94.66 -6.18 1.42
19.7 94.13 -2.94 1.93
0 94.04 -5.83 87.67
0.01 93.78 -5.14 3.12
0.06 94.33 -3.92 3.02
0 94.36 -5.74 1.4
0 94.04 -3.91 1.53
9.36 94.48 -5.52 2.69
0 94.44 -7.58 2.48
0 93.9 -6.07 2.05
0 93.89 -4.61 3.94
0 93.92 -8.32 2.67
0 93.02 -5.34 3.62
0.12 93.8 -7.62 4.4
0.09 94.28 -10.26 2.35
0 94.96 -13.96 2.45
0.47 94.62 -14.26 1.61
0.28 93.61 -6.76 2.5
1.95 93.8 -8.88 4.58
0 94.01 -12.13 1.89
0 94.05 -14.07 3.16
0 93.95 -15.44 2.58
0 94.14 -16.66 2.61
0.06 94.23 -17.97 5.02
0 94.38 -13.27 3.51
0.31 94.82 -13.66 1.55
0.11 95.01 -14.04 1.25
0.22 94.49 -11.77 1.64
0.04 94.52 -9.56 1.19
16.89 94.48 -9.34 1.12
1.47 94.35 -7.48 1.63
0.99 94.69 -11.32 1.69
0 95.12 -13.65 4.05
0 95.18 -15.43 2.49
0.06 94.64 -14.76 1.14
0.78 94.75 -12.51 57.89
10.44 94.76 -11.42 3.14
0.03 95.19 -16.48 3.28
0 95 -20.47 3.26
0 94.21 -19.74 3.98
0 95.27 -18.93 2.78
0 95.04 -19.17 1.37
0 94.46 -14.77 1.27
4.26 94.42 -14.1 1.34
9.75 94.54 -13.7 4.38
0 94.14 -15.89 3.56
0.12 93.6 -16.31 2.1
0 93.99 -18.83 3.66
0 95.18 -19.89 4.3
0 95.72 -17.66 2.44
0 94.79 -18.3 2.08
0 94.6 -15.55 1.99
0 94.48 -16.34 1.74
0 94.36 -16.02 1.75
0.12 94.77 -17.46 2.43
0 94.6 -16.16 2.13
0 94.45 -16.2 1.39
0.47 94.13 -13.28 1.65
0 94.17 -13.06 1.9
0 94.2 -13.17 1.5
0 94.58 -10.96 1.91
2 94.33 -11.83 2.2
0 95.08 -14.64 2.85
0 95.35 -12.94 2.18
0 94.45 -9.12 2.52
0 94.82 -10.22 1.51
12.9 94.83 -9.01 1.16
0.48 94.89 -9.71 2.12
0 94.68 -14.3 1.44
0.09 93.64 -9.65 2.99
0.06 94.15 -14.46 4.36
0 94.18 -16.6 1.61
0.21 94.52 -13.86 1.88
0.08 94.45 -12.06 1.79
0 94.04 -7.47 1.61
0 94.3 -7.83 1.7
0.08 94.24 -6.18 1.67
2.41 94.14 -6.73 1.82
0.64 94.75 -10.03 3.64
0 94.83 -12.05 2.48
2.37 93.86 -10.09 2.55
0 94.59 -10.6 3.03
0.03 94.17 -9.55 2.08
0.68 94.46 -15.54 4.19
0 95.28 -18.9 4.65
0 95.1 -16.9 1.6
0.39 94.31 -13.28 2.49
0 94.88 -13.97 2.43
0.14 94.92 -13.55 2.24
0 94.23 -9.14 337.12
0 94.03 -6.88 2.72
0 94.61 -10.32 2.63
0 94.54 -11.27 1.65
0 93.89 -7.84 2.18
0.09 93.9 -7.15 3.99
0 94.56 -12.35 3.76
0 94.66 -13.23 2.41
0.01 94.62 -12.68 2.18
0 94.53 -9.71 3.23
0 94.76 -8.36 3.24
0 94.69 -6.39 2.05
0 94.72 -6.55 1.93
8.97 94.56 -6.53 1.96
0.27 93.86 -1.57 3.05
0 93.77 -1.06 2.83
0.25 93.3 -3.64 5.96
0 95 -9.22 5.07
0 95 -6.74 1.88
0 94.01 -2.31 3.11
0 94.3 0.16 2.47
0 93.71 3.61 2.94
0 93.61 2.9 2.16
0 93.05 4.08 2.16
0 92.85 2.38 2.82
0 93.08 -1.63 6.42
0 94.46 -1.58 2.48
0 93.79 2.64 3.23
20.7 93.67 -0.8 3.46
0 94.79 -6.05 3.78
0 94.39 -0.54 2.92
0 93.96 3.62 2.49
0 94.3 4.42 2.69
0 92.94 6.69 3.68
1.76 92.94 -2.32 4.17
22.17 93.64 -7.12 2.71
0.68 94.1 -7.14 3
0 92.95 0.44 4.8
0 93.83 -2.94 2.75
20.38 93.51 -4.34 3.83
0 94.24 -5.35 2.97
0 94.1 -2.55 1.72
0 93.21 3.41 3.83
2.38 93.37 1.12 4.25
0 94.18 -1.68 3.53
0 94.33 -2.24 2.37
2.7 94.22 -0.55 1.82
6.46 93.97 0.67 2.26
70.13 94.08 0.73 2.67
0 93.67 4.24 3.08
0 93.65 5.13 2.93
28.96 93.75 0.37 2.23
34.45 94.06 -0.56 3.17
0 93.84 -0.49 2.6
1.29 92.99 1.46 2.83
13.29 93.05 0.09 3.85
3.66 93.99 -0.39 3.98
1.24 93.87 0.38 3.62
0 93.89 1.85 3.78
0 93.45 7.19 2.77
1 92.99 5.93 4.89
0 93.22 2.51 4.71
0 92.83 4.96 2.54
6.21 93.16 4.38 3.01
42.3 93.47 1.72 570.07
1.69 94.49 0.58 4.53
0 94.48 2.05 2.29
0 94.19 4.61 2.41
0 93.89 7.68 2.16
1.51 93.37 10.38 3.81
44.27 93.37 7.02 2.25
1.12 93.36 6.78 3.49
0.03 93.46 8.04 5.02
0 93.43 9.55 1.87
0 93.4 13.1 2.23
3.66 93.22 11.37 4.03
0.14 93.47 11.39 5.98
0.34 93.91 11.2 5.25
0.26 93.93 11.06 2.21
1.21 93.76 12.05 2.55
9.9 93.99 12.36 2.05
0 93.81 15.81 2.66
0 93.99 19.06 1.84
0 93.9 20.56 2.33
0 93.91 20.6 3
0.47 93.66 20.75 4.07
32.17 93.32 13.97 2.13
17.36 92.53 14.32 4.18
0 92.15 16.43 4.55
0 92.64 15.65 2.7
0 92.71 18.38 3.22
0.54 93.35 16.11 4.77
0 94.16 16.33 2.34
0 94.06 16.99 2.6
1.41 93.46 18.26 3.09
0 92.94 18.15 3.08
10.62 92.35 14.88 5.32
0.01 92.33 16.91 4.11
0 92.65 18.19 2.81
0 93.5 19.52 2.37
3.19 93.36 22.56 3.66
4.13 93.88 17.61 2.22
0 93.51 20.08 2.3
2.25 93.23 20.99 3.46
3.4 93.06 18.69 3.49
1.38 92.89 18.13 3.26
0 93.18 18.55 4.58
0 93.01 22.22 3.13
0.12 92.63 23.68 4.43
0 93.24 19.1 2.49
9.79 92.99 17.73 3.32
0.05 93.22 18.38 3.26
26.83 93.76 16.84 2.41
38.56 93.64 18.19 2.56
11.71 93.45 18.58 2.82
15.81 93.28 20.72 2.49
3.61 93.14 20.97 3.1
71.79 93.52 15.95 2.37
2 93.72 17.07 1.99
21.34 93.44 15.51 2.43
4.07 93.22 16.94 1.99
0.03 93.27 21.58 3.46
0.66 93.27 23.33 4.08
10.9 93.21 23.41 2.51
175.84 93.15 18.3 2.23
8.83 92.88 20.29 1.98
32.21 92.58 20.35 1.99
0.37 92.96 22.36 2.09
0 93.45 22.68 2.29
0.05 93.59 23.41 2
4.97 93.36 21.44 1.55
16.32 93.01 20.95 1.92
65.95 92.85 20.61 2.29
83.78 92.6 20.32 2.25
113.46 92.36 19.33 1.82
42.11 92.5 21.34 2.15
79.58 92.87 20.28 2.46
125.26 92.94 21.38 2.49
49.43 92.88 22.41 2.95
78.29 92.66 22.15 2.04
140.8 92.27 22.2 2.83
0.04 92.28 23.55 3.44
8.11 92.26 22.97 2.36
0.91 92.58 23.57 2.13
5.84 92.76 23.88 2.53
32.91 92.6 24.49 3.32
62.22 92.88 23.12 1.77
57.32 93.08 21.59 1.59
1.95 93.26 21.78 1.49
2.02 93.25 21.85 1.68
16.3 93.24 22.61 1.89
20.31 93.39 22.65 2.08
0.09 93.39 24.01 1.94
292.17 92.67 21.22 2.02
66.42 92.6 22.03 3.16
0 93.12 22.52 2.27
0.6 93 22.32 2.34
79.67 92.95 20.99 2.08
3.78 93.14 21.38 1.81
1.62 93.15 22.65 2.06
33.24 93.02 22.51 2.23
11.82 92.63 23.2 1.96
0.9 92.72 23.38 3.11
0.01 92.99 23.56 2.06
0.09 93 23.79 1.87
52.95 92.78 21.92 1.43
4.83 92.73 24.41 2.16
0.76 92.69 24.47 1.71
4.53 92.49 24.93 2.02
30.53 92.61 24.91 2.36
31.92 92.87 23.84 2.63
1.17 93.09 24.29 2.42
6.7 92.91 24.21 2.54
75.48 92.59 24.4 2.45
28.07 92.44 23.78 1.76
7.43 92.59 24.89 2.45
42.87 92.86 24.53 2.21
14.51 92.67 24.66 2.2
9.25 92.83 22.94 1.85
5.28 93.21 24.57 1.73
21.78 93.28 25.28 2.47
58.18 93 23.9 2.5
10.09 93.03 24.04 2.58
16.46 92.98 25.05 2.16
4.75 93.02 24.4 1.92
318.75 92.5 24.16 1.88
0.11 97.43 24.15 2.78
0 93.5 21.25 2.63
0 93.74 20.69 1.92
12.73 93.67 19.87 1.35
2.69 93.31 22.42 2.26
0.24 93.47 21.23 2.08
0 93.65 21.14 2.02
0.04 93.64 21.69 1.96
15.98 93.36 21.04 1.97
5.9 93.4 19.19 1.96
4.55 93.34 18.99 1.86
241.73 92.74 18.43 1.66
26.58 92.98 15.11 2.97
0.51 93.68 15.23 2.54
39.29 93.74 15.38 2.33
1.74 93.97 15 1.98
6.71 94.13 15.18 1.92
0 94.2 15.32 1.72
6.89 94.08 15.99 1.47
154.82 94.02 13.78 1.65
26.8 94.09 13.64 1.35
5.15 94.17 15.27 1.66
10.32 94.11 16.78 1.8
10.91 93.66 17.58 1.92
0.13 93.76 16.27 1.84
0 93.81 16.22 2.76
8.39 93.57 19.09 2.92
63.79 92.96 18.34 2.92
0.51 93.34 17.16 3.07
0 93.88 12.68 2.01
5.19 93.59 15.24 1.67
10.07 94.08 16.02 1.34
19.31 94.49 15.02 1.34
16.02 93.65 18.76 3.33
0 94.05 16.67 1.57
0.05 94.02 17.56 1.67
1.6 93.89 16.8 2.36
36.82 94.27 12.01 3.22
0 94.49 8.13 2.56
0 94.33 9.49 2.47
0 93.98 11.12 2.24
0 93.35 15.83 3.31
0 93.42 14.71 2.44
0 94.25 12.97 1.44
2.5 94.21 13.64 1.84
122.63 94.22 11.2 2.29
0.01 94.35 9.73 2.78
0 94.11 9.31 1.9
0 93.53 15.45 3.25
0 94.42 13.42 1.48
0.06 94.46 14.16 2.54
0.19 94.74 11.61 2.37
0.98 94.24 11.02 1.88
0 93.31 14.32 2.76
14.68 93.38 11.81 4.13
0 93.8 9.14 2.85
0 94.26 10.2 1.95
26.26 94.24 10.26 2.24
2.89 95.07 3.99 3.96
0 95.12 2.7 1.83
0 94.73 5.73 1.51
0 94.74 6.37 1.63
0 94.56 9.18 2.37
20.87 94.74 7.7 1.92
1.18 94.73 6.21 1.99
0 94.56 5.4 1.39
45.9 94.44 4.25 2.24
26.43 94.37 -0.14 2.39
0.01 94.66 3.19 3.8
0.01 94.88 4.61 2.32
0 94.42 3.7 1.68
0 93.91 5.49 2.06
4.17 94.37 4.8 2.07
2.67 94.92 3.37 2.48
0 94.87 2.54 1.5
0 94.94 3.46 1.15
0 94.7 3.9 1.49
0.98 94.22 6.98 2
1.35 94.54 6.16 3.06
0 94.86 4.22 1.92
0.09 94.12 4.48 2.17
0.82 93.74 4.1 3.8
0.06 94.07 2.45 2.72
0 94.13 1.18 2.18
0.09 94.67 1.51 3.71
0 94.7 -2.38 4.5
0 94.74 0.3 2.68
0 94.6 0.97 1.74
0 94.02 1.05 2.47
0 93.79 2 3.51
0 93.76 1.64 2.13
0.23 93.93 0.72 3.27
0.06 94.3 -3.83 3.81
0.15 94.52 -4.62 4.81
0 94.39 -4.64 3.06
0 94.42 -3.02 2.3
0 94.61 -3.57 1.5
0 94.4 -0.58 1.73
0 94.1 -0.41 1.95
0.07 93.74 -1.4 2.44
0 93.6 -5.34 3.6
0 93.73 -8.2 3.61
0 94.04 -10.83 6.71
0 94.24 -6.74 3.6
0 93.83 -0.54 3
0 94.38 -3.46 2.29
1039.68 94.19 -2.39 2.45
1039.68 93.95 -2.45 1.54
1039.68 94.23 0 2.16
1039.68 94.2 -0.28 2.02
1039.68 94.4 -2.41 2.76
1039.68 93.98 -3.12 1.26
1039.68 94.04 -5.03 1.45
1039.77 94.08 -4.67 2.67
1039.75 94.26 -6.51 2.96
1040.08 93.76 -8.47 3.13
1040.27 93.74 -9.04 2.78
1039.68 93.89 -11.98 4.65
1039.68 94.21 -12.1 3.41
1039.68 94.59 -9.85 3.22
1039.68 95.13 -9.61 1.75
1039.68 95.04 -10.77 1.66
1041.02 95.28 -12.77 2.34
1040.03 94.97 -13.86 2.73
1039.87 94.85 -12.82 3.1
1039.69 95.24 -11.85 2.4
1039.68 95.3 -11.67 1.59
1039.68 95.01 -11.16 1.22
1039.68 95.13 -9.85 1.44
1039.68 95.09 -10.27 1.3
1039.86 94.57 -8.65 3.09
1039.74 95.05 -11.36 4.26
1039.68 94.7 -12.3 2.05
1039.68 94.25 -11.91 2.8
1039.68 93.57 -7.39 3.4
1039.68 93.36 -6.86 3.15
1039.68 92.99 -3.8 4.53
1039.68 93.38 -4.13 3.26
1039.68 93.68 -4.44 2.95
1039.68 94.23 -6.23 2.5
1040.9 94.12 -8.78 1.66
1042.16 94.35 -8.95 1.82
1039.71 94.14 -8.26 2.32
1039.68 94.62 -8.12 2.59
1039.68 95.04 -14.58 2.83
1039.68 94.66 -14.87 2.39
1039.68 94.68 -12.91 2.13
1039.68 94.78 -11.06 2.29
1039.68 95.25 -12.65 2.24
1039.68 94.97 -13.64 1.69
1039.68 95.02 -12.2 1.95
1039.68 94.84 -9.31 1.64
1045.04 94.79 -9.48 1.39
1039.68 94.83 -10.62 2.04
1039.68 95.04 -8.67 1.88
1039.99 94.12 -7.69 3.65
1039.71 94.61 -10.73 4.46
1039.68 94.79 -10.68 2.33
1039.68 94.13 -7.71 1.79
1039.68 93.38 -4.48 2.77
1039.68 93.9 -4.23 2.2
1039.68 94.74 -8.89 2.96
1039.68 94.37 -8.75 3.15
1039.68 93.83 -5.56 3.97
1039.68 94.36 -7.79 3.01
1039.68 93.12 -2.6 4.66
1039.68 93.76 -7.85 2.9
1039.68 93.86 -7.31 1.58
0.33 93.48 -4.39 1.92
0.03 93.56 -5.72 5.03
0 94.34 -12.91 4.32
0 94.52 -12.17 2.52
0 94.65 -12.29 1.62
0 94.83 -10.16 1.53
3.11 94.52 -9.9 1.57
8.66 94.63 -12.42 3.07
0 95.25 -15.17 2.84
0 95.06 -15.01 1.82
0 94.51 -13.19 1.75
0 95.09 -13.28 1.87
0 95.07 -12.41 2.07
0.27 94.31 -7.25 2.48
0 94.34 -7.45 2.1
0.05 94.9 -7.99 2.4
0 95.39 -9.23 1.88
4.32 94.96 -9.44 1.66
1.21 94.73 -9.7 1.78
0 94.69 -8.78 1.82
0 94.65 -5.78 1.93
0.29 95.07 -6.87 1.47
0.27 94.94 -4.37 1.21
0 94.58 -1.66 1.62
0 94.44 0.69 1.71
2.05 94.16 2.06 3.12
2 94.8 -4.36 3.8
0.18 94.49 -7.31 1.56
0 94.35 -5.61 1.88
1.12 94.28 -5.55 2.28
1.22 94.26 -6.41 1.76
1.24 94.6 -6.14 2.76
0 94.66 -7.91 2.95
0 94.8 -8.17 2.58
0 94.81 -7.19 2.41
0 94.34 -5.53 2.21
0 94.6 -5.38 2.2
0 94.15 -2.84 2.18
0 93.96 0.17 3.3
0 94.59 -2.28 3.39
0 94.17 -2.44 2.15
0 93.73 1.72 2.99
0 93.42 5.37 2.44
0 93.74 4.37 2.54
0 93.38 6.35 4.66
0 94.41 3.75 2.11
0.33 94.38 2.79 3.88
0 94.7 3.26 4.07
0 94.12 5.74 2.53
0 94.15 6.43 3.02
0 94.4 6.77 2.61
0 93.47 10.9 3.66
0 93.42 10.67 2.36
0.01 93.44 10.14 2.54
0 93.46 9.57 2.82
61.55 93.24 10.83 2.71
15.03 93.7 9.33 2.1
0 93.91 10.02 2.12
1.14 93.96 8.48 2.22
0 93.5 10.53 2.7
0 94.13 7.52 3.34
0 94.57 3.16 4.43
0 93.79 6.79 4.54
0 94.37 5.25 3.61
0 93.83 11.8 3.49
0 93.71 12.72 1.53
0 93.59 13.35 2.4
0 93.74 11.41 3.68
0 94.44 9.3 2.29
6.05 94.08 10.19 1.96
2.66 93.82 11.07 1.94
0 93.95 12.87 1.7
0 93.91 15.93 3.08
0 94.36 13.22 2.9
0 93.75 12.27 2.38
24.03 93.67 8.06 2.47
0.1 94.34 8.65 2.2
34.85 94.18 7.11 2.39
0.24 93.83 8.7 107.29
0 93.92 10.32 3.18
0 93.61 12.74 2.7
1.78 93.3 14.96 3.29
5.06 93.56 16.6 3.5
1.73 94.04 14.4 3.44
34.04 94.25 10.42 2.99
0 94.5 11.57 2.45
0 94.35 13.08 2.01
0 93.75 14.88 1.79
0 93.24 17.76 2.08
21.92 93.25 15.2 4.38
95.3 93.79 7.32 4.34
7.96 93.43 7.02 4.72
11.52 93.66 4.81 5.12
0.56 93.86 6.91 3.7
0.12 93.25 10.72 2.57
32.53 93.25 8.77 3.49
0.57 93.79 11.35 2.19
72.26 94 10.44 2.69
9.08 93.96 11.85 2.09
192.74 93.12 8.45 2.11
40.29 92.34 14.7 3.68
0 92.55 15.48 3.95
0.19 92.86 13.02 3.73
0 92.58 13.43 2.88
0.05 93.35 16.08 2.83
8.97 93.7 15.08 2.26
7.13 93.38 16.77 2.59
60.54 93.01 16.03 2.54
3.18 93.06 17.07 2.59
0.08 93.16 18.73 2.49
0 93.18 21.4 2.62
0.67 93.51 23.44 3.43
66.12 93.32 16.57 2.45
0.93 92.92 15.91 5.05
0 92.41 20.61 3.87
12.04 92.19 17.7 3.42
0.35 92.62 21.22 2.5
0 92.7 23.23 35.51
0.55 93.26 24.08 2.74
0 93.24 26.74 3.43
12.31 93.46 22.21 2.83
0.56 93.57 20.36 2.4
0 93.43 21.77 2.37
0.72 93.23 21.52 2.3
8.14 93.11 22.86 2.45
305.87 93.21 16.07 2.22
85.79 93.08 13.7 2.96
17.25 92.77 15.8 2.9
40.4 93.07 15.05 2.25
59.65 93.46 15.16 1.82
14.07 93.58 18.06 1.81
45.72 93.38 19.59 2.21
22.07 93.41 19.42 1.95
0.1 93.3 21.08 2.1
17.47 93.11 21.63 1.86
79.68 92.88 19.83 2.18
124.81 92.78 19.26 2.01
73.06 92.91 18.49 2.77
6.88 93.15 18.96 1.8
49.81 93.29 18.88 1.97
21.15 93.42 18.25 1.49
121.06 93.51 18.04 2.03
6.87 93.39 20.51 1.86
0.13 93.01 22.25 2.24
19.29 92.83 21.48 2.83
28.17 92.92 20.98 3.25
0.37 93.34 21.29 3.34
1.06 93.26 22.14 2.63
0 93.32 23.4 1.94
0 93.27 23.88 1.9
34 93.19 21.79 2.31
88.21 92.88 19.93 2.22
20.36 92.68 22.24 2.08
0.03 93.13 23.96 2.03
1.44 93.2 24.57 2.73
2.36 93.08 25.23 2.19
12.21 92.86 23.83 2.62
25.21 92.83 22.31 3.71
0 93.02 22.28 2.94
0 92.74 22.91 3.49
8.51 92.82 21.48 2.96
19.15 93 20.76 2.59
1.83 92.94 21.73 2.57
10.57 92.99 22.39 1.96
36.4 92.94 22.26 2.5
68.96 93 21.05 35.25
15.64 93.22 22.32 34.72
0.26 93.33 25.57 1.82
0.86 93.43 27.96 2.02
11.32 93.05 28.36 3.81
79.69 92.94 23.51 2.52
0.71 93.24 21.52 1.69
0 92.98 23.72 2.44
0.16 93.28 22.29 1.91
0 93.33 22.88 1.66
0.04 93.5 23.66 2.03
29.39 93.41 24.97 2.24
6.2 92.97 25.79 2.83
29.31 92.96 24.09 2.87
74.03 93.12 23.21 1.9
0 93.22 25.11 2.16
0 93.2 25.79 2.39
5.77 93.06 25.38 2.05
17.17 93 24.89 1.89
141.4 93.25 19.56 2.17
0.96 93.26 20.84 2.15
0 93.5 21.27 2.37
0 93.6 20.71 1.61
0.06 93.45 21.47 2.21
69.06 93.2 20.36 2.19
22.59 92.97 20.41 1.67
0.95 93.18 20.83 3.01
1.73 93.35 19.56 2.09
40.32 93.36 17.74 1.65
8.64 93.28 17.92 1.8
6.76 93.34 18.95 2
6.07 93.44 19.52 1.9
3.98 93.58 20.16 1.94
9.33 93.76 20.28 1.63
0.35 93.7 21.74 1.78
4.33 93.42 22.99 2.07
5.85 93.38 23.24 1.82
31.15 93.34 21.75 2.15
64.95 93.18 21.26 1.78
94.96 93.42 18.65 2.35
1.47 93.71 18.72 2.58
0 93.83 19.82 2.14
0 93.92 21.17 1.9
14.97 94.03 19.43 2.16
9.44 94.05 19.68 1.63
1.6 94 19.5 1.79
28.29 93.85 18.92 1.8
21.48 93.82 18.64 1.74
242.31 93.74 15.78 2.03
1.19 93.41 17.03 2.07
0 93.12 19.27 2.41
0 93.6 18.14 1.53
0 93.63 19.3 1.73
4.96 93.26 19.72 2.72
0.02 93.52 16.99 2.66
0 93.66 15.04 1.61
0.06 93.92 16.45 1.78
0.39 93.93 17.48 2.04
31.51 93.96 16.33 1.41
1.89 93.79 17.81 2.31
0.1 94.12 14.97 2.74
0 94.21 12.82 2.86
0 94.24 12.26 1.53
0 94.34 14.69 1.4
0 94.32 15.5 2.07
14.6 93.62 15.02 2.34
24.23 93.57 13.96 2.45
0.02 94.15 13.67 1.59
1.68 94.23 15.29 2.18
88.98 94.34 12.27 1.59
18.52 94.12 12.82 1.56
0 94.04 12.93 1.93
48.68 93.43 13.99 3.03
0.09 93.98 12.49 1.98
0.7 93.9 12.74 2.75
29.25 94.61 6.42 3.53
0.07 94.7 5.15 1.69
41.37 93.88 6.53 1.39
21.65 93.74 7.87 1.8
0 94.07 7.92 1.63
134.42 94.24 7.66 1.49
11.22 94.77 7.78 2.44
0 94.59 7.72 2.06
0 94.19 10.77 1.87
0 94.09 12.35 2.17
0 94.26 14.65 1.77
0 94.48 12.86 1.74
2.13 94.44 12.58 2.75
0.58 95.33 7.36 3.23
0 94.89 3.54 1.76
0 94.01 7.3 2.02
0 93.61 7.99 3.9
0 94.07 8.11 2.81
0 93.84 10.58 2.17
0 93.94 11.74 2.07
0 93.63 14.39 3.58
0 94.36 7.65 2.22
0 94.7 4.29 1.85
0 94.27 5.15 1.84
0 93.57 9.16 2.25
0 93.28 11.46 2.4
0 93.49 10.57 2.18
0 94.88 3.84 4.37
0 95.24 1.42 1.98
0 94.71 3.07 1.58
0.21 94.46 6.87 1.63
11.31 94.58 7.32 98.77
4.4 94.31 5.88 1.77
1369.27 94.02 5.66 3.18
1369.51 94.2 2.94 3.95
1369.26 93.99 5.35 2.53
1369.26 93.59 6.01 2.88
1369.29 93.96 4.78 3.27
1369.26 95.13 -1.49 2.76
1369.26 95.12 -2.58 1.61
1369.26 94.75 -0.67 2.02
1369.26 94.57 2.34 1.71
1369.26 94.26 2.27 1.65
1369.29 93.92 1.52 3.32
1369.46 94.34 -5.07 5.54
1369.26 94.33 -2.57 2.81
1369.26 94.64 -3.28 1.63
1369.26 94.76 -2.38 1.78
1369.97 94.62 -0.48 2.07
1369.26 94.96 -2.5 1.65
1369.26 94.88 -2.04 1.64
1369.26 94.2 -0.53 2.64
1369.26 93.65 1.73 3.56
1369.26 94.14 -0.75 2.47
1369.26 94.63 -3.43 2.03
1369.35 94.44 -0.61 2.54
1369.26 94.76 -4.12 1.68
1369.26 93.91 -3.68 2.18
1369.26 93.48 105.17 3.85
1369.26 94.5 -4.15 1.97
1369.26 94.05 -2.99 1.55
1369.31 93.92 -2.11 1.89
1369.62 94.07 -3.11 5.44
0 94.62 -12.65 5.65
0 94.35 -12.63 3.33
0 94.13 -12.2 5.52
0 94.25 -11.66 4.67
0 94.36 -11.07 3.6
0 94.48 -10.17 1.71
2.41 94.52 -9.54 2.02
0 95.05 -10.89 1.6
0.18 94.94 -9.03 2.06
3.98 94.36 -6.37 4.51
0.33 94.73 -10.51 2.92
0.09 94.33 -10.92 3.85
0 94.48 -11.71 2.39
0 94.49 -10.36 1.58
0.77 94.49 -10.03 3.76
0 94.55 -13.14 3.59
0.03 94.56 -10.94 2.24
0 94.5 -8.77 2.51
0.63 94.27 -7.59 3.84
0 94.57 -11.39 3.56
0 94.22 -10.68 3.4
0 94.06 -4.79 2.29
0 94.08 -5.69 2.52
0 94.91 -6.4 3.58
0 95.12 -6.19 2.45
0 94.88 -9.56 1.37
0 94.51 -6.5 2.13
0 93.91 -6.43 2.01
0 93.28 -5.87 3.21
0.56 93.93 -7.55 336.99
0.12 94.7 -12.12 4.82
0.47 94.66 -12.34 2.66
0 94.59 -8.56 2.85
0 93.42 -4.82 2.82
0 93.63 -4.11 1.87
0.53 93.99 -4.4 4.41
0 94.5 -8.58 3.11
0 94.81 -10.13 1.63
0 94.74 -9.44 2.04
0 94.64 -6.91 2.49
0.06 94.2 -5.87 2.74
0 95.16 -8.54 2.22
0 95.31 -9.69 1.76
0 94.9 -7.89 1.59
0 94.97 -9.61 1.39
1.41 94.62 -9.56 1.55
2.45 94.68 -10.43 3.49
0 94.8 -10.37 1.96
2.73 93.72 -6.51 3.06
0.02 94.31 -9.35 1.99
0.18 94.23 -8.62 1.99
0.74 94.74 -8.9 2.23
0 94.23 -9.4 1.82
0 93.77 -6 3.03
0 94.55 -7.72 1.99
2.03 94.22 -5.41 1.44
2.73 94.81 -9.34 4.08
0 95.31 -12.89 3.06
0 95.12 -13.11 1.91
0.36 94.61 -10.08 3.13
0 95.2 -11.77 3.3
0 95.47 -10.87 1.69
0 95.25 -9.9 1.81
0 95.07 -8.9 1.49
0.39 94.99 -5.87 2.79
0.24 94.93 -7.56 3.5
0 94.84 -5.06 3
0 94.22 -3.27 2.76
0.12 94.97 -11.29 4.93
0 95.1 -13.07 3.18
0 94.43 -8.12 2.47
0 93.76 -4.3 2.12
0.03 93.78 -7.06 3.22
0 93.95 -7.19 2.09
0 93.59 -5.67 2.11
0 93.4 -2.01 1.9
0.03 94.02 -3.29 1.5
6.95 93.85 -2.31 2.64
0.03 94.45 -2.82 3.71
0 95.05 -4.74 2.12
0 94.55 -4.6 2.62
11.85 93.79 -1.84 2.35
22.28 93.32 -2.79 5.01
0.61 93.75 -7.44 5.7
0 93.91 -7.98 2
0 93.54 -7.09 1.93
0.33 94 -8.03 3.21
0 94.4 -10.02 3.3
0 94.99 -7.97 2.11
9.23 94.12 -4.02 4.04
0 93.8 -2.27 3.14
0.15 93.39 -3.59 2.54
0.1 94.08 -7.91 5.19
0 94.53 -7.82 2.48
0 94.28 -4.57 2.63
0 93.64 -0.33 3.6
0 93.94 -0.28 2.48
3.71 94.48 -3.78 3.48
0 95.29 -10.26 4.94
0 94.68 -5.33 3.29
0 94.28 -4.66 3.53
0 93.8 -3.88 2.88
0 101.57 101.26 106.64
0 93.92 -0.41 3.33
0 93.59 4.71 3.69
0 93.49 4.88 2.99
0 94.19 2.26 2.04
0 93.56 5.41 2.67
0 93.81 4.91 3.35
0 93.92 4.27 2.83
0 93.9 4.93 4.14
0 94.79 1.27 3.73
0 94.97 2.11 2.6
0 95.13 3 1.78
0 94.94 6.14 2.39
0 94.77 10.41 3.55
0 93.96 11.58 4.01
0 93.55 10.99 3.37
0 93.64 9.52 2.87
0 93.2 13.26 3.22
5.94 94.09 6.57 2.9
0 94.22 4.21 1.88
173.67 92.71 2.16 2.2
0.6 93.49 3.65 2.21
7.7 93.44 5.14 1.91
0.31 94.02 2.76 4.73
0 95.07 -1.6 3.77
0 95.03 -0.78 2.93
0 94.29 3.49 2.58
0.06 94.05 6.26 2.77
0.1 94.22 6.53 2.02
27.89 94.4 5.82 2.73
140.96 95 -0.79 3.55
0.32 94.65 2.75 2.26
0 93.12 10.55 2.13
3.39 92.31 12.64 3.75
0.69 93.15 7.7 5.58
0 93.2 10.03 2.26
0.13 93.48 11.45 2.51
0.01 93.93 9.76 3.22
0.06 93.6 10.1 3.06
0.23 93.48 10.2 2.64
0 93.75 12.95 3.62
0 93.94 13.31 4.84
0 94.22 13.43 2.9
0 93.67 18.76 3.6
0 93.28 21.71 3.51
37.12 92.96 18.22 3.17
11.84 93.53 16.05 2.29
0 93.6 18.27 2.17
0 93.51 19.47 2.87
20.94 93.32 15.3 3.02
14.83 93.34 14.94 2.45
0 93.68 11.74 5.27
0 93.48 12.9 4.24
0 92.96 13.04 4.94
0 93.41 11.02 2.83
0.29 93.39 11.3 4.56
16.07 93.61 6.88 2.33
0 93.98 7.94 1.92
154.45 93.84 6.43 2.38
47.46 92.98 6.18 2.03
10.21 91.82 10.64 3.69
1.49 91.94 16.84 3.72
2.16 93.21 14.86 4.56
0.03 93.78 14.4 3.56
0 93.23 17.06 3.2
38.19 92.38 17.42 3.16
22.41 92.59 13.39 5.28
2.8 93.03 12.13 5.14
0 93.82 16.88 3.6
0 93.48 19.31 3.12
0 93.32 20.16 2.43
1.05 93.25 20.76 2.32
0.46 93.09 22.37 2.84
1.86 92.99 23.8 3.37
9.34 93.12 22.67 2.46
0.82 93.08 21.95 3.06
8.53 92.81 22.01 3.24
0.55 93.13 19.58 3.39
0 93.17 18.7 2.62
0 92.4 23.48 5.61
4.79 92.84 21.54 2.88
1.66 93.42 18.99 3.94
0 93.64 19.84 2.79
77.47 92.84 16.19 2.89
29.55 92.37 18.02 2.47
31.21 92.86 17.14 2.73
0.23 93.19 18.09 3.06
4.24 92.93 18.62 2.51
10.39 92.9 17.67 2.17
111.76 92.63 16.02 2.37
123.12 92.21 14.8 2.05
53.73 92.28 15.77 1.82
48.45 93.16 16.98 2.22
1.04 93.42 19.76 2.12
17.78 93.27 21.12 1.85
0.29 92.99 21.72 1.83
82.19 93.03 19.17 3.01
8.18 93.2 17.52 3.65
79.21 93.6 15.95 2.51
0.04 93.72 20.36 2.13
0 93.36 22.38 1.99
19.38 93.09 22.68 2.44
1.58 93.22 22.65 2.47
46.94 93.03 22.18 2.51
47.01 92.75 20.8 1.94
50.54 92.71 20.24 1.83
1.72 93.12 21.66 1.63
19.81 93.21 22.69 2.09
248.28 93.32 17.36 2.07
18.89 92.78 17.83 2.07
16.89 92.38 18.28 2.99
5.23 92.91 16.65 3.03
0.07 93.44 17.87 2.1
27.82 93.43 18.9 1.88
5.01 93.54 19.76 1.79
0 93.53 21.58 2.12
1.04 93.4 22.9 1.9
9.37 93.55 24.05 1.96
0.87 93.77 24.96 2.34
15.78 93.62 23.07 2.55
2.12 93.34 24.3 1.97
1.22 92.86 25.57 2.19
0.74 92.69 25.74 2.85
43.44 93.03 25.12 2.3
62.52 93.39 22.75 2.54
55.95 93.56 19.58 1.94
26.54 93.41 20.62 1.66
67.29 93.25 20.99 1.75
47.86 93.37 21.27 2.12
36.68 93.3 22.11 2.22
46.32 93.08 22.49 1.82
77.6 93.05 21.94 1.65
13.26 93.04 22.12 1.47
30.97 92.87 21.79 1.78
6.32 92.7 22.71 2
4.33 93.07 23.67 2.06
48.64 93.15 23.32 1.83
42.76 92.92 23.17 1.9
63.3 92.9 23.32 2.27
293.58 93.25 20.46 2.04
5.69 93.46 21.66 1.59
6.47 93.28 22.54 2.1
28.55 92.83 23.76 2.83
0.2 92.82 21.39 2.04
8.48 92.71 22.78 2.45
14.54 92.86 23.39 2.69
63.73 93.24 22.28 1.99
37.9 93.77 21.6 1.88
65.64 93.83 21.11 1.47
10.68 93.74 22.59 2.15
0 93.75 22.63 1.93
0 93.58 22.94 1.58
0 93.4 23.66 1.67
0 93.09 24.55 1.82
1.08 92.94 23.83 2.21
0.03 93.2 22.18 2.22
0 93.25 22.33 1.78
1.88 100.63 124.97 105.98
34.65 100.95 125.39 106.27
70.76 93.67 18.68 1.94
33.85 93.41 18.15 2.18
8.15 93.23 19.27 2.07
25.09 93.32 18.91 1.87
22.85 93.62 19.08 1.67
34.65 93.85 18.6 1.78
14 93.78 19.27 2
41.88 93.67 19.16 1.94
0.13 93.61 19.6 2.11
14.9 93.46 19.19 1.83
5.24 93.57 18.33 1.44
37.59 93.73 18.06 1.54
101.92 93.9 17.23 1.58
71.43 93.96 17.52 1.9
1.68 93.96 19.57 2.14
0.19 94.09 18.62 1.97
29.29 93.9 16.94 1.66
109.94 93.73 16.18 2.07
0.05 93.88 17.04 1.72
0 93.8 18.47 1.65
6.62 93.96 19.16 2.12
33.97 94.59 15.23 1.98
7.26 94.53 13.35 1.8
55.5 93.97 12.31 1.67
9.29 93.95 13.4 2.65
0 93.91 17.78 2.25
0 94.18 17.63 2.24
0 94.28 17.11 2.31
0 94.14 17.6 2.14
17.19 94.14 18.27 1.63
20.31 94.2 17.57 2.01
0.01 94.27 15.06 1.92
9.81 93.75 15.22 2.12
19.55 93.56 17.71 2.14
90.47 93.38 16.25 2.6
29.33 93.49 13.77 2.11
59.51 93.43 13.96 1.8
15.17 93.48 13.55 2.58
0 93.71 12.64 2.34
0 93.93 14.07 2.45
0.29 94.69 12.66 1.59
12.34 95.13 10.09 1.95
16.44 94.04 13.64 2.73
46.06 93.4 10.01 5.2
0.06 93.29 12.76 4.09
0 94.23 10.91 2.08
0 94.53 12.64 2.09
0 94.08 15.45 3.04
0 93.99 15.58 2.1
0 93.78 15.75 3.1
0 94.06 8.85 3.7
2.07 93.38 4.64 3.17
3.41 93.62 4.73 4.67
3.34 93.93 9.04 4.16
0 94.3 10.87 2.28
0 94.34 11.84 1.84
0 94.11 11.44 1.6
0 94.04 12.31 1.56
0 94.06 13.36 2.3
2.1 94.2 11.27 3.01
0 94.83 5.9 2.33
0 93.84 9.1 2.3
32.86 94.29 4.6 1.76
25.49 94.65 4.72 1.67
3.28 99.05 72.67 34.54
0 98.57 73.45 34.69
0 94.9 6.23 2.14
0 94.82 4.29 1.75
5.81 93.69 5.97 4.72
0 93.73 2.79 3.41
0 94.3 0.67 3.03
0 94.63 -0.65 3.55
0 95.04 -0.17 2.6
0 95.11 1.89 1.55
0 94.48 4.12 1.8
0 94.29 4.61 1.46
0 94.24 7.25 3.17
0 94.43 8.1 2.58
0.62 95.44 0.82 3.33
83.66 95.48 -4.14 2.4
39.54 95.11 -3.94 2.56
13.51 94.65 -3.06 1.61
0.35 94.72 -3.45 1.29
0 94.87 -3.56 1.55
0 95.03 -1.5 1.39
0.07 94.9 0.75 1.45
0.04 94.2 2.25 1.73
0 93.61 4.26 2.12
0.17 94.38 1.95 2.23
15 94.2 -2.01 2.53
0 94.86 -4.46 2.14
10.6 94.72 -5.17 2.17
14.96 94.71 -6.9 1.79
11.22 94.72 -7.9 1.79
8.53 95.22 -9.57 1.74
20.33 95.63 -11.92 2.23
9.72 95.73 -12.92 2.69
0.39 95.62 -15.77 1.85
0.06 94.83 -15.21 2.9
0 94.77 -15.34 2.54
0.27 94.27 -11.75 1.41
1.28 94.69 -10.1 1.49
11.56 94.48 -6.1 2.05
0 94.34 -9.34 1.71
1.29 93.69 -4.79 2.08
0.27 93.53 -6.63 4.54
0.7 93.9 -8.73 5.15
0 94.24 -6.29 3.7
0 94.81 -6.28 2.11
0 94.92 -9.21 1.52
0 95.09 -9.55 1.14
0 94.7 -4.17 1.79
1.17 94.36 -1.04 1.95
0.01 94.64 -3.02 2.98
0 94.89 -8.17 1.79
0 94.59 -7.41 1.26
0 94.68 -6.96 1.26
4.31 94.05 -5.63 2.95
0.15 94.16 -7.67 4.23
0.18 94.73 -10.07 4.68
0 94.79 -9.17 2.6
0 95.22 -7.37 1.91
0 95.2 -8.16 1.56
0 94.35 -5.87 1.95
0 94.56 -7.66 1.63
0 94.63 -9.51 1.6
0 94.56 -7.7 1.8
0 94.62 -10.92 2.13
0.03 93.6 -7.93 2.69
0 94.56 -12.34 3.46
0 95.37 -16.1 1.84
0 95.14 -10.17 1.71
1.18 94.69 -7.16 1.53
1.99 94.94 -8.36 1.75
0 94.94 -9.91 1.84
0 94.15 -5.67 2.05
0.03 94.1 -7.19 1.56
2.13 94.24 -8.76 2.13
0 94.73 -11.73 3.54
0 94.57 -13.04 2.8
0 94.86 -11.41 2.83
0 94.73 -11.59 3.25
0 94.51 -12.23 2.58
0 94.26 -11.96 1.98
0 94.94 -13.43 2.81
0 95.24 -14.87 2.62
0 94.76 -14.57 3.14
0.3 94.09 -13 3.78
0.48 93.79 -12.12 2.22
0 93.79 -11.96 1.72
13.53 94.33 -14.21 2.07
3.48 94.42 -19.34 2.6
0 94.13 -20.05 4.11
0 94.68 -19.15 1.76
0 95.15 -18.27 1.4
1.41 95.09 -17.53 1.88
0.87 95.63 -21.57 3.35
0 95.56 -24.92 4.62
0 95.21 -17.6 4.33
0 94.59 -11.94 3.33
0 94.39 -12.96 3.13
0 94.43 -11.85 2.81
0 94.94 -14.01 1.95
0 95.33 -16.76 1.78
0 95.19 -17.41 2.34
0 95.28 -14.36 3.01
0 95.18 -12.17 2.5
0 94.83 -10.79 2.17
0 94.6 -10.57 2.57
0 94.81 -10.22 3.08
0 94.75 -10.17 3.46
0 94.65 -8.7 2.69
0 93.79 -8.91 2.53
0.03 93.41 -5.56 3.26
0 94.04 -4.67 2.29
0 93.72 -1.57 2.16
0.05 93.63 -0.61 1.89
6.84 93.91 -1.36 2.77
36.53 94.6 -8.61 5.19
0 94.69 -13.64 4.94
0 94.09 -10.4 4.24
0 93.98 -6.12 4.02
0 93.9 -3.74 3.24
0 93.89 -5.25 3.45
0.5 94.68 -8.48 3.22
0 94.63 -10.66 3.2
0 94.43 -10.55 2.39
0.03 94.62 -8.05 2.88
0 95.47 -11.5 2.81
0 95.11 -10.7 2.46
0 95.03 -9.86 2.69
0.4 94.37 -8.17 2.43
0.09 94.45 -8.19 2.15
0.58 94.79 -9.33 3.98
0.37 94.99 -9.67 2.96
0.19 94.14 -2.6 2.56
0 93.76 0.26 2.16
0 93.64 1.2 2.2
0.76 94.03 -0.3 1.65
17.21 93.91 -0.41 3.91
0.12 93.88 -2.48 2.22
3.2 94.19 -5.13 3.98
0 94.91 -8.55 4.09
0 95.02 -8.67 3.57
0.1 94.79 -7.57 3.44
0 94.25 -6.35 2.08
0 93.67 -2.76 3.33
0 94.39 -2.75 2.66
0 94.25 0.09 2.63
0 93.71 3.58 2.61
0 93.59 6.36 2.89
0 93.17 8.4 4.06
0 93.62 6.03 3.56
0 94.42 3.67 1.73
0 94.7 5.07 1.94
0 94.37 7.14 2.52
0 94.66 4.72 3.81
0.03 95.24 1.47 4.2
0 95.24 0.98 2.79
0 94.93 2.02 2.71
0 94.57 6.11 2.85
0 93.99 7.71 2.4
0 93.38 8.92 3.59
0.31 93.82 6.07 3.18
0 93.76 8.02 3.12
0 92.86 13.74 4.26
19.37 93.16 8.37 4.46
0.68 94.16 5.07 3.84
0 94.17 6.66 2.85
0 93.4 8.71 3.06
0.29 93.63 8.65 2.34
0.64 93.07 10.75 3.86
0 93.45 8.69 4.18
0 93.39 10.73 4.95
0 93.54 7.49 2.74
0 94.14 5.39 2.97
0 93.7 6.34 4.14
17.46 92.91 8.13 2.35
0.4 92.69 9.66 4.27
0 93.72 10.45 2.96
1.76 93.3 14.03 4.15
11.01 93.25 9.03 4.12
2.94 93.21 5.71 3.76
3.6 93.48 5.85 2.3
3.11 93.81 6.64 2.48
0.02 93.5 12.31 2.63
0 92.72 13.35 5.05
0 93.22 9.77 5.56
0 93.7 9.67 2.67
0 93.21 12.8 3.94
2.69 93.89 10.89 3.07
23.98 94.12 9.27 2.05
2.18 93.8 12.28 1.8
0 93.91 12.66 2.29
13.99 93.15 13.62 2.64
0.05 92.78 16.81 2.71
15.98 92.57 19.58 3.69
155.65 93.3 10.43 2.3
42.02 92.52 11.6 5.09
0 92.95 14.65 2.86
13.47 92.93 14.76 4.32
0.02 93.29 12.11 5.96
0 93.97 14.21 2.6
0 93.47 17.34 3.66
1.81 93.62 15.68 2.09
0 93.31 16.09 2.36
0.98 92.53 18.41 3.65
112.6 93.25 10.92 4.35
0 94.07 13.63 4.05
38.93 93.71 11.45 3.54
0.92 93.56 11.66 3.32
0 93.08 17.05 2.91
0 93.2 21.21 3.62
0 93.46 22.75 3.88
0 93.67 21.19 3.18
0 93.84 20.78 3.42
0.1 94.48 18.14 3.3
0.12 94.37 17.6 2.38
54.41 93.53 13.97 1.86
20.09 92.53 14.5 4.04
6.78 92.82 17.26 3.22
1.01 93.29 17.33 3.86
0 93.22 20.34 3.84
0.46 92.87 22.11 3.86
0 93.18 18.25 3.75
0 92.92 20.57 3.53
27.37 93.62 16.59 2.07
0 93.73 19.08 1.53
0 93.39 21.86 2.33
0.03 93.07 22.4 2.84
0.1 93.18 21.68 2.69
0.91 93.44 21.85 2.37
46.32 93.58 18.08 2.96
4.2 93.62 18.17 2.07
0.28 93.38 20.22 2.17
34.22 93.06 20.03 3.51
79.6 92.84 18.94 3.75
28.38 93.32 17.57 2.31
8.11 93.22 18.66 1.92
10.19 92.88 18.28 2.14
138.68 92.74 15.22 2.24
11.44 92.81 18.24 2.31
5.96 92.44 19.13 2.2
24.41 92.5 19.56 2.01
3.26 93.04 19.84 2.78
0.01 93.12 22.39 2.36
25.96 92.8 23.12 2.72
34.03 92.81 22.49 2.36
23.66 92.85 21.34 2.05
11.59 93.08 20.38 2.78
4.22 93.16 19.76 3.42
0 93.32 23.06 2.74
0 93.23 23.69 2.19
43.66 92.94 21.79 2.54
78.03 93 17.98 2.59
85.02 92.92 19.55 1.94
42.96 92.99 19.54 2.32
0 93.11 19.85 1.82
0.5 93.07 21.42 1.91
0 93.19 23.79 2.57
0 93.34 24.2 2.64
10.26 93.56 24.6 1.93
0 93.68 25.68 1.93
0 93.6 26.02 2.54
0 93.36 25.64 2.36
0 93.12 27.18 1.93
0 92.88 28.08 2.43
21.46 92.6 27.74 2.92
98.59 92.84 21.81 1.86
0.77 93.17 23.91 2.24
4.46 93.45 22.01 2.33
21.86 93.13 19.19 1.89
4.01 93.02 18.66 1.83
1.62 93.29 21.34 1.7
0.07 93.31 22.97 2.2
18.12 93.37 22.86 2.27
229.04 93.43 20.83 2.07
622.82 93 20.54 2.13
92.04 92.77 22.98 1.83
27.55 92.71 25.62 2.36
0.86 93.21 24.52 2
352.7 93.18 20.45 2.06
2.11 93.09 22.18 1.64
2.32 92.89 23.59 2.02
35.54 92.86 22.84 1.98
18.58 93.21 23.31 1.92
156.95 93.5 22.2 2.11
53.2 93.59 21.7 1.71
13.44 93.7 22.83 1.72
0.25 93.71 24.14 1.75
0 93.66 25.63 1.59
0 93.6 26.6 1.78
0 93.51 26.33 2.07
277.42 93.26 24.38 1.78
105.92 93.59 23.02 2
0 93.68 21.83 1.74
0 93.34 23.24 2.15
0 93.16 26.06 2.92
3.54 93.18 27.86 2.82
24.33 93.26 24.4 1.93
0 93.22 23.31 1.78
0 93.44 23.06 1.78
24.28 93.36 22.48 1.77
41.58 93.18 22.01 1.86
2.83 93.07 21.99 1.46
215.5 93.01 20.07 1.51
11.19 93.42 21.06 1.95
12.66 93.56 21.57 1.85
1.21 93.69 22.29 1.97
2.34 93.78 22.88 1.61
35.51 93.31 20.63 1.47
16.86 93.16 22.63 1.94
89.44 93.88 17.53 3.5
0 94.15 16.9 2.04
7.31 93.84 16.94 2.25
1.85 93.8 18 2.05
0 93.92 17.51 1.85
0 93.36 17.71 1.91
12.09 92.4 16.76 4.36
23.13 92.23 15.31 2.95
4.54 92.84 18.16 1.45
12.92 93.33 18.41 1.39
143.15 93.58 17.6 1.67
47.67 93.55 16.82 1.46
7.89 93.43 18.22 1.59
3.01 93.16 18.07 1.83
4.49 93.25 16.69 1.65
24.61 93.53 16.21 1.71
17.61 93.68 15.29 1.72
132.59 94 14.93 1.95
18.96 94.25 15.59 1.49
2.76 94.22 16.7 1.48
25.98 94.05 17.99 1.63
0.02 93.95 18.17 1.73
11.09 93.99 17.32 2.05
5.49 94.39 15.22 1.72
40.19 94.55 13.07 2.18
0.42 94.6 12.69 2.16
0 94.44 12.94 1.61
2.07 94.24 13.4 1.92
17.75 93.89 15.28 1.83
3.95 93.59 16.95 1.77
3.99 93.35 18.84 3.01
0.21 93.97 16.08 2.07
19.97 93.78 16.37 1.77
3.26 94.54 10.74 4.57
0 94.89 7.25 2.08
0.16 94.14 8.81 2.18
0.37 93.81 13.92 2.02
14.28 93.68 17.08 3.09
1.69 93.68 14.83 2.28
4.86 93.69 14.66 2.94
112.85 94.14 7.92 1.88
10.75 94.25 6.75 2.16
1.97 94.8 7.99 1.71
75.28 94 9.83 3.3
1.48 94.24 4.92 4.26
0 94.41 4.26 1.86
0.36 94.02 5.5 1.8
0 94.53 5.42 39.49
0.17 94.54 6.82 1.69
0 94.17 10.87 1.44
0 94.27 12.1 1.75
0.29 94.4 13.13 2.44
3.98 93.91 13.51 3.68
0 94.33 9.11 2.19
0 94.14 10.47 1.93
0 93.98 11.86 2.16
4.68 94.72 5.32 2.62
62.41 94.2 5.32 1.67
28.93 94.83 2.35 2.72
0 94.51 2.23 1.47
0 93.89 3.05 1.53
0 93.58 7.16 2.94
0 94.64 3 1.89
25.1 94.73 2.11 1.53
6.67 94.93 1.17 2.8
1.11 94.96 -0.79 2.45
3.03 94.69 -0.85 3.19
0 95.46 -5.71 3.14
0 95.1 -4.18 2.29
0 94.44 -0.7 2.9
0 93.88 1.37 1.74
0 93.04 3.63 1.81
0 93.96 1.9 2.7
0.71 94.71 -0.38 2.2
7.31 95.02 -1.65 3.09
0 95.36 -4.25 1.96
0 94.76 -2.66 2.06
4.82 93.37 1.22 3.19
2.95 93.56 -2.51 1.66
0.36 94.07 -2.17 1.63
0 93.61 2.99 2.96
0 94.3 0.06 4.86
0 94.49 -4 1.93
0 94.25 -0.7 1.87
0 94.2 -1.36 2.12
0.24 93.63 0.42 1.96
3.84 94.1 -2.88 2.54
23.87 94.63 -7.08 1.97
39.67 95 -10.25 3.17
0 95.39 -12.12 3.39
0 95.06 -11.19 2.79
0 94.59 -9.46 2.26
0 94.25 -7.3 2.02
0 93.8 -3.54 3.13
0 94.6 -6.44 3.07
0 95.03 -5.61 1.82
0.13 95.23 -5.94 1.66
8.45 94.19 -2.3 3.54
0 94.92 -4.22 3.63
0 94.69 -1.86 2.31
0 93.95 0.3 2.5
0 93.96 -2.45 2.55
2.38 94.61 -6.7 3.45
0 94.08 -6.57 2.59
0 94.27 -6.41 2.44
7.83 93.73 -4.84 3.48
0 94.63 -8.58 2.13
0 94.77 -9.8 1.57
0 94.2 -7.74 2.07
3.39 94.5 -4.66 2.59
0 95.08 -9.58 2.83
0 95.03 -11.38 2.16
0.03 95.05 -9.75 3.15
0 94.31 -6.17 2.14
0 94.24 -5.88 1.2
0 94.39 -5.38 1.31
0 94.47 -4.9 1.41
0.02 94.79 -4.56 1.23
0.39 94.74 -5.14 2.16
4.85 94.42 -9.47 3.45
0 94.83 -11.51 2.3
0 94.74 -11.45 1.36
0.15 94.61 -7.39 2.86
0.44 95.15 -9.68 3.29
0 95.07 -12.6 2.07
0 94.82 -11.18 3.87
0 95.03 -10.7 2.46
0 94.57 -9.72 1.69
0 94.43 -8.23 1.52
0 94.26 -4.71 2.87
0 94.4 -6.17 2.17
0 94.11 -3.88 2.67
0 94.63 -6.59 1.55
0 94.9 -7.61 1.37
0 94.52 -5.07 1.42
12.16 94.49 -4.59 1.39
4.9 94.16 -6.09 2.53
0.06 94.28 -8.93 3.41
0 94.52 -11.42 3.57
0 94.27 -11.64 2.71
0.06 93.99 -11.79 2.88
0 94.21 -11.71 4.36
0 95.02 -12.42 2.14
0.15 95 -14.34 1.43
0.08 94.9 -13.16 1.46
0.5 94.75 -11.54 2.03
0 95.04 -12.59 1.7
10.23 94.74 -13.21 3.11
0 94.81 -14.69 2.4
0 94.5 -14.05 4.03
0 95.11 -14.94 2.4
0 95.22 -15.58 1.5
0 95.34 -13.47 1.67
0 94.78 -9.09 1.8
0.18 94.12 -5.92 4.34
0 94.56 -8.23 3.03
0 94 -9.26 2.18
0.19 94.82 -11.7 3.82
0 95.16 -11.93 3.04
0 94.62 -10.27 2.76
0 95.32 -9.7 3.13
0 94.77 -7.92 2.12
0 94.18 -5.57 1.67
0.7 93.84 -2.79 2.09
0 94.19 -7.19 3.02
0.03 95.06 -7.89 2.63
0.03 94.99 -8.21 1.37
0.12 94.86 -9.6 5
0.06 94.44 -10.73 5.25
0 94.59 -10.02 4.36
0 94.68 -8.34 2.87
0 94.64 -7.26 1.62
0 95.13 -5.63 1.73
0 95.01 -4.67 1.88
0 93.89 -0.23 2.71
1.86 94.16 -4.11 4.11
0 94.75 -7.98 2.96
0 94.12 -6.03 2.56
0 93.17 -3.32 4.49
0 94.87 -7.83 3.5
19.23 94.65 -7.51 2.31
9.49 94.08 -5.34 3.83
0 94.56 -6.1 3.2
0 94.32 -3.71 3.16
0 94.25 -1.77 3.04
0 94.43 -2.08 1.84
0 94.12 -0.04 2.66
0 94.07 -1.04 2.8
0.16 94.41 -5.13 3.78
0 93.68 -1.52 2.73
0 93.69 -0.74 1.9
0.03 93.9 -3.12 2.46
0.46 94.34 -5.67 3.28
0.18 94.1 -7.84 3.57
0 94.17 -6.14 4.41
0 93.71 -1.19 3.88
0 93.49 0.14 2.9
0 93.71 2.17 1.93
0 94 3.23 2.96
0 94.76 -0.94 4.18
0 94.77 -0.37 2.61
0 94.71 0.56 2.06
0 94.45 1.95 1.92
0 94.09 2.31 1.62
1.58 94 3.49 1.93
0 94.53 4.08 1.86
0.68 94.6 4.17 2.21
1.39 94.61 1.44 2.87
0 94.48 0.84 2.01
0 94.21 2.36 2
1.83 94.58 1.71 1.72
15.1 94.28 0.88 1.48
3.74 94.17 2.15 2.53
0.57 94.1 1.16 2.29
0 94.27 1.76 2.03
0 94.08 4.35 2.62
0 94.03 7.17 2.94
0.46 94.76 3.79 2.66
0 94.59 3.9 2.3
0 93.99 5.61 1.85
0 94.06 8.29 1.89
0 93.97 11.27 2.75
0 93.66 15.05 3.36
0.74 93.38 13.64 3.02
2.07 93.49 10.52 3.24
1.2 93.55 9.41 2.39
0 94.25 8.42 2.89
0 94.23 8.24 2.1
0 93.31 11.4 3.21
0 93.84 7.29 3.89
0 93.73 6.41 2.56
0 93.13 10.99 3.74
0 92.76 13.6 2.74
0 93.21 14.58 3.3
1.23 93.44 13.43 2.89
1.32 92.45 12.87 4.54
0.69 92.64 7.03 5.36
3.49 92.96 7.38 3.2
4.61 93.34 8.47 3.28
0 93.75 9.31 2.34
0.06 93.11 11.94 4.54
0 93.31 9.2 2.95
0 93.64 7.91 3.4
0.03 94.3 7.85 3.45
0 94.35 9.58 3.92
0 93.59 13.6 3.97
0 93.04 15.86 3.26
0 92.74 19.16 3.94
0 93.47 16.36 2.43
0 93.86 16.74 2.66
0 93.81 19.55 3.68
7.12 93.72 17.85 5.26
13.7 93.68 13.75 3.35
13.45 93.39 9.18 5.87
0 93.64 10.34 5.82
0 93.54 17.12 3.61
0 93.23 18.79 2.42
0 92.96 18.95 3.83
0.22 93 17.83 2.98
0.02 93.16 13.76 4.63
0 92.94 11.94 4.07
1.06 93.2 11.96 4.4
0.18 93.89 13.51 4.02
0 93.85 15.44 2.12
0 93.09 19.57 1.93
0 92.94 22.46 2.14
0 92.99 27.08 3.57
10.03 93.31 24.91 3.24
0.54 93.54 22.86 2.87
21.05 93.78 15.99 3.22
185.95 93.91 10.03 2.08
0.1 93.77 15.71 2.33
0.01 93.38 18.62 2.53
0.07 93.78 16.39 2.88
0 93.37 19.16 2.45
0 93.01 21.48 2.8
0 93.35 21.66 3.82
43.26 93.63 16.37 2.4
1.18 93.11 19.19 2.64
7.99 92.64 19.08 2.99
0 93.11 17.07 3.1
74.2 93.35 11.71 2.11
0 93.55 15.32 2.2
0 93.54 19.04 1.96
0 93.69 20.49 2.34
28.05 93.36 14.66 2.15
0.7 93.16 18.04 2.64
0.5 93.06 20.12 3.25
0 93.1 20.21 3.14
0 93.43 18.49 2.09
11.05 93.58 17.33 1.86
12.31 93.87 17.87 1.76
0 93.93 19.99 1.88
0 93.57 25.21 2.23
0.91 93.27 26.22 1.72
0.67 93.1 25.48 2.71
33.47 93.01 22.19 2.16
47.65 92.98 20.49 2.54
52.89 92.9 18.59 1.72
7.98 92.95 19.69 2.42
0.66 93.11 20.88 2.07
103.56 93.42 18.07 1.82
147.27 93.31 16.81 1.5
4.23 93.09 18.74 1.49
5.78 93.08 21.38 1.66
0 93.25 23.43 1.74
14.21 93.15 24.07 2.77
15.57 93.17 24.97 2.75
0.33 93.09 25.85 2.58
19.45 92.98 25.48 2.17
84.19 92.86 25.51 2.15
22.28 92.99 24.26 2.12
1.5 93.1 24.97 2.04
76.43 93.25 23.3 1.67
28.52 93.39 22.64 1.61
75.08 93.16 23.16 2.23
390.09 92.38 22.28 2.21
60.66 92.36 22.91 2.6
38 92.51 23.17 2.35
0.86 92.51 23.37 2.12
0 92.77 24.05 1.9
0.43 92.84 26.87 2.45
39.79 92.63 27.38 2.99
42.32 93.05 24.32 2.13
17.64 93.36 25.26 1.69
0 93.49 26.56 1.86
0 93.43 27.88 1.94
0.02 93.15 27.85 2.72
30.05 92.92 26.23 2.22
71.58 92.89 22.87 2.38
49.37 93.58 21.25 2.02
73.63 93.59 21.03 1.23
7.6 93.17 23.19 1.25
1.16 93.28 23.09 1.59
0.83 93.48 23.1 1.81
42.32 93.13 21.09 2.04
0.94 93.38 22.08 2.08
0 93.85 22.38 1.83
0 93.42 22.49 1.62
33.62 93.03 23.01 2.46
0.05 93.19 24.56 1.94
2.87 93.27 25.22 2.18
87.67 93.01 23.92 1.94
468.71 92.45 23.49 2.05
17.68 92.85 24.11 1.59
86.04 92.91 23.29 2.35
37.8 92.76 21.85 1.83
2.08 92.81 23.29 1.9
44.91 92.66 21.74 1.74
62.94 92.47 20.08 1.41
5.22 92.57 22.28 1.66
32.58 92.96 23.2 2.39
72.89 93.32 21.68 2.05
1.02 93.47 22.23 1.69
23.75 93.41 21.55 1.74
48.86 93.32 21.23 1.63
191.93 93.39 19.42 1.79
34.69 93.54 20.23 1.6
46.42 93.66 20.98 1.68
63.91 93.69 21.13 1.71
21.49 93.35 21.57 1.71
2.81 93.13 24.41 1.76
42.11 93.55 21.36 1.8
292.08 93.42 19.35 1.74
0.02 93.49 18.99 3.29
0 93.57 17.01 3.34
0 93.86 18.02 2.13
28.2 93.6 15.66 2.19
5.67 94.01 15.12 3.04
0 94.13 13.97 2.17
0 93.85 16 1.89
1.25 93.84 16.77 1.78
2.64 93.67 19.33 1.91
14.92 93.7 18.45 1.98
22.91 93.61 18.68 2.45
3.2 93.47 19.66 2.22
0.13 93.4 18.92 3.52
0 93.3 17.82 1.81
0 93.11 19.82 2.07
0.83 93.54 18.36 2.36
5.36 93.61 18.93 2.02
107.34 93.53 17.15 1.84
0.02 93.78 15.43 2.22
0 94.16 15.02 1.84
0 94.38 15.94 1.79
11.36 94.31 18.05 1.93
10.59 94.16 17.54 1.76
0.63 93.79 17.64 2.27
0.01 93.61 15.87 2.26
0 93.08 17.74 2.24
0.22 93.51 14.66 2.97
0 93.84 14.23 1.73
3.49 93.21 17.32 2.75
11.3 93.24 15.62 3.51
0 93.39 16.37 3.58
0.19 93.68 16.75 2.15
16.28 93.64 15.27 1.95
19.39 93.95 12.75 2.1
0.03 93.91 9.03 2.41
0 93.79 7.92 3.18
0 93.63 9.08 2.23
0 93.72 12.59 2.72
0.24 93.93 14.24 3.3
0 94.63 8.65 2.23
0 94.99 6.92 2.04
0 94.73 8.6 2.46
0 94.09 12.33 2.94
0 93.88 13.62 2.68
0 94.17 12.68 1.78
14.72 94.46 11.5 1.47
88.98 95.03 8.17 2.96
28.84 95.05 4.57 2.38
1.19 94.86 4.26 2.49
1.34 94.49 3.13 2.03
0 94.4 4.55 2.55
0.02 94.92 3.94 1.38
29.15 94.98 6.06 1.74
0.07 95.33 4.5 1.8
0 95.09 5.54 1.55
8.94 94.5 7.98 1.53
0.2 94.28 8.6 1.45
0 94.04 9.64 2.37
0.06 94.61 6.78 1.51
17.74 94.72 4.27 1.71
0.43 94.75 4.64 1.54
0 94.6 5.95 1.72
0 94.66 6.48 1.41
0 94.08 8.46 1.5
0.03 93.92 9.07 1.84
0 94.79 4.88 4.25
0 95.27 1.31 3.22
0 94.74 3.79 2.3
0 93.9 6.31 2.76
