1.25 96.43 -15.53 1.62
0.02 97.09 -16.94 1.82
18.89 96.98 -19.03 1.5
6.15 97.13 -17.79 3.35
0 97.47 -19.26 2.34
0.02 97.67 -18.95 2.09
0.16 97.75 -16.72 1.61
15.03 97.17 -15.45 1.18
8.14 97.31 -14.99 1.44
0 97.59 -15.09 1.38
0 97.56 -15.82 2.7
0 96.99 -18.55 3.02
0 97.02 -15.99 2.73
0.73 96.85 -15.75 1.25
0 97.94 -14.82 1.45
0 97.52 -14.15 1.06
0 97.16 -10.92 1.14
0.02 97.07 -6.61 1.45
0 96.53 0.41 3.19
0.07 97.73 -8.99 4.67
0 97.69 -12.59 2.5
0 97.39 -10.83 3.11
0 96.86 -8.05 2.77
0 96.26 -8.1 3.62
0 97.28 -9.13 3.3
0 113.07 -4.75 3.02
4.15 96.16 -3.45 2.66
0.01 96.81 -10.21 3.59
0 96.35 -5.18 3.77
0 96.41 -5.42 1.71
0 97.02 -8.73 1.72
0.23 97.22 -11.27 1.87
0 97.23 -14.47 2.01
0 97.16 -13.26 2.24
0 97.13 -13.49 1.92
0 97.47 -13.32 1.51
0.02 97.41 -11.31 2.14
3.96 96.43 -3.29 2.8
0 96.47 -4.05 1.93
0 97.1 -6.75 2.35
0 97.68 -9.84 3.43
0 98.11 -11.82 3.91
0 97.86 -11.48 1.93
0.04 97.22 -10.23 2.01
0 97.62 -9.95 2.41
0 97.81 -12.37 1.83
0 97.37 -10.17 1.84
0.01 96.89 -8.08 2.79
0 96.73 -8.3 2.28
0 96.18 -4.06 1.79
0 96.05 -5.99 1.64
0 96.15 -4.83 1.98
0 96.26 -4.62 2.47
0 95.19 0.99 2.43
6.66 95.47 -1.24 2
0 96.58 -5.51 2.59
0.22 96.78 -4.98 1.69
3.4 96.47 -5.45 2.18
1.83 97.04 -6.68 2.55
0.12 96.78 -7.26 2
0.32 96.47 -3.17 3.2
0 96.6 -2.06 2.97
20.67 96.11 -0.9 2.71
5.14 97.24 -8.45 3.36
0 97.96 -10.33 2.1
0.01 98.21 -10.83 2.04
2.28 98.52 -9.4 2.79
0.01 97.72 -8.93 2.52
0 96.37 -3.67 2.56
0.21 95.31 2.57 3.79
0.89 96.38 -3.73 4.53
0 97.11 -3.02 2
37.61 96.5 -0.78 1.95
2.15 96.41 -2.32 4.69
0.03 96.9 -4.27 2.34
0 97.3 -4.97 2.16
0 96.35 -2.68 2.76
0.36 94.91 3.95 2.9
40.77 95.51 -0.5 3.56
0 95.94 0.51 2.78
0.07 95.87 4.47 3.81
0 96.6 2.79 2.76
0 97.1 0 2.77
0.03 97.13 -3.03 3.14
0.46 96.65 -2.33 2.04
1.33 97.23 -1.83 2
0 97.12 3.18 1.74
0.07 96.93 5.61 2.14
4.97 96.33 8.85 4.31
2.17 96 7.9 4.16
0 96.44 3.03 5.22
0 96.5 0.6 3.88
0 96.22 4.6 3.93
0 95.85 9.25 3.5
5.36 96.47 3.49 2.45
0.01 97.13 2.32 2.27
0 96.6 7.36 3.46
0.45 95.43 11.85 5.59
37.84 96.18 2.33 2.62
0 96.47 3.89 2.95
2.59 96.43 2.64 2.06
32.38 96.22 0.92 3.06
0.07 97 -0.28 4.98
0 97.15 2.19 2.3
0.16 96.49 4.91 2.94
10.72 96.71 3.5 1.66
0 96.74 5.51 2.91
13.58 96 10.69 3.02
61.3 96.45 8.14 1.8
0.17 96.79 8.65 1.83
0.12 97.03 10.36 2.17
0.67 96.78 9.67 2.51
0.12 96.71 8.74 1.91
0 96.32 12.99 2.9
2.5 96.1 13.79 4.31
56.44 95.93 4.88 3.06
14.26 95.49 3.31 3.15
0.14 95.6 5.71 5.56
3.75 95.77 7.37 4.34
6.08 96.03 11.73 2.58
0 95.48 16.97 2.05
0 95.19 18.82 3.83
0.56 95.74 16.9 2.13
4.3 95.27 166.1 2.88
260.12 94.84 11.1 3.11
10.75 95.32 13.31 4.23
19.28 95.41 11.89 1.8
2.28 95.65 15.34 2.37
57.85 95.46 10.9 2.84
11.39 95.33 10.08 2.28
3.29 96.34 10.26 2.57
0 96.62 13.26 1.65
0 96.59 15.89 1.69
3.89 96.18 17.39 3.16
5.65 96.04 20.13 2.56
1.12 96.25 19.08 2.77
37.22 95.82 15.84 2.84
121.15 94.9 12.57 2.65
0.52 94.58 18.49 4.4
0 95.41 22.35 2.52
0 95.56 24.48 2.78
0.31 95.55 22.55 1.98
2.28 95.2 21.15 2.55
11.48 95.36 17.4 3.95
1.14 95.98 21.45 3.54
0.12 96.42 21.96 2.16
5.42 96.41 19.56 1.94
75 95.87 15.59 2.47
53.11 95.44 16.46 2.25
65.11 95.86 15.11 1.79
14.32 96.46 16.61 1.45
2.14 96.4 18.42 1.63
0.57 96.51 19.27 1.66
0 96.56 20.81 1.73
0.01 96.37 21.59 2.16
0 96.05 22.81 2.27
0 96.06 23.04 2.53
0 96.16 24.15 3.03
0 96.27 24.67 2.88
0 96.34 25.02 2.03
1.73 96.23 22.18 2.11
0.06 96 21.33 2.75
0.45 95.65 22.35 2.12
14.02 95.41 22.68 3
57.45 95.27 22.2 2.74
1.14 95.13 23.64 2.39
10.74 95.23 24.13 1.72
96.79 95.33 21.32 1.91
12.31 95.4 20.73 1.76
1.92 95.48 23.01 1.45
0.17 95.84 23.28 2.79
0.02 95.46 23.4 2.06
15.58 95.78 20.71 2.24
0 95.89 23.26 1.54
0 95.77 25.07 1.92
0 95.76 25.92 2.19
0 95.69 25.5 1.83
34.54 95.49 22.27 1.71
94.94 95.41 22.25 1.39
0.33 95.46 23.99 1.41
0.07 95.27 24.64 1.58
125.72 95.16 22.02 2.03
4.11 95.14 25.24 1.63
0.04 95.17 27.66 1.45
11.48 95.14 26.84 2.18
0 95.12 26.77 2.79
0.04 95.29 25.13 2.45
19.57 95.6 21.65 1.95
5.89 95.77 22.7 1.88
1.09 95.76 22.59 1.98
76.02 95.58 21 1.82
70.87 95.54 21.23 1.41
202.77 95.8 20.56 1.25
6.51 96.03 22.74 1.19
0 95.99 24.33 1.83
75.93 95.58 22.91 2.32
6.75 95.37 24.73 3.09
1.25 95.58 25.83 2.38
3.07 95.53 26.95 2.27
14.6 95.64 25.6 2.4
324.55 95.52 23.08 1.73
1.92 95.75 24.45 1.51
3.4 95.87 25.9 1.55
3.42 95.92 26.55 1.6
3.08 96.04 27.38 1.65
0.68 95.9 27.62 2.29
13.76 95.79 27.11 2.07
12.2 95.44 26.92 2.33
113.51 95.04 26.44 2.6
7.72 95.03 23.25 1.49
27.71 95.01 25.7 1.38
159.56 95.31 22.47 1.7
0 95.94 21.92 2.03
0.02 95.85 23.08 1.56
10.58 95.16 24.34 2.5
67.66 95.33 23.5 1.72
176.69 95.72 22.22 2.58
0 96.5 21.15 1.63
15.87 96.14 21.18 1.58
138.24 95.42 22.37 2.18
22.25 95.47 22.79 2.19
0 95.7 22.3 1.89
0 95.43 24.88 2.15
18.69 95.15 24.67 1.75
2.27 95.04 25.86 2.06
32.25 94.93 24.42 2.66
0 95.42 22.6 2.6
0 95.8 23.12 1.63
15.02 95.83 23.55 2.37
7.88 96.03 23.62 2.52
136.19 96.16 22.47 1.97
1.98 96.43 23.43 1.68
199.96 96.33 19.15 1.54
84.18 96.29 18.9 1.37
0.93 96.3 20.25 1.38
0 96.23 22.53 1.63
0.08 96.44 22 1.44
1.32 96.61 22.16 1.79
0 96.32 21.39 1.67
2.55 96.14 20.83 1.28
26.52 95.75 21.35 1.55
13.38 95.88 21.27 1.61
0.91 95.94 22.1 1.73
35.42 96.43 20.79 1.48
3.2 96.55 21.41 1.42
0.03 96.45 20.14 1.16
0 96.19 20 1.53
0 95.98 22.28 1.59
3.53 96.13 23.3 1.5
0 96.68 18.72 1.91
0 96.54 17.39 1.33
1.61 96.11 17.92 1.31
15.72 95.74 19.33 1.55
0.42 95.97 19.87 1.32
0 96.1 21.13 1.11
1.85 96.17 22.5 1.36
0 96.29 22.55 1.45
3.47 96.09 21.88 2.31
127.2 96.44 15.65 2.23
255.49 96.56 9.87 2.1
192.19 96.43 12.35 1.3
0 96.16 16.02 1.41
39.74 96.36 14.9 2.01
205.55 97.01 10.13 2.69
0 96.94 10.32 1.9
0 96.73 12.94 1.45
0.61 96.47 14.92 1.52
8.47 96.24 15.77 2.63
0.38 96.41 13.91 2.15
0 96.33 11.64 4.04
0 97.18 9.49 2.76
0 96.79 10.37 1.44
0.03 96.49 14.97 1.78
0.95 96.79 13.6 1.44
379.7 96.48 8.85 2.35
83 96.42 7.47 3.26
0 96.58 9.79 2.02
0 96.22 13.04 1.36
0 96.11 16.63 2.08
0 96.27 17.75 2.62
0 96.22 17.15 2.47
0 95.75 16.74 2.62
22.55 96.3 11.85 2.21
128.42 96.73 6.08 2.37
0 96.88 8.31 1.47
0 96.42 10.32 1.49
0 96.59 9.34 2.7
0 96.16 8.18 2.79
0 96.94 3.73 2.73
0 97.56 1.43 1.25
18.95 97.51 0.35 1.25
52.11 97.5 1.82 1.29
0 97.39 2.79 1.27
0 96.87 4.31 1.39
0 96.56 9.08 1.72
6 96.7 9.92 2.38
3.79 97.23 4.08 3.4
0 97.6 0.76 3.68
0 98.3 -0.86 2.72
0 97.49 0.81 1.67
0 97.33 4.81 1.87
0 97.32 6.15 1.56
0 97.37 6.28 1.52
0 97.18 6.41 1.87
0 97.69 3.02 3.48
0 97.3 1.96 1.9
0 96.83 5.87 1.92
0 96.92 5.06 1.29
0 96.61 7.15 1.74
0 96.3 7.76 1.6
6.68 96.42 4.5 2.72
0.33 96.97 0.72 3.27
0 96.69 -0.77 1.34
0 96.28 0.41 1.44
57.66 95.65 1.21 3.49
1.84 96.18 -0.21 2.09
1.84 97.14 -0.33 3.25
0 98.14 -3.97 2.41
0.03 97.52 -2.84 2.22
0 96.82 0.56 1.56
0 96.77 1.36 1.91
0 96.43 5.35 3.1
0 95.95 4.13 2.17
0 95.72 5.95 1.84
0.23 95.83 2.74 4.15
0 96.64 -2.33 2
0 96.54 -1.59 2.01
0.01 96.7 -1.08 3.7
0 97.01 -5.87 2.12
0.4 96.22 -5.65 1.97
0 96.5 -5.86 5.68
0.34 96.72 -7.32 1.72
0.34 96.63 -6.8 1.35
0 96.24 -2.7 1.97
0.06 95.8 -2.08 1.95
0.07 96.35 -6.73 3.27
0 96.55 -5.99 2.19
0 95.47 2.06 2.3
0 96.79 -2.29 3.31
0 97.39 -5.41 3.01
0 96.12 -4.78 2.07
0 96.08 -6.22 1.72
0 95.66 -5.13 1.96
1.35 95.4 -7.2 3.96
0 96.5 -11.38 2.03
1.56 96.83 -13.12 2.52
0.17 97.58 -14.69 2.87
0 97.47 -15.46 3.38
0 97.17 -14.52 3.27
0 95.88 -9.12 2.76
0 95.71 -6.04 1.68
0 95.74 -3.82 1.75
0 95.99 -3.34 2.21
0 96.26 -1.13 1.79
0 95.99 -6.35 1.46
0.25 96.56 -9.62 2.77
0 97.85 -15.72 3.5
0 97.83 -15.53 3.19
0 96.92 -14.56 2.97
0 95.8 -11.76 2.8
0 95.47 -8.89 2.06
0 96.11 -11.08 3.2
1.62 96.38 -11.89 1.9
0.03 96.51 -11.88 4.61
0.42 97 -10.68 5.16
0 97.62 -10.65 3.03
0 97.8 -11.78 2.51
0 97.41 -12.36 1.17
0.01 97.01 -12.29 1.59
0.02 97.13 -11.1 4.01
0 97.74 -9.84 3.35
0.01 97.1 -7.94 1.92
0.19 96.94 -8.68 3.17
0 97.53 -12.49 3.29
0 96.8 -10.81 2.24
0 96.32 -11.17 3.47
0 96.53 -12.81 1.76
0.01 96.48 -10.92 2.25
0.03 97.5 -14.15 2.59
0 97.94 -16.89 3.45
0 97.74 -15.17 2.06
0 97.55 -13.97 2.37
0 97.28 -14.1 2.47
0 97.24 -13.94 2.85
0 97.16 -12.51 1.94
0 96.97 -12.44 1.57
0 96.96 -12.64 2.67
0.04 97.24 -13.78 3.34
0.01 97.42 -13.88 1.96
0.13 97.58 -14.35 2.14
0 98.02 -14.68 1.6
0 98.31 -13.81 2.24
0.02 97.83 -13.71 2.55
0 97.53 -13.71 3.37
0 97.3 -10.92 2.69
0 96.86 -3.78 2.6
0 96.56 -4.32 1.52
0 96.51 -7.12 1.3
0 96.38 -5.87 1.99
0 96.63 -5.49 2.06
0.03 95.87 -3.64 3.87
0.07 96.35 -2.32 2.53
0 96.12 -5.98 1.88
1.25 96.18 -6.4 2.88
0.14 97.04 -9.55 1.93
1.02 97.06 -9.41 1.38
1.03 97.28 -12.4 3.49
0 97.44 -11.74 2.13
0.15 97.34 -10.97 1.98
0.1 97.31 -11.44 1.58
0 96.59 -4.65 2.63
0.89 96.53 -4.95 1.55
2.14 96.94 -4.12 2.41
0 96.93 -4.18 1.76
0 96.77 -0.2 1.97
0 97.12 -0.68 1.59
0 96.74 1.06 1.86
0 96.25 2.18 3.3
3.24 96.03 1.82 2.31
0.49 96.76 -2.98 2.63
0 97.45 -4.6 1.68
6.68 96.86 -1.87 3.63
0.56 97.56 -8.06 3.77
0.09 97.1 -7.16 3.27
0 96.78 -5.72 2.69
0 96.8 -5.9 2.13
0 96.9 -3.98 2.53
0 96.57 -1.07 1.8
0.16 96.04 1.99 2.38
0 96.82 -0.76 3.55
0 96.56 -0.46 3.84
0 96.62 -2.48 4.2
0 96.99 -1.09 3.4
0 96.69 0.7 3.02
0 96.14 2.51 2.86
0 95.38 7.29 2.07
0.02 96.05 3.15 4.04
0 97.26 -1.28 3.89
0 96.96 -3.71 4.39
0 96.73 -2.66 2.93
0 96.16 3.28 2.99
0 95.74 5.76 4.28
0 96.2 2.73 3.07
0 96.36 1.03 2.35
0.95 96.96 -2.05 3.53
0 97.08 -1.82 2.84
0 96.8 -1.26 2.29
0 96.92 -1.22 4
0 102.86 0.34 2.43
0 102.81 1.63 2.51
0 102.63 3.7 2.68
0 102.92 3.35 1.85
0 102.55 7.65 2.83
0 102.27 8.51 1.91
0 101.81 10.71 3.42
0 103.09 3.6 4.23
0 103.06 3.26 2.49
0 102.6 6.24 2.22
0 102.53 8.09 1.53
0 96.61 10.28 2.82
0.1 95.91 10.95 4.68
1.34 96.2 8.72 3.78
0 96.24 8.76 3.64
0 96.01 10.19 3.87
2.52 96.71 6.49 3.02
0 96.41 9.59 2.89
0 95.76 15.34 3.27
0 95.85 14.5 1.79
0.08 95.11 16.2 2.82
0 95.94 11.5 4.53
0 95.77 12.34 3.84
4 95.65 9.33 5.94
1.22 96.31 7.5 4.99
0 96.24 10.25 2.32
0 95.62 14.3 3.68
50.2 96.36 8.42 2.43
3.73 96.23 7.49 2.06
10.88 95.97 6.36 2.62
2.58 95.54 7.43 3.67
0.18 95.15 9.41 2
8.55 95.14 9.68 2.51
2.37 95.82 8.45 2.92
0 95.37 10.16 1.85
48.3 94.78 8.76 1.57
11.12 94.68 9.98 2.34
1.72 95.55 14.1 3.56
0.33 95.81 12.68 3.52
0 96.15 13.47 2.74
1.68 95.77 13.38 2.85
143.28 95.02 10.02 3.01
0.11 94.98 11.46 2.93
0.02 95.49 13.95 2.6
1.66 95.57 15.19 3.59
25.23 95.27 16.77 2.59
0 95.53 18.66 1.9
0.2 95.19 17.62 4.03
0.52 95.11 14.27 5.58
0 95.29 16.44 5.79
0 95.44 17.1 3.8
0 95.99 14.46 3.44
0 95.98 15.18 1.99
0.01 94.94 17.59 2.74
25.83 94.68 18.24 3.68
13.74 95.8 14.76 2.92
1.01 95.92 13.13 3.21
0.44 95.83 13.57 3.68
0 95.66 18.5 2.83
0 95.79 19.53 2.67
0 95.92 21.64 2.96
3.69 95.87 21.19 3.94
9.91 95.82 19.43 4.38
0.03 95.61 20.92 3.1
0.62 95.44 24.22 5.09
9.15 95.51 22.95 2.57
44.22 95.08 19.68 2.81
12.22 94.99 17.79 2.59
0.03 95.46 20.03 2.41
4.94 95.2 20.99 4.32
7.48 95.25 19.82 3.37
0.6 95.53 20.42 1.94
0.91 95.4 23.51 2.07
35.78 94.79 24.72 3.03
16.74 94.51 22.1 2.51
29.86 94.75 21.55 2.02
0 95.14 23.21 2.57
43.28 95.12 21.07 1.99
223.67 95.29 16.78 2.05
12.77 95.44 19.79 2.06
19.37 95.51 21.59 1.57
59.04 95.33 20.28 1.92
80.76 95.31 18.53 2.01
99.61 95.52 17.42 1.61
0.82 95.63 20.43 1.41
0 95.57 22.88 1.39
0 95.42 25.08 2.2
0.06 95.13 26.54 2.74
0 95.05 27.04 2.66
8.45 94.83 22.74 2.39
83.35 95.05 17.42 2.52
1.11 95.73 20.39 2.34
0 96.1 21.35 1.67
10.53 95.48 21.88 2.77
20.54 94.81 22.28 2.15
4.91 95.03 24.56 2.51
0.05 95.2 24.39 3.13
21.81 95.12 23.19 2.63
48.07 95.16 22.4 1.7
0.28 95.02 23.91 2.18
0 95.13 24.56 2.27
0 95.27 25.68 2.03
29.93 94.83 22.75 2.16
1.14 94.49 25.43 2.93
109.83 94.6 19.1 1.58
32.03 94.68 19.51 2.41
4.55 95.33 21.94 1.76
12.72 95.52 23.66 2.22
10.42 95.59 24.23 2.27
10.41 95.6 23.86 2.33
1.32 95.4 24.13 1.58
67.76 95.49 22.59 1.84
14.62 95.47 23.27 1.45
35.65 95.35 22.76 1.68
28.93 95.41 21.96 1.5
36.01 95.45 22.77 1.18
208.49 95.29 21.44 1.36
92.54 95.24 21.6 1.48
101.65 95.2 22.26 1.92
37.41 95.14 23.57 1.94
0.44 95.21 25.12 1.56
27.85 95.21 25.43 2.19
422.01 95.02 22.68 2.42
130.98 94.93 23.14 2.15
10.72 95.16 23.32 2.1
1.73 95.34 25.05 1.67
40.1 95.52 23.03 1.4
147.11 95.17 21.34 1.58
0.02 95.23 23.68 1.57
0.58 95.37 24.83 1.93
0.88 95.74 23.62 1.69
0.1 95.37 23.83 2.09
0 95.31 24.03 1.96
0.03 95.52 24.39 1.7
7.22 95.52 23.42 1.41
13.62 95.54 23.96 1.5
24.07 95.12 23.99 1.51
14.68 95.23 25.6 1.79
0 95.66 25.16 1.29
0 95.51 25.63 1.39
0 95.24 25.82 1.79
21.99 94.99 25.46 1.83
54.28 95.33 22.21 1.81
283.61 95.39 19.19 1.51
27.88 95.39 21.97 1.46
25.56 95.58 21.45 1.21
0.2 95.83 22.05 1.39
0.29 95.99 22.37 1.31
0 95.97 23.68 1.37
1.06 95.85 23.84 1.71
40.56 96.08 21.59 1.66
0 96.09 20.95 1.22
17.9 96.07 20.68 1.47
3.95 96.29 20.87 1.41
0.38 96.38 21.67 1.44
23.41 96.18 19.91 1.55
15.76 95.84 21.23 1.26
1.58 95.74 22.7 1.43
0 95.66 23.62 1.44
37.05 95.41 23.02 2.62
1.23 95.94 19.68 1.61
0 95.75 20.2 1.46
2.81 96.26 18.84 1.7
0.26 96.2 19.15 1.23
0 96.25 18.5 1.18
0 95.81 19.53 1.28
24.02 95.43 19.11 2.61
3.3 96.09 14.46 1.93
0.13 96.65 14.1 1.82
3.46 96.93 14.16 1.77
15.96 96.4 17.08 1.86
0.24 96.12 17.85 2.16
0.06 95.7 20.31 2.86
17.75 95.77 17.95 1.92
7.99 95.98 15.51 1.65
39.91 96.33 13.52 2.36
0 96.73 10.62 2.4
0 97.16 10.48 1.99
0 96.99 10.99 1.35
0 96.64 12.2 1.5
0 96.22 13.49 1.5
0 96.31 14.58 1.92
0 96.24 15.01 1.7
0 95.96 17.53 2.43
0.14 96.25 18.37 1.77
0.11 96.42 18.82 2.49
0.03 96.26 18.26 2.29
4.33 96.08 16.04 2.17
0.29 96.52 10.31 2.84
0 97.05 7.58 2.41
0 97.08 8.23 2.68
0 97.55 8.66 2.68
0 97.21 9.85 1.43
0 96.52 11.68 2.07
0 95.92 13.45 3.14
0 96.52 10.78 2.23
0 96.53 10.76 1.36
0 96.3 14.17 2.29
0.09 96.67 14.41 2.51
0 97.22 9.94 1.32
0 96.92 12.12 1.61
0 96.34 14.42 1.3
60.71 95.81 11.34 1.58
7.33 95.7 10.2 1.68
1.68 95.31 9.9 2.32
1.02 95.81 9.92 3.83
0 96.87 5.73 2.2
0 96.92 8.75 1.51
0 96.72 11.19 2.21
0.01 96.55 14.62 3.01
0 96.48 13.91 1.95
0.28 96.36 11.61 1.28
25.31 96.9 5.84 3.57
0.02 97.25 3.49 3.18
0 97.3 4.71 1.77
0 96.86 6.36 1.48
0.77 96.71 8.06 2.22
0 96.99 6.93 1.44
0 96.65 7.24 1.44
0 96.45 9.63 2.8
0 96.65 10.96 3.49
2.74 96.83 12.4 2.54
0.23 97.44 6.42 1.57
0.82 97.15 7.82 1.48
2.7 96.86 10.6 2.57
0.36 97.55 4.26 3.03
0.04 97.42 2.82 1.51
0 97.35 3.73 1.72
0 97.31 3.57 1.52
0 97.12 2.43 1.2
0 96.49 2.76 1.28
0 95.9 4.57 1.94
0 96.15 6.42 2.86
0.06 96.97 -0.44 2.62
0 97.11 -3.62 1.49
0 97.17 -2.92 1.39
0 97.35 0.28 1.85
57.51 96.73 0.91 1.02
9.04 96.47 -0.14 2.87
1.02 96.7 -4.24 3.13
0 97.21 -5.65 2.12
0 97.21 -3.92 1.63
16.91 96.78 -4.85 2.24
0.35 97.42 -7.24 3.02
0 97.16 -8.12 1
0.07 97.16 -6.38 1.42
0.57 96.43 0.25 1.57
0 96.53 -1.25 1.16
0 97.35 -2.7 2.45
0 97.93 -7.34 1.68
0 98.21 -7.46 2.06
0.09 97.48 -7.54 0.96
0.03 96.75 -5.48 1.01
0 96.95 -6.01 1.45
0 97.31 -7.58 1.13
1.01 97.56 -8.16 0.82
1.11 97.48 -5.15 0.94
0.8 97.75 -6.55 2.64
0.02 98.08 -10.97 3.74
0 97.7 -10.66 2.79
0.01 96.84 -6.55 3.54
0 96.86 -3.11 2.29
0 97.37 -6.36 1.46
0.01 96.67 -3.3 2.76
0 97.35 -8 4.13
0 97.59 -11.8 3.31
0 97.72 -11.63 3.21
0 97.45 -10.07 2.09
0 97.51 -9.93 1.92
0 97.42 -10.7 1.03
0 97.07 -9.92 1.78
0 97.01 -9.03 3.34
0 97.31 -10.93 2.13
0 96.79 -9.08 2.43
0 97 -12.32 1.46
0 97.51 -12.44 1.35
0 97.77 -11.45 1.39
0 97.26 -8.05 1.47
0 97.64 -10.19 1.83
0 98.02 -14.38 1.19
0.1 97.45 -12.78 1.1
0.01 97.21 -9.95 1.73
0.39 97.62 -10.98 1.86
0.73 97.05 -11.5 2.08
0.23 97.18 -11.88 3.49
0 97.42 -11.51 2.21
0 97.21 -11.26 1.71
0 98.05 -13.72 1.38
0.13 97.95 -14.63 1.02
0 97.5 -12.07 1.18
0 97.48 -13.21 1.05
0.11 97.5 -12.49 2.67
0 97.64 -12.21 2.53
0 96.72 -7.01 2.44
0 96.97 -8.86 1.78
0 96.89 -8.93 1.75
0 96.65 -10.15 1.06
0.05 96.45 -8.66 1.14
0.08 96.67 -10.87 1.01
0 96.84 -10.63 1.13
0 97.28 -11.02 1.09
0.01 97.94 -12.9 3.34
0 97.83 -16.82 2.85
0 97.5 -17.06 2.42
0 96.98 -16.61 1.98
0 96.81 -15.66 2.35
0 96.42 -13.74 2.35
0 96.52 -12.89 1.66
0 97.06 -13.85 1.55
0 97.29 -14.34 1.42
0 97.68 -14.94 1.59
0.05 97.33 -16.71 1.28
0.33 96.8 -15.29 3.3
0 97.61 -16.55 3.83
0 97.61 -15.01 2.73
0 96.61 -12.44 2.5
0 96.7 -9.67 2.16
0.17 96.13 -5.95 2.12
0.03 96.71 -11.28 4.64
0 96.98 -14.71 4.19
0 96.55 -11.8 3.95
0 96.73 -9.63 2.73
0 97.09 -10.42 2.42
0 97.11 -10.39 1.76
0 96.86 -8.34 2.26
0.03 96.52 -3.77 1.9
0.19 97.06 -7.62 2.93
0 97.04 -9.87 2.51
0.04 97.11 -10.51 3.05
0 97.24 -11.83 4.21
0 97.15 -9.43 2.91
0 96.54 -5.84 2.47
0 96.66 -7.26 1.9
0 96.46 -8.66 1.26
16.28 96.01 -6.71 2.34
0 96.98 -6.86 2.27
3.87 96.82 -6.17 2
0.07 97.3 -7.73 3.11
0 97.25 -7.95 1.98
0 96.72 -5.69 1.84
0 96.33 -1.22 2.6
0 96.46 0.31 1.99
5.36 97.02 -3.13 1.74
0.42 97.24 -6.35 2.05
0.27 97.23 -5.62 1.53
0.07 96.59 -1.45 1.71
35.94 95.83 -2.33 1.25
34.12 95.86 -3.4 2.31
0.03 96.52 -4.11 2.87
0 97.28 -7.08 3.08
0 97.02 -7.79 1.77
0.2 96.84 -6.96 4.18
0 97.34 -6.8 3.45
0 97.03 -5.2 1.87
0 96.33 -0.99 2.66
0 96.91 -0.32 1.92
0 96.55 2.69 3.09
5.26 95.6 5.58 3.79
6.33 96.25 -2.01 3.48
9.59 97.13 -6.9 2.62
0 96.86 -1.8 2.18
0 96.81 0.19 1.84
0 96.17 4.95 3.4
0 96.74 3.03 1.64
7.61 95.84 1.59 3.65
0 96.23 0.8 5.26
0 96.72 1 3.28
0 96.39 4.94 2.22
0 96.57 8.95 2.92
0 96.81 9.45 3.02
0.28 95.75 10.99 6.51
0.54 96.41 2.58 4.34
0.29 96.41 0.48 4.29
0 96.47 0.32 1.89
5.05 96.29 2.09 2.41
0 95.92 4.76 3.64
0 95.7 5.32 4.37
0 95.99 4.62 4.18
0.1 96.4 3.83 2.52
0 95.93 9.43 3.49
0 95.97 11.45 4.05
0 95.92 13.1 3.34
10.76 95.61 14.28 4.94
5.84 95.98 8.64 4.12
0 95.4 12.66 2.98
0 95.29 14.35 3.13
0 95.28 15.64 3.15
1.1 95.86 10.59 3.41
0 96.24 9.58 2.51
0 95.31 16.01 3.69
0 95.35 18.13 3.93
1.48 95.81 14.2 4.12
58.33 96.3 13 3
2.5 95.72 12.32 2.15
0.44 95.03 14.07 1.83
0.45 95.02 17.26 3.48
148.88 95.44 12.96 2.3
103.62 95.38 9.98 4.11
0 94.86 11.51 3.22
0.1 94.51 12.73 6.23
0 95.79 10.48 3.1
0 95.81 12.89 2.41
0.48 95.46 17.94 3.5
0.41 96.04 17.24 2.31
12.35 95.54 17.85 2.09
0 95.58 21.04 2.02
0.96 95.71 20.63 2.27
0 95.78 18.52 3.45
0 95.42 17.88 2.19
0.89 95.43 16.94 1.65
0 95.64 18.28 1.91
0.05 95.93 20.15 2.3
5.08 96.09 20.73 2.4
52.59 96.15 15.93 1.62
29.06 95.71 13.58 2.3
17.72 95.47 12.35 2.86
6.02 95.4 13.38 3.66
0.01 95.12 13.3 2.72
10.99 94.86 13.03 4.26
0.09 95.35 16.23 1.78
0 95.26 21.98 3.59
24.95 95.79 20.37 2.96
5.77 96.17 19.19 1.93
0.12 96.04 20.76 3.34
2.72 95.74 20.03 3.61
8.37 95.84 17.96 2.78
0 95.82 17.71 2.73
0 95.63 18.65 2.47
0 95.26 20.8 2.36
0 95.75 20.91 2.17
0 95.88 23.01 2.18
8.99 95.87 21.34 2.64
67.35 96.28 15.6 2.62
0.19 96.38 17.61 1.69
11.16 96 17.15 2.9
22.33 95.7 17.56 2.61
136.12 95.5 15.77 2.04
13.92 95.16 19.09 2.97
2.24 95.33 20.98 2
7.64 94.94 20.46 2.22
14.8 94.78 22.38 2.22
34.44 94.79 22.4 2.45
101.51 94.65 21.48 3.02
18.28 94.78 17.88 2.41
1.87 94.5 17.72 3.02
11.28 94.58 17.57 2.02
101.12 95.2 15.18 1.8
334.74 95.42 15.26 1.98
138.78 95.41 16.19 2.43
4.53 95.3 19.74 1.51
7.8 95.17 22.72 1.57
12.8 95.38 21.65 1.79
81.84 95.13 21.74 1.38
11.05 95.16 22.46 1.62
3.24 95.33 22.28 1.45
46.34 95.31 21.07 1.63
1.12 95.08 22.32 2.26
36.62 95.1 22.63 2.67
27.12 95.46 21.47 2
11.32 95.84 22.96 2.25
1.44 95.99 23.2 1.71
2.84 95.74 21.13 2.26
87.03 95.3 20.83 2.01
0 95.1 23.96 1.89
4.47 94.74 24.87 3.31
5.58 94.73 23.29 2.87
0.74 94.7 23.29 2.65
0.1 95.09 23.85 1.65
1.26 95.25 23.58 1.62
0.71 95.11 24.32 1.48
18.45 95.11 24.88 1.98
47.94 95.11 25.52 2.19
37.3 95.17 24.42 2.03
202.31 94.76 20.95 1.74
41.65 94.47 20.19 2.38
66.57 94.87 20.09 2.66
10.3 95.38 21.95 2.72
0 95.41 21.89 1.53
0 95.44 23.15 1.59
0 95.7 24.83 1.42
0 95.83 24.75 2.02
0.21 95.65 24.63 2.16
2.19 95.47 25.15 1.45
6.73 95.4 25.66 1.65
47.72 95.36 24.37 1.78
542.09 94.91 22.6 3.37
0 95.42 24.02 1.4
0 95.65 24.3 1.68
7.48 95.58 24.59 2.18
102.52 95.19 25.3 2.95
2.38 95.54 24.6 1.52
141.46 95.14 23.33 2.25
28.81 94.76 24.45 3.12
0.36 95.42 22.69 1.63
96.79 95.74 20.2 1.35
172.39 95.87 19.31 1.58
248.77 95.8 20.32 1.35
29.31 95.86 21.9 1.54
211.65 95.87 21.87 1.62
0 96.05 23.52 1.12
0 95.88 24.44 1.14
0 95.53 25.63 1.82
14.99 95.4 25.24 1.82
17.65 95.68 24 1.24
0 95.56 24.42 1.52
16.22 95.64 21.17 2.03
26.67 95.64 18.92 2.03
1.1 95.77 20.56 1.58
3.02 95.5 19.42 1.76
3.14 95.52 21.45 1.48
0 95.9 22.52 1.77
0.06 95.5 23.35 2.82
123.29 95.47 23.46 2.07
4.84 95.57 22.06 1.39
25.77 95.53 21.07 2.1
9.4 96.18 17.28 1.73
0.05 96.32 17.15 1.75
0 96.1 20.19 2.29
0 96.04 21.92 2.1
0.22 95.88 22.22 2.3
1.85 95.91 21.62 1.44
19.39 95.81 21.46 1.44
0.81 95.29 22.8 1.84
1.52 95.43 24.2 2.22
0 95.72 24.69 1.77
0 95.84 25.47 2.01
0.71 95.87 25.08 1.99
204.81 95.79 18.47 2.79
56.11 96.18 14 2.52
0.52 96.23 14.04 1.63
1.33 96.36 16.46 1.75
0 96.28 19.73 2.05
36.04 96.41 17.98 1.49
2.2 96.3 17.38 1.05
0 96.22 18.84 1.17
0 96.16 20.81 1.53
44.77 95.85 19.71 1.98
87.82 95.81 14.4 2.98
0.4 95.97 12.86 2.25
0 96.36 14.29 1.45
0.15 96.82 14.66 1.07
0 96.92 14.45 1.24
0 96.23 15.4 2.08
0 95.75 16.22 2.19
0.26 95.77 16.37 1.4
0 96 17.96 1.55
2.37 95.93 18.69 2.01
0.93 95.93 17.83 1.45
5.13 96.24 16.5 1.3
0.37 96.59 16.31 1.39
16.93 96.46 15.74 1.73
3.68 96.68 15.84 1.21
73.46 96.32 11.92 1.57
70.9 96.23 10.11 5.57
1.52 96.43 12.14 3.31
0 96.48 11.53 1.45
0 96.35 12.89 1.35
0.43 96.14 14.52 1.86
1.46 95.95 14.03 2.35
0 96.09 13.47 1.83
0 96.63 11.86 1.51
0 97.07 12.39 1.12
0 96.93 13.77 1.31
0 96.44 15.58 2.05
43 95.98 13.62 2.67
0 96.52 9.16 1.92
0.03 96.16 10.8 2.2
0 95.94 13.24 1.78
0.09 96.31 9.94 3.15
0 96.76 7.53 1.94
0.01 96.91 7.98 1.83
57.95 96.24 9.56 2.99
0 96.3 5.08 3.04
0 96.37 6.04 2.09
0 96.23 8.18 1.95
0 96.6 7.16 1.6
64.9 96.92 2.96 1.1
75.29 96.32 2.77 1.87
0 96.02 6.46 1.65
0 95.73 9.53 2.44
0 96.4 9.1 1.62
0 96.44 11.03 2.05
8.77 96.26 11.36 2.56
0 97.24 4.41 1.69
1.57 97.13 1.06 1.92
0.08 96.75 0.86 2.66
0.05 96.57 0.55 2.02
0 96.57 2.35 1.46
0 96.79 1.6 1.79
18.11 96.75 2.72 1.41
175.95 96.28 1.9 97.42
62.36 96.57 -0.09 2.89
0 96.67 -1.86 1.26
0 96.33 -0.08 1.47
0 96.57 0.72 1.37
0 97.04 -0.95 1.14
44.65 96.72 -0.9 0.86
166.13 95.31 -1.62 4.39
0.56 95.86 -3.26 3.08
0 95.93 -4.98 3.86
0 96.77 -4.17 2.59
0 97.08 -5.55 1.26
20.44 96.51 -2.24 1.47
0 96.43 -4.74 95.31
0.02 96.17 -4.13 2.47
0.01 96.7 -2.49 2.58
0 96.77 -4.37 1.26
0 96.4 -1.61 1.95
5.2 96.9 -4.6 2.14
0 96.85 -6.02 2.03
0 96.32 -4.57 2.02
0 96.21 -2.25 2.93
0 96.33 -6.57 2.44
0 95.44 -3.08 3.25
0.02 96.12 -5.12 3.63
0.02 96.72 -8.18 1.9
0 97.44 -11.72 2.26
0.13 97.15 -12.63 1.85
0.52 96.01 -4.35 2.67
2.97 96.14 -6.74 3.64
0 96.46 -9.79 1.64
0 96.47 -11.9 2.75
0 96.45 -13.67 2.22
0 96.6 -14.99 2.1
0.01 96.6 -15.8 3.77
0 96.7 -10.96 3.52
0.05 97.35 -12.16 1.35
0.03 97.51 -12.44 1.07
0.09 96.99 -10.93 1.56
0.02 96.95 -8.21 1.19
14.7 97.01 -8.98 1.45
0.83 96.82 -7.89 1.42
0.4 97.2 -10.93 1.17
0 97.52 -11.67 3.38
0 97.65 -13.89 2.25
0.01 97.12 -14.35 0.97
0.16 97.24 -11.52 237.53
4.99 97.17 -9.16 2.97
0.01 97.67 -14.81 2.84
0 97.51 -18.68 2.28
0 96.67 -17.69 3.65
0 97.81 -17.77 2.38
0 97.57 -17.8 1.23
0 96.93 -13.25 1.17
3.7 96.91 -13.39 1.03
18.89 96.93 -11.88 3.34
0 96.57 -14.86 2.97
0.03 96.06 -15.03 1.62
0 96.46 -16.52 3.41
0 97.6 -17.71 3.8
0 98.18 -15.59 2.12
0 97.23 -15.88 1.52
0 97.04 -14.14 1.56
0 96.96 -15.07 1.25
0 96.85 -14.53 1.57
0.03 97.29 -16.22 1.74
0 97.1 -15.35 1.68
0 96.97 -14.78 1.29
0.62 96.59 -12.69 0.94
0 96.67 -11.8 1.58
0 96.69 -12.97 0.97
0 97.12 -10.46 1.88
2.2 96.87 -12.7 1.73
0 97.56 -13.81 2.44
0 97.83 -11.87 1.6
0 96.83 -8.23 1.98
0 97.35 -9.39 1.35
8.72 97.38 -9.13 1
0.39 97.37 -8.66 1.81
0 97.17 -12.29 1.19
0.02 96.01 -7.95 2.27
0.04 96.6 -12.85 3.83
0 96.69 -14.46 1.55
0.21 97.02 -14.15 1.14
0.05 96.94 -11.62 1.72
0 96.47 -6.7 1.24
0 96.76 -7.22 1.21
0.04 96.71 -5.57 1.49
1.81 96.63 -5.21 1.5
1.44 97.14 -6.99 3.84
0 97.33 -9.98 2.11
2.24 96.34 -8.24 2.28
0 97.06 -8.86 2.8
0.01 96.61 -7.81 1.69
1.47 96.9 -14.09 3.75
0 97.76 -17.06 4.55
0 97.67 -15.62 1.49
0.41 96.76 -11.27 2.03
0 97.37 -12.33 2.24
0.09 97.42 -11.72 1.74
0 96.68 -6.78 80.94
0 96.44 -4.26 2.64
0 97.09 -8.28 2.18
0 97.06 -9.78 1.54
0 96.38 -6.43 2.23
0.03 96.28 -4.3 3.84
0 97.02 -9.86 3.08
0 97.2 -11.68 2.11
0.02 97.13 -11.2 1.7
0 96.99 -7.87 2.73
0 97.19 -6.57 2.47
0 97.13 -4.38 1.68
0 97.28 -5.91 1.6
6.26 97.14 -6.56 1.77
0.49 96.22 -0.39 2.44
0 96.13 0.9 2.42
0.26 95.59 -1.58 5.22
0 97.36 -7.08 5.51
0 97.47 -5.3 1.74
0 96.35 -0.6 2.5
0 96.65 1.78 2.44
0 96.05 5.53 2.91
0 95.98 3.56 1.53
0 95.41 4.24 2
0 95.31 0.91 2.39
0 95.37 -1.89 5.05
0 96.92 -1.5 2.02
0 96.17 4.08 3.45
28.04 96.04 0.57 3.42
0 97.26 -5.31 4.07
0 96.81 0.27 2.9
0 96.29 5.56 2.59
0 96.72 5.36 2.66
0 95.25 7.86 3.16
0.73 95.37 -1.69 3.73
18.31 96.14 -6.02 3.06
0.28 96.59 -6.18 2.77
0 95.33 1.4 5.29
0 96.31 -2.27 2.75
26.44 95.98 -4.38 3.18
0 96.67 -4.37 3.17
0 96.54 -1.4 1.74
0 95.57 4.54 3.88
1.77 95.71 2.46 3.26
0 96.59 -0.21 3.13
0 96.81 -1.08 2.27
0.43 96.72 0.27 1.74
7.43 96.42 1.9 2.19
102.45 96.49 0.85 2.48
0 96.02 4.49 2.79
0 96.04 6.45 2.74
17.22 96.24 0.83 2.16
55.48 96.47 -0.19 3.04
0 96.25 0.39 2.79
0.28 95.46 1.94 2.51
14.65 95.41 1.47 2.99
5.34 96.33 1.08 3.54
0.67 96.2 2.06 3.18
0 96.24 3.08 3.38
0 95.78 8.03 2.49
0.23 95.26 7.69 4.12
0 95.57 3.68 4.65
0 95.3 5.3 2.27
5.66 95.55 4.82 3.14
40.74 95.91 2.04 489.55
5.07 96.85 1.89 4.4
0 96.89 3.3 1.95
0 96.55 5.89 2.45
0 96.23 9.09 2.07
0.22 95.69 12.61 4.45
68.56 95.7 7.84 2.27
1.16 95.61 8.27 2.68
0.05 95.69 9.45 4.32
0 95.77 10.88 1.75
0 95.76 13.99 2.1
7.42 95.56 12.62 3.55
0.33 95.66 12.61 5.83
0.71 96.15 11.7 5.2
1.08 96.24 12.34 2.08
1.49 96.12 12.5 1.95
4.09 96.31 13.42 1.79
0 96.08 17.38 2.76
0 96.23 20.84 1.77
0 96.14 22.37 2.06
0 96.18 22.08 2.72
0.15 95.95 22.03 4.05
16.25 95.61 15.07 2.23
28.04 94.71 15.44 3.53
0 94.31 18.44 3.98
0 94.89 17.25 2.48
0 94.99 18.99 2.38
0.87 95.53 17.51 4.37
0 96.46 17.14 2.58
0 96.4 18.25 2.18
0.88 95.77 18.8 2.9
0 95.22 19.26 3.18
19.82 94.55 15.94 4.44
0.02 94.58 18.17 3.93
0 94.88 19.6 2.64
0 95.8 20.32 2.09
7.28 95.6 23.82 3.76
1.7 96.14 18.65 2.16
0 95.79 21.29 2.18
2.15 95.57 21.16 3.7
1.78 95.38 19.47 3.71
1.12 95.08 19.71 2.74
0 95.35 20.21 3.92
0 95.2 24.32 2.92
0.03 94.83 25.77 4.65
0 95.5 20.75 2.43
9.55 95.31 19.16 3.09
0.08 95.44 20.29 2.92
12.71 96.09 18.42 2.3
39.76 95.97 18.57 2.52
4.23 95.77 19.27 3
3.33 95.56 22.16 2.95
0.78 95.41 22.83 3.65
35.68 95.75 17.56 2.54
4.39 95.99 17.81 1.7
19.11 95.72 16.21 1.9
5.64 95.5 18.05 1.92
0.03 95.57 22.56 3.47
0.15 95.56 24.25 3.76
3.05 95.43 24.63 2.75
105.86 95.37 19.97 2.33
7.86 95.07 21.95 1.63
46.52 94.77 21.14 1.8
0.3 95.11 23.92 1.95
0 95.63 24.37 2.27
0.08 95.8 24.71 1.87
1.3 95.56 23.33 1.54
6.72 95.24 22.8 1.99
32.46 95.12 21.87 2.52
74.04 94.9 21.11 2.47
106.69 94.56 20.87 1.96
58.27 94.7 22.61 2.16
67.75 95.13 21.61 1.84
184.12 95.21 22.24 2.83
29.81 95.17 23.11 3.26
72.26 94.89 23 2.33
219.36 94.38 22.9 2.62
0.1 94.37 24.98 2.98
2.5 94.37 25.13 2.41
1.98 94.73 25.16 2.04
1.19 94.99 25.25 2.35
7.16 94.85 25.39 3.61
59.73 95.09 24.3 1.96
102.76 95.3 22.2 1.35
1.84 95.49 22.9 1.27
0.64 95.48 23.27 1.19
17.5 95.46 23.74 1.84
36.91 95.64 23.38 1.94
0.36 95.63 24.44 1.79
202.9 94.96 22.25 2.19
162 94.74 23.21 2.75
0 95.36 24.01 2.23
0.23 95.27 22.88 2.41
101.21 95.13 22.03 2.01
3.74 95.35 22.65 1.77
0.27 95.37 24.27 1.57
12.73 95.25 24.21 1.92
13.21 94.8 24.14 1.74
1.46 94.83 24.84 2.84
0.02 95.17 24.94 1.81
0.03 95.21 25.43 1.64
36.64 95 23.36 1.59
15.43 94.89 25.74 2.15
0.33 94.86 25.75 1.46
1.63 94.68 26.38 1.89
8.49 94.8 25.92 2.05
17.04 95.09 25.83 2.8
0.36 95.33 25.85 2.5
1.17 95.12 26.05 2.46
13.7 94.74 26.86 2.53
26.59 94.59 25.55 1.79
15.99 94.77 26.34 2.21
18.49 95.01 26.88 2.02
12.82 94.78 27.13 1.93
21.74 94.97 25.33 1.66
1.84 95.4 26.19 1.45
5.02 95.5 27.11 2.45
47.51 95.23 25.07 2.58
5.32 95.21 25.91 2.63
32.95 95.17 26.86 2.33
4.04 95.19 26.65 1.81
202.51 94.68 24.93 1.58
0.09 105.49 26.35 2.3
0 95.67 23.15 2.44
0 95.94 22.51 1.76
2.91 95.93 21.9 1.07
2.36 95.52 24.31 2.26
0.4 95.65 23.59 1.84
0 95.83 23.21 1.52
0.08 95.83 23.46 1.52
15.67 95.58 22.55 1.85
23.6 95.66 20.07 2
8.15 95.63 19.62 1.48
263.95 95.03 18.47 1.34
25.53 95.19 16.28 2.94
0.12 95.89 16.37 2.31
18.44 95.97 17.43 1.91
2.43 96.23 16.51 1.61
8.74 96.39 16.71 1.55
0 96.47 16.71 1.31
7.21 96.36 17.36 1.44
134.29 96.33 15.05 1.32
30.77 96.39 15.38 1.24
8.82 96.44 16.81 1.3
1.66 96.39 18.36 1.4
16.6 95.93 19.14 1.95
0.23 95.99 17.65 1.56
0 96.08 18.06 2.34
1.61 95.86 20.5 2.71
38.61 95.2 20.4 2.99
0.26 95.5 20.34 3.06
0 96.16 14.48 1.69
0.83 95.85 16.71 1.64
7.67 96.38 16.99 1.33
8.82 96.86 16.31 0.99
5.73 95.92 19.79 2.78
0 96.29 18.68 1.45
0.06 96.33 19.16 1.31
3.25 96.2 18.67 2.45
60.13 96.5 13.81 2.66
0 96.78 9.53 2.22
0 96.61 11.29 2.14
0 96.3 12.44 1.99
0 95.63 17.57 3.11
0 95.69 16.59 2.61
0 96.58 13.65 1.31
0.85 96.53 14.35 1.81
153.12 96.51 11.56 2
0.03 96.64 10.99 2.47
0 96.5 9.81 1.67
0 95.8 17.01 3.28
0 96.79 14.26 1.33
0.01 96.81 15.19 2.28
0.03 97.02 13.02 2.35
0.25 96.58 11.43 1.61
0 95.58 15.61 2.55
12.96 95.58 14.44 3.51
0 96.06 11.41 2.8
0 96.56 12.06 1.49
44.63 96.61 10.87 2.26
5.4 97.42 5.12 3.98
0 97.51 3.32 1.3
0 97.07 6.71 1.4
0 97.13 7.41 1.42
0 96.89 10.97 2.5
37.48 97.04 9.77 1.35
3.57 97.06 8.02 1.79
0 96.96 6.69 1.04
26.12 96.84 6.29 1.97
59.47 96.74 3.1 1.93
0.02 96.92 4.63 3.44
0.02 97.18 6.56 2.64
0 96.75 5.43 1.25
0 96.22 7.33 1.77
8.08 96.72 6.32 1.67
1.44 97.29 4.72 2.15
0 97.23 4.05 1.33
0 97.31 4.84 0.9
0 97.1 5.21 1.28
0.28 96.54 8.2 1.79
4.14 96.8 8.12 2.86
0 97.2 6.31 1.66
0.02 96.47 6.64 2.32
0.16 96.02 7.1 3.42
0.01 96.45 4.05 2.63
0 96.55 3.11 2.07
0.18 97.02 3.52 3.38
0 97.04 -0.61 3.54
0 97.13 1.08 2.11
0 96.99 1.78 1.63
0 96.4 2.51 2.46
0 96.12 3.42 2.65
0 96.11 3.41 1.88
0.21 96.22 2.79 2.88
0.01 96.63 -1.93 3.66
0.03 96.8 -2.43 5.38
0 96.74 -3.03 3.39
0 96.81 -2.32 2.23
0 97 -2.57 1.25
0 96.74 1.08 1.71
0 96.43 1.39 1.49
0.04 96.08 0.1 2.08
0 95.95 -3 3.94
0 96.1 -5.68 3.27
0 96.36 -8.7 5.52
0 96.54 -5.25 3.36
0 96.13 0.57 2.84
0 96.76 -1.93 2.36
6811.61 96.53 -1.27 2.2
6811.61 96.28 -0.57 1.34
6811.61 96.54 1.85 1.82
6811.61 96.54 1.76 2.23
6811.61 96.79 -0.73 2.55
6811.61 96.39 -1.48 1.17
6811.61 96.5 -4.23 1.26
6811.63 96.44 -2.91 1.92
6811.62 96.63 -4.63 2.91
6811.84 96.13 -6.65 2.93
6812.01 96.18 -7.73 2
6811.61 96.28 -10.49 3.58
6811.61 96.63 -10.85 2.83
6811.61 96.97 -8.36 2.53
6811.61 97.58 -8.18 1.37
6811.61 97.54 -9.38 1.29
6811.9 97.81 -10.97 2.34
6811.84 97.44 -12.18 2.76
6811.98 97.3 -11.05 3.14
6811.62 97.69 -10.21 2.51
6811.61 97.76 -9.75 1.34
6811.61 97.47 -10.01 1.09
6811.61 97.6 -8.7 1.45
6811.61 97.58 -9.27 1.12
6811.65 96.95 -6.57 2.25
6811.81 97.43 -9.27 3.97
6811.61 97.15 -10.45 1.75
6811.61 96.66 -10.64 2.36
6811.61 95.93 -5.61 3.05
6811.61 95.72 -4.92 2.7
6811.61 95.32 -2.24 3.82
6811.61 95.68 -3.65 2.69
6811.61 95.98 -3.32 3.06
6811.61 96.56 -5.19 2.29
6813.1 96.53 -7.99 1.71
6817.53 96.75 -8.05 1.84
6811.64 96.49 -6.89 2.89
6811.61 96.95 -5.96 2.79
6811.61 97.46 -13.48 2.84
6811.61 97.08 -14.31 2.35
6811.61 97.07 -11.88 2.2
6811.61 97.14 -9.8 2.28
6811.61 97.69 -11.82 2.3
6811.61 97.41 -13.18 1.63
6811.61 97.43 -11.49 1.79
6811.61 97.19 -8.01 1.76
6817.49 97.25 -9.75 1.69
6811.61 97.22 -10.88 1.63
6811.61 97.45 -8.4 2.03
6812.46 96.5 -6.85 3.48
6811.62 96.93 -9.54 4.51
6811.61 97.15 -9.48 2.74
6811.61 96.47 -6.07 1.92
6811.61 95.67 -1.8 3.42
6811.61 96.17 -2.91 2.42
6811.61 97.12 -7.83 3.55
6811.61 96.76 -7.66 3.72
6811.61 96.07 -2.73 4.5
6811.61 96.79 -7.36 3.51
6811.61 95.38 -0.37 5.43
6811.61 96.13 -6.13 2.94
6811.61 96.27 -6.4 1.8
0.36 95.84 -3.34 2.18
0.13 95.81 -4.08 4.68
0 96.71 -11.32 4
0 96.93 -11.46 2.09
0 97.09 -11.54 1.55
0 97.31 -9.66 1.75
2.02 97.02 -10.12 1.68
6.9 97.03 -11.62 3.26
0 97.66 -13.15 3.57
0 97.51 -13.56 1.59
0 96.93 -11.64 1.62
0 97.54 -11.81 1.7
0 97.55 -11.64 1.88
0.06 96.68 -4.98 2.89
0 96.72 -5.37 1.94
0.2 97.3 -5.84 2.02
0 97.86 -7.85 2.23
0.8 97.45 -8.97 1.74
1.74 97.15 -8.19 1.66
0 97.12 -7.32 1.79
0 97.04 -4.86 1.95
1.78 97.53 -6.33 1.63
0.13 97.37 -4.01 1.31
0 96.9 -1.26 1.58
0 96.74 1.85 2.1
0.54 96.42 4.59 4.17
3.93 97.12 -2.27 4.35
0.04 96.88 -5.79 1.66
0 96.71 -4.4 1.74
0.26 96.67 -4.4 2.05
0.4 96.65 -4.73 1.72
1.99 96.94 -3.66 2.86
0 97.01 -5.42 3.12
0 97.2 -6.81 2.56
0 97.19 -5.59 2.25
0 96.7 -4.37 2.07
0 96.99 -4.75 2.57
0 96.53 -2.51 2.34
0 96.2 2.35 3.96
0 96.88 -0.26 3.99
0 96.51 -1.29 2.07
0 96.03 1.95 2.88
0 95.67 7.54 2.6
0 96.13 5.07 2.45
0 95.55 8.02 4.28
0 96.73 4.67 2.17
0.08 96.62 4.01 3.71
0 96.94 4.15 4.85
0 96.37 6.59 2.6
0 96.37 8.07 3.16
0 96.69 8.16 2.71
0 95.65 13.13 4.65
0 95.62 12.13 2.47
0.03 95.62 11.63 2.45
0 95.74 11.59 3.01
51.47 95.45 11.94 3.01
19.65 95.91 10.41 2.78
0 96.13 11.27 2.19
1.29 96.27 9.7 2.12
0 95.72 12.18 2.48
0 96.4 8.77 3.9
0 96.83 3.39 4.42
0 96 6.61 4.64
0 96.61 5.5 3.69
0 95.97 13.12 3.64
0 95.92 14.71 1.79
0 95.8 14.46 2.31
0 95.97 12.5 4.15
0 96.76 9.82 2.04
0.84 96.37 11 1.8
0.39 96.09 11.95 2.06
0 96.2 13.83 1.99
0 96.06 17.99 3.49
0 96.66 13.8 3.32
0 95.99 13.79 2.31
9.35 95.96 9.63 2.58
0.02 96.65 9.43 3.06
20.74 96.51 8.4 2.67
0.05 96.04 10.09 683.7
0 96.11 12.23 3.57
0 95.82 14.82 2.85
0.98 95.51 17.34 3.91
5.85 95.77 18.07 4.56
0.28 96.22 17.19 4.15
23.66 96.5 12.24 3.44
0 96.73 13.03 2.41
0 96.57 14.17 2.22
0 95.97 15.56 1.64
0 95.41 18.97 2.25
3.56 95.32 19.12 4.47
131.26 95.98 7.88 4.92
5.56 95.63 9.67 4.33
15.8 95.81 5.79 5.31
0.09 96.06 8.06 4.12
0.25 95.51 12.09 2.6
65.39 95.47 8.93 3.69
1.79 96.03 12.53 2.12
61.56 96.37 11.07 2.36
3.43 96.27 12.77 2.29
271.14 95.34 9.51 2.63
90.53 94.44 14.96 3.82
0 94.61 18.22 3.82
0.1 94.97 15.13 3.6
0 94.76 14.81 3.16
0.06 95.54 17.05 2.75
2 95.92 17.1 2.13
2.41 95.52 19.6 3.04
101.35 95.22 16.73 2.58
7.4 95.22 17.44 2.56
0.02 95.33 19.49 2.41
0 95.39 21.75 2.61
0.37 95.67 25.08 3.9
45.58 95.58 17.49 3.06
0.8 95.04 17.43 5.14
0 94.5 21.58 4.06
11.33 94.27 19.29 2.84
0.3 94.74 23.03 3.16
0 94.8 24.56 81.36
0.11 95.44 25.22 2.7
0 95.38 27.64 3.56
4.7 95.58 24.11 2.92
1.03 95.72 22.32 2.82
0 95.59 22.74 2.2
1.36 95.38 22.86 1.89
29.41 95.23 23.84 2.41
229.81 95.38 16.99 2.71
173.31 95.21 14.17 3.3
40.25 94.95 16.6 2.67
53.62 95.29 16.31 2.41
48.12 95.68 16.03 1.86
22.74 95.72 18.73 1.98
23.86 95.5 20.47 2.54
10.8 95.54 21.51 2.18
0.02 95.41 22.3 2.08
4.27 95.22 23.79 1.96
79.51 95.06 20.93 2
113.55 94.95 20.22 2.43
109.67 95.04 19.47 2.29
5.43 95.33 20.01 1.84
44.1 95.48 19.87 1.93
4.98 95.61 19.57 1.63
92.39 95.65 19.24 2.07
1.29 95.51 22.1 1.88
0.12 95.14 24.02 2.37
13.14 94.98 23.35 3.44
31.58 95 22.64 3.78
0.78 95.4 22.56 3.87
1.23 95.34 23.25 3
0 95.43 24.62 1.75
0 95.41 25.13 1.78
14.55 95.37 23.94 2.59
128.18 95.09 21.06 2.54
34.52 94.81 23.45 2.63
0.21 95.27 25.08 2.12
0.73 95.38 25.42 3.16
3.29 95.22 25.54 2.31
3.74 95.02 25.07 3.06
14.23 94.9 24.23 3.85
0 95.1 24.02 2.69
0 94.8 24.55 3.25
4.8 94.89 23.17 2.98
6.52 95.09 22.59 2.78
0.57 95.01 23.51 2.46
2.46 95.11 24.41 1.99
22.4 95.1 23.92 2.62
163.63 95.18 22.1 81.41
12.36 95.4 22.76 80.69
0.53 95.47 26.06 1.86
1.13 95.56 28.42 2.49
2.83 95.19 29.23 4.36
98.4 95.03 24.67 2.56
0.22 95.34 22.65 1.6
0 95.06 24.89 2.43
0.11 95.43 23.15 1.65
0 95.48 22.9 1.82
0.01 95.68 23.37 1.9
3.44 95.57 25.23 2.25
6.24 95.09 27.12 3.28
9.02 95.12 25.73 3.77
12.54 95.28 24.09 2.3
0 95.36 25.9 2.69
0 95.32 27.28 2.84
2.54 95.16 27.06 2.55
21.04 95.11 26.04 2.02
81.47 95.37 20.96 2.58
2.13 95.35 22.49 2.09
0 95.61 22.94 2.62
0 95.75 22.21 1.7
0.01 95.63 23 2.04
33.63 95.38 22.4 2.21
38.42 95.09 21.91 2.16
5.19 95.24 23.06 3.29
0.28 95.46 21.89 2.11
26.5 95.54 19.21 1.9
26.49 95.45 19.33 1.72
14.42 95.46 20.45 2.18
9.48 95.6 20.83 1.72
2.25 95.73 21.51 1.89
9.64 95.92 21.51 1.53
0.3 95.85 22.82 1.57
0.5 95.53 24.81 2.33
5.41 95.5 24.63 2.05
24.21 95.46 23.91 2.03
37.86 95.3 23.23 2.14
199.65 95.55 19.82 2.17
3.35 95.84 20.17 2.29
0 95.96 21.02 1.8
0 96.06 22.62 1.96
5.92 96.2 21.31 1.83
3.47 96.24 21.15 1.56
0.75 96.21 21.49 2.27
10.48 96.03 20.38 1.63
13.84 96.01 20.27 1.99
276.94 95.93 16.57 2.24
1.4 95.57 17.86 1.9
0 95.23 20.4 2.54
0 95.8 18.98 1.57
0 95.81 20.41 1.62
4.85 95.4 20.94 2.84
0.07 95.66 18.91 2.8
0 95.85 16.14 1.44
0.01 96.12 17.59 1.72
0.09 96.13 18.72 1.92
17.45 96.18 17.57 1.36
0.31 96 19.2 2.53
0.11 96.28 16.44 3.02
0 96.39 14.39 2.63
0 96.45 13.91 1.58
0 96.52 16.23 1.34
0 96.49 17.27 2.08
7.51 95.83 17.33 2.41
52.46 95.77 15.03 2.69
0.05 96.38 14.41 1.63
0.41 96.43 16.49 2.13
78.41 96.58 13.15 1.95
24.85 96.35 13.27 1.8
0 96.28 13.72 1.58
58.96 95.66 14.57 2.57
0.13 96.19 13.76 2.22
1.35 96.12 14.41 2.85
26.23 96.87 7.2 3.93
0.17 97.01 6.02 1.7
60.87 96.15 6.91 1.6
44.05 95.99 7.57 2.37
0 96.33 8.67 1.52
67.48 96.58 7.93 1.41
10.2 96.99 8.76 2.32
0 96.83 9.51 2.05
0 96.41 12.68 1.83
0 96.3 14.27 2.4
0 96.46 16.39 2.48
0 96.76 13.82 1.75
0.65 96.62 14.65 3.01
0.37 97.58 9.47 4
0 97.16 5.15 2.04
0 96.25 8.27 2.24
0 95.75 10.66 4.82
0 96.33 9.96 3.15
0 96.03 13.11 2.37
0 96.15 13.72 2.38
0 95.87 16.65 3.87
0 96.67 8.44 3.25
0 97.09 3.86 2.12
0 96.56 5.66 1.89
0 95.75 11.03 3.16
0 95.46 13.74 3.13
0 95.65 12.08 2.13
0 97.13 5.26 5.28
0 97.58 2.52 1.69
0 97.02 3.43 1.62
0.05 96.72 7.72 1.79
5.59 96.86 8.86 24.55
2.5 96.62 6.46 1.74
7600 96.23 7.41 2.96
7600.04 96.4 4.58 4.04
7599.99 96.21 6.7 2.61
7599.99 95.84 8.14 3.53
7599.99 96.16 7.22 3.36
7599.99 97.46 0.24 3.47
7599.99 97.46 -1.54 1.77
7599.99 97.03 0.66 1.84
7599.99 96.8 3.97 1.84
7599.99 96.48 4.11 1.81
7599.99 96.12 2.57 3.11
7600.03 96.59 -3.65 5.72
7599.99 96.63 -2.16 2.88
7599.99 96.97 -2.24 1.74
7599.99 97.09 -1.36 1.56
7600.13 96.92 0.84 1.91
7599.99 97.26 -1.83 1.79
7599.99 97.19 -0.73 1.45
7599.99 96.52 1.59 2.76
7599.99 95.93 3.74 3.72
7599.99 96.42 0.95 2.57
7599.99 96.99 -1.73 2.07
7600.06 96.73 1.17 2.55
7599.99 97.12 -2.31 1.89
7599.99 96.25 -2.71 2
7599.99 95.75 683.46 4.57
7599.99 96.86 -2.05 2.07
7599.99 96.4 -1.96 1.54
7600 96.21 -0.52 2.06
7600.88 96.28 -0.66 4.82
0 96.88 -10.57 6.28
0 96.69 -10.42 3.6
0 96.4 -10.41 5.1
0 96.57 -10.44 4.09
0 96.67 -10.42 3.56
0 96.9 -9.39 2.24
2.46 96.94 -9.19 1.79
0 97.46 -10.62 1.65
0.03 97.34 -7.66 2.6
2.34 96.63 -3.86 4.56
0.06 97.09 -8.64 2.95
0.02 96.68 -9.52 3.75
0 96.86 -10.76 2.5
0 96.9 -9 1.86
0.31 96.81 -8.54 3.74
0 96.9 -11.81 3.74
0.01 96.97 -10.83 2.29
0 96.95 -8.49 2.43
0.14 96.56 -5.64 3.95
0 96.9 -9.47 3.57
0 96.57 -9.66 3.55
0 96.34 -3.8 2.6
0 96.35 -2.89 3.07
0 97.2 -4.89 3.7
0 97.46 -5.2 2.58
0 97.24 -7.51 1.56
0 96.81 -4.71 2.17
0 96.2 -5.27 1.94
0 95.53 -3.65 3.04
0.09 96.26 -5.96 81.36
0.03 96.98 -9.78 5.27
0.11 97.02 -10.59 2.9
0 96.94 -6.98 3.03
0 95.68 -2.46 3.62
0 95.93 -2.95 1.91
1 96.24 -2.55 4.39
0 96.82 -7.33 3.2
0 97.2 -9.11 1.65
0 97.11 -9.31 1.72
0 96.94 -5.87 2.36
0.1 96.48 -4.08 3.39
0 97.54 -7.19 2.41
0 97.73 -9.03 1.76
0 97.24 -5.93 1.79
0 97.39 -8.23 1.91
0.32 97.04 -8.8 1.92
3.93 97 -9.51 3.47
0 97.14 -8.86 1.89
3.36 96 -4.82 3.18
0.03 96.71 -8.3 2.12
0.04 96.6 -7.76 1.88
1.6 97.11 -7.39 2.54
0 96.61 -8.29 1.82
0 96.03 -3.76 3.05
0 96.95 -5.83 2.07
2.11 96.59 -5.17 1.6
3.5 97.14 -8.06 3.73
0 97.69 -11.52 2.9
0 97.56 -11.64 1.83
0.08 96.92 -7.83 3.31
0 97.54 -9.73 3.57
0 97.83 -9.2 2.03
0 97.63 -7.75 1.62
0 97.47 -7.53 1.55
0.08 97.32 -4.96 2.24
0.05 97.23 -5.62 3.38
0 97.12 -3.78 2.85
0 96.47 -1.2 3.1
0.03 97.34 -9.73 5.69
0 97.47 -11.62 3.59
0 96.72 -6.09 2.73
0 96.04 -3.48 2.06
0.01 96.07 -5.24 3.21
0 96.3 -5.9 2.59
0 95.93 -5.12 1.89
0 95.71 -0.36 2.33
0.01 96.4 -2.87 1.7
14.15 96.13 -0.79 2.78
0.01 96.73 -1.3 4.31
0 97.41 -3.15 2.82
0 96.94 -3.81 3.02
15.58 96.13 -0.13 3.53
26.57 95.56 -0.23 5.15
0.12 95.95 -4.85 5.52
0 96.26 -5.72 2.14
0 95.9 -5.33 1.85
1.2 96.33 -6.47 3.07
0 96.75 -8.35 3.41
0 97.42 -6.19 2.05
3.54 96.47 -2.5 4.67
0 96.1 -0.4 3.1
0.03 95.68 -2.41 2.44
0.17 96.33 -5.96 5.75
0 96.9 -5.91 3.13
0 96.65 -2.92 3.18
0 95.98 1.81 4.43
0 96.27 2.06 2.76
2.21 96.83 -2.52 3.52
0 97.65 -8.74 5.86
0 97.01 -4.37 3.12
0 96.61 -3.32 3.89
0 96.13 -2.82 2.91
0 144.61 679.67 683.26
0 96.26 0.34 3.62
0 95.88 5.81 3.54
0 95.8 5.99 3.33
0 96.54 3.78 2.64
0 95.83 6.51 3
0 96.06 6.86 3.46
0 96.19 6.2 2.59
0 96.11 6.8 3.8
0 97.1 2.39 4.01
0 97.29 2.79 2.64
0 97.49 3.68 1.79
0 97.23 7.52 2.97
0 96.99 12.86 4.05
0 96.2 13.63 5.13
0 95.73 12.5 3.62
0 95.91 10.79 3.46
0 95.45 14.02 4.32
7.72 96.39 7.03 3.36
0 96.53 5.46 1.77
203.18 94.98 2.87 2.49
1.09 95.79 4.87 2.46
1.63 95.75 5.57 1.94
0.18 96.24 4.67 4.19
0 97.4 0.01 4.21
0 97.39 0.68 3.11
0 96.61 5.03 3.23
0.14 96.32 8.17 3.06
0.11 96.53 8.62 2.55
25.91 96.73 7.39 3.22
178.96 97.28 0.62 4.33
0.73 96.91 3.94 2.24
0 95.31 11.07 2.08
0.47 94.44 14.42 4.6
2.83 95.33 9.25 5.16
0 95.41 11.92 2.56
0.04 95.7 12.92 2.86
0.03 96.15 11.25 3.84
0.01 95.79 11.77 3
0.03 95.68 12 2.84
0 95.96 14.5 3.98
0 96.11 14.89 4.83
0 96.42 14.62 2.63
0 95.77 20.96 4.16
0 95.39 24.55 4.36
20.72 95.14 20.82 4.69
25.89 95.74 16.63 2.38
0 95.79 19.14 2.2
0 95.7 20.55 2.83
7.9 95.48 17.82 3.81
30.41 95.57 15.67 2.33
0 95.79 13.88 4.93
0 95.67 14.05 4.65
0 95.08 15.56 5.57
0 95.68 12.89 2.56
0.6 95.57 13.46 4.84
27.53 95.9 7.64 2.34
0 96.27 9.14 1.84
60.53 96.17 9.1 2.38
78.94 95.23 7.76 1.89
14.57 93.94 11.12 3.59
0.36 94.02 19.27 3.48
2.11 95.3 16.94 5.28
0.01 95.95 16.53 4.14
0 95.39 18.76 3.42
21.29 94.56 19.32 4.54
32.35 94.7 15.59 4.87
1.46 95.1 14.09 5.44
0 95.92 18.32 4.07
0 95.58 21.78 3.6
0 95.44 22.57 2.86
2.33 95.37 22.62 2.99
0.05 95.2 24.68 3.49
0.22 95.12 25.67 4.08
3.06 95.25 24.73 2.98
0.14 95.26 23.39 3.27
4.81 94.95 23.35 3.94
0.76 95.23 21.05 3.35
0 95.36 20.23 2.78
0 94.54 25.06 6.82
9.57 94.99 22.88 3.11
2.84 95.54 19.71 3.79
0 95.76 21.65 3.28
56.25 95.05 18.67 3.65
47.77 94.53 18.55 2.55
74.66 95.01 18.53 2.39
0.36 95.34 19.97 3.21
1.54 95.05 20.07 2.77
6.29 95.09 18.81 2
133.45 94.87 16.84 2.58
234.13 94.35 16.27 2.46
66.91 94.43 16.88 1.8
74.44 95.29 17.7 2.26
0.36 95.56 20.73 2.12
25.87 95.41 22.35 1.88
0.37 95.12 23.19 1.9
220.64 95.11 20.35 2.37
7.49 95.31 18.97 3.11
93.04 95.76 16.93 2.57
0.1 95.85 21.42 2.34
0 95.5 23.71 2.12
4.47 95.25 23.9 3.22
0.26 95.38 23.52 2.66
10.56 95.18 23.61 3.27
14.13 94.89 21.93 2.38
107.51 94.84 21 1.84
0.93 95.29 22.12 1.64
4.25 95.35 23.77 2.27
179.08 95.49 17.74 2.2
26.33 94.91 18.19 1.95
29.39 94.45 19.18 3.34
6.84 95.02 17.48 3.05
0.17 95.61 18.83 2.28
58.47 95.61 19.77 2.14
18.14 95.74 20.56 1.87
0 95.72 22.27 2.02
0.24 95.58 23.69 2.15
3.88 95.73 24.6 2.21
0.2 95.96 25.76 2.54
3.92 95.8 23.98 2.75
0.65 95.48 25.38 2.14
1.29 94.94 26.39 2.1
0.18 94.74 26.7 3.39
6.83 95.11 26.69 2.47
13.74 95.52 24.89 2.3
21.38 95.71 21.87 2.29
13.21 95.57 22.32 1.61
42.59 95.41 23.2 1.85
99.42 95.56 22.9 2.36
43.71 95.5 23.22 2.37
32.51 95.2 24.15 2.38
46.57 95.17 23.18 2.27
14.69 95.17 23.16 1.63
19.03 94.99 23.12 1.97
11.68 94.81 24.26 2.02
9.56 95.17 25.39 2.62
19.53 95.28 24.76 2.08
39.47 95.05 24.64 2.34
85.1 95.03 23.96 2.29
305.68 95.4 21.91 2.41
11.62 95.62 22.51 1.67
1.6 95.44 23.71 1.91
35.08 94.96 24.87 3.01
0.12 94.92 23.77 2.32
1.08 94.78 25.34 2.29
2.27 94.96 25.82 3.03
15.73 95.37 24.35 2.53
22.96 95.91 22.97 2.35
57.58 95.94 23.1 1.87
12.4 95.83 24.19 2.1
0 95.87 23.92 1.79
0 95.69 24.42 1.61
0 95.53 24.63 1.47
0 95.22 25.7 1.85
2.44 95 25.86 2.14
0.05 95.29 24.19 2.33
0 95.35 23.93 1.86
1.53 143.65 700.04 682.93
40.09 143.93 700.57 683.07
60.42 95.84 20.6 2.12
32.5 95.53 19.62 2.25
4.26 95.33 20.84 2.29
36.67 95.45 20.34 1.77
9.13 95.77 20.5 1.87
18.38 95.99 20.45 1.92
11.9 95.91 20.73 2.53
38.07 95.78 20.67 2.37
0.04 95.71 20.93 2.27
16.1 95.58 19.95 1.83
8.42 95.74 19.1 1.6
14.33 95.89 19.33 1.7
100.67 96.08 18.16 1.66
95.02 96.11 19.07 2.1
3.43 96.07 21.22 2.11
0.46 96.24 20.17 2.06
9.22 96.11 18.79 1.48
29.84 95.92 18.2 2.24
0.02 96.06 17.52 1.74
0 95.96 19.39 1.56
2.55 96.12 20.91 2.43
19.06 96.78 16.72 2.35
1.72 96.7 15.59 1.72
39.7 96.15 13.99 1.82
21.23 96.09 14.43 2.94
0 96.01 19.54 2.3
0 96.35 19.92 2.57
0 96.49 19.38 2.68
0 96.32 19.71 2.44
3.83 96.31 19.39 1.63
10.45 96.36 18.69 1.95
0.02 96.43 17.04 1.86
2.19 95.94 17 2.31
3.68 95.74 19.39 2.58
42.16 95.61 18.3 3.24
41.4 95.71 15.08 2.16
43.25 95.66 14.79 1.83
14.15 95.61 15.77 2.82
0 95.91 14.27 2.3
0 96.09 16.6 2.54
0.22 96.93 13.74 1.5
2.48 97.41 11.6 1.89
7.04 96.27 15.73 3.21
59.79 95.51 11.3 5.19
0.06 95.45 13.94 4.33
0 96.45 11.38 2.18
0 96.77 14.05 2.38
0 96.26 17.89 3.57
0 96.15 18.21 2.3
0 95.92 18.41 3.46
0 96.25 11.03 3.56
0.35 95.59 6.4 2.96
4.35 95.75 6.06 5.01
6.7 96.05 10.13 4.29
0 96.46 11.81 2.32
0 96.55 12.95 1.9
0 96.28 13.87 1.87
0 96.23 14.53 1.88
0 96.25 15.51 2.54
1.65 96.38 14.29 3.11
0 97.18 6.6 2.76
0 96.06 10.35 2.78
21.35 96.64 6.12 2.12
30.89 96.96 5.3 1.95
1.3 107.6 164.62 79.78
0 107.07 164.94 79.67
0 97.19 7.25 2.61
0 97.17 4.43 1.69
7.86 95.91 7.65 4.72
0 95.96 4.42 3.01
0 96.57 2.28 3.2
0 96.9 0.51 3.83
0 97.34 0.47 2.72
0 97.39 2.99 1.58
0 96.72 5.01 1.68
0 96.53 6.07 1.41
0 96.51 8.83 3.42
0 96.68 10.59 3.26
0.82 97.83 1.88 3.9
47.74 97.9 -2.82 3.49
29.56 97.49 -2.8 3.51
5.45 97.01 -2.45 2.22
0.34 97.07 -2.45 1.53
0 97.26 -2.66 1.29
0 97.4 -0.52 1.39
0.15 97.23 1.52 1.43
0.01 96.51 3.78 2.07
0 95.85 6.31 2.59
0.15 96.71 2.78 2.5
5.09 96.6 -2.05 2.54
0 97.27 -4.16 2.62
5.07 97.18 -5.35 2.33
9.25 97.18 -6.89 2.39
5.76 97.19 -8.17 2.04
6.55 97.67 -8.8 1.83
18.43 98.14 -10.86 2.74
8.14 98.19 -12.01 3.28
0.07 98.1 -14.23 2.14
0.01 97.22 -13.77 2.73
0 97.14 -13.61 2.99
0.05 96.68 -11.78 1.35
0.2 97.13 -9.54 1.58
15.71 96.81 -5.65 2.09
0 96.72 -8.02 1.62
0.39 96.03 -3.43 2.33
0.13 95.8 -4.61 4.52
0.32 96.08 -6.81 5.55
0 96.45 -4.3 3.77
0 97.14 -4.84 2.13
0 97.32 -7.84 1.48
0 97.49 -9.13 1
0 97.03 -3.69 2.22
4.61 96.69 0.99 2.73
0.02 96.91 -0.44 4.13
0 97.28 -6.27 1.86
0 96.94 -6.09 1.48
0 97.06 -6.56 1.24
3.35 96.37 -4.87 2.73
0.03 96.42 -5.92 4.1
0.04 96.99 -7.68 5.36
0 97.09 -7.35 2.84
0 97.54 -5.54 1.92
0 97.54 -6.14 1.61
0 96.66 -3.19 2.41
0 96.87 -5.15 1.63
0 97 -7.82 1.5
0 96.86 -5.29 2.09
0 96.99 -9.13 2.15
0.01 95.96 -7.25 3.05
0 97.01 -12.15 4.06
0 97.77 -14.18 2.08
0 97.49 -8.87 1.86
0.2 97.05 -6.12 1.55
1.22 97.29 -6.96 1.57
0 97.3 -8.06 1.86
0 96.41 -2.86 2.62
0.01 96.42 -5.76 1.4
2.35 96.63 -7.86 1.93
0 97.08 -9.98 3.47
0 96.91 -11.51 2.64
0 97.18 -9.66 3.29
0 97.01 -9.51 2.85
0 96.83 -9.95 2.76
0 96.58 -9.66 2.37
0 97.35 -11.43 3.09
0 97.6 -12.35 2.66
0 97.06 -11.99 3.33
0.07 96.39 -10.86 3.53
0.09 96.16 -10.91 2.35
0 96.24 -11.34 1.79
13.97 96.87 -14.1 2.71
2.05 96.87 -17.74 2.87
0 96.49 -18.27 3.78
0 97.13 -17.89 1.87
0 97.65 -17.66 1.44
0.72 97.58 -16.94 1.78
0.58 98.08 -19.81 3.37
0 97.98 -22.94 5
0 97.42 -15.19 4.37
0 96.86 -10.45 2.88
0 96.73 -11.13 3.23
0 96.83 -9.56 2.93
0 97.36 -12.16 1.94
0 97.83 -15.26 2.09
0 97.62 -16.2 2.19
0 97.65 -13.17 2.98
0 97.51 -10.77 2.49
0 97.14 -8.98 2.24
0 96.9 -8.03 2.56
0 97.11 -7.86 3.48
0 97.03 -8.26 3.63
0 96.97 -6.87 2.62
0 96.07 -6.62 2.48
0.01 95.67 -3.5 3.41
0 96.36 -2.67 2.64
0 96.05 1.06 3.02
0.1 95.98 0.98 2.3
2.16 96.18 0.87 2.85
31.25 96.9 -7.35 5.94
0 97 -11.68 5.06
0 96.36 -8.84 3.83
0 96.21 -4.74 4.18
0 96.18 -1.74 3.89
0 96.13 -2.63 3.71
0.12 97.01 -6.17 3.35
0 96.99 -8.17 3.75
0 96.9 -9.23 2.64
0.01 96.96 -6.25 3.26
0 97.87 -9.85 2.47
0 97.49 -8.3 2.63
0 97.41 -7.75 2.77
0.07 96.74 -6.11 3.14
0.02 96.83 -6.28 1.96
0.11 97.1 -7.36 4.08
0.06 97.38 -8.12 3.45
0.03 96.43 -1.04 3.04
0 96.04 2.45 2.59
0 96.01 1.35 2.24
0.16 96.4 0.19 1.4
56.04 96.19 1.21 3.35
0.03 96.24 -0.63 2.26
4.46 96.47 -3.04 4.18
0 97.25 -6.69 4.51
0 97.36 -6.58 3.46
0.02 97.13 -5.83 3.41
0 96.62 -4.99 2.04
0 95.99 -0.77 3.99
0 96.72 -1.03 2.71
0 96.54 1.27 2.28
0 95.98 5.04 3.14
0 95.81 8.82 3.53
0 95.44 10 5.06
0 95.81 8.15 3.95
0 96.75 4.41 2.04
0 96.97 5.63 2.05
0 96.57 8.89 2.84
0 96.93 6.28 4.54
0.01 97.5 2.96 5.13
0 97.54 2.85 3.39
0 97.19 3.46 2.92
0 96.76 8.03 2.93
0 96.21 9.5 2.36
0 95.56 11.62 4.38
1.48 96.04 8.18 3.19
0 96.05 8.85 3.09
0 95.11 15.64 5.01
15.11 95.31 11.45 4.98
0.72 96.41 7.32 3.89
0 96.43 8.42 3.31
0 95.59 11.27 3.71
0.07 95.92 10.78 2.8
1.65 95.31 12.74 4.82
0 95.61 10.81 4.15
0 95.57 12.52 5.65
0 95.88 7.8 3.23
0 96.51 5.62 3.6
0 96.09 6.87 4.51
38.44 95.17 8.08 2.62
0.2 94.87 10.6 4.66
0 95.99 11.78 3.73
0.23 95.51 15.31 4.87
25.91 95.42 10.82 3.61
2.65 95.4 7.12 4.18
8.87 95.74 6.89 2.6
4.67 96.08 9.03 3.5
0.07 95.7 13.97 2.84
0 94.83 15.99 5.6
0 95.38 12.03 5.77
0 95.95 11.62 2.82
0 95.44 14.43 4.7
0.74 96.22 11.55 3.07
17.3 96.46 9.76 2.04
0.85 96.04 12.99 1.92
0 96.17 13.41 2.43
17.57 95.41 13.59 2.91
0.12 95.01 17.05 2.9
11.34 94.7 21.37 3.93
124.27 95.48 12.31 2.79
119.2 94.56 11.13 5.19
0 95.12 16.11 3.28
21.08 95.18 15.04 4.61
0.05 95.39 13.85 5.93
0 96.19 16.29 2.9
0 95.65 18.61 4.32
0.55 95.77 17.65 2.3
0 95.5 17.64 2.2
1.89 94.71 20.05 4.93
213.42 95.39 12.11 3.98
0 96.33 15.13 3.94
23.49 95.97 12.46 4.17
2.06 95.71 13.29 3.51
0 95.23 18.08 3.02
0 95.33 23.74 3.72
0 95.63 24.33 4.67
0 95.86 22.86 4.23
0 96.03 22.45 3.96
0.02 96.66 19.86 3.59
0.03 96.59 19.05 2.7
40.73 95.76 15.3 1.74
19.41 94.67 16.44 4.71
15.64 94.95 18.65 3.28
0.22 95.41 19.08 4.15
0 95.37 22.28 4.28
0.05 94.96 24.46 4.53
0 95.32 19.81 4.23
0 95.04 22.57 4.01
20.43 95.84 17.54 2.4
0 95.89 20.42 1.87
0 95.52 23.7 2.81
0.01 95.19 24.63 3.41
0.02 95.35 22.81 2.91
0.11 95.61 23.25 2.52
21.79 95.75 19.95 3.21
6.72 95.81 19.37 1.9
0.07 95.53 21.92 2.24
22.18 95.25 21.77 4
112.4 95.01 20.21 4.77
31.94 95.47 18.49 2.46
6.42 95.37 20.05 2.07
3.22 95.02 20.35 2.04
148.87 94.94 16.22 2.36
18.75 94.95 18.36 2.09
2.23 94.57 20.58 2.57
30.27 94.61 20.97 2.01
4.05 95.15 21.59 2.79
0.02 95.25 23.66 2.37
25.01 94.93 25.08 3.06
25.27 94.94 24.38 2.86
48.35 94.96 23.1 2.39
25.51 95.19 21.68 2.65
7.05 95.22 21.7 3.48
0 95.39 24.44 2.79
0 95.37 25.06 2.12
31.54 95.12 23.74 2.52
50.09 95.25 20.11 3.33
90 95.09 20.6 2.68
58.2 95.08 20.88 1.98
0 95.24 21.2 1.96
0.26 95.21 22.68 1.69
0 95.34 25.61 2.92
0 95.54 24.87 2.76
1.65 95.73 25.19 1.86
0 95.82 26.54 2.03
0 95.76 26.75 2.99
0 95.5 26.46 2.7
0 95.25 27.73 2.16
0 95 28.78 2.77
5.14 94.68 29.1 3.84
82.06 94.93 23.16 2.21
1.78 95.25 24.9 2.51
0.9 95.61 23.62 2.63
5.41 95.31 20.52 2.01
6.58 95.16 20.57 2.04
2.16 95.45 22.29 1.78
0.17 95.47 23.96 2.19
34.1 95.57 23.52 2.74
210.54 95.65 21.52 2.59
789.87 95.17 21.76 2.69
39.97 94.94 23.59 1.84
7.05 94.81 26.63 2.71
0.29 95.3 26.48 2.25
459.06 95.33 21.49 2.56
5.76 95.21 22.58 1.6
1.09 94.99 24.23 2.27
43.04 94.97 24.32 2.34
31.78 95.35 23.92 1.79
133.09 95.62 24.14 1.99
70.14 95.74 22.6 1.82
41.55 95.83 23.19 1.88
0.42 95.82 24.95 1.5
0 95.78 26.48 1.59
0 95.74 27.19 1.95
0 95.65 26.95 2.2
149.53 95.36 25.93 2.3
188.74 95.72 23.74 2.25
0 95.84 22.77 1.49
0 95.49 23.94 2.37
0 95.26 27.52 3.71
0.63 95.26 29.12 3.82
12.03 95.32 26.16 2.28
0 95.28 25.2 1.81
0 95.55 24.5 1.96
3.18 95.47 23.43 1.51
44.44 95.32 22.53 2.01
2.57 95.21 23.22 1.51
276.59 95.16 20.69 1.74
22.84 95.57 21.54 2.22
22.14 95.71 22.23 1.64
1.18 95.84 23.35 1.76
1.45 95.94 23.66 1.54
12.86 95.49 21.63 1.72
23.16 95.27 23.76 1.89
132.23 95.98 18.49 3.91
0 96.29 18.42 2.13
3.24 95.96 18.67 2.09
4.86 95.91 19.38 2.11
0 96.07 18.8 2.51
0 95.51 18.46 2.58
27.88 94.43 16.72 4.14
28.29 94.31 16.04 2.63
12.72 94.99 19.27 1.46
36.95 95.53 18.59 1.21
62.65 95.78 17.91 1.54
73.2 95.69 17.89 1.57
20.91 95.55 19.59 1.67
2.45 95.32 19.3 1.62
8.73 95.38 18.57 1.75
31.46 95.69 17.52 1.51
18.36 95.87 17.08 1.8
46.44 96.24 16.16 1.93
19.04 96.48 16.62 1.5
1.78 96.43 17.5 1.44
20.2 96.23 19.17 2.05
0.07 96.09 20.27 1.71
3.28 96.16 19.26 1.94
1.71 96.59 16.97 2.28
17.56 96.74 14.83 2.58
0.09 96.76 14.68 2.36
0 96.64 14.84 1.6
0.84 96.46 15.22 2.13
3.93 96.08 17.14 2.34
4.13 95.78 18.72 2.28
1.38 95.51 20.53 3.77
0.05 96.19 17.86 2.04
7.58 96 17.56 2.03
3.04 96.67 12.79 4.24
0 97.14 9.07 2.4
0.04 96.38 10.3 2.55
0.06 96 16.11 2.07
6.15 95.86 19.23 3.8
4.49 95.9 15.75 1.92
0.65 95.87 15.99 3.44
75.01 96.47 8.22 2.38
20.6 96.54 7.24 2.27
0.46 97.13 8.85 1.61
61.33 96.3 10.39 2.63
1.18 96.43 6.93 4.46
0 96.71 5.36 1.92
1.04 96.29 6.93 2.09
0 96.83 6.36 83.83
0.15 96.82 7.67 1.68
0 96.39 12.1 1.61
0 96.47 13.5 1.71
0.15 96.63 15.63 3.13
9.12 96.13 14.4 3.71
0 96.6 10.28 2.04
0 96.36 12 2.02
0 96.2 13.34 2.57
1.36 97.13 5.49 2.99
35.02 96.51 5.72 1.81
44.11 97.16 2.53 3.12
0 96.82 2.96 1.42
0 96.18 4.23 1.52
0 95.78 8.96 3.22
0 96.99 3.97 2.3
31.81 97.03 3.34 1.45
16.95 97.19 3.08 2.85
0.18 97.32 0.8 2.56
4.31 97 0.28 3.31
0 97.82 -4.2 2.95
0 97.46 -2.51 2.7
0 96.72 1.24 3.22
0 96.19 2.17 1.91
0 95.28 3.96 1.62
0 96.27 2.42 3.39
0.16 97.16 -0.72 2.04
9.08 97.35 -1.28 3.3
0 97.74 -3.29 1.97
0 97.17 -2.24 2.25
2.29 95.67 2.87 3.63
2.54 95.9 -0.91 1.76
0.37 96.42 -0.31 1.75
0 95.91 4.27 3.61
0 96.53 2.23 4.78
0 96.88 -2.86 2.14
0 96.57 0.44 2.25
0 96.53 -0.49 2.66
0.47 95.95 1.62 2.48
3.15 96.45 -3.78 2.58
21.51 97.05 -6.88 1.65
51.28 97.36 -8.54 2.89
0 97.74 -10.96 3.08
0 97.43 -10.44 2.88
0 96.95 -7.9 2.5
0 96.59 -5.4 2.2
0 96.12 -1.79 3.5
0 96.9 -5.29 3.33
0 97.34 -3.95 1.93
0.06 97.66 -4.46 1.99
4.89 96.47 -0.29 3.74
0 97.22 -2.73 3.58
0 96.94 0.53 2.64
0 96.2 2.96 3.42
0 96.27 -0.58 2.6
0.3 96.92 -4.98 3.44
0 96.42 -5.06 3.06
0 96.62 -6.31 2.13
2.9 96.01 -3.45 3.43
0 96.97 -7.09 2.21
0 97.12 -7.87 1.43
0 96.54 -5.33 2.95
5.22 96.83 -3.3 2.54
0 97.45 -7.95 3.61
0 97.4 -9.88 2.36
0.01 97.38 -9.05 3.14
0 96.6 -4.71 2.54
0 96.55 -4.27 1.33
0 96.71 -4.03 1.14
0 96.76 -3.71 1.37
0.05 97.11 -3.46 1.2
0.08 97.13 -4.72 2.65
4.13 96.76 -8.97 4.01
0 97.19 -9.63 2.83
0 97.14 -10.31 1.35
0.03 96.9 -5.42 3
2.32 97.57 -8.96 3.74
0 97.48 -11.34 2.16
0 97.15 -9.18 3.82
0 97.39 -9.09 2.98
0 96.89 -7.97 1.72
0 96.76 -7.04 1.48
0 96.53 -3.04 3.05
0 96.7 -4.59 2.4
0 96.38 -2.33 2.54
0 96.99 -5.39 1.56
0 97.33 -6.99 1.34
0 96.83 -4.17 1.22
6.78 96.84 -3.81 1.72
11.11 96.41 -4.2 2.25
0.01 96.61 -7.23 3.32
0 96.87 -9.95 3.42
0 96.62 -10.06 2.58
0.01 96.35 -11.08 2.78
0 96.47 -9.88 4.28
0 97.45 -11.37 2.15
0.09 97.44 -13.11 1.45
0.02 97.35 -12.49 1.42
0.22 97.13 -10.49 1.91
0 97.45 -11.13 1.74
13.36 97.12 -12.07 2.87
0 97.21 -13.14 2.37
0 96.79 -11.83 4.5
0 97.5 -13.54 2.61
0 97.63 -13.87 1.76
0 97.75 -12.46 1.43
0 97.15 -8.16 2.02
0.04 96.34 -3.26 5.09
0 96.93 -6.3 3.53
0 96.37 -7.03 2.58
0.27 97.15 -10.32 4.3
0 97.52 -9.61 3.37
0 96.92 -7.19 3.11
0 97.66 -7.58 3.48
0 97.05 -4.95 2.28
0 96.49 -4 1.81
0.42 96.11 -0.69 2.35
0 96.47 -4.67 3.5
0.01 97.43 -6.23 2.91
0.01 97.39 -7.27 1.19
0.02 97.15 -7.88 5.35
0.01 96.69 -8.88 5.75
0 96.89 -8.79 4.78
0 97.01 -7.06 2.93
0 97 -6.54 1.67
0 97.47 -5.05 1.93
0 97.36 -3.8 2.29
0 96.16 2.19 3.36
3.81 96.45 -2.41 4.57
0 97.11 -6.5 3.11
0 96.55 -5.5 2.57
0 95.41 -2.5 4.66
0 97.19 -6.82 4.67
10.02 97.04 -5.95 2.79
19.83 96.33 -3.43 4.41
0 96.86 -4.11 3.54
0 96.57 -1.81 3.39
0 96.51 -0.45 3.08
0 96.75 -0.76 1.63
0 96.38 1.88 2.98
0 96.33 1.47 2.92
1.04 96.74 -3.87 4.04
0 95.97 -0.83 2.7
0 96.03 0.2 1.87
0.05 96.24 -2.48 2.46
0.17 96.66 -4.36 3.74
0.03 96.42 -6.6 3.78
0 96.41 -4.49 4.45
0 95.91 0.25 3.96
0 95.73 1.13 3.17
0 95.96 3.33 1.97
0 96.2 5.26 3.05
0 97.02 0.66 4.6
0 97.06 1.32 2.81
0 97.03 1.84 2.44
0 96.77 3.05 1.81
0 96.38 3.63 1.69
1.22 96.28 4.68 2.18
0 96.8 5.96 2.16
0.08 96.91 5.56 2.39
0.61 96.93 2.78 3.53
0 96.78 2.21 2.45
0 96.53 3.34 2.22
0.55 96.92 2.72 1.78
4.93 96.63 1.62 1.56
2.21 96.43 3.28 2.3
0.26 96.34 2.94 2.32
0 96.53 3.69 2.62
0 96.33 5.96 2.53
0 96.24 9.64 3.6
0.05 97.05 4.98 2.79
0 96.87 5.2 2.41
0 96.26 6.05 1.78
0 96.26 9.58 2.13
0 96.19 13.03 3.36
0 95.89 16.68 4.13
0.4 95.66 13.86 3.68
2.85 95.69 10.68 3.61
0.99 95.78 10.28 2.8
0 96.49 9.57 4
0 96.51 9.49 1.96
0 95.5 13.28 3.38
0 96.05 8.85 4.28
0 95.99 7.67 2.6
0 95.34 12.84 4.5
0 94.91 15.53 3.22
0 95.33 16.94 3.3
0.15 95.71 15.01 3.09
1.17 94.59 15.39 4.56
0.34 94.75 9.18 5.96
2.8 95.21 8.42 3.27
2.68 95.52 10.48 3.6
0 95.95 10.92 2.43
0.01 95.29 14.21 5.03
0 95.56 10.74 3.07
0 95.85 10.29 3.2
0.01 96.51 9.71 3.53
0 96.53 11.27 4.58
0 95.68 15.75 4.41
0 95.14 17.84 3.27
0 94.8 21.17 4.38
0 95.7 17.64 2.64
0 96.09 18 2.57
0 96.04 21.23 4.15
1.48 95.98 19 5.6
19.41 95.9 15.43 3.25
19.27 95.59 11.01 5.81
0 95.81 11.74 6.23
0 95.67 18.42 3.82
0 95.38 21 2.69
0 95.16 20.44 4.7
0.48 95.12 19.2 3.25
0.05 95.24 16.33 5.07
0 95.14 14.37 4.36
1.63 95.33 13.42 4.68
0.29 96.05 14.73 4.84
0 96.03 17.23 2.41
0 95.26 20.19 1.93
0 95.08 23.71 2.6
0 95.06 28.61 4.41
1.16 95.41 27.2 3.52
0.49 95.7 24.29 3.29
4.83 96.02 17.17 3.73
191.99 96.15 10.71 2.42
0.02 95.94 16.69 2.21
0.02 95.5 19.87 2.18
0.11 96.03 15.97 3.48
0 95.63 18.67 2.45
0 95.26 21.1 3.11
0 95.46 22.3 3.7
25.93 95.81 17.42 2.8
0.59 95.28 20.21 3.04
22.87 94.79 20.16 3.01
0 95.27 17.55 3.39
89.56 95.62 12.03 2.04
0 95.71 16.4 2.56
0 95.7 20.58 2.56
0 95.87 21.89 2.39
23.59 95.58 16.1 2.48
1.28 95.28 18.84 2.62
0.33 95.15 22.72 3.81
0 95.25 21.68 3.65
0 95.63 19.57 1.89
10.07 95.79 18.55 1.93
18.54 96.08 18.93 1.82
0 96.08 21.27 2.08
0 95.6 27.44 2.59
0.11 95.33 28.56 2.1
4.37 95.2 27.49 2.7
6.49 95.1 25.42 2.85
41.12 95.11 22.61 3.23
140.27 95.05 19.93 2.03
10.63 95.07 20.65 2.41
0.44 95.26 22.09 2.26
45.68 95.62 19.69 1.63
97.87 95.53 18.05 1.6
6.82 95.24 19.75 1.5
5.79 95.21 21.83 1.57
0 95.38 24.36 1.79
15.8 95.29 25.35 2.78
8.68 95.31 26.06 3.27
0.08 95.21 27.1 3.61
7.46 95.06 27.22 2.88
18.03 94.94 27.64 2.78
65.53 95.15 24.53 2.23
0.41 95.25 25.57 2.03
14.46 95.4 25.07 1.88
76.07 95.57 23.69 1.55
87.63 95.36 24.16 2.71
618.5 94.51 23.25 2.61
22.58 94.47 25.22 3.29
70.4 94.66 24.17 2.5
0.56 94.58 24.58 1.73
0 94.86 26.2 2.57
0.7 94.94 28.67 2.94
32.9 94.74 28.34 3.61
16.55 95.12 26.36 2.22
17.56 95.48 26.43 1.9
0 95.6 27.27 2.1
0 95.55 28.36 2.41
0.01 95.28 28.42 3.25
52.6 95.05 26.62 2.83
47.53 95.01 23.57 2.74
69.73 95.75 21.76 2.4
17.54 95.74 21.78 1.62
2.34 95.29 23.8 1.2
2.95 95.38 23.97 1.69
0.37 95.63 24.36 1.84
28.3 95.31 22.31 2.49
1.55 95.47 23.3 2.39
0 95.99 23.36 1.79
0 95.58 23.62 1.64
28.13 95.16 24.38 2.44
0.08 95.34 25.45 2.08
0.66 95.42 26.23 2.68
32.74 95.15 25.63 2.26
929.8 94.56 23.74 2.53
9.27 94.97 25.19 1.51
91.35 95.02 24.83 2.23
53.67 94.84 23.24 1.88
4.15 94.9 24.08 2.09
29.44 94.77 23.18 1.61
37.34 94.61 21.23 1.58
6.3 94.71 23.54 1.55
9.39 95.11 24.33 2.54
52.12 95.5 23.29 2.11
0.31 95.64 23.9 1.75
36.82 95.57 22.24 1.72
22.02 95.46 22.1 1.62
236.13 95.52 20.28 1.89
89.24 95.67 21.02 1.79
37.84 95.82 21.8 1.6
23.46 95.86 22.34 1.62
7.6 95.51 22.66 1.88
0.75 95.23 25.39 1.92
56.35 95.67 23.06 2.21
226.75 95.57 19.75 2.05
0.07 95.57 20.73 3.11
0 95.67 18.81 3.46
0 96.01 19.76 2.17
17.31 95.76 17.25 3.01
7.5 96.16 16.49 2.74
0 96.32 15.01 2.29
0 96.02 17.21 2
0.71 96.02 17.61 1.65
4.65 95.86 19.74 1.78
11.99 95.92 19.4 1.95
5.74 95.82 20.3 2.79
2.29 95.65 21.35 3.03
0.04 95.49 20.91 3.39
0 95.42 19.46 1.71
0 95.22 21.4 2.32
0.56 95.75 19.13 2.64
7.75 95.84 18.61 2.02
68.61 95.71 17.46 1.92
0.07 95.92 16.9 2.1
0 96.33 15.68 2.06
0 96.6 16.53 1.66
2.49 96.54 18.54 2.18
6.75 96.37 19.27 2.08
1.37 95.92 19.39 2.57
0.02 95.74 17.37 2.15
0 95.17 19.36 2.48
0.22 95.62 16.31 2.94
0 96.03 15.82 1.91
0.66 95.39 19.39 3.14
40.44 95.39 17.39 3.43
0 95.6 18.38 3.97
0.1 95.86 18.7 2.61
14.62 95.86 16.71 2.5
26.91 96.13 13.5 2.17
0.13 96.12 10.41 2.27
0 95.99 9.68 3.22
0 95.83 10.45 2.13
0 95.97 13.74 2.94
0.08 96.11 16.06 3.85
0 96.89 9.51 2.46
0 97.24 8.02 1.93
0 97.03 9.74 2.51
0 96.33 14.15 3.46
0 96.09 15.45 3.51
0 96.38 14.26 1.94
23.4 96.69 12.59 1.49
150.16 97.29 9.08 3.16
20.58 97.32 5.86 3.08
0.86 97.14 5.19 2.79
1.13 96.78 4.99 2.09
0 96.63 6.88 2.9
0.01 97.25 5.17 1.35
30.58 97.3 6.53 1.83
0.12 97.63 5.46 1.6
0 97.41 6.13 1.71
2.85 96.75 8.8 1.78
0.05 96.53 9.24 1.31
0 96.23 11.44 2.61
0.01 96.93 7.83 2.2
4.62 97.05 4.43 1.95
0.07 97.04 5.21 1.92
0 96.84 6.75 2.01
0 96.9 8.27 1.44
0 96.29 10.63 1.66
0.03 96.15 10.91 1.83
0 96.96 7.56 4.14
0 97.53 2.28 3.44
0 97 5.24 2.31
0 96.11 8.33 3.1
