0.86 94.87 -16.25 1.32
0.04 95.54 -17.11 1.57
24.14 95.37 -18.88 1.54
7.12 95.65 -18.72 3.14
0 95.95 -20.31 1.93
0.01 96.15 -20.73 2.01
0.07 96.24 -18.42 1.37
21.81 95.61 -17.03 0.99
5.99 95.81 -16.68 1.32
0 96.09 -16.59 1.44
0 96.08 -16.41 2.84
0 95.51 -19.03 3.14
0 95.54 -16.74 3.33
2.04 95.33 -15.81 1.36
0 96.41 -15.59 1.41
0 95.98 -14.07 1.11
0 95.66 -10.99 1.18
0.01 95.57 -6.96 1.2
0 95.07 0.1 2.88
0.14 96.26 -9.65 4.48
0 96.2 -13.45 3.08
0 95.93 -11.9 4.69
0 95.4 -8.57 3.75
0 94.82 -8.91 4.34
0 95.8 -9.77 3.51
0 98.94 -5.56 2.82
1.31 94.69 -4.24 2.25
0.02 95.35 -11.07 4.04
0 94.93 -5.8 4.67
0 94.96 -5.59 1.81
0 95.53 -8.79 1.59
0.76 95.67 -11.04 1.95
0 95.7 -14.45 2.36
0 95.65 -13.33 2.41
0 95.61 -13.76 2.26
0 95.94 -13.93 1.42
0.03 95.82 -11.74 2.15
4.53 94.91 -4.12 2.55
0 94.99 -5.14 1.57
0 95.6 -7.31 2.43
0 96.2 -10.58 2.81
0 96.6 -12.14 3.06
0 96.34 -12.16 1.93
0.06 95.7 -10.43 2.22
0 96.14 -10.89 2.53
0 96.3 -12.76 1.79
0 95.84 -10.98 1.56
0.01 95.43 -9.16 3.12
0 95.24 -8.79 2.6
0 94.69 -4.48 1.91
0 94.53 -6.68 1.72
0 94.68 -5.88 1.82
0 94.71 -4.23 2.51
0 93.69 1.28 1.88
2.69 94.03 -2.46 1.71
0 95.08 -5.83 2.09
0.43 95.26 -4.72 1.81
5.39 94.91 -5.86 1.97
1.49 95.55 -7.85 2.2
0.18 95.23 -7.74 2.06
0.85 95.01 -3.4 3.5
0 95.09 -2.57 2.64
49.66 94.66 -2.35 2.68
2.05 95.77 -9.96 3.47
0 96.44 -12.06 1.67
0.02 96.68 -12.16 1.58
4.83 96.99 -10.23 2.37
0.01 96.25 -10.05 2.7
0 94.9 -4.91 2.35
0.36 93.82 1.71 3.08
0.9 94.98 -4.9 4.17
0 95.56 -3.12 1.91
48.56 94.98 -0.5 2.06
0.81 95.01 -3.07 5.57
0.01 95.42 -4.97 2.58
0 95.81 -5.65 2.34
0 94.83 -3.31 2.7
0.41 93.46 3.87 2.38
39.02 94.12 -0.93 3.5
0 94.46 0.11 2.77
0.07 94.46 3.77 3.69
0 95.12 2.23 2.51
0 95.65 -0.58 2.51
0.06 95.65 -3.5 3.42
1.03 95.15 -2.7 1.9
3.41 95.73 -2.13 1.71
0 95.64 3 1.52
0.1 95.41 5.71 1.93
7.72 94.83 8.41 3.6
3.57 94.6 7.1 4.56
0 95.04 1.51 5.12
0 95.08 -0.37 4.08
0 94.7 4.08 3.73
0 94.42 8.59 3.62
5.48 95.05 2.58 2.3
0.01 95.7 1.61 2.22
0 95.13 6.72 3.29
0.33 93.94 12.39 5.15
22.93 94.69 2.79 2.74
0 95.02 3.27 2.93
1.52 94.93 2.07 2.06
52.53 94.8 0.39 3.21
0.02 95.58 -1.27 4.78
0 95.69 1.82 2.54
0.5 95.02 4.09 2.41
6.84 95.25 3.08 1.92
0 95.24 4.77 2.49
26.71 94.55 10.74 2.5
27.83 95.02 8.53 1.68
0.38 95.39 8.06 2.02
0.22 95.63 9.45 1.97
1.22 95.39 8.87 1.97
0.19 95.29 7.94 1.96
0 94.88 12.24 3.1
6.09 94.63 12.65 4.03
25.4 94.5 4.34 3.35
6.69 94.1 2.49 3.55
0.11 94.26 4.82 5.74
1.3 94.41 6.96 4.77
6.74 94.63 11.65 2.38
0 94.09 17.04 2.05
0 93.84 18.49 3.85
0.32 94.34 16.33 2.2
3.74 93.83 82.75 2.37
208.52 93.49 10.17 2.57
4.5 94 13.31 3.89
46.64 93.99 11.85 1.74
7 94.22 14.8 2.53
47.73 94.05 11.18 3.67
13.54 93.95 9.12 2.24
1.41 94.96 9.81 2.25
0 95.2 13.02 1.63
0 95.14 16 1.53
4.03 94.76 16.9 3.35
6.68 94.65 20 2.44
1.39 94.81 19.18 2.3
17.62 94.35 17.09 2.46
201.27 93.52 12.19 2.45
0.27 93.25 18.13 4.45
0 94.06 21.27 2.5
0 94.22 23.61 2.37
0.63 94.19 22.07 2.01
0.58 93.85 21.36 2.35
10.86 94.1 17.43 3.65
0.42 94.68 20.89 2.82
0.26 95.07 21.7 2.15
11.08 95.02 18.66 1.75
96.07 94.41 15.46 2.19
59.04 94.05 16.64 1.96
69.71 94.49 15.3 1.77
6.98 95.08 16.55 1.2
4.51 95 17.71 1.5
0.84 95.11 18.99 1.53
0 95.16 21.03 1.79
0.02 94.95 22.17 2.04
0 94.67 23.19 2.15
0 94.66 23.37 2.3
0 94.77 23.97 3.2
0 94.89 23.96 3.14
0 94.98 24.07 2.09
2.44 94.86 21 2.17
0.05 94.58 21.06 3.23
0.84 94.24 23.26 1.92
28.13 94 23.13 2.73
57 93.9 21.86 2.65
0.51 93.8 23.5 2.4
30.01 93.89 23.38 1.77
93.17 93.94 20.58 1.95
29.91 94.04 20.19 1.77
1.07 94.13 22.46 1.25
0.06 94.52 22.84 2.5
0.04 94.1 23.31 1.62
4.56 94.42 20.41 2.12
0 94.53 22.96 1.56
0 94.39 25.39 1.94
0 94.38 26.19 2.66
0 94.31 25.68 1.79
11.02 94.13 21.98 1.54
24.22 94.04 22.66 1.46
0.2 94.1 24.04 1.5
0.18 93.89 25.75 1.29
81.11 93.83 22.18 2.18
1.64 93.84 24.8 1.51
0.08 93.85 27.61 1.78
3.96 93.83 27.03 1.76
0 93.84 26.53 2.86
0.04 93.96 25.21 2.57
6.97 94.24 21.47 1.72
1.96 94.43 22.61 2.06
1.98 94.38 22.13 2.3
54.02 94.17 21.37 1.66
131.87 94.17 20.58 1.51
295.3 94.43 20.12 1.33
5.5 94.7 22.34 1.14
0 94.64 23.86 2.2
90.19 94.21 22.35 2.33
6.65 93.98 24.75 2.73
3.71 94.21 25.75 2.21
3.41 94.18 26.85 2.38
13.45 94.27 25.65 2.35
121.09 94.18 23.63 1.79
1.19 94.42 24.59 1.54
1.34 94.52 25.85 1.63
11 94.55 26.71 1.34
4.93 94.69 27.37 1.62
0.92 94.56 27.81 2.02
8.26 94.47 26.91 2.37
35.01 94.1 26.5 2.26
301.62 93.7 26.1 2.47
9.35 93.69 22.6 1.31
46.06 93.68 25.61 1.21
199.43 94 21.96 1.41
0 94.61 21.19 1.89
0.04 94.5 22.47 1.49
10.42 93.79 24.45 2.79
61.15 94.02 22.81 1.7
73.43 94.41 21.8 2.91
0 95.15 20.1 1.55
29.1 94.75 19.98 1.52
81.03 94.06 22.23 2.08
34.61 94.13 22.52 2.07
0 94.36 21.49 1.9
0 94.09 24.28 2.36
32.67 93.81 24.81 1.95
2.14 93.71 26.06 2.13
18.74 93.61 23.93 3.25
0 94.12 21.94 2.78
0 94.46 22.1 1.73
10.39 94.46 22.56 2.03
13.2 94.63 22.82 2.1
124.79 94.79 22.35 1.82
0.86 95.09 22.5 1.78
166.19 94.99 18.53 1.62
66.16 94.95 18.93 1.48
0.86 94.95 19.86 1.43
0 94.88 21.88 1.69
0.13 95.1 21.56 1.75
2.08 95.29 21.33 1.55
0 95.01 20.73 1.71
1.05 94.81 19.71 1.59
25.6 94.43 20.33 1.6
5.26 94.53 20.44 1.12
1.13 94.58 21.64 1.82
10.69 95.08 19.85 1.61
6.51 95.21 20.79 1.26
0.02 95.09 19.77 1.23
0 94.81 19.68 1.72
0 94.61 22.19 1.65
0.65 94.8 23.23 1.84
0 95.33 18.42 1.65
0 95.16 17.65 1.43
2.82 94.72 18.36 1.36
6.5 94.4 18.98 1.45
0.15 94.63 19.37 1.52
0 94.78 20.49 1.17
7.59 94.84 21.87 1.35
0 94.93 22.32 1.85
7 94.73 20.79 2.07
109.28 95.07 14.97 1.99
289.51 95.17 9.17 1.75
172.03 95.05 12.49 1.42
0 94.79 16.02 1.45
58.2 95.02 14.47 1.93
200.9 95.65 9.41 2.34
0 95.54 9.86 2.46
0 95.33 12.22 1.52
2.49 95.07 14.31 1.43
9.71 94.82 14.89 2.39
0.24 95.02 12.39 2.52
0 94.98 10.71 4.64
0 95.8 8.96 2.38
0 95.39 9.8 1.46
0.02 95.1 14.55 1.86
1.62 95.4 12.68 1.46
289.14 95.12 7.68 2.32
72.37 95.09 7.97 2.47
0 95.2 9.24 1.66
0 94.83 13.02 1.4
0 94.73 16.29 2.37
0 94.87 17.36 2.45
0 94.82 17.08 2.18
0 94.38 16.56 3.06
40.15 94.9 11.08 1.81
157.5 95.35 5.36 2.15
0 95.46 8 1.54
0 95.04 9.41 1.84
0 95.23 8.39 3.11
0 94.74 7.72 2.84
0 95.5 3.06 2.63
0 96.08 1.1 1.02
21.53 96 0.2 1.41
56.8 96.05 0.8 1.08
0 95.94 1.86 1.22
0 95.41 4.45 1.37
0 95.13 8.72 1.29
7.81 95.3 8.73 1.84
7.74 95.82 3.58 3.14
0 96.19 -0.26 3.28
0 96.84 -1.53 2.05
0 96.03 0.55 1.53
0 95.91 4.13 2.02
0 95.91 5.26 1.31
0 95.97 5.5 1.41
0 95.79 5.77 1.98
0 96.28 2.07 3.17
0 95.84 1.38 1.87
0 95.42 4.98 1.59
0 95.51 4.32 1.36
0 95.21 6.41 1.71
0 94.91 6.98 1.39
4.77 95.06 3.28 2.33
0.43 95.57 0.07 3.36
0 95.23 -1.42 1.48
0 94.79 0.32 1.34
18.49 94.28 0.98 3.88
1.72 94.7 -0.78 1.95
0.67 95.72 -1.58 4.16
0 96.67 -5.07 2.81
0.05 96.02 -3.36 2.35
0 95.37 -0.05 1.51
0 95.29 0.85 1.82
0 94.98 4.29 2.8
0 94.51 2.99 2.23
0 94.28 5.11 1.86
0.44 94.44 1.8 4.25
0 95.18 -2.75 2
0 95.02 -2.38 1.82
0.02 95.29 -2.43 4.19
0 95.54 -6.44 2.69
0.43 94.7 -6.03 2.61
0 95.08 -7.34 6.19
0.19 95.2 -7.52 1.5
0.12 95.08 -6.31 1.37
0 94.75 -3.03 2.01
0.03 94.34 -3.07 1.85
0.07 94.93 -7.25 3.72
0 95.02 -6.13 2.09
0 94.04 2.12 2.27
0 95.37 -2.89 3.04
0 95.94 -5.95 3.33
0 94.66 -5.43 2.53
0 94.62 -6.77 1.61
0 94.09 -4.95 1.74
2.25 93.99 -8.53 3.83
0 94.96 -12.16 1.85
0.9 95.28 -13.39 1.87
0.05 96.04 -15.27 2.98
0 95.98 -16.41 3.76
0 95.69 -15.65 3.65
0 94.39 -8.71 3.76
0 94.24 -6.72 1.67
0 94.29 -4.61 1.91
0 94.57 -2.84 2.72
0 94.8 -1.31 1.97
0 94.52 -6.88 1.42
0.25 95.09 -10.2 2.98
0 96.35 -16.81 3.27
0 96.33 -15.99 3.41
0 95.43 -14.87 3.3
0 94.36 -12.18 2.88
0 94.03 -9.11 2.38
0 94.67 -12.12 3.27
3.92 94.89 -12.54 2.07
0.04 95.1 -13.2 4.51
0.13 95.63 -11.85 4.84
0 95.78 -11.95 3.37
0 95.92 -12.72 2.69
0 95.52 -12.8 1.05
0.02 95.13 -12.88 1.69
0.04 95.32 -11.88 4.81
0 95.93 -10.9 4.14
0.02 95.26 -8.74 1.81
0.3 95.12 -9.89 3.77
0 95.68 -13.92 4.18
0 94.94 -11.48 2.99
0 94.49 -12.72 3.91
0 94.63 -12.71 2.04
0.01 94.63 -11.44 3.16
0.04 95.62 -15.33 3.37
0 96.04 -17.69 3.55
0 95.84 -15.39 2.47
0 95.69 -14.42 2.54
0 95.42 -14.92 3.15
0 95.39 -14.66 3.7
0 95.3 -12.9 2.27
0 95.11 -12.95 1.73
0 95.12 -13.54 3.28
0.06 95.37 -14.79 3.6
0.02 95.52 -14.47 1.78
0.05 95.69 -14.82 2.39
0 96.11 -15.15 1.78
0 96.4 -14.11 2.97
0.03 95.95 -14.18 3.29
0 95.67 -15.09 3.72
0 95.47 -11.23 3.91
0 95.11 -4.56 2.83
0 94.78 -5.4 2.03
0 94.7 -7.94 1.67
0 94.57 -6.59 2.2
0 94.8 -5.7 2.28
0.04 94.01 -4.13 4.4
0.02 94.57 -3.6 2.66
0 94.23 -6.49 2.14
0.48 94.38 -7.28 3.29
0.12 95.17 -10.4 1.94
1.47 95.15 -9.59 1.12
2.24 95.42 -13.15 3.93
0 95.54 -12.59 2.23
0.22 95.44 -11.6 1.91
0.14 95.42 -12.02 1.61
0 94.74 -4.61 2.93
0.94 94.69 -5.36 1.82
2.8 95.13 -4.91 2.66
0 95.12 -4.51 2
0 95 -0.91 1.76
0 95.28 -0.99 1.62
0 94.9 0.9 2.11
0 94.44 1.82 3.33
4.31 94.22 0.51 2.02
0.15 94.94 -3.9 2.94
0 95.55 -4.6 1.75
12.36 94.98 -2.34 4.13
0.94 95.73 -8.83 3.45
0.06 95.26 -7.8 3.1
0 94.97 -6.94 3.4
0 94.96 -6.98 2.38
0 95.09 -4.46 3.2
0 94.75 -1.2 2.01
0.15 94.25 1.45 2.56
0 95.05 -1.71 3.49
0 94.8 -1.62 4.52
0 94.84 -3.87 4.42
0 95.18 -1.99 3.84
0 94.93 -0.35 3.75
0 94.31 2.06 2.81
0 93.61 6.72 2.13
0.03 94.34 2.49 4.35
0 95.46 -2.09 4.16
0 95.15 -5.03 4.45
0 94.91 -3.34 3.12
0 94.32 3.1 3.05
0 94 4.43 5.05
0 94.39 1.81 3.88
0 94.55 -0.31 2.3
2.91 95.17 -3.62 4.43
0 95.27 -2.85 3.16
0 94.99 -2.09 2.55
0 95.15 -2.32 4.6
0 97.87 -0.59 2.64
0 97.84 0.9 2.94
0 97.68 2.96 2.94
0 97.94 2.76 1.95
0 97.63 7.01 3.02
0 97.3 8.04 2.14
0 96.91 10.13 4.11
0 98.15 2.35 3.97
0 98.1 2.38 2.31
0 97.67 5.75 2.61
0 97.56 7.58 1.38
0 94.83 9.6 2.64
0.07 94.1 10.34 5.24
1.39 94.46 7.9 4.92
0 94.46 7.81 3.87
0 94.28 8.63 3.27
1.33 94.96 5.3 3.48
0 94.66 9.01 3.42
0 94.07 13.93 3.31
0 94.14 13.45 1.71
0.03 93.43 15.81 3.37
0 94.24 10.62 5.18
0 93.98 12.02 4.09
1.51 94 8.36 6.94
0.37 94.63 7.11 4.94
0 94.46 9.62 2.13
0 93.92 13.36 3.81
57.76 94.63 7.37 2.22
2.72 94.52 6.46 2.11
13.58 94.25 5.38 3.13
6.06 93.84 6.3 3.71
0.08 93.4 8.64 1.88
11.4 93.43 9.33 2.82
1.24 94.09 7.54 2.85
0 93.6 9.87 1.53
45.06 93 8.77 1.7
3.66 92.96 9.37 2.27
0.77 93.88 13.51 3.47
0.21 94.12 11.3 4.14
0 94.44 12.63 2.7
4.1 93.99 12.28 2.76
124.93 93.21 9.37 2.98
0.21 93.27 11 3.81
0.01 93.78 13.38 3.04
2.02 93.78 14.52 3.69
16.23 93.59 16.47 2.99
0 93.84 17.91 2.49
0.17 93.54 15.87 4.97
1.17 93.49 12.41 5.95
0 93.68 14.98 6.42
0 93.76 16.29 4.52
0 94.29 13.31 3.25
0 94.25 14.1 2.35
0.02 93.15 17.75 2.39
13.83 92.96 18.63 3.52
10.64 94.1 13.43 2.94
3.01 94.22 11.8 3.18
0.69 94.1 12.83 4.48
0 93.95 17.42 3.32
0 94.07 18.57 2.89
0 94.21 20.77 3.21
8.57 94.14 19.9 3.97
13.1 94.07 18.33 4.84
0.02 93.92 19.5 2.68
0.7 93.75 22.84 4.49
16.82 93.82 21.95 2.67
34.01 93.41 18.53 3.4
6.6 93.34 17.19 3.08
0.05 93.77 19.45 3.06
6.79 93.5 20.02 5.23
3.26 93.61 18.83 3.89
0.22 93.86 19.44 1.99
1.87 93.74 22.63 2.01
9.76 93.12 23.72 2.93
17.41 92.84 21.49 2.57
15.36 93.08 21.58 2.28
0 93.49 22.29 2.56
51.35 93.43 20.35 2.05
147.38 93.59 15.92 2.56
5.03 93.79 19.44 1.93
5.11 93.81 21.3 1.52
67.49 93.59 20.59 2.14
72.93 93.58 18.75 2
110.1 93.78 17.5 1.91
0.79 93.95 20.37 1.96
0 93.88 23.66 1.45
0 93.73 25.69 1.89
0.04 93.46 26.94 2.7
0 93.39 26.74 2.74
14.63 93.15 22.16 2.19
66.81 93.4 16.29 2.44
1.63 94.09 19.06 2.65
0 94.43 20.62 1.59
3.95 93.86 21.97 2.99
6.08 93.17 22.9 2.56
15.78 93.34 24.47 2.63
0.02 93.49 24.56 2.98
39.23 93.4 23.73 2.45
43.97 93.49 22.19 1.44
0.31 93.39 23.38 2.26
0 93.52 23.71 2.53
0 93.65 25.27 2.62
75.94 93.16 22.19 2.41
0.61 92.88 24.61 3.27
90.15 92.94 17.95 1.94
17.11 93 18.57 2.74
10.67 93.67 21.04 1.85
19.12 93.83 22.77 2.24
11.04 93.9 23.73 2.03
8.13 93.92 23.39 2.25
2.2 93.72 24.04 1.36
29.33 93.83 21.96 1.82
19.53 93.8 22.17 1.65
43.79 93.66 21.59 1.68
12.11 93.72 21.01 1.42
75.42 93.78 21.69 1.52
316.23 93.65 20.31 2.08
58.34 93.55 20.95 1.41
63.3 93.48 21.86 1.88
13.24 93.47 22.98 1.9
0.14 93.54 25.35 1.48
45.56 93.51 25.68 2.14
454.56 93.3 22.07 2.08
56.64 93.27 22.51 2.44
11.2 93.45 22.95 2.05
0.4 93.69 24.52 1.4
92.95 93.88 21.11 1.71
74.91 93.51 21.16 1.6
0.04 93.58 23.35 1.8
0.2 93.72 24.09 2.09
0.72 94.06 23.02 2.01
0.03 93.66 23.47 2.04
0 93.63 24.05 1.7
0.04 93.84 24.04 1.56
7.58 93.81 23.36 1.46
7.31 93.84 23.66 1.7
7.28 93.5 23.78 1.77
7.87 93.62 25.17 1.96
0 94.02 24.53 1.34
0 93.85 25.8 1.23
0 93.56 25.94 1.8
10.18 93.32 25.44 1.72
117.52 93.67 21.17 1.82
262.34 93.72 18.6 1.84
12.73 93.75 21.25 1.48
8.43 93.92 20.68 1.37
0.09 94.18 21.26 1.71
0.1 94.32 21.88 1.3
0 94.32 22.94 1.37
0.93 94.19 22.94 1.51
11.15 94.4 20.99 1.64
0 94.39 20.54 1.44
62.79 94.36 19.84 1.34
7.15 94.58 19.71 1.56
1.09 94.67 20.91 1.31
10.19 94.46 19.41 1.91
5.23 94.14 20.58 1.38
0.63 94.05 21.71 1.51
0 94 22.9 1.41
11.69 93.75 22.24 2.81
1.56 94.26 19.01 1.92
0 94.07 19.7 1.58
9.85 94.58 17.96 2.47
0.49 94.51 18.56 1.65
0 94.57 18.05 1.5
0 94.11 19.23 1.38
10.53 93.76 18.33 2.91
3.86 94.38 13.49 1.83
0.18 94.95 13.06 1.85
4.49 95.19 13.21 1.95
5.89 94.66 16.4 2.02
0.6 94.41 16.89 2.02
0.08 94.01 19.31 3.1
9.38 94.04 17.38 2.09
17.01 94.27 14.41 1.53
46.92 94.62 12.6 2.16
0 95.02 9.19 2.33
0 95.45 9.42 2.34
0 95.27 10.29 1.48
0 94.93 11.76 1.71
0 94.54 13.26 1.65
0 94.63 14.32 2.35
0 94.51 14.6 2.03
0 94.27 17.15 2.81
0.03 94.55 17.49 1.9
0.22 94.7 18.4 2.97
0.05 94.51 17.86 2.1
9 94.35 14.99 1.78
0.11 94.81 8.55 3.22
0 95.29 6.59 2.53
0 95.36 6.8 2.89
0 95.82 7.69 3.32
0 95.46 8.93 1.71
0 94.79 10.64 2.24
0 94.24 11.71 3.05
0 94.81 9.66 1.77
0 94.78 10.36 1.36
0 94.55 13.83 2.03
0.11 94.96 13.43 2.72
0 95.47 9.4 1.31
0 95.2 11.84 1.56
0 94.62 13.89 1.48
62.88 94.05 10.34 1.64
3.04 93.99 8.75 2.34
1.16 93.63 7.79 2.88
1.47 94.13 8.42 4.09
0 95.09 5.18 2.01
0 95.15 8.23 1.37
0 94.94 10.45 1.97
0.02 94.79 13.73 3.03
0 94.74 13.26 1.83
0.44 94.63 11.36 1.6
43.44 95.17 4.47 3.28
0.01 95.52 1.91 3.25
0 95.52 3.9 1.8
0 95.08 5.45 1.52
1.65 94.94 6.72 2.48
0 95.21 6.12 1.6
0 94.87 6.7 1.55
0 94.7 8.45 2.9
0 94.89 9.89 3.66
4.8 95.09 10.5 2.62
0.05 95.65 4.7 1.58
1.25 95.33 7.93 1.59
2.74 95.11 9.47 2.98
0.17 95.78 2.68 2.66
0.08 95.64 1.07 1.08
0 95.58 3.13 1.41
0 95.54 3.38 1.57
0 95.34 2 1.22
0 94.71 2.17 1.24
0 94.13 3.81 2.02
0 94.41 4.94 3.38
0.03 95.18 -2.07 2.57
0 95.25 -4.41 1.83
0 95.29 -3.43 1.51
0 95.5 -1.06 1.7
32.72 94.88 0.93 0.86
3.97 94.67 -0.67 2.51
1.63 94.89 -5.28 3.65
0 95.38 -6.83 2.38
0 95.37 -4.45 1.94
11.12 94.97 -5.44 2.89
0.16 95.59 -7.88 2.78
0 95.28 -8.38 1
0.13 95.26 -6.46 1.55
0.31 94.65 -0.41 2.12
0 94.72 -1.1 1.45
0 95.52 -3.73 2.13
0 96.05 -8.13 1.54
0 96.33 -8.26 2.01
0.14 95.6 -7.72 1.03
0.05 94.9 -5.2 1.11
0 95.11 -6.69 1.4
0 95.43 -8.38 0.89
1.12 95.64 -8.54 0.96
1.17 95.62 -5.85 0.89
1.12 95.9 -8.06 2.58
0.04 96.21 -12.17 3.67
0 95.84 -11.72 3.05
0.01 95.03 -7.07 4.85
0 95.08 -3.95 2.89
0 95.5 -6.97 1.78
0.01 94.81 -4.49 2.77
0 95.54 -9.89 4.34
0 95.74 -13.54 3.14
0 95.86 -12.7 3.79
0 95.61 -10.95 2.18
0 95.67 -10.69 2.16
0 95.55 -11.25 1.22
0 95.23 -10.57 2.01
0 95.2 -9.76 4.22
0 95.41 -11.78 2.77
0 94.96 -10.03 3.31
0 95.11 -12.6 2.17
0 95.61 -12.03 1.9
0 95.86 -10.83 2.07
0 95.41 -7.65 2.21
0 95.76 -10.72 1.57
0 96.07 -14.41 1.15
0.17 95.55 -12.36 0.89
0.01 95.35 -9.95 1.83
0.11 95.73 -11.37 1.95
0.42 95.16 -11.79 2.82
0.12 95.34 -12.95 4.21
0 95.55 -12.24 2.81
0 95.33 -11.33 1.71
0 96.12 -14.38 1.33
0.2 96.02 -14.7 0.99
0 95.61 -12.12 1.6
0 95.57 -13.04 1.14
0.12 95.64 -12.45 3.3
0 95.73 -12.72 2.92
0 94.88 -7.8 3.08
0 95.13 -9.04 2.38
0 95.04 -9.07 2.34
0 94.77 -10.49 0.97
0.1 94.59 -8.74 1.37
0.33 94.79 -11.61 1.1
0 94.96 -10.56 1.36
0 95.39 -11.13 1.36
0.02 96.05 -14.18 3.16
0 95.93 -17.89 3.42
0 95.58 -17.94 2.71
0 95.07 -16.97 2.21
0 94.93 -16.31 2.99
0 94.54 -14.2 3.14
0 94.63 -13.5 1.75
0 95.14 -14.76 1.59
0 95.38 -14.65 1.91
0 95.76 -15.56 1.78
0.07 95.38 -16.87 1.51
0.33 94.93 -16.32 4.04
0 95.72 -17.77 4.28
0 95.72 -16.13 3.11
0 94.76 -13.38 3.24
0 94.83 -10.47 2.47
0.19 94.28 -7.17 2.49
0.04 94.92 -13.61 5.06
0 95.13 -16.29 4.92
0 94.71 -13.06 5.24
0 94.86 -11.03 3.11
0 95.19 -11.04 3.08
0 95.23 -10.96 1.77
0 94.94 -9.04 2.75
0.06 94.67 -4.58 2.3
0.12 95.24 -9.09 3.12
0 95.19 -10.63 3.01
0.06 95.26 -11.93 3.24
0 95.4 -13.35 4.63
0 95.3 -10.59 3.5
0 94.7 -6.13 2.8
0 94.79 -8.46 2.22
0 94.55 -9.42 1.33
15.35 94.19 -7.96 2.2
0 95.13 -7.56 2.63
5.69 94.98 -6.54 2.25
0.02 95.45 -9.11 3.26
0 95.38 -8.27 2.69
0 94.86 -6.27 1.6
0 94.48 -2.4 2.56
0 94.64 -0.53 2.17
14.64 95.18 -4.06 1.22
0.68 95.37 -7.37 1.73
0.45 95.32 -6.12 1.55
0.08 94.7 -1.97 2.05
28.39 94 -3.95 1.73
22.4 94.09 -4.2 2.76
0.05 94.72 -4.52 3.93
0 95.43 -8.71 3.91
0 95.11 -8.49 2
0.6 95.04 -8.09 4.49
0 95.51 -8.21 3.91
0 95.17 -6.1 1.79
0 94.53 -2.15 3.19
0 95.06 -1.1 2.21
0 94.7 2.45 3.2
4 93.79 5.44 4.25
8.93 94.44 -2.89 3.62
14.84 95.29 -7.85 2.12
0 95.05 -2.63 2.2
0 94.99 -0.31 2.11
0 94.39 3.98 3.31
0 94.91 2.23 1.89
6.06 94.07 1.6 4.71
0 94.5 -0.59 5.83
0 94.93 0.36 3.28
0 94.63 4.86 2.44
0 94.85 7.93 3.45
0 95 9.3 3.38
0.4 94.04 9.55 7.57
0.97 94.65 0.76 4.97
0.91 94.64 -0.89 4.44
0 94.58 0.09 2.18
3.08 94.49 1.5 2.95
0 94.17 4.04 4.47
0 93.98 4.68 5.19
0 94.25 3.46 4.88
0.15 94.58 4.14 2.53
0 94.14 9.99 3.69
0 94.28 10.21 4.92
0 94.14 12.82 3.24
5.74 93.88 13.43 5.39
4.04 94.26 7.41 4.46
0 93.7 11.85 3.31
0 93.56 13.79 3.07
0 93.53 15.3 3.2
3.43 94.16 9.13 3.7
0 94.45 8.75 2.55
0 93.57 15.78 4.27
0 93.61 17.95 4.12
2.96 93.97 14.84 4.16
19.79 94.47 13.17 3.49
1.73 93.92 12.51 2.39
0.17 93.28 14.25 1.95
0.43 93.26 17.8 3.86
211.86 93.75 12.39 2.98
59.18 93.7 9.22 4.57
0 93.1 10.8 3.35
0.17 92.84 11.19 7.24
0 94.02 9.57 3.12
0 94.01 12.82 2.7
0.22 93.77 17.37 3.47
0.83 94.32 16.57 2.6
16.48 93.84 17.58 2.34
0 93.9 20.43 2.08
0.89 94.04 20.03 2.65
0 94.11 17.79 3.09
0 93.73 17.71 2.25
2.87 93.73 16.37 1.83
0 93.97 17.97 2.11
0.1 94.22 19.58 2.47
2.41 94.41 19.7 2.67
94.79 94.41 14.07 1.87
17.47 93.94 13.57 3.11
19.61 93.7 10.88 2.73
3.07 93.68 11.77 4.21
0.02 93.43 11.82 3.33
4.05 93.19 12.57 5.18
0.03 93.62 16.02 1.61
0 93.55 21.93 3.75
7.02 94.09 19.75 2.85
8.23 94.43 18.02 1.96
0.18 94.29 19.85 3.83
1.36 94.02 19.55 4.02
2.47 94.14 16.85 3.02
0 94.13 16.77 3.08
0 93.94 17.74 2.49
0 93.59 19.7 2.54
0 93.99 20.49 2.4
0 94.15 22.89 2.6
21.3 94.17 20.1 2.68
48.64 94.58 14.49 2.66
0.29 94.66 16.48 1.82
22.46 94.2 16.64 2.97
9.62 93.98 16.27 3.12
64.06 93.73 15.62 2.36
16.61 93.46 18.81 3.62
0.8 93.66 20.59 2.07
6.11 93.25 19.73 2.45
10.87 93.12 21.78 2.05
21.55 93.11 22.18 2.26
50.35 92.97 20.93 3.31
10.47 93.11 17.21 3.22
2.88 92.81 16.3 3.12
17.45 92.91 16.35 2.72
229.24 93.5 13.44 2.12
288.14 93.73 13.99 1.93
182.65 93.76 15.43 2.79
6.23 93.62 18.94 1.71
4.5 93.51 21.82 1.74
5.65 93.67 21.8 1.8
15.45 93.42 21.54 1.62
42.07 93.47 21.49 1.65
5.32 93.63 21.57 1.36
54.11 93.59 21.09 1.65
0.57 93.35 22.34 2.14
85.42 93.38 21.73 2.23
44.84 93.73 20.6 2.44
14.24 94.1 22.38 2.02
2.22 94.27 22.68 1.77
2.56 94 20.39 1.96
50.23 93.58 21.05 2.12
0 93.46 23.45 2.14
1.55 93.08 24.32 4.02
2.58 93.11 22.62 3.66
0.77 93.07 22.63 2.6
0.04 93.42 23.25 1.74
2.35 93.56 22.98 1.61
1.43 93.46 23.33 1.54
25.13 93.43 23.64 1.71
21.51 93.43 24.78 2.05
26.15 93.46 24.92 1.85
139.78 93.06 21.56 1.83
51.92 92.86 19.45 2.53
68.31 93.25 19.06 3.02
9.06 93.75 20.74 2.42
0 93.77 21.1 1.82
0 93.8 22.48 1.53
0 94.03 24.39 1.34
0 94.11 24.68 2.05
0.08 93.93 24.64 2.32
3.85 93.8 25 1.52
6.67 93.73 25.1 1.67
83.46 93.66 23.54 1.48
395.5 93.27 21.9 3.4
0 93.76 23.02 1.38
0 93.96 23.73 1.77
9.67 93.88 23.77 1.93
47.3 93.5 25.29 3.66
3 93.88 23.86 1.81
135.22 93.4 22.89 2.21
22.54 93.15 23.49 3.85
0.49 93.75 21.79 1.39
80.92 94.03 19.63 1.54
145.1 94.19 18.73 1.73
90.98 94.13 19.91 1.38
13.57 94.14 22.1 1.61
82.7 94.2 22.05 1.7
0 94.39 23 1.28
0 94.22 24.07 1.31
0 93.84 25.65 2.11
8.34 93.77 24.37 1.74
3.48 94.02 23.24 1.28
0 93.87 24.19 1.63
15.95 93.94 20.63 2.21
27.7 93.97 18.18 2.15
1.65 94.11 19.73 1.58
5.4 93.79 18.71 1.91
8.02 93.86 20.87 1.77
0 94.2 21.85 1.76
0.04 93.8 23.01 2.94
88.34 93.81 22.94 2.26
1.71 93.9 20.91 1.78
9.23 93.89 19.96 2.59
4.82 94.47 16.53 2.07
0.03 94.61 16.21 1.98
0 94.37 20.19 2.41
0 94.31 21.71 1.99
0.35 94.17 21.87 2.41
2.9 94.19 21.78 1.4
9.68 94.09 21.44 1.72
0.85 93.66 22.71 1.98
0.98 93.81 23.5 2.65
0 94.05 24.36 2.02
0 94.18 24.6 2.41
1.23 94.2 24.32 1.91
250.3 94.12 16.38 2.98
19.48 94.48 13.72 2.49
0.22 94.53 12.88 2.2
0.88 94.64 15.96 1.87
0 94.57 18.97 2
24.37 94.66 17.72 1.55
0.95 94.57 17.23 1.25
0 94.52 18.75 1.11
0 94.45 20.51 1.36
32.94 94.12 18.92 2.36
104.15 94.14 13.09 3.85
1 94.28 11.62 2.72
0 94.66 13.59 1.51
0.07 95.1 14.05 1.1
0 95.2 13.86 1.33
0 94.58 14.51 2.4
0 94.1 16.06 2.82
0.22 94.07 15.88 1.81
0 94.3 17.48 1.79
4.36 94.21 17.75 2.23
1.06 94.23 17.1 1.4
4.2 94.55 15.8 1.45
0.69 94.84 15.68 1.38
31.91 94.73 14.49 1.78
2.09 94.97 14.52 1.6
44.96 94.6 10.48 1.7
27.13 94.6 10.14 6.69
0.6 94.77 11.26 3.29
0 94.76 11.63 1.82
0 94.6 12.69 1.64
0.51 94.41 14.24 2.22
0.68 94.26 13.19 3.15
0 94.4 13.11 2.47
0 94.91 11.02 1.83
0 95.32 11.79 1.16
0 95.19 13.49 1.53
0 94.69 15.47 2.6
20.04 94.28 12.42 3.33
0 94.77 8.64 2.47
0.11 94.38 10.39 2.36
0 94.21 12.65 2.48
0.06 94.6 8.4 4.03
0 94.99 6.86 2.27
0.02 95.09 7.23 1.98
34.9 94.48 8.84 4.02
0 94.51 4.28 3.55
0 94.61 5.54 2.55
0 94.45 7.4 2.05
0 94.83 6.81 1.44
77.38 95.08 2.11 1.2
74.05 94.55 2.57 1.89
0 94.26 6.26 1.98
0 94.01 9.16 3.33
0 94.63 8.63 1.96
0 94.66 10.63 2.15
5.27 94.54 10.32 3.07
0 95.43 3.2 1.55
1.63 95.3 0.36 2.5
0.05 94.92 -0.13 2.59
0.02 94.75 -0.36 2.25
0 94.7 2.2 1.45
0 94.88 1.21 2.02
12.67 94.93 1.02 1.65
187.57 94.58 -0.55 86.15
49.26 94.85 -0.58 3.11
0 94.87 -2.88 0.88
0 94.56 -0.76 1.92
0 94.78 -0.6 1.28
0 95.19 -1.86 1.11
56.44 94.88 -1.92 0.93
97.19 93.66 -2.72 5.44
0.16 94.12 -4.41 3.61
0 94.19 -6.33 4.58
0 94.96 -4.95 2.65
0 95.22 -6.04 1.05
19.86 94.7 -2.7 1.31
0 94.62 -4.9 83.64
0.01 94.32 -4.78 3.31
0.02 94.9 -3.29 3.2
0 94.93 -4.74 1.54
0 94.6 -2.81 1.82
6.81 95.08 -5.36 2.27
0 95.01 -7.2 2.37
0 94.47 -5.78 2.03
0 94.44 -3.38 3.82
0 94.5 -7.59 2.88
0 93.59 -4.57 3.43
0.04 94.34 -6.78 4.56
0.03 94.87 -9.49 2.39
0 95.56 -13.25 2.41
0.19 95.21 -14.08 1.48
0.2 94.15 -5.63 2.94
1.4 94.35 -8.09 4.32
0 94.59 -11.15 2.06
0 94.62 -13.3 3.37
0 94.56 -14.86 2.81
0 94.73 -16.18 2.76
0.02 94.77 -17.46 4.14
0 94.9 -11.92 3.59
0.1 95.45 -13.49 1.45
0.05 95.62 -13.49 0.94
0.14 95.07 -11.47 1.86
0.03 95.1 -8.52 1.37
20.58 95.14 -10.1 0.99
0.73 94.95 -8.71 1.19
0.94 95.3 -11.52 1.39
0 95.68 -13.1 3.95
0 95.76 -15.21 2.16
0.02 95.21 -14.59 0.93
0.3 95.33 -12.32 55.7
6.06 95.33 -10.61 3.43
0.01 95.77 -15.95 2.93
0 95.58 -19.87 2.95
0 94.77 -18.43 4.6
0 95.87 -18.77 2.35
0 95.62 -18.6 1.2
0 95.04 -13.85 1.26
6.92 95.02 -14.39 0.96
15.02 95.1 -13.01 4.12
0 94.71 -15.36 3.64
0.04 94.18 -15.33 2.27
0 94.6 -18.24 3.79
0 95.74 -19 3.86
0 96.3 -16.35 2.5
0 95.36 -17.02 1.41
0 95.18 -14.48 1.78
0 95.07 -15.09 1.41
0 94.96 -15.05 1.46
0.04 95.38 -16.88 2
0 95.2 -15.27 2.29
0 95.05 -14.97 1.18
0.34 94.71 -12.92 1
0 94.78 -12.06 1.76
0 94.79 -13.05 0.97
0 95.21 -10.51 2
1.26 94.94 -12.67 1.64
0 95.67 -14.38 2.43
0 95.94 -11.91 2.2
0 94.99 -7.49 2.23
0 95.44 -9.72 1.09
13.68 95.45 -9.03 0.99
1.01 95.51 -9.38 1.66
0 95.28 -13.63 1.2
0.03 94.19 -8.2 2.89
0.03 94.75 -13.8 4.3
0 94.79 -15.64 1.5
0.19 95.12 -14.18 1.41
0.06 95.04 -11.28 1.65
0 94.62 -6.51 1.23
0 94.88 -7.24 1.26
0.06 94.81 -5.49 1.54
1.39 94.72 -6.02 1.8
0.55 95.33 -8.54 3.79
0 95.43 -10.95 2.6
1.87 94.43 -9.47 3.03
0 95.19 -9.82 2.9
0.02 94.75 -8.22 2.02
0.67 95.05 -15.08 4.03
0 95.87 -18.35 4.35
0 95.72 -16.75 1.51
0.25 94.88 -12.41 2.25
0 95.48 -13.21 2.16
0.11 95.52 -12.79 1.95
0 94.83 -8.02 128.57
0 94.62 -5.38 2.82
0 95.22 -9.48 2.57
0 95.16 -10.55 1.44
0 94.47 -6.94 2.34
0.04 94.47 -6.01 4
0 95.17 -11.5 3.93
0 95.28 -12.79 2.39
0.01 95.23 -11.91 1.92
0 95.13 -8.37 3.48
0 95.35 -7.52 3.18
0 95.29 -5.44 1.62
0 95.38 -6.66 1.87
6.02 95.2 -6.85 1.8
0.2 94.42 -0.47 3.22
0 94.34 0.23 2.76
0.2 93.84 -2.81 5.89
0 95.58 -8.45 5.17
0 95.59 -6.16 1.66
0 94.56 -0.85 3.46
0 94.87 1.15 2.18
0 94.27 4.85 2.98
0 94.19 3.49 1.92
0 93.61 5.03 2.22
0 93.47 0.87 2.43
0 93.63 -2.39 5.9
0 95.04 -1.16 2.05
0 94.35 3.93 3.64
19.66 94.27 -0.23 3.48
0 95.42 -6.04 3.91
0 94.96 -0.18 2.96
0 94.52 4.61 2.79
0 94.89 5.17 2.94
0 93.49 7.46 3.75
0.79 93.54 -2.16 4.09
34.77 94.29 -7.48 2.37
0.46 94.72 -7.2 2.76
0 93.51 1.01 5.51
0 94.45 -3.01 2.55
19.91 94.12 -4.94 3.68
0 94.85 -5.09 2.74
0 94.69 -2.26 1.57
0 93.76 4.15 3.92
1.23 93.94 1.4 4.34
0 94.77 -1.33 3.81
0 94.97 -2.2 2.29
1.27 94.84 -0.26 1.75
14.33 94.57 0.88 2.07
101.51 94.7 0.36 2.69
0 94.25 3.94 2.58
0 94.26 5.38 2.71
19.8 94.4 -0.35 2.3
54.32 94.68 -0.96 3.18
0 94.45 -0.51 2.53
0.53 93.58 1.77 2.79
21.43 93.62 0.4 3.87
2.83 94.58 -0.19 3.85
1.01 94.44 0.99 3.88
0 94.47 2.09 3.59
0 94.01 8.12 3.22
0.35 93.54 6.75 4.58
0 93.8 2.91 4.9
0 93.47 4.5 2.51
5.65 93.78 4.11 3.1
53.38 94.09 1.38 1568.31
1.72 95.09 0.66 4.97
0 95.1 2.18 2.35
0 94.78 5.14 2.8
0 94.45 8.3 2.09
0.56 93.92 11.51 4.39
73.31 93.96 6.73 2.24
0.75 93.91 7.34 3.62
0.02 94 8.51 5.33
0 94.01 10.02 1.75
0 93.96 13.71 2.27
2.93 93.78 12.06 3.53
0.12 94.01 11.71 6.04
0.26 94.46 11.32 5.71
0.25 94.51 11.32 2.1
0.85 94.35 12.34 2.43
6.35 94.57 12.84 2.06
0 94.34 16.73 2.64
0 94.54 20.21 1.6
0 94.45 21.68 2.44
0 94.46 21.62 2.99
0.18 94.2 21.86 4.36
23.99 93.88 14.21 2.2
16.24 93.05 14.57 4.15
0 92.68 17.38 4.89
0 93.21 16.36 2.76
0 93.24 18.93 2.86
0.39 93.88 16.42 4.85
0 94.75 16.32 2.41
0 94.64 17.51 2.33
0.69 94.02 18.81 3.03
0 93.48 19.45 3.29
15.52 92.87 15.57 5.77
0.01 92.86 17.57 4.38
0 93.21 19.12 2.58
0 94.07 19.92 2.28
3.37 93.88 23.83 3.82
2.16 94.45 18.02 2.25
0 94.06 20.84 2.27
2 93.78 21.63 3.44
1.9 93.6 19.55 3.85
0.85 93.42 19.11 3.06
0 93.71 18.98 4.49
0 93.53 23.28 3.29
0.06 93.15 24.91 4.11
0 93.8 19.89 2.46
5.39 93.52 18.62 3.29
0.04 93.78 19.15 3.46
17.28 94.34 17.58 2.37
31.6 94.19 18.93 2.13
11.13 93.99 19.26 3.05
7.68 93.83 21.55 2.71
1.35 93.69 21.85 3.39
85.94 94.08 16.32 2.03
1.74 94.29 17.35 1.77
13.32 94.01 15.75 2.3
2.91 93.78 17.39 1.83
0.02 93.82 22.46 3.36
0.25 93.82 23.97 3.86
4.27 93.74 24.28 2.66
215.03 93.73 18.6 2.59
5.87 93.43 20.91 1.79
43.61 93.13 20.49 1.91
0.22 93.49 23.13 1.79
0 93.99 23.29 2.24
0.04 94.14 23.95 1.92
2.7 93.9 21.97 1.42
12.22 93.56 21.64 1.69
92.83 93.4 20.97 2.14
52.81 93.14 21.2 2.28
222.53 92.88 19.77 1.76
68.65 93.04 21.63 2.68
94.8 93.43 20.66 2.14
119.23 93.48 22.03 2.62
24.64 93.43 23.13 3.39
69.89 93.2 22.98 2.06
150.42 92.79 22.48 2.7
0.03 92.78 24.08 3.42
4.38 92.78 23.85 2.44
0.81 93.12 24.34 2.21
2.03 93.31 24.3 2.28
12.42 93.13 25.45 3.53
45.3 93.42 23.92 1.81
54.64 93.63 22.04 1.72
1.48 93.83 22.51 1.46
0.78 93.82 22.46 1.34
10.37 93.79 23.09 2.09
21.22 93.96 22.64 2.08
0.08 93.94 24.54 1.67
235.72 93.24 21.76 1.62
73.57 93.13 22.59 3.06
0 93.67 23.17 2.17
0.26 93.54 22.62 2.14
110.15 93.49 21.01 2.44
2.58 93.7 21.6 1.7
0.69 93.69 23.55 1.68
41.51 93.56 23.25 2.23
12.55 93.15 23.6 2.13
0.66 93.23 23.74 2.89
0.01 93.53 24.09 1.87
0.05 93.54 24.71 1.65
62.02 93.32 22.45 1.31
4.47 93.27 24.93 2.13
0.33 93.22 24.8 1.49
1.78 93.02 25.82 1.66
11.83 93.12 25.94 1.97
22.67 93.4 24.94 2.56
0.45 93.63 25.36 2.49
3.11 93.44 25.33 2.61
44.98 93.11 25.67 2.65
22.95 92.96 25.03 1.91
7.51 93.1 25.76 2.63
25.84 93.39 25.54 2.43
10 93.18 25.82 2.3
11.56 93.36 23.72 1.86
1.92 93.74 25.54 1.53
8.61 93.82 26.69 2.75
38.9 93.54 24.68 2.75
5.08 93.55 25.28 2.81
15.74 93.5 26.04 2.06
3.05 93.55 25.45 2.01
314.42 93.02 24.5 1.65
0.06 97.95 25.23 2.73
0 94.04 21.89 2.7
0 94.29 21.4 1.89
5.95 94.25 20.5 1.05
1.75 93.84 23.47 2.31
0.18 94 22.34 2.14
0 94.19 22.25 1.85
0.03 94.19 22.56 1.53
14.08 93.9 21.85 1.68
6.34 93.98 19.44 2.05
7.46 93.9 19.35 1.74
201.44 93.3 18.68 1.43
25.39 93.55 15.02 3.15
0.21 94.23 15.8 2.52
57.93 94.3 16.06 2.1
1.12 94.54 15.33 1.86
5.61 94.7 15.66 1.65
0 94.78 15.85 1.46
6.38 94.65 16.58 1.47
170.89 94.61 13.96 1.73
44.36 94.67 13.98 1.23
4.58 94.73 15.92 1.28
3.4 94.68 17.49 1.49
6.63 94.21 18.07 1.7
0.08 94.3 17.25 1.46
0 94.36 16.93 2.51
3.04 94.13 19.77 2.63
38.77 93.5 19.09 3.3
0.35 93.86 18.55 3.28
0 94.45 13.69 1.88
1.71 94.14 16.11 1.58
6.72 94.68 16.26 1.52
12.21 95.1 14.95 0.95
8.91 94.19 19.33 3.13
0 94.61 17.64 1.52
0.05 94.58 18.51 1.49
1.42 94.46 17.79 2.57
33.59 94.83 12.48 3.15
0 95.06 8.67 2.49
0 94.89 10.46 2.08
0 94.55 11.8 2.06
0 93.9 16.98 3.33
0 93.96 16.03 2.66
0 94.86 13.14 1.44
1.03 94.78 13.94 1.74
140.11 94.79 11.2 2.15
0.01 94.91 10.48 2.95
0 94.69 9.52 1.79
0 94.06 16.64 3.65
0 95.04 13.61 1.23
0.02 95.03 14.99 2.31
0.06 95.3 12.41 2.26
0.47 94.81 11.4 1.81
0 93.86 14.98 2.9
7.69 93.92 12.91 4.18
0 94.35 10.18 3.33
0 94.83 11.28 1.78
22.74 94.81 10.88 2.36
2.55 95.67 4.15 4.54
0 95.71 2.93 1.34
0 95.3 6.73 1.37
0 95.32 6.98 1.38
0 95.11 10.41 2.64
40.44 95.29 8.82 1.65
1.06 95.32 6.94 1.99
0 95.16 5.88 1.21
42.21 95.03 5 2.14
26.81 94.97 1.07 2.34
0.01 95.2 3.8 3.68
0.01 95.44 5.54 2.6
0 94.99 4.58 1.46
0 94.45 6.89 2.04
3.67 94.96 5.69 1.66
2.17 95.51 4.24 2.61
0 95.45 3.55 1.7
0 95.54 4.34 0.88
0 95.29 4.48 1.31
0.74 94.78 8.21 2.17
1.14 95.09 7.06 3.21
0 95.43 5.23 1.81
0.03 94.69 5.91 2.32
0.32 94.29 5.34 3.84
0.02 94.65 2.92 2.74
0 94.71 2.46 2.32
0.08 95.26 2.14 3.51
0 95.26 -1.7 4.2
0 95.31 0.97 2.48
0 95.18 1.59 1.72
0 94.59 1.58 2.23
0 94.36 2.77 3.45
0 94.33 2.55 2.11
0.13 94.49 1.59 3.48
0.02 94.87 -3.26 4.26
0.05 95.08 -3.86 5.61
0 94.97 -3.93 3.6
0 95 -2.31 2.44
0 95.19 -2.97 1.11
0 94.97 0.77 1.81
0 94.67 0.96 1.97
0.03 94.33 -0.62 2.21
0 94.18 -4.28 4.42
0 94.31 -7.44 3.6
0 94.58 -10.28 6.72
0 94.77 -5.79 3.54
0 94.37 0.25 3.13
0 94.98 -2.64 2.18
1261.11 94.75 -1.19 2.81
1261.11 94.51 -1.08 1.41
1261.11 94.79 1.51 2.27
1261.11 94.78 0.94 2.25
1261.11 94.99 -1.63 2.68
1261.11 94.57 -2.25 1.08
1261.11 94.64 -4.51 1.35
1261.14 94.65 -4 2.41
1261.13 94.85 -5.97 3
1261.29 94.33 -7.86 3.12
1261.38 94.32 -8.63 2.37
1261.11 94.47 -11.6 4.38
1261.11 94.79 -11.56 2.89
1261.11 95.16 -8.96 3.12
1261.11 95.72 -8.38 1.64
1261.11 95.66 -9.87 1.52
1262.15 95.92 -12.09 2.37
1261.27 95.57 -13.52 2.58
1261.24 95.45 -12.37 2.8
1261.12 95.85 -11.38 2.05
1261.11 95.89 -10.64 1.3
1261.11 95.6 -10.32 0.98
1261.11 95.75 -9.26 1.28
1261.11 95.69 -9.66 1
1261.17 95.14 -7.18 2.92
1261.16 95.62 -10.45 4.01
1261.11 95.29 -11.19 1.63
1261.11 94.82 -10.83 2.77
1261.11 94.13 -6.28 3.71
1261.11 93.93 -5.51 3.41
1261.11 93.55 -3.26 4.47
1261.11 93.95 -3.58 3.06
1261.11 94.24 -3.36 3.02
1261.11 94.81 -5.02 2.53
1261.97 94.71 -7.79 1.74
1263.11 94.96 -8.55 1.87
1261.13 94.7 -7.42 2.59
1261.11 95.2 -7.08 2.35
1261.11 95.64 -14.04 2.86
1261.11 95.26 -13.98 2.45
1261.11 95.27 -11.68 2.24
1261.11 95.36 -10.13 2.17
1261.11 95.86 -12.29 1.87
1261.11 95.57 -12.89 1.57
1261.11 95.62 -11.24 1.94
1261.11 95.42 -8.01 1.79
1268.88 95.43 -9.71 1.51
1261.11 95.41 -10.25 1.73
1261.11 95.64 -8.1 1.93
1261.38 94.68 -6.65 4.11
1261.12 95.18 -10.23 4.14
1261.11 95.36 -9.91 2.31
1261.11 94.69 -6.55 1.73
1261.11 93.91 -2.23 2.99
1261.11 94.46 -3.42 2.07
1261.11 95.36 -8.64 2.79
1261.11 94.94 -7.77 3.66
1261.11 94.37 -4.7 3.94
1261.11 94.95 -7.18 3.39
1261.11 93.66 -1.56 4.73
1261.11 94.35 -7.01 3.19
1261.11 94.45 -6.95 1.75
0.26 94.05 -3.98 1.98
0.03 94.1 -4.44 5.26
0 94.93 -12.54 3.96
0 95.1 -11.41 2.23
0 95.26 -11.8 1.5
0 95.48 -9.86 1.61
2.13 95.17 -10.32 1.47
11.06 95.25 -12.36 2.77
0 95.86 -14.79 3
0 95.67 -14.33 1.47
0 95.11 -11.97 1.44
0 95.73 -12.79 1.52
0 95.68 -12.34 2.05
0.1 94.89 -6.03 2.82
0 94.94 -6.24 1.89
0.05 95.51 -6.78 2.23
0 96.04 -9.03 1.7
1.72 95.59 -9.09 1.49
0.95 95.35 -9.12 1.87
0 95.29 -7.69 1.47
0 95.24 -4.7 2.05
0.34 95.74 -7.47 1.53
0.15 95.57 -4.89 1.21
0 95.14 -1.54 1.54
0 94.99 1.87 1.69
1.06 94.72 3.45 3.38
1.67 95.38 -3.51 3.83
0.06 95.08 -6.98 1.78
0 94.95 -5.14 1.65
0.42 94.88 -5.31 2.36
0.87 94.87 -6.03 1.8
2.08 95.2 -5.52 2.79
0 95.25 -7.04 2.96
0 95.41 -7.49 2.91
0 95.41 -6.09 2.42
0 94.94 -5.39 2.08
0 95.22 -5.04 2.18
0 94.72 -2.28 2.23
0 94.51 1.13 3.4
0 95.17 -1.69 3.98
0 94.76 -1.85 1.92
0 94.28 2.19 3.41
0 93.99 6.69 2.55
0 94.34 4.85 2.35
0 93.91 7.61 5.1
0 95 4.03 2.07
0.16 94.94 3.38 4.67
0 95.26 3.75 4.59
0 94.67 6.63 3.02
0 94.72 7.45 3.12
0 94.97 7.63 2.58
0 94.01 12.29 4.39
0 93.98 11.87 2.46
0.01 93.99 11.14 2.6
0 94.03 10.43 3.06
71.24 93.79 11.24 2.86
29.49 94.27 9.67 2.09
0 94.47 10.97 2.28
0.84 94.55 9.1 2.02
0 94.05 11.5 2.7
0 94.73 7.9 3.54
0 95.15 2.87 4.5
0 94.33 6.6 4.48
0 94.92 5.46 3.88
0 94.34 13.06 3.81
0 94.27 13.85 1.56
0 94.13 14.51 2.61
0 94.34 11.46 4.19
0 95.04 9.36 2.17
2.43 94.67 10.42 2.01
1.26 94.38 11.52 1.9
0 94.51 13.51 1.56
0 94.43 17.32 3.19
0 94.98 13.07 2.89
0 94.3 13.27 2.28
12.46 94.28 7.75 2.78
0.04 94.96 8.19 2.56
29.13 94.78 7.31 2.45
0.09 94.38 9.26 129.34
0 94.48 11.32 3.61
0 94.16 13.64 2.59
1.19 93.85 15.89 3.51
4.34 94.1 17.36 3.82
0.57 94.56 16.13 3.52
40.28 94.82 11.16 3.06
0 95.08 12.26 2.64
0 94.93 13.33 1.94
0 94.32 15 1.65
0 93.77 18.68 1.9
10.5 93.75 17.43 4.42
154.94 94.36 7 4.73
10.13 93.96 7.56 5.37
8.19 94.18 5.15 5.45
0.18 94.41 7.64 4.22
0.1 93.81 11.57 2.41
30.12 93.83 8.13 3.93
0.52 94.37 11.48 1.96
72.56 94.63 10.41 2.5
3.81 94.54 12.06 1.88
209.61 93.69 8.71 2.4
46.22 92.85 15.07 3.87
0 93.05 16.79 3.97
0.08 93.39 13.65 3.65
0 93.13 13.8 3.22
0.05 93.92 16.59 2.95
3.66 94.27 16.02 2.09
3.54 93.92 18.02 2.86
57.18 93.55 16.62 2.53
2.54 93.6 17.44 2.91
0.04 93.72 19.04 2.25
0 93.72 21.85 2.37
0.32 94.03 24.82 3.51
51.39 93.87 17.35 2.54
0.56 93.45 16.65 5.27
0 92.93 21.19 4.17
24.79 92.72 18.25 2.9
0.96 93.15 21.64 2.11
0 93.23 23.85 30.23
0.2 93.81 24.89 2.48
0 93.77 27.69 3.78
6.96 93.98 23.2 2.59
0.41 94.12 21.3 2.45
0 93.98 22.29 2.17
0.63 93.78 22.22 2.05
11.59 93.64 23.39 2.3
366.59 93.78 16.01 2.31
97.33 93.63 13.39 3.13
14.93 93.32 16.14 2.89
32.1 93.62 15.42 2.04
40.8 94.02 15.26 1.79
10.92 94.13 18.27 2.16
24.59 93.93 19.96 2.55
13.43 93.96 20.38 2.41
0.04 93.83 21.57 2.07
7.61 93.65 22.76 1.62
167.48 93.43 20.2 1.89
87.03 93.32 19.63 1.93
88.3 93.46 18.93 2.52
5.29 93.72 19.07 1.88
35.99 93.85 19.12 1.88
8.61 93.98 18.99 1.5
202.27 94.06 18.07 2.47
3.38 93.94 21.14 1.92
0.08 93.54 23.2 2.3
14.86 93.35 22.18 2.88
17.06 93.43 21.55 3.5
0.3 93.87 21.75 3.67
0.76 93.78 22.65 2.96
0 93.86 24.05 1.95
0 93.81 24.54 1.68
23.49 93.75 22.61 2.43
79.25 93.44 20.28 2.22
21.08 93.19 22.86 2.12
0.04 93.67 24.76 2.33
1.08 93.73 25.33 2.82
1.29 93.61 25.82 2.32
5.54 93.39 24.88 2.74
20.85 93.35 22.84 3.48
0 93.54 23.31 3
0 93.26 23.87 3.78
4.08 93.34 22.23 2.86
10.22 93.53 21.42 2.67
0.78 93.46 22.6 2.53
4.02 93.52 23.37 1.82
28.43 93.47 23.19 2.46
84.02 93.54 21.7 30.4
10.2 93.77 22.52 29.83
0.23 93.86 26.18 1.72
0.65 93.96 28.49 1.99
4.27 93.58 29.05 4.21
82.52 93.46 23.93 2.3
0.39 93.77 21.99 1.66
0 93.49 24.72 2.64
0.11 93.83 22.82 2.01
0 93.88 23.07 1.59
0.02 94.06 23.54 1.77
13.96 93.93 25.63 2.39
3.84 93.48 26.88 3.06
11.37 93.49 25.54 3.31
37.23 93.64 24.28 1.87
0 93.74 26.02 2.24
0 93.72 26.77 2.59
4.78 93.59 25.97 2.35
10.8 93.55 25.49 1.87
109.95 93.81 19.67 2.4
0.98 93.77 21.66 1.96
0 94.05 21.99 2.48
0 94.15 21.42 1.45
0.02 94 22.2 1.97
51.75 93.74 21.04 2.22
19.03 93.5 20.93 1.56
1.1 93.7 21.68 3.47
0.57 93.89 20.63 2.13
24.06 93.91 18.8 1.81
8.2 93.82 18.61 1.65
9 93.87 19.79 2.12
5.69 93.98 20.11 1.78
3.18 94.11 21.1 2.14
7.52 94.31 20.91 1.73
0.96 94.25 22.39 1.86
2.06 93.94 23.45 2.23
5.14 93.93 23.91 1.87
75.93 93.86 22.39 2.34
67.63 93.71 22.09 1.76
77.63 93.96 19.29 2.2
1.21 94.25 19.59 2.57
0 94.36 20.71 1.9
0 94.46 22.45 1.67
8.85 94.57 20.33 1.83
5.29 94.6 20.58 1.56
1.06 94.56 20.34 1.8
16.55 94.39 19.61 1.78
11.1 94.36 19.33 1.73
244.28 94.32 15.7 2.27
1.2 93.95 17.35 1.78
0 93.64 19.9 2.29
0 94.15 18.59 1.45
0 94.17 20.21 1.53
2.63 93.78 20.37 2.85
0.02 94.06 18.14 2.91
0 94.23 15.71 1.42
0.02 94.48 16.97 1.57
0.2 94.47 18.39 1.93
32.79 94.53 16.49 1.37
0.82 94.35 18.21 2.31
0.1 94.66 16.08 2.96
0 94.76 13.94 3.16
0 94.8 12.93 1.37
0 94.89 15.85 1.3
0 94.86 16.51 1.85
21.46 94.17 15.87 2.33
26.9 94.14 14.04 2.74
0.02 94.73 13.91 1.5
0.78 94.76 16.02 1.95
94.41 94.94 12.13 1.78
22.21 94.7 12.89 1.52
0 94.61 13.52 1.69
44.26 93.98 14.15 2.51
0.06 94.54 13.19 2.15
0.65 94.44 13.77 2.61
24.51 95.22 6.1 3.72
0.08 95.29 5.33 1.7
30.86 94.44 6.61 1.7
19.26 94.32 7.84 2.08
0 94.65 8.66 1.62
128.06 94.84 7.34 1.49
18.06 95.34 7.83 2.43
0 95.15 8.45 1.98
0 94.74 11.69 1.7
0 94.63 13.56 2.31
0 94.82 15.76 1.99
0 95.06 13.38 1.55
0.82 94.98 13.67 2.59
0.77 95.91 8.06 3.17
0 95.48 4.14 1.53
0 94.56 8 2.2
0 94.13 9.15 4.09
0 94.63 9.17 2.9
0 94.38 12.1 2.42
0 94.49 12.92 2.07
0 94.18 15.76 3.98
0 94.99 7.55 2.51
0 95.33 3.74 1.81
0 94.82 5.7 1.68
0 94.09 10.75 2.78
0 93.81 13.28 2.93
0 94.02 11.05 1.9
0 95.46 4.13 4.52
0 95.84 1.91 1.61
0 95.27 3.67 1.62
0.07 95 7.91 1.73
6.42 95.18 7.96 36.89
2.89 94.9 5.55 1.47
1539.7 94.57 6.33 3.39
1539.78 94.75 3.29 3.77
1539.69 94.53 6.32 2.43
1539.69 94.14 7.5 3.45
1539.7 94.5 5.84 3.08
1539.69 95.74 -1.18 2.73
1539.69 95.71 -1.9 1.44
1539.69 95.32 0.14 1.83
1539.69 95.12 3.69 1.64
1539.69 94.81 3.53 1.4
1539.7 94.46 2.44 3.39
1539.77 94.9 -4.7 5.68
1539.69 94.89 -1.99 2.86
1539.69 95.23 -2.37 1.56
1539.69 95.34 -1.8 1.56
1540 95.19 0.56 2.01
1539.69 95.53 -1.41 1.5
1539.69 95.45 -0.93 1.53
1539.69 94.77 1.14 2.83
1539.69 94.21 2.75 3.7
1539.69 94.72 0.25 2.61
1539.69 95.22 -2.18 2.04
1539.76 95 1 2.94
1539.69 95.37 -3.23 1.85
1539.69 94.48 -2.52 2.25
1539.69 94.04 128.39 4.66
1539.69 95.11 -3.28 2.04
1539.69 94.63 -1.78 1.4
1539.72 94.47 -0.79 2.08
1540 94.62 -2.06 5.59
0 95.17 -11.95 6.39
0 94.92 -11.41 3.66
0 94.68 -11.58 5.72
0 94.81 -11.11 4.45
0 94.91 -10.56 3.39
0 95.09 -10.04 1.78
2.06 95.12 -9.46 1.6
0 95.64 -10.17 1.5
0.06 95.51 -7.93 2.72
2.65 94.91 -5.55 4.67
0.11 95.31 -9.63 2.96
0.03 94.91 -10.4 3.93
0 95.06 -10.99 2.5
0 95.09 -9.27 1.57
0.31 95.05 -9.27 3.49
0 95.14 -12.83 3.33
0.01 95.15 -10.9 2.09
0 95.08 -7.97 2.62
0.22 94.83 -6.78 4.4
0 95.15 -10.73 3.73
0 94.8 -10.17 3.27
0 94.6 -3.71 2.26
0 94.64 -3.85 2.94
0 95.48 -5.85 3.7
0 95.71 -5.4 2.44
0 95.46 -8.61 1.21
0 95.07 -4.78 2.35
0 94.47 -5.3 2
0 93.83 -4.5 3.46
0.18 94.51 -7.1 128.18
0.04 95.26 -11.45 5.1
0.17 95.23 -11.6 2.69
0 95.16 -7.45 2.93
0 93.95 -3.22 3.52
0 94.18 -3.23 1.77
0.4 94.54 -3.2 5.02
0 95.06 -7.75 3.04
0 95.41 -9.48 1.63
0 95.31 -8.63 2.01
0 95.2 -5.98 2.35
0.04 94.76 -4.98 2.68
0 95.77 -7.87 2.29
0 95.89 -8.93 1.74
0 95.46 -5.93 1.81
0 95.6 -9.13 1.56
0.51 95.24 -9.66 1.66
1.77 95.25 -10.11 3.51
0 95.37 -9.27 2.05
1.67 94.27 -5.38 3.43
0.01 94.89 -8.43 1.83
0.06 94.81 -7.44 2.24
0.65 95.34 -7.76 2.05
0 94.81 -8.2 1.79
0 94.32 -4.26 3.14
0 95.16 -7.18 1.91
1.47 94.79 -4.56 1.27
3.68 95.39 -8.83 3.9
0 95.9 -12.32 2.82
0 95.73 -12.19 2.09
0.13 95.17 -8.93 3.61
0 95.78 -10.88 3.44
0 96.05 -9.56 1.5
0 95.84 -8.63 1.64
0 95.67 -7.92 1.54
0.14 95.57 -5.02 2.71
0.09 95.5 -7.05 3.33
0 95.39 -4.39 2.77
0 94.77 -1.91 2.8
0.04 95.57 -10.78 5.06
0 95.67 -11.9 3.36
0 94.98 -6.46 2.53
0 94.33 -3.22 2.3
0.01 94.35 -6.46 3.38
0 94.54 -6.59 2.16
0 94.16 -4.64 1.89
0 93.98 -1.07 2.24
0.02 94.64 -3.57 1.3
8.21 94.42 -1.74 2.48
0.01 95.03 -2.14 4.29
0 95.65 -3.94 2.18
0 95.14 -3.93 2.85
8.57 94.33 -0.89 3.29
16.25 93.84 -1.38 5.69
0.21 94.27 -6.6 5.74
0 94.5 -6.82 1.91
0 94.13 -6.42 1.97
0.29 94.6 -7.69 3.16
0 94.99 -9.43 3.55
0 95.6 -7.42 1.9
5.06 94.68 -2.94 4.72
0 94.37 -1.28 3.16
0.05 93.97 -3.13 2.51
0.09 94.65 -7.24 5.87
0 95.13 -6.85 2.48
0 94.86 -3.76 2.8
0 94.21 1 4.12
0 94.52 1.11 2.77
2.19 95.1 -3.41 3.04
0 95.89 -9.89 5.45
0 95.24 -4.44 3.4
0 94.87 -4.2 3.55
0 94.39 -3.32 2.89
0 103.72 123.85 128.85
0 94.49 0.3 3.42
0 94.15 5.43 3.92
0 94.07 5.52 3.04
0 94.81 2.57 2.3
0 94.1 6.45 2.8
0 94.37 6.13 3.71
0 94.49 5.2 2.61
0 94.45 5.95 4.08
0 95.36 1.79 4.03
0 95.54 3.04 2.89
0 95.72 3.7 1.58
0 95.5 7.46 2.63
0 95.31 11.79 3.96
0 94.51 12.55 4.53
0 94.1 11.8 3.62
0 94.21 10.17 3
0 93.74 14.1 3.83
4.9 94.71 6.56 2.98
0 94.81 4.49 1.65
184.77 93.3 2.14 2.25
0.52 94.1 3.52 2.22
2.92 94.04 5.12 1.74
0.15 94.58 3.47 4.87
0 95.66 -1.14 3.99
0 95.63 -0.12 3.28
0 94.87 4.11 2.45
0.05 94.62 7.26 2.86
0.1 94.81 7.36 1.95
18.95 95 6.63 3.55
170.76 95.62 -1.05 4.23
0.31 95.23 2.95 2.05
0 93.66 11.28 1.93
1.35 92.83 13.68 3.71
0.7 93.69 8.12 5.82
0 93.76 10.78 2.09
0.05 94.03 12.22 2.64
0.01 94.5 10.25 3.24
0.02 94.14 10.71 3.02
0.11 94.04 10.91 2.29
0 94.29 13.6 3.8
0 94.48 13.86 5.13
0 94.76 14.08 2.62
0 94.17 19.93 3.94
0 93.8 22.95 4.02
23.33 93.49 19.59 3.4
10.11 94.09 16.31 2.55
0 94.14 18.78 2.26
0 94.05 20.54 2.79
17.2 93.85 16.44 3.41
13.97 93.89 15.33 2.11
0 94.22 12.46 5.31
0 94.01 13.36 4.19
0 93.48 14.01 5.44
0 93.98 11.86 2.64
0.26 93.93 12.32 4.91
15.22 94.2 7.24 2.06
0 94.57 8.38 1.56
100.67 94.43 7.47 2.44
53.42 93.53 6.94 1.98
12.84 92.34 10.9 3.98
0.54 92.44 18.3 3.56
1.4 93.74 15.42 5.25
0.02 94.32 15.15 3.99
0 93.76 18 3.16
22.58 92.91 18.42 3.32
19.48 93.12 14.04 5.37
1.28 93.52 12.79 5.76
0 94.34 17.87 3.96
0 93.99 20.67 2.78
0 93.84 21.49 2.51
0.84 93.77 21.66 2.07
0.22 93.6 23.88 2.95
0.89 93.5 25.06 3.76
7.13 93.65 23.21 2.51
0.28 93.65 22.56 2.95
4.82 93.32 23.16 3.56
0.47 93.64 20.76 3.58
0 93.71 19.52 2.4
0 92.91 24.31 5.95
4.58 93.4 22.22 2.84
1.29 93.96 18.9 4.09
0 94.17 20.91 2.73
83.14 93.4 17.11 2.75
30.1 92.88 18.8 2.5
34.78 93.4 17.95 2.59
0.2 93.71 18.98 3.57
2.88 93.47 19.18 2.51
5.77 93.46 18.41 2.16
90.78 93.19 16.51 2.5
144.25 92.74 14.92 1.98
41.16 92.82 16.02 1.63
75.64 93.71 16.84 2.24
0.81 93.97 20.18 1.75
11.41 93.81 21.55 2.17
0.22 93.52 22.42 1.86
95.96 93.56 19.07 2.69
4.91 93.72 18.29 3.77
77.8 94.16 16.27 2.71
0.03 94.27 20.99 2.29
0 93.89 22.95 1.72
6.97 93.61 23.66 2.47
0.52 93.75 23.45 2.46
18.2 93.55 23.41 2.59
26.51 93.28 21.21 2.14
62.38 93.25 20.53 2.25
1.45 93.68 21.76 1.55
7.2 93.73 23.47 2.07
198.74 93.9 17.23 2.03
33.37 93.31 17.95 1.71
34.23 92.9 18.59 2.9
3.83 93.45 16.44 3.35
0.06 94.01 18.22 2.15
55.94 93.97 19.19 1.85
8.27 94.1 20.01 1.53
0 94.07 22.11 2.07
0.37 93.93 23.61 2.03
4.08 94.08 24.54 2.03
0.32 94.31 25.59 2.32
5.98 94.15 23.7 2.53
0.92 93.88 24.92 1.88
1.06 93.39 26.07 2.43
0.34 93.23 26.15 3.22
18.56 93.55 25.68 2.63
44.19 93.95 22.74 2.32
45.05 94.14 20.03 2.08
23.06 93.97 21.05 1.65
123.43 93.8 21.48 1.66
50.96 93.93 21.89 1.88
29.21 93.84 22.63 2.37
27.72 93.6 23.24 2.01
77.32 93.58 22.4 1.7
8.56 93.58 22.41 1.35
19.14 93.4 22.24 1.57
3.88 93.22 23.56 1.96
4.18 93.61 24.64 2.12
30.06 93.69 24.27 1.91
36.97 93.45 23.56 2.24
138.62 93.43 23.37 2.22
211.33 93.82 20.62 2.32
5.97 94.03 21.99 1.61
2.49 93.83 22.89 1.77
21.15 93.35 24.75 3.01
0.14 93.36 22.16 1.9
4.06 93.23 23.95 2.72
6.87 93.38 24.56 3.17
32.5 93.75 23.69 1.88
22.59 94.31 22.07 2.35
38.76 94.36 22.42 1.54
10.11 94.27 23.44 2.23
0 94.29 23.43 2.19
0 94.12 23.68 1.49
0 93.95 24.17 1.57
0 93.63 25.18 1.74
0.88 93.45 24.83 2.37
0.02 93.73 23.22 2.32
0 93.78 23.23 1.57
0.79 102.71 148.5 128.17
60.96 103.05 148.32 128.36
108.22 94.21 19.54 1.81
21.67 93.94 18.99 2.19
7.25 93.76 19.62 2.29
45.15 93.86 19.27 1.85
14.62 94.18 19.77 1.83
37.23 94.41 19.07 1.98
8.54 94.34 19.67 1.96
44.09 94.22 19.29 2.26
0.06 94.15 20.12 2.48
26.39 94 19.69 1.89
3.64 94.13 18.39 1.33
20.56 94.28 18.35 1.53
168.83 94.47 17.33 1.54
94.23 94.52 17.75 2.22
1.44 94.5 20.24 2.38
0.16 94.65 19.17 1.91
20.5 94.47 17.49 1.45
80.24 94.3 16.4 2.09
0.03 94.45 17.15 1.91
0 94.34 19.05 1.42
2.85 94.49 20.13 2.29
30.27 95.17 15.37 2.02
3.5 95.09 13.86 1.65
57.46 94.53 12.73 1.67
8 94.48 13.93 2.37
0 94.42 19 2.27
0 94.73 18.81 2.27
0 94.83 18.26 2.67
0 94.68 18.68 2.21
6.7 94.67 19.28 1.51
10.59 94.74 18.42 2.12
0.01 94.83 16.05 2.17
5.99 94.3 16.05 2.21
8.13 94.09 18.79 2.28
59.24 93.93 17.19 2.71
22.25 94.06 13.66 2.02
37.14 93.99 14.7 1.87
12.55 94.01 14.98 3.11
0 94.24 13.76 2.39
0 94.47 15.45 2.57
0.19 95.26 13.44 1.61
5.49 95.72 10.78 1.93
8.95 94.6 14.26 2.99
47.46 93.9 10.79 5.37
0.04 93.81 13.35 4.36
0 94.78 11.14 1.71
0 95.08 13.68 2.37
0 94.62 16.89 3.34
0 94.52 16.9 1.95
0 94.3 17.15 3.03
0 94.61 9.62 3.91
0.76 93.93 5.42 3.33
2.45 94.13 5.26 5.14
2.5 94.44 9.59 4.65
0 94.83 11.76 2.33
0 94.89 12.59 1.78
0 94.64 13.04 1.64
0 94.58 13.81 1.5
0 94.6 14.73 2.48
4.25 94.74 12.51 2.85
0 95.46 5.66 2.48
0 94.37 10.04 2.58
36.86 94.93 4.76 1.64
16.67 95.25 4.81 1.85
1.98 98.93 63.55 29.55
0 98.43 64.03 29.56
0 95.5 6.79 2
0 95.41 4.59 1.67
6.65 94.22 6.92 5.26
0 94.28 3.4 3.8
0 94.87 1.34 3.42
0 95.2 -0.22 3.76
0 95.61 0.43 2.65
0 95.67 2.78 1.48
0 95.03 5.22 1.66
0 94.85 5.76 1.22
0 94.78 8.59 3.79
0 94.98 9.32 3.01
0.44 96.09 1.01 3.66
70.48 96.15 -4.2 2.46
39.04 95.77 -4.19 3.02
8.83 95.29 -3.61 1.75
0.23 95.32 -3.57 1.24
0 95.46 -3.64 1.39
0 95.62 -2.11 1.46
0.07 95.47 0.63 1.25
0.02 94.77 2.35 1.78
0 94.16 4.98 2.49
0.48 95 1.98 2.13
7.29 94.81 -2.46 2.49
0 95.5 -4.82 2.16
6.78 95.37 -6.28 2.26
12.35 95.37 -7.55 1.93
6.96 95.36 -8.35 1.87
5.82 95.85 -8.88 1.57
19.6 96.31 -11.61 2.49
10.26 96.39 -13.07 2.76
0.14 96.27 -15.25 1.98
0.02 95.43 -14.72 2.62
0 95.35 -14.36 2.59
0.09 94.86 -11.56 1.35
0.5 95.3 -10.01 1.34
7.54 95.04 -5.28 2.43
0 94.91 -7.48 1.66
0.62 94.25 -3.25 2.19
0.13 94.08 -6.01 4.88
0.31 94.41 -8 5.44
0 94.76 -5.33 3.67
0 95.39 -5.49 2.13
0 95.52 -8.05 1.47
0 95.68 -9.13 1.03
0 95.27 -3.43 2.13
1.09 94.92 -0.09 2.71
0.01 95.21 -2.04 3.34
0 95.5 -7.12 1.62
0 95.17 -6.64 1.39
0 95.29 -6.69 1.01
5 94.62 -5.2 2.94
0.05 94.71 -6.93 4.41
0.06 95.27 -9.04 5.22
0 95.33 -7.94 2.83
0 95.79 -5.9 1.9
0 95.76 -6.55 1.46
0 94.9 -3.88 2.24
0 95.13 -5.73 1.72
0 95.2 -8.04 1.67
0 95.13 -5.87 2.15
0 95.21 -9.41 2.25
0.01 94.17 -7.21 2.89
0 95.2 -12.45 3.39
0 95.95 -14.88 1.94
0 95.7 -8.3 2.17
0.47 95.27 -5.88 1.52
2.94 95.53 -7.54 1.38
0 95.51 -8.46 1.98
0 94.69 -3.21 2.27
0.01 94.67 -5.83 1.36
2.16 94.85 -8.3 1.95
0 95.32 -11.02 3.65
0 95.13 -12.27 2.55
0 95.43 -10.36 2.8
0 95.27 -10.17 3.47
0 95.07 -10.78 2.74
0 94.83 -10.6 1.96
0 95.55 -12.58 2.98
0 95.81 -13.59 2.65
0 95.3 -13.24 3.09
0.11 94.65 -11.91 4.01
0.17 94.37 -11.08 2.5
0 94.42 -11.79 1.7
16.05 95.03 -15.26 2.22
2.24 95.04 -19.09 2.42
0 94.7 -19.34 4.31
0 95.28 -18.47 1.72
0 95.77 -17.82 1.44
0.93 95.72 -17.25 2.06
0.64 96.24 -20.91 3.1
0 96.14 -24.08 4.74
0 95.7 -15.9 4.54
0 95.12 -10.37 3.01
0 94.97 -11.87 3.37
0 95.03 -10.34 3.42
0 95.56 -13.16 1.89
0 95.98 -16.29 1.61
0 95.79 -16.63 2.27
0 95.85 -13.39 3.05
0 95.74 -11.06 2.78
0 95.39 -9.43 2.07
0 95.17 -9.07 2.56
0 95.37 -8.99 3.49
0 95.31 -9 3.58
0 95.21 -7.6 2.75
0 94.34 -7.55 2.77
0.01 93.97 -4.71 3.32
0 94.62 -3.61 2.64
0 94.28 0.68 2.53
0.04 94.19 1.14 2.17
3.55 94.48 -0.07 2.97
31.66 95.2 -8.3 5.67
0 95.25 -12.72 5.23
0 94.63 -9.72 3.87
0 94.52 -5.41 3.99
0 94.45 -2.8 3.46
0 94.43 -4.25 3.68
0.18 95.26 -7.38 3.45
0 95.22 -9.67 3.68
0 95.03 -9.78 2.53
0.01 95.2 -7.18 3.12
0 96.07 -10.86 2.38
0 95.69 -9.63 2.43
0 95.63 -8.88 3.02
0.13 94.96 -7.11 2.89
0.03 95.05 -7.44 2.06
0.2 95.37 -8.59 3.88
0.12 95.58 -9.01 3.2
0.06 94.69 -1.27 2.69
0 94.32 1.39 2.02
0 94.26 0.82 2.65
0.38 94.64 -0.63 1.51
17.88 94.48 0.21 4.02
0.04 94.48 -1.66 2.53
3.63 94.76 -4.58 4.06
0 95.5 -8.17 4.47
0 95.6 -8.03 3.74
0.04 95.37 -7.02 3.36
0 94.84 -5.6 2.04
0 94.23 -1.49 3.85
0 94.98 -2.12 2.55
0 94.82 1.22 2.58
0 94.26 4.6 2.65
0 94.13 7.73 3.14
0 93.72 9.65 4.79
0 94.17 7 4.16
0 95.02 3.75 1.85
0 95.27 5.68 1.85
0 94.91 8.29 2.64
0 95.25 5.1 4.08
0.02 95.82 1.71 4.51
0 95.82 1.71 3.14
0 95.5 2.71 3.07
0 95.12 7.03 3.08
0 94.54 9.03 2.46
0 93.92 10.56 3.63
0.3 94.38 6.87 3.51
0 94.33 8.7 3.2
0 93.41 14.74 4.48
10.31 93.69 9.71 4.81
0.64 94.73 5.75 4.04
0 94.73 7.69 3.38
0 93.94 9.97 3.49
0.13 94.21 9.72 2.45
0.52 93.61 12.03 4.49
0 93.98 9.79 4.66
0 93.91 11.52 5.49
0 94.15 7.28 2.96
0 94.77 5.24 3.13
0 94.27 6.93 4.34
14.37 93.45 9.16 2.62
0.16 93.22 10.51 4.89
0 94.3 10.86 3.19
0.83 93.83 15.11 4.87
9.32 93.78 10.24 4.15
1.74 93.76 6.06 4.31
3.5 94.05 6.46 2.4
2.04 94.37 7.41 3.21
0.02 94.04 13.46 2.83
0 93.23 14.89 5.88
0 93.75 10.41 6.02
0 94.26 10.7 2.94
0 93.74 14.09 4.39
1.13 94.53 10.51 3.2
38.43 94.76 8.33 2.1
2.63 94.38 11.93 1.71
0 94.52 12.58 2.32
35.2 93.71 13.01 2.43
0.04 93.34 16.91 2.64
36.08 93.09 20.75 4.06
183.62 93.88 10.58 2.3
39.15 93.03 11.61 4.93
0 93.5 15.49 3.02
12.02 93.45 15.55 4.76
0.02 93.81 12.64 6.13
0 94.54 14.94 2.62
0 94 18.32 4.3
1.66 94.18 16.37 2.45
0 93.86 16.86 2.26
0.88 93.05 19.58 3.89
132.17 93.79 11.3 4.74
0 94.64 14.22 3.58
32.19 94.26 11.82 3.68
0.81 94.11 12.37 3.42
0 93.6 18.01 3.38
0 93.73 22.49 3.55
0 93.99 23.62 3.93
0 94.21 22.1 3.42
0 94.37 21.88 3.37
0.04 95.06 18.89 3.51
0.04 94.97 17.9 2.46
40.63 94.09 14.8 1.99
26.19 93.05 15.33 4.41
5.26 93.33 18.33 3.33
0.37 93.82 18.34 4.45
0 93.75 21.19 4.47
0.22 93.37 23.54 3.9
0 93.73 18.87 4.12
0 93.44 21.77 4.27
15.09 94.21 17.05 2.01
0 94.29 19.62 1.43
0 93.92 22.82 2.52
0.01 93.59 23.69 3.1
0.04 93.72 22.68 2.64
0.43 93.97 22.83 2.07
24.13 94.13 19.25 3.23
3.73 94.17 19.04 2
0.1 93.92 21.54 2.71
19.53 93.6 20.8 3.8
89.34 93.37 20.07 4.14
38.56 93.87 17.8 2.37
11.64 93.77 19.03 1.92
5.55 93.43 19.14 1.95
106.72 93.32 15.13 1.99
14.41 93.36 18.26 1.99
3.36 92.98 19.56 2.16
53.07 93.02 20.12 1.84
2.08 93.57 20.19 2.89
0.01 93.65 23.14 2.52
17.69 93.31 24.61 2.75
34.35 93.34 23.44 2.31
19.75 93.36 22.27 2.07
13.12 93.63 20.84 2.98
3.75 93.68 20.69 3.79
0 93.83 24.01 2.99
0 93.77 24.35 1.9
25.57 93.49 22.75 2.63
62.82 93.58 18.84 2.81
111.23 93.45 20.2 1.97
55.07 93.51 19.97 2.02
0 93.66 20.37 1.75
0.24 93.62 22.04 1.65
0 93.73 24.86 2.61
0 93.88 24.73 2.91
3.37 94.1 25.1 1.93
0 94.2 26.44 1.68
0 94.13 26.93 2.64
0 93.88 26.54 2.62
0 93.65 27.84 1.89
0 93.41 28.75 2.33
7.67 93.1 28.98 3.23
101.32 93.39 21.78 1.97
0.61 93.7 24.21 2.38
1.59 94.03 22.37 2.63
9.65 93.71 19.61 2.05
3.04 93.59 18.94 2.24
3.43 93.85 21.59 1.7
0.08 93.85 23.58 2.08
13.4 93.91 23.82 2.44
205.48 94.02 20.82 1.95
805.41 93.55 20.65 2.48
54.7 93.31 23.32 1.73
12.68 93.23 26.51 2.8
0.49 93.74 25.3 1.94
419.38 93.75 20.25 2.66
1.9 93.64 22.23 1.52
3.47 93.43 23.96 2.14
22.97 93.4 23.43 2.09
16.74 93.76 23.21 1.84
142.69 94.02 23.02 2.11
39.43 94.15 21.97 1.63
15 94.26 22.7 1.98
0.2 94.26 24.48 1.79
0 94.2 25.85 1.42
0 94.14 26.85 1.75
0 94.04 26.77 1.98
449.73 93.78 25.01 1.82
147.85 94.15 23.37 2.36
0 94.24 21.99 1.36
0 93.87 23.75 2.27
0 93.68 26.38 3.18
1.66 93.69 28.4 2.89
17.01 93.79 25.04 2.28
0 93.74 24.35 1.77
0 93.99 23.68 1.85
11.62 93.9 23.15 1.66
106.7 93.74 21.47 2.01
7.7 93.61 22.3 1.34
225.97 93.56 20.18 1.69
9.88 94 21.18 2.19
11.14 94.12 21.72 1.77
0.78 94.26 22.66 1.94
1.91 94.34 23.22 1.63
17.82 93.86 21.14 1.58
12.76 93.68 23.2 2.31
127.32 94.43 17.56 3.71
0 94.71 17.71 2.18
4.77 94.37 17.65 2.12
1.6 94.34 18.47 2.08
0 94.5 17.83 1.93
0 93.94 17.63 1.88
12.1 92.91 16.61 4.06
20.68 92.74 15.48 2.62
3.74 93.38 18.86 1.64
12.01 93.89 18.45 1.25
144.29 94.14 17.65 1.58
38.57 94.09 17.08 1.34
11.47 93.97 18.69 1.51
2.48 93.7 18.76 1.72
4.48 93.8 17.61 1.62
51.28 94.09 16.25 1.86
12.39 94.24 15.88 1.69
71.87 94.59 15.05 2.16
12.6 94.84 15.72 1.41
3.27 94.77 17.11 1.39
58.92 94.59 18.41 1.55
0.02 94.49 19.12 1.74
6.4 94.56 17.95 2.04
3.47 94.97 15.67 1.8
24.83 95.12 13.52 1.98
0.21 95.16 13.34 2.47
0 95.01 13.55 1.45
1.16 94.79 14.1 2.15
6.69 94.44 16.16 2.07
2.74 94.13 18.12 1.89
2.15 93.87 19.91 3.18
0.07 94.54 16.76 2.28
13.09 94.34 16.82 1.83
2.05 95.09 11.55 4.84
0 95.48 7.88 2.19
0.06 94.7 9.81 2.18
0.12 94.36 15.21 2.17
6.75 94.22 18.44 3.27
1.55 94.24 15.74 2.26
2.23 94.24 15.12 3.04
105.95 94.77 7.42 2.18
8.47 94.86 6.24 1.94
0.8 95.4 8.32 1.55
58.54 94.55 10.62 3.07
0.74 94.8 5.66 4.78
0 94.99 4.73 1.8
0.36 94.59 6.08 1.66
0 95.13 5.64 35.02
0.48 95.11 7.48 1.52
0 94.72 12.01 1.45
0 94.8 13.3 1.75
0.2 94.97 14.36 2.35
3.63 94.44 14.16 4.2
0 94.91 9.81 2.28
0 94.68 11.89 1.87
0 94.53 12.84 2.34
2.38 95.39 4.61 2.56
48.23 94.79 5.28 1.81
41.14 95.46 2.08 2.63
0 95.1 2.46 1.52
0 94.47 3.54 1.47
0 94.12 8.23 3.05
0 95.25 2.98 1.96
18.13 95.3 2.51 1.26
6.32 95.5 1.93 3.15
0.37 95.56 0.18 2.72
2.33 95.26 -0.33 3.41
0 96.06 -5.19 3.23
0 95.69 -3.47 2.33
0 95.01 0.4 3.09
0 94.44 2.03 1.73
0 93.58 4.21 1.75
0 94.58 1.57 2.49
0.26 95.35 -0.83 2.05
5.11 95.61 -1.61 3.27
0 95.97 -4.02 1.64
0 95.34 -1.83 2.29
2.89 93.93 2.46 3.54
1.74 94.14 -1.4 1.82
0.23 94.67 -1.48 1.4
0 94.16 4.07 3.51
0 94.86 0.92 4.98
0 95.07 -3.28 2.06
0 94.84 0.12 2.53
0 94.77 -0.88 2.16
0.17 94.23 0.27 2.48
2.13 94.71 -3.89 2.11
29.27 95.24 -7.22 1.89
54.72 95.59 -9.7 2.7
0 95.97 -11.62 3.03
0 95.65 -10.68 2.64
0 95.17 -8.51 2.81
0 94.83 -6.25 1.92
0 94.38 -2.89 3.34
0 95.17 -6.35 3.05
0 95.61 -5.06 1.61
0.1 95.84 -5.5 1.72
4.94 94.75 -1.47 3.39
0 95.49 -3.85 3.67
0 95.23 -0.13 2.73
0 94.49 2.21 3.1
0 94.57 -1.47 2.71
1.05 95.19 -6 3.5
0 94.65 -5.78 2.96
0 94.86 -6.32 2.48
3.38 94.29 -4.21 3.54
0 95.22 -7.62 2.21
0 95.36 -8.27 1.48
0 94.76 -6.13 2.48
7.04 95.1 -3.85 2.41
0 95.69 -9.25 3.07
0 95.62 -10.49 2
0.01 95.62 -9.05 2.87
0 94.85 -4.96 2.47
0 94.81 -4.65 1.11
0 94.97 -4.13 1.05
0 95.04 -3.54 1.11
0.02 95.36 -3.33 1.39
0.14 95.37 -5 2.5
3.5 95.04 -9.55 3.54
0 95.44 -10.76 2.27
0 95.32 -10.22 1.34
0.05 95.16 -5.17 3.81
0.5 95.78 -9.3 3.43
0 95.67 -11.38 2.14
0 95.39 -10.1 4.03
0 95.61 -9.18 2.95
0 95.13 -7.72 1.86
0 95 -6.62 1.57
0 94.82 -2.96 3.11
0 94.98 -4.91 2.24
0 94.66 -2.11 2.99
0 95.23 -5.43 1.45
0 95.52 -6.98 1.4
0 95.08 -3.54 1.74
10.07 95.11 -4.04 1.46
7.22 94.71 -5.11 2.21
0.02 94.86 -7.97 3.43
0 95.1 -10.69 3.93
0 94.85 -10.66 2.92
0.02 94.57 -11.21 2.75
0 94.76 -10.81 4.61
0 95.64 -11.95 2.07
0.11 95.61 -13.55 1.34
0.04 95.52 -12.88 1.45
0.24 95.33 -10.93 2.09
0 95.64 -11.47 1.79
14.85 95.33 -12.73 2.56
0 95.4 -13.81 2.21
0 95.06 -13.12 4.18
0 95.7 -13.97 2.48
0 95.82 -14.24 1.44
0 95.94 -12.6 1.32
0 95.35 -7.98 1.61
0.06 94.65 -4.55 4.35
0 95.13 -7.19 3.37
0 94.58 -7.77 2.69
0.14 95.43 -11.59 3.94
0 95.74 -10.6 3.42
0 95.18 -8.54 2.81
0 95.91 -8.62 3.2
0 95.33 -6.1 2.13
0 94.74 -4.02 1.65
0.3 94.4 -1.3 2.34
0 94.77 -6.26 3.29
0.01 95.67 -7 2.14
0.01 95.61 -7.8 1.14
0.04 95.43 -8.94 5.55
0.02 94.98 -10 5.52
0 95.15 -9.44 4.48
0 95.25 -7.21 3.05
0 95.23 -6.26 1.77
0 95.72 -4.65 1.52
0 95.58 -3.59 1.77
0 94.43 1.72 3.41
1.64 94.75 -3.25 4.11
0 95.34 -7.12 3.09
0 94.72 -5.21 2.71
0 93.71 -2.25 4.66
0 95.46 -7.28 3.81
10.63 95.24 -6.81 2.68
8.1 94.64 -4.25 4.17
0 95.13 -5.15 3.69
0 94.87 -2.7 3.47
0 94.82 -1.16 3.29
0 95.01 -0.89 1.71
0 94.68 1.04 2.84
0 94.64 0.33 2.92
0.19 95.01 -4.66 3.62
0 94.24 -0.79 2.56
0 94.31 -0.23 1.53
0.02 94.51 -3.3 2.36
0.18 94.93 -5.42 3.62
0.06 94.68 -7.44 3.81
0 94.72 -5.46 4.58
0 94.26 -0.71 3.62
0 94.05 0.6 2.89
0 94.27 3.21 2.02
0 94.55 3.83 2.95
0 95.34 -0.61 4.28
0 95.35 0.52 2.83
0 95.31 1.24 1.96
0 95.03 2.7 1.6
0 94.67 3.25 1.81
0.86 94.57 4.01 1.9
0 95.1 5.05 1.79
0.33 95.19 4.44 2.09
0.95 95.24 1.71 3.15
0 95.07 1.45 1.88
0 94.82 2.86 2.07
0.96 95.21 1.55 1.48
7.77 94.88 1.23 1.34
2.15 94.74 2.71 2.58
0.64 94.68 1.51 2.11
0 94.85 2.45 2.37
0 94.65 4.96 2.43
0 94.58 8.59 3.48
0.22 95.37 3.86 2.59
0 95.18 4.24 1.95
0 94.58 5.81 1.74
0 94.62 9.04 2
0 94.53 12.14 2.77
0 94.22 15.96 3.54
0.54 93.94 14.18 3.33
1.63 94.02 11.2 3.25
0.69 94.1 10.11 2.54
0 94.85 8.61 3.02
0 94.82 8.67 2.24
0 93.85 12.7 3.76
0 94.41 7.82 3.87
0 94.31 6.92 2.46
0 93.68 11.96 3.85
0 93.29 14.74 2.91
0 93.75 15.82 3.21
0.57 94.04 14.07 3.15
1.89 92.99 13.85 4.84
0.3 93.18 7.45 5.53
1.98 93.51 7.7 3.08
2.26 93.89 9.12 3.35
0 94.32 9.8 2.24
0.02 93.65 12.86 4.95
0 93.88 9.82 2.86
0 94.21 8.68 3.4
0.01 94.86 8.47 3.61
0 94.9 10.16 4.59
0 94.11 14.61 4.42
0 93.57 16.59 3.23
0 93.25 20.3 4.11
0 94.07 16.79 2.49
0 94.41 17.68 2.63
0 94.37 20.88 3.63
3.25 94.28 18.79 5.01
10.46 94.24 14.51 3.51
16.14 93.95 9.38 5.95
0 94.19 10.63 6.16
0 94.07 17.78 4.13
0 93.76 20.05 2.42
0 93.48 20.13 3.91
0.2 93.52 18.93 3
0.02 93.68 14.68 4.82
0 93.51 12.49 4.55
0.84 93.75 12.22 4.59
0.13 94.45 13.71 4.68
0 94.41 16.09 2.32
0 93.63 19.82 1.8
0 93.47 23.49 2.09
0 93.49 28.18 3.57
4.77 93.84 26.04 3.26
1.45 94.09 23.55 2.67
10.24 94.41 15.42 3.38
180.68 94.52 9.64 2.24
0.04 94.32 16.25 2.37
0.01 93.91 19.32 2.24
0.05 94.4 15.57 2.96
0 93.94 19.32 2.46
0 93.56 21.73 2.7
0 93.88 22.29 3.89
26.13 94.18 16.83 2.45
0.78 93.64 19.68 3.01
7.86 93.19 19.97 3
0 93.67 17.67 3.34
96.1 93.96 11.33 1.85
0 94.1 15.47 2.14
0 94.11 19.67 2.31
0 94.24 21.24 2.19
25 93.92 15.18 2.21
0.51 93.69 18.47 2.71
0.36 93.59 21.26 3.68
0 93.66 20.83 3.58
0 94.01 18.85 2.06
5.8 94.15 18.1 1.74
29.44 94.45 18.22 1.7
0 94.48 20.48 1.96
0 94.09 26.33 2.29
0.43 93.8 26.77 1.44
0.81 93.64 25.97 2.98
20.44 93.55 23.24 2.1
47.09 93.54 20.41 2.48
50.79 93.44 19.1 1.81
6.72 93.5 19.85 2.39
0.49 93.66 21.31 2.22
98.62 94.02 18.13 1.52
124.03 93.9 16.87 1.6
4.14 93.66 18.76 1.4
4.16 93.63 21.66 1.39
0 93.8 23.82 1.65
11.01 93.68 24.86 3.24
23.02 93.7 26.27 3.14
0.12 93.6 26.78 2.74
12.56 93.5 26.73 2.53
46.19 93.38 26.49 2.08
20.28 93.54 24.78 2.49
0.59 93.65 25.42 2.07
36.33 93.8 23.81 1.71
34.55 93.96 22.34 1.5
45.73 93.72 23.69 2.45
505.07 92.92 22.62 2.33
38.8 92.89 23.99 2.62
35.72 93.04 24.23 2.52
0.6 93.03 23.99 2.02
0 93.3 24.86 1.81
0.31 93.36 28.01 2.34
78.51 93.16 27.55 3.24
26.38 93.59 24.59 2.02
13 93.91 25.72 1.56
0 94.03 26.98 1.71
0 93.96 28.04 1.79
0.01 93.68 28.33 2.64
26.08 93.46 26.39 2.62
37.76 93.45 22.48 2.42
40.63 94.17 21.24 1.93
36.4 94.16 21.03 1.44
4.44 93.7 23.53 1.22
0.97 93.83 23.68 1.58
0.64 94.03 23.79 1.96
25.3 93.68 22.03 2.43
0.71 93.91 22.67 2.3
0 94.41 23 1.59
0 93.97 23.33 1.61
90.05 93.58 22.93 3.09
0.04 93.73 24.92 1.85
1.03 93.81 25.72 2.23
49.43 93.55 24.72 1.93
661.53 93 23.06 1.84
17.53 93.39 23.82 1.49
55.93 93.44 23.96 2.23
27 93.29 22.3 1.96
1.87 93.34 23.65 2.09
27.69 93.21 22.27 1.55
48.32 93.02 20.26 1.52
12.12 93.11 22.8 1.41
13.25 93.51 23.75 2.42
44.31 93.87 22.45 1.97
0.48 94.02 23.06 1.65
16.71 93.96 21.95 1.61
23.45 93.88 21.41 1.54
290.42 93.95 19.27 2.27
47.19 94.1 20.31 1.89
26.89 94.24 21.22 1.81
35.7 94.26 21.45 1.92
8.82 93.9 22.02 1.71
1.78 93.66 25.3 1.93
27.66 94.1 22.39 2.06
323.9 93.99 19.07 1.95
0.02 94.02 19.85 3.65
0 94.1 17.85 3.45
0 94.4 18.55 2.03
19.98 94.13 16.05 2.47
4.79 94.56 15.73 2.77
0 94.68 14.39 2.02
0 94.41 16.79 2.19
0.63 94.4 17.16 1.68
1.9 94.23 19.73 1.91
8.32 94.26 19.13 1.84
8.76 94.17 19.43 2.3
2.96 94.02 20.4 2.44
0.06 93.93 19.83 3.62
0 93.83 18.81 1.77
0 93.63 20.85 1.94
1.19 94.14 18.23 2.6
4.23 94.17 18.61 2.06
90.13 94.08 16.69 1.63
0.02 94.33 16.23 2.18
0 94.71 15.46 1.61
0 94.95 16.1 1.74
4.36 94.88 18.21 2.28
5.4 94.71 18.18 2.01
0.49 94.31 18.69 2.66
0.01 94.14 17.08 2.44
0 93.6 18.8 1.95
0.14 94.04 15.45 2.93
0 94.39 14.92 1.65
1.21 93.74 18.65 2.84
10.04 93.79 16.42 3.46
0 93.95 17.16 3.49
0.14 94.25 17.63 2.28
17.12 94.21 15.6 2.25
27.94 94.5 12.99 1.84
0.03 94.46 9.79 2.26
0 94.35 8.77 3.46
0 94.18 9.86 2.55
0 94.29 13.3 2.35
0.1 94.48 14.94 3.52
0 95.22 8.87 2.51
0 95.56 7.75 2.06
0 95.31 9.3 2.36
0 94.64 13.47 3.5
0 94.42 14.5 2.64
0 94.74 13.56 1.94
13.09 95.02 11.85 1.55
87.52 95.64 8.51 3.27
27 95.67 4.76 2.43
0.64 95.45 4.81 3
0.7 95.08 4.05 2.31
0 94.97 5.51 2.83
0.01 95.52 4.52 1.17
28.92 95.57 6.67 1.74
0.07 95.91 5.25 1.8
0 95.7 5.77 1.66
4.7 95.05 8.52 1.67
0.08 94.86 8.86 1.33
0 94.57 10.96 2.25
0.02 95.25 6.92 1.62
14.39 95.34 3.97 1.7
0.14 95.35 5.17 1.59
0 95.16 6.79 1.71
0 95.24 7.35 1.27
0 94.62 9.47 1.55
0.02 94.47 10.46 1.86
0 95.35 6.02 4.54
0 95.84 1.74 3.6
0 95.3 4.87 2.34
0 94.43 7.67 2.67
