1.08 95.61 -17.15 1.78
0.02 96.25 -18.36 1.84
15.07 96.13 -20.19 1.58
6.14 96.32 -18.65 3.67
0 96.61 -19.38 3.14
0.02 96.82 -19.02 2.59
0.16 96.92 -17.48 1.79
14.8 96.3 -16.26 1.42
6.63 96.48 -16.41 1.55
0 96.74 -15.71 1.35
0 96.71 -16.76 3.27
0 96.13 -18.91 3.73
0 96.14 -16.09 3.37
0.72 96 -16.57 1.5
0 97.07 -15.65 1.55
0 96.64 -14.85 1.08
0 96.29 -11.24 1.31
0.02 96.18 -6.12 1.85
0 95.67 0.44 3.86
0.06 96.94 -10.39 5.14
0 96.83 -13.77 2.72
0 96.51 -11.46 3.62
0 95.98 -8.27 3.17
0 95.4 -9.24 3.89
0 96.4 -9.35 3.92
0 106.18 -4.58 3.49
2.22 95.34 -4.22 3.59
0.01 95.93 -11.09 4.11
0 95.49 -5.5 4.34
0 95.59 -5.6 2.21
0 96.21 -10.01 1.89
0.22 96.38 -12.11 1.95
0 96.38 -15.6 2.22
0 96.3 -13.99 2.73
0 96.29 -14.67 2.25
0 96.62 -14.25 1.6
0.01 96.51 -12.01 2.43
2.84 95.5 -3.45 3.08
0 95.65 -5.21 2.17
0 96.29 -8.14 2.5
0 96.89 -11.18 3.75
0 97.31 -12.83 4.63
0 97.02 -12.01 2.32
0.04 96.36 -10.67 2.19
0 96.78 -11.1 2.53
0 96.96 -13.4 1.96
0 96.49 -10.9 1.98
0.01 96.06 -9.24 2.85
0 95.86 -8.66 2.84
0 95.35 -4.62 1.74
0 95.25 -8.09 1.75
0 95.36 -6.92 1.91
0 95.36 -4.91 2.83
0 94.34 -0.03 2.54
4.74 94.72 -3.42 1.97
0 95.8 -7.01 2.24
0.19 95.97 -6.18 1.69
2.83 95.66 -7.17 2.34
1.24 96.25 -8.22 2.6
0.1 95.94 -8.64 1.97
0.27 95.65 -4.55 3.49
0 95.67 -1.59 3.61
27.58 95.32 -2.48 2.91
5.11 96.43 -10.32 3.49
0 97.13 -12.05 2.09
0.01 97.4 -12.81 1.92
1.84 97.7 -10.47 3.11
0.01 96.88 -9.73 2.57
0 95.49 -3.59 2.77
0.2 94.4 2.43 4.63
0.95 95.61 -5.36 4.84
0 96.22 -3.34 2.24
30.59 95.61 -1.18 2.03
1.47 95.58 -3.18 5.64
0.03 96.08 -5.25 2.75
0 96.48 -6.35 2.43
0 95.45 -2.76 2.85
0.29 94.09 3.42 2.73
37.14 94.75 -1.37 4.16
0 95.08 -0.14 3.19
0.07 95.06 3.51 4.37
0 95.75 2.12 2.93
0 96.33 -1.12 2.87
0.04 96.31 -3.97 3.79
0.69 95.84 -3.51 2.14
1.22 96.4 -2.88 2.15
0 96.29 2.51 1.59
0.05 96.06 5.38 2.29
4.79 95.43 8.89 4.73
2.21 95.18 7.29 4.95
0 95.62 1.7 5.72
0 95.68 -0.58 4.15
0 95.3 4.53 4.69
0 95.06 8.32 3.94
3.7 95.71 2.73 2.43
0.01 96.33 1.34 2.62
0 95.72 7.29 4.07
0.46 94.53 11.6 6.52
22.53 95.4 1.75 2.94
0 95.66 2.91 3.53
1.35 95.64 1.11 2.17
44.46 95.44 -0.34 3.79
0.06 96.17 -1.18 5.58
0 96.31 1.41 2.5
0.16 95.66 3.86 3.18
9.74 95.93 2.75 1.57
0 95.86 5.2 3.57
14.72 95.19 9.5 3.26
35.74 95.69 7.86 2.29
0.14 96.03 8.06 2.04
0.1 96.28 9.51 2.29
0.54 96.03 8.88 2.63
0.14 95.92 8.03 1.93
0 95.49 12.61 2.83
2.04 95.24 13.57 4.45
35.53 95.13 4.32 3.55
31.01 94.73 2.11 3.3
0.14 94.83 4.68 6.77
4.85 94.99 6.5 5.5
7.89 95.23 11.41 2.84
0 94.69 16.78 2.08
0 94.42 18.21 4.83
0.35 94.98 15.91 2.25
3.07 94.51 101.77 3.28
235.25 94.14 9.48 3.59
14.35 94.57 12.49 4.97
20.56 94.63 11.17 2.05
2.29 94.86 14.49 2.61
46.69 94.64 10.73 3.3
11.47 94.55 9.48 2.65
6.21 95.59 9.62 2.52
0 95.83 13.23 1.76
0 95.79 15.8 1.92
7.41 95.34 17.37 3.4
7.87 95.23 20.13 2.33
0.79 95.43 19.21 2.87
24.81 94.97 16.99 3.07
151.96 94.09 12.04 3.21
1.18 93.76 17.84 4.91
0 94.61 21.98 2.61
0 94.76 24.87 3.04
0.27 94.8 22.33 2.23
0.93 94.47 21.32 2.82
10.26 94.68 17.26 4.31
0.94 95.27 20.99 3.55
0.11 95.7 21.37 2.21
4.03 95.62 19.17 2.21
98.26 95.03 15.43 2.99
61.26 94.64 16.4 2.24
55.93 95.13 14.8 2.1
9.48 95.7 16.28 1.4
1.83 95.6 18.45 1.65
0.44 95.73 19.21 1.65
0 95.76 21.4 1.71
0.01 95.56 22.2 2.06
0 95.25 23.46 2.21
0 95.27 23.38 2.62
0 95.34 24.61 3.33
0 95.46 24.79 3.26
0 95.56 25.23 2.53
1.22 95.45 22.16 2.22
0.04 95.17 21.66 3.19
0.37 94.84 23.03 2
17.94 94.57 23.41 3.22
53.05 94.47 22.24 2.8
1.16 94.38 23.09 2.58
8.32 94.49 23.67 1.68
65.01 94.56 21.51 2.2
11.65 94.63 21.2 2.23
1.43 94.73 23.16 1.59
0.13 95.11 22.62 3
0.02 94.72 22.59 2.37
12.6 95.05 19.92 2.12
0 95.11 23.21 1.56
0 94.99 25.21 1.68
0 94.98 26.55 2.33
0 94.92 25.95 1.98
20.6 94.74 22.26 1.76
47.42 94.67 21.98 1.39
0.2 94.72 23.77 1.36
0.06 94.49 24.91 1.54
88.26 94.41 22.04 2.32
2.82 94.43 24.94 1.42
0.03 94.43 27.65 1.56
5.4 94.4 26.67 2.81
0 94.4 26.16 3.39
0.03 94.56 24.72 2.66
16.88 94.86 20.5 2.2
4.38 95.04 22.13 2.1
0.95 95.01 21.99 2.16
66.7 94.8 20.81 1.95
72 94.79 20.72 1.46
172.94 95.07 20.1 1.26
4.59 95.3 22.37 1.14
0 95.23 24.2 2.06
62.68 94.77 22.8 2.66
5.57 94.55 24.8 3.25
1 94.78 25.97 2.22
2.5 94.75 27.11 2.38
10.63 94.82 25.67 2.85
188.18 94.78 23.72 2.11
1.29 95.02 24.5 1.63
2.55 95.12 25.82 1.62
3.4 95.15 26.85 1.64
3.49 95.26 27.58 1.46
0.45 95.12 27.69 2.16
10.19 95.01 27.85 2.08
13.8 94.68 26.75 2.29
122.74 94.29 25.52 2.85
9.91 94.32 22.37 1.35
30.79 94.26 25.76 1.44
122.54 94.58 22.42 2.22
0 95.19 21.32 2.42
0.02 95.09 22.76 1.69
7.22 94.34 24.8 2.93
47.93 94.56 23.64 2.09
116.27 94.97 22.18 3.47
0 95.73 20.7 1.91
23.37 95.36 20.53 1.55
124.39 94.63 22.36 2.69
19.63 94.72 22.33 2.48
0 94.93 21.67 2.01
0 94.64 24.9 2.65
31.61 94.39 24.34 1.76
3.57 94.27 25.61 2.21
21.8 94.17 23.78 2.96
0 94.67 22.02 3.13
0 95.04 22.75 1.64
30 95.04 22.89 2.58
7.53 95.21 23.34 2.85
108.82 95.37 22.2 2.19
1.29 95.68 22.71 1.94
147.17 95.59 18.56 1.46
60.75 95.53 18.99 1.32
1.19 95.53 19.92 1.47
0 95.44 22.54 1.97
0.08 95.7 21.48 1.57
1.29 95.9 21.56 1.63
0 95.61 20.75 1.69
1.77 95.4 20.41 1.44
24.51 95 20.87 1.72
8.74 95.13 20.76 1.87
0.65 95.18 21.37 1.96
21.38 95.69 20.18 1.54
4.4 95.82 20.74 1.51
0.04 95.7 19.96 1.08
0 95.41 19.98 1.83
0 95.18 22.49 1.7
1.37 95.41 23.44 1.74
0 95.97 17.72 1.77
0 95.78 17.17 1.4
1.48 95.33 17.7 1.3
11.94 94.98 18.6 1.84
0.33 95.23 19.19 1.41
0 95.36 20.38 1.11
1.47 95.42 22.29 1.54
0 95.52 22.17 1.5
4.49 95.3 21.52 2.43
128.71 95.73 14.65 2.44
290.15 95.82 9.35 2.1
133.36 95.67 12.57 1.33
0 95.38 16.35 1.7
41.9 95.65 14.56 2.25
190.9 96.26 9.77 2.83
0 96.12 9.7 2.06
0 95.93 12.58 1.52
0.48 95.66 14.57 1.63
16.07 95.39 15.71 2.91
0.28 95.6 12.51 2.38
0 95.55 10.52 4.85
0 96.39 8.56 3.06
0 95.98 9.81 1.45
0.04 95.66 15.1 1.88
0.94 96.05 12.18 1.38
291.57 95.78 7.45 2.51
90.71 95.69 7.51 3.06
0 95.8 9.67 2.05
0 95.4 13.64 1.49
0 95.27 17.16 2.28
0 95.41 18.37 3.2
0 95.37 17.66 2.84
0 94.91 17.27 3.11
25.95 95.57 10.47 2.56
124.59 95.99 4.91 2.36
0 96.06 8.16 1.79
0 95.62 9.83 1.71
0 95.8 8.16 2.98
0 95.33 7.38 3.06
0 96.18 2.08 3.17
0 96.74 0.33 1.36
15.58 96.69 -0.28 1.29
43.97 96.72 1.08 1.17
0 96.57 2.21 1.37
0 96.04 3.44 1.37
0 95.71 8.47 1.93
5.91 95.92 8.74 2.96
2.77 96.46 3.37 4.08
0 96.8 -0.1 4.47
0 97.47 -1.6 2.95
0 96.64 0.68 2.08
0 96.5 4.8 2.44
0 96.49 6.26 1.88
0 96.56 6.18 1.92
0 96.38 6.46 2.4
0 96.92 2.07 3.66
0 96.44 1.66 1.97
0 96.02 5.34 2.15
0 96.1 4.92 1.43
0 95.78 7.06 2.03
0 95.5 7.2 1.94
8.91 95.68 3.3 2.74
0.29 96.18 0.19 3.79
0 95.86 -1.37 1.54
0 95.43 -0.41 1.39
41.21 94.87 0.13 3.89
2.13 95.33 -0.68 2.41
1.43 96.31 -1.56 3.58
0 97.3 -5.08 2.45
0.03 96.63 -3.29 2.51
0 95.98 -0.06 1.76
0 95.89 1.44 2.39
0 95.55 5.25 4.04
0 95.1 3.58 2.55
0 94.87 6.05 2.17
0.21 95.01 2.07 4.89
0 95.81 -3.17 2.45
0 95.65 -2.16 2.18
0.01 95.85 -2.08 4.36
0 96.17 -7.03 2.37
0.49 95.34 -6.97 1.84
0 95.65 -7.47 6.33
0.56 95.88 -8.43 1.8
0.3 95.79 -7.95 1.18
0 95.36 -3.52 2.07
0.07 94.99 -4.28 2.17
0.06 95.56 -8.69 3.52
0 95.64 -5.87 2.51
0 94.58 1.41 2.19
0 96.02 -3.79 3.7
0 96.55 -6.38 3.37
0 95.28 -6.26 2.35
0 95.26 -7.72 1.72
0 94.77 -6.34 1.97
1.82 94.62 -9.18 4.37
0 95.65 -13.32 1.77
2.09 96.04 -14.96 2.5
0.11 96.74 -16.35 2.73
0 96.59 -16.5 4.07
0 96.28 -15.38 4.18
0 94.98 -9.64 2.94
0 94.85 -7.07 1.53
0 94.89 -4.14 2.04
0 95.14 -3.87 2.44
0 95.42 -1.87 1.85
0 95.2 -8.26 1.47
0.28 95.76 -11.66 2.98
0 97.01 -17.38 3.7
0 96.96 -16.29 3.83
0 96.06 -15.48 3.6
0 94.95 -11.9 3.55
0 94.64 -10.3 2.21
0 95.27 -12.03 4.07
1.78 95.54 -13.04 2.22
0.03 95.68 -12.63 5.54
0.4 96.21 -11.63 6.23
0 96.79 -11.24 3.61
0 96.95 -12.07 3.2
0 96.57 -13.2 1.17
0.01 96.18 -13.02 1.97
0.02 96.31 -11.61 5.07
0 96.91 -10.46 3.91
0.01 96.23 -7.95 2.05
0.18 96.12 -9.68 3.57
0 96.67 -13.26 3.68
0 95.92 -10.94 2.4
0 95.48 -12.11 3.85
0 95.65 -13.94 1.86
0.01 95.64 -11.69 2.68
0.03 96.66 -15.25 2.78
0 97.08 -17.66 3.84
0 96.88 -15.29 2.63
0 96.7 -14.38 3.03
0 96.41 -14.3 2.92
0 96.39 -14.78 3
0 96.3 -13.06 2.37
0 96.11 -13.03 1.73
0 96.12 -13.96 3.07
0.04 96.39 -14.51 3.64
0.01 96.56 -14.46 2.37
0.08 96.73 -15.22 2.65
0 97.16 -16.05 1.72
0 97.44 -14.57 2.35
0.02 96.98 -14.91 3.04
0 96.67 -14.51 3.73
0 96.44 -11.12 3.04
0 96.02 -3.46 3.04
0 95.74 -4.49 1.64
0 95.7 -8.36 1.42
0 95.53 -5.94 2.1
0 95.82 -6.17 2.39
0.03 94.94 -3.31 4.7
0.06 95.54 -3.07 2.93
0 95.29 -6.92 2.04
1.25 95.41 -7.71 3.16
0.09 96.21 -10.65 1.88
0.74 96.22 -10.55 1.17
0.9 96.47 -13.65 3.73
0 96.59 -12.49 2.4
0.11 96.52 -11.86 2.29
0.08 96.44 -11.8 1.75
0 95.69 -4.43 2.51
1.44 95.72 -5.61 1.47
3.72 96.13 -5.19 2.59
0 96.09 -4.53 2.04
0 95.95 -0.14 2.52
0 96.27 -1.05 1.91
0 95.87 1.26 2.13
0 95.35 2.71 4.06
3.1 95.22 1.01 2.32
0.49 95.96 -4.26 2.65
0 96.6 -5.39 1.87
6.54 95.98 -2.25 4.31
0.41 96.81 -9.08 3.59
0.08 96.29 -8.18 3.95
0 95.96 -6.6 2.9
0 95.96 -6.88 2.59
0 96.07 -4.56 2.76
0 95.71 -1.28 1.76
0.15 95.22 1.02 2.64
0 96.03 -1.52 4.22
0 95.75 -1.31 4.39
0 95.81 -3.4 5.42
0 96.15 -1.71 3.89
0 95.88 -0.11 3.2
0 95.26 2.51 3.27
0 94.56 6.86 2.24
0.02 95.3 1.55 4.72
0 96.46 -2.32 3.99
0 96.13 -4.67 5.07
0 95.9 -3.43 3.37
0 95.27 3.46 3.63
0 94.93 5.04 4.95
0 95.37 1.66 3.42
0 95.59 -0.1 2.12
0.92 96.15 -3.18 3.74
0 96.25 -2.45 3.32
0 95.99 -2.11 2.45
0 96.11 -2.17 4.64
0 100.06 -0.35 2.89
0 100.02 1.33 3.1
0 99.86 3.03 3.3
0 100.13 2.87 1.95
0 99.78 7.47 3.67
0 99.48 8.06 1.94
0 99.05 9.71 3.96
0 100.36 2.58 4.38
0 100.29 2.25 2.54
0 99.82 5.95 2.57
0 99.74 7.72 1.5
0 95.76 10.38 3.37
0.1 95.02 11.06 4.89
2.01 95.4 7.8 3.9
0 95.38 8.65 4.06
0 95.25 8.96 4.19
1.29 95.91 5.72 3.11
0 95.58 9.2 3.19
0 94.96 15.01 3.57
0 95.08 13.95 1.88
0.05 94.33 16.05 2.81
0 95.2 10.61 4.97
0 94.9 12.47 4.11
3 94.92 8.07 7.01
1.1 95.59 7.09 4.95
0 95.42 9.98 2.4
0 94.86 13.66 4.24
38.05 95.62 7.92 2.31
3.65 95.48 6.67 1.89
9.09 95.2 5.62 2.84
2.32 94.76 7.05 4.24
0.1 94.37 8.87 1.93
5.88 94.41 9.11 2.98
4.85 95.07 7.73 2.79
0 94.58 9.71 1.77
37.84 93.97 8.36 1.59
6.97 93.88 10.01 2.66
1.32 94.79 13.24 4.14
0.43 95.05 11.21 4.05
0 95.38 12.82 3.11
1.34 94.95 13.35 3.52
111.24 94.17 9.55 3.12
0.1 94.18 11.1 3.39
0.02 94.72 13.39 3.12
1.16 94.69 15.5 3.99
16.85 94.49 16.77 3.07
0 94.76 18.29 1.99
0.25 94.41 16.96 5.08
0.45 94.31 13.53 6.44
0 94.51 15.8 6.75
0 94.67 16.16 4.22
0 95.24 13.42 3.91
0 95.2 14.43 2.24
0.01 94.13 17.31 2.7
17.29 93.88 18.52 4.13
11.93 95.04 13.95 3.23
0.98 95.14 12.23 3.73
0.42 95.02 12.99 4.09
0 94.88 17.63 2.65
0 95.02 18.25 2.78
0 95.15 20.55 2.86
5.59 95.02 20.97 4.88
8.32 94.96 19.18 4.86
0.02 94.78 20.9 3.54
1.27 94.59 24.39 6.4
9.09 94.73 22.48 2.54
69.99 94.32 18.46 2.91
10.94 94.24 17.23 3.09
0.03 94.67 19.65 2.63
3.83 94.37 20.97 4.85
4.97 94.5 18.86 4.1
1.03 94.77 19.69 2.12
0.8 94.62 23.4 2.08
17.32 94 25 3.32
13.6 93.76 21.97 2.79
20.64 94 21.72 2.17
0 94.41 22.71 3.1
27.95 94.38 20.86 2.12
281.74 94.54 16.46 2.37
10.46 94.71 19.6 2.25
12.04 94.74 21.16 1.57
47.82 94.56 19.7 2.01
54.99 94.54 18.4 2.1
133.19 94.75 17.17 1.66
0.53 94.88 20.19 1.4
0 94.79 23.57 1.32
0 94.62 26.06 2.32
0.08 94.32 27.51 3.07
0 94.27 27.25 2.7
9.93 94.08 21.98 2.56
78.41 94.36 16.45 2.58
0.86 95.02 19.61 2.33
0 95.38 20.87 1.65
7.34 94.8 21.75 2.87
13.32 94.09 22.6 2.45
4.88 94.24 24.76 2.64
0.03 94.38 25.27 3.63
23.46 94.31 23.41 2.87
96.78 94.41 21.7 1.84
0.48 94.3 23.52 2.61
0 94.42 24.06 2.53
0 94.54 25.15 2.19
24.75 94.02 23.23 2.78
1.16 93.72 25.25 3.29
72.19 93.85 18.22 1.42
36.52 93.91 18.32 2.62
4.7 94.56 21.5 1.92
15.51 94.73 23.2 2.25
18.43 94.8 23.99 2.18
5.41 94.81 23.76 2.37
1.44 94.64 24.07 1.71
86.65 94.76 21.89 1.89
10.39 94.73 22.77 1.5
34.01 94.61 22.06 1.82
37.31 94.66 21.33 1.48
38.29 94.72 22.21 1.11
254.33 94.58 20.82 1.47
78.78 94.49 21.32 1.95
70.75 94.41 22.32 2.2
16.02 94.36 23.54 1.92
0.21 94.45 25.14 1.54
26.93 94.43 25.49 2.49
341.35 94.26 22.61 2.49
105.36 94.17 22.46 2.21
7.4 94.38 23.01 2.3
1.1 94.59 24.58 1.76
40.08 94.77 22.55 1.53
93.82 94.42 21.39 1.74
0.03 94.48 23.36 1.6
0.45 94.61 24.33 2.39
0.56 94.98 23.22 1.97
0.07 94.59 23.78 2.21
0 94.55 23.71 2.13
0.03 94.76 24.34 1.75
5.98 94.74 23.6 1.44
9.34 94.76 23.9 1.73
14.08 94.41 23.74 1.54
10.07 94.5 25.28 2.14
0 94.92 24.56 1.58
0 94.76 25.27 1.43
0 94.47 25.9 1.83
51.8 94.24 25.24 1.99
65.09 94.63 20.71 1.76
191.14 94.67 18.72 1.49
17.98 94.67 21.41 1.59
18.63 94.83 20.92 1.23
0.12 95.09 21.38 1.46
0.21 95.23 22.07 1.25
0 95.22 23.4 1.46
0.75 95.11 23.13 1.86
23.15 95.35 21.23 1.81
0 95.33 20.42 1.32
15.06 95.3 20.49 1.44
2.92 95.52 20.43 1.52
0.33 95.6 21.73 1.91
15.25 95.4 20.15 2.04
10.53 95.07 20.86 1.44
1.09 94.97 22.36 1.38
0 94.89 23.45 1.5
19.6 94.65 22.47 3.01
0.86 95.19 18.95 1.46
0 95 19.92 1.7
2.3 95.53 17.67 1.7
0.21 95.46 18.56 1.33
0 95.52 17.84 1.08
0 95.03 19.26 1.28
21.66 94.68 18.4 3.14
2.35 95.34 13.39 2.03
0.1 95.88 13.04 2.13
2.39 96.11 14.2 2.15
7.28 95.58 17.05 1.99
0.21 95.3 17.93 2.61
0.04 94.86 20.48 2.99
38.24 95 16.92 2.02
10.63 95.26 13.9 1.69
40.75 95.59 12.36 2.59
0 95.98 9.45 2.33
0 96.4 9.56 2.29
0 96.22 10.32 1.46
0 95.87 11.67 1.61
0 95.46 13.08 1.48
0 95.57 13.98 1.94
0 95.44 14.63 1.68
0 95.15 17.05 2.72
0.09 95.47 17.05 1.58
0.1 95.6 18.2 2.72
0.03 95.41 18.88 2.68
4.77 95.29 14.9 2.38
0.23 95.77 8.48 2.83
0 96.27 6.62 2.65
0 96.3 7.46 3.06
0 96.76 8.2 2.96
0 96.4 9.34 1.32
0 95.71 11.25 1.99
0 95.13 12.82 3.9
0 95.75 10.11 2.78
0 95.73 10.42 1.48
0 95.46 14.07 2.47
0.07 95.92 13.36 3.23
0 96.44 9.13 1.35
0 96.13 12.12 1.93
0 95.55 14.29 1.42
75.57 94.99 10.99 1.72
5.12 94.92 9.14 1.91
1.32 94.53 8.93 2.48
1.85 95.04 8.78 4.53
0 96.06 4.79 2.34
0 96.1 8.36 1.59
0 95.87 11.13 2.52
0.01 95.69 14.72 3.56
0 95.66 13.8 2.13
0.28 95.59 10.52 1.36
39.5 96.16 4.72 4.14
0.02 96.47 2.8 3.58
0 96.47 4.39 1.98
0 96.04 6.1 1.71
0.79 95.89 7.34 2.16
0 96.18 6.48 1.55
0 95.82 6.74 1.46
0 95.59 9.68 3.49
0 95.78 10.69 3.93
1.78 96.01 11.51 2.66
0.1 96.64 4.74 1.61
0.79 96.31 7.15 1.81
4.42 96.07 9.77 3.22
0.24 96.81 2.86 2.79
0.03 96.64 1.36 1.27
0 96.55 3.19 1.94
0 96.53 2.64 1.57
0 96.32 1.82 1.35
0 95.68 2.18 1.33
0 95.07 4.27 2.14
0 95.34 5.55 3.57
0.07 96.17 -2.01 2.88
0 96.29 -4.93 1.49
0 96.33 -4.21 1.52
0 96.56 -2.06 1.69
34.78 95.89 -0.42 1.09
6.12 95.72 -1.29 3.02
0.76 95.9 -5.37 3.32
0 96.35 -6.48 2.55
0 96.36 -4.71 1.79
18.62 96.02 -6.18 2.22
0.8 96.59 -7.83 3.29
0 96.32 -9.26 0.98
0.06 96.29 -7.44 1.39
1.23 95.6 -0.6 1.66
0 95.7 -2.04 1.2
0 96.58 -4.28 2.75
0 97.12 -8.98 1.62
0 97.38 -8.22 2.24
0.08 96.63 -8.23 1.05
0.02 95.93 -5.92 1.07
0 96.13 -6.72 1.57
0 96.48 -8.52 1.32
0.69 96.71 -9.49 0.75
0.76 96.66 -6.75 0.83
0.59 96.95 -7.84 3.22
0.02 97.25 -11.75 4.06
0 96.83 -10.87 3.57
0.01 95.97 -6.45 4.11
0 96.04 -3.82 2.56
0 96.52 -7.41 1.4
0.01 95.79 -3.52 3.31
0 96.51 -9.12 4.64
0 96.74 -12.77 3.85
0 96.85 -11.93 3.8
0 96.6 -10.32 2.58
0 96.66 -10.52 2.26
0 96.58 -11.9 0.9
0 96.21 -10.61 2.26
0 96.17 -9.96 3.44
0 96.43 -11.87 2.17
0 95.95 -9.94 2.74
0 96.15 -13.7 1.42
0 96.65 -13.5 1.29
0 96.89 -12.54 1.36
0 96.4 -8.38 1.55
0 96.83 -11.65 1.82
0 97.15 -15.27 1.26
0.07 96.57 -12.96 1.07
0.01 96.38 -9.85 2.35
0.37 96.77 -11.65 2.16
0.57 96.19 -12.01 2.36
0.23 96.34 -12.45 4.24
0 96.56 -11.88 2.55
0 96.37 -12.29 2
0 97.2 -14.82 1.41
0.1 97.08 -15.61 1.12
0 96.65 -12.92 1.37
0 96.63 -13.98 1.02
0.11 96.67 -13.66 2.89
0 96.73 -12.75 2.89
0 95.86 -7.67 2.9
0 96.11 -9.77 2.07
0 96.05 -9.62 2.1
0 95.78 -10.86 1.16
0.04 95.64 -10.04 1.12
0.06 95.85 -12.55 0.87
0 95.99 -11.77 1.26
0 96.45 -12.5 1.07
0.01 97.14 -14.35 3.72
0 96.99 -18.18 2.76
0 96.62 -17.75 2.89
0 96.1 -17.72 2.3
0 95.95 -16.92 2.31
0 95.54 -14.81 2.46
0 95.69 -14.14 1.94
0 96.22 -15.69 1.57
0 96.43 -15.4 1.72
0 96.83 -16.01 1.9
0.04 96.46 -18.11 1.2
0.22 95.97 -16.81 3.38
0 96.76 -17.53 4.45
0 96.73 -15.47 3.12
0 95.74 -13.38 2.73
0 95.82 -10.18 2.48
0.11 95.26 -6.99 1.93
0.03 95.9 -12.68 5.16
0 96.11 -15.65 4.62
0 95.68 -12.73 4.48
0 95.86 -10.67 2.95
0 96.22 -11.77 2.53
0 96.27 -11.68 1.74
0 95.93 -8.71 2.4
0.02 95.67 -4.71 2.1
0.25 96.25 -9.28 3.07
0 96.19 -10.9 2.78
0.04 96.28 -11.51 3.66
0 96.39 -12.69 4.87
0 96.29 -9.88 3.34
0 95.67 -5.98 2.72
0 95.85 -8.52 1.95
0 95.62 -10.24 1.1
18.46 95.23 -8.13 2.81
0 96.15 -7.36 2.5
6.51 96.02 -6.45 2.35
0.06 96.46 -8.46 3.37
0 96.4 -8.59 2.1
0 95.86 -6.51 1.65
0 95.45 -1.57 2.66
0 95.65 -0.57 1.99
6.38 96.24 -3.92 1.67
0.34 96.43 -7.64 1.82
0.26 96.38 -6.28 1.62
0.06 95.75 -2.24 1.71
33.24 95.05 -3.57 1.43
33.67 95.07 -4.48 2.55
0.03 95.7 -5.06 3.23
0 96.45 -8.12 3.26
0 96.17 -9.18 1.8
0.18 96.03 -8.46 4.64
0 96.49 -7.68 3.8
0 96.18 -6.22 1.95
0 95.51 -1.94 3.02
0 96.06 -1.22 2
0 95.63 2.84 3.42
3.72 94.73 5.74 4
9.92 95.51 -3.62 3.67
7.23 96.32 -8.33 2.67
0 96.03 -2.24 2.48
0 95.98 -0.5 1.81
0 95.32 4.68 4.07
0 95.94 2.32 1.75
6.48 95.03 1.1 4.12
0 95.44 -0.11 5.69
0 95.91 0.19 3.64
0 95.58 4.98 2.63
0 95.79 8.45 3.28
0 95.95 9.24 3.5
0.25 94.92 10.08 7.98
0.48 95.59 1.41 4.71
0.24 95.61 -0.53 4.8
0 95.66 -0.8 1.79
3.26 95.52 1.26 2.64
0 95.11 4.21 4.14
0 94.94 4.29 5.1
0 95.19 3.73 4.7
0.11 95.59 3.32 2.67
0 95.07 9.77 3.86
0 95.17 10.56 4.88
0 95.07 13.15 3.68
6.37 94.83 13.67 5.66
3.84 95.18 8.09 4.86
0 94.62 11.88 3.48
0 94.46 14.45 3.72
0 94.5 14.73 3.37
1.08 95.14 9.15 3.75
0 95.41 9.04 2.69
0 94.44 16.26 3.65
0 94.5 18.8 3.82
1.23 94.92 15.15 4.95
31 95.46 13.32 2.86
1.66 94.89 12.81 2.45
0.32 94.24 14.19 1.87
0.56 94.17 18 4.11
180.62 94.7 12.47 2.56
70.2 94.64 9.39 4.37
0 94.03 11.07 4.02
0.11 93.7 11.4 7.64
0 94.98 9.6 3.79
0 94.98 12.47 2.76
0.88 94.65 17.85 3.79
0.36 95.3 16.22 2.44
17.75 94.78 16.63 2.02
0 94.81 20.75 2.47
0.62 95 19.62 2.42
0 95.05 17.78 3.86
0 94.68 17.09 2.59
0.89 94.67 16.88 2.2
0 94.89 18.42 2.31
0.04 95.12 20.51 2.6
11.35 95.39 19.39 2.59
69.25 95.4 14.81 1.65
25.32 94.88 13.72 2.45
21.3 94.65 11.6 2.86
3.92 94.59 12.18 4.09
0.01 94.33 12.47 3.05
6.92 94.1 12.32 4.93
0.08 94.56 15.91 1.7
0 94.42 22.52 3.77
10.09 95.04 19.78 3.14
4.33 95.38 18.91 2.22
0.11 95.19 20.9 4.19
4.29 94.93 19.74 3.71
4.62 95.06 17.53 3.48
0 95.07 16.87 3.1
0 94.84 18.14 2.48
0 94.51 19.8 2.45
0 94.98 20.44 2.17
0 95.08 23.12 2.13
8.58 95.11 19.78 2.61
52.01 95.52 14.89 3.17
0.17 95.61 17.03 1.66
11.63 95.16 17.42 3.54
20.67 94.91 16.63 2.7
79.56 94.7 15.76 2.19
13.8 94.38 18.35 3.06
1.72 94.58 20.59 2.32
5.27 94.13 20.71 2.63
19.81 94.01 22.03 2.54
40.45 94 21.89 2.32
54.05 93.87 21.17 3.09
12.84 94.01 17.38 2.78
2.06 93.71 16.71 3.48
11.67 93.83 16.37 1.99
114.88 94.47 14.01 1.65
356.24 94.7 14.54 2.36
218 94.68 15.62 2.85
6.13 94.53 19.37 1.58
8.75 94.43 21.9 1.5
8.7 94.64 21.42 1.76
31.9 94.38 21.81 1.37
9.18 94.41 22.57 1.92
2.41 94.57 22.45 1.34
73.72 94.55 20.68 1.53
1.02 94.28 22.3 2.07
40.28 94.29 22.39 3.08
25.82 94.66 21.18 2.6
13.31 95.04 22.78 2.37
1.37 95.21 23.09 1.71
3.74 94.92 21.21 2.63
54.94 94.51 21.41 2.34
0 94.35 23.84 2.08
3.37 93.97 24.39 3.78
5.31 93.99 22.49 3.51
1 93.98 22.36 3.03
0.1 94.35 23.16 1.61
1.03 94.5 22.89 1.83
0.61 94.37 24.02 1.59
17.42 94.35 24.49 2.24
83.54 94.33 25.23 2.4
24.41 94.39 24.89 2.23
199.18 94.01 20.97 1.72
57.67 93.77 19.14 2.72
112.77 94.17 19.06 3.09
21.24 94.68 21.14 2.89
0 94.69 21.32 1.48
0 94.71 22.69 1.49
0 94.95 24.52 1.35
0 95.04 24.98 2.05
0.16 94.87 24.75 2.11
2.01 94.73 24.7 1.53
8.49 94.66 24.78 1.86
46.33 94.59 23.55 1.46
466.48 94.19 21.85 3.53
0 94.66 23.33 1.56
0 94.87 23.94 1.98
5.67 94.78 24.68 2.66
88.28 94.39 25.51 3.32
1.69 94.8 23.9 1.57
107.66 94.33 23.05 2.69
18.7 94.01 23.76 3.77
0.29 94.68 22.24 1.7
59.01 95 20.18 1.5
135.27 95.15 19.17 1.57
153.92 95.08 19.96 1.45
19.12 95.11 21.67 1.72
131.82 95.15 21.86 1.69
0 95.32 23.44 1.24
0 95.15 24.12 1.35
0 94.74 25.59 1.95
11.76 94.65 25.12 1.98
7.14 94.95 23.71 1.43
0 94.81 23.87 1.68
20.16 94.92 20.07 2.26
30.08 94.93 17.9 2
0.86 95.03 19.95 1.65
2.6 94.71 19.25 1.98
2.85 94.78 21.32 1.77
0 95.12 22.19 2.05
0.08 94.67 23.39 3.13
68.94 94.73 22.88 2.34
3.39 94.83 21.08 1.33
14.77 94.81 20.16 2.36
7.08 95.41 16.36 1.68
0.06 95.54 16.65 1.96
0 95.27 20.65 2.65
0 95.21 22.29 2.31
0.25 95.07 22.7 2.3
1.74 95.14 21.48 1.3
12.7 95.02 21.33 1.67
0.85 94.58 22.47 1.95
1.07 94.71 23.38 2.77
0 94.93 24.87 2.2
0 95.05 25.63 2.32
0.62 95.1 24.82 2
207.2 95.08 16.73 3.12
37.82 95.44 13.58 3.01
0.5 95.46 13 1.69
1.78 95.55 15.96 1.98
0 95.47 19.71 2.13
22.96 95.61 18.51 1.66
1.42 95.53 17.36 1.18
0 95.45 18.59 1.21
0 95.37 20.7 1.82
30.68 95.04 19.56 2.08
79.24 95.07 13.3 3.43
0.35 95.19 11.89 2.38
0 95.58 14.14 1.57
0.1 96.06 14.11 1.23
0 96.16 13.7 1.32
0 95.51 14.5 2.16
0 95.02 15.48 2.3
0.16 95.01 15.66 1.3
0 95.21 17.31 1.56
2.29 95.12 18.82 2.24
1.13 95.15 17.65 1.46
2.92 95.5 15.9 1.43
0.3 95.81 15.89 1.6
20.37 95.64 15.17 2.06
2.11 95.91 14.69 1.1
66.34 95.55 11.06 1.46
96.37 95.5 9.8 6.43
1.53 95.7 11.46 3.77
0 95.71 10.93 1.53
0 95.55 12.59 1.39
0.52 95.35 13.82 2.12
1.24 95.17 13.1 2.95
0 95.31 12.99 1.97
0 95.88 10.7 1.77
0 96.28 11.79 1.29
0 96.13 13.41 1.31
0 95.6 16.17 2.27
24.3 95.19 12.99 3.14
0 95.72 8.17 2.06
0.02 95.33 10.07 2.06
0 95.15 12.54 1.81
0.12 95.52 8.77 3.75
0 95.96 6.88 2.36
0.01 96.08 7.19 2.07
49.59 95.41 9.02 3.3
0 95.45 4.48 3.76
0 95.57 5.27 2.31
0 95.38 8.24 2.23
0 95.83 6.1 1.6
69.92 96.12 1.79 0.97
85.76 95.53 2.24 1.54
0 95.2 5.76 1.7
0 94.93 9.07 2.89
0 95.58 8.46 1.99
0 95.59 11.14 2.56
5.42 95.48 10.65 3.29
0 96.44 3.33 1.56
1.84 96.34 0.18 1.93
0.08 95.91 0.11 3.23
0.05 95.75 -0.23 2.23
0 95.74 2.01 1.58
0 95.98 0 1.93
10.17 95.99 0.56 1.42
191.97 95.64 0.14 63.21
68.4 95.84 -0.45 3.23
0 95.87 -3.72 1.31
0 95.52 -1.24 1.75
0 95.76 -0.79 1.45
0 96.22 -3.09 1.19
49.64 95.92 -2.49 1.03
134.03 94.56 -2.32 5.42
0.51 95.05 -3.99 3.5
0 95.12 -5.71 4.57
0 95.94 -4.71 3.19
0 96.23 -6.51 1.36
22.08 95.7 -3.01 1.74
0 95.61 -5.95 61.01
0.02 95.3 -5.64 2.58
0.01 95.86 -3.52 2.88
0 95.94 -5.88 1.44
0 95.59 -2.55 2.51
5.52 96.1 -5.72 2.36
0 95.98 -6.12 2.53
0 95.45 -5.13 2.28
0 95.38 -3.52 3.41
0 95.48 -7.98 2.59
0 94.53 -3.7 4.18
0.02 95.29 -6.68 3.9
0.02 95.88 -9.61 1.95
0 96.59 -12.99 2.13
0.12 96.23 -14.22 1.67
0.39 95.11 -4.79 2.87
1.99 95.31 -7.94 3.8
0 95.61 -11.22 1.8
0 95.63 -13.02 3.12
0 95.58 -15.04 2.82
0 95.75 -16.49 2.31
0.01 95.73 -16.81 4.56
0 95.87 -11.61 4.52
0.04 96.51 -13.8 1.53
0.02 96.66 -13.84 1.17
0.07 96.08 -12.25 1.3
0.01 96.11 -9.76 1.28
12.63 96.21 -11.08 1.27
1 95.99 -9.27 1.49
0.34 96.38 -12.62 1.15
0 96.69 -12.66 3.82
0 96.79 -14.76 2.6
0.01 96.25 -15.38 1.14
0.14 96.37 -12.58 151.71
6.49 96.36 -10.81 3.59
0.01 96.83 -16.2 3.14
0 96.62 -19.78 2.17
0 95.76 -18.75 3.87
0 96.92 -18.8 2.56
0 96.66 -19.07 1.3
0 96.07 -14.18 1.34
5.61 96.08 -15.18 1.07
15.53 96.07 -12.69 4.13
0 95.7 -15.37 3.35
0.03 95.18 -15.69 1.64
0 95.62 -17.85 4.23
0 96.72 -18.24 5.3
0 97.3 -16.01 2.25
0 96.35 -16.42 1.54
0 96.2 -14.84 1.5
0 96.1 -16.33 1.46
0 96.01 -16.12 1.7
0.03 96.42 -17.19 1.99
0 96.21 -15.66 1.7
0 96.1 -16.11 1.34
1.31 95.75 -14.6 0.98
0 95.82 -13.52 1.54
0 95.82 -14.04 1.08
0 96.29 -11.01 2.01
3.24 96.04 -14.3 1.77
0 96.72 -14.64 2.94
0 96.95 -12.29 1.76
0 95.97 -8.14 2.48
0 96.5 -10.47 1.37
11.49 96.54 -10.61 1.04
0.38 96.57 -9.68 1.99
0 96.31 -13.53 1.23
0.02 95.17 -8.63 2.53
0.05 95.77 -14.51 4.33
0 95.84 -15.86 1.71
0.13 96.17 -15.52 1.29
0.04 96.05 -12.48 2.1
0 95.64 -7.57 1.44
0 95.9 -7.73 1.29
0.03 95.83 -6.56 1.43
1.6 95.76 -6.88 1.59
1.05 96.35 -8.66 4.48
0 96.46 -11.33 2.22
1.52 95.48 -9.79 2.4
0 96.22 -9.97 2.9
0.01 95.77 -8.7 2
2.98 96.09 -15.87 4.26
0 96.9 -18.08 5.53
0 96.79 -16.64 1.48
0.85 95.92 -12.79 2.09
0 96.52 -13.68 2.22
0.06 96.55 -13 1.74
0 95.81 -7.66 91.68
0 95.61 -5.94 2.77
0 96.26 -10.14 2.36
0 96.2 -10.66 1.57
0 95.47 -7 2.21
0.02 95.45 -5.55 4.21
0 96.18 -11.59 3.51
0 96.34 -13.09 2.23
0.02 96.29 -12.34 1.93
0 96.14 -8.93 2.88
0 96.35 -7.75 2.58
0 96.29 -5.04 1.74
0 96.48 -7.31 1.64
7.71 96.27 -7.83 2.03
0.5 95.38 -1.85 2.51
0 95.29 0.13 2.77
0.19 94.75 -3.03 6.23
0 96.56 -8.34 6.12
0 96.59 -5.68 1.83
0 95.52 -1.23 2.83
0 95.83 1.46 3.07
0 95.21 5.15 3.13
0 95.18 3.46 1.79
0 94.59 3.5 2.17
0 94.53 -0.52 2.43
0 94.61 -3.37 5.26
0 96.06 -2.09 2.11
0 95.26 4.42 3.77
17.02 95.28 -0.19 3.95
0 96.45 -6.28 4.28
0 95.9 0.78 3.21
0 95.47 5.35 2.73
0 95.86 5.11 3.22
0 94.44 7.35 3.62
1.18 94.59 -3.06 3.76
28.12 95.36 -7.49 3.2
0.21 95.74 -7.39 2.95
0 94.46 0.8 5.99
0 95.49 -3.22 3.07
31.78 95.2 -5.67 3.62
0 95.86 -5.2 3.48
0 95.71 -2.01 1.89
0 94.69 4.1 4.23
2.69 94.95 0.92 3.77
0 95.77 -1.06 3.41
0 96 -1.93 2.54
0.34 95.87 -0.25 1.78
9.37 95.61 0.91 2.11
122.49 95.73 0.51 2.66
0 95.15 3.87 3.3
0 95.28 5.17 3.06
19.24 95.47 -0.52 2.26
55.56 95.7 -0.99 3.32
0 95.46 -0.28 2.81
0.29 94.62 1.48 3.1
13.69 94.62 0.54 3.05
3.15 95.54 0.51 4.17
0.89 95.39 1.43 3.76
0 95.43 2.51 3.82
0 94.94 7.77 2.76
0.21 94.52 6.1 4.65
0 94.75 2.49 5.85
0 94.53 4.18 2.15
9.85 94.8 3.59 3.22
64.59 95.12 1.11 487.05
6.78 96.07 0.88 4.91
0 96.1 2.23 2.08
0 95.76 5 2.81
0 95.42 8.29 2.16
0.19 94.8 12.8 4.89
77.32 94.9 7.48 2.19
0.81 94.82 8.03 2.98
0.05 94.92 8.84 4.73
0 94.99 10.12 1.86
0 94.93 13.77 2.14
4.98 94.69 12.67 4.46
0.25 94.88 11.93 6.71
0.7 95.41 10.81 5.74
0.69 95.47 11.41 2.08
1.59 95.36 12.28 2.29
2.82 95.54 12.8 1.99
0 95.25 17.59 2.87
0 95.46 20.42 1.82
0 95.4 21.68 2.34
0 95.37 22.18 3.19
0.18 95.1 22.46 4.85
18.67 94.81 14.73 2.15
49.28 93.92 14.63 3.65
0 93.55 17.52 4.8
0 94.15 16.45 2.94
0 94.18 19.02 2.34
0.9 94.8 16.23 5.14
0 95.72 16.2 2.61
0 95.61 17.81 2.41
1.75 94.94 18.94 3.07
0 94.37 20.12 3.55
14.02 93.75 16.11 4.9
0.02 93.76 17.83 4.01
0 94.14 18.83 3.11
0 95.02 20.08 2.55
17.14 94.77 24.42 4.87
1.18 95.39 18.4 2.25
0 94.98 21.36 2.26
1.38 94.71 21.99 4.23
1.34 94.5 20.38 4.31
1.44 94.3 19.98 3.36
0 94.58 19.39 4.5
0 94.41 23.93 2.76
0.02 93.99 26.29 5.3
0 94.76 20.01 2.73
6.33 94.49 18.68 3.69
0.08 94.72 18.45 2.96
9.16 95.31 18 2.72
25.95 95.17 18.95 2.63
4.65 94.92 19.74 3.59
2.65 94.73 22.76 3.21
0.69 94.57 23.1 4.45
41.65 95 16.7 2.9
2.28 95.22 17.98 1.78
11.82 94.97 16.31 1.94
4.22 94.72 17.9 1.88
0.04 94.73 23.05 4.17
0.17 94.72 24.82 4.24
3.57 94.62 25.01 2.89
126.77 94.63 19.44 2.31
8.59 94.34 21.46 1.58
32.93 94.05 20.85 1.79
0.39 94.38 23.62 2.18
0 94.91 23.87 2.37
0.08 95.08 24.09 1.87
1.07 94.81 23.38 1.53
10.84 94.48 22.57 1.94
30.81 94.34 21.82 2.83
86.58 94.1 20.95 2.53
113.04 93.8 20.06 1.74
39.16 93.93 22.45 2.23
67.28 94.37 21.26 2.03
118.05 94.39 22.68 3.06
40.57 94.33 23.45 3.61
52.1 94.11 23.24 2.5
165.35 93.67 22.44 2.77
0.07 93.63 24.72 3.61
1.78 93.65 24.88 2.77
1.31 94.01 24.66 2.2
1.1 94.2 25.51 2.77
8.86 94.02 25.69 3.93
46.82 94.35 23.95 2.28
67.19 94.56 22.03 1.45
1.2 94.76 22.97 1.32
0.55 94.75 22.92 1.28
21.33 94.73 23.06 2.07
55.11 94.9 22.5 1.99
0.23 94.88 24.28 1.73
208.41 94.17 21.96 2.53
105.34 94 22.8 3.38
0 94.57 24.18 2.75
0.2 94.45 23.2 2.98
113.53 94.41 21.05 2.31
4.68 94.61 22.04 1.83
0.24 94.61 24.04 1.72
12.33 94.46 23.95 2.14
21.93 94.04 23.95 1.65
1.5 94.11 24.03 3.46
0.02 94.44 24.61 2.05
0.03 94.45 25.26 1.76
40.95 94.24 23.16 1.87
11.18 94.16 25.26 2.39
0.56 94.1 25.44 1.63
1.31 93.91 26.48 1.71
12.32 94.04 25.55 2.05
11.99 94.3 25.91 3.03
0.31 94.53 26.1 2.77
1.17 94.34 25.83 2.62
11.54 93.96 26.6 2.59
17.8 93.83 25.41 1.69
36.75 93.99 25.93 2.24
13.42 94.25 26.44 2.04
8.92 94.03 26.86 1.97
26.02 94.24 24.32 1.62
1.41 94.65 25.4 1.43
4.18 94.72 26.94 2.64
32.45 94.42 25.32 2.78
5 94.43 25.5 2.82
74.43 94.37 26.17 2.38
7.57 94.46 25.31 1.55
226.08 93.93 23.92 1.35
0.09 100.25 25.26 2.43
0 94.94 22.39 2.78
0 95.21 21.54 1.95
2.31 95.18 21.11 1.35
2.6 94.74 23.9 2.19
0.41 94.9 22.77 2.09
0 95.11 22.33 1.58
0.05 95.1 22.57 1.72
13.69 94.82 21.83 1.8
11.75 94.94 19.29 2.06
17.33 94.87 19.07 1.39
235.36 94.26 18.13 1.23
46.62 94.5 14.98 3.04
0.1 95.15 15.9 2.46
17.33 95.21 16.95 2.17
1.74 95.48 15.5 1.63
5.71 95.64 15.69 1.47
0 95.72 15.87 1.41
4.59 95.6 16.95 1.77
139.87 95.58 14.62 1.49
31.18 95.63 14.55 1.06
5.06 95.67 16.15 1.36
1.45 95.61 17.9 1.59
15.13 95.12 18.93 2.33
0.11 95.23 17.2 1.7
0 95.26 17.98 2.83
1.39 95.02 20.9 3.48
22.13 94.35 20.58 3.4
0.19 94.75 19.63 3.58
0 95.39 13.54 1.92
0.73 95.05 16.25 1.84
5.29 95.65 16.08 1.24
12.13 96.09 15.24 0.83
8.05 95.09 19.86 3.35
0 95.52 18.19 1.68
0.04 95.53 18.77 1.12
2.12 95.37 18.92 2.92
39.47 95.76 13.09 3.09
0 96.01 8.99 2.2
0 95.84 10.88 2.61
0 95.47 12.34 2.39
0 94.76 18.38 3.67
0 94.9 16.13 2.77
0 95.84 12.55 1.19
1.03 95.72 13.74 1.84
104.16 95.76 11 2.38
0.02 95.86 10.75 2.9
0 95.67 9.26 1.85
0 94.93 17.74 3.6
0 96.04 13.06 1.3
0.01 95.97 15.05 2.77
0.03 96.28 11.85 2.51
0.2 95.76 11.08 1.97
0 94.73 16.17 2.78
12.76 94.82 13.85 4.27
0 95.28 10.54 3.11
0 95.78 11.35 1.55
25.81 95.79 11.42 3.25
3.52 96.68 3.91 4.48
0 96.69 2.89 1.38
0 96.28 6.9 1.59
0 96.29 6.96 1.39
0 96.02 11.67 3.17
40.21 96.25 9.58 1.43
2.36 96.29 7.4 1.88
0 96.16 6.33 1.34
41.3 96.04 5.46 2.25
39.71 95.94 1.98 2.05
0.02 96.12 4.27 4.35
0.02 96.41 6.18 3.21
0 95.95 5 1.29
0 95.38 7.13 1.96
5.47 95.96 6.03 2.09
1.09 96.5 4.14 2.46
0 96.41 3.73 1.43
0 96.53 4.24 1.02
0 96.29 4.79 1.65
0.26 95.71 8.42 2.18
3.64 96.03 7.77 3.22
0 96.38 6.04 1.78
0.02 95.61 6.66 2.77
0.15 95.21 6.42 3.95
0.01 95.62 3.41 2.91
0 95.71 1.38 1.84
0.11 96.27 1.69 3.64
0 96.21 -1.27 4.15
0 96.3 1.07 2.35
0 96.18 1.71 1.96
0 95.54 2.69 2.74
0 95.3 2.78 2.93
0 95.28 3.17 2.07
0.25 95.45 2.13 3.3
0.01 95.83 -2.93 4.27
0.03 96.02 -3.32 6.6
0 95.94 -3.52 3.77
0 96 -2.16 3
0 96.18 -2.96 1.47
0 95.9 1.11 1.91
0 95.62 0.66 1.7
0.03 95.31 -0.34 2.55
0 95.14 -3.86 4.33
0 95.28 -6.54 3.9
0 95.5 -9.57 6.34
0 95.71 -5.38 4.28
0 95.29 1.05 3.36
0 95.96 -2.31 2.99
2636.84 95.69 -0.77 2.7
2636.84 95.46 -0.32 1.51
2636.84 95.73 2.12 2.03
2636.84 95.76 1.67 2.84
2636.84 95.97 -0.9 3.23
2636.84 95.57 -2.03 1.11
2636.84 95.67 -5.04 1.45
2636.86 95.63 -4.09 2.39
2636.85 95.83 -5.54 3.06
2637.08 95.31 -7.67 3.45
2637.24 95.33 -8.69 1.93
2636.84 95.45 -11.43 4.18
2636.84 95.77 -11.34 3.65
2636.84 96.13 -8.72 3
2636.84 96.74 -8.75 1.38
2636.84 96.72 -10.55 1.29
2637.11 96.99 -12.12 2.55
2637.08 96.61 -12.63 3.51
2637.2 96.48 -11.57 3.64
2636.86 96.88 -10.68 2.87
2636.84 96.92 -10.22 1.51
2636.84 96.63 -10.48 1.28
2636.84 96.79 -9.28 1.44
2636.84 96.7 -9.52 1.23
2636.88 96.13 -6.98 2.67
2637.03 96.61 -9.94 4.91
2636.84 96.31 -10.81 2.15
2636.84 95.81 -10.87 2.76
2636.84 95.06 -5.64 3.63
2636.84 94.87 -5 3.24
2636.84 94.47 -3.15 4.03
2636.84 94.91 -4.41 2.78
2636.84 95.18 -3.37 3.43
2636.84 95.81 -5.97 2.28
2639.98 95.75 -8.6 1.7
2642.96 95.99 -9.29 1.58
2636.86 95.63 -6.38 3.2
2636.84 96.22 -7.19 2.75
2636.84 96.68 -14.33 3.22
2636.84 96.26 -14.7 2.37
2636.84 96.27 -12.53 2.36
2636.84 96.36 -10.66 2.44
2636.84 96.9 -12.96 2.29
2636.84 96.61 -14.22 1.88
2636.84 96.61 -11.89 1.8
2636.84 96.4 -8.36 1.84
2646.8 96.52 -11.28 1.64
2636.84 96.42 -11.42 1.57
2636.84 96.67 -8.7 2.08
2637.45 95.68 -8.12 3.57
2636.85 96.17 -10.35 4.56
2636.84 96.34 -10.09 2.37
2636.84 95.67 -6.82 1.89
2636.84 94.82 -2.12 3.02
2636.84 95.44 -3.84 2.11
2636.84 96.37 -9.09 3.65
2636.84 95.88 -7.18 3.89
2636.84 95.31 -3.61 4.45
2636.84 95.93 -8.13 3.74
2636.84 94.52 -0.06 5.96
2636.84 95.36 -7.6 3.04
2636.84 95.49 -7.58 1.72
0.24 95.04 -4.44 2.26
0.12 95.07 -5.13 4.99
0 95.92 -12.56 4.36
0 96.12 -11.76 2.23
0 96.31 -12.73 1.47
0 96.56 -10.73 1.58
3.76 96.25 -10.95 1.51
11.72 96.29 -12.17 3.28
0 96.89 -13.97 3.55
0 96.7 -14.55 1.81
0 96.14 -12.71 1.69
0 96.79 -13.53 1.59
0 96.72 -12.75 1.87
0.06 95.87 -5.91 2.8
0 95.96 -6.97 2.12
0.19 96.55 -7.49 2.27
0 97.1 -9.7 1.97
0.95 96.66 -9.91 1.62
3.75 96.39 -9.81 1.62
0 96.3 -7.79 1.92
0 96.27 -5.33 2.19
0.72 96.8 -7.46 1.48
0.09 96.6 -4.58 1.09
0 96.11 -1.68 1.58
0 95.94 2.02 2.19
0.43 95.63 4.57 4.18
2.78 96.38 -3.59 4.43
0.04 96.1 -6.6 1.72
0 95.97 -5.63 1.92
0.3 95.92 -5.6 2.12
0.43 95.9 -5.9 1.97
2.06 96.2 -4.75 2.82
0 96.25 -6.74 2.88
0 96.42 -8.13 2.57
0 96.42 -6.87 2.23
0 95.95 -5.53 2.06
0 96.24 -5.5 2.88
0 95.71 -3.17 2.01
0 95.47 0.79 4.42
0 96.15 -1.22 4.26
0 95.75 -2.28 2.18
0 95.24 1.63 2.97
0 94.95 6.96 2.74
0 95.35 4.46 2.58
0 94.82 7.59 4.48
0 96 3.87 2.1
0.07 95.91 3.43 3.96
0 96.21 3.78 4.7
0 95.6 6.19 2.66
0 95.68 7.5 2.96
0 95.9 8.1 2.85
0 94.86 13.26 5.03
0 94.91 11.33 2.39
0.02 94.92 10.94 2.84
0 94.96 10.89 3.34
45.22 94.73 11.88 3.27
17.17 95.21 9.83 2.51
0 95.41 10.85 2.35
0.7 95.54 8.38 2.02
0 94.96 11.88 2.6
0 95.73 7.65 3.89
0 96.1 2.17 4.4
0 95.28 6.4 4.73
0 95.87 5.18 4.04
0 95.21 13.31 3.82
0 95.21 13.97 1.77
0 95.04 14.22 2.3
0 95.3 11.52 4.08
0 96.02 9.27 1.94
0.71 95.62 10.91 2.11
0.31 95.35 12.05 2.22
0 95.46 13.55 1.78
0 95.34 17.8 3.41
0 95.96 12.86 3.17
0 95.27 13.13 2.61
14.39 95.3 7.37 2.67
0.03 95.96 8.05 2.69
27.5 95.75 7.68 2.62
0.05 95.3 9.11 267.04
0 95.39 11.43 3.75
0 95.07 14.25 3.02
0.74 94.73 16.83 3.64
3.77 94.96 18.52 4.12
0.24 95.48 16.56 4.49
21.88 95.73 11.76 3.76
0 96.04 12.2 2.22
0 95.88 13.6 2.2
0 95.25 15.29 1.53
0 94.67 19.18 2.23
2.89 94.64 17.89 4.43
145.64 95.29 6.87 4.71
5.4 94.88 8.52 4.4
22.46 95.08 5.05 5.29
0.08 95.32 7.72 4.29
0.17 94.75 11.81 2.67
102.88 94.79 7.75 3.88
1.17 95.32 11.67 1.93
81.3 95.64 10.03 2.5
4.15 95.51 12.22 2.66
216.29 94.65 9.26 2.49
91 93.73 14.29 3.57
0 93.91 17.01 3.9
0.1 94.27 14.22 3.6
0 94.05 13.84 3.23
0.04 94.85 16.48 3.1
2.7 95.2 16.4 2.2
2.71 94.82 18.39 2.71
79.74 94.49 15.85 2.21
5.78 94.52 16.96 2.75
0.02 94.64 18.78 2.75
0 94.65 21.36 2.57
0.46 94.93 24.86 3.94
40.6 94.82 17.4 3.19
0.63 94.29 16.98 5.69
0 93.8 20.77 4.08
9.49 93.59 18.73 2.88
0.3 94.04 22.25 2.71
0 94.14 23.77 63.46
0.12 94.71 25.13 2.9
0 94.61 28.51 4.23
3.99 94.87 24.17 3.25
0.46 95 22.42 2.89
0 94.91 22.75 2.43
0.79 94.7 22.59 2.03
13.36 94.55 23.7 2.56
289.03 94.72 16.08 2.4
168.8 94.55 13.37 3.39
47.23 94.23 15.57 3.11
51.81 94.56 16.07 2.29
48.83 94.99 15.6 1.76
19.34 95.04 18.35 1.98
14.56 94.84 20.14 2.49
17.11 94.87 21.25 2.03
0.03 94.73 22.05 2.26
3.68 94.54 23.21 1.78
81.77 94.36 20.54 2.29
84.82 94.25 19.76 2.12
115.39 94.38 18.39 2.34
3.35 94.65 19.51 1.76
25.88 94.78 19.89 2.18
4.67 94.91 19.7 1.65
81.63 94.98 19.48 2.51
0.95 94.82 21.99 1.78
0.17 94.43 23.85 2.27
24.87 94.22 23.23 3.32
23.63 94.31 21.93 3.71
0.65 94.74 22.12 3.86
1.14 94.67 22.93 2.89
0 94.74 24.51 1.63
0 94.7 25.11 1.78
12.97 94.65 24.06 2.84
82.9 94.35 21.01 2.79
32.22 94.08 23.54 2.46
0.08 94.56 25.17 2.19
0.53 94.61 26.1 3.55
3.15 94.5 25.87 2.07
3.4 94.27 25.19 3.26
12.5 94.18 23.73 4.05
0 94.4 23.63 3
0 94.14 23.83 3.49
9.14 94.22 22.45 3.36
5.18 94.42 21.89 2.95
0.49 94.33 22.85 2.51
2.72 94.41 23.98 1.98
24.23 94.37 23.34 2.41
109.44 94.47 21.17 63.17
7.42 94.7 22.25 62.68
0.34 94.76 25.91 1.73
2.01 94.83 28.6 2.8
2.87 94.43 29.23 4.17
68.26 94.33 24.37 2.79
0.17 94.64 22.59 1.7
0 94.36 24.73 2.6
0.08 94.75 22.86 1.76
0 94.8 22.97 1.74
0.01 94.99 23.17 1.91
2.74 94.85 25.15 2.13
13.78 94.34 27.17 3.3
9.72 94.39 25.45 3.68
10.05 94.54 24.27 2.04
0 94.62 26.52 2.88
0 94.6 27.36 2.67
2.79 94.48 26.14 2.5
18.98 94.46 25.36 2.08
71.6 94.71 20.47 2.43
4.82 94.66 21.81 2.13
0 94.95 21.73 2.64
0 95.06 21.51 1.71
0.01 94.91 22.57 2.2
55.4 94.67 21.58 2.59
32.84 94.4 21.56 2.18
2.13 94.57 22.64 3.31
0.24 94.79 20.95 2.15
15.34 94.81 19.09 2.2
18.52 94.72 19 1.84
9.43 94.78 20 2.16
5.78 94.89 20.04 1.59
1.55 95.02 21.38 1.95
7.81 95.22 21.51 1.45
0.3 95.15 22.41 1.57
0.4 94.8 24.81 2.47
3.5 94.83 24.25 1.78
23.98 94.75 23.42 1.98
41.57 94.61 22.53 1.7
129.25 94.87 19.64 2.27
2.86 95.16 20.12 2.51
0 95.24 20.72 1.96
0 95.36 21.95 1.91
4.56 95.49 21.02 1.91
2.72 95.52 20.96 1.72
0.56 95.48 21.2 2.45
12.97 95.3 20.3 1.84
12.52 95.3 19.53 2.12
290.52 95.26 16 2.38
0.93 94.84 17.56 1.65
0 94.54 19.59 2.44
0 95.09 18.3 1.54
0 95.09 20.11 1.64
4.86 94.66 21.05 3.07
0.06 94.96 17.62 2.54
0 95.17 14.93 1.44
0.01 95.42 16.94 1.78
0.07 95.43 17.85 1.77
19.47 95.48 16.93 1.34
0.28 95.24 18.99 2.76
0.07 95.57 15.71 3.18
0 95.67 13.41 2.91
0 95.72 13.39 1.52
0 95.8 15.4 1.34
0 95.76 16.89 2.24
7.44 95.09 17.39 2.6
39.2 95.06 14.39 2.88
0.03 95.68 13.66 1.65
0.33 95.69 15.94 2.16
56.47 95.9 12.37 1.83
17.04 95.65 12.55 1.73
0 95.55 13.31 1.63
48.98 94.88 14.12 2.74
0.1 95.45 13.51 2.36
3.14 95.36 14.58 3.32
46.77 96.22 5.69 3.86
0.39 96.26 5.18 1.74
50.05 95.42 5.88 1.55
26.26 95.28 7.32 2.21
0 95.59 8.17 1.54
77.36 95.85 6.95 1.45
13.96 96.31 7.79 2.22
0 96.07 9.15 2.19
0 95.65 12.73 1.8
0 95.51 14.79 2.28
0 95.73 15.67 2.32
0 96 13.25 2.01
0.73 95.87 14.11 3.41
0.31 96.88 8.27 3.83
0 96.44 3.98 1.81
0 95.47 8.3 2.19
0 95 10.04 4.96
0 95.53 9.35 2.83
0 95.28 12.57 2.33
0 95.39 13.74 2.48
0 95.06 16.84 4.09
0 96 6.96 2.88
0 96.36 2.65 1.94
0 95.77 5.47 2.05
0 94.95 10.71 2.72
0 94.69 13.12 2.61
0 94.95 11.1 2.04
0 96.44 3.66 5.66
0 96.81 2.05 1.71
0 96.25 2.66 1.56
0.05 95.95 7.22 1.68
9.22 96.17 7.33 23.12
4.18 95.9 5.11 1.68
3245.86 95.49 6.49 3.18
3245.91 95.66 3.71 3.97
3245.85 95.43 6.24 2.72
3245.85 95.05 7.88 3.43
3245.85 95.44 5.8 3.29
3245.85 96.74 -0.93 3.37
3245.85 96.69 -2.42 1.83
3245.85 96.26 0.35 2.01
3245.85 96.04 4.42 2.18
3245.85 95.73 3.39 1.84
3245.85 95.39 1.9 3.61
3245.9 95.84 -5.06 6.32
3245.85 95.85 -2.69 2.94
3245.85 96.21 -2.61 1.88
3245.85 96.33 -2.22 1.65
3245.96 96.18 -0.82 1.74
3245.85 96.5 -2.8 1.57
3245.85 96.42 -1.25 1.53
3245.85 95.7 1.68 3.27
3245.85 95.12 3.35 4.24
3245.85 95.67 0.28 2.44
3245.85 96.21 -2.69 2.14
3245.89 95.93 1.11 2.62
3245.85 96.38 -3.24 1.84
3245.85 95.43 -2.82 2.29
3245.85 94.93 266.46 5.09
3245.85 96.11 -3.64 1.94
3245.85 95.62 -2.96 1.59
3245.86 95.41 -0.52 2.11
3246.42 95.53 -1.58 5.13
0 96.12 -11.63 6.57
0 95.9 -11.03 3.76
0 95.61 -11.06 5.82
0 95.78 -10.96 4.93
0 95.89 -10.54 3.98
0 96.12 -10.07 2.02
1.58 96.16 -9.93 1.84
0 96.66 -11.5 1.89
0.03 96.5 -8.42 2.21
1.77 95.84 -4.51 4.59
0.06 96.3 -9.16 3.01
0.02 95.88 -10.24 3.84
0 96.06 -11.83 2.34
0 96.11 -9.84 1.95
0.3 96.05 -9.82 3.55
0 96.1 -12.67 3.76
0.01 96.17 -11.25 2.29
0 96.08 -8.25 2.58
0.13 95.8 -6.31 4.14
0 96.12 -10.23 3.56
0 95.75 -10.08 3.61
0 95.54 -3.64 2.43
0 95.6 -3.76 2.84
0 96.44 -5.11 3.87
0 96.68 -5.19 3.11
0 96.45 -8.13 1.47
0 96.02 -4.92 2.26
0 95.43 -5.68 2.05
0 94.76 -4.33 2.97
0.08 95.5 -6.5 92.08
0.03 96.2 -10.89 5.66
0.1 96.22 -10.96 2.89
0 96.13 -7.28 2.98
0 94.85 -2.03 3.62
0 95.14 -2.92 2.08
0.72 95.5 -3.55 4.56
0 96.04 -7.61 3.37
0 96.43 -9.51 1.48
0 96.32 -9.36 2.11
0 96.16 -5.64 2.46
0.1 95.72 -5.08 3.3
0 96.78 -7.89 2.38
0 96.91 -9.67 1.85
0 96.44 -6.89 1.75
0 96.66 -9.57 1.67
0.3 96.29 -10.14 1.98
5.79 96.26 -10.41 3.81
0 96.33 -9.49 1.89
2.67 95.22 -5.37 3.23
0.03 95.9 -9.08 1.88
0.04 95.83 -9.1 1.95
1.1 96.35 -8.6 2.25
0 95.79 -8.32 1.96
0 95.25 -4.4 3.33
0 96.17 -6.4 2.31
1.26 95.79 -5.95 1.44
5.12 96.41 -8.91 3.75
0 96.92 -12.27 3.03
0 96.76 -12.23 1.77
0.07 96.14 -8.71 3.49
0 96.77 -10.48 3.75
0 97.04 -9.52 2.14
0 96.85 -8.36 1.71
0 96.7 -8.13 1.77
0.08 96.58 -5.73 2.31
0.05 96.47 -6.48 3.51
0 96.33 -3.79 3.24
0 95.73 -1.25 3.21
0.03 96.6 -11.03 6.15
0 96.66 -11.76 4.27
0 95.92 -6.53 2.76
0 95.31 -3.94 2.22
0.01 95.34 -5.72 3.56
0 95.54 -6.13 2.43
0 95.14 -5.58 1.86
0 94.98 -1.83 2.31
0.01 95.67 -4.37 1.59
9.41 95.39 -1 2.74
0.01 96 -1.75 4.67
0 96.66 -3.68 2.74
0 96.1 -3.55 3.08
8.84 95.26 0.32 3.47
32.3 94.74 -0.38 5.22
0.11 95.14 -5.54 5.72
0 95.48 -6.21 2.04
0 95.15 -6.63 1.94
1.11 95.62 -8.17 2.82
0 95.98 -9.24 3.55
0 96.62 -6.35 2.12
2.76 95.62 -2.25 5.1
0 95.32 -1.12 2.9
0.03 94.96 -3.54 2.33
0.4 95.59 -6.86 6.1
0 96.11 -6.25 3.1
0 95.82 -2.56 3.41
0 95.13 1.98 4.76
0 95.54 0.84 2.93
2.93 96.13 -3.65 3.52
0 96.89 -9.64 5.8
0 96.22 -4.99 2.96
0 95.85 -4.28 4.09
0 95.38 -3.56 2.91
0 114.41 261.73 266.3
0 95.44 0.63 3.83
0 95.09 5.43 3.67
0 95.06 5.63 3.29
0 95.81 2.85 2.67
0 95.04 6.93 3.36
0 95.32 6.17 3.62
0 95.44 5.33 2.53
0 95.38 5.86 4.07
0 96.34 1.78 4.22
0 96.53 2.52 2.61
0 96.72 3.53 1.8
0 96.42 7.73 2.93
0 96.19 13.32 4.1
0 95.38 14.1 5.11
0 95 12.58 3.64
0 95.12 10.81 3.51
0 94.69 13.81 4.41
4.65 95.72 6.21 3.03
0 95.79 4.93 2.02
217.18 94.3 2.5 2.3
2.03 95.07 4.09 2.3
1.69 95.03 4.65 2.06
0.23 95.54 3.06 4.5
0 96.66 -0.82 4.07
0 96.62 -0.02 3.29
0 95.81 4.91 3.28
0.11 95.57 7.58 3.03
0.07 95.8 8.04 2.07
16.69 96.04 6.49 3.42
168.13 96.64 -0.21 4.67
0.36 96.17 3.1 2.02
0 94.57 11.16 2.2
0.4 93.69 14.49 4.89
1.56 94.58 8.39 5.13
0 94.69 10.9 2.29
0.04 94.95 13.03 3.35
0.02 95.46 10.53 3.94
0.01 95.05 11.25 3.33
0.02 94.98 10.91 3.02
0 95.17 14.4 3.83
0 95.42 13.88 5.07
0 95.69 13.62 2.45
0 95.01 21.1 4.17
0 94.63 24.35 4.52
12.85 94.37 20.98 4.73
11.58 95.03 16.61 2.42
0 95.05 19.49 2.31
0 94.99 20.32 2.91
10.18 94.74 16.73 3.54
16.47 94.81 15.78 2.51
0 95.1 12.98 5.47
0 94.89 13.87 4.5
0 94.37 14.79 5.82
0 94.93 12.08 2.57
0.39 94.83 12.49 5.55
22.56 95.19 6.84 2.15
0 95.55 8.65 1.99
83.44 95.45 8.15 2.63
59.66 94.5 7.37 2.01
14.85 93.22 10.81 3.84
0.34 93.28 19.3 3.65
2.82 94.63 15.79 5.23
0.01 95.21 15.95 4.19
0 94.63 18.68 3.72
17.42 93.81 19.04 4.18
20.71 93.99 14.55 5.16
2.03 94.39 13.02 5.42
0 95.21 18.19 4.21
0 94.85 21.88 3.72
0 94.72 22.66 2.62
1 94.63 22.73 2.89
0.04 94.44 25.58 3.42
0.18 94.37 25.82 3.96
2.7 94.58 23.21 2.46
0.12 94.57 22.89 3.41
8.24 94.17 23.91 3.41
0.52 94.54 20.7 3.67
0 94.62 19.77 2.55
0 93.73 25.36 6.93
5.76 94.31 21.95 3.37
2.58 94.85 19.03 3.73
0 95.05 21.22 3.12
41.5 94.27 18.66 4.09
41.13 93.79 18.61 2.5
45.96 94.29 18.69 2.02
0.26 94.59 20.34 3.48
1.6 94.35 19.72 2.73
3.91 94.36 19.48 2.15
87.63 94.13 17.19 2.63
206.17 93.63 15.72 2.35
109.38 93.73 16.31 1.58
54.11 94.63 17.36 2.36
0.38 94.87 20.59 2.2
10.93 94.7 22.49 1.81
0.22 94.41 23.55 1.95
161.09 94.45 19.6 2.39
10.8 94.61 18.24 3.64
111.39 95.1 16.4 2.43
0.07 95.17 21.37 2.28
0 94.77 23.79 1.96
4.21 94.5 24.33 3.17
0.22 94.64 23.8 2.69
11.76 94.44 23.86 3.11
12.04 94.18 21.92 2.15
67.9 94.16 21.09 2.08
0.65 94.59 22.15 1.65
4.6 94.63 23.89 2.31
143.86 94.81 17.62 1.94
30.03 94.2 18.17 2.03
20.16 93.77 18.93 3.47
13.94 94.34 16.64 3.13
0.13 94.92 18.45 2.07
33.71 94.89 19.89 2.18
11.38 95.02 20.5 1.86
0 94.98 22.48 2.19
0.23 94.83 24.37 2.32
6.61 95 25.11 2.25
0.2 95.22 26.17 2.85
4.44 95.06 24.29 2.86
0.88 94.77 25.06 1.7
0.8 94.28 26.33 2.15
0.15 94.1 26.07 3.05
5.71 94.41 26.69 2.18
12.46 94.87 24.24 2.47
26.93 95.07 20.92 2.08
15.58 94.89 21.75 1.6
41.49 94.7 23.03 1.91
48.46 94.83 22.99 2.72
25.48 94.76 23.58 2.37
50.68 94.48 24.09 2.16
63.02 94.48 22.6 2
13.3 94.48 22.43 1.42
14.71 94.3 22.75 1.93
7.15 94.1 24.13 2.03
5.72 94.49 24.76 2.65
13.6 94.59 24.73 1.74
29.1 94.33 24.37 2.19
74.41 94.37 22.85 2.35
302.37 94.75 21.05 2.3
7.61 94.95 21.97 1.53
1.46 94.74 23.38 2.08
40.57 94.23 24.75 3.06
0.09 94.2 23.25 2.37
0.84 94.07 24.95 2.2
1.97 94.24 25.99 3.08
20.29 94.65 24 2.18
22.52 95.2 22.42 2.39
36.29 95.24 22.69 1.66
8 95.15 23.58 2.14
0 95.2 23.38 1.91
0 95.01 23.84 1.66
0 94.85 24.02 1.52
0 94.52 25.29 1.86
1.89 94.31 25.48 2.25
0.05 94.61 23.59 2.43
0 94.67 23.04 1.76
0.74 113.35 284.73 265.58
36.32 113.67 285.87 265.84
66.93 95.12 20.13 1.91
28.25 94.84 19.27 2
4.84 94.65 20.57 2.48
30.2 94.77 20.05 1.75
7.62 95.11 20.34 2.03
27.92 95.33 19.78 1.87
13.19 95.26 20.08 2.45
72.05 95.12 19.77 2.26
0.04 95.04 20.38 2.34
17.71 94.89 19.02 1.76
4.55 95.06 18.52 1.55
11.18 95.2 18.84 1.46
77.29 95.39 18.14 1.45
136.23 95.45 18.33 2.17
4.43 95.4 20.65 2.07
0.35 95.57 19.1 1.97
7.66 95.4 18.41 1.66
25.66 95.26 17.2 2.35
0.01 95.37 16.77 1.59
0 95.24 19.33 1.48
3.15 95.41 20.48 2.54
21.7 96.11 15.85 2.08
1.35 96 14.75 1.73
67.96 95.45 13.67 1.8
12.56 95.38 14.3 2.88
0 95.28 19.03 2.25
0 95.61 19.77 2.7
0 95.72 19.45 2.76
0 95.56 19.87 2.72
3.84 95.58 19.39 1.5
9.83 95.66 18.53 2.1
0.02 95.75 16.2 1.81
2.72 95.21 16.43 2.33
3.85 95.02 18.1 2.18
39.69 94.83 17.87 3.29
27.26 95.02 13.65 2.18
56.29 94.93 14.22 1.89
9.7 94.91 14.76 2.83
0 95.18 13.09 2
0 95.39 14.87 2.26
0.15 96.23 12.66 1.56
2.03 96.67 11.21 2.26
4.54 95.47 15.75 3.01
42.51 94.8 10.64 5.4
0.08 94.7 13.24 4.79
0 95.72 10.15 1.94
0 96.02 13.16 2.15
0 95.48 17.51 3.44
0 95.4 17.78 1.91
0 95.16 18.46 3.55
0 95.53 9.91 3.4
0.31 94.86 5.47 2.84
8.86 95.02 5.42 5.15
5.82 95.34 9.77 4.47
0 95.73 11.73 2.33
0 95.81 12.4 1.8
0 95.55 13.56 1.59
0 95.49 13.49 1.77
0 95.49 15.59 2.55
2.09 95.68 13.18 3.12
0 96.46 5.75 2.73
0 95.31 9.71 2.69
31.16 95.95 4.53 1.72
16.57 96.22 4.61 1.95
0.94 104.22 126.39 59.88
0 103.71 126.98 59.76
0 96.5 6.42 2.68
0 96.39 4.13 1.78
4.59 95.09 7.74 5.5
0 95.21 3.69 2.96
0 95.82 1.28 3.24
0 96.14 -0.25 3.84
0 96.59 -0.13 3.11
0 96.61 3.11 1.61
0 95.95 5.55 1.92
0 95.78 5.71 1.39
0 95.68 9.11 3.64
0 95.92 10.34 3.23
0.39 97.14 0.89 3.48
32.76 97.2 -3.27 3.02
20.63 96.8 -3.3 3.25
7.94 96.29 -3.09 2.03
0.46 96.31 -2.84 1.41
0 96.46 -2.96 1.37
0 96.62 -1.47 1.49
0.1 96.44 1.03 1.4
0.01 95.7 3.66 2.62
0 95.06 6.1 2.47
0.15 96.01 2.03 2.44
7.63 95.85 -3.51 2.52
0 96.55 -5.63 2.4
8.19 96.45 -7.15 2.21
7.55 96.44 -8.25 2.17
6.26 96.42 -9.42 1.83
3.83 96.92 -10.55 1.69
11.2 97.4 -11.67 2.55
10.91 97.45 -12.66 3.03
0.06 97.33 -15.02 1.92
0.01 96.46 -14.77 2.77
0 96.36 -14.2 3.13
0.05 95.88 -12.06 1.43
0.18 96.33 -10.35 1.61
9.1 96.04 -6.45 2.27
0 95.92 -8.77 1.5
0.45 95.23 -5.57 1.77
0.16 95 -5.6 4.85
0.54 95.31 -7.4 6.28
0 95.65 -4.42 4.51
0 96.37 -5.08 2.19
0 96.55 -8.72 1.65
0 96.7 -10.13 0.94
0 96.19 -3.66 2.14
2.12 95.88 0.01 2.27
0.02 96.19 -1.35 3.73
0 96.52 -7.43 1.62
0 96.18 -6.62 1.69
0 96.31 -7.48 1.34
2.71 95.57 -5.29 3.18
0.03 95.64 -6.44 4.63
0.04 96.23 -8.49 5.51
0 96.27 -7.24 3.06
0 96.78 -5.5 2.15
0 96.73 -6.57 1.51
0 95.85 -3.62 2.23
0 96.1 -5.99 1.66
0 96.2 -8.5 1.6
0 96.11 -6.15 2.13
0 96.21 -10.52 2.21
0.01 95.17 -8.42 2.67
0 96.28 -13.55 4.02
0 96.96 -15 1.81
0 96.69 -8.53 2.02
0.18 96.28 -7.12 1.55
1.65 96.54 -7.74 1.4
0 96.48 -8.76 2.15
0 95.61 -3.22 2.49
0.01 95.69 -7.42 1.32
4.81 95.88 -8.5 2.1
0 96.29 -10.74 3.55
0 96.1 -12.01 2.81
0 96.41 -9.73 3.9
0 96.22 -9.79 3.04
0 96.05 -10.29 3.23
0 95.8 -9.82 2.8
0 96.58 -12.16 3.32
0 96.81 -12.72 2.98
0 96.25 -11.69 3.59
0.06 95.61 -11.23 3.92
0.09 95.37 -12.08 2.24
0 95.48 -12.17 1.76
23.77 96.14 -15.95 2.59
1.76 96.09 -19.03 2.76
0 95.68 -18.98 3.86
0 96.33 -18.9 1.66
0 96.85 -19.06 1.47
0.49 96.8 -18.05 2.08
0.69 97.29 -21.16 3.76
0 97.18 -23.77 5.26
0 96.63 -15.1 4.96
0 96.05 -10.45 3.24
0 95.93 -11.7 3.95
0 96.01 -9.97 3.1
0 96.61 -13.87 1.86
0 97.06 -16.54 1.93
0 96.81 -16.9 2.12
0 96.85 -13.67 3.34
0 96.71 -10.82 2.65
0 96.36 -9.06 2.18
0 96.13 -8.24 2.74
0 96.33 -8.58 3.58
0 96.27 -8.98 3.5
0 96.18 -7.12 2.61
0 95.28 -7.26 2.43
0.01 94.92 -4.52 3.36
0 95.56 -2.56 2.78
0 95.22 1.22 3.15
0.07 95.14 0.79 2.53
1.69 95.47 0.09 3.31
21.56 96.22 -8.56 5.96
0 96.22 -12.44 5.6
0 95.55 -9.12 4.38
0 95.44 -5.1 4.32
0 95.36 -1.65 4.19
0 95.38 -3.67 3.96
0.11 96.24 -7.44 3.22
0 96.2 -9.18 3.53
0 96.07 -10.31 2.33
0.01 96.21 -8.07 3.05
0 97.08 -10.82 2.59
0 96.69 -8.93 2.59
0 96.62 -8.6 2.99
0.06 95.95 -6.93 3.21
0.02 96.06 -7.39 1.81
0.1 96.34 -8.15 4.37
0.05 96.57 -8.79 3.3
0.03 95.63 -1.76 2.89
0 95.29 0.91 2.21
0 95.3 0.03 2.31
0.12 95.67 -1.32 1.31
31.6 95.42 0.41 3.73
0.03 95.48 -1.35 2.39
6.65 95.74 -4.63 4.41
0 96.48 -7.71 4.14
0 96.58 -7.43 3.54
0.03 96.36 -6.64 3.49
0 95.83 -5.71 1.99
0 95.18 -0.81 4.32
0 95.96 -1.87 3
0 95.76 1.22 2.64
0 95.19 4.99 2.86
0 95.03 8.61 3.16
0 94.61 10.63 5.51
0 95.11 7.33 4.5
0 96.02 3.39 1.92
0 96.23 5.17 2.05
0 95.85 8.5 3.12
0 96.23 5.4 4.6
0.01 96.78 2.33 5.1
0 96.8 2.2 3.69
0 96.46 3.24 2.75
0 96.05 8.01 3.3
0 95.46 9.18 2.65
0 94.83 11.02 3.97
0.58 95.31 7.32 3.09
0 95.26 8.49 3.4
0 94.29 15.98 4.95
9.2 94.57 10.58 5.6
0.45 95.67 6.18 4.34
0 95.66 8 3.44
0 94.84 10.9 3.43
0.06 95.18 10.07 2.34
1.55 94.5 12.89 5.4
0 94.91 9.67 5.02
0 94.8 11.88 5.87
0 95.18 6.68 2.88
0 95.81 4.62 3.45
0 95.27 6.89 4.85
21.69 94.4 8.34 2.26
0.19 94.11 10.64 5.25
0 95.24 11.36 3.3
0.18 94.7 15.58 5.09
13.54 94.7 10.67 4.31
5.11 94.68 6.37 3.95
4.79 95 6.54 2.84
2.65 95.27 9.2 3.77
0.06 94.93 14.22 2.86
0 94.11 15.32 5.96
0 94.64 10.72 5.87
0 95.21 10.86 2.86
0 94.65 14.34 4.9
0.74 95.55 10.11 2.9
21.92 95.77 8.22 1.97
0.8 95.34 12.09 1.84
0 95.49 12.4 2.19
13.79 94.65 13.2 3.18
0.09 94.29 16.58 2.86
11.16 93.97 21.15 3.87
124.29 94.79 11.7 2.29
76.06 93.91 11.4 4.7
0 94.4 16.18 3.35
14.57 94.38 15.51 5.26
0.03 94.67 13 5.91
0 95.46 15.83 2.7
0 94.87 19.03 4.12
0.5 95.08 17.41 2.43
0 94.76 17.57 2.29
3.7 93.93 19.96 4.6
151.24 94.68 11.61 4.34
0 95.51 15.78 4.33
22.57 95.15 12.82 4.62
1.45 94.99 13.17 3.48
0 94.49 18.04 2.62
0 94.56 23.86 3.6
0 94.82 25.5 4.71
0 95.06 23.71 4.21
0 95.23 23.43 4.02
0.03 96.01 19.32 3.92
0.03 95.92 18.14 2.32
29.7 95.04 14.91 1.57
27.32 93.92 15.61 5
9.54 94.2 18.52 3.19
0.23 94.69 18.64 4.69
0 94.59 22.74 4.36
0.04 94.21 25.02 4.55
0 94.62 19.06 4.75
0 94.35 22.32 4.32
9.48 95.15 17.85 2.04
0 95.19 20.52 1.6
0 94.8 23.64 2.55
0.01 94.44 25.28 3.27
0.03 94.64 22.82 2.99
0.08 94.86 23.84 2.44
16.28 95.07 19.61 3.5
5.68 95.1 19.13 1.78
0.06 94.83 21.67 2.12
40.96 94.5 20.79 4.29
84 94.26 20.43 4.95
32.78 94.79 17.85 2.38
5.78 94.66 19.57 2.3
2.48 94.32 20.35 2.25
82.8 94.24 16.54 2.37
10.71 94.25 18.81 1.96
2.42 93.85 20.73 2.62
26.12 93.9 20.87 1.98
5.71 94.45 20.83 2.78
0.02 94.55 23.38 2.46
50.03 94.19 25.23 3.17
21.54 94.22 23.95 2.54
37.5 94.26 22.86 2.28
16.71 94.52 21.59 3.12
5.02 94.54 21.34 3.5
0 94.7 24.52 3.05
0 94.67 24.94 2.16
43.48 94.39 23.89 2.74
36.77 94.49 19.81 3.61
88.88 94.35 20.39 2.75
72.84 94.39 20.36 1.72
0 94.56 20.61 1.84
0.33 94.51 22.26 1.68
0 94.61 25.96 3.2
0 94.8 25.23 3.01
1.45 95.01 25.27 1.76
0 95.09 26.53 1.98
0 95.01 27.49 2.98
0 94.76 27.07 2.6
0 94.54 27.9 1.92
0 94.28 29.12 2.88
7.04 93.95 29.21 3.46
84.27 94.27 22.38 2.07
1.1 94.58 24.57 2.55
0.8 94.97 22.63 2.48
5.18 94.64 19.82 1.92
7.45 94.5 19.58 1.85
3.45 94.75 22.09 1.57
0.39 94.74 23.98 2.34
15.53 94.81 24.39 3.11
133.22 94.96 21.91 2.81
717.26 94.52 20.9 2.74
32.41 94.23 23.4 1.91
6.85 94.06 26.71 2.61
0.22 94.63 25.97 2.43
452.63 94.68 20.56 2.48
3.73 94.51 22.35 1.74
1.05 94.31 24 2.76
74.89 94.29 23.39 2.1
22.11 94.66 23.41 1.62
88.82 94.92 24.04 2.01
83.21 95.08 22.11 1.81
25.53 95.16 22.88 1.87
0.31 95.15 24.64 1.42
0 95.08 26.55 1.69
0 95.02 27.45 2.04
0 94.92 27.28 2.27
161.73 94.66 25.42 2.09
130.71 95.06 23.5 2.31
0 95.15 22.36 1.54
0 94.75 24.2 2.4
0 94.5 27.82 3.47
0.51 94.52 29.51 3.27
9.11 94.63 25.35 2.05
0 94.6 24.59 1.85
0 94.88 23.62 1.84
2.54 94.8 23.05 1.48
49.48 94.64 21.81 1.83
2.5 94.52 22.9 1.4
216.34 94.49 20.38 1.93
15.31 94.92 21.18 1.92
49.79 95.03 21.73 1.64
1.57 95.17 22.62 1.73
0.99 95.25 23.01 1.59
12.4 94.76 21.24 1.78
49.61 94.59 23.06 2.01
189.61 95.34 17.99 3.91
0 95.6 17.93 2.12
3.5 95.26 18.25 1.86
3.52 95.23 18.86 1.96
0 95.42 18.09 2.4
0 94.85 17.6 2.11
22.61 93.76 16.25 4.43
21.76 93.61 15.97 2.99
7.56 94.29 19.12 1.33
26.4 94.82 18.48 1.22
59.24 95.06 17.37 1.45
47.92 94.98 17.36 1.46
30.84 94.85 19.21 1.42
1.52 94.6 19.29 1.55
18.92 94.68 18.05 1.65
29.2 95.01 16.59 1.72
38.4 95.18 16.22 1.79
64.57 95.55 15.47 1.96
13 95.79 15.98 1.45
1.68 95.71 17.02 1.21
20.05 95.49 18.48 1.97
0.06 95.37 19.33 1.43
2.44 95.5 18.23 1.95
1.27 95.92 15.86 2.2
25.21 96.06 13.49 2.39
0.08 96.07 13.91 2.23
0 95.92 14.4 1.55
0.57 95.69 15.41 2.1
4.26 95.32 16.67 2.21
2.9 95.04 17.88 2.03
1.09 94.75 20.46 3.91
0.05 95.48 16.99 1.86
6.46 95.25 17.1 2.39
3.77 96 11.35 4.25
0 96.43 8.15 2.31
0.04 95.61 9.65 2.26
0.05 95.25 15.94 2.12
11.04 95.08 19.05 3.7
2.64 95.15 15.78 2.19
0.53 95.18 14.64 3.51
108.01 95.78 6.92 2.24
12.7 95.83 5.74 2.14
0.39 96.39 8.04 1.62
55.56 95.49 10.38 2.67
0.81 95.71 6.04 4.44
0 95.96 4.48 1.58
1.63 95.58 5.23 1.96
0 96.1 5.47 55.73
0.15 96.06 6.91 1.44
0 95.65 10.79 1.31
0 95.73 12.14 1.36
0.11 95.85 15.54 3.2
4.83 95.33 14.36 4.02
0 95.87 9.18 2.04
0 95.59 11.74 2
0 95.49 11.35 2.21
1.08 96.42 3.85 2.74
32.38 95.78 4.89 1.73
38.87 96.46 1.91 2.56
0 96.07 2.41 1.49
0 95.43 3.74 1.71
0 95.03 8.18 3.73
0 96.25 2.57 2.24
16.76 96.25 2.71 1.56
9.47 96.45 1.83 2.67
0.16 96.53 0.18 2.29
9.15 96.26 -1.12 3.07
0 97.04 -5.05 3.02
0 96.65 -2.57 2.73
0 95.94 1.03 3.2
0 95.43 1.54 1.94
0 94.53 2.37 1.28
0 95.59 1.12 2.7
0.15 96.4 -1.7 1.86
6.37 96.62 -2.06 3.37
0 96.99 -4.19 2.08
0 96.34 -2.91 1.94
1.5 94.85 2.29 3.14
5.46 95.14 -2.24 1.86
0.48 95.66 -1.54 1.78
0 95.08 4.12 3.78
0 95.79 1.15 5.38
0 96.06 -3.64 2.08
0 95.84 -1.08 2.09
0 95.7 -0.86 2.95
0.35 95.23 -0.32 2.5
3.04 95.73 -5.21 2.56
14.32 96.26 -7.74 1.8
31.22 96.6 -9.43 2.84
0 96.94 -11 3.28
0 96.62 -10.28 3.2
0 96.13 -7.91 2.49
0 95.78 -5.18 2.31
0 95.31 -2.38 3.49
0 96.15 -6.42 3.04
0 96.56 -3.74 2.2
0.04 96.85 -4.83 2.08
3.53 95.67 -0.81 4.05
0 96.43 -3.06 4.01
0 96.13 0.93 2.66
0 95.38 3.58 3.32
0 95.57 -1.16 2.86
0.25 96.16 -5.79 3.37
0 95.63 -6.27 2.77
0 95.84 -7.17 2.16
3.72 95.26 -4.42 3.71
0 96.2 -7.74 2.2
0 96.34 -8.42 1.67
0 95.7 -5.39 2.91
7.24 96.1 -3.93 2.71
0 96.7 -8.83 4.03
0 96.62 -10.05 2.53
0.01 96.61 -9.31 3.79
0 95.78 -4.19 2.51
0 95.78 -4.99 1.45
0 95.95 -4.52 1.38
0 95.99 -4.13 1.51
0.04 96.33 -3.51 1.34
0.07 96.43 -5.85 2.63
7.08 96.05 -9.74 3.72
0 96.43 -10.64 2.71
0 96.32 -11.57 1.39
0.03 96.12 -6.73 2.98
0.95 96.83 -9.98 4.23
0 96.68 -11.77 2.24
0 96.34 -9.63 4.27
0 96.57 -8.98 3.12
0 96.09 -8.48 1.54
0 95.97 -7.68 1.48
0 95.74 -3.42 3.35
0 95.93 -4.86 2.33
0 95.59 -3.34 2.42
0 96.24 -6.47 1.57
0 96.55 -7.99 1.54
0 96.05 -4.63 1.19
7.39 96.11 -3.95 1.55
11.36 95.67 -4.79 2.37
0.01 95.83 -8.21 3.32
0 96.07 -10.98 3.54
0 95.84 -11.19 2.59
0.01 95.59 -12.51 2.86
0 95.7 -10.63 5.03
0 96.67 -11.92 2.24
0.06 96.65 -14.1 1.39
0.02 96.56 -13.6 1.35
0.18 96.34 -11.64 1.97
0 96.67 -12.09 1.71
8.91 96.36 -13 2.74
0 96.39 -13.29 2.37
0 96 -12.55 4.61
0 96.72 -14.08 2.98
0 96.84 -14.19 2.14
0 96.94 -12.9 1.43
0 96.31 -7.91 2.15
0.04 95.55 -3.79 5.59
0 96.1 -6.69 3.47
0 95.61 -9.24 2.29
0.5 96.43 -11.66 4.03
0 96.71 -9.87 3.42
0 96.14 -8.14 3.52
0 96.86 -7.86 4.01
0 96.26 -4.53 2.5
0 95.71 -4.66 1.77
0.33 95.37 -1.68 2.57
0 95.75 -5.73 3.73
0.01 96.67 -6.79 2.96
0.01 96.63 -7.83 1.21
0.02 96.4 -8.62 5.64
0.01 95.94 -9.81 6.42
0 96.13 -9.49 5.37
0 96.24 -7.16 3.09
0 96.23 -7.25 1.59
0 96.72 -5.88 1.91
0 96.54 -4.23 2.45
0 95.33 2.62 3.24
2.02 95.75 -3.79 4.82
0 96.32 -6.89 3.48
0 95.74 -6.15 2.42
0 94.67 -4.21 5.16
0 96.44 -7.35 4.68
10.36 96.2 -6.01 2.93
11.74 95.58 -4.09 4.38
0 96.09 -4.75 3.52
0 95.79 -1.96 3.69
0 95.76 -0.66 2.99
0 95.98 -1.52 1.67
0 95.6 1.76 3.07
0 95.6 0.33 2.97
0.4 96 -4.78 3.56
0 95.17 -0.89 2.69
0 95.31 -0.63 1.9
0.05 95.54 -4.26 2.32
0.14 95.91 -5.15 3.48
0.03 95.68 -7.66 4.37
0 95.65 -5.04 5.23
0 95.17 -0.38 4.39
0 95 0.82 3.28
0 95.21 2.6 1.9
0 95.48 4.76 3.47
0 96.3 -0.36 4.96
0 96.32 1.2 2.81
0 96.29 1.47 2.26
0 96 2.88 1.69
0 95.65 2.94 1.75
2.55 95.53 3.64 1.88
0 96.06 5.06 2.32
0.06 96.19 4.43 1.83
0.45 96.23 1.97 3.48
0 96.03 1.92 2.56
0 95.81 2.76 2.1
0.43 96.19 1.89 1.54
3.4 95.87 1.27 1.63
1.17 95.7 2.95 2.68
0.24 95.61 2.07 2.31
0 95.81 3.1 2.59
0 95.56 5.89 2.77
0 95.52 9.06 3.62
0.04 96.35 4.36 2.77
0 96.14 4.32 2.09
0 95.53 5.47 1.79
0 95.54 9.19 2.21
0 95.43 12.75 3.62
0 95.09 17.06 4.38
0.29 94.86 14.68 3.9
3.31 94.97 10.6 3.99
1.87 95.04 9.28 2.69
0 95.8 8.68 3.97
0 95.76 8.88 1.96
0 94.75 13.47 3.78
0 95.34 7.74 4.17
0 95.27 6.66 2.36
0 94.56 13.08 4.97
0 94.18 15.39 3
0 94.62 16.74 3.56
0.12 95 14.04 3.23
0.97 93.88 14.5 4.61
0.31 94.04 8.14 6.42
5.94 94.44 8.21 3.16
5.05 94.83 9.33 3.26
0 95.23 10.4 2.41
0.01 94.56 13.5 4.95
0 94.83 9.77 3.16
0 95.14 9.27 3.31
0.01 95.78 9.08 3.73
0 95.8 10.8 4.74
0 94.97 15.3 4.31
0 94.44 17.52 3.41
0 94.1 20.84 4.69
0 95.02 16.2 2.32
0 95.33 17.9 2.45
0 95.25 21.79 4.82
1.2 95.17 19.43 6.62
10.8 95.14 15.2 3.45
11.05 94.82 10.29 6.12
0 95.08 10.46 6.35
0 94.93 18.58 3.85
0 94.66 20.4 2.75
0 94.36 21.46 4.86
0.32 94.41 19.25 3.44
0.04 94.54 15.29 5.61
0 94.4 13.32 4.53
3.62 94.64 12.12 4.18
0.29 95.37 13.94 4.66
0 95.32 16.83 2.41
0 94.53 20.21 1.79
0 94.34 23.76 2.32
0 94.29 29.04 3.99
0.92 94.72 26.61 3.45
0.47 95.04 22.9 3.05
6.31 95.41 14.72 3.85
217.11 95.47 9.7 2.2
0.03 95.22 16.49 2
0.02 94.81 19.3 2.13
0.11 95.36 15.09 3.07
0 94.89 18.81 2.51
0 94.5 21.47 3.32
0 94.79 21.54 4.02
16.11 95.04 17.82 3.09
0.44 94.54 20.42 3.01
12.39 94.11 20.01 2.9
0 94.6 16.89 3.4
124.44 94.92 11.79 2.12
0 95 16.24 2.64
0 95.01 19.88 2.21
0 95.14 21.93 2.3
21.64 94.83 16.18 2.92
1.54 94.56 18.93 2.82
0.23 94.46 21.84 3.57
0 94.58 20.53 3.36
0 94.94 18.7 1.93
4.49 95.1 18.21 1.96
12.47 95.39 18.61 1.84
0 95.38 20.97 2.23
0 94.92 27.26 2.5
0.08 94.66 28.11 1.97
1.69 94.51 26.77 2.45
6.06 94.4 24.59 2.54
34.86 94.42 21.37 2.86
104.92 94.33 19.59 1.79
7.31 94.38 20.17 2.63
0.34 94.59 21 2.3
36.79 94.94 19.25 1.66
75.86 94.84 17.75 1.69
4.71 94.55 19.88 1.55
3.79 94.52 22.38 1.7
0 94.7 24.26 1.76
35.21 94.56 25.24 2.58
10.82 94.57 26.24 2.96
0.07 94.45 27.67 3.52
5.69 94.36 27.1 2.4
15.49 94.24 27.52 2.49
37.24 94.45 24.89 2.15
0.36 94.56 25.54 2.18
16.75 94.71 24.26 2
54.08 94.86 23.3 1.62
43.77 94.63 24.35 2.9
726.72 93.82 22.65 2.6
19.16 93.73 24.95 2.86
44.08 93.92 24.46 2.9
0.42 93.89 23.89 1.74
0 94.13 25.72 2.49
0.72 94.23 28.23 2.63
38.19 94.02 27.76 3.1
11.2 94.46 25.96 1.91
11.49 94.78 26.66 2.1
0 94.91 27.11 1.92
0 94.81 29.03 2.17
0.01 94.54 29.18 3.21
43.34 94.35 26.5 2.72
67.82 94.37 21.79 2.33
40.46 95.1 21.3 2.13
18.31 95.05 21.81 1.78
1.74 94.58 23.93 1.28
1.27 94.72 23.72 1.64
0.27 94.94 23.78 1.92
29.07 94.56 22.66 2.83
1.82 94.8 23.1 2.59
0 95.31 22.77 1.86
0 94.86 23.29 1.7
28.17 94.45 24.18 2.24
0.08 94.62 25.36 1.9
0.62 94.67 26.83 2.71
33.77 94.44 25.25 2.13
690.34 93.9 23.08 2.22
8.56 94.29 24.66 1.45
127.64 94.34 24.28 2.34
50.6 94.18 22.3 1.81
2.48 94.22 23.74 2.12
19.88 94.09 22.55 1.51
34.42 93.91 21.13 1.58
8.05 94.01 23.12 1.54
11.3 94.41 23.5 2.48
43.51 94.77 22.89 2.04
0.29 94.93 23.67 1.86
28.02 94.87 22.3 1.79
35.49 94.79 21.39 1.65
219.55 94.86 19.72 2.08
87.59 95.01 20.77 1.87
68.51 95.16 21.35 1.62
16.14 95.18 21.93 1.6
7.75 94.79 22.48 1.99
0.77 94.53 25.32 1.82
30.66 95 22.59 2
235.67 94.91 19.12 1.9
0.06 94.88 19.88 3.57
0 94.94 18.1 3.44
0 95.27 19.49 2.19
12.02 94.98 17.63 2.78
4.95 95.48 15.79 2.91
0 95.59 14.04 2.05
0 95.32 16.24 2.02
0.4 95.33 16.51 1.55
2.38 95.15 19.51 1.69
14.75 95.19 19.19 2.02
5.6 95.06 20.01 2.9
2.35 94.89 21.35 3.01
0.03 94.78 20.1 3.43
0 94.71 18.99 1.71
0 94.48 21.45 2.33
0.79 95.1 18.03 2.56
14.45 95.13 17.42 2.09
57.77 94.98 16.63 1.68
0.06 95.24 16.12 2.1
0 95.64 14.71 1.93
0 95.89 15.66 1.59
2.41 95.85 17.29 2.08
8.15 95.63 18.54 1.94
1.15 95.19 18.82 2.29
0.02 95.02 16.66 2.18
0 94.45 19.13 2.4
0.29 94.93 14.98 3.08
0 95.29 15.17 1.59
0.66 94.6 19.72 3.38
20.79 94.65 17.14 3.74
0 94.8 18.57 4.28
0.08 95.17 17.48 2.63
13.11 95.1 16.48 2.75
22.14 95.43 12.89 2.2
0.12 95.39 9.74 2.29
0 95.26 8.53 3.3
0 95.1 9.5 2.44
0 95.2 13.38 2.96
0.1 95.41 14.59 4.04
0 96.18 8.93 2.41
0 96.52 6.94 1.95
0 96.24 9.63 2.66
0 95.52 14.64 3.46
0 95.29 15.7 3.47
0 95.67 13.68 1.85
14.85 95.98 12.04 1.52
93.23 96.63 8.61 2.97
22.69 96.64 5.1 2.67
1.78 96.4 4.72 2.76
1.84 96.02 4.57 2.02
0 95.89 6.17 2.98
0.01 96.5 4.2 1.35
21.49 96.53 6.25 1.93
0.1 96.87 4.62 1.75
0 96.68 5.01 1.76
2.47 95.99 7.99 1.37
0.05 95.81 8.5 1.47
0 95.47 11.56 2.68
0.01 96.24 6.76 1.93
4.12 96.33 3.9 1.63
0.06 96.31 4.61 1.69
0 96.08 6.66 1.98
0 96.18 7.63 1.47
0 95.53 10.47 1.52
0.04 95.37 11.07 1.82
0 96.25 6.59 4.28
0 96.78 1.55 3.53
0 96.22 5.22 2.32
0 95.3 7.95 2.83
