1.77 93.63 -16.17 1.57
0.1 94.31 -17.87 1.89
25.89 94.07 -18.75 1.88
6.21 94.48 -20.09 3.89
0 94.79 -21.76 2.17
0.01 94.96 -22.01 2.36
0.1 95.04 -19.91 1.73
18.13 94.38 -17.67 1.26
3.63 94.64 -16.86 1.97
0 94.92 -17.17 1.9
0 94.94 -18 3.31
0 94.39 -20.96 4.03
0 94.4 -18.83 3.55
0.99 94.17 -16.43 2.05
0 95.24 -16.36 1.79
0 94.84 -15.24 1.17
0 94.54 -11.05 1.83
0.01 94.44 -7.24 1.67
0 93.96 -2.41 2.55
0.6 95.08 -10.98 4.8
0 95.07 -15.48 4.6
0 94.82 -13.79 5
0 94.3 -10.35 4.32
0 93.72 -11.39 4.66
0 94.67 -11.34 4.35
0 97.8 -7.7 2.99
1.81 93.58 -6.36 2.81
0.09 94.22 -12.35 4.42
0 93.83 -7.57 4.71
0 93.82 -7.47 2.31
0 94.36 -10.15 2.18
0.83 94.47 -12.25 2.32
0 94.53 -15.77 2.57
0 94.48 -14.83 2.74
0 94.45 -14.98 2.41
0 94.74 -15.06 1.63
0.05 94.59 -13.25 2.51
7.51 93.77 -6.04 2.46
0 93.86 -6.66 2.18
0 94.43 -8.63 2.55
0 95.02 -12.17 3.49
0 95.42 -13.32 3.7
0 95.15 -13.12 2.18
0.24 94.54 -11.94 2.18
0 94.96 -12.54 3.14
0 95.11 -14.33 2.25
0 94.66 -12.53 2.07
0.04 94.28 -10.53 3.45
0 94.08 -10.03 2.65
0 93.56 -6.16 1.79
0 93.35 -6.07 2.03
0 93.52 -5.35 1.99
0 93.56 -4.66 2.65
0 92.59 -0.11 2.21
3 92.86 -1.97 2.14
0 93.84 -5.07 2.19
1.47 94.06 -4.73 2.02
10.66 93.72 -5.94 2.06
2.03 94.34 -8.26 2.65
0.5 94.02 -8.37 2.21
2.03 93.91 -5.47 3.78
0 93.95 -3.56 2.9
23.71 93.5 -3.09 2.87
1.88 94.6 -10.62 3.59
0 95.2 -12.32 1.85
0.05 95.4 -12.05 1.93
8.85 95.76 -10.98 2.68
0.03 95.08 -11.32 3.04
0 93.78 -5.6 2.71
1.34 92.72 0.23 3.97
1.99 93.84 -6.17 4.27
0 94.38 -4.04 2.27
36.53 93.86 -1.41 2.3
0.91 93.93 -4.59 5.89
0.02 94.25 -6.23 2.47
0 94.64 -6.95 2.63
0 93.68 -4.1 2.86
0.91 92.36 3.41 2.6
32.29 93 -1.34 4.03
0 93.31 -0.25 2.92
0.22 93.38 2.4 3.82
0 93.99 0.99 2.9
0 94.47 -1.42 2.88
0.2 94.49 -4.45 3.79
0.33 93.98 -3.18 2.55
0.99 94.54 -2.07 2.09
0 94.51 2.25 1.79
0.2 94.29 4.44 2.53
17.62 93.71 7.11 3.23
6.19 93.52 5.42 4.91
0 93.91 0.34 5.31
0 93.95 -1.29 4.31
0 93.54 3.3 3.75
0 93.32 6.87 3.48
5.03 93.88 2.08 2.66
0.03 94.57 0.76 2.68
0 93.99 6.17 3.46
0.83 92.85 10.8 5.47
15.58 93.53 2.21 3.06
0 93.87 2.45 3.34
4.4 93.75 1.78 2.54
37.92 93.71 -0.79 3.65
0.02 94.45 -2.14 4.99
0 94.54 0.39 2.61
0.18 93.9 2.76 2.54
4.99 94.06 3.09 2.04
0 94.07 4.16 2.62
17.57 93.45 9.83 2.79
25.84 93.89 8.2 2.07
1.16 94.24 7.86 2.18
0.56 94.49 8.57 2.31
3 94.27 7.81 2.41
0.59 94.18 6.89 2.39
0 93.77 11.1 3.07
14.39 93.53 11.03 4.28
25.45 93.39 2.79 3.45
6.54 93.01 1.42 3.82
0.32 93.22 3.5 5.84
1.36 93.37 5.89 5.05
2.73 93.56 10.87 2.79
0 93.03 15.99 2.27
0 92.81 17.23 4.19
0.33 93.26 14.9 2.34
5.58 92.75 79.24 2.74
231.1 92.39 10.05 3.55
5.16 92.95 12.59 3.91
31.97 92.89 12.13 2.5
2.78 93.12 14.14 3.06
41.47 92.98 9.69 4.26
13.4 92.87 8.52 2.95
1.45 93.85 9.64 2.7
0 94.08 12.61 1.87
0 94.04 15.31 1.96
8.09 93.7 15.2 2.9
3.54 93.6 18.54 2.33
1.96 93.74 17.7 2.7
20.55 93.27 16.48 2.56
165.63 92.47 11.71 2.79
0.29 92.24 17.37 4.84
0 93 20.61 2.87
0 93.18 22.08 2.57
2.65 93.14 20.74 2.3
0.5 92.79 20.59 2.54
7.32 93.07 16.72 4.39
0.52 93.64 19.64 2.91
0.78 93.97 20.45 2.28
26.53 93.92 17.15 2.02
112.88 93.31 14.76 2.32
39.98 93 16.01 2.42
37.16 93.41 14.93 2.11
16.04 93.99 15.87 1.41
8.86 93.91 16.84 1.74
1.57 94.03 18.15 1.73
0 94.1 20.08 1.76
0.09 93.9 20.77 2.02
0 93.62 21.8 2.09
0 93.6 21.85 2.51
0 93.7 22.45 2.78
0 93.82 22.76 2.89
0 93.92 22.55 2.25
4.84 93.78 19.59 2.17
0.05 93.5 20.04 2.79
2.43 93.2 22.12 2.07
30.82 92.95 21.92 3.05
29.86 92.87 20.36 2.64
0.71 92.78 22.27 2.5
60.14 92.83 22.33 2.05
87.94 92.86 19.55 2.12
14.63 92.97 19.53 1.88
1.84 93.1 21.74 1.89
0.07 93.45 21.95 2.6
0.1 93.06 22.25 1.99
5.15 93.3 20.67 2.16
0 93.46 22.39 1.75
0 93.35 24.3 1.94
0 93.34 24.75 2.42
0 93.26 24.67 2.11
15.71 93.05 22.43 1.83
22.87 92.97 22.68 1.48
0.23 93.01 23.91 1.81
0.44 92.87 25.17 1.56
75.79 92.78 21.77 2.17
1.83 92.8 24.54 1.82
0.34 92.82 26.91 1.89
4.74 92.82 25.98 2.43
0 92.83 25.53 3.27
0.05 92.91 24.79 2.69
9.09 93.15 21.16 2.05
2.18 93.35 22.36 2.2
6.03 93.29 21.27 2.28
82.81 93.1 20.09 2.15
136.1 93.09 19.82 1.79
157.73 93.35 20.08 1.35
7.83 93.61 22 1.66
0 93.56 23.16 2.24
99.09 93.14 21.7 2.3
14.12 92.94 23.88 2.93
8.21 93.18 24.6 2.07
6.22 93.17 25.54 2.54
22.91 93.22 24.36 2.31
126.46 93.11 23.42 1.7
1.24 93.35 24.23 1.73
1.84 93.47 25.5 1.77
3.02 93.52 26.19 1.6
15.02 93.65 26.86 1.69
1.29 93.54 27.18 2.1
10.62 93.46 25.93 1.91
12.7 93.08 25.65 2.18
148.08 92.66 26.11 2.57
8.97 92.58 23.92 1.59
44.99 92.65 25.75 1.52
134.14 92.94 22.15 1.92
0 93.54 20.99 2.06
0.17 93.43 21.77 1.99
22.86 92.77 23.32 2.46
72.01 92.97 22.57 1.83
80.39 93.4 20.5 3.34
0 94.07 19.38 1.6
43.44 93.67 18.77 1.81
96.98 92.98 21.31 2.5
35.33 93.08 21.38 2.34
0 93.3 20.61 1.91
0 93.05 23.05 2.27
12.91 92.77 24.13 2.05
3.72 92.68 24.73 2.32
20.31 92.6 22.25 3.37
0 93.09 20.64 2.75
0 93.39 21.58 1.75
17.53 93.4 21.23 2.4
29.15 93.55 21.55 2.18
115.59 93.73 21.38 2.08
0.95 94.02 21.53 2.06
172.87 93.92 18.25 1.69
41.89 93.88 18.82 1.88
1.98 93.89 18.89 1.75
0 93.82 20.83 1.89
0.48 94.03 20.83 1.66
5.1 94.21 20.35 1.76
0 93.95 19.77 1.95
1.19 93.72 19.9 1.63
19.92 93.37 19.9 1.89
5.33 93.47 19.82 1.59
1.68 93.54 20.34 2.03
10.5 94.01 19.27 1.6
2.29 94.13 20.11 1.63
0.03 93.98 19.11 1.52
0 93.73 19.24 1.77
0 93.57 21.2 1.82
0.5 93.76 22.03 2.07
0 94.2 18.21 1.93
0 94.05 17.92 1.49
11.15 93.65 18.42 1.58
15.5 93.36 18.24 2.06
0.18 93.57 18.93 1.61
0 93.71 19.88 1.47
15.53 93.79 21.04 1.59
0 93.88 21.05 1.87
13.57 93.68 19.35 2.12
116.6 93.92 14.71 2.21
241.96 93.99 9.7 2.01
167.15 93.92 12.91 1.57
0 93.71 15.92 1.55
69.29 93.91 13.79 2.18
188.44 94.53 8.93 2.81
0 94.45 9.39 2.84
0 94.22 11.59 1.94
5.1 93.98 13.39 1.82
18.04 93.75 13.58 2.39
0.33 93.92 11 2.54
0 93.92 9.23 4.7
0 94.69 7.72 2.39
0 94.29 8.95 1.6
0.03 94.03 13.59 2.34
6.07 94.27 12.31 1.65
249.94 93.98 8.19 2.46
40.02 94 8.39 3.18
0 94.1 9.28 2.1
0 93.76 12.49 2.06
0 93.66 15.11 2.45
0 93.8 15.9 2.64
0 93.76 15.53 2.12
0 93.33 14.91 2.54
104.77 93.77 9.86 1.95
168.28 94.21 5.23 2.44
0 94.35 7.26 1.98
0 93.96 8.75 2.39
0 94.14 7.18 3.12
0 93.67 6.72 3.5
0 94.33 2.69 2.77
0 94.89 0.82 1.39
23.57 94.79 0.72 1.63
35.92 94.86 0.89 1.27
0 94.78 1.78 1.57
0 94.28 4.18 1.37
0 94.05 7.68 1.43
8.21 94.19 7.93 2.09
13.94 94.68 2.88 3.46
0 95.06 -0.79 4.3
0 95.68 -2.49 2.25
0 94.91 -0.49 2.09
0 94.8 3.21 2.14
0 94.79 4.53 1.9
0 94.85 4.74 1.89
0 94.68 4.69 2.27
0 95.14 1.04 3.02
0 94.71 0.88 2.19
0 94.33 3.84 2.1
0 94.4 3.65 1.76
0 94.12 5.62 1.99
0 93.82 5.76 1.74
3.98 93.97 2.8 3.26
1.41 94.44 -0.88 3.52
0 94.08 -2.53 1.53
0 93.67 -0.59 1.67
20.35 93.2 0.23 3.92
4.43 93.56 -1.74 2.41
0.83 94.58 -3.13 4.01
0 95.51 -6.39 2.86
0.2 94.88 -4.63 2.66
0 94.24 -1.42 1.86
0 94.16 -0.4 1.97
0 93.86 2.83 2.92
0 93.38 1.94 2.36
0 93.16 3.65 2.28
1.81 93.36 0.33 5.31
0 94.04 -4.29 2.31
0 93.86 -3.59 2.01
0.09 94.18 -4.2 4.64
0 94.39 -8.04 2.64
1.13 93.55 -7.52 2.87
0 93.97 -8.57 5.8
0.43 94.03 -7.96 2.26
0.22 93.91 -6.34 1.56
0 93.62 -3.57 2.43
0.04 93.2 -2.34 2.17
0.22 93.83 -7.72 4.18
0 93.88 -7.83 2.11
0 92.99 -0.25 2.41
0 94.25 -3.92 3.97
0 94.8 -7.4 3.77
0 93.51 -6.73 2.93
0 93.47 -7.74 2.29
0 92.94 -5.87 2.12
2.26 92.88 -8.87 4.44
0 93.77 -12.95 2.3
1.62 94.01 -12.97 2.29
0.06 94.83 -16.38 3.07
0 94.82 -17.61 4.66
0 94.56 -16.76 5.01
0 93.27 -9.86 4.18
0 93.12 -7.5 2.5
0 93.18 -5.57 2.46
0 93.45 -3.97 3.53
0 93.67 -2.84 2.28
0 93.36 -7.13 1.5
0.75 93.93 -10.33 3.46
0 95.15 -17.93 4.43
0 95.15 -17.2 3.66
0 94.28 -16.26 3.32
0 93.26 -13.04 3.53
0 92.92 -10.29 3.01
0 93.54 -13.4 3.6
2.44 93.74 -13.44 2.72
0.16 94 -14.65 4.92
0.22 94.54 -14.09 4.97
0 95 -13.68 3.33
0 95.12 -13.79 2.78
0 94.71 -13.43 1.61
0.09 94.35 -13.8 2.41
0.16 94.59 -13.3 4.4
0 95.2 -13.17 3.79
0.08 94.53 -10.98 2.18
1.11 94.35 -11.47 3.77
0 94.91 -15.27 4.29
0 94.18 -12.65 3.21
0 93.72 -13.77 4.24
0 93.83 -13.95 2.22
0.04 93.84 -12.79 2.89
0.16 94.82 -16.28 3.38
0 95.25 -18.51 3.94
0 95.05 -16.94 2.27
0 94.92 -16.06 2.83
0 94.65 -16.3 3.39
0 94.61 -15.78 3.78
0 94.53 -14.43 2.67
0 94.33 -14.16 2.32
0 94.33 -15.02 3.33
0.24 94.59 -15.49 3.87
0.09 94.71 -15.62 2.21
0.06 94.89 -16.1 2.85
0 95.3 -16.24 2.14
0 95.59 -15.18 2.82
0.12 95.15 -15.55 3.09
0 94.89 -16.11 3.63
0 94.73 -12.42 3.84
0 94.39 -6.27 3.47
0 94.03 -7.27 2.42
0 93.92 -9.54 2
0 93.8 -7.99 2.34
0 93.99 -6.87 2.1
0.16 93.26 -5.87 3.19
0.02 93.79 -4.88 2.79
0 93.4 -7.25 2.16
0.85 93.57 -7.67 3.13
0.13 94.34 -10.67 1.91
2.47 94.32 -9.76 1.4
1.26 94.63 -13.76 3.83
0 94.72 -13.54 2.39
0.42 94.61 -12.2 2.23
0.19 94.62 -13.03 1.96
0 94.02 -6.77 2.72
2.41 93.9 -6.14 1.64
1.97 94.33 -5.97 2.63
0 94.34 -6.05 2.19
0 94.23 -2.35 2.02
0 94.48 -2.47 1.64
0 94.14 -0.81 1.95
0 93.66 0.58 3
1.58 93.45 -0.7 2.15
0.2 94.15 -4.62 3.22
0 94.72 -4.99 2.04
25.34 94.21 -3.82 3.71
1.34 94.83 -8.91 2.97
0.18 94.47 -8.33 3.24
0 94.19 -7.89 3.27
0 94.18 -8.03 2.84
0 94.32 -5.39 3.14
0 93.99 -2.75 2.11
0.55 93.48 0.4 2.46
0 94.29 -2.37 3.72
0 94.05 -2.48 4.39
0 94.07 -4.38 4.44
0 94.42 -2.63 3.73
0 94.16 -1.26 3.29
0 93.53 0.93 2.74
0 92.85 5.25 2.04
0.12 93.6 1.38 4.66
0 94.68 -2.8 4.76
0 94.37 -5.34 4.78
0 94.12 -3.8 3.02
0 93.56 2.16 3.17
0 93.24 3.24 5.21
0 93.6 0.67 3.38
0 93.71 -0.31 2.35
0.89 94.37 -4.12 4.34
0 94.48 -3.54 3.06
0 94.21 -2.95 2.68
0 94.38 -2.69 4.24
0 97.34 -1.17 2.55
0 97.31 0.29 2.84
0 97.16 2.4 2.8
0 97.39 2.18 1.81
0 97.17 5.92 2.72
0 96.81 7.18 2.07
0 96.45 8.3 3.59
0 97.58 2.05 3.74
0 97.56 1.81 2.16
0 97.18 4.94 2.37
0 97.06 6.59 1.66
0 94.06 8.32 3.22
0.17 93.36 9.67 4.72
3.44 93.74 6.99 4.57
0 93.7 6.89 3.85
0 93.51 7.74 3.38
1.35 94.2 4.65 3.22
0 93.92 8.02 3.14
0 93.35 12.36 2.81
0 93.39 12.55 1.96
0.04 92.74 14.48 3.45
0 93.48 10.06 4.26
0 93.25 11.34 3.75
1.74 93.3 7.48 6.55
0.45 93.87 6.84 4.35
0 93.69 9.4 2.19
0 93.18 12.38 3.44
47.69 93.82 7.47 2.34
1.92 93.73 6.42 2.33
6.31 93.48 5.82 3.14
3.09 93.1 6.17 3.8
0.08 92.62 8.37 2
16.77 92.68 8.63 2.62
1.4 93.29 7.63 2.74
0 92.84 9.77 1.96
63.5 92.24 8.25 1.81
4.65 92.22 8.94 2.95
1.14 93.16 12.55 3.58
0.34 93.39 10.28 3.67
0 93.69 11.96 2.52
9.51 93.2 11.02 2.94
110.37 92.45 8.9 3.17
0.83 92.53 10.11 3.5
0.01 93.03 12.8 2.77
2.94 93.02 13.83 3.79
19.25 92.88 15.16 2.94
0 93.09 16.83 2.24
0.4 92.83 14.44 5.28
4.45 92.82 11.41 6.41
0 93 14.15 5.95
0 93.04 15.45 4.25
0 93.53 13.14 3.4
0 93.48 14.01 2.48
0.09 92.39 17.72 2.68
11.87 92.3 16.88 3.62
7.32 93.31 12.77 2.95
1.05 93.48 11.36 3.32
2.54 93.37 12.1 4.62
0 93.23 16.43 3.15
0 93.35 17.68 2.75
0 93.48 19.52 2.89
16.57 93.41 18.75 3.51
21.26 93.32 17.36 4.19
0.03 93.2 18.76 2.77
1.22 93.02 22.07 4.31
34.27 93.1 20.4 2.31
36.26 92.7 17.75 3.34
9.03 92.62 16.38 2.99
0.1 93.04 18.57 2.89
3.83 92.8 18.91 3.96
3.57 92.9 17.96 3.88
0.2 93.13 18.76 2.31
7.85 93.02 21.45 2.37
10.72 92.43 22.6 2.85
29.78 92.16 20.41 2.39
18.43 92.39 21.05 2.76
0 92.77 21.04 2.65
54.77 92.68 19.67 2.17
121.22 92.87 15.85 2.13
6.83 93.07 19.02 1.95
5.75 93.07 20.62 2.01
37.26 92.84 20.33 2.27
118.98 92.82 18.5 2.09
94.86 93.03 17.42 1.84
0.91 93.22 20.32 1.94
0 93.15 23.25 1.85
0 93.02 24.95 2.16
0.07 92.78 25.98 2.58
0 92.7 25.55 2.61
27.46 92.42 21.69 2.3
124.28 92.61 16.52 2.26
3.08 93.33 18.65 2.34
0 93.67 20.03 1.8
4.43 93.12 20.97 2.52
6.4 92.45 21.92 2.13
4.33 92.63 23.86 2.45
0.02 92.76 23.99 3.19
37.66 92.69 23.01 2.4
56.4 92.77 21.59 1.87
0.52 92.68 22.41 2.38
0 92.81 23.16 2.47
0 92.94 24.33 2.11
114.28 92.45 21.78 2.55
0.93 92.17 23.59 3.09
73.93 92.21 17.45 2.09
27.68 92.3 17.8 2.9
10.54 92.95 20.72 1.96
14.4 93.13 21.91 2.09
22.78 93.18 23.02 2.3
13.37 93.2 22.58 2.19
7.19 93.01 23.4 1.69
27.62 93.09 22.06 1.85
38.45 93.07 21.86 1.72
28.22 92.95 21.59 1.76
17.52 92.98 20.87 1.68
110.4 93.04 21.46 1.61
133.84 92.91 20.49 1.5
71.49 92.81 20.76 1.57
75.02 92.75 21.38 1.81
21.87 92.75 22.81 1.72
0.13 92.82 24.94 1.74
119 92.79 24.8 2.59
531.64 92.58 21.25 2.11
80.93 92.56 22.11 2.25
16.27 92.73 22.24 2.31
0.4 92.99 23.77 1.66
50.45 93.15 20.76 1.67
82.42 92.77 21.15 1.79
0.12 92.87 22.7 1.83
0.24 93.02 23.28 2.22
0.91 93.32 22.24 1.94
0.04 92.93 22.76 2.13
0 92.92 23.58 2.03
0.16 93.12 23.35 1.63
16.53 93.09 22.71 1.76
9.37 93.1 23.07 1.84
7.52 92.77 23.66 1.97
9.86 92.92 24.59 1.93
0 93.3 24.17 1.68
0 93.13 24.88 1.63
0 92.85 25.22 1.86
8.62 92.61 24.49 1.82
123.85 92.91 21.21 1.56
229.63 92.96 19.46 1.57
15.35 93.02 21.19 1.71
7.91 93.19 20.29 1.49
0.09 93.46 20.68 1.78
0.12 93.6 21.09 1.56
0 93.59 22.35 1.57
2.14 93.48 22.09 1.9
8.85 93.63 20.48 1.8
0 93.63 20.1 1.63
95.7 93.61 19.69 1.42
11.55 93.82 19.31 1.78
1.37 93.91 20.25 1.62
12.12 93.71 19.22 1.75
5.57 93.4 19.93 1.6
0.71 93.33 20.95 1.66
0 93.28 22.3 1.58
19.49 93.06 21.35 2.77
2.22 93.51 18.53 2.06
0 93.36 18.66 1.83
21.82 93.79 17.12 2.01
1.26 93.77 17.91 1.64
0 93.8 17.84 1.55
0 93.37 18.55 1.6
9.53 93.05 17.25 2.66
5.07 93.62 12.66 2.07
0.3 94.21 12.24 2.26
7.03 94.43 12.44 1.93
6.64 93.94 15.64 1.76
2.07 93.67 15.44 2.16
0.11 93.28 18.71 2.82
11.34 93.31 16.98 2.08
28.23 93.49 14.88 1.8
50.83 93.86 12.35 2.64
0 94.25 8.83 2.35
0 94.69 8.74 2.25
0 94.51 9.61 1.66
0 94.18 11.04 1.82
0 93.81 12.45 2.01
0 93.9 13.29 2.04
0 93.79 13.38 1.98
0 93.55 15.71 2.75
0.03 93.84 15.77 2.03
0.94 93.95 16.61 2.39
0.16 93.77 16.93 2.1
10.88 93.62 14.12 1.85
0.13 94.07 8.5 3.54
0 94.53 6.36 2.51
0 94.61 6.06 2.74
0 95.07 6.71 2.62
0 94.72 7.65 2.03
0 94.05 9.22 2.11
0 93.53 10.63 3.36
0 94.05 8.73 1.8
0 94.02 9.34 1.53
0 93.82 12.36 1.96
0.17 94.21 12.39 2.35
0 94.69 8.92 1.59
0 94.46 10.89 1.76
0 93.88 12.49 1.62
59.79 93.32 9.96 1.7
3.47 93.23 7.58 2.21
3.42 92.92 7.1 3.05
3.13 93.41 7.71 3.98
0 94.31 4.83 2.3
0 94.4 7.2 1.43
0 94.19 9.2 1.92
0.09 94.03 12.57 2.53
0 94 12.46 1.82
1.54 93.9 10.17 1.84
49.2 94.39 4.09 3.23
0.01 94.76 1.24 3.21
0 94.77 2.96 1.81
0 94.33 4.53 1.65
4.58 94.2 5.42 2.26
0 94.45 4.92 1.45
0 94.11 5.29 1.69
0 93.94 7.22 2.25
0 94.12 9.16 2.78
7.57 94.34 9.4 2.54
0.04 94.86 4.1 1.7
4.37 94.57 7.39 1.58
3.67 94.37 8.41 2.54
0.19 94.95 2.95 2.55
0.34 94.83 1.54 1.28
0 94.81 2.74 1.93
0 94.77 2.78 1.74
0 94.57 1.35 1.37
0 93.96 1.1 1.45
0 93.38 2.32 1.93
0 93.67 3.8 3.7
0.04 94.38 -2.94 2.49
0 94.44 -4.44 1.84
0 94.49 -3.18 1.71
0 94.68 -0.07 1.86
37.86 94.09 1.75 1.31
4.48 93.86 -0.61 2.45
2.59 94.12 -5.59 3.96
0 94.6 -7.76 2.38
0 94.59 -5.54 1.87
12.06 94.17 -5.46 3.03
0.14 94.82 -9.09 2.94
0 94.47 -8.94 1.29
0.55 94.47 -7.13 1.68
0.48 93.9 -2.32 1.69
0 93.96 -2.74 1.56
0 94.7 -4.34 2.3
0 95.21 -8.21 1.58
0 95.51 -8.98 2.11
0.52 94.81 -8.47 1.28
0.21 94.1 -5.78 1.3
0 94.32 -8.23 1.84
0 94.62 -9.34 1.06
1.51 94.81 -8.37 1.14
1.58 94.82 -5.36 1.17
1.89 95.11 -8.54 3.18
0.16 95.43 -12.96 4.14
0 95.09 -13.01 3.44
0.04 94.31 -8.41 4.05
0 94.32 -4.93 3.05
0 94.7 -7.99 1.76
0.04 94.05 -6.05 2.98
0 94.77 -11.18 4.21
0 94.96 -14.63 3.41
0 95.11 -14.36 3.46
0 94.85 -12.64 2.55
0 94.9 -12.17 2.12
0 94.76 -12.53 1.58
0 94.47 -11.99 2.14
0 94.44 -10.91 4
0 94.63 -12.73 2.87
0 94.18 -11.49 2.94
0 94.32 -13.35 2.37
0 94.81 -13.11 1.95
0 95.07 -12.79 1.92
0 94.64 -10.01 1.81
0 94.93 -11.38 1.65
0 95.23 -14.75 1.34
0.27 94.77 -12.53 1.4
0.04 94.58 -10.65 2.42
0.13 94.93 -12.3 1.99
0.74 94.39 -12.51 3.23
0.25 94.59 -14.08 4.19
0 94.78 -13.35 3.1
0 94.54 -12.58 1.98
0 95.28 -15.47 1.52
0.34 95.21 -15.61 1.36
0 94.83 -13.28 1.94
0 94.78 -13.8 1.58
0.39 94.86 -13.71 3.37
0 94.94 -13.64 3.04
0 94.13 -10.08 2.69
0 94.35 -10.82 2.23
0 94.27 -10.43 2.09
0 93.98 -11.62 1.45
0.43 93.78 -10.53 1.33
0.67 93.97 -12.16 1.19
0 94.17 -11.83 1.54
0 94.59 -11.84 1.63
0.08 95.23 -15 3.35
0 95.12 -18.83 3.48
0 94.78 -19.04 3.01
0 94.26 -17.81 2.49
0 94.14 -17.25 3.19
0 93.75 -15.61 2.81
0 93.83 -14.46 2.04
0 94.31 -15.61 1.73
0 94.56 -15.6 2.22
0 94.94 -16.84 2.28
0.11 94.55 -17.85 1.94
0.37 94.14 -17.15 3.77
0 94.93 -18.71 4.34
0 94.94 -17.17 3.56
0 94 -14.38 3.49
0 94.06 -12.13 2.31
0.22 93.51 -9.39 2.47
0.16 94.15 -14.56 5.29
0 94.36 -17.16 4.85
0 93.95 -14.09 4.98
0 94.07 -12.17 3.13
0 94.38 -12.19 3.05
0 94.42 -11.97 2.21
0 94.15 -10.3 2.19
0.15 93.9 -6.31 2.08
0.2 94.45 -10.27 3.51
0 94.41 -12.15 3.25
0.24 94.47 -12.77 3.3
0 94.62 -13.98 4.63
0 94.53 -11.64 3.56
0 93.94 -7.71 2.71
0 93.94 -8.73 1.89
0 93.72 -8.8 1.71
9.85 93.4 -7.16 2.37
0 94.32 -7.97 2.74
3.11 94.18 -6.64 2.59
0.02 94.65 -9.68 3.18
0 94.57 -8.99 2.27
0 94.07 -7.21 2.23
0 93.7 -3.93 2.42
0 93.85 -1.62 1.96
6.58 94.34 -4.26 1.72
1.44 94.51 -6.98 1.79
1.41 94.48 -5.89 1.82
0.25 93.91 -2.88 1.85
24.72 93.19 -3.99 1.69
16.48 93.32 -4.62 2.99
0.2 93.96 -5.51 3.79
0 94.63 -9.42 3.5
0 94.29 -8.77 2.19
1.26 94.29 -9.05 4.84
0 94.73 -8.95 3.96
0 94.37 -6.98 1.94
0 93.77 -3.16 3.41
0 94.27 -2.14 2.53
0 93.92 0.98 3.05
5.58 93.05 4.24 3.6
11.67 93.57 -3.07 3.2
13.25 94.46 -8.02 2.78
0 94.26 -3.37 2.03
0 94.21 -1.4 1.98
0 93.66 3 3.09
0 94.09 2.25 2.09
12.19 93.34 0.85 4.25
0 93.76 -1.1 5.63
0 94.17 -0.19 3.04
0 93.88 3.86 2.68
0 94.12 6.97 3.31
0 94.24 7.99 3.08
1.42 93.33 8.38 6.87
3.98 93.89 0.06 4.74
2.44 93.87 -1.47 4.17
0 93.75 0 2.22
3.44 93.71 1.25 2.86
0 93.42 3.59 4.06
0 93.25 4.22 5.44
0 93.51 3.02 4.59
0.47 93.81 4.14 2.8
0 93.42 8.81 3.79
0 93.54 9.38 4.65
0 93.37 11.97 3
8.31 93.16 12.2 4.43
4.47 93.52 6.79 4.56
0 92.98 10.97 3.44
0 92.83 12.92 3.39
0 92.8 14.21 3.34
1.03 93.37 8.92 3.13
0 93.68 8.44 2.7
0 92.84 14.43 3.83
0 92.88 16.47 4.04
5.01 93.22 14.08 3.86
20.2 93.72 12.22 3.05
2.63 93.17 11.8 1.91
0.19 92.53 13.61 2.08
1.07 92.54 16.78 3.5
192.65 92.99 11.84 2.36
41.17 92.97 8.51 4.39
0 92.34 9.96 3.44
0.56 92.14 10.16 7.09
0 93.27 8.86 3.38
0 93.24 12.08 2.79
0.2 93.05 16.1 2.86
3.5 93.53 16.22 2.72
31.3 93.11 17.11 2.48
0 93.19 19.46 2.3
0.95 93.28 19.07 2.78
0 93.37 17.2 3.18
0 92.97 17.58 2.25
0.79 92.97 16.69 1.75
0 93.23 17.3 2.03
0.43 93.49 18.25 2.58
2.49 93.63 19.34 2.23
93.56 93.59 14.21 2.14
16.56 93.21 12.74 3.58
17.5 92.94 10.77 3.18
3.32 92.93 10.97 4.26
0.08 92.69 11.02 3.07
3.59 92.48 12.6 4.77
0.03 92.86 16.23 1.94
0 92.84 20.87 3.35
9.03 93.35 18.54 2.9
13.71 93.67 17.66 2.33
0.68 93.54 19.04 3.47
1.68 93.3 18.52 4.02
2.42 93.4 15.74 3.08
0 93.41 15.7 3.07
0 93.21 16.56 2.46
0 92.86 18.93 2.43
0 93.22 19.93 2.13
0 93.43 22.38 2.66
43.16 93.47 18 2.93
28.71 93.85 13.84 2.59
1.04 93.91 15.46 2.35
45.51 93.44 15.71 3.04
14.97 93.25 15.54 2.8
72.87 92.97 15.34 2.52
31.28 92.76 17.96 3.13
0.94 92.94 19.68 2.1
9.19 92.54 19.38 2.39
13.04 92.41 20.72 2.09
20.18 92.41 21.28 2.19
62.54 92.28 19.25 3.13
8.83 92.39 16.31 3.28
6.57 92.09 15.56 3.13
18.67 92.2 15.32 2.27
186.89 92.71 12.95 1.85
233.83 93 13.69 2.06
108.04 93.05 15.54 2.63
8.51 92.9 18.62 1.82
8.07 92.79 21.21 1.79
6.76 92.9 21.67 1.89
11.88 92.67 21.85 1.73
77.02 92.73 21.59 1.91
12.23 92.9 21.56 1.58
100.93 92.86 20.83 1.97
0.92 92.63 21.97 2.51
119.63 92.63 21.19 2.48
53.78 92.97 20.3 2.37
41.49 93.38 21.32 2.13
7.56 93.54 21.74 1.9
5.32 93.25 19.57 2.27
48.53 92.86 20.47 2.36
0 92.76 22.72 2.11
1.81 92.41 23.29 3.6
2.98 92.42 21.66 3.09
0.51 92.36 22.12 2.43
0.06 92.68 22.63 2.02
7.02 92.82 22.24 1.98
5.52 92.73 22.69 1.62
69.6 92.7 22.63 1.94
19.5 92.71 23.84 2.02
31.67 92.74 24.25 1.69
121.13 92.34 21.48 1.89
92.66 92.13 19.36 2.08
64.07 92.53 19.38 2.4
7.66 93.01 20.98 2.2
0 93.02 20.69 1.74
0 93.06 22.04 1.67
0 93.3 24 1.51
0 93.39 24.05 2.11
0.09 93.22 23.79 2.11
15.18 93.09 24.23 1.6
19.87 93.01 24.13 1.72
164.32 92.94 22.26 1.68
408.76 92.57 21.61 3.55
0 93.04 22.43 1.84
0 93.24 23.13 1.88
20.68 93.16 22.78 2.2
50.6 92.81 24.33 3.1
4.34 93.14 22.99 1.94
182.33 92.66 22.73 2.8
29.4 92.48 22.44 3.51
0.95 93.02 20.98 1.77
122.36 93.27 19.02 1.66
147.36 93.41 18.52 1.81
79.92 93.35 20.18 1.63
16.99 93.38 22.15 1.67
86.33 93.44 22.43 1.67
0 93.65 22.88 1.61
0 93.48 23.67 1.65
0 93.13 24.83 2.11
9.78 93.06 23.98 1.8
2.8 93.3 22.71 1.51
0 93.17 22.8 1.9
39.31 93.19 20.19 1.95
25.21 93.21 18.64 2.04
3.16 93.39 19.32 1.8
17.12 93.06 17.84 1.85
7.46 93.15 20.2 1.68
0 93.46 21.08 2.18
0.07 93.07 22.38 2.59
37.1 93.12 21.93 2.19
1.94 93.16 20.37 2.01
10.36 93.19 19.07 2.63
4.42 93.74 15.63 2.29
0.04 93.86 15.53 2.19
0 93.65 18.97 2.44
0 93.6 20.77 2.07
1.06 93.47 20.59 2.07
10.95 93.48 20.84 1.77
14.7 93.37 20.65 1.89
2.43 92.94 22.17 1.88
1.12 93.1 22.69 2.41
0 93.34 23.48 2.05
0 93.47 23.34 2.33
4.21 93.5 22.67 2.07
285.76 93.39 15.59 2.91
20.95 93.74 13.12 2.69
0.3 93.79 12.47 2.23
1.4 93.9 15 2.34
0 93.86 17.62 2.16
29.25 93.92 17.15 1.87
1.03 93.83 17.12 1.54
0 93.79 18.4 1.39
0 93.72 19.46 1.68
39.45 93.39 17.72 1.97
68.73 93.43 12.51 3.58
2.81 93.54 11.02 2.33
0 93.92 12.38 1.8
0.07 94.35 13.11 1.33
0 94.43 13.29 1.47
0 93.83 13.97 2.26
0 93.38 14.78 2.32
0.23 93.34 14.86 1.81
0 93.58 16.11 1.82
9.99 93.49 16.46 1.95
2.17 93.5 16.33 1.5
5.72 93.79 15.25 1.48
1.64 94.07 15.09 1.82
48.79 93.97 14.01 1.68
2.46 94.22 13.73 1.56
56.99 93.87 10.45 2.14
28.81 93.93 9.77 5.71
0.82 94.04 10.62 3.15
0 94.02 10.68 1.8
0 93.86 11.72 1.78
1.37 93.67 13.18 2.16
1.14 93.53 11.92 3.14
0 93.67 12.06 2.44
0 94.15 10.43 1.8
0 94.57 10.99 1.47
0 94.44 12.06 1.68
0 93.95 14.08 2.22
21.58 93.57 11.29 3.19
0 94.02 7.27 2.32
0.22 93.63 8.91 2.16
0 93.48 11.11 2.39
0.1 93.85 7.22 4.5
0 94.23 6.02 2.42
0.08 94.3 6.38 1.92
52.39 93.76 7.18 4.15
0 93.75 3.49 3.2
0 93.84 4.16 2.3
0 93.69 6.51 2.12
0 94.06 5.95 1.99
83.67 94.26 2.39 1.28
49.17 93.77 2.97 2.16
0 93.52 5.51 1.96
0 93.28 7.57 2.49
0 93.86 7.7 2.02
0 93.91 8.9 1.93
4.9 93.82 9.13 3.22
0 94.61 3.04 1.78
1.09 94.51 0.59 2.44
0.12 94.16 -0.47 3.07
0.03 93.97 -0.65 2.35
0 93.92 1.95 1.57
0 94.08 1.4 2.12
22.29 94.07 2.34 2.02
169.21 93.76 -0.53 86.86
31.99 94.08 -0.78 3.06
0 94.09 -2.65 1.37
0 93.82 -1.01 2.14
0 93.97 -1.19 1.63
0 94.38 -1.67 1.49
51.12 94.09 -1.47 1.55
72 93 -3.59 5.41
0.18 93.4 -5.21 4.05
0 93.46 -6.93 4.57
0 94.2 -6.05 2.61
0 94.45 -6.3 1.43
19.97 93.93 -3.09 2.03
0 93.83 -6.05 84.5
0.01 93.57 -5.24 3.15
0.09 94.12 -4.12 2.99
0 94.15 -5.95 1.37
0 93.83 -4.19 1.47
9.89 94.27 -5.65 2.76
0 94.23 -7.77 2.54
0 93.68 -6.16 2.11
0 93.69 -4.9 3.96
0 93.7 -8.52 2.68
0 92.81 -5.48 3.7
0.16 93.59 -7.89 4.38
0.12 94.07 -10.53 2.36
0 94.74 -14.22 2.47
0.58 94.39 -14.28 1.65
0.3 93.4 -6.93 2.5
2.01 93.6 -9.15 4.59
0 93.8 -12.38 1.9
0 93.83 -14.31 3.15
0 93.74 -15.65 2.57
0 93.92 -16.82 2.63
0.08 94.03 -18.19 5.11
0 94.18 -13.64 3.47
0.43 94.6 -13.81 1.52
0.13 94.79 -14.28 1.27
0.24 94.27 -11.73 1.62
0.04 94.31 -9.87 1.15
16.13 94.25 -9.26 1.15
1.68 94.14 -7.43 1.69
1.02 94.47 -11.42 1.74
0 94.91 -13.89 4.08
0 94.98 -15.62 2.52
0.09 94.43 -14.85 1.16
1.01 94.53 -12.6 55.71
10.66 94.56 -11.71 3.11
0.04 94.97 -16.73 3.32
0 94.78 -20.68 3.29
0 94 -19.93 3.9
0 95.05 -19.08 2.82
0 94.83 -19.32 1.37
0 94.25 -14.92 1.26
3.87 94.2 -14.08 1.41
8.79 94.33 -13.93 4.46
0 93.93 -16.07 3.57
0.16 93.39 -16.48 2.13
0 93.77 -19.03 3.64
0 94.97 -20.18 4.31
0 95.51 -18.05 2.44
0 94.58 -18.73 2.12
0 94.39 -15.9 2
0 94.26 -16.7 1.77
0 94.14 -16.19 1.79
0.16 94.55 -17.65 2.49
0 94.39 -16.37 2.14
0 94.22 -16.46 1.42
0.52 93.92 -13.36 1.75
0 93.95 -13.18 1.94
0 93.99 -13.27 1.58
0 94.36 -11.14 1.89
2.14 94.11 -11.76 2.31
0 94.87 -14.85 2.86
0 95.14 -13.22 2.15
0 94.24 -9.39 2.56
0 94.59 -10.46 1.56
12.8 94.61 -9.07 1.2
0.44 94.68 -9.98 2.15
0 94.46 -14.62 1.45
0.12 93.44 -9.9 3.03
0.07 93.94 -14.66 4.38
0 93.96 -16.89 1.6
0.22 94.3 -13.87 1.94
0.09 94.24 -12.19 1.8
0 93.83 -7.64 1.68
0 94.08 -8.04 1.76
0.08 94.03 -6.28 1.7
2.57 93.92 -6.89 1.86
0.64 94.54 -10.45 3.59
0 94.61 -12.22 2.48
2.42 93.64 -10.19 2.51
0 94.37 -10.84 3.06
0.03 93.96 -9.83 2.1
0.63 94.25 -15.71 4.22
0 95.07 -19.09 4.69
0 94.87 -16.99 1.62
0.46 94.09 -13.43 2.6
0 94.66 -14.22 2.48
0.14 94.71 -13.83 2.24
0 94.02 -9.34 386.82
0 93.82 -7.17 2.72
0 94.39 -10.58 2.65
0 94.32 -11.48 1.7
0 93.67 -7.96 2.17
0.11 93.69 -7.43 3.97
0 94.35 -12.61 3.73
0 94.44 -13.41 2.4
0.01 94.4 -12.87 2.22
0 94.32 -9.98 3.17
0 94.55 -8.59 3.27
0 94.48 -6.58 2.13
0 94.49 -6.56 1.93
9.7 94.33 -6.52 1.99
0.28 93.66 -1.81 3.03
0 93.56 -1.34 2.79
0.26 93.1 -3.84 6.03
0 94.79 -9.45 5.03
0 94.78 -6.91 1.93
0 93.81 -2.53 3.11
0 94.09 -0.07 2.51
0 93.51 3.43 2.97
0 93.4 2.76 2.18
0 92.85 3.9 2.21
0 92.64 2.56 2.88
0 92.88 -1.59 6.51
0 94.25 -1.62 2.55
0 93.58 2.48 3.15
20.92 93.46 -1 3.51
0 94.57 -6.1 3.76
0 94.18 -0.56 2.93
0 93.76 3.54 2.49
0 94.09 4.26 2.66
0 92.73 6.52 3.72
2.04 92.73 -2.46 4.19
20.12 93.42 -7.16 2.77
0.72 93.88 -7.12 3.04
0 92.74 0.38 4.76
0 93.62 -2.98 2.78
20.01 93.29 -4.28 3.93
0 94.03 -5.44 2.99
0 93.88 -2.64 1.74
0 93 3.26 3.84
2.82 93.17 0.94 4.28
0 93.96 -1.82 3.51
0 94.11 -2.3 2.39
2.89 94 -0.6 1.85
5.44 93.75 0.67 2.33
63.39 93.87 0.73 2.72
0 93.47 4.32 3.22
0 93.44 4.99 3
29.99 93.52 0.48 2.3
30.92 93.85 -0.6 3.19
0 93.63 -0.52 2.61
1.45 92.77 1.45 2.87
12.16 92.84 -0.04 3.98
3.96 93.78 -0.51 4.01
1.26 93.66 0.22 3.65
0 93.69 1.77 3.84
0 93.25 7 2.71
1.35 92.8 5.67 4.98
0 93.02 2.35 4.67
0 92.61 5 2.55
6.39 92.95 4.34 3.01
40.19 93.25 1.73 432.53
1.57 94.28 0.46 4.42
0 94.26 1.96 2.28
0 93.98 4.48 2.35
0 93.68 7.55 2.17
1.89 93.16 10.25 3.78
38.57 93.16 7.08 2.26
1.26 93.16 6.64 3.49
0.03 93.26 7.91 5.01
0 93.23 9.47 1.89
0 93.19 12.99 2.24
3.88 93.02 11.19 4.14
0.14 93.28 11.25 6.01
0.35 93.71 11.11 5.15
0.25 93.73 10.95 2.23
1.23 93.55 11.97 2.6
9.8 93.79 12.26 2.01
0 93.61 15.68 2.66
0 93.79 18.86 1.87
0 93.7 20.37 2.33
0 93.7 20.41 3
0.61 93.46 20.52 4.04
34.46 93.12 13.85 2.17
17.24 92.34 14.24 4.23
0 91.96 16.2 4.54
0 92.44 15.49 2.7
0 92.51 18.19 3.32
0.55 93.15 15.98 4.73
0 93.95 16.29 2.31
0 93.85 16.89 2.68
1.79 93.25 18.16 3.12
0 92.74 17.99 3.03
9.77 92.16 14.65 5.34
0.01 92.14 16.8 4.12
0 92.45 18.02 2.86
0 93.3 19.46 2.39
2.85 93.17 22.36 3.63
4.65 93.67 17.49 2.22
0 93.3 19.98 2.33
2.21 93.02 20.95 3.47
3.97 92.85 18.58 3.47
1.46 92.7 17.91 3.34
0 92.99 18.4 4.62
0 92.81 22.06 3.19
0.15 92.44 23.47 4.53
0 93.04 18.91 2.49
10.5 92.79 17.6 3.37
0.05 93.02 18.18 3.24
29.21 93.55 16.75 2.44
38.84 93.43 18.09 2.7
11.48 93.24 18.48 2.82
17.16 93.08 20.56 2.47
4.73 92.94 20.81 3.09
69.04 93.32 15.85 2.45
2.03 93.52 16.99 2
20.81 93.24 15.51 2.47
4.29 93.02 16.88 2
0.03 93.06 21.42 3.48
0.79 93.07 23.19 4.14
12.55 93.01 23.23 2.49
168.64 92.95 18.21 2.19
9.22 92.69 20.15 1.99
30.77 92.39 20.31 2.06
0.41 92.77 22.21 2.14
0 93.26 22.53 2.3
0.05 93.4 23.28 2.01
5.81 93.16 21.28 1.56
16.35 92.81 20.78 1.97
68.33 92.65 20.51 2.31
89.35 92.4 20.17 2.25
98.7 92.16 19.22 1.86
37.43 92.3 21.28 2.1
83.97 92.67 20.15 2.52
123.03 92.74 21.26 2.47
55.37 92.68 22.24 2.9
77.45 92.47 21.96 2.07
135.67 92.08 22.15 2.87
0.04 92.1 23.43 3.46
8.41 92.07 22.75 2.33
0.91 92.39 23.39 2.11
7.92 92.56 23.78 2.55
42.05 92.4 24.29 3.29
64.95 92.69 22.94 1.74
56.68 92.88 21.51 1.57
2.02 93.06 21.6 1.5
2.68 93.05 21.68 1.75
17.03 93.05 22.48 1.85
19.22 93.2 22.6 2.05
0.08 93.19 23.85 1.97
301.75 92.46 21.1 2.08
63.56 92.42 21.88 3.17
0 92.92 22.42 2.31
0.77 92.8 22.32 2.39
77.47 92.76 20.91 2.02
3.85 92.95 21.3 1.78
1.84 92.95 22.45 2.11
30.22 92.82 22.37 2.25
11.81 92.44 23.09 1.93
0.92 92.54 23.27 3.14
0.01 92.79 23.43 2.05
0.1 92.8 23.64 1.9
51.99 92.58 21.79 1.45
4.71 92.54 24.28 2.15
0.93 92.5 24.42 1.75
5.86 92.3 24.76 2.1
40.19 92.41 24.67 2.42
32.89 92.67 23.61 2.64
1.54 92.89 24.07 2.44
6.85 92.71 23.99 2.57
73.83 92.4 24.2 2.46
28.22 92.25 23.6 1.74
6.78 92.39 24.79 2.44
44.31 92.67 24.35 2.22
15.89 92.48 24.41 2.19
8.54 92.64 22.78 1.84
7.14 93.01 24.36 1.75
28.47 93.08 24.99 2.41
60.33 92.81 23.78 2.49
11.52 92.84 23.85 2.57
15.5 92.79 24.87 2.16
5.32 92.83 24.2 1.91
310.21 92.31 24.04 1.95
0.13 97.09 23.86 2.83
0 93.31 21.09 2.62
0 93.55 20.52 1.9
14.76 93.47 19.72 1.41
2.69 93.12 22.18 2.28
0.25 93.28 21.02 2.05
0 93.46 20.93 2.02
0.04 93.45 21.53 2
15.57 93.16 20.88 2.02
5.65 93.2 19.09 1.93
3.86 93.13 18.95 1.91
242.97 92.54 18.38 1.72
27.27 92.78 15.02 2.95
0.63 93.48 15.09 2.53
34.75 93.55 15.24 2.34
1.92 93.77 14.91 1.99
6.72 93.93 15.09 1.92
0 94 15.21 1.72
6.71 93.88 15.87 1.46
149.23 93.82 13.73 1.65
23.97 93.89 13.55 1.37
5.08 93.97 15.13 1.68
14.25 93.91 16.67 1.85
12.01 93.46 17.45 1.97
0.15 93.56 16.08 1.9
0 93.6 16.11 2.79
11.21 93.36 19 3
65.14 92.75 18.24 2.87
0.54 93.15 16.85 3.07
0 93.67 12.49 2.01
7.17 93.38 15.1 1.68
9.91 93.87 15.98 1.36
20.94 94.27 15.01 1.48
17.57 93.45 18.58 3.43
0 93.85 16.48 1.57
0.05 93.82 17.39 1.69
1.6 93.68 16.66 2.35
36.67 94.08 11.84 3.28
0 94.29 8 2.58
0 94.13 9.34 2.54
0 93.77 10.99 2.26
0 93.15 15.71 3.34
0 93.22 14.52 2.42
0 94.03 12.83 1.48
2.82 94 13.57 1.9
117.86 94.02 11.19 2.37
0.01 94.15 9.57 2.75
0 93.9 9.26 1.93
0 93.32 15.3 3.25
0 94.21 13.36 1.55
0.09 94.25 14.07 2.61
0.26 94.54 11.37 2.39
1.16 94.03 10.9 1.89
0 93.11 14.29 2.81
17.04 93.18 11.52 4.12
0 93.59 8.93 2.79
0 94.05 9.97 1.97
25.97 94.03 10.15 2.25
2.87 94.86 3.82 3.91
0 94.91 2.63 1.91
0 94.52 5.55 1.53
0 94.53 6.25 1.68
0 94.35 8.96 2.33
17.69 94.53 7.38 1.96
1.16 94.53 5.98 1.99
0 94.35 5.32 1.45
45.36 94.22 4.06 2.27
25.5 94.16 -0.42 2.44
0.01 94.46 3.03 3.88
0.01 94.68 4.34 2.28
0 94.21 3.47 1.69
0 93.7 5.28 2.06
4.12 94.17 4.57 2.16
2.6 94.71 3.13 2.46
0 94.66 2.33 1.45
0 94.73 3.26 1.2
0 94.49 3.79 1.52
1.24 94.02 6.79 2.01
1.36 94.34 5.94 3.06
0 94.65 4.01 1.95
0.12 93.91 4.32 2.19
1.02 93.54 3.85 3.85
0.09 93.86 2.31 2.76
0 93.91 1 2.18
0.08 94.47 1.26 3.74
0 94.5 -2.58 4.58
0 94.54 0.15 2.73
0 94.39 0.81 1.74
0 93.81 0.94 2.56
0 93.59 1.8 3.53
0 93.55 1.5 2.2
0.27 93.73 0.47 3.26
0.09 94.1 -3.99 3.77
0.2 94.32 -4.83 4.68
0 94.19 -4.82 2.99
0 94.21 -3.17 2.27
0 94.4 -3.74 1.55
0 94.19 -0.85 1.73
0 93.89 -0.62 1.99
0.09 93.54 -1.57 2.53
0 93.4 -5.6 3.49
0 93.52 -8.44 3.6
0 93.84 -11.04 6.73
0 94.05 -6.99 3.67
0 93.63 -0.75 3
0 94.18 -3.72 2.29
961.42 93.98 -2.62 2.42
961.42 93.75 -2.77 1.55
961.42 94.02 -0.38 2.14
961.42 93.99 -0.61 2.02
961.42 94.19 -2.66 2.78
961.42 93.77 -3.35 1.3
961.42 93.83 -5.17 1.46
961.54 93.88 -4.84 2.74
961.51 94.05 -6.68 3
961.92 93.56 -8.62 3.17
962.17 93.52 -9.16 2.89
961.42 93.68 -12.17 4.72
961.42 94 -12.33 3.46
961.42 94.39 -10.12 3.23
961.42 94.91 -9.95 1.76
961.42 94.82 -11.04 1.65
962.69 95.06 -13.01 2.32
961.84 94.75 -13.97 2.76
961.63 94.63 -12.95 3.1
961.43 95.03 -12.06 2.43
961.42 95.08 -12.03 1.58
961.42 94.79 -11.43 1.23
961.42 94.91 -10.13 1.44
961.42 94.88 -10.43 1.33
961.66 94.37 -8.95 3.13
961.47 94.84 -11.65 4.28
961.42 94.49 -12.62 2.12
961.42 94.04 -12.18 2.84
961.42 93.36 -7.64 3.42
961.42 93.16 -7.08 3.15
961.42 92.78 -4.01 4.6
961.42 93.18 -4.29 3.34
961.42 93.48 -4.64 2.99
961.42 94.02 -6.5 2.49
962.69 93.9 -8.94 1.65
963.91 94.14 -9.06 1.81
961.45 93.93 -8.33 2.29
961.42 94.41 -8.38 2.65
961.42 94.82 -14.77 2.82
961.42 94.45 -15.08 2.39
961.42 94.47 -13.14 2.13
961.42 94.57 -11.28 2.31
961.42 95.04 -12.8 2.32
961.42 94.75 -13.81 1.7
961.42 94.81 -12.4 1.96
961.42 94.62 -9.52 1.66
966.42 94.57 -9.52 1.36
961.42 94.62 -10.7 2.1
961.42 94.82 -8.82 1.88
961.73 93.91 -7.84 3.62
961.46 94.4 -10.88 4.53
961.42 94.58 -10.88 2.35
961.42 93.92 -7.87 1.83
961.42 93.18 -4.72 2.75
961.42 93.7 -4.44 2.23
961.42 94.53 -9.03 2.98
961.42 94.15 -8.85 3.08
961.42 93.62 -5.7 3.99
961.42 94.14 -7.86 2.99
961.42 92.92 -2.68 4.76
961.42 93.55 -8.04 2.86
961.42 93.64 -7.31 1.55
0.33 93.27 -4.43 1.91
0.03 93.37 -6.03 5
0 94.13 -13.09 4.38
0 94.31 -12.38 2.58
0 94.43 -12.44 1.64
0 94.61 -10.26 1.52
3.37 94.29 -9.87 1.6
8.08 94.42 -12.6 3.13
0 95.03 -15.35 2.79
0 94.84 -15.22 1.86
0 94.3 -13.45 1.77
0 94.86 -13.46 1.89
0 94.84 -12.45 2.08
0.32 94.09 -7.51 2.46
0 94.13 -7.74 2.14
0.05 94.68 -8.3 2.39
0 95.17 -9.37 1.9
5.21 94.74 -9.47 1.68
1.19 94.51 -9.92 1.75
0 94.48 -9.02 1.88
0 94.43 -5.99 1.89
0.27 94.84 -6.8 1.47
0.27 94.72 -4.32 1.24
0 94.37 -1.72 1.64
0 94.23 0.56 1.71
2.19 93.96 1.74 3.1
2.04 94.59 -4.62 3.77
0.24 94.28 -7.34 1.57
0 94.14 -5.77 1.91
1.29 94.07 -5.68 2.25
1.34 94.04 -6.51 1.75
1.1 94.38 -6.35 2.79
0 94.44 -8.12 2.94
0 94.58 -8.31 2.54
0 94.6 -7.39 2.39
0 94.13 -5.61 2.24
0 94.39 -5.48 2.15
0 93.93 -2.84 2.17
0 93.76 -0.02 3.32
0 94.38 -2.46 3.3
0 93.96 -2.59 2.18
0 93.52 1.64 2.92
0 93.22 5.14 2.42
0 93.52 4.3 2.55
0 93.19 6.08 4.62
0 94.2 3.64 2.12
0.34 94.18 2.64 3.82
0 94.5 3.17 3.99
0 93.92 5.6 2.51
0 93.95 6.29 2.96
0 94.19 6.61 2.58
0 93.28 10.7 3.55
0 93.22 10.42 2.32
0.01 93.25 9.9 2.55
0 93.25 9.39 2.79
59.71 93.04 10.65 2.71
12.71 93.5 9.19 2.12
0 93.71 9.82 2.07
1.14 93.75 8.39 2.27
0 93.3 10.34 2.72
0 93.93 7.37 3.39
0 94.37 3.15 4.43
0 93.6 6.8 4.61
0 94.17 5.17 3.56
0 93.63 11.61 3.45
0 93.51 12.5 1.54
0 93.39 13.13 2.36
0 93.53 11.45 3.64
0 94.22 9.34 2.34
7.15 93.87 10.21 2
2.73 93.61 11.03 1.94
0 93.75 12.78 1.72
0 93.72 15.64 3.05
0 94.15 13.2 2.95
0 93.54 12.11 2.39
27.01 93.46 8.07 2.5
0.12 94.13 8.65 2.16
37.77 93.97 7.08 2.42
0.32 93.63 8.56 99.49
0 93.72 10.12 3.09
0 93.41 12.59 2.74
1.8 93.09 14.84 3.28
5.05 93.36 16.52 3.46
2.39 93.84 13.95 3.44
32.22 94.04 10.26 3.02
0 94.3 11.45 2.41
0 94.15 13.02 1.98
0 93.55 14.84 1.79
0 93.05 17.6 2.07
22.6 93.07 14.69 4.42
84.3 93.59 7.3 4.36
7.62 93.23 6.94 4.68
11.6 93.47 4.67 5.14
0.77 93.66 6.74 3.62
0.11 93.05 10.53 2.58
31.35 93.05 8.82 3.47
0.56 93.58 11.27 2.22
73.57 93.78 10.4 2.81
11.06 93.75 11.73 2.13
186.87 92.92 8.39 2.09
38.26 92.15 14.64 3.66
0 92.37 15.21 3.99
0.24 92.67 12.83 3.78
0 92.39 13.31 2.86
0.05 93.15 15.92 2.83
10.98 93.5 14.88 2.24
8.4 93.18 16.53 2.56
60.41 92.81 15.86 2.62
3.19 92.87 16.96 2.59
0.1 92.96 18.65 2.52
0 92.98 21.37 2.67
0.81 93.31 23.17 3.42
69.6 93.12 16.42 2.45
0.95 92.73 15.71 5.11
0 92.22 20.44 3.85
10.2 92.01 17.58 3.54
0.26 92.43 21.14 2.54
0 92.51 23.11 35.45
0.69 93.06 23.94 2.79
0 93.05 26.57 3.37
13.35 93.26 21.95 2.87
0.61 93.38 20.22 2.41
0 93.23 21.67 2.4
0.76 93.03 21.42 2.36
7.77 92.92 22.63 2.45
292.37 93.02 16.01 2.23
82.15 92.89 13.72 2.96
16.9 92.58 15.69 2.9
40.2 92.87 14.94 2.29
64.48 93.26 15.12 1.84
14.12 93.39 18.01 1.79
44.65 93.18 19.56 2.15
22.5 93.21 19.29 1.92
0.12 93.1 20.99 2.11
20.29 92.92 21.42 1.87
70.22 92.68 19.72 2.22
127.75 92.59 19.19 2.04
69.84 92.71 18.39 2.83
6.68 92.95 18.92 1.8
52.13 93.09 18.81 2.02
25.92 93.22 18.08 1.53
111.23 93.31 17.99 1.95
6.69 93.2 20.37 1.82
0.13 92.82 22.07 2.22
20.65 92.63 21.35 2.81
30.34 92.74 20.82 3.23
0.38 93.15 21.16 3.27
1.06 93.08 22.06 2.59
0 93.13 23.26 1.93
0 93.08 23.75 1.94
36.14 92.99 21.63 2.33
88.83 92.68 19.86 2.25
20.84 92.49 22.11 2.08
0.03 92.94 23.79 1.97
1.47 93 24.43 2.73
2.72 92.89 25.11 2.16
14.79 92.66 23.6 2.6
27.1 92.64 22.14 3.77
0 92.84 22.12 2.92
0 92.56 22.72 3.44
10.07 92.63 21.28 2.97
19.2 92.81 20.57 2.57
2.24 92.76 21.51 2.56
12.27 92.79 22.15 1.99
36.84 92.75 22.08 2.48
65.99 92.81 20.91 35.15
15.39 93.02 22.26 34.63
0.25 93.14 25.49 1.86
0.85 93.24 27.88 2.05
15.01 92.85 28.19 3.78
77.39 92.76 23.41 2.6
0.81 93.05 21.44 1.68
0 92.79 23.55 2.48
0.18 93.08 22.19 1.88
0 93.13 22.85 1.66
0.05 93.3 23.72 2.04
28.68 93.21 24.94 2.24
7.35 92.78 25.59 2.84
35.93 92.76 23.76 2.79
75.2 92.93 23.06 1.89
0 93.02 25.01 2.14
0 93 25.65 2.37
6.86 92.87 25.23 2.03
19.08 92.81 24.69 1.91
141.45 93.06 19.51 2.16
0.87 93.07 20.69 2.16
0 93.31 21.1 2.34
0 93.4 20.58 1.6
0.08 93.24 21.35 2.26
80.5 93 20.23 2.18
22.61 92.78 20.25 1.73
0.89 92.99 20.64 2.92
2.39 93.16 19.31 2.05
40.12 93.17 17.58 1.62
8.45 93.08 17.78 1.83
6.36 93.14 18.77 1.99
5.92 93.25 19.42 1.89
3.99 93.38 20.04 1.88
8.94 93.56 20.22 1.62
0.26 93.51 21.65 1.75
4.22 93.23 22.92 2.07
5.79 93.19 23.14 1.79
25.57 93.15 21.61 2.1
65.23 92.99 21.07 1.81
93.27 93.23 18.54 2.39
1.47 93.52 18.49 2.55
0 93.64 19.67 2.14
0 93.73 20.97 1.94
16.57 93.83 19.24 2.21
10.62 93.85 19.49 1.65
1.7 93.8 19.33 1.8
29.3 93.65 18.81 1.82
25.05 93.62 18.45 1.73
236.1 93.53 15.77 2.01
1.13 93.22 16.95 2.09
0 92.93 19.21 2.43
0 93.4 18.07 1.52
0 93.43 19.17 1.78
5.67 93.06 19.59 2.79
0.02 93.33 16.79 2.63
0 93.46 14.91 1.62
0.09 93.72 16.36 1.83
0.4 93.73 17.36 2.06
31.19 93.76 16.31 1.45
2.06 93.59 17.74 2.35
0.1 93.92 14.75 2.7
0 94.02 12.67 2.85
0 94.04 12.12 1.55
0 94.14 14.49 1.39
0 94.12 15.32 2.06
14.43 93.42 14.91 2.33
23.22 93.37 13.93 2.4
0.02 93.94 13.62 1.56
1.99 94.03 15.06 2.21
86.28 94.13 12.21 1.57
17.81 93.91 12.76 1.57
0 93.83 12.8 1.97
48.73 93.23 13.89 3.14
0.09 93.78 12.32 1.96
0.68 93.7 12.51 2.76
29.43 94.4 6.36 3.57
0.06 94.49 5.14 1.67
43.94 93.67 6.59 1.39
21.44 93.53 7.87 1.82
0 93.86 7.79 1.61
133.07 94.03 7.7 1.54
10.23 94.56 7.73 2.47
0 94.38 7.58 2.07
0 93.99 10.64 1.88
0 93.89 12.18 2.16
0 94.06 14.48 1.73
0 94.27 12.8 1.81
2.8 94.24 12.31 2.82
0.55 95.13 7.12 3.25
0 94.68 3.38 1.78
0 93.8 7.22 2.03
0 93.41 7.77 3.93
0 93.87 7.96 2.83
0 93.64 10.35 2.17
0 93.73 11.51 2.08
0 93.43 14.16 3.54
0 94.15 7.58 2.18
0 94.49 4.37 1.85
0 94.06 5.12 1.86
0 93.37 8.97 2.17
0 93.08 11.24 2.36
0 93.29 10.47 2.24
0 94.68 3.61 4.35
0 95.03 1.3 2.03
0 94.5 3.07 1.58
0.28 94.26 6.73 1.63
12.37 94.37 7.19 131.92
5.19 94.09 5.86 1.83
1290.57 93.82 5.45 3.21
1290.88 94 2.78 4
1290.56 93.79 5.18 2.57
1290.56 93.39 5.78 2.8
1290.6 93.76 4.51 3.33
1290.56 94.92 -1.62 2.75
1290.56 94.91 -2.76 1.62
1290.56 94.54 -0.89 2.01
1290.56 94.37 2.01 1.71
1290.56 94.06 2.01 1.69
1290.6 93.72 1.26 3.36
1290.8 94.14 -5.22 5.51
1290.56 94.13 -2.71 2.84
1290.56 94.43 -3.52 1.63
1290.56 94.54 -2.54 1.79
1291.41 94.41 -0.73 2.07
1290.56 94.75 -2.75 1.68
1290.56 94.67 -2.25 1.66
1290.56 93.99 -0.79 2.59
1290.56 93.44 1.55 3.6
1290.56 93.93 -0.99 2.46
1290.56 94.42 -3.65 2.05
1290.66 94.23 -0.83 2.52
1290.56 94.55 -4.34 1.65
1290.56 93.69 -3.76 2.2
1290.56 93.27 97.18 3.78
1290.56 94.28 -4.4 1.95
1290.56 93.84 -3.18 1.59
1290.61 93.71 -2.27 1.89
1290.92 93.87 -3.42 5.45
0 94.42 -12.88 5.57
0 94.14 -12.93 3.3
0 93.93 -12.41 5.51
0 94.05 -11.85 4.72
0 94.16 -11.26 3.64
0 94.27 -10.31 1.67
2.4 94.3 -9.66 2.1
0 94.84 -11.08 1.6
0.25 94.72 -9.19 1.99
3.99 94.15 -6.62 4.56
0.45 94.52 -10.76 2.9
0.13 94.12 -11.09 3.88
0 94.27 -11.84 2.4
0 94.27 -10.55 1.6
1.01 94.28 -10.23 3.89
0 94.34 -13.28 3.7
0.04 94.34 -10.96 2.32
0 94.28 -8.86 2.54
0.85 94.06 -7.86 3.77
0 94.36 -11.62 3.56
0 94.01 -10.84 3.45
0 93.85 -5.04 2.32
0 93.87 -6.02 2.47
0 94.7 -6.51 3.57
0 94.91 -6.43 2.43
0 94.67 -9.77 1.38
0 94.31 -6.8 2.11
0 93.7 -6.67 2.01
0 93.08 -6.09 3.24
0.77 93.72 -7.8 386.69
0.16 94.5 -12.36 4.8
0.64 94.46 -12.59 2.68
0 94.38 -8.84 2.84
0 93.22 -4.98 2.77
0 93.42 -4.34 1.88
0.57 93.79 -4.69 4.34
0 94.3 -8.82 3.12
0 94.59 -10.32 1.6
0 94.53 -9.61 2.02
0 94.43 -7.12 2.55
0.06 94 -6.02 2.79
0 94.95 -8.76 2.17
0 95.09 -9.79 1.74
0 94.69 -8.22 1.55
0 94.74 -9.73 1.36
1.88 94.4 -9.61 1.54
2.57 94.48 -10.67 3.53
0 94.59 -10.62 1.97
3.01 93.52 -6.74 3.07
0.02 94.09 -9.57 2.02
0.24 94.01 -8.88 1.97
0.73 94.53 -9.24 2.22
0 94.01 -9.63 1.84
0 93.57 -6.25 3.03
0 94.33 -7.9 1.96
2.05 94.01 -5.59 1.48
2.74 94.6 -9.55 4.15
0 95.1 -13.11 3.05
0 94.89 -13.33 1.86
0.48 94.4 -10.33 3.08
0 94.99 -12.06 3.27
0 95.26 -11.26 1.72
0 95.03 -10.26 1.8
0 94.85 -9.14 1.48
0.53 94.79 -6.07 2.79
0.32 94.73 -7.76 3.58
0 94.64 -5.28 3.03
0 94.02 -3.62 2.75
0.16 94.76 -11.49 4.91
0 94.88 -13.33 3.11
0 94.23 -8.43 2.47
0 93.56 -4.59 2.12
0.04 93.58 -7.28 3.16
0 93.74 -7.42 2.05
0 93.38 -5.92 2.12
0 93.18 -2.12 1.88
0.03 93.8 -3.28 1.53
6.53 93.65 -2.5 2.67
0.04 94.25 -3.03 3.63
0 94.84 -4.97 2.08
0 94.33 -4.71 2.57
12.33 93.58 -1.93 2.23
22.16 93.12 -3.11 4.99
0.82 93.55 -7.68 5.74
0 93.7 -8.28 2.01
0 93.32 -7.24 1.94
0.32 93.79 -8.18 3.26
0 94.19 -10.17 3.28
0 94.77 -8.15 2.13
9.27 93.91 -4.22 3.99
0 93.59 -2.5 3.17
0.2 93.18 -3.69 2.57
0.1 93.88 -8.12 5.13
0 94.32 -8.01 2.46
0 94.06 -4.71 2.59
0 93.43 -0.53 3.54
0 93.73 -0.57 2.43
4.04 94.27 -3.98 3.6
0 95.08 -10.43 4.85
0 94.47 -5.5 3.33
0 94.07 -4.8 3.51
0 93.6 -4 2.87
0 100.81 93.31 98.82
0 93.7 -0.55 3.35
0 93.38 4.51 3.69
0 93.28 4.7 2.97
0 93.98 2.17 1.98
0 93.35 5.22 2.7
0 93.61 4.62 3.33
0 93.71 4.04 2.89
0 93.71 4.67 4.19
0 94.59 1.09 3.68
0 94.76 1.93 2.56
0 94.92 2.85 1.79
0 94.73 5.91 2.35
0 94.56 10.16 3.45
0 93.75 11.48 3.99
0 93.36 10.78 3.4
0 93.43 9.41 2.87
0 93 13.09 3.14
5.94 93.87 6.51 2.92
0 94.01 4.13 1.88
171.25 92.5 2.12 2.23
0.58 93.27 3.63 2.23
9.25 93.22 5.09 1.99
0.37 93.82 2.51 4.74
0 94.85 -1.79 3.74
0 94.81 -0.92 2.85
0 94.08 3.36 2.61
0.06 93.85 6.06 2.74
0.1 94.02 6.36 2.02
27.94 94.19 5.64 2.63
133.76 94.78 -0.81 3.52
0.32 94.44 2.68 2.3
0 92.93 10.39 2.17
4.03 92.12 12.47 3.84
0.67 92.95 7.56 5.6
0 93 9.92 2.34
0.18 93.28 11.27 2.5
0.01 93.73 9.58 3.26
0.09 93.4 9.96 3.06
0.22 93.28 10.08 2.72
0 93.54 12.86 3.63
0 93.74 13.09 4.81
0 94.02 13.39 2.99
0 93.47 18.59 3.56
0 93.08 21.48 3.44
38.01 92.76 18.03 3.15
11.5 93.33 16.01 2.27
0 93.4 18.19 2.16
0 93.31 19.32 2.92
21.69 93.12 15.05 2.97
14.51 93.14 14.88 2.53
0 93.48 11.48 5.27
0 93.28 12.79 4.29
0 92.77 12.78 4.91
0 93.2 10.85 2.85
0.29 93.19 11.04 4.52
15.49 93.4 6.8 2.38
0 93.77 7.82 1.99
164.63 93.62 6.18 2.46
46.26 92.78 6.02 2.13
10.18 91.63 10.6 3.74
2 91.75 16.55 3.77
2.21 93.02 14.61 4.5
0.03 93.58 14.2 3.5
0 93.03 16.91 3.23
38.18 92.18 17.22 3.14
22.28 92.39 13.21 5.35
3.17 92.84 11.96 5.09
0 93.63 16.69 3.56
0 93.29 19.08 3.18
0 93.12 19.92 2.41
1.12 93.05 20.61 2.34
0.44 92.9 22.17 2.82
1.82 92.8 23.64 3.31
10.41 92.93 22.62 2.47
1.12 92.88 21.85 3.09
8.78 92.61 21.83 3.23
0.55 92.94 19.36 3.4
0 92.97 18.54 2.64
0 92.2 23.32 5.58
4.67 92.65 21.37 2.89
1.69 93.23 18.91 3.97
0 93.45 19.66 2.76
73.55 92.64 16.07 2.92
28.38 92.18 17.83 2.51
29.73 92.67 16.93 2.74
0.23 92.99 17.92 3.02
4.98 92.74 18.41 2.52
10.96 92.7 17.53 2.16
113.59 92.43 15.94 2.41
117.03 92.02 14.74 2.13
55.84 92.08 15.68 1.94
44.06 92.96 16.97 2.24
1.12 93.23 19.68 2.18
17.14 93.07 21.03 1.82
0.31 92.8 21.6 1.82
78.5 92.84 19.13 3.12
8.77 93.01 17.32 3.64
82.67 93.4 15.87 2.5
0.04 93.53 20.25 2.07
0 93.16 22.26 1.99
26 92.9 22.49 2.4
2.17 93.03 22.51 2.43
53.17 92.84 21.93 2.5
47.54 92.56 20.71 1.93
47.95 92.52 20.19 1.77
1.72 92.92 21.65 1.65
24.03 93.02 22.53 2.11
245.02 93.12 17.39 2.1
16.52 92.58 17.81 2.13
14.48 92.19 18.18 3.07
5.25 92.72 16.67 3.01
0.07 93.24 17.8 2.08
23.92 93.24 18.87 1.89
4.41 93.34 19.73 1.83
0 93.33 21.53 2.12
1.39 93.21 22.83 1.9
10.65 93.35 24 1.95
1.11 93.58 24.89 2.35
18.51 93.43 22.96 2.55
2.44 93.15 24.21 1.98
1.2 92.67 25.49 2.16
0.87 92.5 25.67 2.76
49.76 92.83 25.06 2.29
65.61 93.19 22.7 2.58
62.07 93.36 19.44 1.94
27.75 93.2 20.51 1.7
62.29 93.05 20.82 1.75
47.19 93.17 21.11 2.15
37.61 93.1 21.95 2.2
45.86 92.89 22.31 1.78
77.06 92.86 21.85 1.65
14.54 92.84 22.02 1.5
30.06 92.68 21.7 1.81
7.43 92.51 22.55 2.03
4.22 92.88 23.48 2.04
51.97 92.96 23.13 1.81
43.25 92.72 23.11 1.88
53.06 92.7 23.27 2.27
291.61 93.05 20.4 2.05
5.51 93.26 21.59 1.63
8.54 93.08 22.44 2.17
29.45 92.64 23.55 2.84
0.2 92.63 21.22 2.11
8.26 92.51 22.59 2.4
14.88 92.66 23.21 2.63
66.04 93.05 22.04 2.01
37.36 93.57 21.5 1.83
64.26 93.64 20.99 1.48
10.31 93.55 22.44 2.14
0 93.56 22.5 1.89
0 93.39 22.82 1.56
0 93.2 23.6 1.69
0 92.9 24.47 1.84
1.1 92.76 23.61 2.23
0.03 93.01 21.97 2.2
0 93.05 22.15 1.78
2.5 99.88 116.94 98.13
30.45 100.2 117.42 98.45
64.1 93.48 18.55 2.02
34.31 93.22 17.97 2.2
8.85 93.03 19.16 2.05
22.15 93.12 18.87 1.87
23.79 93.42 18.93 1.63
31.91 93.65 18.54 1.75
15.31 93.59 19.19 1.99
41.82 93.47 19.09 1.86
0.15 93.41 19.48 2.02
12.79 93.27 19.15 1.82
5.51 93.37 18.31 1.48
41.69 93.53 17.96 1.53
92 93.7 17.14 1.6
67.95 93.76 17.45 1.86
1.69 93.77 19.4 2.09
0.19 93.89 18.49 1.95
32.17 93.7 16.84 1.69
113.21 93.52 16.09 2.12
0.05 93.68 16.98 1.67
0 93.6 18.35 1.67
7.49 93.76 18.95 2.11
33.31 94.39 15.18 2.01
8.19 94.33 13.23 1.81
53.63 93.77 12.19 1.73
8.94 93.75 13.28 2.74
0 93.72 17.59 2.26
0 93.98 17.43 2.23
0 94.08 16.95 2.24
0 93.94 17.46 2.14
20.74 93.95 18.09 1.66
22.68 94.01 17.38 2
0.01 94.07 14.86 1.85
9.5 93.54 15.11 2.09
21.17 93.36 17.49 2.11
97.69 93.18 15.99 2.56
30.4 93.29 13.72 2.12
59.83 93.23 13.85 1.82
15.14 93.28 13.28 2.54
0 93.51 12.45 2.33
0 93.74 13.8 2.43
0.31 94.48 12.47 1.57
14.25 94.92 9.9 1.94
18.5 93.84 13.52 2.74
45.75 93.21 9.78 5.17
0.07 93.1 12.54 4.1
0 94.03 10.86 2.15
0 94.33 12.46 2.05
0 93.88 15.25 3.02
0 93.79 15.36 2.14
0 93.59 15.44 3.13
0 93.86 8.6 3.73
2.66 93.19 4.44 3.19
3.67 93.43 4.57 4.72
3.47 93.74 8.89 4.15
0 94.1 10.7 2.3
0 94.14 11.69 1.83
0 93.91 11.16 1.57
0 93.85 12.03 1.56
0 93.86 13.12 2.27
1.76 94 11 3.07
0 94.61 5.86 2.33
0 93.64 8.96 2.31
31.68 94.07 4.61 1.82
25.68 94.43 4.7 1.66
3.49 98.84 72.38 34.51
0 98.36 73.25 34.68
0 94.69 6.11 2.16
0 94.61 4.24 1.76
5.57 93.49 5.76 4.74
0 93.52 2.6 3.41
0 94.1 0.51 3.05
0 94.43 -0.78 3.58
0 94.84 -0.32 2.64
0 94.91 1.68 1.55
0 94.28 3.85 1.82
0 94.09 4.4 1.49
0 94.04 7.05 3.1
0 94.23 7.86 2.54
0.66 95.22 0.67 3.28
86.4 95.25 -4.14 2.39
40.16 94.88 -3.89 2.47
14.58 94.43 -2.94 1.6
0.36 94.51 -3.45 1.3
0 94.65 -3.61 1.57
0 94.81 -1.56 1.37
0.07 94.68 0.75 1.5
0.05 93.98 2.25 1.73
0 93.4 4.1 2.08
0.13 94.17 1.87 2.26
16.06 93.97 -1.9 2.63
0 94.64 -4.52 2.14
11.99 94.49 -5.01 2.2
15.31 94.48 -6.93 1.78
11.34 94.5 -7.96 1.81
8.92 94.99 -9.81 1.75
20.72 95.4 -12.06 2.19
9.7 95.51 -13.02 2.71
0.52 95.4 -16.01 1.79
0.09 94.62 -15.43 2.95
0 94.56 -15.65 2.49
0.37 94.06 -11.79 1.44
1.57 94.46 -10.16 1.5
12.12 94.27 -6.29 2.02
0 94.12 -9.66 1.71
1.36 93.47 -5.01 2.13
0.34 93.33 -6.85 4.52
0.91 93.71 -8.95 5.14
0 94.04 -6.56 3.71
0 94.6 -6.55 2.13
0 94.71 -9.53 1.5
0 94.87 -9.68 1.15
0 94.49 -4.32 1.77
1.13 94.15 -1.28 1.87
0.01 94.44 -3.37 2.96
0 94.67 -8.49 1.77
0 94.38 -7.62 1.21
0 94.46 -7.05 1.28
4.57 93.84 -5.78 2.99
0.2 93.96 -7.9 4.27
0.24 94.53 -10.39 4.67
0 94.58 -9.49 2.54
0 95.01 -7.82 1.89
0 94.99 -8.55 1.55
0 94.14 -6.25 1.89
0 94.35 -8.07 1.61
0 94.42 -9.86 1.6
0 94.35 -8.13 1.76
0 94.4 -11.25 2.13
0.04 93.4 -8.1 2.7
0 94.35 -12.53 3.46
0 95.16 -16.5 1.81
0 94.93 -10.61 1.63
1.42 94.48 -7.37 1.56
1.94 94.73 -8.61 1.81
0 94.73 -10.24 1.82
0 93.94 -6.11 2.01
0.04 93.9 -7.5 1.6
2.24 94.03 -9.02 2.14
0 94.52 -12 3.58
0 94.36 -13.28 2.86
0 94.65 -11.7 2.85
0 94.53 -11.97 3.22
0 94.3 -12.65 2.55
0 94.05 -12.32 2
0 94.73 -13.79 2.76
0 95.03 -15.28 2.62
0 94.56 -15 3.13
0.4 93.88 -13.26 3.79
0.66 93.58 -12.32 2.27
0 93.57 -12.04 1.74
12.65 94.09 -14.1 2.09
3.61 94.2 -19.54 2.64
0 93.92 -20.26 4.13
0 94.46 -19.37 1.76
0 94.92 -18.47 1.38
1.46 94.87 -17.77 1.83
0.9 95.41 -21.81 3.43
0 95.35 -25.21 4.65
0 95.02 -17.99 4.31
0 94.39 -12.32 3.4
0 94.18 -13.25 3.13
0 94.21 -12.2 2.77
0 94.72 -14.3 1.93
0 95.1 -17.03 1.79
0 94.98 -17.71 2.38
0 95.06 -14.63 3.01
0 94.98 -12.52 2.45
0 94.62 -11.23 2.17
0 94.39 -10.99 2.57
0 94.61 -10.58 3.01
0 94.55 -10.5 3.47
0 94.44 -8.98 2.68
0 93.58 -9.2 2.57
0.04 93.21 -5.75 3.29
0 93.83 -4.9 2.25
0 93.51 -1.93 2.08
0.05 93.42 -0.82 1.84
8.1 93.7 -1.77 2.77
38.7 94.4 -8.89 5.13
0 94.48 -13.94 4.93
0 93.89 -10.62 4.34
0 93.77 -6.34 4.1
0 93.69 -4.01 3.25
0 93.68 -5.58 3.42
0.68 94.47 -8.74 3.25
0 94.42 -10.92 3.17
0 94.21 -10.8 2.36
0.04 94.41 -8.31 2.88
0 95.26 -11.72 2.89
0 94.9 -10.96 2.48
0 94.82 -10.09 2.66
0.55 94.16 -8.37 2.37
0.12 94.24 -8.4 2.14
0.79 94.58 -9.53 4.01
0.51 94.77 -9.86 2.92
0.26 93.93 -2.88 2.54
0 93.55 0.07 2.21
0 93.43 1.23 2.12
0.8 93.81 -0.26 1.72
16.32 93.71 -0.62 3.97
0.16 93.66 -2.72 2.17
3.25 93.98 -5.36 3.98
0 94.69 -8.72 4.06
0 94.81 -8.86 3.57
0.12 94.58 -7.76 3.48
0 94.04 -6.49 2.1
0 93.46 -3.02 3.25
0 94.18 -2.9 2.69
0 94.04 -0.11 2.61
0 93.5 3.37 2.59
0 93.38 6.12 2.85
0 92.97 8.19 3.98
0 93.42 5.75 3.51
0 94.21 3.62 1.72
0 94.49 4.92 1.91
0 94.17 6.9 2.49
0 94.45 4.55 3.8
0.03 95.03 1.33 4.15
0 95.03 0.8 2.71
0 94.73 1.85 2.64
0 94.37 5.91 2.81
0 93.79 7.49 2.39
0 93.18 8.63 3.63
0.32 93.62 5.91 3.18
0 93.56 7.94 3.15
0 92.65 13.63 4.25
20.82 92.96 8.02 4.45
0.66 93.95 4.87 3.88
0 93.96 6.49 2.82
0 93.2 8.48 3.01
0.34 93.42 8.41 2.31
0.64 92.87 10.54 3.77
0 93.25 8.39 4.14
0 93.19 10.51 4.94
0 93.33 7.48 2.72
0 93.92 5.37 2.97
0 93.48 6.33 4.14
17.79 92.71 7.98 2.35
0.52 92.49 9.49 4.24
0 93.51 10.35 2.94
1.75 93.1 13.81 4.09
10.89 93.06 8.74 4.18
3.3 93.01 5.58 3.72
3.5 93.28 5.69 2.29
3.11 93.6 6.52 2.38
0.02 93.31 12.09 2.63
0 92.53 13.08 4.96
0 93.03 9.54 5.51
0 93.49 9.47 2.64
0 93.01 12.64 3.94
3.24 93.67 10.89 3.11
22.9 93.91 9.43 2.07
2 93.6 12.28 1.84
0 93.69 12.67 2.31
11.04 92.95 13.79 2.73
0.05 92.57 16.79 2.74
13.22 92.38 19.3 3.65
145.12 93.1 10.4 2.31
41.11 92.34 11.56 5.12
0 92.75 14.44 2.85
13.2 92.73 14.53 4.36
0.02 93.11 11.92 6
0 93.77 14.07 2.62
0 93.27 17.13 3.58
1.82 93.42 15.48 2.05
0 93.1 15.98 2.38
0.96 92.34 18.16 3.63
108.07 93.06 10.76 4.37
0 93.86 13.58 4.16
39.99 93.5 11.38 3.6
0.92 93.37 11.52 3.35
0 92.89 16.94 2.91
0 93.01 21.03 3.63
0 93.26 22.67 3.9
0 93.47 21.08 3.14
0 93.64 20.62 3.45
0.12 94.27 17.97 3.32
0.16 94.16 17.52 2.42
58.7 93.33 13.73 1.85
18.7 92.34 14.28 4.04
7.21 92.62 16.99 3.23
1.24 93.1 17.09 3.8
0 93.02 20.21 3.78
0.44 92.68 21.87 3.91
0 92.99 18.08 3.73
0 92.73 20.36 3.46
27.36 93.41 16.61 2.12
0 93.53 18.99 1.53
0 93.2 21.7 2.29
0.04 92.87 22.2 2.8
0.12 92.98 21.54 2.72
0.89 93.24 21.65 2.4
51.69 93.39 17.86 2.9
4.13 93.42 18 2.12
0.39 93.18 19.97 2.08
36.2 92.86 19.87 3.49
76.14 92.64 18.64 3.73
27.2 93.13 17.5 2.36
7.3 93.02 18.59 1.93
11.18 92.68 18.11 2.17
141.66 92.54 15.25 2.31
10.77 92.62 18.25 2.36
6.42 92.25 19.05 2.21
20.32 92.31 19.45 2.08
3.5 92.84 19.75 2.8
0.01 92.92 22.25 2.32
26.92 92.6 22.85 2.74
33.99 92.62 22.35 2.38
23.48 92.66 21.22 2.06
11.18 92.89 20.26 2.79
4.15 92.97 19.57 3.4
0 93.14 22.89 2.72
0 93.04 23.56 2.24
47.27 92.74 21.58 2.54
82.55 92.8 17.81 2.56
81.65 92.72 19.42 1.94
42.69 92.8 19.4 2.41
0 92.91 19.73 1.83
0.55 92.88 21.3 1.92
0 92.99 23.61 2.54
0 93.14 24.12 2.59
14.17 93.36 24.55 1.94
0 93.48 25.58 1.95
0 93.41 25.89 2.5
0 93.17 25.52 2.29
0 92.93 27.08 1.92
0 92.69 28 2.42
28.94 92.41 27.5 2.86
103.19 92.64 21.77 1.85
0.79 92.98 23.84 2.2
6.01 93.25 21.87 2.3
26.71 92.93 19.05 1.94
4.19 92.82 18.52 1.81
1.32 93.09 21.23 1.68
0.06 93.11 22.84 2.22
19.08 93.18 22.64 2.24
228.87 93.22 20.83 2.13
581.04 92.81 20.5 2.12
91.08 92.57 22.92 1.85
31.46 92.52 25.49 2.32
0.91 93.02 24.37 2.01
334.83 92.98 20.5 2
2.08 92.9 22.2 1.65
2.11 92.7 23.53 2.01
37.48 92.67 22.71 1.97
18.42 93.01 23.34 1.9
156.89 93.3 22.11 2.15
54.54 93.39 21.65 1.72
12.83 93.5 22.88 1.68
0.25 93.52 24.1 1.73
0 93.47 25.62 1.59
0 93.41 26.57 1.77
0 93.32 26.29 2.08
243.56 93.07 24.26 1.8
98.63 93.4 22.94 1.97
0 93.48 21.82 1.78
0 93.15 23.21 2.14
0 92.96 26.04 2.89
3.82 92.99 27.79 2.84
25.49 93.07 24.27 1.89
0 93.03 23.11 1.78
0 93.25 22.95 1.76
23.8 93.17 22.41 1.77
32.31 92.98 22.1 1.84
2.15 92.87 21.98 1.51
214.11 92.81 20.02 1.5
11.13 93.22 21.05 1.92
12.47 93.36 21.55 1.88
1.24 93.5 22.18 1.96
2.34 93.59 22.8 1.6
41.21 93.11 20.53 1.48
17.22 92.97 22.47 1.91
81.02 93.69 17.45 3.52
0 93.95 16.74 1.99
7.91 93.64 16.78 2.25
1.84 93.61 17.91 2.02
0 93.72 17.44 1.8
0 93.17 17.73 1.9
11.8 92.22 16.75 4.41
23.46 92.04 15.21 3.09
4.59 92.64 17.99 1.42
12.66 93.13 18.37 1.4
136.86 93.38 17.59 1.7
48.09 93.36 16.76 1.49
6.86 93.23 18.13 1.6
3.14 92.97 17.91 1.85
4.2 93.05 16.49 1.65
20.81 93.34 16.17 1.68
17.88 93.48 15.19 1.7
136.94 93.79 14.82 1.93
20.36 94.05 15.51 1.51
2.96 94.01 16.62 1.51
21.45 93.86 17.89 1.65
0.02 93.76 17.98 1.72
11.09 93.79 17.17 2.08
5.46 94.18 15.09 1.72
44.09 94.35 12.95 2.24
0.43 94.4 12.54 2.09
0 94.24 12.82 1.62
2.34 94.03 13.33 1.89
20.93 93.69 15.1 1.82
4.14 93.39 16.74 1.75
4.53 93.15 18.67 3.04
0.28 93.77 15.91 2.04
21.29 93.58 16.26 1.8
3.4 94.35 10.46 4.56
0 94.69 7.1 2.03
0.2 93.94 8.64 2.18
0.51 93.61 13.67 2.02
16.36 93.49 16.86 3.1
1.66 93.48 14.67 2.27
5.02 93.49 14.45 2.93
118.28 93.92 7.98 1.89
11.14 94.04 6.82 2.21
2.52 94.59 7.9 1.72
78.42 93.79 9.64 3.36
1.85 94.05 4.69 4.22
0 94.2 4.17 1.88
0.33 93.81 5.41 1.83
0 94.32 5.34 39.21
0.13 94.33 6.71 1.71
0 93.97 10.67 1.47
0 94.07 11.95 1.78
0.3 94.2 12.9 2.47
3.92 93.71 13.34 3.63
0 94.12 8.96 2.22
0 93.93 10.31 1.97
0 93.78 11.7 2.16
5.42 94.49 5.43 2.66
65.27 93.99 5.31 1.69
26.3 94.61 2.33 2.76
0 94.29 2.18 1.44
0 93.68 2.99 1.56
0 93.38 6.92 3.01
0 94.43 2.92 1.88
25.8 94.52 2.01 1.57
6.5 94.72 0.96 2.83
1.54 94.74 -1.01 2.4
3.09 94.48 -1.07 3.22
0 95.24 -5.88 3.15
0 94.88 -4.34 2.29
0 94.24 -0.88 2.9
0 93.67 1.31 1.76
0 92.84 3.64 1.87
0 93.75 1.93 2.74
0.94 94.49 -0.3 2.28
7.53 94.82 -1.77 3.1
0 95.14 -4.32 2.02
0 94.55 -2.76 2.05
4.91 93.16 0.93 3.22
3.3 93.35 -2.73 1.66
0.37 93.86 -2.32 1.66
0 93.4 2.88 2.94
0 94.1 -0.23 4.86
0 94.27 -4.1 1.92
0 94.04 -0.85 1.77
0 93.98 -1.39 2.11
0.26 93.42 0.31 1.92
4.22 93.89 -2.9 2.6
23.4 94.42 -7.2 1.99
36.78 94.79 -10.48 3.31
0 95.18 -12.32 3.46
0 94.85 -11.36 2.83
0 94.38 -9.61 2.24
0 94.03 -7.45 2.06
0 93.59 -3.72 3.14
0 94.39 -6.55 3.09
0 94.82 -5.73 1.86
0.13 95.01 -6.1 1.66
8.77 93.98 -2.53 3.63
0 94.72 -4.38 3.65
0 94.49 -2.09 2.29
0 93.75 0.06 2.45
0 93.75 -2.77 2.55
2.54 94.4 -6.93 3.52
0 93.87 -6.66 2.57
0 94.06 -6.47 2.47
9.01 93.52 -5.02 3.51
0 94.42 -8.87 2.11
0 94.55 -10.17 1.57
0 93.98 -7.99 2
2.82 94.29 -4.91 2.65
0 94.87 -9.83 2.78
0 94.82 -11.59 2.17
0.04 94.84 -9.96 3.17
0 94.1 -6.39 2.13
0 94.03 -6.2 1.21
0 94.18 -5.76 1.32
0 94.27 -5.25 1.45
0.02 94.59 -4.84 1.22
0.53 94.52 -5.25 2.1
5.36 94.21 -9.58 3.46
0 94.61 -11.76 2.26
0 94.53 -11.68 1.34
0.2 94.41 -7.75 2.73
0.42 94.94 -9.98 3.28
0 94.86 -12.92 2.05
0 94.61 -11.39 3.91
0 94.82 -11.03 2.37
0 94.36 -10.08 1.68
0 94.22 -8.53 1.53
0 94.06 -4.96 2.92
0 94.19 -6.42 2.18
0 93.91 -4.14 2.71
0 94.41 -6.87 1.54
0 94.68 -7.72 1.38
0 94.32 -5.31 1.39
13.33 94.27 -4.82 1.41
4.43 93.95 -6.36 2.61
0.08 94.07 -9.19 3.4
0 94.31 -11.63 3.56
0 94.07 -11.79 2.72
0.09 93.78 -11.96 2.92
0 94.01 -12 4.33
0 94.81 -12.7 2.13
0.16 94.77 -14.57 1.43
0.1 94.67 -13.23 1.46
0.57 94.53 -11.76 2.05
0 94.82 -12.91 1.67
9.58 94.53 -13.41 3.25
0 94.6 -14.95 2.42
0 94.3 -14.26 4.05
0 94.9 -15.26 2.39
0 95 -15.95 1.5
0 95.12 -13.79 1.68
0 94.56 -9.33 1.81
0.24 93.92 -6.15 4.39
0 94.34 -8.47 3.04
0 93.78 -9.47 2.12
0.2 94.61 -11.87 3.88
0 94.94 -12.31 2.95
0 94.41 -10.65 2.77
0 95.11 -10.01 3.09
0 94.57 -8.38 2.08
0 93.97 -5.89 1.67
0.91 93.64 -3.18 2.07
0 93.99 -7.5 2.98
0.04 94.85 -8.13 2.66
0.04 94.77 -8.35 1.41
0.16 94.66 -9.83 4.92
0.09 94.24 -10.97 5.24
0 94.39 -10.22 4.35
0 94.47 -8.67 2.81
0 94.43 -7.5 1.61
0 94.92 -5.88 1.72
0 94.8 -4.87 1.88
0 93.68 -0.54 2.68
1.84 93.96 -4.39 4.15
0 94.53 -8.18 2.97
0 93.9 -6.18 2.56
0 92.98 -3.56 4.51
0 94.66 -8.02 3.46
20.63 94.43 -7.63 2.26
9.54 93.88 -5.57 3.82
0 94.35 -6.32 3.19
0 94.11 -3.95 3.12
0 94.04 -1.94 3
0 94.22 -2.3 1.84
0 93.91 -0.23 2.67
0 93.86 -1.35 2.77
0.15 94.2 -5.3 3.83
0 93.47 -1.61 2.82
0 93.48 -0.88 1.94
0.03 93.69 -3.16 2.51
0.61 94.12 -5.79 3.26
0.25 93.89 -7.95 3.57
0 93.98 -6.35 4.4
0 93.52 -1.37 3.98
0 93.29 0.02 2.93
0 93.51 1.98 1.92
0 93.8 3.03 3.01
0 94.55 -1.12 4.17
0 94.56 -0.58 2.58
0 94.5 0.4 2.04
0 94.24 1.78 1.97
0 93.88 2.13 1.61
1.95 93.8 3.39 1.94
0 94.32 3.86 1.82
0.67 94.38 4.09 2.24
1.47 94.4 1.31 2.87
0 94.27 0.71 2.02
0 94 2.22 1.99
2.11 94.36 1.65 1.77
16.84 94.07 0.77 1.54
3.72 93.96 2 2.58
0.65 93.9 1.03 2.34
0 94.06 1.59 1.98
0 93.88 4.21 2.65
0 93.83 6.91 2.87
0.44 94.55 3.65 2.69
0 94.38 3.78 2.37
0 93.79 5.56 1.89
0 93.86 8.15 1.85
0 93.76 11.09 2.73
0 93.46 14.88 3.31
0.75 93.17 13.53 2.99
2.34 93.29 10.31 3.27
1.37 93.35 9.28 2.43
0 94.04 8.26 2.86
0 94.02 8.12 2.07
0 93.12 11.14 3.18
0 93.64 7.09 3.92
0 93.52 6.3 2.6
0 92.93 10.81 3.74
0 92.56 13.41 2.72
0 93.02 14.35 3.29
1.23 93.23 13.27 2.85
1.27 92.26 12.62 4.58
0.78 92.45 6.89 5.38
3.98 92.75 7.28 3.29
5.19 93.14 8.25 3.28
0 93.55 9.16 2.34
0.08 92.91 11.72 4.52
0 93.11 8.96 2.97
0 93.44 7.68 3.44
0.04 94.1 7.63 3.44
0 94.16 9.43 3.87
0 93.4 13.39 3.95
0 92.85 15.71 3.28
0 92.55 18.97 3.95
0 93.26 16.26 2.41
0 93.66 16.61 2.66
0 93.61 19.35 3.66
8.36 93.51 17.61 5.29
14.12 93.48 13.57 3.43
12.89 93.18 9.02 5.9
0 93.44 10.21 5.79
0 93.34 16.97 3.57
0 93.03 18.54 2.39
0 92.76 18.75 3.83
0.22 92.82 17.6 3
0.02 92.97 13.51 4.62
0 92.74 11.79 4.1
1.13 93.01 11.86 4.4
0.18 93.7 13.44 3.93
0 93.66 15.31 2.07
0 92.89 19.57 1.95
0 92.75 22.31 2.15
0 92.8 26.95 3.62
9.76 93.11 24.76 3.26
0.41 93.35 22.69 2.94
21.44 93.57 16.06 3.25
189.19 93.7 10.08 2.1
0.12 93.58 15.62 2.35
0.01 93.19 18.48 2.6
0.07 93.57 16.58 2.9
0 93.17 19.22 2.47
0 92.8 21.59 2.88
0 93.16 21.5 3.87
43.93 93.43 16.36 2.39
1.26 92.91 19.12 2.6
7.76 92.44 19.03 3.04
0 92.91 16.99 3.07
69.91 93.13 11.83 2.21
0 93.35 15.31 2.21
0 93.34 18.94 1.9
0 93.49 20.36 2.39
28.59 93.15 14.56 2.15
0.73 92.96 17.92 2.65
0.53 92.87 19.89 3.21
0 92.9 20.03 3.04
0 93.23 18.46 2.11
12.01 93.38 17.26 1.92
9.84 93.66 17.83 1.8
0 93.73 19.89 1.87
0 93.39 24.99 2.2
0.89 93.08 26.1 1.76
0.62 92.91 25.38 2.66
33.91 92.81 22.01 2.18
47.5 92.78 20.45 2.54
51.84 92.71 18.51 1.72
8 92.76 19.64 2.45
0.67 92.91 20.77 2.02
102.18 93.21 18.05 1.91
148 93.1 16.8 1.53
4.17 92.89 18.76 1.51
6.03 92.89 21.36 1.7
0 93.06 23.4 1.74
13.67 92.96 24.02 2.67
14.1 92.98 24.81 2.69
0.44 92.9 25.74 2.54
21.06 92.79 25.29 2.13
81.75 92.67 25.4 2.15
21.75 92.79 24.26 2.1
1.98 92.9 24.89 2.06
80.29 93.05 23.2 1.66
26.76 93.19 22.72 1.67
82.27 92.96 23.02 2.23
365.31 92.19 22.18 2.19
61.94 92.17 22.72 2.63
37.11 92.32 22.99 2.36
0.9 92.32 23.27 2.15
0 92.58 23.91 1.89
0.44 92.64 26.7 2.45
34.66 92.44 27.35 2.96
41.5 92.86 24.28 2.12
18.47 93.17 25.2 1.69
0 93.3 26.53 1.88
0 93.24 27.89 1.95
0.03 92.96 27.78 2.7
29.8 92.73 26.19 2.19
78.66 92.69 22.86 2.42
49.94 93.37 21.23 2.08
78.83 93.39 21.01 1.22
7.66 92.98 23.13 1.27
1.2 93.09 23.02 1.6
0.84 93.28 22.96 1.81
47.13 92.93 20.96 1.99
0.95 93.18 21.95 2.05
0 93.66 22.28 1.82
0 93.22 22.38 1.65
25.73 92.84 23.03 2.37
0.05 92.99 24.54 1.97
3.86 93.08 25.14 2.17
87.31 92.82 23.75 1.94
430.01 92.25 23.52 2.06
18.38 92.65 24.1 1.6
89.4 92.72 23.16 2.35
38.69 92.57 21.73 1.84
2.11 92.62 23.22 1.91
45.36 92.47 21.66 1.77
65.05 92.28 20.01 1.37
4.19 92.38 22.2 1.71
37.65 92.76 23.1 2.4
78.42 93.12 21.53 2.1
1.16 93.27 22.07 1.7
24.31 93.21 21.48 1.73
52.63 93.12 21.21 1.66
173.18 93.19 19.46 1.73
31.6 93.34 20.21 1.56
53.42 93.46 20.95 1.71
63.04 93.48 21.12 1.72
24.93 93.15 21.48 1.74
2.76 92.94 24.24 1.75
45.22 93.36 21.11 1.72
281.09 93.22 19.37 1.75
0.02 93.29 18.81 3.27
0 93.38 16.85 3.36
0 93.66 17.98 2.18
29.55 93.4 15.64 2.17
5.67 93.82 14.95 3.1
0 93.94 13.94 2.22
0 93.65 15.87 1.85
1.47 93.64 16.71 1.79
2.93 93.47 19.22 1.88
16.17 93.5 18.33 2.02
29.72 93.41 18.53 2.49
3.29 93.27 19.52 2.2
0.17 93.21 18.7 3.53
0 93.1 17.63 1.82
0 92.91 19.64 2.1
0.8 93.33 18.4 2.35
5.25 93.41 18.99 2.06
104.66 93.34 17.26 1.9
0.02 93.58 15.29 2.21
0 93.96 14.94 1.85
0 94.17 15.94 1.8
14.84 94.11 17.96 1.89
11.87 93.95 17.47 1.76
0.65 93.6 17.45 2.25
0.01 93.42 15.7 2.24
0 92.88 17.53 2.3
0.23 93.32 14.5 2.99
0 93.64 14.11 1.74
4.51 93.01 17.13 2.76
11.85 93.04 15.41 3.59
0 93.18 16.32 3.61
0.19 93.48 16.58 2.12
15.43 93.44 15.26 1.94
18.07 93.75 12.63 2.2
0.03 93.72 8.83 2.46
0 93.59 7.72 3.17
0 93.42 8.94 2.2
0 93.51 12.46 2.77
0.27 93.74 13.95 3.29
0 94.42 8.52 2.2
0 94.78 6.75 2.01
0 94.52 8.48 2.48
0 93.89 12.2 2.88
0 93.68 13.49 2.71
0 93.97 12.53 1.77
14.56 94.25 11.46 1.49
89.75 94.82 8.02 2.96
29.67 94.84 4.47 2.4
1.34 94.65 4.12 2.43
1.68 94.28 2.95 1.97
0 94.19 4.35 2.54
0.03 94.71 3.8 1.42
27.75 94.78 5.93 1.78
0.07 95.12 4.34 1.78
0 94.88 5.48 1.52
10.46 94.29 7.87 1.52
0.23 94.08 8.48 1.46
0 93.84 9.44 2.45
0.09 94.4 6.71 1.49
17.68 94.5 4.37 1.73
0.6 94.54 4.53 1.51
0 94.4 5.83 1.73
0 94.45 6.34 1.43
0 93.87 8.27 1.5
0.03 93.72 8.86 1.87
0 94.6 4.59 4.28
0 95.06 1.15 3.22
0 94.54 3.51 2.3
0 93.7 6.18 2.85
