0.42 94.84 -17.36 1.26
0.01 95.51 -17.97 1.33
19.42 95.35 -19.89 1.43
7.23 95.59 -18.79 2.91
0 95.86 -19.94 2.17
0 96.08 -20.46 2.01
0.05 96.19 -18.34 1.2
24.04 95.54 -17.35 0.97
6.88 95.76 -17.62 1.02
0 96 -16.88 1.17
0 95.99 -16.45 2.83
0 95.4 -18.57 2.92
0 95.41 -15.87 3.57
2.63 95.23 -16.1 1.09
0 96.32 -15.91 1.24
0 95.86 -13.98 1.03
0 95.53 -11.19 0.96
0 95.45 -6.62 1.15
0 94.95 1.24 3.47
0.04 96.25 -10.21 4.53
0 96.09 -13.29 2.46
0 95.79 -11.45 4.85
0 95.26 -7.88 3.69
0 94.69 -8.25 4.34
0 95.68 -9.31 3.47
0 97.03 -4.12 3.09
0.53 94.61 -3.79 2.42
0.01 95.22 -11.2 4.21
0 94.8 -5.24 5.08
0 94.88 -4.95 1.83
0 95.47 -8.95 1.39
0.7 95.61 -11.24 1.77
0 95.63 -14.68 2.36
0 95.55 -13.18 2.54
0 95.53 -14.03 2.25
0 95.88 -14.2 1.31
0.01 95.72 -11.56 2.07
1.23 94.77 -3.21 2.79
0 94.91 -5.13 1.44
0 95.56 -7.67 2.37
0 96.16 -10.9 2.56
0 96.57 -12.47 3.03
0 96.27 -12.19 1.93
0.03 95.61 -10.04 2.34
0 96.06 -10.92 2.24
0 96.22 -12.7 1.67
0 95.75 -10.72 1.35
0 95.35 -9.26 2.96
0 95.14 -8.41 2.9
0 94.6 -3.93 1.97
0 94.49 -8.15 1.62
0 94.65 -7.4 1.74
0 94.59 -4.3 2.6
0 93.56 1.66 1.81
1.26 94.02 -3.91 1.56
0 95.09 -7.32 1.82
0.12 95.22 -5.77 1.66
2.14 94.86 -6.88 2.02
0.46 95.54 -8.73 1.94
0.06 95.18 -8.27 1.92
0.19 94.91 -3.23 3.49
0 94.94 -1.84 2.84
65.33 94.6 -2.92 2.75
2.22 95.73 -10.96 3.37
0 96.41 -13.12 1.52
0.01 96.68 -13.47 1.33
2.24 96.97 -10.72 2.36
0 96.16 -9.99 2.49
0 94.77 -4.56 2.36
0.15 93.67 2.45 3.17
0.38 94.93 -5.43 4.21
0 95.46 -2.99 1.75
48.51 94.85 -0.19 1.98
0.39 94.9 -2.97 5.91
0.01 95.35 -5.03 2.81
0 95.76 -5.95 2.23
0 94.71 -2.97 2.64
0.15 93.36 4.03 2.31
45.73 94.09 -1.45 3.6
0 94.37 -0.2 2.87
0.04 94.37 3.79 3.9
0 95.01 2.38 2.45
0 95.63 -1.03 2.43
0.03 95.59 -3.77 3.49
1.48 95.1 -3.27 1.6
4.55 95.69 -2.89 1.47
0 95.55 3.01 1.32
0.03 95.29 6.15 1.65
2.61 94.71 9.07 4.02
1.71 94.5 7.42 4.85
0 94.95 1.13 5.27
0 94.99 -0.74 4.09
0 94.57 4.52 4.1
0 94.36 8.81 3.95
3.71 95.04 2.19 2.12
0 95.63 1.47 2.11
0 95.01 7 3.43
0.17 93.79 12.92 5.42
19.82 94.67 2.37 2.67
0 94.96 2.93 3
0.52 94.89 1.28 1.87
62.94 94.74 0.02 3.37
0.01 95.5 -1.52 4.99
0 95.6 2.08 2.59
0.65 94.91 4.21 2.42
7 95.23 2.49 1.75
0 95.14 4.88 2.73
33.13 94.46 10.64 2.55
17.31 94.99 8.4 1.74
0.1 95.36 7.79 2.05
0.06 95.61 9.23 1.83
0.34 95.35 8.81 1.85
0.13 95.23 8 1.7
0 94.78 12.66 3.02
1.39 94.51 13.26 3.96
15.16 94.42 4.54 3.46
14.69 94.05 2.11 3.4
0.05 94.18 4.72 6.21
1.74 94.32 6.8 5.16
9.75 94.55 11.76 2.32
0 94 17.41 1.89
0 93.76 18.64 4.17
0.12 94.27 16.48 2.09
1.27 93.77 43.44 2.36
189.3 93.48 9.11 2.42
5.84 93.93 13.04 4.15
55.34 93.93 10.96 1.42
9.25 94.15 14.52 2.41
45.16 93.95 11.56 3.61
12.88 93.88 8.93 2.1
2.7 94.92 9.36 2.03
0 95.15 13.1 1.51
0 95.07 16.3 1.41
4.38 94.64 17.71 3.65
9.05 94.54 20.68 2.43
0.39 94.71 20.05 2.16
7.34 94.24 17.99 2.52
228.12 93.42 12.04 2.62
0.56 93.13 18.11 4.6
0 93.97 21.45 2.39
0 94.11 24.71 2.5
0.19 94.12 22.67 1.96
0.23 93.81 21.77 2.42
11.43 94.08 17.32 3.54
0.24 94.65 21.08 2.83
0.08 95.05 21.94 2.14
2.71 94.95 19.15 1.8
89.08 94.31 15.7 2.37
73.69 93.96 16.69 1.71
86.95 94.45 15.17 1.74
4.53 95.04 16.61 1.04
2.81 94.92 18.22 1.38
0.24 95.04 19.38 1.38
0 95.07 21.8 1.73
0.01 94.85 23.2 1.98
0 94.56 24.26 2.1
0 94.56 24.34 2.23
0 94.66 25 3.53
0 94.79 24.72 3.5
0 94.9 24.97 2.24
0.65 94.78 21.75 2.21
0.02 94.47 21.75 3.64
0.24 94.14 24.14 1.76
26.63 93.88 24.17 2.74
65.19 93.79 22.65 2.74
0.33 93.72 23.85 2.37
6.31 93.84 23.63 1.58
75.5 93.87 21.21 2
37.03 93.98 20.73 1.87
0.44 94.07 22.89 1.06
0.03 94.48 22.88 2.51
0.01 94.03 23.46 1.59
3.32 94.41 19.85 2.02
0 94.46 23.28 1.48
0 94.31 26.08 1.82
0 94.29 27.34 2.79
0 94.23 26.48 1.67
6.51 94.08 21.7 1.45
11.45 94 22.42 1.46
0.07 94.06 23.96 1.34
0.05 93.79 26.17 1.19
64.57 93.77 22.43 2.35
0.76 93.8 24.8 1.2
0.02 93.79 27.93 1.74
1.43 93.76 27.39 1.81
0 93.78 26.65 2.97
0.01 93.91 25.1 2.55
6.3 94.2 20.94 1.72
1.15 94.4 22.28 2.02
0.66 94.34 22.08 2.46
37.97 94.09 21.86 1.54
123.23 94.12 20.63 1.39
330.4 94.4 19.89 1.34
1.73 94.67 22.24 0.83
0 94.57 24.12 2.31
71.92 94.1 22.62 2.52
3.49 93.87 25.13 2.77
0.73 94.11 26.38 2.26
1.06 94.08 27.55 2.34
5.79 94.16 26.4 2.55
51.39 94.13 24.07 1.96
0.42 94.37 24.81 1.46
0.7 94.47 25.99 1.58
14.85 94.48 27.12 1.21
3.36 94.6 27.68 1.45
0.22 94.45 28.27 1.9
7 94.37 27.7 2.6
47.16 94.01 26.8 2.27
374.86 93.63 25.62 2.53
10.08 93.68 21.36 1.13
44.34 93.61 25.46 1.07
205.19 93.96 21.71 1.47
0 94.56 20.93 1.99
0.01 94.44 22.64 1.33
3.75 93.67 25.3 3.16
40.48 93.94 23.04 1.86
32.49 94.33 22.28 3.13
0 95.08 20.2 1.63
27.85 94.68 20.17 1.33
64.15 93.97 22.57 2.11
28.99 94.07 22.74 2.13
0 94.28 21.6 1.9
0 93.99 24.94 2.55
48.34 93.73 24.92 1.9
1.71 93.61 26.61 2.17
7.31 93.52 24.38 3.41
0 94.04 22.3 3.06
0 94.39 22.14 1.67
15.36 94.38 22.9 1.95
4.15 94.53 23.29 2.25
90.74 94.71 22.64 1.87
0.37 95.03 22.59 1.74
117.19 94.93 18.44 1.52
65.29 94.89 19.04 1.27
0.68 94.87 20.16 1.27
0 94.79 22.5 1.74
0.05 95.04 21.66 1.83
1.05 95.27 21.5 1.34
0 94.98 20.83 1.53
0.49 94.76 19.42 1.57
24.29 94.36 20.28 1.51
2.17 94.47 20.46 1.01
0.32 94.5 21.92 1.79
7.4 95.03 19.74 1.66
8.96 95.17 20.72 1.11
0.02 95.05 19.9 1.04
0 94.74 19.9 1.8
0 94.51 22.9 1.6
0.3 94.76 23.79 1.84
0 95.34 17.93 1.4
0 95.12 17.35 1.35
1.01 94.64 18.16 1.24
3.3 94.33 18.81 1.3
0.08 94.58 19.2 1.49
0 94.73 20.43 0.94
1.2 94.77 22.21 1.32
0 94.85 22.79 1.8
4.83 94.64 21.26 2.11
99.68 95.08 14.37 2.02
327.58 95.18 8.58 1.61
141.34 95.02 12.43 1.32
0 94.72 16.21 1.51
51.07 95.01 14.54 1.96
196.37 95.62 9.36 2.23
0 95.45 9.82 2.38
0 95.26 12.32 1.29
0.4 94.97 14.72 1.21
8.32 94.7 15.62 2.56
0.09 94.93 12.38 2.67
0 94.91 10.69 5.06
0 95.73 8.96 2.49
0 95.3 9.96 1.36
0.02 94.98 15.33 1.77
0.65 95.37 12.14 1.32
266.05 95.14 6.5 2.32
93.07 95.06 7.49 2.08
0 95.14 9.08 1.4
0 94.73 13.53 1.15
0 94.61 17.27 2.46
0 94.74 18.55 2.67
0 94.69 18.27 2.32
0 94.25 17.81 3.56
18.5 94.9 10.69 1.95
142.38 95.33 4.61 1.95
0 95.37 8.24 1.52
0 94.96 9.5 1.66
0 95.16 8.25 3.24
0 94.63 7.76 2.76
0 95.49 2.01 2.76
0 96.03 0.44 0.8
17.3 95.96 -0.62 1.31
65.44 96.03 0.25 0.92
0 95.87 1.52 1.06
0 95.31 4.05 1.36
0 95 8.83 1.32
8.88 95.24 8.33 2.11
1.67 95.79 3.27 3.34
0 96.13 -0.73 3.13
0 96.77 -1.6 2.06
0 95.92 0.98 1.48
0 95.82 4.59 2.26
0 95.82 5.69 1.24
0 95.89 5.8 1.41
0 95.72 6.28 2.09
0 96.25 1.91 3.36
0 95.74 1.44 1.83
0 95.34 5.32 1.48
0 95.44 4.56 1.21
0 95.11 6.85 1.78
0 94.82 7.39 1.38
5.64 95.02 2.75 1.92
0.13 95.51 0.04 3.49
0 95.15 -1.21 1.47
0 94.69 0.33 1.16
12.22 94.21 0.58 4.05
1.17 94.61 -0.85 1.84
0.36 95.64 -1.73 4.37
0 96.6 -5.2 2.77
0.02 95.9 -3.02 2.4
0 95.27 0.34 1.47
0 95.17 1.52 1.97
0 94.85 5.2 3.32
0 94.41 3.27 2.4
0 94.17 6.08 1.9
0.14 94.34 2.02 4.09
0 95.09 -2.53 2.08
0 94.9 -2.09 1.82
0.01 95.18 -2.13 4.38
0 95.46 -6.41 2.85
0.32 94.6 -6.11 2.48
0 94.98 -7.8 6.57
0.24 95.13 -8.04 1.2
0.07 95.01 -7.05 1.21
0 94.63 -3.1 1.95
0.02 94.26 -4.22 1.84
0.03 94.86 -8.38 3.62
0 94.88 -5.2 2.2
0 93.87 3.57 2.32
0 95.33 -3.35 2.77
0 95.84 -5.89 3.29
0 94.56 -5.41 2.53
0 94.55 -7.24 1.25
0 93.97 -5.11 1.59
2.59 93.93 -9.57 3.81
0 94.89 -12.92 1.52
0.95 95.3 -15.01 1.7
0.03 96 -15.96 2.73
0 95.88 -16.64 3.55
0 95.57 -15.76 3.39
0 94.26 -8.59 3.75
0 94.13 -6.88 1.24
0 94.19 -4.14 1.88
0 94.46 -2.6 2.47
0 94.7 -0.8 1.92
0 94.47 -7.71 1.4
0.14 95.04 -11.48 2.79
0 96.28 -17.47 2.74
0 96.23 -15.96 3.59
0 95.34 -14.89 3.51
0 94.24 -12.04 2.91
0 93.93 -9.43 2.12
0 94.58 -12.2 3.41
4.9 94.82 -12.97 1.88
0.02 95 -13.09 4.72
0.08 95.55 -11.46 5.16
0 95.53 -11.68 3.55
0 95.67 -12.59 2.95
0 95.29 -13.25 0.74
0.01 94.89 -13.08 1.44
0.01 95.06 -11.65 5.46
0 95.66 -10.32 4.47
0.01 94.97 -7.88 1.69
0.12 94.88 -9.87 3.91
0 95.41 -13.89 4.31
0 94.65 -11.16 3.1
0 94.22 -12.89 3.95
0 94.36 -12.81 2.04
0 94.38 -11.25 3.54
0.02 95.37 -15.73 3.44
0 95.78 -17.93 3.45
0 95.59 -15.01 2.81
0 95.42 -14.21 2.63
0 95.14 -14.64 3.18
0 95.12 -14.77 3.7
0 95.02 -12.67 2.25
0 94.85 -12.94 1.47
0 94.85 -13.69 3.54
0.03 95.12 -15.1 3.59
0.01 95.26 -14.52 1.72
0.02 95.44 -14.97 2.36
0 95.85 -15.57 1.62
0 96.14 -14.26 3.12
0.01 95.69 -14.44 3.61
0 95.4 -15.26 3.9
0 95.18 -10.99 4.11
0 94.82 -3.79 2.76
0 94.53 -4.8 1.85
0 94.46 -8.02 1.51
0 94.3 -6.1 2.2
0 94.58 -5.76 2.47
0.02 93.68 -3.11 5.46
0.01 94.33 -3.52 2.78
0 94.01 -6.81 2.16
0.34 94.19 -8 3.44
0.04 94.95 -11.15 1.84
0.4 94.92 -10.34 0.86
2.72 95.2 -13.83 4.05
0 95.3 -12.78 2.2
0.06 95.23 -12.15 1.93
0.04 95.15 -11.97 1.47
0 94.41 -3.26 2.96
0.92 94.46 -5.31 1.82
4.12 94.91 -5.25 2.73
0 94.86 -4.06 2.01
0 94.75 -0.22 1.94
0 95.03 -0.64 1.7
0 94.63 1.87 2.24
0 94.14 2.82 3.93
5.49 93.98 0.77 2
0.12 94.72 -4.46 2.78
0 95.32 -4.94 1.67
4.79 94.7 -1.97 4.71
0.23 95.59 -9.59 3.48
0.03 95.05 -8.3 3.35
0 94.72 -7.17 3.6
0 94.71 -7.04 2.39
0 94.83 -4.54 3.36
0 94.47 -0.67 1.97
0.06 94 1.41 2.72
0 94.84 -2.02 3.68
0 94.55 -1.81 4.81
0 94.6 -4.31 4.98
0 94.92 -2.2 4.12
0 94.69 -0.43 4.13
0 94.03 2.6 3.1
0 93.35 7.39 2.28
0.01 94.13 2 4.52
0 95.23 -2.58 3.85
0 94.91 -5.66 4.52
0 94.67 -3.65 3.35
0 94.03 3.62 3.34
0 93.75 4.5 5.29
0 94.15 1.66 4.26
0 94.37 -1.15 2.18
3.89 94.95 -4.21 4.53
0 95.02 -3.05 3.48
0 94.76 -2.28 2.62
0 94.91 -2.86 5.03
0 96.24 -0.76 2.88
0 96.22 0.81 3.23
0 96.06 2.74 3.28
0 96.32 2.61 1.99
0 95.99 7.31 3.52
0 95.66 8.1 2.14
0 95.26 10.39 4.65
0 96.59 1.68 4.09
0 96.48 1.98 2.36
0 96.03 5.96 2.85
0 95.93 7.7 1.2
0 94.55 10.25 2.53
0.04 93.8 10.68 5.68
1.14 94.22 7.64 5.18
0 94.18 8.15 4.07
0 94.09 8.22 3.43
0.43 94.73 5.04 3.62
0 94.4 9.29 3.71
0 93.81 14.66 3.69
0 93.93 13.58 1.56
0.01 93.18 16.32 3.36
0 94.06 10.2 5.73
0 93.69 12.4 4.42
0.74 93.79 7.9 7.54
0.23 94.46 6.76 5.17
0 94.22 9.52 2.09
0 93.7 13.53 4.32
56.39 94.45 7 2.1
3.22 94.32 5.99 1.91
16.97 94.05 4.61 3.2
7.5 93.61 5.94 3.93
0.03 93.19 8.44 1.75
2.84 93.23 9.5 3.15
2.27 93.91 7.11 2.85
0 93.38 9.59 1.25
26.92 92.76 8.74 1.7
1.67 92.73 9.38 2.12
0.42 93.65 13.34 3.75
0.19 93.9 10.81 4.62
0 94.23 12.46 2.94
0.9 93.75 12.81 2.98
119.05 92.95 9.24 3.04
0.07 93.03 11.06 4.18
0 93.56 13.24 3.4
0.57 93.5 15.07 3.91
5.68 93.35 17.06 3.28
0 93.62 18.2 2.6
0.12 93.3 16.12 5.48
0.32 93.21 12.35 6.13
0 93.42 14.87 7.1
0 93.52 16.08 4.9
0 94.1 12.57 3.37
0 94.04 13.68 2.32
0.01 92.92 17.55 2.22
13.6 92.7 19.37 3.71
11.16 93.91 13.07 3
3.91 93.99 11.36 3.36
0.29 93.84 12.72 4.62
0 93.71 17.47 3.34
0 93.83 18.38 2.91
0 93.97 20.94 3.26
3.16 93.85 20.48 4.62
5.26 93.8 18.81 5.52
0.01 93.64 20.01 2.83
0.63 93.46 23.48 5.36
5.21 93.57 22.45 2.82
44.17 93.18 18.31 3.41
4.81 93.12 17.27 3.36
0.02 93.54 19.68 3.25
7.2 93.23 20.6 6.12
1.41 93.39 18.69 4.24
0.41 93.65 19.36 1.84
0.56 93.5 23.12 1.74
4.7 92.86 24.53 3.09
7.97 92.6 22.1 2.79
6.51 92.86 21.9 2.19
0 93.28 22.6 2.69
33.57 93.25 20.47 2.01
187.12 93.38 15.67 2.93
3.15 93.59 19.51 1.99
2.98 93.59 21.38 1.2
81.32 93.38 20.29 2.09
31.82 93.37 18.63 2.06
133.67 93.56 17.31 1.91
0.22 93.74 20.27 1.89
0 93.65 24.16 1.13
0 93.48 26.55 1.77
0.04 93.19 28.01 2.93
0 93.14 27.57 2.81
10.84 92.93 22.12 2.22
37.29 93.25 15.59 2.56
0.47 93.91 18.81 2.75
0 94.25 20.62 1.44
1.9 93.7 22.32 3.24
3.03 92.97 23.37 2.86
21.3 93.09 24.9 2.78
0.01 93.22 25.4 3.19
41.28 93.14 24.12 2.57
60.61 93.27 22.14 1.31
0.24 93.19 23.56 2.44
0 93.33 23.62 2.65
0 93.44 25.4 2.91
44.54 92.91 22.68 2.66
0.34 92.64 24.99 3.62
78.68 92.72 17.6 1.77
16.37 92.76 18.26 2.76
12.16 93.44 20.94 1.87
22.75 93.59 22.94 2.3
9.29 93.65 24.01 1.85
2.79 93.67 23.8 2.29
1.34 93.5 24.25 1.23
37.53 93.64 21.56 1.79
6.21 93.6 22.06 1.63
50.4 93.45 21.19 1.69
14.03 93.53 20.69 1.27
55.16 93.59 21.39 1.41
426.85 93.47 19.83 2.38
43.31 93.34 20.86 1.52
45.86 93.25 22.03 2.02
4.73 93.24 23.01 1.98
0.06 93.32 25.43 1.32
21.83 93.27 26.04 2.15
364.87 93.09 22.33 2.16
42.38 93.05 22.17 2.53
3.51 93.22 23.04 1.94
0.22 93.46 24.59 1.32
113.79 93.66 20.98 1.76
33.72 93.3 21.05 1.56
0.03 93.36 23.43 1.8
0.11 93.49 24.19 2.21
0.22 93.84 23.15 2.14
0.02 93.42 23.83 2.04
0 93.4 24.02 1.6
0.02 93.61 24.33 1.53
3.89 93.58 23.78 1.3
2.84 93.61 23.91 1.75
3.45 93.32 23.67 1.59
2.96 93.41 25.37 2.16
0 93.81 24.43 1.29
0 93.63 26.05 1.02
0 93.34 26.3 1.73
24.56 93.1 25.73 1.72
113.19 93.51 20.23 1.93
226.18 93.55 17.81 1.96
5.24 93.57 20.88 1.38
5.95 93.7 20.5 1.28
0.04 93.98 21.12 1.69
0.05 94.09 22.1 1.1
0 94.09 23.12 1.27
0.29 93.97 23.05 1.32
8.17 94.21 21.04 1.65
0 94.18 20.43 1.39
30.21 94.14 19.79 1.3
1.74 94.37 19.7 1.54
0.77 94.45 21.25 1.37
4.42 94.24 19.65 2.2
2.54 93.92 20.73 1.33
0.3 93.82 21.97 1.37
0 93.77 23.11 1.33
6.03 93.53 22.25 3.04
0.43 94.07 18.77 1.72
0 93.85 20.05 1.57
2.33 94.4 17.62 2.64
0.13 94.31 18.48 1.63
0 94.38 17.67 1.39
0 93.88 19.41 1.25
10.29 93.54 18.2 3.36
1.07 94.18 13.2 1.73
0.05 94.73 12.81 1.83
1.22 94.94 13.65 2.12
2.06 94.4 16.77 2.23
0.15 94.14 17.67 2.12
0.02 93.72 19.79 3.33
18.25 93.82 16.89 2.12
13.15 94.11 13.13 1.39
35.67 94.44 11.84 2.05
0 94.82 8.58 2.27
0 95.24 9.2 2.44
0 95.05 10.22 1.39
0 94.71 11.81 1.69
0 94.32 13.41 1.45
0 94.43 14.48 2.49
0 94.26 14.96 1.97
0 94.01 17.73 3.01
0.02 94.31 17.74 1.69
0.07 94.43 19.07 3.36
0.03 94.24 18.74 2.28
9.86 94.1 14.87 1.9
0.06 94.6 7.35 3.07
0 95.07 6.02 2.65
0 95.13 6.7 3.11
0 95.59 7.85 3.76
0 95.22 9.3 1.43
0 94.53 11.19 2.28
0 93.99 11.95 3.29
0 94.59 9.66 1.98
0 94.53 10.65 1.27
0 94.26 14.52 2.17
0.03 94.76 13.24 3.2
0 95.26 8.98 1.16
0 94.96 12.19 1.61
0 94.38 14.54 1.42
67.15 93.8 10.25 1.7
1.42 93.76 8.77 2.48
0.56 93.39 7.62 2.88
0.96 93.89 8 4.52
0 94.86 4.72 1.91
0 94.9 8.47 1.36
0 94.66 11.05 2.12
0.01 94.51 14.43 3.59
0 94.48 13.66 1.93
0.22 94.4 11.46 1.55
41.69 94.99 3.87 3.62
0 95.29 1.74 3.43
0 95.26 4.14 1.89
0 94.82 5.74 1.49
0.71 94.67 6.96 2.59
0 94.97 6.45 1.7
0 94.61 7.14 1.49
0 94.41 9.16 3.53
0 94.6 10.06 4.39
2.64 94.83 10.57 2.81
0.02 95.43 3.9 1.49
0.57 95.08 7.61 1.69
3.24 94.87 9.42 3.56
0.07 95.62 1.59 2.51
0.02 95.44 0.02 0.81
0 95.35 2.93 1.25
0 95.32 3.01 1.47
0 95.11 1.82 1.16
0 94.46 2.28 1.08
0 93.86 4.37 2.19
0 94.16 4.9 3.6
0.02 94.95 -2.7 2.7
0 95.02 -5.25 1.81
0 95.04 -4.42 1.46
0 95.31 -2.93 1.55
15.42 94.64 -0.5 0.69
1.73 94.5 -1.61 2.62
0.42 94.66 -5.99 3.55
0 95.11 -6.99 2.63
0 95.1 -4.43 2.07
12.84 94.78 -6.41 2.75
0.37 95.34 -7.97 2.76
0 95.04 -8.93 0.82
0.04 95 -6.98 1.39
0.59 94.37 0.18 2.4
0 94.46 -0.83 1.38
0 95.34 -4.55 2.08
0 95.85 -9.27 1.4
0 96.12 -8.69 1.91
0.06 95.34 -7.87 0.87
0.02 94.67 -5.4 1.05
0 94.87 -6.6 1.2
0 95.2 -8.72 0.84
0.33 95.4 -9.53 0.77
0.36 95.39 -7.17 0.67
0.31 95.68 -8.86 2.47
0.01 95.96 -12.43 3.55
0 95.56 -11.43 3.2
0 94.73 -6.51 5.6
0 94.82 -3.98 3.05
0 95.25 -7.21 1.74
0 94.52 -4.12 2.9
0 95.28 -10.07 4.64
0 95.48 -13.72 3.26
0 95.57 -12.28 4.15
0 95.34 -10.48 2.19
0 95.4 -10.56 2.31
0 95.31 -11.5 0.97
0 94.96 -10.39 2.2
0 94.94 -9.92 4.43
0 95.13 -11.9 2.87
0 94.69 -9.77 3.71
0 94.85 -13.17 2.04
0 95.35 -12.24 1.84
0 95.58 -10.54 2.12
0 95.13 -6.68 2.43
0 95.55 -11.42 1.47
0 95.83 -15.04 1.01
0.04 95.26 -12.66 0.56
0 95.09 -9.85 1.79
0.07 95.49 -11.54 2.03
0.18 94.89 -11.95 2.72
0.07 95.08 -12.89 4.51
0 95.28 -12.08 2.77
0 95.09 -11.32 1.75
0 95.89 -14.84 1.17
0.06 95.76 -15.07 0.79
0 95.35 -12.36 1.44
0 95.32 -13.42 0.85
0.05 95.39 -12.71 3.37
0 95.42 -12.65 3.08
0 94.6 -6.87 3.56
0 94.86 -8.74 2.62
0 94.79 -8.93 2.61
0 94.5 -10.46 0.74
0.03 94.37 -8.72 1.34
0.05 94.56 -12.57 0.99
0 94.7 -10.87 1.26
0 95.16 -11.85 1.15
0.01 95.85 -14.96 3.14
0 95.68 -18.46 3.29
0 95.31 -18.02 2.78
0 94.8 -17.33 2.26
0 94.66 -16.71 2.87
0 94.26 -14.11 3.42
0 94.39 -13.9 1.75
0 94.91 -15.62 1.47
0 95.13 -15.02 1.93
0 95.52 -15.8 1.69
0.02 95.12 -17.48 1.23
0.1 94.69 -17.05 4.16
0 95.46 -18.08 4.5
0 95.43 -16.13 3
0 94.48 -13.53 3.25
0 94.55 -10.11 2.71
0.05 94 -6.61 2.43
0.02 94.68 -14.1 5.14
0 94.85 -16.58 5.11
0 94.42 -13.26 5.57
0 94.6 -11.08 3.34
0 94.93 -11.41 3.19
0 94.99 -11.31 1.5
0 94.64 -8.71 3.08
0.02 94.4 -4.25 2.47
0.11 95 -9.63 3
0 94.92 -10.6 2.98
0.03 95.01 -12.33 3.49
0 95.14 -13.73 4.9
0 95.02 -10.54 3.68
0 94.42 -5.53 3.05
0 94.59 -9.17 2.37
0 94.32 -10.74 1.04
18.68 93.97 -9.29 2.31
0 94.89 -7.87 2.52
8.18 94.77 -6.85 2.26
0.01 95.21 -9.41 3.41
0 95.13 -8.45 2.95
0 94.59 -6.35 1.16
0 94.2 -1.89 2.59
0 94.4 -0.42 2.28
18.59 95 -4.72 0.96
0.19 95.18 -8.61 1.56
0.21 95.08 -6.89 1.46
0.04 94.45 -2.05 2.1
29.58 93.79 -4.62 1.86
26.5 93.86 -4.78 2.65
0.02 94.48 -4.84 4.16
0 95.19 -9.18 4.12
0 94.86 -9.3 1.87
0.13 94.79 -8.72 4.46
0 95.24 -8.56 4.08
0 94.91 -6.43 1.74
0 94.28 -2.24 3.21
0 94.81 -1.26 2.04
0 94.38 3.23 3.38
1.37 93.5 6.14 4.75
9.83 94.29 -3.8 3.87
13.07 95.08 -8.73 1.81
0 94.81 -2.67 2.42
0 94.75 -0.25 2.15
0 94.11 4.31 3.79
0 94.7 1.65 1.75
2.47 93.81 1.5 5.13
0 94.26 -1.03 6.08
0 94.69 0.06 3.55
0 94.38 5.27 2.51
0 94.62 8.07 3.61
0 94.73 9.71 3.71
0.15 93.76 9.48 8.61
0.3 94.41 0.29 5.21
0.18 94.41 -1.31 4.82
0 94.37 -0.59 2.02
1.11 94.29 1.01 3.09
0 93.92 3.79 4.86
0 93.77 4.09 5.41
0 94.01 3 5.28
0.11 94.35 3.67 2.39
0 93.84 10.68 3.86
0 94.03 9.98 5.42
0 93.87 13.21 3.45
1.95 93.65 13.56 6.3
1.35 94.02 7.29 4.73
0 93.46 11.83 3.56
0 93.3 14.26 3.27
0 93.3 15.32 3.21
4.54 94 8.21 4.13
0 94.21 8.51 2.53
0 93.26 16.68 4.48
0 93.32 19.17 4.12
1.85 93.68 15.68 4.71
8.06 94.21 13.74 3.64
0.6 93.67 13.09 2.71
0.08 93.05 14.58 1.82
0.31 92.97 18.57 4.3
223.43 93.55 12.25 3.42
52.33 93.49 8.99 4.66
0 92.84 10.99 3.64
0.1 92.58 10.79 8.05
0 93.77 9.21 3.22
0 93.76 12.93 2.76
0.4 93.5 18.1 3.96
0.25 94.14 16.09 2.56
16.87 93.63 17.11 2.25
0 93.67 20.74 2.16
0.26 93.87 19.87 2.6
0 93.91 17.59 3.17
0 93.55 17.26 2.41
3.87 93.54 16.21 2.08
0 93.76 18.31 2.23
0.03 93.96 20.4 2.52
5.35 94.25 19.23 3
103.53 94.23 13.35 1.81
15.58 93.68 13.87 2.98
20.53 93.45 10.47 2.58
1.21 93.43 11.43 4.47
0.01 93.19 11.64 3.65
3.08 92.95 12.04 5.7
0.02 93.4 15.71 1.32
0 93.27 22.8 4
2.56 93.89 19.91 2.96
2.31 94.2 18.17 1.9
0.07 94.03 20.48 4.38
1.87 93.76 19.76 4.2
1.1 93.91 17.02 3.3
0 93.91 16.77 3.31
0 93.7 18.07 2.5
0 93.37 19.64 2.65
0 93.8 20.42 2.48
0 93.89 23.17 2.51
6.69 93.94 20.29 2.55
51.19 94.37 14.39 2.95
0.12 94.44 16.66 1.47
9.89 93.95 17.13 3.26
6.17 93.74 16.12 3.36
29.12 93.5 15.64 2.27
12 93.22 18.74 3.97
0.42 93.44 20.7 2.15
1.94 92.99 20.04 2.71
9.03 92.88 22.15 2.18
23.69 92.86 22.34 2.26
21.08 92.72 21.6 3.46
8.6 92.88 17.29 3.42
2.28 92.57 16.05 3.36
18.6 92.68 16.12 2.87
252.2 93.33 13.01 2.13
327.83 93.54 13.67 2.09
253.5 93.55 14.97 3.06
6.72 93.39 18.89 1.65
3.53 93.29 21.75 1.67
2.45 93.48 21.61 1.72
6.96 93.23 21.29 1.59
14.25 93.26 21.43 1.67
1.29 93.41 21.59 1.24
35.66 93.37 21.01 1.44
0.39 93.1 22.47 1.86
55.96 93.14 21.89 2.32
32.06 93.5 20.67 2.71
9.48 93.86 22.72 2
0.89 94.04 23.04 1.68
1.92 93.76 20.75 1.97
30.48 93.34 21.59 2.18
0 93.23 23.74 2.25
0.82 92.83 24.55 4.49
2.07 92.89 22.61 4.29
1 92.87 22.29 2.93
0.03 93.22 23.17 1.54
0.66 93.35 23.02 1.56
0.42 93.25 23.46 1.56
13.54 93.21 23.93 1.76
38.45 93.19 25.16 2.14
8.78 93.23 25.5 2.01
139.13 92.85 21.54 1.82
31.86 92.68 18.97 2.96
93.04 93.07 18.29 3.52
14.77 93.59 20.16 2.55
0 93.58 21 1.78
0 93.6 22.47 1.37
0 93.82 24.44 1.2
0 93.87 25.13 2
0.04 93.69 25.15 2.36
1.37 93.59 25.15 1.47
4.3 93.52 25.07 1.73
32.34 93.44 23.64 1.21
327.74 93.07 21.51 3.41
0 93.54 22.97 1.22
0 93.72 23.9 1.78
3.11 93.63 24.32 2
31.3 93.24 25.77 4.17
0.84 93.67 23.9 1.67
83.24 93.16 22.72 2.15
7.28 92.91 23.52 4.34
0.14 93.55 21.9 1.18
26.62 93.85 19.87 1.53
93.9 94.02 18.76 1.72
61.57 93.95 19.49 1.26
6.01 93.95 21.88 1.62
35.59 94.03 21.76 1.71
0 94.19 23.03 1.13
0 94.02 24.05 1.19
0 93.6 26.04 2.1
5.26 93.54 24.53 1.83
1.58 93.83 23.27 1.22
0 93.65 24.49 1.54
12.01 93.76 20.1 2.48
29.3 93.81 17.37 2.17
0.47 93.9 19.56 1.46
1.69 93.56 19.06 2
8.95 93.66 21.12 1.95
0 93.97 22.03 1.65
0.04 93.53 23.39 3.28
100.61 93.59 23 2.41
0.85 93.7 20.58 1.57
4.25 93.68 19.79 2.66
3.34 94.26 16.34 1.9
0.02 94.39 16.24 1.95
0 94.1 21.11 2.53
0 94.03 22.45 2.01
0.24 93.9 22.88 2.57
1.15 93.96 22.15 1.11
4.01 93.85 21.73 1.72
0.58 93.47 22.72 2.04
0.37 93.6 23.45 2.96
0 93.81 24.88 2.14
0 93.94 25.36 2.59
0.41 93.96 24.96 1.9
235.72 93.94 15.69 3.21
9.36 94.29 13.57 2.62
0.15 94.31 12.42 2.2
0.79 94.39 16.15 1.7
0 94.3 19.78 1.95
8.23 94.42 18.25 1.41
0.41 94.35 17.22 1.11
0 94.29 18.74 0.98
0 94.2 21 1.3
21.22 93.88 19.37 2.6
111.34 93.93 12.65 4.21
0.24 94.05 11.37 2.99
0 94.42 14.13 1.39
0.03 94.89 14.23 1.01
0 95 13.72 1.27
0 94.39 14.31 2.48
0 93.89 16.26 3.07
0.07 93.85 15.98 1.73
0 94.05 17.83 1.77
1.33 93.96 18.46 2.45
0.55 94 17.42 1.3
1.21 94.35 15.72 1.43
0.18 94.62 15.66 1.3
27.97 94.49 14.35 1.98
0.72 94.75 14.25 1.58
36.17 94.36 10.01 1.5
36.54 94.38 9.9 7.53
0.39 94.56 11.14 3.55
0 94.55 11.69 1.83
0 94.36 12.93 1.54
0.37 94.17 14.36 2.32
0.44 94.03 13.23 3.46
0 94.16 13.32 2.54
0 94.72 10.6 1.93
0 95.09 11.81 1.04
0 94.94 14 1.43
0 94.42 16.5 2.89
12.14 94.03 12.55 3.6
0 94.53 8.78 2.57
0.02 94.12 10.77 2.41
0 93.96 12.99 2.53
0.06 94.37 8.18 4.1
0 94.76 6.76 2.39
0.01 94.85 7.07 2.1
18.6 94.21 9.18 4.06
0 94.25 4.22 4.12
0 94.37 5.74 2.81
0 94.18 7.85 2.19
0 94.62 6.63 1.2
74.48 94.89 1.24 1.09
91.51 94.34 1.9 1.65
0 94.01 6.32 2.07
0 93.76 9.74 4
0 94.39 8.69 2.05
0 94.4 11.47 2.44
3.41 94.31 10.33 3.3
0 95.22 2.59 1.32
1.94 95.09 -0.45 2.52
0.03 94.66 -0.46 2.71
0.01 94.52 -0.76 2.29
0 94.46 2.07 1.49
0 94.66 0.25 2.05
4 94.77 -1.02 1.5
197.81 94.48 -1.72 29.28
62.78 94.67 -1.08 3.16
0 94.64 -4.23 0.65
0 94.31 -1.44 1.97
0 94.56 -1.29 1.14
0 94.96 -3.2 0.92
57.87 94.66 -3.06 0.71
97.57 93.41 -2.85 5.85
0.1 93.86 -4.68 3.45
0 93.93 -6.72 4.82
0 94.71 -4.98 2.89
0 94.95 -6.69 0.81
21.1 94.46 -3.12 1.07
0 94.38 -5.2 26.59
0 94.04 -5.5 3.43
0.01 94.65 -3.57 3.39
0 94.68 -5.1 1.67
0 94.36 -2.77 2.23
5.54 94.87 -6.08 2.07
0 94.74 -7.21 2.62
0 94.2 -5.87 2.21
0 94.17 -3.34 4
0 94.24 -8.1 3.06
0 93.29 -4.45 3.8
0.01 94.08 -7.29 4.69
0.01 94.62 -9.92 2.46
0 95.32 -13.75 2.27
0.09 94.91 -14.87 1.34
0.1 93.84 -5.12 3.38
0.57 94.09 -8.43 4.2
0 94.34 -11.41 2.23
0 94.37 -13.63 3.62
0 94.3 -15.35 3.26
0 94.48 -16.89 2.91
0.01 94.48 -17.88 3.96
0 94.62 -11.59 4.08
0.03 95.23 -14.46 1.41
0.01 95.38 -14.11 0.8
0.04 94.78 -12.01 1.84
0.01 94.84 -9 1.47
20.67 94.96 -11.85 0.81
0.51 94.73 -10.47 0.97
0.76 95.08 -12.87 1.14
0 95.43 -13.57 4.04
0 95.5 -15.75 2.1
0.01 94.95 -15.24 0.85
0.09 95.06 -12.9 30.31
3.63 95.09 -11.15 3.82
0 95.53 -16.67 2.78
0 95.3 -20.26 2.68
0 94.46 -18.26 5.03
0 95.6 -19.41 2.17
0 95.32 -19.08 1.07
0 94.77 -13.78 1.28
9.03 94.79 -15.59 0.75
16.64 94.82 -13.26 4.33
0 94.44 -15.53 3.82
0.02 93.9 -15.19 2.41
0 94.36 -18.77 4.24
0 95.45 -18.97 4.24
0 96.02 -16.09 2.54
0 95.07 -16.82 1.02
0 94.93 -14.49 1.59
0 94.8 -15.29 1.32
0 94.72 -15.46 1.36
0.02 95.12 -17.35 1.82
0 94.92 -15.13 2.42
0 94.78 -15.14 1.09
0.61 94.44 -13.82 0.62
0 94.53 -12.33 1.7
0 94.52 -13.72 0.74
0 95 -10.72 2.08
1.36 94.71 -14.22 1.33
0 95.43 -14.97 2.35
0 95.66 -11.8 2.22
0 94.7 -6.5 2.31
0 95.21 -10.26 0.89
14.86 95.22 -10.08 0.91
1.32 95.31 -10.03 1.44
0 95.03 -14.21 1.07
0.01 93.92 -7.72 3.02
0.02 94.51 -14.5 4.47
0 94.55 -16.03 1.46
0.06 94.87 -15.28 1.18
0.02 94.76 -11.48 1.74
0 94.37 -6.52 1.11
0 94.62 -7.31 1.05
0.02 94.51 -5.66 1.39
0.74 94.45 -6.61 1.84
0.27 95.11 -8.83 4.11
0 95.17 -11.05 2.78
0.6 94.15 -9.99 3.35
0 94.95 -10.15 2.84
0.01 94.49 -8.02 2.12
1.36 94.82 -15.95 4.19
0 95.61 -18.73 4.62
0 95.46 -17.35 1.41
0.41 94.62 -12.74 2.18
0 95.24 -13.73 2.03
0.03 95.25 -13.22 1.74
0 94.56 -7.87 88.67
0 94.36 -5.29 2.99
0 95 -10.1 2.61
0 94.91 -10.75 1.35
0 94.16 -6.75 2.4
0.01 94.22 -6.15 4.17
0 94.92 -12.17 4.23
0 95.04 -13.49 2.4
0 95 -12.29 1.85
0 94.86 -8.29 3.67
0 95.1 -7.86 3.16
0 95.04 -5.26 1.45
0 95.19 -7.62 1.81
5.23 94.97 -7.93 1.8
0.14 94.14 -0.65 3.36
0 94.09 0.57 2.89
0.07 93.56 -3.14 6.41
0 95.35 -8.87 5.47
0 95.31 -6.13 1.58
0 94.29 -0.36 3.83
0 94.62 1.43 2.34
0 94.01 5.5 3.22
0 93.97 3.66 1.86
0 93.35 5.08 2.36
0 93.27 -0.98 2.19
0 93.41 -3.84 5.73
0 94.78 -1.3 1.84
0 94.03 4.95 4.04
11.59 94.07 -0.45 3.89
0 95.21 -6.73 4.12
0 94.65 0.3 3.14
0 94.26 5.31 3.06
0 94.63 5.37 3.31
0 93.24 7.67 4.04
0.68 93.34 -3.03 3.99
45.8 94.12 -8.69 2.25
0.12 94.47 -7.99 2.68
0 93.22 1.02 6.39
0 94.24 -3.76 2.53
22.85 93.93 -6.14 3.81
0 94.63 -5.59 2.72
0 94.45 -2.57 1.54
0 93.46 4.29 4.17
1.25 93.73 0.53 4.6
0 94.55 -1.73 4.1
0 94.77 -2.73 2.37
0.25 94.61 -0.51 1.68
19.73 94.34 0.56 2
130.43 94.52 -0.25 2.77
0 93.97 3.51 2.65
0 94.08 4.72 2.79
15.79 94.23 -1.71 2.41
66.09 94.5 -1.88 3.31
0 94.25 -1.04 2.47
0.26 93.33 1.61 3
24.86 93.38 -0.06 3.89
2.4 94.36 -0.56 4.02
1.02 94.19 0.92 4.31
0 94.24 1.78 3.72
0 93.75 8.41 3.58
0.14 93.34 6.16 4.73
0 93.56 2.29 5.59
0 93.3 3.45 2.43
7.75 93.61 3 3.21
71.54 93.9 0.39 2115.91
2.8 94.89 -0.09 5.37
0 94.9 1.59 2.4
0 94.57 4.87 3.19
0 94.2 8.27 2.08
0.14 93.61 12.42 5.04
95.03 93.74 6.32 2.2
0.28 93.67 7.41 3.83
0.01 93.76 8.3 5.73
0 93.8 9.87 1.71
0 93.71 13.82 2.28
1.3 93.5 12.43 3.71
0.06 93.78 11.33 6.57
0.17 94.26 10.64 6.16
0.13 94.31 10.86 2.03
0.67 94.17 12.26 2.49
1.48 94.36 12.71 2.08
0 94.06 17.39 2.66
0 94.31 20.75 1.47
0 94.24 22.04 2.65
0 94.22 22.29 3.18
0.09 93.92 22.77 4.91
22.49 93.65 14.12 2.2
25.88 92.8 14.23 4.19
0 92.45 17.43 5.53
0 93.01 16.29 3.05
0 92.99 19.08 2.63
0.25 93.68 15.83 5.19
0 94.57 15.76 2.44
0 94.41 17.54 2.27
0.87 93.75 19.2 3.09
0 93.19 20.69 3.52
15.64 92.61 15.92 6.24
0 92.59 17.75 4.6
0 93.01 19.22 2.7
0 93.85 19.95 2.42
8.13 93.6 24.93 4.48
0.59 94.26 17.94 2.3
0 93.82 21.27 2.27
0.59 93.51 22.55 3.69
0.72 93.31 20.52 4.37
0.66 93.17 19.78 3.32
0 93.47 18.72 4.71
0 93.27 23.8 3.37
0.02 92.87 25.97 4.31
0 93.61 19.85 2.55
2.68 93.27 18.79 3.53
0.02 93.59 18.47 3.63
4.79 94.13 17.77 2.58
9.93 93.95 19.59 2.02
10.59 93.73 19.95 3.49
1.74 93.57 22.43 2.98
0.48 93.43 22.62 4.01
90.81 93.87 16.08 2.06
0.65 94.08 17.54 1.63
3.76 93.82 15.93 2.24
1.22 93.56 17.58 1.69
0.02 93.56 23.2 3.67
0.15 93.55 24.64 4
2.95 93.48 25.06 2.82
244.34 93.54 18.51 2.81
3.94 93.23 20.95 1.57
45.85 92.94 20.25 1.86
0.18 93.28 23.33 1.77
0 93.8 23.3 2.28
0.02 93.95 23.89 1.9
1.22 93.67 22.33 1.32
11.4 93.35 21.9 1.55
107.82 93.18 21.09 2.17
45.81 92.9 21.57 2.3
284.73 92.65 19.61 1.6
77.17 92.82 21.69 3.02
108.46 93.23 20.57 2.01
65.33 93.21 22.64 2.82
21.09 93.16 23.65 3.79
33.77 92.96 23.56 2.18
125.47 92.59 22.32 2.7
0.02 92.55 24.18 3.76
1.02 92.58 24.16 2.65
0.37 92.92 24.44 2.33
0.75 93.07 24.65 2.3
5.52 92.86 26.13 3.83
27.31 93.21 24.17 1.96
38.06 93.42 22.17 1.8
0.47 93.65 22.88 1.44
0.32 93.63 22.56 1.16
8.96 93.59 22.9 2.29
27.85 93.77 22.1 2.05
0.04 93.72 24.65 1.47
195.69 93.02 21.88 1.59
50.16 92.9 22.62 3.32
0 93.44 23.67 2.37
0.11 93.29 23.01 2.33
136.97 93.29 20.41 2.73
2.08 93.51 21.33 1.63
0.17 93.47 23.89 1.53
43.96 93.32 23.54 2.3
17.12 92.92 23.67 2.13
0.42 93.02 23.49 3.12
0 93.34 24.13 1.82
0.02 93.32 25.17 1.59
69.68 93.1 22.64 1.36
2.36 93.06 24.92 2.23
0.32 92.99 24.86 1.42
0.74 92.78 26.38 1.39
6.87 92.88 26.25 1.67
6.08 93.15 25.73 2.64
0.18 93.38 26.09 2.67
0.8 93.2 25.84 2.74
20.17 92.86 26.33 2.83
6.96 92.72 25.75 1.96
17.35 92.85 26.13 2.73
6.81 93.16 26.05 2.62
4.86 92.94 26.48 2.37
14.2 93.14 23.73 1.84
0.64 93.51 25.68 1.37
2.73 93.58 27.36 2.96
16.96 93.28 25.27 3.02
1.85 93.3 25.83 3.05
34.9 93.24 26.34 2.01
3.66 93.33 25.42 1.96
307.69 92.78 24.12 1.42
0.03 94.93 25.23 2.81
0 93.84 21.76 2.86
0 94.09 21.26 1.93
1.46 94.05 20.41 1.03
1.18 93.6 23.83 2.37
0.11 93.78 22.64 2.31
0 94 22.42 1.74
0.01 93.99 22.61 1.34
12.62 93.68 21.86 1.49
3.37 93.81 18.99 2.06
13.39 93.68 19.18 1.64
157.43 93.09 18.52 1.27
36.89 93.4 14.12 3.3
0.06 94.02 15.71 2.57
64.67 94.09 16.2 2.06
0.47 94.34 14.95 1.81
1.98 94.49 15.38 1.43
0 94.57 15.64 1.33
1.95 94.44 16.66 1.59
171.79 94.41 13.8 1.83
52.66 94.47 13.7 1.07
1.59 94.51 15.89 1.06
1.02 94.44 17.68 1.4
3.73 93.97 18.2 1.77
0.04 94.09 17.47 1.32
0 94.1 17.28 2.59
0.95 93.87 20.48 2.9
10.8 93.22 19.7 3.71
0.1 93.62 18.94 3.7
0 94.23 13.71 1.89
0.51 93.89 16.34 1.59
1.94 94.5 15.9 1.62
9.17 94.91 14.26 0.69
6.05 93.93 19.63 3.37
0 94.39 17.96 1.59
0.02 94.35 18.8 1.27
0.62 94.21 18.51 2.92
16.01 94.63 12.28 3.34
0 94.85 8.59 2.43
0 94.67 10.81 2.08
0 94.29 12.11 2.16
0 93.61 18.21 3.64
0 93.71 16.68 2.89
0 94.68 12.56 1.41
0.75 94.54 13.7 1.75
127.08 94.6 10.8 2.29
0 94.69 10.71 3.23
0 94.44 9.26 1.78
0 93.75 17.81 4.15
0 94.86 13.03 1.12
0.01 94.77 15.39 2.45
0.02 95.1 12.1 2.35
0.13 94.56 11.27 1.93
0 93.57 15.9 3.19
4.46 93.69 13.15 4.6
0 94.12 10.32 3.77
0 94.61 11.54 1.72
10.54 94.57 11.43 2.92
1.06 95.5 3.36 5.17
0 95.48 2.76 1.08
0 95.07 7.38 1.38
0 95.06 7.04 1.22
0 94.83 11.49 3.13
54.21 95.06 9.23 1.51
0.55 95.11 6.96 2.03
0 94.94 5.89 1.27
44.12 94.8 4.99 2.2
16.7 94.75 1.02 2.34
0 94.95 3.85 4.09
0 95.22 5.77 3.04
0 94.75 4.75 1.32
0 94.18 7.61 2.13
1.56 94.76 5.93 1.72
1.59 95.29 4.22 2.81
0 95.21 3.85 1.84
0 95.32 4.46 0.81
0 95.06 4.47 1.38
0.73 94.52 8.96 2.5
0.69 94.86 7.29 3.49
0 95.18 5.57 1.82
0.01 94.42 6.79 2.71
0.1 94.03 5.75 4.18
0.01 94.41 2.75 2.93
0 94.47 2.24 2.29
0.03 95.07 1.39 3.59
0 94.99 -1.77 4.35
0 95.05 1.25 2.5
0 94.96 1.78 1.83
0 94.32 1.92 2.35
0 94.11 2.85 3.57
0 94.08 3.04 2.26
0.1 94.26 1.6 3.77
0.01 94.63 -3.59 4.81
0.02 94.84 -4.02 6.63
0 94.74 -3.9 4.13
0 94.77 -1.96 2.93
0 94.96 -2.99 1
0 94.7 1.52 1.98
0 94.43 1.44 2.11
0.01 94.12 -0.53 2.36
0 93.94 -4.31 5.06
0 94.07 -7.63 3.84
0 94.29 -10.6 7.11
0 94.49 -5.46 3.96
0 94.09 0.87 3.51
0 94.76 -2.59 2.4
570.82 94.48 -0.25 3.31
570.82 94.26 -0.25 1.41
570.82 94.54 2.39 2.45
570.82 94.57 1.56 2.75
570.82 94.76 -1.43 2.94
570.82 94.33 -2 1
570.82 94.41 -4.75 1.41
570.84 94.41 -4.41 2.51
570.83 94.62 -6.28 3.08
570.92 94.07 -8.16 3.39
570.96 94.06 -9.06 2.12
570.82 94.22 -12.09 4.49
570.82 94.51 -11.76 2.96
570.82 94.89 -8.81 3.31
570.82 95.47 -8.23 1.58
570.82 95.44 -10.17 1.43
571.56 95.72 -12.62 2.43
570.92 95.34 -13.72 2.89
570.9 95.22 -12.47 2.9
570.83 95.62 -11.56 2.05
570.82 95.65 -10.53 1.16
570.82 95.35 -10.25 0.91
570.82 95.53 -9.46 1.17
570.82 95.42 -9.56 0.87
570.85 94.89 -6.6 3.03
570.86 95.37 -10.47 4.26
570.82 95.03 -11 1.59
570.82 94.56 -10.6 2.98
570.82 93.83 -5.68 4.23
570.82 93.66 -4.83 3.84
570.82 93.28 -3.41 4.59
570.82 93.71 -3.81 3.07
570.82 93.96 -2.82 3.41
570.82 94.59 -5 2.6
572.35 94.47 -7.72 1.81
572.75 94.75 -9.17 1.81
570.83 94.39 -6.76 3.01
570.82 94.99 -7.32 2.3
570.82 95.41 -14.54 3.07
570.82 94.99 -13.92 2.57
570.82 95.01 -11.46 2.46
570.82 95.11 -10.16 2.29
570.82 95.62 -12.98 1.7
570.82 95.34 -13.22 1.63
570.82 95.36 -11.09 2
570.82 95.17 -7.5 2.01
582 95.26 -10.85 1.57
570.82 95.16 -10.56 1.54
570.82 95.4 -8.19 2.02
570.97 94.39 -6.84 4.48
570.83 94.95 -10.55 4.11
570.82 95.09 -9.95 2.28
570.82 94.41 -6.21 1.79
570.82 93.59 -0.91 3.11
570.82 94.24 -3.55 1.95
570.82 95.16 -9.5 2.84
570.82 94.62 -6.99 4.12
570.82 94.11 -4.57 4.16
570.82 94.66 -7.29 3.83
570.82 93.34 -0.48 5.44
570.82 94.12 -7.4 3.43
570.82 94.22 -7.39 1.87
0.08 93.79 -4.49 2.08
0.02 93.85 -4.52 5.57
0 94.69 -13.24 3.99
0 94.84 -11.42 2.14
0 95.03 -12.36 1.44
0 95.3 -10.47 1.62
2.5 94.97 -11.24 1.36
14.4 95.05 -12.97 2.72
0 95.64 -15.22 3.12
0 95.42 -14.7 1.39
0 94.87 -12.01 1.3
0 95.53 -13.63 1.3
0 95.42 -13.1 2.06
0.06 94.63 -5.88 3.07
0 94.71 -6.46 1.92
0.03 95.31 -7.17 2.23
0 95.85 -10.2 1.52
0.62 95.37 -9.58 1.36
1.78 95.14 -9.86 1.91
0 95.03 -7.53 1.34
0 95.01 -4.53 2.24
0.16 95.57 -8.68 1.52
0.04 95.35 -5.79 1.14
0 94.88 -1.89 1.55
0 94.72 2.7 1.78
0.25 94.45 4.23 3.76
0.76 95.17 -3.95 4
0.03 94.83 -7.29 1.93
0 94.73 -5.73 1.59
0.29 94.66 -5.99 2.42
0.91 94.67 -6.59 1.96
2.53 95 -6.06 2.8
0 95.02 -7.43 2.9
0 95.18 -8.01 3.11
0 95.18 -6.25 2.45
0 94.72 -6.07 2.03
0 95.02 -5.51 2.31
0 94.44 -2.39 2.11
0 94.29 0.88 3.87
0 94.96 -2.06 4.51
0 94.54 -2.21 1.84
0 94.02 2.18 3.69
0 93.78 7.12 2.72
0 94.12 4.64 2.3
0 93.67 7.95 5.52
0 94.81 3.56 2.04
0.04 94.74 3.31 5.33
0 95.04 3.64 4.93
0 94.42 6.86 3.39
0 94.52 7.75 3.15
0 94.71 8 2.65
0 93.73 13.31 5.15
0 93.77 12.15 2.5
0 93.79 11.27 2.89
0 93.78 10.46 3.36
74.54 93.58 11.33 3.19
37.29 94.08 9.39 2.08
0 94.27 11.16 2.43
0.25 94.36 8.66 1.87
0 93.81 11.86 2.81
0 94.58 7.3 3.83
0 94.94 1.82 4.7
0 94.11 6.2 4.61
0 94.7 5.15 4.24
0 94.07 13.93 4.21
0 94.06 14.06 1.59
0 93.87 15.01 2.69
0 94.17 10.97 4.52
0 94.84 8.97 2.05
0.53 94.45 10.51 2.22
0.23 94.15 11.81 1.99
0 94.29 13.71 1.4
0 94.19 18.06 3.34
0 94.81 12.33 2.92
0 94.08 13.45 2.42
9.93 94.13 6.32 3.11
0.03 94.81 6.95 2.64
31.58 94.56 6.9 2.56
0.03 94.15 9.03 60.63
0 94.26 11.39 4.01
0 93.93 13.8 2.68
0.32 93.59 16.27 3.62
1.41 93.81 18.13 4
0.17 94.31 16.7 3.86
37.98 94.59 11.3 3.41
0 94.9 12.17 2.65
0 94.75 13.11 1.89
0 94.11 14.87 1.51
0 93.53 19.34 1.78
2.05 93.52 18.04 4.67
197.29 94.18 6.08 5
11.01 93.7 7.17 5.78
9.47 93.94 4.69 5.77
0.06 94.17 7.71 4.73
0.05 93.57 11.93 2.4
45.9 93.67 6.93 4.41
0.27 94.18 11.04 1.77
88.93 94.46 9.66 2.52
2.42 94.31 11.68 1.94
191.94 93.51 8.69 2.57
52.69 92.61 14.79 3.98
0 92.82 16.9 4.16
0.04 93.17 13.4 3.65
0 92.93 13.41 3.56
0.02 93.74 16.34 3.23
1.56 94.06 16.1 1.99
1.98 93.7 18.12 2.95
51.32 93.32 16.34 2.45
1.6 93.39 17.2 3.22
0.01 93.53 18.76 2.31
0 93.49 21.8 2.23
0.22 93.78 25.44 3.68
41.98 93.63 17.66 2.68
0.22 93.2 16.7 5.89
0 92.7 21.02 4.43
29.57 92.51 18.22 2.65
1.29 92.92 21.54 1.82
0 93.05 23.65 17.22
0.1 93.59 25.18 2.45
0 93.51 28.74 4.41
2.15 93.76 23.77 2.7
0.14 93.9 21.98 2.57
0 93.8 22.57 2.17
0.25 93.59 22.46 2.01
10.57 93.44 23.41 2.32
420.66 93.62 15.33 2.28
104.22 93.46 12.62 3.32
15.9 93.11 15.69 3.12
25.35 93.41 15.37 1.93
40.4 93.83 14.97 1.77
6.4 93.93 18.11 2.39
5.78 93.75 19.88 2.75
8.9 93.78 20.74 2.62
0.03 93.63 21.65 2.19
1.9 93.45 23.09 1.42
219.76 93.23 20.1 1.88
46.56 93.1 19.48 1.83
104.15 93.27 18.47 2.41
2.44 93.55 18.76 1.88
10.72 93.66 19.23 2
3.49 93.78 19.36 1.57
245.07 93.88 18.12 2.89
0.6 93.74 21.37 1.89
0.07 93.32 23.59 2.32
18.11 93.1 22.52 2.97
9.14 93.22 21.42 3.75
0.18 93.68 21.66 3.97
0.3 93.59 22.77 3.23
0 93.66 24.29 1.9
0 93.6 24.9 1.56
11.49 93.54 23.15 2.65
41.64 93.21 20.45 2.38
19.36 92.96 23.24 2.13
0.02 93.46 25.19 2.54
0.28 93.48 26.09 3.12
0.8 93.38 26.26 2.27
2.21 93.15 25.4 2.91
16.26 93.12 22.82 3.58
0 93.32 23.74 3.22
0 93.06 23.97 4.13
4.97 93.15 22.15 3.03
2.46 93.34 21.27 2.82
0.3 93.26 22.66 2.6
2.55 93.32 23.6 1.76
12.77 93.24 23.37 2.35
81.54 93.32 21.52 17.47
2.69 93.57 22.29 16.96
0.1 93.64 26.38 1.61
0.93 93.72 28.86 2.17
1.67 93.33 29.41 4.42
61.46 93.24 23.94 2.36
0.1 93.55 22.17 1.72
0 93.26 25.26 3.01
0.03 93.65 22.91 2.11
0 93.7 23.12 1.53
0.01 93.87 23.31 1.62
2.24 93.7 25.96 2.45
6.66 93.23 27.59 3.28
6.49 93.26 26.09 3.55
8.78 93.4 24.97 1.74
0 93.5 26.87 2.41
0 93.48 27.45 2.69
4.91 93.39 25.85 2.6
5.07 93.39 25.35 1.91
79.91 93.65 19.42 2.47
2.26 93.56 21.77 1.89
0 93.87 21.68 2.61
0 93.96 21.39 1.35
0.01 93.78 22.39 1.95
57.5 93.53 20.98 2.38
11.83 93.29 20.9 1.58
0.49 93.51 21.87 3.81
0.17 93.7 20.64 2.17
5.91 93.69 19.28 2.05
6.44 93.6 18.64 1.59
8.03 93.68 19.87 2.24
2.02 93.77 20.02 1.66
0.79 93.89 21.56 2.27
5.03 94.11 21.25 1.77
1.29 94.05 22.52 1.89
0.33 93.7 23.76 2.43
1.52 93.74 24.14 1.81
100.82 93.63 22.55 2.46
74.49 93.5 22.12 1.63
38.15 93.77 19.45 2.21
0.65 94.06 19.87 2.67
0 94.13 21.01 1.85
0 94.24 22.87 1.56
2.53 94.35 20.65 1.7
1.52 94.39 20.97 1.61
0.29 94.35 20.66 1.95
6.92 94.17 19.94 1.92
5.63 94.15 19.29 1.82
249.96 94.15 15.3 2.51
0.89 93.72 17.26 1.49
0 93.44 19.87 2.31
0 93.96 18.39 1.39
0 93.95 20.53 1.45
1.49 93.54 20.67 3.2
0.01 93.85 18.09 3.01
0 94.05 15.34 1.31
0.01 94.28 16.82 1.52
0.04 94.26 18.45 1.84
33.1 94.33 16.23 1.38
0.23 94.11 18.29 2.51
0.03 94.44 16.26 3.26
0 94.54 14.04 3.53
0 94.58 12.98 1.27
0 94.67 16.12 1.27
0 94.63 16.91 1.82
26.03 93.93 16.43 2.44
21.25 93.94 13.62 3.02
0.01 94.53 13.55 1.45
0.21 94.53 15.99 1.92
82.96 94.77 11.53 1.88
19.38 94.52 12.39 1.51
0 94.39 13.51 1.59
40.29 93.73 13.83 2.34
0.03 94.32 13.31 2.38
1.49 94.19 14.28 2.85
32.74 95.09 4.85 3.91
0.18 95.07 4.91 1.73
23.06 94.22 6.09 1.9
7.59 94.13 7.49 2.28
0 94.44 8.73 1.65
120.24 94.65 6.45 1.55
23.53 95.16 7.23 2.44
0 94.92 8.64 2.05
0 94.5 12.38 1.64
0 94.36 14.54 2.45
0 94.59 16.23 2.13
0 94.83 13.32 1.62
0.4 94.74 13.93 2.79
0.73 95.73 7.61 3.16
0 95.28 3.72 1.27
0 94.31 8.45 2.36
0 93.87 9.54 4.5
0 94.36 9.47 2.97
0 94.14 12.8 2.65
0 94.24 13.61 2.19
0 93.91 16.74 4.48
0 94.85 6.51 2.58
0 95.16 2.56 1.7
0 94.55 5.85 1.68
0 93.79 11.51 3.03
0 93.53 14.1 3.15
0 93.79 10.85 1.78
0 95.29 3.15 4.91
0 95.62 1.76 1.44
0 95.02 3.59 1.63
0.03 94.74 8.17 1.78
6.01 95 7.5 16.36
3.28 94.71 4.48 1.34
719.85 94.34 6.14 3.73
719.9 94.51 2.84 3.7
719.85 94.27 6.67 2.56
719.85 93.87 8.33 3.85
719.85 94.28 5.65 3.1
719.85 95.56 -1.81 2.75
719.85 95.48 -2.17 1.4
719.85 95.08 0.26 1.79
719.85 94.87 4.57 1.81
719.85 94.56 3.89 1.35
719.85 94.23 2.5 3.74
719.9 94.67 -5.48 6.07
719.85 94.64 -2.1 3.04
719.85 95 -2.27 1.6
719.85 95.11 -2.08 1.49
719.93 94.97 0.18 1.95
719.85 95.3 -1.47 1.38
719.85 95.21 -0.65 1.53
719.85 94.5 2.14 3.23
719.85 93.93 3.2 4.23
719.85 94.49 0.44 2.76
719.85 94.98 -2.12 2.13
719.87 94.73 1.89 3.33
719.85 95.17 -3.34 1.97
719.85 94.2 -2.01 2.45
719.85 93.76 60.23 5.63
719.85 94.9 -3.87 2.01
719.85 94.39 -1.76 1.38
719.86 94.2 0.01 2.28
719.99 94.37 -2.08 5.89
0 94.92 -12.3 7.02
0 94.66 -11.2 4.01
0 94.41 -11.77 6.27
0 94.55 -11.33 4.75
0 94.66 -10.61 3.56
0 94.86 -10.56 1.78
0.64 94.9 -10.12 1.43
0 95.39 -10.47 1.57
0.02 95.22 -7.74 2.99
0.74 94.65 -5.55 4.96
0.04 95.05 -9.56 3.06
0.01 94.66 -10.64 4.15
0 94.8 -11.24 2.6
0 94.86 -9.13 1.71
0.13 94.81 -9.66 3.39
0 94.88 -13.3 3.3
0 94.9 -11.28 2.1
0 94.78 -7.5 2.85
0.09 94.59 -6.78 4.9
0 94.9 -10.92 3.94
0 94.53 -10.28 3.38
0 94.33 -3.02 2.34
0 94.41 -3.12 3.25
0 95.24 -5.75 3.88
0 95.47 -5.12 2.74
0 95.19 -8.43 1.13
0 94.8 -3.92 2.6
0 94.22 -4.94 2.09
0 93.58 -4.03 3.7
0.06 94.29 -7.39 88.2
0.02 95 -11.83 5.51
0.07 94.97 -11.57 2.81
0 94.89 -7.13 3.04
0 93.65 -1.87 4.13
0 93.93 -2.8 1.81
0.19 94.31 -3.19 5.54
0 94.81 -7.68 3.17
0 95.19 -9.5 1.58
0 95.06 -8.44 2.18
0 94.94 -5.48 2.39
0.03 94.53 -4.92 2.83
0 95.55 -8.12 2.31
0 95.62 -8.98 1.76
0 95.18 -5.36 1.95
0 95.42 -9.67 1.62
0.21 95.04 -10.61 1.81
2.3 95.03 -10.77 3.7
0 95.1 -9.15 2.11
0.72 94.01 -5.13 3.76
0.01 94.63 -8.56 1.67
0.03 94.57 -7.6 2.47
0.3 95.13 -8.08 1.83
0 94.54 -7.7 1.89
0 94.06 -3.52 3.48
0 94.94 -7.36 1.97
0.44 94.52 -4.64 1.16
5.06 95.18 -9.23 3.93
0 95.66 -12.6 2.79
0 95.49 -12.22 2.19
0.05 94.91 -8.89 4.04
0 95.54 -10.95 3.67
0 95.8 -9.24 1.52
0 95.61 -8.36 1.61
0 95.44 -7.81 1.69
0.05 95.34 -5.07 2.72
0.03 95.27 -7.37 3.3
0 95.13 -4.17 2.87
0 94.54 -1.23 3.05
0.02 95.38 -11.52 5.43
0 95.4 -11.53 3.81
0 94.69 -5.76 2.75
0 94.11 -3.07 2.52
0 94.14 -6.59 3.68
0 94.31 -6.64 2.18
0 93.91 -4.53 1.79
0 93.78 -1.25 2.5
0.01 94.45 -4.72 1.18
6.6 94.2 -1.68 2.52
0 94.82 -2.15 4.94
0 95.45 -3.95 2.25
0 94.85 -3.56 3.06
2.88 94.01 -0.05 3.92
14.04 93.53 -0.72 6.26
0.07 93.97 -6.55 6.03
0 94.26 -6.64 1.87
0 93.91 -6.84 2.05
0.19 94.42 -8.68 3.09
0 94.76 -9.79 3.82
0 95.37 -7.36 1.82
1.17 94.38 -2.22 5.5
0 94.11 -1.16 3.18
0.02 93.76 -3.65 2.51
0.19 94.42 -7.6 6.51
0 94.89 -6.62 2.58
0 94.58 -3.17 3.04
0 93.92 1.93 4.72
0 94.31 1.19 3.11
2.15 94.93 -4.1 2.94
0 95.67 -10.43 5.79
0 94.97 -4.35 3.52
0 94.65 -4.67 3.71
0 94.17 -3.57 2.97
0 98.64 54.71 60.07
0 94.21 0.72 3.74
0 93.89 5.56 4.25
0 93.86 5.55 3.19
0 94.63 2.09 2.48
0 93.84 7.11 3.19
0 94.14 6.37 4.14
0 94.27 5.14 2.54
0 94.22 5.8 4.28
0 95.13 1.55 4.32
0 95.31 3.21 3.06
0 95.48 3.88 1.46
0 95.23 8.25 2.82
0 95.03 12.93 4.34
0 94.22 13.51 5.08
0 93.87 12.16 3.93
0 93.96 10.51 3.17
0 93.49 14.51 4.35
1.62 94.57 5.91 2.93
0 94.61 4.23 1.65
197.97 93.14 1.8 2.25
0.9 93.91 2.84 2.14
1.47 93.84 4.4 1.75
0.11 94.39 2.75 5.14
0 95.46 -1.57 4.08
0 95.4 -0.32 3.57
0 94.61 4.31 2.52
0.03 94.38 7.46 2.94
0.03 94.61 7.44 1.78
5.87 94.83 6.44 4.17
186.98 95.49 -1.78 4.83
0.11 95.02 2.31 1.8
0 93.42 11.53 1.93
0.3 92.57 14.28 4.09
0.35 93.45 7.72 6.03
0 93.54 10.6 1.98
0.02 93.8 12.58 3
0 94.32 9.96 3.44
0.01 93.91 10.79 3.19
0.02 93.84 10.71 2.28
0 94.02 13.94 3.99
0 94.28 13.44 5.53
0 94.52 13.97 2.44
0 93.9 20.77 4.31
0 93.54 23.69 4.51
5.75 93.23 20.56 3.72
3.34 93.88 16.43 2.76
0 93.9 19.24 2.36
0 93.82 21.08 2.87
15.12 93.61 16.55 3.62
5.96 93.66 15.59 2.06
0 94.01 12.2 5.72
0 93.74 13.43 4.23
0 93.25 14.04 6.05
0 93.76 11.79 2.53
0.11 93.69 12.28 5.59
12.53 94.02 6.73 1.89
0 94.37 8.31 1.45
81.12 94.23 7.52 2.73
47.76 93.31 7.04 2.1
14.32 92.11 10.68 4.39
0.22 92.18 19.08 3.69
1.26 93.55 14.91 5.81
0.01 94.1 15.17 4.38
0 93.51 18.53 3.41
10.97 92.67 18.76 3.39
7.03 92.89 13.72 5.78
1.14 93.28 12.46 6.21
0 94.12 18.3 4.38
0 93.74 21.55 2.79
0 93.61 22.34 2.44
0.29 93.52 22.31 1.96
0.03 93.34 25.37 3.09
0.14 93.25 26.03 4.05
5.53 93.45 22.84 2.33
0.08 93.45 22.61 2.99
3.98 93.04 24.16 3.66
0.17 93.42 21.2 3.92
0 93.48 19.7 2.2
0 92.62 24.94 6.45
1.77 93.21 22.01 3.02
0.76 93.76 18.31 4.25
0 93.95 21.26 2.71
76.26 93.15 17.74 3.05
26.98 92.64 19.19 2.53
26.01 93.17 18.34 2.33
0.08 93.46 19.65 4.03
2.77 93.25 19.19 2.58
1.54 93.25 19 2.2
61.35 92.98 16.83 2.63
148.19 92.52 14.66 1.98
56.5 92.61 15.75 1.51
82.7 93.53 16.47 2.32
0.86 93.77 20.27 1.65
3.2 93.59 21.82 2.33
0.08 93.29 23.01 1.91
94.77 93.37 18.56 2.58
4.91 93.5 18.13 4.12
86.31 93.99 16.19 2.8
0.02 94.07 21.3 2.4
0 93.66 23.3 1.48
2.83 93.36 24.41 2.54
0.16 93.51 24.01 2.41
11.18 93.31 24.15 2.69
11.2 93.05 21.42 2.24
53.59 93.05 20.71 2.59
0.9 93.48 21.79 1.51
4.22 93.5 23.89 2.1
154.26 93.74 16.99 1.94
43.98 93.1 17.85 1.57
41.84 92.69 18.48 3.09
6.73 93.26 15.77 3.65
0.03 93.82 18.05 2.04
66.7 93.75 19.38 1.89
8.59 93.9 20.03 1.41
0 93.85 22.48 2.09
0.15 93.69 24.31 2.17
4.2 93.86 25.03 2.07
0.16 94.08 26.13 2.48
3.91 93.91 24.09 2.58
0.6 93.66 25.04 1.64
0.32 93.21 26.25 2.6
0.09 93.06 25.94 3.26
4.21 93.34 25.91 2.73
31.91 93.78 22.36 2.28
42.63 93.99 19.75 2.09
19.99 93.8 20.94 1.67
152.36 93.59 21.66 1.67
34.95 93.71 22.2 1.94
9.55 93.62 23.01 2.47
23.07 93.36 23.56 2.05
83.43 93.37 22.31 1.65
5.02 93.38 22.13 1.21
8.04 93.19 22.25 1.44
1.81 92.99 23.89 1.95
1.7 93.41 24.76 2.24
7.28 93.48 24.64 1.8
18.6 93.23 23.65 2.45
176.37 93.24 22.72 2.27
151.82 93.66 20.24 2.52
3.52 93.85 21.86 1.61
0.96 93.62 22.86 1.72
17.71 93.11 25.23 3.25
0.04 93.14 22.36 1.98
0.65 93 24.47 2.84
1.38 93.14 25.42 3.54
13.82 93.52 24.34 1.7
8.56 94.09 22.04 2.66
11.82 94.13 22.99 1.53
3.16 94.07 23.58 2.37
0 94.11 23.54 2.38
0 93.93 23.77 1.45
0 93.76 24.11 1.53
0 93.41 25.3 1.71
0.47 93.23 25.2 2.6
0.01 93.53 23.43 2.47
0 93.57 23.22 1.42
0.28 97.59 80.33 59.16
74.39 97.94 80.15 59.34
129.09 93.98 19.73 1.77
10.82 93.72 19.12 2.15
7.87 93.56 19.58 2.55
55.2 93.67 19.24 1.84
6.6 94 20.03 2.01
40.9 94.23 19 2.1
6.13 94.17 19.5 1.96
65.58 94.05 18.8 2.4
0.03 93.96 20.06 2.72
32.8 93.8 19.43 1.89
1.79 93.95 18.03 1.27
7.02 94.09 18.2 1.46
192.7 94.28 17.25 1.46
126.85 94.35 17.51 2.48
1.74 94.32 20.25 2.56
0.09 94.47 18.87 1.85
12.47 94.27 17.65 1.44
54.09 94.14 16.05 2.21
0.01 94.26 16.72 1.93
0 94.12 19.3 1.25
2.11 94.26 20.43 2.51
28.2 95.01 14.98 1.97
0.86 94.88 13.73 1.55
70.17 94.32 12.75 1.74
4.33 94.26 14.03 2.3
0 94.17 19.55 2.34
0 94.49 19.48 2.42
0 94.58 19.03 2.93
0 94.43 19.49 2.43
3.27 94.43 19.87 1.42
5.81 94.54 18.72 2.3
0 94.64 16.13 2.27
3.29 94.07 16.19 2.31
3.58 93.86 18.72 2.24
39.58 93.68 17.34 2.82
10.43 93.88 12.79 2.02
28.3 93.76 14.65 1.96
4.12 93.8 15.28 3.52
0 94.01 13.75 2.32
0 94.26 15.36 2.59
0.06 95.07 13.21 1.65
1.35 95.5 10.87 2.11
2.38 94.33 14.69 3.19
39.76 93.66 10.75 5.69
0.04 93.56 13.22 4.91
0 94.55 10.48 1.43
0 94.84 13.76 2.5
0 94.36 17.71 3.62
0 94.27 17.55 1.81
0 94.05 17.94 3.16
0 94.38 9.31 4.04
0.22 93.71 5.3 3.41
4.18 93.89 5.06 5.68
2.3 94.22 9.61 5.19
0 94.59 12.1 2.42
0 94.66 12.76 1.73
0 94.4 13.88 1.62
0 94.35 14.18 1.47
0 94.35 15.6 2.63
5.6 94.54 12.62 2.97
0 95.28 4.8 2.57
0 94.13 10.22 2.87
42.81 94.78 3.93 1.45
6.64 95.06 4.34 1.97
0.51 96.86 37.38 16.17
0 96.36 37.85 16.08
0 95.34 6.47 2.03
0 95.17 4.36 1.7
5.6 93.93 7.42 6.15
0 94.05 3.18 4.06
0 94.63 1.05 3.81
0 94.96 -0.57 4.04
0 95.38 0.27 2.97
0 95.42 3.18 1.48
0 94.78 5.99 1.71
0 94.61 6.18 1.1
0 94.49 9.5 4.32
0 94.74 9.96 3.39
0.14 95.95 0.32 3.67
52.89 96.02 -4.58 2.29
33.43 95.64 -4.71 3.16
7.9 95.12 -4.36 1.75
0.2 95.1 -3.93 1.2
0 95.21 -4.02 1.34
0 95.39 -3.13 1.55
0.03 95.22 0.24 1.17
0.01 94.51 2.26 2.12
0 93.89 5.21 2.76
0.65 94.83 1.37 2.11
4.32 94.61 -3.71 2.52
0 95.34 -6.19 2.09
7.53 95.2 -8.11 2.28
8.11 95.21 -9.07 1.93
3.12 95.17 -9.7 1.89
1.63 95.66 -9.8 1.38
14.82 96.15 -12.25 2.49
12.12 96.21 -13.79 2.71
0.04 96.06 -15.72 1.9
0.01 95.21 -15.21 2.52
0 95.11 -14.42 2.66
0.03 94.6 -11.82 1.36
0.13 95.06 -10.65 1.31
2.63 94.79 -5.49 2.77
0 94.65 -7.11 1.61
0.26 93.97 -3.56 2.1
0.08 93.81 -6.34 5.36
0.28 94.13 -8.06 6.09
0 94.47 -5.01 4.14
0 95.16 -5.36 2.26
0 95.29 -8.14 1.54
0 95.43 -9.74 0.92
0 94.97 -3.17 2.39
0.47 94.65 -0.06 3.08
0 95.01 -2.13 3.57
0 95.3 -7.39 1.39
0 94.95 -6.64 1.59
0 95.08 -7.16 0.91
5.13 94.35 -5.37 3.23
0.02 94.44 -6.96 4.86
0.03 95.03 -9.06 5.8
0 95.03 -7.33 3.19
0 95.55 -5.31 2.01
0 95.48 -5.97 1.38
0 94.62 -2.93 2.4
0 94.88 -5.1 1.81
0 94.94 -7.74 1.8
0 94.89 -5.35 2.46
0 94.97 -9.56 2.47
0 93.9 -7.44 3.01
0 95.03 -13.67 3.46
0 95.68 -14.88 1.93
0 95.43 -7.28 2.54
0.13 95.03 -5.68 1.59
3.69 95.31 -7.76 1.09
0 95.24 -8.19 2.21
0 94.4 -1.91 2.48
0 94.45 -6.01 1.25
3.5 94.64 -8.65 1.97
0 95.07 -11.29 3.91
0 94.85 -12.32 2.61
0 95.19 -9.98 3.19
0 94.99 -9.71 3.67
0 94.81 -10.39 3.07
0 94.58 -10.09 2.26
0 95.33 -12.83 3.27
0 95.57 -13.31 2.83
0 95.02 -12.57 3.24
0.04 94.39 -11.66 4.43
0.06 94.12 -11.26 2.75
0 94.21 -12.39 1.72
22.04 94.89 -17.13 2.29
0.8 94.83 -19.98 2.3
0 94.43 -19.53 4.49
0 95.04 -18.9 1.63
0 95.55 -18.65 1.48
0.24 95.5 -18.13 2.3
0.34 96 -21.59 3.19
0 95.87 -24.25 5.08
0 95.39 -14.95 4.95
0 94.82 -9.69 3.14
0 94.71 -11.74 3.94
0 94.77 -9.79 4.01
0 95.36 -13.85 1.8
0 95.79 -17.07 1.45
0 95.54 -16.95 2.25
0 95.59 -13.32 3.3
0 95.47 -10.79 3.03
0 95.13 -8.97 2.07
0 94.92 -8.47 2.67
0 95.12 -8.94 3.8
0 95.06 -8.95 3.65
0 94.95 -7.28 2.83
0 94.07 -7.23 3.03
0 93.73 -4.81 3.43
0 94.36 -3.1 2.97
0 93.99 2.1 2.89
0.02 93.91 1.96 2.48
0.98 94.29 0.04 3.44
23.58 95.03 -9.13 6.06
0 95 -12.81 5.69
0 94.34 -9.66 4.03
0 94.26 -5.37 4.2
0 94.16 -2.36 3.93
0 94.19 -4.43 4
0.07 95.02 -7.61 3.69
0 94.96 -9.8 4.07
0 94.77 -10.18 2.49
0 94.97 -7.77 3.29
0 95.83 -11.26 2.22
0 95.44 -9.5 2.49
0 95.38 -9.02 3.39
0.04 94.71 -7.01 3.29
0.01 94.83 -7.81 1.97
0.07 95.14 -8.79 4.03
0.04 95.33 -9.18 3.3
0.02 94.42 -0.93 2.82
0 94.09 1.28 1.94
0 94.08 -0.28 2.96
0.08 94.46 -1.76 1.44
10.78 94.25 -0.1 4.37
0.02 94.26 -1.69 2.84
5.02 94.55 -5.36 4.32
0 95.28 -8.72 4.63
0 95.35 -8.31 3.93
0.03 95.13 -7.36 3.45
0 94.6 -5.7 2.06
0 93.97 -0.89 4.43
0 94.75 -2.34 2.7
0 94.57 1.73 2.75
0 94 5.06 2.66
0 93.86 8.53 3.25
0 93.43 10.73 5.64
0 93.96 7.01 4.9
0 94.84 3.12 1.89
0 95.05 5.61 1.84
0 94.69 8.68 2.9
0 95.09 4.61 4.42
0.01 95.62 1.31 4.83
0 95.61 1.63 3.58
0 95.29 2.87 3.29
0 94.91 7.53 3.44
0 94.3 9.54 2.64
0 93.68 11.23 3.69
0.13 94.16 6.7 3.76
0 94.07 8.86 3.48
0 93.13 15.69 4.76
3.59 93.45 9.81 5.44
0.19 94.51 5.38 4.51
0 94.48 7.96 3.9
0 93.69 10.53 3.73
0.04 94.01 9.86 2.36
0.31 93.33 12.81 5.25
0 93.76 9.64 5.42
0 93.65 11.56 6.16
0 93.99 6.33 3
0 94.62 4.36 3.25
0 94 7.22 4.71
5.75 93.2 9.77 2.71
0.08 92.96 10.88 5.72
0 94.08 10.74 3.21
0.14 93.54 15.85 5.55
3.65 93.55 10.69 4.56
2.48 93.55 5.6 4.57
1.38 93.83 6.38 2.6
0.71 94.1 7.97 3.86
0.01 93.78 14.21 3.05
0 92.98 15.44 6.67
0 93.51 9.85 6.49
0 94.04 10.78 3.17
0 93.46 14.79 4.97
0.37 94.4 9.28 3.3
48.81 94.61 6.69 2.09
2.71 94.2 11.14 1.68
0 94.36 11.88 2.26
46.11 93.48 12.37 2.51
0.02 93.12 16.62 2.63
46.82 92.84 21.22 4.34
188.51 93.7 10.35 2.09
18.2 92.83 11.55 4.72
0 93.28 15.88 3.25
4.9 93.19 16.06 5.53
0.01 93.57 12.36 6.45
0 94.32 15.1 2.59
0 93.73 19.1 4.7
1.43 93.98 16.62 2.76
0 93.64 17.24 2.28
1.64 92.78 20.2 4.09
119.45 93.58 11.09 5.22
0 94.37 14.98 3.63
25.4 93.99 12.21 4.16
0.39 93.88 12.64 3.6
0 93.35 18.55 3.55
0 93.47 23.38 3.54
0 93.71 24.89 4.17
0 93.93 23.24 3.65
0 94.09 23.09 3.52
0.03 94.9 19 3.96
0.02 94.82 17.5 2.42
31.51 93.88 14.86 1.98
32.07 92.8 15.23 4.89
3.13 93.08 18.71 3.41
0.2 93.59 18.55 5.15
0 93.48 22.01 5.02
0.03 93.11 24.73 4.17
0 93.53 18.71 4.64
0 93.23 22.35 4.98
4.06 94.04 17.29 1.85
0 94.09 19.83 1.26
0 93.69 23.37 2.53
0 93.33 24.88 3.29
0.03 93.51 23.28 2.71
0.07 93.74 23.69 1.91
9.3 93.94 19.59 3.51
1.97 93.97 19.28 1.9
0.04 93.72 22.11 2.96
19.74 93.36 20.68 4.13
71.78 93.12 20.62 4.57
44.56 93.68 17.45 2.43
12.82 93.56 18.9 2.03
1.43 93.23 19.64 1.96
57.78 93.15 15.28 1.95
11.58 93.16 18.39 1.76
1.8 92.75 19.79 2.23
67.1 92.81 20.29 1.83
2.48 93.36 19.89 3.03
0 93.44 23.34 2.66
23.74 93.06 25.52 2.85
25.79 93.11 23.86 2.22
11.81 93.14 22.71 2.08
9.42 93.45 20.9 3.37
1.48 93.47 20.98 4.1
0 93.62 24.55 3.34
0 93.56 24.65 1.8
21.67 93.28 23.31 2.79
39.26 93.35 19.18 3.1
122.94 93.21 20.42 2.08
69.52 93.3 19.85 1.77
0 93.47 20.28 1.69
0.19 93.41 22.09 1.47
0 93.5 25.7 2.79
0 93.66 25.24 3.2
1.02 93.89 25.45 1.9
0 93.97 26.93 1.5
0 93.88 27.89 2.71
0 93.63 27.45 2.72
0 93.43 28.34 1.74
0 93.18 29.34 2.35
4.15 92.85 29.74 3.3
111.18 93.22 21.28 1.98
0.31 93.51 24.13 2.52
0.54 93.88 21.97 2.81
3.14 93.55 19.41 2.2
2.86 93.42 18.51 2.43
5.03 93.66 21.45 1.61
0.18 93.63 23.86 2.09
4.6 93.68 24.69 2.74
113.57 93.86 21.04 2.06
853.19 93.39 20.24 2.8
21.64 93.11 23.33 1.72
3.99 92.98 27.07 3.07
0.13 93.55 25.45 2.08
439.85 93.6 19.59 3.04
0.91 93.43 22.05 1.51
3.99 93.22 24.02 2.5
34.81 93.21 23.18 2.12
8.24 93.57 22.77 1.72
108.06 93.81 23.47 2.12
35.8 93.98 21.85 1.61
10.41 94.08 22.36 2.11
0.09 94.08 24.45 1.76
0 93.99 26.01 1.36
0 93.92 27.14 1.77
0 93.8 27.19 1.99
539.67 93.56 25.07 1.79
144.05 93.98 23.35 2.59
0 94.05 21.79 1.12
0 93.64 24.15 2.38
0 93.42 26.79 3.31
0.35 93.44 28.97 2.9
4.68 93.58 25.04 2.45
0 93.53 24.53 1.82
0 93.82 23.53 1.86
2.03 93.7 23.36 1.56
145.25 93.56 20.74 2.01
10.35 93.41 22.3 1.27
205.66 93.38 20 1.92
4.35 93.84 20.95 2.21
23.68 93.93 21.48 1.76
0.7 94.09 22.38 1.9
0.49 94.15 22.98 1.66
7.41 93.63 21.14 1.71
23.99 93.48 23 2.6
177.1 94.27 17.1 3.96
0 94.51 17.85 2.27
3.96 94.16 17.74 1.98
0.84 94.15 18.43 2.08
0 94.33 17.56 1.96
0 93.78 17.05 1.69
9.77 92.71 16.09 4.16
17.02 92.53 15.34 2.72
2.36 93.17 19.06 1.7
8.27 93.69 18.24 1.16
137.1 93.94 17.24 1.49
21.96 93.88 16.86 1.22
19.54 93.75 18.67 1.38
1.21 93.48 19.01 1.64
8.94 93.59 17.76 1.62
64.91 93.91 15.69 2.03
19.21 94.06 15.62 1.66
36.33 94.42 14.65 2.35
6.26 94.66 15.35 1.36
3.58 94.56 17 1.23
77.4 94.36 18.21 1.56
0.01 94.26 19.15 1.68
1.42 94.39 17.71 2.11
0.74 94.8 15.26 1.86
22.03 94.95 13.01 1.89
0.06 94.97 13.25 2.59
0 94.8 13.62 1.34
0.31 94.54 14.64 2.3
3.93 94.19 16.37 2.2
1.11 93.9 18.35 1.87
0.61 93.62 20.45 3.53
0.03 94.34 16.64 2.33
7.84 94.1 16.75 2.12
1.62 94.9 11.07 5.07
0 95.29 7.64 2.2
0.03 94.45 9.96 2.13
0.04 94.12 15.86 2.35
6.18 93.95 19.22 3.55
0.88 94.02 16.08 2.35
0.42 94.05 14.41 3.28
120.29 94.62 6.22 2.34
3.87 94.68 4.98 1.78
0.27 95.2 7.9 1.44
42.66 94.28 10.92 3.01
0.3 94.58 5.46 5.16
0 94.77 4.48 1.68
0.63 94.38 5.49 1.59
0 94.94 5.08 16.42
0.65 94.87 7.34 1.34
0 94.49 11.88 1.39
0 94.56 13.32 1.65
0.06 94.72 15.11 2.48
1.37 94.17 14.46 4.74
0 94.7 9.5 2.37
0 94.41 12.57 1.87
0 94.32 12.36 2.39
0.65 95.25 3.1 2.44
38.38 94.59 4.62 1.93
43.81 95.31 1.36 2.31
0 94.89 2.11 1.57
0 94.24 3.51 1.55
0 93.88 8.42 3.56
0 95.06 2.03 2
5.64 95.06 2.31 1.21
2.57 95.29 1.57 3.38
0.11 95.31 0.29 2.79
4.37 95.05 -1 3.6
0 95.83 -5.51 3.31
0 95.44 -3.15 2.49
0 94.76 1.01 3.4
0 94.19 2.11 1.8
0 93.32 3.83 1.62
0 94.43 0.61 2.18
0.1 95.16 -1.85 1.94
2.59 95.41 -2.3 3.45
0 95.75 -4.55 1.6
0 95.07 -1.87 2.32
0.7 93.66 2.71 3.73
2.75 93.91 -1.59 1.99
0.2 94.45 -1.88 1.31
0 93.87 4.56 4.05
0 94.63 0.63 5.48
0 94.81 -3.45 2.11
0 94.63 -0.31 2.86
0 94.49 -0.97 2.39
0.09 94.04 -1.05 2.88
1.47 94.53 -5.78 1.84
28.8 95.01 -8.11 1.91
53.91 95.37 -10.11 2.43
0 95.71 -11.64 2.96
0 95.39 -10.59 2.85
0 94.9 -8.05 3.24
0 94.56 -5.55 2.04
0 94.11 -2.85 3.68
0 94.94 -7.02 3.06
0 95.36 -4.65 1.72
0.02 95.61 -5.65 1.84
1.36 94.48 -1.43 3.6
0 95.23 -3.91 4.06
0 94.94 1.21 3.16
0 94.2 3.91 3.63
0 94.4 -1.42 3.04
0.19 94.96 -6.23 3.63
0 94.39 -5.85 3.22
0 94.62 -6.92 2.57
2.21 94.05 -4.51 3.75
0 94.98 -7.68 2.31
0 95.12 -7.91 1.54
0 94.46 -5.38 2.79
10.15 94.9 -3.93 2.52
0 95.49 -9.87 3.49
0 95.38 -10.31 2.06
0 95.38 -9.05 3.04
0 94.56 -3.99 2.81
0 94.57 -4.49 1.13
0 94.74 -3.91 1.02
0 94.79 -3.11 1.07
0.01 95.11 -2.7 1.57
0.05 95.22 -5.73 2.72
4.59 94.87 -10.37 3.49
0 95.22 -11.14 2.22
0 95.05 -10.34 1.34
0.02 94.89 -4.63 4.47
0.22 95.61 -10.06 3.77
0 95.41 -11.23 2.26
0 95.12 -9.79 4.46
0 95.33 -8.46 3.38
0 94.85 -6.9 1.91
0 94.75 -6.08 1.69
0 94.55 -1.93 3.65
0 94.73 -4.45 2.34
0 94.39 -1.44 3.32
0 95.02 -5.48 1.42
0 95.3 -7.35 1.54
0 94.83 -2.95 1.91
8.8 94.92 -3.99 1.47
8.99 94.49 -5.02 2.13
0.01 94.61 -8.15 3.5
0 94.84 -11.03 4.31
0 94.59 -10.75 3.15
0.01 94.35 -11.89 2.78
0 94.5 -10.93 5.15
0 95.42 -12.26 2.12
0.03 95.38 -13.88 1.28
0.01 95.29 -13.55 1.44
0.07 95.08 -11.53 2.27
0 95.41 -11.63 1.86
14.27 95.11 -13.17 2.29
0 95.13 -13.56 2.14
0 94.79 -12.98 4.49
0 95.46 -13.97 2.72
0 95.59 -13.98 1.61
0 95.69 -12.66 1.11
0 95.05 -7.39 1.59
0.03 94.37 -4.02 4.81
0 94.85 -6.87 3.72
0 94.34 -8.07 2.93
0.22 95.24 -12.54 4.01
0 95.47 -10.11 3.75
0 94.93 -8.07 3.15
0 95.65 -8.34 3.59
0 95.06 -4.92 2.28
0 94.49 -3.49 1.67
0.12 94.18 -1.06 2.69
0 94.56 -6.53 3.66
0 95.46 -7 1.99
0 95.41 -8.07 1.03
0.01 95.2 -9.17 6.12
0.01 94.73 -10.28 6.19
0 94.91 -9.71 4.92
0 95.02 -6.88 3.28
0 95 -6.32 1.88
0 95.51 -4.79 1.43
0 95.3 -3.32 1.81
0 94.14 3.2 3.95
0.59 94.57 -3.72 4.42
0 95.09 -7.03 3.41
0 94.47 -5.22 2.79
0 93.47 -2.73 5.14
0 95.23 -7.5 4.18
5.46 94.96 -6.55 3
3.24 94.39 -4.1 4.53
0 94.88 -5.09 4.07
0 94.61 -2.29 3.91
0 94.59 -1.06 3.43
0 94.77 -0.7 1.64
0 94.43 1.55 3.11
0 94.43 0.35 3.11
0.09 94.81 -5.17 3.38
0 93.98 -0.42 2.62
0 94.12 -0.55 1.37
0.01 94.33 -4.54 2.29
0.07 94.71 -6 3.74
0.02 94.47 -8.02 4.34
0 94.48 -5.54 5.12
0 94.02 -0.91 3.81
0 93.83 0.53 3.05
0 94.03 3.34 2.07
0 94.33 3.77 3.25
0 95.13 -1.21 4.61
0 95.14 0.78 3.03
0 95.11 1.24 1.89
0 94.8 2.92 1.42
0 94.46 3.33 1.96
1.25 94.34 3.71 1.79
0 94.89 5 1.83
0.05 94.99 3.93 1.87
0.25 95.08 1.31 3.44
0 94.86 1.54 1.91
0 94.64 2.7 2.12
0.26 95.02 0.84 1.25
1.93 94.66 1.1 1.32
0.5 94.53 2.74 2.91
0.7 94.47 1.12 2.05
0 94.65 2.4 2.61
0 94.41 5.21 2.49
0 94.36 9.13 3.92
0.03 95.2 3.32 2.6
0 94.97 3.75 1.64
0 94.38 5.45 1.69
0 94.4 9.17 2.13
0 94.28 12.43 2.98
0 93.95 16.8 3.92
0.15 93.67 14.93 3.69
1.7 93.8 11.22 3.58
0.87 93.86 9.87 2.68
0 94.69 8.02 3.22
0 94.6 8.49 2.28
0 93.6 13.5 4.37
0 94.21 7.31 3.94
0 94.11 6.54 2.36
0 93.42 12.66 4.34
0 93.06 15.29 3.01
0 93.52 16.36 3.33
0.1 93.87 13.78 3.38
2.18 92.76 13.91 5.24
0.19 92.97 6.89 5.98
3 93.26 7.6 3.12
2.83 93.69 8.76 3.33
0 94.11 9.61 2.15
0.01 93.42 12.95 5.32
0 93.67 9.37 2.89
0 94.01 8.39 3.51
0 94.65 8.28 3.9
0 94.68 10.11 5.19
0 93.88 14.9 4.79
0 93.36 16.73 3.35
0 93.02 20.73 4.49
0 93.91 16.12 2.36
0 94.16 18.11 2.57
0 94.11 22.02 3.98
0.8 94.01 19.51 5.5
4.01 94.01 14.75 3.84
14.15 93.7 9.03 6.29
0 93.96 9.93 6.59
0 93.82 18.19 4.6
0 93.54 20.48 2.48
0 93.2 21.36 4.15
0.09 93.29 19.47 3.2
0.01 93.46 14.53 5.3
0 93.3 12.13 5.06
1.72 93.56 11.5 4.61
0.08 94.27 13.24 5.14
0 94.21 16.16 2.44
0 93.4 19.99 1.65
0 93.22 24.18 1.95
0 93.21 29.23 3.57
0.76 93.63 26.49 3.35
1.94 93.9 23.23 2.52
3.62 94.3 13.69 3.63
192.49 94.36 8.76 2.26
0.03 94.09 16.36 2.34
0 93.71 19.35 2.07
0.03 94.26 14.52 2.88
0 93.72 19.4 2.52
0 93.32 22.03 2.83
0 93.7 22.09 4.25
10.72 93.94 17.27 2.7
0.22 93.41 20.07 3.27
3.35 93 20.38 3
0 93.5 17.48 3.57
126.11 93.8 10.83 1.77
0 93.89 15.4 2.2
0 93.91 19.63 2.42
0 94.02 21.66 2.1
21.49 93.7 15.5 2.45
0.69 93.46 18.62 2.9
0.11 93.37 21.43 3.97
0 93.5 20.44 3.79
0 93.83 18.54 2.04
1.57 93.97 18.16 1.76
37.19 94.27 18.16 1.71
0 94.28 20.54 2.1
0 93.88 26.92 2.35
0.07 93.61 26.81 1.26
0.37 93.43 25.84 3.04
11.56 93.33 23.32 1.98
42.71 93.35 19.66 2.36
40.35 93.22 19.07 1.72
2.44 93.3 19.6 2.53
0.15 93.48 20.91 2.35
82.71 93.86 17.9 1.4
90.12 93.74 16.69 1.71
2.69 93.47 18.84 1.36
1.34 93.44 22.06 1.31
0 93.61 23.98 1.6
18.26 93.44 25.32 3.35
28.04 93.45 27.12 3.24
0.05 93.34 27.66 2.82
3.38 93.28 27.44 2.59
15.62 93.15 27.09 1.97
9.43 93.34 25.26 2.69
0.23 93.46 25.64 2.21
11.94 93.61 23.68 1.82
34.22 93.76 21.91 1.5
15.72 93.51 23.95 2.7
622.79 92.72 22.36 2.38
16.51 92.64 24.48 2.56
13.77 92.81 24.89 2.86
0.18 92.82 23.92 1.97
0 93.07 25.09 1.8
0.2 93.14 28.44 2.19
103.62 92.93 27.32 3.23
7 93.41 24.54 1.83
4.37 93.7 26.07 1.58
0 93.82 27.15 1.58
0 93.72 28.56 1.64
0 93.44 29.05 2.62
10.69 93.25 26.42 2.9
34.3 93.29 21.18 2.36
14.67 94.02 20.94 1.82
14 93.98 20.97 1.67
1.02 93.49 23.77 1.24
0.35 93.65 23.89 1.6
0.15 93.83 23.87 2.09
15.13 93.45 22.73 2.88
0.59 93.73 22.84 2.6
0 94.21 22.98 1.46
0 93.75 23.63 1.64
120.97 93.36 22.86 3.34
0.02 93.51 25.14 1.74
0.42 93.56 26.31 2.3
21.55 93.34 24.92 1.89
656.47 92.82 22.37 1.59
19.23 93.2 23.26 1.43
56.27 93.24 24 2.22
20.44 93.1 21.97 2.02
0.76 93.15 23.56 2.29
8.8 93.02 22.21 1.37
34.36 92.82 20.22 1.57
16.69 92.9 22.86 1.28
9.53 93.3 23.58 2.46
20.37 93.65 22.61 1.92
0.23 93.82 23.34 1.71
7.45 93.76 22.1 1.57
20.64 93.7 21.05 1.52
330.17 93.78 18.83 2.63
56.17 93.93 20.09 2.11
32.79 94.07 21.03 1.91
7.99 94.08 21.41 2.08
5.69 93.68 22.09 1.82
1.01 93.44 25.69 2.03
9.39 93.92 22.55 2.14
332.88 93.83 18.44 2.05
0.01 93.81 19.78 4.15
0 93.87 17.9 3.68
0 94.17 18.78 2.09
8.65 93.86 16.61 2.68
1.73 94.36 15.55 2.78
0 94.44 14.08 1.89
0 94.21 16.67 2.41
0.18 94.21 16.72 1.58
0.71 94.04 19.67 1.87
7.3 94.05 19.28 1.86
3.67 93.93 19.64 2.35
2.77 93.77 20.79 2.64
0.02 93.7 19.85 3.79
0 93.61 19.06 1.78
0 93.39 21.45 1.97
1.58 93.99 17.47 2.79
6.65 93.97 17.63 2.16
70.16 93.85 15.98 1.49
0.01 94.13 16.12 2.16
0 94.52 15.08 1.49
0 94.74 15.59 1.72
2.29 94.69 17.48 2.5
3.94 94.48 18.19 2.17
0.29 94.08 18.97 2.83
0 93.92 17.38 2.61
0 93.36 19.29 1.88
0.13 93.84 15.1 3.04
0 94.17 14.92 1.49
0.56 93.47 19.56 3.11
4.71 93.56 16.54 3.74
0 93.69 17.83 3.72
0.04 94.06 17.38 2.48
16.8 93.98 15.5 2.58
30.75 94.31 12.59 1.81
0.02 94.23 9.66 2.26
0 94.13 8.49 3.72
0 93.97 9.73 2.92
0 94.05 13.39 2.22
0.07 94.29 14.32 3.89
0 95.04 8.48 2.66
0 95.35 7.52 2.09
0 95.06 9.54 2.41
0 94.36 14.53 3.94
0 94.14 15.21 2.74
0 94.52 13.81 2.04
4.83 94.82 11.72 1.69
58.63 95.5 8.31 3.42
23.76 95.5 4.37 2.37
0.94 95.24 4.68 3.33
0.87 94.85 4.28 2.47
0 94.74 5.63 3.18
0 95.31 4.22 1.09
23.46 95.34 6.69 1.87
0.03 95.69 5.09 1.87
0 95.5 5.18 1.78
2.2 94.81 8.31 1.64
0.05 94.66 8.47 1.34
0 94.31 11.76 2.37
0.01 95.09 6.3 1.58
11.06 95.17 3.39 1.55
0.04 95.16 4.98 1.52
0 94.91 7.19 1.76
0 95.03 7.54 1.27
0 94.37 10 1.55
0.02 94.21 11.35 1.93
0 95.13 6.12 4.92
0 95.62 1.42 3.9
0 95.04 5.39 2.43
0 94.14 8.55 2.77
