1.51 96.49 -15.95 1.74
0.02 97.14 -17.37 1.9
16.44 97.04 -19.44 1.54
6.09 97.18 -17.96 3.55
0 97.51 -19.12 2.63
0.02 97.71 -18.82 2.27
0.21 97.8 -16.66 1.77
13.49 97.21 -15.38 1.25
8.13 97.35 -15.02 1.54
0 97.64 -15.19 1.4
0 97.6 -15.99 2.94
0 97.03 -18.58 3.34
0 97.05 -16.01 2.9
0.64 96.89 -16.06 1.34
0 97.98 -14.95 1.57
0 97.57 -14.46 1.07
0 97.2 -11.18 1.22
0.03 97.1 -6.68 1.65
0 96.56 0.13 3.48
0.07 97.78 -9.34 4.81
0 97.73 -12.85 2.6
0 97.41 -10.91 3.15
0 96.89 -8.06 2.86
0 96.28 -8.34 3.68
0 97.31 -9.15 3.51
0 115.92 -4.77 3.15
3.85 96.2 -3.65 2.96
0.01 96.83 -10.4 3.76
0 96.37 -5.19 3.9
0 96.45 -5.4 1.86
0 97.07 -9.04 1.86
0.19 97.27 -11.63 1.93
0 97.28 -14.78 2.13
0 97.2 -13.47 2.42
0 97.17 -13.79 2.06
0 97.51 -13.49 1.6
0.02 97.45 -11.53 2.27
3.86 96.45 -3.3 2.93
0 96.52 -4.34 2.03
0 97.15 -7.22 2.46
0 97.74 -10.16 3.65
0 98.17 -12.11 4.17
0 97.91 -11.66 2.05
0.04 97.26 -10.45 2.04
0 97.66 -10.21 2.57
0 97.85 -12.57 1.95
0 97.41 -10.29 1.96
0.01 96.93 -8.31 2.86
0 96.76 -8.37 2.43
0 96.22 -4.17 1.85
0 96.11 -6.38 1.72
0 96.2 -5.32 2.04
0 96.3 -4.95 2.63
0 95.23 0.57 2.64
7.3 95.53 -1.88 2.14
0 96.64 -5.91 2.66
0.21 96.84 -5.42 1.69
3.01 96.53 -5.85 2.24
1.78 97.1 -7 2.69
0.12 96.83 -7.62 2.03
0.31 96.51 -3.59 3.3
0 96.62 -2.07 3.2
19.17 96.16 -1.26 2.81
6.15 97.28 -8.76 3.49
0 98 -10.58 2.24
0.01 98.27 -11.16 2.15
2.04 98.57 -9.61 2.96
0.01 97.76 -9.06 2.56
0 96.39 -3.61 2.64
0.21 95.33 2.48 4.14
1.15 96.43 -4.07 4.72
0 97.15 -3.16 2.15
36.53 96.53 -1 2.13
2.32 96.44 -2.47 4.92
0.04 96.95 -4.52 2.48
0 97.34 -5.27 2.28
0 96.37 -2.7 2.82
0.36 94.95 3.78 2.9
38.58 95.55 -0.64 3.8
0 95.98 0.41 2.98
0.08 95.9 4.19 3.93
0 96.64 2.66 2.87
0 97.16 -0.3 2.88
0.04 97.17 -3.23 3.32
0.44 96.7 -2.67 2.12
1.16 97.28 -2.13 2.11
0 97.16 2.87 1.78
0.07 96.97 5.38 2.29
4.59 96.35 8.77 4.52
2.07 96.03 7.77 4.45
0 96.47 2.84 5.46
0 96.53 0.41 4.04
0 96.24 4.57 4.19
0 95.89 9.02 3.69
5 96.53 3.34 2.55
0.01 97.17 2.13 2.43
0 96.62 7.39 3.65
0.56 95.44 11.7 5.92
34.35 96.23 2.2 2.69
0 96.51 3.68 3.17
2.09 96.49 2.25 2.09
32.62 96.26 0.6 3.26
0.1 97.02 -0.43 5.22
0 97.19 2.03 2.36
0.13 96.53 4.67 3.04
10.96 96.76 3.35 1.69
0 96.77 5.39 3.14
13.69 96.04 10.16 3.21
57.1 96.5 7.98 1.91
0.16 96.84 8.61 1.9
0.11 97.08 10.25 2.28
0.63 96.83 9.51 2.64
0.13 96.75 8.64 1.94
0 96.35 12.95 2.9
2.31 96.13 13.81 4.53
56.81 95.98 4.79 3.21
17.01 95.53 3.21 3.22
0.18 95.63 5.55 5.86
4.86 95.8 7.16 4.58
6.13 96.06 11.57 2.71
0 95.51 16.82 2.17
0 95.23 18.57 4.11
0.52 95.79 16.67 2.22
4.14 95.32 147.03 3.08
268.52 94.9 10.77 3.38
12.61 95.35 13.03 4.44
16.71 95.45 11.68 1.89
1.84 95.69 15.08 2.5
57.16 95.49 10.84 2.9
13.3 95.37 9.99 2.39
4.28 96.39 10.08 2.65
0 96.66 13.19 1.69
0 96.63 15.83 1.8
4.47 96.21 17.39 3.28
6.49 96.07 20.05 2.6
0.99 96.28 18.99 2.89
37.65 95.85 15.93 3.07
120.75 94.93 12.45 2.85
0.63 94.6 18.26 4.51
0 95.44 22.3 2.62
0 95.58 24.69 2.93
0.3 95.59 22.59 2.05
1.65 95.25 21.18 2.64
14.66 95.41 17.26 4.16
1.37 96.02 21.34 3.65
0.12 96.47 21.83 2.26
4.78 96.44 19.63 2.1
77.22 95.9 15.57 2.67
58.4 95.48 16.34 2.37
55.27 95.91 15.03 1.87
12.15 96.5 16.56 1.47
1.95 96.44 18.5 1.71
0.53 96.55 19.29 1.7
0 96.6 20.9 1.81
0.01 96.4 21.6 2.22
0 96.09 22.79 2.34
0 96.1 22.96 2.65
0 96.19 24.19 3.18
0 96.3 24.74 2.95
0 96.37 25.18 2.15
1.52 96.26 22.4 2.15
0.05 96.03 21.5 2.84
0.43 95.69 22.29 2.24
13.74 95.44 22.58 3.17
75.76 95.3 22 2.78
1.49 95.16 23.3 2.51
9.5 95.28 23.96 1.73
91.09 95.38 21.4 1.97
10.89 95.44 20.87 1.84
2.15 95.52 23.1 1.5
0.2 95.88 23.11 2.93
0.02 95.5 23.09 2.2
18.86 95.82 20.46 2.24
0 95.92 23.24 1.56
0 95.81 25.01 1.93
0 95.8 25.9 2.22
0 95.73 25.52 1.9
28.83 95.53 22.34 1.75
80.71 95.45 22.14 1.4
0.29 95.5 23.88 1.43
0.07 95.31 24.61 1.71
117.26 95.2 22.02 2.13
4.35 95.18 25.21 1.63
0.04 95.21 27.67 1.45
9.38 95.18 26.78 2.33
0 95.15 26.57 2.94
0.04 95.33 24.9 2.5
19.02 95.64 21.34 2
6.75 95.81 22.52 1.94
1.06 95.8 22.49 1.99
85.19 95.63 20.84 1.89
66.84 95.59 21.14 1.44
179.95 95.84 20.56 1.27
6.73 96.08 22.71 1.24
0 96.03 24.34 1.85
75.11 95.61 22.87 2.46
6.64 95.4 24.65 3.3
1.13 95.61 25.72 2.43
3.39 95.56 26.86 2.41
13.48 95.66 25.58 2.55
307.32 95.57 23.17 1.82
1.91 95.8 24.43 1.54
3.92 95.9 25.83 1.53
2.69 95.96 26.52 1.64
3.29 96.08 27.31 1.66
0.59 95.93 27.48 2.33
13.32 95.81 27.19 2.05
10.28 95.47 26.83 2.35
96.88 95.07 26.19 2.69
8.7 95.08 23.13 1.51
26.52 95.05 25.72 1.44
147.73 95.35 22.47 1.85
0 95.97 21.8 2.14
0.02 95.89 23.01 1.6
9.6 95.18 24.33 2.64
68.33 95.36 23.57 1.83
180.09 95.75 22.15 2.74
0 96.53 21.12 1.72
16.19 96.18 21.09 1.63
146.69 95.45 22.31 2.36
25.6 95.51 22.62 2.28
0 95.73 22.14 1.89
0 95.46 24.78 2.27
19.2 95.18 24.51 1.78
2.76 95.07 25.61 2.13
31.19 94.97 24.18 2.76
0 95.45 22.44 2.69
0 95.84 23.07 1.63
18.11 95.86 23.43 2.52
8.12 96.06 23.54 2.77
130.04 96.2 22.41 2.07
1.97 96.47 23.29 1.73
187.29 96.37 19.07 1.59
81.47 96.32 18.92 1.4
1.13 96.33 20.16 1.43
0 96.26 22.52 1.74
0.08 96.48 21.88 1.47
1.35 96.66 22.11 1.83
0 96.37 21.34 1.72
2.69 96.18 20.91 1.29
28.43 95.79 21.31 1.6
14.87 95.92 21.18 1.78
0.81 95.98 21.92 1.79
36.33 96.47 20.76 1.46
3.01 96.6 21.35 1.48
0.04 96.49 20.11 1.13
0 96.22 20.03 1.57
0 96.01 22.28 1.66
2.51 96.18 23.28 1.53
0 96.73 18.47 1.98
0 96.58 17.23 1.35
1.61 96.15 17.83 1.34
19.77 95.77 19.14 1.65
0.5 96.01 19.71 1.31
0 96.14 20.98 1.12
1.61 96.21 22.43 1.4
0 96.33 22.4 1.48
3.54 96.13 21.81 2.38
122.13 96.49 15.5 2.33
262.78 96.61 9.88 2.14
171.83 96.47 12.43 1.36
0 96.2 16.06 1.45
37.8 96.41 14.85 2.12
196.48 97.05 10.17 2.82
0 96.96 10.22 1.96
0 96.77 12.84 1.54
0.53 96.5 14.81 1.6
9.69 96.26 15.8 2.73
0.4 96.44 13.73 2.21
0 96.36 11.35 4.2
0 97.22 9.33 2.88
0 96.82 10.27 1.48
0.04 96.51 14.93 1.85
0.98 96.84 13.27 1.47
360.52 96.54 8.68 2.43
88.86 96.46 7.42 3.36
0 96.61 9.78 2.14
0 96.26 13.05 1.44
0 96.13 16.64 2.12
0 96.29 17.86 2.83
0 96.24 17.21 2.67
0 95.77 16.81 2.73
24.02 96.36 11.58 2.38
125.72 96.78 5.86 2.46
0 96.91 8.27 1.59
0 96.45 10.27 1.56
0 96.62 9.12 2.88
0 96.19 7.91 2.85
0 96.99 3.34 2.9
0 97.6 1.17 1.32
16.3 97.56 0.34 1.25
46.17 97.55 1.91 1.35
0 97.42 2.84 1.3
0 96.91 4.11 1.44
0 96.59 8.98 1.82
5.77 96.74 9.67 2.53
3.34 97.27 3.99 3.58
0 97.64 0.7 3.96
0 98.34 -0.97 2.89
0 97.52 0.74 1.79
0 97.36 4.88 2.02
0 97.34 6.27 1.74
0 97.4 6.36 1.62
0 97.21 6.47 2.02
0 97.74 2.87 3.58
0 97.33 1.89 1.98
0 96.86 5.77 2.08
0 96.95 5.02 1.37
0 96.63 7.13 1.84
0 96.34 7.62 1.69
6.97 96.47 4.36 2.83
0.4 97.01 0.65 3.51
0 96.73 -0.83 1.42
0 96.32 0.15 1.46
61.14 95.68 0.97 3.64
2.21 96.22 -0.24 2.25
2.19 97.17 -0.52 3.32
0 98.17 -4.13 2.5
0.03 97.54 -2.94 2.3
0 96.85 0.39 1.64
0 96.8 1.24 2.01
0 96.45 5.3 3.29
0 95.98 4.08 2.26
0 95.75 5.99 1.98
0.23 95.86 2.71 4.4
0 96.68 -2.52 2.13
0 96.58 -1.79 2.16
0.01 96.72 -1.23 3.9
0 97.05 -6.09 2.18
0.47 96.26 -5.98 1.94
0 96.52 -6.12 5.95
0.46 96.77 -7.65 1.76
0.48 96.68 -7.16 1.36
0 96.27 -3.03 2.03
0.08 95.85 -2.77 2.1
0.08 96.4 -7.3 3.4
0 96.58 -6.16 2.33
0 95.49 1.55 2.28
0 96.85 -2.77 3.5
0 97.43 -5.75 3.11
0 96.16 -5.28 2.08
0 96.12 -6.64 1.8
0 95.7 -5.51 2.13
1.44 95.44 -7.65 4.1
0 96.55 -11.84 2.09
1.85 96.9 -13.61 2.64
0.18 97.63 -15.09 2.93
0 97.5 -15.66 3.65
0 97.2 -14.61 3.56
0 95.9 -9.36 2.73
0 95.74 -6.25 1.76
0 95.77 -4.01 1.82
0 96.02 -3.63 2.26
0 96.29 -1.49 1.78
0 96.05 -6.9 1.52
0.3 96.61 -10.14 2.86
0 97.9 -16.13 3.72
0 97.87 -15.71 3.37
0 96.95 -14.79 3.24
0 95.84 -11.85 3.08
0 95.51 -9.23 2.18
0 96.14 -11.26 3.47
1.48 96.42 -12.09 1.95
0.03 96.54 -11.96 4.87
0.63 97.03 -10.82 5.49
0 97.69 -10.74 3.19
0 97.88 -11.96 2.64
0 97.5 -12.69 1.21
0.01 97.09 -12.54 1.67
0.02 97.2 -11.22 4.18
0 97.81 -9.98 3.52
0.01 97.17 -7.88 2.04
0.2 97.02 -8.85 3.3
0 97.6 -12.58 3.4
0 96.87 -10.8 2.22
0 96.39 -11.31 3.57
0 96.6 -13.12 1.8
0.01 96.56 -11.3 2.28
0.03 97.59 -14.47 2.62
0 98.03 -17.18 3.61
0 97.82 -15.34 2.19
0 97.63 -14.09 2.57
0 97.35 -14.09 2.61
0 97.31 -14.04 2.9
0 97.23 -12.6 2.07
0 97.05 -12.55 1.69
0 97.04 -12.93 2.74
0.04 97.31 -13.85 3.46
0.01 97.5 -14.02 2.13
0.13 97.66 -14.65 2.25
0 98.1 -14.99 1.67
0 98.39 -14 2.29
0.02 97.91 -14.04 2.68
0 97.6 -13.85 3.53
0 97.37 -10.9 2.77
0 96.92 -3.56 2.87
0 96.63 -4.27 1.58
0 96.59 -7.35 1.35
0 96.45 -6 2.02
0 96.71 -5.71 2.18
0.03 95.92 -3.61 3.97
0.1 96.42 -2.4 2.67
0 96.21 -6.21 1.91
1.84 96.27 -6.64 3
0.12 97.12 -9.78 2.03
0.91 97.15 -9.81 1.36
0.88 97.37 -12.69 3.53
0 97.52 -11.99 2.23
0.13 97.43 -11.28 2.1
0.09 97.39 -11.56 1.65
0 96.65 -4.75 2.61
1.03 96.61 -5.18 1.54
2.41 97.02 -4.4 2.51
0 97 -4.24 1.85
0 96.84 -0.13 2.15
0 97.19 -0.83 1.67
0 96.8 0.98 1.94
0 96.31 2.16 3.45
4.13 96.11 1.62 2.35
0.74 96.84 -3.35 2.66
0 97.53 -4.88 1.76
7.04 96.94 -2.06 3.79
0.49 97.66 -8.3 3.88
0.13 97.18 -7.44 3.43
0 96.86 -5.88 2.72
0 96.88 -6.12 2.26
0 96.97 -4.13 2.57
0 96.64 -1.23 1.85
0.2 96.11 1.51 2.38
0 96.89 -0.94 3.78
0 96.63 -0.6 3.97
0 96.69 -2.61 4.49
0 97.05 -1.24 3.58
0 96.76 0.59 3.15
0 96.2 2.38 2.98
0 95.45 7.01 2.1
0.02 96.13 2.71 4.23
0 97.34 -1.5 4.04
0 97.03 -3.83 4.63
0 96.81 -2.85 3.1
0 96.22 3.1 3.16
0 95.8 5.59 4.38
0 96.28 2.5 3.15
0 96.45 0.84 2.34
0.75 97.04 -2.21 3.58
0 97.15 -1.94 2.97
0 96.88 -1.51 2.4
0 96.99 -1.35 4.17
0 102.84 0.21 2.57
0 102.8 1.55 2.67
0 102.62 3.57 2.89
0 102.91 3.25 1.87
0 102.53 7.62 3.07
0 102.26 8.33 1.94
0 101.8 10.32 3.49
0 103.09 3.45 4.43
0 103.06 3.05 2.57
0 102.59 6.17 2.32
0 102.52 8 1.58
0 96.67 10.28 3
0.12 95.97 10.98 4.73
1.53 96.26 8.58 3.79
0 96.29 8.82 3.76
0 96.09 9.91 4.05
1.99 96.78 6.42 3.08
0 96.47 9.43 2.94
0 95.82 15.27 3.37
0 95.92 14.43 1.84
0.07 95.18 16.03 2.88
0 96.01 11.24 4.69
0 95.83 12.21 3.92
4.67 95.72 9.06 6.19
1.72 96.39 7.34 5.08
0 96.31 10.19 2.4
0 95.7 14.04 3.82
42.58 96.44 8.39 2.47
3.56 96.31 7.46 2.12
9.45 96.04 6.35 2.7
2.17 95.6 7.53 3.82
0.16 95.22 9.44 2.11
7.66 95.23 9.61 2.68
2.94 95.9 8.38 2.98
0 95.45 10.05 1.9
47.29 94.85 8.54 1.64
11.49 94.74 10.03 2.42
1.93 95.62 13.87 3.69
0.41 95.88 12.41 3.55
0 96.21 13.43 2.88
1.54 95.84 13.46 3.03
134.08 95.09 9.94 3.14
0.11 95.04 11.32 2.99
0.03 95.56 13.79 2.73
1.46 95.62 15.27 3.76
24.84 95.33 16.77 2.71
0 95.6 18.62 1.93
0.24 95.26 17.56 4.21
0.5 95.16 14.32 5.81
0 95.33 16.47 6.04
0 95.51 16.9 3.96
0 96.06 14.28 3.56
0 96.05 15.08 2.06
0.01 95.02 17.4 2.94
23.31 94.75 18.13 3.94
13.79 95.87 14.66 3.06
0.83 95.99 13.02 3.39
0.45 95.89 13.44 3.71
0 95.73 18.23 2.69
0 95.86 19.21 2.68
0 95.99 21.46 2.9
3.87 95.92 21.21 4.12
11.02 95.87 19.47 4.42
0.02 95.66 21.04 3.29
0.72 95.49 24.39 5.34
10.47 95.58 22.92 2.64
52.48 95.15 19.38 2.79
14.1 95.05 17.65 2.68
0.03 95.52 19.97 2.45
4.64 95.25 20.99 4.42
7.6 95.32 19.6 3.61
0.82 95.59 20.29 2.04
0.88 95.45 23.49 2.15
30.42 94.84 24.79 3.12
18.65 94.58 21.95 2.68
30.23 94.82 21.53 2.07
0 95.21 23.06 2.74
36.58 95.19 21.13 2.04
230.19 95.36 16.86 2.15
16.55 95.52 19.71 2.1
19.84 95.58 21.49 1.6
57.02 95.41 20.09 1.93
84.33 95.38 18.44 2.03
106.35 95.59 17.32 1.64
0.71 95.7 20.32 1.38
0 95.63 22.92 1.43
0 95.48 25.16 2.29
0.08 95.19 26.61 2.89
0 95.11 26.98 2.69
9.11 94.9 22.45 2.51
78.85 95.13 17.34 2.58
1.03 95.8 20.36 2.39
0 96.18 21.35 1.69
11.55 95.57 21.78 2.75
22.63 94.89 22.17 2.18
3.86 95.09 24.45 2.6
0.05 95.26 24.41 3.36
20.13 95.18 23.04 2.82
55.82 95.23 22.17 1.77
0.3 95.09 23.82 2.31
0 95.2 24.48 2.37
0 95.33 25.6 2.07
26.34 94.88 22.83 2.27
1.48 94.55 25.38 3.05
98.28 94.67 18.99 1.57
42.81 94.74 19.26 2.49
4.24 95.39 21.83 1.81
14.1 95.58 23.55 2.32
11.66 95.65 24.06 2.4
8.06 95.66 23.79 2.48
1.38 95.47 24.02 1.7
66.71 95.57 22.53 1.85
15.39 95.54 23.26 1.47
33.34 95.43 22.66 1.8
38.07 95.48 21.92 1.5
36.21 95.53 22.76 1.14
196.88 95.36 21.49 1.33
96.67 95.31 21.65 1.6
95.98 95.26 22.31 2.04
27.38 95.2 23.6 2.03
0.35 95.28 25.05 1.66
27.87 95.28 25.21 2.36
378.38 95.1 22.7 2.54
148.68 95 22.99 2.26
9.55 95.23 23.3 2.26
2.03 95.41 24.9 1.75
36.06 95.59 23.04 1.42
143.71 95.24 21.37 1.64
0.03 95.3 23.57 1.54
0.69 95.43 24.67 2.05
0.77 95.81 23.55 1.72
0.11 95.44 23.7 2.13
0 95.38 23.86 2.08
0.03 95.59 24.35 1.79
7.15 95.59 23.41 1.51
14.17 95.61 23.94 1.57
23.16 95.19 23.96 1.55
15.65 95.29 25.56 1.89
0 95.73 24.98 1.4
0 95.58 25.42 1.43
0 95.3 25.84 1.88
27.06 95.06 25.37 1.88
51.71 95.41 21.93 1.81
249.99 95.47 19.12 1.48
27.63 95.47 21.89 1.54
24.64 95.65 21.36 1.25
0.19 95.9 21.96 1.42
0.33 96.06 22.34 1.33
0 96.04 23.64 1.4
1.15 95.93 23.7 1.78
38.04 96.16 21.59 1.71
0 96.16 20.84 1.24
15.15 96.14 20.69 1.47
3.49 96.36 20.85 1.43
0.32 96.45 21.72 1.57
23.44 96.25 20.02 1.63
17.39 95.91 21.19 1.33
1.69 95.81 22.67 1.48
0 95.73 23.62 1.5
32.04 95.47 22.94 2.77
1.1 96.01 19.55 1.6
0 95.82 20.07 1.54
2.49 96.34 18.62 1.69
0.24 96.28 18.96 1.25
0 96.33 18.33 1.17
0 95.88 19.39 1.3
30.43 95.5 18.89 2.68
3.09 96.16 14.32 1.98
0.12 96.72 13.84 1.87
3.03 96.99 14.25 1.82
12.26 96.46 17.12 1.89
0.23 96.18 17.89 2.28
0.05 95.75 20.42 2.94
21.86 95.84 17.78 2
8.02 96.07 15.22 1.75
39.15 96.41 13.26 2.46
0 96.8 10.47 2.45
0 97.24 10.38 2.09
0 97.06 10.9 1.37
0 96.71 12.12 1.51
0 96.29 13.4 1.51
0 96.39 14.52 1.97
0 96.31 14.9 1.74
0 96.02 17.35 2.46
0.17 96.31 18.2 1.75
0.11 96.48 18.63 2.53
0.03 96.32 18.39 2.48
4.18 96.15 15.73 2.35
0.34 96.6 9.78 2.87
0 97.13 7.44 2.45
0 97.15 8.13 2.75
0 97.61 8.63 2.73
0 97.27 9.86 1.49
0 96.58 11.56 2.07
0 95.98 13.38 3.37
0 96.59 10.73 2.42
0 96.6 10.67 1.4
0 96.36 14 2.37
0.09 96.74 14.24 2.69
0 97.29 9.74 1.36
0 96.99 12.07 1.7
0 96.41 14.33 1.37
61.44 95.87 11.4 1.65
7.8 95.77 10.12 1.72
1.93 95.37 9.86 2.39
1.14 95.88 9.73 4.04
0 96.94 5.5 2.31
0 96.99 8.58 1.56
0 96.79 11.16 2.39
0.01 96.61 14.72 3.19
0 96.54 13.9 2.05
0.29 96.44 11.21 1.3
26.49 96.98 5.71 3.76
0.02 97.32 3.52 3.33
0 97.36 4.74 1.87
0 96.93 6.32 1.55
0.78 96.77 7.98 2.19
0 97.06 6.89 1.48
0 96.71 7.08 1.46
0 96.5 9.64 2.91
0 96.71 10.87 3.5
2.2 96.9 12.34 2.62
0.18 97.52 6.15 1.6
0.84 97.22 7.55 1.62
2.94 96.93 10.49 2.72
0.38 97.64 4.09 3.14
0.04 97.5 2.64 1.55
0 97.42 3.61 1.82
0 97.39 3.34 1.57
0 97.19 2.27 1.24
0 96.56 2.64 1.32
0 95.96 4.45 1.98
0 96.22 6.29 3.01
0.08 97.05 -0.7 2.78
0 97.2 -4 1.45
0 97.25 -3.27 1.47
0 97.44 -0.36 1.84
53.66 96.81 0.6 1.09
9.4 96.56 -0.46 3.05
0.92 96.78 -4.49 3.16
0 97.28 -5.82 2.28
0 97.28 -4.27 1.66
17.92 96.87 -5.24 2.25
0.43 97.49 -7.41 3.2
0 97.24 -8.41 1.02
0.07 97.23 -6.77 1.43
0.69 96.5 -0.07 1.54
0 96.61 -1.57 1.21
0 97.45 -3.12 2.62
0 98.02 -7.76 1.71
0 98.29 -7.72 2.18
0.09 97.56 -7.85 0.98
0.03 96.83 -5.73 1.03
0 97.03 -6.24 1.53
0 97.39 -7.79 1.25
0.89 97.65 -8.51 0.85
0.99 97.56 -5.64 0.98
0.72 97.84 -6.9 2.84
0.02 98.16 -11.12 3.81
0 97.77 -10.72 2.94
0.01 96.9 -6.53 3.59
0 96.93 -3.1 2.44
0 97.44 -6.55 1.51
0.01 96.73 -3.34 2.92
0 97.42 -8.16 4.29
0 97.66 -11.9 3.54
0 97.79 -11.66 3.38
0 97.52 -10.06 2.24
0 97.58 -9.91 2.07
0 97.5 -10.9 1.05
0 97.14 -10.19 1.89
0 97.08 -9.18 3.44
0 97.38 -11.15 2.18
0 96.87 -9.36 2.49
0 97.08 -12.75 1.42
0 97.59 -12.93 1.31
0 97.85 -11.98 1.36
0 97.33 -8.47 1.44
0 97.74 -10.55 1.95
0 98.1 -14.78 1.21
0.09 97.53 -13.1 1.15
0.01 97.29 -10.11 1.85
0.6 97.7 -11.29 1.99
0.84 97.13 -11.78 2.05
0.29 97.25 -11.98 3.61
0 97.49 -11.59 2.35
0 97.29 -11.67 1.82
0 98.14 -14 1.43
0.12 98.04 -14.99 1.05
0 97.59 -12.52 1.22
0 97.56 -13.51 1.06
0.13 97.59 -12.93 2.67
0 97.71 -12.4 2.65
0 96.78 -7.19 2.51
0 97.04 -9.15 1.81
0 96.96 -9.15 1.84
0 96.72 -10.44 1.15
0.05 96.54 -9.19 1.17
0.07 96.76 -11.4 0.99
0 96.92 -11.07 1.15
0 97.37 -11.47 1.14
0.01 98.03 -13.19 3.5
0 97.92 -17.12 2.91
0 97.58 -17.23 2.64
0 97.06 -16.97 2.02
0 96.89 -16.01 2.34
0 96.49 -14.08 2.3
0 96.61 -13.29 1.69
0 97.15 -14.34 1.59
0 97.38 -14.72 1.44
0 97.77 -15.27 1.71
0.05 97.42 -17.14 1.26
0.28 96.88 -15.71 3.38
0 97.69 -16.79 4.01
0 97.68 -15.04 2.9
0 96.68 -12.67 2.61
0 96.77 -9.72 2.27
0.15 96.2 -6.25 2.11
0.03 96.78 -11.48 4.81
0 97.04 -14.82 4.38
0 96.61 -11.91 4.13
0 96.8 -9.8 2.78
0 97.17 -10.64 2.5
0 97.19 -10.73 1.81
0 96.92 -8.51 2.31
0.03 96.6 -3.97 1.94
0.24 97.14 -7.97 3.09
0 97.12 -10.15 2.56
0.04 97.19 -10.68 3.28
0 97.31 -11.95 4.38
0 97.22 -9.48 3.05
0 96.61 -5.84 2.54
0 96.75 -7.59 1.96
0 96.55 -9.06 1.24
18.05 96.1 -6.98 2.51
0 97.06 -7.04 2.38
4.25 96.9 -6.27 2.13
0.1 97.37 -7.87 3.22
0 97.33 -8.19 2.01
0 96.79 -5.94 1.83
0 96.4 -1.31 2.64
0 96.54 0.02 1.98
4.76 97.11 -3.29 1.86
0.4 97.33 -6.61 2.13
0.28 97.31 -5.83 1.56
0.07 96.67 -1.65 1.73
35.79 95.92 -2.47 1.28
35.99 95.93 -3.61 2.44
0.03 96.59 -4.43 2.94
0 97.35 -7.24 3.15
0 97.11 -8.08 1.77
0.2 96.91 -7.28 4.33
0 97.41 -6.92 3.6
0 97.1 -5.39 1.95
0 96.4 -1.25 2.71
0 96.98 -0.58 1.99
0 96.6 2.64 3.3
5.26 95.66 5.52 3.87
6.92 96.35 -2.4 3.64
8.03 97.21 -7.16 2.76
0 96.93 -1.81 2.39
0 96.88 0 1.87
0 96.23 4.91 3.59
0 96.82 2.96 1.7
8.39 95.91 1.37 3.66
0 96.29 0.7 5.41
0 96.8 0.79 3.47
0 96.46 4.89 2.37
0 96.63 8.92 3.08
0 96.88 9.35 3.17
0.29 95.8 10.83 6.86
0.54 96.48 2.46 4.43
0.26 96.48 0.32 4.48
0 96.56 0.01 1.91
4.74 96.38 1.94 2.44
0 95.98 4.64 3.78
0 95.77 5.17 4.54
0 96.06 4.46 4.34
0.1 96.48 3.55 2.65
0 95.99 9.17 3.64
0 96.03 11.2 4.29
0 95.99 12.97 3.45
10.23 95.68 14.02 5.16
5.52 96.04 8.57 4.39
0 95.47 12.5 3.17
0 95.34 14.34 3.33
0 95.36 15.23 3.25
0.87 95.95 10.33 3.52
0 96.31 9.45 2.64
0 95.36 15.9 3.69
0 95.41 18.03 4.04
1.34 95.88 14.12 4.45
52.01 96.37 13.03 3.1
2.41 95.79 12.37 2.23
0.49 95.1 13.99 1.87
0.54 95.08 17.2 3.7
143.88 95.52 12.87 2.33
103.59 95.46 9.8 4.14
0 94.92 11.3 3.38
0.11 94.56 12.49 6.55
0 95.86 10.34 3.37
0 95.88 12.74 2.57
0.56 95.52 17.82 3.59
0.39 96.12 17.04 2.38
13.47 95.61 17.45 2.06
0 95.65 20.92 2.13
0.82 95.79 20.37 2.38
0 95.85 18.35 3.67
0 95.5 17.6 2.32
0.7 95.5 16.93 1.77
0 95.71 18.19 2.01
0.05 95.99 20.16 2.4
6.34 96.17 20.43 2.46
52.05 96.23 15.9 1.63
31.03 95.78 13.56 2.34
19.06 95.54 12.33 2.97
5.87 95.46 13.22 3.77
0.01 95.18 13.27 2.81
10.43 94.92 12.9 4.36
0.13 95.42 16.15 1.87
0 95.32 21.94 3.7
17.93 95.87 20.21 3.05
5.27 96.24 19.27 2.03
0.12 96.09 20.85 3.57
3.27 95.8 19.98 3.67
7.99 95.91 17.97 2.95
0 95.89 17.57 2.88
0 95.69 18.56 2.48
0 95.33 20.6 2.43
0 95.83 20.79 2.12
0 95.94 22.91 2.23
8.53 95.94 20.92 2.71
68.47 96.35 15.44 2.72
0.19 96.46 17.53 1.74
11.47 96.07 17.17 3.12
28.7 95.77 17.29 2.62
125.17 95.58 15.76 2.14
14.59 95.22 18.93 2.99
2.68 95.4 20.93 2.13
7.84 94.99 20.56 2.34
15.45 94.85 22.39 2.34
36.2 94.85 22.32 2.46
87.4 94.71 21.39 3.04
19.65 94.85 17.83 2.44
2.01 94.56 17.5 3.15
12.2 94.65 17.33 2
91.93 95.28 15.11 1.75
337.22 95.51 15.25 2.05
149.57 95.48 16.22 2.48
5.12 95.36 19.67 1.58
10.12 95.25 22.46 1.6
13.35 95.46 21.59 1.8
58.31 95.2 21.81 1.37
9.51 95.24 22.63 1.67
3.19 95.4 22.4 1.49
53.08 95.38 20.96 1.71
1.15 95.15 22.23 2.38
35.59 95.16 22.58 2.92
24.14 95.53 21.51 2.18
12.83 95.91 22.95 2.42
1.48 96.06 23.22 1.79
2.93 95.8 21.25 2.45
81.99 95.36 20.88 2.18
0 95.16 23.95 1.91
5.31 94.8 24.71 3.4
5.57 94.79 23.07 2.95
0.85 94.77 23.03 2.73
0.12 95.16 23.67 1.68
1.19 95.32 23.51 1.67
0.68 95.18 24.37 1.49
18.16 95.17 24.96 2.08
64.46 95.18 25.42 2.34
35.06 95.24 24.46 2.18
211.35 94.84 20.84 1.76
47.88 94.54 19.92 2.41
75.13 94.94 19.9 2.71
12.16 95.45 21.85 2.86
0 95.48 21.84 1.52
0 95.51 23.1 1.57
0 95.77 24.78 1.4
0 95.9 24.77 2.09
0.25 95.72 24.52 2.22
2.19 95.54 24.96 1.48
8.12 95.47 25.41 1.68
46.71 95.43 24.19 1.88
519.67 94.98 22.46 3.46
0 95.49 23.93 1.44
0 95.72 24.22 1.8
6.87 95.64 24.6 2.37
105.53 95.25 25.33 3.04
2.14 95.61 24.5 1.51
136.3 95.2 23.21 2.46
26.28 94.82 24.31 3.23
0.37 95.49 22.61 1.71
85.11 95.81 20.31 1.39
160.31 95.95 19.42 1.58
237.84 95.88 20.25 1.44
28.88 95.94 21.78 1.57
209.12 95.95 21.86 1.63
0 96.12 23.58 1.17
0 95.95 24.38 1.2
0 95.59 25.56 1.88
16.93 95.46 25.18 1.9
12.89 95.75 23.95 1.29
0 95.63 24.24 1.6
19.38 95.72 20.98 2.04
28.65 95.72 18.73 2.03
1.03 95.84 20.47 1.61
2.95 95.56 19.41 1.85
2.62 95.59 21.42 1.51
0 95.96 22.45 1.87
0.08 95.55 23.26 2.91
103.97 95.54 23.36 2.16
5.38 95.64 21.92 1.37
25.62 95.6 20.9 2.17
10.08 96.25 17.11 1.72
0.06 96.39 17.08 1.83
0 96.16 20.16 2.42
0 96.1 21.89 2.24
0.23 95.94 22.24 2.29
1.92 95.98 21.54 1.49
19.18 95.88 21.41 1.54
1.03 95.37 22.7 1.86
1.54 95.5 24.03 2.38
0 95.78 24.67 1.85
0 95.89 25.49 2.05
0.69 95.94 24.97 1.99
199.63 95.87 18.29 2.89
60.86 96.26 13.87 2.57
0.65 96.3 13.92 1.62
1.69 96.43 16.37 1.83
0 96.34 19.74 2.12
33.33 96.48 18.08 1.6
2.17 96.38 17.36 1.1
0 96.29 18.79 1.21
0 96.23 20.67 1.69
42.1 95.91 19.77 2.06
93.2 95.88 14.23 3
0.39 96.03 12.76 2.26
0 96.43 14.26 1.5
0.15 96.9 14.63 1.11
0 96.99 14.34 1.25
0 96.31 15.29 2.14
0 95.82 16.09 2.2
0.22 95.84 16.21 1.35
0 96.07 17.82 1.53
2.43 95.99 18.77 2.1
1.1 96 17.81 1.5
4.14 96.32 16.38 1.31
0.34 96.66 16.24 1.46
17.07 96.52 15.71 1.83
3.16 96.75 15.71 1.18
81.04 96.4 11.87 1.54
96.55 96.29 9.97 5.76
2.09 96.5 12.04 3.51
0 96.56 11.36 1.46
0 96.42 12.75 1.35
0.49 96.21 14.29 1.9
1.73 96.02 13.76 2.42
0 96.15 13.39 1.9
0 96.7 11.65 1.61
0 97.14 12.18 1.17
0 97 13.6 1.3
0 96.5 15.61 2.1
38.83 96.05 13.53 2.76
0 96.59 8.98 1.99
0.02 96.22 10.57 2.15
0 96.01 13.11 1.78
0.12 96.37 9.78 3.28
0 96.83 7.49 2.11
0.01 96.98 7.76 1.9
59.16 96.3 9.47 3.11
0 96.36 4.97 3.17
0 96.44 5.83 2.13
0 96.29 8.17 2.03
0 96.68 6.87 1.69
62.5 97.01 2.67 1.08
76.34 96.39 2.64 1.82
0 96.08 6.27 1.65
0 95.8 9.39 2.46
0 96.47 8.92 1.7
0 96.5 10.96 2.19
8.11 96.33 11.29 2.74
0 97.32 4.21 1.73
1.58 97.22 0.86 1.89
0.1 96.82 0.69 2.8
0.06 96.64 0.37 2.1
0 96.65 2.23 1.49
0 96.88 1.24 1.82
14.99 96.84 2.44 1.4
174.72 96.39 1.71 83.22
64.18 96.65 -0.14 3.08
0 96.75 -2.17 1.35
0 96.4 -0.35 1.53
0 96.65 0.56 1.46
0 97.12 -1.3 1.18
44.5 96.8 -1.09 0.92
175.55 95.37 -1.67 4.53
0.81 95.92 -3.31 3.43
0 95.99 -5.01 4.13
0 96.84 -4.25 2.78
0 97.16 -5.83 1.32
20.92 96.59 -2.46 1.58
0 96.5 -5.04 81.09
0.03 96.24 -4.54 2.5
0.01 96.76 -2.7 2.71
0 96.85 -4.74 1.28
0 96.48 -1.92 2.08
5.14 96.98 -4.78 2.27
0 96.91 -5.95 2.14
0 96.38 -4.69 2.08
0 96.28 -2.54 2.98
0 96.39 -6.82 2.55
0 95.49 -3.27 3.42
0.02 96.18 -5.36 3.79
0.02 96.8 -8.44 1.99
0 97.52 -11.96 2.28
0.13 97.22 -12.88 1.88
0.6 96.07 -4.45 2.66
3.09 96.2 -6.95 3.71
0 96.53 -10.08 1.68
0 96.54 -12.11 2.83
0 96.53 -13.94 2.31
0 96.68 -15.27 2.21
0.01 96.66 -15.91 4.06
0 96.78 -11.11 3.74
0.05 97.43 -12.44 1.4
0.03 97.59 -12.66 1.12
0.08 97.06 -11.23 1.54
0.02 97.03 -8.62 1.22
12.33 97.1 -9.38 1.53
1 96.9 -8.21 1.51
0.35 97.29 -11.35 1.2
0 97.6 -11.84 3.5
0 97.73 -13.98 2.42
0.01 97.2 -14.61 1.03
0.16 97.32 -11.73 278.23
5.72 97.25 -9.47 3.14
0.01 97.75 -14.99 3.04
0 97.58 -18.86 2.34
0 96.73 -17.92 3.64
0 97.88 -17.87 2.59
0 97.64 -18.11 1.27
0 97.01 -13.54 1.21
3.66 96.99 -13.83 1.08
17.66 97 -12 3.48
0 96.64 -14.89 3.14
0.03 96.13 -15.25 1.6
0 96.54 -16.75 3.67
0 97.66 -17.69 4.23
0 98.25 -15.47 2.3
0 97.29 -15.84 1.59
0 97.12 -14.11 1.65
0 97.04 -15.34 1.28
0 96.93 -14.94 1.66
0.03 97.37 -16.45 1.81
0 97.17 -15.48 1.68
0 97.05 -15.18 1.32
0.77 96.67 -13.28 1.02
0 96.75 -12.4 1.61
0 96.77 -13.34 1.03
0 97.21 -10.8 1.91
2.91 96.97 -13.19 1.79
0 97.64 -14.1 2.55
0 97.9 -12.07 1.68
0 96.89 -8.51 2.03
0 97.43 -9.79 1.36
8.53 97.47 -9.56 1.04
0.36 97.46 -9 1.95
0 97.24 -12.54 1.19
0.02 96.08 -8.27 2.29
0.05 96.68 -13.29 4.08
0 96.77 -14.78 1.68
0.18 97.11 -14.6 1.14
0.04 97.02 -11.99 1.83
0 96.55 -7.18 1.32
0 96.84 -7.52 1.25
0.04 96.78 -5.75 1.56
1.96 96.7 -5.48 1.59
1.62 97.22 -7.29 4.06
0 97.4 -10.32 2.12
2.1 96.42 -8.61 2.29
0 97.13 -9.11 2.94
0.01 96.69 -8.14 1.78
1.82 96.99 -14.48 3.89
0 97.83 -17.23 4.9
0 97.75 -15.81 1.56
0.49 96.84 -11.66 2.09
0 97.44 -12.57 2.32
0.08 97.5 -11.96 1.77
0 96.75 -7.11 86.42
0 96.51 -4.65 2.63
0 97.17 -8.71 2.24
0 97.14 -10.01 1.62
0 96.45 -6.6 2.32
0.03 96.35 -4.56 3.99
0 97.1 -10.11 3.18
0 97.28 -11.94 2.22
0.03 97.21 -11.53 1.76
0 97.06 -8.17 2.77
0 97.26 -6.83 2.53
0 97.2 -4.5 1.81
0 97.37 -6.27 1.6
7.16 97.22 -6.86 1.89
0.67 96.28 -0.88 2.41
0 96.19 0.6 2.54
0.26 95.66 -1.95 5.53
0 97.42 -7.26 5.82
0 97.54 -5.37 1.9
0 96.41 -0.95 2.5
0 96.72 1.64 2.64
0 96.11 5.42 2.98
0 96.05 3.51 1.58
0 95.48 3.92 2.11
0 95.4 0.43 2.48
0 95.45 -2.25 5.16
0 96.99 -1.8 2.11
0 96.22 3.97 3.49
24.84 96.13 0.36 3.63
0 97.33 -5.53 4.17
0 96.86 0.39 2.98
0 96.35 5.49 2.63
0 96.78 5.23 2.8
0 95.31 7.61 3.28
0.83 95.46 -2.15 3.85
18.39 96.23 -6.3 3.26
0.25 96.67 -6.4 2.93
0 95.39 1.21 5.47
0 96.38 -2.49 2.93
28.83 96.07 -4.64 3.31
0 96.75 -4.57 3.37
0 96.62 -1.51 1.87
0 95.63 4.42 4.03
2.16 95.8 2.09 3.38
0 96.66 -0.36 3.21
0 96.89 -1.22 2.39
0.38 96.79 0.13 1.75
7.25 96.5 1.66 2.2
108.62 96.58 0.84 2.53
0 96.08 4.32 2.95
0 96.12 6.16 2.9
18.5 96.33 0.6 2.22
55.47 96.55 -0.31 3.11
0 96.33 0.22 2.88
0.29 95.54 1.69 2.64
15.27 95.49 1.2 2.92
4.46 96.39 1.13 3.76
0.77 96.27 2.04 3.38
0 96.3 3.02 3.48
0 95.84 7.85 2.52
0.23 95.34 7.23 4.32
0 95.63 3.37 5
0 95.39 5.07 2.23
6.6 95.63 4.59 3.2
45.37 95.99 1.83 385.15
5.56 96.92 1.8 4.49
0 96.96 3.16 2.03
0 96.62 5.69 2.54
0 96.31 8.78 2.08
0.21 95.74 12.6 4.49
68.84 95.77 7.77 2.25
1.17 95.68 8.31 2.75
0.06 95.75 9.39 4.38
0 95.84 10.78 1.84
0 95.83 13.93 2.19
7.96 95.61 12.63 3.89
0.39 95.71 12.53 6.12
0.99 96.22 11.45 5.4
1.27 96.31 12.21 2.15
1.67 96.2 12.43 2.03
3.58 96.38 13.33 1.84
0 96.13 17.46 2.78
0 96.3 20.77 1.81
0 96.21 22.11 2.14
0 96.24 22.06 2.88
0.18 96 22.06 4.28
17.16 95.67 15.04 2.31
34.79 94.76 15.27 3.55
0 94.37 18.09 4.1
0 94.96 17.06 2.61
0 95.05 18.87 2.46
1.14 95.6 17.16 4.64
0 96.54 16.95 2.69
0 96.47 18.2 2.26
1.03 95.83 18.81 3.02
0 95.27 19.32 3.33
19.94 94.61 15.87 4.5
0.02 94.63 18.13 3.97
0 94.95 19.41 2.85
0 95.87 20.28 2.18
8.95 95.66 23.87 4.02
1.54 96.21 18.73 2.2
0 95.85 21.27 2.29
1.84 95.63 21.27 3.96
1.67 95.43 19.65 3.95
1.39 95.14 19.85 2.88
0 95.4 20.12 4.09
0 95.26 24.27 2.88
0.03 94.87 25.98 4.83
0 95.58 20.59 2.59
8.31 95.38 19.05 3.22
0.1 95.52 19.88 3
11.34 96.17 18.4 2.41
36.61 96.04 18.62 2.7
3.83 95.83 19.22 3.21
3.05 95.62 22.28 3.15
0.76 95.46 22.93 3.86
32.45 95.82 17.48 2.67
3.72 96.05 17.93 1.74
18.71 95.79 16.31 1.93
6.46 95.57 18.06 1.96
0.04 95.62 22.55 3.68
0.16 95.61 24.37 3.92
3.39 95.49 24.63 2.86
97.92 95.44 19.86 2.31
8.65 95.14 21.93 1.7
42.63 94.84 21.2 1.83
0.37 95.18 23.94 2.04
0 95.7 24.34 2.34
0.1 95.87 24.56 1.89
1.19 95.63 23.51 1.58
7.08 95.3 22.82 2.06
26.87 95.19 21.89 2.69
82.64 94.97 20.94 2.62
101.16 94.64 20.67 1.99
49.87 94.76 22.62 2.22
64.05 95.2 21.62 1.92
166.75 95.27 22.29 2.98
36.46 95.22 23.04 3.49
70.53 94.95 22.92 2.52
222.95 94.45 22.81 2.68
0.12 94.43 24.95 3.18
2.2 94.43 25.23 2.52
2.03 94.8 25.12 2.09
1.2 95.05 25.31 2.47
7.49 94.9 25.29 3.8
56.71 95.16 24.13 2.04
95.47 95.37 22.2 1.34
1.68 95.56 23 1.28
0.66 95.55 23.32 1.23
22.04 95.53 23.64 1.86
47.28 95.71 23.27 1.94
0.42 95.71 24.35 1.84
201.06 95.03 22.22 2.38
165.71 94.8 23.15 2.87
0 95.42 24.05 2.37
0.23 95.33 22.9 2.62
126.92 95.2 21.87 2.08
4.55 95.42 22.59 1.82
0.26 95.43 24.21 1.61
10.47 95.31 24.17 2.07
15.45 94.86 24.04 1.73
1.91 94.9 24.67 2.99
0.02 95.23 24.87 1.89
0.03 95.28 25.37 1.66
33.59 95.07 23.43 1.75
18.38 94.95 25.63 2.26
0.37 94.92 25.68 1.5
1.65 94.74 26.31 1.93
9.06 94.87 25.74 2.12
15.02 95.16 25.86 2.95
0.37 95.4 25.86 2.65
1.19 95.18 25.98 2.53
12.18 94.8 26.72 2.55
24.9 94.65 25.47 1.8
19.7 94.84 26.23 2.26
16.87 95.07 26.84 2.04
13.2 94.84 27.05 1.91
31.05 95.04 25.23 1.68
2.04 95.47 25.98 1.43
4.8 95.56 27.02 2.51
44.7 95.29 25.14 2.68
6.88 95.27 25.78 2.71
40.91 95.22 26.6 2.42
4.62 95.26 26.37 1.76
193.87 94.74 24.73 1.55
0.12 104.22 26.13 2.35
0 95.73 23.05 2.62
0 96.01 22.38 1.84
2.68 96 21.82 1.15
2.31 95.59 24.24 2.26
0.52 95.71 23.51 1.87
0 95.9 23.05 1.55
0.07 95.9 23.27 1.6
15.01 95.65 22.4 1.93
20.1 95.74 19.84 2.06
9.43 95.71 19.42 1.47
255.44 95.1 18.35 1.39
29.41 95.27 16.07 3.01
0.11 95.96 16.3 2.37
14.81 96.03 17.38 1.99
2.82 96.31 16.29 1.67
8.32 96.46 16.48 1.57
0 96.55 16.56 1.33
6.12 96.43 17.31 1.52
122.49 96.41 15.13 1.32
32.27 96.46 15.36 1.19
7.81 96.51 16.71 1.34
1.6 96.46 18.32 1.48
24.01 95.99 19.16 2.07
0.17 96.06 17.53 1.66
0 96.14 18.04 2.47
1.55 95.91 20.6 2.9
31.75 95.25 20.62 3.13
0.23 95.57 20.27 3.23
0 96.23 14.27 1.75
0.8 95.91 16.65 1.72
7.66 96.46 16.8 1.3
9.52 96.93 16.18 0.98
6.23 95.97 19.83 2.93
0 96.35 18.59 1.57
0.05 96.4 19.03 1.33
3.23 96.26 18.78 2.61
58.26 96.57 13.82 2.84
0 96.85 9.53 2.26
0 96.68 11.12 2.32
0 96.36 12.43 2.11
0 95.67 17.79 3.28
0 95.76 16.53 2.7
0 96.66 13.45 1.33
0.97 96.6 14.19 1.84
134.41 96.58 11.46 2.1
0.03 96.71 10.94 2.58
0 96.57 9.59 1.77
0 95.84 17.11 3.39
0 96.87 14.02 1.4
0.01 96.87 15.17 2.43
0.03 97.1 12.73 2.46
0.23 96.65 11.23 1.69
0 95.63 15.64 2.64
16.7 95.64 14.41 3.62
0 96.13 11.31 2.9
0 96.63 11.87 1.54
40.69 96.68 10.99 2.49
5.33 97.5 4.96 4.13
0 97.58 3.24 1.37
0 97.15 6.59 1.5
0 97.2 7.26 1.44
0 96.95 11.06 2.65
35.1 97.11 9.81 1.39
3.83 97.14 7.97 1.8
0 97.03 6.63 1.09
27.51 96.92 6.11 2.07
55.64 96.81 3.06 1.95
0.02 96.99 4.64 3.71
0.02 97.25 6.56 2.85
0 96.82 5.44 1.28
0 96.28 7.28 1.85
8.35 96.8 6.3 1.85
1.42 97.36 4.64 2.24
0 97.3 4.01 1.34
0 97.39 4.74 0.95
0 97.17 5.14 1.36
0.24 96.6 8.12 1.83
6 96.87 8.16 2.96
0 97.27 6.4 1.74
0.02 96.53 6.6 2.43
0.16 96.08 7.15 3.59
0.01 96.52 3.99 2.73
0 96.62 2.72 2.08
0.17 97.11 3.12 3.54
0 97.11 -0.71 3.72
0 97.2 0.97 2.18
0 97.06 1.67 1.73
0 96.46 2.59 2.57
0 96.18 3.33 2.69
0 96.18 3.25 1.91
0.28 96.29 2.64 2.95
0.01 96.7 -2.01 3.82
0.03 96.87 -2.53 5.63
0 96.81 -3.08 3.58
0 96.89 -2.34 2.39
0 97.07 -2.64 1.35
0 96.8 1.08 1.79
0 96.5 1.17 1.55
0.04 96.16 0.03 2.26
0 96.02 -3.13 4.07
0 96.17 -5.72 3.48
0 96.42 -8.77 5.78
0 96.61 -5.19 3.66
0 96.19 0.72 2.96
0 96.83 -1.98 2.57
4836.72 96.59 -1.22 2.27
4836.72 96.34 -0.49 1.41
4836.72 96.6 1.95 1.9
4836.72 96.62 1.84 2.42
4836.72 96.86 -0.74 2.76
4836.72 96.47 -1.64 1.17
4836.72 96.58 -4.47 1.28
4836.74 96.51 -3.17 1.99
4836.73 96.71 -4.72 3
4837.01 96.2 -6.83 2.98
4837.25 96.25 -7.92 2.08
4836.72 96.35 -10.68 3.77
4836.72 96.69 -10.91 3.16
4836.72 97.04 -8.37 2.71
4836.72 97.66 -8.26 1.42
4836.72 97.63 -9.71 1.31
4836.96 97.89 -11.13 2.38
4837.02 97.52 -12.18 2.95
4837.26 97.38 -11.04 3.33
4836.74 97.77 -10.25 2.65
4836.72 97.83 -9.82 1.45
4836.72 97.55 -10.2 1.15
4836.72 97.68 -8.82 1.49
4836.72 97.65 -9.43 1.18
4836.76 97.02 -6.8 2.33
4837.03 97.5 -9.41 4.21
4836.72 97.22 -10.52 1.93
4836.72 96.73 -10.75 2.45
4836.72 95.99 -5.63 3.13
4836.72 95.78 -4.96 2.77
4836.72 95.37 -2.37 3.9
4836.72 95.78 -3.94 2.71
4836.72 96.07 -3.41 3.11
4836.72 96.66 -5.42 2.26
4838.54 96.65 -8.24 1.7
4844.38 96.87 -8.37 1.72
4836.74 96.58 -6.98 2.83
4836.72 97.06 -6.24 2.83
4836.72 97.57 -13.67 2.95
4836.72 97.18 -14.42 2.32
4836.72 97.17 -12.23 2.19
4836.72 97.25 -10.11 2.27
4836.72 97.8 -12.16 2.33
4836.72 97.52 -13.57 1.67
4836.72 97.53 -11.74 1.76
4836.72 97.29 -8.2 1.76
4842.96 97.38 -10.18 1.78
4836.72 97.32 -11.1 1.67
4836.72 97.56 -8.56 2.06
4837.71 96.6 -7.26 3.41
4836.73 97.04 -9.87 4.41
4836.72 97.25 -9.65 2.64
4836.72 96.57 -6.41 1.88
4836.72 95.75 -1.97 3.31
4836.72 96.28 -3.18 2.33
4836.72 97.23 -8.07 3.61
4836.72 96.84 -7.63 3.69
4836.72 96.17 -2.93 4.36
4836.72 96.88 -7.71 3.55
4836.72 95.45 -0.4 5.41
4836.72 96.23 -6.53 2.96
4836.72 96.38 -6.7 1.75
0.36 95.94 -3.56 2.23
0.21 95.92 -4.44 4.74
0 96.82 -11.55 4.07
0 97.03 -11.5 2.14
0 97.2 -11.85 1.49
0 97.43 -9.96 1.71
2.28 97.14 -10.32 1.68
7.23 97.15 -11.65 3.27
0 97.77 -13.2 3.57
0 97.62 -13.71 1.66
0 97.04 -11.92 1.65
0 97.66 -12.2 1.69
0 97.66 -11.85 1.9
0.06 96.78 -5.27 2.78
0 96.83 -5.77 1.98
0.31 97.42 -6.18 2.06
0 97.98 -8.23 2.26
0.81 97.56 -9.25 1.71
2.16 97.26 -8.51 1.62
0 97.22 -7.52 1.85
0 97.15 -5.13 1.94
1.31 97.65 -6.46 1.62
0.13 97.48 -4 1.24
0 96.99 -1.38 1.58
0 96.83 1.7 2.1
0.54 96.51 4.52 4.07
4.29 97.23 -2.54 4.34
0.04 96.99 -5.94 1.7
0 96.83 -4.71 1.76
0.28 96.79 -4.66 2.01
0.38 96.76 -4.88 1.75
2.04 97.05 -3.71 2.82
0 97.12 -5.56 3.04
0 97.31 -7.05 2.58
0 97.3 -5.92 2.24
0 96.82 -4.56 2.13
0 97.1 -4.91 2.68
0 96.63 -2.8 2.31
0 96.31 1.99 3.99
0 96.99 -0.33 3.98
0 96.62 -1.45 2.14
0 96.12 1.75 2.84
0 95.77 7.42 2.63
0 96.23 4.9 2.51
0 95.65 7.84 4.27
0 96.83 4.56 2.19
0.08 96.73 3.94 3.63
0 97.04 4.1 4.72
0 96.46 6.49 2.59
0 96.47 7.75 3.03
0 96.78 8.12 2.73
0 95.73 13.05 4.58
0 95.72 11.83 2.38
0.03 95.72 11.36 2.52
0 95.83 11.54 3.14
51.08 95.55 11.95 3.05
16.12 96.01 10.29 2.76
0 96.22 11.12 2.27
1.09 96.37 9.49 2.16
0 95.81 12.16 2.55
0 96.51 8.47 3.9
0 96.93 3.13 4.23
0 96.1 6.49 4.65
0 96.71 5.43 3.73
0 96.06 13.02 3.56
0 96.02 14.59 1.81
0 95.89 14.29 2.35
0 96.08 12.21 4.07
0 96.86 9.73 2
0.78 96.47 11.03 1.83
0.35 96.2 12 2.14
0 96.3 13.8 2
0 96.16 17.83 3.4
0 96.77 13.61 3.29
0 96.1 13.65 2.36
10.29 96.08 9.28 2.6
0.03 96.76 9.26 3.01
21.85 96.61 8.34 2.54
0.06 96.13 9.99 486.49
0 96.21 12.2 3.53
0 95.9 14.88 2.88
1.01 95.59 17.28 3.85
5.33 95.84 18.23 4.45
0.27 96.32 17.1 4.24
20.5 96.58 12.29 3.47
0 96.84 12.97 2.36
0 96.68 14.15 2.2
0 96.07 15.56 1.62
0 95.5 18.99 2.27
3.27 95.42 18.85 4.29
124.16 96.08 7.81 4.84
5.66 95.73 9.61 4.15
19.94 95.9 5.66 5.2
0.09 96.15 8.04 4.03
0.26 95.6 12 2.6
81.98 95.57 8.78 3.57
1.98 96.13 12.47 2.13
61.33 96.47 10.92 2.26
4.02 96.37 12.78 2.42
263.32 95.45 9.61 2.6
93.61 94.53 14.78 3.68
0 94.69 17.98 3.78
0.12 95.06 15.12 3.61
0 94.85 14.67 3.13
0.05 95.64 16.94 2.77
2.08 96.02 17.05 2.14
2.71 95.62 19.41 2.88
93.53 95.31 16.56 2.54
8.8 95.32 17.35 2.55
0.02 95.43 19.39 2.51
0 95.48 21.5 2.58
0.44 95.76 24.99 3.82
43.98 95.67 17.49 3.16
0.88 95.12 17.41 5.17
0 94.58 21.43 4.04
9.28 94.36 19.29 2.82
0.23 94.83 22.94 3.04
0 94.9 24.43 97.23
0.12 95.53 25.22 2.77
0 95.45 27.84 3.69
4.19 95.67 24.2 2.96
0.76 95.81 22.5 2.85
0 95.69 22.89 2.24
1.19 95.48 22.9 1.93
21.7 95.33 23.88 2.44
223.72 95.49 16.91 2.63
180.31 95.31 14.09 3.32
52.64 95.04 16.39 2.72
56.28 95.39 16.38 2.38
44.45 95.79 16.16 1.83
25.63 95.81 18.7 1.93
22.46 95.59 20.52 2.53
11.59 95.64 21.55 2.11
0.03 95.51 22.35 2.14
4.84 95.32 23.77 1.93
71.92 95.16 20.92 2.04
100.57 95.05 20.18 2.33
111.01 95.15 19.3 2.27
4.79 95.42 20.09 1.85
36.86 95.57 20.01 1.97
4.97 95.71 19.73 1.61
79.99 95.75 19.5 2.15
1.19 95.6 22.27 1.85
0.16 95.23 24.09 2.33
14.75 95.06 23.44 3.45
34.37 95.09 22.51 3.69
0.95 95.49 22.56 3.81
1.68 95.44 23.19 2.89
0 95.52 24.66 1.72
0 95.5 25.17 1.81
13.38 95.46 24.07 2.64
126.2 95.19 21.11 2.66
49.85 94.9 23.39 2.64
0.15 95.36 25.06 2.13
0.65 95.46 25.52 3.29
4.91 95.31 25.55 2.3
3.73 95.1 25.03 3.11
14.64 94.99 24.2 3.89
0 95.18 23.98 2.74
0 94.9 24.34 3.23
5.61 94.99 23.06 3.07
6.59 95.18 22.53 2.79
0.59 95.1 23.41 2.4
2.6 95.2 24.4 1.97
23.34 95.2 23.78 2.66
157.71 95.28 21.88 97.29
11.26 95.5 22.68 96.58
0.52 95.57 25.97 1.9
1.42 95.65 28.34 2.57
3 95.27 29.15 4.27
95.87 95.12 24.64 2.65
0.2 95.42 22.72 1.59
0 95.15 24.83 2.42
0.1 95.53 23.1 1.64
0 95.58 22.9 1.8
0.01 95.77 23.31 1.92
3 95.67 25.02 2.23
7.51 95.17 26.97 3.31
10.25 95.21 25.54 3.73
11.24 95.37 24.04 2.38
0 95.45 25.9 2.75
0 95.41 27.26 2.83
2.59 95.26 26.89 2.49
30.08 95.22 25.84 2.06
70.2 95.46 21.12 2.59
2.63 95.44 22.43 2.07
0 95.71 22.78 2.6
0 95.84 22.08 1.71
0.01 95.73 22.93 2.06
35.88 95.47 22.34 2.35
45.17 95.19 21.86 2.16
3.81 95.33 23.1 3.22
0.27 95.55 21.79 2.17
23.74 95.63 19.2 1.94
24.66 95.54 19.44 1.81
13.28 95.56 20.43 2.15
8.4 95.69 20.71 1.67
1.94 95.82 21.55 1.9
11.91 96.01 21.56 1.48
0.23 95.94 22.75 1.55
0.44 95.61 24.84 2.37
4.63 95.6 24.6 1.97
19.25 95.55 23.94 2
38.8 95.4 23.1 2.05
191.42 95.65 19.86 2.17
4.44 95.93 20.22 2.29
0 96.05 20.94 1.84
0 96.15 22.4 1.92
5.46 96.29 21.35 1.89
3.23 96.34 21.17 1.62
0.68 96.3 21.57 2.34
10.45 96.12 20.43 1.66
15.38 96.1 20.2 2.03
270.6 96.03 16.54 2.25
1.32 95.66 17.83 1.84
0 95.33 20.13 2.48
0 95.9 18.84 1.56
0 95.91 20.35 1.65
6.9 95.48 20.93 2.84
0.1 95.75 18.67 2.73
0 95.95 15.89 1.43
0.01 96.22 17.46 1.72
0.08 96.23 18.52 1.87
15.91 96.28 17.53 1.37
0.3 96.09 19.26 2.56
0.1 96.37 16.31 3.02
0 96.48 14.27 2.7
0 96.55 13.88 1.54
0 96.61 16.1 1.34
0 96.58 17.19 2.1
6.31 95.92 17.43 2.47
57.2 95.87 14.93 2.67
0.05 96.49 14.25 1.58
0.39 96.53 16.37 2.16
71.19 96.68 13.09 1.99
22.45 96.45 13.19 1.81
0 96.38 13.59 1.59
57.46 95.74 14.48 2.66
0.16 96.28 13.83 2.25
1.66 96.21 14.5 2.94
31 96.99 7.03 3.97
0.2 97.11 5.91 1.67
55.55 96.26 6.73 1.6
41.4 96.09 7.49 2.31
0 96.42 8.54 1.49
62.54 96.68 7.87 1.41
9.96 97.1 8.74 2.29
0 96.92 9.55 2.04
0 96.5 12.71 1.81
0 96.38 14.4 2.34
0 96.55 16.15 2.45
0 96.86 13.63 1.84
0.74 96.71 14.6 3.13
0.32 97.69 9.35 4.02
0 97.27 5.02 2.09
0 96.34 8.21 2.23
0 95.83 10.56 4.76
0 96.41 9.9 2.96
0 96.11 13.12 2.34
0 96.24 13.65 2.41
0 95.94 16.76 3.85
0 96.78 8.17 3.28
0 97.2 3.58 2.11
0 96.65 5.52 1.96
0 95.83 10.8 2.93
0 95.54 13.59 2.94
0 95.76 11.78 2.09
0 97.24 4.99 5.39
0 97.68 2.49 1.74
0 97.12 3.14 1.62
0.05 96.82 7.48 1.79
6.46 96.97 8.49 25.12
2.82 96.73 6.2 1.77
5784.33 96.33 7.29 2.89
5784.37 96.5 4.51 4
5784.3 96.29 6.63 2.64
5784.3 95.93 8.04 3.38
5784.31 96.26 7.08 3.43
5784.3 97.57 0.13 3.48
5784.3 97.56 -1.72 1.81
5784.3 97.13 0.6 1.88
5784.3 96.89 4.04 1.94
5784.3 96.58 3.95 1.83
5784.31 96.22 2.42 3.16
5784.36 96.68 -3.86 5.84
5784.3 96.72 -2.23 2.88
5784.3 97.07 -2.32 1.79
5784.3 97.2 -1.56 1.54
5784.44 97.02 0.45 1.83
5784.3 97.37 -2.18 1.73
5784.3 97.29 -0.9 1.5
5784.3 96.6 1.54 2.81
5784.3 96.01 3.82 3.8
5784.3 96.52 0.83 2.48
5784.3 97.09 -1.97 2.06
5784.37 96.82 1.13 2.46
5784.3 97.23 -2.52 1.88
5784.3 96.34 -2.89 2.07
5784.3 95.83 486.22 4.48
5784.3 96.97 -2.31 2.04
5784.3 96.5 -2.31 1.55
5784.32 96.3 -0.67 2.07
5785.32 96.37 -0.67 4.81
0 96.97 -10.7 6.38
0 96.79 -10.46 3.65
0 96.49 -10.4 5.25
0 96.67 -10.44 4.26
0 96.77 -10.33 3.67
0 97.01 -9.56 2.17
2.16 97.05 -9.46 1.8
0 97.56 -10.86 1.73
0.03 97.44 -7.81 2.48
2.32 96.72 -3.79 4.48
0.06 97.19 -8.72 2.94
0.02 96.77 -9.58 3.69
0 96.96 -10.96 2.38
0 97.01 -9.39 1.84
0.36 96.92 -8.78 3.7
0 96.99 -11.83 3.8
0.01 97.08 -10.89 2.36
0 97.04 -8.7 2.48
0.14 96.66 -5.68 3.88
0 97 -9.51 3.51
0 96.66 -9.67 3.54
0 96.43 -3.82 2.5
0 96.45 -3.18 2.91
0 97.3 -4.84 3.76
0 97.56 -5.08 2.75
0 97.34 -7.63 1.53
0 96.9 -4.95 2.12
0 96.3 -5.44 1.97
0 95.62 -3.96 2.95
0.09 96.36 -5.95 86.9
0.03 97.07 -9.9 5.37
0.11 97.11 -10.59 2.95
0 97.04 -7.11 3
0 95.76 -2.56 3.46
0 96.03 -2.92 1.97
1.11 96.34 -2.8 4.41
0 96.92 -7.36 3.27
0 97.31 -9.19 1.64
0 97.21 -9.58 1.75
0 97.04 -5.82 2.39
0.12 96.58 -4.44 3.26
0 97.65 -7.36 2.41
0 97.84 -9.29 1.84
0 97.34 -6.34 1.73
0 97.51 -8.5 1.88
0.32 97.16 -9.13 1.91
5.26 97.11 -9.65 3.6
0 97.24 -8.81 1.97
4.04 96.09 -5.01 3.07
0.04 96.81 -8.51 2.12
0.04 96.72 -8.2 1.88
1.7 97.22 -7.72 2.43
0 96.71 -8.47 1.86
0 96.12 -4.11 3.05
0 97.06 -5.9 2.13
1.93 96.69 -5.39 1.61
4.1 97.25 -8.18 3.75
0 97.8 -11.62 2.96
0 97.67 -11.76 1.79
0.08 97.03 -8.06 3.26
0 97.65 -9.84 3.6
0 97.93 -9.19 2.12
0 97.74 -7.74 1.63
0 97.58 -7.67 1.61
0.08 97.44 -5.26 2.16
0.06 97.33 -5.68 3.39
0 97.22 -3.77 2.94
0 96.58 -1.16 3.06
0.03 97.45 -9.98 5.82
0 97.57 -11.67 3.74
0 96.81 -6.2 2.69
0 96.15 -3.64 2.08
0.01 96.18 -5.3 3.28
0 96.4 -5.92 2.59
0 96.03 -5.27 1.88
0 95.82 -0.89 2.34
0.01 96.51 -3.19 1.66
14.41 96.23 -0.87 2.65
0.01 96.83 -1.42 4.27
0 97.51 -3.3 2.87
0 97.04 -3.94 3
13.88 96.22 -0.12 3.52
29.47 95.64 -0.16 5.13
0.12 96.02 -4.79 5.6
0 96.36 -5.65 2.18
0 96.01 -5.58 1.86
1.84 96.45 -6.71 3.02
0 96.85 -8.42 3.44
0 97.52 -6.08 2.1
3.86 96.55 -2.5 4.57
0 96.19 -0.49 3.02
0.03 95.79 -2.7 2.38
0.21 96.43 -6.04 5.77
0 97 -5.87 3.16
0 96.74 -2.82 3.22
0 96.06 1.88 4.48
0 96.38 1.78 2.71
2.62 96.95 -2.74 3.56
0 97.75 -8.82 5.8
0 97.11 -4.56 3.01
0 96.71 -3.5 3.92
0 96.23 -2.95 2.88
0 130.79 482 485.91
0 96.35 0.3 3.56
0 95.97 5.74 3.49
0 95.91 5.8 3.26
0 96.65 3.64 2.66
0 95.93 6.48 3.04
0 96.15 6.68 3.3
0 96.29 6.02 2.55
0 96.21 6.61 3.79
0 97.2 2.2 4.12
0 97.4 2.59 2.61
0 97.59 3.55 1.81
0 97.32 7.46 2.91
0 97.07 12.95 3.92
0 96.27 13.87 5.03
0 95.82 12.52 3.55
0 96 10.79 3.48
0 95.54 13.87 4.34
6.92 96.5 6.94 3.32
0 96.63 5.46 1.81
205.75 95.09 2.91 2.49
1.37 95.89 4.87 2.44
1.69 95.86 5.4 1.97
0.22 96.35 4.33 4.19
0 97.51 -0.05 4.23
0 97.49 0.59 3.14
0 96.7 5.07 3.24
0.17 96.41 8.17 3.03
0.1 96.64 8.57 2.39
24.86 96.85 7.29 3.17
167.38 97.41 0.7 4.42
0.57 97.01 4 2.22
0 95.4 11.14 2.16
0.44 94.52 14.4 4.62
2.64 95.41 9.16 5.12
0 95.51 11.71 2.47
0.05 95.8 12.94 2.97
0.02 96.25 11.16 3.9
0.01 95.89 11.66 3.08
0.02 95.78 11.86 2.92
0 96.04 14.56 3.86
0 96.21 14.76 4.83
0 96.52 14.35 2.58
0 95.85 20.98 4.05
0 95.46 24.68 4.27
18.18 95.22 20.97 4.62
19.51 95.84 16.75 2.37
0 95.89 19.27 2.23
0 95.8 20.49 2.89
7.6 95.57 17.77 3.71
26.79 95.66 15.73 2.42
0 95.88 13.78 4.96
0 95.74 14.12 4.63
0 95.17 15.48 5.56
0 95.78 12.82 2.58
0.6 95.66 13.31 4.98
27.34 96.01 7.47 2.23
0 96.37 9.08 1.89
62.79 96.28 9 2.38
79.12 95.33 7.73 1.88
17 94.03 11.06 3.57
0.37 94.1 19.23 3.41
2.67 95.39 16.82 5.23
0.01 96.03 16.49 4.05
0 95.46 18.78 3.46
21.67 94.65 19.3 4.39
30.27 94.79 15.43 4.73
1.78 95.19 13.93 5.3
0 96.01 18.38 4.02
0 95.66 21.95 3.63
0 95.52 22.71 2.81
1.7 95.45 22.71 3.02
0.05 95.28 24.8 3.43
0.19 95.2 25.7 3.96
2.79 95.35 24.42 2.88
0.13 95.36 23.32 3.3
5.71 95.03 23.41 3.84
0.77 95.33 20.93 3.39
0 95.45 20.09 2.69
0 94.61 25.18 6.81
8.7 95.09 22.65 3.2
3.4 95.64 19.57 3.76
0 95.85 21.64 3.26
46.92 95.13 18.91 3.85
47.1 94.62 18.47 2.63
73.47 95.11 18.59 2.32
0.39 95.42 20.14 3.21
1.54 95.15 20.15 2.75
5.71 95.18 19.1 2.02
125.13 94.97 16.98 2.68
227.95 94.44 16.31 2.48
82.75 94.53 16.85 1.73
61.71 95.39 17.78 2.29
0.34 95.66 20.81 2.16
18.85 95.5 22.56 1.82
0.32 95.22 23.36 1.95
199.76 95.21 20.33 2.39
8.85 95.4 18.87 3.15
92.2 95.87 16.98 2.52
0.11 95.94 21.56 2.29
0 95.59 23.82 2.12
4.58 95.33 24.01 3.24
0.25 95.47 23.56 2.77
11.18 95.27 23.62 3.27
15.24 94.98 22.03 2.32
94.55 94.94 21.13 1.85
0.78 95.39 22.23 1.62
4.46 95.45 23.82 2.35
166.97 95.59 17.8 2.18
27.55 94.99 18.27 1.97
25.09 94.54 19.17 3.38
8.27 95.11 17.37 2.99
0.2 95.7 18.89 2.23
46.07 95.7 19.87 2.17
17.46 95.83 20.63 1.88
0 95.81 22.34 2.09
0.24 95.67 23.82 2.25
4.45 95.82 24.67 2.31
0.21 96.05 25.87 2.63
4.24 95.89 24.05 2.81
0.7 95.57 25.32 2.07
1.12 95.04 26.41 2.05
0.17 94.83 26.64 3.34
6.31 95.19 26.91 2.33
11.76 95.63 24.97 2.39
20.62 95.82 21.89 2.28
12.96 95.67 22.39 1.61
34.86 95.5 23.33 1.88
75.75 95.65 23.15 2.58
37.25 95.59 23.42 2.44
42.14 95.29 24.19 2.37
50.95 95.27 23.19 2.19
17.48 95.27 23.07 1.58
19.39 95.08 23.1 1.98
12.52 94.9 24.26 2.1
8.72 95.26 25.34 2.68
17.15 95.37 24.88 1.95
35.76 95.14 24.76 2.27
88.5 95.14 23.71 2.31
284.49 95.5 21.83 2.34
10.96 95.72 22.49 1.67
1.61 95.54 23.74 1.94
38.57 95.04 24.8 3.06
0.11 95 23.77 2.33
0.95 94.86 25.4 2.21
2.14 95.05 25.87 2.99
15.9 95.46 24.29 2.52
30.84 96 22.95 2.35
55.26 96.03 23.04 1.82
10.96 95.92 24.14 2.09
0 95.97 23.87 1.82
0 95.78 24.38 1.62
0 95.63 24.58 1.47
0 95.32 25.64 1.84
2.93 95.09 25.83 2.12
0.06 95.38 24.17 2.37
0 95.45 23.79 1.85
1.16 129.74 503.88 485.57
34.99 130.04 504.69 485.72
57.23 95.94 20.68 2.05
43.31 95.63 19.68 2.18
4.51 95.42 20.87 2.34
30.93 95.54 20.44 1.77
9.63 95.87 20.56 1.94
18.59 96.09 20.49 1.94
12.49 96.01 20.72 2.55
42.76 95.88 20.68 2.38
0.04 95.81 20.92 2.24
16.11 95.67 19.85 1.83
6.71 95.84 19.07 1.61
13.11 95.99 19.36 1.61
85.3 96.18 18.37 1.6
94.59 96.21 19.12 2.09
4.06 96.17 21.23 2.05
0.54 96.34 20.03 2.05
8.17 96.21 18.83 1.5
25.83 96.03 18.2 2.26
0.02 96.16 17.43 1.69
0 96.05 19.43 1.58
2.99 96.22 20.85 2.47
19.63 96.88 16.66 2.34
1.58 96.79 15.56 1.72
42.35 96.24 14.17 1.78
20.51 96.18 14.49 2.9
0 96.09 19.47 2.28
0 96.44 20.02 2.57
0 96.58 19.52 2.68
0 96.41 19.8 2.52
3.89 96.4 19.37 1.66
10.48 96.46 18.64 1.96
0.02 96.53 16.97 1.83
2.14 96.03 16.99 2.28
3.75 95.83 19.17 2.45
39.55 95.7 18.35 3.3
39.09 95.81 14.82 2.16
42.49 95.76 14.66 1.84
12.56 95.71 15.56 2.7
0 96 14.09 2.18
0 96.18 16.3 2.48
0.21 97.04 13.55 1.5
2.31 97.51 11.58 1.9
5.94 96.35 15.95 3.17
59.54 95.6 11.15 5.09
0.08 95.54 13.74 4.4
0 96.55 11.14 2.15
0 96.87 13.77 2.25
0 96.33 17.88 3.47
0 96.23 18.21 2.17
0 96 18.52 3.49
0 96.35 10.91 3.5
0.34 95.68 6.26 2.87
5.34 95.83 6.03 4.91
6.24 96.15 10.07 4.16
0 96.56 11.78 2.33
0 96.64 12.78 1.87
0 96.37 13.73 1.75
0 96.32 14.25 1.86
0 96.34 15.49 2.53
1.48 96.48 14.04 3.1
0 97.29 6.47 2.77
0 96.16 10.12 2.65
22.65 96.76 5.85 2.12
27.32 97.06 5.23 1.94
1.16 109.67 193.11 92.51
0 109.15 193.47 92.41
0 97.3 7.1 2.7
0 97.27 4.26 1.68
6.6 95.98 7.71 4.76
0 96.06 4.37 2.97
0 96.67 2.18 3.13
0 96.99 0.42 3.8
0 97.44 0.39 2.81
0 97.49 3.08 1.63
0 96.81 5.06 1.73
0 96.62 6.04 1.47
0 96.59 8.86 3.43
0 96.78 10.7 3.29
0.62 97.95 1.76 3.9
40.03 98.02 -2.68 3.48
26.28 97.6 -2.64 3.51
5.7 97.12 -2.36 2.27
0.43 97.18 -2.4 1.53
0 97.36 -2.65 1.35
0 97.5 -0.63 1.43
0.15 97.33 1.31 1.47
0.01 96.6 3.86 2.22
0 95.93 6.4 2.51
0.12 96.82 2.74 2.53
5.54 96.71 -2.34 2.55
0 97.39 -4.48 2.67
5.58 97.31 -5.72 2.36
10.02 97.3 -7.24 2.43
5.58 97.3 -8.51 2.02
5.45 97.79 -9.34 1.84
15.15 98.26 -10.98 2.8
8.31 98.31 -11.97 3.28
0.07 98.22 -14.29 2.15
0.01 97.33 -13.86 2.79
0 97.24 -13.67 3.09
0.05 96.79 -11.94 1.37
0.2 97.24 -9.74 1.61
14.75 96.92 -5.95 2.07
0 96.83 -8.34 1.61
0.44 96.13 -3.84 2.2
0.16 95.88 -4.7 4.42
0.37 96.17 -6.87 5.57
0 96.53 -4.16 3.9
0 97.24 -4.78 2.17
0 97.43 -8.1 1.48
0 97.6 -9.43 0.99
0 97.12 -3.81 2.13
3.85 96.78 0.74 2.53
0.03 97.02 -0.6 3.95
0 97.39 -6.52 1.85
0 97.05 -6.21 1.52
0 97.17 -6.79 1.32
3.28 96.46 -5.1 2.75
0.03 96.51 -5.91 4.18
0.04 97.09 -7.77 5.24
0 97.18 -7.31 2.78
0 97.65 -5.54 1.99
0 97.64 -6.35 1.59
0 96.75 -3.35 2.34
0 96.97 -5.37 1.59
0 97.1 -8.07 1.52
0 96.97 -5.64 2.02
0 97.1 -9.52 2.11
0.01 96.07 -7.74 2.83
0 97.13 -12.48 4.06
0 97.88 -14.4 2.01
0 97.59 -9 1.86
0.2 97.16 -6.59 1.5
1.13 97.4 -7.03 1.58
0 97.4 -8.16 1.91
0 96.51 -3.26 2.5
0.01 96.54 -6.21 1.41
2.71 96.75 -8.05 1.93
0 97.18 -10.08 3.43
0 97.01 -11.49 2.67
0 97.28 -9.59 3.46
0 97.11 -9.45 2.94
0 96.93 -10.01 2.87
0 96.68 -9.77 2.44
0 97.46 -11.52 3.09
0 97.7 -12.3 2.77
0 97.15 -11.78 3.43
0.07 96.49 -10.82 3.55
0.09 96.27 -11.27 2.21
0 96.36 -11.52 1.75
15.65 97 -14.49 2.78
1.99 96.98 -17.98 2.86
0 96.59 -18.43 3.71
0 97.24 -18.08 1.89
0 97.77 -18.06 1.47
0.63 97.7 -17.32 1.84
0.57 98.2 -20.06 3.48
0 98.09 -23.03 4.95
0 97.51 -15.15 4.51
0 96.95 -10.46 2.93
0 96.83 -11.2 3.35
0 96.92 -9.64 2.89
0 97.48 -12.55 1.96
0 97.95 -15.51 2.13
0 97.73 -16.39 2.13
0 97.75 -13.25 3.02
0 97.61 -10.7 2.55
0 97.24 -8.9 2.24
0 97 -8.05 2.6
0 97.2 -7.91 3.46
0 97.13 -8.32 3.54
0 97.07 -6.88 2.61
0 96.17 -6.79 2.38
0.01 95.77 -3.74 3.35
0 96.46 -2.63 2.62
0 96.14 0.94 3.08
0.1 96.07 0.92 2.46
2.01 96.29 0.71 2.93
29.86 97.02 -7.54 5.92
0 97.1 -11.79 5.2
0 96.44 -8.79 3.93
0 96.29 -4.68 4.19
0 96.26 -1.6 3.91
0 96.23 -2.76 3.7
0.12 97.11 -6.35 3.22
0 97.09 -8.24 3.59
0 97.01 -9.53 2.54
0.01 97.07 -6.72 3.15
0 97.98 -10.01 2.55
0 97.59 -8.37 2.56
0 97.52 -7.9 2.71
0.07 96.85 -6.33 3.08
0.02 96.94 -6.54 1.96
0.11 97.2 -7.5 4.13
0.06 97.48 -8.26 3.45
0.03 96.52 -1.33 2.93
0 96.14 1.94 2.48
0 96.13 1.07 2.18
0.14 96.52 -0.1 1.35
53.16 96.28 1.11 3.25
0.03 96.35 -0.82 2.22
5.75 96.58 -3.34 4.16
0 97.34 -6.77 4.42
0 97.46 -6.65 3.49
0.03 97.24 -5.95 3.42
0 96.72 -5.11 2.04
0 96.08 -0.76 4.02
0 96.83 -1.18 2.77
0 96.64 1.18 2.35
0 96.07 5.03 3.05
0 95.9 8.83 3.35
0 95.52 10.02 5.07
0 95.91 7.98 4.06
0 96.86 4.22 2.01
0 97.07 5.53 2.03
0 96.67 8.77 2.89
0 97.04 6.11 4.47
0.01 97.6 2.94 5.07
0 97.64 2.8 3.41
0 97.29 3.46 2.81
0 96.86 8.08 3
0 96.3 9.49 2.45
0 95.65 11.45 4.19
1.05 96.14 8.13 3.05
0 96.15 8.66 3.02
0 95.18 15.76 4.95
13.96 95.4 11.3 4.99
0.61 96.51 7.16 3.98
0 96.52 8.36 3.27
0 95.68 11.18 3.5
0.07 96.02 10.66 2.65
2.51 95.39 12.81 4.89
0 95.71 10.55 4.26
0 95.65 12.48 5.55
0 96 7.5 3.16
0 96.62 5.38 3.58
0 96.19 6.84 4.56
36.04 95.26 7.98 2.48
0.25 94.96 10.42 4.59
0 96.09 11.68 3.57
0.2 95.59 15.28 4.81
22.42 95.52 10.9 3.67
3.21 95.49 7.1 4.03
7.58 95.83 6.89 2.61
4.46 96.17 9.2 3.56
0.1 95.79 14.07 2.86
0 94.92 15.74 5.47
0 95.46 11.88 5.68
0 96.05 11.51 2.8
0 95.53 14.31 4.64
0.83 96.34 11.19 3.07
16.85 96.57 9.51 2.07
0.74 96.14 12.79 1.96
0 96.28 13.26 2.49
13.77 95.51 13.46 3
0.14 95.11 16.82 2.91
8.99 94.79 21.18 3.9
114.28 95.57 12.38 2.71
125.04 94.66 11.14 5.21
0 95.2 16.18 3.28
20.41 95.26 15.05 4.71
0.05 95.47 13.75 5.86
0 96.28 16.29 2.91
0 95.73 18.68 4.2
0.46 95.87 17.77 2.36
0 95.59 17.72 2.16
2.36 94.79 20.05 4.81
204.18 95.48 12.1 3.96
0 96.4 15.38 4.09
22.43 96.05 12.61 4.29
2.24 95.8 13.38 3.48
0 95.31 18.03 2.89
0 95.4 23.84 3.65
0 95.7 24.62 4.67
0 95.94 23.02 4.26
0 96.11 22.69 4.03
0.03 96.76 19.79 3.6
0.03 96.7 18.95 2.64
37.83 95.86 15.3 1.71
20.58 94.75 16.35 4.7
13.21 95.03 18.69 3.24
0.23 95.5 19.04 4.19
0 95.44 22.5 4.26
0.05 95.04 24.72 4.49
0 95.42 19.72 4.34
0 95.13 22.43 4
15.43 95.93 17.86 2.29
0 95.99 20.61 1.79
0 95.61 23.75 2.7
0.01 95.27 24.81 3.37
0.03 95.44 22.82 2.96
0.09 95.69 23.38 2.59
21.32 95.85 19.92 3.28
7.18 95.9 19.31 1.9
0.07 95.63 21.89 2.16
26.54 95.34 21.6 4
106.96 95.1 20.26 4.79
31.68 95.56 18.44 2.49
5.94 95.46 20.06 2.12
2.95 95.11 20.56 2.13
126.06 95.04 16.5 2.32
15.72 95.04 18.55 2.05
2.44 94.66 20.79 2.63
26.87 94.7 21.08 2.01
5 95.24 21.55 2.78
0.03 95.35 23.63 2.39
30.2 95.02 25.05 3.2
25.18 95.03 24.33 2.82
56.78 95.06 22.96 2.41
25.36 95.28 21.75 2.69
7.6 95.31 21.65 3.42
0 95.48 24.45 2.82
0 95.46 25.05 2.12
35.9 95.21 23.9 2.58
44.68 95.34 20.23 3.45
85.41 95.18 20.59 2.76
70.15 95.18 20.74 1.93
0 95.34 21.11 1.93
0.31 95.31 22.62 1.7
0 95.43 25.64 3
0 95.63 24.95 2.81
1.59 95.83 25.23 1.83
0 95.91 26.57 2.08
0 95.85 26.78 3.07
0 95.59 26.5 2.74
0 95.34 27.67 2.17
0 95.09 28.72 2.83
5.44 94.77 29.05 3.77
81.87 95.02 23.13 2.22
1.79 95.35 24.94 2.47
0.88 95.72 23.54 2.58
5.22 95.41 20.48 1.99
7.53 95.26 20.57 1.99
2.29 95.54 22.41 1.73
0.2 95.56 24.04 2.27
26.11 95.65 23.71 2.88
180.67 95.75 21.76 2.63
779.45 95.29 21.66 2.76
39.71 95.04 23.54 1.91
7.28 94.89 26.62 2.71
0.26 95.39 26.41 2.3
454.24 95.43 21.36 2.44
6.29 95.3 22.56 1.62
0.88 95.08 24.2 2.31
53.85 95.07 24.16 2.28
33.61 95.45 23.89 1.71
110.08 95.71 24.23 2.04
77.11 95.84 22.6 1.83
40.37 95.92 23.21 1.87
0.48 95.92 25 1.48
0 95.87 26.59 1.61
0 95.83 27.27 2
0 95.74 27.04 2.25
125.17 95.45 25.86 2.32
186.1 95.82 23.73 2.24
0 95.94 22.8 1.54
0 95.58 23.99 2.37
0 95.33 27.65 3.58
0.58 95.33 29.29 3.66
11.08 95.4 26.17 2.18
0 95.37 25.21 1.81
0 95.64 24.4 1.89
2.81 95.57 23.43 1.49
40.38 95.42 22.55 1.95
2.1 95.3 23.28 1.5
263.85 95.27 20.71 1.76
23.48 95.68 21.48 2.15
27.19 95.81 22.22 1.63
1.49 95.93 23.25 1.75
1.25 96.03 23.55 1.55
12.21 95.58 21.61 1.74
28.26 95.36 23.67 1.88
142.67 96.09 18.48 3.84
0 96.38 18.42 2.11
3.37 96.05 18.68 2.01
5.69 96 19.39 2.05
0 96.17 18.78 2.57
0 95.61 18.36 2.59
32.2 94.52 16.57 4.29
26.1 94.39 16.11 2.71
10.8 95.09 19.34 1.42
36.14 95.63 18.56 1.22
55.78 95.88 17.92 1.51
64.79 95.78 17.98 1.61
20.74 95.64 19.73 1.61
2.08 95.41 19.44 1.59
10.37 95.48 18.57 1.71
31.09 95.79 17.45 1.55
21.87 95.97 17.04 1.83
48.07 96.34 16.17 1.93
18.36 96.58 16.63 1.49
1.93 96.53 17.44 1.41
17.38 96.32 19.08 2.01
0.1 96.18 20.22 1.64
2.95 96.27 19.15 1.98
1.54 96.7 16.84 2.29
19.28 96.84 14.7 2.6
0.08 96.86 14.69 2.33
0 96.74 14.86 1.6
0.73 96.55 15.39 2.15
4.12 96.17 17.14 2.35
4.18 95.87 18.6 2.26
1.3 95.59 20.59 3.82
0.05 96.29 17.72 1.97
6.88 96.09 17.56 2.13
3.78 96.78 12.53 4.18
0 97.24 8.98 2.39
0.04 96.47 10.15 2.43
0.06 96.09 16.03 2.08
6.99 95.94 19.33 3.72
3.63 95.99 15.86 2.01
0.59 95.97 15.68 3.43
79.71 96.59 7.91 2.34
19.83 96.65 6.96 2.31
0.44 97.23 8.73 1.6
59.87 96.39 10.35 2.67
1.18 96.52 6.86 4.42
0 96.81 5.23 1.84
1.4 96.4 6.54 2.09
0 96.93 6.22 85.87
0.12 96.92 7.47 1.62
0 96.49 11.78 1.53
0 96.56 13.11 1.59
0.13 96.71 15.66 3.14
7.87 96.21 14.51 3.71
0 96.7 10.03 2.08
0 96.46 11.87 2.01
0 96.3 12.72 2.48
1.26 97.25 5.1 2.93
32.19 96.62 5.58 1.79
42.06 97.27 2.44 3.09
0 96.92 2.9 1.41
0 96.28 4.15 1.56
0 95.87 8.82 3.27
0 97.1 3.59 2.32
26.52 97.12 3.24 1.46
15.41 97.29 2.94 2.8
0.17 97.42 0.66 2.41
5.22 97.1 -0.09 3.19
0 97.92 -4.31 3
0 97.55 -2.5 2.61
0 96.81 1.13 3.08
0 96.3 1.9 1.86
0 95.38 3.46 1.52
0 96.39 2.05 3.26
0.16 97.27 -0.98 1.99
9.22 97.47 -1.54 3.28
0 97.85 -3.48 2
0 97.27 -2.65 2.21
2.04 95.75 2.71 3.39
3.05 96 -1.13 1.83
0.48 96.53 -0.52 1.81
0 95.99 4.25 3.62
0 96.63 2.12 4.85
0 96.98 -3.05 2.16
0 96.68 -0.11 2.19
0 96.62 -0.72 2.71
0.55 96.06 1.07 2.49
3.29 96.57 -4.19 2.72
17.86 97.16 -7.13 1.68
42.03 97.47 -8.68 2.9
0 97.84 -10.79 3.22
0 97.53 -10.27 2.89
0 97.04 -7.88 2.44
0 96.69 -5.41 2.18
0 96.21 -1.76 3.44
0 97.01 -5.48 3.16
0 97.43 -3.86 2.01
0.05 97.76 -4.42 2.01
5.12 96.56 -0.32 3.82
0 97.31 -2.74 3.7
0 97.02 0.68 2.57
0 96.27 2.92 3.26
0 96.39 -0.61 2.69
0.27 97.02 -5.14 3.43
0 96.52 -5.43 2.85
0 96.73 -6.63 2.11
3.45 96.11 -3.8 3.4
0 97.07 -7.12 2.21
0 97.23 -8.02 1.52
0 96.63 -5.33 2.87
5.17 96.94 -3.36 2.65
0 97.56 -8.04 3.72
0 97.51 -9.92 2.36
0.01 97.48 -9.16 3.32
0 96.69 -4.84 2.43
0 96.66 -4.54 1.38
0 96.81 -4.23 1.21
0 96.86 -3.96 1.41
0.06 97.21 -3.76 1.23
0.08 97.25 -5.04 2.71
5 96.87 -9.06 4.06
0 97.29 -9.74 2.89
0 97.24 -10.74 1.38
0.03 97 -5.82 2.88
1.69 97.68 -9.17 3.92
0 97.59 -11.49 2.22
0 97.24 -9.23 3.91
0 97.49 -9.07 2.97
0 96.99 -8.26 1.65
0 96.86 -7.33 1.47
0 96.63 -3.39 3
0 96.8 -4.73 2.38
0 96.47 -2.79 2.4
0 97.11 -5.7 1.53
0 97.44 -7.28 1.39
0 96.93 -4.47 1.18
6.25 96.95 -3.91 1.7
11.28 96.51 -4.24 2.25
0.01 96.71 -7.41 3.27
0 96.97 -10.15 3.4
0 96.73 -10.43 2.48
0.01 96.46 -11.47 2.83
0 96.57 -10.02 4.48
0 97.57 -11.51 2.19
0.08 97.56 -13.33 1.44
0.02 97.46 -12.71 1.36
0.25 97.24 -10.77 1.84
0 97.56 -11.32 1.8
11.56 97.23 -12.27 2.82
0 97.31 -13.09 2.46
0 96.89 -11.96 4.48
0 97.61 -13.62 2.74
0 97.74 -13.9 1.89
0 97.85 -12.48 1.5
0 97.24 -8.25 2.07
0.04 96.43 -3.35 5.23
0 97.02 -6.33 3.44
0 96.48 -7.55 2.46
0.34 97.26 -10.45 4.27
0 97.62 -9.68 3.35
0 97.02 -7.37 3.15
0 97.76 -7.59 3.59
0 97.14 -4.72 2.36
0 96.59 -4.3 1.77
0.47 96.21 -1.02 2.29
0 96.58 -4.87 3.54
0.01 97.54 -6.39 2.98
0.01 97.5 -7.33 1.28
0.02 97.25 -7.98 5.3
0.01 96.8 -9.01 5.83
0 96.99 -8.93 4.87
0 97.11 -7.12 2.99
0 97.11 -6.71 1.66
0 97.58 -5.36 1.89
0 97.46 -4.05 2.39
0 96.25 2.04 3.22
3.29 96.56 -2.61 4.66
0 97.21 -6.58 3.2
0 96.66 -5.79 2.54
0 95.52 -3 4.76
0 97.3 -6.94 4.59
9.97 97.14 -5.89 2.82
19.14 96.43 -3.45 4.42
0 96.96 -4.22 3.51
0 96.66 -1.81 3.38
0 96.61 -0.37 3.02
0 96.85 -0.86 1.67
0 96.47 1.83 2.92
0 96.43 1.21 2.88
0.74 96.85 -4.04 4.01
0 96.06 -0.98 2.65
0 96.15 0.01 1.95
0.06 96.36 -2.86 2.48
0.19 96.77 -4.5 3.63
0.03 96.53 -6.72 3.88
0 96.5 -4.56 4.64
0 96 0.13 4.08
0 95.83 1.08 3.21
0 96.06 3.05 1.94
0 96.3 5.12 3.15
0 97.13 0.57 4.68
0 97.16 1.33 2.79
0 97.13 1.78 2.41
0 96.87 2.98 1.79
0 96.49 3.44 1.67
1.45 96.38 4.4 2.08
0 96.9 5.81 2.22
0.07 97.02 5.39 2.25
0.54 97.04 2.7 3.59
0 96.87 2.24 2.54
0 96.64 3.27 2.25
0.51 97.03 2.64 1.77
4.27 96.73 1.62 1.6
1.74 96.53 3.27 2.32
0.22 96.44 2.95 2.35
0 96.63 3.73 2.6
0 96.42 6.01 2.61
0 96.34 9.57 3.61
0.05 97.16 5 2.83
0 96.97 5.14 2.37
0 96.36 5.98 1.77
0 96.36 9.58 2.19
0 96.28 13.04 3.35
0 95.97 16.81 4.2
0.36 95.75 13.99 3.87
3.8 95.79 10.56 3.71
1.2 95.88 9.99 2.73
0 96.59 9.45 4.05
0 96.61 9.48 1.94
0 95.59 13.33 3.43
0 96.15 8.61 4.24
0 96.1 7.44 2.54
0 95.42 12.94 4.52
0 94.99 15.6 3.14
0 95.42 16.92 3.32
0.14 95.81 14.88 3.15
1.07 94.68 15.27 4.45
0.38 94.84 9.12 6
3.34 95.3 8.53 3.22
3.15 95.62 10.4 3.49
0 96.04 11.03 2.47
0.01 95.38 14.14 4.9
0 95.66 10.58 3.15
0 95.95 10.18 3.21
0.01 96.6 9.72 3.6
0 96.62 11.25 4.49
0 95.76 15.77 4.31
0 95.22 17.86 3.29
0 94.88 21.19 4.42
0 95.8 17.37 2.61
0 96.19 17.92 2.61
0 96.12 21.31 4.3
1.37 96.06 19.04 5.85
16.98 95.99 15.51 3.37
15.75 95.67 10.99 5.77
0 95.9 11.52 6.25
0 95.75 18.49 3.72
0 95.47 20.92 2.7
0 95.24 20.58 4.76
0.49 95.21 19.23 3.3
0.06 95.33 16.18 5.12
0 95.23 14.27 4.36
1.97 95.42 13.25 4.51
0.37 96.15 14.61 4.79
0 96.12 17.33 2.41
0 95.35 20.13 1.96
0 95.16 23.56 2.57
0 95.13 28.73 4.35
1.01 95.5 27.13 3.51
0.39 95.81 23.92 3.24
5.13 96.14 16.7 3.81
194.89 96.26 10.63 2.39
0.03 96.03 16.67 2.17
0.02 95.6 19.71 2.15
0.15 96.14 15.76 3.46
0 95.73 18.56 2.45
0 95.35 21.1 3.24
0 95.56 22.09 3.79
24.37 95.88 17.66 2.87
0.54 95.37 20.32 3
19.91 94.89 20.13 3
0 95.37 17.44 3.38
90.68 95.72 12.21 2.11
0 95.8 16.58 2.61
0 95.8 20.56 2.43
0 95.96 21.95 2.41
22.52 95.67 16.31 2.66
1.23 95.37 18.99 2.67
0.29 95.24 22.72 3.64
0 95.35 21.45 3.56
0 95.73 19.4 1.91
7.42 95.89 18.68 1.97
13.92 96.18 19.11 1.81
0 96.17 21.37 2.1
0 95.68 27.59 2.6
0.09 95.42 28.67 2.11
3.1 95.29 27.54 2.62
5.86 95.19 25.44 2.78
41.58 95.21 22.5 3.11
140.11 95.14 19.88 2.05
10.66 95.16 20.62 2.44
0.43 95.36 21.85 2.25
37.77 95.72 19.91 1.71
85.97 95.63 18.24 1.59
6.59 95.34 20.02 1.52
5.61 95.3 22.12 1.65
0 95.47 24.45 1.82
18.99 95.38 25.35 2.78
7.77 95.4 26.03 3.25
0.08 95.29 27.13 3.66
6.76 95.15 27.23 2.75
19.74 95.03 27.66 2.71
61.32 95.24 24.53 2.2
0.41 95.34 25.62 2.05
14.21 95.5 25.1 1.92
62.39 95.66 23.92 1.6
68.71 95.45 24.36 2.8
643.55 94.61 23.18 2.68
20.7 94.55 25.3 3.22
66.02 94.75 24.3 2.65
0.55 94.67 24.46 1.73
0 94.94 26.2 2.53
0.91 95.03 28.61 2.9
31 94.82 28.15 3.45
14.27 95.21 26.53 2.07
16.24 95.57 26.67 1.97
0 95.69 27.29 2.11
0 95.63 28.54 2.48
0.01 95.36 28.58 3.33
67.85 95.14 26.57 2.8
57.92 95.12 23.21 2.65
61.95 95.85 21.78 2.38
16.9 95.84 21.98 1.62
2.1 95.38 23.89 1.23
2.17 95.48 24.04 1.7
0.32 95.73 24.24 1.86
28.55 95.39 22.48 2.52
2.01 95.57 23.38 2.43
0 96.09 23.31 1.84
0 95.67 23.62 1.67
22.19 95.25 24.44 2.37
0.1 95.43 25.49 2.11
0.68 95.5 26.4 2.76
36.14 95.24 25.65 2.27
941.18 94.66 23.64 2.55
8.2 95.07 25.2 1.47
114.34 95.12 24.74 2.24
62.9 94.94 23.09 1.83
3.75 94.99 24.06 2.07
26.74 94.86 23.19 1.61
35.68 94.7 21.42 1.6
6.59 94.8 23.51 1.58
10.39 95.2 24.23 2.52
55.22 95.59 23.35 2.15
0.31 95.73 23.93 1.81
43.81 95.67 22.22 1.72
25.69 95.56 22.06 1.62
216.4 95.62 20.41 1.88
97.31 95.77 21.13 1.82
44.39 95.92 21.77 1.59
21.81 95.96 22.4 1.57
8.17 95.61 22.7 1.9
0.76 95.32 25.36 1.87
50.55 95.77 23.11 2.05
218.5 95.67 19.66 1.97
0.1 95.66 20.61 3.11
0 95.75 18.73 3.36
0 96.1 19.79 2.17
16.16 95.84 17.43 2.89
7.17 96.26 16.37 2.78
0 96.42 14.79 2.19
0 96.12 16.97 2
0.57 96.12 17.39 1.6
3.81 95.95 19.7 1.7
13.32 96.02 19.36 1.95
5.89 95.91 20.36 2.86
2.34 95.73 21.44 3.06
0.04 95.58 20.83 3.35
0 95.51 19.38 1.67
0 95.3 21.38 2.3
0.54 95.86 18.91 2.64
9.69 95.95 18.32 2.05
65.03 95.8 17.38 1.88
0.1 96.02 16.81 2.1
0 96.43 15.46 2.07
0 96.7 16.37 1.61
2.62 96.65 18.16 2.04
8.35 96.46 19.15 2.03
1.74 96.01 19.31 2.49
0.03 95.83 17.23 2.12
0 95.25 19.28 2.41
0.28 95.71 16.09 3.01
0 96.12 15.82 1.84
0.67 95.47 19.41 3.18
35.7 95.47 17.45 3.44
0 95.67 18.54 4.03
0.09 95.96 18.49 2.61
16.31 95.95 16.69 2.59
28.82 96.23 13.39 2.21
0.21 96.22 10.24 2.22
0 96.09 9.48 3.19
0 95.93 10.21 2.21
0 96.07 13.59 2.92
0.09 96.21 15.8 3.9
0 96.99 9.43 2.48
0 97.34 7.8 1.93
0 97.12 9.67 2.53
0 96.41 14.26 3.36
0 96.17 15.56 3.51
0 96.48 14.17 1.91
22.04 96.79 12.61 1.5
136.17 97.41 9.04 3.16
20.01 97.43 5.88 3.04
1.02 97.24 5.18 2.77
1.22 96.87 5.01 2
0 96.73 6.88 2.87
0.01 97.35 5.01 1.36
29.75 97.4 6.4 1.83
0.15 97.73 5.27 1.62
0 97.52 5.86 1.72
2.72 96.85 8.56 1.62
0.05 96.63 9.1 1.36
0 96.32 11.4 2.59
0.01 97.04 7.61 2.24
3.9 97.16 4.27 1.94
0.07 97.14 5.02 1.9
0 96.94 6.61 1.97
0 97 8.14 1.44
0 96.39 10.62 1.63
0.04 96.24 10.86 1.81
0 97.06 7.42 4.1
0 97.63 2.22 3.5
0 97.09 5.27 2.28
0 96.19 8.22 2.97
