1.63 94.48 -17.27 1.41
0.04 95.15 -18.57 1.6
19.77 94.97 -19.84 1.56
6.4 95.27 -19.37 3.43
0 95.56 -20.73 2.29
0.01 95.76 -20.98 2.28
0.1 95.85 -18.82 1.45
18.74 95.2 -17.53 1.1
5.36 95.42 -17.11 1.51
0 95.68 -16.85 1.5
0 95.68 -17.3 3.11
0 95.11 -19.72 3.38
0 95.11 -17.31 3.7
1.46 94.93 -16.4 1.42
0 96 -15.91 1.55
0 95.56 -14.62 1.02
0 95.25 -11.09 1.51
0.01 95.15 -6.94 1.42
0 94.66 -1.37 3.12
0.2 95.9 -10.9 4.75
0 95.79 -14.54 3.7
0 95.5 -12.56 4.9
0 94.97 -9.09 4.09
0 94.41 -9.75 4.46
0 95.37 -10.33 4.26
0 98.61 -5.54 3.21
1.2 94.32 -5.29 2.84
0.03 94.92 -11.78 4.43
0 94.49 -6.5 4.92
0 94.56 -6.31 2.2
0 95.14 -9.73 1.84
0.55 95.28 -12.18 2.11
0 95.3 -15.34 2.45
0 95.23 -14.17 2.69
0 95.22 -14.66 2.23
0 95.54 -14.69 1.55
0.03 95.39 -12.69 2.05
3.94 94.47 -4.6 2.63
0 94.61 -5.92 2.13
0 95.22 -8.56 2.33
0 95.83 -11.71 3.11
0 96.24 -13.1 3.55
0 95.94 -12.66 1.94
0.12 95.29 -10.98 2.23
0 95.73 -11.82 2.69
0 95.89 -13.48 2.15
0 95.42 -11.6 1.72
0.02 95.02 -9.9 3.16
0 94.81 -9.11 2.85
0 94.29 -5.05 1.75
0 94.16 -7.48 1.76
0 94.31 -6.57 1.77
0 94.29 -4.77 2.55
0 93.29 0.12 1.96
2.78 93.67 -3.34 2.05
0 94.71 -6.62 2.04
0.55 94.88 -5.82 1.82
5.33 94.54 -7.08 1.96
1.27 95.17 -8.78 2.37
0.26 94.83 -8.77 1.97
0.87 94.62 -4.65 3.58
0 94.64 -2.74 2.96
39.23 94.28 -3.19 2.93
2.33 95.38 -10.77 3.39
0 96.04 -12.74 1.76
0.02 96.29 -12.83 1.73
4.31 96.61 -11.04 2.61
0.01 95.84 -10.38 2.66
0 94.46 -4.72 2.67
0.79 93.39 1.46 3.76
1.14 94.6 -5.92 4.28
0 95.14 -3.6 1.88
36.41 94.56 -0.88 2.04
0.84 94.61 -3.86 5.91
0.02 95.02 -5.72 2.61
0 95.42 -6.53 2.49
0 94.4 -3.35 2.63
0.61 93.07 3.69 2.49
48.77 93.77 -1.58 3.79
0 94.04 -0.36 2.86
0.22 94.08 2.8 3.68
0 94.71 1.59 2.7
0 95.28 -1.5 2.81
0.18 95.26 -4.25 3.62
0.75 94.77 -3.52 1.92
2.24 95.33 -2.62 1.77
0 95.25 2.6 1.55
0.11 95.01 5.07 1.97
7.53 94.41 8.28 3.7
3.13 94.2 6.32 4.94
0 94.63 0.73 5.41
0 94.67 -1.03 4.2
0 94.24 4.24 3.94
0 94.05 7.69 3.84
4.27 94.68 2.11 2.53
0.01 95.31 1.26 2.32
0 94.69 6.87 3.39
0.53 93.51 11.62 5.68
18.02 94.34 1.81 2.71
0 94.63 2.49 3.25
1.91 94.56 1.25 2.18
44.88 94.44 -0.61 3.41
0.02 95.18 -1.75 5.1
0 95.27 1.25 2.56
0.33 94.62 3.39 2.5
6.3 94.87 2.71 1.75
0 94.81 4.62 2.61
28.6 94.16 9.82 2.65
23.98 94.67 8.16 2.03
0.43 95.02 8.01 2.08
0.24 95.27 8.95 2.06
1.31 95.03 8.39 2.31
0.78 94.91 7.57 2
0 94.48 11.85 2.84
5.9 94.22 12.27 4.07
22.58 94.12 3.73 3.34
12.01 93.75 1.77 3.55
0.17 93.91 4.08 5.87
1.85 94.05 6.35 5.09
5.59 94.25 11.34 2.6
0 93.71 16.86 1.97
0 93.47 17.76 4.24
0.27 93.98 15.61 2.06
3.72 93.49 72.74 2.53
228.96 93.16 9.32 3.12
6.98 93.64 12.74 3.92
38.6 93.62 11.35 1.78
5.59 93.85 14.19 2.68
42.33 93.66 10.54 3.75
10.95 93.58 8.84 2.47
2.38 94.6 9.65 2.46
0 94.82 13.09 1.67
0 94.77 15.85 1.68
6.34 94.37 16.46 3
5.86 94.27 19.62 2.42
1.2 94.44 19 2.4
17.07 93.96 17.42 2.56
185.11 93.14 12.01 2.8
0.44 92.85 17.66 4.92
0 93.67 21.29 2.72
0 93.82 23.71 2.77
0.91 93.84 21.78 2.04
0.45 93.51 21.26 2.54
8.65 93.79 16.93 4.12
0.53 94.35 20.45 3.07
0.36 94.72 21.26 2.25
12.13 94.63 18.38 1.91
90.45 94.01 15.31 2.29
59.11 93.68 16.23 1.96
57.34 94.15 15.04 1.88
17.23 94.72 16.2 1.23
4.48 94.62 17.89 1.57
0.84 94.74 19.05 1.52
0 94.79 21.17 1.65
0.03 94.58 22.15 1.93
0 94.29 23.25 1.99
0 94.29 23.16 2.33
0 94.37 24.01 3.06
0 94.49 24.18 3.15
0 94.6 24.2 2.32
2.28 94.48 21.07 2.13
0.04 94.18 21.21 3.03
0.98 93.87 23.22 1.88
26.08 93.6 23.18 2.96
44.06 93.53 21.58 2.78
0.74 93.45 23.18 2.48
23.65 93.54 23.21 1.71
77.99 93.57 20.85 1.99
22.53 93.67 20.47 1.85
1.17 93.79 22.47 1.56
0.07 94.17 22.41 2.55
0.04 93.76 22.79 1.94
5.78 94.07 20.23 2.03
0 94.16 23 1.56
0 94.03 25.33 1.82
0 94.02 26.21 2.44
0 93.95 25.79 1.87
12.3 93.78 22.18 1.7
22.78 93.7 22.55 1.46
0.17 93.75 23.92 1.59
0.27 93.53 25.65 1.46
69.31 93.47 22.28 2.31
1.68 93.5 24.95 1.43
0.12 93.5 27.51 1.74
3.32 93.49 26.67 2.43
0 93.5 26.12 3.17
0.04 93.62 24.93 2.65
10.58 93.88 20.91 1.97
2.19 94.08 22.28 2.08
3.07 94.02 21.69 2.33
86.21 93.81 20.84 1.82
102.78 93.82 20.33 1.56
214.64 94.09 20.1 1.3
4.98 94.35 22.25 1.22
0 94.26 23.85 2.14
75.29 93.81 22.37 2.35
16.73 93.59 24.48 2.93
3.11 93.84 25.52 2.15
3.45 93.82 26.63 2.56
24.31 93.88 25.53 2.35
109.7 93.82 23.9 1.79
1.02 94.07 24.62 1.56
1.84 94.17 25.93 1.62
7.15 94.2 26.87 1.48
19.9 94.32 27.33 1.52
0.69 94.18 27.86 1.95
9.01 94.11 27.03 2.14
26.72 93.74 26.13 2.18
214.48 93.34 25.72 2.44
8.95 93.35 22.41 1.41
36.26 93.33 25.72 1.27
146.4 93.65 22.19 1.87
0 94.26 21.24 2.14
0.06 94.13 22.52 1.69
15.74 93.4 24.38 2.7
50.61 93.63 23.39 1.98
72.31 94.06 21.48 3.3
0 94.77 20.17 1.6
35.33 94.38 19.61 1.51
100.24 93.66 21.95 2.33
25.35 93.77 22.16 2.37
0 93.98 21.37 1.8
0 93.71 24.01 2.27
26.53 93.44 24.5 1.86
3.18 93.33 25.64 2.21
17.42 93.25 23.37 3.44
0 93.76 21.47 2.82
0 94.09 22.14 1.57
16.14 94.08 22.06 2.25
14.41 94.23 22.53 2.21
101.92 94.41 22.16 2.11
0.84 94.72 22.29 1.91
138.31 94.63 18.79 1.59
52.02 94.58 19.25 1.63
2.65 94.58 19.68 1.47
0 94.49 21.93 1.82
0.24 94.74 21.31 1.63
5.68 94.95 21.03 1.56
0 94.67 20.41 1.71
1.1 94.45 20.08 1.48
24.28 94.06 20.32 1.67
4.73 94.17 20.23 1.39
1 94.22 21.24 1.87
9.96 94.72 19.84 1.59
4.79 94.86 20.49 1.4
0.04 94.72 19.51 1.24
0 94.44 19.79 1.66
0 94.23 22.32 1.73
0.52 94.47 22.97 1.95
0 94.98 18.03 1.69
0 94.79 17.65 1.36
4.72 94.35 18.51 1.33
10.95 94.05 18.49 1.76
0.18 94.28 19.19 1.48
0 94.42 20.4 1.16
5.44 94.48 21.85 1.43
0 94.56 22.1 1.63
7.65 94.35 20.44 2.1
100.94 94.73 14.48 2.15
266.24 94.82 9.19 1.76
134.74 94.68 12.9 1.43
0 94.41 16.31 1.49
52.16 94.68 14.32 2.14
177.57 95.29 9.25 2.64
0 95.15 9.89 2.57
0 94.94 12.11 1.54
1.79 94.68 14.32 1.43
13.39 94.42 14.75 2.47
0.24 94.61 11.87 2.66
0 94.62 9.71 4.82
0 95.42 8.47 2.49
0 94.99 9.67 1.39
0.04 94.7 14.92 2.23
3.07 95.04 12.25 1.46
259.91 94.78 7.39 2.28
64.7 94.74 7.94 2.65
0 94.83 9.36 1.67
0 94.43 13.19 1.74
0 94.32 16.5 2.5
0 94.45 17.54 2.74
0 94.41 17.24 2.1
0 93.98 16.71 3
83.64 94.57 9.79 2.06
156.1 94.99 5.01 2.14
0 95.06 7.9 1.95
0 94.65 9.38 2.01
0 94.85 7.65 3.17
0 94.35 7.11 3.23
0 95.14 1.98 2.94
0 95.69 0.49 1.03
18.08 95.62 -0.14 1.3
44.76 95.67 0.67 1.1
0 95.54 1.84 1.23
0 95.01 3.88 1.29
0 94.72 8.08 1.37
7.15 94.93 7.96 2.35
6.23 95.46 3.02 3.44
0 95.81 -0.74 3.78
0 96.44 -1.92 2.2
0 95.62 0.4 1.97
0 95.51 4.2 2.26
0 95.5 5.6 1.78
0 95.57 5.66 1.79
0 95.41 5.76 2.36
0 95.92 1.44 3.22
0 95.43 1.42 2.13
0 95.04 4.71 1.79
0 95.11 4.48 1.48
0 94.81 6.73 2.06
0 94.52 6.72 1.56
4.92 94.71 2.85 2.77
0.55 95.19 -0.31 3.58
0 94.83 -1.67 1.37
0 94.39 -0.32 1.36
20 93.92 0.36 3.84
4.82 94.29 -1.35 2.05
0.8 95.31 -2.43 4.04
0 96.27 -5.73 2.78
0.1 95.59 -3.66 2.74
0 94.97 -0.39 1.71
0 94.87 0.4 1.87
0 94.55 4.32 3.33
0 94.08 2.76 2.39
0 93.86 5.11 2.2
0.68 94.05 1.24 4.69
0 94.78 -3.54 2.25
0 94.6 -3.16 1.8
0.03 94.87 -3.14 4.61
0 95.14 -7.33 2.76
1.44 94.29 -7.19 2.46
0 94.67 -8.23 6.01
0.31 94.81 -8.29 1.76
0.17 94.69 -7.34 1.26
0 94.33 -3.53 2.27
0.04 93.94 -3.56 1.93
0.12 94.56 -8.51 3.82
0 94.59 -6.87 2.01
0 93.61 1.66 2.48
0 95.02 -4.08 3.54
0 95.53 -6.75 3.53
0 94.25 -6.08 2.65
0 94.23 -7.65 1.75
0 93.69 -6.07 1.74
2.23 93.63 -9.38 4.22
0 94.56 -13.17 1.97
2.07 94.91 -14.52 2.08
0.05 95.64 -16.44 2.74
0 95.56 -17.19 4.03
0 95.27 -16.23 4.31
0 93.96 -9.47 3.97
0 93.83 -7.14 2.05
0 93.88 -4.7 2.33
0 94.15 -3.41 3.04
0 94.4 -1.86 2.1
0 94.14 -7.71 1.37
0.56 94.71 -11.19 2.97
0 95.94 -17.86 3.63
0 95.91 -16.68 3.51
0 95.03 -15.85 3.26
0 93.96 -12.59 3.22
0 93.63 -10.05 2.45
0 94.28 -12.77 3.33
3.24 94.5 -13.32 2.17
0.08 94.72 -13.64 4.58
0.18 95.27 -12.56 4.93
0 95.58 -12.46 3.31
0 95.72 -13.02 2.87
0 95.32 -13.37 1.21
0.03 94.94 -13.36 1.95
0.07 95.14 -12.27 4.71
0 95.73 -11.57 3.89
0.04 95.04 -9.25 2.1
0.56 94.92 -10.71 3.52
0 95.45 -14.42 4.25
0 94.7 -11.87 3.28
0 94.27 -13.22 4.01
0 94.39 -13.45 2.17
0.02 94.41 -12.11 3
0.08 95.41 -16 3.29
0 95.83 -18.15 3.58
0 95.64 -15.94 2.58
0 95.48 -15.22 2.7
0 95.19 -15.34 3.26
0 95.17 -15.18 3.66
0 95.08 -13.46 2.53
0 94.89 -13.51 1.95
0 94.89 -14.37 3.56
0.12 95.16 -15.13 3.53
0.03 95.3 -14.98 1.94
0.05 95.47 -15.59 2.52
0 95.89 -16 1.8
0 96.18 -14.66 2.97
0.06 95.73 -15.13 3.22
0 95.46 -15.55 3.62
0 95.25 -11.55 3.86
0 94.88 -4.69 3.45
0 94.57 -5.71 2.16
0 94.5 -8.64 1.66
0 94.34 -6.71 2.38
0 94.59 -6.5 2.2
0.08 93.75 -4.55 4.15
0.02 94.36 -4.14 2.82
0 94.03 -7.24 2.02
0.95 94.19 -7.94 3.25
0.1 94.96 -10.9 1.81
1.32 94.94 -10.32 1.12
1.77 95.24 -13.85 3.87
0 95.34 -13.24 2.26
0.21 95.25 -12.36 2.19
0.12 95.19 -12.47 1.73
0 94.5 -4.54 2.84
3.26 94.49 -5.72 1.59
3.47 94.93 -5.75 2.67
0 94.89 -4.84 2.1
0 94.78 -0.85 2.24
0 95.05 -1.7 1.54
0 94.67 0.57 1.93
0 94.17 1.75 3.57
3.09 94.02 0.08 2.06
0.25 94.75 -4.79 3.02
0 95.33 -5.01 1.74
13.88 94.77 -3.26 4.02
0.74 95.54 -9.31 3.17
0.09 95.08 -8.43 3.32
0 94.75 -7.47 3.39
0 94.74 -7.34 2.66
0 94.87 -4.94 3.18
0 94.52 -1.58 2.09
0.22 94.04 0.8 2.47
0 94.86 -2.09 3.75
0 94.59 -2.07 4.4
0 94.63 -4.18 4.79
0 94.96 -2.33 3.97
0 94.71 -0.71 3.68
0 94.06 2.04 3.03
0 93.39 6.19 2.04
0.06 94.16 1.39 4.6
0 95.26 -2.83 4.26
0 94.94 -5.36 4.62
0 94.69 -3.57 3.1
0 94.08 2.8 3.34
0 93.77 3.94 5.19
0 94.17 1.04 3.63
0 94.35 -0.87 2.2
1.91 94.96 -4.1 4.28
0 95.05 -3.17 3.27
0 94.78 -2.6 2.7
0 94.94 -2.65 4.48
0 97.61 -0.74 2.68
0 97.58 0.71 3.02
0 97.43 2.58 2.97
0 97.67 2.54 1.85
0 97.39 6.72 3.16
0 97.04 7.62 1.96
0 96.67 8.9 4.08
0 97.92 1.93 3.89
0 97.84 2.03 2.25
0 97.41 5.68 2.45
0 97.3 7.23 1.44
0 94.58 9.5 2.88
0.11 93.85 10.33 5.22
3.33 94.26 7.31 4.65
0 94.21 7.85 3.96
0 94.09 7.79 3.63
1.04 94.76 4.98 3.28
0 94.43 8.89 3.36
0 93.85 13.95 3.24
0 93.95 13.35 1.75
0.03 93.23 15.62 3.47
0 94.07 10.05 4.76
0 93.74 12.07 4.07
1.6 93.84 7.64 6.8
0.48 94.46 6.9 4.52
0 94.23 9.63 2.11
0 93.73 12.95 3.97
43.62 94.43 7.57 2.27
2.97 94.32 6.46 2.05
10.95 94.05 5.47 3.09
5.23 93.63 6.19 3.86
0.07 93.2 8.58 1.87
8.97 93.25 9.13 2.88
2.33 93.89 7.49 2.7
0 93.4 9.71 1.7
39.41 92.79 8.3 1.63
3.67 92.75 9.39 2.57
1.23 93.68 12.9 3.49
0.45 93.93 10.37 3.88
0 94.24 12.42 2.76
3.77 93.76 12.11 2.9
106.95 92.98 9.21 3.08
0.34 93.05 10.59 3.68
0.01 93.58 13.14 3.06
1.75 93.52 14.76 3.85
14.35 93.39 16.36 3.17
0 93.63 17.67 2.31
0.34 93.32 15.42 5.41
1.53 93.27 12.22 6.2
0 93.47 14.75 6.38
0 93.57 15.6 4.52
0 94.11 12.83 3.39
0 94.04 14.02 2.27
0.03 92.95 17.49 2.47
13.65 92.79 17.96 3.77
9.17 93.9 13.09 3.07
1.98 94.01 11.53 3.45
1.37 93.88 12.34 4.48
0 93.75 16.99 3.12
0 93.88 17.95 2.66
0 94 20.15 2.83
7.06 93.89 19.96 3.97
11.97 93.82 18.46 4.83
0.02 93.68 19.88 2.96
0.76 93.48 23.35 5.1
17.03 93.61 21.54 2.48
41.68 93.21 18.15 3.19
9.03 93.15 17.03 3.15
0.05 93.56 19.26 3.05
4.95 93.28 20.06 4.78
3.16 93.41 18.44 4.04
0.34 93.67 19.26 2.07
2.69 93.52 22.61 1.98
8.95 92.91 24.02 2.97
25.82 92.66 21.46 2.59
15.84 92.9 21.59 2.57
0 93.3 21.94 2.72
38.99 93.25 20.29 2.04
152.98 93.42 15.98 2.36
6.88 93.6 19.5 1.91
6.48 93.61 21.11 1.59
58.53 93.4 20.12 2.08
63.42 93.38 18.44 2.05
112.32 93.59 17.44 1.71
0.61 93.76 20.58 1.79
0 93.67 23.92 1.37
0 93.51 26.02 1.99
0.09 93.24 27.42 2.85
0 93.19 26.9 2.66
26.62 92.95 21.92 2.25
87.34 93.23 16.1 2.35
1.64 93.91 18.95 2.38
0 94.25 20.52 1.61
4.14 93.7 21.74 2.78
6.23 92.99 22.69 2.39
10.25 93.12 24.64 2.52
0.02 93.25 25.18 3.42
33.33 93.19 23.59 2.46
53.85 93.29 21.99 1.61
0.33 93.22 23.05 2.54
0 93.34 23.69 2.53
0 93.45 25.13 2.37
57.39 92.93 22.77 2.62
0.81 92.65 24.45 3.33
76.57 92.73 17.66 1.87
33.56 92.8 18.07 2.74
14.71 93.46 21.04 1.88
22.37 93.63 22.52 2.11
13.59 93.68 23.73 2.14
7.06 93.7 23.57 2.25
7.77 93.53 23.85 1.51
36.01 93.64 22.12 1.82
16.66 93.61 22.23 1.63
40.64 93.48 21.69 1.74
22.39 93.54 20.9 1.45
90.51 93.6 21.49 1.36
250.29 93.48 20.35 1.76
75.98 93.36 21.01 1.58
68.34 93.27 21.89 1.89
13.1 93.26 23.08 1.86
0.12 93.34 25.24 1.53
115.38 93.31 25.22 2.66
481.84 93.12 21.84 2.12
99.7 93.07 22.09 2.31
11.24 93.25 22.48 1.98
0.41 93.49 24.17 1.58
70.3 93.68 21.14 1.57
69.31 93.31 21.16 1.68
0.16 93.38 23.21 1.78
0.24 93.52 23.83 2.11
0.61 93.86 22.88 1.87
0.04 93.45 23.4 2.04
0 93.44 23.79 1.89
0.08 93.65 23.92 1.56
19.16 93.61 23.32 1.54
7.05 93.63 23.55 1.7
7.18 93.32 23.77 1.67
7.26 93.44 25.14 2.1
0 93.83 24.45 1.48
0 93.66 25.39 1.34
0 93.36 25.88 1.7
17.55 93.13 25.11 1.76
108.07 93.5 20.63 1.69
201.63 93.54 18.79 1.6
12.24 93.57 21.04 1.54
8.52 93.72 20.58 1.34
0.08 93.99 21.13 1.7
0.12 94.12 21.76 1.31
0 94.11 22.95 1.36
1 94 22.7 1.59
10.23 94.21 20.93 1.73
0 94.19 20.35 1.4
44.03 94.16 20.02 1.39
6.42 94.38 19.84 1.63
0.81 94.45 21.08 1.45
10.25 94.25 19.79 1.86
5.34 93.94 20.65 1.46
0.66 93.85 21.8 1.44
0 93.79 23.03 1.43
19.47 93.57 21.7 3
1.31 94.06 18.7 1.83
0 93.89 19.5 1.76
7.95 94.38 17.4 2.13
0.54 94.33 18.32 1.5
0 94.38 17.88 1.41
0 93.9 19.11 1.4
10.71 93.58 17.47 2.97
3.17 94.19 12.93 1.94
0.18 94.74 12.67 2.11
3.95 94.96 13.46 1.95
4.78 94.44 16.5 1.93
0.71 94.17 16.79 2.07
0.07 93.76 19.72 3.03
18.4 93.85 16.87 2.01
20.49 94.1 13.83 1.57
40.54 94.44 12.04 2.43
0 94.83 8.78 2.24
0 95.25 9.23 2.24
0 95.07 10.19 1.42
0 94.73 11.72 1.7
0 94.34 13.1 1.64
0 94.45 14.04 2.18
0 94.3 14.32 1.82
0 94.04 17.01 2.9
0.03 94.35 16.86 1.74
0.32 94.46 17.91 2.72
0.18 94.27 18.23 2.15
13.58 94.14 14.62 1.98
0.13 94.62 7.88 3.18
0 95.09 6.36 2.5
0 95.16 6.71 2.77
0 95.61 7.46 3.01
0 95.25 8.84 1.76
0 94.57 10.64 2.27
0 94.03 11.71 3.45
0 94.61 9.39 1.89
0 94.57 10.06 1.29
0 94.31 13.3 1.93
0.1 94.78 12.77 2.66
0 95.27 9.03 1.38
0 94.99 11.75 1.79
0 94.41 13.63 1.45
62.23 93.84 10.17 1.58
3.18 93.78 8.53 2.27
2.33 93.43 7.69 2.82
1.55 93.93 7.97 4.31
0 94.87 4.86 2.11
0 94.93 8.02 1.39
0 94.71 10.14 1.89
0.03 94.54 13.83 3.01
0 94.52 13.36 1.91
1.16 94.44 10.8 1.76
38.98 95 4.08 3.51
0.01 95.31 1.75 3.21
0 95.29 3.83 1.88
0 94.86 5.37 1.5
3.96 94.73 6.38 2.34
0 95 5.92 1.45
0 94.64 6.22 1.56
0 94.44 8.36 2.67
0 94.62 9.76 3.37
3.72 94.87 10.34 2.79
0.04 95.44 3.96 1.53
2.79 95.11 7.09 1.47
2.93 94.91 8.92 3.01
0.16 95.6 2.41 2.48
0.12 95.44 0.95 1.06
0 95.38 3.01 1.73
0 95.35 2.93 1.55
0 95.13 1.68 1.2
0 94.5 1.86 1.15
0 93.9 3.37 2.02
0 94.19 4.37 3.61
0.04 94.97 -2.84 2.57
0 95.04 -4.92 1.7
0 95.08 -4.1 1.51
0 95.31 -1.82 1.66
27.89 94.67 -0.11 0.98
3.92 94.5 -1.33 2.67
1.43 94.69 -5.8 3.63
0 95.14 -7.24 2.63
0 95.14 -5.03 2
14.41 94.79 -6.08 2.63
0.27 95.38 -8.55 2.83
0 95.07 -9.14 1.01
0.21 95.04 -7.41 1.4
0.55 94.42 -1.06 1.89
0 94.5 -1.99 1.38
0 95.33 -4.65 2.24
0 95.85 -8.87 1.45
0 96.13 -8.84 1.88
0.26 95.38 -8.12 0.99
0.08 94.7 -5.61 1.14
0 94.91 -7.42 1.51
0 95.23 -9.09 0.96
0.97 95.43 -9.12 0.87
1.11 95.42 -6.58 0.85
1.06 95.71 -8.68 2.8
0.07 96.01 -12.49 3.77
0 95.63 -11.99 3.33
0.02 94.8 -7.39 4.66
0 94.86 -4.45 3.13
0 95.28 -7.51 1.7
0.02 94.58 -5.24 2.89
0 95.33 -10.43 4.29
0 95.52 -14.01 3.32
0 95.64 -13.17 3.69
0 95.4 -11.34 2.3
0 95.45 -11.15 2.26
0 95.34 -11.85 1.28
0 95.01 -10.98 2.3
0 94.98 -10.45 4.21
0 95.18 -12.16 2.87
0 94.73 -10.59 3.17
0 94.9 -13.34 2.02
0 95.39 -12.79 1.74
0 95.63 -11.78 2.01
0 95.18 -8.28 2
0 95.57 -11.39 1.6
0 95.85 -14.95 1.14
0.14 95.33 -12.63 0.96
0.02 95.15 -10.27 1.99
0.14 95.52 -11.92 1.99
0.51 94.95 -12.31 2.68
0.2 95.14 -13.34 4.06
0 95.33 -12.55 2.94
0 95.13 -12.01 1.97
0 95.91 -15.2 1.35
0.19 95.81 -15.35 1.04
0 95.41 -13.07 1.55
0 95.36 -13.63 1.13
0.21 95.44 -13.21 3.21
0 95.48 -13.03 3.14
0 94.66 -8.25 3.09
0 94.9 -9.64 2.4
0 94.82 -9.67 2.27
0 94.54 -10.91 1.16
0.15 94.39 -9.89 1.27
0.23 94.58 -12.57 1.04
0 94.74 -11.38 1.3
0 95.19 -11.9 1.27
0.04 95.87 -15.06 3.17
0 95.72 -18.63 3.22
0 95.36 -18.49 2.9
0 94.84 -17.55 2.34
0 94.7 -16.99 2.91
0 94.31 -14.76 3.05
0 94.42 -14.2 1.93
0 94.93 -15.63 1.58
0 95.16 -15.45 2.09
0 95.55 -16.33 2.16
0.06 95.16 -17.84 1.58
0.26 94.73 -17.17 3.83
0 95.51 -18.35 4.34
0 95.49 -16.48 3.34
0 94.54 -13.87 3.38
0 94.6 -10.96 2.6
0.14 94.05 -8.12 2.45
0.08 94.72 -14.13 5.14
0 94.9 -16.71 4.78
0 94.47 -13.59 5.12
0 94.63 -11.48 3.45
0 94.96 -11.75 3.12
0 95.01 -11.55 1.87
0 94.69 -9.43 2.4
0.06 94.45 -5.21 2.12
0.26 95.03 -9.92 3.42
0 94.97 -11.3 3.09
0.12 95.05 -12.49 3.29
0 95.18 -13.61 4.61
0 95.07 -10.92 3.6
0 94.47 -6.41 2.93
0 94.58 -8.89 2.05
0 94.34 -9.97 1.32
13.17 94 -8.24 2.28
0 94.92 -7.82 2.47
4.93 94.79 -6.63 2.41
0.02 95.24 -9.22 3.31
0 95.16 -8.62 2.56
0 94.63 -6.64 1.75
0 94.24 -2.79 2.31
0 94.43 -0.98 2.04
10.04 94.99 -4.67 1.49
0.7 95.17 -7.85 1.7
1.07 95.1 -6.54 1.6
0.23 94.5 -2.65 1.77
27.35 93.81 -4.25 1.65
24.23 93.88 -4.56 2.52
0.1 94.51 -5.3 3.71
0 95.22 -9.13 3.65
0 94.89 -9.19 1.87
0.58 94.85 -8.96 4.57
0 95.28 -8.64 4
0 94.94 -6.67 1.85
0 94.31 -2.55 3.27
0 94.84 -1.58 2.3
0 94.43 2.2 3.06
3.77 93.55 5.16 4.1
12.96 94.26 -3.65 3.35
11.1 95.08 -8.49 2.47
0 94.83 -2.91 2.32
0 94.77 -0.79 2.03
0 94.17 3.71 3.54
0 94.71 2.03 1.85
6.65 93.87 1.07 4.36
0 94.3 -0.94 5.72
0 94.73 0.03 3.31
0 94.41 4.79 2.76
0 94.65 7.79 3.35
0 94.76 8.87 3.27
0.68 93.8 8.97 7.56
1.4 94.43 0.36 4.76
0.85 94.43 -1.21 4.54
0 94.39 -0.56 2.01
2.73 94.32 1.03 2.96
0 93.95 3.73 4.21
0 93.8 4.05 5.28
0 94.05 3.1 4.77
0.62 94.38 3.77 2.49
0 93.91 9.5 3.81
0 94.05 9.73 5.11
0 93.9 12.53 3.04
5.19 93.7 12.58 5.42
3.39 94.05 7.27 4.67
0 93.5 11.54 3.62
0 93.33 13.82 3.54
0 93.34 14.41 3.11
2.24 93.98 8.51 3.53
0 94.23 8.66 2.61
0 93.31 15.61 4.04
0 93.36 18.19 4.16
2.75 93.72 15.07 4.24
17.43 94.26 13.15 3.23
1.69 93.71 12.59 2.12
0.18 93.08 14.25 1.75
1.11 93.03 17.49 3.66
174.44 93.55 12.03 2.69
49.46 93.51 8.86 4.34
0 92.86 10.62 3.45
0.56 92.61 10.47 7.54
0 93.81 8.94 3.37
0 93.79 12.41 2.68
0.33 93.55 17.34 3.46
1.2 94.12 16.16 2.57
35.78 93.64 16.9 2.22
0 93.71 20.25 2.35
0.7 93.87 19.33 2.64
0 93.93 17.45 3.16
0 93.55 17.34 2.45
1.86 93.54 16.8 1.81
0 93.77 18.06 2.06
0.15 94 19.48 2.47
4.57 94.24 19.27 2.53
98.7 94.2 13.9 1.81
17.04 93.72 13.31 3.18
17.48 93.48 10.83 2.91
2.81 93.45 11.31 4.37
0.04 93.21 11.45 3.28
4.12 92.99 12.41 4.99
0.03 93.4 16.03 1.57
0 93.31 22.04 3.56
5.79 93.91 19.13 3.08
7.68 94.22 18.18 2.08
0.34 94.04 20.16 3.74
2.3 93.81 19.15 4.09
2.26 93.93 16.53 3.23
0 93.95 16.21 3.17
0 93.72 17.59 2.57
0 93.39 19.37 2.51
0 93.81 20.09 2.2
0 93.94 22.74 2.45
21.12 93.99 19.05 2.84
39.7 94.39 14.34 2.67
0.52 94.46 16.35 1.82
26.82 93.98 16.49 3
16.59 93.77 15.88 3
60.21 93.52 15.5 2.3
39.14 93.27 18.19 3.44
0.92 93.47 20.22 2.09
5.58 93.03 19.99 2.52
11.5 92.91 21.6 2.16
23.94 92.9 21.71 2.16
41.21 92.78 20.36 3.32
9.1 92.9 16.86 3.32
4.37 92.6 15.79 3.18
19.2 92.71 15.76 2.37
184.91 93.31 13.28 1.9
306.65 93.57 13.81 2.17
169.56 93.58 15.49 2.73
10.78 93.42 18.96 1.67
10.35 93.32 21.56 1.71
5.64 93.48 21.52 1.73
12.3 93.24 21.64 1.65
30.49 93.28 21.82 1.72
5 93.43 21.96 1.41
54.31 93.4 21.11 1.71
0.66 93.14 22.16 2.13
71.29 93.15 21.78 2.4
36.96 93.51 20.7 2.37
46 93.9 22.03 2.07
3.88 94.07 22.47 1.66
4.24 93.78 20.32 2.02
44.72 93.38 21.1 2.34
0 93.26 23.41 2.19
1.76 92.88 23.92 3.88
3.2 92.91 22.14 3.54
0.83 92.9 22.16 2.68
0.06 93.23 22.95 1.71
2.78 93.37 22.81 1.73
1.96 93.26 23.41 1.58
70.79 93.23 23.52 1.84
32.2 93.22 24.7 2.01
22.79 93.26 25.07 1.82
136.5 92.88 21.54 1.86
64 92.69 19.16 2.39
82.33 93.09 18.9 2.72
11.74 93.58 20.81 2.29
0 93.58 21.06 1.63
0 93.61 22.48 1.47
0 93.83 24.45 1.32
0 93.91 24.82 1.96
0.09 93.74 24.61 2.15
6.42 93.62 24.7 1.48
13.27 93.55 24.49 1.62
100.8 93.47 22.84 1.39
390.61 93.1 21.62 3.43
0 93.55 22.96 1.55
0 93.75 23.82 1.7
11.35 93.66 23.75 2
47.91 93.29 25.05 3.57
2.6 93.68 23.62 1.66
148.2 93.18 22.58 2.38
19.94 92.95 22.94 3.8
0.48 93.57 21.66 1.5
68.81 93.85 19.61 1.55
121.06 94 18.88 1.75
82.92 93.94 19.99 1.45
16.01 93.95 22 1.62
77.9 94.02 22.18 1.66
0 94.2 23.26 1.33
0 94.03 24.09 1.37
0 93.63 25.57 1.94
8.63 93.57 24.54 1.92
2.86 93.84 23.23 1.38
0 93.69 23.53 1.71
49.69 93.77 19.8 2.11
32.11 93.8 18.11 2.05
1.67 93.92 19.66 1.59
7.51 93.58 18.66 1.82
6.45 93.68 20.86 1.78
0 93.99 21.71 1.83
0.09 93.56 23.05 2.78
62.55 93.64 22.36 2.33
1.84 93.7 20.58 1.67
8.47 93.71 19.5 2.53
4.64 94.28 15.96 2.03
0.05 94.4 16.07 1.99
0 94.14 20.17 2.43
0 94.08 21.93 2.03
1.4 93.96 21.99 2.25
5.32 94.01 21.53 1.4
10.63 93.89 21.27 1.73
3.21 93.49 22.45 1.83
0.98 93.63 23.16 2.59
0 93.83 24.46 2
0 93.96 24.64 2.32
1.82 94.01 24.02 2.03
258.89 93.97 15.57 3.1
19.92 94.3 13.32 2.64
0.34 94.33 12.48 2.04
1.9 94.41 15.74 2.04
0 94.35 19.09 2.12
21.26 94.45 18 1.59
0.92 94.38 17.39 1.29
0 94.32 18.77 1.18
0 94.23 20.32 1.49
28.63 93.91 18.69 2.21
80.48 93.96 12.73 3.77
1.04 94.07 11.45 2.54
0 94.45 13.59 1.64
0.06 94.91 13.85 1.18
0 95.01 13.69 1.33
0 94.4 14.38 2.3
0 93.92 15.68 2.56
0.17 93.88 15.47 1.7
0 94.09 17.06 1.7
4.73 93.99 17.7 2.09
1.55 94.03 17.2 1.37
3.46 94.36 15.66 1.35
0.72 94.63 15.47 1.59
38.3 94.49 14.25 1.76
1.81 94.77 14.18 1.51
49.92 94.4 10.51 1.77
40.66 94.44 9.83 6.31
0.86 94.59 11.03 3.25
0 94.57 11.2 1.68
0 94.4 12.39 1.58
1.82 94.2 13.61 2.09
1.36 94.05 12.55 3.29
0 94.19 12.81 2.33
0 94.72 10.61 1.84
0 95.11 11.57 1.19
0 94.97 13.15 1.45
0 94.45 15.45 2.44
18.76 94.07 12.09 3.28
0 94.56 8.15 2.32
0.08 94.16 9.66 2.12
0 94 11.85 2.23
0.13 94.38 7.71 4.25
0 94.79 6.4 2.51
0.04 94.87 6.61 1.89
35.36 94.27 8.02 3.81
0 94.27 3.95 3.72
0 94.39 4.92 2.52
0 94.21 7.3 2.15
0 94.64 6.21 1.71
73.02 94.89 1.78 1.09
69.77 94.35 2.49 1.79
0 94.04 6.03 1.96
0 93.8 8.57 3.06
0 94.41 8.15 1.9
0 94.43 10.06 2.06
4.44 94.35 9.78 3.29
0 95.22 2.9 1.54
1.58 95.11 0.04 2.25
0.08 94.71 -0.45 2.9
0.03 94.54 -0.61 2.23
0 94.5 1.94 1.49
0 94.7 0.43 1.98
12.23 94.74 0.56 1.64
184.47 94.45 -0.91 67.32
47.92 94.68 -0.87 3.02
0 94.67 -3.61 1.03
0 94.35 -1.18 2.03
0 94.56 -1.18 1.43
0 94.98 -2.68 1.15
54.4 94.68 -2.38 1.04
91.4 93.49 -2.94 5.16
0.2 93.92 -4.87 3.61
0 93.98 -6.55 4.46
0 94.75 -5.39 2.72
0 95.01 -6.6 1.11
21.82 94.49 -3.14 1.53
0 94.4 -5.81 64.77
0.01 94.1 -5.7 3
0.03 94.67 -3.62 3.14
0 94.72 -5.7 1.44
0 94.4 -3.76 1.78
7.13 94.88 -5.86 2.41
0 94.77 -7.19 2.73
0 94.23 -5.68 2.17
0 94.21 -4.12 3.87
0 94.26 -8.31 2.83
0 93.32 -5.2 3.65
0.07 94.12 -7.55 4.46
0.06 94.65 -10.28 2.44
0 95.34 -13.94 2.33
0.48 94.96 -14.67 1.47
0.24 93.9 -6.02 2.92
1.4 94.14 -8.75 4.26
0 94.37 -11.93 1.94
0 94.4 -13.92 3.23
0 94.32 -15.5 2.94
0 94.5 -16.81 2.58
0.04 94.55 -17.78 4.56
0 94.71 -12.53 3.72
0.15 95.24 -14.25 1.37
0.05 95.4 -14.23 1.04
0.13 94.83 -12.05 1.57
0.03 94.88 -9.72 1.25
16.02 94.93 -10.94 1.04
1.8 94.75 -9.25 1.33
0.75 95.1 -12.39 1.37
0 95.48 -13.71 3.81
0 95.55 -15.51 2.29
0.03 95 -15.19 1.02
0.41 95.11 -12.88 57.6
6.46 95.14 -11.43 3.3
0.02 95.57 -16.67 2.98
0 95.35 -20.32 2.95
0 94.52 -19 4.2
0 95.64 -19.12 2.51
0 95.38 -19.28 1.17
0 94.82 -14.35 1.21
5.53 94.81 -14.9 1.06
12.29 94.86 -13.54 4.29
0 94.48 -15.81 3.54
0.08 93.94 -15.88 2.17
0 94.35 -18.91 4
0 95.48 -19.38 4.33
0 96.04 -17.12 2.34
0 95.1 -17.87 1.62
0 94.94 -15.35 1.71
0 94.81 -16.24 1.64
0 94.72 -16.13 1.61
0.08 95.12 -17.8 2.04
0 94.93 -15.92 2.16
0 94.79 -16.26 1.3
0.58 94.46 -13.78 1.17
0 94.53 -13.04 1.89
0 94.54 -13.8 1.36
0 94.98 -11.31 1.97
2.3 94.71 -13.37 1.7
0 95.44 -15.07 2.56
0 95.68 -13.03 2.02
0 94.73 -7.96 2.43
0 95.19 -10.85 1.36
12.89 95.22 -10.24 1.03
0.72 95.29 -10.21 1.89
0 95.03 -14.53 1.29
0.06 93.95 -8.98 3.09
0.06 94.51 -14.86 4.43
0 94.55 -16.79 1.53
0.15 94.87 -15.04 1.45
0.06 94.77 -12.19 1.8
0 94.38 -7.48 1.42
0 94.63 -7.92 1.49
0.05 94.55 -6.24 1.51
2.66 94.47 -7.21 1.83
0.6 95.11 -9.89 3.81
0 95.16 -11.63 2.71
1.64 94.19 -10.41 2.81
0 94.94 -10.44 3.03
0.02 94.51 -9.19 2.17
1.07 94.82 -15.99 4.3
0 95.63 -18.79 4.88
0 95.46 -17.23 1.44
0.43 94.64 -13.28 2.36
0 95.24 -14 2.33
0.09 95.26 -13.57 1.94
0 94.55 -8.43 511.5
0 94.37 -6.3 2.85
0 94.98 -10.42 2.64
0 94.9 -11.14 1.58
0 94.19 -7.54 2.26
0.06 94.23 -6.93 4.01
0 94.91 -12.55 3.95
0 95.03 -13.53 2.42
0.01 94.99 -12.79 2.03
0 94.87 -9.4 3.21
0 95.1 -8.29 3.19
0 95.04 -5.58 2.02
0 95.15 -7.44 1.8
8.19 94.95 -7.76 1.86
0.31 94.16 -1.56 3.03
0 94.08 -0.43 2.84
0.18 93.59 -3.67 6.25
0 95.35 -9.22 5.37
0 95.33 -6.61 1.9
0 94.32 -1.62 3.34
0 94.62 0.72 2.6
0 94.02 4.63 3.33
0 93.96 3.12 1.92
0 93.37 3.94 2.23
0 93.25 0.15 2.49
0 93.43 -3.13 6.11
0 94.79 -1.55 2.22
0 94.05 3.87 3.58
16.39 94.06 -1.06 4.14
0 95.18 -6.48 4.13
0 94.67 0.19 3.17
0 94.27 4.67 2.74
0 94.62 4.62 2.84
0 93.25 6.94 3.92
1.9 93.33 -3.16 3.86
28.9 94.07 -8.15 2.83
0.39 94.45 -7.48 2.81
0 93.25 0.52 5.66
0 94.21 -3.51 2.83
25.96 93.92 -5.53 3.87
0 94.62 -5.64 2.98
0 94.45 -2.73 1.7
0 93.49 3.41 4
2.54 93.73 0.54 4.36
0 94.53 -1.69 3.86
0 94.73 -2.52 2.48
1.07 94.59 -0.73 1.7
10.53 94.34 0.71 2.33
93.46 94.49 0.29 2.67
0 93.95 4.25 3.32
0 94.05 4.7 3.19
28.14 94.18 -0.87 2.36
44.75 94.47 -1.34 3.37
0 94.22 -0.78 2.46
1.45 93.35 1.27 2.82
17.66 93.39 -0.04 3.58
4.48 94.35 -0.36 4.01
1.34 94.19 0.66 3.95
0 94.23 1.91 3.87
0 93.75 7.49 2.98
0.63 93.35 5.53 5.15
0 93.56 2.1 5.24
0 93.26 3.97 2.49
9.34 93.57 3.46 3.18
54.2 93.87 0.91 1019.97
2.5 94.86 0.26 4.77
0 94.86 1.83 2.3
0 94.55 4.63 2.79
0 94.21 7.87 2.1
0.65 93.63 11.56 4.51
59.16 93.71 6.96 2.29
0.76 93.67 7.19 3.63
0.03 93.77 8.18 5.26
0 93.78 9.76 1.77
0 93.72 13.35 2.28
3.1 93.5 11.8 3.99
0.14 93.78 11.28 6.54
0.37 94.26 10.79 5.68
0.26 94.29 11.06 2.26
1.57 94.15 12.21 2.54
4.94 94.34 12.49 1.94
0 94.09 16.62 2.65
0 94.31 19.79 1.75
0 94.23 21.1 2.49
0 94.21 21.46 3.02
0.31 93.93 21.87 4.59
33.75 93.65 14.03 2.19
25.15 92.81 14.38 4.1
0 92.45 16.79 5.11
0 92.99 15.92 3.06
0 93.01 18.33 2.9
0.58 93.68 15.85 4.92
0 94.53 16.05 2.36
0 94.4 17.2 2.41
1.16 93.75 18.76 3.08
0 93.21 19.36 3.13
12.22 92.63 15.37 5.67
0.01 92.61 17.37 4.32
0 93 18.5 3.04
0 93.84 19.7 2.43
5.81 93.63 23.66 4.2
2.11 94.23 17.95 2.33
0 93.81 20.69 2.23
1.59 93.51 22.24 3.59
2.81 93.33 19.79 3.8
1.63 93.18 18.99 3.41
0 93.47 18.67 4.71
0 93.28 23.17 3.32
0.06 92.88 25 4.57
0 93.59 19.21 2.6
8.69 93.31 17.73 3.31
0.05 93.57 18.01 3.41
15.75 94.11 17.3 2.5
26.65 93.96 18.91 2.56
9.29 93.74 19.33 2.99
7.02 93.57 21.82 2.69
2.25 93.41 22.09 3.62
65.6 93.85 16.11 2.46
1.53 94.05 17.42 1.76
10.76 93.8 16 2.36
3.1 93.55 17.4 1.77
0.04 93.56 22.24 3.57
0.88 93.55 24.05 4.18
15.97 93.49 24.31 2.72
168.31 93.5 18.56 2.38
10.04 93.21 20.65 1.69
36.7 92.93 20.42 2
0.46 93.27 22.83 2.14
0 93.79 22.96 2.38
0.05 93.94 23.66 2.01
2.64 93.67 22.25 1.44
12.12 93.34 21.42 1.89
68.86 93.17 20.97 2.27
99.4 92.91 20.68 2.3
166.04 92.66 19.44 1.68
49.19 92.8 21.69 2.51
82.95 93.21 20.56 2.22
103.1 93.23 22.05 2.59
66.62 93.17 22.66 3.18
56.67 92.97 22.73 2.28
130.91 92.58 22.26 2.78
0.04 92.56 23.9 3.8
3.78 92.57 23.61 2.55
0.82 92.91 23.86 2.24
3.49 93.06 24.53 2.33
19.62 92.87 25.31 3.6
49.8 93.2 23.45 1.81
55.26 93.41 21.81 1.64
1.3 93.62 22.22 1.39
1.38 93.6 22.2 1.47
21.79 93.58 22.47 1.99
25.81 93.75 22.28 1.9
0.09 93.72 24.07 1.74
235.33 92.99 21.55 1.97
65.75 92.9 22.3 3.26
0 93.42 23.3 2.42
0.43 93.29 22.92 2.39
117.21 93.28 20.58 2.23
4.98 93.48 21.4 1.66
0.79 93.46 23.19 1.85
28.92 93.32 23.01 2.19
16.81 92.93 23.35 1.84
0.96 93.03 23.45 3.33
0.01 93.32 23.86 1.95
0.05 93.31 24.52 1.76
53.18 93.09 22.36 1.4
4.76 93.05 24.69 2.18
0.86 92.98 24.94 1.57
3.37 92.79 25.7 1.82
17.62 92.9 25.45 2.01
19.17 93.15 24.88 2.62
0.79 93.38 25.14 2.54
3.44 93.19 24.95 2.68
32.73 92.86 25.44 2.67
19.01 92.73 24.75 1.8
13.11 92.87 25.5 2.4
22.49 93.14 25.56 2.47
9.49 92.95 25.67 2.28
11.9 93.14 23.49 1.84
2.64 93.51 25.03 1.49
12.15 93.57 26.14 2.49
34.81 93.28 24.71 2.7
5.92 93.31 25.06 2.79
26.23 93.25 25.85 2.12
4.19 93.33 24.9 1.88
296.84 92.8 23.8 1.65
0.09 97.09 24.49 2.91
0 93.83 21.44 2.73
0 94.08 20.91 1.88
5.98 94.01 20.22 1.28
2.08 93.6 22.97 2.4
0.26 93.77 21.99 2.13
0 93.98 21.69 1.86
0.03 93.97 22.17 1.67
15.92 93.68 21.27 1.8
5.68 93.77 18.97 1.89
8.23 93.68 18.95 1.71
200.06 93.08 18.07 1.55
40.12 93.36 14.55 3.1
0.27 94.01 15.43 2.58
38.59 94.08 15.78 2.18
1.23 94.32 14.95 2.01
5.02 94.48 15.3 1.65
0 94.55 15.45 1.51
5.19 94.43 16.28 1.51
151.01 94.39 13.9 1.66
35.64 94.45 13.75 1.18
3.85 94.5 15.61 1.41
4.89 94.43 17.3 1.63
11.59 93.96 17.95 1.98
0.19 94.08 16.75 1.71
0 94.09 16.69 2.62
4.42 93.85 20.15 3.13
31.77 93.21 19.35 3.22
0.31 93.64 17.93 3.48
0 94.21 13.15 1.91
2.46 93.89 15.65 1.56
5.56 94.46 15.64 1.52
15.43 94.87 14.4 1.03
11.25 93.93 19.05 3.53
0 94.37 17.41 1.62
0.04 94.35 17.91 1.42
1.4 94.18 17.75 2.55
30.37 94.62 12.23 3.37
0 94.83 8.45 2.47
0 94.66 10.13 2.37
0 94.28 11.69 2.25
0 93.61 17.37 3.53
0 93.72 15.68 2.66
0 94.64 12.52 1.39
3.75 94.53 13.38 1.79
107.82 94.58 11.02 2.5
0.01 94.68 10 2.82
0 94.44 9.02 1.8
0 93.77 16.48 3.75
0 94.81 12.87 1.37
0.03 94.76 14.67 2.58
0.09 95.09 11.5 2.57
0.5 94.56 10.77 1.87
0 93.57 15.65 3.16
12.75 93.68 12.47 4.35
0 94.11 9.84 3.33
0 94.59 10.8 1.88
19.26 94.57 10.86 2.69
2.44 95.46 3.44 4.53
0 95.46 2.79 1.59
0 95.06 6.52 1.45
0 95.06 6.51 1.44
0 94.84 10.29 2.67
32.1 95.07 8.34 1.69
1.15 95.09 6.53 2.01
0 94.92 5.64 1.4
39.29 94.79 4.8 2.25
25.24 94.72 0.45 2.2
0.01 94.96 3.57 4.18
0.01 95.22 5.17 2.66
0 94.74 4.21 1.52
0 94.2 6.44 2.13
3.55 94.75 5.31 2.28
1.63 95.28 3.47 2.56
0 95.2 3.08 1.54
0 95.31 3.95 1.14
0 95.05 4.03 1.41
0.69 94.53 7.86 2.23
1.38 94.87 6.66 3.26
0 95.17 4.84 1.98
0.06 94.41 5.64 2.55
0.47 94.04 5.12 4.12
0.03 94.4 2.64 2.84
0 94.47 1.02 2.1
0.08 95.05 1.02 3.72
0 95 -2.04 4.45
0 95.06 0.75 2.62
0 94.95 1.24 1.72
0 94.32 1.53 2.6
0 94.1 2.4 3.36
0 94.07 2.53 2.34
0.26 94.26 0.98 3.41
0.03 94.64 -3.71 4.16
0.1 94.86 -4.23 5.69
0 94.74 -4.17 3.67
0 94.77 -2.55 2.74
0 94.95 -3.42 1.35
0 94.7 0.4 1.92
0 94.42 0.46 2.08
0.05 94.1 -1.07 2.6
0 93.94 -4.81 4.17
0 94.07 -7.96 3.63
0 94.33 -10.67 6.97
0 94.53 -6.11 3.72
0 94.11 0.13 3.25
0 94.74 -3.23 2.36
1000.72 94.49 -1.16 2.89
1000.72 94.27 -1.53 1.49
1000.72 94.54 0.99 2.32
1000.72 94.56 0.52 2.58
1000.72 94.74 -1.89 2.93
1000.72 94.32 -2.68 1.23
1000.72 94.4 -5.15 1.45
1000.78 94.41 -4.81 2.58
1000.75 94.61 -6.39 2.99
1001.05 94.09 -8.37 3.22
1001.17 94.07 -9.12 2.58
1000.72 94.23 -12.16 4.6
1000.72 94.53 -12.05 3.4
1000.72 94.91 -9.42 3.33
1000.72 95.47 -9.33 1.67
1000.72 95.43 -10.87 1.52
1001.44 95.69 -12.96 2.29
1001.08 95.34 -13.7 2.94
1000.89 95.22 -12.51 3.12
1000.73 95.62 -11.68 2.5
1000.72 95.65 -11.33 1.33
1000.72 95.36 -10.87 1.06
1000.72 95.51 -9.95 1.29
1000.72 95.43 -9.92 1.11
1000.84 94.9 -7.64 3.09
1000.78 95.39 -11.01 4.3
1000.72 95.05 -12.06 1.97
1000.72 94.57 -11.57 2.94
1000.72 93.85 -6.61 3.77
1000.72 93.66 -5.75 3.44
1000.72 93.28 -3.74 4.55
1000.72 93.71 -4.3 3.2
1000.72 93.97 -3.89 3.36
1000.72 94.58 -6.1 2.52
1002.54 94.48 -8.61 1.72
1003.78 94.73 -9.62 1.73
1000.74 94.41 -7.54 2.75
1000.72 94.98 -8.12 2.68
1000.72 95.41 -14.74 2.97
1000.72 94.99 -14.7 2.49
1000.72 95.01 -12.63 2.24
1000.72 95.12 -10.99 2.43
1000.72 95.62 -13.21 2.02
1000.72 95.33 -13.77 1.66
1000.72 95.36 -12 1.96
1000.72 95.17 -8.64 1.92
1009.25 95.21 -10.47 1.5
1000.72 95.17 -10.81 1.86
1000.72 95.4 -8.95 1.92
1001.03 94.43 -7.78 3.78
1000.74 94.96 -10.67 4.44
1000.72 95.1 -10.45 2.46
1000.72 94.44 -7.24 1.94
1000.72 93.63 -2.9 3.07
1000.72 94.24 -4.28 2.16
1000.72 95.13 -9.47 3.14
1000.72 94.63 -7.7 3.51
1000.72 94.14 -5.06 4.39
1000.72 94.66 -7.66 3.42
1000.72 93.36 -1.24 5.56
1000.72 94.11 -7.99 3.07
1000.72 94.22 -7.76 1.73
0.23 93.81 -4.98 1.95
0.04 93.89 -5.74 5.28
0 94.68 -13.2 4.33
0 94.86 -12.04 2.37
0 95.03 -12.54 1.6
0 95.25 -10.75 1.63
3.24 94.94 -10.86 1.55
10.56 95.03 -12.8 3.15
0 95.62 -15.17 3
0 95.41 -15.05 1.73
0 94.87 -13.02 1.54
0 95.49 -13.69 1.65
0 95.42 -13.04 2.03
0.34 94.63 -7.04 2.71
0 94.71 -7.5 2.16
0.06 95.29 -8.16 2.34
0 95.81 -10.14 1.84
2.25 95.36 -9.92 1.51
1.69 95.11 -9.99 1.79
0 95.03 -8.45 1.65
0 95.01 -5.52 2.09
0.28 95.5 -7.98 1.58
0.12 95.33 -5.39 1.22
0 94.89 -2.06 1.68
0 94.74 1.61 1.77
0.95 94.46 2.82 3.56
1.75 95.16 -4.38 4.04
0.12 94.84 -7.11 1.74
0 94.72 -6.04 1.72
1.71 94.65 -5.94 2.17
1.89 94.65 -6.68 1.77
1.7 94.97 -6.36 2.75
0 95.01 -7.9 2.81
0 95.16 -8.24 2.8
0 95.17 -6.92 2.4
0 94.7 -5.78 2.21
0 94.99 -5.64 2.27
0 94.46 -2.89 2.07
0 94.3 0.33 3.82
0 94.95 -2.2 3.83
0 94.52 -2.52 1.93
0 94.03 1.85 3.07
0 93.77 6.05 2.61
0 94.1 4.02 2.35
0 93.69 6.67 4.84
0 94.78 3.67 2.21
0.14 94.74 2.96 4.5
0 95.04 3.46 4.37
0 94.42 6.21 2.92
0 94.51 7.12 3.07
0 94.72 7.27 2.59
0 93.74 12.07 4.35
0 93.76 11.22 2.31
0.01 93.78 10.31 2.9
0 93.78 9.78 2.93
67.94 93.58 10.92 3.07
21.62 94.05 9.27 2.24
0 94.26 10.38 2.2
0.7 94.33 8.39 2.04
0 93.81 11.25 2.9
0 94.54 7.1 3.88
0 94.92 2.51 4.66
0 94.13 6.6 4.75
0 94.7 5.18 3.94
0 94.09 12.9 3.92
0 94.05 13.32 1.64
0 93.89 14.07 2.47
0 94.12 11.35 3.99
0 94.81 9.21 2.21
2.47 94.42 10.61 2.14
1.01 94.16 11.55 2.1
0 94.29 13.25 1.65
0 94.22 16.67 3.33
0 94.76 12.6 2.99
0 94.09 12.69 2.53
22.89 94.09 6.83 2.91
0.16 94.75 7.53 2.38
36.07 94.54 6.69 2.44
0.16 94.15 8.7 103.47
0 94.24 10.81 3.48
0 93.91 13.27 2.8
0.98 93.58 15.89 3.66
3.66 93.82 17.7 3.79
0.82 94.34 15.29 3.79
30.04 94.56 11.01 3.44
0 94.87 11.97 2.46
0 94.72 13.24 1.88
0 94.09 14.96 1.67
0 93.54 18.7 1.94
8.71 93.56 16.1 4.93
131.72 94.14 6.78 4.65
8.83 93.72 7.12 4.83
15.52 93.96 4.64 5.38
0.26 94.17 7.32 4.21
0.1 93.57 11.28 2.43
47.06 93.64 7.92 3.98
0.55 94.15 11.37 2.06
92.29 94.4 9.94 2.59
9.49 94.3 11.56 2.04
188.68 93.48 8.71 2.39
49.59 92.63 14.58 3.9
0 92.83 15.98 4.08
0.14 93.17 13.23 3.64
0 92.91 13.29 3.22
0.04 93.71 15.91 3.1
4.33 94.04 15.58 2.09
4.8 93.7 17.42 2.72
63.76 93.33 15.81 2.59
3.6 93.38 17.05 2.85
0.04 93.5 18.67 2.53
0 93.49 21.24 2.37
0.66 93.8 24.13 3.59
60.5 93.63 16.9 2.55
0.61 93.18 16.26 5.56
0 92.7 20.58 4.18
16.74 92.5 17.96 3.06
0.62 92.92 21.44 2.35
0 93.04 23.31 34.63
0.58 93.57 24.45 2.64
0 93.51 27.98 3.99
6.27 93.76 23.11 2.98
0.36 93.88 21.45 2.44
0 93.78 22.31 2.37
0.6 93.57 22.08 2.29
9.5 93.44 22.94 2.52
326.52 93.58 15.8 2.23
107.13 93.44 13.26 3.13
21.26 93.1 15.48 3
32.11 93.4 15.22 2.15
77.67 93.82 15.08 1.79
13.19 93.92 18.09 1.97
20.26 93.73 19.8 2.42
16.04 93.75 20.13 2.13
0.16 93.62 21.39 2.26
7.79 93.43 22.42 1.64
121.76 93.22 20.07 2.1
98.86 93.11 19.28 2.05
103.05 93.25 18.31 2.54
4.02 93.52 19 1.82
31.46 93.64 19.24 2.07
17.2 93.77 18.81 1.57
173.02 93.86 18.35 2.32
2.48 93.72 21.11 1.8
0.18 93.31 22.88 2.22
17.94 93.11 22.12 3.03
33.95 93.23 21.15 3.59
0.4 93.67 21.45 3.62
0.76 93.58 22.65 2.95
0 93.64 23.92 1.85
0 93.59 24.5 1.75
21.04 93.51 22.79 2.52
68.33 93.2 20.36 2.37
19.97 92.97 22.78 2.13
0.03 93.45 24.51 2.2
0.87 93.48 25.43 2.96
2.59 93.38 25.63 2.16
9.69 93.15 24.2 2.64
17.78 93.1 22.67 3.83
0 93.31 23.09 3
0 93.06 23.14 3.75
10.51 93.14 21.66 3.12
8.58 93.33 20.96 2.72
1.37 93.26 22.06 2.59
14.88 93.3 22.88 1.84
25.79 93.24 22.68 2.4
81 93.33 20.99 34.54
8 93.56 22.23 33.99
0.23 93.64 25.81 1.71
1.29 93.73 28.37 2.21
6.5 93.32 28.85 3.99
65.29 93.25 23.83 2.64
0.38 93.54 22.1 1.64
0 93.27 24.46 2.99
0.1 93.62 22.59 1.93
0 93.67 23.01 1.63
0.02 93.84 23.51 1.87
10.18 93.71 25.35 2.37
6.29 93.24 26.86 3.18
32.2 93.27 24.66 3.02
29.87 93.41 24.05 1.79
0 93.5 26.09 2.34
0 93.49 26.84 2.55
5.53 93.38 25.62 2.37
11.86 93.36 24.89 1.94
98.85 93.6 19.75 2.32
1.68 93.56 21.3 2.03
0 93.84 21.44 2.54
0 93.93 21.12 1.44
0.04 93.76 22.07 2.16
57.33 93.52 20.6 2.27
22.69 93.29 20.44 1.65
0.89 93.5 21.35 3.27
0.82 93.68 20.11 2.14
18.99 93.68 18.53 1.86
9.03 93.59 18.16 1.72
7.65 93.67 19.2 2.15
5.04 93.76 19.79 1.74
2.42 93.9 20.88 1.95
6.28 94.09 20.87 1.66
0.62 94.03 22.15 1.72
1.48 93.71 23.55 2.36
4.09 93.72 23.74 1.76
52.01 93.64 22.34 2.27
83.25 93.49 21.58 1.71
73.23 93.76 19.12 2.38
1.42 94.04 19.18 2.55
0 94.13 20.41 2.04
0 94.23 21.93 1.75
8.91 94.35 20.01 1.99
5.42 94.38 20.39 1.61
0.96 94.33 20.23 2.01
15.27 94.17 19.43 1.92
18.49 94.15 18.83 1.84
254.16 94.11 15.71 2.25
0.95 93.72 17.17 1.73
0 93.44 19.45 2.55
0 93.94 18.14 1.44
0 93.95 19.86 1.68
4.45 93.55 20.1 3.19
0.02 93.84 17.53 2.96
0 94.02 15.02 1.47
0.03 94.26 16.58 1.68
0.17 94.27 17.76 1.9
25.8 94.31 16.44 1.44
1.15 94.09 18.26 2.46
0.08 94.44 15.45 3
0 94.53 13.4 3.2
0 94.57 12.66 1.43
0 94.66 15.26 1.36
0 94.63 16.18 1.9
19.84 93.93 15.89 2.42
24.87 93.92 13.89 2.63
0.02 94.5 13.57 1.45
0.85 94.55 15.38 2.27
71.19 94.72 11.98 1.8
17.17 94.48 12.58 1.64
0 94.37 13.14 1.76
41.38 93.73 13.7 2.72
0.07 94.3 12.98 2.21
1.14 94.2 13.22 2.96
40.73 95.03 5.46 3.89
0.13 95.05 5.01 1.69
39.88 94.22 6.2 1.6
17.52 94.1 7.6 2.07
0 94.41 8.23 1.59
112.89 94.63 6.91 1.55
17.16 95.13 7.56 2.4
0 94.9 8.18 2.06
0 94.5 11.76 1.83
0 94.37 13.35 2.32
0 94.58 15.49 1.98
0 94.82 12.71 1.75
1.4 94.73 13.04 2.87
0.56 95.7 7.28 3.41
0 95.24 3.56 1.61
0 94.3 8.03 2.22
0 93.88 8.82 4.27
0 94.36 8.85 2.94
0 94.14 11.67 2.41
0 94.23 12.59 2.2
0 93.91 15.71 4.19
0 94.78 6.82 2.45
0 95.11 3.1 1.79
0 94.57 5.3 1.79
0 93.82 10.05 2.53
0 93.55 12.55 2.71
0 93.8 10.56 2.02
0 95.26 3.2 4.84
0 95.59 1.55 1.89
0 95.03 3.1 1.61
0.14 94.77 7.26 1.71
11.25 94.96 7.14 67.4
4.39 94.68 4.9 1.66
1323 94.33 5.86 3.5
1323.25 94.51 2.93 3.96
1322.99 94.27 6.09 2.74
1322.99 93.88 7.22 3.24
1323.01 94.29 4.97 3.45
1322.99 95.52 -1.56 2.92
1322.99 95.47 -2.45 1.62
1322.99 95.07 -0.25 1.84
1322.99 94.88 3.26 1.83
1322.99 94.57 3.01 1.66
1323.01 94.23 1.78 3.47
1323.31 94.67 -5.45 5.83
1322.99 94.65 -2.47 3
1322.99 94.99 -3.03 1.65
1322.99 95.1 -2.43 1.71
1323.32 94.97 -0.54 1.97
1322.99 95.29 -2.34 1.5
1322.99 95.2 -1.48 1.65
1322.99 94.49 0.51 2.9
1322.99 93.93 2.42 4.12
1322.99 94.47 -0.19 2.64
1322.99 94.97 -3.19 2.1
1323.06 94.74 0.28 2.9
1322.99 95.14 -3.96 1.79
1322.99 94.21 -3.29 2.26
1322.99 93.75 102.35 4.72
1322.99 94.86 -4.4 1.98
1322.99 94.38 -2.86 1.54
1323.02 94.21 -1.17 2.17
1323.29 94.38 -2.63 5.46
0 94.95 -12.6 6.29
0 94.67 -12.08 3.7
0 94.42 -12.02 5.98
0 94.57 -11.59 4.73
0 94.69 -10.98 3.63
0 94.86 -10.59 1.74
1.7 94.89 -10.2 1.8
0 95.39 -11.06 1.7
0.1 95.24 -8.7 2.33
2.24 94.66 -5.93 4.65
0.19 95.06 -10.2 2.87
0.05 94.65 -10.76 4.05
0 94.81 -11.54 2.43
0 94.84 -9.94 1.8
0.5 94.82 -10.07 3.64
0 94.88 -13.15 3.55
0.02 94.9 -11.18 2.25
0 94.81 -8.4 2.76
0.4 94.59 -7.34 4.23
0 94.9 -11.19 3.68
0 94.53 -10.5 3.48
0 94.34 -4.05 2.4
0 94.41 -4.59 2.88
0 95.24 -5.83 3.62
0 95.46 -5.71 2.73
0 95.21 -8.97 1.32
0 94.82 -5.58 2.37
0 94.22 -5.95 2.08
0 93.58 -5.14 3.34
0.26 94.29 -7.45 511.34
0.08 95.02 -11.95 5.08
0.32 94.99 -12.09 2.84
0 94.9 -8.04 3.01
0 93.68 -3.2 3.48
0 93.94 -3.91 1.86
0.47 94.32 -4.17 5
0 94.83 -8.4 3.29
0 95.17 -9.9 1.61
0 95.07 -9.49 2.06
0 94.95 -6.22 2.51
0.06 94.53 -5.43 2.92
0 95.54 -8.49 2.22
0 95.63 -9.69 1.75
0 95.21 -7.03 1.77
0 95.37 -9.83 1.57
1.01 95.01 -10.32 1.68
3.19 95.04 -10.89 3.56
0 95.11 -9.99 2.05
1.86 94.03 -5.91 3.31
0.02 94.64 -9.34 1.89
0.12 94.58 -8.53 2.22
0.67 95.11 -8.91 2
0 94.54 -8.82 1.92
0 94.07 -5.04 3.36
0 94.92 -7.58 1.97
1.23 94.54 -5.42 1.46
3.64 95.18 -9.56 4.23
0 95.66 -12.91 2.92
0 95.48 -12.94 1.96
0.23 94.93 -9.73 3.51
0 95.54 -11.44 3.5
0 95.8 -10.35 1.76
0 95.6 -9.29 1.7
0 95.43 -8.55 1.62
0.24 95.35 -5.7 2.65
0.16 95.27 -7.37 3.44
0 95.14 -4.65 3.05
0 94.54 -2.57 3.08
0.08 95.36 -11.75 5.35
0 95.42 -12.37 3.5
0 94.72 -7.08 2.83
0 94.11 -4.27 2.3
0.02 94.14 -6.86 3.53
0 94.31 -7.04 2.18
0 93.91 -5.51 2.02
0 93.75 -2.17 2.21
0.02 94.41 -4.35 1.42
6.75 94.2 -2 2.74
0.02 94.82 -2.57 4.27
0 95.42 -4.43 2.28
0 94.86 -4.3 2.72
7.72 94.05 -0.72 3.08
19.54 93.56 -1.7 5.58
0.35 94 -6.8 6
0 94.25 -7.48 2.01
0 93.9 -7.2 2
0.36 94.39 -8.47 3.22
0 94.75 -9.84 3.58
0 95.35 -7.56 1.96
4.1 94.4 -3.19 4.71
0 94.11 -1.88 3.19
0.1 93.75 -3.77 2.66
0.15 94.42 -7.8 5.76
0 94.87 -7.11 2.6
0 94.58 -3.78 2.8
0 93.93 0.88 4.25
0 94.31 -0.03 2.8
5.49 94.89 -4.37 3.45
0 95.66 -10.47 5.28
0 95 -4.94 3.43
0 94.64 -4.82 3.79
0 94.16 -3.8 2.95
0 101.65 97.5 102.91
0 94.22 -0.14 3.61
0 93.89 4.87 3.91
0 93.85 4.73 3.21
0 94.58 2.2 2.26
0 93.86 5.77 3.07
0 94.13 5.3 3.7
0 94.24 4.55 2.78
0 94.22 4.98 4.22
0 95.13 1.27 4.05
0 95.32 2.3 2.69
0 95.48 3.3 1.68
0 95.23 7.07 2.59
0 95.04 11.87 3.85
0 94.21 13.12 4.83
0 93.87 11.6 3.81
0 93.94 10.09 2.99
0 93.51 13.68 3.83
4.25 94.51 5.92 2.85
0 94.58 4.31 1.86
189.19 93.1 2 2.26
0.9 93.87 3.23 2.11
8.16 93.81 4.42 1.87
0.3 94.37 2.36 4.71
0 95.44 -1.75 3.86
0 95.38 -0.7 3.09
0 94.61 3.89 2.78
0.06 94.38 6.67 2.88
0.08 94.59 6.89 1.92
16.35 94.8 5.99 3.36
162.12 95.43 -1.1 4.07
0.25 94.99 2.29 1.99
0 93.42 10.76 2.19
1.39 92.58 13.35 4.18
0.68 93.44 7.71 5.93
0 93.53 10.22 2.29
0.07 93.79 11.92 2.76
0.01 94.29 9.74 3.58
0.03 93.9 10.58 3.3
0.08 93.82 10.53 2.81
0 94.02 13.69 3.96
0 94.27 13.03 5.2
0 94.52 13.77 2.79
0 93.91 19.99 4.05
0 93.53 23.05 4.05
19.02 93.24 19.85 3.63
7.88 93.88 16.45 2.48
0 93.9 18.89 2.22
0 93.84 20.15 3.07
14.3 93.61 15.88 3.29
11.67 93.65 15.46 2.44
0 93.99 11.83 5.61
0 93.74 13.34 4.41
0 93.26 13.4 5.58
0 93.74 11.36 2.62
0.26 93.69 11.57 5.18
13.77 93.98 6.63 2.15
0 94.34 8.15 1.81
128.55 94.21 6.9 2.74
51.7 93.31 6.53 2.07
12.29 92.12 10.54 4
1.01 92.2 17.7 3.76
3 93.55 14.7 5.2
0.02 94.08 14.74 4.04
0 93.5 18.01 3.57
23.8 92.68 17.79 3.31
17.46 92.88 13.46 5.64
4.02 93.31 12.26 5.39
0 94.12 17.61 4.05
0 93.76 20.69 3.32
0 93.61 21.38 2.49
0.7 93.53 21.72 2.29
0.16 93.35 24.27 3.07
0.64 93.26 25.18 3.63
6.18 93.45 22.69 2.37
0.39 93.43 22.13 3.03
6.22 93.06 23.31 3.64
0.42 93.44 20.16 3.73
0 93.47 19.04 2.38
0 92.63 24.13 6.18
4.02 93.19 21.48 3.26
1.73 93.75 18.53 4.23
0 93.94 20.62 2.79
61.55 93.14 17.48 3.34
27.36 92.66 18.54 2.54
28.75 93.17 17.88 2.43
0.18 93.47 19.11 3.4
5.06 93.24 18.96 2.58
5.03 93.22 18.52 2.07
89.64 92.96 16.51 2.46
139.28 92.52 14.97 2.07
70.66 92.61 15.81 1.67
58.04 93.51 17.02 2.22
1.58 93.76 20.18 2.19
8.59 93.58 21.72 1.99
0.2 93.3 22.7 1.88
100.61 93.36 19.09 3.08
8.76 93.51 17.65 3.75
78.37 93.97 16.27 2.62
0.04 94.06 21.07 2.29
0 93.66 23.02 1.71
13.04 93.37 23.72 2.49
0.75 93.51 23.36 2.33
65.44 93.32 22.93 2.73
24.44 93.06 21.28 2.12
54.61 93.05 20.78 2.11
1.14 93.46 21.93 1.57
24.37 93.51 23.26 2.15
183.49 93.69 17.39 2.14
28.34 93.08 17.85 1.91
25.68 92.69 18.44 3.34
7.88 93.24 16.3 3.26
0.06 93.79 17.97 1.96
41.25 93.75 19.3 1.95
6.57 93.88 20.04 1.66
0 93.84 22.17 2.05
0.7 93.7 23.7 2.04
14.02 93.86 24.6 1.98
0.85 94.08 25.65 2.39
22 93.93 23.52 2.57
2.41 93.65 24.65 1.8
0.84 93.19 25.94 2.26
0.37 93.03 25.87 2.83
19.29 93.33 25.7 2.35
35.18 93.75 23 2.56
43.33 93.94 19.97 2.01
21.15 93.76 21 1.72
87.53 93.58 21.59 1.8
43.56 93.69 21.83 2.11
26.03 93.61 22.68 2.32
32.16 93.38 23.06 1.94
75.31 93.37 22.23 1.71
10.84 93.36 22.16 1.43
15.77 93.19 22.21 1.7
4.89 93 23.42 2.11
3.76 93.39 24.16 2.36
25.11 93.47 23.97 1.8
31.81 93.22 23.7 2.11
99.64 93.24 22.97 2.28
207.95 93.62 20.56 2.34
5.34 93.82 21.87 1.66
4.32 93.6 22.85 2
29.75 93.11 24.4 3.15
0.13 93.11 22.17 2.2
2.92 92.99 23.85 2.46
5.79 93.14 24.69 3.02
35.41 93.54 23.28 1.94
19.25 94.08 22.17 2.23
33.19 94.14 22.14 1.57
7.97 94.06 23.12 2.39
0 94.09 23.21 2.09
0 93.91 23.47 1.5
0 93.73 23.99 1.6
0 93.41 25 1.77
1.02 93.24 24.59 2.4
0.03 93.52 22.75 2.37
0 93.57 22.86 1.7
1.03 100.65 122 102.12
44.57 100.98 122.38 102.26
81.92 93.98 19.37 1.97
25.02 93.73 18.65 2.15
11.2 93.55 19.64 2.29
37.23 93.66 19.29 1.88
14.43 93.98 19.7 1.83
30.05 94.2 19.13 1.97
14.14 94.14 19.54 2.04
68.48 94.02 19.22 2.03
0.17 93.94 19.95 2.26
19.53 93.78 19.47 1.85
6.08 93.92 18.25 1.4
30.18 94.07 18.29 1.54
124.56 94.26 17.41 1.58
93.73 94.32 17.71 2.18
1.95 94.3 19.99 2.31
0.19 94.44 18.8 1.94
17.58 94.25 17.56 1.66
67.36 94.11 16.39 2.19
0.03 94.23 16.91 1.74
0 94.11 19.01 1.55
9.63 94.27 19.63 2.42
24.57 94.96 15.38 2.04
3.45 94.86 13.97 1.73
56.15 94.31 12.83 1.76
7.12 94.25 13.8 2.62
0 94.18 18.86 2.41
0 94.47 18.72 2.4
0 94.57 18.32 2.44
0 94.43 18.8 2.35
17.83 94.45 19.2 1.62
23.85 94.54 18.06 2.19
0.01 94.61 15.63 2.01
4.68 94.06 15.58 2.15
20.29 93.88 17.73 2.09
67.5 93.69 16.42 2.6
28.98 93.85 13.27 2.14
43.87 93.76 14.02 1.85
10.62 93.78 14.35 3
0 94.02 12.97 2.18
0 94.26 14.41 2.46
0.19 95.05 12.59 1.56
5.78 95.48 10.44 2.02
8.63 94.32 14.6 3.07
39.75 93.69 10.25 5.4
0.09 93.58 12.63 4.69
0 94.54 10.65 1.93
0 94.85 13 2.2
0 94.35 16.75 3.4
0 94.28 16.58 2.08
0 94.05 16.85 3.27
0 94.37 8.96 3.87
1.02 93.71 4.84 3.18
4.47 93.91 4.97 5.21
4.18 94.25 9.26 4.71
0 94.6 11.34 2.3
0 94.66 12.36 1.84
0 94.41 12.64 1.55
0 94.35 13.12 1.57
0 94.35 14.52 2.46
3 94.54 11.66 3.39
0 95.23 5.17 2.55
0 94.15 9.14 2.68
30.09 94.71 4.27 1.74
13.93 95.02 4.37 1.88
1.75 99.23 70.88 33.36
0 98.74 71.89 33.43
0 95.3 6.14 2.39
0 95.17 3.88 1.75
5 93.95 6.57 5.52
0 94.04 2.87 3.73
0 94.63 0.83 3.37
0 94.95 -0.62 3.84
0 95.38 -0.2 2.91
0 95.42 2.35 1.52
0 94.79 4.87 1.77
0 94.61 5.21 1.36
0 94.5 8.35 3.62
0 94.75 9.05 3.14
0.39 95.88 0.26 3.52
54.88 95.93 -4.18 2.45
32.66 95.55 -4.15 2.78
12.64 95.05 -3.6 1.68
0.48 95.08 -3.51 1.33
0 95.21 -3.79 1.42
0 95.38 -2.3 1.44
0.06 95.22 0.4 1.42
0.02 94.5 2.24 1.99
0 93.9 4.78 2.52
0.31 94.78 1.47 2.39
11.34 94.58 -3.35 2.68
0 95.28 -5.97 2.17
13.26 95.14 -7.14 2.21
10.12 95.15 -8.81 1.94
6.76 95.13 -9.74 1.9
4.96 95.63 -10.6 1.58
15.23 96.09 -12.52 2.31
11.27 96.16 -13.37 2.81
0.19 96.03 -16.1 1.83
0.03 95.21 -15.32 2.91
0 95.12 -15.25 2.52
0.16 94.61 -12.21 1.37
0.6 95.05 -10.79 1.48
7.08 94.81 -6.34 2.25
0 94.66 -8.91 1.68
0.96 93.99 -4.96 1.96
0.25 93.82 -6.59 4.77
0.56 94.18 -8.35 5.59
0 94.5 -5.69 4.12
0 95.15 -5.85 2.32
0 95.28 -9.11 1.58
0 95.43 -10.15 1.04
0 94.99 -4.01 2.11
0.94 94.66 -0.71 2.43
0.01 95 -2.76 3.38
0 95.27 -8.1 1.6
0 94.94 -7.16 1.37
0 95.06 -7.34 1.17
4.22 94.36 -5.75 3.12
0.09 94.46 -7.31 4.61
0.12 95.05 -9.71 5.21
0 95.07 -8.36 2.96
0 95.56 -6.79 1.89
0 95.5 -7.12 1.52
0 94.64 -4.42 2.11
0 94.88 -6.67 1.66
0 94.96 -8.92 1.8
0 94.89 -6.78 2.1
0 94.96 -10.69 2.44
0.02 93.92 -8.15 2.79
0 95 -13.68 3.69
0 95.7 -15.81 1.83
0 95.46 -9.39 1.99
0.59 95.03 -6.91 1.58
2.25 95.3 -8.36 1.4
0 95.25 -9.27 2.02
0 94.43 -4.2 2.34
0.02 94.45 -7.13 1.5
3 94.63 -9.12 2.05
0 95.06 -11.64 3.81
0 94.87 -12.8 2.83
0 95.2 -10.7 3.27
0 95.02 -10.81 3.32
0 94.83 -11.65 2.85
0 94.58 -11.27 2.28
0 95.32 -13.37 3.1
0 95.58 -14.25 2.71
0 95.06 -13.6 3.2
0.2 94.39 -12.42 3.97
0.28 94.12 -12.13 2.48
0 94.19 -12.43 1.74
16.64 94.81 -15.91 2.29
2.06 94.81 -19.9 2.57
0 94.45 -19.83 4.04
0 95.04 -19.5 1.66
0 95.53 -19.02 1.44
0.76 95.49 -18.43 2.01
0.62 96 -21.89 3.46
0 95.91 -24.58 4.89
0 95.48 -16.22 4.39
0 94.86 -11.3 3.42
0 94.7 -12.61 3.57
0 94.76 -10.97 3.53
0 95.33 -14.16 1.81
0 95.75 -17.14 1.74
0 95.54 -17.54 2.4
0 95.61 -14.04 3.06
0 95.5 -11.83 2.65
0 95.15 -10.18 2.19
0 94.92 -9.6 2.63
0 95.13 -9.85 3.29
0 95.07 -9.78 3.47
0 94.97 -8.14 2.67
0 94.08 -8.39 2.89
0.02 93.73 -5.27 3.27
0 94.35 -3.84 2.65
0 94.01 -0.27 2.49
0.04 93.93 0.12 2.21
3.76 94.28 -1.24 3.36
27.32 95.01 -9.17 5.67
0 95.01 -13.23 5.24
0 94.36 -9.96 4.31
0 94.27 -5.68 4.22
0 94.17 -3.05 3.88
0 94.2 -5.14 3.6
0.34 95.01 -8.12 3.6
0 94.96 -10.33 3.69
0 94.78 -10.86 2.28
0.02 94.97 -8.27 3.23
0 95.83 -11.43 2.66
0 95.44 -10.1 2.56
0 95.37 -9.57 2.97
0.21 94.71 -7.71 2.74
0.06 94.81 -8.14 2.07
0.32 95.14 -9.02 4.22
0.18 95.32 -9.39 3.17
0.09 94.43 -1.86 2.8
0 94.09 0.63 2.37
0 94.05 0.14 2.45
0.32 94.42 -1.22 1.57
15.62 94.23 -0.38 4.21
0.08 94.24 -2.26 2.56
4.44 94.54 -5.48 4.19
0 95.25 -8.6 4.38
0 95.35 -8.5 3.7
0.16 95.13 -7.6 3.46
0 94.59 -6.02 2.17
0 93.98 -1.99 3.91
0 94.74 -2.68 2.83
0 94.56 0.8 2.74
0 94 4.14 2.74
0 93.87 7.54 3.1
0 93.44 9.54 4.95
0 93.95 6.22 4.38
0 94.8 3.41 1.9
0 95.04 5.1 1.9
0 94.7 7.67 2.84
0 95.06 4.48 4.29
0.02 95.6 1.4 4.66
0 95.6 1.23 3.17
0 95.28 2.58 3
0 94.91 6.95 3.09
0 94.29 8.49 2.5
0 93.69 9.85 3.73
0.27 94.15 6.42 3.48
0 94.06 8.5 3.32
0 93.13 15.03 4.55
13.31 93.45 8.88 5.02
0.5 94.49 5.16 4.46
0 94.47 7.38 3.46
0 93.69 9.69 3.45
0.14 93.98 9.12 2.32
0.63 93.35 11.63 4.61
0 93.76 8.84 4.8
0 93.66 11.05 5.74
0 93.95 6.67 2.91
0 94.56 4.56 3.2
0 94.02 6.63 4.33
13.38 93.22 8.62 2.51
0.29 92.98 9.94 4.98
0 94.05 10.59 2.99
0.63 93.56 14.82 4.73
8.3 93.56 9.72 4.39
3.51 93.54 5.66 3.93
3.03 93.82 5.96 2.41
1.81 94.09 7.8 3.13
0.02 93.79 13.56 2.95
0 93 14.28 5.75
0 93.51 9.68 5.98
0 94.03 10.19 2.93
0 93.5 13.53 4.55
1.37 94.32 9.92 3.35
29.68 94.55 7.81 2.05
1.78 94.17 11.71 1.93
0 94.3 12.26 2.38
23.55 93.48 12.97 2.78
0.05 93.11 16.59 2.77
23.84 92.86 19.97 4.05
139.62 93.65 10.91 2.3
38.32 92.85 11.69 5.05
0 93.26 15.44 3.13
10.82 93.21 15.06 5.01
0.02 93.57 12.17 6.28
0 94.29 14.82 2.65
0 93.75 18.14 4.19
1.21 93.96 16.23 2.49
0 93.62 16.86 2.37
1.45 92.8 19.18 3.92
111.14 93.57 10.93 4.71
0 94.34 14.91 4.29
28.31 93.99 12.13 4.1
0.85 93.87 12.27 3.56
0 93.36 17.83 3.11
0 93.47 22.43 3.66
0 93.7 24.53 4.39
0 93.93 22.83 3.41
0 94.1 22.34 3.74
0.16 94.86 18.52 3.78
0.08 94.76 17.6 2.49
49.1 93.88 14.29 1.86
23.89 92.8 14.67 4.47
6.11 93.09 17.75 3.25
1.15 93.59 17.81 4.44
0 93.47 21.69 4.55
0.16 93.12 23.66 4.38
0 93.5 18.43 4.31
0 93.24 21.35 4.3
11.63 93.99 17.24 1.99
0 94.07 19.7 1.4
0 93.69 22.74 2.33
0.02 93.34 23.9 3.08
0.16 93.51 22.66 2.89
0.31 93.74 22.94 2.26
32.53 93.94 18.59 3.26
3.53 93.96 18.42 2.06
0.16 93.71 20.96 2.36
27.3 93.36 20.31 3.71
75.79 93.13 19.5 4.04
36.57 93.66 17.57 2.46
8.31 93.54 18.92 2.04
5.26 93.21 19.31 2.16
86.73 93.1 15.99 2.32
10.6 93.14 18.63 2.12
3.91 92.73 19.72 2.24
38.49 92.81 19.98 2.11
4.43 93.35 19.88 2.97
0.01 93.43 22.91 2.47
24.61 93.07 24.26 2.82
32.17 93.11 23.23 2.35
22.9 93.15 22.02 2.21
11.6 93.42 20.65 3.09
3.49 93.47 20.47 3.75
0 93.63 23.81 3.03
0 93.55 24.31 2.12
29.9 93.25 22.81 2.58
55.04 93.32 18.71 2.79
90.96 93.22 20.06 2.12
54.98 93.3 19.76 2.18
0 93.44 20.21 1.84
0.73 93.39 21.73 1.73
0 93.49 24.92 2.66
0 93.65 24.97 2.89
4.86 93.88 25.26 1.96
0 93.97 26.49 1.74
0 93.89 27.24 2.7
0 93.64 26.81 2.47
0 93.43 27.93 1.89
0 93.17 28.95 2.39
12.69 92.87 28.8 3.01
116.52 93.18 21.81 1.92
0.84 93.5 24.21 2.37
2.47 93.83 22.05 2.63
11.28 93.5 19.51 2.19
4.09 93.38 18.84 2.07
2.77 93.63 21.45 1.63
0.13 93.61 23.51 2.13
11.73 93.67 23.89 2.51
163.54 93.8 21.47 2.29
672.54 93.39 20.45 2.58
51.31 93.1 23.03 1.78
14.68 92.98 26.41 2.58
0.45 93.54 24.99 2.2
381.07 93.56 20.06 2.41
2.01 93.4 22.31 1.64
2.36 93.2 24.01 2.28
52.63 93.19 22.91 2.1
16.57 93.54 23.05 1.71
112.78 93.8 23.16 2.19
64.27 93.95 21.77 1.66
13.52 94.05 22.74 1.86
0.21 94.05 24.42 1.66
0 93.98 26.16 1.46
0 93.91 27.09 1.72
0 93.8 26.96 2.07
315.47 93.57 24.7 1.82
113.8 93.95 23.09 2.25
0 94.02 21.95 1.43
0 93.63 23.83 2.22
0 93.41 26.94 3.05
1.49 93.44 28.89 3.08
14.58 93.56 25.02 2.16
0 93.52 23.81 1.79
0 93.78 23.46 1.78
9.28 93.69 22.95 1.59
73.06 93.52 21.67 1.84
5.03 93.39 22.33 1.41
209.88 93.36 20 1.68
9.91 93.79 20.97 2.04
20.12 93.9 21.59 1.89
1.67 94.05 22.28 1.9
1.45 94.13 22.8 1.59
21.49 93.62 20.75 1.52
26.3 93.49 22.47 2.2
124.72 94.24 17.35 3.81
0 94.48 17.39 2.02
9.98 94.15 17.27 2.01
1.79 94.13 18.42 1.97
0 94.29 17.7 1.92
0 93.73 17.54 1.85
13.81 92.71 16.46 4.52
21.26 92.54 15.43 3.05
5.19 93.16 18.68 1.45
13.08 93.68 18.27 1.24
113.62 93.92 17.62 1.59
39.04 93.86 16.97 1.45
13.21 93.74 18.52 1.49
2.02 93.48 18.56 1.67
6.94 93.57 17.23 1.69
38.35 93.88 16.14 1.8
20.41 94.03 15.49 1.68
80.84 94.38 14.83 2.19
17.73 94.62 15.46 1.48
2.94 94.55 16.78 1.33
42.75 94.36 18.11 1.73
0.02 94.26 18.61 1.73
5.11 94.36 17.43 2.25
2.6 94.76 15.12 1.82
41.25 94.92 13.03 2.27
0.28 94.95 13.15 2.3
0 94.78 13.38 1.48
1.11 94.53 14.22 2.03
22.68 94.19 15.82 2.01
3.69 93.9 17.5 1.77
2.22 93.63 19.55 3.47
0.14 94.32 16.2 2.06
15.72 94.09 16.37 1.98
3.98 94.88 10.69 4.69
0 95.25 7.45 2.09
0.2 94.45 9.17 2.16
0.18 94.11 14.64 2.2
14.35 93.96 18.14 3.44
1.49 94 15.07 2.28
1.91 94.04 14.05 3.41
119.54 94.56 6.83 2.08
10.49 94.64 5.65 1.9
1.21 95.17 7.7 1.54
62.37 94.3 10.05 3.1
1.02 94.57 5.11 4.62
0 94.75 4.38 1.85
0.55 94.38 5.12 1.74
0 94.9 5.14 35.36
0.31 94.87 6.77 1.51
0 94.49 10.87 1.45
0 94.57 12.27 1.64
0.18 94.7 14.22 2.65
3.13 94.19 13.98 4.13
0 94.67 9.01 2.33
0 94.43 11.15 1.9
0 94.32 11.52 2.4
2.47 95.16 3.89 2.62
49.21 94.57 4.64 1.86
33.21 95.24 1.87 2.71
0 94.86 2.14 1.55
0 94.23 3.16 1.55
0 93.88 7.5 3.57
0 95.02 2.24 1.96
15.39 95.06 2.14 1.53
5.65 95.27 1.24 3.24
0.53 95.29 -0.49 2.46
4.33 95.04 -1.38 3.48
0 95.81 -5.56 3.25
0 95.42 -3.52 2.47
0 94.75 0.27 3.27
0 94.2 1.45 1.73
0 93.34 3.24 1.65
0 94.38 1.1 2.57
0.45 95.12 -1.47 2.15
4.78 95.4 -2.34 3.25
0 95.73 -4.63 1.99
0 95.09 -2.84 2.09
2.34 93.67 1.28 3.59
3.63 93.91 -2.44 1.86
0.48 94.42 -2.37 1.56
0 93.89 3.41 3.42
0 94.62 0.09 5.24
0 94.81 -4.06 1.92
0 94.61 -0.98 2.22
0 94.49 -1.65 2.22
0.21 94.01 -0.71 2.5
4.87 94.49 -4.95 2.25
21.52 95 -7.92 2.02
39.02 95.36 -10.32 2.91
0 95.71 -11.84 3.21
0 95.39 -10.9 2.91
0 94.9 -8.62 2.68
0 94.56 -6.31 2.19
0 94.11 -3.21 3.59
0 94.94 -6.69 3.11
0 95.35 -4.8 2.01
0.08 95.59 -6.02 1.75
4.31 94.49 -1.99 3.92
0 95.23 -3.94 4.1
0 94.95 -0.05 2.83
0 94.22 2.32 3.11
0 94.36 -2.25 3.05
0.88 94.95 -6.57 3.7
0 94.39 -6.33 2.8
0 94.6 -6.99 2.57
8.52 94.06 -4.88 3.47
0 94.97 -8.23 2.28
0 95.11 -9.17 1.58
0 94.49 -7.11 2.3
5.71 94.88 -4.51 3.03
0 95.48 -9.95 3.27
0 95.38 -11.03 2.16
0.02 95.39 -9.82 3.11
0 94.58 -5.18 2.63
0 94.57 -5.7 1.25
0 94.73 -5.13 1.21
0 94.79 -4.34 1.43
0.02 95.12 -3.88 1.44
0.23 95.16 -5.68 2.41
6.4 94.83 -10.02 3.48
0 95.2 -11.62 2.25
0 95.07 -11.44 1.34
0.09 94.92 -6.8 3.61
0.41 95.57 -10.32 3.75
0 95.41 -12.31 2.13
0 95.13 -10.45 4.27
0 95.33 -9.84 2.83
0 94.88 -8.77 1.81
0 94.75 -7.53 1.78
0 94.55 -3.56 3.65
0 94.72 -5.73 2.24
0 94.4 -2.89 3.15
0 95 -6.48 1.49
0 95.28 -8.03 1.47
0 94.85 -4.42 1.62
8.92 94.88 -4.53 1.42
6.69 94.49 -5.71 2.35
0.04 94.61 -8.71 3.48
0 94.84 -11.32 3.97
0 94.6 -11.33 2.9
0.03 94.35 -12.2 2.94
0 94.53 -11.41 4.76
0 95.4 -12.4 2.25
0.1 95.37 -14.24 1.36
0.04 95.27 -13.52 1.45
0.26 95.08 -11.86 2.22
0 95.4 -12.5 1.82
10.94 95.11 -13.3 2.95
0 95.14 -14.22 2.35
0 94.81 -13.5 4.41
0 95.47 -14.68 2.61
0 95.58 -15.1 1.65
0 95.69 -13.43 1.41
0 95.07 -8.47 1.78
0.12 94.4 -4.92 4.98
0 94.86 -7.52 3.6
0 94.35 -9.18 2.41
0.23 95.22 -12.2 3.99
0 95.48 -11 3.39
0 94.93 -9.14 3.12
0 95.64 -8.94 3.55
0 95.07 -6.27 2.3
0 94.5 -4.76 1.75
0.4 94.18 -2.3 2.44
0 94.55 -7.07 3.42
0.02 95.44 -7.54 2.63
0.02 95.38 -8.19 1.33
0.07 95.21 -9.45 5.5
0.03 94.77 -10.6 5.91
0 94.93 -9.97 4.81
0 95.03 -7.93 3.1
0 94.99 -7.13 1.79
0 95.49 -5.66 1.57
0 95.32 -4.41 1.86
0 94.16 1.32 3.34
1.39 94.55 -4.43 4.6
0 95.08 -7.62 3.22
0 94.47 -6.02 2.63
0 93.5 -3.81 5.08
0 95.22 -7.85 3.91
11.07 94.96 -7.19 2.52
7.55 94.41 -4.79 4.34
0 94.88 -5.56 3.64
0 94.62 -2.83 3.58
0 94.58 -1.39 3.01
0 94.76 -1.42 1.71
0 94.42 0.84 3.01
0 94.41 -0.75 2.98
0.15 94.78 -5.41 3.67
0 93.98 -0.87 2.92
0 94.08 -0.91 1.81
0.03 94.3 -4.1 2.49
0.32 94.7 -6.03 3.47
0.1 94.47 -8.05 4.08
0 94.49 -5.88 4.89
0 94.03 -1.08 4.07
0 93.82 0.21 3.02
0 94.03 2.52 2.02
0 94.33 3.3 3.25
0 95.12 -1.12 4.64
0 95.13 0.13 2.87
0 95.08 0.74 2.03
0 94.79 2.33 1.81
0 94.45 2.53 1.74
1.46 94.34 3.36 1.87
0 94.87 4.27 1.85
0.23 94.97 3.88 2.16
0.82 95.03 1.22 3.33
0 94.83 1.25 2.07
0 94.6 2.44 2.12
0.97 94.97 1.18 1.57
7.29 94.65 0.82 1.43
1.68 94.52 2.41 2.93
0.55 94.45 1.09 2.15
0 94.63 2.1 2.3
0 94.39 5 2.86
0 94.36 8.06 3.53
0.16 95.16 3.44 2.75
0 94.95 3.77 2.02
0 94.35 5.54 1.77
0 94.39 8.79 2.09
0 94.28 11.78 2.89
0 93.94 16.23 3.88
0.46 93.67 14.57 3.58
2.09 93.83 10.47 3.86
1.02 93.87 9.22 2.65
0 94.64 8.06 3.28
0 94.57 8.37 2.1
0 93.61 12.39 3.89
0 94.18 7.05 4.09
0 94.08 6.27 2.57
0 93.41 12.04 4.29
0 93.06 14.52 2.94
0 93.51 15.43 3.34
0.45 93.81 13.41 3.16
1.97 92.75 13.23 5.07
1.01 92.95 6.94 5.82
4.12 93.26 7.38 3.23
6.79 93.68 8.4 3.13
0 94.08 9.57 2.26
0.04 93.42 12.28 4.97
0 93.65 8.95 3.02
0 93.99 7.94 3.47
0.02 94.63 8.01 3.77
0 94.67 9.97 4.57
0 93.88 14.2 4.29
0 93.35 16.27 3.27
0 93.02 19.8 4.35
0 93.85 16.1 2.39
0 94.17 17.31 2.57
0 94.09 21.01 3.87
3.32 94 18.68 5.68
9.1 93.98 14.34 3.77
12.18 93.68 9.22 6.1
0 93.95 9.92 6.21
0 93.82 17.87 4.19
0 93.53 19.71 2.45
0 93.22 20.29 4.07
0.2 93.31 18.53 3.23
0.02 93.45 14.09 4.96
0 93.26 12.05 4.73
1.4 93.54 11.74 4.56
0.19 94.24 13.49 4.63
0 94.19 16.03 2.24
0 93.4 20.06 1.81
0 93.23 23.42 2.14
0 93.22 28.53 3.96
3.42 93.62 25.66 3.48
0.95 93.89 22.75 2.89
10.21 94.22 14.56 3.63
192.5 94.3 9.44 2.15
0.16 94.09 16.1 2.37
0.01 93.7 18.92 2.3
0.07 94.18 15.52 3.01
0 93.72 19.07 2.51
0 93.33 21.6 2.91
0 93.69 21.6 4.35
21.05 93.92 17.37 2.7
0.72 93.41 19.78 2.95
7.12 92.98 19.72 3.04
0 93.47 17.2 3.49
99.55 93.74 11.45 2.03
0 93.87 15.66 2.35
0 93.88 19.38 2.14
0 94 21.2 2.25
23.61 93.67 15.41 2.33
0.9 93.46 18.43 2.87
0.32 93.36 20.71 3.64
0 93.46 19.98 3.49
0 93.79 18.54 2.03
5.09 93.94 17.88 2.02
19.5 94.23 18.22 1.79
0 94.26 20.38 1.98
0 93.87 26.33 2.43
0.31 93.58 26.66 1.63
0.64 93.42 25.86 2.83
18.69 93.31 22.86 2.22
38.7 93.3 20.57 2.55
55.93 93.22 18.87 1.68
6.11 93.28 19.76 2.58
0.44 93.46 20.78 2.19
72.59 93.8 18.34 1.76
99.53 93.69 17.09 1.6
3.68 93.43 19.34 1.48
3.8 93.42 22.06 1.57
0 93.58 23.96 1.71
16.78 93.44 24.96 2.85
18.8 93.45 26.07 2.87
0.22 93.35 26.95 2.63
12.66 93.27 26.57 2.36
33.78 93.16 26.66 2.21
19.55 93.33 24.98 2.4
1.01 93.44 25.38 2.15
37.17 93.58 23.6 1.76
32.93 93.73 22.58 1.64
49.51 93.49 23.6 2.44
499.78 92.71 22.24 2.33
33.1 92.63 23.78 2.7
31.68 92.8 23.94 2.69
0.55 92.81 23.68 2
0 93.05 24.66 1.82
0.46 93.13 27.64 2.4
66.92 92.93 27.18 2.98
20.08 93.38 24.69 1.98
12.14 93.68 25.78 1.69
0 93.81 26.92 1.79
0 93.71 28.63 1.93
0.01 93.44 28.89 2.74
24.57 93.25 26.44 2.57
95.36 93.26 21.7 2.39
35.43 93.96 21.01 2.01
33.68 93.93 21.28 1.42
3.71 93.48 23.61 1.21
0.82 93.63 23.55 1.65
0.48 93.81 23.38 1.96
36.4 93.43 21.92 2.33
1.07 93.71 22.41 2.39
0 94.19 22.63 1.54
0 93.73 23.09 1.64
58.63 93.34 23.22 2.65
0.05 93.5 24.98 1.92
1.93 93.56 26.05 2.24
48.36 93.33 24.42 1.92
544.48 92.79 23.04 1.86
26.92 93.18 23.85 1.52
108.69 93.23 23.58 2.24
44.58 93.09 21.79 1.76
1.77 93.13 23.43 2.2
23.13 92.99 22.11 1.51
44.43 92.8 20.26 1.42
8.99 92.89 22.6 1.52
46.5 93.28 23.15 2.35
71.92 93.64 21.8 1.95
1.17 93.8 22.61 1.78
18.35 93.74 21.77 1.64
61.67 93.67 21.09 1.64
227.62 93.75 19.26 2.01
46.26 93.9 20.23 1.8
43.08 94.03 21.02 1.8
28.15 94.04 21.42 1.87
29.63 93.66 21.91 1.76
1.65 93.43 24.87 1.9
25.93 93.9 21.79 1.83
266.63 93.78 19.01 1.86
0.02 93.78 19.29 3.71
0 93.86 17.53 3.7
0 94.15 18.72 2.28
16.98 93.86 16.85 2.56
4.49 94.35 15.12 3.08
0 94.44 13.91 2.13
0 94.19 16.1 2.15
0.66 94.18 16.58 1.69
1.79 94.01 19.3 1.76
19.73 94.03 18.76 2
16.46 93.92 19.04 2.41
2.79 93.76 20.32 2.45
0.09 93.69 19.27 3.67
0 93.6 18.35 1.8
0 93.39 20.62 2.13
1.38 93.93 17.72 2.6
8.14 93.96 17.96 2.1
70.13 93.85 16.82 1.76
0.02 94.11 15.57 2.16
0 94.5 14.99 1.86
0 94.72 15.6 1.7
8.81 94.67 17.41 2.16
13.28 94.47 17.74 1.92
0.65 94.08 18.3 2.51
0.01 93.91 16.6 2.4
0 93.36 18.55 2.23
0.31 93.83 14.57 3.03
0 94.15 14.58 1.6
3.05 93.47 18.33 3.04
9.91 93.52 16.16 3.85
0 93.65 17.47 3.74
0.12 94.03 16.89 2.45
15.09 93.95 15.42 2.22
21.28 94.29 12.53 2.25
0.04 94.24 9.13 2.36
0 94.11 8.11 3.4
0 93.95 9.33 2.54
0 94.03 12.68 2.45
0.35 94.28 13.84 3.73
0 95 8.36 2.39
0 95.33 6.99 1.97
0 95.04 9 2.46
0 94.36 13.79 3.4
0 94.14 14.7 2.89
0 94.51 13.26 1.95
11.62 94.8 11.54 1.65
74.58 95.45 8.26 3.29
23.37 95.45 4.58 2.57
1.7 95.22 4.36 2.81
1.05 94.82 3.74 2.09
0 94.72 5.15 3.04
0.01 95.28 3.93 1.27
22.02 95.33 6.16 1.89
0.06 95.67 4.66 1.84
0 95.47 5.01 1.65
7.27 94.81 7.77 1.58
0.31 94.63 8.37 1.41
0 94.33 10.43 2.66
0.03 95.02 6.42 1.59
10.56 95.11 3.82 1.67
0.2 95.12 4.6 1.55
0 94.91 6.54 1.85
0 95 6.96 1.53
0 94.38 9.41 1.57
0.04 94.21 10.09 1.94
0 95.12 5.51 4.71
0 95.6 1.39 3.6
0 95.04 4.53 2.36
0 94.16 7.73 3.16
