0.14 94.25 -19.46 2.11
0 94.86 -20.38 1.87
10.06 94.74 -21.91 1.68
6.06 94.95 -19.84 4.18
0 95.18 -19.45 4.6
0 95.41 -18.67 3.43
0.02 95.52 -18.68 2.03
15.37 94.88 -17.49 1.98
4.33 95.1 -18.8 1.66
0 95.32 -16.12 1.22
0 95.31 -18.35 3.97
0 94.69 -19.51 4.78
0 94.67 -15.94 4.19
0.19 94.58 -17.78 1.91
0 95.65 -17 1.58
0 95.19 -15.97 1.09
0 94.85 -11.3 1.55
0 94.71 -4.43 2.54
0 94.23 1.91 5.06
0.01 95.63 -12.4 6.1
0 95.41 -15.44 2.8
0 95.07 -12.21 3.94
0 94.53 -8.48 3.49
0 93.98 -11 4.02
0 94.94 -9.5 4.76
0 95.07 -3.83 4.42
0.19 94 -5.08 5.35
0 94.49 -12.33 4.72
0 94.06 -5.86 4.87
0 94.22 -5.94 3.05
0 94.86 -12.37 2.05
0.06 94.99 -13.2 1.91
0 94.97 -17.63 2.14
0 94.87 -15.18 3.39
0 94.9 -16.66 2.55
0 95.22 -15.77 1.67
0 95.03 -12.87 2.98
0.35 93.99 -3.35 3.59
0 94.3 -6.61 2.69
0 94.95 -9.84 2.58
0 95.56 -13.11 4.42
0 95.96 -14.27 6.24
0 95.61 -12.46 3.05
0.01 94.93 -11.11 2.46
0 95.4 -12.67 2.41
0 95.55 -15.27 1.99
0 95.05 -11.95 2.23
0 94.68 -10.86 2.65
0 94.44 -9.21 3.59
0 93.97 -5.45 1.46
0 93.92 -11.64 1.79
0 94.05 -10.03 1.72
0 93.88 -4.89 3.39
0 92.94 -1.26 2.72
0.47 93.45 -6.2 1.72
0 94.5 -9.26 1.5
0.03 94.62 -7.83 1.62
2.12 94.32 -9.79 2.71
0.14 94.93 -10.32 2.57
0.02 94.56 -10.68 1.82
0.05 94.28 -6.62 3.84
0 94.15 -0.17 4.85
31.48 94.01 -4.44 3.15
4.82 95.1 -13.27 3.49
0 95.77 -14.57 1.98
0 96.05 -15.94 1.62
0.32 96.35 -11.99 3.75
0 95.48 -10.85 2.59
0 94.04 -2.97 3.21
0.04 92.92 2.72 6.33
0.14 94.32 -7.75 5.37
0 94.77 -3.73 2.61
13.55 94.16 -1.76 1.83
0.14 94.22 -4.42 7
0 94.72 -6.6 3.23
0 95.14 -8.63 2.66
0 93.98 -2.65 3.05
0.04 92.75 2.65 2.59
33.17 93.5 -2.87 5.11
0 93.67 -1.23 3.78
0.01 93.71 2.45 5.56
0 94.34 1.15 3.23
0 95.05 -2.67 2.96
0.01 94.96 -5.38 4.82
0.99 94.49 -5.14 2.34
0.32 95.04 -4.45 2.42
0 94.93 1.74 1.24
0.01 94.64 5.41 2.52
4.92 93.97 9.32 5.76
2.04 93.82 6.67 6.02
0 94.26 -0.16 6.37
0 94.33 -2.43 4.28
0 93.81 4.59 6.12
0 93.76 7.09 4.42
0.52 94.45 1.8 2.14
0 95 -0.33 3.18
0 94.29 7.28 5.26
0.06 93.09 11.13 8.25
2.77 94.12 0.61 3.58
0 94.33 1.51 4.43
0.15 94.33 -1.23 2.36
62.93 94.15 -2.2 5.06
0 94.83 -2.44 6.6
0 94.93 0.04 2.76
0.04 94.3 2.5 3.84
8.89 94.65 1.57 1.18
0 94.43 5.09 4.92
5.08 93.85 8.07 3.77
3.74 94.43 7.32 3.22
0.02 94.77 6.96 2.27
0.02 95.04 8.27 2.45
0.08 94.78 7.76 2.91
0.03 94.61 6.95 1.9
0 94.13 12.23 2.64
0.33 93.83 13.55 4.47
4.45 93.8 3.44 4.27
69.55 93.47 -0.14 3.39
0.02 93.56 3.05 8.99
6.5 93.7 5.05 7.55
12.29 93.91 10.98 3.3
0 93.4 16.57 2
0 93.16 17.68 6.58
0.04 93.71 14.36 2.37
0.39 93.25 24.26 4.11
183.11 92.96 7.06 4.41
22.14 93.34 11.15 6.58
15.77 93.34 9.99 2.58
0.66 93.57 13.37 2.85
29.39 93.32 10.22 3.93
8.46 93.25 8.77 3.36
11.85 94.34 8.65 2.39
0 94.54 13.29 1.96
0 94.47 15.56 2.31
14.66 93.95 17.56 3.74
10.58 93.91 20.37 1.79
0.11 94.09 19.49 3.11
2.53 93.58 18.54 3.4
187.57 92.74 11.15 4.2
2.71 92.42 17.11 5.76
0 93.31 21.78 2.68
0 93.45 25.72 3.58
0.05 93.55 21.88 2.71
0.08 93.26 21.41 3.38
1.39 93.54 17.13 4.87
0.1 94.09 20.3 3.72
0.02 94.5 20.3 2.11
0.66 94.33 18.41 2.61
143.98 93.64 15.07 3.99
65.72 93.31 16.49 2.18
52.81 93.89 14.05 2.69
5.53 94.45 15.54 1.38
0.35 94.29 18.48 1.6
0.06 94.43 18.95 1.68
0 94.44 22.28 1.53
0 94.22 23.11 1.83
0 93.92 24.65 2.1
0 93.95 24.04 2.75
0 93.98 25.47 3.73
0 94.12 25.05 3.9
0 94.26 25.61 3.44
0.17 94.16 21.99 2.37
0 93.81 21.96 3.82
0.06 93.5 24.18 1.64
20.33 93.19 24.98 3.52
7.27 93.15 22.9 2.88
0.14 93.13 22.53 2.84
1.34 93.26 23.25 1.61
9.39 93.27 21.91 2.71
2.87 93.35 22.04 3.22
0.15 93.49 23.52 1.92
0.01 93.9 21.66 3.4
0 93.48 21.42 3.04
5.49 93.84 18.7 1.92
0 93.83 23.12 1.59
0 93.69 25.33 1.1
0 93.67 27.74 2.41
0 93.65 26.62 2.24
10.72 93.5 22.19 1.87
4.26 93.44 21.42 1.32
0.02 93.49 23.46 1.14
0.01 93.19 24.97 1.32
47.47 93.18 21.86 2.73
0.28 93.24 24.39 1.05
0.01 93.19 27.53 1.69
0.48 93.18 26.21 4.14
0 93.2 25.26 4.5
0 93.35 24.2 3.03
18.92 93.62 18.62 2.78
1.28 93.84 21.25 2.44
0.17 93.77 20.96 2.38
34.21 93.51 20.5 2.23
61.56 93.55 20 1.49
105.74 93.85 19.15 1.13
0.52 94.09 21.62 0.92
0 93.97 23.94 2.37
34 93.42 22.79 3.2
0.96 93.22 25.07 3.35
0.17 93.47 26.44 1.85
0.31 93.46 27.63 2.31
1.59 93.48 25.64 3.73
17.68 93.54 24.59 2.78
0.14 93.8 24.44 1.86
0.26 93.88 25.65 1.78
1 93.88 27.35 1.76
0.84 93.97 28.04 0.98
0.06 93.82 27.9 1.92
6.36 93.71 29.43 1.95
9.53 93.42 26.78 2.21
90.77 93.05 24.21 3.39
12.54 93.14 20.89 1.04
34.99 93.02 25.79 1.56
50.32 93.37 22.38 3.2
0 93.96 20.35 3.16
0 93.83 22.27 1.94
1.05 92.99 25.76 3.51
6.19 93.29 23.85 2.69
11.53 93.73 22.36 5.03
0 94.46 19.99 2.4
34.64 94.07 19.7 1.41
93.98 93.31 22.48 3.53
4.79 93.47 21.63 3
0 93.65 20.74 2.34
0 93.34 25.4 3.54
54.86 93.13 23.73 1.63
3.99 92.99 25.38 2.46
2.47 92.89 23.03 3.11
0 93.42 21.31 4.13
0 93.77 22.41 1.69
61 93.73 22.1 2.91
2.89 93.86 23.2 3.29
62.34 94.06 21.54 2.53
0.13 94.43 21.66 2.41
71.95 94.35 17.4 1.15
21.92 94.27 18.93 1.05
0.24 94.25 19.39 1.58
0 94.13 22.83 2.5
0.01 94.47 20.64 1.61
0.27 94.72 20.55 1.33
0 94.42 19.5 1.61
0.18 94.16 19.67 1.67
9 93.75 20.26 2.04
0.79 93.88 20.16 2.37
0.09 93.91 20.21 2.33
1.91 94.45 19.14 1.68
5.97 94.59 19.58 1.66
0.01 94.46 19.81 0.93
0 94.11 19.91 2.4
0 93.87 22.86 1.78
0.11 94.21 23.76 2.06
0 94.79 15.99 1.44
0 94.51 16.79 1.48
0.26 94.03 16.97 1.21
1.18 93.72 17.4 2.39
0.03 93.99 18.08 1.58
0 94.13 19.11 1.1
0.25 94.16 22.12 1.92
0 94.23 21.53 1.43
5.04 93.99 21.3 2.73
162.07 94.55 12.95 2.81
355.72 94.6 8.33 2.24
64.54 94.4 12.61 1.22
0 94.09 16.83 2.29
46.73 94.45 13.91 2.63
192.74 95.01 9.08 3.03
0 94.78 8.51 2.03
0 94.62 12.31 1.49
0.08 94.32 14.17 1.84
32 94 15.93 3.48
0.03 94.28 10.32 2.5
0 94.26 9.18 6.19
0 95.09 6.89 3.66
0 94.66 8.86 1.4
0.01 94.28 15.54 1.9
0.18 94.81 10.04 1.14
182.49 94.61 5.21 2.75
103.2 94.46 7.43 2.87
0 94.51 9.67 2.14
0 94.05 14.97 1.58
0 93.9 18.48 2.57
0 94 19.68 4.29
0 93.97 18.57 3.54
0 93.53 18.34 3.81
13.56 94.36 8.49 3.25
109.1 94.74 2.91 2.29
0 94.7 7.94 2.22
0 94.3 9.18 1.96
0 94.5 6.37 3.01
0 93.97 6.45 3.52
0 94.92 -0.33 3.78
0 95.38 -1.5 1.62
13.42 95.33 -1.68 1.3
38.62 95.41 -0.41 0.84
0 95.21 1.13 1.64
0 94.65 1.71 1.22
0 94.3 7.46 2.47
5.25 94.61 7.28 4.24
0.41 95.19 2.17 5.43
0 95.47 -1.44 5.98
0 96.09 -2.81 3.46
0 95.24 0.53 2.85
0 95.13 4.95 3.34
0 95.12 6.52 2.39
0 95.21 6.08 2.74
0 95.06 6.73 3.25
0 95.64 0.69 4.02
0 95.04 1.34 1.99
0 94.7 4.77 2.51
0 94.75 4.96 1.57
0 94.42 7 2.51
0 94.17 6.59 2.74
14.79 94.44 1.45 2.76
0.04 94.86 -0.6 4.47
0 94.49 -2.35 1.84
0 94.03 -1.67 1.3
17.63 93.58 -1.77 4.33
0.4 93.92 -1.33 2.97
0.14 94.94 -3.27 3.81
0 95.91 -6.76 2.09
0.01 95.16 -3.82 2.93
0 94.6 -0.78 2.13
0 94.43 2.32 3.4
0 94.1 5.69 6.03
0 93.69 2.96 3.27
0 93.46 6.67 2.7
0.04 93.66 1.12 6.15
0 94.42 -4.48 3.25
0 94.17 -2.49 2.43
0 94.44 -3.26 5.18
0 94.78 -8.89 2.51
0.1 93.87 -8.97 1.32
0 94.26 -9.78 7.08
0.92 94.48 -10.04 2.03
0.03 94.38 -9.77 0.77
0 93.9 -4.2 2.18
0.01 93.64 -6.98 2.44
0.01 94.22 -11.46 3.68
0 94.12 -4.96 3.08
0 93.12 1.12 1.95
0 94.73 -5.62 4.27
0 95.15 -7.6 3.83
0 93.89 -8.33 2.83
0 93.89 -9.93 1.6
0 93.31 -8.25 1.8
2.03 93.31 -11.99 5.06
0 94.24 -16.31 1.1
2.83 94.7 -17.76 2.54
0.01 95.33 -18.89 2.27
0 95.13 -17.91 4.94
0 94.8 -16.56 5.55
0 93.51 -10.43 2.96
0 93.43 -8.65 0.99
0 93.48 -3.88 2.52
0 93.74 -4.62 2.68
0 94.02 -2.72 1.9
0 93.86 -11.12 1.4
0.05 94.42 -14.8 3.25
0 95.59 -19.67 3.84
0 95.5 -17.34 4.83
0 94.63 -16.79 4.29
0 93.54 -11.75 4.6
0 93.25 -12.6 2.12
0 93.88 -13.32 5.6
1.26 94.14 -14.91 2.79
0 94.29 -13.59 7.35
0.04 94.89 -13.08 8.37
0 95.53 -11.77 4.54
0 95.66 -11.88 4.48
0 95.29 -14.16 1.18
0 94.9 -13.88 2.67
0 95.05 -12.14 6.91
0 95.65 -11.12 4.44
0 94.91 -7.68 2.17
0.03 94.86 -10.94 3.95
0 95.35 -14.12 3.91
0 94.57 -10.77 2.44
0 94.19 -13.11 4.33
0 94.3 -15.93 1.91
0 94.33 -12.22 3.25
0 95.38 -16.46 2.75
0 95.76 -18.33 4.47
0 95.57 -15.04 3.47
0 95.39 -14.76 4.1
0 95.08 -14.42 3.35
0 95.08 -16.19 2.87
0 94.98 -13.95 2.92
0 94.8 -13.88 1.79
0 94.82 -15.9 3.55
0.01 95.1 -15.58 4.03
0 95.26 -15.2 3.14
0.01 95.43 -16.33 3.54
0 95.84 -18.32 1.79
0 96.11 -15.79 2.09
0 95.68 -16.7 3.47
0 95.36 -15.34 4.06
0 95.13 -11.53 3.07
0 94.73 -2.92 3.35
0 94.48 -4.45 1.54
0 94.46 -10.45 1.41
0 94.23 -5.5 2.19
0 94.57 -7.05 2.83
0 93.53 -2.21 6.26
0 94.3 -3.92 3.5
0 94.02 -8.21 2.27
0.14 94.22 -9.63 3.38
0.01 94.94 -12.19 1.55
0.1 94.93 -12.06 0.84
0.21 95.22 -15.52 3.98
0 95.29 -13.14 2.82
0.02 95.24 -12.79 2.8
0.01 95.1 -12.08 2.04
0 94.32 -3.93 2.1
1.95 94.48 -6.46 1.17
6.55 94.9 -6.6 2.69
0 94.81 -5.1 2.44
0 94.69 0.05 3.51
0 94.98 -1.36 2.57
0 94.55 1.99 2.53
0 93.98 4.23 5.54
0.5 93.98 0.27 2.46
0.05 94.73 -5.79 2.45
0 95.32 -6.66 2.14
1.14 94.62 -2.15 5.43
0.06 95.66 -10.43 3.15
0.01 95.07 -9.43 5.33
0 94.69 -7.52 2.94
0 94.67 -8.13 3.28
0 94.79 -5.3 2.83
0 94.4 -1.37 1.47
0.02 93.97 0.14 3.21
0 94.83 -2.4 5.29
0 94.51 -2.29 5.11
0 94.57 -4.49 7.61
0 94.88 -2.34 4.43
0 94.64 -1.25 2.9
0 93.93 3.01 4.06
0 93.31 6.97 2.55
0 94.15 -0.73 5.73
0 95.24 -3.71 3.83
0 94.88 -5.96 6.18
0 94.64 -4.54 3.99
0 93.91 4.51 4.79
0 93.69 4.44 5.88
0 94.1 0.29 3.7
0 94.39 -1.46 1.67
0.27 94.91 -4.56 3.66
0 94.99 -3.14 3.92
0 94.74 -3.16 2.34
0 94.87 -3.61 5.48
0 95.52 -1.28 3.58
0 95.49 1.1 3.96
0 95.35 2.12 4.16
0 95.6 2.19 2.08
0 95.28 7.39 5.06
0 94.94 7.74 1.91
0 94.55 8.83 4.71
0 95.9 1.25 4.46
0 95.78 0.73 2.58
0 95.3 5.64 3.03
0 95.2 7.26 1.4
0 94.46 10.89 4.47
0.01 93.65 11.58 5.02
2.86 94.21 6.4 3.62
0 94.08 8.58 4.61
0 94.07 7.72 4.84
0.13 94.7 4.71 2.95
0 94.33 8.93 3.56
0 93.73 15.05 4.02
0 93.92 13.19 2.05
0 93.12 16.18 2.32
0 94.07 9.62 5.36
0 93.58 13.17 4.46
0.28 93.81 6.35 8.65
0.1 94.48 6.57 4.81
0 94.17 9.71 2.55
0 93.69 13.32 5.15
25.74 94.48 7.26 2.03
3.14 94.32 5.28 1.38
6.75 94.03 4.35 2.91
0.59 93.57 6.51 5.3
0.01 93.19 7.84 1.64
0.76 93.27 8.16 3.52
9.2 93.91 6.64 2.45
0 93.36 9.01 1.69
21.91 92.72 7.81 1.43
0.63 92.68 10.23 3.28
0.15 93.64 12 5.36
0.08 93.9 9.17 5.05
0 94.21 11.66 3.69
0.21 93.7 13.6 4.76
69.62 92.86 8.97 3.1
0.02 92.97 10.83 3.87
0 93.55 12.7 3.89
0.15 93.38 16.25 4.51
1.83 93.32 16.72 3.63
0 93.6 17.85 1.86
0.05 93.21 16.49 6.67
0.08 93.1 12.57 7.85
0 93.34 14.96 8.18
0 93.5 14.96 4.5
0 94.11 12.06 4.9
0 94.02 13.42 2.55
0 92.9 16.97 2.33
8.13 92.66 19.22 4.77
8.45 93.9 12.91 3.62
0.27 93.94 11.03 4.55
0.08 93.79 12.36 4.65
0 93.68 16.8 2.22
0 93.85 16.56 2.89
0 93.97 18.95 2.73
9.31 93.74 20.95 6.84
1.13 93.67 18.99 5.69
0 93.54 21.19 4.41
2.72 93.29 24.95 9.26
1.47 93.55 21.95 2.26
118.37 93.17 16.92 2.92
3.11 93.11 16.43 3.8
0 93.48 19.17 2.72
0.69 93.12 21.39 5.46
0.5 93.36 17.66 5.05
1.82 93.62 18.73 2.35
0.14 93.44 23.54 2.08
1.51 92.79 25.83 3.89
1.88 92.6 22.16 3.05
3.06 92.86 22.06 2.21
0 93.29 22.33 4.02
4.24 93.26 20.44 2.36
459.77 93.4 15.78 2.68
1.03 93.6 19.34 2.71
1.2 93.58 20.43 1.58
21.08 93.39 18.53 2.09
6.47 93.37 18.15 2.27
197.76 93.57 16.69 1.62
0.06 93.73 19.7 1.17
0 93.62 24.5 1.12
0 93.4 27.6 2.62
0.02 93.1 29.09 3.6
0 93.08 27.82 2.7
4.58 92.94 21.21 2.83
84.34 93.31 14.9 2.67
0.12 93.94 18.44 2.06
0 94.28 19.94 1.6
0.71 93.76 21.39 3
1.18 92.99 23.08 2.85
1.44 93.02 25.32 2.78
0 93.12 26.87 4.36
22.24 93.08 23.87 3.22
203 93.27 20.52 2.21
0.91 93.21 23.06 3.2
0 93.34 23.38 2.77
0 93.43 24.09 2.23
9.02 92.81 24.13 3.91
0.14 92.53 25.35 3.66
22.05 92.72 16.96 0.83
31.59 92.75 16.57 2.79
1.2 93.41 21.12 2.16
3.44 93.55 22.75 2.12
35.66 93.59 23.91 1.84
0.65 93.62 23.63 2.22
0.33 93.49 24.11 1.85
156.06 93.66 20.52 1.98
1.31 93.6 22.07 1.42
17.63 93.47 21.19 1.88
44.45 93.53 20.32 1.49
10.79 93.61 21.46 0.86
328.92 93.5 19.8 1.37
38.72 93.33 20.85 2.83
10.06 93.21 22.46 2.62
1.51 93.18 23.65 1.73
0.02 93.3 25.12 1.32
5.51 93.23 26.03 2.83
239.86 93.09 22.66 2.56
29.92 93.02 21.52 1.96
0.98 93.18 22.56 2.54
0.09 93.44 24.07 1.95
22.84 93.63 22.33 1.68
12.33 93.28 21.47 1.96
0.01 93.34 22.88 1.61
0.04 93.46 23.86 3.16
0.07 93.83 22.59 2.43
0.01 93.38 24.05 2.45
0 93.38 23.37 2.42
0 93.6 24.47 1.78
1.04 93.55 23.95 1.32
0.97 93.58 23.9 2.05
1.29 93.34 23.19 1.42
1.02 93.4 24.7 2.62
0 93.8 23.81 2.02
0 93.63 24.81 1.56
0 93.3 25.92 1.8
119.86 93.11 24.88 2.33
65.38 93.56 18.43 1.63
77.71 93.57 17.9 1.35
1.81 93.58 20.6 1.68
14.66 93.7 20.19 1.12
0.01 93.96 20.26 1.42
0.02 94.07 21.57 1.12
0 94.07 23.12 1.66
0.09 93.97 22.14 2.21
4.7 94.25 20.59 2.05
0 94.18 19.54 1.39
3.17 94.13 20.29 1.4
0.44 94.36 19.85 1.59
0.07 94.42 22.02 2.82
1.54 94.2 20.52 2.87
0.96 93.9 20.2 1.66
0.11 93.79 21.94 1.14
0 93.72 23.22 1.58
2.01 93.51 21.78 3.44
0.12 94.05 17.86 0.99
0 93.86 19.73 1.96
0.41 94.41 15.87 1.32
0.03 94.32 17.81 1.32
0 94.41 16.77 0.69
0 93.85 18.95 1.21
10.78 93.53 17.84 4.06
0.3 94.2 11.74 2.25
0.01 94.7 11.6 2.7
0.33 94.87 14.42 2.88
0.67 94.34 17.16 2.18
0.04 94.05 18.39 3.6
0.01 93.57 20.98 3.01
79.27 93.84 15.26 2.01
12.97 94.16 11.53 1.68
43.29 94.48 10.72 3
0 94.84 7.8 2.13
0 95.24 8.02 2.65
0 95.04 9.09 1.66
0 94.7 10.59 1.78
0 94.3 12.26 1.41
0 94.43 12.64 1.67
0 94.22 14.09 1.45
0 93.92 16.43 3.15
0.01 94.28 14.78 1.17
0.02 94.35 17.36 2.98
0.01 94.13 20.09 3.36
2.78 94.08 13.58 2.63
0.02 94.62 6.44 2.56
0 95.08 5.11 3.12
0 95.12 6.5 3.78
0 95.56 7.57 3.28
0 95.18 8.43 0.8
0 94.47 10.85 1.67
0 93.94 12.31 5.25
0 94.57 9.12 3.95
0 94.51 9.97 1.74
0 94.16 14.43 2.9
0.01 94.78 11.82 4.48
0 95.25 7.89 1.39
0 94.92 12.27 2.49
0 94.34 14.46 1.49
109.74 93.76 10.52 1.87
0.52 93.74 7.36 2.02
0.17 93.33 7.78 2.44
3.66 93.86 7.36 5.53
0 94.84 3.33 2.54
0 94.85 8.04 1.76
0 94.57 11.5 3.07
0 94.39 15.18 4.53
0 94.41 13.87 2.43
0.06 94.42 8.99 1.33
64.17 95.02 3.1 5.27
0 95.27 1.87 4.27
0 95.21 3.86 2.25
0 94.78 5.98 2.12
0.17 94.64 6.49 1.96
0 94.94 5.88 1.68
0 94.55 6.19 1.41
0 94.28 10.42 4.94
0 94.44 10.9 4.94
0.31 94.77 10.48 2.62
0.01 95.43 2.4 1.68
0.15 95.03 6.34 2.3
8.28 94.86 8.8 4.25
0.02 95.67 0.85 2.26
0.01 95.45 -0.74 0.84
0 95.34 2.49 2.39
0 95.34 1.07 1.59
0 95.09 0.94 1.64
0 94.44 1.33 1.46
0 93.8 4.27 2.53
0 94.11 4.75 4.72
0.01 94.95 -4.13 3.14
0 95.02 -6.73 1.43
0 95.05 -6.11 1.59
0 95.36 -5.16 1.43
4.57 94.62 -2.49 1.17
0.61 94.57 -2.87 3.15
0.11 94.66 -6.82 3.49
0 95.05 -7.4 3.03
0 95.06 -5.48 1.99
22.95 94.84 -8.02 1.89
1.8 95.33 -8.43 3.7
0 95.05 -11.02 0.91
0.01 94.97 -8.78 1.31
2.71 94.32 -1.54 1.64
0 94.41 -3.09 1.04
0 95.38 -6.31 3.27
0 95.88 -11.35 1.5
0 96.11 -8.85 2.53
0.01 95.33 -9.05 1.25
0 94.68 -6.56 1.1
0 94.88 -7.49 1.75
0 95.21 -9.74 1.62
0.09 95.41 -11.57 0.45
0.1 95.41 -8.8 0.54
0.08 95.72 -9.17 4.28
0 95.97 -12.62 4.84
0 95.5 -10.77 5.04
0 94.65 -6 4.69
0 94.79 -4.95 2.54
0 95.24 -9.21 0.99
0 94.45 -3.07 4.39
0 95.24 -10.38 5.46
0 95.44 -13.9 4.72
0 95.51 -12.03 4.59
0 95.31 -10.42 3.44
0 95.36 -11.64 2.64
0 95.31 -14.04 0.48
0 94.9 -11.38 3.07
0 94.89 -11.39 2.94
0 95.08 -13.12 1.81
0 94.65 -10.71 2.93
0 94.85 -15.83 1.1
0 95.34 -15.08 0.98
0 95.55 -14.23 1.01
0 95.07 -8.51 1.46
0 95.58 -14.01 1.7
0 95.82 -16.41 1.45
0.01 95.22 -12.89 1.07
0 95.1 -9.22 3.57
0.03 95.48 -12.3 2.61
0.06 94.86 -12.36 2.84
0.03 95.07 -13.05 5.5
0 95.25 -12.18 2.78
0 95.1 -13.73 2.42
0 95.9 -16.45 1.39
0.01 95.75 -17.13 1.35
0 95.35 -13.75 1.57
0 95.32 -15.18 0.91
0.02 95.4 -15.54 3.18
0 95.34 -13.32 3.26
0 94.56 -8.38 3.53
0 94.81 -11.22 2.38
0 94.77 -10.62 2.47
0 94.46 -11.75 1.26
0.01 94.39 -11.95 0.94
0.01 94.57 -14.85 0.56
0 94.69 -13.4 1.47
0 95.19 -14.88 0.85
0 95.91 -16.25 4.44
0 95.7 -20.12 2.14
0 95.28 -18.51 3.41
0 94.76 -19.33 2.9
0 94.63 -18.72 1.91
0 94.2 -16.25 2.46
0 94.41 -15.83 2.5
0 94.94 -18.46 1.51
0 95.12 -16.77 2.15
0 95.53 -17.47 2.24
0.01 95.12 -20.24 0.95
0.03 94.69 -18.81 3.01
0 95.46 -18.59 5.35
0 95.38 -15.89 3.45
0 94.42 -14.54 2.66
0 94.48 -10.9 2.85
0.01 93.93 -8.05 1.33
0 94.66 -14.26 5.72
0 94.79 -16.79 4.8
0 94.35 -14.04 4.64
0 94.55 -11.95 3.11
0 94.91 -14.12 2.28
0 94.99 -13.67 1.61
0 94.52 -8.81 2.43
0 94.38 -5.92 2.29
0.05 95 -11.58 2.93
0 94.88 -12.29 3.07
0.01 95 -12.68 4.54
0 95.09 -13.63 5.93
0 94.98 -10.21 3.76
0 94.34 -6.17 3.06
0 94.62 -10.09 1.76
0 94.34 -12.56 0.76
21.35 94.03 -10.14 3.63
0 94.89 -7.77 2.67
11.26 94.8 -6.77 2.74
0 95.19 -9.24 3.65
0 95.11 -9.46 1.97
0 94.54 -7.62 1.33
0 94.11 -1.47 2.85
0 94.39 -1.55 1.92
5.74 95.04 -4.73 1.49
0.05 95.2 -9.46 1.27
0.05 95.08 -7.02 1.77
0.01 94.47 -3.33 1.55
31.02 93.85 -5.3 1.51
34.29 93.87 -6.15 2.68
0.01 94.45 -6.22 3.42
0 95.18 -9.38 3.08
0 94.86 -11.36 1.8
0.03 94.8 -10.59 5.37
0 95.19 -8.71 4.15
0 94.89 -7.69 2.07
0 94.25 -2.97 3.53
0 94.78 -2.34 1.92
0 94.24 3.41 3.82
0.43 93.41 6.31 4.12
14.44 94.37 -5.95 3.78
3.02 95.09 -10.49 2.74
0 94.78 -2.84 2.67
0 94.72 -1.45 1.56
0 94.04 4.74 5.28
0 94.72 1.23 1.79
2.52 93.78 0.42 4.75
0 94.24 -1.28 6.15
0 94.68 -0.93 4.11
0 94.33 5.1 3.12
0 94.61 7.85 3.57
0 94.64 9.04 4.19
0.04 93.66 9.18 10.17
0.08 94.35 -0.14 5.15
0.04 94.38 -1.85 5.48
0 94.44 -2.52 1.38
0.36 94.33 0.07 2.8
0 93.88 3.65 4.65
0 93.78 2.64 6.06
0 93.98 2.62 5.24
0.03 94.34 2.63 2.77
0 93.76 10.94 4.32
0 93.94 9.77 5.71
0 93.77 13.78 4.44
0.64 93.64 13.48 6.58
0.42 93.97 7.53 5.84
0 93.44 10.76 4.02
0 93.21 14.9 4.63
0 93.3 13.93 3.73
0.31 94.03 7.24 4.15
0 94.15 8.46 2.86
0 93.12 17.24 3.3
0 93.19 20.53 3.22
0.23 93.57 17.04 6.26
2.83 94.19 13.76 2.07
0.19 93.63 13.59 2.92
0.03 93.04 14.4 1.89
0.11 92.86 19.65 5.04
248.54 93.57 11.87 2.8
15.95 93.5 8.77 4.75
0 92.77 10.82 5.61
0.02 92.48 9.71 9.69
0 93.75 8.44 4.81
0 93.72 11.9 3.14
1.81 93.41 18.23 4.31
0.06 94.16 14.72 2.5
23.49 93.62 14.98 1.84
0 93.64 20.61 3.26
0.08 93.92 18.22 2.33
0 93.93 16.83 4.63
0 93.56 15.9 3.19
0.26 93.51 16.79 3.14
0 93.74 18.92 2.98
0.01 93.89 21.59 3.03
25.29 94.32 17.49 2.79
88.3 94.26 13.17 1.53
18.42 93.62 14.05 2.36
26.1 93.4 10.59 2.63
0.41 93.37 10.59 4.55
0 93.13 11.32 3.3
1.62 92.94 11.17 5.88
0.01 93.37 15.38 1.42
0 93.13 23.8 3.97
0.86 93.88 19.1 3.36
0.61 94.2 18.6 2.71
0.02 93.92 21.3 5.49
6.55 93.72 19.43 3.56
0.4 93.87 17.03 4.61
0 93.94 15.75 3.45
0 93.65 17.49 2.41
0 93.38 18.48 2.42
0 93.82 19.88 2.21
0 93.85 23.7 1.7
4.83 93.96 17.72 2.35
24.82 94.36 14.01 4.3
0.03 94.43 16.37 1.52
6.33 93.89 18.31 4.6
4.06 93.7 15.78 2.65
9.02 93.49 15.79 2.2
2.7 93.19 17.19 2.88
0.17 93.44 19.91 2.81
0.59 92.91 21.27 3.21
33.13 92.85 21.4 3.17
58.77 92.81 20.96 2.12
5.43 92.67 20.93 3.03
1.45 92.86 16.61 3.1
0.42 92.51 15.61 4.26
4.82 92.68 14.73 1.61
109.76 93.37 12.14 1.2
416.04 93.57 13.51 3.07
356.56 93.56 14.54 3.59
7 93.37 18.94 1.51
2.24 93.29 21.02 1.17
0.87 93.52 20.9 1.71
2.53 93.25 21.79 1.24
1.81 93.25 22.8 2.58
0.33 93.4 22.64 1.04
133.79 93.39 19.7 1.08
0.97 93.05 22.31 1.48
27.27 93.07 22.2 3.83
22.99 93.46 20.74 3.46
2.84 93.84 22.69 2.46
0.24 94.02 23 1.53
5.62 93.69 21.43 3.34
7.17 93.31 22.44 2.73
0 93.2 23.71 2.37
0.32 92.81 23.95 4.34
5.74 92.86 21.37 4.4
1.02 92.89 21.17 3.85
0.01 93.24 22.24 1.43
0.17 93.36 21.61 2.22
0.1 93.24 23.54 1.77
5.15 93.19 23.86 2.78
148.94 93.15 25.02 2.72
2.74 93.22 25.45 2.53
202.98 92.86 20.86 1.54
67.56 92.71 17.63 3.39
196.49 93.11 17.59 3.88
44.66 93.63 20.03 3.22
0 93.6 20.34 1.25
0 93.6 21.91 1.41
0 93.81 23.99 1.3
0 93.85 25.35 2
0.02 93.68 25.15 1.77
0.35 93.61 24.03 1.67
4.87 93.54 23.59 2.31
23.08 93.43 22.54 0.71
411.37 93.1 20.75 3.75
0 93.51 22.33 1.84
0 93.69 23.39 2.5
0.83 93.56 25.18 3.6
80.29 93.17 25.94 3.6
0.23 93.67 22.77 1.6
16.28 93.09 23.06 3.36
2.18 92.87 23.07 4.68
0.04 93.56 21.75 1.85
6.92 93.88 20.09 1.68
88.93 94.06 18.75 1.44
45.99 93.99 19.38 1.49
2.02 93.98 21.28 2.04
12.69 94.05 21.65 1.78
0 94.21 23.22 1.37
0 94.03 23.5 1.65
0 93.55 25.53 2
2.19 93.51 25.32 2.16
0.58 93.84 23.42 1.74
0 93.66 23.13 1.78
6.52 93.82 18.44 2.73
31.74 93.85 16.25 1.92
0.13 93.9 19.03 1.77
0.43 93.51 19.1 2.34
0.71 93.65 21.29 2.23
0 93.94 21.84 2.59
0.02 93.4 23.82 3.7
10 93.62 22.03 2.66
0.32 93.7 19.68 1.06
1.34 93.72 19.04 2.58
2.51 94.25 14.92 1.45
0.01 94.37 16.06 2.17
0 93.99 21.65 3.2
0 93.96 23.24 2.63
0.06 93.83 23.82 2.31
0.3 93.97 21.1 0.95
1.34 93.81 21.06 1.87
0.16 93.5 21.91 2.16
0.12 93.62 22.1 3.49
0 93.74 25.41 2.97
0 93.85 26.43 2.83
0.1 93.93 24.79 2.08
196.78 93.99 14.29 3.54
3.54 94.31 12.99 4.1
0.06 94.3 11.41 1.64
0.35 94.32 15.22 2.33
0 94.23 19.94 2.26
2.55 94.38 19.52 1.86
0.14 94.35 17.31 1.28
0 94.27 18.01 1.28
0 94.15 20.87 2.29
11.45 93.83 19.4 1.95
40.48 93.93 11.71 3.96
0.06 94.01 10.32 2.43
0 94.39 14.09 1.76
0.01 94.9 13.07 1.54
0 95.02 12.32 1.47
0 94.41 12.94 2.12
0 93.9 13.98 2.25
0.02 93.84 14.5 0.98
0 94 16.28 1.52
0.4 93.89 19.37 2.55
0.22 93.98 17.5 1.48
0.34 94.38 15.03 1.66
0.05 94.63 15.36 1.93
17.5 94.41 14.62 2.6
0.22 94.75 12.94 0.7
52.19 94.37 9.83 1.16
120.08 94.38 9.29 7.56
0.17 94.58 10.44 4.54
0 94.55 9.74 1.6
0 94.33 12.26 1.41
0.11 94.15 12.87 2.46
0.16 94 11.96 3.8
0 94.14 12.06 1.85
0 94.74 8.8 1.98
0 95.06 11.1 1.63
0 94.9 12.99 1.22
0 94.33 17.49 2.41
2.6 94 12.27 3.65
0 94.5 6.41 2.03
0 94.07 9.15 1.85
0 93.94 11.72 1.58
0.02 94.34 7.27 4.43
0 94.75 5.84 2.75
0 94.81 6.23 2.44
42.25 94.16 8.46 3.34
0 94.18 3.7 4.85
0 94.36 4.18 2.42
0 94.07 8.85 2.72
0 94.66 4.48 1.5
82.28 94.92 0.13 0.66
109.86 94.35 1.34 0.91
0 93.96 4.53 1.63
0 93.72 8.58 3.46
0 94.34 7.63 2.6
0 94.29 11.78 3.52
0.63 94.31 9.71 4.34
0 95.23 1.88 1.24
2 95.13 -1.04 1.76
0.01 94.63 -0.55 4.38
0.01 94.5 -1.19 2.46
0 94.47 1.65 1.76
0 94.75 -2.66 2.08
1.17 94.84 -2.84 1.33
228.15 94.63 -2.24 11.32
87.9 94.73 -0.95 3.54
0 94.64 -6.75 1.44
0 94.27 -2.95 2.06
0 94.53 -3.25 1.48
0 94.98 -6.81 1.27
55.62 94.69 -5.28 1.25
73.6 93.41 -3.37 7.14
0.04 93.82 -5 3.42
0 93.89 -6.71 5.3
0 94.69 -5.42 4.21
0 94.93 -7.81 1.63
24.57 94.45 -4.05 2.28
0 94.36 -7.95 9.18
0 93.97 -7.77 2.38
0 94.6 -5.06 3.01
0 94.67 -8.29 1.67
0 94.34 -3.16 3.68
5.96 94.89 -7.53 2.56
0 94.67 -5.91 3.29
0 94.12 -5.34 2.81
0 94.12 -5.08 4.12
0 94.2 -10.17 2.45
0 93.14 -3.54 6.06
0 94.04 -8.91 3.69
0 94.61 -11.62 1.59
0 95.3 -14.53 1.68
0.02 94.81 -16.5 1.42
0.04 93.73 -4.61 3.26
0.2 94.06 -9.42 3.74
0 94.33 -13.05 1.9
0 94.35 -14.43 3.47
0 94.26 -16.94 3.69
0 94.46 -18.77 2.25
0 94.41 -18.08 5.61
0 94.58 -12.32 6.45
0.01 95.25 -16.18 1.84
0 95.38 -15.99 1.44
0.01 94.7 -14.28 0.64
0 94.83 -12.11 1.31
10.72 94.99 -14.24 0.93
0.19 94.72 -11 1.64
0.07 95.11 -15.2 0.94
0 95.42 -13.79 4.33
0 95.5 -15.89 3.17
0 94.94 -16.95 1.44
0.02 95.04 -14.01 13.34
8.54 95.13 -13.17 4.46
0 95.56 -18.39 3.43
0 95.26 -21.3 1.46
0 94.37 -20.34 4.03
0 95.58 -20.39 2.58
0 95.27 -20.84 1.46
0 94.76 -15.32 1.64
8.66 94.8 -17.8 1.08
12.43 94.75 -13.69 5.32
0 94.38 -16.19 3.51
0 93.84 -16.47 1.39
0 94.34 -19.43 5.32
0 95.38 -18.86 7.83
0 95.98 -16.89 2.05
0 95.02 -17.14 1.57
0 94.92 -16.27 1.08
0 94.79 -18.68 1.84
0 94.73 -18.67 1.86
0 95.11 -18.52 2.34
0 94.87 -15.95 1.48
0 94.78 -18.06 1.47
2.72 94.46 -17.58 0.9
0 94.53 -15.88 1.26
0 94.49 -15.39 1.18
0 95.04 -11.35 2.18
3.85 94.76 -16.7 1.86
0 95.44 -15.5 3.99
0 95.63 -12.56 1.73
0 94.66 -7.62 3.52
0 95.21 -11.63 1.55
15.59 95.26 -12.75 1.09
0.1 95.34 -10.69 2.23
0 95 -14.95 1.37
0 93.89 -9.2 2.79
0.01 94.53 -16.76 4.74
0 94.55 -17.65 1.78
0.02 94.87 -17.56 1.56
0 94.7 -13.67 2.85
0 94.37 -8.51 1.74
0 94.59 -8.13 1.38
0 94.49 -8.37 1.14
0.25 94.45 -9.5 1.44
0.1 95.15 -10.9 5.59
0 95.14 -13.13 2.23
0.18 94.17 -11.74 2.27
0 94.95 -11.49 2.81
0 94.49 -9.73 2.35
6.33 94.86 -18.58 4.98
0 95.59 -19.44 7.18
0 95.44 -17.95 1.32
1.81 94.64 -14.8 1.94
0 95.26 -15.86 2.03
0.01 95.24 -14.84 1.62
0 94.5 -8.34 23.95
0 94.34 -8.24 3.06
0 95 -12.88 2.42
0 94.91 -11.75 1.5
0 94.09 -7.45 1.95
0 94.2 -6.79 4.71
0 94.9 -14.07 3.89
0 95.05 -15.12 2.13
0 95.01 -13.79 2.25
0 94.85 -10.37 2.85
0 95.07 -9.37 2.29
0 95.02 -5.89 1.62
0 95.26 -9.14 1.62
8.78 94.96 -9.72 2.42
0.06 94.11 -4.01 2.46
0 94.04 -0.51 3.23
0.02 93.45 -4.76 7.67
0 95.37 -10.16 7.09
0 95.27 -5.83 1.71
0 94.26 -1.79 3.11
0 94.58 1.39 4.26
0 93.94 4.84 3.45
0 93.97 3.49 2.15
0 93.36 2.19 2.2
0 93.35 -2.42 2.31
0 93.45 -5.49 5.16
0 94.78 -2.93 2.18
0 93.89 5.53 4.4
2.07 94.1 -0.84 4.52
0 95.23 -7.62 4.63
0 94.53 1.8 3.71
0 94.22 5.54 2.89
0 94.57 5.01 4.14
0 93.21 7.12 4.14
1.88 93.41 -4.75 3.54
43.37 94.17 -9.38 3.41
0.03 94.46 -9.24 3.06
0 93.15 0.27 7.21
0 94.25 -4.44 3.5
38.64 94.01 -7.62 4.13
0 94.65 -6.26 3.97
0 94.46 -2.65 2.05
0 93.36 3.74 4.8
3.77 93.79 -1.2 4.11
0 94.54 -2.09 3.44
0 94.8 -2.99 2.85
0.06 94.6 -0.84 1.88
11.19 94.38 -0.41 1.93
164.42 94.59 -0.13 2.87
0 93.84 2.86 4.14
0 94.14 3.52 3.35
19.13 94.31 -2.46 2.22
58.57 94.52 -2.16 3.73
0 94.26 -1.03 2.86
0.06 93.36 1.15 4.12
4.24 93.4 -0.4 2.88
1.27 94.35 -0.33 4.97
1 94.16 0.5 4.25
0 94.21 1.77 4.49
0 93.68 7.55 3
0.04 93.39 4.09 5.06
0 93.53 0.92 7.77
0 93.37 2.61 1.86
15.22 93.67 1.67 3.29
106.32 93.93 -0.23 145.66
11.88 94.89 -0.7 5.69
0 94.91 0.54 2.03
0 94.57 3.69 3.25
0 94.19 7.51 2.36
0.03 93.45 13.79 5.84
100.31 93.69 7.19 2.03
0.09 93.63 7.79 2.96
0.01 93.76 7.99 5.1
0 93.8 8.96 1.97
0 93.69 13.53 1.94
0.48 93.38 13.01 5.92
0.02 93.72 11 7.98
0.07 94.28 9.5 6.32
0.06 94.32 9.91 1.84
0.28 94.22 11.95 2.66
0.38 94.37 11.84 2.26
0 94.01 18.18 3.14
0 94.29 19.88 1.96
0 94.27 21.09 2.67
0 94.16 22.62 3.88
0.03 93.81 23.36 6.09
17.69 93.61 14.41 1.77
86.67 92.74 13.46 3.55
0 92.41 16.86 5.96
0 93.02 15.44 3.52
0 92.95 19.5 1.9
0.1 93.68 14.7 6.22
0 94.6 14.88 2.59
0 94.41 17.26 2.74
3.64 93.68 19.18 3.18
0 93.1 21.75 4.1
1.91 92.54 16.77 5.14
0 92.54 17.44 3.86
0 93.02 17.77 3.77
0 93.85 19.82 3.36
39.65 93.51 25.7 6.93
0.16 94.27 17.78 2.3
0 93.76 21.72 2.21
0.17 93.42 23.16 5.11
0.2 93.18 21.87 5.24
0.28 93.12 20.57 4.34
0 93.42 18.32 5.12
0 93.22 23.62 2.23
0 92.74 27.38 6.71
0 93.66 19.19 3.04
0.95 93.24 18.32 4.8
0.01 93.63 15.8 2.52
1.27 94.13 17.46 3.47
2.98 93.96 19.37 2.66
3.56 93.63 20.91 4.61
0.42 93.48 24.06 3.61
0.12 93.32 23.84 6.09
40.11 93.86 15.45 3.72
0.22 94.07 18.23 1.88
1.19 93.83 16.37 1.75
0.43 93.54 17.71 1.8
0.01 93.48 24.29 5.54
0.04 93.45 25.91 4.97
0.81 93.4 26.02 3.06
148.58 93.52 19.01 2.15
4 93.24 20.85 1.25
12.74 92.96 20.34 1.63
0.08 93.28 23.31 2.61
0 93.82 23.33 2.48
0.01 93.99 23.31 1.81
0.19 93.66 23.68 1.49
17.93 93.32 22.55 1.8
8.12 93.16 22.02 3.45
86.88 92.89 21.01 2.49
81.94 92.64 19.2 1.27
7 92.78 22.53 1.98
61.13 93.24 20.82 2.18
33.41 93.14 23.63 3.5
25.99 93.06 24.51 4.02
8.32 92.92 23.98 2.65
74.97 92.6 21.71 2.97
0.01 92.52 24.58 4.31
0.26 92.56 24.67 3.31
0.13 92.93 23.98 2.38
0.19 93.01 26.39 3.63
9.1 92.78 26.41 4.32
28.36 93.21 23.73 2.96
23.98 93.45 21.66 1.51
0.14 93.68 23.07 1.31
0.09 93.65 22.36 1.3
4.7 93.62 22.2 2.45
84.33 93.8 21.18 2.08
0.02 93.74 24.13 1.61
203.8 92.99 21.55 3.23
12.64 92.87 22.27 4.43
0 93.37 24.85 3.72
0.03 93.21 23.96 4.08
82.75 93.31 19.67 2.66
0.89 93.5 21.27 1.96
0.04 93.45 23.98 1.96
3.32 93.28 23.87 2.2
30.83 92.9 24.05 1.29
0.18 93.03 23.1 4.6
0 93.34 24.39 2.43
0 93.3 25.27 2.04
46.66 93.07 22.98 2.38
0.98 93.07 24.75 2.73
0.94 92.95 25.2 1.94
0.2 92.75 27.08 1.34
18.81 92.87 25.02 1.99
1.64 93.1 26.39 3.41
0.05 93.32 26.86 3.13
0.22 93.16 25.78 2.78
2.29 92.79 26.82 2.61
2.07 92.69 25.48 1.37
83.06 92.8 25.55 2.05
2.66 93.1 26.03 1.78
1.05 92.89 27.02 1.85
23.34 93.14 22.88 1.36
0.18 93.52 24.28 1.4
0.69 93.53 26.91 2.87
10.68 93.19 25.81 2.98
0.63 93.25 24.99 3.07
167.82 93.16 25.42 2.46
15.46 93.35 23.31 0.93
244 92.79 22.43 0.8
0.01 93.72 23.88 2.35
0 93.86 21.49 3.06
0 94.11 20.1 2.16
0.36 94.05 20.1 1.81
3.73 93.55 23.61 1.95
0.05 93.76 21.65 2.45
0 94.01 21.08 1.44
0 94 21.29 2.03
6.52 93.68 20.92 1.61
1.05 93.84 18.33 2.09
37.35 93.7 18.4 1.07
225.68 93.09 17.68 0.78
83.71 93.46 13.14 3.02
0.02 94.02 15.19 2.59
4.7 94.07 16.67 2.54
0.17 94.34 14.25 1.36
0.63 94.5 14.3 1.24
0 94.58 14.59 1.57
0.56 94.44 16.45 2.39
163.75 94.44 13.95 1.69
19.96 94.47 13.33 0.75
0.52 94.5 15.22 1.47
0.25 94.42 17.28 1.85
1.44 93.91 18.94 3.13
0.01 94.08 16.51 1.86
0 94.02 18.45 3.65
0.24 93.76 21.9 4.93
2.7 93.06 21.06 3.92
0.03 93.6 19.18 4.29
0 94.21 12.04 2.25
0.13 93.85 15.59 2.22
0.59 94.55 14.95 0.97
14.72 94.93 13.93 0.46
9.83 93.84 20.29 4.09
0 94.37 17.74 1.95
0 94.31 18.59 0.6
0.21 94.12 19.64 3.67
5.99 94.63 12.01 3.38
0 94.85 8.03 1.95
0 94.67 10.62 3.35
0 94.22 12.37 3.07
0 93.47 19.92 4.55
0 93.71 15.5 2.97
0 94.73 10.78 0.78
0.23 94.49 13 1.89
44.97 94.62 10.05 2.91
0 94.69 10.6 3.43
0 94.4 8.76 2.06
0 93.61 19.57 3.96
0 94.91 11.27 1.12
0 94.69 14.84 3.64
0 95.15 10.16 2.59
0.03 94.52 10.92 2.59
0 93.43 17.64 2.91
4.95 93.67 13.32 5.52
0 94.1 9.27 3.31
0 94.6 10.52 1.43
2.67 94.55 12.35 4.99
0.36 95.56 2.05 4.96
0 95.46 2.2 1.39
0 95.07 7.6 1.85
0 95.03 6.55 1.31
0 94.71 13.46 4.39
52.34 95.06 9.55 1.33
0.22 95.12 6.67 1.99
0 94.95 6.01 1.82
66.27 94.83 4.51 2.64
18.78 94.72 0.46 2.11
0 94.9 3.83 5.76
0 95.24 5.81 4.13
0 94.73 4.37 1.22
0 94.11 6.93 2.09
0.55 94.8 5.64 2.61
0.18 95.31 3.23 2.77
0 95.18 3.26 1.51
0 95.34 3.18 1.17
0 95.05 4.34 2.37
0.06 94.47 9.02 2.82
0.31 94.86 7.41 3.65
0 95.13 5.7 1.8
0 94.31 7.1 3.56
0.03 94 5.57 4.61
0 94.36 2.66 3.33
0 94.45 -1.19 1.14
0.01 95.14 -0.68 3.87
0 94.95 -2.03 4.9
0 95.03 1.36 2.58
0 94.96 1.87 2.5
0 94.24 3.42 3.29
0 94.05 1.76 3.11
0 94.03 3.34 2.28
0.04 94.27 1.62 3.84
0 94.63 -4.42 5.09
0.01 94.83 -4.48 8.82
0 94.73 -4.14 4.07
0 94.78 -1.76 4.37
0 94.93 -3.6 1.9
0 94.64 1.28 2.16
0 94.4 -0.4 1.81
0 94.13 -0.77 3.19
0 93.93 -4.97 4.76
0 94.05 -7.53 4.76
0 94.19 -10.62 7.04
0 94.44 -5.59 5.66
0 94.01 2.09 4.17
0 94.76 -2.68 4.17
208.21 94.42 0.08 3.42
208.21 94.23 0.36 1.75
208.21 94.5 2.61 2.11
208.21 94.58 1.75 3.75
208.21 94.73 -0.86 4.31
208.21 94.33 -2.46 1.01
208.21 94.42 -6.21 1.84
208.21 94.41 -5.6 3.18
208.21 94.62 -6.76 3.18
208.24 94.06 -9.03 4.52
208.25 94.05 -10.02 1.41
208.21 94.19 -12.57 4.74
208.21 94.46 -11.86 4.7
208.21 94.85 -9.16 3.37
208.21 95.46 -9.74 1.15
208.21 95.49 -12.23 1.14
208.27 95.76 -13.78 3.01
208.24 95.34 -13.1 5.01
208.24 95.24 -12.17 4.68
208.21 95.64 -11.1 3.63
208.21 95.64 -10.67 1.74
208.21 95.34 -11.1 1.71
208.21 95.55 -10.01 1.48
208.21 95.38 -9.52 1.44
208.21 94.88 -7.09 3.15
208.22 95.35 -10.56 6.67
208.21 95.05 -11.01 2.77
208.21 94.52 -11.07 3.32
208.21 93.75 -5.29 4.49
208.21 93.59 -4.92 4.01
208.21 93.19 -4.35 4.04
208.21 93.68 -5.5 2.73
208.21 93.9 -3.06 4.26
208.21 94.62 -7.34 2.23
214.6 94.5 -9.52 1.7
213.12 94.78 -11.04 1.26
208.21 94.26 -4.56 4.29
208.21 95.06 -8.7 2.77
208.21 95.46 -15.62 3.88
208.21 94.96 -15.45 2.49
208.21 95 -13.33 2.82
208.21 95.12 -11.81 2.91
208.21 95.66 -14.47 2.44
208.21 95.35 -15.88 2.48
208.21 95.33 -12.31 1.89
208.21 95.15 -8.72 1.98
225.97 95.36 -13.77 1.43
208.21 95.16 -12.56 1.34
208.21 95.42 -9.12 2.18
208.26 94.37 -10.13 3.8
208.21 94.96 -11.19 5.17
208.21 95.07 -10.96 1.96
208.21 94.39 -7.49 1.98
208.21 93.47 -2.26 2.57
208.21 94.27 -5.18 1.75
208.21 95.19 -11.02 4.16
208.21 94.49 -6.09 4.49
208.21 94.07 -4.03 4.91
208.21 94.58 -9.19 4.3
208.21 93.16 1.56 7.59
208.21 94.14 -9.51 3.11
208.21 94.25 -9.16 1.71
0.03 93.78 -5.91 2.53
0.01 93.89 -6.24 5.29
0 94.66 -14.2 5.07
0 94.85 -12.39 2.38
0 95.08 -14.67 1.41
0 95.35 -12.34 1.34
7.35 95.03 -12.21 1.24
20.65 95.11 -13.02 3.53
0 95.66 -14.94 3.82
0 95.42 -16.16 2.3
0 94.89 -14.41 1.94
0 95.59 -16.19 1.5
0 95.4 -14.46 1.73
0.01 94.59 -6.63 2.89
0 94.75 -9.16 2.44
0.01 95.36 -9.85 2.72
0 95.9 -12.41 1.63
1 95.42 -11.36 1.59
8.15 95.17 -12.4 1.53
0 95.02 -8.24 2.3
0 95.04 -5.89 2.72
0.06 95.64 -9.11 1.15
0.01 95.37 -5.35 0.76
0 94.85 -2.15 1.6
0 94.67 2.71 2.69
0.06 94.37 5.48 4.85
0.28 95.22 -5.36 4.89
0.01 94.86 -7.67 1.71
0 94.78 -7.35 2.4
0.07 94.71 -7.35 2.29
0.11 94.71 -7.67 2.51
2.01 95.01 -6.1 2.88
0 95.04 -8.58 2.63
0 95.19 -10.35 2.36
0 95.2 -8.94 2.13
0 94.75 -7.34 1.92
0 95.05 -6.71 3.63
0 94.41 -4.2 1.4
0 94.3 -1.37 5.74
0 94.99 -2.55 4.98
0 94.54 -3.94 2.43
0 93.98 1.2 3.11
0 93.8 6.45 3.05
0 94.12 3.71 2.92
0 93.66 7.41 4.71
0 94.83 2.58 1.93
0.01 94.78 2.61 4.15
0 95.05 3.18 4.86
0 94.37 5.45 2.64
0 94.57 7.07 2.83
0 94.66 8.33 3.31
0 93.6 14.29 6.36
0 93.77 10.38 2.48
0 93.79 10.38 3.5
0 93.73 10.07 3.9
23.23 93.59 12.19 3.89
14.41 94.1 9.17 2.3
0 94.28 10.37 2.48
0.07 94.4 6.08 1.82
0 93.76 11.54 2.61
0 94.66 6.28 3.98
0 94.94 0.12 4.76
0 94.12 6.14 4.96
0 94.7 4.51 4.7
0 94 13.92 4.33
0 94.09 12.95 1.78
0 93.84 13.97 2.06
0 94.21 10.35 4.11
0 94.86 8.34 1.74
0.12 94.43 10.8 2.62
0.05 94.16 12.25 2.53
0 94.29 13.08 1.52
0 94.19 18.21 3.57
0 94.84 11.57 3.18
0 94.13 12.24 3.2
21.03 94.23 4.05 2.63
0.01 94.86 6.04 2.25
36.86 94.55 6.94 2.94
0.01 94.14 7.53 25.17
0 94.25 10.01 4.31
0 93.89 13.39 3.5
0.09 93.51 16.41 3.34
0.43 93.68 19.42 3.82
0.04 94.3 15.88 5.49
17.6 94.52 10.99 4.55
0 94.94 10.65 1.79
0 94.79 12.63 2.44
0 94.11 14.85 1.33
0 93.5 19.63 2.35
0.47 93.53 16.64 4.6
183.79 94.21 5.06 4.53
1.13 93.67 7.11 4.54
23.8 93.93 3.95 5.48
0.01 94.16 7.09 4.83
0.02 93.56 11.7 3.02
174.44 93.72 5.7 4.43
0.1 94.21 10.28 1.55
122.8 94.49 8.26 3.02
0.84 94.3 11.39 3.51
144.01 93.56 8.74 2.32
109.94 92.59 13.03 3.27
0 92.82 15.5 4.09
0.01 93.17 12.85 3.52
0 92.93 12.39 3.39
0 93.77 15.7 3.79
3.8 94.07 15.33 2.45
0.52 93.71 16.81 2.36
66.44 93.34 14.43 1.44
0.66 93.41 16.06 2.99
0 93.55 17.58 3.46
0 93.49 21.06 2.74
0.09 93.76 24.89 4.48
30.12 93.62 17.31 3.67
0.08 93.11 16.37 6.82
0 92.69 19.5 4.03
2.27 92.51 17.89 3.06
0.09 92.92 21.38 2.48
0 93.09 22.57 8.83
0.03 93.55 25.09 3.39
0 93.41 29.97 5.49
3.1 93.74 24.51 4.13
0.04 93.86 22.63 3.22
0 93.83 22.52 2.91
0.08 93.63 22.07 2.18
1.57 93.46 23.58 2.85
388.41 93.67 14.51 2.13
173.18 93.51 12.07 3.65
47.11 93.11 13.95 3.96
56.36 93.41 15.79 2.28
58.64 93.88 14.62 1.62
8.26 93.96 17.77 2.01
1.63 93.79 19.4 2.42
30.43 93.8 20.99 1.77
0.01 93.64 21.55 2.55
0.5 93.47 22.32 1.69
58.83 93.26 19.88 2.97
47.64 93.13 19.08 1.83
111.63 93.33 16.58 2.4
0.42 93.58 18.6 1.54
3.07 93.69 19.95 2.7
0.88 93.8 19.85 1.77
23.1 93.9 19.94 3.2
0.14 93.74 21.7 1.63
0.03 93.3 23.69 2.21
49.51 93.02 23.24 3.36
2.95 93.22 21.09 3.87
0.07 93.68 21.47 4.15
0.12 93.61 22.47 2.91
0 93.67 24.31 1.36
0 93.59 25.17 1.79
7.96 93.5 24.55 3.39
9.11 93.19 21.05 3.29
3.42 92.93 24.08 2.38
0.01 93.44 25.53 2.29
0.07 93.39 27.39 4.42
0.31 93.36 26.35 1.5
0.6 93.09 25.7 3.87
5.39 93.05 23.3 4.59
0 93.29 23 3.44
0 93.09 23.01 3.79
17.49 93.16 21.43 4.15
0.7 93.35 20.99 3.41
0.08 93.26 21.92 2.76
0.64 93.31 23.52 2.16
23.75 93.21 22.68 1.97
39.69 93.35 19.74 7.61
0.8 93.59 21.34 7.54
0.03 93.63 25.66 1.44
2.87 93.66 29.2 3.62
0.51 93.23 29.54 4.11
15.67 93.22 24.03 3.21
0.03 93.53 22.41 1.96
0 93.26 24.46 2.8
0.01 93.67 22.38 1.9
0 93.72 22.93 1.7
0 93.9 22.69 1.98
0.47 93.69 25.14 1.78
30.73 93.15 27.56 3.38
1.85 93.24 25.33 3.93
1.69 93.38 24.5 1.55
0 93.46 27.72 3.47
0 93.46 27.65 2.43
0.63 93.41 25.04 2.67
1.77 93.43 24.6 2.26
66.67 93.67 19.5 2.14
10.83 93.58 20.67 2.35
0 93.89 19.63 2.77
0 93.97 20.45 1.94
0 93.76 21.98 2.53
93.14 93.54 20.51 3.19
13.79 93.29 21.37 2.59
0.17 93.52 22.2 3.4
0.04 93.72 19.5 2.11
1.69 93.67 18.84 2.88
14.67 93.57 18.36 1.97
1.21 93.7 19.37 2.2
0.63 93.77 18.79 1.43
0.21 93.9 21.05 2
0.88 94.11 21.57 1.25
0.09 94.04 21.71 1.52
0.07 93.65 25.34 2.75
0.43 93.76 23.68 1.45
6.96 93.62 22.91 1.76
25.51 93.49 21.77 1.09
56.13 93.8 19.25 2.47
0.27 94.08 20.16 2.94
0 94.1 20.19 2.25
0 94.26 20.82 2.05
0.67 94.36 20.63 1.98
0.4 94.38 20.56 1.96
0.08 94.33 20.81 2.98
17.96 94.15 20.27 2.16
2.78 94.18 18.44 2.51
357.93 94.19 15.11 2.66
0.12 93.7 17.14 1.34
0 93.45 18.57 2.41
0 93.98 17.18 1.58
0 93.94 19.6 1.69
0.58 93.49 21.66 3.53
0 93.86 15.38 1.93
0 94.08 12.77 1.49
0 94.31 15.94 2.04
0.01 94.31 16.44 1.54
21.45 94.36 16 1.22
0.05 94.04 18.78 3.38
0.01 94.44 14.42 3.54
0 94.55 11.45 3.11
0 94.56 12.68 1.58
0 94.67 13.87 1.39
0 94.61 16.54 2.78
2.03 93.91 17.93 3.02
14.53 93.91 13.5 3.41
0 94.56 12.4 1.94
0.05 94.53 15.2 2.27
19.23 94.81 11.15 1.54
6.68 94.54 11.21 1.69
0 94.39 12.7 1.69
41.37 93.66 13.56 3.03
0.01 94.29 12.89 2.65
7.21 94.15 15.24 4.39
76.22 95.17 3.24 3.72
0.9 95.08 3.72 1.88
52.84 94.26 3.93 1.35
2.59 94.15 6.64 2.11
0 94.43 7.19 1.68
84.71 94.71 5.16 1.5
17.97 95.21 5.96 2.04
0 94.88 8.72 2.62
0 94.46 13.27 1.88
0 94.27 16.13 2.21
0 94.57 15 2.28
0 94.8 12.75 2.58
0.14 94.68 13.63 4.39
0.07 95.78 6.52 3.77
0 95.28 1.99 1.43
0 94.24 8.56 2.12
0 93.81 9.68 5.82
0 94.29 8.43 2.63
0 94.11 11.88 2.31
0 94.18 14.44 2.82
0 93.81 17.46 4.55
0 94.95 4.72 2.36
0 95.2 0.62 1.72
0 94.52 5.33 2.42
0 93.69 10.63 2.44
0 93.46 12.26 1.93
0 93.81 10.12 2
0 95.36 1.24 6.68
0 95.6 1.29 1.69
0 95.02 1.36 1.42
0.01 94.73 6.46 1.44
13.4 95.06 5.06 5.39
6.62 94.74 3.16 1.6
267.25 94.33 5.25 3.65
267.26 94.49 2.53 3.98
267.25 94.21 5.52 3.04
267.25 93.81 7.81 3.58
267.25 94.3 3.61 3.04
267.25 95.59 -2.76 3.53
267.25 95.48 -4.03 2.04
267.25 95.04 -0.05 2.42
267.25 94.84 5.42 2.86
267.25 94.54 2.29 2.12
267.25 94.24 0.71 4.55
267.26 94.66 -7.28 7.49
267.25 94.61 -3.8 3.08
267.25 95 -3.29 2.22
267.25 95.12 -3.58 1.94
267.27 95 -3.61 1.54
267.25 95.29 -4.55 1.41
267.25 95.19 -2.05 1.59
267.25 94.41 2.29 4.4
267.25 93.85 2.84 5.24
267.25 94.48 -0.74 2.33
267.25 94.97 -4.16 2.36
267.25 94.68 1.27 2.72
267.25 95.19 -4.52 1.81
267.25 94.11 -2.7 2.73
267.25 93.65 24.22 6.48
267.25 94.92 -6.05 1.74
267.25 94.37 -4.51 1.76
267.25 94.15 0.01 2.19
267.3 94.35 -3.02 5.57
0 94.93 -13.04 6.95
0 94.66 -11.81 3.98
0 94.36 -11.93 6.86
0 94.52 -11.8 6.36
0 94.66 -10.86 4.83
0 94.89 -10.82 1.9
0.19 94.94 -10.78 2.05
0 95.38 -13.26 2.4
0.01 95.17 -9.68 1.54
0.22 94.6 -5.19 4.86
0.01 95.04 -9.67 3.26
0 94.62 -11.36 4.08
0 94.79 -13.84 2.23
0 94.85 -10.82 2.33
0.04 94.83 -11.79 3.33
0 94.84 -14.11 3.86
0 94.89 -11.98 2.29
0 94.71 -7.25 2.78
0.02 94.6 -7.04 4.56
0 94.87 -11.21 3.61
0 94.48 -10.8 3.93
0 94.28 -3.08 2.48
0 94.41 -4.66 2.73
0 95.22 -5.32 4.23
0 95.46 -5.37 4.11
0 95.19 -8.83 1.56
0 94.77 -4.8 2.48
0 94.2 -6.28 2.18
0 93.53 -4.75 2.77
0.01 94.3 -7.16 24.56
0 94.97 -12.35 6.45
0.02 94.95 -11.22 2.89
0 94.85 -7.4 3
0 93.55 -0.48 4.04
0 93.89 -2.58 2.51
0.07 94.33 -4.82 4.47
0 94.8 -7.88 3.65
0 95.2 -10.11 1.16
0 95.05 -9.19 2.88
0 94.91 -5.26 2.66
0.01 94.52 -6.14 3.79
0 95.58 -8.78 2.39
0 95.6 -10.62 1.97
0 95.18 -8.31 1.8
0 95.49 -11.6 1.34
0.05 95.08 -12.03 2.33
7.56 95.07 -11.81 4.39
0 95.07 -10.79 1.65
0.27 93.99 -5.92 3.48
0 94.63 -10.21 1.46
0.01 94.6 -11.44 1.93
0.11 95.16 -10.49 2.09
0 94.48 -7.95 2.25
0 94.02 -4.74 3.91
0 94.94 -6.82 2.88
0.13 94.52 -7.57 1.22
7.56 95.25 -10.14 3.56
0 95.68 -13.36 3.33
0 95.49 -13.08 1.64
0.01 94.89 -9.68 3.87
0 95.53 -11.4 4.21
0 95.78 -10.19 2.5
0 95.61 -9.36 1.95
0 95.46 -9.05 2.22
0.01 95.38 -6.8 2.49
0.01 95.28 -7.59 3.83
0 95.08 -3.49 4.05
0 94.55 -0.9 3.71
0 95.42 -12.78 7.26
0 95.39 -11.88 5.72
0 94.65 -7.18 3.05
0 94.14 -4.74 2.39
0 94.18 -6.03 4.12
0 94.34 -6.23 2.3
0 93.89 -6.51 1.89
0 93.81 -3.61 2.3
0 94.5 -6.66 1.66
1.07 94.2 -0.79 3.12
0 94.85 -2.09 5.64
0 95.47 -4.16 2.84
0 94.77 -2.58 3.43
0.91 93.89 1.65 3.5
44.06 93.45 -0.44 5.16
0.02 93.87 -6.44 5.81
0 94.25 -6.94 1.83
0 93.96 -8.53 2.08
0.09 94.48 -10.99 2.3
0 94.77 -10.7 3.69
0 95.36 -6.37 2.34
0.33 94.28 -1.45 6.39
0 94.09 -2.08 2.57
0.01 93.81 -5.24 2.14
0.9 94.42 -8.15 6.88
0 94.87 -6.75 3.32
0 94.51 -1.53 4.14
0 93.81 2.65 5.64
0 94.36 -0.76 3.42
2.22 95 -5.12 3.73
0 95.69 -10.95 6.04
0 94.96 -6.01 2.68
0 94.67 -5.62 4.6
0 94.19 -4.81 2.99
0 96.09 18.54 23.96
0 94.14 1.45 4.65
0 93.84 4.96 3.97
0 93.9 5.66 3.55
0 94.67 1.55 2.93
0 93.8 8.17 4.24
0 94.14 5.4 4.23
0 94.26 4.24 2.51
0 94.22 4.66 4.62
0 95.15 1.17 4.46
0 95.34 2.18 2.53
0 95.49 3.43 1.95
0 95.16 8.32 3.15
0 94.93 14.72 4.62
0 94.09 15.01 5.6
0 93.85 13 3.79
0 93.88 11.12 3.9
0 93.5 13.73 4.9
0.5 94.65 4.8 2.56
0 94.61 4.09 2.59
253.52 93.21 1.86 1.95
3.67 93.95 2.91 2.11
0.37 93.88 3.29 2.34
0.04 94.43 0.89 4.96
0 95.49 -1.98 3.83
0 95.41 -1.06 3.56
0 94.56 4.94 3.77
0.01 94.38 6.7 3.16
0.01 94.62 7.52 1.65
1.82 94.93 5.02 3.78
177.62 95.6 -1.57 5.29
0.03 95 1.42 1.65
0 93.39 10.96 2.36
0.07 92.49 15.15 6.05
0.13 93.4 7.15 4.73
0 93.55 9.57 2.03
0 93.76 13.65 4.4
0 94.37 9.6 4.31
0 93.89 10.82 3.9
0 93.88 9.16 3.49
0 93.94 14.37 3.81
0 94.32 12.47 5.46
0 94.52 12.06 2.15
0 93.82 21.92 4.62
0 93.45 24.33 5.35
1.57 93.15 21.39 5.67
1.08 93.91 16.26 2.42
0 93.87 20.09 2.47
0 93.86 19.9 2.91
12.87 93.58 15.03 3.41
1.64 93.62 15.96 2.83
0 94 11.9 6.46
0 93.67 13.53 4.4
0 93.24 14.04 6.41
0 93.76 10.86 2.51
0.04 93.67 11.34 6.88
20.49 94.05 5.5 2.1
0 94.4 7.98 2.4
113.31 94.3 7.01 3.13
25.61 93.33 6.93 2.26
8.9 92.08 10.36 4.26
0.06 92.11 20.03 4.21
0.55 93.57 14.27 5.22
0 94.06 15.41 4.55
0 93.45 18.76 4.46
9.17 92.62 19.04 4.4
2.24 92.85 13.4 5.83
2.04 93.26 11.5 5.6
0 94.1 17.85 4.63
0 93.71 22.2 4.34
0 93.58 23 2.33
0.09 93.47 23.19 3.1
0.01 93.25 27.63 3.72
0.03 93.18 26.31 4.16
0.56 93.51 21.18 1.71
0.02 93.46 22.35 3.89
13.12 92.93 25.11 2.55
0.06 93.43 20.36 4.14
0 93.45 19.42 2.49
0 92.46 26.29 7.72
0.59 93.23 20.77 3.82
0.3 93.75 18.27 3.47
0 93.92 20.5 3.16
19.4 93.05 18.56 5.16
37.45 92.63 18.8 2.24
6.5 93.14 19.1 1.25
0.03 93.4 21.2 3.95
0.36 93.22 19.23 2.86
0.45 93.21 20.42 2.45
22.12 92.94 17.78 2.6
192.06 92.49 14.96 2.28
183.17 92.62 15.49 1.25
31.93 93.57 16.75 2.56
0.1 93.78 20.24 2.52
1 93.57 22.63 1.65
0.02 93.27 24.25 1.99
138.16 93.38 18.51 2.16
15.91 93.49 17.15 4.49
165.26 94.05 15.27 2.16
0.01 94.09 20.96 2.3
0 93.63 24.02 1.88
0.74 93.31 24.99 3.49
0.04 93.46 24.24 2.76
2.78 93.26 24.49 3.16
2.68 93.04 21.96 1.85
26.23 93.09 21.09 2.38
0.11 93.49 22.01 1.77
1.05 93.48 24.15 2.29
92.28 93.74 17.32 1.39
33.05 93.07 18.09 2.33
3.83 92.69 18.62 3.82
29.09 93.26 15.44 3.3
0.01 93.83 17.69 1.83
5.86 93.73 20.13 2.35
2.97 93.89 20.39 2.04
0 93.82 22.76 2.45
0.04 93.65 25.59 2.55
10.46 93.84 26.12 2.28
0.04 94.04 26.88 3.55
1.02 93.88 24.97 3.13
1.01 93.65 24.57 1.01
0.09 93.23 26.21 2.21
0.02 93.09 24.88 2.57
0.98 93.31 26.65 1.7
2.91 93.81 23.5 2.58
30.56 94.04 19.46 1.75
15.5 93.81 20.88 1.52
13.71 93.58 23.18 2.06
5.67 93.67 23.04 3.43
2.87 93.59 24.17 2.23
81.17 93.32 24.31 1.84
73.88 93.39 21.55 1.81
4.19 93.39 21.26 1.14
6.92 93.2 22.25 2.05
0.65 92.96 24 1.91
0.57 93.41 23.75 2.76
1.88 93.49 24.6 1.36
12.31 93.19 23.84 2.03
16.49 93.32 21.16 2.56
412.9 93.71 19.76 2.22
1.69 93.89 20.96 1.25
0.25 93.62 22.93 2.51
51.03 93.08 24.64 3.02
0.01 93.07 22.72 2.63
0.14 92.94 24.52 1.97
0.34 93.08 26.81 3.2
26.93 93.51 23.56 1.74
10.07 94.07 21.36 2.49
8 94.12 22.01 1.43
0.94 94.08 22.55 2.12
0 94.12 22.28 1.92
0 93.94 22.85 1.86
0 93.78 22.8 1.59
0 93.4 24.61 1.97
0.18 93.22 25.12 2.4
0.01 93.53 22.71 2.58
0 93.59 21.46 1.69
0.08 95.02 41.96 22.56
26.5 95.36 44.29 23.11
66.28 93.98 19.3 1.72
2.96 93.74 18.59 1.66
1.1 93.57 20.45 2.84
22.45 93.69 19.61 1.63
1.15 94.05 20.11 2.26
41.57 94.27 18.72 1.65
15.38 94.23 19.03 2.55
136.35 94.08 18.28 2.12
0.01 93.97 19.43 2.49
16.84 93.81 16.97 1.54
1.38 93.98 17.45 1.58
1.83 94.11 18 1.15
16.54 94.31 17.97 1.15
237.19 94.39 17.06 2.29
6.48 94.33 19.71 1.95
0.03 94.5 17.36 1.9
1.47 94.27 18.01 2.03
5.5 94.21 15.75 2.64
0 94.29 15.33 1.27
0 94.09 19.13 1.32
0.68 94.27 20.04 2.76
23.92 95.05 14.47 1.66
0.21 94.88 13.53 1.78
122.96 94.35 13.04 1.88
2.05 94.24 14.02 3.12
0 94.13 18.08 2.21
0 94.44 19.59 3.2
0 94.49 19.71 3.05
0 94.35 20.46 3.37
0.81 94.43 19.33 1.16
5.04 94.57 18.33 2.29
0 94.66 14.8 1.65
3.03 94.05 15.68 2.55
0.87 93.88 16.04 1.76
29.5 93.61 17.57 3.69
6.53 93.93 11.74 2.28
96.76 93.76 13.34 1.99
2.89 93.8 13.25 2.92
0 94.03 10.96 1.58
0 94.28 12.22 1.79
0.02 95.12 10.73 1.68
0.33 95.5 10.74 3.14
0.62 94.22 15.98 2.75
10.76 93.68 9.73 6.01
0.02 93.53 12.66 5.66
0 94.54 7.89 1.71
0 94.82 11.91 1.95
0 94.27 17.14 3.49
0 94.22 17.49 1.47
0 93.96 19.03 3.91
0 94.37 8.38 2.92
0.05 93.71 4.09 2.58
17.39 93.86 4.26 5.64
4.25 94.21 9.35 4.96
0 94.57 11.54 2.31
0 94.65 11.64 1.71
0 94.38 13.5 1.34
0 94.33 11.96 1.78
0 94.27 16.18 2.68
2.17 94.57 12.18 3.19
0 95.31 4.62 2.78
0 94.13 9.01 2.87
46.88 94.85 2.06 1
1.67 95.06 3.38 1.99
0.13 95.6 18.69 7.76
0 95.1 19.47 7.49
0 95.39 5.1 2.92
0 95.16 3.84 2.05
0.65 93.8 8.35 6.98
0 94.03 2.71 2.37
0 94.62 -0.36 3.32
0 94.93 -1.52 3.98
0 95.4 -1.38 3.87
0 95.38 3.26 1.68
0 94.74 6.55 2.41
0 94.6 5.1 1.38
0 94.37 9.79 3.97
0 94.71 10.17 3.12
0.04 96.03 -0.53 2.64
8.22 96.08 -3.97 2.52
3.54 95.7 -4.15 2.93
11.53 95.14 -4.2 1.72
0.09 95.11 -3.3 1.3
0 95.2 -3.22 1.4
0 95.37 -2.45 1.59
0.01 95.19 0.95 1.39
0 94.42 4.11 3.77
0 93.82 6.2 2.42
0.04 94.89 0.92 2.39
11.38 94.67 -5.85 2.42
0 95.41 -7.72 2.03
12.45 95.27 -9.75 1.94
1.1 95.25 -9.91 1.83
7.66 95.21 -11.07 1.46
0.46 95.71 -13.16 1.51
1.72 96.22 -12.78 2.15
16.2 96.26 -13.7 2.72
0.01 96.09 -16.09 1.47
0 95.25 -16.46 2.79
0 95.12 -15.01 3.5
0.01 94.6 -12.35 1.57
0.03 95.06 -11.37 1.76
0.88 94.81 -7.75 2.57
0 94.63 -10.04 1.25
0.09 93.96 -9.49 0.86
0.03 93.75 -6.79 5.77
0.93 94.08 -8.05 8.16
0 94.4 -4.46 6.03
0 95.15 -5.47 2.2
0 95.32 -9.99 2.03
0 95.43 -11.65 0.82
0 94.86 -3.26 2.2
0.17 94.59 -1.06 1.64
0 95.03 -2.16 3.6
0 95.31 -9.06 1.25
0 94.97 -7.31 2.2
0 95.11 -8.95 1.54
0.5 94.31 -5.49 4.14
0 94.4 -7.14 5.48
0.01 95.02 -9.41 6.19
0 94.97 -6.72 3.78
0 95.55 -5.18 2.61
0 95.43 -7.02 1.41
0 94.57 -3.95 2.12
0 94.86 -7.03 1.79
0 94.93 -9.27 1.7
0 94.9 -7.05 2.29
0 94.98 -12.72 2.39
0 93.9 -9.85 2.45
0 95.11 -15.6 4.23
0 95.67 -16.05 1.46
0 95.41 -7.53 2.28
0.03 95.04 -8.51 1.68
2.04 95.34 -9.02 1.13
0 95.19 -9.99 2.71
0 94.34 -2.93 2.66
0 94.5 -10.12 1.13
10.05 94.68 -9.21 2.52
0 95.05 -11.7 3.78
0 94.82 -12.89 3.22
0 95.2 -9.74 5.23
0 94.97 -10.25 2.95
0 94.82 -10.42 4.13
0 94.55 -9.34 3.89
0 95.36 -12.95 3.9
0 95.57 -13.02 3.5
0 94.98 -10.83 4.09
0.01 94.36 -11.6 4.61
0.02 94.11 -13.88 2.23
0 94.27 -13.34 1.79
42.71 94.99 -18.64 2.4
1.08 94.85 -20.71 2.77
0 94.4 -19.73 4.01
0 95.05 -20.39 1.26
0 95.57 -21.24 1.49
0.06 95.54 -19.41 2.54
0.94 96.01 -23.13 4.54
0 95.9 -24.95 6.22
0 95.35 -14.77 6.1
0 94.76 -10.32 3.98
0 94.67 -12.42 5.28
0 94.73 -10.28 3.31
0 95.41 -16.57 1.72
0 95.83 -18.44 1.71
0 95.54 -17.87 2.03
0 95.58 -14.55 4.15
0 95.45 -10.91 2.79
0 95.1 -9.2 2.19
0 94.91 -8.16 3.05
0 95.09 -9.59 3.86
0 95.06 -10.22 3.42
0 94.92 -7.3 2.61
0 94.03 -7.84 2.35
0 93.71 -5.66 3.48
0 94.3 -1.95 3.15
0 93.9 2.23 3.68
0.01 93.82 0.56 2.84
0.25 94.33 -0.64 4.08
3.11 95.11 -10.36 6.24
0 95 -13.47 6.54
0 94.27 -9.48 5.5
0 94.22 -5.81 4.72
0 94.07 -1.23 5.04
0 94.19 -4.89 4.67
0.02 95.01 -9.41 3.06
0 94.94 -10.55 3.44
0 94.77 -11.7 1.96
0 95.01 -10.69 2.84
0 95.84 -12.21 2.76
0 95.42 -9.56 2.76
0 95.36 -9.68 3.53
0.01 94.68 -7.8 3.71
0 94.85 -8.82 1.47
0.02 95.15 -9.1 4.98
0.01 95.31 -9.6 3.12
0 94.38 -2.64 2.97
0 94.11 -1 1.76
0 94.15 -2 2.42
0.02 94.52 -3.66 1.14
3.74 94.21 -0.68 4.43
0 94.27 -2.03 2.59
9.42 94.57 -6.82 5.08
0 95.26 -9.14 3.44
0 95.34 -8.5 3.44
0.01 95.12 -7.61 3.67
0 94.58 -6.91 1.83
0 93.92 -0.49 5.15
0 94.75 -2.89 3.67
0 94.53 1.3 3.22
0 93.94 5.15 2.71
0 93.79 8.65 2.93
0 93.3 12.22 6.69
0 93.98 6.57 5.38
0 94.87 1.75 1.73
0 95.05 4.27 2.25
0 94.69 8.22 3.78
0 95.13 4.4 5.1
0 95.64 1.55 5.5
0 95.63 1.3 4.54
0 95.29 2.93 2.56
0 94.92 8.22 3.99
0 94.28 8.68 3.12
0 93.67 10.63 3.8
0.05 94.15 6.13 2.96
0 94.01 8.08 4.26
0 93 17.07 5.31
1.08 93.4 9.91 7.13
0.06 94.49 4.75 5.09
0 94.43 7.47 3.77
0 93.65 10.94 3.24
0.01 94.01 9.28 1.78
0.14 93.23 13.47 6.84
0 93.79 8.28 6.56
0 93.58 11.16 6.59
0 94.06 5.13 2.38
0 94.69 3.12 3.39
0 93.97 6.99 5.73
2.02 93.19 8.55 1.71
0.02 92.9 11.28 6.68
0 94.06 11.09 3.02
0.03 93.41 16.45 5.79
1.26 93.56 10.42 5.52
10.05 93.56 5.15 3.67
0.46 93.83 5.89 3.56
0.25 93.99 9.82 4.47
0 93.73 14.63 2.82
0 92.96 14.93 6.88
0 93.47 8.91 6.1
0 94.05 9.75 2.91
0 93.4 14.64 5.66
0.12 94.48 8.24 2.41
21.6 94.67 6.05 1.74
0.2 94.23 11.02 1.63
0 94.4 10.82 1.6
4.22 93.42 13.07 3.85
0.01 93.15 16.24 2.88
3.22 92.8 21.67 3.74
129.1 93.7 10.77 1.51
6.89 92.86 11.52 3.59
0 93.27 16.35 3.64
4.13 93.13 16.38 6.5
0 93.54 11.91 5.93
0 94.3 15.41 2.35
0 93.64 20.1 3.87
0.12 93.98 17.18 2.51
0 93.6 17.48 2.56
7.28 92.69 20.07 4.73
79.04 93.55 10.88 4.86
0 94.24 16.96 5.05
18.91 93.86 13.46 5.61
0.14 93.85 13.07 3.5
0 93.32 18.02 1.79
0 93.36 24.53 3.59
0 93.54 27.54 5.18
0 93.79 25.32 4.59
0 93.96 25.19 4.32
0.01 94.96 18.67 4.68
0 94.86 16.77 1.62
10.49 93.9 14.2 1.1
40.1 92.74 14.52 5.84
4.5 93.02 18.4 3.03
0.05 93.55 18.15 5.74
0 93.37 23.61 4.42
0.01 93.02 26.09 4.92
0 93.52 18.03 5.73
0 93.24 22.61 4.93
1 94.06 17.87 1.65
0 94.08 20.55 1.41
0 93.66 23.75 2.41
0 93.24 26.72 3.2
0.01 93.51 22.66 3.16
0.01 93.69 25 2.38
3.21 93.99 19.31 3.93
4.02 93.97 19 1.38
0.01 93.73 21.35 1.79
74.61 93.32 19.4 5.14
37.61 93.06 20.99 5.81
28.47 93.71 16.75 2.14
2.84 93.54 18.87 2.8
0.37 93.21 20.35 2.62
9.92 93.13 16.81 2.64
1.44 93.15 19.31 1.82
0.46 92.71 20.99 2.92
9.84 92.77 20.77 1.99
8.38 93.34 19.88 2.72
0 93.44 22.96 2.59
104.36 93.01 25.8 3.34
5.33 93.07 23.46 2.22
13.21 93.12 22.95 2.11
2.7 93.45 21.64 3.97
0.52 93.45 21.02 3.53
0 93.61 24.84 3.53
0 93.56 24.97 2.35
68.57 93.24 24.36 3.05
12.43 93.29 19.41 4.34
86.02 93.17 19.97 3.09
86.05 93.29 19.85 1.11
0 93.48 19.72 1.71
0.07 93.38 21.67 1.69
0 93.45 27 3.94
0 93.63 25.81 3.44
0.25 93.87 25.22 1.55
0 93.94 26.27 1.97
0 93.81 28.81 2.98
0 93.58 28.15 2.34
0 93.41 28.19 1.46
0 93.14 29.81 3.29
9.58 92.8 29.48 3.12
61.87 93.23 21.22 1.83
0.11 93.52 23.89 2.84
0.14 93.94 21.1 2.17
3.35 93.58 18.58 1.66
8.57 93.44 18.07 1.4
5.69 93.66 21.63 1.25
0.9 93.59 23.9 2.63
1.47 93.62 25.62 3.85
18.12 93.87 22.39 3.54
576.24 93.47 19.65 2.79
10.67 93.09 23.21 1.98
1.21 92.89 26.89 2.35
0.03 93.56 25.52 2.9
480.87 93.64 19.34 2.51
0.34 93.4 21.87 2.04
0.29 93.23 23.57 3.98
137.39 93.21 22 1.84
2.32 93.57 22.6 1.43
38.1 93.8 23.97 1.84
100.4 94.02 21.3 1.88
5.06 94.1 22.19 1.82
0.03 94.08 23.91 1.16
0 93.96 26.57 2.02
0 93.88 27.91 2.33
0 93.77 27.81 2.45
102.42 93.55 24.85 1.82
32 93.99 23.14 2.4
0 94.06 21.59 1.66
0 93.58 24.63 2.56
0 93.3 28.61 3.56
0.08 93.35 30.17 2.84
2.1 93.55 23.83 1.68
0 93.51 23.54 1.98
0 93.82 22.05 1.8
0.44 93.72 22.16 1.42
39.49 93.56 20.47 1.55
0.71 93.42 22.43 1.22
136.27 93.41 19.86 2.41
1.54 93.88 20.67 1.4
109.56 93.94 20.83 1.53
0.31 94.1 21.46 1.63
0.13 94.16 21.96 1.69
11.17 93.61 20.59 1.96
103.78 93.51 22.04 2.03
308.53 94.31 17.26 4.16
0 94.51 17.03 2.19
1.56 94.15 17.73 1.55
0.33 94.15 17.92 1.82
0 94.38 16.86 2.37
0 93.81 16.2 1.38
5.16 92.71 15.52 4.82
12.4 92.5 15.88 3.68
0.96 93.17 18.75 1.06
18.06 93.69 18.31 1.2
34.62 93.93 16.02 1.32
17 93.85 16.25 1.23
61.08 93.73 18.39 1.06
0.21 93.47 19.19 1.43
42.43 93.56 17.21 1.6
11.78 93.94 15.17 1.98
82.53 94.09 14.87 1.79
100.23 94.46 14.41 1.93
1.63 94.69 14.93 1.4
0.33 94.55 16.22 0.77
5.51 94.34 17.44 2.14
0 94.23 17.81 0.9
0.36 94.43 16.78 1.75
0.18 94.84 14.29 2.26
29.11 94.98 11.31 2.2
0.01 94.98 12.65 1.96
0 94.78 13.91 1.58
0.08 94.46 15.95 2.02
0.98 94.11 15.98 2.02
0.34 93.87 16.36 1.73
0.16 93.55 20.55 4.39
0.01 94.34 15.92 1.49
2.03 94.05 16.54 3.15
0.7 94.93 9.29 4.16
0 95.29 6.78 2.29
0.01 94.39 8.74 2.11
0.01 94.06 16.29 2.2
20.34 93.86 18.81 3.94
1.97 93.97 15.7 2.47
0.09 94.08 12.85 3.83
156.33 94.68 5.14 2.12
1.33 94.7 3.51 2
0.07 95.2 6.78 1.76
45.33 94.21 10.49 2.54
0.1 94.57 4.83 4.35
0 94.76 3.02 1
2.74 94.45 2.7 1.89
0 94.94 4.09 6.37
0.04 94.86 5.79 1.14
0 94.49 8.67 0.87
0 94.56 10.07 0.81
0.01 94.62 15.97 3.76
0.46 94.1 14.13 4.46
0 94.72 7.48 1.77
0 94.36 11.63 2.08
0 94.37 8.57 1.61
0.17 95.31 1.52 2.51
26.64 94.63 3.58 1.54
33.77 95.34 0.85 1.55
0 94.89 1.44 1.59
0 94.24 3.16 2.12
0 93.84 7.23 4.81
0 95.08 0.83 2.27
1.73 95.02 1.98 1.84
0.9 95.27 -0.12 2.13
0.03 95.27 -0.6 1.97
19.91 95.08 -3.1 2.69
0 95.8 -6.33 2.93
0 95.38 -2.29 3.2
0 94.7 1.16 3.55
0 94.23 0.83 2.24
0 93.33 -0.21 0.63
0 94.48 -0.56 1.89
0.03 95.2 -3.26 1.47
2.38 95.45 -2.98 3.57
0 95.79 -5.43 2.42
0 95.01 -3.65 1.32
0.19 93.55 1.92 2.53
11.8 93.93 -4.52 1.9
0.09 94.44 -3.19 1.94
0 93.77 4.09 4.23
0 94.61 -0.33 6.52
0 94.77 -4.74 2
0 94.65 -3.06 1.7
0 94.38 -0.76 3.9
0.03 94.09 -2.68 2.43
1.35 94.57 -7.21 2.47
2.64 95.02 -8.77 1.98
5.19 95.39 -10.49 2.79
0 95.67 -11.13 3.46
0 95.33 -10.15 4.12
0 94.83 -7.83 2.44
0 94.48 -4.21 2.8
0 94.05 -3.14 3.67
0 94.95 -8.07 2.91
0 95.31 -2.91 2.78
0.01 95.57 -5.13 2.42
0.41 94.41 -1.21 4.76
0 95.18 -3.24 4.61
0 94.85 1.75 2.8
0 94.09 5.31 3.56
0 94.45 -1.84 3.16
0.04 94.95 -6.7 3.15
0 94.36 -7.77 2.63
0 94.58 -8.31 2.13
3.18 94.06 -5.46 4.47
0 94.96 -9 2.12
0 95.1 -9.18 2.03
0 94.35 -4.93 3.31
11.41 94.94 -4.95 2.79
0 95.51 -9.91 5.08
0 95.36 -10.04 3.16
0 95.38 -9.56 5.13
0 94.47 -2.5 2.68
0 94.56 -5.78 1.73
0 94.73 -5.1 1.89
0 94.76 -4.59 1.91
0 95.08 -3.05 1.49
0.01 95.32 -7.53 2.51
11.28 94.92 -11.03 3.17
0 95.22 -12.12 2.67
0 95.02 -13.54 1.48
0 94.87 -8.88 2.72
0.08 95.64 -11.48 5.12
0 95.4 -12.31 2.37
0 95.05 -10.07 4.91
0 95.25 -8.66 3.53
0 94.81 -9.14 1.18
0 94.72 -8.68 1.42
0 94.48 -3.53 4.02
0 94.69 -4.99 2.3
0 94.34 -4.7 2.11
0 95.05 -8.19 1.76
0 95.32 -9.54 1.85
0 94.81 -5.31 0.89
8.85 94.95 -3.84 1.33
14.26 94.5 -5.52 2.65
0 94.6 -9.76 3.31
0 94.8 -12.56 3.54
0 94.58 -12.66 2.63
0 94.39 -14.89 2.9
0 94.47 -11.5 6.21
0 95.43 -12.53 2.46
0.01 95.39 -15.73 1.39
0 95.31 -15.5 1.31
0.02 95.07 -13.42 2.18
0 95.42 -13.73 1.45
1.47 95.15 -14.39 2.69
0 95.08 -13.41 2.3
0 94.74 -13.24 5.02
0 95.46 -14.88 3.67
0 95.57 -14.72 2.93
0 95.67 -13.76 1.39
0 94.97 -7.12 2.59
0.01 94.31 -4.11 6.76
0 94.78 -7.07 3.59
0 94.4 -12.8 1.81
0.91 95.28 -13.81 3.65
0 95.44 -9.85 3.58
0 94.89 -9.25 4.51
0 95.6 -8.02 5.18
0 95.02 -3.6 2.92
0 94.47 -5.52 1.87
0.04 94.19 -2.9 3.2
0 94.58 -6.81 4.3
0 95.47 -7.34 3.37
0 95.42 -8.77 1.03
0 95.2 -9.59 6.31
0 94.73 -11.05 8.01
0 94.91 -10.47 6.74
0 95.02 -7.11 3.28
0 94.99 -8.72 1.36
0 95.51 -7.32 2.22
0 95.23 -4.7 2.97
0 94.02 4.39 3.23
0.19 94.64 -5.89 5.38
0 95.06 -7.27 4.18
0 94.46 -7.03 2.08
0 93.47 -6.91 6.05
0 95.23 -8.02 5.43
12.42 94.85 -5.79 3.32
1.13 94.39 -5.16 4.4
0 94.87 -5.52 3.44
0 94.55 -1.94 4.39
0 94.56 -1.07 2.84
0 94.76 -3.11 1.69
0 94.36 2.02 3.44
0 94.43 -1.03 3.17
0.03 94.82 -6.04 2.72
0 93.92 -0.71 2.87
0 94.15 -1.9 1.96
0.01 94.41 -7.07 1.96
0.02 94.72 -6.03 3.16
0.01 94.51 -9.36 5.59
0 94.43 -5.65 6.57
0 94 -1.04 5.31
0 93.83 0.52 3.62
0 94.02 1.59 1.82
0 94.32 4.88 4.26
0 95.15 -1.83 5.75
0 95.15 1.33 2.81
0 95.11 1.04 2.18
0 94.77 2.8 1.6
0 94.48 1.96 1.89
5.44 94.34 2.29 1.55
0 94.89 3.86 2.79
0.01 95.03 2.9 0.95
0.06 95.13 0.91 3.4
0 94.85 1.45 2.9
0 94.66 1.83 1.84
0.07 95.03 0.8 1.15
0.49 94.66 0.67 1.85
0.14 94.53 2.46 3.32
0.06 94.45 0.74 2.37
0 94.66 2.19 2.68
0 94.34 6.03 3.13
0 94.36 8.54 3.69
0.01 95.24 3.55 2.78
0 94.97 2.89 1.73
0 94.38 4.3 1.88
0 94.38 8.42 2.37
0 94.21 12.58 4.68
0 93.84 18.01 5.14
0.04 93.59 16.01 4.22
2.94 93.82 10.45 4.75
3.65 93.84 7.84 2.69
0 94.7 7.44 4.29
0 94.58 7.92 1.84
0 93.56 14.08 4.34
0 94.21 6.37 4.18
0 94.13 5.21 1.97
0 93.33 13.83 6.41
0 93.04 15.21 2.82
0 93.48 16.91 4.27
0.02 93.88 12.68 3.38
0.2 92.74 13.66 4.72
0.05 92.91 6.73 7.66
12.72 93.22 7.98 3.19
9.27 93.72 7.62 2.94
0 94.08 9.41 2.38
0 93.4 12.84 5.09
0 93.67 8.46 3.35
0 94.02 8.1 3.4
0 94.63 8.26 3.97
0 94.65 10.24 5.32
0 93.83 14.82 4.31
0 93.34 17.35 3.74
0 92.98 20.51 5.46
0 93.93 13.86 1.7
0 94.11 17.98 2.15
0 94.01 23 6.47
0.19 93.9 20.35 8.86
1.12 93.94 14.82 3.35
1.6 93.6 9.61 6.88
0 93.92 8.64 6.57
0 93.76 19 3.84
0 93.51 19.61 3.03
0 93.09 23.54 5.61
0.03 93.28 19.38 3.91
0 93.44 14.11 6.95
0 93.24 12.1 4.7
8.13 93.55 10.08 3.44
0.03 94.28 12.83 4.45
0 94.2 16.08 2.48
0 93.38 20.45 1.45
0 93.18 24.15 1.94
0 93.08 29.79 3.46
0.16 93.62 26.05 3.4
0.13 93.98 21 2.81
6.96 94.41 11.19 4.05
272.63 94.39 8.1 1.85
0.01 94.07 16.23 1.5
0 93.71 18.6 2.02
0.01 94.29 13.7 2.48
0 93.72 19.09 2.67
0 93.3 22.04 3.79
0 93.73 20.32 4.37
1.97 93.83 18.13 3.76
0.06 93.37 20.89 3.01
1.17 93.03 19.67 2.65
0 93.52 15.38 3.41
205.17 93.82 10.99 2.18
0 93.86 15.74 2.93
0 93.91 18.67 1.78
0 93.97 22.14 2.2
20.2 93.64 16.16 3.73
2.74 93.43 18.89 3.07
0.03 93.37 20.55 3.44
0 93.52 18.93 2.89
0 93.85 17.31 1.91
0.46 94.01 17.16 1.91
2.8 94.3 17.72 1.97
0 94.27 20.28 2.62
0 93.85 26.92 2.4
0.01 93.59 27.75 2.04
0.13 93.42 25.7 1.92
1.34 93.28 23.65 2.3
20.52 93.33 19.51 2.69
74.87 93.2 19.22 1.28
0.8 93.28 19.48 3.03
0.04 93.51 19.43 2.47
12.74 93.86 18.36 1.6
48.27 93.76 16.97 1.87
1.4 93.45 19.77 1.67
0.42 93.45 22.82 1.94
0 93.63 23.94 1.7
78.7 93.41 24.95 1.86
10.95 93.38 26.34 2.4
0.01 93.24 28.9 3.79
0.86 93.25 26.85 1.71
2.36 93.11 27.56 2.3
5.17 93.35 25.35 1.88
0.06 93.48 25.34 2.46
17.99 93.61 22.8 2.25
51.85 93.75 22.54 1.68
4.73 93.48 24.54 3.31
988.88 92.72 21.72 2.58
8.18 92.56 24.77 2.36
4.57 92.76 24.76 3.5
0.05 92.81 22.77 1.63
0 92.97 25.3 2.88
0.08 93.11 27.59 2.32
22.77 92.89 27.33 2.49
1.55 93.4 25.48 1.64
1.33 93.66 27 2.59
0 93.81 26.76 1.71
0 93.65 30.19 1.82
0 93.37 30.32 3.33
4.04 93.24 26.33 2.62
63.94 93.35 19.26 1.79
4.3 94.05 20.5 1.83
18.94 93.95 21.68 2.22
0.26 93.46 24.07 1.38
0.11 93.67 23.02 1.52
0.04 93.84 23.01 2
19.97 93.39 23.2 3.65
1.07 93.74 22.73 3.02
0 94.22 21.59 2.13
0 93.72 22.54 1.78
9.08 93.31 24.3 1.57
0.01 93.48 25.29 1.55
0.11 93.48 27.98 2.93
28.52 93.3 24.74 2
284.77 92.85 22.12 1.82
2.86 93.22 24.1 1.41
174.95 93.26 23.58 2.64
9.29 93.11 20.98 1.72
0.26 93.14 23.18 2.2
8.3 93.02 21.37 1.32
28.17 92.81 20.88 1.59
8.38 92.9 22.56 1.5
4.19 93.3 22.19 2.49
9.82 93.61 22.42 1.91
0.06 93.79 23.57 2.06
2.81 93.75 22.63 2.04
49.27 93.73 20.17 1.77
200.66 93.81 18.54 2.38
94.07 93.95 20.24 1.91
123.7 94.09 20.6 1.53
2.11 94.1 21.18 1.45
1.58 93.65 22.21 2.33
0.16 93.42 25.22 1.64
3.01 93.93 21.72 2
239.27 93.85 18.13 1.73
0 93.79 18.58 4.32
0 93.8 16.96 3.51
0 94.11 19.28 2.28
1.62 93.74 18.42 2.78
0.55 94.4 14.91 3.16
0 94.43 12.62 1.83
0 94.21 14.75 1.94
0.05 94.23 14.7 1.42
0.23 94.02 19.15 1.62
11.06 94.02 18.93 2.25
1.04 93.84 19.7 3.38
2.07 93.68 21.61 3.23
0.01 93.66 18.95 3.43
0 93.58 18.38 1.79
0 93.3 21.9 2.63
1.01 94.06 16.5 2.43
23.42 94.01 15.43 2.19
42.01 93.82 15.12 1.35
0 94.15 14.8 2.02
0 94.53 12.99 1.88
0 94.76 14.22 1.52
0.46 94.74 15.49 2.11
1.49 94.45 17.77 1.74
0.12 94.05 18.02 1.72
0 93.87 15.34 2.13
0 93.31 19.01 2.63
0.06 93.84 12.83 3.27
0 94.13 14.05 1.16
0.14 93.34 20.86 4.06
1.78 93.48 16.8 4.4
0 93.54 19.14 5.21
0.01 94.07 15.66 2.85
5.42 93.89 16.52 3.29
8.41 94.32 12.01 2.27
0.01 94.22 8.91 2.47
0 94.11 6.76 3.41
0 93.95 8.12 2.77
0 93.97 13.2 3.47
0.02 94.3 12.49 4.51
0 95.05 8.1 2.24
0 95.36 5.03 2
0 94.98 9.76 3.11
0 94.24 15.71 3.68
0 94.01 16.43 3.88
0 94.52 12.91 1.65
1.57 94.84 11.12 1.51
26.11 95.56 7.81 2.42
26.44 95.54 3.77 2.08
3.66 95.24 3.75 2.56
3.64 94.81 3.96 2.02
0 94.7 5.2 3.26
0 95.31 2.64 1.47
6.36 95.32 5.79 2.16
0.01 95.68 3.15 1.97
0 95.52 3.36 1.88
0.44 94.78 6.96 0.81
0.01 94.66 7.29 1.75
0 94.24 12.26 3.03
0 95.14 5.3 1.54
0.97 95.18 3.27 1
0.01 95.16 3.67 1.43
0 94.85 6.63 2.15
0 95.03 6.89 1.58
0 94.32 10.71 1.33
0.01 94.13 11.77 1.81
0 95.11 5.35 4.34
0 95.59 0.2 3.52
0 94.98 5.28 2.39
0 94.03 7.57 2.63
