0.63 95.24 -16.83 1.37
0.02 95.9 -17.64 1.49
19.78 95.76 -19.59 1.47
6.94 95.98 -18.53 3.06
0 96.27 -19.77 2.25
0.01 96.48 -20.06 2.06
0.08 96.58 -17.96 1.33
21.37 95.95 -16.85 1.04
6.98 96.15 -16.92 1.16
0 96.4 -16.39 1.24
0 96.39 -16.29 2.82
0 95.81 -18.57 3.01
0 95.82 -15.95 3.35
2.09 95.65 -15.98 1.17
0 96.73 -15.62 1.31
0 96.28 -14.03 1.06
0 95.95 -11.1 1.02
0.01 95.86 -6.59 1.25
0 95.35 0.98 3.38
0.06 96.62 -9.86 4.61
0 96.5 -13.14 2.51
0 96.2 -11.33 4.39
0 95.67 -7.98 3.45
0 95.09 -8.3 4.16
0 96.09 -9.28 3.45
0 100.54 -4.39 3.07
1.34 95 -3.74 2.53
0.01 95.63 -10.93 4.04
0 95.2 -5.27 4.71
0 95.27 -5.11 1.82
0 95.86 -8.92 1.5
0.58 96.02 -11.22 1.82
0 96.03 -14.62 2.28
0 95.96 -13.22 2.47
0 95.94 -13.9 2.18
0 96.28 -13.96 1.37
0.01 96.15 -11.51 2.12
2.3 95.19 -3.3 2.79
0 95.31 -4.88 1.58
0 95.95 -7.42 2.39
0 96.55 -10.61 2.83
0 96.96 -12.28 3.33
0 96.67 -11.99 1.96
0.03 96.02 -10.11 2.25
0 96.46 -10.69 2.3
0 96.62 -12.65 1.71
0 96.16 -10.61 1.5
0.01 95.74 -8.98 2.93
0 95.54 -8.41 2.75
0 95.01 -4.03 1.91
0 94.88 -7.57 1.64
0 95.03 -6.68 1.8
0 95.01 -4.35 2.59
0 93.98 1.41 1.99
2.79 94.38 -3.2 1.67
0 95.46 -6.76 2.03
0.18 95.62 -5.49 1.69
2.66 95.27 -6.49 2.07
0.94 95.92 -8.17 2.13
0.09 95.58 -7.99 1.97
0.27 95.31 -3.26 3.43
0 95.37 -1.89 2.9
52.9 94.99 -2.41 2.74
2.91 96.11 -10.27 3.4
0 96.8 -12.36 1.69
0.01 97.06 -12.74 1.53
2.53 97.36 -10.35 2.51
0.01 96.56 -9.73 2.52
0 95.18 -4.34 2.42
0.18 94.09 2.42 3.37
0.53 95.3 -4.97 4.31
0 95.88 -2.99 1.86
45.34 95.27 -0.38 1.98
0.86 95.29 -2.82 5.61
0.02 95.74 -4.84 2.7
0 96.15 -5.7 2.24
0 95.13 -2.9 2.69
0.24 93.76 3.95 2.46
43.04 94.44 -1.17 3.62
0 94.77 0.01 2.86
0.05 94.75 3.95 3.92
0 95.42 2.46 2.55
0 96 -0.74 2.53
0.03 95.98 -3.57 3.44
1.2 95.49 -3 1.75
3.62 96.08 -2.57 1.66
0 95.95 3.03 1.44
0.05 95.71 5.99 1.81
3.64 95.12 8.97 4.1
1.98 94.88 7.51 4.68
0 95.33 1.63 5.27
0 95.38 -0.39 4.04
0 94.99 4.51 4.08
0 94.74 8.88 3.82
4.39 95.4 2.55 2.21
0.01 96.01 1.67 2.19
0 95.42 7.07 3.48
0.26 94.21 12.59 5.51
24 95.05 2.4 2.69
0 95.34 3.19 3.02
1.03 95.28 1.65 1.94
55.07 95.11 0.26 3.34
0.02 95.88 -1.19 5
0 95.99 2.06 2.52
0.51 95.32 4.34 2.59
8.07 95.6 2.79 1.74
0 95.54 5.05 2.81
27.28 94.85 10.6 2.68
28.24 95.36 8.35 1.79
0.14 95.72 8.02 2.01
0.09 95.96 9.52 1.94
0.52 95.71 9.02 2.04
0.11 95.6 8.17 1.78
0 95.17 12.7 3.01
2.05 94.92 13.35 4.08
25.25 94.81 4.62 3.39
15.2 94.42 2.42 3.36
0.08 94.54 4.96 6.09
2.27 94.69 6.95 5
8.67 94.92 11.75 2.41
0 94.37 17.27 1.94
0 94.12 18.67 4.13
0.26 94.65 16.54 2.13
2.41 94.15 81.19 2.52
206.55 93.83 9.65 2.64
7.31 94.29 13.12 4.21
45.18 94.3 11.28 1.57
7.23 94.53 14.74 2.42
48.04 94.34 11.38 3.45
12.37 94.25 9.24 2.19
2.94 95.28 9.63 2.19
0 95.52 13.16 1.57
0 95.45 16.18 1.51
4.44 95.03 17.57 3.52
8.13 94.93 20.49 2.45
0.74 95.1 19.73 2.34
16.29 94.64 17.43 2.61
200.1 93.8 12.18 2.65
0.58 93.5 18.19 4.55
0 94.33 21.65 2.43
0 94.48 24.56 2.57
0.25 94.49 22.56 1.99
0.69 94.16 21.59 2.47
11.07 94.4 17.39 3.68
0.47 94.98 21.17 3.01
0.1 95.39 21.91 2.15
3.9 95.32 19.21 1.86
88.27 94.71 15.65 2.42
67.25 94.34 16.66 1.87
79.22 94.81 15.17 1.79
6.47 95.4 16.6 1.16
2.82 95.3 18.24 1.45
0.4 95.41 19.31 1.46
0 95.45 21.52 1.74
0.01 95.24 22.73 2.03
0 94.94 23.83 2.15
0 94.94 23.95 2.32
0 95.04 24.73 3.4
0 95.17 24.64 3.33
0 95.27 24.92 2.2
1.16 95.15 21.79 2.19
0.03 94.86 21.6 3.4
0.35 94.52 23.64 1.85
23.82 94.27 23.75 2.82
61.14 94.17 22.49 2.74
0.56 94.08 23.74 2.4
9.34 94.19 23.72 1.63
80.3 94.24 21.2 2
30.15 94.34 20.72 1.87
0.87 94.42 22.9 1.18
0.07 94.82 22.97 2.6
0.02 94.39 23.41 1.73
6.14 94.75 20.1 2.09
0 94.82 23.25 1.51
0 94.68 25.77 1.84
0 94.66 26.91 2.64
0 94.6 26.19 1.73
12.9 94.44 21.88 1.53
30.54 94.36 22.39 1.44
0.16 94.41 23.98 1.37
0.06 94.17 25.75 1.29
79.8 94.12 22.31 2.27
1.7 94.14 24.91 1.32
0.03 94.14 27.84 1.68
3.76 94.11 27.22 1.93
0 94.12 26.66 2.94
0.02 94.26 25.13 2.54
9.43 94.55 21.13 1.8
2.32 94.74 22.42 2.01
0.88 94.7 22.21 2.34
48.22 94.47 21.6 1.63
110.5 94.48 20.77 1.41
296.84 94.75 20.06 1.32
3.41 95.01 22.38 0.95
0 94.93 24.16 2.19
73.79 94.48 22.68 2.47
4.41 94.25 25.01 2.85
1.08 94.48 26.21 2.27
1.84 94.45 27.36 2.33
8.92 94.54 26.13 2.53
122.12 94.48 23.81 1.92
0.94 94.72 24.7 1.49
1.41 94.82 25.96 1.58
11.59 94.84 26.98 1.33
2.89 94.97 27.61 1.51
0.43 94.82 28.07 2.01
8.39 94.73 27.55 2.45
37.17 94.38 26.82 2.29
301.4 93.99 25.83 2.57
9.61 94.02 21.94 1.23
40.44 93.96 25.56 1.17
191.08 94.3 21.96 1.56
0 94.91 21.2 2.02
0.02 94.8 22.74 1.41
5.69 94.05 25.03 2.99
48.54 94.29 23.17 1.83
73.7 94.69 22.25 3.02
0 95.44 20.43 1.64
25.06 95.05 20.4 1.41
85.09 94.34 22.51 2.16
27.05 94.43 22.74 2.15
0 94.64 21.76 1.91
0 94.35 24.89 2.47
40.4 94.09 24.83 1.87
1.93 93.98 26.37 2.15
15.7 93.88 24.33 3.21
0 94.39 22.33 2.95
0 94.75 22.38 1.67
15.98 94.75 23.02 2.08
5.9 94.91 23.33 2.33
109.46 95.08 22.57 1.9
0.84 95.38 22.77 1.74
144.4 95.29 18.59 1.53
69.56 95.25 19 1.31
0.71 95.23 20.14 1.31
0 95.16 22.46 1.73
0.06 95.4 21.71 1.73
1.1 95.61 21.64 1.46
0 95.32 20.94 1.58
1.07 95.11 19.78 1.51
25.27 94.71 20.55 1.54
5.13 94.83 20.66 1.19
0.6 94.87 21.91 1.79
13.27 95.38 20 1.61
7.4 95.52 20.88 1.21
0.02 95.41 19.96 1.09
0 95.11 19.91 1.75
0 94.88 22.69 1.61
0.97 95.11 23.65 1.77
0 95.67 18.14 1.55
0 95.47 17.4 1.37
1.29 95.01 18.09 1.27
6.05 94.69 18.93 1.4
0.17 94.93 19.36 1.46
0 95.08 20.57 1.01
1.75 95.13 22.26 1.34
0 95.22 22.67 1.72
4.67 95.01 21.39 2.16
109.1 95.42 14.73 2.08
307.73 95.53 8.96 1.77
153.96 95.37 12.42 1.33
0 95.09 16.18 1.5
48.95 95.35 14.63 1.98
199.13 95.97 9.55 2.37
0 95.83 9.92 2.26
0 95.63 12.46 1.36
0.58 95.36 14.72 1.32
8.92 95.09 15.61 2.59
0.18 95.3 12.72 2.53
0 95.27 10.9 4.8
0 96.1 9.07 2.58
0 95.68 10.03 1.39
0.02 95.37 15.16 1.77
0.78 95.73 12.49 1.35
291.83 95.47 7.17 2.35
89.03 95.4 7.56 2.4
0 95.51 9.29 1.58
0 95.11 13.42 1.22
0 95 17.06 2.36
0 95.13 18.29 2.67
0 95.08 17.91 2.39
0 94.63 17.46 3.31
19.78 95.25 10.98 2.02
139.33 95.68 5.03 2.09
0 95.76 8.25 1.52
0 95.33 9.69 1.64
0 95.52 8.5 3.1
0 95.02 7.84 2.78
0 95.86 2.51 2.77
0 96.42 0.73 0.95
18.1 96.35 -0.3 1.31
60.54 96.4 0.68 1.03
0 96.26 1.87 1.13
0 95.71 4.14 1.37
0 95.4 8.88 1.45
8.02 95.61 8.74 2.19
2.8 96.15 3.5 3.4
0 96.5 -0.31 3.34
0 97.16 -1.42 2.25
0 96.32 0.91 1.56
0 96.21 4.62 2.18
0 96.2 5.78 1.34
0 96.26 5.9 1.45
0 96.09 6.28 2.04
0 96.62 2.19 3.39
0 96.14 1.57 1.85
0 95.72 5.41 1.61
0 95.81 4.68 1.25
0 95.49 6.89 1.77
0 95.2 7.42 1.46
6.21 95.38 3.19 2.16
0.21 95.88 0.22 3.46
0 95.54 -1.13 1.45
0 95.1 0.33 1.25
22.81 94.57 0.75 3.92
1.31 95.01 -0.66 1.93
0.75 96.02 -1.37 4.08
0 96.99 -4.89 2.67
0.03 96.31 -3.01 2.36
0 95.67 0.34 1.5
0 95.58 1.47 1.99
0 95.26 5.15 3.28
0 94.8 3.45 2.35
0 94.56 5.97 1.89
0.19 94.72 2.17 4.15
0 95.49 -2.52 2.07
0 95.32 -1.97 1.88
0.01 95.57 -1.92 4.22
0 95.86 -6.31 2.66
0.32 95.01 -6.02 2.33
0 95.37 -7.3 6.35
0.27 95.54 -7.83 1.36
0.13 95.42 -6.94 1.25
0 95.04 -3.02 1.96
0.03 94.65 -3.7 1.88
0.04 95.24 -7.91 3.55
0 95.3 -5.42 2.22
0 94.29 3.01 2.29
0 95.7 -3.09 2.95
0 96.24 -5.78 3.24
0 94.96 -5.32 2.43
0 94.94 -6.98 1.4
0 94.4 -5.13 1.7
2.26 94.3 -8.94 3.87
0 95.3 -12.53 1.65
1.12 95.68 -14.43 1.92
0.06 96.4 -15.62 2.79
0 96.29 -16.32 3.56
0 95.98 -15.44 3.42
0 94.67 -8.74 3.49
0 94.54 -6.7 1.36
0 94.58 -4.11 1.86
0 94.85 -2.83 2.42
0 95.1 -0.98 1.88
0 94.85 -7.38 1.41
0.18 95.42 -10.96 2.82
0 96.68 -16.99 2.99
0 96.64 -15.86 3.5
0 95.74 -14.83 3.39
0 94.64 -11.95 2.91
0 94.32 -9.33 2.13
0 94.97 -11.92 3.4
3.98 95.21 -12.67 1.93
0.02 95.39 -12.79 4.74
0.16 95.92 -11.31 5.22
0 96.08 -11.43 3.44
0 96.23 -12.37 2.86
0 95.84 -12.99 0.87
0.01 95.44 -12.87 1.52
0.02 95.6 -11.54 5.1
0 96.21 -10.25 4.19
0.01 95.53 -7.95 1.76
0.15 95.42 -9.58 3.74
0 95.96 -13.54 4.05
0 95.22 -11.09 2.86
0 94.77 -12.45 3.84
0 94.93 -12.84 1.97
0.01 94.93 -11.19 3.2
0.02 95.93 -15.29 3.22
0 96.34 -17.64 3.48
0 96.15 -15.06 2.61
0 95.98 -14.15 2.6
0 95.7 -14.5 3.01
0 95.68 -14.58 3.47
0 95.58 -12.66 2.18
0 95.4 -12.82 1.52
0 95.41 -13.45 3.3
0.03 95.67 -14.74 3.54
0.01 95.83 -14.34 1.81
0.05 96 -14.79 2.34
0 96.42 -15.35 1.63
0 96.71 -14.14 2.87
0.02 96.25 -14.25 3.33
0 95.96 -14.84 3.76
0 95.74 -10.98 3.73
0 95.36 -3.84 2.71
0 95.06 -4.72 1.77
0 95 -7.84 1.47
0 94.84 -6.06 2.14
0 95.11 -5.7 2.37
0.02 94.26 -3.29 5.02
0.02 94.86 -3.23 2.73
0 94.56 -6.58 2.1
0.54 94.71 -7.56 3.3
0.08 95.5 -10.69 1.87
0.71 95.48 -10.07 1
2.25 95.74 -13.42 3.91
0 95.86 -12.5 2.2
0.1 95.78 -11.8 1.96
0.07 95.72 -11.82 1.52
0 94.99 -3.72 2.87
0.87 95 -5.25 1.75
3.58 95.44 -4.95 2.65
0 95.4 -4.13 1.96
0 95.28 -0.27 1.96
0 95.57 -0.67 1.69
0 95.18 1.6 2.16
0 94.69 2.61 3.77
4.73 94.52 0.97 2.08
0.2 95.25 -4.05 2.75
0 95.87 -4.85 1.7
5.8 95.26 -1.97 4.42
0.41 96.1 -9.14 3.57
0.04 95.58 -7.97 3.36
0 95.26 -6.78 3.36
0 95.26 -6.76 2.35
0 95.38 -4.39 3.15
0 95.02 -0.8 1.92
0.09 94.53 1.54 2.65
0 95.35 -1.67 3.68
0 95.07 -1.46 4.56
0 95.13 -3.81 4.81
0 95.46 -1.89 3.93
0 95.21 -0.16 3.81
0 94.58 2.55 3.04
0 93.88 7.29 2.23
0.02 94.63 2.29 4.42
0 95.76 -2.21 3.89
0 95.45 -5.11 4.53
0 95.21 -3.37 3.26
0 94.59 3.53 3.27
0 94.27 4.81 5.05
0 94.69 1.92 3.95
0 94.88 -0.54 2.23
3.05 95.47 -3.62 4.29
0 95.56 -2.71 3.31
0 95.29 -2.01 2.53
0 95.44 -2.39 4.78
0 98.12 -0.47 2.77
0 98.09 1.05 3.06
0 97.93 3 3.15
0 98.2 2.83 1.97
0 97.86 7.38 3.36
0 97.54 8.2 2.09
0 97.13 10.43 4.32
0 98.43 2.22 4.14
0 98.35 2.33 2.41
0 97.9 6.01 2.69
0 97.8 7.8 1.31
0 95.09 10.23 2.66
0.06 94.36 10.74 5.4
1.22 94.74 7.92 4.8
0 94.72 8.3 3.97
0 94.59 8.74 3.55
1.06 95.25 5.42 3.47
0 94.93 9.34 3.49
0 94.32 14.76 3.58
0 94.43 13.78 1.64
0.03 93.69 16.25 3.21
0 94.55 10.57 5.42
0 94.24 12.38 4.27
1.62 94.28 8.27 7.15
0.47 94.94 7 5.1
0 94.75 9.73 2.17
0 94.2 13.7 4.15
54.23 94.95 7.39 2.19
3.29 94.82 6.38 1.95
14.98 94.55 5.1 3.06
6.09 94.11 6.37 3.88
0.08 93.7 8.68 1.82
5.41 93.73 9.48 2.98
2.38 94.4 7.47 2.86
0 93.9 9.75 1.43
33.46 93.28 8.76 1.67
4.03 93.24 9.57 2.22
0.77 94.15 13.54 3.72
0.22 94.4 11.29 4.34
0 94.73 12.73 2.9
1.37 94.28 12.94 2.99
122.83 93.49 9.44 3.02
0.09 93.54 11.17 3.85
0.01 94.06 13.43 3.2
1.08 94.04 15.08 3.83
12.21 93.85 16.94 3.1
0 94.12 18.28 2.42
0.14 93.79 16.48 5.12
0.43 93.71 12.85 6.03
0 93.91 15.28 6.77
0 94.03 16.35 4.6
0 94.59 13.1 3.42
0 94.55 14.08 2.26
0.01 93.44 17.58 2.37
15.89 93.22 19.07 3.72
11.84 94.4 13.53 3.01
3.08 94.5 11.84 3.34
0.35 94.36 12.95 4.38
0 94.22 17.71 3.21
0 94.34 18.63 2.88
0 94.48 21.04 3.18
3.77 94.38 20.61 4.47
7.21 94.32 18.92 5.2
0.02 94.16 20.2 2.93
0.68 93.98 23.62 5.3
6.88 94.08 22.53 2.75
45.27 93.68 18.63 3.26
6.85 93.61 17.37 3.17
0.02 94.04 19.73 3.02
6.62 93.74 20.67 5.62
3.16 93.88 18.95 4.02
0.47 94.14 19.61 1.89
0.75 94 23.19 1.86
11.61 93.37 24.53 3.08
10.63 93.1 22.05 2.72
13.64 93.35 21.8 2.16
0 93.77 22.72 2.69
37.91 93.73 20.62 2.02
198.51 93.88 15.98 2.69
5.39 94.07 19.58 2.02
6.56 94.09 21.43 1.33
72.88 93.89 20.32 2.06
45.05 93.87 18.65 2.05
125.55 94.07 17.35 1.84
0.49 94.24 20.31 1.77
0 94.15 23.83 1.22
0 93.99 26.15 1.9
0.04 93.7 27.6 2.88
0 93.64 27.38 2.77
10.08 93.43 22.24 2.27
52.36 93.72 16.09 2.55
0.79 94.39 19.21 2.64
0 94.73 20.8 1.52
4.23 94.16 22.19 3.12
7.23 93.45 23.09 2.68
16.62 93.6 24.79 2.71
0.02 93.74 25.11 3.18
36.54 93.66 23.86 2.59
59.76 93.76 22.17 1.43
0.27 93.67 23.62 2.38
0 93.8 23.86 2.56
0 93.91 25.44 2.67
42.33 93.41 22.73 2.55
0.57 93.12 25.07 3.44
85.91 93.21 17.99 1.73
19.75 93.27 18.57 2.69
9.85 93.94 21.2 1.85
19.78 94.09 23.1 2.28
10.48 94.16 24.03 1.97
4.98 94.18 23.77 2.3
1.21 93.99 24.21 1.35
47.37 94.12 21.82 1.81
9 94.09 22.36 1.59
45.79 93.94 21.61 1.7
17.81 94.02 21.03 1.35
50.42 94.07 21.76 1.36
365.6 93.94 20.26 2.11
57.07 93.84 21.05 1.53
59.69 93.76 22.09 2
11.99 93.73 23.16 1.96
0.15 93.81 25.37 1.4
23.38 93.78 25.88 2.16
382.4 93.59 22.42 2.22
62.04 93.54 22.44 2.42
6.62 93.73 23.11 2
0.54 93.96 24.69 1.42
93.1 94.15 21.52 1.68
66.87 93.79 21.16 1.59
0.02 93.85 23.49 1.74
0.23 93.98 24.34 2.17
0.47 94.34 23.25 2.03
0.04 93.93 23.81 2.06
0 93.9 24.02 1.72
0.02 94.11 24.33 1.58
4.79 94.08 23.67 1.34
5.99 94.12 23.91 1.7
8.5 93.79 23.76 1.59
6.36 93.89 25.4 2.06
0 94.29 24.6 1.31
0 94.12 25.91 1.14
0 93.83 26.16 1.75
25.02 93.6 25.64 1.76
98.9 93.98 20.75 1.88
238.34 94.03 18.24 1.84
11.75 94.04 21.18 1.43
11.05 94.19 20.75 1.27
0.08 94.46 21.35 1.61
0.11 94.59 22.15 1.17
0 94.58 23.24 1.31
0.52 94.46 23.21 1.45
14.92 94.7 21.18 1.67
0 94.68 20.56 1.36
29.12 94.64 20.04 1.35
2.93 94.87 19.99 1.52
0.69 94.95 21.34 1.42
9.93 94.75 19.72 2.05
5.92 94.42 20.84 1.33
0.65 94.32 22.13 1.39
0 94.26 23.23 1.36
12.77 94.02 22.45 2.94
0.8 94.55 19.01 1.7
0 94.35 20.06 1.55
2.92 94.88 17.93 2.38
0.2 94.8 18.66 1.54
0 94.87 17.91 1.34
0 94.38 19.43 1.27
13.17 94.03 18.45 3.17
2.06 94.67 13.52 1.8
0.09 95.23 13.14 1.85
2.24 95.46 13.76 2.04
5.47 94.92 16.83 2.12
0.21 94.66 17.67 2.16
0.04 94.24 19.9 3.19
18.82 94.33 17.16 2.07
12.06 94.59 13.79 1.47
39.12 94.93 12.32 2.16
0 95.32 9.13 2.31
0 95.74 9.51 2.34
0 95.56 10.4 1.4
0 95.22 11.88 1.65
0 94.82 13.4 1.48
0 94.92 14.46 2.33
0 94.78 14.94 1.91
0 94.52 17.61 2.86
0.05 94.82 17.8 1.72
0.09 94.95 18.91 3.12
0.03 94.77 18.59 2.3
8.16 94.62 15.13 1.97
0.12 95.1 8.17 3.01
0 95.59 6.44 2.59
0 95.64 7.09 3
0 96.1 8.04 3.46
0 95.74 9.38 1.44
0 95.05 11.25 2.22
0 94.49 12.3 3.28
0 95.09 9.93 2.06
0 95.06 10.66 1.31
0 94.8 14.39 2.2
0.06 95.26 13.52 3.04
0 95.77 9.25 1.21
0 95.47 12.16 1.62
0 94.89 14.46 1.41
66.96 94.33 10.55 1.68
3.09 94.27 9.09 2.28
0.82 93.89 8.19 2.74
1.07 94.39 8.5 4.34
0 95.38 5 2
0 95.43 8.53 1.41
0 95.2 11.06 2.15
0.01 95.05 14.43 3.43
0 95.01 13.68 1.94
0.24 94.91 11.44 1.48
38.65 95.49 4.41 3.62
0.01 95.8 2.21 3.38
0 95.79 4.26 1.86
0 95.35 5.88 1.52
0.71 95.21 7.21 2.48
0 95.5 6.53 1.63
0 95.14 7.12 1.49
0 94.94 9.24 3.34
0 95.14 10.29 4.13
2.75 95.36 11 2.72
0.07 95.95 4.57 1.52
0.66 95.62 7.68 1.66
3.2 95.39 9.7 3.29
0.15 96.12 2.33 2.66
0.03 95.95 0.78 1.01
0 95.87 3.14 1.4
0 95.84 3.16 1.49
0 95.63 1.98 1.19
0 94.99 2.38 1.15
0 94.39 4.39 2.13
0 94.68 5.27 3.43
0.03 95.48 -2.1 2.69
0 95.57 -4.79 1.73
0 95.6 -3.96 1.46
0 95.84 -2.03 1.63
27.17 95.18 -0.05 0.8
3.84 95.01 -1.17 2.69
0.74 95.2 -5.49 3.46
0 95.66 -6.64 2.5
0 95.65 -4.31 1.95
13.67 95.3 -5.95 2.63
0.38 95.88 -7.75 2.85
0 95.6 -8.7 0.89
0.06 95.56 -6.79 1.41
0.61 94.91 0.13 2.17
0 95 -0.97 1.33
0 95.86 -4.05 2.21
0 96.39 -8.71 1.5
0 96.66 -8.32 1.99
0.07 95.9 -7.78 0.91
0.02 95.21 -5.4 1.05
0 95.41 -6.45 1.28
0 95.75 -8.41 0.93
0.64 95.96 -9.12 0.8
0.69 95.93 -6.59 0.76
0.55 96.22 -8.21 2.57
0.02 96.52 -12.03 3.64
0 96.12 -11.23 3.12
0.01 95.29 -6.55 5.02
0 95.36 -3.79 2.83
0 95.81 -7 1.66
0.01 95.08 -3.9 2.89
0 95.83 -9.54 4.52
0 96.03 -13.22 3.3
0 96.13 -12.13 3.9
0 95.89 -10.41 2.19
0 95.96 -10.42 2.21
0 95.86 -11.33 0.99
0 95.51 -10.3 2.1
0 95.48 -9.7 4.12
0 95.7 -11.67 2.65
0 95.24 -9.63 3.36
0 95.41 -12.94 1.89
0 95.91 -12.29 1.71
0 96.16 -10.83 1.92
0 95.69 -7.11 2.17
0 96.1 -11.11 1.57
0 96.4 -14.81 1.08
0.07 95.83 -12.62 0.73
0.01 95.65 -9.84 1.82
0.14 96.04 -11.38 2
0.35 95.45 -11.8 2.58
0.12 95.63 -12.63 4.28
0 95.84 -11.94 2.64
0 95.64 -11.35 1.75
0 96.45 -14.52 1.24
0.1 96.33 -14.94 0.87
0 95.92 -12.26 1.4
0 95.88 -13.34 0.92
0.07 95.94 -12.65 3.19
0 96.01 -12.55 2.94
0 95.16 -7.01 3.26
0 95.41 -8.83 2.4
0 95.34 -8.96 2.39
0 95.06 -10.39 0.84
0.04 94.91 -8.76 1.29
0.08 95.11 -12.08 1
0 95.26 -10.8 1.24
0 95.71 -11.62 1.15
0.01 96.39 -14.38 3.23
0 96.24 -18.02 3.18
0 95.88 -17.76 2.7
0 95.37 -17.14 2.2
0 95.23 -16.44 2.74
0 94.83 -14.06 3.11
0 94.95 -13.64 1.75
0 95.47 -15.15 1.5
0 95.69 -14.82 1.81
0 96.09 -15.57 1.68
0.04 95.7 -17.25 1.26
0.2 95.24 -16.56 3.92
0 96.03 -17.67 4.34
0 96 -15.83 2.95
0 95.04 -13.27 3.05
0 95.11 -10.02 2.56
0.1 94.56 -6.52 2.33
0.02 95.21 -13.36 5.04
0 95.41 -16.08 4.88
0 94.98 -12.88 5.14
0 95.16 -10.74 3.16
0 95.49 -11.17 2.97
0 95.54 -11.09 1.58
0 95.22 -8.63 2.85
0.02 94.96 -4.19 2.33
0.13 95.54 -9.11 2.98
0 95.48 -10.43 2.87
0.03 95.56 -11.83 3.4
0 95.69 -13.22 4.74
0 95.58 -10.25 3.48
0 94.98 -5.65 2.88
0 95.12 -8.66 2.24
0 94.87 -10.15 1.11
17.91 94.5 -8.55 2.36
0 95.44 -7.56 2.49
7.05 95.31 -6.64 2.22
0.02 95.75 -8.94 3.34
0 95.69 -8.3 2.68
0 95.15 -6.2 1.36
0 94.76 -1.76 2.61
0 94.94 -0.29 2.2
14.91 95.52 -4.25 1.18
0.31 95.72 -7.95 1.69
0.23 95.64 -6.49 1.49
0.05 95.01 -1.91 2
30.86 94.33 -4.03 1.7
27.93 94.38 -4.41 2.6
0.03 95.01 -4.63 3.82
0 95.74 -8.61 3.84
0 95.43 -8.89 1.86
0.17 95.33 -8.25 4.42
0 95.79 -8.09 3.92
0 95.47 -6.11 1.79
0 94.81 -1.94 3.09
0 95.36 -1.01 2.03
0 94.95 3.05 3.32
2.77 94.05 5.93 4.48
8.97 94.8 -3.31 3.77
12.34 95.61 -8.22 2.05
0 95.35 -2.44 2.35
0 95.29 -0.15 2.06
0 94.65 4.44 3.7
0 95.23 2.05 1.75
4.02 94.34 1.54 4.74
0 94.78 -0.53 5.87
0 95.23 0.32 3.48
0 94.91 5.17 2.45
0 95.13 8.27 3.43
0 95.27 9.62 3.54
0.21 94.28 9.84 8.08
0.42 94.93 0.9 4.99
0.26 94.93 -0.82 4.69
0 94.92 -0.33 2
2.46 94.81 1.32 2.93
0 94.44 4.06 4.55
0 94.27 4.43 5.17
0 94.53 3.45 5
0.09 94.88 3.77 2.45
0 94.39 10.34 3.77
0 94.54 10.36 5.06
0 94.41 13.18 3.43
4.33 94.16 13.71 5.92
2.96 94.54 7.64 4.6
0 93.97 12.01 3.41
0 93.82 14.26 3.25
0 93.81 15.36 3.21
3.57 94.48 8.86 3.94
0 94.74 8.8 2.54
0 93.8 16.46 4.26
0 93.85 18.84 4.05
1.88 94.24 15.28 4.57
20.62 94.76 13.52 3.44
1.2 94.21 12.88 2.56
0.18 93.57 14.44 1.85
0.34 93.51 18.23 4.1
205.69 94.04 12.43 3.12
64.64 93.99 9.27 4.55
0 93.37 11.1 3.56
0.09 93.08 11.29 7.59
0 94.3 9.55 3.22
0 94.3 12.9 2.69
0.44 94.02 17.98 3.83
0.34 94.63 16.38 2.51
15.36 94.13 17.28 2.21
0 94.17 20.79 2.14
0.57 94.35 20.04 2.53
0 94.4 17.83 3.27
0 94.04 17.44 2.37
3.02 94.03 16.43 1.99
0 94.25 18.31 2.17
0.04 94.48 20.32 2.48
5.49 94.73 19.59 2.83
90.21 94.73 14.04 1.77
19.04 94.21 13.8 2.81
19.99 93.98 10.97 2.67
2.72 93.95 11.91 4.26
0.01 93.7 12.07 3.4
4.85 93.45 12.33 5.33
0.03 93.91 15.87 1.47
0 93.79 22.56 3.89
7.43 94.38 20.01 2.96
4.02 94.71 18.4 1.94
0.09 94.55 20.5 4.13
2.17 94.28 19.81 4.02
2.82 94.42 17.26 3.19
0 94.41 16.99 3.15
0 94.21 18.18 2.49
0 93.86 19.91 2.58
0 94.31 20.55 2.41
0 94.41 23.13 2.43
8.43 94.44 20.47 2.58
54.18 94.87 14.7 2.88
0.15 94.95 16.87 1.56
10.87 94.49 17.13 3.18
10.31 94.25 16.48 3.16
58.45 94.02 15.69 2.22
12.35 93.73 18.82 3.69
0.9 93.93 20.77 2.13
3.82 93.5 20.16 2.59
11.7 93.38 22.16 2.21
26.87 93.36 22.32 2.3
41.44 93.23 21.52 3.35
10.89 93.38 17.42 3.16
2.2 93.07 16.47 3.29
16.37 93.18 16.48 2.64
211.57 93.81 13.57 2.04
328 94.03 14.09 2.08
223.98 94.04 15.31 2.9
6.04 93.89 19.11 1.63
4.5 93.78 21.99 1.65
5.43 93.97 21.64 1.75
22.67 93.72 21.45 1.54
15.08 93.76 21.72 1.68
2.08 93.91 21.79 1.29
41.53 93.88 21.02 1.5
0.61 93.62 22.43 1.97
53.41 93.65 22.05 2.43
32.54 94.01 20.85 2.55
9.37 94.38 22.75 2.08
1.12 94.55 23.05 1.7
2.33 94.27 20.83 2.07
46.49 93.85 21.39 2.14
0 93.72 23.77 2.16
1.76 93.33 24.6 4.18
3.17 93.37 22.78 3.91
0.93 93.35 22.55 2.85
0.05 93.71 23.32 1.58
0.98 93.84 23.11 1.6
0.58 93.73 23.65 1.55
14.64 93.7 24.14 1.83
41.55 93.69 25.21 2.16
18.68 93.74 25.19 2.02
157.83 93.35 21.41 1.8
36.41 93.15 19.29 2.8
87.38 93.54 18.78 3.29
13.91 94.05 20.65 2.61
0 94.06 21.22 1.72
0 94.08 22.63 1.43
0 94.31 24.53 1.27
0 94.38 25.01 2.01
0.09 94.2 24.99 2.3
1.76 94.08 25.12 1.48
5.05 94.01 25.19 1.72
41.11 93.94 23.79 1.36
389.03 93.55 21.8 3.41
0 94.03 23.21 1.29
0 94.23 23.97 1.78
5.14 94.14 24.37 2.08
52.55 93.75 25.62 3.83
1.57 94.16 24.04 1.65
104.08 93.68 22.89 2.21
15.13 93.4 23.74 4.02
0.24 94.04 22.09 1.32
50.3 94.34 19.93 1.51
122.97 94.5 18.89 1.69
106.1 94.43 19.74 1.31
12.77 94.45 21.9 1.62
84.09 94.51 21.82 1.7
0 94.68 23.15 1.15
0 94.5 24.15 1.21
0 94.1 25.91 2.04
8 94.03 24.7 1.83
4.99 94.31 23.46 1.24
0 94.15 24.44 1.56
12.49 94.25 20.39 2.36
28.99 94.28 17.8 2.13
0.78 94.39 19.81 1.51
2.32 94.06 19.12 1.95
7.38 94.14 21.19 1.84
0 94.47 22.13 1.71
0.04 94.04 23.36 3.16
100.42 94.08 23.1 2.34
1.9 94.19 20.96 1.54
9.31 94.16 20.11 2.53
5.01 94.76 16.58 1.87
0.03 94.89 16.46 1.92
0 94.62 20.84 2.49
0 94.56 22.28 2.05
0.2 94.42 22.66 2.49
1.44 94.47 21.99 1.21
8.56 94.36 21.64 1.66
0.56 93.94 22.73 1.99
0.77 94.08 23.61 2.77
0 94.31 24.81 2.07
0 94.43 25.35 2.45
0.56 94.46 24.93 1.92
228.43 94.42 16.4 3.11
21.57 94.78 13.7 2.62
0.25 94.81 12.84 2.05
0.93 94.9 16.2 1.74
0 94.82 19.69 1.98
17.69 94.94 18.18 1.45
0.94 94.86 17.29 1.11
0 94.79 18.77 1.04
0 94.71 20.92 1.39
28.03 94.39 19.43 2.42
104.12 94.42 13.11 3.89
0.33 94.55 11.74 2.77
0 94.93 14.14 1.42
0.06 95.39 14.3 1.05
0 95.5 13.89 1.27
0 94.87 14.56 2.37
0 94.38 16.19 2.82
0.15 94.35 16.05 1.64
0 94.56 17.8 1.72
1.85 94.47 18.48 2.33
0.68 94.5 17.5 1.35
2.61 94.85 15.91 1.41
0.29 95.13 15.83 1.34
25.4 95 14.72 1.93
1.64 95.25 14.63 1.47
45.36 94.87 10.52 1.53
45.43 94.86 10 7.02
0.69 95.05 11.39 3.5
0 95.05 11.62 1.73
0 94.88 12.91 1.5
0.36 94.68 14.37 2.22
0.68 94.53 13.41 3.18
0 94.67 13.33 2.35
0 95.21 10.91 1.83
0 95.61 11.94 1.08
0 95.46 13.9 1.41
0 94.95 16.23 2.67
19.33 94.54 12.81 3.37
0 95.05 8.82 2.39
0.03 94.65 10.72 2.35
0 94.48 13 2.33
0.07 94.88 8.61 3.87
0 95.28 6.95 2.28
0.01 95.39 7.32 2.04
30.19 94.74 9.26 3.79
0 94.79 4.44 3.84
0 94.89 5.78 2.61
0 94.72 7.92 2.14
0 95.14 6.74 1.31
72.86 95.41 1.73 1.1
86.74 94.85 2.18 1.71
0 94.54 6.32 1.95
0 94.28 9.62 3.57
0 94.91 8.78 1.96
0 94.93 11.33 2.35
4.91 94.82 10.59 3.14
0 95.74 3.09 1.43
1.86 95.62 0.01 2.36
0.04 95.21 -0.1 2.73
0.02 95.05 -0.39 2.24
0 95.01 2.16 1.49
0 95.21 0.62 1.99
8.29 95.28 0.02 1.5
194.26 94.95 -0.75 59.26
61.98 95.17 -0.77 3.14
0 95.17 -3.58 0.83
0 94.84 -1.07 1.85
0 95.08 -0.78 1.21
0 95.5 -2.61 1
55.18 95.2 -2.48 0.78
112.38 93.91 -2.53 5.53
0.2 94.39 -4.3 3.38
0 94.45 -6.24 4.59
0 95.24 -4.77 2.83
0 95.51 -6.34 0.96
20.86 95 -2.87 1.21
0 94.91 -5.09 56.72
0.01 94.59 -5.13 3.18
0.01 95.18 -3.3 3.18
0 95.23 -4.93 1.57
0 94.89 -2.48 2.17
5.56 95.39 -5.66 2.12
0 95.29 -6.87 2.46
0 94.76 -5.54 2.16
0 94.71 -3.11 3.72
0 94.79 -7.69 2.89
0 93.85 -4.1 3.7
0.02 94.62 -6.73 4.42
0.02 95.17 -9.49 2.3
0 95.87 -13.2 2.27
0.1 95.5 -14.28 1.48
0.21 94.41 -4.96 3.18
1.23 94.63 -7.99 4.07
0 94.89 -11.02 2.07
0 94.92 -13.17 3.41
0 94.86 -14.92 2.99
0 95.03 -16.38 2.7
0.01 95.04 -17.32 3.96
0 95.17 -11.47 3.96
0.04 95.78 -13.83 1.42
0.02 95.94 -13.67 0.88
0.06 95.36 -11.73 1.75
0.01 95.39 -8.79 1.4
19.16 95.49 -11.03 0.99
0.59 95.27 -9.69 1.11
0.69 95.63 -12.3 1.17
0 95.98 -13.04 3.89
0 96.06 -15.24 2.16
0.01 95.51 -14.97 0.9
0.13 95.63 -12.52 74.79
4.25 95.63 -10.65 3.62
0.01 96.09 -16.16 2.83
0 95.88 -19.84 2.58
0 95.04 -18.15 4.65
0 96.18 -18.96 2.24
0 95.91 -18.73 1.14
0 95.33 -13.67 1.27
7.66 95.34 -14.98 0.84
16.94 95.38 -12.88 4.1
0 95 -15.34 3.6
0.02 94.46 -15.16 2.19
0 94.91 -18.17 4.03
0 96.01 -18.64 4.19
0 96.59 -15.97 2.43
0 95.64 -16.59 1.17
0 95.48 -14.42 1.59
0 95.37 -15.26 1.32
0 95.28 -15.23 1.43
0.02 95.69 -17.02 1.83
0 95.49 -15.17 2.21
0 95.35 -15.06 1.15
0.64 95.01 -13.52 0.73
0 95.09 -12.24 1.66
0 95.09 -13.5 0.82
0 95.55 -10.62 2.04
1.6 95.27 -13.75 1.46
0 95.98 -14.62 2.42
0 96.23 -11.81 2.06
0 95.26 -7 2.25
0 95.76 -10 1.02
13.41 95.78 -9.79 0.94
1.05 95.85 -9.63 1.57
0 95.59 -13.67 1.11
0.02 94.47 -7.83 2.82
0.03 95.06 -14.05 4.32
0 95.11 -15.62 1.5
0.12 95.43 -14.94 1.2
0.03 95.33 -11.51 1.75
0 94.92 -6.57 1.16
0 95.18 -7.28 1.11
0.03 95.09 -5.66 1.43
1.04 95.02 -6.25 1.75
0.59 95.64 -8.36 4.07
0 95.73 -10.81 2.59
1.23 94.73 -9.53 3.06
0 95.5 -9.81 2.84
0.01 95.05 -7.99 2.02
1.45 95.36 -15.45 4.09
0 96.18 -18.28 4.64
0 96.04 -16.88 1.45
0.43 95.18 -12.38 2.14
0 95.79 -13.35 2.08
0.06 95.82 -12.83 1.75
0 95.12 -7.61 76.33
0 94.91 -5.13 2.89
0 95.54 -9.65 2.5
0 95.48 -10.5 1.4
0 94.74 -6.69 2.35
0.02 94.76 -5.68 4.09
0 95.47 -11.56 3.92
0 95.61 -13 2.33
0.01 95.56 -11.98 1.84
0 95.42 -8.21 3.41
0 95.65 -7.52 2.98
0 95.59 -5.06 1.51
0 95.73 -7.13 1.77
5.56 95.53 -7.51 1.82
0.23 94.69 -0.63 3.11
0 94.62 0.6 2.77
0.14 94.1 -2.77 6.1
0 95.88 -8.39 5.5
0 95.88 -5.91 1.63
0 94.83 -0.47 3.47
0 95.15 1.51 2.39
0 94.54 5.43 3.12
0 94.5 3.64 1.8
0 93.89 4.83 2.26
0 93.8 -0.38 2.26
0 93.93 -3.26 5.56
0 95.34 -1.35 1.91
0 94.59 4.67 3.88
16.48 94.58 -0.17 3.75
0 95.74 -6.32 4.1
0 95.22 0.3 3.09
0 94.79 5.29 2.93
0 95.18 5.36 3.15
0 93.77 7.67 3.82
0.7 93.87 -2.64 3.93
38.55 94.64 -7.93 2.48
0.21 95.03 -7.48 2.72
0 93.77 1.1 6.07
0 94.78 -3.32 2.63
23.74 94.46 -5.63 3.67
0 95.16 -5.23 2.86
0 95 -2.24 1.6
0 94.02 4.33 4.1
1.43 94.25 1.06 4.27
0 95.08 -1.31 3.83
0 95.3 -2.28 2.35
0.37 95.16 -0.28 1.72
16.25 94.88 0.89 2.04
121.85 95.03 0.1 2.71
0 94.51 3.76 2.7
0 94.59 5.18 2.78
16.23 94.75 -0.95 2.35
62.23 95.01 -1.37 3.25
0 94.77 -0.61 2.57
0.25 93.89 1.72 2.91
21.96 93.92 0.37 3.68
2.91 94.87 -0.1 3.93
0.92 94.72 1.21 4.02
0 94.76 2.15 3.65
0 94.28 8.3 3.29
0.18 93.84 6.57 4.57
0 94.09 2.68 5.36
0 93.82 3.99 2.39
7.23 94.12 3.55 3.19
63.44 94.42 0.91 1651.83
3.4 95.4 0.48 5.14
0 95.42 2.05 2.29
0 95.08 5.14 2.99
0 94.74 8.45 2.09
0.19 94.16 12.41 4.87
86.78 94.25 6.76 2.23
0.57 94.18 7.65 3.53
0.02 94.27 8.61 5.35
0 94.31 10.11 1.73
0 94.24 13.87 2.24
2.91 94.04 12.46 3.7
0.13 94.27 11.7 6.37
0.31 94.75 10.97 5.91
0.34 94.81 11.26 2.05
0.89 94.67 12.34 2.37
2.75 94.87 12.89 2.02
0 94.59 17.36 2.7
0 94.81 20.69 1.57
0 94.74 22.06 2.5
0 94.73 22.19 3.08
0.11 94.46 22.51 4.69
20.7 94.16 14.36 2.21
27.03 93.3 14.54 4.02
0 92.94 17.67 5.12
0 93.5 16.52 2.9
0 93.52 19.07 2.57
0.43 94.16 16.27 4.99
0 95.06 16.12 2.48
0 94.93 17.71 2.27
0.93 94.28 19.07 3.04
0 93.73 20.28 3.45
16.34 93.12 15.93 5.77
0.01 93.11 17.84 4.41
0 93.5 19.28 2.7
0 94.36 20.05 2.36
8.28 94.13 24.58 4.31
1.04 94.75 18.15 2.27
0 94.33 21.27 2.25
1.28 94.05 22.14 3.7
1.14 93.85 20.23 4.18
0.79 93.67 19.73 3.18
0 93.97 19.1 4.52
0 93.78 23.87 3.24
0.02 93.39 25.85 4.43
0 94.1 20.07 2.53
4.23 93.8 18.88 3.45
0.04 94.07 18.93 3.42
8.65 94.64 17.93 2.52
20.92 94.48 19.28 2.15
8.96 94.26 19.75 3.36
2.67 94.09 22.31 2.97
0.62 93.95 22.61 3.92
76.93 94.36 16.45 2.21
1.6 94.58 17.62 1.67
8.06 94.31 16.01 2.16
2.46 94.07 17.69 1.76
0.02 94.09 23.02 3.64
0.14 94.08 24.51 3.95
2.68 93.99 24.9 2.8
207.15 94.02 18.88 2.67
5.17 93.71 21.19 1.61
44.87 93.41 20.51 1.86
0.21 93.76 23.47 1.83
0 94.28 23.57 2.27
0.04 94.43 24.09 1.89
1.39 94.17 22.56 1.39
10.46 93.84 22.11 1.67
87.29 93.68 21.29 2.28
53.17 93.42 21.43 2.35
234.22 93.15 19.92 1.7
69.95 93.31 21.93 2.77
96.77 93.73 20.85 1.98
101.81 93.74 22.51 2.82
22.98 93.68 23.5 3.64
49.31 93.46 23.39 2.22
148.93 93.06 22.48 2.69
0.04 93.03 24.39 3.55
1.7 93.05 24.4 2.59
0.83 93.4 24.61 2.25
0.95 93.58 24.81 2.35
6.45 93.38 25.91 3.76
36.74 93.7 24.18 1.97
54.15 93.91 22.17 1.69
0.97 94.13 22.88 1.41
0.43 94.11 22.73 1.19
11.05 94.08 23.12 2.18
30.75 94.25 22.44 2.03
0.11 94.22 24.59 1.57
201.95 93.52 21.96 1.77
78.34 93.39 22.76 3.18
0 93.94 23.74 2.36
0.16 93.8 22.97 2.37
123.84 93.77 20.84 2.55
2.57 93.99 21.68 1.68
0.23 93.97 23.97 1.56
35.51 93.83 23.69 2.21
16.27 93.41 23.8 2.03
0.72 93.5 23.83 3.06
0.01 93.82 24.34 1.84
0.02 93.81 25.2 1.61
60.64 93.6 22.8 1.44
5.46 93.54 25.13 2.21
0.33 93.48 25.08 1.45
1.02 93.28 26.35 1.53
7.99 93.39 26.13 1.8
11.38 93.66 25.68 2.69
0.25 93.89 25.99 2.63
1.02 93.7 25.86 2.67
20.02 93.35 26.42 2.74
14.48 93.21 25.64 1.9
17.78 93.35 26.13 2.59
12.03 93.64 26.19 2.44
7.34 93.42 26.58 2.25
15.71 93.62 24.09 1.79
1 94.01 25.77 1.4
3.84 94.08 27.25 2.83
26.49 93.79 25.19 2.9
2.94 93.8 25.79 2.94
35.98 93.75 26.41 2.11
4.05 93.82 25.67 1.9
283.55 93.28 24.31 1.47
0.05 98.1 25.47 2.66
0 94.32 22.11 2.76
0 94.57 21.55 1.89
2.25 94.54 20.78 1.06
1.57 94.1 23.91 2.32
0.2 94.27 22.81 2.18
0 94.48 22.57 1.69
0.03 94.47 22.79 1.41
13.12 94.17 22.03 1.59
7.96 94.29 19.31 2.06
12.26 94.19 19.3 1.6
188.37 93.59 18.53 1.28
34.16 93.86 14.72 3.2
0.09 94.51 15.9 2.51
52.15 94.58 16.5 2.04
0.98 94.83 15.35 1.75
4.24 94.99 15.71 1.47
0 95.07 15.91 1.34
4.25 94.94 16.83 1.57
164.62 94.91 14.12 1.71
46.54 94.97 14.13 1.11
3.69 95.02 16.12 1.14
1.37 94.95 17.83 1.42
6.66 94.48 18.44 1.84
0.08 94.58 17.5 1.4
0 94.62 17.47 2.55
1.29 94.39 20.45 2.87
19.93 93.74 19.84 3.52
0.17 94.12 19.26 3.52
0 94.73 13.88 1.85
0.69 94.41 16.4 1.62
3.94 94.99 16.18 1.53
9.57 95.41 14.82 0.78
6.28 94.45 19.66 3.22
0 94.89 18.1 1.56
0.03 94.87 18.88 1.28
1.39 94.73 18.53 2.8
29.67 95.12 12.67 3.16
0 95.35 8.83 2.38
0 95.18 10.91 2.12
0 94.82 12.18 2.13
0 94.14 17.99 3.51
0 94.23 16.57 2.81
0 95.18 12.84 1.37
0.71 95.06 13.88 1.76
132.06 95.1 11.02 2.23
0.01 95.2 10.77 3.04
0 94.98 9.42 1.77
0 94.29 17.55 3.89
0 95.36 13.35 1.17
0.01 95.31 15.32 2.42
0.02 95.6 12.33 2.34
0.19 95.09 11.34 1.86
0 94.1 15.77 3
6.68 94.18 13.46 4.32
0 94.63 10.56 3.5
0 95.12 11.62 1.66
19.76 95.1 11.3 2.77
2.36 96 3.85 4.83
0 96.01 2.91 1.16
0 95.6 7.18 1.39
0 95.6 7.13 1.29
0 95.37 11.33 2.98
48.96 95.58 9.35 1.48
1.28 95.62 7.22 1.97
0 95.47 6.11 1.22
40.51 95.33 5.3 2.15
28.15 95.27 1.54 2.25
0.01 95.47 4.06 3.94
0.01 95.74 5.95 2.94
0 95.27 4.91 1.32
0 94.72 7.48 2.03
3.49 95.27 6.02 1.71
1.56 95.81 4.35 2.64
0 95.74 3.89 1.7
0 95.84 4.53 0.84
0 95.6 4.68 1.38
0.61 95.05 8.75 2.31
1.48 95.37 7.49 3.32
0 95.71 5.74 1.78
0.02 94.96 6.71 2.6
0.13 94.56 6.04 3.98
0.01 94.94 3.09 2.85
0 95.01 2.42 2.22
0.08 95.58 1.94 3.52
0 95.53 -1.47 4.15
0 95.6 1.21 2.4
0 95.49 1.78 1.8
0 94.86 2.08 2.37
0 94.64 2.96 3.32
0 94.61 3.1 2.16
0.13 94.78 1.91 3.55
0.01 95.15 -3.15 4.5
0.03 95.36 -3.61 6.32
0 95.26 -3.67 3.91
0 95.3 -2.04 2.75
0 95.49 -2.87 1.08
0 95.24 1.36 1.9
0 94.95 1.35 1.94
0.02 94.63 -0.37 2.3
0 94.47 -3.97 4.75
0 94.6 -7.12 3.71
0 94.83 -10.09 6.7
0 95.03 -5.42 3.82
0 94.63 0.77 3.33
0 95.28 -2.4 2.41
1871.62 95.02 -0.56 3
1871.62 94.79 -0.37 1.4
1871.62 95.06 2.21 2.27
1871.62 95.09 1.56 2.6
1871.62 95.29 -1.24 2.86
1871.62 94.87 -1.92 1.04
1871.62 94.96 -4.61 1.37
1871.64 94.94 -4 2.37
1871.63 95.15 -5.84 3.04
1871.75 94.61 -7.77 3.29
1871.83 94.62 -8.69 2.09
1871.62 94.76 -11.64 4.27
1871.62 95.07 -11.49 2.96
1871.62 95.44 -8.7 3.1
1871.62 96.02 -8.23 1.52
1871.62 95.99 -9.96 1.39
1872.26 96.26 -12.15 2.43
1871.75 95.89 -13.29 2.88
1871.76 95.77 -12.1 2.98
1871.63 96.16 -11.19 2.2
1871.62 96.2 -10.33 1.23
1871.62 95.9 -10.2 0.98
1871.62 96.07 -9.25 1.25
1871.62 95.98 -9.47 0.96
1871.65 95.43 -6.62 2.84
1871.69 95.91 -10.15 4.23
1871.62 95.59 -10.85 1.65
1871.62 95.11 -10.59 2.82
1871.62 94.39 -5.7 3.91
1871.62 94.2 -4.88 3.54
1871.62 93.81 -3.15 4.38
1871.62 94.23 -3.76 2.96
1871.62 94.5 -2.98 3.29
1871.62 95.11 -5.05 2.5
1873.19 95.01 -7.78 1.77
1874.5 95.28 -8.85 1.8
1871.64 94.95 -6.75 2.96
1871.62 95.51 -6.96 2.41
1871.62 95.95 -14.2 3.02
1871.62 95.55 -14 2.49
1871.62 95.56 -11.57 2.38
1871.62 95.65 -10.08 2.27
1871.62 96.17 -12.63 1.87
1871.62 95.88 -13.19 1.64
1871.62 95.9 -11.18 1.93
1871.62 95.71 -7.66 1.92
1881.45 95.78 -10.52 1.58
1871.62 95.7 -10.61 1.57
1871.62 95.94 -8.21 2.01
1871.94 94.95 -6.86 4.19
1871.62 95.47 -10.25 4.2
1871.62 95.64 -9.83 2.36
1871.62 94.96 -6.22 1.8
1871.62 94.14 -1.25 3.14
1871.62 94.75 -3.4 2.05
1871.62 95.67 -9 3.02
1871.62 95.19 -7.17 3.99
1871.62 94.63 -4.12 4.2
1871.62 95.22 -7.32 3.72
1871.62 93.88 -0.53 5.37
1871.62 94.65 -7.09 3.28
1871.62 94.76 -7.14 1.83
0.18 94.33 -4.16 2.1
0.05 94.37 -4.39 5.32
0 95.22 -12.7 4
0 95.4 -11.4 2.13
0 95.58 -12.12 1.46
0 95.83 -10.22 1.64
2.46 95.51 -10.87 1.44
12.54 95.57 -12.55 2.85
0 96.17 -14.65 3.22
0 95.97 -14.38 1.46
0 95.41 -11.93 1.39
0 96.06 -13.14 1.41
0 95.98 -12.67 2
0.05 95.17 -5.67 3
0 95.24 -6.22 1.93
0.07 95.83 -6.84 2.19
0 96.38 -9.53 1.7
0.74 95.92 -9.38 1.46
1.84 95.67 -9.42 1.84
0 95.58 -7.46 1.48
0 95.54 -4.61 2.17
0.5 96.09 -7.97 1.54
0.07 95.88 -5.23 1.18
0 95.41 -1.68 1.55
0 95.25 2.44 1.86
0.4 94.98 4.28 3.82
1.65 95.68 -3.5 4.06
0.03 95.37 -6.88 1.86
0 95.26 -5.36 1.65
0.25 95.19 -5.55 2.33
0.73 95.19 -6.09 1.9
2.39 95.51 -5.39 2.82
0 95.55 -6.9 2.94
0 95.71 -7.68 2.95
0 95.71 -6.1 2.38
0 95.24 -5.6 2.03
0 95.54 -5.27 2.38
0 94.99 -2.41 2.16
0 94.79 1.22 3.87
0 95.47 -1.57 4.35
0 95.06 -1.96 1.91
0 94.55 2.13 3.46
0 94.28 7.18 2.68
0 94.65 4.78 2.35
0 94.17 7.96 5.15
0 95.31 3.88 2.07
0.06 95.24 3.49 4.86
0 95.54 3.8 4.87
0 94.94 6.76 3.15
0 95.01 7.81 3.12
0 95.24 8.04 2.67
0 94.24 13.19 4.97
0 94.26 12.07 2.48
0.01 94.27 11.33 2.77
0 94.3 10.74 3.27
67.36 94.07 11.49 3.12
31.93 94.56 9.68 2.24
0 94.76 11.18 2.36
0.55 94.86 8.92 1.94
0 94.32 11.92 2.71
0 95.06 7.72 3.81
0 95.44 2.29 4.59
0 94.61 6.37 4.61
0 95.2 5.29 4.09
0 94.58 13.67 4.03
0 94.55 14.19 1.64
0 94.38 14.82 2.59
0 94.64 11.38 4.39
0 95.35 9.23 2.06
0.73 94.95 10.64 2.12
0.34 94.67 11.84 2.01
0 94.79 13.71 1.55
0 94.69 17.97 3.35
0 95.3 12.75 3
0 94.59 13.51 2.39
10.04 94.61 7.19 2.94
0.02 95.29 7.66 2.72
28.68 95.07 7.33 2.57
0.04 94.65 9.28 190.46
0 94.75 11.58 3.86
0 94.43 14.04 2.72
0.58 94.1 16.49 3.66
3.06 94.33 18.08 4.08
0.23 94.82 16.75 3.92
34.95 95.09 11.52 3.39
0 95.38 12.37 2.57
0 95.23 13.39 1.98
0 94.6 15.06 1.55
0 94.03 19.2 1.91
3.04 94 18.23 4.57
177.94 94.65 6.6 4.93
9.48 94.21 7.83 5.38
11.17 94.44 5.03 5.61
0.07 94.67 7.81 4.53
0.1 94.09 11.93 2.45
52.09 94.14 7.51 4.19
0.63 94.67 11.43 1.86
80.86 94.96 10.06 2.49
2.65 94.83 12 2.05
211.11 93.99 8.9 2.56
62.03 93.1 14.85 3.9
0 93.3 17.19 4.04
0.06 93.65 13.85 3.62
0 93.41 13.78 3.42
0.03 94.21 16.56 3.1
1.89 94.55 16.34 2.04
2.19 94.18 18.45 2.94
62.39 93.82 16.43 2.46
2.97 93.88 17.29 3.04
0.02 94 18.95 2.34
0 93.99 21.81 2.34
0.27 94.28 25.29 3.72
43.13 94.15 17.6 2.78
0.39 93.69 16.89 5.66
0 93.18 21.15 4.31
24.75 92.98 18.48 2.72
1.01 93.4 21.9 2.15
0 93.51 23.9 34.1
0.1 94.07 25.19 2.53
0 94.01 28.4 4.16
3.31 94.24 23.82 2.77
0.36 94.38 22.01 2.63
0 94.27 22.59 2.19
0.59 94.06 22.54 1.98
14.08 93.91 23.53 2.35
371.1 94.08 15.8 2.37
121.82 93.92 13.08 3.3
22.18 93.59 15.93 3.02
33.21 93.9 15.63 2.05
41.02 94.32 15.26 1.78
10.9 94.4 18.28 2.26
11.11 94.21 20.05 2.67
10.4 94.24 20.93 2.48
0.02 94.1 21.82 2.16
2.89 93.92 23.23 1.56
179.36 93.71 20.32 1.93
65.22 93.59 19.69 1.97
103.83 93.74 18.74 2.39
3.44 94.02 19.1 1.86
22.03 94.14 19.4 1.99
4.1 94.26 19.41 1.58
200.68 94.34 18.44 2.67
0.95 94.21 21.55 1.89
0.09 93.8 23.68 2.32
17.45 93.6 22.71 3.06
14.81 93.69 21.73 3.72
0.34 94.13 21.9 3.91
0.57 94.05 22.88 3.13
0 94.12 24.37 1.85
0 94.08 24.94 1.63
14 94.02 23.33 2.64
66.39 93.71 20.6 2.42
22.29 93.45 23.29 2.25
0.06 93.94 25.15 2.41
0.51 93.98 25.91 3.12
1.34 93.87 26.06 2.27
2.86 93.65 25.31 2.96
16.16 93.59 23.18 3.64
0 93.79 23.76 3.07
0 93.52 24.1 3.87
5.02 93.61 22.41 3.02
4.17 93.8 21.62 2.81
0.4 93.72 22.86 2.55
2.27 93.79 23.79 1.82
17.81 93.73 23.49 2.41
96.72 93.81 21.65 34.27
5.67 94.05 22.42 33.73
0.23 94.12 26.3 1.68
1.01 94.21 28.74 2.26
2.18 93.82 29.34 4.38
72.21 93.72 24.13 2.41
0.16 94.02 22.3 1.69
0 93.74 25.11 2.82
0.06 94.12 22.97 1.99
0 94.17 23.09 1.6
0.01 94.35 23.35 1.71
3.25 94.19 25.76 2.38
6.9 93.72 27.42 3.26
6.91 93.75 25.96 3.59
11.82 93.9 24.71 1.87
0 93.99 26.6 2.49
0 93.97 27.35 2.71
4.26 93.86 26.13 2.56
9.15 93.84 25.53 1.94
82.32 94.1 19.83 2.49
2.33 94.03 21.92 1.95
0 94.33 21.98 2.6
0 94.43 21.6 1.45
0.01 94.27 22.53 1.98
52.3 94.02 21.32 2.35
19.16 93.77 21.18 1.73
1.51 93.97 22.17 3.64
0.23 94.16 20.94 2.15
11.94 94.18 19.25 2.02
11.09 94.09 18.84 1.64
9.63 94.15 20.02 2.21
4.61 94.25 20.2 1.67
1.54 94.38 21.51 2.16
6.15 94.58 21.31 1.7
1.01 94.52 22.58 1.81
0.48 94.19 24.03 2.4
3.25 94.21 24.23 1.85
78.99 94.12 22.87 2.33
63.45 93.97 22.4 1.73
78.81 94.24 19.56 2.2
1.34 94.53 19.96 2.57
0 94.62 20.99 1.84
0 94.72 22.74 1.67
4.22 94.84 20.8 1.74
2.49 94.88 20.98 1.6
0.52 94.84 20.85 2.03
9.19 94.66 20.04 1.84
8 94.64 19.52 1.86
257.99 94.62 15.65 2.43
1.04 94.21 17.44 1.6
0 93.91 19.98 2.34
0 94.44 18.55 1.44
0 94.44 20.48 1.5
2.29 94.03 20.76 3.08
0.02 94.33 18.25 2.92
0 94.52 15.54 1.36
0.01 94.77 17.03 1.58
0.07 94.76 18.48 1.85
29.25 94.82 16.58 1.37
0.27 94.61 18.53 2.51
0.07 94.93 16.27 3.17
0 95.03 14.09 3.27
0 95.07 13.21 1.35
0 95.16 16.08 1.28
0 95.12 16.96 1.9
20.74 94.44 16.64 2.44
29.19 94.42 14.02 2.93
0.02 95.02 13.79 1.51
0.32 95.03 16.12 1.96
81.52 95.25 11.98 1.87
20.77 95 12.64 1.58
0 94.89 13.57 1.59
44.11 94.24 14.05 2.42
0.06 94.81 13.43 2.32
1.53 94.7 14.32 2.85
31.38 95.56 5.52 3.89
0.19 95.58 5.21 1.73
32.7 94.73 6.31 1.8
17.77 94.62 7.56 2.28
0 94.93 8.7 1.61
108.59 95.15 6.89 1.51
19.88 95.64 7.65 2.39
0 95.42 8.85 2.05
0 95.01 12.4 1.68
0 94.87 14.44 2.4
0 95.08 16.18 2.19
0 95.34 13.46 1.67
0.49 95.24 14.09 2.85
0.65 96.22 8.11 3.36
0 95.77 4.1 1.48
0 94.82 8.38 2.3
0 94.37 9.78 4.54
0 94.88 9.56 2.97
0 94.64 12.79 2.54
0 94.75 13.61 2.23
0 94.43 16.65 4.28
0 95.32 7.05 2.72
0 95.66 2.97 1.81
0 95.08 5.81 1.74
0 94.31 11.34 3.01
0 94.05 13.91 3.08
0 94.28 11.15 1.87
0 95.77 3.74 4.99
0 96.13 1.99 1.51
0 95.55 3.54 1.62
0.04 95.27 8.04 1.77
6.02 95.49 7.83 19.8
3.14 95.21 5.04 1.44
2188.96 94.84 6.46 3.51
2189 95.01 3.32 3.78
2188.95 94.78 6.62 2.55
2188.95 94.39 8.2 3.72
2188.96 94.78 6 3.13
2188.95 96.06 -1.25 2.93
2188.95 96 -1.99 1.5
2188.95 95.59 0.38 1.82
2188.95 95.38 4.39 1.82
2188.95 95.07 3.88 1.47
2188.96 94.73 2.49 3.58
2189 95.18 -4.97 5.98
2188.95 95.16 -2.12 2.97
2188.95 95.52 -2.25 1.64
2188.95 95.63 -1.88 1.52
2189.07 95.49 0.31 1.92
2188.95 95.82 -1.58 1.48
2188.95 95.74 -0.7 1.51
2188.95 95.03 1.96 3.11
2188.95 94.46 3.28 4.07
2188.95 95 0.53 2.67
2188.95 95.51 -2.03 2.11
2188.99 95.26 1.65 3.08
2188.95 95.68 -3.08 1.93
2188.95 94.74 -2.18 2.33
2188.95 94.29 190.05 5.29
2188.95 95.42 -3.38 2.03
2188.95 94.92 -1.82 1.42
2188.96 94.74 -0.17 2.21
2189.27 94.88 -1.74 5.59
0 95.44 -11.83 6.79
0 95.2 -11.02 3.87
0 94.94 -11.4 5.94
0 95.08 -11.07 4.6
0 95.19 -10.53 3.55
0 95.4 -10.22 1.88
1.37 95.44 -9.8 1.54
0 95.94 -10.5 1.6
0.03 95.78 -7.75 2.84
1.4 95.18 -5.12 4.82
0.05 95.59 -9.32 3.01
0.01 95.19 -10.34 4.02
0 95.35 -11.13 2.54
0 95.4 -9.12 1.73
0.19 95.34 -9.37 3.46
0 95.42 -12.89 3.4
0.01 95.45 -11.13 2.14
0 95.36 -7.74 2.72
0.11 95.11 -6.5 4.61
0 95.43 -10.54 3.8
0 95.07 -10.11 3.4
0 94.86 -3.27 2.37
0 94.92 -3.17 3.14
0 95.76 -5.52 3.82
0 96 -5.15 2.7
0 95.74 -8.21 1.24
0 95.33 -4.17 2.47
0 94.75 -5.06 2.04
0 94.09 -3.98 3.49
0.07 94.81 -6.99 76.08
0.02 95.53 -11.28 5.44
0.09 95.51 -11.3 2.81
0 95.44 -7.1 3.01
0 94.19 -2.09 3.94
0 94.46 -2.86 1.84
0.41 94.82 -3.05 5.19
0 95.34 -7.57 3.15
0 95.72 -9.39 1.58
0 95.6 -8.63 2.07
0 95.47 -5.59 2.37
0.05 95.04 -4.74 2.93
0 96.08 -7.84 2.33
0 96.18 -8.98 1.76
0 95.73 -5.56 1.9
0 95.94 -9.29 1.67
0.25 95.57 -10.09 1.83
2.75 95.55 -10.39 3.65
0 95.64 -9.09 2.04
1.42 94.54 -5.06 3.58
0.02 95.18 -8.48 1.77
0.03 95.11 -7.67 2.29
0.67 95.65 -7.88 2.02
0 95.09 -7.85 1.86
0 94.58 -3.65 3.34
0 95.47 -6.93 2.01
0.95 95.07 -4.8 1.27
4.65 95.69 -8.9 3.85
0 96.2 -12.31 2.81
0 96.03 -12.05 2.08
0.06 95.44 -8.62 3.82
0 96.07 -10.63 3.62
0 96.33 -9.25 1.64
0 96.14 -8.24 1.61
0 95.98 -7.75 1.66
0.06 95.87 -5.05 2.59
0.04 95.79 -6.9 3.33
0 95.66 -4.06 2.87
0 95.05 -1.28 3.02
0.02 95.89 -10.99 5.49
0 95.95 -11.55 3.76
0 95.23 -5.91 2.7
0 94.62 -3.18 2.39
0.01 94.65 -6.21 3.54
0 94.84 -6.41 2.27
0 94.44 -4.68 1.81
0 94.29 -1.06 2.43
0.01 94.97 -4.19 1.32
8.43 94.71 -1.43 2.56
0.01 95.33 -1.91 4.73
0 95.96 -3.73 2.38
0 95.41 -3.59 3.04
6.43 94.57 -0.09 3.76
18.03 94.07 -0.63 5.91
0.09 94.5 -6.13 5.85
0 94.79 -6.4 1.92
0 94.43 -6.45 2
0.41 94.92 -8.06 3.06
0 95.29 -9.39 3.68
0 95.91 -7.04 1.89
2.07 94.93 -2.31 5.25
0 94.64 -0.99 3.13
0.03 94.27 -3.29 2.48
0.19 94.93 -7.13 6.28
0 95.42 -6.43 2.7
0 95.13 -3.1 3.08
0 94.47 1.84 4.61
0 94.83 1.37 2.99
2.1 95.43 -3.64 3.08
0 96.19 -9.94 5.78
0 95.51 -4.38 3.38
0 95.16 -4.29 3.75
0 94.69 -3.36 2.93
0 108.33 185.03 189.94
0 94.76 0.64 3.68
0 94.42 5.6 4.03
0 94.37 5.67 3.19
0 95.13 2.56 2.51
0 94.37 6.96 3.12
0 94.65 6.46 3.93
0 94.77 5.4 2.54
0 94.72 6.07 4.14
0 95.65 1.8 4.23
0 95.84 3.11 2.93
0 96.01 3.83 1.56
0 95.76 8.03 2.84
0 95.56 12.85 4.22
0 94.75 13.48 5.03
0 94.36 12.25 3.81
0 94.48 10.57 3.23
0 94.01 14.32 4.3
3.55 95.05 6.24 3.02
0 95.11 4.57 1.7
199.78 93.62 2.11 2.3
0.99 94.41 3.42 2.23
1.45 94.34 4.75 1.81
0.13 94.87 3.28 4.88
0 95.97 -1.12 4.09
0 95.93 -0.04 3.44
0 95.14 4.5 2.7
0.06 94.89 7.61 2.96
0.07 95.11 7.74 1.95
12.39 95.33 6.68 3.89
183 95.96 -1.12 4.69
0.28 95.52 2.79 1.93
0 93.92 11.42 1.96
0.41 93.07 14.29 4.19
0.91 93.95 8.14 5.77
0 94.03 10.94 2.12
0.03 94.3 12.68 2.96
0.01 94.8 10.32 3.52
0.01 94.41 11.02 3.14
0.03 94.33 11.02 2.43
0 94.54 14.07 3.94
0 94.76 13.83 5.31
0 95.03 14.11 2.49
0 94.4 20.77 4.23
0 94.03 23.83 4.44
10.98 93.73 20.56 3.95
8.86 94.37 16.47 2.64
0 94.4 19.2 2.32
0 94.32 20.88 2.85
13.65 94.1 16.81 3.63
12.42 94.16 15.6 2.14
0 94.48 12.65 5.49
0 94.26 13.59 4.32
0 93.74 14.43 5.87
0 94.27 12.07 2.55
0.26 94.19 12.56 5.36
16.27 94.51 7.03 2.01
0 94.87 8.52 1.57
78.18 94.74 7.9 2.63
55.26 93.82 7.24 2.04
14.28 92.59 10.84 4.16
0.28 92.67 19.1 3.62
1.48 94.01 15.46 5.6
0.01 94.59 15.52 4.28
0 94.01 18.56 3.4
13.88 93.17 18.89 3.67
15.5 93.37 14.22 5.5
1.18 93.76 12.89 5.97
0 94.6 18.28 4.26
0 94.23 21.55 2.99
0 94.09 22.34 2.55
0.76 94.01 22.34 2.23
0.05 93.83 25.12 3.18
0.21 93.74 25.86 4.02
5.06 93.93 23.28 2.48
0.11 93.93 22.8 3.07
4.47 93.55 23.9 3.67
0.37 93.9 21.11 3.76
0 93.98 19.82 2.35
0 93.13 24.95 6.49
4.22 93.68 22.22 3.04
1.36 94.23 18.71 4.09
0 94.43 21.33 2.83
70.72 93.65 17.93 3.19
32.06 93.14 19.02 2.52
36.58 93.66 18.41 2.33
0.16 93.96 19.73 3.8
2.39 93.73 19.42 2.61
3.04 93.73 18.98 2.16
78.85 93.47 16.86 2.61
168.39 93 15.08 2.09
60.19 93.09 16.06 1.58
79.18 94 16.82 2.3
0.7 94.24 20.39 1.78
8.41 94.07 21.95 2.19
0.17 93.78 23.03 1.9
122.1 93.83 19.04 2.53
5.75 93.98 18.37 3.86
89.76 94.46 16.36 2.72
0.04 94.54 21.31 2.36
0 94.15 23.39 1.65
3.53 93.86 24.25 2.7
0.21 94 23.86 2.48
9.86 93.8 23.99 2.81
12.69 93.54 21.54 2.25
66.26 93.53 20.78 2.39
0.97 93.96 21.88 1.55
3.88 93.99 23.85 2.14
159.48 94.19 17.22 1.99
38.55 93.57 17.98 1.68
37.13 93.15 18.69 3.13
6.98 93.72 16.25 3.47
0.07 94.29 18.28 2.11
61.37 94.24 19.49 1.95
10.27 94.38 20.18 1.54
0 94.34 22.42 2.09
0.19 94.19 24.16 2.17
3.97 94.35 24.93 2.11
0.17 94.58 26.03 2.5
3.53 94.41 24.08 2.63
0.61 94.14 25.12 1.76
0.69 93.67 26.28 2.46
0.14 93.5 26.15 3.27
5.87 93.81 26.12 2.64
27.85 94.24 23.03 2.3
37.75 94.44 20.29 2.13
18.98 94.26 21.29 1.65
121.99 94.07 22.05 1.72
50.05 94.19 22.38 2.06
20.66 94.11 23.06 2.43
26.6 93.85 23.71 2.12
74.01 93.85 22.53 1.8
7.69 93.85 22.39 1.32
11.45 93.67 22.48 1.58
4.01 93.47 23.98 1.97
4.08 93.88 24.9 2.32
13.07 93.96 24.67 1.86
27.25 93.71 23.89 2.39
148.27 93.72 23.05 2.27
199.32 94.12 20.67 2.46
5.99 94.32 22.02 1.61
1.24 94.1 23.08 1.78
23.49 93.6 25.09 3.15
0.08 93.61 22.69 2.05
0.97 93.47 24.64 2.68
1.97 93.62 25.47 3.37
15.93 94.01 24.29 1.9
12.96 94.57 22.26 2.56
23.85 94.61 22.98 1.61
7 94.53 23.7 2.28
0 94.57 23.62 2.22
0 94.39 23.92 1.5
0 94.23 24.23 1.52
0 93.89 25.39 1.75
0.99 93.7 25.33 2.46
0.02 94 23.6 2.42
0 94.04 23.38 1.54
0.58 107.29 209.46 189.17
64.15 107.63 209.48 189.35
110.6 94.48 19.94 1.84
16.32 94.2 19.25 2.15
6.74 94.03 19.92 2.47
49.3 94.14 19.54 1.82
7.88 94.47 20.14 1.97
35.36 94.69 19.36 2.03
8.04 94.63 19.82 2.1
58.43 94.5 19.3 2.37
0.03 94.42 20.28 2.59
28.17 94.27 19.55 1.86
3.34 94.42 18.33 1.35
10.2 94.56 18.49 1.51
165.74 94.76 17.51 1.5
119.69 94.81 17.89 2.36
2.26 94.78 20.48 2.41
0.18 94.94 19.19 1.9
12.52 94.75 17.92 1.46
49.86 94.61 16.58 2.21
0.01 94.74 16.93 1.87
0 94.6 19.31 1.34
2.07 94.75 20.52 2.47
25.98 95.47 15.43 2.05
1.32 95.36 14.19 1.61
63.3 94.81 13.06 1.75
8.23 94.74 14.15 2.46
0 94.66 19.46 2.31
0 94.98 19.53 2.45
0 95.08 19.07 2.85
0 94.93 19.5 2.43
3.35 94.93 19.7 1.47
7.19 95.02 18.7 2.2
0.01 95.11 16.34 2.15
3.2 94.57 16.38 2.3
3.44 94.36 18.83 2.3
41.54 94.19 17.59 2.92
19.34 94.36 13.4 2.05
33.84 94.26 14.71 1.92
8.17 94.28 15.34 3.3
0 94.51 13.83 2.29
0 94.74 15.6 2.54
0.12 95.56 13.32 1.61
1.98 96.01 11.05 2.07
4.15 94.85 14.93 3.16
44.31 94.15 10.89 5.53
0.04 94.06 13.41 4.73
0 95.05 10.72 1.63
0 95.35 13.81 2.43
0 94.87 17.65 3.56
0 94.77 17.64 1.92
0 94.54 18.02 3.22
0 94.88 9.76 3.88
0.29 94.21 5.57 3.27
4.41 94.38 5.33 5.46
3.3 94.7 9.75 4.9
0 95.08 12.02 2.38
0 95.16 12.76 1.76
0 94.9 13.81 1.66
0 94.84 14.19 1.56
0 94.85 15.53 2.59
4.5 95.03 13.02 2.97
0 95.78 5.35 2.62
0 94.64 10.23 2.81
37.37 95.27 4.52 1.61
12.45 95.56 4.62 1.96
0.9 99.69 70.79 32.82
0 99.18 71.23 32.73
0 95.82 6.7 2.18
0 95.7 4.44 1.7
6.08 94.46 7.47 5.74
0 94.56 3.52 3.75
0 95.15 1.36 3.61
0 95.47 -0.27 3.95
0 95.9 0.33 2.89
0 95.94 3.13 1.5
0 95.29 5.73 1.71
0 95.12 6.11 1.18
0 95.02 9.29 4.05
0 95.25 10.06 3.3
0.31 96.44 0.78 3.7
52.36 96.51 -4.09 2.6
32.45 96.12 -4.17 3.23
7.38 95.61 -3.81 1.86
0.24 95.62 -3.51 1.28
0 95.75 -3.62 1.33
0 95.92 -2.4 1.51
0.06 95.75 0.61 1.23
0.01 95.04 2.7 2.11
0 94.41 5.5 2.67
0.5 95.32 1.78 2.2
4.78 95.13 -3.2 2.52
0 95.84 -5.57 2.22
6.84 95.72 -7.29 2.28
8.74 95.72 -8.38 2.04
4.37 95.7 -9.19 1.91
3.31 96.19 -9.49 1.51
15.91 96.67 -11.8 2.56
11.09 96.73 -13.26 2.86
0.06 96.6 -15.28 1.96
0.01 95.74 -14.81 2.58
0 95.65 -14.18 2.76
0.04 95.15 -11.76 1.37
0.17 95.61 -10.29 1.38
5.92 95.33 -5.51 2.57
0 95.2 -7.34 1.59
0.31 94.52 -3.59 2.13
0.1 94.34 -5.88 5.11
0.31 94.65 -7.72 5.93
0 95 -4.83 4.03
0 95.68 -5.22 2.2
0 95.83 -8.04 1.52
0 95.97 -9.52 0.95
0 95.52 -3.28 2.31
1.36 95.19 0.18 2.92
0.01 95.51 -1.69 3.65
0 95.82 -7.08 1.52
0 95.47 -6.49 1.55
0 95.6 -6.99 1.01
4.62 94.89 -5.21 3.1
0.02 94.97 -6.68 4.65
0.03 95.55 -8.71 5.63
0 95.58 -7.35 3.07
0 96.08 -5.38 1.99
0 96.02 -6.05 1.43
0 95.16 -3.08 2.37
0 95.41 -5.19 1.75
0 95.49 -7.78 1.71
0 95.41 -5.39 2.33
0 95.5 -9.45 2.36
0.01 94.45 -7.41 2.97
0 95.55 -13.2 3.59
0 96.24 -14.7 1.94
0 95.98 -7.71 2.34
0.17 95.56 -5.84 1.57
3.02 95.83 -7.53 1.22
0 95.79 -8.19 2.12
0 94.93 -2.25 2.48
0.01 94.97 -6.01 1.29
3.27 95.16 -8.4 1.96
0 95.6 -10.92 3.75
0 95.4 -12.1 2.6
0 95.72 -9.9 3.21
0 95.53 -9.69 3.44
0 95.35 -10.28 2.99
0 95.11 -9.98 2.28
0 95.86 -12.43 3.2
0 96.1 -13.06 2.79
0 95.56 -12.42 3.25
0.05 94.92 -11.45 4.17
0.08 94.66 -11.18 2.61
0 94.75 -12.06 1.73
20.1 95.41 -16.23 2.39
1.32 95.37 -19.33 2.45
0 94.97 -19.17 4.29
0 95.59 -18.61 1.67
0 96.1 -18.35 1.46
0.47 96.05 -17.73 2.16
0.47 96.55 -21.08 3.25
0 96.43 -23.9 5.04
0 95.93 -15.07 4.8
0 95.36 -9.91 3.06
0 95.24 -11.59 3.75
0 95.31 -9.77 3.67
0 95.89 -13.4 1.83
0 96.33 -16.54 1.62
0 96.09 -16.7 2.23
0 96.14 -13.29 3.21
0 96.01 -10.77 2.87
0 95.66 -8.99 2.09
0 95.44 -8.39 2.64
0 95.64 -8.66 3.69
0 95.58 -8.78 3.62
0 95.48 -7.18 2.76
0 94.6 -7.09 2.85
0.01 94.24 -4.49 3.41
0 94.89 -2.98 2.86
0 94.54 1.74 2.89
0.04 94.45 1.67 2.41
1.58 94.78 0.25 3.26
25.81 95.52 -8.61 5.99
0 95.53 -12.51 5.52
0 94.87 -9.44 3.98
0 94.78 -5.2 4.17
0 94.7 -2.2 3.88
0 94.7 -3.97 3.91
0.09 95.54 -7.24 3.56
0 95.5 -9.38 3.91
0 95.33 -9.91 2.5
0.01 95.5 -7.4 3.24
0 96.37 -10.86 2.3
0 95.98 -9.2 2.51
0 95.92 -8.66 3.21
0.06 95.25 -6.8 3.22
0.02 95.35 -7.39 1.95
0.09 95.66 -8.39 4.04
0.05 95.87 -8.88 3.32
0.02 94.95 -1.01 2.85
0 94.6 1.53 2.07
0 94.59 0.19 2.75
0.13 94.97 -1.21 1.43
20.91 94.76 0.27 4.1
0.02 94.78 -1.42 2.67
4.85 95.05 -4.72 4.26
0 95.8 -8.15 4.54
0 95.88 -7.84 3.78
0.02 95.66 -6.93 3.42
0 95.13 -5.51 2.03
0 94.5 -0.88 4.28
0 95.27 -1.99 2.7
0 95.09 1.6 2.63
0 94.53 5.03 2.75
0 94.38 8.52 3.28
0 93.96 10.5 5.43
0 94.45 7.28 4.61
0 95.34 3.48 1.92
0 95.55 5.62 1.89
0 95.19 8.7 2.88
0 95.57 5.09 4.42
0.01 96.12 1.78 4.87
0 96.12 1.95 3.51
0 95.79 3.02 3.15
0 95.4 7.63 3.29
0 94.8 9.49 2.57
0 94.18 11.25 3.82
0.42 94.66 7.1 3.58
0 94.59 8.85 3.38
0 93.65 15.6 4.78
6.49 93.94 10.23 5.31
0.42 95.01 5.89 4.32
0 95 8.07 3.7
0 94.19 10.68 3.68
0.05 94.51 10.08 2.45
0.61 93.85 12.76 5.11
0 94.25 9.94 5.08
0 94.16 11.79 5.97
0 94.48 6.78 3.03
0 95.12 4.76 3.32
0 94.55 7.13 4.64
13.86 93.72 9.32 2.64
0.11 93.47 10.82 5.41
0 94.58 11.03 3.31
0.21 94.07 15.67 5.32
9.14 94.04 10.7 4.32
2.62 94.04 6.04 4.43
3.47 94.33 6.54 2.6
1.66 94.63 8.22 3.73
0.02 94.29 14.11 2.97
0 93.47 15.52 6.35
0 94.01 10.44 6.24
0 94.55 10.98 3.06
0 93.99 14.66 4.85
0.52 94.88 9.95 3.2
40.11 95.09 7.6 2.07
2.21 94.68 11.66 1.74
0 94.84 12.31 2.29
37.53 93.99 12.75 2.63
0.05 93.62 16.76 2.69
36.79 93.34 21.23 4.2
172.28 94.17 10.86 2.26
43.55 93.29 11.49 4.81
0 93.76 15.94 3.23
10.26 93.71 15.8 5.25
0.02 94.05 12.75 6.25
0 94.81 15.39 2.65
0 94.24 18.94 4.55
1.22 94.45 16.86 2.62
0 94.13 17.33 2.26
1.79 93.29 20.11 4.26
139.8 94.06 11.37 4.87
0 94.89 15 3.71
25.77 94.51 12.27 4.14
0.85 94.37 12.8 3.54
0 93.85 18.4 3.36
0 93.97 23.42 3.57
0 94.22 24.7 4.27
0 94.44 23.09 3.78
0 94.6 22.88 3.61
0.02 95.36 19.2 3.83
0.02 95.28 17.91 2.46
33.4 94.38 14.98 1.91
28.97 93.3 15.54 4.82
6.02 93.58 18.69 3.36
0.19 94.07 18.68 4.86
0 93.98 22.04 4.77
0.05 93.6 24.59 4.22
0 94 18.99 4.52
0 93.71 22.37 4.68
8.08 94.51 17.4 1.99
0 94.56 20.01 1.42
0 94.17 23.42 2.59
0.01 93.83 24.75 3.28
0.02 94 23.11 2.76
0.1 94.23 23.55 2.07
13.2 94.42 19.67 3.44
3.5 94.45 19.3 1.91
0.05 94.2 22.01 2.75
21.58 93.86 20.93 4.1
84.78 93.62 20.51 4.6
41.23 94.15 17.74 2.42
11.1 94.04 19.2 2.05
2.35 93.7 19.79 1.99
81.59 93.61 15.53 2.06
13.23 93.63 18.42 1.86
2.02 93.23 20.01 2.31
56.35 93.28 20.47 1.86
2.92 93.83 20.35 2.95
0.01 93.92 23.41 2.57
25.51 93.56 25.36 2.9
26.96 93.59 23.93 2.36
20.83 93.62 22.78 2.15
13.76 93.91 21.12 3.18
3.23 93.93 21.15 3.9
0 94.09 24.5 3.18
0 94.04 24.74 1.89
25.11 93.76 23.41 2.72
44.83 93.85 19.39 3.16
114.28 93.71 20.45 2.23
65.91 93.77 20.13 1.82
0 93.93 20.52 1.75
0.2 93.88 22.24 1.54
0 93.99 25.64 2.83
0 94.15 25.12 3.07
1.36 94.37 25.35 1.89
0 94.46 26.78 1.65
0 94.37 27.56 2.77
0 94.12 27.15 2.7
0 93.91 28.15 1.85
0 93.66 29.18 2.46
4.78 93.34 29.53 3.41
101.86 93.67 21.78 2.03
0.67 93.97 24.33 2.51
0.71 94.33 22.39 2.73
4.4 94.01 19.69 2.12
3.97 93.88 19.03 2.3
4.26 94.13 21.69 1.64
0.19 94.11 23.88 2.12
11.68 94.18 24.39 2.74
150.73 94.33 21.17 2.21
833.03 93.86 20.63 2.74
28.65 93.59 23.41 1.75
5.47 93.46 26.92 2.94
0.21 94.01 25.7 2.11
447.65 94.05 20.11 2.88
2.12 93.9 22.21 1.55
3.19 93.69 24.06 2.44
37.31 93.67 23.47 2.15
15.13 94.04 23.1 1.74
116.17 94.29 23.62 2.08
46.91 94.44 22.04 1.66
17.52 94.54 22.61 2.05
0.18 94.54 24.58 1.69
0 94.46 26.13 1.43
0 94.4 27.15 1.82
0 94.29 27.12 2.04
431.76 94.03 25.28 1.91
151.57 94.44 23.46 2.49
0 94.52 22.06 1.24
0 94.13 24.1 2.37
0 93.91 26.98 3.39
0.53 93.92 28.99 3.08
8.29 94.04 25.28 2.36
0 93.99 24.68 1.81
0 94.27 23.77 1.88
2.91 94.17 23.35 1.55
116.38 94.02 21.23 2
8.12 93.89 22.54 1.33
222.65 93.85 20.19 1.87
9.7 94.3 21.13 2.19
24.32 94.4 21.68 1.72
0.82 94.55 22.64 1.86
0.96 94.62 23.16 1.63
9.82 94.12 21.27 1.71
24.65 93.95 23.21 2.4
165.39 94.72 17.52 3.92
0 94.98 17.97 2.22
3.72 94.64 17.98 2
1.85 94.61 18.66 2.07
0 94.79 17.89 2.09
0 94.23 17.44 1.9
14.14 93.16 16.3 4.13
19.93 93 15.56 2.7
4.63 93.65 19.11 1.62
15.3 94.18 18.37 1.18
117.47 94.43 17.44 1.5
35.25 94.36 17.14 1.31
19.95 94.23 18.9 1.44
1.65 93.97 19.09 1.63
9.41 94.06 17.95 1.64
55.05 94.38 16.18 1.89
19.86 94.53 16.01 1.7
43.37 94.9 15.05 2.22
10.05 95.14 15.69 1.4
3.07 95.05 17.13 1.28
60.93 94.85 18.46 1.68
0.02 94.75 19.4 1.66
2.42 94.86 18.09 2.04
1.29 95.27 15.71 1.96
21.07 95.42 13.47 2.05
0.08 95.44 13.6 2.5
0 95.29 13.93 1.41
0.54 95.04 14.78 2.24
3.6 94.69 16.55 2.22
2.06 94.4 18.39 1.96
0.99 94.12 20.44 3.55
0.04 94.83 16.94 2.23
8.28 94.6 16.96 2.09
2.02 95.37 11.52 4.82
0 95.78 8.01 2.25
0.03 94.96 10.03 2.21
0.05 94.62 15.89 2.26
6.36 94.46 19.14 3.57
1.72 94.51 16.01 2.25
0.59 94.53 14.86 3.29
109.33 95.1 6.82 2.33
8.24 95.17 5.63 1.91
0.36 95.7 8.17 1.5
49.01 94.82 10.78 2.9
0.55 95.07 5.85 4.93
0 95.28 4.7 1.72
0.74 94.88 5.84 1.71
0 95.44 5.46 35.57
0.5 95.39 7.43 1.42
0 94.99 11.9 1.42
0 95.07 13.31 1.64
0.1 95.22 15.19 2.63
3.4 94.69 14.42 4.44
0 95.2 9.7 2.27
0 94.93 12.38 1.91
0 94.82 12.57 2.4
1.03 95.74 3.81 2.59
38.04 95.09 4.96 1.88
43.9 95.79 1.73 2.52
0 95.4 2.38 1.54
0 94.75 3.7 1.55
0 94.38 8.51 3.45
0 95.57 2.58 2.07
12.85 95.58 2.59 1.27
6.36 95.79 1.95 3.2
0.15 95.84 0.41 2.7
4.54 95.56 -0.64 3.48
0 96.36 -5.16 3.21
0 95.97 -2.99 2.53
0 95.28 1.02 3.3
0 94.72 2.1 1.83
0 93.84 3.81 1.61
0 94.91 1.12 2.46
0.13 95.68 -1.48 1.96
4.31 95.92 -1.97 3.4
0 96.28 -4.19 1.69
0 95.62 -1.94 2.27
1.33 94.19 2.74 3.64
2.8 94.43 -1.44 1.92
0.25 94.97 -1.46 1.43
0 94.41 4.47 3.89
0 95.13 1.05 5.28
0 95.36 -3.28 2.11
0 95.14 -0.11 2.66
0 95.03 -0.79 2.46
0.19 94.54 -0.29 2.74
1.89 95.03 -5.1 2.05
26.54 95.55 -7.7 1.85
52.09 95.9 -9.67 2.57
0 96.25 -11.42 2.99
0 95.93 -10.5 2.85
0 95.44 -8.01 3
0 95.1 -5.52 2.07
0 94.64 -2.6 3.57
0 95.46 -6.55 3.09
0 95.88 -4.47 1.76
0.04 96.15 -5.3 1.87
2.59 95.01 -1.12 3.63
0 95.76 -3.59 3.9
0 95.47 0.95 2.97
0 94.73 3.56 3.5
0 94.89 -1.2 2.9
0.27 95.48 -5.89 3.55
0 94.92 -5.69 3.12
0 95.15 -6.71 2.44
2.34 94.57 -4.21 3.68
0 95.51 -7.52 2.26
0 95.65 -7.91 1.51
0 95.01 -5.38 2.8
8.78 95.41 -3.76 2.5
0 96.01 -9.31 3.51
0 95.92 -10.17 2.13
0.01 95.91 -9.02 3.09
0 95.1 -4.2 2.7
0 95.09 -4.45 1.19
0 95.26 -3.94 1.06
0 95.31 -3.29 1.15
0.02 95.64 -2.92 1.47
0.06 95.72 -5.43 2.68
4.51 95.37 -9.93 3.61
0 95.74 -10.72 2.37
0 95.61 -10.34 1.34
0.02 95.43 -4.92 4.01
0.68 96.12 -9.71 3.78
0 95.96 -11.24 2.22
0 95.66 -9.65 4.27
0 95.88 -8.63 3.24
0 95.39 -7.24 1.84
0 95.28 -6.39 1.61
0 95.07 -2.33 3.44
0 95.26 -4.51 2.33
0 94.92 -1.79 3.06
0 95.54 -5.48 1.46
0 95.83 -7.23 1.49
0 95.36 -3.31 1.71
8.58 95.43 -3.92 1.53
9.46 95 -4.82 2.17
0.01 95.14 -7.9 3.44
0 95.38 -10.74 4.03
0 95.13 -10.59 2.97
0.01 94.88 -11.66 2.76
0 95.02 -10.64 4.91
0 95.95 -11.99 2.12
0.06 95.92 -13.66 1.32
0.02 95.83 -13.23 1.43
0.12 95.62 -11.21 2.15
0 95.95 -11.5 1.81
14.17 95.64 -12.86 2.44
0 95.68 -13.45 2.18
0 95.32 -12.71 4.46
0 96 -13.85 2.69
0 96.13 -13.94 1.65
0 96.24 -12.6 1.2
0 95.61 -7.58 1.71
0.03 94.9 -3.86 4.86
0 95.4 -6.75 3.62
0 94.88 -7.87 2.8
0.25 95.74 -11.91 4.05
0 96.02 -10 3.61
0 95.46 -7.91 3.13
0 96.18 -8.14 3.55
0 95.59 -4.99 2.27
0 95.02 -3.69 1.7
0.21 94.69 -1.02 2.58
0 95.06 -6.03 3.59
0.01 95.98 -6.78 2.22
0.01 95.93 -7.83 1.07
0.02 95.72 -8.82 5.87
0.01 95.25 -9.9 6.04
0 95.44 -9.45 4.88
0 95.54 -6.92 3.16
0 95.53 -6.37 1.8
0 96.02 -4.85 1.56
0 95.85 -3.46 1.95
0 94.68 2.86 3.74
1.42 95.06 -3.38 4.43
0 95.63 -6.88 3.32
0 95.02 -5.3 2.7
0 93.98 -2.68 4.99
0 95.75 -7.28 4.26
7.12 95.51 -6.38 2.93
7.57 94.91 -3.94 4.44
0 95.41 -4.83 3.89
0 95.13 -2.18 3.74
0 95.1 -0.89 3.31
0 95.29 -0.76 1.64
0 94.95 1.62 3.05
0 94.93 0.63 3.03
0.29 95.32 -4.78 3.53
0 94.5 -0.54 2.62
0 94.62 -0.34 1.5
0.02 94.83 -3.96 2.32
0.1 95.23 -5.51 3.72
0.03 94.99 -7.61 4.18
0 94.99 -5.25 4.94
0 94.52 -0.6 3.84
0 94.33 0.71 3.06
0 94.54 3.31 2.03
0 94.82 4.18 3.19
0 95.63 -0.68 4.59
0 95.65 0.94 2.94
0 95.62 1.41 2.01
0 95.32 2.95 1.52
0 94.97 3.39 1.89
1.31 94.85 3.95 1.88
0 95.39 5.24 1.92
0.08 95.5 4.36 1.97
0.44 95.56 1.71 3.42
0 95.36 1.72 2.05
0 95.14 2.87 2.12
0.42 95.52 1.38 1.39
3.24 95.18 1.25 1.39
1.03 95.03 2.88 2.73
0.58 94.96 1.6 2.12
0 95.15 2.74 2.59
0 94.92 5.41 2.51
0 94.86 9.2 3.79
0.05 95.69 3.8 2.64
0 95.47 4.16 1.84
0 94.88 5.63 1.72
0 94.89 9.26 2.12
0 94.79 12.57 3.08
0 94.47 16.71 3.94
0.28 94.2 14.63 3.66
1.98 94.3 11.13 3.58
0.96 94.37 9.96 2.69
0 95.16 8.46 3.39
0 95.1 8.75 2.2
0 94.1 13.4 4.08
0 94.69 7.74 4
0 94.6 6.84 2.41
0 93.93 12.67 4.35
0 93.55 15.31 3.03
0 94 16.48 3.32
0.14 94.35 14.1 3.29
1.88 93.25 14.25 5.02
0.21 93.44 7.54 5.97
3.06 93.78 7.84 3.13
2.78 94.17 9.2 3.36
0 94.6 9.97 2.23
0.01 93.91 13.26 5.19
0 94.17 9.75 2.93
0 94.49 8.89 3.42
0.01 95.14 8.67 3.77
0 95.17 10.42 4.99
0 94.36 15.09 4.64
0 93.83 17.03 3.32
0 93.49 20.82 4.44
0 94.38 16.53 2.43
0 94.67 18.06 2.55
0 94.62 21.75 4.04
1.19 94.53 19.34 5.53
8.19 94.51 14.9 3.65
15.15 94.2 9.55 6.14
0 94.45 10.43 6.44
0 94.31 18.24 4.35
0 94.02 20.56 2.53
0 93.72 21.09 4.28
0.2 93.78 19.38 3.2
0.02 93.93 14.99 5.23
0 93.78 12.73 4.84
1.78 94.02 12.03 4.57
0.14 94.74 13.66 4.99
0 94.69 16.43 2.43
0 93.9 20.04 1.73
0 93.71 24.01 2.12
0 93.7 28.98 3.74
1.1 94.1 26.6 3.37
1.53 94.38 23.46 2.71
4.43 94.75 14.63 3.63
193.19 94.83 9.31 2.29
0.02 94.58 16.45 2.29
0.01 94.18 19.47 2.11
0.05 94.72 14.97 3.01
0 94.22 19.24 2.5
0 93.83 21.81 2.9
0 94.16 22.14 4.06
15.01 94.44 17.31 2.72
0.4 93.91 20.1 3.18
8.5 93.47 20.3 3
0 93.96 17.51 3.5
116.9 94.27 11.19 1.85
0 94.37 15.67 2.29
0 94.39 19.86 2.42
0 94.5 21.7 2.17
22.32 94.19 15.64 2.47
0.83 93.94 18.69 2.81
0.21 93.84 21.72 3.88
0 93.96 20.76 3.7
0 94.3 18.81 2.01
3.58 94.45 18.28 1.8
31.31 94.74 18.37 1.74
0 94.76 20.72 2.1
0 94.33 26.99 2.39
0.1 94.06 27.26 1.48
1.2 93.9 26.25 2.92
10.65 93.8 23.86 2.2
41.87 93.81 20.45 2.57
64.17 93.7 19.32 1.8
5.22 93.77 19.89 2.5
0.28 93.95 21.21 2.31
74.41 94.32 18.37 1.47
94.3 94.21 17.06 1.69
3.9 93.94 19.08 1.41
2.72 93.91 22.01 1.39
0 94.08 24.07 1.65
18.41 93.93 25.29 3.18
22.67 93.94 26.79 3.22
0.06 93.83 27.48 3.02
5.54 93.75 27.32 2.63
17.87 93.63 27.19 2.17
22.71 93.82 25.07 2.55
0.31 93.93 25.61 2.16
14.32 94.08 24.01 1.83
43.57 94.24 22.39 1.52
33.77 94 24.01 2.7
621.37 93.19 22.61 2.44
20.4 93.13 24.63 2.72
31.85 93.3 24.67 2.76
0.34 93.28 24.08 1.91
0 93.54 25.35 2
0.34 93.62 28.46 2.37
83.24 93.41 27.59 3.3
11.62 93.86 25.01 1.93
8.96 94.17 26.15 1.68
0 94.29 27.16 1.71
0 94.2 28.49 1.83
0.01 93.93 28.86 2.77
22.96 93.73 26.46 2.84
37.72 93.75 21.84 2.43
30.86 94.47 21.16 1.96
16.45 94.44 21.2 1.65
1.73 93.97 23.78 1.23
0.95 94.11 23.88 1.61
0.27 94.31 23.98 2.02
19.59 93.94 22.6 2.76
0.88 94.19 22.95 2.52
0 94.68 23.06 1.56
0 94.23 23.6 1.65
94.52 93.84 23.25 3.07
0.04 93.99 25.19 1.83
0.52 94.05 26.28 2.4
26.31 93.82 25.09 1.98
712.26 93.28 22.76 1.84
16.1 93.67 23.81 1.44
66.72 93.71 24.2 2.23
28.37 93.56 22.3 1.98
1.8 93.61 23.71 2.22
15.63 93.48 22.44 1.44
36.55 93.29 20.5 1.57
13.73 93.38 23.02 1.36
8.71 93.78 23.76 2.47
30.11 94.14 22.77 1.97
0.25 94.3 23.48 1.72
15.13 94.24 22.15 1.62
20.8 94.16 21.33 1.55
303.91 94.24 19.22 2.42
63.61 94.39 20.36 2.01
35.76 94.53 21.25 1.82
14.38 94.55 21.65 1.94
5.76 94.16 22.25 1.83
0.99 93.91 25.6 1.98
21.35 94.38 22.68 2.14
306.11 94.29 18.83 2.03
0.02 94.27 20.02 3.86
0 94.35 18.12 3.58
0 94.66 19.02 2.1
12.15 94.36 16.75 2.72
3.69 94.84 15.81 2.77
0 94.94 14.32 1.99
0 94.69 16.79 2.28
0.34 94.69 16.95 1.6
1.75 94.52 19.71 1.84
8.39 94.54 19.32 1.88
4.5 94.43 19.8 2.46
2.69 94.27 20.93 2.72
0.03 94.18 20.1 3.66
0 94.09 19.14 1.76
0 93.87 21.41 2.05
1.29 94.45 17.94 2.71
7.16 94.46 17.93 2.12
70.45 94.34 16.38 1.58
0.02 94.6 16.32 2.14
0 95 15.24 1.62
0 95.23 15.87 1.69
2.37 95.18 17.79 2.39
4.62 94.98 18.45 2.12
0.56 94.56 19.05 2.72
0.01 94.4 17.34 2.47
0 93.84 19.27 2.02
0.15 94.31 15.4 3
0 94.66 15.13 1.58
0.58 93.98 19.5 3.11
12.66 94.04 16.79 3.64
0 94.2 17.94 3.77
0.07 94.53 17.71 2.48
15.79 94.48 15.88 2.55
28.86 94.79 12.87 1.9
0.05 94.73 9.88 2.26
0 94.63 8.8 3.57
0 94.46 9.91 2.7
0 94.56 13.5 2.41
0.07 94.77 14.79 3.84
0 95.52 8.79 2.59
0 95.85 7.64 2.04
0 95.58 9.61 2.44
0 94.88 14.37 3.77
0 94.66 15.24 2.92
0 95.02 13.88 2
10.87 95.31 11.95 1.62
82.61 95.97 8.52 3.33
24.08 95.98 4.76 2.52
0.93 95.74 4.83 3.15
0.97 95.36 4.45 2.35
0 95.24 5.93 3.07
0.01 95.82 4.47 1.16
25.09 95.86 6.68 1.85
0.06 96.2 5.19 1.8
0 96 5.44 1.75
2.58 95.32 8.44 1.64
0.05 95.15 8.68 1.34
0 94.82 11.65 2.41
0.01 95.58 6.73 1.73
9.61 95.66 3.72 1.65
0.06 95.65 5.06 1.62
0 95.42 7.06 1.81
0 95.52 7.69 1.31
0 94.88 10.13 1.57
0.02 94.73 11.2 1.89
0 95.62 6.46 4.68
0 96.12 1.65 3.76
0 95.56 5.32 2.38
0 94.66 8.37 2.8
