1.01 96.52 -14.28 1.51
0.03 97.21 -15.66 1.84
26.35 97.08 -17.76 1.52
6.3 97.27 -17.33 3.21
0 97.64 -19.48 1.85
0.01 97.81 -19.21 1.86
0.1 97.9 -16.81 1.47
14.76 97.31 -15.31 1.07
7.05 97.44 -14.39 1.45
0 97.75 -14.72 1.44
0 97.73 -15.22 2.38
0 97.18 -18.37 2.75
0 97.22 -16.23 2.41
0.71 97 -14.92 1.22
0 98.1 -14.28 1.37
0 97.7 -13.48 1.11
0 97.34 -10.42 1.09
0.02 97.25 -6.63 1.19
0 96.71 0.29 2.5
0.1 97.82 -7.95 4.55
0 97.87 -12.1 2.59
0 97.59 -10.73 3
0 97.07 -8.26 2.59
0 96.45 -7.85 3.6
0 97.48 -9.11 2.98
0 107.14 -5.35 2.67
3.93 96.3 -3.22 2.17
0.01 97 -9.59 3.26
0 96.57 -5.24 3.39
0 96.57 -5.47 1.49
0 97.15 -7.99 1.62
0.3 97.34 -10.39 1.88
0 97.38 -13.6 1.92
0 97.33 -12.79 1.94
0 97.27 -12.73 1.76
0 97.61 -12.72 1.42
0.03 97.57 -10.95 2
6.59 96.65 -3.59 2.54
0 96.61 -3.49 1.82
0 97.2 -5.76 2.28
0 97.79 -8.94 3.24
0 98.22 -10.98 3.68
0 98.01 -11.02 1.79
0.05 97.39 -9.93 1.89
0 97.77 -9.4 2.33
0 97.97 -11.93 1.71
0 97.54 -9.92 1.75
0.01 97.06 -7.57 2.82
0 96.91 -8.23 1.99
0 96.34 -4.03 1.7
0 96.17 -4.76 1.6
0 96.25 -3.35 1.87
0 96.43 -4 2.25
0 95.37 1.36 2.15
6.98 95.55 0.09 1.79
0 96.65 -4.13 2.75
0.34 96.89 -3.69 1.79
4.84 96.59 -4.4 2.04
2.77 97.14 -5.7 2.57
0.19 96.9 -6.33 2.11
0.52 96.64 -2.48 3.12
0 96.81 -2.21 2.62
17.97 96.25 -0.12 2.54
3.53 97.36 -7.22 3.37
0 98.07 -9.32 2.04
0.02 98.31 -9.58 2.06
4.15 98.63 -8.73 2.67
0.02 97.89 -8.64 2.55
0 96.57 -3.81 2.43
0.25 95.54 2.31 3.23
0.7 96.51 -2.7 4.22
0 97.27 -2.66 1.94
41.32 96.68 -0.54 1.76
2.04 96.6 -1.96 4.25
0.02 97.04 -3.68 2.12
0 97.43 -4.09 2.12
0 96.55 -2.64 2.68
0.6 95.07 4.01 2.85
37.44 95.63 0.1 3.22
0 96.12 0.95 2.52
0.06 96.04 4.94 3.57
0 96.78 3.08 2.64
0 97.2 0.76 2.67
0.04 97.27 -2.39 2.91
0.37 96.77 -1.42 2.02
1.22 97.36 -0.91 2.04
0 97.28 3.64 1.75
0.12 97.1 5.87 2.05
6.83 96.52 8.75 3.84
2.83 96.17 8.17 3.68
0 96.62 3.7 4.84
0 96.67 1.19 3.7
0 96.42 4.5 3.43
0 95.99 9.61 3.13
8.19 96.57 4.02 2.43
0.02 97.28 2.78 2.11
0 96.79 7.27 3.2
0.35 95.64 11.94 5.07
43.34 96.28 2.93 2.53
0 96.61 4.47 2.69
3.08 96.54 3.63 2.05
28.63 96.36 1.77 2.86
0.03 97.17 0.25 4.58
0 97.32 2.42 2.2
0.17 96.67 5.24 2.85
10.35 96.81 4.12 1.74
0 96.9 5.77 2.53
11.35 96.15 11.39 2.67
69.15 96.56 8.54 1.67
0.27 96.91 8.99 1.76
0.2 97.13 10.76 2.16
1.13 96.9 10.04 2.39
0.11 96.85 9 1.98
0 96.49 12.88 3.01
4.45 96.29 13.57 4.14
57.21 96.07 5.18 2.91
7.05 95.62 3.85 3.16
0.12 95.77 6.16 5.06
2.03 95.93 7.98 3.98
4.46 96.19 12.05 2.43
0 95.63 17.26 1.97
0 95.34 19.33 3.42
0.95 95.88 17.23 2.13
7.13 95.39 262.67 2.59
254.99 94.94 12.13 2.84
7.48 95.47 14.03 3.81
19.63 95.53 12.82 1.82
2.25 95.79 15.91 2.27
59.18 95.62 11.12 2.77
8.9 95.48 10.47 2.17
1.49 96.46 10.89 2.61
0 96.75 13.45 1.67
0 96.72 15.98 1.61
2.7 96.37 17.12 2.93
4.12 96.21 19.99 2.5
2.44 96.41 18.82 2.65
45.58 95.98 15.4 2.48
115.25 95.07 12.93 2.34
0.24 94.79 18.83 4.16
0 95.57 22.36 2.43
0 95.74 23.67 2.48
0.44 95.69 22.19 1.93
2.81 95.31 21.02 2.41
7.63 95.46 17.88 3.77
0.86 96.1 21.7 3.36
0.17 96.53 22.18 2.09
8.65 96.55 19.41 1.76
77.15 96.03 15.6 2.16
39.9 95.58 16.84 2.19
66.9 95.97 15.49 1.75
14.69 96.58 16.79 1.52
3.28 96.54 18.15 1.59
1 96.65 19.16 1.63
0 96.72 20.42 1.72
0.01 96.52 21.19 2.16
0 96.22 22.39 2.21
0 96.2 22.81 2.39
0 96.34 23.75 2.73
0 96.44 24.23 2.64
0 96.49 24.46 1.81
3.88 96.37 21.51 2.01
0.15 96.17 20.84 2.53
0.71 95.81 22.09 1.99
15.82 95.58 22.42 2.77
39.66 95.43 22.14 2.65
0.74 95.26 23.94 2.3
22.11 95.35 24.27 1.8
111.26 95.47 21.02 1.81
14.1 95.53 20.39 1.65
1.8 95.61 22.75 1.41
0.12 95.95 23.62 2.63
0.03 95.59 23.84 1.84
9.74 95.87 21.43 2.36
0 96.03 23.2 1.57
0 95.92 24.9 1.97
0 95.91 25.44 2.15
0 95.82 25.13 1.8
35.72 95.61 22.4 1.7
101.96 95.52 22.6 1.4
0.58 95.57 24.29 1.49
0.11 95.42 24.62 1.44
140.4 95.29 22.01 1.85
4.23 95.26 25.38 1.72
0.06 95.3 27.59 1.47
12.96 95.28 26.91 1.89
0 95.25 27.08 2.48
0.06 95.4 25.67 2.4
18.41 95.71 22.47 1.87
4.6 95.87 23.32 1.87
1.64 95.88 22.95 1.96
82.17 95.72 21.05 1.72
76.97 95.66 21.41 1.42
255.96 95.9 20.71 1.25
9.54 96.15 22.96 1.32
0 96.13 24.29 1.79
87.58 95.76 22.88 2.08
10.21 95.54 24.69 2.74
2.32 95.74 25.75 2.28
4.28 95.69 26.85 2.16
27.38 95.81 25.32 2.14
379.18 95.64 22.79 1.57
3.31 95.87 24.43 1.48
2.69 95.99 26 1.56
3.42 96.05 26.56 1.59
2.78 96.19 27.42 1.77
1.5 96.07 27.67 2.35
12.91 95.96 26.78 2.03
11.44 95.6 26.97 2.32
113.14 95.19 27.01 2.46
6.97 95.12 24.11 1.57
29.25 95.15 25.87 1.38
181.34 95.43 22.75 1.47
0 96.06 22.34 1.85
0.03 95.98 23.21 1.52
13.69 95.34 24.11 2.21
74.54 95.48 23.48 1.55
198.26 95.86 22.27 2.33
0 96.64 21.23 1.47
15.07 96.28 21.29 1.59
141.06 95.58 22.39 1.93
19.59 95.6 23.1 1.98
0 95.84 22.6 1.85
0 95.59 24.7 1.97
12.94 95.29 24.89 1.72
1.59 95.19 25.98 1.95
53.94 95.09 24.61 2.52
0 95.57 22.65 2.34
0 95.94 23.18 1.62
8.38 95.99 23.59 2.19
11.94 96.2 23.51 2.11
212.45 96.31 22.47 1.75
2.27 96.57 23.64 1.62
269.88 96.45 19.32 1.58
89.96 96.42 18.88 1.45
0.65 96.45 20.27 1.33
0 96.4 22.29 1.49
0.1 96.57 22.08 1.36
1.82 96.71 22.18 1.82
0 96.43 21.52 1.71
2.59 96.26 20.88 1.3
28.45 95.89 21.49 1.5
14.75 96.02 21.39 1.42
1.98 96.09 22.27 1.63
30.63 96.54 21 1.46
3.07 96.67 21.59 1.42
0.02 96.56 20.19 1.26
0 96.33 19.9 1.43
0 96.13 21.98 1.52
3.92 96.24 23.22 1.45
0 96.76 19.41 1.97
0 96.66 17.86 1.41
2.06 96.25 18.14 1.31
10.15 95.87 19.64 1.47
0.3 96.09 20.17 1.34
0 96.23 21.36 1.19
3.8 96.31 22.47 1.29
0 96.43 22.58 1.44
3.82 96.25 21.81 2.15
143.19 96.52 16.31 2.08
228.25 96.64 10.23 2.18
224.58 96.55 12.28 1.38
0 96.31 15.96 1.3
45.03 96.45 15.01 1.85
219.84 97.12 10.16 2.59
0 97.11 10.5 1.84
0 96.88 13.04 1.47
1.25 96.64 14.81 1.51
6.75 96.43 15.44 2.44
0.44 96.57 14.24 2.04
0 96.48 11.99 3.62
0 97.33 9.89 2.56
0 96.95 10.46 1.46
0.02 96.67 14.57 1.67
1.16 96.9 14.24 1.42
399.33 96.56 9.78 2.28
64.34 96.55 7.96 3.21
0 96.72 9.93 1.9
0 96.39 12.87 1.33
0 96.29 16.16 1.95
0 96.47 17.09 2.24
0 96.41 16.61 2.19
0 95.94 16.17 2.35
25.34 96.39 12.5 1.91
140.02 96.84 6.95 2.42
0 97.04 8.36 1.31
0 96.57 10.4 1.48
0 96.74 9.77 2.47
0 96.34 8.57 2.68
0 97.03 4.93 2.5
0 97.69 2.27 1.29
24.67 97.63 0.96 1.32
51.55 97.62 2.07 1.37
0 97.53 3.04 1.26
0 97.03 4.97 1.37
0 96.75 9.37 1.64
5.54 96.83 10.49 1.97
7.63 97.34 4.54 3.11
0 97.76 1.3 3.38
0 98.46 -0.52 2.43
0 97.67 0.82 1.53
0 97.5 4.56 1.61
0 97.48 5.85 1.34
0 97.53 6.1 1.33
0 97.32 6.18 1.61
0 97.81 3.44 3.26
0 97.48 2.1 1.82
0 96.99 5.85 1.73
0 97.08 5.05 1.25
0 96.78 6.98 1.57
0 96.46 7.75 1.45
7.63 96.54 4.98 2.74
0.37 97.11 0.96 2.97
0 96.84 -0.63 1.26
0 96.45 0.87 1.48
49.23 95.8 1.92 3.25
1.39 96.35 0.15 1.91
1.37 97.3 0.25 3.17
0 98.29 -3.47 2.32
0.04 97.71 -2.72 2.13
0 96.98 0.67 1.45
0 96.96 1.32 1.74
0 96.63 4.9 2.56
0 96.14 4.05 1.96
0 95.9 5.4 1.58
0.32 96 2.81 3.87
0 96.8 -2 1.78
0 96.72 -1.34 1.82
0.01 96.89 -0.99 3.36
0 97.17 -5.39 2.06
0.3 96.4 -5.03 1.99
0 96.69 -5.11 5.31
0.19 96.86 -6.47 1.72
0.19 96.76 -5.75 1.38
0 96.43 -2.21 1.88
0.04 95.95 -1.07 1.76
0.06 96.49 -5.27 3.17
0 96.74 -5.97 1.99
0 95.7 1.89 2.25
0 96.9 -1.47 3.11
0 97.56 -4.83 2.91
0 96.29 -4.19 2.04
0 96.23 -5.27 1.75
0 95.83 -4.4 1.81
1.1 95.53 -6.06 3.73
0 96.65 -10.29 2.05
1.12 96.9 -11.55 2.41
0.16 97.7 -13.6 3.04
0 97.66 -14.85 3.12
0 97.38 -14.19 2.94
0 96.08 -8.71 2.78
0 95.9 -5.65 1.76
0 95.91 -3.86 1.64
0 96.18 -3.01 2.18
0 96.42 -1.05 1.76
0 96.12 -5.29 1.34
0.21 96.67 -8.14 2.71
0 97.99 -14.55 3.44
0 98.01 -15.2 2.84
0 97.09 -14.14 2.54
0 95.99 -11.56 2.39
0 95.64 -8.17 2.05
0 96.28 -10.66 2.8
1.55 96.53 -11.13 1.94
0.03 96.69 -11.61 4.16
0.21 97.16 -10.49 4.63
0 97.75 -10.48 2.78
0 97.93 -11.47 2.23
0 97.54 -11.61 1.16
0.01 97.14 -11.77 1.51
0.03 97.28 -10.96 3.55
0 97.9 -9.79 3.08
0.02 97.28 -8.34 1.8
0.22 97.07 -8.29 3.02
0 97.7 -12.26 3.13
0 96.99 -10.89 2.22
0 96.48 -10.75 3.33
0 96.69 -12.18 1.7
0.01 96.63 -10.47 2.08
0.03 97.63 -13.31 2.6
0 98.09 -16.26 3.26
0 97.88 -14.96 1.77
0 97.71 -13.73 2.09
0 97.45 -14.05 2.3
0 97.4 -13.61 2.77
0 97.32 -12.32 1.75
0 97.12 -12.11 1.54
0 97.12 -12.06 2.44
0.05 97.39 -13.34 3.17
0.01 97.56 -13.47 1.74
0.13 97.72 -13.61 1.97
0 98.16 -13.85 1.58
0 98.46 -13.2 2.16
0.02 97.98 -12.88 2.31
0 97.69 -13.28 3.08
0 97.48 -10.88 2.54
0 97.05 -4.35 2.26
0 96.71 -4.55 1.48
0 96.64 -6.66 1.32
0 96.55 -5.8 1.91
0 96.76 -5.1 1.89
0.03 96.08 -4.06 3.33
0.03 96.49 -2.14 2.35
0 96.24 -5.38 1.83
0.64 96.28 -5.66 2.76
0.37 97.17 -8.67 1.89
2.15 97.18 -8.44 1.47
1.27 97.4 -11.39 3.44
0 97.57 -11.29 2.02
0.28 97.45 -10.18 1.8
0.22 97.47 -11.11 1.52
0 96.81 -5.04 2.68
0.61 96.67 -4.68 1.62
1.33 97.06 -3.48 2.31
0 97.09 -4.12 1.63
0 96.93 -0.54 1.61
0 97.26 -0.51 1.48
0 96.91 0.73 1.75
0 96.46 1.75 2.9
2.1 96.16 1.84 2.17
0.23 96.86 -2.07 2.7
0 97.58 -3.96 1.62
8.85 97.03 -1.77 3.17
1.3 97.61 -7.18 3.83
0.06 97.21 -6.36 3.02
0 96.93 -5.17 2.67
0 96.95 -5.38 1.96
0 97.06 -3.5 2.46
0 96.74 -0.88 1.79
0.14 96.18 2.74 2.38
0 96.94 -0.21 3.22
0 96.71 -0.1 3.53
0 96.76 -1.94 3.66
0 97.15 -0.66 3.09
0 96.84 0.99 2.73
0 96.31 2.57 2.57
0 95.53 7.27 1.98
0.02 96.16 4.18 3.76
0 97.38 -0.54 3.87
0 97.11 -3.03 4.16
0 96.88 -2.05 2.69
0 96.34 3.4 2.69
0 95.9 6.06 4.03
0 96.35 3.24 2.89
0 96.45 1.75 2.44
0.98 97.09 -1.4 3.56
0 97.23 -1.39 2.55
0 96.94 -0.69 2.14
0 97.07 -0.54 3.73
0 103.97 0.74 2.17
0 103.92 1.96 2.23
0 103.73 4.02 2.38
0 104.02 3.79 1.96
0 103.68 7.64 2.35
0 103.4 8.79 1.93
0 102.94 11.13 3.13
0 104.16 4.26 4.08
0 104.16 3.92 2.47
0 103.73 6.3 2.03
0 103.64 8.31 1.55
0 96.79 10.09 2.69
0.07 96.12 10.78 4.55
1.16 96.34 9.18 3.74
0 96.42 8.67 3.41
0 96.12 10.83 3.58
4.37 96.84 6.85 3
0 96.57 9.8 2.75
0 95.94 15.14 3.04
0 95.98 14.59 1.83
0.09 95.26 16.31 2.76
0 96.03 12.18 4.31
0 95.95 12.47 3.71
3.81 95.77 10.06 5.52
0.69 96.41 8.08 4.78
0 96.39 10.52 2.3
0 95.75 14.56 3.29
57.99 96.45 8.74 2.5
3.44 96.35 7.78 2.04
11.22 96.09 6.83 2.54
3.05 95.7 7.6 3.37
0.3 95.28 9.42 1.88
17.66 95.25 9.57 2.18
1.12 95.93 8.76 2.87
0 95.5 10.52 1.89
56.82 94.91 9.2 1.55
11.63 94.82 10.11 2.33
1.66 95.69 14.64 3.25
0.2 95.93 13.38 3.31
0 96.29 13.78 2.52
3.1 95.91 13.1 2.56
147.27 95.16 10.3 2.75
0.15 95.11 11.74 2.76
0.02 95.61 14.35 2.36
3.75 95.75 14.84 3.26
38.22 95.4 16.64 2.34
0 95.66 18.67 1.89
0.14 95.35 17.69 3.58
0.78 95.31 14.4 5.29
0 95.47 16.59 5.28
0 95.58 17.61 3.52
0 96.09 15.18 3.3
0 96.11 15.56 1.96
0.01 95.06 17.99 2.61
24.4 94.82 18.3 3.3
14.64 95.91 15.24 2.89
1.01 96.06 13.57 2.95
0.51 95.99 13.88 3.56
0 95.81 18.87 3.08
0 95.93 19.97 2.76
0 96.08 21.73 3
4.63 96.06 20.95 3.52
14.57 96 19.16 4.05
0.07 95.79 20.46 2.85
0.45 95.65 23.71 4.28
10.64 95.66 22.88 2.51
30.64 95.21 20.15 2.93
10.4 95.11 17.95 2.44
0.06 95.6 20.06 2.29
6.27 95.37 20.81 3.96
9.17 95.38 20.21 2.95
0.25 95.65 20.68 1.83
1.32 95.55 23.38 2.14
37.48 94.95 24.28 2.83
20.94 94.64 22.1 2.25
38.33 94.87 21.49 1.96
0 95.27 23.32 2.34
68.64 95.22 21.1 1.94
195.32 95.4 16.9 1.83
8.14 95.56 19.95 1.98
15.86 95.63 21.84 1.67
51.29 95.44 20.99 1.99
80.61 95.42 18.96 1.94
85.96 95.63 17.73 1.6
2.06 95.75 20.66 1.48
0 95.69 22.74 1.48
0 95.58 24.65 2.09
0.04 95.3 26.02 2.49
0 95.21 26.8 2.6
8.07 94.96 23.08 2.18
103.92 95.12 17.91 2.44
1.98 95.83 20.57 2.35
0 96.2 21.46 1.73
9.78 95.56 22.03 2.79
17 94.93 22.36 2.07
4.91 95.19 24.54 2.36
0.06 95.36 23.97 2.72
25.72 95.27 23.19 2.34
30.76 95.29 22.72 1.6
0.27 95.14 23.99 1.95
0 95.24 24.8 2.17
0 95.4 25.84 1.9
42.08 94.99 22.72 1.91
0.76 94.66 25.37 2.7
128.68 94.73 19.49 1.75
19.67 94.82 20.12 2.37
4.44 95.46 22.22 1.67
9.6 95.66 23.78 2.1
9.36 95.73 24.3 2.21
14.72 95.75 23.78 2.2
1.3 95.53 24.26 1.52
71.12 95.6 22.89 1.89
16.74 95.59 23.35 1.45
35.07 95.48 23.12 1.59
18.49 95.52 22.23 1.6
39.67 95.55 22.98 1.3
186.24 95.38 21.62 1.36
95.15 95.36 21.61 1.3
113.17 95.33 22.17 1.7
43.09 95.28 23.59 1.82
0.61 95.33 25.34 1.54
37.21 95.34 25.63 1.95
525 95.12 22.63 2.21
102.28 95.05 23.64 2.02
22.99 95.3 23.38 1.94
1.08 95.48 25.23 1.6
40.56 95.64 23.13 1.39
193.25 95.29 21.45 1.57
0.02 95.36 23.89 1.57
0.42 95.5 25.08 1.74
1.62 95.86 23.74 1.6
0.07 95.51 23.86 2.03
0 95.44 24.29 1.89
0.03 95.65 24.37 1.62
10.19 95.66 23.27 1.34
14.95 95.67 23.9 1.4
24.07 95.22 24.19 1.61
15.9 95.36 25.58 1.59
0 95.78 25.41 1.19
0 95.63 25.84 1.41
0 95.37 25.77 1.71
9.01 95.11 25.55 1.73
63.31 95.41 23.05 1.78
332.25 95.48 19.79 1.56
32.04 95.49 22.28 1.53
28.39 95.7 21.72 1.23
0.25 95.95 22.34 1.36
0.22 96.13 22.42 1.37
0 96.11 23.64 1.38
1.09 95.98 23.93 1.67
37.83 96.18 21.69 1.59
0 96.21 21.25 1.24
32.06 96.19 20.84 1.48
8.8 96.41 20.94 1.42
0.58 96.51 21.47 1.26
27.64 96.31 19.66 1.38
14.55 95.96 21.34 1.2
1.55 95.87 22.69 1.42
0 95.8 23.61 1.38
36.94 95.54 23.23 2.38
2.55 96.05 20.07 1.77
0 95.87 20.29 1.36
5.21 96.36 19.44 1.74
0.43 96.31 19.58 1.27
0 96.35 19.02 1.29
0 95.95 19.75 1.32
15.93 95.55 19.58 2.32
6.55 96.2 14.89 1.92
0.27 96.78 14.69 1.74
6.88 97.08 13.97 1.62
20.86 96.56 16.89 1.72
0.38 96.29 17.46 1.95
0.13 95.9 19.92 2.67
8.16 95.89 18.39 1.79
8.69 96.07 16.45 1.58
56.17 96.42 14.39 2.31
0 96.83 11.25 2.38
0 97.28 10.79 1.86
0 97.12 11.22 1.34
0 96.77 12.36 1.48
0 96.36 13.6 1.53
0 96.43 14.67 1.87
0 96.39 15.12 1.74
0 96.14 17.55 2.32
0.09 96.4 18.5 1.92
0.16 96.59 18.75 2.3
0.03 96.44 17.74 1.98
4.15 96.22 16.51 1.87
0.22 96.62 11.65 2.83
0 97.18 8.12 2.28
0 97.22 8.55 2.44
0 97.69 8.75 2.47
0 97.36 9.73 1.49
0 96.69 11.57 2.07
0 96.07 13.5 2.72
0 96.66 10.88 1.84
0 96.67 10.85 1.35
0 96.47 14.15 2.09
0.16 96.78 14.77 2.1
0 97.34 10.57 1.31
0 97.07 12.16 1.43
0 96.49 14.28 1.28
61.82 95.95 11.39 1.48
7.41 95.84 10.43 1.65
1.37 95.47 10.03 2.27
0.93 95.96 10.45 3.38
0 97 6.43 2.07
0 97.08 9.02 1.47
0 96.89 11.03 1.89
0.01 96.74 14.21 2.56
0 96.64 13.65 1.76
0.3 96.49 12.1 1.25
24.87 96.99 6.42 3.22
0.01 97.39 3.72 2.93
0 97.46 4.66 1.6
0 97.02 6.32 1.45
0.93 96.87 8.14 2.23
0 97.13 6.93 1.33
0 96.8 7.31 1.46
0 96.64 9.24 2.38
0 96.85 11.07 3.17
3.77 96.99 12.49 2.34
0.25 97.56 7.31 1.57
1.01 97.3 8.4 1.31
2.08 96.99 10.79 2.13
0.44 97.63 5.1 3.08
0.06 97.53 3.62 1.65
0 97.48 4.05 1.61
0 97.43 4.24 1.47
0 97.25 2.82 1.17
0 96.64 2.94 1.25
0 96.07 4.54 1.82
0 96.3 6.6 2.59
0.04 97.1 0.37 2.42
0 97.23 -2.58 1.55
0 97.31 -1.74 1.36
0 97.44 2.01 1.87
74.15 96.86 2.18 1.03
10.13 96.54 0.87 2.69
2.16 96.83 -3.38 3.18
0 97.38 -5.19 1.85
0 97.37 -3.32 1.53
13.79 96.88 -3.67 2.36
0.15 97.56 -6.69 2.86
0 97.29 -7.27 1.05
0.1 97.31 -5.46 1.44
0.28 96.6 0.53 1.52
0 96.68 -0.75 1.17
0 97.44 -1.66 2.33
0 98.03 -6.06 1.84
0 98.32 -6.68 2.05
0.1 97.63 -6.93 1
0.04 96.87 -4.94 1.02
0 97.08 -5.51 1.39
0 97.43 -6.98 0.99
2.36 97.69 -7.03 0.9
2.44 97.6 -3.84 0.99
1.7 97.86 -5.53 2.47
0.03 98.21 -10.43 3.69
0 97.87 -10.57 2.5
0.01 97.04 -6.78 3.17
0 97.02 -3.04 2.07
0 97.51 -5.76 1.42
0.01 96.84 -3.23 2.47
0 97.51 -7.55 3.85
0 97.76 -11.42 2.97
0 97.91 -11.65 2.87
0 97.62 -10.2 1.85
0 97.67 -9.83 1.66
0 97.56 -10.19 1.09
0 97.24 -9.51 1.56
0 97.17 -8.52 3.19
0 97.48 -10.48 2.02
0 96.96 -8.72 2.26
0 97.14 -11.29 1.58
0 97.65 -11.44 1.44
0 97.93 -10.68 1.42
0 97.43 -7.75 1.45
0 97.74 -9.27 1.71
0 98.15 -13.26 1.26
0.22 97.62 -12 1.17
0.01 97.34 -9.62 1.53
0.19 97.75 -10.35 1.67
0.87 97.2 -10.79 2.13
0.16 97.33 -11.63 3.27
0 97.59 -11.38 2.07
0 97.35 -10.64 1.54
0 98.17 -12.81 1.4
0.26 98.1 -13.73 1.05
0 97.64 -11.12 1.2
0 97.62 -12.41 1.16
0.1 97.64 -11.42 2.62
0 97.83 -11.79 2.36
0 96.89 -7.06 2.23
0 97.13 -8.46 1.68
0 97.04 -8.52 1.57
0 96.8 -9.59 1.05
0.07 96.58 -7.88 1.13
0.16 96.79 -9.42 1.06
0 96.98 -9.6 1.13
0 97.39 -9.87 1.11
0.02 98.04 -11.88 3.23
0 97.96 -15.93 2.92
0 97.66 -16.61 2.14
0 97.14 -15.8 1.87
0 96.97 -14.83 2.43
0 96.59 -13.18 2.29
0 96.64 -12.01 1.6
0 97.18 -12.56 1.55
0 97.43 -13.43 1.36
0 97.81 -14.13 1.49
0.11 97.47 -15.54 1.41
0.82 96.93 -14.14 3.15
0 97.76 -15.93 3.57
0 97.79 -14.8 2.52
0 96.78 -11.94 2.34
0 96.88 -9.53 1.96
0.39 96.31 -5.86 2.12
0.03 96.85 -10.66 4.47
0 97.16 -14.29 3.94
0 96.74 -11.38 3.71
0 96.89 -9.34 2.53
0 97.25 -9.67 2.28
0 97.24 -9.57 1.77
0 97.05 -8.11 2.09
0.05 96.68 -3.56 1.86
0.11 97.19 -6.67 2.78
0 97.2 -9.3 2.46
0.05 97.26 -9.82 2.73
0 97.4 -11.35 3.9
0 97.33 -9.27 2.65
0 96.72 -5.89 2.28
0 96.76 -6.41 1.78
0 96.58 -7.45 1.37
12.58 96.13 -5.67 2.17
0 97.11 -6.25 2.33
2.55 96.93 -5.75 1.9
0.03 97.44 -7.2 2.99
0 97.39 -7.33 1.94
0 96.89 -5.21 1.99
0 96.52 -1.28 2.54
0 96.6 0.57 1.99
5.09 97.11 -2.51 1.7
0.73 97.34 -5.29 2.1
0.33 97.35 -4.84 1.55
0.08 96.72 -1.09 1.69
33.88 95.94 -1.89 1.2
28.33 95.99 -2.67 2.27
0.04 96.66 -3.32 2.75
0 97.41 -6.45 3.01
0 97.16 -6.89 1.82
0.32 96.98 -6.04 4.04
0 97.51 -6.34 3.26
0 97.17 -4.59 1.8
0 96.49 -0.54 2.57
0 97.05 0.33 1.97
0 96.76 2.5 2.77
8.56 95.79 5.23 3.52
5.1 96.31 -0.94 3.23
13.32 97.24 -5.97 2.61
0 97.01 -1.59 1.85
0 96.95 0.54 1.78
0 96.35 4.9 3.01
0 96.86 3.61 1.73
7.77 95.98 2.12 3.54
0 96.38 1.31 4.97
0 96.87 1.61 2.98
0 96.55 5.04 2.02
0 96.71 9.05 2.69
0 96.98 9.56 2.76
0.36 95.93 11.28 5.76
0.71 96.57 3.12 4.21
0.51 96.55 1.13 3.97
0 96.57 1.14 1.99
8.31 96.39 2.63 2.5
0 96.07 5.11 3.38
0 95.83 5.98 4.18
0 96.14 5.25 3.97
0.09 96.53 4.63 2.44
0 96.11 9.5 3.23
0 96.13 12 3.62
0 96.09 13.18 3.11
12.65 95.75 14.44 4.37
10.64 96.13 8.87 3.76
0 95.55 12.9 2.64
0 95.46 14.25 2.79
0 95.41 16.18 3.01
1.17 95.94 11.5 3.17
0 96.39 9.97 2.39
0 95.52 15.82 3.67
0 95.54 17.72 3.78
2.34 95.98 13.89 3.51
69.29 96.45 12.77 2.86
3.24 95.86 12.12 1.97
0.39 95.16 14.15 1.89
0.34 95.19 17.13 3.06
146.62 95.54 13.23 2.16
106.29 95.49 10.55 4.19
0 95.02 11.73 2.88
0.1 94.67 13.35 5.52
0 95.94 10.96 2.71
0 95.95 13.09 2.28
0.31 95.63 17.69 3.22
0.59 96.14 17.75 2.3
9.6 95.66 18.59 2.13
0 95.71 21.14 1.85
2.44 95.79 21.04 2.19
0 95.9 18.92 3.13
0 95.52 18.55 2.02
0.89 95.54 17.12 1.45
0 95.75 18.37 1.8
0.07 96.08 19.88 2.19
2.15 96.17 21.29 2.16
50.55 96.25 16.37 1.69
28.91 95.86 13.62 2.28
15.67 95.62 12.63 2.82
8.59 95.55 13.79 3.42
0.02 95.27 13.54 2.53
10.64 95 13.57 3.99
0.06 95.48 16.59 1.89
0 95.45 21.73 3.37
28.53 95.91 20.68 2.84
11.14 96.3 18.99 1.84
0.14 96.21 20.34 2.9
1.94 95.89 20.02 3.4
8.62 95.98 18.07 2.52
0 95.94 17.99 2.42
0 95.79 18.72 2.5
0 95.39 21.16 2.29
0 95.84 21.18 2.25
0 96.02 23.09 2.22
15.43 96 21.77 2.65
64.74 96.4 16 2.39
0.23 96.52 17.68 1.81
14.12 96.15 16.96 2.46
15.32 95.84 18.04 2.57
176.19 95.63 15.83 1.96
17.39 95.31 19.46 2.88
1.68 95.46 21.2 1.81
10.06 95.1 20.34 2
20.14 94.93 22.3 2.05
32.02 94.94 22.5 2.41
125.34 94.8 21.42 3.08
17.75 94.93 17.99 2.31
1.78 94.65 18.16 2.77
9.34 94.7 18.14 2.07
105.5 95.29 15.61 1.95
319.87 95.51 15.46 1.87
98.12 95.54 16.49 2.25
3.57 95.43 19.91 1.52
5.11 95.3 23.16 1.64
14.66 95.47 21.94 1.83
91.53 95.23 21.84 1.45
20.41 95.28 22.34 1.54
4.61 95.45 22.21 1.45
40.44 95.44 21.35 1.64
1.16 95.23 22.36 2.24
48.98 95.24 22.57 2.29
40.62 95.6 21.36 1.74
9.56 95.98 22.82 2.07
1.74 96.12 23.03 1.67
3.59 95.89 20.84 1.97
112.53 95.44 20.58 1.76
0 95.24 23.88 1.82
3.32 94.9 25.03 3.09
6.78 94.87 23.74 2.58
0.5 94.81 23.86 2.39
0.06 95.2 24.13 1.68
2.09 95.37 23.61 1.58
1.06 95.24 24.2 1.48
27.2 95.24 24.68 1.8
21.46 95.25 25.43 1.98
59.66 95.3 24.12 1.8
195.01 94.86 21.31 1.73
38.05 94.57 20.85 2.17
45.99 94.97 20.75 2.41
5.44 95.46 22.39 2.54
0 95.52 22.08 1.65
0 95.56 23.25 1.63
0 95.82 24.92 1.45
0 95.96 24.59 1.97
0.17 95.79 24.62 2.13
2.81 95.59 25.38 1.46
5.36 95.52 26.03 1.57
75.64 95.48 24.63 1.77
626.64 95 23.07 3.3
0 95.56 24.2 1.38
0 95.8 24.42 1.55
14.82 95.74 24.37 1.91
121.68 95.36 25.03 2.69
4.98 95.66 24.72 1.6
203.87 95.28 23.49 1.99
50.63 94.91 24.64 2.78
0.58 95.53 22.81 1.6
156.89 95.83 19.96 1.39
260.98 95.95 19.16 1.64
254.9 95.89 20.7 1.38
35.56 95.96 22.19 1.55
254.31 95.96 22.1 1.7
0 96.16 23.47 1.15
0 95.99 24.62 1.13
0 95.67 25.62 1.81
13.28 95.54 25.24 1.72
19.46 95.78 24.15 1.23
0 95.68 24.65 1.49
12.03 95.73 21.78 1.91
28.95 95.72 19.55 2.03
1.9 95.89 20.81 1.61
4.3 95.63 19.27 1.62
3.79 95.64 21.39 1.39
0 96.03 22.55 1.67
0.04 95.67 23.27 2.6
120.56 95.6 23.6 1.99
4.18 95.68 22.49 1.54
24.44 95.64 21.51 2.05
10.61 96.3 17.73 1.87
0.03 96.46 17.29 1.7
0 96.27 19.87 2.15
0 96.2 21.62 1.93
0.2 96.04 21.72 2.23
2.17 96.04 21.66 1.52
24.16 95.95 21.48 1.33
0.58 95.39 22.98 1.78
2.6 95.56 24.42 1.94
0 95.87 24.56 1.64
0 95.99 25.11 1.91
1 96.01 24.95 1.95
219.43 95.88 19.02 2.62
54.66 96.28 14.39 2.42
0.34 96.36 14.46 1.66
0.82 96.52 16.57 1.73
0 96.45 19.3 1.98
57.74 96.55 17.67 1.41
2.65 96.43 17.57 1.08
0 96.35 19.09 1.16
0 96.31 20.83 1.4
56.63 95.99 19.5 1.83
83.95 95.93 14.93 2.89
0.63 96.11 13.15 2.09
0 96.5 14.18 1.46
0.18 96.94 14.67 1.05
0 97.02 14.72 1.23
0 96.34 15.63 2.01
0 95.87 16.35 2.11
0.66 95.89 16.55 1.49
0 96.16 18 1.57
3.33 96.08 18.28 1.81
0.85 96.06 17.75 1.41
9.98 96.35 16.76 1.29
0.66 96.71 16.5 1.32
17.95 96.61 15.9 1.57
5.79 96.81 16.2 1.27
64.29 96.45 12.34 1.67
35.75 96.38 10.59 5.14
0.9 96.56 12.38 2.97
0 96.61 11.82 1.43
0 96.48 13.04 1.38
0.33 96.28 14.77 1.79
1.06 96.08 14.39 2.13
0 96.23 13.57 1.74
0 96.73 12.37 1.36
0 97.21 12.74 1.1
0 97.07 13.86 1.37
0 96.61 15.16 1.93
46.97 96.13 13.76 2.53
0 96.67 9.46 1.81
0.05 96.32 10.94 2.26
0 96.09 13.27 1.77
0.06 96.45 10.28 2.94
0 96.89 7.72 1.7
0.02 97.05 8.5 1.71
64.19 96.4 9.63 2.85
0 96.47 5.35 2.74
0 96.5 6.35 1.96
0 96.41 8.05 1.8
0 96.7 7.71 1.51
70.16 97.01 3.86 1.22
67.51 96.44 3.4 2
0 96.18 6.77 1.64
0 95.89 9.5 2.17
0 96.53 9.38 1.5
0 96.6 10.79 1.77
11.28 96.39 11.62 2.33
0 97.35 5.03 1.81
1.54 97.23 1.87 1.97
0.06 96.89 1.31 2.42
0.03 96.7 1.1 1.97
0 96.69 2.69 1.44
0 96.89 2.62 1.77
27.36 96.82 3.98 1.5
187.68 96.28 2.69 245.15
52.48 96.66 0.35 2.95
0 96.8 -0.77 1.19
0 96.48 0.73 1.39
0 96.7 1.35 1.3
0 97.16 0.17 1.17
48.89 96.84 -0.13 0.88
148.92 95.47 -1.33 4.14
0.29 96.04 -2.93 2.73
0 96.1 -4.57 3.48
0 96.91 -3.89 2.25
0 97.24 -4.68 1.28
19.29 96.65 -1.65 1.38
0 96.57 -4 243.08
0.02 96.34 -3.1 2.47
0.01 96.86 -1.93 2.45
0 96.91 -3.48 1.21
0 96.54 -1.17 1.6
5.75 97.01 -3.83 2.11
0 97.02 -5.93 1.78
0 96.5 -4.32 1.86
0 96.39 -1.84 2.79
0 96.49 -5.76 2.31
0 95.64 -2.88 2.9
0.03 96.29 -4.38 3.52
0.02 96.87 -7.56 1.79
0 97.57 -10.93 2.38
0.18 97.34 -11.85 1.87
0.41 96.22 -4.44 2.51
3.1 96.3 -6.14 3.62
0 96.6 -9.15 1.59
0 96.63 -11.26 2.65
0 96.61 -13 2
0 96.75 -14.05 1.98
0.02 96.78 -15.29 3.46
0 96.87 -10.88 3
0.07 97.46 -11.21 1.32
0.06 97.65 -11.69 1.02
0.17 97.17 -10.18 1.65
0.05 97.1 -7.18 1.15
18.36 97.1 -7.53 1.48
0.64 96.93 -6.56 1.39
0.65 97.31 -9.5 1.3
0 97.67 -11.01 3.22
0 97.81 -13.43 2.04
0.01 97.27 -13.51 0.94
0.25 97.39 -10.87 148.88
4.89 97.29 -8.38 2.72
0.01 97.8 -13.98 2.72
0 97.68 -18.1 2.36
0 96.87 -17.22 3.54
0 97.97 -17.2 2.15
0 97.74 -16.98 1.28
0 97.09 -12.79 1.17
3.33 97.04 -12.1 1.06
19.44 97.11 -11.3 3.09
0 96.75 -14.48 2.75
0.03 96.22 -14.58 1.62
0 96.6 -15.8 2.93
0 97.79 -17.55 3.1
0 98.37 -15.63 1.93
0 97.41 -15.89 1.48
0 97.19 -13.98 1.51
0 97.12 -14.39 1.2
0 96.98 -13.62 1.44
0.03 97.43 -15.44 1.73
0 97.27 -14.97 1.62
0 97.12 -13.98 1.25
0.31 96.74 -11.28 1
0 96.81 -10.8 1.54
0 96.85 -12.02 0.96
0 97.24 -9.81 1.84
1.24 97 -11.23 1.76
0 97.69 -12.93 2.34
0 97.99 -11.49 1.53
0 97.01 -8.13 1.85
0 97.47 -8.5 1.33
8.82 97.5 -7.88 0.96
0.36 97.47 -7.73 1.75
0 97.31 -11.4 1.25
0.02 96.18 -7.66 2.19
0.03 96.73 -11.77 3.52
0 96.83 -13.71 1.43
0.52 97.16 -12.97 1.21
0.11 97.11 -10.77 1.58
0 96.61 -5.88 1.18
0 96.92 -6.79 1.22
0.1 96.89 -5.12 1.54
1.95 96.79 -4.44 1.45
1.26 97.25 -6.18 3.52
0 97.49 -9.33 2.03
4.07 96.51 -7.37 2.24
0 97.2 -8.14 2.74
0.03 96.76 -7.33 1.61
0.73 97.02 -12.98 3.51
0 97.92 -16.51 4.04
0 97.83 -14.99 1.48
0.22 96.91 -10.53 1.98
0 97.51 -11.48 2.13
0.2 97.58 -11.05 1.78
0 96.86 -6.3 73.23
0 96.6 -3.87 2.55
0 97.21 -7.36 2.11
0 97.21 -9.25 1.46
0 96.57 -6.2 2.16
0.05 96.43 -3.72 3.59
0 97.17 -8.96 2.85
0 97.34 -10.83 2.05
0.02 97.25 -10.32 1.71
0 97.16 -7.34 2.62
0 97.35 -5.9 2.46
0 97.28 -4.19 1.56
0 97.36 -4.88 1.63
5.21 97.27 -5.53 1.7
0.29 96.39 0.38 2.4
0 96.29 1.15 2.15
0.39 95.77 -0.97 4.63
0 97.51 -6.45 5.07
0 97.63 -5.18 1.62
0 96.51 -0.25 2.42
0 96.81 1.97 2.06
0 96.23 5.38 2.71
0 96.11 3.65 1.48
0 95.55 4.74 1.82
0 95.4 2.34 2.38
0 95.48 -0.63 4.97
0 97.07 -0.92 1.98
0 96.38 3.82 3.25
38.12 96.15 0.98 3.01
0 97.38 -4.59 3.86
0 97.03 -0.01 2.8
0 96.46 5.21 2.46
0 96.87 5.54 2.38
0 95.41 8.01 2.97
0.56 95.46 -0.6 3.63
14.96 96.23 -5.01 2.92
0.6 96.74 -5.35 2.64
0 95.51 1.67 4.66
0 96.43 -1.5 2.7
21.64 96.08 -3.48 3.02
0 96.8 -3.71 2.94
0 96.69 -1.02 1.6
0 95.78 4.64 3.59
1.15 95.82 3.52 3.17
0 96.73 0.33 3
0 96.92 -0.6 2.1
0.86 96.85 0.71 1.83
5.86 96.55 2.28 2.17
79.61 96.58 1.29 2.47
0 96.22 4.87 2.51
0 96.13 7.21 2.55
16.57 96.32 1.99 2.11
48.49 96.57 0.55 3.04
0 96.37 1.04 2.73
0.33 95.59 2.4 2.31
13.86 95.55 2.17 3.19
5.36 96.46 1.38 3.29
0.53 96.36 2.22 2.85
0 96.39 3.49 3.22
0 95.95 8.27 2.39
0.27 95.36 8.78 3.79
0 95.71 4.57 3.94
0 95.38 6.2 2.4
3.43 95.63 5.84 3.07
27.38 96 3.06 489.02
3.46 96.97 2.57 4.29
0 97.01 3.83 1.9
0 96.68 6.39 2.25
0 96.39 9.48 2.08
0.35 95.91 12.16 4.13
57.68 95.84 8.24 2.39
1.63 95.77 8.37 2.58
0.03 95.84 9.8 4.14
0 95.9 11.13 1.66
0 95.9 14.15 2.04
7.75 95.73 12.43 3.02
0.24 95.83 13.15 5.26
0.4 96.27 12.63 4.91
0.68 96.36 12.83 2.07
1.33 96.22 12.77 1.91
9.32 96.44 13.68 1.79
0 96.26 17.03 2.72
0 96.38 20.62 1.77
0 96.26 22.52 1.88
0 96.33 21.84 2.47
0.14 96.14 21.51 3.61
15.28 95.76 15.06 2.18
14.66 94.88 15.88 3.56
0 94.45 18.88 3.61
0 95.01 17.59 2.2
0 95.13 19.07 2.41
0.56 95.65 18.3 3.95
0 96.57 17.66 2.5
0 96.53 18.33 2.12
0.55 95.95 18.61 2.71
0 95.4 18.67 2.97
20.08 94.73 15.95 4.33
0.01 94.76 18.25 3.84
0 94.99 19.92 2.37
0 95.92 20.46 1.96
2.98 95.78 23.22 3.15
2.87 96.24 18.89 2.19
0 95.94 21.24 2.09
5.25 95.73 20.59 3.24
3.26 95.56 18.85 3.16
0.81 95.23 19.24 2.42
0 95.51 20.52 3.67
0 95.38 24.16 2.98
0.05 95.03 25.04 4.3
0 95.6 21.04 2.24
9.92 95.45 19.28 2.87
0.05 95.54 21.24 2.74
27.22 96.21 18.47 2.07
70.82 96.11 18.2 2.27
4.9 95.92 18.99 2.54
6.03 95.72 21.53 2.58
1.09 95.58 22.29 3.12
42.27 95.88 17.81 2.36
5.75 96.11 17.6 1.72
23.32 95.83 16.06 1.92
5.2 95.64 17.96 1.91
0.02 95.73 22.27 3.05
0.15 95.73 23.75 3.49
2.6 95.6 24.19 2.58
103.89 95.48 20.12 2.24
8.41 95.19 22.02 1.75
47.14 94.88 21.4 1.87
0.2 95.24 23.9 1.84
0 95.74 24.5 2.19
0.05 95.9 24.96 1.86
2.19 95.7 22.87 1.54
6.06 95.36 22.64 1.96
37.85 95.25 21.84 2.32
63.38 95.03 21.2 2.32
103.47 94.7 21.15 2.04
59.42 94.84 22.64 2.03
64.3 95.24 21.79 1.83
269.79 95.38 21.87 2.54
20.13 95.34 22.93 2.83
128.29 95.03 22.77 2.05
227.46 94.5 23.19 2.56
0.07 94.52 25.06 2.6
4.5 94.5 24.96 2.2
2.07 94.85 25.23 1.93
1.49 95.14 25.07 2.17
8.34 95.01 25.21 3.24
71.64 95.22 24.42 1.8
115.01 95.41 22.23 1.4
3.17 95.58 22.67 1.34
0.74 95.59 23.2 1.27
11.19 95.57 24.01 1.77
23.44 95.74 23.8 1.94
0.23 95.76 24.56 1.79
219.85 95.08 22.29 1.9
170.75 94.88 23.3 2.48
0 95.51 23.72 1.97
0.33 95.42 22.68 2.03
64.83 95.25 22.5 1.9
3.2 95.47 22.89 1.74
0.41 95.5 24.26 1.57
15.06 95.39 24.13 1.79
8.29 94.93 24.26 1.81
0.93 94.96 25.17 2.52
0.01 95.28 25.09 1.75
0.06 95.34 25.33 1.62
36.23 95.13 23.17 1.37
12.85 95.01 25.94 1.96
0.24 95 25.83 1.46
1.91 94.81 26.21 1.95
8.99 94.94 26.12 2.13
38.3 95.24 25.28 2.55
0.43 95.48 25.5 2.24
1.7 95.27 25.95 2.35
22.68 94.9 26.72 2.44
49.83 94.73 25.31 1.76
6.73 94.92 26.28 2.13
34.01 95.15 26.63 1.92
15.21 94.94 26.8 1.94
10.91 95.11 25.4 1.66
1.81 95.52 26.44 1.54
7.99 95.65 27.01 2.33
62.52 95.4 24.74 2.39
4.92 95.37 25.89 2.49
14.23 95.33 27.02 2.24
3.45 95.32 26.98 1.89
234.26 94.82 25.3 1.71
0.07 112.45 26.63 2.21
0 95.79 23.37 2.2
0 96.05 22.75 1.64
5.2 96.04 22.12 0.99
2.55 95.68 24.22 2.24
0.25 95.79 23.48 1.66
0 95.95 23.35 1.52
0.09 95.94 23.66 1.48
14.79 95.7 22.85 1.8
24.96 95.75 20.71 2.01
4.14 95.75 20.06 1.56
292.41 95.14 18.78 1.34
15.28 95.27 17.06 2.81
0.18 96.02 16.68 2.26
23.31 96.1 17.41 1.83
1.9 96.35 16.99 1.56
13.37 96.51 17.17 1.59
0 96.59 17.12 1.34
18.46 96.48 17.45 1.34
165.56 96.44 15.03 1.32
28.26 96.51 15.56 1.35
12.66 96.57 17.04 1.32
2.39 96.53 18.34 1.31
10 96.08 19.06 1.78
0.25 96.12 17.81 1.49
0 96.25 17.93 2.14
2.4 96.04 20 2.29
61.09 95.4 19.85 2.71
0.53 95.65 20.3 2.71
0 96.29 14.87 1.58
1.2 96 16.71 1.54
11.9 96.48 17.36 1.32
9.36 96.96 16.81 1.05
5.75 96.09 19.58 2.46
0 96.42 18.65 1.28
0.15 96.46 19.23 1.4
3.74 96.36 18.25 2.09
82.02 96.62 13.96 2.41
0 96.91 9.7 2.22
0 96.75 11.34 1.9
0 96.46 12.38 1.77
0 95.83 16.73 2.81
0 95.85 16.35 2.41
0 96.68 14.14 1.28
0.67 96.68 14.72 1.7
176.96 96.62 11.94 1.87
0.03 96.77 10.98 2.23
0 96.64 10.26 1.59
0 96.01 16.26 2.89
0 96.89 14.79 1.25
0.01 96.98 15.11 2.01
0.04 97.13 13.61 2.13
0.43 96.73 11.86 1.49
0 95.78 15.08 2.33
9.28 95.72 14.43 3.18
0 96.22 11.6 2.58
0 96.69 12.21 1.45
57.92 96.75 10.6 1.75
6.6 97.51 5.82 3.58
0 97.64 3.6 1.33
0 97.21 6.64 1.24
0 97.28 7.61 1.42
0 97.08 10.35 2.12
33.14 97.18 9.59 1.35
3 97.18 8.09 1.76
0 97.08 6.85 0.94
24.37 96.96 6.58 1.85
73.76 96.87 3.38 1.95
0.01 97.09 4.74 2.96
0.01 97.31 6.5 2.23
0 96.9 5.44 1.27
0 96.39 7.14 1.62
9.71 96.82 6.36 1.41
1.56 97.41 4.99 2
0 97.38 4.09 1.27
0 97.43 5.01 0.83
0 97.23 5.43 1.16
0.33 96.7 8.16 1.63
2.21 96.94 8.01 2.61
0 97.36 6.13 1.58
0.02 96.66 6.35 1.97
0.21 96.19 6.85 3.09
0.01 96.6 4.3 2.39
0 96.69 3.82 2.1
0.21 97.11 4.4 3.06
0 97.21 -0.35 3.23
0 97.28 1.24 1.98
0 97.12 1.89 1.48
0 96.58 2.33 2.17
0 96.29 3.53 2.5
0 96.27 3.37 1.81
0.13 96.35 3.06 2.74
0.01 96.78 -1.51 3.3
0.04 96.96 -2.03 4.75
0 96.89 -2.82 2.96
0 96.94 -2.27 1.82
0 97.14 -2.34 1.13
0 96.91 0.83 1.54
0 96.57 1.51 1.4
0.03 96.21 0.33 1.79
0 96.1 -2.57 3.6
0 96.25 -5.38 2.91
0 96.56 -8.3 5.15
0 96.73 -5.33 2.82
0 96.32 0.15 2.54
0 96.89 -1.71 2.05
7564.43 96.7 -1.69 1.91
7564.43 96.43 -0.96 1.23
7564.43 96.69 1.4 1.61
7564.43 96.66 1.39 1.74
7564.43 96.94 -0.61 2.26
7564.43 96.52 -1.47 1.14
7564.43 96.62 -3.74 1.16
7564.45 96.57 -2.12 1.78
7564.44 96.77 -4.21 2.81
7564.6 96.28 -6.14 2.77
7564.72 96.33 -7.09 2.05
7564.43 96.44 -9.86 3.35
7564.43 96.8 -10.46 2.38
7564.43 97.14 -8.26 2.24
7564.43 97.73 -7.94 1.34
7564.43 97.65 -8.65 1.26
7564.88 97.91 -10.17 2.34
7564.59 97.58 -11.91 2.41
7564.62 97.43 -10.94 2.82
7564.44 97.82 -9.94 2.35
7564.43 97.9 -9.56 1.24
7564.43 97.62 -9.7 1.03
7564.43 97.72 -8.35 1.42
7564.43 97.73 -8.94 1.08
7564.48 97.1 -6.34 2.14
7564.52 97.57 -8.9 3.62
7564.43 97.29 -10.26 1.54
7564.43 96.83 -10.35 2.16
7564.43 96.13 -5.8 2.77
7564.43 95.9 -4.88 2.51
7564.43 95.5 -2.06 3.7
7564.43 95.82 -3.03 2.6
7564.43 96.15 -3.32 2.71
7564.43 96.67 -4.6 2.22
7565.15 96.66 -7.4 1.65
7567.88 96.86 -7.2 1.95
7564.5 96.69 -6.81 2.68
7564.43 97.05 -5.29 2.63
7564.43 97.58 -12.58 2.6
7564.43 97.24 -13.87 2.23
7564.43 97.22 -11.32 2.03
7564.43 97.28 -9.27 2.13
7564.43 97.81 -10.77 2.28
7564.43 97.53 -12.22 1.51
7564.43 97.57 -11 1.72
7564.43 97.34 -7.83 1.61
7568.96 97.32 -8.54 1.52
7564.43 97.35 -10.18 1.63
7564.43 97.58 -7.97 1.91
7565.04 96.66 -6.01 3.34
7564.44 97.05 -8.74 4.43
7564.43 97.31 -9.08 2.71
7564.43 96.63 -5.76 1.83
7564.43 95.88 -2.07 3.31
7564.43 96.28 -2.41 2.44
7564.43 97.22 -6.81 3.34
7564.43 96.97 -7.85 3.53
7564.43 96.22 -2.54 4.3
7564.43 96.96 -6.66 3.23
7564.43 95.6 -0.96 4.79
7564.43 96.24 -5.33 2.81
7564.43 96.39 -5.83 1.71
0.51 95.99 -2.64 2.03
0.06 95.93 -3.24 4.46
0 96.85 -10.42 3.79
0 97.07 -11.09 2.05
0 97.2 -10.65 1.61
0 97.4 -8.81 1.74
1.51 97.12 -9.26 1.72
5.43 97.13 -11.06 3.17
0 97.78 -12.7 3.44
0 97.65 -12.96 1.49
0 97.06 -11.07 1.56
0 97.64 -10.71 1.69
0 97.69 -10.83 1.8
0.06 96.84 -4.68 2.83
0 96.84 -4.72 1.83
0.09 97.4 -5.02 1.96
0 97.95 -6.59 2.21
1.06 97.56 -8.15 1.79
0.8 97.26 -7.26 1.69
0 97.26 -6.87 1.76
0 97.16 -4.3 1.89
1.97 97.61 -5.35 1.65
0.16 97.49 -3.38 1.45
0 97.05 -0.76 1.53
0 96.91 1.7 1.94
0.93 96.6 4.29 3.86
3.94 97.23 -1.47 4.14
0.05 97.01 -5.25 1.61
0 96.82 -3.57 1.73
0.24 96.78 -3.63 2.07
0.37 96.75 -4.15 1.57
1.86 97.05 -3.05 2.91
0 97.14 -4.79 3.13
0 97.32 -5.95 2.52
0 97.32 -4.88 2.17
0 96.82 -3.6 1.99
0 97.1 -4.03 2.32
0 96.69 -1.91 2.39
0 96.33 2.96 3.52
0 97 0.18 3.7
0 96.64 -0.71 1.95
0 96.18 2.37 2.78
0 95.79 7.66 2.43
0 96.24 5.54 2.35
0 95.68 8.27 4.01
0 96.83 5.29 2.18
0.11 96.74 4.22 3.51
0 97.07 4.5 4.7
0 96.52 6.79 2.46
0 96.47 8.41 3.15
0 96.83 8.19 2.57
0 95.84 12.73 4.21
0 95.74 12.39 2.47
0.03 95.74 12.01 2.23
0 95.88 11.75 2.71
52.85 95.56 11.89 2.71
20.71 96.01 10.82 2.7
0 96.24 11.53 2.04
1.77 96.37 10.31 2.09
0 95.86 12.18 2.35
0 96.46 9.63 3.7
0 96.95 4.42 4.39
0 96.11 7.19 4.52
0 96.73 5.98 3.48
0 96.15 12.93 3.47
0 96.03 14.91 1.73
0 95.95 14.56 2.29
0 96.06 13.17 4.07
0 96.86 10.35 2.2
1.42 96.5 10.99 1.7
0.74 96.22 11.82 1.9
0 96.33 13.81 2.02
0 96.2 17.79 3.37
0 96.75 14.49 3.21
0 96.1 14.01 2.1
8.44 96.03 10.65 2.36
0.02 96.72 10.35 3.05
17.7 96.64 8.8 2.65
0.06 96.18 10.34 758.59
0 96.25 12.38 3.32
0 95.96 14.82 2.68
1.53 95.67 17.26 3.84
11.19 95.96 17.55 4.38
0.4 96.37 17.05 3.74
32.77 96.64 12.21 3.11
0 96.82 13.28 2.48
0 96.67 14.38 2.18
0 96.09 15.66 1.69
0 95.56 18.68 2.21
6.65 95.46 19.21 4.42
123.13 96.09 8.57 4.77
5.24 95.78 10.12 4.38
9.13 95.96 6.41 5.16
0.13 96.21 8.24 3.9
0.26 95.64 12.02 2.48
40.37 95.55 9.82 3.55
1.41 96.14 12.89 2.14
50.52 96.45 11.77 2.45
2.84 96.39 13.05 2.09
287.68 95.43 9.45 2.55
79.07 94.6 15.5 3.83
0 94.75 18.55 3.64
0.08 95.1 15.38 3.46
0 94.88 15.2 2.94
0.15 95.63 17.51 2.61
2.43 96.04 17.25 2.16
2.39 95.64 19.86 3.08
99.67 95.34 17.23 2.61
5.01 95.33 17.92 2.5
0.03 95.44 19.82 2.21
0 95.51 22.23 2.63
0.28 95.82 25.07 3.76
51.25 95.71 17.45 2.82
0.79 95.21 17.6 4.66
0 94.64 21.96 4
17.05 94.4 19.31 2.92
0.3 94.88 23.13 3.19
0 94.89 25.08 60.37
0.12 95.56 25.23 2.57
0 95.54 26.9 3.03
7.89 95.71 23.76 2.73
1.35 95.85 21.73 2.63
0 95.69 22.45 2.14
2.22 95.48 22.77 1.84
31.92 95.34 23.87 2.32
223.17 95.46 17.59 2.72
161.34 95.3 14.8 3.19
27.82 95.07 17.14 2.53
50.21 95.4 16.38 2.38
46.35 95.78 16.11 1.85
20.57 95.82 18.94 1.96
30.61 95.59 20.66 2.45
12.66 95.64 21.43 2.21
0.02 95.53 22.29 1.9
5.52 95.34 23.75 1.99
74.5 95.17 21.06 1.89
138.12 95.07 20.52 2.49
94.05 95.14 20.14 2.33
8.1 95.42 20.2 1.86
72.78 95.58 19.67 1.8
6.56 95.72 19.33 1.61
99.51 95.75 18.97 1.87
2.19 95.62 21.92 1.93
0.08 95.27 23.85 2.34
9.43 95.13 23.08 3.23
29.99 95.12 22.95 3.66
0.56 95.51 22.72 3.67
1.04 95.45 23.38 2.88
0 95.54 24.58 1.76
0 95.53 24.96 1.78
26.28 95.49 23.55 2.41
166.18 95.22 20.9 2.29
19.98 94.94 23.35 2.54
0.23 95.39 25.01 2
1.62 95.53 25.02 2.8
1.69 95.36 25.35 2.35
5.17 95.16 24.99 2.86
18.21 95.05 24.29 3.53
0 95.24 23.91 2.46
0 94.91 24.82 3.05
2.99 95 23.47 2.76
10.75 95.2 22.87 2.66
0.69 95.13 23.67 2.4
2.4 95.23 24.42 1.97
36.96 95.24 24.11 2.56
145.55 95.29 22.54 60.42
17.86 95.51 23.07 59.72
0.62 95.6 26.22 1.84
0.6 95.7 28.46 2.28
3.4 95.35 29.2 4.31
123.7 95.15 24.8 2.35
0.42 95.47 22.63 1.51
0 95.19 24.7 2.19
0.17 95.53 23.24 1.62
0 95.58 23 1.82
0.02 95.78 23.64 1.9
7.01 95.69 25.44 2.24
3.18 95.24 27.03 3.15
8.15 95.26 25.78 3.61
23.49 95.42 23.91 2.18
0 95.5 25.6 2.49
0 95.46 27.02 2.76
2.38 95.27 27.35 2.44
15.3 95.19 26.43 1.93
104.87 95.46 20.94 2.56
0.9 95.47 22.56 2.07
0 95.7 23.45 2.51
0 95.85 22.53 1.7
0.02 95.75 23.07 1.96
27.25 95.5 22.52 1.99
41.09 95.21 22.08 2.06
6.02 95.35 23.03 3.11
0.4 95.56 22.2 2.01
34.67 95.66 19.21 1.78
25.37 95.58 19.48 1.69
16.48 95.57 20.59 2.1
18.21 95.72 21.01 1.76
5.5 95.85 21.28 1.8
7.3 96.03 21.37 1.55
0.3 95.97 22.93 1.59
1.03 95.67 24.58 2.22
13.58 95.61 24.57 2.07
24.69 95.58 23.75 1.98
34.17 95.42 23.47 2.18
213.67 95.65 19.89 2.12
2.27 95.95 20.19 2.19
0 96.1 21.08 1.68
0 96.18 22.74 1.95
10.87 96.32 21.18 1.76
6.02 96.36 20.98 1.44
1.51 96.32 21.31 2.05
16.32 96.15 20.22 1.5
14.28 96.12 20.38 1.86
283.35 96.01 16.85 2.12
1.64 95.7 18.09 2.06
0 95.34 20.78 2.39
0 95.9 19.39 1.56
0 95.93 20.49 1.55
2.95 95.54 20.94 2.6
0.03 95.77 19.38 2.78
0 95.94 16.82 1.45
0.01 96.23 17.98 1.69
0.16 96.24 19.02 1.95
19.45 96.29 17.81 1.33
0.46 96.15 19.2 2.34
0.3 96.41 16.63 2.75
0 96.51 14.69 2.39
0 96.57 14.01 1.59
0 96.65 16.26 1.29
0 96.62 17.18 1.91
8.05 95.97 16.95 2.25
48.2 95.88 15.49 2.59
0.06 96.49 14.88 1.64
0.68 96.56 16.72 2.02
92.25 96.66 13.57 1.83
29.58 96.44 13.75 1.74
0 96.4 14.05 1.59
54.09 95.81 14.95 2.45
0.14 96.32 13.82 1.99
0.57 96.27 14.22 2.5
15.77 96.93 8.21 3.8
0.07 97.13 6.54 1.74
65.29 96.26 7.54 1.49
55.68 96.09 8.08 2.34
0 96.44 8.98 1.46
85.93 96.67 8.61 1.38
9.12 97.09 9.18 2.31
0 96.98 9.44 1.92
0 96.55 12.26 1.79
0 96.47 13.7 2.27
0 96.59 16.37 2.32
0 96.89 14.18 1.56
0.64 96.77 14.68 2.64
0.59 97.67 10.04 3.88
0 97.27 5.7 2.11
0 96.41 8.18 2.13
0 95.91 10.61 4.41
0 96.5 10.06 3.18
0 96.17 12.86 2.21
0 96.3 13.54 2.22
0 96.04 16.06 3.53
0 96.72 9.38 3.1
0 97.17 4.94 2.19
0 96.71 5.9 1.8
0 95.94 11.16 3.14
0 95.63 13.61 3.09
0 95.78 12.49 2.09
0 97.2 6.29 4.84
0 97.7 2.91 1.68
0 97.16 4.02 1.61
0.06 96.86 8.14 1.74
4.11 96.95 9.6 28.17
1.8 96.72 7.41 1.72
8143.16 96.37 7.76 2.86
8143.21 96.55 5.06 4.04
8143.15 96.38 6.67 2.4
8143.15 96.02 7.92 3.43
8143.15 96.29 7.51 3.1
8143.15 97.56 0.89 3.37
8143.15 97.59 -0.93 1.65
8143.15 97.17 0.94 1.76
8143.15 96.95 3.58 1.55
8143.15 96.63 4.18 1.66
8143.15 96.25 2.85 2.85
8143.19 96.73 -2.72 5.37
8143.15 96.78 -1.79 2.67
8143.15 97.1 -1.94 1.6
8143.15 97.22 -0.77 1.59
8143.41 97.03 1.64 1.94
8143.15 97.4 -1.12 1.77
8143.15 97.34 -0.5 1.35
8143.15 96.69 1.31 2.44
8143.15 96.11 3.38 3.21
8143.15 96.55 1.04 2.47
8143.15 97.12 -1.22 1.99
8143.27 96.89 0.93 2.36
8143.15 97.22 -1.88 1.8
8143.15 96.42 -2.47 1.83
8143.15 95.94 758.19 4.02
8143.15 96.96 -1.19 2.14
8143.15 96.53 -1.25 1.48
8143.18 96.38 -0.58 1.95
8143.87 96.43 -0.49 4.64
0 97.03 -10.04 5.89
0 96.85 -10.32 3.28
0 96.58 -10.11 4.59
0 96.72 -10.08 3.68
0 96.82 -10.24 3.18
0 97.01 -8.79 2.21
5.27 97.05 -8.3 1.75
0 97.6 -9.94 1.47
0.04 97.52 -7.44 2.55
4.23 96.8 -3.81 4.38
0.08 97.24 -8.48 2.8
0.02 96.84 -9.16 3.59
0 97.01 -10.14 2.47
0 97.03 -8.4 1.71
0.28 96.94 -7.85 3.68
0 97.06 -11.33 3.56
0.01 97.11 -10.38 2.11
0 97.11 -8.2 2.23
0.16 96.69 -5.51 3.74
0 97.05 -9.16 3.38
0 96.74 -9.38 3.36
0 96.51 -4.1 2.46
0 96.48 -2.94 2.91
0 97.34 -4.82 3.52
0 97.6 -5.37 2.18
0 97.39 -7.34 1.53
0 96.97 -4.68 2.06
0 96.35 -5.12 1.77
0 95.68 -3.44 2.96
0.13 96.37 -5.63 73.41
0.03 97.14 -9.22 4.92
0.13 97.18 -10.44 2.66
0 97.1 -6.8 2.9
0 95.88 -2.96 3.4
0 96.08 -3.17 1.77
0.88 96.36 -2.04 4.17
0 96.97 -7.08 2.92
0 97.32 -8.82 1.61
0 97.24 -8.85 1.57
0 97.09 -5.98 2.22
0.06 96.61 -3.59 3.2
0 97.66 -6.58 2.37
0 97.89 -8.43 1.66
0 97.4 -5.42 1.75
0 97.47 -7.46 1.83
0.37 97.15 -7.8 1.79
2.03 97.12 -8.7 3.22
0 97.3 -8.71 1.81
2.97 96.16 -4.43 3.14
0.02 96.84 -7.67 2.09
0.05 96.72 -6.92 1.79
1.62 97.22 -6.46 2.73
0 96.76 -8.01 1.7
0 96.18 -3.57 2.77
0 97.06 -5.42 1.94
2.94 96.73 -4.67 1.57
2.22 97.24 -7.47 3.59
0 97.82 -11.14 2.69
0 97.69 -11.22 1.77
0.09 97.07 -7.32 3.1
0 97.68 -9.4 3.33
0 97.98 -9.16 1.8
0 97.77 -7.77 1.52
0 97.6 -7.26 1.39
0.1 97.44 -4.36 2.26
0.06 97.36 -5.22 3.37
0 97.29 -3.77 2.6
0 96.61 -1.55 2.79
0.03 97.43 -8.72 5.31
0 97.63 -11.41 3.16
0 96.9 -6.1 2.55
0 96.16 -3.09 1.91
0.01 96.18 -4.91 2.9
0 96.42 -5.61 2.48
0 96.07 -4.71 1.85
0 95.82 0.4 2.13
0.03 96.49 -1.77 1.76
14.96 96.25 -0.57 2.69
0.01 96.84 -0.99 3.91
0 97.52 -2.77 2.66
0 97.11 -3.64 2.85
20.59 96.33 -0.44 3.21
24.36 95.76 -0.51 4.9
0.15 96.15 -4.85 5.14
0 96.4 -5.67 2.04
0 96.01 -4.7 1.82
0.55 96.42 -5.37 3.13
0 96.88 -7.76 3.18
0 97.55 -6.2 2
5.2 96.66 -2.74 4.31
0 96.26 -0.27 3.08
0.04 95.78 -1.53 2.48
0.08 96.47 -5.33 5.41
0 97.04 -5.77 2.86
0 96.82 -3.19 2.96
0 96.17 1.31 3.98
0 96.38 2.46 2.55
1.54 96.9 -1.73 3.35
0 97.77 -8.1 5.69
0 97.16 -3.98 3.09
0 96.73 -2.61 3.74
0 96.24 -2.31 2.78
0 150.04 755.29 758.38
0 96.44 0.3 3.36
0 96.04 5.85 3.33
0 95.91 6.28 3.16
0 96.63 4.39 2.55
0 95.99 6.34 2.67
0 96.19 7.03 3.38
0 96.31 6.57 2.59
0 96.25 7.33 3.65
0 97.22 2.95 3.79
0 97.41 3.19 2.58
0 97.62 3.9 1.79
0 97.4 7.38 2.85
0 97.18 12.22 3.85
0 96.41 12.94 4.85
0 95.87 12.49 3.49
0 96.07 10.75 3.23
0 95.59 14 3.95
11.76 96.45 7.52 3.34
0 96.64 5.79 1.71
196.23 95.06 3.1 2.48
0.54 95.89 5.34 2.54
1.78 95.86 6.26 1.85
0.13 96.33 5.71 3.98
0 97.51 0.48 4.11
0 97.52 1.09 2.92
0 96.77 4.98 3.04
0.11 96.46 8.19 3.01
0.3 96.64 8.74 2.6
37.81 96.81 7.79 3.04
181.73 97.32 0.97 4.03
1.15 97.03 4.44 2.38
0 95.46 11.09 1.89
0.8 94.61 14.29 4.14
2.78 95.49 9.76 5.19
0 95.53 12.44 2.63
0.05 95.83 12.91 2.49
0.03 96.23 11.63 3.59
0.01 95.94 11.91 2.8
0.05 95.79 12.45 2.69
0 96.13 14.35 3.9
0 96.22 15.38 4.53
0 96.56 15.13 2.78
0 95.95 20.58 3.99
0 95.57 24.03 4.13
32.99 95.29 20.32 4.45
34.21 95.85 16.5 2.31
0 95.94 18.8 2.1
0 95.83 20.42 2.67
9.31 95.63 17.89 3.7
40.09 95.71 15.54 2.18
0 95.92 14.32 4.53
0 95.85 14.06 4.54
0 95.22 15.81 5.19
0 95.8 13.2 2.57
0.69 95.7 13.84 4.26
27.56 95.99 8.48 2.43
0 96.38 9.36 1.83
65.51 96.27 9.26 2.23
82.37 95.35 7.94 1.82
10.96 94.08 11.56 3.4
0.41 94.17 19.1 3.32
1.3 95.4 17.52 4.94
0.03 96.09 16.69 4
0 95.55 18.59 3.17
22.51 94.71 19.31 4.52
51.26 94.84 16.11 4.71
0.99 95.25 14.65 5.32
0 96.06 18.16 3.8
0 95.74 21.26 3.38
0 95.59 22.05 2.93
2.88 95.52 22.2 2.82
0.11 95.36 23.85 3.36
0.45 95.28 25.19 3.93
4.28 95.36 25.23 3.12
0.21 95.37 23.52 3.13
3.55 95.13 22.9 3.88
1.15 95.36 21.03 3.13
0 95.49 20.41 2.87
0 94.75 24.61 6.31
15.19 95.08 23.29 2.87
2.31 95.65 20.21 3.69
0 95.91 21.62 3.15
69.42 95.21 18.11 3.11
46.11 94.66 18.64 2.45
72.46 95.14 18.53 2.54
0.49 95.5 19.62 3.01
1.52 95.18 20.15 2.62
8.77 95.22 18.51 1.95
145.6 94.98 16.76 2.43
225.95 94.48 16.4 2.34
40.34 94.54 17.17 1.84
87.5 95.38 17.89 2.17
0.35 95.68 20.71 2.04
31.05 95.54 22.05 1.9
0.6 95.25 22.81 1.8
218.69 95.22 20.66 2.41
5.23 95.44 19.42 2.87
91.26 95.86 16.93 2.58
0.07 95.96 21.21 2.31
0 95.63 23.46 2.12
5.24 95.39 23.53 3.01
0.37 95.53 23.27 2.52
10.27 95.33 23.36 3.07
17.65 95.03 21.81 2.31
128.89 94.95 20.86 1.76
1.55 95.4 22.04 1.66
4.31 95.49 23.63 2.14
189.2 95.58 17.89 2.24
20.31 95.03 18.34 1.92
29.07 94.58 19.41 3.06
3.53 95.13 18.04 2.9
0.15 95.71 19.07 2.42
60.49 95.74 19.62 2.04
16.55 95.85 20.61 1.84
0 95.85 22.14 1.96
0.28 95.71 23.35 2.02
2.62 95.86 24.4 2.11
0.22 96.09 25.47 2.31
3.57 95.93 23.86 2.62
0.66 95.61 25.53 2.31
2.69 95.04 26.4 2.1
0.3 94.83 27.04 3.35
11.93 95.23 26.48 2.55
19.58 95.6 25.03 2.2
23.57 95.78 22.09 2.3
16.27 95.67 22.44 1.67
48.41 95.52 22.95 1.77
127.86 95.69 22.54 2.01
71.42 95.63 22.84 2.22
21.43 95.34 24.04 2.34
39.19 95.29 23.3 2.31
11.59 95.28 23.45 1.73
22.85 95.1 23.28 1.95
9.05 94.94 24.27 1.96
14.21 95.29 25.56 2.4
39.83 95.4 24.71 2.26
69.86 95.18 24.49 2.28
68.14 95.11 24.68 2.17
348.35 95.48 22.25 2.39
15.63 95.71 22.67 1.67
2.09 95.56 23.77 1.82
35.18 95.1 24.75 2.76
0.24 95.06 23.69 2.13
2.13 94.92 25.14 2.3
3.97 95.11 25.37 2.84
21.03 95.5 24.25 2.53
20.76 96.03 23.12 2.24
64.16 96.07 23.1 1.9
29.43 95.94 24.25 2.01
0 95.97 24.12 1.7
0 95.79 24.55 1.56
0 95.63 24.86 1.5
0 95.34 25.82 1.85
1.8 95.13 25.79 2.02
0.03 95.4 24.24 2.15
0 95.47 24.28 1.86
1.78 149.11 775.03 758.14
39.64 149.4 775.08 758.26
61.12 95.97 20.6 2.07
25.65 95.65 19.73 2.29
3.62 95.44 20.91 2.07
40.87 95.55 20.44 1.78
13.33 95.86 20.4 1.7
16.49 96.07 20.52 1.85
12.64 95.99 20.91 2.41
22.85 95.87 21.01 2.29
0.05 95.82 21.1 2.21
14.94 95.69 20.38 1.8
10.84 95.84 19.36 1.57
27.4 96 19.4 1.77
114.96 96.17 18.04 1.74
84.49 96.19 19.1 1.99
2.37 96.17 21.31 2.06
0.34 96.34 20.59 2.05
15.53 96.22 18.66 1.43
48.73 95.99 18.26 2.11
0.03 96.16 17.94 1.83
0 96.09 19.29 1.57
1.94 96.24 20.89 2.23
18.13 96.86 17.03 2.36
3.19 96.82 15.77 1.76
31.51 96.26 13.83 1.76
20.56 96.23 14.5 2.89
0 96.17 19.39 2.21
0 96.5 19.44 2.43
0 96.65 18.85 2.51
0 96.48 19.23 2.19
4.61 96.44 19.17 1.59
14.05 96.47 18.75 1.8
0.01 96.54 17.24 1.88
2.89 96.07 17.04 2.22
4.37 95.88 19.67 2.64
52.58 95.76 18.28 3
57.45 95.8 15.82 2.07
44.03 95.78 15.3 1.79
29.13 95.74 16.02 2.74
0 96.04 14.62 2.36
0 96.21 17.02 2.46
0.32 97.03 14.15 1.46
4.3 97.53 11.67 1.75
11.43 96.44 15.26 3.1
61.56 95.65 11.67 4.98
0.04 95.6 14.27 3.91
0 96.58 12.24 2.29
0 96.91 14.52 2.36
0 96.43 17.44 3.37
0 96.3 17.84 2.36
0 96.08 17.99 3.19
0 96.39 11.48 3.58
0.5 95.72 6.68 3
2.18 95.9 6.4 4.81
6 96.18 10.28 4.07
0 96.61 11.84 2.2
0 96.67 13.09 1.87
0 96.42 13.65 1.84
0 96.36 14.78 1.81
0 96.41 15.16 2.41
1.49 96.49 14.57 2.88
0 97.27 7.35 2.76
0 96.2 10.5 2.66
17.23 96.7 7.05 2.13
32.96 97.06 5.75 1.96
2.68 105.07 126.24 62.01
0 104.54 126.63 61.94
0 97.27 7.83 2.44
0 97.29 5.04 1.64
9.52 96.1 7.46 4.23
0 96.1 4.77 2.98
0 96.71 2.76 3.01
0 97.04 1.05 3.61
0 97.47 0.86 2.38
0 97.54 2.84 1.47
0 96.86 4.72 1.54
0 96.66 6.01 1.3
0 96.7 8.49 3.16
0 96.84 10.1 2.94
1.08 97.88 2.55 3.93
64.51 97.95 -2.71 3.62
36.06 97.54 -2.67 3.53
5.29 97.1 -2.11 2.21
0.21 97.19 -2.27 1.47
0 97.39 -2.38 1.2
0 97.52 0.1 1.3
0.18 97.37 2.03 1.37
0.02 96.67 3.81 1.69
0 96.01 6.19 2.47
0.15 96.79 3.31 2.44
5.01 96.69 -0.89 2.56
0 97.34 -2.9 2.57
3.77 97.26 -3.92 2.28
11.44 97.25 -5.56 2.34
9.11 97.27 -6.93 2.03
10.89 97.76 -7.42 1.95
24.79 98.2 -10.08 2.81
7.19 98.28 -11.5 3.36
0.1 98.2 -13.65 2.22
0.01 97.33 -13.21 2.68
0 97.27 -13.25 2.81
0.07 96.82 -11.24 1.32
0.31 97.25 -8.72 1.5
17.46 96.95 -4.83 1.94
0 96.87 -7.25 1.6
0.41 96.19 -2.49 2.43
0.11 95.98 -4.18 4.33
0.25 96.24 -6.5 5.09
0 96.64 -4.49 3.27
0 97.28 -4.8 1.95
0 97.43 -7.11 1.38
0 97.62 -8.1 1.07
0 97.22 -3.41 2.11
4.6 96.85 1.27 2.68
0.02 97.02 -0.09 4.01
0 97.39 -5.53 1.97
0 97.05 -5.74 1.29
0 97.16 -5.89 1.18
3.61 96.52 -4.34 2.55
0.04 96.59 -5.69 3.77
0.05 97.13 -7.42 5.04
0 97.27 -7.54 2.62
0 97.67 -5.65 1.76
0 97.71 -5.95 1.62
0 96.83 -3.3 2.3
0 97.01 -5.02 1.56
0 97.14 -7.38 1.37
0 97 -4.93 1.94
0 97.11 -8.17 1.99
0.01 96.11 -6.44 3.04
0 97.08 -10.95 3.88
0 97.92 -13.69 2.04
0 97.65 -8.94 1.67
0.29 97.18 -5.52 1.51
1.11 97.4 -6.48 1.62
0 97.46 -7.75 1.66
0 96.59 -2.89 2.53
0.01 96.53 -4.97 1.38
1.29 96.73 -7.28 1.84
0 97.22 -9.47 3.26
0 97.08 -11.3 2.41
0 97.31 -9.75 2.8
0 97.18 -9.59 2.68
0 96.97 -9.87 2.44
0 96.72 -9.6 2.01
0 97.46 -10.86 2.88
0 97.73 -12.35 2.43
0 97.23 -12.37 3
0.08 96.55 -10.79 3.23
0.12 96.31 -10.13 2.32
0 96.33 -10.51 1.76
9.14 96.91 -12.55 2.62
3.3 96.97 -16.77 2.91
0 96.64 -17.7 3.74
0 97.26 -17.21 1.8
0 97.76 -16.5 1.36
1.71 97.68 -15.71 1.59
0.94 98.21 -18.8 3.16
0 98.12 -22.49 4.73
0 97.61 -15.53 3.95
0 97.03 -10.59 2.6
0 96.89 -10.9 2.77
0 96.98 -9.56 2.65
0 97.45 -11.04 1.9
0 97.92 -14.26 2.06
0 97.75 -15.42 2.23
0 97.8 -12.87 2.72
0 97.66 -10.71 2.27
0 97.29 -9.08 2.11
0 97.04 -8.17 2.37
0 97.26 -7.62 3.26
0 97.18 -8 3.6
0 97.13 -6.86 2.52
0 96.23 -6.4 2.42
0.01 95.81 -3 3.34
0 96.52 -2.71 2.48
0 96.23 0.56 2.63
0.12 96.14 0.94 1.95
3.98 96.27 1.19 2.49
37.31 96.97 -6.48 5.73
0 97.14 -11.26 4.67
0 96.54 -8.7 3.53
0 96.37 -4.58 3.91
0 96.37 -1.99 3.49
0 96.27 -2.3 3.47
0.14 97.14 -5.49 3.28
0 97.14 -7.81 3.58
0 97.03 -8.46 2.67
0.01 97.07 -5.27 3.18
0 97.99 -9.16 2.4
0 97.63 -8.08 2.55
0 97.55 -7.17 2.61
0.1 96.89 -5.73 2.91
0.02 96.94 -5.54 1.96
0.14 97.23 -6.82 3.92
0.09 97.52 -7.61 3.36
0.04 96.6 -0.68 2.98
0 96.17 3.18 2.58
0 96.09 2.36 2.17
0.31 96.49 1.25 1.48
55.92 96.33 1.75 3.29
0.03 96.35 -0.27 2.14
2.46 96.58 -2.08 3.95
0 97.38 -6.06 4.44
0 97.5 -6.13 3.27
0.02 97.27 -5.29 3.2
0 96.76 -4.52 1.95
0 96.15 -0.88 3.59
0 96.84 -0.57 2.52
0 96.69 1.38 2.09
0 96.15 4.97 3.04
0 95.99 8.4 3.51
0 95.64 9.54 4.52
0 95.93 8.44 3.4
0 96.84 5.15 2.09
0 97.09 6 1.97
0 96.71 8.95 2.6
0 97.01 6.97 4.41
0.03 97.61 3.35 4.93
0 97.65 3.12 3.06
0 97.32 3.52 2.84
0 96.89 7.77 2.61
0 96.35 9.48 2.14
0 95.7 11.58 4.29
1.64 96.17 8.64 3.24
0 96.21 9.2 2.99
0 95.3 15.01 4.71
16.83 95.46 11.89 4.59
1.83 96.54 7.89 3.56
0 96.58 8.62 3.04
0 95.75 11.18 3.74
0.12 96.02 11 2.9
0.87 95.48 12.38 4.35
0 95.73 11.37 3.69
0 95.75 12.67 5.3
0 95.94 8.86 3.16
0 96.57 6.57 3.49
0 96.24 6.92 4.11
41.45 95.31 8.16 2.62
0.16 95.01 10.8 4.24
0 96.12 12.13 3.81
0.45 95.7 15.07 4.47
29.83 95.55 10.71 3.35
1.48 95.52 7.63 4.2
12.6 95.87 7.17 2.45
4.61 96.26 8.63 3.09
0.03 95.85 13.66 2.63
0 94.98 16.15 5.29
0 95.52 12.73 5.49
0 96.07 11.91 2.68
0 95.61 14.35 4.34
0.81 96.27 12.82 2.98
14.99 96.51 11.07 2.03
1 96.13 13.61 1.87
0 96.25 14.08 2.39
18.03 95.54 14.12 2.73
0.09 95.12 17.6 2.84
11.82 94.85 21.46 3.78
138.81 95.57 12.48 2.98
119.12 94.68 11.34 5.15
0 95.25 15.99 3.07
31.79 95.33 14.85 4.05
0.06 95.54 14.2 5.67
0 96.33 16.34 2.85
0 95.82 18.2 4.16
0.79 95.89 17.4 2.15
0 95.63 17.51 2.17
0.91 94.88 19.82 4.71
214.77 95.52 12.32 3.82
0 96.51 14.53 3.66
30.24 96.15 12.16 3.67
1.95 95.86 13.17 3.32
0 95.38 18.04 3.08
0 95.51 23.29 3.7
0 95.83 23.42 4.41
0 96.04 22.11 3.91
0 96.21 21.62 3.67
0.02 96.74 19.91 3.25
0.03 96.67 19.49 2.72
44.56 95.87 15.51 1.82
16.78 94.84 16.74 4.46
16.75 95.12 18.65 3.25
0.23 95.55 19.22 3.72
0 95.55 21.63 4
0.11 95.14 23.64 4.25
0 95.44 20.12 3.87
0 95.16 22.55 3.66
24.87 95.93 17.44 2.55
0 96.01 20.35 1.97
0 95.66 23.43 2.86
0.01 95.35 23.82 3.21
0.02 95.46 22.64 2.76
0.22 95.75 22.73 2.42
28.31 95.84 20.02 3.08
9.32 95.92 19.49 2.02
0.08 95.65 21.8 2.26
14.65 95.39 22.11 3.83
148.9 95.16 20.06 4.35
31.95 95.57 18.89 2.39
7.22 95.49 20.23 1.97
5.95 95.14 19.97 1.92
189.76 95.03 15.88 2.34
23.18 95.06 18.26 2.21
2.43 94.71 20.38 2.38
31.73 94.74 20.91 1.93
2.63 95.27 21.94 2.71
0.02 95.37 23.8 2.26
15.96 95.08 24.79 2.79
39.46 95.07 24.23 2.81
41.08 95.09 23.13 2.33
28.13 95.29 21.73 2.46
9.39 95.34 21.71 3.39
0 95.51 24.27 2.53
0 95.48 25.01 2.09
24.75 95.24 23.46 2.36
79.76 95.39 19.86 3.04
95.12 95.23 20.64 2.47
39.19 95.2 21.2 2.11
0 95.34 21.5 2.02
0.18 95.34 22.86 1.75
0 95.48 25.21 2.67
0 95.67 24.54 2.57
2.38 95.86 25 1.89
0 95.95 26.29 2.01
0 95.91 26.3 2.79
0 95.64 26.01 2.61
0 95.37 27.63 2.22
0 95.14 28.64 2.63
5.49 94.84 28.88 3.75
74.93 95.02 23.51 2.19
1.76 95.36 25 2.44
1.22 95.68 23.98 2.53
8.53 95.39 20.8 1.98
5.19 95.25 20.83 2.08
1.48 95.56 22.35 1.85
0.07 95.6 23.87 2.08
42.13 95.7 23.06 2.39
360.83 95.71 21.18 2.43
817.11 95.23 22.1 2.44
53.08 95.05 23.72 1.74
9.63 94.96 26.45 2.56
0.53 95.41 26.58 2.03
499.05 95.4 21.95 2.48
5.26 95.33 22.85 1.59
1.26 95.11 24.37 2
23.21 95.08 24.79 2.32
39.27 95.46 24.28 1.9
183.35 95.74 23.93 1.93
71.97 95.83 22.71 1.74
40.41 95.92 23.48 1.91
0.39 95.93 25.04 1.58
0 95.9 26.35 1.54
0 95.87 26.97 1.83
0 95.79 26.74 2.08
159.02 95.49 26.04 2.26
191.18 95.81 23.85 2.24
0 95.94 22.94 1.53
0 95.63 23.83 2.27
0 95.43 27.21 3.69
1.13 95.43 28.74 3.73
24.26 95.45 26.19 2.23
0 95.41 25.3 1.72
0 95.64 24.85 1.99
6.41 95.58 23.41 1.56
38.64 95.43 22.9 2.06
2.5 95.32 23.22 1.52
299.38 95.25 20.8 1.6
25.57 95.65 21.87 2.34
9.77 95.81 22.46 1.66
0.73 95.93 23.71 1.78
3.58 96.05 24.02 1.51
18.81 95.62 21.75 1.59
11.14 95.37 24.1 1.79
96.32 96.06 18.9 3.8
0 96.4 18.47 2.06
3.92 96.08 18.71 2.12
3.56 96.02 19.45 2.06
0 96.15 19.07 2.3
0 95.6 18.98 2.54
21.51 94.55 17.33 3.75
32.11 94.44 16.18 2.4
12.67 95.11 19.24 1.47
36.63 95.63 18.85 1.21
72.34 95.89 18.37 1.61
87.16 95.81 18.04 1.58
15.28 95.68 19.58 1.73
3.73 95.44 19.21 1.65
5.6 95.5 18.64 1.7
28.13 95.78 17.96 1.4
10.2 95.96 17.52 1.76
59.65 96.32 16.4 1.83
25.45 96.57 16.85 1.54
1.67 96.55 17.7 1.51
19.41 96.36 19.47 1.99
0.03 96.22 20.4 1.72
6.74 96.25 19.56 1.82
3.81 96.67 17.44 2.2
15.65 96.83 15.32 2.51
0.17 96.87 14.83 2.32
0 96.76 14.85 1.57
1.46 96.61 14.85 2.01
3.99 96.23 17.14 2.24
5.91 95.92 18.84 2.24
2.32 95.67 20.3 3.37
0.06 96.3 18.13 2.06
13.93 96.14 17.65 1.71
2.16 96.77 13.54 4.17
0 97.25 9.46 2.4
0.04 96.53 10.57 2.57
0.09 96.15 15.92 1.92
4.77 96.04 18.7 3.52
5 96.03 15.75 1.81
1.23 95.97 16.91 3.25
65.18 96.53 9.4 2.33
23.55 96.63 8.34 2.27
0.71 97.24 9.44 1.69
74.6 96.46 10.47 2.53
1.34 96.56 7.29 4.28
0 96.84 5.72 2.01
0.47 96.4 7.73 2.04
0 96.92 7.06 87.54
0.15 96.96 8.14 1.75
0 96.52 12.72 1.66
0 96.61 14.03 1.83
0.3 96.8 15.22 2.88
11.75 96.3 14.16 3.39
0 96.71 10.88 1.96
0 96.52 11.99 1.98
0 96.31 14.37 2.58
2.38 97.18 6.88 3.13
41.5 96.6 6.44 1.74
50.3 97.22 3.21 3.42
0 96.93 3.48 1.44
0 96.31 4.44 1.39
0 95.92 9.06 2.81
0 97.08 5.02 2.19
43.3 97.16 3.68 1.38
21.03 97.31 3.62 2.83
0.26 97.46 1.07 2.62
2.14 97.11 1.23 3.25
0 97.95 -3.7 2.88
0 97.62 -2.58 2.59
0 96.88 1.07 3.04
0 96.32 2.5 1.84
0 95.42 4.71 1.76
0 96.33 3.39 3.53
0.2 97.25 0.31 2.08
9.34 97.45 -0.41 3.24
0 97.86 -2.63 1.83
0 97.32 -1.45 2.26
4.19 95.84 3.09 3.73
1.34 96.02 -0.36 1.59
0.23 96.54 0.31 1.62
0 96.09 4.25 3.25
0 96.66 2.73 4.35
0 97.02 -2.29 2.08
0 96.67 1.53 2.18
0 96.7 0.1 2.39
0.35 96.05 3.09 2.29
3.17 96.52 -2.03 2.52
26.01 97.15 -5.85 1.66
61.46 97.47 -7.93 3.03
0 97.89 -10.86 2.85
0 97.59 -10.34 2.61
0 97.11 -7.88 2.33
0 96.76 -5.53 2.05
0 96.29 -1.81 3.22
0 97.04 -4.65 3.34
0 97.49 -4.17 1.65
0.14 97.79 -4.25 1.84
7.04 96.65 -0.1 3.48
0 97.39 -2.59 3.12
0 97.12 -0.15 2.42
0 96.39 2.13 3.14
0 96.36 -0.39 2.32
0.56 97.05 -4.45 3.36
0 96.57 -4.55 2.98
0 96.76 -5.37 2.1
2.35 96.14 -2.65 3.36
0 97.11 -6.72 2.08
0 97.26 -7.58 1.26
0 96.73 -5.47 2.79
4.02 96.93 -2.94 2.35
0 97.55 -7.28 3.28
0 97.54 -9.62 2.2
0.01 97.5 -8.71 2.75
0 96.79 -4.9 2.43
0 96.68 -3.83 1.21
0 96.83 -3.69 1
0 96.89 -3.47 1.26
0.04 97.24 -3.31 1.09
0.1 97.19 -3.8 2.42
2.45 96.85 -8.16 4
0 97.31 -9.1 2.7
0 97.29 -9.43 1.3
0.04 97.07 -4.95 2.79
2.72 97.65 -8.01 3.47
0 97.63 -10.88 1.99
0 97.31 -9.04 3.45
0 97.56 -9.12 2.71
0 97.06 -7.78 1.74
0 96.91 -6.77 1.41
0 96.7 -3.15 2.73
0 96.85 -4.47 2.25
0 96.54 -2.1 2.45
0 97.1 -4.78 1.53
0 97.44 -6.22 1.2
0 96.97 -3.87 1.25
8.79 96.93 -3.58 1.72
9.67 96.54 -4.03 2.18
0.02 96.75 -6.64 3.28
0 97.02 -9.26 3.21
0 96.76 -9.34 2.53
0.01 96.47 -9.91 2.64
0 96.62 -9.4 3.76
0 97.57 -10.88 2.02
0.2 97.57 -12.39 1.43
0.03 97.47 -11.59 1.43
0.23 97.27 -9.48 1.84
0 97.58 -10.51 1.61
18.91 97.22 -11.35 2.93
0 97.37 -13.23 2.17
0 96.96 -11.69 4.25
0 97.64 -13.21 2.33
0 97.77 -13.67 1.47
0 97.89 -12.18 1.36
0 97.32 -8.09 1.88
0.05 96.52 -3.19 4.58
0 97.11 -6.32 3.37
0 96.5 -6.11 2.52
0.14 97.24 -9.47 4.2
0 97.68 -9.64 3.13
0 97.07 -7.01 2.81
0 97.82 -7.48 3.08
0 97.22 -5.68 2.02
0 96.64 -3.77 1.77
0.39 96.24 -0.3 2.17
0 96.58 -4 3.23
0.01 97.54 -5.73 2.72
0.01 97.5 -6.83 1.1
0.03 97.28 -7.41 5.05
0.01 96.84 -8.38 5.16
0 97.02 -8.28 4.37
0 97.14 -6.92 2.67
0 97.12 -6 1.58
0 97.59 -4.31 1.89
0 97.53 -3.44 2.1
0 96.35 1.68 3.17
4.63 96.54 -1.77 4.18
0 97.25 -6.22 2.81
0 96.68 -4.93 2.5
0 95.54 -1.43 4.25
0 97.32 -6.28 4.35
11.77 97.22 -6 2.57
22.43 96.47 -3.22 4.1
0 97.01 -3.72 3.39
0 96.73 -1.83 3.09
0 96.65 -0.39 2.97
0 96.88 -0.46 1.57
0 96.54 1.88 2.88
0 96.44 2.05 2.76
1.15 96.84 -3.13 4.09
0 96.13 -0.67 2.6
0 96.12 0.76 1.71
0.03 96.33 -1.27 2.45
0.17 96.77 -3.59 3.84
0.04 96.53 -5.83 3.35
0 96.56 -4.18 3.96
0 96.05 0.58 3.63
0 95.86 1.41 2.93
0 96.09 3.77 1.94
0 96.32 5.56 2.74
0 97.13 1.29 4.31
0 97.18 1.41 2.69
0 97.14 2.11 2.37
0 96.9 3.15 1.83
0 96.5 3.97 1.65
0.7 96.41 5.22 2.25
0 96.92 6.32 1.98
0.16 97.02 6.06 2.5
1.27 97 3.1 3.23
0 96.9 2.28 2.23
0 96.62 3.68 2.08
1.02 97.02 3.3 1.86
8.77 96.76 1.77 1.47
3.34 96.55 3.39 2.09
0.32 96.47 3.19 2.19
0 96.65 3.81 2.5
0 96.49 5.91 2.39
0 96.38 9.53 3.32
0.11 97.13 5.35 2.73
0 96.99 5.73 2.49
0 96.38 6.5 1.77
0 96.4 9.63 1.92
0 96.34 12.99 3.15
0 96.07 16.09 3.7
0.86 95.83 13.35 3.3
1.65 95.8 11.15 3.33
0.59 95.92 10.86 2.79
0 96.57 10.11 3.72
0 96.64 9.74 2.01
0 95.65 12.95 3.08
0 96.15 9.59 4.16
0 96.09 8.27 2.65
0 95.51 12.43 4.04
0 95.05 15.34 3.16
0 95.47 16.92 3.11
0.3 95.79 15.51 2.93
1.26 94.73 15.53 4.42
0.31 94.89 9.82 5.65
1.51 95.36 8.5 3.13
1.6 95.64 10.82 3.54
0 96.08 11.14 2.44
0.02 95.44 14.34 4.86
0 95.67 11.39 2.93
0 95.95 10.72 3.11
0.01 96.64 9.95 3.21
0 96.66 11.47 4.38
0 95.83 15.68 4.21
0 95.27 17.92 3.08
0 94.94 21.09 4.08
0 95.77 18.53 2.75
0 96.24 18.03 2.52
0 96.2 20.65 3.66
2.67 96.15 18.6 4.87
24.75 96.04 15.34 2.9
23.37 95.76 11.25 5.55
0 95.95 12.49 5.78
0 95.83 18.26 3.67
0 95.51 20.99 2.55
0 95.35 19.74 4.39
0.5 95.26 19.07 3.01
0.04 95.37 16.78 4.69
0 95.27 14.8 4.15
0.79 95.43 14.21 4.73
0.18 96.15 15.33 4.57
0 96.15 17.23 2.35
0 95.39 20.29 1.96
0 95.23 23.63 2.65
0 95.26 27.9 4.31
2.39 95.54 27.09 3.4
0.52 95.81 24.88 3.33
5.99 96.07 18.54 3.45
180.26 96.23 11.3 2.46
0.02 96.07 16.84 2.26
0.01 95.61 20.2 2.22
0.07 96.1 16.83 3.5
0 95.74 18.89 2.44
0 95.38 21.1 2.86
0 95.55 22.85 3.32
30.04 95.96 17.18 2.52
1.12 95.41 19.99 2.92
29.1 94.89 20.16 3.04
0 95.36 18.05 3.26
76.41 95.71 12.21 2.02
0 95.85 16.33 2.4
0 95.82 20.72 2.55
0 96 21.77 2.34
26.87 95.73 15.76 2.19
1.05 95.42 18.77 2.45
0.77 95.29 22.76 3.78
0 95.33 22.24 3.53
0 95.73 20.06 1.89
12.1 95.88 18.75 1.86
20.83 96.17 18.95 1.8
0 96.2 21.2 1.97
0 95.74 27.02 2.49
0.22 95.45 28.5 2.1
4.85 95.32 27.61 2.75
9.5 95.24 25.59 2.95
41.18 95.23 23.25 3.34
133.76 95.17 20.25 2.09
16.49 95.18 20.88 2.27
0.8 95.35 22.62 2.15
66.46 95.72 19.57 1.57
127.26 95.61 18 1.63
8.03 95.35 19.45 1.54
7.6 95.32 21.48 1.5
0 95.48 24.3 1.75
7.97 95.43 25.21 2.81
8.35 95.46 25.83 3.24
0.09 95.37 26.67 3.39
16.13 95.2 26.95 2.93
25.15 95.07 27.4 2.83
65.55 95.25 24.49 2.21
0.61 95.35 25.45 1.92
21.19 95.51 25.09 1.75
83.66 95.68 23.67 1.48
108.93 95.47 23.96 2.51
537.6 94.61 23.63 2.54
38.98 94.63 24.99 3.26
109.26 94.8 23.82 2.19
0.91 94.69 24.91 1.77
0 95.01 26.15 2.44
0.45 95.07 28.67 2.96
28.47 94.87 28.69 3.66
35.87 95.22 26.21 2.4
27.49 95.6 26.05 1.79
0 95.72 27.21 2.08
0 95.7 27.83 2.32
0.02 95.43 27.92 3.08
63.03 95.16 26.6 2.65
32.5 95.1 24.66 2.71
97.22 95.83 21.82 2.43
23.69 95.86 21.66 1.48
4.8 95.41 23.67 1.16
3.62 95.48 23.82 1.57
0.88 95.74 24.53 1.79
33.48 95.45 21.87 2.18
0.97 95.58 23.22 2.14
0 96.1 23.55 1.7
0 95.7 23.58 1.59
28.14 95.29 24.23 2.47
0.05 95.47 25.28 2.06
0.78 95.57 25.81 2.5
38.66 95.28 25.6 2.19
951.1 94.65 24.25 2.52
11.2 95.07 25.51 1.52
74.58 95.13 24.99 2.16
39.3 94.95 23.69 1.88
6.46 95.01 24.29 1.98
44.97 94.88 23.28 1.66
47 94.72 21.09 1.54
4.75 94.83 23.62 1.55
8.08 95.23 24.58 2.43
63.6 95.63 23.19 2.05
0.46 95.75 23.83 1.64
30.28 95.68 22.3 1.68
15.73 95.55 22.41 1.62
260.01 95.62 20.34 1.78
69.02 95.76 21.14 1.68
24.83 95.91 22.09 1.6
42.09 95.96 22.36 1.6
7.17 95.63 22.69 1.74
0.95 95.36 25.34 1.89
65.86 95.77 23.15 2.26
237.45 95.65 20.29 2.11
0.03 95.7 21.06 2.86
0 95.82 19.05 3.31
0 96.16 19.67 2.02
28.2 95.95 16.79 2.91
11.79 96.26 16.89 2.6
0 96.46 15.57 2.39
0 96.13 17.73 1.88
0.94 96.13 18.23 1.73
6.29 95.97 19.98 1.83
9.32 96.04 19.55 1.86
7.77 95.97 20.18 2.54
2.37 95.81 21.14 2.81
0.05 95.64 21.08 3.28
0 95.56 19.53 1.69
0 95.37 21.2 2.21
0.45 95.83 19.86 2.48
3.93 95.95 19.56 1.91
78.23 95.85 17.89 1.91
0.03 96.03 17.27 2.09
0 96.44 16.32 1.97
0 96.71 17.16 1.65
2.82 96.63 19.48 2.2
4.76 96.5 19.47 2.01
0.93 96.06 19.5 2.57
0.02 95.88 17.59 2.05
0 95.32 19.26 2.4
0.13 95.73 16.88 2.73
0 96.16 15.91 1.98
0.78 95.57 19.12 2.9
42.16 95.54 17.53 3.23
0 95.78 17.91 3.59
0.22 95.96 19.26 2.4
12.24 96 17.08 2.24
22.91 96.24 14.06 2.1
0.06 96.25 10.95 2.26
0 96.13 10.3 3.14
0 95.96 11.03 1.9
0 96.12 14.05 2.82
0.06 96.21 16.85 3.48
0 96.99 9.96 2.43
0 97.36 8.59 1.84
0 97.18 9.9 2.39
0 96.52 13.52 3.29
0 96.28 15.02 3.3
0 96.51 14.26 1.92
36.38 96.8 12.71 1.36
180.38 97.35 9.37 3.19
27.82 97.41 6.08 3.11
0.47 97.26 5.46 2.61
0.8 96.92 5.03 2.05
0 96.78 6.95 2.67
0.02 97.36 5.67 1.29
33.55 97.41 6.95 1.69
0.18 97.75 6.03 1.52
0 97.51 6.87 1.59
4.39 96.89 9.28 1.87
0.04 96.65 9.69 1.23
0 96.4 11.2 2.46
0.01 97 8.51 2.15
6.81 97.13 5.11 2.07
0.1 97.14 5.77 1.95
0 97 6.87 1.97
0 97.02 8.4 1.36
0 96.44 10.51 1.7
0.02 96.31 10.68 1.77
0 97.08 7.76 3.96
0 97.67 2.7 3.3
0 97.16 5.07 2.24
0 96.31 7.98 3.02
