0.89 94.77 -16.83 1.29
0.03 95.44 -17.7 1.47
21.71 95.27 -19.41 1.51
7.02 95.54 -18.89 3.08
0 95.83 -20.32 2.02
0.01 96.03 -20.79 2.02
0.07 96.13 -18.51 1.3
22.26 95.49 -17.28 0.97
6.26 95.7 -17.11 1.24
0 95.96 -16.82 1.36
0 95.96 -16.59 2.86
0 95.38 -19.01 3.05
0 95.4 -16.57 3.49
2.23 95.2 -16 1.25
0 96.28 -15.77 1.37
0 95.84 -14.1 1.06
0 95.52 -11.1 1.15
0.01 95.43 -6.92 1.18
0 94.93 0.13 3.1
0.13 96.17 -10.1 4.5
0 96.06 -13.59 2.99
0 95.78 -11.89 4.84
0 95.25 -8.43 3.82
0 94.68 -8.78 4.39
0 95.66 -9.74 3.63
0 98.18 -5.05 2.97
1 94.57 -4.3 2.34
0.02 95.21 -11.27 4.18
0 94.79 -5.75 4.9
0 94.84 -5.5 1.87
0 95.42 -8.96 1.56
0.72 95.56 -11.33 1.92
0 95.58 -14.65 2.4
0 95.52 -13.41 2.5
0 95.49 -13.99 2.24
0 95.83 -14.17 1.39
0.02 95.68 -11.86 2.07
3.19 94.76 -3.91 2.63
0 94.88 -5.29 1.6
0 95.5 -7.68 2.38
0 96.1 -10.91 2.72
0 96.5 -12.44 3.04
0 96.22 -12.3 1.9
0.07 95.58 -10.39 2.26
0 96.02 -11.08 2.46
0 96.18 -12.83 1.82
0 95.71 -11 1.49
0.01 95.31 -9.33 3.09
0 95.11 -8.71 2.75
0 94.57 -4.37 1.92
0 94.43 -7.28 1.69
0 94.58 -6.52 1.79
0 94.57 -4.36 2.53
0 93.55 1.26 1.85
2.2 93.94 -3.13 1.73
0 95 -6.5 1.99
0.38 95.16 -5.3 1.76
4.2 94.8 -6.42 1.96
1.05 95.46 -8.35 2.12
0.17 95.12 -8.09 2
0.63 94.89 -3.52 3.51
0 94.93 -2.41 2.72
54.34 94.55 -2.72 2.75
2.08 95.67 -10.46 3.41
0 96.34 -12.58 1.62
0.02 96.59 -12.73 1.51
3.9 96.9 -10.57 2.37
0.01 96.12 -10.09 2.61
0 94.75 -4.81 2.4
0.41 93.67 1.9 3.16
0.79 94.87 -5.27 4.17
0 95.43 -3.17 1.82
47.01 94.83 -0.42 2.04
0.67 94.88 -3.19 5.74
0.01 95.3 -5.13 2.66
0 95.7 -5.89 2.32
0 94.69 -3.22 2.65
0.37 93.33 3.94 2.37
44.08 94.03 -1.23 3.56
0 94.33 -0.08 2.8
0.1 94.34 3.59 3.71
0 94.99 2.16 2.51
0 95.55 -0.92 2.53
0.08 95.54 -3.73 3.45
1.15 95.04 -3.04 1.78
3.73 95.62 -2.47 1.6
0 95.52 2.94 1.46
0.08 95.28 5.74 1.81
5.84 94.69 8.6 3.71
2.78 94.47 7.04 4.73
0 94.91 1.21 5.2
0 94.96 -0.61 4.11
0 94.55 4.27 3.84
0 94.31 8.5 3.78
4.62 94.96 2.32 2.29
0.01 95.58 1.53 2.17
0 94.99 6.84 3.3
0.34 93.79 12.46 5.27
21.09 94.6 2.47 2.68
0 94.9 3 2.98
1.31 94.83 1.67 2.01
54.59 94.7 0.08 3.27
0.01 95.46 -1.46 4.88
0 95.56 1.85 2.56
0.54 94.89 4.02 2.38
6.69 95.16 2.8 1.84
0 95.1 4.76 2.53
30.64 94.43 10.58 2.51
23.25 94.93 8.44 1.73
0.31 95.29 7.97 2.04
0.18 95.54 9.26 1.92
0.98 95.29 8.76 1.97
0.31 95.18 7.9 1.87
0 94.75 12.31 3.03
4.47 94.5 12.75 4.01
21.13 94.38 4.29 3.36
8.76 94 2.25 3.5
0.11 94.15 4.65 5.85
1.41 94.3 6.81 4.91
7.47 94.51 11.64 2.37
0 93.97 17.15 1.97
0 93.73 18.39 3.98
0.23 94.23 16.28 2.12
2.87 93.73 65.21 2.34
206.12 93.41 9.64 2.58
4.94 93.89 13.13 3.9
49.59 93.88 11.44 1.6
7.83 94.11 14.58 2.52
45.99 93.92 11.21 3.67
12.88 93.84 8.97 2.21
1.76 94.86 9.62 2.2
0 95.09 13.05 1.58
0 95.03 16.1 1.49
4.37 94.63 17.09 3.38
7.31 94.52 20.16 2.46
0.98 94.69 19.47 2.24
13.79 94.22 17.49 2.48
209.02 93.4 12.12 2.54
0.34 93.12 18.04 4.57
0 93.94 21.31 2.5
0 94.09 23.99 2.47
0.59 94.08 22.25 1.98
0.41 93.76 21.5 2.39
10.94 94.02 17.26 3.68
0.39 94.59 20.87 2.85
0.23 94.98 21.74 2.17
8.47 94.91 18.78 1.79
90.13 94.29 15.53 2.23
64.8 93.94 16.56 1.85
74.43 94.4 15.23 1.76
8.39 94.98 16.53 1.13
4.11 94.88 17.92 1.47
0.64 95 19.15 1.46
0 95.04 21.33 1.75
0.02 94.83 22.54 2
0 94.54 23.58 2.1
0 94.54 23.69 2.27
0 94.64 24.34 3.29
0 94.77 24.27 3.26
0 94.87 24.39 2.16
1.78 94.74 21.27 2.17
0.03 94.45 21.34 3.33
0.7 94.12 23.57 1.86
27.45 93.87 23.49 2.77
59.23 93.78 22.06 2.71
0.51 93.69 23.58 2.39
20 93.79 23.42 1.69
85.23 93.83 20.83 1.96
32.21 93.93 20.4 1.77
0.89 94.03 22.59 1.22
0.05 94.42 22.79 2.48
0.03 93.99 23.31 1.63
4.3 94.34 20.2 2.07
0 94.42 23.09 1.53
0 94.28 25.66 1.9
0 94.26 26.6 2.68
0 94.2 26 1.74
9.46 94.03 21.91 1.53
18.91 93.95 22.58 1.47
0.14 94 24 1.47
0.16 93.77 25.93 1.29
72.24 93.73 22.32 2.26
1.34 93.75 24.85 1.38
0.08 93.75 27.72 1.76
2.82 93.72 27.12 1.85
0 93.74 26.52 2.92
0.03 93.86 25.13 2.56
6.97 94.14 21.22 1.74
1.7 94.33 22.44 2.04
1.86 94.28 22.04 2.38
55.52 94.06 21.47 1.63
124.74 94.07 20.55 1.48
297.16 94.34 20.06 1.34
4.04 94.61 22.3 1.05
0 94.53 23.95 2.23
81.26 94.08 22.44 2.38
7.84 93.85 24.82 2.78
2.53 94.09 25.92 2.23
2.66 94.06 27.04 2.41
13.1 94.14 25.92 2.38
92.07 94.08 23.84 1.82
0.85 94.32 24.69 1.5
1.24 94.42 25.93 1.6
12.06 94.44 26.89 1.3
7.88 94.57 27.46 1.55
0.6 94.43 28.01 1.96
7.99 94.35 27.16 2.43
39.01 93.98 26.52 2.25
319.26 93.59 25.89 2.46
9.47 93.61 22.12 1.27
43.57 93.57 25.57 1.16
194.49 93.91 21.89 1.48
0 94.51 21.12 1.94
0.04 94.39 22.55 1.46
9.37 93.66 24.73 2.9
52.42 93.9 22.99 1.79
58.47 94.31 21.88 3.01
0 95.04 20.15 1.56
30.09 94.64 19.96 1.45
77.88 93.94 22.29 2.1
31.27 94.03 22.54 2.13
0 94.25 21.52 1.86
0 93.96 24.43 2.37
36.8 93.7 24.82 1.93
2.15 93.59 26.2 2.16
14.09 93.49 24 3.37
0 94.01 21.99 2.86
0 94.35 22.1 1.67
11.99 94.35 22.59 2.02
10.42 94.5 22.91 2.15
106.91 94.68 22.45 1.89
0.68 94.98 22.5 1.77
142.48 94.88 18.59 1.59
63.9 94.85 19.05 1.45
1.23 94.84 19.95 1.37
0 94.76 22.1 1.72
0.14 94.99 21.57 1.77
2.55 95.2 21.35 1.47
0 94.92 20.73 1.64
0.87 94.71 19.67 1.55
25.35 94.32 20.3 1.56
3.96 94.42 20.4 1.09
0.81 94.47 21.7 1.8
9.41 94.98 19.81 1.62
7.13 95.12 20.73 1.22
0.03 94.99 19.75 1.17
0 94.7 19.78 1.72
0 94.49 22.48 1.65
0.47 94.71 23.37 1.86
0 95.25 18.22 1.57
0 95.06 17.57 1.38
2.88 94.61 18.36 1.31
6.63 94.3 18.84 1.43
0.13 94.53 19.3 1.5
0 94.68 20.49 1.08
4.74 94.73 21.99 1.33
0 94.82 22.48 1.8
6.48 94.61 20.86 2.07
100.92 94.99 14.68 2.01
297.07 95.09 8.97 1.68
154.28 94.95 12.56 1.39
0 94.68 16.14 1.45
54.43 94.94 14.47 1.97
193.6 95.55 9.36 2.34
0 95.42 9.9 2.48
0 95.22 12.22 1.44
1.56 94.95 14.48 1.33
9.16 94.69 15.11 2.44
0.19 94.89 12.33 2.62
0 94.87 10.5 4.8
0 95.69 8.91 2.4
0 95.27 9.86 1.41
0.03 94.97 14.91 1.91
1.73 95.3 12.45 1.42
275.45 95.05 7.22 2.3
77.75 95 7.78 2.34
0 95.1 9.18 1.54
0 94.71 13.19 1.37
0 94.6 16.65 2.43
0 94.73 17.79 2.54
0 94.68 17.54 2.17
0 94.24 17.03 3.23
42.85 94.82 10.7 1.87
152.45 95.26 5.06 2.06
0 95.34 8.07 1.61
0 94.92 9.44 1.81
0 95.12 8.22 3.19
0 94.61 7.63 2.88
0 95.41 2.49 2.71
0 95.97 0.78 0.91
19.26 95.9 -0.14 1.35
58.1 95.96 0.59 1.03
0 95.82 1.74 1.14
0 95.28 4.26 1.36
0 94.99 8.66 1.28
8.31 95.2 8.42 1.98
5.17 95.72 3.36 3.21
0 96.08 -0.54 3.24
0 96.72 -1.62 2.04
0 95.9 0.68 1.56
0 95.79 4.29 2.13
0 95.78 5.45 1.35
0 95.85 5.63 1.45
0 95.68 5.92 2.06
0 96.19 1.89 3.23
0 95.71 1.4 1.92
0 95.3 5.05 1.56
0 95.4 4.42 1.32
0 95.08 6.63 1.79
0 94.79 7.08 1.38
4.74 94.97 3.01 2.25
0.38 95.46 -0.03 3.43
0 95.11 -1.37 1.44
0 94.66 0.25 1.28
16.14 94.17 0.76 3.93
2.3 94.57 -0.94 1.9
0.6 95.6 -1.8 4.24
0 96.55 -5.24 2.82
0.06 95.88 -3.29 2.44
0 95.24 0.04 1.52
0 95.15 0.95 1.84
0 94.84 4.6 3.02
0 94.38 3.04 2.3
0 94.14 5.44 1.93
0.43 94.32 1.76 4.22
0 95.06 -2.79 2.04
0 94.88 -2.45 1.8
0.02 95.16 -2.47 4.34
0 95.42 -6.57 2.78
0.64 94.57 -6.24 2.58
0 94.95 -7.67 6.27
0.22 95.09 -7.83 1.42
0.11 94.97 -6.72 1.31
0 94.61 -3.14 2.05
0.03 94.22 -3.5 1.85
0.07 94.82 -7.87 3.71
0 94.87 -5.97 2.09
0 93.89 2.64 2.36
0 95.28 -3.27 3.01
0 95.81 -6.07 3.35
0 94.53 -5.48 2.56
0 94.51 -7.07 1.5
0 93.95 -5.15 1.69
2.42 93.89 -9.04 3.87
0 94.84 -12.57 1.77
1.12 95.2 -14.16 1.83
0.04 95.94 -15.71 2.85
0 95.85 -16.65 3.7
0 95.56 -15.82 3.64
0 94.25 -8.79 3.84
0 94.11 -6.82 1.62
0 94.16 -4.48 1.98
0 94.43 -2.82 2.7
0 94.67 -1.19 1.99
0 94.41 -7.26 1.41
0.3 94.98 -10.8 2.9
0 96.23 -17.24 3.13
0 96.2 -16.1 3.46
0 95.31 -15.06 3.35
0 94.23 -12.25 2.92
0 93.9 -9.35 2.31
0 94.55 -12.28 3.26
4.28 94.78 -12.83 2
0.05 94.98 -13.28 4.52
0.13 95.52 -11.84 4.86
0 95.62 -12 3.39
0 95.76 -12.8 2.77
0 95.37 -13.09 0.96
0.02 94.98 -13.06 1.61
0.04 95.16 -11.9 4.98
0 95.77 -10.85 4.21
0.02 95.08 -8.58 1.82
0.32 94.96 -10.06 3.78
0 95.51 -14.05 4.27
0 94.76 -11.49 3.13
0 94.32 -12.92 3.94
0 94.45 -12.82 2.08
0.01 94.47 -11.51 3.28
0.05 95.45 -15.64 3.41
0 95.87 -17.89 3.48
0 95.68 -15.41 2.6
0 95.52 -14.54 2.56
0 95.24 -14.95 3.18
0 95.21 -14.8 3.73
0 95.12 -12.92 2.3
0 94.94 -13.07 1.68
0 94.94 -13.73 3.45
0.07 95.21 -14.99 3.57
0.02 95.35 -14.61 1.75
0.04 95.52 -15.03 2.37
0 95.94 -15.42 1.72
0 96.23 -14.26 3.07
0.03 95.78 -14.44 3.41
0 95.5 -15.28 3.76
0 95.29 -11.22 4.02
0 94.93 -4.37 2.93
0 94.62 -5.3 2.01
0 94.54 -8.07 1.62
0 94.4 -6.49 2.24
0 94.64 -5.88 2.32
0.05 93.81 -3.9 4.7
0.01 94.41 -3.71 2.72
0 94.07 -6.74 2.12
0.55 94.24 -7.65 3.34
0.08 95.02 -10.77 1.88
1.06 94.99 -9.99 1.03
2.41 95.27 -13.52 3.97
0 95.38 -12.83 2.2
0.17 95.29 -11.98 1.96
0.1 95.25 -12.12 1.57
0 94.55 -4.09 2.95
1.43 94.54 -5.4 1.79
3.35 94.98 -5.21 2.69
0 94.95 -4.41 2.01
0 94.83 -0.68 1.88
0 95.11 -1.02 1.6
0 94.73 1.16 2.11
0 94.25 2.11 3.55
4.65 94.06 0.5 2
0.17 94.79 -4.28 2.91
0 95.39 -4.77 1.71
10.18 94.81 -2.43 4.3
0.62 95.61 -9.21 3.4
0.06 95.12 -8.11 3.17
0 94.8 -7.16 3.51
0 94.8 -7.06 2.42
0 94.92 -4.6 3.28
0 94.57 -1.09 2.04
0.14 94.09 1.31 2.58
0 94.91 -1.92 3.57
0 94.64 -1.8 4.59
0 94.68 -4.12 4.61
0 95.01 -2.16 3.97
0 94.77 -0.45 3.93
0 94.13 2.22 2.93
0 93.44 6.85 2.16
0.03 94.2 2.13 4.43
0 95.3 -2.42 4.08
0 94.99 -5.35 4.46
0 94.75 -3.49 3.18
0 94.14 3.17 3.18
0 93.83 4.32 5.16
0 94.23 1.61 3.99
0 94.41 -0.75 2.26
3.18 95.02 -3.96 4.48
0 95.1 -3.02 3.29
0 94.83 -2.27 2.63
0 94.99 -2.58 4.72
0 97.21 -0.68 2.71
0 97.18 0.79 3.04
0 97.02 2.8 3.05
0 97.28 2.66 1.94
0 96.97 7.03 3.18
0 96.63 7.96 2.11
0 96.24 9.98 4.3
0 97.52 2 3.98
0 97.44 2.18 2.31
0 97 5.81 2.66
0 96.9 7.54 1.32
0 94.65 9.78 2.58
0.07 93.92 10.42 5.43
1.71 94.3 7.69 5.02
0 94.28 7.92 3.95
0 94.15 8.27 3.36
0.91 94.81 5.12 3.52
0 94.5 9.08 3.52
0 93.9 14.17 3.42
0 94 13.47 1.65
0.03 93.27 15.94 3.43
0 94.11 10.34 5.3
0 93.8 12.13 4.21
1.26 93.87 8.05 7.09
0.35 94.51 6.93 4.94
0 94.3 9.57 2.1
0 93.77 13.32 4.01
55.02 94.49 7.26 2.19
2.96 94.38 6.3 2.05
14.57 94.11 5.11 3.16
6.66 93.69 6.1 3.77
0.06 93.26 8.57 1.84
7.6 93.29 9.39 2.95
1.62 93.95 7.38 2.83
0 93.45 9.75 1.45
37.16 92.84 8.69 1.7
2.94 92.81 9.33 2.25
0.76 93.73 13.34 3.53
0.27 93.98 10.94 4.24
0 94.3 12.53 2.77
2.95 93.83 12.39 2.82
120.06 93.04 9.28 3.03
0.21 93.11 10.92 3.93
0.01 93.63 13.28 3.16
1.43 93.6 14.73 3.8
11.86 93.44 16.66 3.13
0 93.69 17.96 2.52
0.2 93.38 15.81 5.23
1.03 93.32 12.31 6.02
0 93.52 14.86 6.63
0 93.61 16.08 4.68
0 94.15 12.92 3.27
0 94.1 13.92 2.31
0.02 93 17.64 2.35
13.87 92.81 18.74 3.62
10.56 93.96 13.2 2.97
3.24 94.07 11.57 3.27
0.77 93.93 12.67 4.53
0 93.8 17.35 3.33
0 93.91 18.41 2.85
0 94.05 20.75 3.16
5.95 93.96 20.1 4.13
10.12 93.89 18.52 5.09
0.02 93.74 19.72 2.74
0.61 93.57 23.13 4.81
12.82 93.66 22.04 2.7
36.8 93.26 18.4 3.37
6.64 93.19 17.2 3.19
0.04 93.61 19.5 3.15
6.74 93.33 20.2 5.49
2.55 93.47 18.7 4.03
0.26 93.72 19.38 1.93
1.75 93.58 22.77 1.89
7.65 92.96 24.03 2.97
15.94 92.69 21.7 2.65
12.23 92.94 21.69 2.33
0 93.35 22.31 2.59
42.65 93.3 20.37 2.02
152.22 93.45 15.83 2.66
4.85 93.65 19.48 1.92
4.66 93.66 21.32 1.4
72.79 93.45 20.44 2.11
56.58 93.43 18.65 2.03
117.02 93.64 17.43 1.88
0.53 93.81 20.4 1.92
0 93.73 23.89 1.31
0 93.57 26.04 1.84
0.05 93.3 27.41 2.79
0 93.23 27.07 2.75
16.32 93 22.11 2.19
59.34 93.28 16.01 2.46
1.26 93.96 18.94 2.65
0 94.3 20.62 1.53
3.28 93.74 22.08 3.04
5.02 93.03 23.03 2.63
17.3 93.18 24.64 2.66
0.02 93.32 24.96 3.12
39.63 93.24 23.84 2.47
47.29 93.34 22.17 1.4
0.26 93.26 23.37 2.37
0 93.39 23.66 2.57
0 93.5 25.32 2.69
61.44 93 22.45 2.51
0.57 92.72 24.68 3.42
84.44 92.79 17.76 1.9
20.04 92.85 18.39 2.76
12.59 93.52 20.99 1.86
22.08 93.67 22.77 2.24
10.28 93.74 23.83 1.99
6 93.76 23.58 2.27
3.23 93.57 24.07 1.33
28.95 93.69 21.88 1.8
14.29 93.66 22.13 1.65
46.8 93.52 21.45 1.69
14.04 93.59 20.87 1.37
73.16 93.65 21.52 1.47
345.27 93.52 20.14 2.16
57 93.41 20.93 1.44
59.53 93.33 21.91 1.91
10.12 93.32 22.98 1.93
0.1 93.39 25.36 1.44
54.01 93.36 25.7 2.24
430.33 93.16 22.09 2.11
61.66 93.12 22.3 2.47
8.42 93.3 22.89 1.98
0.34 93.54 24.47 1.39
99.15 93.73 21 1.7
58.35 93.37 21.1 1.59
0.06 93.43 23.36 1.81
0.18 93.57 24.07 2.11
0.51 93.91 23.05 2.02
0.03 93.5 23.57 2.03
0 93.48 23.99 1.68
0.05 93.69 24.11 1.54
8.94 93.66 23.5 1.42
5.64 93.69 23.72 1.72
5.84 93.37 23.76 1.69
5.92 93.48 25.26 2.05
0 93.87 24.49 1.33
0 93.7 25.84 1.16
0 93.42 26.07 1.75
13.53 93.18 25.49 1.7
115.67 93.55 20.74 1.84
239.16 93.59 18.35 1.85
9.93 93.62 21.07 1.45
7.05 93.77 20.59 1.34
0.07 94.04 21.2 1.71
0.09 94.17 21.95 1.23
0 94.16 23 1.31
0.75 94.04 22.95 1.43
9.75 94.26 21.01 1.66
0 94.24 20.48 1.42
47.17 94.21 19.84 1.33
4.95 94.43 19.72 1.58
0.94 94.52 21.03 1.32
8.16 94.31 19.55 1.98
4.29 94 20.66 1.37
0.52 93.9 21.82 1.45
0 93.84 22.99 1.37
11.48 93.61 22.12 2.93
1.09 94.12 18.87 1.85
0 93.93 19.78 1.61
6.78 94.44 17.76 2.51
0.4 94.37 18.49 1.62
0 94.43 17.89 1.47
0 93.95 19.28 1.34
10.45 93.62 18.07 3.07
2.65 94.24 13.29 1.8
0.14 94.8 12.9 1.88
3.2 95.02 13.39 1.98
4.13 94.49 16.54 2.08
0.5 94.24 17.11 2.01
0.06 93.83 19.53 3.18
12.44 93.89 17.13 2.09
16.51 94.15 13.85 1.48
40.81 94.49 12.21 2.15
0 94.88 8.88 2.3
0 95.31 9.32 2.35
0 95.12 10.27 1.42
0 94.78 11.8 1.7
0 94.39 13.31 1.58
0 94.49 14.38 2.39
0 94.35 14.69 1.98
0 94.1 17.37 2.9
0.03 94.4 17.53 1.81
0.21 94.52 18.58 3.07
0.07 94.34 18.22 2.14
10.67 94.19 14.88 1.85
0.1 94.67 7.95 3.18
0 95.14 6.34 2.55
0 95.21 6.73 2.92
0 95.66 7.69 3.43
0 95.3 9.06 1.65
0 94.62 10.83 2.29
0 94.08 11.76 3.16
0 94.66 9.6 1.8
0 94.62 10.41 1.29
0 94.37 13.95 2.03
0.08 94.82 13.24 2.84
0 95.32 9.18 1.26
0 95.04 11.93 1.6
0 94.46 14.06 1.46
62.59 93.89 10.25 1.65
2.51 93.83 8.74 2.4
1.27 93.47 7.67 2.89
1.22 93.97 8.16 4.27
0 94.93 4.97 1.97
0 94.99 8.27 1.35
0 94.76 10.57 1.98
0.02 94.61 13.97 3.2
0 94.57 13.41 1.87
0.56 94.48 11.35 1.63
40.85 95.04 4.17 3.4
0.01 95.36 1.79 3.28
0 95.35 3.97 1.84
0 94.91 5.52 1.48
1.87 94.77 6.72 2.51
0 95.05 6.2 1.61
0 94.7 6.78 1.54
0 94.51 8.63 3.03
0 94.7 9.87 3.85
3.86 94.92 10.46 2.74
0.04 95.5 4.26 1.53
1.46 95.17 7.65 1.58
2.8 94.95 9.32 3.18
0.13 95.65 2.22 2.57
0.08 95.49 0.67 0.98
0 95.42 3.03 1.38
0 95.39 3.2 1.52
0 95.18 1.87 1.18
0 94.54 2.16 1.14
0 93.95 3.9 2.07
0 94.25 4.77 3.48
0.03 95.02 -2.45 2.6
0 95.09 -4.8 1.81
0 95.12 -3.9 1.49
0 95.36 -1.86 1.64
25.3 94.72 0.23 0.82
3.15 94.54 -1.14 2.57
1.15 94.74 -5.65 3.62
0 95.2 -6.99 2.52
0 95.19 -4.56 2.01
12.13 94.83 -5.9 2.82
0.21 95.42 -8.08 2.75
0 95.12 -8.7 0.94
0.13 95.09 -6.82 1.46
0.39 94.47 -0.29 2.2
0 94.56 -1.14 1.43
0 95.39 -4.21 2.09
0 95.91 -8.67 1.46
0 96.18 -8.58 1.92
0.15 95.43 -7.85 0.94
0.05 94.74 -5.34 1.1
0 94.95 -6.82 1.33
0 95.28 -8.66 0.86
0.79 95.47 -8.97 0.88
0.85 95.46 -6.46 0.81
0.82 95.75 -8.53 2.53
0.04 96.05 -12.36 3.6
0 95.66 -11.73 3.1
0.01 94.85 -6.98 5.13
0 94.91 -4.06 3.03
0 95.34 -7.13 1.78
0.01 94.63 -4.59 2.79
0 95.38 -10.1 4.41
0 95.57 -13.74 3.18
0 95.68 -12.69 3.88
0 95.44 -10.91 2.16
0 95.5 -10.73 2.23
0 95.39 -11.42 1.16
0 95.06 -10.59 2.12
0 95.03 -9.95 4.36
0 95.23 -11.89 2.88
0 94.79 -10.05 3.46
0 94.94 -12.91 2.13
0 95.44 -12.19 1.88
0 95.68 -10.83 2.12
0 95.23 -7.4 2.28
0 95.62 -11.07 1.53
0 95.91 -14.74 1.08
0.12 95.37 -12.54 0.77
0.01 95.18 -10.03 1.79
0.1 95.57 -11.56 1.97
0.36 94.99 -11.97 2.75
0.13 95.18 -13.04 4.26
0 95.38 -12.27 2.83
0 95.17 -11.42 1.77
0 95.96 -14.71 1.26
0.15 95.85 -14.93 0.9
0 95.45 -12.41 1.53
0 95.4 -13.28 1.03
0.13 95.47 -12.64 3.32
0 95.54 -12.76 3.03
0 94.7 -7.53 3.26
0 94.95 -9 2.49
0 94.88 -9.12 2.44
0 94.59 -10.55 0.91
0.1 94.44 -8.91 1.35
0.2 94.64 -12.13 1.06
0 94.79 -10.8 1.3
0 95.24 -11.49 1.28
0.02 95.91 -14.66 3.11
0 95.76 -18.24 3.38
0 95.41 -18.1 2.76
0 94.89 -17.19 2.24
0 94.76 -16.57 2.97
0 94.36 -14.24 3.26
0 94.47 -13.76 1.77
0 94.98 -15.21 1.54
0 95.21 -14.93 1.96
0 95.6 -15.79 1.82
0.05 95.21 -17.24 1.44
0.22 94.77 -16.75 4.09
0 95.55 -18.03 4.35
0 95.54 -16.25 3.11
0 94.58 -13.54 3.31
0 94.65 -10.44 2.58
0.12 94.1 -7.16 2.5
0.05 94.76 -13.94 5.09
0 94.95 -16.51 4.98
0 94.53 -13.25 5.38
0 94.69 -11.14 3.29
0 95.02 -11.27 3.17
0 95.07 -11.16 1.69
0 94.75 -9.02 2.82
0.05 94.5 -4.57 2.33
0.16 95.08 -9.44 3.15
0 95.02 -10.74 3.02
0.07 95.1 -12.22 3.32
0 95.23 -13.58 4.69
0 95.12 -10.69 3.59
0 94.52 -5.97 2.93
0 94.64 -8.82 2.26
0 94.39 -9.98 1.24
15.96 94.04 -8.5 2.22
0 94.97 -7.76 2.55
6.33 94.84 -6.69 2.28
0.01 95.29 -9.28 3.32
0 95.22 -8.4 2.79
0 94.68 -6.36 1.46
0 94.3 -2.35 2.51
0 94.48 -0.57 2.2
15.52 95.05 -4.47 1.17
0.53 95.23 -7.93 1.67
0.53 95.16 -6.51 1.52
0.1 94.53 -2.13 2.03
28.48 93.86 -4.26 1.78
23.97 93.93 -4.47 2.67
0.06 94.56 -4.79 4
0 95.27 -9 3.97
0 94.94 -8.89 1.93
0.42 94.88 -8.49 4.47
0 95.33 -8.47 4
0 95 -6.33 1.78
0 94.37 -2.28 3.21
0 94.89 -1.26 2.17
0 94.5 2.66 3.22
3 93.61 5.61 4.43
10.07 94.32 -3.33 3.66
13.69 95.14 -8.27 2.05
0 94.89 -2.72 2.3
0 94.83 -0.37 2.13
0 94.22 4 3.49
0 94.76 1.97 1.83
4.96 93.9 1.47 4.81
0 94.35 -0.84 5.9
0 94.78 0.2 3.37
0 94.47 4.99 2.52
0 94.7 7.94 3.49
0 94.83 9.36 3.46
0.41 93.86 9.37 7.9
0.91 94.49 0.48 5.02
0.65 94.49 -1.12 4.58
0 94.43 -0.25 2.11
2.26 94.35 1.24 3.02
0 94 3.86 4.57
0 93.84 4.35 5.28
0 94.1 3.2 5.02
0.25 94.43 3.92 2.46
0 93.96 10.11 3.77
0 94.12 9.99 5.14
0 93.96 12.87 3.23
4.24 93.73 13.26 5.73
2.86 94.11 7.3 4.57
0 93.55 11.79 3.47
0 93.39 13.93 3.21
0 93.38 15.13 3.17
3.73 94.04 8.66 3.82
0 94.29 8.62 2.55
0 93.38 16.04 4.34
0 93.43 18.39 4.17
2.64 93.79 15.14 4.33
14.73 94.3 13.36 3.55
1.34 93.76 12.72 2.44
0.14 93.13 14.37 1.86
0.56 93.08 17.97 3.96
206.49 93.61 12.25 3.1
55.42 93.56 9.03 4.55
0 92.93 10.82 3.41
0.24 92.67 10.89 7.56
0 93.86 9.3 3.15
0 93.85 12.79 2.71
0.26 93.6 17.61 3.64
0.78 94.18 16.33 2.58
20.97 93.7 17.31 2.3
0 93.75 20.49 2.13
0.6 93.91 19.85 2.64
0 93.97 17.65 3.08
0 93.6 17.5 2.33
3.15 93.59 16.39 1.88
0 93.82 18.09 2.11
0.1 94.05 19.8 2.47
3.23 94.29 19.48 2.77
99.66 94.27 13.76 1.86
16.48 93.77 13.6 3.11
19.21 93.54 10.7 2.73
2.32 93.51 11.55 4.35
0.02 93.27 11.66 3.46
3.72 93.03 12.36 5.33
0.02 93.47 15.92 1.49
0 93.37 22.23 3.8
5.01 93.95 19.68 2.93
6.08 94.27 18.09 1.94
0.2 94.12 20.12 3.98
1.6 93.85 19.53 4.14
1.89 93.99 16.82 3.13
0 93.99 16.66 3.19
0 93.78 17.83 2.51
0 93.44 19.63 2.59
0 93.86 20.39 2.39
0 93.98 22.94 2.57
16.01 94.02 19.99 2.68
48.27 94.44 14.42 2.72
0.31 94.51 16.5 1.69
19.11 94.04 16.73 3.05
10.13 93.82 16.12 3.21
50.22 93.57 15.59 2.32
20.38 93.31 18.69 3.75
0.7 93.51 20.56 2.08
4.51 93.08 19.85 2.55
9.3 92.96 21.89 2.09
21.4 92.95 22.18 2.24
37.32 92.81 21.06 3.39
9.7 92.95 17.17 3.34
3.2 92.65 16.08 3.2
18.95 92.76 16.16 2.74
233.33 93.37 13.26 2.11
302.68 93.6 13.83 2.02
201.96 93.62 15.28 2.86
7.46 93.47 18.92 1.69
5.58 93.36 21.75 1.73
4.5 93.53 21.69 1.76
11.12 93.28 21.45 1.63
29.52 93.33 21.48 1.64
3.9 93.48 21.62 1.34
43.7 93.44 21.11 1.6
0.51 93.19 22.35 2.05
72.48 93.22 21.78 2.25
38.6 93.58 20.64 2.5
20.35 93.95 22.41 2.01
2.31 94.12 22.76 1.72
2.62 93.84 20.47 1.93
42.06 93.43 21.22 2.17
0 93.31 23.54 2.19
1.36 92.92 24.32 4.18
2.37 92.96 22.54 3.87
0.87 92.94 22.42 2.71
0.04 93.28 23.17 1.67
1.97 93.41 23 1.6
1.3 93.31 23.38 1.55
31.9 93.28 23.71 1.73
26.01 93.27 24.9 2.06
18.88 93.31 25.17 1.88
135.94 92.92 21.58 1.85
46.06 92.73 19.25 2.64
76.95 93.13 18.75 3.12
10.63 93.63 20.54 2.41
0 93.63 21.07 1.78
0 93.66 22.49 1.45
0 93.88 24.44 1.28
0 93.96 24.87 2.02
0.07 93.78 24.81 2.32
3.91 93.66 25.02 1.49
7.64 93.59 24.99 1.66
69.71 93.52 23.43 1.38
363.4 93.14 21.71 3.4
0 93.61 23 1.34
0 93.81 23.82 1.73
7.96 93.72 23.93 1.92
39.06 93.34 25.39 3.85
2.13 93.73 23.85 1.73
121.9 93.24 22.74 2.2
16.35 93 23.37 4.01
0.37 93.61 21.79 1.31
58.4 93.9 19.7 1.54
119.34 94.06 18.77 1.75
77.67 93.99 19.77 1.35
11.42 94.01 22.02 1.6
64 94.07 21.98 1.69
0 94.25 23.06 1.23
0 94.08 24.08 1.27
0 93.68 25.79 2.07
7.45 93.62 24.43 1.81
2.55 93.89 23.23 1.26
0 93.73 24.18 1.61
22.63 93.81 20.29 2.28
29.13 93.85 17.9 2.14
1.28 93.97 19.66 1.52
4.89 93.64 18.81 1.91
8.42 93.72 20.95 1.83
0 94.04 21.88 1.71
0.05 93.63 23.13 3.02
89.79 93.67 22.85 2.33
1.45 93.76 20.73 1.7
7.24 93.75 19.79 2.61
4.22 94.33 16.37 2.02
0.03 94.46 16.18 1.97
0 94.2 20.5 2.44
0 94.14 21.99 1.98
0.55 94 22.23 2.44
3.11 94.04 21.89 1.3
7.94 93.93 21.53 1.72
1.3 93.53 22.68 1.96
0.75 93.67 23.44 2.73
0 93.89 24.54 2.03
0 94.02 24.83 2.45
1.16 94.05 24.47 1.93
248.94 94 15.96 3.08
15.94 94.35 13.58 2.52
0.23 94.38 12.64 2.19
1.12 94.47 16 1.82
0 94.4 19.27 1.99
17.65 94.5 17.93 1.49
0.75 94.42 17.26 1.2
0 94.37 18.77 1.07
0 94.29 20.64 1.33
27.88 93.96 19.02 2.44
103.94 94 12.86 3.98
0.77 94.12 11.51 2.8
0 94.5 13.78 1.48
0.05 94.96 14.1 1.07
0 95.06 13.81 1.3
0 94.44 14.45 2.42
0 93.96 16.12 2.88
0.15 93.92 15.87 1.78
0 94.14 17.56 1.78
3.48 94.05 17.95 2.28
1.02 94.08 17.23 1.35
2.9 94.41 15.75 1.41
0.54 94.69 15.63 1.38
32.78 94.57 14.36 1.83
1.51 94.82 14.37 1.61
42.15 94.44 10.31 1.67
30.63 94.46 9.99 6.92
0.6 94.63 11.18 3.34
0 94.62 11.62 1.8
0 94.44 12.72 1.6
0.77 94.25 14.18 2.23
0.76 94.1 13.09 3.29
0 94.24 13.16 2.5
0 94.77 10.82 1.87
0 95.17 11.75 1.1
0 95.02 13.62 1.49
0 94.52 15.8 2.69
16.96 94.12 12.38 3.42
0 94.61 8.65 2.49
0.07 94.21 10.41 2.35
0 94.05 12.62 2.48
0.08 94.45 8.16 4.11
0 94.84 6.74 2.36
0.02 94.93 7.04 2
27.97 94.31 8.78 4.03
0 94.34 4.18 3.78
0 94.45 5.51 2.66
0 94.28 7.49 2.11
0 94.68 6.67 1.41
75.1 94.94 1.75 1.16
78.63 94.4 2.32 1.81
0 94.1 6.29 2.03
0 93.85 9.27 3.54
0 94.47 8.57 1.96
0 94.49 10.78 2.19
4.46 94.39 10.2 3.17
0 95.28 2.92 1.47
1.73 95.16 0 2.49
0.05 94.76 -0.34 2.65
0.02 94.59 -0.56 2.26
0 94.54 2.11 1.47
0 94.73 0.79 2.03
9.56 94.8 0.21 1.61
189.42 94.49 -1.08 59.31
52.88 94.72 -0.86 3.1
0 94.72 -3.47 0.8
0 94.4 -1.07 1.97
0 94.62 -0.94 1.25
0 95.03 -2.42 1.04
56.51 94.73 -2.37 0.86
96.48 93.51 -2.82 5.5
0.15 93.96 -4.63 3.56
0 94.02 -6.55 4.63
0 94.79 -5.07 2.71
0 95.05 -6.38 0.94
20.65 94.54 -2.94 1.23
0 94.45 -5.14 56.7
0.01 94.14 -5.19 3.33
0.02 94.73 -3.44 3.27
0 94.77 -5 1.57
0 94.44 -3.03 1.91
6.43 94.93 -5.7 2.21
0 94.84 -7.27 2.52
0 94.29 -5.83 2.11
0 94.27 -3.5 3.9
0 94.33 -7.89 2.96
0 93.4 -4.72 3.54
0.04 94.17 -7.12 4.63
0.03 94.7 -9.8 2.47
0 95.39 -13.6 2.36
0.23 95.02 -14.46 1.43
0.18 93.96 -5.57 3.11
1.11 94.18 -8.36 4.29
0 94.43 -11.4 2.11
0 94.46 -13.56 3.45
0 94.38 -15.16 3
0 94.56 -16.54 2.81
0.02 94.59 -17.71 4.12
0 94.73 -11.94 3.71
0.1 95.3 -13.98 1.4
0.04 95.46 -13.85 0.89
0.1 94.88 -11.72 1.83
0.02 94.93 -8.88 1.38
19.89 95 -10.86 0.93
0.93 94.8 -9.48 1.12
0.86 95.15 -12.16 1.3
0 95.52 -13.44 3.95
0 95.59 -15.5 2.13
0.02 95.04 -14.92 0.9
0.27 95.15 -12.64 46.97
5.08 95.17 -10.96 3.52
0.01 95.61 -16.35 2.87
0 95.4 -20.1 2.9
0 94.57 -18.44 4.71
0 95.69 -19.08 2.31
0 95.43 -18.89 1.13
0 94.86 -13.9 1.24
7.4 94.86 -14.88 0.9
15.07 94.92 -13.24 4.21
0 94.53 -15.52 3.7
0.05 94 -15.37 2.34
0 94.43 -18.6 3.97
0 95.55 -19.11 3.98
0 96.12 -16.43 2.51
0 95.17 -17.16 1.3
0 95.01 -14.64 1.72
0 94.88 -15.33 1.41
0 94.8 -15.35 1.44
0.05 95.2 -17.24 1.93
0 95.01 -15.35 2.35
0 94.87 -15.24 1.16
0.42 94.53 -13.33 0.89
0 94.6 -12.27 1.79
0 94.61 -13.43 0.96
0 95.05 -10.76 2.02
1.46 94.78 -13.32 1.53
0 95.5 -14.76 2.37
0 95.75 -12.11 2.18
0 94.8 -7.21 2.26
0 95.27 -10.15 1.05
13.93 95.28 -9.61 0.97
1.11 95.36 -9.82 1.6
0 95.11 -14.06 1.16
0.03 94.01 -8.17 3
0.04 94.58 -14.24 4.39
0 94.62 -16.02 1.48
0.13 94.94 -14.71 1.33
0.04 94.85 -11.5 1.68
0 94.45 -6.68 1.21
0 94.7 -7.41 1.23
0.04 94.62 -5.63 1.49
1.47 94.54 -6.42 1.84
0.47 95.18 -8.92 3.86
0 95.25 -11.09 2.72
1.35 94.25 -9.83 3.14
0 95.02 -10.07 2.91
0.01 94.58 -8.33 2.09
0.82 94.89 -15.54 4.13
0 95.7 -18.59 4.48
0 95.54 -17.08 1.47
0.3 94.7 -12.68 2.27
0 95.31 -13.53 2.15
0.07 95.34 -13.1 1.88
0 94.64 -8.07 204.08
0 94.44 -5.48 2.89
0 95.06 -9.85 2.61
0 94.99 -10.75 1.44
0 94.27 -6.99 2.36
0.04 94.3 -6.28 4.05
0 95 -11.95 4.06
0 95.11 -13.18 2.41
0.01 95.07 -12.22 1.91
0 94.95 -8.52 3.52
0 95.18 -7.79 3.21
0 95.12 -5.41 1.65
0 95.23 -7.15 1.84
6.15 95.03 -7.39 1.8
0.21 94.24 -0.68 3.27
0 94.17 0.22 2.82
0.15 93.66 -3.09 6.13
0 95.42 -8.76 5.26
0 95.4 -6.28 1.69
0 94.38 -0.81 3.6
0 94.7 1.13 2.27
0 94.09 5.05 3.14
0 94.03 3.46 1.89
0 93.44 4.9 2.29
0 93.32 0.07 2.35
0 93.48 -3.05 5.92
0 94.86 -1.25 2
0 94.14 4.26 3.76
16.16 94.12 -0.51 3.77
0 95.26 -6.38 4.02
0 94.76 0.02 3.05
0 94.34 4.86 2.89
0 94.71 5.12 3.02
0 93.32 7.42 3.9
0.97 93.4 -2.67 4.02
37.62 94.15 -8.07 2.39
0.32 94.54 -7.52 2.73
0 93.32 0.92 5.84
0 94.3 -3.39 2.57
21.77 93.98 -5.47 3.77
0 94.69 -5.39 2.74
0 94.52 -2.49 1.57
0 93.57 4.04 4.01
1.49 93.79 0.92 4.47
0 94.61 -1.57 3.95
0 94.82 -2.47 2.35
0.86 94.67 -0.46 1.71
15.78 94.41 0.75 2.11
108.83 94.56 0.11 2.72
0 94.06 3.87 2.73
0 94.12 5 2.83
20.09 94.26 -0.95 2.37
56.61 94.54 -1.39 3.25
0 94.3 -0.78 2.48
0.65 93.41 1.61 2.84
22.64 93.46 0.12 3.87
3.08 94.42 -0.39 3.92
1.09 94.27 0.89 4.07
0 94.31 1.92 3.68
0 93.83 8.1 3.32
0.37 93.4 6.3 4.77
0 93.64 2.53 5.15
0 93.33 4.01 2.5
7.03 93.64 3.58 3.16
59 93.94 0.92 1719.21
1.94 94.94 0.3 5.06
0 94.94 1.91 2.38
0 94.63 4.95 2.94
0 94.28 8.2 2.08
0.46 93.72 11.79 4.63
77.67 93.8 6.6 2.24
0.59 93.75 7.3 3.74
0.02 93.84 8.35 5.49
0 93.86 9.93 1.73
0 93.79 13.67 2.29
2.39 93.59 12.1 3.63
0.1 93.85 11.47 6.3
0.26 94.32 10.97 5.86
0.21 94.36 11.11 2.12
0.97 94.21 12.28 2.48
4.17 94.42 12.73 2.03
0 94.16 16.92 2.63
0 94.38 20.33 1.57
0 94.3 21.7 2.54
0 94.29 21.81 3.05
0.19 94.02 22.16 4.57
26.01 93.72 14.11 2.22
19.63 92.88 14.41 4.19
0 92.52 17.26 5.17
0 93.06 16.25 2.92
0 93.08 18.82 2.82
0.4 93.74 16.09 4.95
0 94.61 16.07 2.4
0 94.48 17.45 2.32
0.79 93.84 18.94 3.07
0 93.29 19.85 3.32
15.27 92.7 15.6 5.97
0.01 92.68 17.59 4.48
0 93.06 19.05 2.69
0 93.91 19.88 2.34
4.48 93.7 24.16 4.06
1.64 94.31 17.96 2.29
0 93.89 20.94 2.27
1.36 93.6 22.09 3.52
1.72 93.41 19.91 4
0.99 93.25 19.29 3.21
0 93.55 18.81 4.61
0 93.35 23.44 3.38
0.05 92.97 25.25 4.21
0 93.66 19.73 2.51
5.24 93.36 18.49 3.34
0.04 93.64 18.71 3.56
12.56 94.18 17.59 2.45
22.28 94.02 19.18 2.17
10.8 93.82 19.49 3.16
5.54 93.65 21.87 2.79
1.34 93.51 22.13 3.59
85.05 93.93 16.19 2.08
1.27 94.14 17.41 1.71
9.15 93.87 15.86 2.31
2.4 93.62 17.45 1.76
0.03 93.65 22.64 3.46
0.37 93.64 24.18 3.95
6.57 93.56 24.53 2.73
219.08 93.58 18.52 2.65
6.14 93.29 20.85 1.7
44.07 92.99 20.37 1.93
0.27 93.34 23.12 1.83
0 93.85 23.2 2.28
0.04 94 23.87 1.94
2.26 93.74 22.1 1.38
11.68 93.41 21.65 1.67
97.41 93.24 20.97 2.13
59.57 92.98 21.23 2.29
240.19 92.72 19.64 1.7
69.83 92.88 21.62 2.81
99.61 93.29 20.58 2.11
95.27 93.3 22.22 2.66
33.21 93.25 23.17 3.49
53.61 93.04 23.11 2.14
137.83 92.65 22.39 2.71
0.03 92.63 24.05 3.62
3.05 92.64 23.87 2.52
0.66 92.98 24.27 2.26
2.1 93.15 24.41 2.25
12.05 92.95 25.65 3.64
39.69 93.27 23.9 1.83
48.68 93.48 22.05 1.74
1.07 93.69 22.56 1.44
0.82 93.67 22.43 1.3
12.86 93.65 22.89 2.14
22.46 93.81 22.38 2.03
0.07 93.79 24.48 1.61
221.46 93.08 21.76 1.63
63.85 92.97 22.53 3.16
0 93.51 23.33 2.26
0.27 93.37 22.8 2.21
123.91 93.35 20.7 2.5
3.03 93.56 21.45 1.65
0.55 93.54 23.57 1.65
41.04 93.4 23.28 2.25
14.82 92.99 23.54 2.1
0.67 93.09 23.58 3.02
0.01 93.39 24.03 1.85
0.04 93.38 24.82 1.64
63.83 93.17 22.47 1.31
3.76 93.12 24.87 2.16
0.44 93.06 24.84 1.46
1.87 92.86 25.96 1.6
11.62 92.96 25.97 1.86
15.72 93.23 25.18 2.58
0.47 93.46 25.54 2.56
2.36 93.27 25.42 2.68
33.64 92.94 25.82 2.74
15.96 92.8 25.23 1.93
9.92 92.94 25.85 2.65
18.31 93.23 25.72 2.54
8.25 93.02 25.99 2.34
12.25 93.21 23.69 1.87
1.77 93.58 25.51 1.46
7.82 93.65 26.81 2.78
30.05 93.36 24.88 2.85
4.29 93.38 25.45 2.9
20.17 93.33 26.12 2.04
3.15 93.4 25.37 2
309.9 92.86 24.25 1.6
0.06 96.56 25.09 2.82
0 93.9 21.73 2.76
0 94.14 21.26 1.89
4.5 94.1 20.39 1.07
1.5 93.68 23.48 2.37
0.18 93.85 22.39 2.2
0 94.05 22.22 1.82
0.03 94.04 22.52 1.47
14.19 93.74 21.74 1.64
5.05 93.85 19.17 2.02
8.9 93.74 19.22 1.72
181.54 93.15 18.51 1.42
31.33 93.43 14.6 3.2
0.19 94.08 15.69 2.55
58.16 94.15 16.01 2.09
0.94 94.39 15.11 1.89
4.13 94.55 15.5 1.58
0 94.63 15.71 1.42
4.36 94.5 16.54 1.49
166.39 94.46 13.87 1.76
46.66 94.52 13.82 1.17
3.25 94.58 15.85 1.21
3.19 94.51 17.53 1.48
6.85 94.04 18.05 1.74
0.09 94.15 17.24 1.45
0 94.18 16.95 2.53
2.83 93.95 20.06 2.78
26.91 93.31 19.31 3.43
0.25 93.7 18.51 3.46
0 94.29 13.62 1.88
1.6 93.97 16.11 1.56
4.68 94.54 16.01 1.59
11.78 94.95 14.57 0.89
8.39 94.01 19.34 3.29
0 94.45 17.69 1.56
0.03 94.42 18.47 1.42
1.13 94.28 18 2.67
26.48 94.69 12.34 3.28
0 94.91 8.6 2.49
0 94.73 10.51 2.1
0 94.37 11.87 2.11
0 93.7 17.46 3.46
0 93.79 16.22 2.75
0 94.72 12.84 1.45
1.58 94.61 13.74 1.76
130.4 94.65 11.03 2.27
0.01 94.75 10.45 3.02
0 94.52 9.32 1.78
0 93.86 16.97 3.87
0 94.9 13.28 1.23
0.02 94.85 15.08 2.39
0.06 95.16 12.14 2.36
0.37 94.64 11.21 1.84
0 93.67 15.41 3.08
7.84 93.76 12.86 4.34
0 94.19 10.17 3.51
0 94.67 11.28 1.8
17.42 94.64 11.04 2.57
1.99 95.53 3.72 4.79
0 95.55 2.85 1.29
0 95.14 6.9 1.37
0 95.14 6.9 1.34
0 94.93 10.69 2.78
43.56 95.13 8.82 1.62
0.9 95.17 6.84 2.01
0 95 5.82 1.26
41.48 94.86 4.95 2.18
22.21 94.81 0.9 2.32
0.01 95.03 3.75 3.89
0.01 95.29 5.52 2.74
0 94.82 4.55 1.43
0 94.28 7.07 2.1
2.87 94.82 5.68 1.8
1.88 95.35 4.07 2.68
0 95.28 3.56 1.73
0 95.38 4.33 0.9
0 95.13 4.37 1.33
0.77 94.61 8.4 2.3
1.04 94.93 7.03 3.33
0 95.26 5.24 1.86
0.03 94.51 6.15 2.49
0.3 94.12 5.43 4.02
0.02 94.48 2.78 2.82
0 94.54 2.16 2.31
0.06 95.11 1.65 3.58
0 95.08 -1.82 4.3
0 95.14 1.01 2.52
0 95.02 1.56 1.74
0 94.41 1.62 2.33
0 94.19 2.74 3.5
0 94.16 2.7 2.22
0.15 94.33 1.43 3.57
0.02 94.7 -3.47 4.43
0.06 94.92 -4.01 5.92
0 94.81 -3.99 3.82
0 94.84 -2.25 2.63
0 95.03 -3.07 1.09
0 94.79 0.96 1.89
0 94.5 1.08 2.06
0.03 94.18 -0.7 2.33
0 94.01 -4.42 4.61
0 94.15 -7.66 3.67
0 94.39 -10.51 6.93
0 94.59 -5.76 3.69
0 94.19 0.39 3.28
0 94.82 -2.78 2.24
907.34 94.57 -0.86 3.01
907.34 94.34 -0.92 1.42
907.34 94.61 1.69 2.36
907.34 94.63 1.04 2.48
907.34 94.83 -1.66 2.78
907.34 94.4 -2.26 1.09
907.34 94.48 -4.7 1.38
907.37 94.48 -4.31 2.47
907.36 94.69 -6.19 3.03
907.54 94.16 -8.08 3.21
907.62 94.15 -8.88 2.36
907.34 94.3 -11.91 4.47
907.34 94.61 -11.77 2.97
907.34 94.98 -9.02 3.24
907.34 95.54 -8.51 1.64
907.34 95.5 -10.16 1.5
908.22 95.77 -12.47 2.35
907.53 95.41 -13.67 2.7
907.46 95.29 -12.47 2.84
907.35 95.69 -11.56 2.1
907.34 95.72 -10.78 1.23
907.34 95.43 -10.41 0.94
907.34 95.59 -9.49 1.23
907.34 95.5 -9.7 0.96
907.41 94.97 -7.08 3
907.38 95.45 -10.61 4.08
907.34 95.11 -11.35 1.65
907.34 94.64 -10.92 2.88
907.34 93.93 -6.17 3.91
907.34 93.75 -5.33 3.57
907.34 93.37 -3.41 4.56
907.34 93.79 -3.78 3.12
907.34 94.05 -3.29 3.22
907.34 94.65 -5.19 2.57
908.49 94.54 -7.9 1.76
909.44 94.8 -8.97 1.84
907.36 94.5 -7.3 2.73
907.34 95.05 -7.38 2.39
907.34 95.48 -14.36 2.93
907.34 95.08 -14.08 2.51
907.34 95.09 -11.76 2.31
907.34 95.19 -10.29 2.25
907.34 95.69 -12.72 1.82
907.34 95.41 -13.13 1.58
907.34 95.44 -11.33 1.97
907.34 95.25 -7.93 1.9
916.28 95.29 -10.21 1.53
907.34 95.24 -10.42 1.7
907.34 95.47 -8.3 1.96
907.57 94.49 -6.87 4.2
907.35 95.02 -10.44 4.16
907.34 95.18 -10.03 2.35
907.34 94.51 -6.55 1.79
907.34 93.71 -1.86 3.07
907.34 94.31 -3.62 2.06
907.34 95.21 -9.11 2.84
907.34 94.73 -7.5 3.78
907.34 94.2 -4.78 4.09
907.34 94.75 -7.27 3.54
907.34 93.46 -1.18 5.11
907.34 94.19 -7.32 3.26
907.34 94.29 -7.24 1.79
0.19 93.88 -4.35 1.99
0.03 93.94 -4.73 5.39
0 94.76 -12.94 4.02
0 94.93 -11.54 2.22
0 95.1 -12.11 1.5
0 95.34 -10.23 1.63
2.36 95.02 -10.75 1.46
11.94 95.1 -12.71 2.81
0 95.7 -15.07 3.01
0 95.49 -14.59 1.47
0 94.94 -12.16 1.39
0 95.57 -13.23 1.46
0 95.5 -12.74 2.06
0.14 94.71 -6.2 2.9
0 94.78 -6.53 1.95
0.04 95.36 -7.17 2.23
0 95.89 -9.66 1.66
1.48 95.43 -9.4 1.44
1.18 95.19 -9.53 1.88
0 95.11 -7.8 1.43
0 95.08 -4.79 2.11
0.25 95.6 -8.02 1.55
0.1 95.41 -5.35 1.2
0 94.97 -1.78 1.57
0 94.81 2.11 1.71
0.76 94.54 3.52 3.52
1.37 95.23 -3.85 3.9
0.07 94.91 -7.12 1.84
0 94.79 -5.53 1.62
0.68 94.72 -5.67 2.35
1.15 94.72 -6.36 1.83
2.18 95.05 -5.94 2.78
0 95.09 -7.36 2.92
0 95.24 -7.79 2.99
0 95.24 -6.26 2.44
0 94.78 -5.7 2.1
0 95.07 -5.32 2.19
0 94.53 -2.39 2.18
0 94.36 0.92 3.6
0 95.02 -1.95 4.12
0 94.6 -2.09 1.87
0 94.11 2.14 3.46
0 93.84 6.7 2.61
0 94.18 4.61 2.31
0 93.75 7.52 5.23
0 94.86 3.79 2.09
0.11 94.8 3.27 4.93
0 95.11 3.65 4.66
0 94.5 6.66 3.17
0 94.58 7.5 3.13
0 94.79 7.66 2.58
0 93.82 12.57 4.61
0 93.83 11.86 2.44
0.01 93.85 11.01 2.75
0 93.86 10.29 3.13
73.54 93.64 11.15 3.01
31.35 94.13 9.46 2.11
0 94.33 10.92 2.32
0.59 94.41 8.86 1.98
0 93.89 11.58 2.8
0 94.61 7.51 3.72
0 95 2.45 4.61
0 94.18 6.45 4.58
0 94.77 5.29 4.01
0 94.17 13.34 3.98
0 94.12 13.83 1.58
0 93.96 14.62 2.63
0 94.2 11.27 4.28
0 94.89 9.2 2.15
1.83 94.51 10.49 2.11
0.84 94.22 11.62 1.96
0 94.36 13.54 1.51
0 94.28 17.42 3.27
0 94.85 12.7 2.92
0 94.15 13.24 2.36
13.69 94.16 7.08 2.96
0.06 94.83 7.6 2.56
31.65 94.62 7.01 2.48
0.09 94.22 9.09 94.1
0 94.32 11.26 3.71
0 94 13.61 2.64
0.82 93.67 16.01 3.59
3.07 93.91 17.67 3.88
0.53 94.39 16.14 3.65
37.71 94.66 11.17 3.24
0 94.95 12.21 2.63
0 94.79 13.24 1.88
0 94.17 14.94 1.61
0 93.61 18.91 1.84
7.09 93.6 17.36 4.63
165.3 94.22 6.63 4.83
10.56 93.79 7.3 5.45
9.9 94.02 4.88 5.56
0.17 94.24 7.6 4.4
0.08 93.65 11.63 2.39
34.85 93.7 7.67 4.12
0.44 94.23 11.3 1.92
81.93 94.49 10.07 2.52
4.81 94.38 11.8 1.88
199.14 93.55 8.69 2.47
46.95 92.69 14.91 3.94
0 92.9 16.67 4.07
0.09 93.24 13.46 3.66
0 92.99 13.57 3.35
0.03 93.78 16.35 3.07
3.11 94.12 15.96 2.03
3.43 93.76 17.94 2.88
55.56 93.39 16.39 2.56
2.49 93.45 17.29 3.02
0.03 93.58 18.89 2.29
0 93.56 21.72 2.3
0.38 93.86 24.89 3.56
50.58 93.71 17.36 2.56
0.46 93.28 16.58 5.54
0 92.77 21.03 4.29
25.67 92.57 18.17 2.84
1.05 92.99 21.55 2.03
0 93.1 23.68 26.96
0.26 93.65 24.89 2.47
0 93.6 28.09 4.02
5.02 93.83 23.34 2.67
0.3 93.96 21.55 2.47
0 93.85 22.4 2.19
0.48 93.64 22.29 2.09
10.92 93.5 23.27 2.34
378.38 93.65 15.73 2.29
99.05 93.5 13.09 3.19
15.53 93.17 15.88 2.97
28.33 93.47 15.33 2.01
48.33 93.89 15.12 1.79
9.7 93.99 18.18 2.21
16.6 93.79 19.91 2.6
11.51 93.83 20.44 2.46
0.06 93.69 21.55 2.15
5.84 93.5 22.82 1.54
182.65 93.29 20.13 1.9
74.24 93.17 19.5 1.92
97.2 93.32 18.68 2.49
3.96 93.59 18.94 1.88
25.75 93.71 19.15 1.94
9.19 93.84 19.06 1.54
219.71 93.92 18.08 2.58
2.15 93.8 21.2 1.89
0.1 93.38 23.26 2.29
15.76 93.18 22.25 2.93
18.24 93.29 21.41 3.61
0.29 93.73 21.64 3.76
0.59 93.64 22.7 3.07
0 93.71 24.1 1.93
0 93.66 24.65 1.65
18.77 93.6 22.78 2.51
63.43 93.28 20.33 2.28
20.92 93.04 22.94 2.11
0.03 93.52 24.84 2.38
0.73 93.57 25.58 2.91
1.45 93.45 25.93 2.29
5.58 93.23 24.89 2.74
18.97 93.19 22.75 3.56
0 93.39 23.44 3.08
0 93.12 23.76 3.92
5.52 93.2 22.08 2.94
7.02 93.39 21.25 2.71
0.79 93.32 22.51 2.56
6.07 93.38 23.33 1.79
21.13 93.31 23.15 2.42
83.5 93.39 21.52 27.16
6.84 93.63 22.4 26.61
0.18 93.71 26.19 1.69
0.83 93.8 28.58 2.05
4.17 93.41 29.12 4.25
71.96 93.31 23.89 2.37
0.29 93.62 22.07 1.67
0 93.33 24.88 2.87
0.08 93.69 22.81 2.04
0 93.75 23.09 1.57
0.02 93.92 23.48 1.73
8.77 93.77 25.72 2.43
4.63 93.32 27.12 3.17
14.9 93.33 25.55 3.31
25.49 93.48 24.5 1.81
0 93.57 26.32 2.29
0 93.56 27.02 2.63
5.28 93.45 25.86 2.44
9.25 93.42 25.31 1.89
96.52 93.68 19.59 2.42
1.29 93.63 21.65 1.93
0 93.91 21.81 2.53
0 94.01 21.36 1.38
0.02 93.84 22.25 1.99
54.84 93.59 20.92 2.26
16.92 93.36 20.77 1.55
0.8 93.57 21.65 3.56
0.53 93.75 20.53 2.15
16.13 93.76 18.92 1.88
7.31 93.66 18.52 1.63
8.55 93.73 19.69 2.17
4.11 93.83 20.04 1.73
2.07 93.96 21.24 2.15
6.46 94.16 21.01 1.75
1.05 94.1 22.41 1.85
1.29 93.78 23.52 2.32
3.49 93.79 23.97 1.83
83.25 93.71 22.41 2.4
75.67 93.56 21.98 1.72
60.39 93.82 19.31 2.24
1.07 94.11 19.57 2.59
0 94.2 20.77 1.9
0 94.3 22.55 1.63
6.79 94.42 20.36 1.81
4.13 94.45 20.69 1.58
0.77 94.41 20.41 1.86
12.3 94.24 19.67 1.86
11.18 94.21 19.22 1.76
243.53 94.18 15.55 2.35
1.05 93.79 17.27 1.67
0 93.5 19.83 2.35
0 94.01 18.45 1.42
0 94.01 20.28 1.53
2.72 93.62 20.37 3.05
0.01 93.91 18.06 3
0 94.09 15.5 1.39
0.02 94.34 16.85 1.56
0.14 94.33 18.33 1.9
31.83 94.39 16.38 1.4
0.7 94.18 18.23 2.39
0.07 94.51 16.06 3.07
0 94.61 13.94 3.33
0 94.64 12.88 1.33
0 94.74 15.89 1.3
0 94.7 16.59 1.82
23.76 94.01 16.01 2.37
24.49 94 13.84 2.8
0.02 94.58 13.74 1.45
0.62 94.61 15.87 2
87.07 94.8 11.88 1.83
20.35 94.56 12.67 1.54
0 94.45 13.45 1.67
42.08 93.81 13.93 2.48
0.05 94.38 13.19 2.24
0.86 94.27 13.78 2.72
29.71 95.1 5.53 3.84
0.1 95.13 5.14 1.7
28.75 94.29 6.4 1.77
14.49 94.18 7.69 2.16
0 94.49 8.64 1.62
123.05 94.69 6.96 1.54
20.06 95.2 7.59 2.44
0 94.99 8.44 2
0 94.58 11.92 1.69
0 94.45 13.81 2.37
0 94.66 15.9 2.03
0 94.9 13.22 1.59
0.86 94.82 13.61 2.67
0.73 95.77 7.73 3.2
0 95.33 3.9 1.45
0 94.39 8.16 2.27
0 93.95 9.19 4.23
0 94.45 9.23 2.95
0 94.22 12.28 2.52
0 94.32 13.05 2.12
0 94 16.07 4.21
0 94.86 7.05 2.53
0 95.19 3.23 1.76
0 94.64 5.68 1.68
0 93.9 10.89 2.84
0 93.63 13.47 3.01
0 93.86 10.88 1.88
0 95.33 3.6 4.67
0 95.68 1.78 1.6
0 95.1 3.59 1.63
0.08 94.83 7.91 1.76
7.18 95.04 7.68 40.04
3.33 94.76 5.04 1.46
1153.67 94.41 6.16 3.55
1153.78 94.58 3.03 3.77
1153.66 94.35 6.42 2.53
1153.66 93.96 7.74 3.56
1153.67 94.35 5.62 3.18
1153.66 95.6 -1.49 2.75
1153.66 95.55 -2.07 1.44
1153.66 95.15 0.09 1.8
1153.66 94.95 3.87 1.71
1153.66 94.64 3.58 1.41
1153.67 94.3 2.36 3.52
1153.78 94.74 -5.11 5.81
1153.66 94.72 -2.09 2.96
1153.66 95.07 -2.46 1.57
1153.66 95.18 -2.01 1.55
1153.9 95.04 0.29 1.99
1153.66 95.37 -1.55 1.46
1153.66 95.28 -0.92 1.56
1153.66 94.59 1.35 2.95
1153.66 94.02 2.84 3.96
1153.66 94.56 0.25 2.69
1153.66 95.05 -2.33 2.08
1153.71 94.82 1.18 3.1
1153.66 95.22 -3.42 1.89
1153.66 94.29 -2.48 2.32
1153.66 93.85 93.32 5
1153.66 94.95 -3.7 2.03
1153.66 94.47 -1.93 1.41
1153.68 94.29 -0.59 2.18
1153.91 94.45 -2.19 5.69
0 95.01 -12.22 6.61
0 94.74 -11.49 3.8
0 94.5 -11.77 5.97
0 94.64 -11.3 4.57
0 94.74 -10.68 3.46
0 94.93 -10.37 1.76
1.44 94.97 -9.86 1.57
0 95.47 -10.39 1.54
0.06 95.32 -7.97 2.79
1.85 94.74 -5.68 4.78
0.12 95.13 -9.75 2.97
0.03 94.74 -10.56 4.05
0 94.88 -11.12 2.53
0 94.93 -9.33 1.65
0.31 94.89 -9.54 3.5
0 94.96 -13.07 3.36
0.01 94.98 -11.08 2.13
0 94.89 -7.91 2.75
0.23 94.66 -6.92 4.56
0 94.98 -10.92 3.81
0 94.61 -10.28 3.34
0 94.42 -3.54 2.32
0 94.48 -3.72 3.06
0 95.31 -5.84 3.73
0 95.54 -5.37 2.56
0 95.28 -8.63 1.19
0 94.89 -4.63 2.45
0 94.3 -5.28 2.05
0 93.66 -4.46 3.56
0.17 94.36 -7.32 203.67
0.05 95.09 -11.71 5.22
0.19 95.05 -11.74 2.77
0 94.98 -7.48 2.99
0 93.76 -2.78 3.74
0 94.01 -3.25 1.78
0.35 94.38 -3.38 5.25
0 94.89 -7.89 3.13
0 95.25 -9.58 1.62
0 95.14 -8.74 2.06
0 95.03 -5.88 2.4
0.04 94.6 -5.03 2.75
0 95.61 -8.1 2.28
0 95.71 -9.07 1.74
0 95.28 -5.88 1.86
0 95.46 -9.43 1.59
0.56 95.09 -10.12 1.7
2.12 95.1 -10.52 3.57
0 95.19 -9.34 2.09
1.4 94.1 -5.4 3.54
0.01 94.71 -8.64 1.79
0.07 94.64 -7.62 2.34
0.53 95.19 -8.08 1.94
0 94.63 -8.17 1.85
0 94.15 -4.14 3.3
0 95 -7.38 1.91
1.03 94.61 -4.69 1.27
4.11 95.24 -9.13 4.01
0 95.74 -12.55 2.81
0 95.56 -12.36 2.12
0.13 95 -9.09 3.75
0 95.62 -11.04 3.51
0 95.88 -9.61 1.53
0 95.68 -8.67 1.63
0 95.51 -8 1.59
0.14 95.41 -5.15 2.71
0.09 95.34 -7.26 3.33
0 95.21 -4.41 2.83
0 94.61 -1.85 2.93
0.05 95.43 -11.25 5.19
0 95.49 -11.88 3.48
0 94.79 -6.31 2.67
0 94.18 -3.36 2.39
0.01 94.2 -6.64 3.51
0 94.38 -6.75 2.16
0 93.99 -4.74 1.88
0 93.83 -1.31 2.34
0.01 94.5 -4.11 1.26
7.43 94.27 -1.83 2.53
0.01 94.88 -2.27 4.5
0 95.5 -4.07 2.2
0 94.95 -3.93 2.88
6.28 94.13 -0.61 3.49
15 93.64 -1.24 5.92
0.21 94.08 -6.66 5.92
0 94.33 -6.92 1.92
0 93.97 -6.71 2.01
0.27 94.46 -8.18 3.18
0 94.83 -9.64 3.66
0 95.44 -7.49 1.87
3.42 94.48 -2.77 4.98
0 94.19 -1.36 3.2
0.06 93.82 -3.42 2.56
0.11 94.49 -7.51 6.07
0 94.96 -6.84 2.52
0 94.67 -3.62 2.85
0 94.02 1.27 4.33
0 94.37 0.93 2.89
2.94 94.96 -3.87 3.07
0 95.73 -10.23 5.52
0 95.06 -4.47 3.49
0 94.71 -4.5 3.62
0 94.23 -3.49 2.93
0 101.07 88.34 93.59
0 94.3 0.32 3.55
0 93.97 5.36 4.05
0 93.92 5.33 3.11
0 94.66 2.31 2.33
0 93.93 6.49 2.97
0 94.21 6.04 3.86
0 94.33 5.04 2.63
0 94.29 5.69 4.18
0 95.2 1.58 4.14
0 95.38 2.96 2.93
0 95.55 3.68 1.54
0 95.32 7.65 2.68
0 95.13 12.15 4.06
0 94.32 12.97 4.78
0 93.94 11.84 3.78
0 94.04 10.24 3.03
0 93.57 14.17 4
3.5 94.59 6.21 2.95
0 94.66 4.34 1.66
188.36 93.17 1.98 2.27
0.65 93.95 3.19 2.16
3.71 93.89 4.72 1.76
0.18 94.44 2.99 4.95
0 95.51 -1.44 4
0 95.47 -0.31 3.35
0 94.69 4.1 2.5
0.05 94.45 7.21 2.88
0.07 94.66 7.26 1.88
13.56 94.86 6.45 3.75
174.47 95.5 -1.35 4.4
0.21 95.08 2.59 1.95
0 93.5 11.27 1.98
1.03 92.66 13.78 3.89
0.56 93.53 7.88 5.98
0 93.6 10.61 2.09
0.05 93.87 12.23 2.75
0.01 94.36 10.02 3.36
0.02 93.98 10.69 3.12
0.07 93.89 10.79 2.36
0 94.11 13.72 3.91
0 94.33 13.53 5.3
0 94.6 14.04 2.61
0 93.99 20.19 4.08
0 93.62 23.2 4.17
15.79 93.31 19.96 3.49
6.91 93.94 16.39 2.63
0 93.97 18.94 2.29
0 93.89 20.69 2.89
15.98 93.69 16.38 3.46
10.38 93.73 15.44 2.14
0 94.07 12.2 5.51
0 93.83 13.37 4.25
0 93.32 13.86 5.68
0 93.82 11.74 2.6
0.21 93.77 12.14 5.18
13.44 94.06 6.95 2.01
0 94.42 8.3 1.54
99.34 94.28 7.35 2.61
51.51 93.38 6.88 2.05
13.55 92.18 10.74 4.15
0.59 92.27 18.39 3.64
1.77 93.6 15.06 5.47
0.01 94.17 15.03 4.14
0 93.59 18.18 3.31
18.57 92.75 18.37 3.3
14.37 92.96 13.77 5.59
1.84 93.36 12.56 5.87
0 94.19 17.98 4.13
0 93.83 20.96 2.84
0 93.68 21.74 2.48
0.59 93.6 21.87 2.04
0.14 93.43 24.42 3
0.56 93.33 25.43 3.83
6.66 93.51 23 2.43
0.26 93.5 22.48 2.95
4.53 93.14 23.51 3.66
0.35 93.49 20.8 3.74
0 93.55 19.47 2.31
0 92.72 24.44 6.14
3.38 93.26 22 2.97
1.23 93.82 18.58 4.21
0 94.02 20.99 2.71
77.56 93.23 17.39 2.92
27.71 92.72 18.89 2.53
30.48 93.24 18.03 2.5
0.15 93.55 19.19 3.71
3.49 93.31 19.11 2.54
4.09 93.3 18.6 2.14
80.94 93.04 16.59 2.55
142.13 92.59 14.81 1.99
48.97 92.67 15.87 1.62
75.79 93.58 16.72 2.26
1.04 93.83 20.21 1.78
7.59 93.65 21.65 2.21
0.16 93.37 22.64 1.88
93.79 93.42 18.87 2.76
5.43 93.57 18.1 3.89
78.29 94.03 16.27 2.75
0.03 94.13 21.13 2.33
0 93.73 23.06 1.61
7.57 93.44 23.92 2.46
0.49 93.59 23.62 2.4
26.76 93.39 23.55 2.64
20.73 93.12 21.28 2.19
57.68 93.11 20.64 2.35
1.21 93.53 21.8 1.53
10.31 93.57 23.56 2.1
180.69 93.77 17.16 2.04
36.51 93.16 17.88 1.68
36.44 92.75 18.5 3.05
4.97 93.31 16.17 3.46
0.05 93.87 18.11 2.07
58.58 93.82 19.25 1.87
8.12 93.95 20 1.5
0 93.92 22.25 2.06
0.41 93.77 23.84 2.07
6.18 93.93 24.69 2.02
0.4 94.15 25.77 2.35
9.06 93.99 23.77 2.54
1.15 93.72 24.91 1.79
0.72 93.26 26.1 2.47
0.27 93.1 26.04 3.17
14.01 93.4 25.74 2.65
39.06 93.82 22.6 2.35
44.9 94.02 19.91 2.08
21.94 93.84 20.98 1.68
131.54 93.65 21.5 1.68
43.86 93.77 21.95 1.9
21.18 93.69 22.73 2.41
24.81 93.44 23.28 2.01
79.83 93.43 22.35 1.67
8.01 93.43 22.27 1.32
14.19 93.26 22.22 1.52
3.48 93.06 23.63 1.99
3.14 93.47 24.59 2.2
20.55 93.54 24.33 1.85
29.06 93.3 23.61 2.31
149.75 93.29 23.08 2.24
177.07 93.69 20.47 2.41
4.94 93.89 21.94 1.64
2.57 93.68 22.85 1.78
20.6 93.19 24.85 3.14
0.1 93.2 22.2 1.98
2.54 93.07 24.1 2.74
4.68 93.22 24.84 3.28
25.99 93.6 23.85 1.82
16.46 94.15 22.09 2.44
27.33 94.2 22.6 1.54
6.88 94.13 23.44 2.33
0 94.16 23.46 2.26
0 93.98 23.69 1.46
0 93.81 24.15 1.56
0 93.48 25.2 1.73
0.78 93.3 24.89 2.47
0.02 93.59 23.2 2.38
0 93.63 23.19 1.53
0.7 100.05 113.44 92.81
63.92 100.39 113.29 92.98
112.22 94.05 19.58 1.84
18.7 93.79 18.96 2.19
8.72 93.62 19.56 2.38
48.1 93.72 19.24 1.86
11.81 94.04 19.83 1.89
36.88 94.27 19.06 2.04
8.61 94.21 19.58 1.95
54.92 94.09 19.1 2.26
0.08 94.01 20.07 2.52
27.75 93.85 19.63 1.89
3.45 94 18.24 1.31
18.01 94.14 18.27 1.51
173.94 94.33 17.28 1.53
101.84 94.39 17.66 2.31
1.49 94.37 20.19 2.45
0.14 94.51 19.01 1.89
17.56 94.32 17.54 1.47
69.74 94.18 16.26 2.14
0.02 94.31 16.98 1.9
0 94.18 19.13 1.39
4.21 94.33 20.12 2.39
28.41 95.04 15.23 2.02
2.61 94.94 13.82 1.62
59.91 94.38 12.74 1.72
6.43 94.33 13.93 2.37
0 94.25 19.21 2.33
0 94.56 19.02 2.32
0 94.66 18.53 2.71
0 94.51 18.96 2.29
8.27 94.51 19.49 1.52
11.88 94.6 18.45 2.21
0.01 94.69 16.02 2.19
4.69 94.14 16.01 2.22
9.33 93.94 18.6 2.24
54.7 93.76 17.04 2.69
19.3 93.92 13.27 2.04
32.68 93.83 14.57 1.9
8.85 93.86 15 3.26
0 94.09 13.67 2.35
0 94.32 15.27 2.58
0.15 95.12 13.24 1.61
4.24 95.56 10.72 1.98
6.65 94.42 14.44 3.11
43.87 93.74 10.67 5.49
0.05 93.64 13.14 4.62
0 94.62 10.87 1.64
0 94.92 13.6 2.4
0 94.45 17.17 3.46
0 94.35 17.05 1.95
0 94.13 17.31 3.11
0 94.45 9.36 3.99
0.68 93.78 5.27 3.36
3.1 93.97 5.14 5.36
2.75 94.3 9.52 4.87
0 94.67 11.8 2.36
0 94.73 12.63 1.77
0 94.48 13.26 1.62
0 94.42 13.85 1.49
0 94.43 14.97 2.53
4.59 94.6 12.34 3.01
0 95.32 5.22 2.52
0 94.21 9.94 2.71
37.42 94.8 4.4 1.61
12.42 95.11 4.57 1.9
1.41 98.28 56.56 25.88
0 97.78 57.15 25.88
0 95.37 6.56 2.07
0 95.24 4.36 1.69
6.03 94.03 6.98 5.63
0 94.12 3.2 3.95
0 94.7 1.15 3.58
0 95.03 -0.42 3.89
0 95.45 0.28 2.8
0 95.5 2.82 1.48
0 94.86 5.39 1.68
0 94.68 5.82 1.2
0 94.59 8.85 3.96
0 94.82 9.47 3.19
0.32 95.97 0.6 3.67
62.3 96.03 -4.36 2.38
36.68 95.65 -4.4 3.02
9.28 95.15 -3.89 1.73
0.29 95.16 -3.72 1.24
0 95.29 -3.85 1.38
0 95.46 -2.58 1.49
0.05 95.3 0.4 1.25
0.02 94.6 2.21 1.89
0 93.98 4.97 2.61
0.52 94.86 1.64 2.17
6.92 94.66 -3.04 2.55
0 95.36 -5.55 2.13
8.44 95.23 -7.1 2.27
10.54 95.23 -8.38 1.94
5.3 95.21 -9.13 1.9
4.09 95.7 -9.51 1.5
17.3 96.17 -12.05 2.46
11.03 96.24 -13.42 2.75
0.13 96.11 -15.63 1.93
0.02 95.28 -15.01 2.64
0 95.19 -14.59 2.57
0.1 94.68 -11.79 1.36
0.41 95.13 -10.41 1.35
5.65 94.87 -5.53 2.52
0 94.73 -7.58 1.66
0.58 94.06 -3.54 2.16
0.15 93.9 -6.28 5.02
0.35 94.24 -8.12 5.64
0 94.58 -5.34 3.88
0 95.23 -5.54 2.23
0 95.36 -8.28 1.5
0 95.51 -9.53 0.99
0 95.08 -3.47 2.23
0.81 94.74 -0.2 2.84
0.01 95.07 -2.27 3.43
0 95.35 -7.41 1.53
0 95.01 -6.75 1.43
0 95.13 -6.96 0.99
5.08 94.44 -5.4 3.06
0.05 94.53 -7.05 4.61
0.07 95.11 -9.22 5.42
0 95.14 -7.86 2.97
0 95.63 -5.92 1.92
0 95.57 -6.46 1.44
0 94.71 -3.64 2.28
0 94.96 -5.67 1.74
0 95.03 -8.1 1.75
0 94.97 -5.86 2.26
0 95.04 -9.67 2.38
0.01 93.99 -7.44 2.93
0 95.07 -13.13 3.45
0 95.77 -15.08 1.93
0 95.52 -8.19 2.27
0.4 95.1 -5.95 1.56
3.13 95.37 -7.79 1.28
0 95.33 -8.5 2.06
0 94.5 -2.95 2.35
0.01 94.51 -6.07 1.36
2.62 94.7 -8.62 1.96
0 95.15 -11.27 3.79
0 94.94 -12.41 2.62
0 95.27 -10.33 2.97
0 95.09 -10.16 3.54
0 94.9 -10.87 2.85
0 94.66 -10.62 2.09
0 95.39 -12.89 3.09
0 95.64 -13.68 2.71
0 95.12 -13.17 3.14
0.12 94.47 -11.96 4.16
0.17 94.2 -11.31 2.61
0 94.26 -12.14 1.72
17.61 94.9 -16.06 2.26
1.66 94.89 -19.61 2.39
0 94.52 -19.54 4.34
0 95.11 -18.83 1.69
0 95.61 -18.33 1.45
0.64 95.56 -17.82 2.13
0.5 96.07 -21.36 3.17
0 95.96 -24.26 4.86
0 95.52 -15.66 4.62
0 94.93 -10.33 3.13
0 94.79 -11.99 3.58
0 94.85 -10.29 3.69
0 95.41 -13.58 1.84
0 95.83 -16.75 1.57
0 95.61 -16.95 2.3
0 95.68 -13.49 3.11
0 95.56 -11.16 2.85
0 95.21 -9.45 2.09
0 95 -9.02 2.6
0 95.2 -9.18 3.55
0 95.14 -9.14 3.59
0 95.04 -7.63 2.77
0 94.16 -7.62 2.93
0.01 93.8 -4.87 3.35
0 94.44 -3.54 2.76
0 94.09 0.97 2.62
0.03 94 1.26 2.28
2.76 94.34 -0.3 3.21
28.59 95.07 -8.79 5.8
0 95.08 -12.87 5.37
0 94.44 -9.78 3.98
0 94.34 -5.46 4.11
0 94.26 -2.76 3.69
0 94.27 -4.54 3.75
0.2 95.09 -7.6 3.6
0 95.04 -9.87 3.85
0 94.85 -10.14 2.47
0.01 95.04 -7.57 3.22
0 95.9 -11.13 2.37
0 95.52 -9.72 2.47
0 95.45 -9.09 3.14
0.13 94.79 -7.2 2.99
0.03 94.89 -7.73 2.05
0.2 95.21 -8.78 3.98
0.11 95.4 -9.17 3.23
0.06 94.51 -1.24 2.75
0 94.16 1.24 2.07
0 94.12 0.31 2.74
0.26 94.5 -1.12 1.52
14.69 94.32 -0.04 4.2
0.05 94.32 -1.82 2.66
4.19 94.61 -5.05 4.16
0 95.34 -8.48 4.55
0 95.43 -8.26 3.83
0.06 95.21 -7.29 3.41
0 94.67 -5.7 2.09
0 94.05 -1.42 4.05
0 94.82 -2.33 2.63
0 94.64 1.31 2.66
0 94.09 4.64 2.67
0 93.95 7.96 3.18
0 93.53 9.96 5.1
0 94.02 6.81 4.47
0 94.88 3.48 1.88
0 95.11 5.56 1.84
0 94.76 8.29 2.75
0 95.12 4.76 4.23
0.01 95.67 1.47 4.63
0 95.67 1.56 3.27
0 95.35 2.72 3.16
0 94.97 7.16 3.2
0 94.37 9.11 2.52
0 93.76 10.64 3.67
0.23 94.23 6.71 3.63
0 94.15 8.74 3.31
0 93.22 15.09 4.58
8.62 93.53 9.51 5.03
0.43 94.57 5.47 4.29
0 94.56 7.72 3.6
0 93.77 10.07 3.58
0.11 94.06 9.63 2.41
0.47 93.43 12.19 4.73
0 93.83 9.54 4.93
0 93.74 11.42 5.78
0 94.02 6.82 2.99
0 94.64 4.8 3.19
0 94.09 6.98 4.44
10.97 93.28 9.31 2.66
0.18 93.05 10.49 5.19
0 94.14 10.72 3.15
0.53 93.64 15.28 5.08
6.94 93.62 10.28 4.33
2.17 93.61 5.8 4.35
2.57 93.9 6.32 2.44
1.5 94.19 7.62 3.41
0.01 93.87 13.73 2.95
0 93.07 14.94 6.13
0 93.59 10.04 6.2
0 94.11 10.63 3.04
0 93.56 14.22 4.62
0.96 94.41 9.94 3.31
41.44 94.63 7.62 2.1
2.56 94.25 11.58 1.76
0 94.39 12.28 2.34
38.1 93.55 12.74 2.49
0.04 93.18 16.74 2.66
38.92 92.92 20.7 4.18
177.03 93.74 10.54 2.24
31.18 92.89 11.61 4.93
0 93.34 15.59 3.11
8.98 93.28 15.6 5.07
0.02 93.65 12.42 6.31
0 94.38 14.94 2.62
0 93.82 18.52 4.45
1.53 94.03 16.39 2.59
0 93.7 16.98 2.28
1.09 92.87 19.71 3.94
123.25 93.64 11.13 4.93
0 94.45 14.58 3.71
29.11 94.08 11.98 3.91
0.67 93.95 12.42 3.53
0 93.43 18.18 3.45
0 93.56 22.75 3.57
0 93.8 24.19 4.08
0 94.03 22.6 3.47
0 94.18 22.35 3.48
0.06 94.93 18.84 3.71
0.05 94.84 17.69 2.49
40.22 93.94 14.71 1.99
27.5 92.88 15.15 4.57
4.58 93.16 18.33 3.36
0.5 93.66 18.29 4.69
0 93.57 21.54 4.72
0.14 93.2 23.94 4.08
0 93.58 18.72 4.31
0 93.3 21.86 4.54
10.22 94.08 17.16 1.95
0 94.14 19.68 1.35
0 93.76 22.98 2.48
0.01 93.42 24.1 3.17
0.06 93.57 22.91 2.71
0.27 93.81 23.11 2.04
20.98 94 19.22 3.32
2.9 94.03 18.99 2
0.1 93.78 21.63 2.76
19.56 93.44 20.67 3.86
80.38 93.2 20.11 4.23
40.96 93.73 17.63 2.42
11.68 93.62 18.94 1.96
4.11 93.29 19.32 1.97
85.35 93.18 15.33 2.03
12.69 93.21 18.36 1.93
3.01 92.82 19.63 2.18
57.02 92.87 20.12 1.9
2.55 93.42 19.99 2.97
0.01 93.5 23.16 2.56
18.56 93.15 24.84 2.79
31.2 93.18 23.55 2.28
17.35 93.21 22.35 2.11
11.59 93.5 20.78 3.13
2.85 93.53 20.73 3.91
0 93.69 24.14 3.13
0 93.62 24.43 1.9
23.67 93.34 22.91 2.67
53.43 93.41 18.92 2.86
112.42 93.29 20.26 2.01
60 93.37 19.86 1.99
0 93.52 20.31 1.75
0.34 93.47 21.99 1.59
0 93.57 25.13 2.64
0 93.73 24.95 3
3.17 93.95 25.27 1.94
0 94.04 26.65 1.61
0 93.96 27.32 2.67
0 93.71 26.91 2.63
0 93.5 28.05 1.84
0 93.25 28.99 2.32
7.87 92.94 29.21 3.21
110.94 93.26 21.59 1.97
0.55 93.56 24.18 2.41
1.55 93.91 22.16 2.72
8.02 93.58 19.53 2.16
3.03 93.46 18.75 2.31
3.85 93.71 21.49 1.66
0.1 93.69 23.66 2.08
9.73 93.75 24.12 2.53
163.96 93.89 21 2.01
800.67 93.43 20.46 2.62
41.92 93.17 23.26 1.73
10.43 93.06 26.7 2.88
0.36 93.6 25.26 2.02
414.64 93.63 19.97 2.76
1.57 93.49 22.19 1.52
3.55 93.28 24 2.25
30.25 93.26 23.25 2.11
13.63 93.62 23.01 1.78
125.21 93.87 23.19 2.15
41.27 94.02 21.89 1.62
12.97 94.12 22.59 2.01
0.16 94.12 24.47 1.77
0 94.05 25.96 1.38
0 93.99 26.98 1.73
0 93.88 26.95 1.99
468.55 93.63 24.95 1.81
142.12 94.02 23.3 2.42
0 94.1 21.91 1.27
0 93.71 23.9 2.3
0 93.5 26.59 3.18
1.18 93.52 28.67 2.94
11.91 93.64 25.07 2.34
0 93.59 24.31 1.79
0 93.86 23.62 1.84
7.55 93.76 23.23 1.61
117.2 93.6 21.25 1.99
8.43 93.47 22.3 1.34
216.84 93.43 20.07 1.75
7.92 93.87 21.05 2.19
14.63 93.98 21.62 1.8
0.99 94.13 22.49 1.93
1.25 94.2 23.07 1.63
15.05 93.7 21.07 1.61
17.05 93.54 22.98 2.42
139.96 94.31 17.33 3.82
0 94.56 17.7 2.18
5.75 94.22 17.58 2.06
1.39 94.2 18.45 2.06
0 94.37 17.72 1.92
0 93.81 17.42 1.81
11.84 92.77 16.39 4.18
19.62 92.6 15.39 2.73
3.59 93.23 18.89 1.64
10.34 93.75 18.32 1.21
138.38 94 17.53 1.55
32.53 93.94 16.99 1.32
13.19 93.82 18.64 1.47
1.93 93.55 18.79 1.69
5.39 93.65 17.58 1.64
55.38 93.95 16.02 1.91
14.39 94.1 15.7 1.67
58.53 94.46 14.85 2.25
11.59 94.7 15.53 1.41
3.47 94.62 17.02 1.34
64.75 94.43 18.28 1.57
0.01 94.33 19.05 1.75
4.29 94.43 17.76 2.13
2.23 94.84 15.41 1.81
27.55 94.99 13.27 2
0.17 95.02 13.27 2.49
0 94.86 13.51 1.41
0.87 94.62 14.28 2.19
9.55 94.27 16.16 2.11
2.36 93.97 18.13 1.86
1.69 93.7 20.01 3.34
0.08 94.39 16.6 2.28
12 94.18 16.69 1.94
2.42 94.95 11.21 4.93
0 95.34 7.71 2.16
0.08 94.53 9.75 2.15
0.11 94.2 15.29 2.25
7.85 94.04 18.66 3.4
1.2 94.09 15.72 2.3
1.51 94.1 14.65 3.19
113.7 94.64 6.87 2.23
7.27 94.72 5.69 1.87
0.75 95.25 8.05 1.5
53.47 94.37 10.61 3.08
0.68 94.64 5.46 4.92
0 94.83 4.6 1.79
0.42 94.44 5.73 1.65
0 94.98 5.34 28.55
0.52 94.94 7.31 1.46
0 94.56 11.81 1.45
0 94.64 13.18 1.72
0.14 94.8 14.55 2.42
2.65 94.27 14.23 4.4
0 94.75 9.57 2.35
0 94.5 12 1.87
0 94.38 12.48 2.4
1.86 95.26 3.94 2.53
45.45 94.64 4.93 1.89
40.42 95.33 1.78 2.56
0 94.94 2.28 1.55
0 94.31 3.45 1.5
0 93.95 8.15 3.32
0 95.11 2.49 1.96
12.84 95.13 2.35 1.28
4.73 95.35 1.68 3.31
0.34 95.39 0.09 2.72
2.96 95.11 -0.76 3.54
0 95.9 -5.38 3.28
0 95.52 -3.41 2.39
0 94.84 0.58 3.24
0 94.27 1.97 1.74
0 93.41 4 1.72
0 94.46 1.14 2.4
0.27 95.2 -1.3 2.06
4.11 95.47 -2.03 3.33
0 95.81 -4.34 1.67
0 95.16 -2.02 2.29
1.95 93.75 2.29 3.66
2.22 93.98 -1.61 1.9
0.29 94.51 -1.8 1.38
0 93.97 4.11 3.69
0 94.7 0.63 5.19
0 94.9 -3.48 2.05
0 94.68 -0.21 2.62
0 94.58 -1.1 2.2
0.16 94.08 -0.41 2.65
2.54 94.57 -4.79 2.02
28.33 95.08 -7.7 1.92
52.37 95.43 -10 2.64
0 95.79 -11.72 3.03
0 95.47 -10.73 2.73
0 94.99 -8.39 2.98
0 94.65 -6.07 2
0 94.2 -2.95 3.52
0 95.01 -6.65 3.07
0 95.43 -4.93 1.7
0.07 95.68 -5.71 1.75
3.5 94.57 -1.61 3.55
0 95.32 -3.94 3.9
0 95.04 0.35 2.93
0 94.3 2.8 3.3
0 94.43 -1.64 2.91
0.71 95.03 -6.22 3.62
0 94.47 -5.87 3.04
0 94.69 -6.65 2.56
4.15 94.13 -4.46 3.58
0 95.05 -7.76 2.27
0 95.19 -8.32 1.51
0 94.57 -6.11 2.53
7.83 94.95 -4.01 2.58
0 95.55 -9.66 3.21
0 95.46 -10.58 2.02
0.01 95.45 -9.22 2.91
0 94.66 -4.73 2.64
0 94.64 -4.81 1.13
0 94.81 -4.26 1.04
0 94.87 -3.53 1.14
0.01 95.19 -3.23 1.47
0.14 95.24 -5.38 2.57
4.37 94.91 -9.96 3.52
0 95.28 -11.09 2.22
0 95.14 -10.44 1.33
0.05 94.98 -5.2 4.07
0.36 95.65 -9.8 3.58
0 95.49 -11.52 2.18
0 95.21 -10.08 4.24
0 95.42 -9.08 3.07
0 94.95 -7.59 1.89
0 94.83 -6.55 1.68
0 94.64 -2.67 3.42
0 94.81 -4.93 2.28
0 94.48 -1.94 3.2
0 95.08 -5.61 1.43
0 95.36 -7.29 1.46
0 94.91 -3.44 1.82
9.42 94.96 -4.16 1.46
7.52 94.56 -5.22 2.2
0.02 94.69 -8.17 3.48
0 94.92 -10.93 4.11
0 94.67 -10.79 3.03
0.02 94.41 -11.6 2.8
0 94.59 -11 4.81
0 95.48 -12.19 2.11
0.08 95.44 -13.78 1.32
0.03 95.35 -13.21 1.45
0.19 95.16 -11.32 2.19
0 95.48 -11.71 1.84
14.15 95.18 -13 2.54
0 95.22 -13.83 2.21
0 94.88 -13.17 4.33
0 95.53 -14.12 2.56
0 95.66 -14.34 1.5
0 95.77 -12.8 1.25
0 95.15 -7.9 1.6
0.07 94.47 -4.46 4.59
0 94.94 -7.16 3.56
0 94.41 -8.04 2.76
0.17 95.29 -12.06 3.99
0 95.56 -10.55 3.54
0 95.01 -8.49 2.96
0 95.73 -8.63 3.36
0 95.15 -5.79 2.2
0 94.57 -3.94 1.67
0.28 94.25 -1.41 2.47
0 94.62 -6.57 3.43
0.01 95.52 -7.14 2.14
0.01 95.46 -7.98 1.14
0.04 95.28 -9.15 5.74
0.02 94.82 -10.24 5.79
0 94.99 -9.66 4.65
0 95.09 -7.27 3.14
0 95.07 -6.41 1.84
0 95.57 -4.86 1.47
0 95.4 -3.64 1.76
0 94.24 2.11 3.63
1.17 94.61 -3.64 4.3
0 95.17 -7.21 3.21
0 94.55 -5.34 2.75
0 93.55 -2.65 4.9
0 95.3 -7.49 3.91
8.64 95.05 -6.84 2.75
6.16 94.47 -4.3 4.35
0 94.96 -5.23 3.85
0 94.7 -2.61 3.64
0 94.66 -1.18 3.3
0 94.84 -0.86 1.68
0 94.51 1.15 2.97
0 94.49 0.11 3
0.14 94.86 -5.01 3.57
0 94.06 -0.67 2.66
0 94.16 -0.47 1.51
0.02 94.37 -3.86 2.38
0.19 94.77 -5.79 3.65
0.06 94.53 -7.76 4.02
0 94.56 -5.6 4.8
0 94.1 -0.88 3.74
0 93.9 0.48 2.96
0 94.1 3.15 2.05
0 94.4 3.62 3.1
0 95.19 -0.95 4.44
0 95.2 0.49 2.92
0 95.16 1.12 1.93
0 94.87 2.69 1.58
0 94.52 3.15 1.85
1.02 94.41 3.79 1.86
0 94.95 4.88 1.78
0.2 95.04 4.15 2.06
0.67 95.11 1.45 3.3
0 94.92 1.43 1.9
0 94.68 2.72 2.11
0.74 95.06 1.19 1.42
5.68 94.72 1.1 1.34
1.43 94.59 2.65 2.77
0.68 94.53 1.27 2.09
0 94.7 2.35 2.43
0 94.48 5.02 2.53
0 94.43 8.67 3.66
0.14 95.24 3.54 2.62
0 95.02 3.96 1.85
0 94.43 5.65 1.72
0 94.47 9.05 2.06
0 94.36 12.15 2.81
0 94.04 16.27 3.71
0.38 93.76 14.5 3.5
1.75 93.87 11.06 3.47
0.74 93.94 9.88 2.62
0 94.72 8.27 3.11
0 94.66 8.54 2.24
0 93.68 12.89 4.02
0 94.26 7.46 3.94
0 94.16 6.66 2.47
0 93.5 12.18 4.05
0 93.13 14.88 2.96
0 93.59 15.89 3.25
0.37 93.9 13.83 3.24
2.09 92.83 13.71 5.07
0.43 93.03 7.11 5.7
2.51 93.34 7.57 3.13
3.28 93.75 8.85 3.31
0 94.17 9.67 2.2
0.02 93.49 12.74 5.1
0 93.73 9.46 2.89
0 94.06 8.39 3.47
0.01 94.71 8.27 3.75
0 94.75 10.07 4.8
0 93.95 14.61 4.55
0 93.42 16.53 3.28
0 93.09 20.34 4.27
0 93.93 16.45 2.45
0 94.24 17.75 2.61
0 94.19 21.28 3.72
2.48 94.1 18.99 5.22
7.78 94.08 14.54 3.73
14.86 93.78 9.17 6.09
0 94.03 10.24 6.33
0 93.9 17.91 4.35
0 93.6 20.14 2.43
0 93.3 20.53 3.98
0.16 93.37 19.03 3.1
0.01 93.53 14.47 4.97
0 93.36 12.23 4.8
1.06 93.61 11.88 4.63
0.13 94.32 13.49 4.86
0 94.27 16.09 2.34
0 93.47 19.91 1.76
0 93.3 23.72 2.05
0 93.31 28.62 3.66
2.98 93.69 26.12 3.34
1.59 93.95 23.31 2.65
7.71 94.3 14.66 3.51
185.04 94.39 9.29 2.25
0.06 94.16 16.25 2.39
0.01 93.77 19.25 2.2
0.05 94.27 15.21 2.95
0 93.78 19.31 2.49
0 93.4 21.83 2.77
0 93.75 22.11 4.13
19.59 94.02 17.09 2.56
0.58 93.49 19.81 3.1
5.97 93.05 20.09 3.03
0 93.54 17.57 3.47
104.74 93.83 11.17 1.86
0 93.95 15.47 2.18
0 93.96 19.62 2.33
0 94.08 21.36 2.17
23.43 93.76 15.32 2.28
0.59 93.53 18.5 2.81
0.26 93.44 21.21 3.79
0 93.53 20.53 3.66
0 93.87 18.71 2.05
4.13 94.02 18.1 1.81
31.23 94.31 18.21 1.72
0 94.34 20.48 2
0 93.94 26.53 2.34
0.27 93.66 26.71 1.38
0.58 93.49 25.89 3.01
17.19 93.39 23.15 2.07
44.41 93.4 20.16 2.43
46.23 93.29 19.02 1.77
5 93.36 19.73 2.47
0.36 93.52 21.08 2.25
89.41 93.88 18.07 1.53
107.31 93.77 16.84 1.64
3.53 93.52 18.89 1.39
3.07 93.49 21.87 1.38
0 93.66 23.91 1.64
12.69 93.51 25.06 3.25
24.54 93.53 26.56 3.14
0.13 93.43 27.09 2.7
9.16 93.34 26.97 2.55
32.38 93.23 26.72 2.05
15.94 93.4 25 2.58
0.61 93.51 25.5 2.14
27.61 93.66 23.73 1.75
32.93 93.81 22.21 1.53
36.27 93.57 23.73 2.52
532.06 92.77 22.45 2.34
29.56 92.72 24.1 2.63
26.46 92.88 24.4 2.67
0.44 92.88 23.92 2.01
0 93.14 24.88 1.77
0.32 93.21 28.1 2.29
88.25 93 27.37 3.21
17.7 93.46 24.55 1.95
9.77 93.76 25.82 1.56
0 93.88 27.04 1.68
0 93.79 28.31 1.76
0.01 93.52 28.67 2.62
19.96 93.31 26.41 2.72
49.13 93.32 21.87 2.41
29.78 94.04 21.09 1.91
27.67 94.02 21.04 1.5
3.03 93.56 23.62 1.22
0.69 93.7 23.76 1.61
0.41 93.89 23.75 2.01
24.26 93.52 22.24 2.54
0.74 93.78 22.67 2.42
0 94.26 22.95 1.51
0 93.81 23.42 1.63
98.49 93.42 22.91 3.15
0.04 93.58 25.01 1.84
1.12 93.64 25.94 2.24
38.51 93.4 24.72 1.91
642.41 92.86 22.8 1.74
20.89 93.25 23.58 1.47
63.34 93.29 23.89 2.21
29.34 93.16 22.09 1.95
1.43 93.2 23.57 2.19
19.49 93.07 22.23 1.48
42.68 92.87 20.22 1.51
13.4 92.96 22.78 1.39
19.81 93.36 23.6 2.42
42.37 93.72 22.36 1.95
0.55 93.87 23.04 1.69
13.94 93.82 21.94 1.59
30.12 93.74 21.23 1.55
294.47 93.82 19.11 2.35
48.66 93.97 20.2 1.96
30.01 94.1 21.12 1.86
23.75 94.12 21.43 2
12.7 93.74 22.01 1.75
1.5 93.5 25.36 1.97
20.77 93.96 22.33 2.03
317.56 93.86 18.83 1.98
0.01 93.87 19.72 3.85
0 93.94 17.82 3.6
0 94.24 18.65 2.11
15.39 93.95 16.37 2.56
3.58 94.42 15.53 2.84
0 94.52 14.21 2
0 94.26 16.65 2.28
0.5 94.26 16.93 1.65
1.45 94.09 19.62 1.87
10.52 94.11 19.1 1.87
9.21 94 19.41 2.31
2.9 93.85 20.48 2.49
0.06 93.77 19.72 3.71
0 93.68 18.81 1.78
0 93.47 20.99 1.97
1.4 94.01 17.86 2.68
5.43 94.03 18.18 2.11
79.08 93.92 16.49 1.62
0.01 94.18 16.07 2.17
0 94.57 15.28 1.6
0 94.8 15.84 1.73
4.93 94.74 17.82 2.35
6.88 94.55 18.09 2.07
0.47 94.15 18.72 2.73
0.01 93.99 17.15 2.52
0 93.44 18.92 1.96
0.18 93.9 15.19 2.99
0 94.23 14.86 1.59
1.47 93.56 18.85 2.95
7.97 93.62 16.38 3.63
0 93.77 17.43 3.58
0.1 94.11 17.41 2.38
16.94 94.05 15.48 2.34
28.28 94.36 12.74 1.91
0.03 94.3 9.6 2.28
0 94.2 8.56 3.56
0 94.03 9.73 2.69
0 94.12 13.19 2.28
0.15 94.34 14.5 3.68
0 95.08 8.61 2.55
0 95.4 7.57 2.06
0 95.14 9.3 2.38
0 94.45 13.89 3.65
0 94.24 14.75 2.69
0 94.58 13.61 2
9.65 94.87 11.75 1.63
74.54 95.52 8.38 3.37
24.92 95.53 4.58 2.45
0.89 95.3 4.68 3.11
0.76 94.91 4.06 2.33
0 94.81 5.47 3
0.01 95.37 4.32 1.15
25.82 95.41 6.59 1.82
0.05 95.75 5.12 1.83
0 95.55 5.43 1.7
4.57 94.88 8.31 1.66
0.12 94.71 8.64 1.34
0 94.4 11.11 2.36
0.02 95.12 6.6 1.6
12.71 95.2 3.73 1.66
0.13 95.21 5.01 1.56
0 94.99 6.89 1.74
0 95.08 7.34 1.32
0 94.46 9.61 1.56
0.03 94.3 10.68 1.91
0 95.19 5.94 4.75
0 95.68 1.57 3.73
0 95.13 4.97 2.38
0 94.24 8.03 2.83
