1.84 94.08 -16.72 1.49
0.07 94.75 -18.27 1.76
22.83 94.55 -19.3 1.72
6.24 94.9 -19.73 3.68
0 95.21 -21.29 2.23
0.01 95.39 -21.52 2.33
0.11 95.47 -19.36 1.6
17.86 94.82 -17.6 1.18
4.41 95.06 -16.9 1.77
0 95.33 -16.97 1.72
0 95.34 -17.68 3.21
0 94.78 -20.4 3.71
0 94.79 -18.16 3.64
1.13 94.58 -16.41 1.73
0 95.65 -16.08 1.7
0 95.23 -14.94 1.09
0 94.93 -11.04 1.71
0.01 94.82 -7.11 1.55
0 94.34 -2.15 2.8
0.39 95.52 -10.96 4.78
0 95.46 -15.07 4.25
0 95.19 -13.23 4.94
0 94.66 -9.8 4.24
0 94.09 -10.62 4.56
0 95.05 -10.9 4.38
0 98.47 -6.69 3.11
1.56 93.98 -5.93 2.85
0.06 94.6 -12.07 4.44
0 94.19 -7.13 4.79
0 94.22 -6.98 2.28
0 94.78 -9.97 2.04
0.66 94.91 -12.28 2.24
0 94.94 -15.57 2.5
0 94.88 -14.56 2.71
0 94.86 -14.84 2.3
0 95.17 -14.88 1.61
0.04 95.02 -13.04 2.25
5.97 94.15 -5.41 2.53
0 94.27 -6.32 2.23
0 94.85 -8.64 2.42
0 95.45 -11.95 3.33
0 95.86 -13.22 3.65
0 95.58 -12.9 2.04
0.19 94.94 -11.5 2.19
0 95.38 -12.21 2.94
0 95.53 -13.91 2.24
0 95.06 -12.1 1.92
0.03 94.68 -10.22 3.32
0 94.48 -9.6 2.74
0 93.95 -5.66 1.75
0 93.78 -6.7 1.89
0 93.94 -5.86 1.86
0 93.96 -4.75 2.58
0 92.97 -0.14 2.08
3.1 93.29 -2.61 2.15
0 94.3 -5.78 2.13
1 94.5 -5.28 1.93
8.13 94.16 -6.54 1.99
1.75 94.78 -8.5 2.55
0.4 94.45 -8.61 2.09
1.47 94.3 -5.13 3.67
0 94.32 -3.22 2.93
29.19 93.92 -3.14 2.92
2.12 95.02 -10.62 3.48
0 95.65 -12.45 1.83
0.04 95.87 -12.34 1.87
6.64 96.21 -11.01 2.66
0.02 95.49 -10.82 2.85
0 94.15 -5.14 2.73
1.12 93.09 0.79 3.89
1.57 94.24 -6.03 4.27
0 94.79 -3.85 2.07
35.46 94.24 -1.18 2.16
0.94 94.3 -4.26 5.88
0.02 94.67 -5.99 2.51
0 95.06 -6.73 2.58
0 94.07 -3.72 2.73
0.82 92.75 3.53 2.55
41.81 93.41 -1.45 3.9
0 93.7 -0.3 2.88
0.24 93.76 2.53 3.7
0 94.38 1.25 2.81
0 94.9 -1.48 2.88
0.21 94.9 -4.36 3.7
0.48 94.4 -3.34 2.24
1.43 94.96 -2.3 1.95
0 94.91 2.42 1.69
0.16 94.68 4.69 2.26
12.63 94.09 7.66 3.44
4.68 93.89 5.81 4.92
0 94.29 0.56 5.36
0 94.34 -1.14 4.25
0 93.92 3.79 3.82
0 93.72 7.22 3.65
4.81 94.3 2.12 2.64
0.02 94.96 1.04 2.5
0 94.36 6.55 3.41
0.72 93.21 11.11 5.59
17 93.96 1.95 2.86
0 94.27 2.46 3.3
3.13 94.18 1.53 2.38
39.49 94.11 -0.71 3.51
0.02 94.84 -1.91 5.05
0 94.94 0.79 2.58
0.23 94.29 3.04 2.52
5.65 94.49 2.93 1.88
0 94.47 4.4 2.58
23.03 93.83 9.77 2.71
26.04 94.31 8.16 2.07
0.78 94.66 7.99 2.13
0.41 94.91 8.77 2.2
2.19 94.68 8.11 2.4
0.77 94.57 7.24 2.21
0 94.15 11.43 2.92
10.36 93.9 11.59 4.17
25.2 93.78 3.24 3.37
8.76 93.4 1.61 3.69
0.25 93.59 3.78 5.79
1.6 93.74 6.13 5.04
3.77 93.93 11.1 2.71
0 93.4 16.42 2.12
0 93.16 17.45 4.2
0.32 93.65 15.21 2.18
4.96 93.14 80.43 2.63
234.84 92.8 9.73 3.37
6.18 93.32 12.67 3.87
33.8 93.28 11.8 2.14
3.94 93.51 14.16 2.88
41.82 93.35 10.06 3.98
11.83 93.25 8.71 2.72
1.82 94.25 9.71 2.62
0 94.48 12.88 1.78
0 94.43 15.56 1.83
7.27 94.06 15.75 2.88
4.39 93.96 19.01 2.39
1.69 94.12 18.29 2.56
20.16 93.64 16.9 2.56
171.31 92.84 11.9 2.8
0.34 92.57 17.51 4.91
0 93.36 20.97 2.83
0 93.53 22.84 2.7
1.72 93.52 21.2 2.17
0.51 93.17 20.9 2.55
7.74 93.46 16.81 4.3
0.56 94.02 20.03 3.03
0.59 94.37 20.84 2.28
19.82 94.3 17.75 1.97
100.64 93.69 15.03 2.28
48.67 93.37 16.09 2.19
45 93.81 14.99 1.99
18.16 94.38 16.02 1.34
6.65 94.29 17.38 1.67
1.27 94.41 18.61 1.63
0 94.47 20.59 1.7
0.06 94.27 21.4 1.97
0 93.98 22.47 2.02
0 93.97 22.43 2.42
0 94.06 23.19 2.88
0 94.18 23.48 2.98
0 94.29 23.35 2.29
3.66 94.15 20.31 2.13
0.05 93.87 20.61 2.84
1.7 93.56 22.62 1.98
28.22 93.31 22.48 3.02
35.5 93.23 20.91 2.71
0.77 93.14 22.71 2.51
42.5 93.21 22.78 1.88
84.05 93.24 20.21 2.04
17.57 93.34 20 1.85
1.57 93.47 22.08 1.76
0.07 93.83 22.18 2.57
0.07 93.44 22.5 2
5.74 93.71 20.5 2.09
0 93.83 22.69 1.66
0 93.72 24.78 1.88
0 93.71 25.41 2.39
0 93.63 25.2 2
14.4 93.44 22.36 1.79
24.36 93.36 22.65 1.47
0.21 93.4 23.93 1.72
0.37 93.23 25.38 1.53
73.52 93.15 22.04 2.23
1.88 93.17 24.8 1.64
0.22 93.18 27.2 1.81
4.28 93.18 26.28 2.48
0 93.19 25.82 3.22
0.05 93.29 24.88 2.68
10.34 93.54 21.06 2.03
2.31 93.74 22.35 2.14
4.65 93.68 21.48 2.29
90.79 93.48 20.4 2
115.91 93.48 20.08 1.68
178.37 93.74 20.13 1.32
6.85 94 22.15 1.47
0 93.93 23.52 2.16
87.32 93.5 22.05 2.3
17.24 93.29 24.14 2.93
5.71 93.54 25 2.1
5.09 93.52 26.03 2.58
26.25 93.58 24.9 2.3
126.69 93.49 23.65 1.72
1.23 93.73 24.43 1.65
1.99 93.84 25.74 1.69
4.45 93.88 26.54 1.56
19.71 94.02 27.08 1.61
1.05 93.89 27.51 2.02
9.92 93.81 26.44 1.99
18.16 93.44 25.84 2.17
167 93.02 25.94 2.48
8.83 92.99 23.24 1.53
39.4 93.01 25.77 1.41
135.71 93.32 22.23 1.92
0 93.92 21.18 2.11
0.11 93.8 22.18 1.86
20.44 93.11 23.79 2.53
62.13 93.32 23.06 1.92
82.1 93.76 20.95 3.32
0 94.44 19.82 1.59
39.72 94.05 19.18 1.67
102.98 93.34 21.59 2.42
29.61 93.45 21.76 2.38
0 93.67 21.02 1.84
0 93.4 23.46 2.23
17.63 93.13 24.3 1.94
3.46 93.03 25.13 2.26
20.33 92.95 22.77 3.41
0 93.45 21.01 2.74
0 93.76 21.9 1.64
16.27 93.76 21.61 2.35
22.39 93.92 22.01 2.17
111.53 94.09 21.76 2.12
0.96 94.39 21.93 1.99
158.78 94.3 18.6 1.65
46.53 94.25 19.08 1.79
2.53 94.26 19.28 1.61
0 94.18 21.37 1.85
0.38 94.41 21.06 1.61
6.01 94.6 20.68 1.68
0 94.34 20.08 1.84
1.23 94.11 20.09 1.53
22.25 93.74 20.14 1.79
5.42 93.84 20.03 1.51
1.43 93.91 20.78 1.94
10.51 94.39 19.62 1.59
3.18 94.52 20.32 1.53
0.04 94.38 19.3 1.4
0 94.11 19.53 1.69
0 93.93 21.74 1.79
0.54 94.14 22.45 2.01
0 94.61 18.16 1.84
0 94.44 17.83 1.42
8.08 94.03 18.53 1.45
13.92 93.73 18.36 1.94
0.19 93.95 19.09 1.54
0 94.09 20.18 1.33
10.55 94.16 21.45 1.51
0 94.25 21.56 1.72
10.64 94.04 19.86 2.11
108.4 94.34 14.63 2.18
247.36 94.42 9.51 1.89
149.99 94.32 12.95 1.51
0 94.08 16.14 1.51
60.1 94.32 14.06 2.17
180.83 94.93 9.1 2.76
0 94.83 9.69 2.71
0 94.61 11.87 1.75
3.47 94.36 13.86 1.63
15.91 94.11 14.12 2.42
0.3 94.29 11.46 2.6
0 94.3 9.41 4.72
0 95.08 8.11 2.43
0 94.67 9.33 1.49
0.04 94.39 14.27 2.33
4.64 94.68 12.33 1.57
256.44 94.4 7.9 2.35
49.91 94.4 8.22 2.95
0 94.49 9.37 1.89
0 94.12 12.83 1.95
0 94.01 15.77 2.48
0 94.15 16.66 2.69
0 94.11 16.34 2.08
0 93.68 15.76 2.72
100.38 94.19 9.76 2.01
163.97 94.62 5.2 2.3
0 94.73 7.58 2.01
0 94.33 9.09 2.22
0 94.52 7.4 3.14
0 94.04 6.88 3.4
0 94.76 2.36 2.87
0 95.31 0.69 1.21
20.85 95.23 0.33 1.45
38.49 95.29 0.84 1.2
0 95.19 1.87 1.4
0 94.67 4.03 1.32
0 94.42 7.84 1.4
7.43 94.59 7.93 2.24
10.46 95.09 2.96 3.43
0 95.46 -0.73 4.06
0 96.09 -2.19 2.22
0 95.29 -0.06 2.07
0 95.18 3.71 2.19
0 95.17 5.1 1.89
0 95.23 5.24 1.87
0 95.07 5.22 2.34
0 95.56 1.23 3.1
0 95.09 1.18 2.2
0 94.71 4.25 1.95
0 94.78 4.11 1.63
0 94.49 6.21 2.06
0 94.2 6.21 1.65
4.39 94.37 2.87 3.08
0.96 94.84 -0.59 3.55
0 94.48 -2.09 1.43
0 94.06 -0.49 1.52
21.08 93.59 0.32 3.84
5.04 93.96 -1.55 2.23
0.87 94.97 -2.78 3.99
0 95.91 -6.05 2.81
0.16 95.26 -4.15 2.74
0 94.63 -0.93 1.8
0 94.54 -0.09 1.89
0 94.23 3.54 3.12
0 93.75 2.34 2.37
0 93.54 4.33 2.26
1.23 93.73 0.76 5.02
0 94.43 -3.97 2.29
0 94.26 -3.46 1.88
0.06 94.55 -3.71 4.63
0 94.79 -7.72 2.69
1.42 93.95 -7.42 2.64
0 94.35 -8.38 5.84
0.37 94.44 -8.13 2.04
0.2 94.33 -6.88 1.4
0 94 -3.57 2.38
0.04 93.6 -2.88 2.04
0.18 94.22 -8.1 4
0 94.26 -7.49 2.02
0 93.33 0.58 2.47
0 94.66 -4.05 3.8
0 95.19 -7.11 3.65
0 93.91 -6.42 2.78
0 93.87 -7.69 2.05
0 93.35 -6.05 1.92
2.2 93.28 -9.07 4.35
0 94.19 -13.04 2.17
1.99 94.49 -13.7 2.21
0.06 95.26 -16.4 2.9
0 95.22 -17.41 4.34
0 94.94 -16.49 4.71
0 93.64 -9.72 4.09
0 93.5 -7.31 2.35
0 93.56 -5.15 2.43
0 93.83 -3.73 3.32
0 94.06 -2.41 2.2
0 93.77 -7.4 1.42
0.7 94.34 -10.7 3.2
0 95.57 -17.87 4.08
0 95.56 -16.97 3.54
0 94.69 -16.12 3.23
0 93.64 -12.85 3.37
0 93.3 -10.19 2.73
0 93.94 -13.09 3.42
2.69 94.15 -13.37 2.44
0.13 94.39 -14.13 4.68
0.21 94.93 -13.35 4.89
0 95.35 -13.08 3.28
0 95.48 -13.41 2.8
0 95.08 -13.38 1.44
0.06 94.7 -13.56 2.21
0.12 94.92 -12.78 4.46
0 95.52 -12.42 3.77
0.06 94.84 -10.18 2.18
0.89 94.69 -11.12 3.58
0 95.24 -14.85 4.26
0 94.5 -12.3 3.27
0 94.05 -13.48 4.11
0 94.17 -13.71 2.21
0.03 94.18 -12.49 2.88
0.13 95.17 -16.11 3.31
0 95.6 -18.3 3.75
0 95.41 -16.48 2.41
0 95.26 -15.69 2.75
0 94.98 -15.84 3.32
0 94.95 -15.47 3.71
0 94.86 -13.96 2.62
0 94.67 -13.84 2.18
0 94.67 -14.7 3.45
0.19 94.94 -15.26 3.67
0.06 95.07 -15.3 2.08
0.06 95.24 -15.86 2.68
0 95.65 -16.11 1.97
0 95.94 -14.91 2.89
0.1 95.5 -15.36 3.11
0 95.23 -15.81 3.58
0 95.05 -12 3.82
0 94.69 -5.52 3.53
0 94.36 -6.51 2.32
0 94.27 -9.08 1.83
0 94.13 -7.34 2.38
0 94.35 -6.73 2.12
0.13 93.57 -5.32 3.54
0.02 94.13 -4.52 2.8
0 93.77 -7.26 2.07
0.96 93.94 -7.77 3.17
0.12 94.7 -10.72 1.85
2 94.69 -10.02 1.28
1.45 94.99 -13.76 3.83
0 95.09 -13.41 2.32
0.33 94.99 -12.28 2.23
0.17 94.96 -12.76 1.86
0 94.32 -5.7 2.78
3.14 94.25 -5.95 1.59
2.69 94.68 -5.87 2.65
0 94.67 -5.46 2.15
0 94.56 -1.61 2.16
0 94.82 -2.15 1.56
0 94.46 -0.21 1.9
0 93.97 1.08 3.25
2.14 93.79 -0.35 2.1
0.23 94.5 -4.7 3.14
0 95.08 -4.98 1.88
20.1 94.56 -3.65 3.79
1.11 95.23 -9.05 3.06
0.14 94.83 -8.36 3.26
0 94.53 -7.66 3.31
0 94.52 -7.65 2.77
0 94.65 -5.16 3.14
0 94.31 -2.19 2.12
0.37 93.81 0.58 2.43
0 94.63 -2.19 3.72
0 94.37 -2.26 4.33
0 94.41 -4.23 4.58
0 94.75 -2.45 3.83
0 94.49 -0.97 3.44
0 93.85 1.49 2.88
0 93.17 5.64 2.01
0.1 93.93 1.36 4.62
0 95.03 -2.8 4.54
0 94.71 -5.28 4.69
0 94.46 -3.64 3.03
0 93.87 2.42 3.25
0 93.56 3.58 5.17
0 93.94 0.84 3.44
0 94.08 -0.55 2.28
1.23 94.72 -4.05 4.27
0 94.82 -3.32 3.13
0 94.55 -2.77 2.69
0 94.71 -2.61 4.29
0 97.73 -0.91 2.59
0 97.7 0.53 2.9
0 97.55 2.51 2.84
0 97.78 2.39 1.82
0 97.53 6.3 2.9
0 97.17 7.39 1.99
0 96.81 8.48 3.79
0 98 2.05 3.79
0 97.95 1.97 2.2
0 97.54 5.33 2.37
0 97.43 6.9 1.57
0 94.37 8.88 3.07
0.15 93.66 9.99 4.94
3.66 94.05 7.16 4.55
0 94.01 7.39 3.88
0 93.85 7.75 3.53
1.3 94.53 4.86 3.21
0 94.23 8.47 3.22
0 93.65 13.16 2.99
0 93.72 12.98 1.87
0.04 93.04 15.04 3.48
0 93.82 10.07 4.41
0 93.55 11.7 3.88
1.78 93.62 7.58 6.59
0.49 94.21 6.92 4.37
0 94.02 9.55 2.15
0 93.51 12.64 3.68
44.28 94.18 7.61 2.32
2.4 94.08 6.53 2.2
8.2 93.82 5.75 3.1
4.04 93.42 6.22 3.81
0.08 92.97 8.51 1.94
13.61 93.02 8.88 2.72
1.8 93.64 7.62 2.7
0 93.17 9.77 1.88
51.98 92.57 8.25 1.7
4.36 92.54 9.2 2.78
1.29 93.48 12.72 3.48
0.4 93.72 10.33 3.69
0 94.02 12.23 2.62
6.71 93.54 11.54 2.89
107.35 92.77 9.09 3.11
0.59 92.84 10.34 3.53
0.01 93.36 13 2.88
2.5 93.32 14.3 3.81
18.1 93.18 15.74 3.04
0 93.41 17.24 2.25
0.39 93.12 14.91 5.32
2.91 93.1 11.87 6.28
0 93.28 14.48 6.08
0 93.36 15.51 4.34
0 93.87 13.04 3.38
0 93.81 14.08 2.36
0.06 92.72 17.6 2.59
12.9 92.6 17.31 3.7
8.11 93.65 12.98 3.03
1.35 93.8 11.5 3.39
2.09 93.68 12.21 4.51
0 93.55 16.7 3.12
0 93.67 17.81 2.68
0 93.79 19.8 2.81
11.79 93.7 19.36 3.67
17.16 93.62 17.93 4.45
0.02 93.49 19.35 2.89
0.96 93.3 22.74 4.67
26.11 93.4 20.94 2.36
38.18 93 17.99 3.23
9.42 92.94 16.73 3.05
0.08 93.35 18.91 2.96
4.24 93.09 19.48 4.25
3.61 93.21 18.23 3.93
0.26 93.45 19.05 2.2
5.1 93.32 22.04 2.19
10.32 92.72 23.31 2.9
30.07 92.47 20.91 2.47
18.44 92.7 21.31 2.7
0 93.09 21.48 2.68
47.71 93.02 20 2.11
132.9 93.2 15.96 2.18
7.29 93.39 19.29 1.91
6.49 93.39 20.88 1.82
46.41 93.17 20.23 2.17
92.61 93.15 18.47 2.06
101.41 93.37 17.46 1.74
0.82 93.54 20.51 1.85
0 93.46 23.58 1.62
0 93.32 25.46 2.09
0.08 93.06 26.68 2.71
0 92.99 26.2 2.62
28.83 92.73 21.82 2.27
110.43 92.96 16.37 2.29
2.49 93.67 18.85 2.32
0 94.01 20.3 1.72
4.59 93.46 21.34 2.61
6.74 92.77 22.27 2.21
6.38 92.93 24.26 2.46
0.02 93.06 24.6 3.33
34.53 92.99 23.27 2.41
53.04 93.08 21.81 1.75
0.43 93 22.72 2.47
0 93.12 23.48 2.48
0 93.24 24.76 2.19
84.84 92.74 22.33 2.57
0.91 92.46 24 3.18
76.5 92.52 17.6 1.99
32.78 92.6 17.97 2.8
13.18 93.26 20.93 1.91
18.14 93.43 22.21 2.08
17.99 93.48 23.39 2.25
10.59 93.5 23.1 2.23
8.25 93.32 23.6 1.62
31.43 93.41 22.19 1.84
27.77 93.39 22.1 1.67
33.38 93.27 21.73 1.75
20.79 93.31 20.92 1.58
103.2 93.37 21.51 1.48
176.68 93.24 20.49 1.58
77.65 93.13 20.92 1.57
73.41 93.06 21.65 1.83
18.37 93.06 22.97 1.79
0.13 93.13 25.1 1.66
128.73 93.11 24.95 2.68
522.57 92.9 21.52 2.1
97.18 92.87 22.12 2.25
14.84 93.04 22.32 2.13
0.43 93.29 23.95 1.65
56.92 93.46 20.99 1.59
81.17 93.09 21.17 1.74
0.15 93.18 22.97 1.8
0.26 93.32 23.56 2.14
0.82 93.64 22.58 1.87
0.04 93.25 23.07 2.08
0 93.23 23.69 1.98
0.13 93.44 23.62 1.6
19.95 93.4 22.99 1.67
8.79 93.42 23.3 1.76
7.87 93.1 23.75 1.82
9.13 93.23 24.87 2.01
0 93.61 24.34 1.59
0 93.45 25.1 1.51
0 93.16 25.55 1.77
11.9 92.92 24.77 1.79
114.88 93.25 20.98 1.61
214.24 93.3 19.22 1.54
14.72 93.34 21.15 1.63
8.56 93.51 20.48 1.42
0.09 93.77 20.95 1.74
0.13 93.91 21.44 1.45
0 93.9 22.67 1.47
1.6 93.79 22.41 1.76
9.86 93.97 20.73 1.77
0 93.96 20.26 1.5
69.62 93.94 19.91 1.41
9.54 94.15 19.63 1.71
1.08 94.23 20.69 1.53
12.01 94.03 19.54 1.76
5.83 93.72 20.33 1.54
0.73 93.64 21.41 1.55
0 93.58 22.7 1.51
21.29 93.37 21.49 2.88
1.89 93.84 18.64 1.96
0 93.68 19.07 1.81
14.83 94.14 17.3 2.03
0.91 94.1 18.15 1.55
0 94.14 17.91 1.48
0 93.69 18.84 1.51
10.18 93.37 17.31 2.77
4.44 93.96 12.81 2.02
0.26 94.53 12.5 2.2
5.84 94.74 12.98 1.91
6.09 94.24 16.08 1.82
1.35 93.98 16.08 2.1
0.1 93.57 19.25 2.89
14.48 93.63 16.95 2.03
24.76 93.85 14.43 1.7
46.58 94.2 12.24 2.56
0 94.59 8.87 2.29
0 95.02 9.04 2.22
0 94.84 9.95 1.53
0 94.51 11.42 1.75
0 94.13 12.79 1.84
0 94.22 13.68 2.08
0 94.1 13.84 1.88
0 93.85 16.36 2.82
0.04 94.15 16.3 1.89
0.61 94.26 17.22 2.5
0.19 94.07 17.56 2.11
12.82 93.93 14.4 1.92
0.14 94.4 8.28 3.36
0 94.86 6.43 2.48
0 94.94 6.44 2.71
0 95.39 7.09 2.74
0 95.03 8.27 1.93
0 94.36 9.95 2.2
0 93.83 11.21 3.4
0 94.38 9.08 1.82
0 94.35 9.68 1.41
0 94.12 12.74 1.91
0.15 94.54 12.57 2.44
0 95.03 9.03 1.5
0 94.78 11.32 1.79
0 94.2 13.02 1.53
60.57 93.63 10.08 1.62
3.56 93.56 8.1 2.22
3.05 93.23 7.45 2.91
2.29 93.72 7.89 4.12
0 94.64 4.9 2.21
0 94.72 7.61 1.41
0 94.5 9.62 1.87
0.06 94.34 13.19 2.71
0 94.31 12.92 1.86
1.47 94.22 10.47 1.82
43.2 94.75 4.14 3.35
0.01 95.09 1.54 3.17
0 95.09 3.41 1.85
0 94.65 4.96 1.56
4.64 94.52 5.9 2.28
0 94.78 5.42 1.42
0 94.43 5.71 1.63
0 94.25 7.75 2.36
0 94.42 9.47 2.98
5.6 94.66 9.9 2.67
0.04 95.2 4.08 1.61
3.86 94.9 7.2 1.48
3.15 94.69 8.65 2.72
0.19 95.32 2.8 2.52
0.22 95.19 1.37 1.19
0 95.15 2.92 1.87
0 95.11 2.89 1.64
0 94.91 1.55 1.28
0 94.28 1.49 1.3
0 93.7 2.8 1.96
0 93.98 4.07 3.64
0.04 94.73 -2.85 2.51
0 94.79 -4.62 1.75
0 94.84 -3.6 1.6
0 95.05 -0.83 1.77
34.59 94.43 0.83 1.17
4.51 94.23 -0.93 2.57
2.14 94.46 -5.64 3.79
0 94.93 -7.48 2.5
0 94.93 -5.3 1.94
13.37 94.53 -5.71 2.8
0.19 95.16 -8.83 2.88
0 94.83 -9.02 1.16
0.37 94.82 -7.28 1.53
0.5 94.22 -1.75 1.74
0 94.29 -2.42 1.46
0 95.07 -4.48 2.28
0 95.59 -8.47 1.52
0 95.88 -8.88 1.98
0.41 95.16 -8.27 1.14
0.14 94.46 -5.69 1.22
0 94.67 -7.86 1.7
0 94.98 -9.21 1.02
1.34 95.18 -8.68 1.01
1.46 95.18 -5.91 1.02
1.58 95.47 -8.55 3
0.12 95.78 -12.68 3.96
0 95.42 -12.51 3.38
0.03 94.61 -7.95 4.27
0 94.64 -4.71 3.09
0 95.04 -7.73 1.73
0.03 94.37 -5.71 2.92
0 95.1 -10.78 4.2
0 95.3 -14.29 3.35
0 95.44 -13.8 3.53
0 95.18 -12.01 2.41
0 95.23 -11.65 2.19
0 95.11 -12.16 1.46
0 94.8 -11.48 2.24
0 94.77 -10.69 4.09
0 94.96 -12.42 2.87
0 94.52 -11.06 3
0 94.67 -13.32 2.18
0 95.16 -12.94 1.83
0 95.41 -12.32 1.97
0 94.96 -9.22 1.87
0 95.31 -11.34 1.63
0 95.6 -14.8 1.25
0.22 95.11 -12.55 1.21
0.03 94.92 -10.48 2.19
0.14 95.28 -12.1 1.98
0.66 94.73 -12.4 2.92
0.24 94.93 -13.7 4.05
0 95.11 -12.96 3.03
0 94.89 -12.31 1.99
0 95.65 -15.31 1.45
0.28 95.57 -15.46 1.21
0 95.18 -13.21 1.74
0 95.13 -13.69 1.37
0.32 95.21 -13.44 3.26
0 95.27 -13.33 3.09
0 94.45 -9.22 2.85
0 94.68 -10.25 2.3
0 94.6 -10.07 2.15
0 94.32 -11.25 1.34
0.28 94.14 -10.27 1.29
0.45 94.33 -12.32 1.12
0 94.51 -11.59 1.42
0 94.95 -11.82 1.45
0.06 95.61 -14.99 3.25
0 95.48 -18.7 3.34
0 95.13 -18.77 2.96
0 94.61 -17.65 2.41
0 94.48 -17.09 3.04
0 94.09 -15.18 2.9
0 94.18 -14.31 2
0 94.68 -15.56 1.66
0 94.92 -15.53 2.17
0 95.3 -16.58 2.26
0.09 94.92 -17.83 1.79
0.34 94.5 -17.12 3.77
0 95.28 -18.51 4.3
0 95.28 -16.81 3.47
0 94.33 -14.11 3.44
0 94.39 -11.57 2.46
0.2 93.84 -8.86 2.47
0.13 94.49 -14.29 5.19
0 94.69 -16.9 4.76
0 94.27 -13.83 5
0 94.41 -11.81 3.32
0 94.73 -11.93 3.08
0 94.77 -11.72 2.07
0 94.48 -9.89 2.22
0.11 94.23 -5.79 2.06
0.24 94.8 -10.06 3.51
0 94.74 -11.72 3.17
0.19 94.82 -12.59 3.25
0 94.96 -13.73 4.57
0 94.86 -11.27 3.56
0 94.26 -7.09 2.82
0 94.31 -8.75 1.94
0 94.09 -9.3 1.53
10.98 93.76 -7.6 2.31
0 94.68 -7.86 2.59
3.69 94.54 -6.6 2.5
0.02 95 -9.38 3.24
0 94.92 -8.78 2.39
0 94.4 -6.9 2.04
0 94.03 -3.4 2.32
0 94.2 -1.32 1.98
7.53 94.72 -4.45 1.66
1.11 94.89 -7.32 1.76
1.34 94.85 -6.18 1.72
0.26 94.26 -2.8 1.77
25.9 93.56 -4.07 1.64
20.32 93.65 -4.52 2.71
0.16 94.29 -5.4 3.69
0 94.98 -9.22 3.52
0 94.65 -8.95 2.02
0.94 94.63 -8.98 4.7
0 95.06 -8.76 3.97
0 94.71 -6.8 1.9
0 94.1 -2.84 3.34
0 94.61 -1.84 2.44
0 94.23 1.53 3.01
5 93.36 4.62 3.79
12.65 93.96 -3.32 3.22
12.05 94.82 -8.2 2.68
0 94.6 -3.12 2.17
0 94.55 -1.1 2
0 93.97 3.32 3.29
0 94.45 2.2 1.97
9.56 93.66 0.95 4.22
0 94.09 -0.97 5.63
0 94.5 -0.04 3.15
0 94.2 4.32 2.74
0 94.44 7.41 3.3
0 94.55 8.4 3.13
1.09 93.62 8.67 7.1
2.6 94.22 0.27 4.7
1.63 94.21 -1.28 4.33
0 94.12 -0.26 2.11
3.33 94.07 1.16 2.9
0 93.74 3.69 4.06
0 93.57 4.17 5.32
0 93.83 3.11 4.62
0.62 94.15 3.99 2.64
0 93.73 9.05 3.79
0 93.85 9.57 4.85
0 93.69 12.21 2.97
7.1 93.48 12.3 4.85
4.26 93.84 7.07 4.6
0 93.29 11.27 3.54
0 93.13 13.36 3.49
0 93.12 14.24 3.2
1.45 93.72 8.78 3.27
0 94.01 8.6 2.66
0 93.14 14.95 3.9
0 93.18 17.28 4.11
3.9 93.53 14.53 4
20.2 94.05 12.65 3.11
2.3 93.49 12.17 1.95
0.2 92.86 13.93 1.89
1.17 92.84 17.04 3.5
176.78 93.32 11.94 2.45
45.98 93.29 8.72 4.32
0 92.65 10.29 3.41
0.61 92.42 10.33 7.25
0 93.59 8.91 3.37
0 93.57 12.22 2.72
0.25 93.35 16.69 3.12
2.27 93.87 16.23 2.64
36.05 93.42 17.02 2.33
0 93.5 19.85 2.34
0.9 93.62 19.18 2.7
0 93.7 17.35 3.15
0 93.31 17.49 2.36
1.16 93.3 16.83 1.75
0 93.55 17.69 2.02
0.28 93.8 18.81 2.51
3.37 93.98 19.34 2.33
95.94 93.94 14.13 1.96
17 93.52 12.99 3.39
17.13 93.27 10.86 3.06
3.31 93.24 11.18 4.3
0.06 93.01 11.26 3.14
3.98 92.79 12.57 4.79
0.03 93.18 16.18 1.77
0 93.12 21.41 3.42
7.71 93.69 18.79 3.01
11.36 93.99 17.94 2.2
0.54 93.84 19.61 3.53
1.98 93.61 18.81 4.04
2.51 93.71 16.14 3.14
0 93.73 15.94 3.1
0 93.52 17.08 2.53
0 93.17 19.17 2.46
0 93.56 20.01 2.14
0 93.74 22.54 2.54
32.96 93.78 18.47 2.92
33.65 94.17 14.13 2.58
0.83 94.24 15.93 2.1
37.28 93.76 16.06 2.97
17.02 93.56 15.72 2.86
71 93.3 15.42 2.4
38.84 93.07 18.05 3.23
0.99 93.25 19.94 2.08
7.82 92.84 19.7 2.43
12.55 92.71 21.15 2.12
22.2 92.71 21.45 2.16
54.13 92.58 19.73 3.22
9.17 92.7 16.58 3.28
5.58 92.4 15.68 3.13
18.82 92.51 15.56 2.27
178.22 93.06 13.19 1.86
270.61 93.34 13.8 2.13
130.02 93.36 15.6 2.64
10.24 93.21 18.82 1.74
9.85 93.11 21.4 1.76
6.61 93.24 21.59 1.8
12.93 93 21.78 1.7
53.64 93.06 21.76 1.81
8.7 93.22 21.82 1.51
76.85 93.18 21.01 1.86
0.8 92.94 22.04 2.34
95.01 92.94 21.5 2.43
45.88 93.29 20.53 2.32
48.28 93.69 21.64 2.1
6.02 93.86 22.08 1.76
5.04 93.57 19.93 2.13
49.1 93.18 20.74 2.36
0 93.06 23.06 2.14
1.91 92.7 23.58 3.68
3.22 92.72 21.9 3.24
0.65 92.68 22.16 2.53
0.07 93.01 22.81 1.87
4.88 93.14 22.55 1.86
3.64 93.05 23.09 1.6
77.11 93.01 23.07 1.88
24.61 93.02 24.26 1.99
29.34 93.05 24.64 1.73
129.37 92.66 21.53 1.88
79.71 92.46 19.3 2.17
71.26 92.86 19.22 2.47
9.28 93.34 20.98 2.21
0 93.35 20.92 1.67
0 93.38 22.3 1.57
0 93.61 24.26 1.42
0 93.7 24.44 2.02
0.09 93.53 24.18 2.11
10.99 93.4 24.45 1.54
16.87 93.33 24.29 1.64
138.75 93.26 22.51 1.55
408.5 92.89 21.66 3.47
0 93.34 22.74 1.72
0 93.55 23.51 1.77
17.06 93.46 23.24 2.08
51.56 93.1 24.64 3.28
3.71 93.46 23.32 1.79
173.29 92.97 22.65 2.58
26.51 92.77 22.67 3.59
0.74 93.34 21.35 1.65
99.6 93.61 19.31 1.6
139.1 93.75 18.73 1.79
85.06 93.69 20.15 1.56
17.92 93.72 22.1 1.64
88.26 93.78 22.35 1.66
0 93.98 23.12 1.48
0 93.8 23.93 1.52
0 93.43 25.19 2
9.63 93.37 24.29 1.87
3.03 93.62 23 1.45
0 93.48 23.11 1.81
48.94 93.53 19.98 1.99
29.47 93.55 18.47 2.03
2.54 93.71 19.54 1.7
12.66 93.37 18.25 1.81
6.64 93.46 20.53 1.71
0 93.77 21.4 2.01
0.08 93.37 22.71 2.63
47.2 93.43 22.1 2.25
2.02 93.48 20.52 1.84
10.02 93.5 19.3 2.56
4.72 94.06 15.8 2.17
0.05 94.18 15.82 2.09
0 93.95 19.51 2.42
0 93.89 21.34 2.05
1.39 93.77 21.24 2.13
8.54 93.8 21.15 1.61
13.32 93.68 20.95 1.81
3.18 93.27 22.31 1.83
1.14 93.41 22.94 2.45
0 93.64 23.97 2
0 93.77 23.97 2.29
3.08 93.81 23.31 2.06
273.71 93.73 15.61 2.99
21.86 94.07 13.22 2.65
0.34 94.11 12.52 2.11
1.69 94.21 15.39 2.21
0 94.15 18.35 2.16
27.23 94.23 17.58 1.73
1.05 94.15 17.3 1.43
0 94.11 18.62 1.3
0 94.03 19.86 1.59
34.72 93.71 18.18 2.06
72.25 93.75 12.67 3.63
1.9 93.86 11.29 2.39
0 94.24 13 1.74
0.07 94.68 13.49 1.26
0 94.77 13.53 1.41
0 94.17 14.23 2.27
0 93.7 15.24 2.4
0.22 93.66 15.16 1.75
0 93.88 16.56 1.75
7.45 93.79 17.05 1.98
1.88 93.81 16.79 1.44
4.88 94.13 15.49 1.4
1.2 94.4 15.3 1.73
44.18 94.28 14.15 1.69
2.3 94.55 14 1.53
54.59 94.19 10.56 1.97
34.66 94.24 9.82 5.88
0.89 94.37 10.85 3.16
0 94.34 10.94 1.72
0 94.18 12.04 1.68
1.78 93.99 13.35 2.08
1.36 93.84 12.22 3.19
0 93.98 12.43 2.35
0 94.49 10.57 1.81
0 94.9 11.31 1.33
0 94.76 12.58 1.56
0 94.25 14.7 2.28
21.11 93.87 11.69 3.2
0 94.34 7.71 2.3
0.15 93.95 9.21 2.11
0 93.8 11.41 2.27
0.12 94.17 7.47 4.37
0 94.57 6.2 2.47
0.06 94.64 6.48 1.87
45.22 94.07 7.53 3.93
0 94.07 3.73 3.42
0 94.17 4.5 2.38
0 94 6.89 2.12
0 94.41 6.08 1.89
77.67 94.63 2.16 1.18
57.75 94.11 2.8 1.97
0 93.83 5.78 1.95
0 93.59 8 2.69
0 94.19 7.91 1.93
0 94.22 9.37 1.94
4.87 94.14 9.45 3.25
0 94.97 3.03 1.68
1.3 94.86 0.38 2.31
0.11 94.49 -0.43 2.98
0.03 94.31 -0.58 2.27
0 94.26 1.95 1.52
0 94.44 0.94 2.03
18.04 94.46 1.6 1.83
176.52 94.16 -0.6 83.78
38.66 94.43 -0.78 3.02
0 94.43 -3.04 1.23
0 94.14 -1.03 2.09
0 94.32 -1.13 1.55
0 94.74 -2.1 1.33
52.71 94.44 -1.84 1.3
81.94 93.3 -3.22 5.17
0.2 93.72 -5.02 3.81
0 93.78 -6.67 4.45
0 94.53 -5.71 2.64
0 94.79 -6.41 1.29
21.02 94.27 -3.09 1.8
0 94.17 -5.94 81.34
0.01 93.9 -5.45 3.02
0.06 94.45 -3.81 3.04
0 94.49 -5.82 1.39
0 94.17 -4.05 1.57
8.56 94.63 -5.69 2.6
0 94.56 -7.43 2.65
0 94.01 -5.85 2.13
0 94 -4.52 3.89
0 94.04 -8.38 2.73
0 93.12 -5.39 3.63
0.12 93.91 -7.69 4.4
0.1 94.41 -10.39 2.41
0 95.1 -14.04 2.41
0.58 94.74 -14.42 1.57
0.28 93.71 -6.51 2.68
1.79 93.92 -8.93 4.41
0 94.14 -12.15 1.89
0 94.18 -14.09 3.15
0 94.09 -15.55 2.72
0 94.27 -16.76 2.56
0.06 94.35 -17.92 4.85
0 94.5 -13.12 3.53
0.28 94.98 -13.98 1.43
0.09 95.15 -14.22 1.17
0.2 94.61 -11.86 1.58
0.04 94.65 -9.8 1.18
15.72 94.65 -10.02 1.11
1.86 94.5 -8.23 1.53
0.9 94.84 -11.83 1.57
0 95.26 -13.77 3.9
0 95.32 -15.51 2.41
0.06 94.77 -14.98 1.1
0.71 94.88 -12.71 60.06
8.66 94.91 -11.54 3.14
0.03 95.33 -16.65 3.15
0 95.13 -20.45 3.15
0 94.32 -19.46 3.97
0 95.4 -19.03 2.68
0 95.16 -19.27 1.27
0 94.59 -14.63 1.22
4.37 94.56 -14.39 1.25
10.26 94.65 -13.71 4.34
0 94.26 -15.94 3.5
0.13 93.72 -16.2 2.13
0 94.12 -18.94 3.79
0 95.28 -19.77 4.29
0 95.83 -17.64 2.36
0 94.89 -18.36 1.92
0 94.72 -15.67 1.86
0 94.59 -16.51 1.73
0 94.49 -16.19 1.71
0.13 94.89 -17.75 2.27
0 94.71 -16.19 2.12
0 94.56 -16.43 1.38
0.53 94.24 -13.52 1.5
0 94.29 -13.13 1.93
0 94.32 -13.52 1.53
0 94.72 -11.28 1.92
2.28 94.47 -12.48 2.01
0 95.21 -14.94 2.71
0 95.46 -13.23 2.06
0 94.54 -8.76 2.49
0 94.95 -10.7 1.5
12.58 94.96 -9.67 1.12
0.53 95.03 -10.08 2.05
0 94.8 -14.55 1.39
0.1 93.75 -9.51 3.07
0.07 94.28 -14.76 4.39
0 94.31 -16.89 1.56
0.2 94.64 -14.44 1.7
0.08 94.56 -12.23 1.8
0 94.16 -7.64 1.57
0 94.41 -8.01 1.66
0.07 94.34 -6.28 1.62
2.84 94.25 -7.09 1.84
0.66 94.88 -10.21 3.66
0 94.94 -11.92 2.6
2.18 93.98 -10.32 2.62
0 94.7 -10.61 3.07
0.02 94.29 -9.59 2.14
0.8 94.59 -15.81 4.26
0 95.41 -18.9 4.8
0 95.22 -17.08 1.53
0.44 94.42 -13.37 2.48
0 95 -14.08 2.43
0.12 95.04 -13.68 2.11
0 94.33 -8.87 506.68
0 94.15 -6.77 2.77
0 94.74 -10.47 2.65
0 94.66 -11.3 1.66
0 93.98 -7.8 2.21
0.09 94.01 -7.21 3.96
0 94.68 -12.57 3.82
0 94.79 -13.43 2.41
0.01 94.75 -12.84 2.13
0 94.64 -9.76 3.14
0 94.87 -8.44 3.23
0 94.81 -6.05 2.13
0 94.87 -6.97 1.86
9.14 94.69 -7.13 1.92
0.31 93.96 -1.73 2.99
0 93.87 -0.93 2.81
0.24 93.4 -3.77 6.11
0 95.12 -9.33 5.19
0 95.11 -6.79 1.95
0 94.12 -2.16 3.18
0 94.41 0.3 2.57
0 93.81 3.99 3.17
0 93.73 2.9 2.04
0 93.16 3.82 2.2
0 92.99 1.42 2.7
0 93.21 -2.3 6.33
0 94.57 -1.58 2.41
0 93.87 3.11 3.33
19.43 93.81 -1.08 3.87
0 94.92 -6.24 3.96
0 94.48 -0.17 3.06
0 94.07 4.07 2.59
0 94.41 4.38 2.69
0 93.04 6.68 3.81
2.09 93.08 -2.8 3.99
22.88 93.79 -7.6 2.86
0.6 94.22 -7.21 2.92
0 93.05 0.42 5.15
0 93.96 -3.2 2.83
23.28 93.66 -4.85 3.9
0 94.37 -5.52 3
0 94.22 -2.68 1.73
0 93.3 3.25 3.9
2.83 93.5 0.77 4.29
0 94.3 -1.71 3.67
0 94.47 -2.37 2.44
1.99 94.35 -0.68 1.77
7.15 94.1 0.73 2.37
75.1 94.23 0.57 2.68
0 93.76 4.38 3.33
0 93.79 4.87 3.14
30.49 93.9 -0.13 2.33
36.03 94.21 -0.91 3.3
0 93.97 -0.61 2.53
1.59 93.11 1.33 2.82
14.42 93.17 0 3.73
4.5 94.12 -0.38 3.99
1.35 93.98 0.45 3.76
0 94.01 1.89 3.86
0 93.55 7.18 2.79
1.02 93.12 5.57 5.11
0 93.34 2.24 4.91
0 92.99 4.53 2.53
8.01 93.3 3.96 3.1
45.28 93.61 1.38 635.6
1.96 94.62 0.43 4.54
0 94.61 1.95 2.29
0 94.32 4.56 2.54
0 94 7.7 2.14
1.24 93.44 10.86 4.11
45.45 93.48 7.1 2.3
1.05 93.46 6.93 3.54
0.03 93.57 8.07 5.08
0 93.55 9.64 1.83
0 93.5 13.15 2.26
3.73 93.31 11.45 4.07
0.15 93.58 11.29 6.27
0.38 94.03 10.99 5.38
0.27 94.06 11.06 2.27
1.45 93.9 12.12 2.58
7.73 94.11 12.39 1.96
0 93.9 16.1 2.65
0 94.1 19.26 1.84
0 94.02 20.68 2.4
0 94 20.89 2.99
0.45 93.74 21.14 4.3
35.4 93.43 13.94 2.18
20.6 92.62 14.36 4.15
0 92.25 16.48 4.79
0 92.76 15.71 2.89
0 92.81 18.18 3.13
0.6 93.46 15.95 4.79
0 94.29 16.22 2.33
0 94.17 17.04 2.55
1.45 93.55 18.43 3.09
0 93.02 18.56 3.04
10.82 92.44 14.99 5.45
0.01 92.42 17.08 4.2
0 92.77 18.22 2.98
0 93.61 19.58 2.41
3.94 93.45 22.91 3.88
3.45 93.99 17.76 2.29
0 93.6 20.31 2.27
2.07 93.31 21.61 3.51
3.65 93.14 19.13 3.57
1.59 92.98 18.4 3.37
0 93.28 18.57 4.66
0 93.09 22.6 3.26
0.11 92.71 24.17 4.56
0 93.36 19.02 2.55
10.13 93.1 17.57 3.3
0.05 93.34 18.09 3.31
23.66 93.87 17.01 2.46
35.27 93.75 18.45 2.68
10.22 93.54 18.86 2.84
12.28 93.37 21.16 2.55
3.56 93.22 21.43 3.32
64.65 93.63 16.01 2.49
1.91 93.83 17.21 1.89
16.31 93.56 15.78 2.42
3.92 93.33 17.14 1.88
0.04 93.36 21.75 3.51
0.93 93.36 23.57 4.17
15.94 93.3 23.72 2.61
159.42 93.27 18.41 2.24
10.18 93 20.4 1.85
33.36 92.7 20.41 2.05
0.45 93.07 22.5 2.18
0 93.57 22.74 2.36
0.05 93.71 23.48 2.02
4.22 93.46 21.79 1.51
14 93.12 21.08 1.97
64.22 92.95 20.75 2.3
99.96 92.71 20.36 2.28
122.81 92.46 19.34 1.78
41.05 92.6 21.51 2.26
79.96 92.99 20.39 2.38
119.37 93.03 21.61 2.5
65.52 92.97 22.35 2.97
70.74 92.77 22.28 2.19
135.03 92.38 22.22 2.83
0.04 92.37 23.67 3.63
6.29 92.36 23.16 2.43
0.93 92.69 23.6 2.17
5.86 92.86 24.18 2.42
30.65 92.68 24.76 3.43
59.68 92.99 23.14 1.75
58.61 93.19 21.64 1.59
1.77 93.39 21.86 1.43
2.16 93.37 21.93 1.63
20.09 93.36 22.45 1.89
22.11 93.52 22.48 1.95
0.09 93.5 23.92 1.88
269.93 92.77 21.32 2.05
67.58 92.7 22.09 3.2
0 93.22 22.86 2.36
0.64 93.09 22.63 2.38
96.81 93.07 20.77 2.07
4.56 93.26 21.38 1.72
1.36 93.25 22.79 2
27.99 93.11 22.66 2.2
14 92.73 23.2 1.85
1 92.83 23.39 3.25
0.01 93.1 23.65 2.01
0.08 93.1 24.05 1.84
50.66 92.88 22.07 1.42
5.03 92.84 24.49 2.15
0.96 92.78 24.73 1.67
4.75 92.59 25.19 2
28.27 92.71 25.02 2.24
27.8 92.96 24.2 2.62
1.24 93.18 24.54 2.48
5.27 93 24.42 2.62
53.12 92.68 24.78 2.56
25.46 92.54 24.12 1.76
9.17 92.68 25.12 2.39
34.92 92.95 24.96 2.35
13.01 92.76 25 2.23
9.95 92.93 23.16 1.84
4.76 93.31 24.68 1.62
20.28 93.37 25.48 2.4
48.84 93.09 24.22 2.56
8.85 93.12 24.44 2.66
19.23 93.07 25.37 2.15
4.68 93.13 24.55 1.89
303.14 92.6 23.91 1.81
0.12 97.46 24.15 2.88
0 93.62 21.26 2.65
0 93.86 20.72 1.88
10.46 93.78 20 1.37
2.47 93.41 22.53 2.35
0.27 93.57 21.49 2.07
0 93.77 21.28 1.95
0.04 93.75 21.85 1.85
15.93 93.47 21.05 1.94
6.02 93.53 19.05 1.89
5.43 93.46 18.95 1.82
225.18 92.86 18.18 1.67
34.01 93.11 14.86 3.01
0.46 93.79 15.26 2.56
34.25 93.86 15.49 2.26
1.63 94.09 14.96 2.03
6.33 94.25 15.22 1.8
0 94.32 15.35 1.63
6.5 94.2 16.06 1.47
148.74 94.15 13.84 1.63
28.58 94.21 13.69 1.28
4.82 94.28 15.38 1.57
9.26 94.22 16.99 1.75
12.73 93.76 17.7 1.99
0.19 93.86 16.37 1.84
0 93.89 16.36 2.69
7.71 93.65 19.59 3.08
49.96 93.03 18.79 3
0.46 93.44 17.33 3.26
0 93.99 12.81 1.96
4.66 93.69 15.33 1.6
8.1 94.21 15.79 1.44
18.56 94.61 14.72 1.27
14.52 93.74 18.77 3.48
0 94.15 16.94 1.6
0.05 94.13 17.58 1.57
1.61 93.98 17.16 2.41
35.69 94.4 12.06 3.32
0 94.61 8.25 2.52
0 94.44 9.7 2.46
0 94.08 11.33 2.25
0 93.43 16.5 3.42
0 93.52 15.04 2.53
0 94.38 12.69 1.43
3.67 94.31 13.46 1.84
111.24 94.35 11.14 2.46
0.01 94.47 9.73 2.73
0 94.22 9.12 1.86
0 93.6 15.77 3.47
0 94.56 13.1 1.48
0.06 94.55 14.33 2.6
0.17 94.87 11.41 2.51
0.84 94.34 10.79 1.87
0 93.39 15 3
15.5 93.48 11.97 4.2
0 93.9 9.39 3.03
0 94.37 10.36 1.94
23.73 94.35 10.46 2.44
2.86 95.21 3.67 4.16
0 95.24 2.74 1.79
0 94.84 5.99 1.49
0 94.85 6.35 1.57
0 94.64 9.54 2.45
22.92 94.85 7.81 1.83
1.23 94.86 6.25 1.99
0 94.68 5.48 1.43
41.15 94.56 4.47 2.27
26.74 94.49 0.02 2.29
0.01 94.76 3.31 4.03
0.01 95 4.74 2.43
0 94.52 3.83 1.63
0 94 5.79 2.09
4.12 94.51 4.92 2.28
2.08 95.04 3.25 2.48
0 94.98 2.66 1.47
0 95.07 3.6 1.2
0 94.82 3.89 1.45
0.91 94.32 7.25 2.1
1.45 94.65 6.27 3.14
0 94.96 4.39 1.99
0.1 94.21 4.91 2.36
0.78 93.84 4.48 3.98
0.06 94.18 2.5 2.78
0 94.24 0.92 2.12
0.09 94.81 1.14 3.73
0 94.8 -2.29 4.51
0 94.85 0.43 2.68
0 94.72 0.98 1.71
0 94.11 1.21 2.6
0 93.89 2.09 3.4
0 93.86 2.01 2.28
0.27 94.05 0.7 3.29
0.06 94.42 -3.82 3.89
0.16 94.65 -4.5 5.1
0 94.51 -4.47 3.3
0 94.54 -2.89 2.49
0 94.73 -3.6 1.47
0 94.5 -0.3 1.82
0 94.2 -0.12 2.03
0.07 93.87 -1.34 2.58
0 93.72 -5.2 3.75
0 93.85 -8.2 3.57
0 94.14 -10.81 6.83
0 94.34 -6.58 3.63
0 93.92 -0.36 3.1
0 94.51 -3.51 2.31
1048.6 94.29 -1.93 2.62
1048.6 94.06 -2.25 1.53
1048.6 94.33 0.2 2.22
1048.6 94.33 -0.11 2.29
1048.6 94.51 -2.28 2.85
1048.6 94.1 -3.05 1.29
1048.6 94.17 -5.17 1.45
1048.7 94.2 -4.83 2.65
1048.66 94.38 -6.51 2.98
1049.04 93.88 -8.48 3.17
1049.23 93.85 -9.11 2.78
1048.6 94 -12.13 4.66
1048.6 94.32 -12.19 3.45
1048.6 94.7 -9.8 3.28
1048.6 95.24 -9.71 1.72
1048.6 95.17 -10.99 1.59
1049.57 95.42 -12.98 2.29
1049.02 95.1 -13.81 2.85
1048.8 94.98 -12.7 3.12
1048.61 95.38 -11.85 2.51
1048.6 95.42 -11.72 1.46
1048.6 95.13 -11.18 1.15
1048.6 95.26 -10.06 1.37
1048.6 95.2 -10.17 1.23
1048.79 94.69 -8.33 3.1
1048.66 95.17 -11.34 4.27
1048.6 94.82 -12.43 2.07
1048.6 94.35 -11.94 2.89
1048.6 93.66 -7.18 3.54
1048.6 93.46 -6.46 3.26
1048.6 93.08 -3.88 4.56
1048.6 93.49 -4.33 3.27
1048.6 93.78 -4.34 3.18
1048.6 94.35 -6.38 2.5
1050.16 94.24 -8.83 1.68
1051.48 94.48 -9.38 1.77
1048.63 94.22 -7.98 2.5
1048.6 94.75 -8.29 2.7
1048.6 95.17 -14.73 2.88
1048.6 94.77 -14.93 2.43
1048.6 94.79 -12.96 2.15
1048.6 94.9 -11.19 2.39
1048.6 95.38 -13.01 2.19
1048.6 95.09 -13.81 1.67
1048.6 95.13 -12.26 1.96
1048.6 94.95 -9.15 1.79
1055.16 94.94 -9.94 1.43
1048.6 94.95 -10.75 2.01
1048.6 95.16 -8.96 1.89
1048.93 94.22 -7.86 3.62
1048.63 94.73 -10.74 4.51
1048.6 94.89 -10.68 2.44
1048.6 94.23 -7.63 1.9
1048.6 93.46 -3.95 2.92
1048.6 94.02 -4.42 2.22
1048.6 94.88 -9.22 3.09
1048.6 94.44 -8.3 3.24
1048.6 93.93 -5.39 4.23
1048.6 94.45 -7.75 3.17
1048.6 93.19 -1.99 5.19
1048.6 93.88 -8.03 2.93
1048.6 93.98 -7.57 1.64
0.3 93.59 -4.75 1.91
0.04 93.68 -5.96 5.11
0 94.45 -13.1 4.38
0 94.64 -12.24 2.48
0 94.78 -12.47 1.64
0 94.98 -10.52 1.58
3.35 94.66 -10.34 1.6
8.93 94.78 -12.66 3.19
0 95.38 -15.21 2.88
0 95.18 -15.13 1.83
0 94.64 -13.29 1.67
0 95.22 -13.53 1.8
0 95.18 -12.73 2.05
0.36 94.42 -7.37 2.56
0 94.47 -7.68 2.17
0.06 95.03 -8.28 2.38
0 95.54 -9.72 1.91
3.71 95.1 -9.72 1.61
1.4 94.86 -9.91 1.77
0 94.81 -8.79 1.78
0 94.77 -5.81 1.98
0.29 95.22 -7.33 1.54
0.2 95.07 -4.84 1.25
0 94.68 -1.9 1.68
0 94.54 1 1.74
1.61 94.26 2.16 3.32
2.03 94.93 -4.49 3.91
0.19 94.61 -7.17 1.64
0 94.48 -5.92 1.82
1.69 94.41 -5.78 2.18
1.76 94.4 -6.59 1.73
1.34 94.72 -6.35 2.76
0 94.78 -8.01 2.86
0 94.92 -8.25 2.65
0 94.93 -7.17 2.39
0 94.47 -5.63 2.24
0 94.74 -5.55 2.2
0 94.25 -2.89 2.12
0 94.08 0.15 3.57
0 94.71 -2.3 3.49
0 94.29 -2.55 2.05
0 93.83 1.74 2.93
0 93.54 5.53 2.51
0 93.86 4.11 2.44
0 93.49 6.28 4.66
0 94.54 3.7 2.19
0.24 94.51 2.8 4.09
0 94.82 3.33 4.13
0 94.22 5.88 2.69
0 94.28 6.69 3.01
0 94.5 6.9 2.57
0 93.55 11.3 3.88
0 93.54 10.77 2.29
0.01 93.56 10.03 2.73
0 93.56 9.54 2.81
63.86 93.36 10.75 2.88
15.87 93.82 9.24 2.2
0 94.03 10.06 2.11
0.98 94.09 8.4 2.16
0 93.61 10.78 2.83
0 94.28 7.24 3.66
0 94.69 2.93 4.55
0 93.91 6.76 4.69
0 94.49 5.2 3.73
0 93.91 12.2 3.67
0 93.83 12.89 1.6
0 93.69 13.55 2.4
0 93.87 11.47 3.77
0 94.56 9.32 2.29
4.73 94.19 10.45 2.07
1.88 93.93 11.29 2.04
0 94.07 12.99 1.72
0 94.02 16.04 3.2
0 94.5 12.94 2.98
0 93.86 12.37 2.47
26.09 93.82 7.5 2.7
0.15 94.48 8.15 2.25
37.03 94.3 6.87 2.42
0.25 93.94 8.62 108.2
0 94.03 10.45 3.23
0 93.71 12.92 2.78
1.47 93.38 15.38 3.5
4.7 93.64 17.1 3.62
1.55 94.14 14.54 3.61
30.68 94.35 10.65 3.24
0 94.63 11.73 2.42
0 94.48 13.18 1.92
0 93.86 14.93 1.75
0 93.34 18.12 2.01
15.87 93.37 15.26 4.73
102.38 93.91 7.13 4.47
8.04 93.52 7.07 4.66
13.76 93.77 4.69 5.22
0.5 93.97 7.03 3.87
0.12 93.36 10.88 2.5
38.89 93.39 8.49 3.7
0.59 93.91 11.4 2.17
84.01 94.13 10.22 2.7
10.77 94.07 11.65 2.08
188.6 93.24 8.58 2.24
43.58 92.44 14.62 3.78
0 92.65 15.55 4.02
0.2 92.97 13.05 3.69
0 92.7 13.31 3.01
0.05 93.48 15.89 2.95
7.5 93.81 15.23 2.17
6.59 93.48 16.96 2.62
63.59 93.12 15.8 2.62
3.57 93.17 17.02 2.68
0.07 93.28 18.67 2.54
0 93.28 21.27 2.52
0.77 93.61 23.56 3.5
67.14 93.42 16.6 2.49
0.81 93 15.98 5.29
0 92.51 20.49 3.99
12.52 92.3 17.77 3.33
0.39 92.72 21.31 2.49
0 92.82 23.2 37.29
0.68 93.36 24.15 2.72
0 93.33 27.24 3.65
10.05 93.56 22.51 2.95
0.51 93.68 20.82 2.4
0 93.55 22 2.4
0.73 93.35 21.75 2.36
8.65 93.22 22.76 2.51
300.21 93.34 15.99 2.23
95.2 93.21 13.58 3.02
19.34 92.89 15.59 2.93
36.51 93.18 15.09 2.24
76.03 93.59 15.13 1.82
14.33 93.7 18.07 1.84
33.19 93.5 19.7 2.26
19.9 93.53 19.68 1.99
0.15 93.41 21.18 2.2
13.97 93.22 21.91 1.77
87.86 92.99 19.92 2.18
118.7 92.9 19.23 2.07
86.41 93.03 18.37 2.68
5.52 93.28 19.01 1.81
44.51 93.41 19.05 2.05
22.95 93.54 18.41 1.55
138.24 93.63 18.21 2.08
4.63 93.51 20.75 1.8
0.16 93.11 22.44 2.21
18.86 92.92 21.72 2.94
35.43 93.03 20.99 3.41
0.41 93.45 21.31 3.41
0.96 93.38 22.38 2.76
0 93.43 23.59 1.88
0 93.38 24.11 1.86
29.47 93.3 22.21 2.41
82.55 92.98 20.12 2.3
20.45 92.78 22.42 2.11
0.03 93.24 24.11 2.06
1.26 93.29 24.89 2.83
2.87 93.18 25.31 2.15
13.13 92.95 23.79 2.59
22.18 92.91 22.42 3.82
0 93.12 22.58 2.92
0 92.85 22.88 3.56
10.98 92.93 21.45 3.05
14.19 93.11 20.77 2.63
1.91 93.05 21.76 2.57
15.19 93.09 22.48 1.91
33.25 93.04 22.35 2.45
74.11 93.12 20.92 37.08
12.19 93.33 22.26 36.53
0.26 93.43 25.61 1.79
1.07 93.53 28.11 2.14
10.65 93.13 28.5 3.85
72.42 93.05 23.64 2.64
0.61 93.34 21.8 1.64
0 93.08 23.95 2.75
0.15 93.39 22.38 1.89
0 93.44 22.93 1.66
0.04 93.62 23.64 1.98
19.57 93.51 25.11 2.3
6.42 93.06 26.2 3.01
36.66 93.06 24.1 2.85
53.19 93.22 23.5 1.85
0 93.31 25.5 2.24
0 93.29 26.23 2.45
6.12 93.17 25.44 2.19
15.88 93.12 24.77 1.93
121.11 93.37 19.69 2.23
1.17 93.36 20.99 2.1
0 93.62 21.3 2.43
0 93.71 20.87 1.52
0.06 93.55 21.72 2.23
66.22 93.31 20.41 2.21
24.04 93.08 20.31 1.69
0.96 93.29 20.98 3.04
1.55 93.47 19.72 2.09
30.56 93.47 18.02 1.72
9.07 93.38 17.95 1.78
7.09 93.45 18.95 2.07
5.96 93.55 19.63 1.83
3.47 93.69 20.43 1.89
7.66 93.87 20.54 1.63
0.39 93.81 21.9 1.72
2.86 93.51 23.23 2.22
5.36 93.5 23.43 1.77
34.8 93.44 21.99 2.17
76.23 93.29 21.3 1.77
87.36 93.55 18.83 2.4
1.54 93.83 18.8 2.53
0 93.93 20.02 2.11
0 94.03 21.42 1.86
13.42 94.14 19.59 2.12
8.39 94.16 19.92 1.62
1.41 94.11 19.78 1.92
22.88 93.96 19.09 1.87
22.61 93.93 18.63 1.79
246.57 93.86 15.8 2.11
1.05 93.51 17.08 1.93
0 93.23 19.32 2.52
0 93.71 18.11 1.48
0 93.74 19.5 1.75
5.25 93.35 19.81 3
0.02 93.63 17.17 2.81
0 93.78 14.97 1.56
0.06 94.04 16.48 1.76
0.29 94.05 17.53 1.98
27.41 94.08 16.43 1.45
1.69 93.89 18.03 2.4
0.1 94.23 15.06 2.82
0 94.32 13.02 3
0 94.35 12.39 1.5
0 94.45 14.84 1.39
0 94.42 15.72 1.98
16.78 93.72 15.38 2.37
24.83 93.69 13.96 2.47
0.02 94.27 13.62 1.5
1.44 94.34 15.18 2.29
77.47 94.47 12.16 1.69
17.52 94.24 12.71 1.62
0 94.15 12.97 1.88
44.76 93.53 13.79 2.95
0.09 94.08 12.66 2.07
0.84 94 12.78 2.87
35.65 94.76 5.99 3.74
0.09 94.82 5.1 1.68
43.9 94 6.41 1.47
20.93 93.87 7.75 1.93
0 94.18 8 1.59
121.92 94.38 7.35 1.54
13.26 94.89 7.7 2.43
0 94.69 7.87 2.06
0 94.29 11.18 1.88
0 94.17 12.67 2.23
0 94.37 14.97 1.85
0 94.59 12.71 1.78
2.09 94.53 12.63 2.84
0.55 95.46 7.21 3.36
0 95.01 3.5 1.73
0 94.1 7.62 2.12
0 93.7 8.28 4.07
0 94.16 8.39 2.89
0 93.94 10.95 2.27
0 94.03 11.99 2.15
0 93.72 14.88 3.86
0 94.51 7.24 2.31
0 94.84 3.78 1.84
0 94.37 5.17 1.83
0 93.65 9.41 2.31
0 93.37 11.79 2.5
0 93.6 10.51 2.14
0 95.02 3.45 4.58
0 95.36 1.44 2
0 94.81 3.07 1.6
0.22 94.56 6.94 1.67
12.13 94.71 7.15 105.71
4.83 94.43 5.42 1.77
1396.84 94.12 5.67 3.34
1397.14 94.3 2.9 4
1396.83 94.08 5.63 2.68
1396.83 93.68 6.44 2.97
1396.86 94.07 4.71 3.43
1396.83 95.26 -1.52 2.86
1396.83 95.24 -2.59 1.64
1396.83 94.86 -0.58 1.92
1396.83 94.68 2.54 1.76
1396.83 94.36 2.47 1.7
1396.86 94.03 1.48 3.37
1397.14 94.45 -5.29 5.64
1396.83 94.44 -2.6 2.91
1396.83 94.76 -3.32 1.65
1396.83 94.87 -2.5 1.77
1397.41 94.74 -0.65 2.02
1396.83 95.07 -2.58 1.6
1396.83 94.98 -1.9 1.66
1396.83 94.29 -0.27 2.71
1396.83 93.73 1.94 3.86
1396.83 94.25 -0.61 2.55
1396.83 94.74 -3.48 2.07
1396.92 94.54 -0.4 2.67
1396.83 94.89 -4.18 1.71
1396.83 94 -3.63 2.21
1396.83 93.56 106.47 4.17
1396.83 94.62 -4.41 1.97
1396.83 94.16 -3.08 1.58
1396.87 94.01 -1.79 2.03
1397.18 94.17 -3.02 5.4
0 94.74 -12.72 5.87
0 94.46 -12.54 3.47
0 94.23 -12.2 5.72
0 94.37 -11.7 4.69
0 94.48 -11.13 3.62
0 94.61 -10.44 1.7
2.22 94.65 -9.93 1.97
0 95.17 -11.1 1.67
0.17 95.03 -9 2.11
3.28 94.45 -6.27 4.57
0.32 94.84 -10.51 2.86
0.09 94.44 -10.89 3.95
0 94.59 -11.68 2.39
0 94.61 -10.28 1.71
0.78 94.6 -10.15 3.77
0 94.66 -13.16 3.64
0.03 94.67 -11.05 2.29
0 94.6 -8.7 2.65
0.65 94.38 -7.62 3.93
0 94.68 -11.39 3.59
0 94.32 -10.66 3.47
0 94.15 -4.62 2.37
0 94.19 -5.39 2.65
0 95.02 -6.14 3.56
0 95.24 -6.1 2.58
0 94.99 -9.37 1.37
0 94.61 -6.32 2.22
0 94.01 -6.38 2.04
0 93.38 -5.68 3.25
0.5 94.05 -7.59 506.56
0.13 94.81 -12.11 4.89
0.51 94.77 -12.36 2.76
0 94.7 -8.49 2.93
0 93.5 -4.19 3.08
0 93.73 -4.24 1.87
0.55 94.11 -4.48 4.64
0 94.62 -8.66 3.22
0 94.93 -10.12 1.61
0 94.85 -9.65 2.02
0 94.74 -6.71 2.54
0.07 94.31 -5.73 2.86
0 95.29 -8.62 2.19
0 95.41 -9.78 1.74
0 95 -7.73 1.65
0 95.11 -9.77 1.48
1.53 94.76 -9.92 1.59
2.91 94.81 -10.77 3.52
0 94.9 -10.34 2.01
2.5 93.82 -6.35 3.15
0.02 94.42 -9.5 1.98
0.19 94.35 -8.75 2.08
0.75 94.87 -9.1 2.12
0 94.33 -9.29 1.89
0 93.87 -5.74 3.18
0 94.67 -7.72 1.96
1.74 94.33 -5.55 1.51
3.05 94.94 -9.56 4.22
0 95.43 -13.01 2.99
0 95.24 -13.18 1.89
0.37 94.72 -10.07 3.24
0 95.32 -11.75 3.37
0 95.58 -10.88 1.76
0 95.37 -9.82 1.75
0 95.19 -8.88 1.54
0.4 95.12 -5.9 2.71
0.25 95.05 -7.52 3.51
0 94.94 -4.98 3.05
0 94.33 -3.2 2.92
0.13 95.11 -11.6 5.13
0 95.21 -12.89 3.27
0 94.53 -7.83 2.68
0 93.88 -4.54 2.18
0.03 93.91 -7.06 3.33
0 94.07 -7.25 2.12
0 93.69 -5.78 2.09
0 93.52 -2.23 2.03
0.02 94.16 -3.77 1.49
6.75 93.97 -2.25 2.73
0.03 94.59 -2.81 3.89
0 95.18 -4.71 2.19
0 94.65 -4.56 2.61
10.54 93.87 -1.36 2.6
21.12 93.39 -2.45 5.23
0.59 93.83 -7.21 5.87
0 94.03 -7.92 2.02
0 93.66 -7.22 1.96
0.36 94.13 -8.26 3.26
0 94.52 -9.96 3.4
0 95.12 -7.84 2.05
6.85 94.21 -3.77 4.28
0 93.9 -2.22 3.18
0.16 93.51 -3.71 2.64
0.12 94.2 -7.93 5.38
0 94.65 -7.56 2.53
0 94.37 -4.28 2.67
0 93.73 0.11 3.86
0 94.07 -0.38 2.59
5.18 94.63 -4.18 3.57
0 95.42 -10.42 5.02
0 94.79 -5.23 3.37
0 94.4 -4.79 3.66
0 93.93 -3.89 2.91
0 101.76 102.16 107.61
0 94.01 -0.42 3.47
0 93.69 4.64 3.77
0 93.61 4.63 3.1
0 94.32 2.23 2.11
0 93.66 5.36 2.88
0 93.92 4.89 3.47
0 94.02 4.28 2.86
0 94.01 4.78 4.19
0 94.91 1.19 3.85
0 95.09 2.04 2.59
0 95.25 3.05 1.76
0 95.03 6.41 2.45
0 94.85 10.96 3.61
0 94.03 12.31 4.42
0 93.66 11.17 3.61
0 93.73 9.74 2.91
0 93.3 13.32 3.46
5.49 94.24 6.21 2.88
0 94.34 4.26 1.89
179.79 92.84 2.09 2.25
0.72 93.62 3.48 2.17
9.5 93.56 4.77 1.93
0.34 94.14 2.44 4.66
0 95.19 -1.76 3.78
0 95.15 -0.82 2.92
0 94.4 3.6 2.72
0.06 94.16 6.32 2.81
0.1 94.35 6.6 1.98
23.2 94.54 5.81 2.93
146.85 95.15 -0.87 3.72
0.3 94.76 2.49 2.15
0 93.22 10.51 2.21
2.66 92.4 12.84 4.01
0.72 93.24 7.68 5.78
0 93.31 10.07 2.34
0.12 93.58 11.56 2.6
0.01 94.06 9.67 3.44
0.06 93.69 10.29 3.2
0.15 93.6 10.34 2.82
0 93.83 13.29 3.81
0 94.06 13.04 4.98
0 94.32 13.61 2.93
0 93.74 19.26 3.8
0 93.36 22.26 3.72
29.83 93.05 18.93 3.39
10.32 93.65 16.25 2.35
0 93.7 18.52 2.18
0 93.62 19.67 3.03
17.53 93.42 15.46 3.11
14.01 93.44 15.19 2.52
0 93.78 11.66 5.43
0 93.56 13.09 4.37
0 93.06 13.06 5.2
0 93.52 11.11 2.73
0.29 93.49 11.28 4.82
14.76 93.74 6.74 2.28
0 94.11 8 1.93
150.38 93.96 6.53 2.61
50.11 93.09 6.26 2.09
11.05 91.92 10.58 3.82
1.6 92.02 17.01 3.76
2.67 93.33 14.68 4.8
0.02 93.88 14.46 3.75
0 93.31 17.46 3.43
31.9 92.48 17.42 3.21
21.45 92.68 13.34 5.48
3.96 93.12 12.13 5.16
0 93.92 17.12 3.78
0 93.57 19.86 3.31
0 93.41 20.6 2.46
0.96 93.34 21.14 2.35
0.3 93.17 23.16 2.96
1.24 93.08 24.38 3.43
8.18 93.23 22.67 2.43
0.74 93.2 21.96 3.06
7.44 92.88 22.54 3.46
0.52 93.24 19.69 3.55
0 93.27 18.76 2.52
0 92.47 23.66 5.86
4.68 92.96 21.39 3.12
1.82 93.54 18.76 4.11
0 93.74 20.12 2.79
65.95 92.94 16.8 3.16
27.98 92.47 18.15 2.53
29.93 92.97 17.4 2.59
0.22 93.28 18.5 3.14
5.35 93.04 18.7 2.55
8.14 93 18.01 2.09
104.41 92.74 16.22 2.41
127.76 92.32 14.92 2.1
64.17 92.39 15.78 1.81
49.32 93.28 17.08 2.22
1.47 93.54 19.95 2.24
13.21 93.37 21.39 1.88
0.27 93.1 22.16 1.85
91.16 93.15 19.19 3.16
9.14 93.31 17.48 3.65
78.46 93.73 16.11 2.54
0.04 93.84 20.67 2.18
0 93.46 22.64 1.86
20.73 93.18 23.07 2.44
1.42 93.32 22.89 2.37
66.54 93.13 22.33 2.63
36.59 92.86 21.01 2.02
52.43 92.83 20.52 1.9
1.46 93.23 21.82 1.61
26.49 93.32 22.86 2.13
215.2 93.45 17.44 2.15
21.11 92.88 17.85 2.04
18.79 92.49 18.34 3.23
6.63 93.03 16.56 3.1
0.07 93.56 17.9 2.01
30.82 93.54 19.09 1.93
5.38 93.65 19.91 1.77
0 93.63 21.84 2.08
1.11 93.5 23.22 1.96
13.64 93.66 24.28 1.95
1.06 93.87 25.24 2.35
22.57 93.73 23.2 2.56
2.64 93.45 24.41 1.91
1.1 92.98 25.71 2.17
0.63 92.8 25.8 2.76
34.48 93.12 25.39 2.28
49.32 93.51 22.95 2.6
51.53 93.69 19.78 1.98
24.4 93.52 20.8 1.72
69.32 93.36 21.23 1.79
47.13 93.48 21.46 2.13
34.23 93.4 22.3 2.25
38.94 93.18 22.67 1.86
74.89 93.16 22.07 1.69
13.07 93.15 22.12 1.49
23.22 92.98 21.98 1.78
6.51 92.8 22.98 2.1
4.29 93.18 23.8 2.22
40.13 93.26 23.52 1.81
39.61 93.02 23.44 1.97
70.3 93.02 23.18 2.28
252.07 93.38 20.55 2.19
5.73 93.58 21.77 1.66
6.83 93.38 22.68 2.11
31.06 92.92 23.92 2.99
0.18 92.91 21.73 2.18
5.63 92.8 23.22 2.39
10.45 92.95 23.92 2.77
51.87 93.35 22.6 2
28.91 93.87 21.9 2
50.06 93.93 21.53 1.54
9.97 93.85 22.77 2.28
0 93.87 22.87 1.96
0 93.69 23.16 1.53
0 93.51 23.82 1.65
0 93.2 24.74 1.81
1.13 93.04 24.08 2.3
0.03 93.31 22.34 2.28
0 93.36 22.53 1.77
1.74 100.79 126.15 106.88
34.92 101.11 126.61 107.09
68.6 93.78 18.98 2.02
31 93.52 18.31 2.18
10.49 93.34 19.44 2.14
28.54 93.43 19.12 1.88
19.85 93.74 19.32 1.71
29.45 93.97 18.89 1.86
15.56 93.91 19.41 2.02
56.05 93.79 19.24 1.92
0.18 93.72 19.75 2.1
15.01 93.57 19.36 1.84
6.41 93.69 18.32 1.45
38.5 93.84 18.17 1.55
103.02 94.02 17.31 1.61
77.16 94.09 17.63 2
1.82 94.08 19.71 2.18
0.2 94.21 18.68 1.95
24.97 94.02 17.23 1.7
90.2 93.86 16.31 2.15
0.04 94 16.99 1.69
0 93.9 18.68 1.65
9.46 94.07 19.24 2.27
28.03 94.72 15.35 2.04
5.93 94.64 13.69 1.79
52.87 94.09 12.56 1.74
8.33 94.05 13.55 2.7
0 94 18.21 2.35
0 94.27 18.04 2.32
0 94.37 17.61 2.3
0 94.23 18.11 2.24
20.79 94.25 18.62 1.66
25.54 94.32 17.69 2.09
0.01 94.39 15.26 1.92
7.02 93.85 15.32 2.1
22.75 93.67 17.54 2.09
84.59 93.49 16.13 2.55
32.21 93.61 13.57 2.14
52.75 93.54 13.9 1.82
13.88 93.58 13.79 2.73
0 93.81 12.68 2.24
0 94.04 14.07 2.43
0.27 94.82 12.49 1.55
10.14 95.25 10.16 1.96
13.99 94.13 14.09 2.91
42.79 93.5 10.01 5.25
0.08 93.39 12.54 4.38
0 94.34 10.81 2.09
0 94.64 12.7 2.1
0 94.16 15.97 3.2
0 94.08 15.92 2.15
0 93.87 16.09 3.21
0 94.17 8.79 3.79
1.84 93.5 4.63 3.16
4 93.72 4.81 4.92
3.92 94.04 9.07 4.4
0 94.4 10.97 2.28
0 94.45 12.02 1.85
0 94.21 11.83 1.56
0 94.15 12.53 1.58
0 94.15 13.77 2.36
2.14 94.32 11.27 3.28
0 94.96 5.55 2.45
0 93.94 8.94 2.48
29.08 94.43 4.51 1.81
20.17 94.77 4.55 1.77
2.73 99.39 75.97 36.1
0 98.9 76.97 36.24
0 95.04 6.12 2.32
0 94.94 4.01 1.76
5.28 93.77 6.11 5.08
0 93.83 2.74 3.55
0 94.41 0.7 3.16
0 94.74 -0.67 3.69
0 95.16 -0.29 2.76
0 95.22 1.95 1.54
0 94.58 4.27 1.8
0 94.39 4.74 1.45
0 94.32 7.63 3.3
0 94.54 8.4 2.84
0.55 95.6 0.47 3.4
69.76 95.63 -4.1 2.45
36.3 95.26 -3.96 2.6
14.02 94.79 -3.2 1.64
0.43 94.84 -3.41 1.33
0 94.98 -3.66 1.5
0 95.15 -1.83 1.39
0.07 95 0.59 1.49
0.04 94.29 2.25 1.84
0 93.7 4.43 2.3
0.19 94.52 1.69 2.36
14.25 94.33 -2.61 2.67
0 95.01 -5.24 2.17
13.33 94.86 -6.01 2.2
12.88 94.86 -7.88 1.87
9.36 94.87 -8.9 1.86
7.32 95.36 -10.27 1.69
18.01 95.79 -12.3 2.24
10.41 95.88 -13.14 2.78
0.35 95.77 -16.07 1.81
0.06 94.97 -15.34 2.97
0 94.89 -15.5 2.49
0.27 94.39 -12.05 1.4
1.09 94.81 -10.49 1.51
9.95 94.6 -6.37 2.08
0 94.44 -9.4 1.71
1.21 93.78 -5.07 2.03
0.31 93.63 -6.7 4.58
0.77 94 -8.63 5.3
0 94.32 -6.16 3.91
0 94.92 -6.21 2.24
0 95.05 -9.36 1.54
0 95.2 -9.94 1.1
0 94.79 -4.23 1.92
1.09 94.46 -1.02 2.11
0.01 94.77 -3.09 3.16
0 95.02 -8.31 1.71
0 94.71 -7.4 1.27
0 94.81 -7.2 1.25
4.32 94.15 -5.79 3.04
0.15 94.26 -7.59 4.41
0.19 94.84 -10.06 4.88
0 94.88 -8.98 2.74
0 95.34 -7.43 1.87
0 95.3 -7.88 1.55
0 94.44 -5.4 1.98
0 94.67 -7.45 1.62
0 94.74 -9.44 1.72
0 94.67 -7.52 1.9
0 94.73 -11.02 2.3
0.03 93.71 -8.17 2.72
0 94.72 -13.11 3.6
0 95.49 -16.19 1.82
0 95.25 -10.18 1.76
1.03 94.81 -7.23 1.57
1.94 95.07 -8.51 1.62
0 95.04 -9.79 1.91
0 94.24 -5.32 2.18
0.03 94.22 -7.38 1.57
2.56 94.38 -9.1 2.09
0 94.84 -11.81 3.69
0 94.67 -13.06 2.86
0 94.98 -11.23 3.07
0 94.83 -11.45 3.23
0 94.62 -12.23 2.68
0 94.37 -11.87 2.14
0 95.07 -13.59 2.91
0 95.36 -14.81 2.65
0 94.86 -14.35 3.15
0.32 94.19 -12.87 3.82
0.48 93.9 -12.28 2.35
0 93.93 -12.22 1.73
13.93 94.5 -14.89 2.2
2.95 94.55 -19.68 2.63
0 94.24 -20.03 4.02
0 94.8 -19.47 1.71
0 95.28 -18.76 1.41
1.16 95.23 -18.11 1.89
0.8 95.76 -21.84 3.46
0 95.69 -24.87 4.74
0 95.31 -17.17 4.27
0 94.68 -11.94 3.44
0 94.49 -12.98 3.3
0 94.54 -11.65 3.13
0 95.08 -14.2 1.87
0 95.47 -17.05 1.8
0 95.31 -17.65 2.42
0 95.39 -14.36 3
0 95.29 -12.25 2.52
0 94.94 -10.78 2.19
0 94.71 -10.36 2.59
0 94.92 -10.27 3.1
0 94.86 -10.18 3.45
0 94.76 -8.62 2.66
0 93.88 -8.88 2.73
0.03 93.52 -5.51 3.25
0 94.14 -4.41 2.43
0 93.81 -1.3 2.25
0.05 93.73 -0.5 2
6.11 94.04 -1.6 3.07
33.1 94.75 -9 5.37
0 94.8 -13.57 5.03
0 94.18 -10.28 4.34
0 94.07 -5.99 4.15
0 93.98 -3.57 3.57
0 93.99 -5.39 3.46
0.54 94.79 -8.42 3.42
0 94.74 -10.63 3.41
0 94.55 -10.87 2.29
0.03 94.74 -8.29 3.06
0 95.59 -11.54 2.81
0 95.22 -10.54 2.53
0 95.15 -9.84 2.77
0.37 94.48 -8.06 2.5
0.1 94.58 -8.26 2.12
0.55 94.91 -9.24 4.14
0.33 95.1 -9.6 3.05
0.17 94.23 -2.4 2.68
0 93.87 0.34 2.35
0 93.79 0.72 2.24
0.57 94.16 -0.67 1.66
16.66 94.01 -0.49 4.08
0.13 94 -2.51 2.35
3.79 94.31 -5.39 4.06
0 95.02 -8.61 4.2
0 95.13 -8.66 3.61
0.15 94.91 -7.67 3.46
0 94.37 -6.24 2.15
0 93.77 -2.58 3.54
0 94.51 -2.79 2.78
0 94.35 0.29 2.68
0 93.8 3.69 2.68
0 93.67 6.78 2.97
0 93.25 8.78 4.41
0 93.73 5.94 3.91
0 94.55 3.57 1.82
0 94.82 4.98 1.91
0 94.48 7.22 2.67
0 94.8 4.53 4.04
0.02 95.37 1.4 4.4
0 95.37 1 2.9
0 95.06 2.22 2.81
0 94.69 6.41 2.91
0 94.09 7.93 2.43
0 93.49 9.15 3.69
0.32 93.93 6.2 3.31
0 93.86 8.23 3.22
0 92.94 14.31 4.38
17.85 93.25 8.42 4.69
0.63 94.27 5.04 4.18
0 94.26 6.94 3.12
0 93.49 9.05 3.22
0.25 93.74 8.74 2.32
0.67 93.16 10.99 4.14
0 93.56 8.59 4.41
0 93.47 10.77 5.31
0 93.68 7.11 2.82
0 94.29 4.99 3.09
0 93.8 6.44 4.18
16.54 93.02 8.2 2.42
0.43 92.79 9.64 4.53
0 93.83 10.49 2.94
1.2 93.38 14.24 4.33
10.2 93.36 9.18 4.26
3.51 93.32 5.66 3.76
3.51 93.6 5.81 2.33
2.54 93.9 7.19 2.7
0.02 93.6 12.82 2.79
0 92.81 13.62 5.27
0 93.32 9.65 5.69
0 93.81 9.82 2.77
0 93.31 12.99 4.22
2.28 94.04 10.49 3.25
24.19 94.27 8.73 2.06
1.79 93.93 12.06 1.92
0 94.04 12.52 2.37
15.48 93.26 13.43 2.78
0.05 92.89 16.71 2.77
16.56 92.67 19.53 3.84
137.45 93.42 10.75 2.34
42.48 92.64 11.65 5.12
0 93.05 14.94 2.99
12.9 93.02 14.7 4.63
0.02 93.39 12.07 6.13
0 94.08 14.46 2.65
0 93.56 17.57 3.86
1.47 93.74 15.84 2.26
0 93.4 16.42 2.39
1.15 92.62 18.6 3.77
109.7 93.36 10.85 4.49
0 94.14 14.28 4.3
33.97 93.8 11.77 3.85
0.95 93.67 11.89 3.46
0 93.17 17.35 2.98
0 93.28 21.68 3.66
0 93.53 23.61 4.19
0 93.75 21.96 3.26
0 93.92 21.45 3.63
0.15 94.61 18.22 3.54
0.13 94.5 17.6 2.47
55.76 93.65 13.98 1.85
20.54 92.62 14.46 4.21
6.86 92.91 17.31 3.22
1.3 93.39 17.42 4.05
0 93.29 20.97 4.14
0.3 92.95 22.7 4.18
0 93.29 18.26 3.99
0 93.03 20.8 3.83
19.68 93.75 16.95 2.07
0 93.84 19.37 1.48
0 93.49 22.2 2.29
0.03 93.16 22.99 2.93
0.15 93.29 22.08 2.83
0.6 93.54 22.25 2.37
43.89 93.71 18.16 3.06
4.06 93.73 18.14 2.11
0.27 93.49 20.39 2.17
31.47 93.16 20.1 3.55
77.65 92.94 18.99 3.82
31.37 93.44 17.58 2.42
7.4 93.33 18.78 1.99
8.5 92.99 18.73 2.18
115.96 92.86 15.73 2.36
10.87 92.92 18.48 2.27
5.19 92.53 19.41 2.23
27.21 92.6 19.71 2.13
4.2 93.14 19.84 2.89
0.01 93.22 22.58 2.38
25.37 92.89 23.47 2.78
34.36 92.91 22.76 2.38
24.55 92.95 21.58 2.16
11.86 93.2 20.45 2.91
4.13 93.27 20.01 3.55
0 93.43 23.31 2.84
0 93.34 23.94 2.21
38.14 93.04 22.21 2.54
70.28 93.11 18.25 2.64
83.31 93.02 19.73 2.04
47.49 93.1 19.6 2.33
0 93.22 20.01 1.86
0.7 93.18 21.51 1.85
0 93.28 24.24 2.58
0 93.44 24.55 2.71
9.2 93.67 24.92 1.96
0 93.77 26.03 1.87
0 93.7 26.54 2.61
0 93.45 26.14 2.36
0 93.23 27.5 1.93
0 92.98 28.47 2.4
20.44 92.69 28.1 2.91
110.11 92.95 21.88 1.88
0.89 93.28 24.07 2.27
4.28 93.58 22.01 2.46
19.01 93.26 19.34 2.08
4.19 93.14 18.76 1.92
1.83 93.41 21.37 1.66
0.09 93.41 23.18 2.17
16.11 93.47 23.22 2.35
203.97 93.55 21.22 2.23
612.98 93.14 20.52 2.34
73.2 92.88 22.96 1.81
23.23 92.8 25.92 2.41
0.71 93.32 24.67 2.12
354.33 93.31 20.34 2.15
2.2 93.19 22.31 1.66
2.08 92.99 23.81 2.12
47.08 92.98 22.82 2.05
18.75 93.32 23.23 1.8
134.67 93.6 22.65 2.19
62.55 93.72 21.73 1.69
13.73 93.82 22.86 1.75
0.24 93.83 24.28 1.69
0 93.77 25.93 1.53
0 93.7 26.85 1.73
0 93.61 26.64 2.08
259.09 93.37 24.47 1.81
104.92 93.72 23 2.08
0 93.79 21.93 1.63
0 93.43 23.52 2.17
0 93.23 26.54 2.95
2.68 93.26 28.37 3
21.39 93.36 24.7 2.01
0 93.32 23.43 1.78
0 93.56 23.25 1.76
16.79 93.47 22.66 1.67
46.61 93.3 21.99 1.82
3.15 93.18 22.18 1.48
213.66 93.13 20.02 1.57
11.31 93.55 21.03 1.98
15.45 93.67 21.6 1.9
1.49 93.82 22.25 1.93
2.05 93.9 22.81 1.59
32.21 93.41 20.62 1.48
21.64 93.28 22.43 2.02
97.27 94.01 17.44 3.66
0 94.26 17.06 1.98
9.79 93.94 17.01 2.13
1.94 93.91 18.2 1.98
0 94.05 17.63 1.86
0 93.49 17.71 1.9
13.25 92.51 16.66 4.5
22.75 92.34 15.35 3.09
5.1 92.95 18.34 1.41
13.43 93.45 18.34 1.32
122.13 93.69 17.68 1.65
45.3 93.66 16.91 1.5
9.25 93.53 18.34 1.56
2.69 93.27 18.22 1.76
5.21 93.36 16.85 1.68
27.48 93.65 16.23 1.72
18.95 93.8 15.37 1.69
111.65 94.13 14.87 2.06
20.37 94.38 15.52 1.51
2.87 94.33 16.7 1.42
29.42 94.16 18.02 1.71
0.02 94.06 18.29 1.74
8.41 94.12 17.31 2.19
4.23 94.52 15.12 1.77
44.26 94.68 13.03 2.3
0.38 94.72 12.88 2.18
0 94.55 13.11 1.56
1.79 94.33 13.77 1.94
24.11 93.99 15.44 1.9
4.26 93.7 17.08 1.75
3.51 93.44 19.05 3.26
0.22 94.09 16.04 2.02
19.33 93.88 16.29 1.87
3.81 94.66 10.59 4.59
0 95.02 7.3 2.05
0.22 94.24 8.87 2.17
0.33 93.91 14.07 2.1
16.04 93.77 17.44 3.27
1.67 93.79 14.79 2.27
3.49 93.81 14.23 3.21
118.33 94.29 7.47 1.96
11.71 94.38 6.3 2.05
1.89 94.93 7.8 1.64
72.34 94.09 9.78 3.23
1.5 94.35 4.91 4.37
0 94.53 4.3 1.89
0.42 94.14 5.25 1.8
0 94.65 5.27 40.03
0.19 94.65 6.71 1.62
0 94.28 10.7 1.47
0 94.37 12.04 1.71
0.25 94.49 13.52 2.57
3.79 94 13.64 3.83
0 94.44 8.97 2.27
0 94.23 10.62 1.93
0 94.1 11.56 2.3
4.05 94.87 4.73 2.67
57.85 94.33 4.98 1.78
29.11 94.97 2.17 2.8
0 94.63 2.19 1.5
0 94.01 3.06 1.55
0 93.68 7.15 3.29
0 94.77 2.62 1.92
21.69 94.84 2.08 1.58
6.53 95.04 1.11 3.04
1 95.07 -0.79 2.4
3.63 94.81 -1.24 3.35
0 95.57 -5.68 3.2
0 95.2 -3.93 2.38
0 94.54 -0.33 3.08
0 93.99 1.34 1.72
0 93.14 3.4 1.76
0 94.11 1.57 2.7
0.73 94.85 -0.86 2.23
6.3 95.16 -2.05 3.15
0 95.49 -4.48 2.04
0 94.87 -2.88 2.05
3.75 93.47 0.98 3.41
3.5 93.68 -2.63 1.75
0.44 94.19 -2.37 1.63
0 93.69 3.05 3.11
0 94.41 -0.08 5.01
0 94.59 -4.12 1.9
0 94.37 -0.95 1.95
0 94.29 -1.59 2.14
0.25 93.76 -0.16 2.19
4.93 94.23 -3.86 2.45
21.75 94.76 -7.52 2.02
36.85 95.12 -10.38 3.14
0 95.5 -12.06 3.34
0 95.17 -11.13 2.87
0 94.69 -9.13 2.41
0 94.35 -6.91 2.14
0 93.9 -3.47 3.38
0 94.71 -6.55 3.11
0 95.14 -5.23 1.97
0.11 95.35 -6.09 1.69
6.73 94.29 -2.28 3.81
0 95.02 -4.13 3.88
0 94.77 -1.13 2.55
0 94.03 1.08 2.75
0 94.11 -2.56 2.82
1.7 94.73 -6.73 3.62
0 94.18 -6.5 2.65
0 94.38 -6.72 2.53
9.48 93.84 -4.95 3.45
0 94.75 -8.55 2.2
0 94.88 -9.74 1.58
0 94.29 -7.7 2.1
3.85 94.64 -4.74 2.91
0 95.22 -9.87 3.01
0 95.15 -11.35 2.16
0.03 95.17 -9.95 3.12
0 94.4 -5.88 2.38
0 94.35 -6.04 1.24
0 94.51 -5.53 1.28
0 94.58 -4.87 1.47
0.02 94.9 -4.44 1.32
0.39 94.89 -5.44 2.23
6.06 94.57 -9.75 3.47
0 94.96 -11.71 2.26
0 94.85 -11.62 1.34
0.15 94.72 -7.43 3.12
0.44 95.3 -10.15 3.53
0 95.19 -12.67 2.08
0 94.92 -10.94 4.06
0 95.13 -10.53 2.56
0 94.67 -9.55 1.75
0 94.53 -8.12 1.68
0 94.36 -4.38 3.31
0 94.51 -6.18 2.19
0 94.2 -3.59 2.93
0 94.76 -6.73 1.52
0 95.03 -7.92 1.42
0 94.63 -4.97 1.49
10.88 94.62 -4.71 1.41
5.36 94.28 -6.07 2.48
0.06 94.39 -8.96 3.44
0 94.62 -11.45 3.74
0 94.38 -11.57 2.79
0.06 94.12 -12.07 2.94
0 94.32 -11.69 4.5
0 95.16 -12.52 2.21
0.14 95.12 -14.39 1.4
0.07 95.02 -13.34 1.46
0.42 94.86 -11.8 2.13
0 95.16 -12.75 1.75
10.14 94.87 -13.32 3.16
0 94.92 -14.62 2.41
0 94.61 -13.88 4.23
0 95.24 -14.99 2.49
0 95.34 -15.59 1.57
0 95.46 -13.65 1.56
0 94.87 -8.97 1.81
0.19 94.22 -5.56 4.71
0 94.65 -8.01 3.33
0 94.12 -9.38 2.22
0.22 94.96 -11.96 3.94
0 95.26 -11.68 3.15
0 94.72 -9.91 2.94
0 95.43 -9.47 3.32
0 94.87 -7.4 2.2
0 94.28 -5.4 1.72
0.65 93.96 -2.81 2.23
0 94.32 -7.29 3.18
0.03 95.2 -7.84 2.71
0.03 95.13 -8.25 1.4
0.12 94.99 -9.63 5.15
0.06 94.56 -10.77 5.55
0 94.71 -10.08 4.56
0 94.8 -8.37 2.94
0 94.76 -7.36 1.7
0 95.25 -5.82 1.65
0 95.11 -4.72 1.86
0 93.97 0.25 2.97
1.73 94.31 -4.44 4.4
0 94.86 -7.92 3.07
0 94.24 -6.15 2.59
0 93.29 -3.76 4.8
0 94.99 -7.93 3.66
15.99 94.75 -7.46 2.34
9.14 94.19 -5.19 4.08
0 94.67 -5.93 3.38
0 94.42 -3.39 3.32
0 94.36 -1.66 2.95
0 94.54 -1.86 1.78
0 94.21 0.29 2.84
0 94.18 -1.11 2.86
0.16 94.54 -5.35 3.78
0 93.77 -1.24 2.9
0 93.83 -0.91 1.92
0.03 94.04 -3.56 2.52
0.49 94.46 -5.89 3.35
0.17 94.23 -7.96 3.8
0 94.29 -6.1 4.61
0 93.82 -1.21 4.04
0 93.6 0.11 2.96
0 93.82 2.21 1.97
0 94.11 3.14 3.13
0 94.88 -1.07 4.42
0 94.9 -0.25 2.72
0 94.84 0.55 2.05
0 94.57 2.03 1.93
0 94.21 2.28 1.65
1.68 94.12 3.37 1.91
0 94.65 4.04 1.83
0.45 94.72 4 2.24
1.22 94.76 1.27 3.1
0 94.6 0.98 2.06
0 94.35 2.33 2.06
1.58 94.71 1.46 1.7
12.3 94.41 0.78 1.49
2.78 94.29 2.2 2.76
0.59 94.22 1.08 2.24
0 94.39 1.85 2.11
0 94.18 4.63 2.8
0 94.14 7.43 3.18
0.3 94.9 3.57 2.73
0 94.71 3.82 2.23
0 94.11 5.59 1.83
0 94.17 8.47 1.97
0 94.07 11.41 2.8
0 93.75 15.54 3.61
0.65 93.47 14.04 3.3
2.26 93.61 10.33 3.62
1.16 93.66 9.21 2.54
0 94.38 8.19 3.09
0 94.34 8.27 2.07
0 93.41 11.69 3.5
0 93.96 7.08 4.03
0 93.85 6.29 2.61
0 93.22 11.41 4.02
0 92.86 13.93 2.83
0 93.31 14.84 3.31
0.85 93.56 13.35 2.99
1.65 92.55 12.89 4.82
1 92.75 6.96 5.59
4.09 93.06 7.33 3.27
6.49 93.46 8.32 3.17
0 93.86 9.4 2.32
0.06 93.21 11.96 4.72
0 93.43 8.95 3.02
0 93.76 7.8 3.45
0.03 94.41 7.83 3.6
0 94.46 9.73 4.17
0 93.69 13.77 4.07
0 93.14 15.97 3.26
0 92.83 19.32 4.14
0 93.6 16.22 2.41
0 93.96 16.91 2.62
0 93.9 20.13 3.74
5.87 93.81 18.09 5.5
12.18 93.78 13.95 3.6
12.48 93.48 9.18 5.97
0 93.74 10.09 5.96
0 93.63 17.42 3.86
0 93.33 19.11 2.42
0 93.04 19.44 3.95
0.22 93.11 18.01 3.12
0.02 93.25 13.81 4.75
0 93.04 11.95 4.4
1.18 93.32 11.87 4.49
0.2 94.02 13.53 4.25
0 93.97 15.7 2.14
0 93.19 19.86 1.9
0 93.04 22.83 2.17
0 93.06 27.71 3.86
6.63 93.41 25.16 3.4
0.6 93.67 22.7 2.96
15.97 93.94 15.4 3.46
189.55 94.05 9.84 2.12
0.15 93.88 15.87 2.37
0.01 93.49 18.69 2.46
0.08 93.92 16.15 2.98
0 93.49 19.11 2.49
0 93.12 21.55 2.9
0 93.47 21.53 4.14
32.69 93.72 16.92 2.55
1.06 93.21 19.44 2.75
7.99 92.76 19.33 3.04
0 93.24 17.1 3.29
82.55 93.48 11.7 2.14
0 93.66 15.54 2.3
0 93.66 19.17 2
0 93.79 20.78 2.34
26.24 93.46 15.01 2.23
0.83 93.26 18.18 2.76
0.45 93.16 20.28 3.41
0 93.23 19.99 3.25
0 93.56 18.53 2.07
8.58 93.71 17.59 2.01
13.28 93.99 18.06 1.8
0 94.04 20.15 1.91
0 93.67 25.65 2.33
0.6 93.37 26.4 1.73
0.67 93.21 25.67 2.74
26.44 93.11 22.44 2.23
42.42 93.08 20.65 2.57
55.99 93.01 18.7 1.7
7.59 93.06 19.74 2.52
0.6 93.23 20.8 2.1
85.83 93.55 18.26 1.86
123.84 93.44 17.01 1.55
4.09 93.21 19.13 1.51
5.24 93.2 21.73 1.66
0 93.36 23.72 1.74
14.71 93.25 24.5 2.72
15.69 93.26 25.38 2.75
0.35 93.17 26.31 2.56
18.05 93.07 25.89 2.23
57.94 92.96 26.03 2.21
21.97 93.1 24.63 2.23
1.59 93.21 25.13 2.1
59.66 93.36 23.43 1.7
29.81 93.5 22.73 1.67
68.95 93.27 23.3 2.31
420.14 92.5 22.22 2.27
48.66 92.45 23.23 2.69
37.15 92.61 23.4 2.52
0.77 92.61 23.5 2.07
0 92.86 24.28 1.85
0.48 92.93 27.13 2.45
48.02 92.73 27.26 2.95
31.91 93.16 24.52 2.07
16.33 93.47 25.48 1.7
0 93.6 26.73 1.86
0 93.52 28.29 1.98
0.02 93.24 28.35 2.73
29.13 93.03 26.33 2.36
93.48 93.02 22.34 2.41
45.74 93.71 21.13 2.07
56.02 93.7 21.2 1.29
5.93 93.28 23.38 1.23
1.06 93.4 23.28 1.63
0.72 93.59 23.16 1.87
43.17 93.23 21.39 2.1
1.05 93.49 22.16 2.21
0 93.97 22.46 1.68
0 93.52 22.72 1.64
37 93.14 23.17 2.45
0.05 93.29 24.77 1.96
3.07 93.36 25.59 2.2
69.47 93.12 24.07 1.93
484.6 92.57 23.36 1.98
24.15 92.96 24.05 1.56
105.17 93.02 23.36 2.29
43.28 92.87 21.77 1.76
2.08 92.92 23.34 2.06
35.36 92.77 21.91 1.64
55.33 92.59 20.16 1.38
5.91 92.68 22.4 1.63
46.76 93.06 23.11 2.36
81.5 93.43 21.6 2.02
1.29 93.58 22.3 1.75
22.43 93.52 21.61 1.68
61.93 93.44 21.17 1.66
192.68 93.51 19.41 1.81
38.1 93.67 20.25 1.65
47 93.79 21.01 1.75
46.86 93.81 21.3 1.79
30.43 93.45 21.71 1.74
2.22 93.23 24.5 1.82
36.91 93.67 21.42 1.75
266.26 93.55 19.26 1.79
0.02 93.58 19.05 3.45
0 93.67 17.2 3.54
0 93.95 18.38 2.25
24.05 93.68 16.32 2.37
5.5 94.13 15.01 3.12
0 94.24 13.94 2.2
0 93.97 15.96 1.98
1.08 93.95 16.66 1.75
2.43 93.78 19.25 1.81
19.08 93.81 18.52 2.02
23.43 93.71 18.76 2.44
3.02 93.56 19.9 2.31
0.14 93.49 18.96 3.59
0 93.39 17.96 1.81
0 93.2 20.08 2.13
1.09 93.67 18.09 2.47
6.6 93.73 18.51 2.07
86.25 93.64 17.14 1.86
0.02 93.89 15.4 2.18
0 94.27 15 1.9
0 94.49 15.79 1.74
12.11 94.44 17.7 2
13.41 94.26 17.59 1.82
0.69 93.88 17.86 2.36
0.01 93.71 16.13 2.31
0 93.17 18.02 2.3
0.28 93.62 14.52 3
0 93.94 14.35 1.68
3.94 93.29 17.65 2.9
11.4 93.32 15.79 3.74
0 93.46 16.9 3.67
0.17 93.8 16.73 2.3
15.06 93.74 15.36 2.04
18.81 94.07 12.6 2.28
0.04 94.02 8.97 2.41
0 93.9 7.93 3.26
0 93.73 9.14 2.33
0 93.82 12.52 2.61
0.35 94.06 13.88 3.49
0 94.76 8.44 2.27
0 95.1 6.86 1.97
0 94.83 8.72 2.47
0 94.17 12.97 3.1
0 93.96 14.09 2.82
0 94.28 12.88 1.86
14.12 94.58 11.5 1.57
84.58 95.18 8.17 3.13
26.31 95.19 4.58 2.53
1.6 94.98 4.24 2.58
1.31 94.6 3.34 2
0 94.5 4.75 2.79
0.02 95.04 3.87 1.36
24.66 95.1 6.01 1.83
0.07 95.45 4.5 1.81
0 95.22 5.24 1.57
9.47 94.6 7.78 1.55
0.31 94.4 8.43 1.44
0 94.14 9.83 2.58
0.06 94.75 6.6 1.55
13.79 94.85 4.15 1.72
0.39 94.88 4.56 1.55
0 94.7 6.16 1.8
0 94.77 6.63 1.51
0 94.18 8.84 1.54
0.04 94.01 9.39 1.91
0 94.9 5.05 4.48
0 95.38 1.31 3.39
0 94.84 3.97 2.32
0 93.98 6.94 3.07
