0.89 95.78 -15.85 1.44
0.02 96.45 -16.92 1.64
21.7 96.32 -18.92 1.49
6.63 96.52 -18.09 3.14
0 96.85 -19.65 2.1
0.01 97.04 -19.71 1.99
0.1 97.13 -17.46 1.41
18.56 96.52 -16.19 1.06
7.21 96.69 -15.85 1.3
0 96.97 -15.74 1.34
0 96.95 -15.91 2.67
0 96.38 -18.55 2.92
0 96.41 -16.1 2.97
1.5 96.22 -15.63 1.21
0 97.31 -15.1 1.36
0 96.88 -13.89 1.07
0 96.53 -10.88 1.07
0.02 96.45 -6.68 1.25
0 95.92 0.58 3.05
0.08 97.13 -9.16 4.57
0 97.07 -12.77 2.58
0 96.78 -11.12 3.82
0 96.26 -8.12 3.12
0 95.66 -8.16 3.93
0 96.67 -9.25 3.29
0 104.57 -4.82 2.92
2.58 95.55 -3.59 2.4
0.01 96.2 -10.45 3.75
0 95.77 -5.29 4.19
0 95.81 -5.3 1.69
0 96.4 -8.58 1.58
0.46 96.58 -10.98 1.85
0 96.6 -14.28 2.14
0 96.53 -13.11 2.27
0 96.5 -13.47 2.02
0 96.84 -13.49 1.41
0.02 96.75 -11.33 2.08
3.91 95.8 -3.45 2.7
0 95.86 -4.37 1.7
0 96.48 -6.84 2.35
0 97.07 -10.01 3.03
0 97.49 -11.83 3.46
0 97.23 -11.66 1.89
0.04 96.6 -10.11 2.1
0 97.01 -10.21 2.35
0 97.19 -12.38 1.74
0 96.74 -10.37 1.63
0.01 96.29 -8.44 2.89
0 96.11 -8.36 2.44
0 95.56 -4.05 1.84
0 95.43 -6.4 1.64
0 95.54 -5.35 1.86
0 95.61 -4.3 2.46
0 94.56 1.33 2.09
4.66 94.88 -1.87 1.77
0 95.97 -5.73 2.33
0.26 96.15 -4.84 1.72
3.6 95.82 -5.65 2.07
1.64 96.43 -7.2 2.32
0.14 96.14 -7.37 2.02
0.4 95.87 -3.01 3.31
0 95.97 -2.09 2.79
37.65 95.51 -1.5 2.67
3.39 96.64 -9.07 3.38
0 97.33 -11.13 1.85
0.01 97.59 -11.47 1.77
3.17 97.89 -9.72 2.57
0.01 97.11 -9.31 2.54
0 95.76 -4.15 2.43
0.23 94.69 2.35 3.35
0.68 95.81 -4.11 4.3
0 96.46 -2.92 1.89
43.42 95.86 -0.49 1.93
1.45 95.84 -2.51 5.06
0.02 96.29 -4.42 2.46
0 96.69 -5.1 2.19
0 95.72 -2.83 2.7
0.37 94.3 3.98 2.64
41.19 94.94 -0.68 3.47
0 95.33 0.37 2.73
0.06 95.29 4.3 3.76
0 95.99 2.68 2.6
0 96.5 -0.18 2.6
0.04 96.52 -3.13 3.22
0.83 96.03 -2.41 1.88
2.58 96.61 -1.94 1.81
0 96.51 3.23 1.59
0.08 96.29 5.86 1.94
5.1 95.71 8.83 4
2.37 95.42 7.71 4.29
0 95.87 2.44 5.12
0 95.92 0.23 3.92
0 95.59 4.49 3.82
0 95.26 9.13 3.56
5.66 95.89 3.12 2.33
0.01 96.54 2.11 2.17
0 95.99 7.15 3.35
0.34 94.81 12.27 5.34
31.8 95.57 2.57 2.63
0 95.87 3.68 2.89
1.95 95.81 2.42 2
43.46 95.63 0.81 3.12
0.03 96.42 -0.64 4.85
0 96.55 2.19 2.39
0.36 95.88 4.68 2.69
9.13 96.11 3.31 1.74
0 96.11 5.3 2.69
20.93 95.39 10.86 2.72
45.48 95.86 8.39 1.73
0.21 96.22 8.41 1.91
0.14 96.45 10.01 2.04
0.8 96.21 9.41 2.2
0.13 96.13 8.49 1.87
0 95.72 12.77 3
3.17 95.49 13.42 4.13
39.93 95.34 4.8 3.19
11.32 94.92 3 3.28
0.11 95.05 5.42 5.64
2.34 95.21 7.32 4.55
6.85 95.45 11.82 2.43
0 94.9 17.19 1.97
0 94.63 18.85 3.83
0.49 95.16 16.8 2.13
4.14 94.67 142.04 2.57
229.64 94.29 10.65 2.75
7.6 94.78 13.43 4.05
34.14 94.82 11.86 1.68
5.07 95.06 15.18 2.38
52.98 94.87 11.22 3.17
11.35 94.77 9.71 2.19
2.36 95.77 10.1 2.37
0 96.04 13.25 1.61
0 95.99 16.06 1.56
3.72 95.59 17.35 3.28
6.42 95.46 20.24 2.49
1.31 95.65 19.33 2.49
28.4 95.2 16.56 2.6
163.09 94.33 12.47 2.53
0.42 94.03 18.42 4.4
0 94.85 21.93 2.45
0 95 24.21 2.56
0.36 94.99 22.43 1.96
1.55 94.65 21.34 2.44
10.3 94.85 17.52 3.74
0.71 95.45 21.35 3.18
0.14 95.87 22 2.13
6.13 95.83 19.29 1.83
82.54 95.26 15.62 2.32
56.8 94.86 16.66 2.03
72.96 95.3 15.27 1.76
10.36 95.89 16.66 1.3
3.06 95.82 18.21 1.52
0.66 95.93 19.24 1.54
0 95.98 21.05 1.74
0.01 95.78 22.06 2.09
0 95.48 23.2 2.19
0 95.47 23.43 2.37
0 95.58 24.29 3.13
0 95.7 24.48 3.04
0 95.78 24.74 2.04
2.04 95.66 21.73 2.12
0.06 95.41 21.3 3.03
0.53 95.06 22.96 1.95
20.36 94.82 23.13 2.83
54.65 94.7 22.28 2.71
0.75 94.58 23.76 2.36
14.66 94.68 23.91 1.7
93.66 94.76 21.11 1.92
22.91 94.84 20.58 1.76
1.38 94.92 22.83 1.29
0.1 95.3 23.2 2.62
0.02 94.89 23.53 1.8
8.8 95.22 20.61 2.19
0 95.33 23.22 1.53
0 95.2 25.39 1.91
0 95.19 26.27 2.43
0 95.11 25.74 1.76
23.16 94.93 22.1 1.61
61.67 94.85 22.45 1.42
0.3 94.9 24.08 1.42
0.09 94.69 25.26 1.38
104.58 94.61 22.18 2.1
2.88 94.61 25.09 1.5
0.05 94.63 27.73 1.59
7.75 94.6 27.07 1.92
0 94.59 26.8 2.76
0.04 94.74 25.29 2.48
13.33 95.04 21.64 1.82
3.61 95.22 22.74 1.94
1.27 95.19 22.49 2.17
62.63 94.99 21.34 1.68
96.86 94.97 21.01 1.42
269.12 95.23 20.35 1.29
5.82 95.49 22.61 1.11
0 95.43 24.2 2.02
79.52 95.01 22.75 2.32
6.57 94.79 24.85 2.85
1.67 95.01 25.98 2.3
2.94 94.97 27.1 2.28
14.92 95.07 25.79 2.37
228.22 94.97 23.39 1.77
1.7 95.2 24.58 1.49
2.19 95.31 25.96 1.57
8 95.35 26.76 1.44
3.24 95.48 27.49 1.62
0.78 95.34 27.87 2.15
10.63 95.24 27.18 2.27
25.91 94.89 26.85 2.31
219.13 94.49 26.3 2.53
8.51 94.48 22.83 1.38
35.64 94.46 25.67 1.26
184.4 94.77 22.26 1.53
0 95.39 21.65 1.95
0.02 95.29 22.91 1.47
9.33 94.59 24.6 2.67
61.14 94.79 23.27 1.72
128.07 95.18 22.2 2.72
0 95.94 20.75 1.57
21.01 95.57 20.76 1.5
109.32 94.86 22.43 2.08
24.94 94.92 22.84 2.1
0 95.15 22.08 1.88
0 94.87 24.78 2.25
28.16 94.59 24.83 1.82
1.92 94.49 26.16 2.07
28.34 94.38 24.4 2.94
0 94.89 22.45 2.69
0 95.25 22.71 1.65
12.73 95.26 23.25 2.15
8.54 95.45 23.39 2.27
140.02 95.6 22.53 1.86
1.47 95.88 23.12 1.69
189.14 95.78 18.91 1.55
78.14 95.74 18.95 1.38
0.79 95.74 20.19 1.34
0 95.68 22.38 1.64
0.09 95.89 21.87 1.58
1.46 96.07 21.87 1.62
0 95.79 21.19 1.64
1.8 95.59 20.27 1.41
26.69 95.21 20.93 1.53
9 95.32 20.95 1.31
1.06 95.38 22.04 1.73
21.94 95.87 20.41 1.55
5.38 96 21.18 1.3
0.02 95.89 20.04 1.16
0 95.62 19.92 1.61
0 95.41 22.39 1.58
2.24 95.58 23.43 1.64
0 96.13 18.64 1.74
0 95.97 17.55 1.37
1.79 95.53 18.12 1.3
9.1 95.19 19.22 1.44
0.26 95.42 19.69 1.41
0 95.56 20.9 1.09
2.74 95.62 22.34 1.32
0 95.73 22.62 1.61
4.44 95.53 21.54 2.17
119.9 95.88 15.36 2.1
274.37 96 9.5 1.93
182.09 95.87 12.38 1.34
0 95.6 16.08 1.42
46.92 95.81 14.78 1.94
205.54 96.45 9.82 2.48
0 96.36 10.17 2.1
0 96.15 12.69 1.42
0.9 95.89 14.76 1.41
7.98 95.65 15.53 2.53
0.3 95.83 13.35 2.33
0 95.78 11.33 4.32
0 96.61 9.39 2.57
0 96.21 10.21 1.43
0.02 95.91 14.93 1.76
1.04 96.22 13.21 1.4
338.08 95.93 8.24 2.32
79.88 95.88 7.69 2.77
0 96.01 9.54 1.75
0 95.65 13.15 1.29
0 95.54 16.67 2.2
0 95.69 17.78 2.51
0 95.63 17.35 2.31
0 95.18 16.9 2.9
24.12 95.73 11.58 1.99
139.14 96.17 5.79 2.23
0 96.29 8.27 1.45
0 95.85 9.98 1.58
0 96.03 9.01 2.86
0 95.57 8.1 2.76
0 96.35 3.45 2.67
0 96.95 1.32 1.09
20.28 96.89 0.22 1.31
56.67 96.91 1.29 1.17
0 96.79 2.36 1.19
0 96.26 4.45 1.37
0 95.97 9.05 1.52
7.06 96.12 9.44 2.11
4.7 96.65 3.9 3.27
0 97.03 0.33 3.37
0 97.7 -1.07 2.35
0 96.88 0.85 1.55
0 96.75 4.59 1.94
0 96.74 5.82 1.36
0 96.79 5.99 1.41
0 96.61 6.23 1.87
0 97.12 2.68 3.34
0 96.7 1.77 1.85
0 96.25 5.58 1.69
0 96.34 4.82 1.26
0 96.03 6.93 1.7
0 95.73 7.55 1.46
6.3 95.87 3.94 2.43
0.3 96.4 0.5 3.27
0 96.09 -0.94 1.37
0 95.66 0.52 1.35
36.13 95.09 1.19 3.66
1.54 95.57 -0.37 1.94
1.15 96.56 -0.75 3.7
0 97.53 -4.34 2.55
0.04 96.9 -2.93 2.26
0 96.22 0.45 1.49
0 96.15 1.34 1.87
0 95.83 5.05 2.98
0 95.36 3.7 2.19
0 95.12 5.74 1.79
0.27 95.26 2.43 4.06
0 96.04 -2.35 1.96
0 95.91 -1.76 1.87
0.01 96.12 -1.54 3.88
0 96.41 -5.97 2.41
0.36 95.59 -5.66 2.22
0 95.92 -6.43 5.92
0.25 96.09 -7.33 1.53
0.18 95.99 -6.52 1.32
0 95.62 -2.74 1.95
0.04 95.2 -2.6 1.85
0.06 95.76 -6.91 3.41
0 95.91 -5.75 2.13
0 94.88 2.5 2.3
0 96.21 -2.47 3.05
0 96.79 -5.46 3.11
0 95.52 -4.88 2.26
0 95.48 -6.33 1.57
0 95 -4.88 1.78
1.8 94.82 -7.78 3.84
0 95.87 -11.65 1.85
1.18 96.2 -13.31 2.15
0.11 96.95 -14.85 2.89
0 96.86 -15.77 3.4
0 96.56 -14.94 3.26
0 95.26 -8.79 3.2
0 95.11 -6.28 1.56
0 95.14 -4.03 1.78
0 95.4 -2.95 2.34
0 95.65 -1.03 1.84
0 95.38 -6.54 1.41
0.22 95.95 -9.86 2.79
0 97.23 -16.07 3.21
0 97.21 -15.62 3.24
0 96.31 -14.58 3.07
0 95.21 -11.85 2.73
0 94.87 -8.89 2.11
0 95.52 -11.44 3.16
2.94 95.77 -12.09 1.93
0.03 95.93 -12.34 4.5
0.22 96.44 -11 4.97
0 96.79 -11.08 3.16
0 96.95 -12.07 2.59
0 96.56 -12.49 1.01
0.01 96.17 -12.47 1.53
0.03 96.31 -11.33 4.43
0 96.93 -10.1 3.73
0.01 96.27 -8.13 1.8
0.2 96.12 -9.09 3.44
0 96.7 -13.03 3.68
0 95.96 -11.03 2.6
0 95.5 -11.79 3.63
0 95.67 -12.61 1.87
0.01 95.65 -10.96 2.72
0.03 96.65 -14.55 2.96
0 97.09 -17.14 3.41
0 96.89 -15.09 2.26
0 96.71 -14.04 2.39
0 96.44 -14.35 2.73
0 96.41 -14.19 3.2
0 96.32 -12.55 2.02
0 96.13 -12.56 1.55
0 96.13 -12.91 2.95
0.04 96.4 -14.19 3.4
0.01 96.56 -14.04 1.8
0.09 96.73 -14.39 2.19
0 97.16 -14.78 1.62
0 97.45 -13.81 2.59
0.02 96.98 -13.76 2.91
0 96.69 -14.24 3.5
0 96.48 -10.96 3.25
0 96.07 -4.04 2.58
0 95.76 -4.67 1.68
0 95.69 -7.37 1.42
0 95.57 -6.01 2.06
0 95.81 -5.5 2.17
0.03 95.03 -3.65 4.29
0.03 95.55 -2.81 2.58
0 95.27 -6.13 1.99
0.7 95.38 -6.8 3.08
0.16 96.21 -9.91 1.9
1.22 96.2 -9.46 1.21
1.79 96.45 -12.65 3.71
0 96.59 -12.04 2.13
0.17 96.49 -11.2 1.91
0.12 96.46 -11.58 1.53
0 95.76 -4.32 2.79
0.82 95.71 -5.03 1.7
2.61 96.13 -4.39 2.51
0 96.12 -4.16 1.83
0 95.98 -0.39 1.83
0 96.29 -0.66 1.59
0 95.91 1.2 1.98
0 95.44 2.21 3.39
3.75 95.22 1.32 2.14
0.26 95.94 -3.3 2.73
0 96.6 -4.52 1.68
7.47 96.01 -1.94 3.9
0.72 96.74 -8.38 3.66
0.06 96.28 -7.37 3.2
0 95.97 -6.18 3.06
0 95.97 -6.24 2.2
0 96.09 -4.08 2.86
0 95.75 -0.91 1.88
0.12 95.23 1.94 2.51
0 96.03 -1.12 3.5
0 95.77 -0.92 4.14
0 95.82 -3.08 4.31
0 96.18 -1.43 3.6
0 95.9 0.3 3.39
0 95.31 2.5 2.85
0 94.58 7.23 2.13
0.02 95.28 2.99 4.16
0 96.45 -1.58 3.91
0 96.15 -4.29 4.37
0 95.92 -2.88 3.03
0 95.33 3.39 3.02
0 94.96 5.27 4.63
0 95.39 2.42 3.5
0 95.55 0.38 2.32
2.14 96.16 -2.74 3.97
0 96.27 -2.21 3.01
0 95.99 -1.52 2.39
0 96.13 -1.67 4.33
0 100.65 0 2.52
0 100.61 1.38 2.71
0 100.44 3.41 2.82
0 100.71 3.18 1.94
0 100.37 7.46 2.94
0 100.07 8.4 2.02
0 99.64 10.65 3.82
0 100.91 3.03 4.12
0 100.86 2.95 2.42
0 100.42 6.11 2.42
0 100.33 7.97 1.42
0 95.81 10.13 2.67
0.07 95.1 10.74 5.03
1.25 95.42 8.41 4.36
0 95.44 8.43 3.75
0 95.24 9.55 3.58
2.17 95.93 6 3.27
0 95.62 9.48 3.18
0 95 14.89 3.35
0 95.09 14.11 1.72
0.06 94.35 16.21 3.05
0 95.18 11.17 4.93
0 94.96 12.35 4.02
2.67 94.91 8.96 6.44
0.67 95.57 7.39 4.99
0 95.44 10.03 2.22
0 94.86 14.01 3.79
55.11 95.58 7.94 2.32
3.39 95.47 6.98 2.02
13.2 95.2 5.83 2.85
4.7 94.78 6.88 3.67
0.15 94.37 9.03 1.88
9.62 94.38 9.56 2.66
1.86 95.05 8.01 2.88
0 94.58 10.05 1.63
43.35 93.98 8.89 1.63
7.33 93.91 9.76 2.26
1.21 94.8 13.95 3.53
0.25 95.05 12.12 3.89
0 95.39 13.15 2.74
2.14 94.97 13 2.8
133.91 94.2 9.77 2.95
0.13 94.21 11.36 3.39
0.01 94.72 13.77 2.84
1.94 94.76 14.98 3.62
21.7 94.51 16.79 2.79
0 94.77 18.43 2.19
0.16 94.45 16.95 4.48
0.63 94.38 13.49 5.71
0 94.57 15.82 6.14
0 94.69 16.83 4.16
0 95.23 13.93 3.36
0 95.21 14.69 2.13
0.01 94.13 17.72 2.51
20.11 93.9 18.66 3.57
12.81 95.04 14.2 2.94
2.18 95.16 12.54 3.18
0.47 95.05 13.31 4.04
0 94.89 18.14 3.13
0 95.02 19.17 2.81
0 95.16 21.34 3.1
4.22 95.09 20.74 4.04
10.16 95.03 19.04 4.71
0.03 94.85 20.33 2.89
0.58 94.68 23.67 4.87
9.21 94.75 22.65 2.65
39.1 94.33 19.24 3.1
9.01 94.25 17.6 2.85
0.04 94.7 19.86 2.72
6.27 94.43 20.7 4.91
5.58 94.52 19.45 3.59
0.39 94.78 20.05 1.88
1.08 94.65 23.24 1.98
23.05 94.04 24.41 2.98
15.09 93.76 22.02 2.54
23.47 94 21.65 2.1
0 94.4 22.93 2.54
48.17 94.36 20.81 1.99
193.51 94.53 16.38 2.33
7.58 94.7 19.71 2
11.48 94.74 21.57 1.48
65.11 94.55 20.53 2.02
64.08 94.53 18.72 2.01
107.77 94.74 17.48 1.74
0.93 94.88 20.44 1.65
0 94.81 23.35 1.34
0 94.66 25.5 2
0.05 94.38 26.92 2.73
0 94.3 27.11 2.71
9.87 94.08 22.57 2.26
72.98 94.32 16.85 2.5
1.28 95 19.79 2.51
0 95.35 21.08 1.61
7.02 94.76 22.08 2.95
12.37 94.08 22.73 2.4
11.47 94.27 24.65 2.57
0.04 94.43 24.62 3.02
31.44 94.34 23.55 2.51
46.4 94.41 22.38 1.52
0.27 94.29 23.76 2.21
0 94.41 24.23 2.39
0 94.54 25.59 2.35
42.87 94.08 22.67 2.28
0.76 93.77 25.17 3.13
103.2 93.85 18.6 1.74
21.57 93.92 19.17 2.56
7.7 94.58 21.6 1.78
16.18 94.76 23.36 2.22
9.99 94.83 24.12 2.09
9 94.84 23.77 2.28
1.41 94.64 24.19 1.43
53.57 94.75 22.28 1.83
13.08 94.73 22.78 1.54
41.59 94.59 22.23 1.66
19.03 94.65 21.52 1.45
47.78 94.7 22.27 1.33
285.09 94.56 20.85 1.78
74.83 94.49 21.3 1.43
82.95 94.43 22.12 1.89
25.5 94.39 23.33 1.92
0.32 94.45 25.31 1.47
31.11 94.44 25.71 2.1
434.39 94.24 22.49 2.24
86.44 94.18 22.9 2.27
11.84 94.39 23.21 2
0.9 94.6 24.89 1.51
70.41 94.78 22.17 1.55
115.46 94.43 21.27 1.58
0.03 94.49 23.63 1.67
0.36 94.62 24.61 1.99
0.86 94.98 23.44 1.85
0.06 94.6 23.8 2.05
0 94.56 24.1 1.79
0.03 94.77 24.33 1.61
7.02 94.75 23.49 1.36
10.16 94.77 23.9 1.58
15.71 94.39 23.93 1.59
10.75 94.51 25.48 1.87
0 94.92 24.93 1.27
0 94.76 25.85 1.26
0 94.48 25.98 1.75
17.51 94.24 25.57 1.75
83.11 94.59 21.69 1.84
275.31 94.65 18.86 1.71
20.64 94.66 21.63 1.46
17.85 94.83 21.14 1.26
0.15 95.09 21.75 1.52
0.18 95.24 22.25 1.26
0 95.23 23.41 1.34
0.83 95.11 23.51 1.55
25.65 95.33 21.39 1.64
0 95.33 20.83 1.31
30.52 95.3 20.35 1.41
5.01 95.52 20.39 1.48
0.65 95.61 21.4 1.35
17.41 95.41 19.71 1.75
10.06 95.08 21.03 1.28
1.09 94.98 22.35 1.42
0 94.91 23.38 1.38
24.18 94.66 22.75 2.71
1.41 95.19 19.43 1.73
0 94.99 20.13 1.48
4.07 95.51 18.53 2.11
0.31 95.44 18.99 1.42
0 95.5 18.34 1.32
0 95.05 19.52 1.3
15.63 94.68 18.85 2.81
3.62 95.32 14.07 1.85
0.16 95.89 13.74 1.81
3.93 96.15 13.83 1.86
11.54 95.61 16.85 1.96
0.3 95.35 17.57 2.07
0.07 94.94 19.92 2.99
14.17 94.99 17.67 1.97
10.85 95.22 14.89 1.53
44.05 95.56 13.12 2.22
0 95.96 9.99 2.35
0 96.4 10.05 2.14
0 96.22 10.74 1.38
0 95.88 12.09 1.58
0 95.47 13.48 1.51
0 95.56 14.56 2.14
0 95.46 14.98 1.84
0 95.2 17.56 2.63
0.08 95.49 18.11 1.8
0.13 95.65 18.84 2.78
0.03 95.47 18.23 2.18
6.6 95.3 15.67 1.96
0.18 95.75 9.53 2.96
0 96.26 7.13 2.46
0 96.31 7.67 2.77
0 96.77 8.33 3.04
0 96.42 9.54 1.48
0 95.74 11.38 2.16
0 95.16 12.78 3.06
0 95.76 10.33 1.98
0 95.74 10.72 1.33
0 95.51 14.24 2.17
0.1 95.9 14.03 2.64
0 96.43 9.76 1.26
0 96.15 12.13 1.56
0 95.57 14.36 1.36
63.41 95.02 10.9 1.6
5.16 94.93 9.65 2.01
1.2 94.56 8.96 2.56
1.02 95.06 9.28 3.96
0 96.07 5.55 2.05
0 96.13 8.68 1.44
0 95.92 11.02 2.07
0.01 95.76 14.34 3.07
0 95.7 13.68 1.88
0.3 95.58 11.67 1.4
32.4 96.13 5.22 3.45
0.01 96.48 2.82 3.19
0 96.5 4.43 1.76
0 96.06 6.05 1.48
0.89 95.91 7.58 2.37
0 96.19 6.69 1.51
0 95.84 7.17 1.48
0 95.66 9.23 2.93
0 95.86 10.57 3.71
3.23 96.05 11.61 2.59
0.15 96.64 5.66 1.54
0.88 96.33 7.93 1.51
2.7 96.07 10.14 2.81
0.27 96.76 3.46 2.83
0.05 96.62 1.95 1.28
0 96.55 3.5 1.5
0 96.52 3.57 1.49
0 96.32 2.3 1.19
0 95.69 2.59 1.2
0 95.1 4.41 2
0 95.37 5.81 3.08
0.04 96.17 -1.12 2.59
0 96.28 -3.93 1.65
0 96.32 -3.12 1.42
0 96.52 -0.42 1.74
45.68 95.9 0.82 0.91
6.6 95.66 -0.39 2.7
1.27 95.89 -4.68 3.34
0 96.39 -6.08 2.24
0 96.38 -3.98 1.78
13.98 95.97 -5.08 2.52
0.27 96.59 -7.39 2.86
0 96.32 -8.17 0.96
0.08 96.3 -6.32 1.43
0.46 95.63 0.23 1.89
0 95.72 -0.96 1.27
0 96.53 -3.12 2.26
0 97.09 -7.68 1.62
0 97.37 -7.73 2.01
0.09 96.64 -7.5 0.95
0.03 95.92 -5.27 1.04
0 96.12 -6.14 1.34
0 96.46 -7.87 0.97
1.17 96.7 -8.32 0.85
1.24 96.64 -5.51 0.87
0.95 96.92 -7.19 2.53
0.03 97.24 -11.42 3.65
0 96.86 -11 2.86
0.01 96.03 -6.67 4.25
0 96.06 -3.47 2.54
0 96.53 -6.52 1.58
0.01 95.83 -3.69 2.72
0 96.54 -8.75 4.24
0 96.76 -12.51 3.18
0 96.88 -11.97 3.48
0 96.62 -10.35 2.06
0 96.68 -10.18 2
0 96.58 -10.87 1.05
0 96.24 -10.03 1.87
0 96.2 -9.26 3.76
0 96.46 -11.21 2.42
0 95.97 -9.31 2.9
0 96.15 -12.33 1.76
0 96.65 -12.04 1.6
0 96.91 -10.87 1.71
0 96.42 -7.49 1.86
0 96.8 -10.38 1.65
0 97.14 -14.28 1.14
0.13 96.59 -12.47 0.92
0.01 96.37 -9.83 1.7
0.2 96.77 -11.03 1.87
0.56 96.19 -11.48 2.38
0.16 96.35 -12.25 3.84
0 96.58 -11.74 2.42
0 96.37 -11.11 1.68
0 97.18 -13.9 1.31
0.16 97.08 -14.52 0.95
0 96.65 -11.91 1.32
0 96.62 -13.03 1.03
0.1 96.66 -12.26 2.95
0 96.78 -12.3 2.7
0 95.89 -7.08 2.81
0 96.14 -8.73 2.1
0 96.06 -8.83 2.05
0 95.8 -10.13 0.94
0.06 95.62 -8.48 1.23
0.12 95.83 -11.09 1.03
0 95.99 -10.42 1.2
0 96.43 -10.98 1.15
0.01 97.09 -13.42 3.22
0 96.97 -17.22 3.09
0 96.64 -17.34 2.49
0 96.12 -16.65 2.07
0 95.97 -15.83 2.62
0 95.57 -13.75 2.77
0 95.67 -13.03 1.68
0 96.2 -14.16 1.53
0 96.43 -14.33 1.63
0 96.82 -15.05 1.62
0.06 96.45 -16.64 1.33
0.38 95.96 -15.65 3.63
0 96.76 -17.01 4.02
0 96.76 -15.44 2.8
0 95.77 -12.77 2.78
0 95.86 -9.86 2.32
0.19 95.3 -6.28 2.27
0.03 95.91 -12.28 4.81
0 96.15 -15.37 4.51
0 95.73 -12.29 4.55
0 95.89 -10.17 2.91
0 96.24 -10.59 2.71
0 96.27 -10.52 1.68
0 95.99 -8.48 2.54
0.04 95.69 -3.97 2.12
0.14 96.24 -8.17 2.93
0 96.21 -10.03 2.7
0.04 96.28 -11.06 3.13
0 96.41 -12.48 4.39
0 96.32 -9.87 3.15
0 95.71 -5.79 2.64
0 95.82 -7.77 2.06
0 95.6 -9.07 1.23
15.91 95.19 -7.38 2.27
0 96.15 -7.09 2.41
5.08 96 -6.31 2.09
0.03 96.47 -8.27 3.19
0 96.41 -7.97 2.36
0 95.88 -5.84 1.64
0 95.5 -1.6 2.58
0 95.64 0.05 2.11
10.61 96.2 -3.58 1.42
0.49 96.41 -6.89 1.87
0.3 96.37 -5.86 1.52
0.07 95.74 -1.6 1.87
32.44 95.01 -3.13 1.49
28.69 95.06 -3.73 2.47
0.04 95.71 -4.17 3.38
0 96.45 -7.76 3.49
0 96.16 -8.1 1.85
0.25 96.03 -7.39 4.26
0 96.52 -7.4 3.65
0 96.19 -5.53 1.8
0 95.52 -1.4 2.87
0 96.08 -0.53 2.01
0 95.71 2.78 3.11
4.82 94.78 5.63 4.08
7.44 95.44 -2.38 3.56
12.43 96.3 -7.32 2.3
0 96.05 -2.11 2.17
0 95.99 0.09 1.96
0 95.37 4.61 3.4
0 95.92 2.66 1.73
5.93 95.04 1.71 4.22
0 95.46 0.2 5.51
0 95.92 0.81 3.28
0 95.6 5.06 2.28
0 95.8 8.57 3.14
0 96 9.54 3.21
0.29 94.98 10.41 7.1
0.59 95.62 1.8 4.66
0.39 95.62 -0.06 4.4
0 95.62 0.24 2
4.48 95.48 1.84 2.72
0 95.13 4.47 4.06
0 94.93 5.04 4.75
0 95.21 4.15 4.56
0.1 95.58 4.05 2.46
0 95.12 9.9 3.56
0 95.21 10.97 4.47
0 95.12 13.12 3.3
7.92 94.84 13.98 5.28
5.46 95.21 8.13 4.26
0 94.64 12.37 3.11
0 94.51 14.22 3.08
0 94.49 15.63 3.14
2.5 95.11 9.91 3.61
0 95.44 9.25 2.49
0 94.53 16.13 4.02
0 94.57 18.31 3.98
2.08 94.98 14.65 4.15
40.46 95.48 13.19 3.23
2.09 94.91 12.54 2.3
0.29 94.24 14.28 1.86
0.39 94.22 17.69 3.67
179.15 94.68 12.74 2.7
83.24 94.63 9.73 4.37
0 94.07 11.32 3.27
0.11 93.76 12.1 6.73
0 94.99 10.1 3.03
0 95 12.95 2.52
0.38 94.7 17.83 3.57
0.48 95.27 16.93 2.42
13.48 94.78 17.79 2.18
0 94.83 20.89 2.02
1.1 94.96 20.43 2.4
0 95.03 18.26 3.23
0 94.67 17.86 2.22
2.09 94.67 16.71 1.76
0 94.89 18.29 2
0.06 95.16 20.09 2.36
3.97 95.34 20.29 2.56
73.22 95.37 15.02 1.74
23.24 94.91 13.69 2.61
18.32 94.67 11.66 2.75
4.89 94.63 12.68 3.92
0.01 94.36 12.67 3.04
7.54 94.11 12.83 4.76
0.05 94.57 16.14 1.65
0 94.49 22.16 3.68
16.5 95.03 20.23 2.92
6.77 95.39 18.67 1.9
0.12 95.25 20.44 3.61
2.08 94.96 19.88 3.8
5.37 95.08 17.57 2.9
0 95.06 17.38 2.88
0 94.87 18.39 2.49
0 94.51 20.4 2.46
0 94.96 20.79 2.32
0 95.09 23.07 2.36
11.52 95.1 20.97 2.62
59.26 95.52 15.2 2.66
0.2 95.61 17.19 1.67
12.83 95.19 17.03 2.9
14.21 94.93 17.08 2.9
104.32 94.7 15.74 2.13
14.57 94.4 19.05 3.35
1.4 94.58 20.91 2
6.48 94.18 20.21 2.35
13.78 94.03 22.21 2.14
28.67 94.03 22.39 2.36
75.74 93.89 21.44 3.22
14.17 94.03 17.65 2.8
2.18 93.74 17.14 3.08
13.91 93.83 17.13 2.39
165.66 94.44 14.42 1.99
322.11 94.66 14.67 1.98
169.54 94.67 15.81 2.62
5.15 94.55 19.43 1.58
5.41 94.43 22.43 1.65
9.36 94.61 21.75 1.78
52.07 94.36 21.61 1.5
17.83 94.4 21.99 1.61
3.31 94.57 21.97 1.37
41.38 94.54 21.14 1.58
0.86 94.3 22.39 2.12
52.01 94.32 22.27 2.4
34.9 94.69 21.09 2.21
10.75 95.06 22.78 2.1
1.53 95.22 23.05 1.7
2.72 94.96 20.84 2.05
71.88 94.53 21.03 2.01
0 94.36 23.81 2.02
2.75 94 24.74 3.72
4.44 94 23.13 3.34
0.77 93.97 23.06 2.65
0.06 94.34 23.64 1.64
1.51 94.49 23.35 1.59
0.84 94.37 23.9 1.51
19.82 94.35 24.38 1.83
33.87 94.36 25.29 2.1
33.58 94.4 24.75 1.94
174.25 93.99 21.32 1.78
38.78 93.75 19.9 2.53
69.52 94.15 19.58 2.91
10.1 94.65 21.37 2.58
0 94.68 21.58 1.68
0 94.71 22.9 1.52
0 94.95 24.69 1.35
0 95.05 24.83 2.01
0.14 94.88 24.8 2.24
2.44 94.72 25.2 1.47
5.77 94.65 25.51 1.66
56.18 94.6 24.11 1.56
477.85 94.17 22.3 3.37
0 94.68 23.62 1.34
0 94.89 24.14 1.69
8.56 94.82 24.35 2.02
78.04 94.43 25.37 3.35
2.75 94.8 24.33 1.62
140.35 94.36 23.13 2.14
27.48 94.04 24.09 3.5
0.38 94.67 22.37 1.45
89.06 94.97 19.97 1.45
168.27 95.12 19.03 1.66
171.83 95.05 20.13 1.34
22.3 95.09 22 1.58
152.85 95.12 21.93 1.68
0 95.31 23.3 1.15
0 95.14 24.33 1.18
0 94.77 25.77 1.94
11.07 94.67 24.91 1.79
11.23 94.93 23.72 1.23
0 94.8 24.49 1.53
13.97 94.88 20.94 2.16
28.22 94.9 18.53 2.09
1.27 95.03 20.22 1.55
3.37 94.73 19.19 1.82
5.82 94.78 21.27 1.64
0 95.13 22.3 1.7
0.05 94.73 23.3 2.92
110.7 94.72 23.3 2.18
3.12 94.82 21.58 1.54
16.56 94.79 20.65 2.32
7.2 95.41 17.04 1.86
0.03 95.56 16.79 1.83
0 95.32 20.4 2.34
0 95.25 21.98 2.01
0.23 95.11 22.25 2.38
1.96 95.14 21.83 1.36
14.97 95.03 21.56 1.54
0.66 94.56 22.82 1.9
1.37 94.71 23.95 2.43
0 94.97 24.68 1.88
0 95.09 25.23 2.22
0.8 95.12 24.91 1.94
223.8 95.04 17.5 2.9
37 95.42 13.95 2.52
0.33 95.47 13.52 1.89
1.02 95.59 16.34 1.74
0 95.51 19.54 1.99
32.19 95.62 17.96 1.45
1.65 95.53 17.38 1.1
0 95.45 18.88 1.1
0 95.39 20.85 1.4
38.95 95.07 19.46 2.18
96.46 95.06 13.84 3.45
0.49 95.21 12.34 2.5
0 95.59 14.14 1.44
0.11 96.05 14.47 1.05
0 96.15 14.25 1.26
0 95.49 15.03 2.23
0 95.01 16.27 2.52
0.29 95.01 16.25 1.58
0 95.24 17.89 1.66
2.63 95.16 18.4 2.12
0.83 95.16 17.6 1.39
5.04 95.48 16.25 1.35
0.45 95.8 16.09 1.34
22.77 95.68 15.2 1.78
3.13 95.91 15.28 1.39
55.38 95.54 11.26 1.6
44.9 95.5 10.2 6.21
0.92 95.69 11.8 3.28
0 95.71 11.69 1.61
0 95.56 12.93 1.45
0.39 95.36 14.51 2.03
0.96 95.19 13.79 2.74
0 95.33 13.42 2.11
0 95.86 11.52 1.64
0 96.29 12.24 1.09
0 96.14 13.84 1.4
0 95.65 15.75 2.35
31.43 95.21 13.18 3.01
0 95.74 9.08 2.16
0.04 95.36 10.79 2.3
0 95.16 13.1 2.11
0.07 95.54 9.3 3.5
0 95.97 7.27 2.06
0.01 96.09 7.76 1.9
44.43 95.45 9.38 3.42
0 95.5 4.79 3.36
0 95.58 5.98 2.34
0 95.43 7.95 2
0 95.8 7.11 1.43
70.88 96.1 2.58 1.15
77.97 95.53 2.66 1.84
0 95.23 6.49 1.82
0 94.96 9.55 2.97
0 95.6 9 1.76
0 95.64 11.06 2.11
7.36 95.49 10.99 2.79
0 96.43 3.87 1.59
1.7 96.31 0.73 2.2
0.06 95.92 0.45 2.6
0.03 95.75 0.19 2.12
0 95.72 2.35 1.47
0 95.93 1.43 1.9
15.6 95.94 1.69 1.5
187.63 95.52 0.68 110.51
58.08 95.8 -0.33 3.02
0 95.87 -2.42 1
0 95.54 -0.36 1.66
0 95.77 0.11 1.26
0 96.21 -1.44 1.07
51.55 95.9 -1.47 0.83
131.32 94.57 -2.05 4.92
0.29 95.08 -3.75 3.17
0 95.15 -5.57 4.15
0 95.95 -4.43 2.59
0 96.24 -5.72 1.1
20.26 95.7 -2.4 1.3
0 95.62 -4.68 108.17
0.02 95.33 -4.34 2.88
0.01 95.89 -2.76 2.88
0 95.94 -4.39 1.41
0 95.59 -2 1.92
5.63 96.08 -4.93 2.13
0 96.03 -6.51 2.19
0 95.49 -5.06 2.04
0 95.42 -2.62 3.33
0 95.51 -6.94 2.66
0 94.6 -3.64 3.35
0.03 95.33 -5.79 4.05
0.02 95.89 -8.71 2.11
0 96.59 -12.32 2.32
0.14 96.28 -13.28 1.65
0.33 95.18 -4.78 2.89
2.1 95.33 -7.27 3.89
0 95.62 -10.29 1.86
0 95.64 -12.43 3.08
0 95.6 -14.15 2.56
0 95.76 -15.46 2.41
0.01 95.77 -16.51 3.79
0 95.89 -11.25 3.56
0.06 96.5 -12.78 1.37
0.04 96.66 -12.88 0.95
0.11 96.13 -11.11 1.71
0.03 96.12 -8.2 1.29
18.34 96.18 -9.61 1.2
0.69 95.98 -8.44 1.24
0.66 96.35 -11.21 1.23
0 96.7 -12.25 3.62
0 96.8 -14.5 2.13
0.01 96.26 -14.41 0.92
0.19 96.38 -11.87 124.07
4.63 96.34 -9.74 3.23
0.01 96.82 -15.29 2.8
0 96.64 -19.15 2.51
0 95.81 -17.81 4.18
0 96.94 -18.24 2.25
0 96.69 -18.06 1.19
0 96.08 -13.36 1.21
5.69 96.06 -13.84 0.94
17.85 96.11 -12.29 3.68
0 95.74 -15.03 3.26
0.03 95.21 -14.99 1.95
0 95.63 -17.24 3.59
0 96.76 -18.21 3.75
0 97.34 -15.84 2.25
0 96.39 -16.31 1.33
0 96.21 -14.24 1.59
0 96.11 -14.94 1.27
0 96 -14.62 1.45
0.03 96.43 -16.43 1.79
0 96.24 -15.16 1.97
0 96.1 -14.69 1.2
0.5 95.74 -12.68 0.86
0 95.82 -11.72 1.63
0 95.83 -12.96 0.89
0 96.27 -10.37 1.95
1.57 96.01 -12.77 1.6
0 96.71 -14 2.37
0 96.98 -11.75 1.85
0 96 -7.57 2.07
0 96.49 -9.46 1.17
11.34 96.51 -9.08 0.96
0.76 96.54 -8.93 1.66
0 96.32 -12.82 1.16
0.02 95.19 -7.83 2.56
0.03 95.77 -13.18 4.01
0 95.84 -14.89 1.48
0.23 96.17 -14.18 1.2
0.06 96.09 -11.3 1.67
0 95.64 -6.39 1.18
0 95.92 -7.12 1.17
0.05 95.85 -5.45 1.48
1.5 95.77 -5.53 1.63
0.95 96.33 -7.53 3.83
0 96.48 -10.25 2.36
2.19 95.48 -8.69 2.71
0 96.22 -9.18 2.81
0.02 95.77 -7.79 1.84
1.12 96.07 -14.48 3.86
0 96.91 -17.58 4.41
0 96.8 -16.13 1.47
0.34 95.91 -11.66 2.09
0 96.52 -12.63 2.13
0.1 96.57 -12.13 1.78
0 95.85 -7.14 85.14
0 95.62 -4.62 2.75
0 96.25 -8.74 2.35
0 96.21 -10.03 1.45
0 95.52 -6.53 2.28
0.03 95.47 -4.93 3.89
0 96.19 -10.54 3.48
0 96.34 -12.14 2.22
0.01 96.28 -11.38 1.78
0 96.16 -7.91 3.09
0 96.37 -6.9 2.78
0 96.3 -4.73 1.57
0 96.43 -6.25 1.71
5.63 96.27 -6.73 1.76
0.3 95.41 -0.27 2.81
0 95.33 0.78 2.53
0.23 94.81 -2.06 5.51
0 96.57 -7.62 5.34
0 96.62 -5.63 1.65
0 95.54 -0.45 3.02
0 95.86 1.65 2.27
0 95.25 5.39 2.96
0 95.18 3.61 1.67
0 94.6 4.74 2.09
0 94.48 0.7 2.33
0 94.59 -2.22 5.34
0 96.07 -1.23 1.96
0 95.35 4.26 3.61
24.83 95.25 0.26 3.46
0 96.44 -5.64 4.01
0 95.98 0.15 2.96
0 95.5 5.26 2.73
0 95.9 5.39 2.82
0 94.46 7.78 3.46
0.67 94.55 -1.86 3.83
28.12 95.32 -6.75 2.68
0.35 95.75 -6.63 2.7
0 94.51 1.31 5.49
0 95.48 -2.61 2.65
23.2 95.15 -4.74 3.4
0 95.86 -4.65 2.91
0 95.71 -1.76 1.62
0 94.76 4.44 3.9
1.41 94.92 2.02 3.8
0 95.78 -0.67 3.49
0 95.99 -1.6 2.26
0.58 95.88 0.09 1.75
11.76 95.59 1.47 2.11
104.67 95.69 0.58 2.59
0 95.23 4.22 2.65
0 95.25 5.98 2.7
16.85 95.42 0.22 2.25
56.76 95.68 -0.6 3.14
0 95.45 0.02 2.64
0.31 94.61 1.96 2.65
18.73 94.61 1.06 3.45
4.08 95.55 0.5 3.67
0.78 95.41 1.63 3.54
0 95.45 2.67 3.47
0 94.99 8.23 2.9
0.24 94.49 7.39 4.29
0 94.78 3.4 4.78
0 94.48 4.87 2.39
5.74 94.76 4.46 3.14
48.12 95.09 1.74 1140.62
3.46 96.06 1.32 4.75
0 96.09 2.78 2.13
0 95.76 5.63 2.67
0 95.43 8.84 2.08
0.28 94.9 12.29 4.55
74.12 94.93 7.35 2.28
0.98 94.85 7.92 3.14
0.03 94.93 9.08 4.84
0 94.98 10.54 1.72
0 94.95 13.96 2.17
5.04 94.75 12.44 3.45
0.2 94.93 12.25 5.93
0.42 95.4 11.59 5.49
0.56 95.47 11.9 2.07
1.14 95.33 12.49 2.17
4.9 95.54 13.21 1.92
0 95.29 17.21 2.71
0 95.47 20.67 1.66
0 95.38 22.22 2.25
0 95.41 22.02 2.83
0.14 95.17 22.09 4.24
18.89 94.83 14.67 2.21
22.26 93.97 15.08 3.83
0 93.58 18.11 4.48
0 94.14 16.94 2.62
0 94.2 19.03 2.53
0.57 94.8 17.06 4.57
0 95.7 16.75 2.49
0 95.61 17.97 2.21
0.77 94.99 18.87 2.93
0 94.43 19.58 3.25
18.07 93.8 15.9 5.15
0.01 93.81 17.99 4.18
0 94.13 19.51 2.58
0 95.02 20.2 2.18
5.79 94.83 24 3.82
1.76 95.38 18.43 2.23
0 95.01 21.22 2.2
2.43 94.76 21.5 3.53
1.87 94.58 19.65 3.78
0.9 94.33 19.54 2.88
0 94.62 19.68 4.17
0 94.45 23.98 3.14
0.04 94.08 25.52 4.38
0 94.74 20.45 2.42
6.99 94.5 19.02 3.2
0.05 94.7 19.85 3.17
15.03 95.31 18.14 2.34
38.12 95.17 18.84 2.25
7.25 94.97 19.41 3.04
4.2 94.78 21.99 2.83
0.88 94.64 22.49 3.58
61.3 95 17.01 2.27
3.23 95.23 17.63 1.69
14.51 94.95 16.05 2.07
3.93 94.73 17.81 1.84
0.02 94.78 22.67 3.4
0.16 94.78 24.2 3.77
3.02 94.67 24.59 2.72
162.12 94.64 19.38 2.5
6.69 94.34 21.53 1.66
46.32 94.04 20.86 1.86
0.23 94.38 23.64 1.84
0 94.9 23.94 2.24
0.05 95.06 24.44 1.88
1.75 94.82 22.72 1.46
8.61 94.49 22.33 1.81
65.87 94.35 21.51 2.3
59.85 94.1 21.3 2.35
176.55 93.81 20.42 1.85
66.03 93.96 22.21 2.46
83.57 94.37 21.22 1.92
161.3 94.43 22.24 2.72
24.4 94.38 23.23 3.33
74.7 94.13 23.11 2.18
183.64 93.67 22.76 2.64
0.06 93.66 24.64 3.17
2.84 93.66 24.63 2.43
1.41 94.01 24.86 2.12
1.31 94.24 24.9 2.28
7.76 94.07 25.59 3.57
51.2 94.34 24.24 1.9
79.95 94.55 22.19 1.55
1.75 94.75 22.79 1.37
0.62 94.74 22.94 1.22
12.68 94.71 23.48 1.99
28.22 94.89 23.01 1.99
0.19 94.87 24.55 1.68
210.72 94.18 22.09 1.85
118.55 94.02 22.98 2.89
0 94.61 23.72 2.2
0.23 94.49 22.84 2.24
103.08 94.4 21.53 2.26
3.03 94.61 22.18 1.71
0.33 94.61 24.06 1.56
26.7 94.49 23.87 2.04
13.21 94.06 23.96 1.93
0.95 94.12 24.38 2.84
0.01 94.44 24.63 1.8
0.04 94.46 25.24 1.62
50.07 94.25 22.98 1.42
9.17 94.16 25.45 2.12
0.3 94.12 25.38 1.45
1.49 93.93 26.27 1.72
8.75 94.04 26.08 1.94
20.23 94.33 25.54 2.65
0.35 94.57 25.77 2.48
1.41 94.36 25.88 2.54
21.63 94.01 26.51 2.62
26.35 93.85 25.49 1.85
12.67 94.02 26.19 2.41
20.38 94.28 26.39 2.23
10.83 94.06 26.67 2.12
14.88 94.25 24.66 1.75
1.5 94.65 26.03 1.46
5.79 94.74 27.12 2.62
41.1 94.47 25 2.69
4.18 94.46 25.81 2.75
25.92 94.42 26.64 2.17
3.62 94.46 26.22 1.91
257.28 93.93 24.72 1.58
0.07 103.04 25.94 2.49
0 94.94 22.63 2.54
0 95.2 22.06 1.8
3.55 95.18 21.33 1.03
1.97 94.77 24.03 2.29
0.26 94.91 23.11 1.98
0 95.1 22.89 1.63
0.06 95.09 23.15 1.45
14.35 94.82 22.34 1.7
15.45 94.91 19.84 2.03
8.55 94.86 19.58 1.59
230.11 94.25 18.61 1.33
26.26 94.46 15.67 3.04
0.14 95.15 16.19 2.4
39.17 95.22 16.87 1.96
1.54 95.48 16.01 1.69
7.59 95.64 16.3 1.53
0 95.71 16.39 1.34
8.19 95.6 17.08 1.46
158.72 95.56 14.53 1.54
39.05 95.62 14.74 1.21
7.05 95.67 16.49 1.23
1.96 95.62 18.05 1.39
9.39 95.16 18.69 1.81
0.16 95.24 17.6 1.45
0 95.31 17.64 2.38
1.89 95.09 20.27 2.65
35.82 94.44 19.87 3.18
0.3 94.76 19.67 3.19
0 95.39 14.26 1.75
0.99 95.08 16.53 1.59
6.9 95.62 16.67 1.45
9.64 96.07 15.64 0.91
6.28 95.14 19.63 2.92
0 95.54 18.33 1.46
0.06 95.54 18.99 1.34
2.43 95.42 18.41 2.51
49.54 95.76 13.21 2.87
0 96.01 9.19 2.32
0 95.84 11.07 2.05
0 95.51 12.25 1.99
0 94.85 17.47 3.22
0 94.92 16.49 2.65
0 95.82 13.39 1.35
0.79 95.75 14.2 1.76
149.53 95.74 11.4 2.08
0.02 95.87 10.85 2.7
0 95.68 9.73 1.7
0 95.01 17.01 3.49
0 96.01 13.95 1.23
0.01 96.01 15.22 2.26
0.04 96.25 12.83 2.28
0.3 95.79 11.49 1.7
0 94.81 15.48 2.74
8.79 94.83 13.85 3.84
0 95.3 10.98 3.11
0 95.79 11.84 1.59
34.56 95.8 10.99 2.34
4.14 96.64 4.65 4.32
0 96.7 3.19 1.24
0 96.28 6.91 1.34
0 96.31 7.31 1.36
0 96.09 10.9 2.61
41.85 96.26 9.44 1.44
2.2 96.28 7.58 1.88
0 96.15 6.4 1.11
33.31 96.02 5.8 2.03
45.43 95.95 2.29 2.12
0.01 96.15 4.32 3.54
0.01 96.4 6.18 2.65
0 95.96 5.12 1.31
0 95.42 7.32 1.88
6.04 95.93 6.14 1.61
1.61 96.49 4.59 2.37
0 96.43 3.95 1.52
0 96.52 4.72 0.85
0 96.29 4.96 1.28
0.5 95.75 8.44 2.02
2.14 96.04 7.71 3.04
0 96.41 5.91 1.71
0.02 95.67 6.53 2.35
0.18 95.24 6.4 3.63
0.01 95.64 3.58 2.67
0 95.72 2.96 2.18
0.13 96.23 2.93 3.37
0 96.24 -1.03 3.79
0 96.31 1.17 2.24
0 96.18 1.79 1.66
0 95.59 2.16 2.32
0 95.34 3.2 3
0 95.31 3.18 2.01
0.15 95.44 2.35 3.2
0.01 95.84 -2.49 4
0.04 96.03 -2.99 5.63
0 95.95 -3.34 3.54
0 96 -2.18 2.36
0 96.19 -2.68 1.12
0 95.94 1.12 1.76
0 95.64 1.4 1.72
0.03 95.3 -0.12 2.11
0 95.16 -3.44 4.27
0 95.3 -6.42 3.39
0 95.56 -9.37 6.06
0 95.75 -5.39 3.43
0 95.34 0.5 3
0 95.96 -2.16 2.26
4313.8 95.73 -1.05 2.54
4313.8 95.48 -0.64 1.34
4313.8 95.75 1.86 2.02
4313.8 95.75 1.49 2.26
4313.8 95.99 -1.03 2.61
4313.8 95.57 -1.74 1.1
4313.8 95.66 -4.28 1.29
4313.82 95.63 -3.29 2.12
4313.81 95.84 -5.19 2.95
4313.97 95.32 -7.12 3.05
4314.08 95.34 -8.08 2.1
4313.8 95.47 -10.95 3.91
4313.8 95.8 -11.11 2.75
4313.8 96.16 -8.55 2.77
4313.8 96.74 -8.15 1.46
4313.8 96.69 -9.48 1.35
4314.36 96.96 -11.39 2.37
4313.96 96.6 -12.74 2.68
4313.99 96.47 -11.61 2.93
4313.81 96.87 -10.7 2.26
4313.8 96.92 -10.05 1.25
4313.8 96.63 -10.03 1
4313.8 96.77 -8.91 1.33
4313.8 96.72 -9.31 1.02
4313.84 96.14 -6.59 2.54
4313.89 96.62 -9.69 3.97
4313.8 96.31 -10.66 1.62
4313.8 95.84 -10.56 2.55
4313.8 95.12 -5.77 3.42
4313.8 94.92 -4.95 3.09
4313.8 94.53 -2.69 4.11
4313.8 94.9 -3.52 2.83
4313.8 95.19 -3.17 3.06
4313.8 95.77 -4.93 2.39
4315 95.71 -7.7 1.73
4317.31 95.95 -8.22 1.86
4313.83 95.68 -6.89 2.83
4313.8 96.16 -6.33 2.54
4313.8 96.64 -13.62 2.85
4313.8 96.26 -14.01 2.39
4313.8 96.26 -11.55 2.24
4313.8 96.34 -9.8 2.22
4313.8 96.87 -11.95 2.05
4313.8 96.58 -12.88 1.59
4313.8 96.61 -11.19 1.85
4313.8 96.4 -7.79 1.8
4321.18 96.44 -9.75 1.58
4313.8 96.4 -10.49 1.62
4313.8 96.64 -8.17 1.98
4314.3 95.67 -6.58 3.83
4313.8 96.14 -9.71 4.31
4313.8 96.35 -9.57 2.53
4313.8 95.67 -6.09 1.83
4313.8 94.87 -1.64 3.24
4313.8 95.4 -3.03 2.23
4313.8 96.33 -8.16 3.17
4313.8 95.94 -7.5 3.78
4313.8 95.31 -3.5 4.26
4313.8 95.96 -7.12 3.52
4313.8 94.6 -0.73 5.16
4313.8 95.33 -6.42 3.09
4313.8 95.45 -6.61 1.79
0.31 95.03 -3.58 2.08
0.06 95.03 -4.03 4.97
0 95.92 -11.82 3.93
0 96.11 -11.33 2.11
0 96.26 -11.57 1.53
0 96.5 -9.7 1.69
2.04 96.19 -10.25 1.57
9.36 96.23 -11.97 3
0 96.86 -13.87 3.32
0 96.68 -13.83 1.48
0 96.11 -11.63 1.47
0 96.73 -12.19 1.55
0 96.71 -11.95 1.93
0.06 95.88 -5.31 2.92
0 95.92 -5.63 1.9
0.09 96.5 -6.14 2.09
0 97.05 -8.37 1.94
0.93 96.61 -8.93 1.6
1.37 96.34 -8.56 1.77
0 96.29 -7.3 1.6
0 96.23 -4.58 2.03
1.13 96.73 -6.92 1.59
0.11 96.56 -4.49 1.28
0 96.1 -1.35 1.55
0 95.95 2.08 1.9
0.63 95.66 4.24 3.85
2.74 96.34 -2.72 4.11
0.04 96.07 -6.24 1.75
0 95.92 -4.67 1.68
0.28 95.87 -4.79 2.21
0.61 95.85 -5.3 1.76
2.17 96.16 -4.46 2.84
0 96.22 -6.07 3.03
0 96.4 -7.02 2.77
0 96.39 -5.65 2.31
0 95.91 -4.81 2.04
0 96.2 -4.81 2.37
0 95.71 -2.26 2.27
0 95.44 1.91 3.74
0 96.12 -0.87 4.07
0 95.73 -1.48 1.94
0 95.24 2.17 3.17
0 94.92 7.33 2.58
0 95.32 5.05 2.36
0 94.81 8.02 4.69
0 95.96 4.42 2.12
0.08 95.87 3.78 4.29
0 96.19 4.06 4.8
0 95.6 6.74 2.86
0 95.63 8 3.14
0 95.91 8.06 2.63
0 94.91 12.96 4.65
0 94.88 12.16 2.47
0.02 94.89 11.54 2.54
0 94.97 11.14 3.04
61.29 94.71 11.64 2.97
26.68 95.17 10.11 2.45
0 95.39 11.28 2.24
1.05 95.5 9.48 2.03
0 94.97 12 2.58
0 95.65 8.45 3.78
0 96.08 3.14 4.5
0 95.25 6.65 4.58
0 95.85 5.53 3.83
0 95.24 13.31 3.79
0 95.18 14.46 1.68
0 95.05 14.66 2.46
0 95.24 12.08 4.25
0 95.99 9.66 2.1
1.1 95.61 10.79 1.94
0.53 95.32 11.83 1.98
0 95.44 13.75 1.76
0 95.33 17.86 3.37
0 95.92 13.44 3.11
0 95.23 13.69 2.28
9.68 95.21 8.64 2.72
0.03 95.9 8.76 2.86
24.3 95.74 7.91 2.6
0.06 95.3 9.73 434.21
0 95.38 11.91 3.64
0 95.08 14.36 2.72
0.97 94.76 16.8 3.75
5.68 95.01 17.86 4.24
0.33 95.47 16.86 3.87
32.91 95.75 11.82 3.29
0 96 12.75 2.53
0 95.84 13.81 2.07
0 95.23 15.32 1.61
0 94.68 18.97 2.05
4.72 94.62 18.59 4.51
152.4 95.26 7.41 4.89
7.84 94.88 8.76 4.94
11.23 95.08 5.55 5.43
0.11 95.32 7.97 4.26
0.18 94.74 11.96 2.47
47.55 94.74 8.46 3.91
1.06 95.29 12.04 2
68.17 95.59 10.76 2.45
3.09 95.49 12.43 2.07
242.92 94.6 9.15 2.56
69.83 93.73 15.08 3.87
0 93.91 17.72 3.89
0.08 94.26 14.48 3.58
0 94.03 14.37 3.23
0.06 94.82 16.91 2.88
2.21 95.18 16.7 2.08
2.48 94.8 19.02 3
79.5 94.47 16.73 2.55
4.41 94.49 17.51 2.8
0.02 94.61 19.3 2.3
0 94.63 21.91 2.46
0.31 94.93 25.14 3.74
46.77 94.81 17.52 2.81
0.61 94.33 17.15 5.26
0 93.79 21.46 4.17
20.24 93.58 18.85 2.81
0.7 94.03 22.42 2.61
0 94.1 24.34 51.18
0.12 94.7 25.18 2.56
0 94.66 27.79 3.71
5.12 94.86 23.79 2.76
0.75 95 21.94 2.64
0 94.87 22.57 2.17
1.14 94.66 22.65 1.94
21.81 94.52 23.66 2.34
304.43 94.66 16.53 2.53
138.89 94.5 13.77 3.25
25.73 94.22 16.41 2.8
41.06 94.54 15.94 2.2
43.9 94.94 15.64 1.82
15.88 95.01 18.55 2.13
19.57 94.8 20.29 2.58
11.06 94.84 21.12 2.36
0.03 94.71 22.02 2.06
4.32 94.52 23.44 1.75
133.7 94.33 20.63 1.92
96.46 94.22 20.01 2.2
101.65 94.33 19.29 2.36
5.19 94.61 19.57 1.86
41.01 94.75 19.53 1.91
5.59 94.88 19.38 1.59
156.59 94.94 18.68 2.32
1.53 94.81 21.71 1.9
0.09 94.42 23.75 2.34
13.89 94.24 22.88 3.16
22.76 94.3 22.21 3.7
0.49 94.72 22.23 3.82
0.84 94.64 23.07 3.03
0 94.72 24.45 1.83
0 94.69 24.95 1.7
18.31 94.64 23.43 2.54
105.07 94.35 20.74 2.38
23.8 94.08 23.29 2.38
0.13 94.55 25.06 2.24
0.9 94.64 25.51 3
1.79 94.5 25.75 2.32
4.07 94.29 25.14 2.92
16.76 94.21 23.63 3.63
0 94.4 23.83 2.83
0 94.11 24.37 3.54
4.26 94.2 22.82 2.91
6.73 94.39 22.12 2.75
0.57 94.32 23.19 2.49
2.62 94.4 24.04 1.89
24.49 94.37 23.72 2.5
122.45 94.44 22 51.32
10.47 94.67 22.68 50.69
0.4 94.75 26.23 1.77
0.88 94.84 28.58 2.27
2.95 94.47 29.25 4.35
91.4 94.32 24.39 2.41
0.27 94.63 22.43 1.62
0 94.35 24.94 2.57
0.11 94.72 23.07 1.83
0 94.77 23.03 1.7
0.01 94.95 23.46 1.8
5.07 94.83 25.58 2.33
5.2 94.36 27.21 3.22
8.44 94.39 25.84 3.6
17.26 94.54 24.35 2.04
0 94.63 26.15 2.49
0 94.6 27.2 2.74
3.6 94.46 26.62 2.51
13.05 94.41 25.87 1.94
90.66 94.68 20.33 2.52
1.67 94.64 22.2 2
0 94.91 22.58 2.57
0 95.03 21.96 1.55
0.01 94.9 22.74 1.98
41.8 94.64 21.83 2.21
28.1 94.38 21.52 1.88
3.39 94.55 22.52 3.42
0.33 94.76 21.44 2.1
21.81 94.81 19.2 1.9
17.55 94.72 19.08 1.66
12.45 94.75 20.24 2.17
8.85 94.87 20.55 1.71
2.8 95 21.43 2.02
7.29 95.2 21.33 1.64
0.7 95.13 22.72 1.71
0.74 94.81 24.25 2.32
6.19 94.8 24.38 1.95
55.16 94.74 23.26 2.19
52.1 94.59 22.81 1.94
136.99 94.84 19.68 2.17
1.98 95.13 20.02 2.41
0 95.24 21.01 1.79
0 95.34 22.72 1.8
6.93 95.47 20.96 1.77
4.02 95.5 20.99 1.54
0.89 95.47 21.05 2.05
11.82 95.29 20.11 1.7
11.23 95.27 19.88 1.86
265.05 95.21 16.15 2.3
1.3 94.84 17.68 1.8
0 94.52 20.28 2.39
0 95.06 18.87 1.49
0 95.07 20.46 1.54
3 94.67 20.79 2.89
0.03 94.94 18.71 2.88
0 95.12 16.04 1.41
0.01 95.39 17.39 1.63
0.11 95.39 18.69 1.91
24.87 95.44 17.09 1.36
0.38 95.26 18.8 2.44
0.13 95.55 16.41 3.01
0 95.66 14.33 2.92
0 95.71 13.54 1.46
0 95.79 16.17 1.3
0 95.76 17.05 1.92
15.31 95.08 16.77 2.37
38.68 95.04 14.6 2.77
0.04 95.64 14.23 1.56
0.49 95.68 16.35 2.01
85.59 95.85 12.64 1.88
24.16 95.61 13.09 1.66
0 95.53 13.73 1.6
49.67 94.9 14.39 2.46
0.09 95.45 13.58 2.2
1.08 95.36 14.25 2.72
25.27 96.14 6.62 3.86
0.13 96.24 5.74 1.72
46.33 95.38 6.8 1.68
32.93 95.24 7.73 2.3
0 95.57 8.79 1.56
96.38 95.8 7.59 1.46
15.12 96.26 8.3 2.37
0 96.08 9.1 2.01
0 95.66 12.35 1.74
0 95.55 14.12 2.37
0 95.72 16.26 2.26
0 96 13.71 1.63
0.62 95.89 14.31 2.79
0.6 96.84 8.88 3.6
0 96.41 4.75 1.76
0 95.49 8.28 2.25
0 95.02 10.11 4.51
0 95.56 9.75 3.06
0 95.29 12.82 2.42
0 95.4 13.54 2.24
0 95.11 16.41 3.98
0 95.92 7.99 2.91
0 96.3 3.75 1.97
0 95.77 5.81 1.77
0 95 11.19 3.07
0 94.71 13.77 3.11
0 94.92 11.68 1.98
0 96.38 4.75 4.95
0 96.8 2.32 1.6
0 96.23 3.69 1.62
0.05 95.94 8.01 1.77
5.43 96.11 8.54 25.9
2.63 95.85 5.99 1.57
4801.42 95.49 6.98 3.23
4801.47 95.66 4.02 3.9
4801.41 95.45 6.64 2.51
4801.41 95.08 8.06 3.59
4801.41 95.42 6.64 3.17
4801.41 96.69 -0.38 3.12
4801.41 96.67 -1.6 1.58
4801.41 96.26 0.56 1.8
4801.41 96.04 4.02 1.73
4801.41 95.73 3.99 1.57
4801.41 95.38 2.61 3.27
4801.46 95.83 -4.08 5.73
4801.41 95.85 -2.01 2.87
4801.41 96.19 -2.17 1.63
4801.41 96.31 -1.47 1.54
4801.59 96.14 0.83 1.94
4801.41 96.49 -1.45 1.62
4801.41 96.41 -0.65 1.46
4801.41 95.73 1.64 2.83
4801.41 95.15 3.36 3.74
4801.41 95.66 0.74 2.6
4801.41 96.19 -1.75 2.06
4801.48 95.95 1.32 2.79
4801.41 96.34 -2.61 1.89
4801.41 95.45 -2.38 2.12
4801.41 94.98 433.8 4.76
4801.41 96.07 -2.52 2.07
4801.41 95.6 -1.66 1.45
4801.43 95.43 -0.4 2.1
4801.95 95.53 -1.22 5.2
0 96.11 -11.13 6.42
0 95.9 -10.75 3.65
0 95.63 -10.89 5.4
0 95.78 -10.69 4.23
0 95.88 -10.44 3.43
0 96.08 -9.67 2.03
2.57 96.12 -9.26 1.64
0 96.64 -10.31 1.55
0.04 96.51 -7.64 2.73
2.39 95.86 -4.58 4.65
0.07 96.29 -9 2.94
0.02 95.89 -9.87 3.85
0 96.05 -10.76 2.52
0 96.09 -8.9 1.73
0.26 96.02 -8.78 3.58
0 96.11 -12.26 3.51
0.01 96.16 -10.85 2.15
0 96.1 -8.03 2.53
0.15 95.78 -6.1 4.24
0 96.12 -9.99 3.65
0 95.77 -9.83 3.4
0 95.56 -3.63 2.43
0 95.58 -3.09 3.06
0 96.43 -5.25 3.7
0 96.67 -5.23 2.5
0 96.44 -7.87 1.37
0 96.02 -4.45 2.3
0 95.43 -5.12 1.95
0 94.76 -3.81 3.28
0.11 95.47 -6.46 85.11
0.03 96.21 -10.46 5.23
0.12 96.21 -10.97 2.78
0 96.14 -7.03 2.98
0 94.9 -2.51 3.7
0 95.14 -3.01 1.82
0.66 95.47 -2.69 4.77
0 96.03 -7.42 3.09
0 96.4 -9.19 1.62
0 96.3 -8.82 1.86
0 96.16 -5.78 2.33
0.06 95.71 -4.32 3.06
0 96.75 -7.39 2.35
0 96.9 -8.82 1.73
0 96.43 -5.6 1.84
0 96.59 -8.57 1.75
0.34 96.24 -9.19 1.81
2.64 96.22 -9.76 3.48
0 96.34 -8.95 1.96
2.24 95.22 -4.88 3.38
0.02 95.88 -8.22 1.93
0.04 95.79 -7.42 2.09
1.12 96.32 -7.39 2.3
0 95.8 -8.01 1.8
0 95.26 -3.7 3.11
0 96.15 -6.37 1.98
1.74 95.77 -4.78 1.41
3.68 96.35 -8.35 3.78
0 96.89 -11.84 2.79
0 96.74 -11.76 1.96
0.08 96.13 -8.15 3.52
0 96.75 -10.16 3.51
0 97.03 -9.24 1.74
0 96.83 -8.05 1.59
0 96.67 -7.58 1.55
0.09 96.53 -4.83 2.45
0.06 96.45 -6.23 3.35
0 96.34 -3.97 2.78
0 95.71 -1.41 2.95
0.03 96.55 -10.13 5.42
0 96.66 -11.56 3.5
0 95.93 -6.03 2.65
0 95.27 -3.21 2.2
0.01 95.3 -5.72 3.29
0 95.51 -6.13 2.38
0 95.13 -4.75 1.84
0 94.93 -0.51 2.32
0.02 95.61 -3.23 1.5
11.27 95.36 -1.12 2.63
0.01 95.97 -1.58 4.39
0 96.62 -3.39 2.51
0 96.13 -3.69 2.96
12.1 95.32 -0.28 3.54
20.71 94.78 -0.59 5.5
0.13 95.19 -5.59 5.6
0 95.47 -6.12 1.99
0 95.1 -5.75 1.92
0.58 95.56 -6.99 3.11
0 95.96 -8.75 3.49
0 96.61 -6.71 1.94
3.38 95.66 -2.53 4.83
0 95.32 -0.7 3.13
0.04 94.91 -2.63 2.48
0.14 95.58 -6.44 5.91
0 96.11 -6.19 2.8
0 95.85 -3.17 3.03
0 95.18 1.61 4.36
0 95.49 1.78 2.82
2.03 96.05 -2.9 3.23
0 96.86 -9.22 5.74
0 96.21 -4.26 3.27
0 95.83 -3.65 3.74
0 95.35 -2.96 2.89
0 126.21 429.62 433.8
0 95.47 0.45 3.56
0 95.1 5.7 3.75
0 95.02 5.87 3.2
0 95.77 3.28 2.52
0 95.05 6.65 2.94
0 95.3 6.67 3.68
0 95.43 5.85 2.57
0 95.37 6.54 3.94
0 96.32 2.21 4.05
0 96.5 3.08 2.79
0 96.69 3.81 1.66
0 96.45 7.71 2.85
0 96.24 12.57 4.07
0 95.45 13.27 4.96
0 95 12.3 3.68
0 95.15 10.62 3.25
0 94.68 14.16 4.17
6.61 95.65 6.77 3.17
0 95.76 5.05 1.7
197.36 94.23 2.52 2.38
0.82 95.03 4.21 2.35
1.78 94.99 5.34 1.83
0.15 95.49 4.21 4.52
0 96.63 -0.49 4.12
0 96.6 0.4 3.23
0 95.83 4.69 2.86
0.09 95.56 7.84 2.99
0.13 95.76 8.13 2.25
22.07 95.96 7.12 3.51
180.88 96.54 -0.23 4.4
0.58 96.16 3.47 2.12
0 94.57 11.26 1.96
0.62 93.72 14.24 4.2
1.77 94.6 8.78 5.53
0 94.67 11.52 2.34
0.04 94.95 12.73 2.77
0.02 95.41 10.84 3.57
0.01 95.05 11.37 3
0.04 94.95 11.59 2.55
0 95.21 14.18 3.94
0 95.38 14.44 5
0 95.67 14.51 2.61
0 95.05 20.67 4.12
0 94.67 23.94 4.3
19.8 94.39 20.45 4.15
18.86 95 16.5 2.5
0 95.05 19.04 2.24
0 94.96 20.68 2.8
11.75 94.75 17.26 3.67
23.08 94.82 15.57 2.18
0 95.09 13.3 5.11
0 94.93 13.78 4.43
0 94.36 14.97 5.59
0 94.92 12.51 2.57
0.45 94.83 13.05 4.92
21.08 95.14 7.56 2.19
0 95.51 8.85 1.67
73.23 95.39 8.46 2.46
67.04 94.47 7.5 1.95
13.55 93.22 11.09 3.84
0.37 93.3 19.04 3.5
1.61 94.6 16.28 5.35
0.02 95.22 15.98 4.15
0 94.66 18.56 3.31
18.3 93.82 19.03 4.02
28.24 93.99 14.96 5.17
1.21 94.39 13.58 5.69
0 95.22 18.23 4.08
0 94.87 21.43 3.17
0 94.72 22.22 2.71
1.64 94.65 22.29 2.51
0.08 94.48 24.57 3.26
0.33 94.39 25.58 3.99
4.79 94.54 24.09 2.76
0.17 94.54 23.08 3.1
4.22 94.21 23.45 3.79
0.65 94.52 21.05 3.5
0 94.62 20.03 2.57
0 93.81 24.8 6.45
8 94.28 22.64 2.99
1.96 94.83 19.31 3.94
0 95.05 21.44 2.99
69.23 94.31 18.05 3.2
38.57 93.79 18.81 2.52
53.47 94.29 18.41 2.44
0.29 94.61 19.66 3.46
2.12 94.34 19.7 2.64
5.4 94.36 18.75 2.07
108.73 94.12 16.79 2.55
194.11 93.63 15.64 2.22
52.85 93.71 16.51 1.71
80.73 94.58 17.27 2.25
0.57 94.85 20.53 1.9
18.05 94.69 22.01 2.06
0.32 94.4 22.94 1.87
163.82 94.42 19.72 2.49
5.8 94.6 18.76 3.44
88.73 95.05 16.63 2.67
0.06 95.14 21.29 2.34
0 94.77 23.42 1.87
4.75 94.51 23.94 2.85
0.3 94.65 23.6 2.52
11.34 94.45 23.69 2.95
15.42 94.17 21.65 2.29
90.18 94.13 20.83 2.11
1.17 94.57 21.96 1.6
4.59 94.62 23.74 2.16
175.33 94.78 17.5 2.11
31.06 94.19 18.11 1.79
33.88 93.76 18.96 3.13
5.47 94.32 16.98 3.24
0.11 94.89 18.59 2.22
61.15 94.88 19.54 2
13.32 95 20.35 1.67
0 94.98 22.29 2.03
0.25 94.83 23.79 2.11
3.6 94.99 24.68 2.12
0.21 95.22 25.78 2.43
4.03 95.05 23.96 2.64
0.68 94.76 25.27 2
1.32 94.25 26.32 2.3
0.22 94.07 26.51 3.32
8.86 94.41 26.28 2.6
24.7 94.82 23.87 2.27
31.89 95.01 21.05 2.2
17.81 94.86 21.77 1.65
89.55 94.69 22.43 1.75
80.58 94.83 22.47 2.07
38.97 94.75 22.98 2.36
25.35 94.48 23.82 2.22
60.04 94.46 22.86 2.02
10.39 94.46 22.83 1.49
16.32 94.28 22.79 1.75
6.87 94.09 24.07 1.98
7.72 94.47 25.16 2.38
22.83 94.57 24.66 2.02
41.24 94.33 24.16 2.35
116.44 94.31 23.7 2.24
255.14 94.7 21.33 2.43
9.61 94.91 22.29 1.65
1.74 94.72 23.36 1.81
28.31 94.23 24.94 3.02
0.14 94.22 23.11 2.1
1.52 94.08 24.84 2.52
2.97 94.25 25.42 3.16
18.52 94.64 24.24 2.19
17.42 95.19 22.62 2.42
42.11 95.23 23 1.73
13.38 95.13 23.93 2.18
0 95.16 23.81 2.01
0 94.99 24.18 1.53
0 94.82 24.49 1.51
0 94.51 25.56 1.79
1.51 94.3 25.51 2.28
0.03 94.59 23.86 2.32
0 94.65 23.73 1.68
1.12 125.22 452.05 433.27
53.59 125.54 452.12 433.42
88.44 95.11 20.21 1.96
22.2 94.82 19.43 2.22
5.67 94.63 20.32 2.31
44.64 94.74 19.9 1.8
10.22 95.06 20.25 1.86
27.14 95.28 19.86 1.97
10.04 95.21 20.28 2.24
43.02 95.08 20.02 2.34
0.04 95.01 20.61 2.42
22.34 94.87 19.9 1.85
6.3 95.02 18.77 1.45
16.4 95.17 18.88 1.62
142.62 95.36 17.75 1.6
101.62 95.4 18.44 2.2
2.4 95.37 20.82 2.27
0.28 95.53 19.77 1.97
13.68 95.37 18.25 1.45
48.85 95.2 17.32 2.18
0.02 95.34 17.35 1.85
0 95.23 19.3 1.45
2.3 95.39 20.66 2.38
22.92 96.06 16.1 2.19
2.11 95.98 14.85 1.67
48.99 95.42 13.42 1.76
14.01 95.37 14.28 2.65
0 95.3 19.45 2.28
0 95.62 19.53 2.45
0 95.75 19 2.71
0 95.58 19.39 2.34
4.27 95.57 19.48 1.54
10.01 95.63 18.69 2.04
0.01 95.72 16.7 2.03
3.13 95.2 16.65 2.27
4.25 95 19.19 2.45
46.59 94.86 17.86 2.98
33.42 94.97 14.39 2.07
37.69 94.91 14.88 1.87
14.75 94.9 15.6 3.05
0 95.16 14.16 2.33
0 95.36 16.2 2.53
0.2 96.19 13.66 1.55
3.05 96.65 11.3 1.92
7.18 95.52 15.1 3.15
52.5 94.79 11.17 5.31
0.05 94.71 13.73 4.4
0 95.7 11.32 1.91
0 96.01 14.05 2.41
0 95.52 17.6 3.51
0 95.42 17.74 2.12
0 95.19 17.99 3.24
0 95.52 10.45 3.76
0.41 94.85 6.02 3.16
3.48 95.02 5.76 5.18
4.65 95.33 9.95 4.55
0 95.73 11.92 2.32
0 95.8 12.89 1.82
0 95.55 13.72 1.75
0 95.49 14.41 1.68
0 95.51 15.36 2.52
3.18 95.65 13.63 2.97
0 96.41 6.14 2.67
0 95.3 10.33 2.75
28.75 95.88 5.54 1.86
21.91 96.2 5.08 1.95
1.54 102.77 105.78 50.81
0 102.25 106.2 50.73
0 96.44 7.13 2.3
0 96.38 4.61 1.67
7.45 95.15 7.44 5.1
0 95.21 4.01 3.43
0 95.81 1.92 3.37
0 96.14 0.24 3.83
0 96.57 0.52 2.7
0 96.62 3 1.51
0 95.96 5.28 1.65
0 95.77 6.06 1.25
0 95.73 8.92 3.68
0 95.92 10.1 3.18
0.63 97.06 1.48 3.81
56.83 97.13 -3.5 3.02
33.94 96.73 -3.52 3.34
6.56 96.25 -3.08 2.01
0.26 96.29 -2.99 1.37
0 96.45 -3.12 1.29
0 96.6 -1.37 1.43
0.11 96.44 1.15 1.31
0.01 95.73 3.14 1.94
0 95.09 5.77 2.6
0.35 95.95 2.39 2.31
5.05 95.8 -2.29 2.54
0 96.48 -4.52 2.38
5.69 96.38 -5.93 2.29
9.96 96.37 -7.28 2.18
5.97 96.37 -8.33 1.97
6.15 96.86 -8.72 1.69
19.26 97.32 -11.15 2.66
9.37 97.39 -12.55 3.06
0.08 97.28 -14.65 2.07
0.01 96.42 -14.17 2.64
0 96.34 -13.84 2.79
0.06 95.86 -11.6 1.35
0.25 96.31 -9.71 1.44
11 96.01 -5.32 2.31
0 95.91 -7.44 1.61
0.39 95.23 -3.17 2.27
0.11 95.03 -5.2 4.77
0.29 95.32 -7.25 5.57
0 95.69 -4.69 3.72
0 96.36 -5.06 2.12
0 96.51 -7.75 1.47
0 96.67 -9.02 1
0 96.24 -3.41 2.23
2.84 95.89 0.61 2.83
0.01 96.15 -1.07 3.82
0 96.48 -6.51 1.71
0 96.14 -6.23 1.45
0 96.26 -6.57 1.09
4.22 95.58 -4.92 2.86
0.03 95.65 -6.31 4.29
0.04 96.22 -8.2 5.4
0 96.29 -7.46 2.88
0 96.76 -5.54 1.9
0 96.74 -6.08 1.52
0 95.86 -3.21 2.36
0 96.09 -5.17 1.68
0 96.19 -7.69 1.58
0 96.08 -5.28 2.17
0 96.19 -9.01 2.22
0.01 95.15 -7.08 3.01
0 96.2 -12.33 3.73
0 96.95 -14.35 2
0 96.68 -8.32 2.06
0.24 96.25 -5.78 1.55
2.19 96.5 -7.14 1.41
0 96.49 -8.06 1.93
0 95.63 -2.61 2.5
0.01 95.63 -5.62 1.34
2.39 95.83 -8 1.91
0 96.29 -10.37 3.57
0 96.11 -11.79 2.55
0 96.39 -9.86 3.06
0 96.23 -9.67 3.14
0 96.03 -10.16 2.77
0 95.79 -9.89 2.18
0 96.54 -11.85 3.07
0 96.79 -12.8 2.65
0 96.27 -12.43 3.18
0.07 95.61 -11.21 3.79
0.11 95.36 -10.82 2.49
0 95.42 -11.49 1.75
15.35 96.05 -14.75 2.49
2.05 96.05 -18.33 2.65
0 95.68 -18.63 4.06
0 96.3 -18.09 1.76
0 96.81 -17.66 1.43
0.85 96.75 -17.01 1.92
0.62 97.25 -20.21 3.22
0 97.15 -23.36 4.91
0 96.64 -15.29 4.45
0 96.07 -10.23 2.9
0 95.94 -11.34 3.35
0 96.02 -9.73 3.25
0 96.55 -12.49 1.88
0 97.01 -15.67 1.82
0 96.79 -16.27 2.23
0 96.84 -13.16 3.01
0 96.71 -10.79 2.64
0 96.35 -9.06 2.12
0 96.12 -8.34 2.54
0 96.33 -8.26 3.52
0 96.26 -8.48 3.62
0 96.18 -7.08 2.67
0 95.29 -6.86 2.67
0.01 94.91 -3.93 3.39
0 95.58 -2.93 2.7
0 95.25 1.2 2.81
0.08 95.17 1.31 2.24
2.55 95.42 0.58 2.95
30.7 96.14 -7.78 5.88
0 96.21 -12.04 5.17
0 95.58 -9.16 3.81
0 95.45 -4.97 4.09
0 95.4 -2.13 3.74
0 95.36 -3.3 3.73
0.12 96.22 -6.57 3.45
0 96.19 -8.76 3.79
0 96.05 -9.38 2.58
0.01 96.17 -6.57 3.23
0 97.06 -10.21 2.36
0 96.68 -8.77 2.54
0 96.61 -8.12 2.95
0.08 95.94 -6.4 3.09
0.02 96.03 -6.69 1.97
0.12 96.32 -7.8 3.99
0.07 96.57 -8.41 3.35
0.04 95.65 -0.93 2.91
0 95.27 2.16 2.31
0 95.23 1.05 2.5
0.2 95.62 -0.23 1.45
36.62 95.42 0.83 3.74
0.03 95.45 -0.99 2.45
3.97 95.7 -3.68 4.14
0 96.47 -7.33 4.52
0 96.57 -7.17 3.59
0.03 96.34 -6.3 3.36
0 95.82 -5.14 2.02
0 95.2 -0.93 4
0 95.94 -1.44 2.63
0 95.77 1.44 2.41
0 95.21 4.97 2.9
0 95.06 8.47 3.39
0 94.67 10.05 5.06
0 95.08 7.72 4.12
0 95.98 4.14 1.98
0 96.2 5.74 1.93
0 95.83 8.77 2.77
0 96.18 5.81 4.4
0.02 96.75 2.41 4.9
0 96.77 2.41 3.32
0 96.44 3.21 3.03
0 96.03 7.69 3.02
0 95.46 9.46 2.4
0 94.82 11.34 4.04
0.94 95.3 7.69 3.43
0 95.28 8.94 3.2
0 94.35 15.36 4.78
11.31 94.59 10.83 5
0.82 95.66 6.68 4.01
0 95.67 8.25 3.43
0 94.85 10.85 3.7
0.08 95.15 10.42 2.65
0.86 94.54 12.58 4.78
0 94.88 10.48 4.49
0 94.83 12.13 5.69
0 95.11 7.57 3.11
0 95.74 5.45 3.4
0 95.27 7.01 4.44
26.07 94.39 8.78 2.65
0.15 94.12 10.73 4.9
0 95.23 11.44 3.52
0.32 94.75 15.38 4.98
17.95 94.68 10.68 3.9
2.16 94.67 6.67 4.33
6.85 94.98 6.77 2.53
3.07 95.31 8.39 3.46
0.03 94.95 13.9 2.85
0 94.11 15.71 5.89
0 94.65 11.35 5.95
0 95.19 11.33 2.91
0 94.67 14.48 4.65
0.71 95.47 11.07 3.14
29.35 95.7 8.99 2.07
1.69 95.3 12.45 1.81
0 95.44 13.02 2.35
28.95 94.65 13.28 2.68
0.07 94.26 17.05 2.76
25.84 93.98 21.25 4.03
155.43 94.76 11.54 2.56
77.74 93.88 11.39 5
0 94.39 15.94 3.18
17.91 94.4 15.37 4.76
0.04 94.68 13.34 6.04
0 95.45 15.77 2.76
0 94.9 18.61 4.4
1.03 95.06 17.1 2.42
0 94.77 17.39 2.23
1.43 93.96 19.97 4.47
173.65 94.67 11.75 4.42
0 95.57 14.81 3.72
27.05 95.2 12.23 3.97
1.41 95 12.95 3.47
0 94.49 18.22 3.25
0 94.61 23.34 3.64
0 94.9 24.17 4.35
0 95.12 22.68 3.87
0 95.28 22.36 3.67
0.03 95.95 19.49 3.6
0.03 95.87 18.55 2.59
38.96 95.01 15.17 1.88
23.53 93.95 16.01 4.66
10.71 94.23 18.63 3.32
0.24 94.7 18.87 4.38
0 94.64 21.89 4.46
0.08 94.25 24.2 4.26
0 94.61 19.44 4.25
0 94.32 22.39 4.25
15.52 95.11 17.4 2.22
0 95.18 20.13 1.65
0 94.8 23.42 2.7
0.01 94.47 24.37 3.28
0.03 94.62 22.9 2.78
0.16 94.87 23.2 2.24
19.94 95.02 19.78 3.28
5.48 95.08 19.34 1.95
0.07 94.81 21.9 2.53
19.01 94.51 21.41 3.97
106.63 94.27 20.28 4.52
37.18 94.75 18.2 2.42
9.34 94.65 19.62 2.01
3.84 94.31 19.88 1.97
125.31 94.22 15.71 2.18
17.18 94.24 18.34 2.01
2.33 93.86 20.16 2.36
45.33 93.9 20.64 1.91
2.93 94.44 20.99 2.86
0.02 94.54 23.54 2.45
21.02 94.2 25.09 2.88
30.5 94.22 24.06 2.58
31.02 94.24 22.89 2.24
19.93 94.49 21.35 2.86
5.54 94.53 21.36 3.69
0 94.69 24.39 2.92
0 94.65 24.84 1.98
25.62 94.39 23.41 2.58
56.64 94.5 19.6 3.11
104.83 94.35 20.52 2.35
56.12 94.38 20.54 1.96
0 94.53 20.9 1.86
0.22 94.5 22.47 1.63
0 94.62 25.44 2.77
0 94.79 24.89 2.86
1.95 95 25.22 1.9
0 95.09 26.59 1.82
0 95.02 27.01 2.8
0 94.77 26.66 2.67
0 94.53 27.91 2.01
0 94.29 28.92 2.54
5.38 93.97 29.23 3.57
92.28 94.24 22.5 2.1
1.18 94.56 24.61 2.47
1.01 94.91 23.06 2.66
6.3 94.6 20.14 2.07
4.71 94.46 19.8 2.2
3.04 94.74 21.96 1.73
0.13 94.74 23.87 2.12
24.33 94.82 23.81 2.6
220.12 94.92 21.2 2.3
819.79 94.44 21.24 2.63
39.59 94.21 23.52 1.76
7.73 94.09 26.71 2.79
0.34 94.6 26.04 2.09
456.58 94.63 20.88 2.7
3.64 94.51 22.46 1.56
2.35 94.29 24.17 2.25
32.02 94.27 23.99 2.23
24.71 94.64 23.58 1.8
139.34 94.9 23.75 2.03
56.29 95.03 22.32 1.71
28.2 95.13 22.96 1.97
0.29 95.13 24.77 1.64
0 95.07 26.23 1.48
0 95.02 27.08 1.84
0 94.93 26.95 2.07
312.4 94.65 25.58 2.07
170.18 95.02 23.61 2.37
0 95.13 22.43 1.37
0 94.76 23.97 2.34
0 94.55 27.07 3.51
0.82 94.56 28.88 3.39
14.1 94.63 25.69 2.32
0 94.59 24.92 1.78
0 94.85 24.2 1.92
4.53 94.77 23.38 1.56
82.58 94.62 21.95 2.03
5.67 94.49 22.83 1.42
254.46 94.45 20.45 1.75
16.7 94.87 21.41 2.24
17.71 95 22.01 1.7
0.9 95.13 23.07 1.83
1.78 95.22 23.5 1.58
13.51 94.75 21.46 1.67
18.71 94.56 23.56 2.15
135.54 95.29 18.07 3.87
0 95.58 18.18 2.15
3.84 95.25 18.28 2.07
2.93 95.21 19 2.08
0 95.37 18.38 2.2
0 94.81 18.07 2.2
18.85 93.75 16.68 4.02
24.88 93.61 15.8 2.6
8.39 94.27 19.16 1.56
24.59 94.79 18.55 1.2
98.5 95.05 17.81 1.55
56.71 94.97 17.52 1.44
17.59 94.84 19.2 1.57
2.46 94.59 19.13 1.64
7.27 94.67 18.23 1.68
43.92 94.97 16.92 1.69
15.48 95.14 16.61 1.73
49.76 95.5 15.62 2.06
16.11 95.75 16.18 1.45
2.52 95.69 17.37 1.39
42.93 95.49 18.87 1.81
0.03 95.37 19.82 1.71
4.07 95.45 18.7 1.97
2.21 95.87 16.41 2.07
19.43 96.02 14.24 2.26
0.12 96.05 14.12 2.43
0 95.91 14.31 1.49
0.91 95.71 14.81 2.16
4.24 95.34 16.79 2.24
3.5 95.04 18.58 2.09
1.58 94.77 20.38 3.51
0.05 95.45 17.42 2.17
9.92 95.25 17.24 1.95
2.33 95.96 12.31 4.56
0 96.4 8.59 2.31
0.04 95.62 10.22 2.37
0.07 95.27 15.87 2.13
5.8 95.12 18.99 3.58
3.11 95.16 15.87 2.07
0.91 95.14 15.64 3.28
90.47 95.71 7.83 2.33
14.74 95.79 6.72 2.07
0.53 96.36 8.65 1.57
58.8 95.51 10.61 2.77
0.91 95.7 6.42 4.67
0 95.94 5.12 1.86
0.66 95.53 6.61 1.87
0 96.07 6.07 59.88
0.35 96.05 7.69 1.57
0 95.64 12.2 1.54
0 95.72 13.58 1.73
0.17 95.89 15.2 2.76
6.71 95.37 14.33 4.01
0 95.84 10.16 2.16
0 95.6 12.18 1.94
0 95.45 13.26 2.49
1.63 96.35 5.02 2.81
39.54 95.74 5.53 1.83
45.13 96.4 2.31 2.89
0 96.05 2.79 1.49
0 95.41 3.99 1.49
0 95.03 8.73 3.19
0 96.21 3.53 2.14
25 96.25 3.02 1.33
12.2 96.43 2.62 3.06
0.21 96.53 0.65 2.67
3.45 96.22 0.07 3.4
0 97.03 -4.58 3.08
0 96.67 -2.84 2.55
0 95.95 1.02 3.21
0 95.4 2.23 1.83
0 94.51 4.17 1.68
0 95.52 2.02 2.93
0.17 96.35 -0.79 2.03
6.64 96.57 -1.4 3.33
0 96.95 -3.58 1.77
0 96.34 -1.85 2.28
2.36 94.89 2.83 3.68
2.15 95.11 -1.02 1.8
0.28 95.64 -0.77 1.53
0 95.12 4.34 3.64
0 95.78 1.71 4.9
0 96.06 -2.93 2.1
0 95.79 0.47 2.46
0 95.73 -0.52 2.43
0.29 95.18 1.02 2.55
2.53 95.67 -3.93 2.27
26.05 96.23 -7.02 1.77
55.23 96.56 -9 2.76
0 96.94 -11.22 2.97
0 96.63 -10.48 2.76
0 96.15 -8 2.73
0 95.8 -5.58 2.07
0 95.34 -2.26 3.45
0 96.13 -5.77 3.21
0 96.56 -4.37 1.74
0.08 96.84 -4.9 1.86
4.34 95.7 -0.74 3.58
0 96.45 -3.2 3.61
0 96.17 0.48 2.75
0 95.43 2.94 3.37
0 95.51 -0.9 2.67
0.42 96.15 -5.35 3.48
0 95.62 -5.25 3.07
0 95.83 -6.24 2.3
2.58 95.23 -3.65 3.53
0 96.19 -7.23 2.21
0 96.33 -7.84 1.42
0 95.74 -5.47 2.79
6.67 96.05 -3.46 2.46
0 96.66 -8.52 3.4
0 96.6 -10.01 2.17
0.01 96.59 -8.95 2.96
0 95.81 -4.58 2.58
0 95.77 -4.27 1.21
0 95.93 -3.9 1.05
0 95.98 -3.42 1.21
0.03 96.32 -3.16 1.31
0.09 96.34 -4.82 2.59
3.75 95.99 -9.25 3.78
0 96.41 -10.08 2.52
0 96.32 -10.05 1.33
0.03 96.12 -5 3.51
1.52 96.77 -9.08 3.64
0 96.67 -11.17 2.14
0 96.36 -9.44 3.95
0 96.59 -8.91 3.02
0 96.1 -7.54 1.8
0 95.97 -6.6 1.54
0 95.76 -2.72 3.16
0 95.93 -4.55 2.32
0 95.6 -1.96 2.82
0 96.2 -5.25 1.49
0 96.52 -6.87 1.37
0 96.04 -3.61 1.51
8.41 96.07 -3.83 1.61
9.57 95.65 -4.52 2.19
0.01 95.82 -7.43 3.38
0 96.07 -10.18 3.7
0 95.82 -10.14 2.79
0.01 95.55 -11.02 2.73
0 95.7 -10.18 4.45
0 96.64 -11.58 2.09
0.11 96.62 -13.19 1.38
0.02 96.53 -12.6 1.43
0.18 96.32 -10.58 2.02
0 96.64 -11.15 1.75
15.35 96.31 -12.29 2.66
0 96.4 -13.36 2.22
0 96.01 -12.31 4.38
0 96.69 -13.62 2.55
0 96.82 -13.88 1.59
0 96.93 -12.45 1.3
0 96.33 -7.87 1.79
0.04 95.58 -3.64 4.77
0 96.12 -6.59 3.53
0 95.57 -7.17 2.7
0.21 96.38 -10.93 4.14
0 96.72 -9.89 3.42
0 96.14 -7.58 3
0 96.87 -7.91 3.36
0 96.28 -5.28 2.19
0 95.7 -3.78 1.74
0.32 95.34 -0.78 2.41
0 95.71 -5.27 3.45
0.01 96.64 -6.42 2.46
0.01 96.59 -7.45 1.11
0.03 96.38 -8.28 5.53
0.01 95.92 -9.31 5.69
0 96.11 -9.01 4.67
0 96.22 -6.98 2.98
0 96.2 -6.27 1.73
0 96.69 -4.7 1.71
0 96.56 -3.52 2.02
0 95.38 2.3 3.51
2.77 95.69 -2.74 4.36
0 96.31 -6.66 3.12
0 95.72 -5.22 2.64
0 94.64 -2.24 4.7
0 96.42 -6.93 4.31
9.09 96.23 -6.25 2.78
13.91 95.57 -3.67 4.33
0 96.08 -4.43 3.69
0 95.81 -2.07 3.47
0 95.76 -0.7 3.19
0 95.97 -0.66 1.63
0 95.62 1.67 2.98
0 95.57 1.14 2.93
0.66 95.96 -4.16 3.8
0 95.19 -0.64 2.62
0 95.26 0.08 1.63
0.03 95.47 -2.88 2.39
0.15 95.88 -4.79 3.76
0.04 95.64 -6.92 3.84
0 95.65 -4.85 4.54
0 95.17 -0.14 3.77
0 94.98 0.96 3.03
0 95.2 3.45 2
0 95.46 4.69 3.01
0 96.27 0.1 4.48
0 96.3 1.09 2.84
0 96.26 1.66 2.18
0 95.99 3 1.67
0 95.62 3.59 1.78
1.04 95.51 4.45 2.05
0 96.04 5.65 1.96
0.12 96.14 5.05 2.22
0.74 96.17 2.28 3.37
0 96.02 1.94 2.15
0 95.77 3.18 2.13
0.67 96.16 2.15 1.6
5.47 95.85 1.46 1.44
1.95 95.67 3.08 2.47
0.47 95.6 2.27 2.18
0 95.78 3.18 2.55
0 95.58 5.6 2.47
0 95.5 9.32 3.61
0.08 96.3 4.43 2.69
0 96.11 4.79 2.13
0 95.51 5.98 1.75
0 95.53 9.42 2.06
0 95.45 12.72 3.1
0 95.14 16.45 3.87
0.48 94.89 14.1 3.54
2.02 94.94 11.06 3.48
0.81 95.03 10.29 2.73
0 95.76 9.12 3.55
0 95.75 9.15 2.11
0 94.76 13.19 3.66
0 95.31 8.45 4.09
0 95.24 7.4 2.52
0 94.6 12.56 4.23
0 94.18 15.31 3.1
0 94.62 16.61 3.24
0.22 94.96 14.65 3.14
1.62 93.87 14.77 4.78
0.28 94.05 8.44 5.83
2.38 94.45 8.1 3.16
2.35 94.79 9.88 3.46
0 95.22 10.44 2.32
0.01 94.56 13.69 5.06
0 94.8 10.38 2.95
0 95.11 9.62 3.3
0.01 95.77 9.18 3.57
0 95.8 10.83 4.72
0 94.98 15.33 4.47
0 94.44 17.37 3.24
0 94.1 20.91 4.29
0 94.97 17.32 2.57
0 95.34 18.01 2.56
0 95.29 21.27 3.89
1.86 95.21 19.02 5.28
14.96 95.16 15.08 3.38
18.37 94.86 10.25 5.9
0 95.08 11.25 6.21
0 94.95 18.23 4.07
0 94.65 20.72 2.55
0 94.41 20.5 4.35
0.34 94.4 19.22 3.14
0.03 94.54 15.68 5
0 94.41 13.56 4.55
1.31 94.62 12.9 4.65
0.19 95.34 14.32 4.84
0 95.31 16.77 2.39
0 94.53 20.11 1.84
0 94.35 23.81 2.35
0 94.35 28.55 4.02
1.72 94.71 26.8 3.41
1.08 94.98 24.02 2.99
5.34 95.31 16.25 3.58
187.61 95.43 10.14 2.36
0.03 95.21 16.58 2.29
0.01 94.79 19.73 2.17
0.07 95.31 15.72 3.23
0 94.87 19.05 2.47
0 94.49 21.48 2.9
0 94.75 22.39 3.79
22.07 95.08 17.25 2.65
0.67 94.54 20.04 3.08
16.63 94.07 20.22 3.02
0 94.56 17.71 3.41
97.95 94.88 11.64 1.93
0 94.99 15.97 2.35
0 94.99 20.22 2.49
0 95.14 21.71 2.26
23.97 94.84 15.72 2.36
0.93 94.57 18.72 2.67
0.38 94.45 22.15 3.83
0 94.54 21.35 3.65
0 94.91 19.31 1.96
7.33 95.06 18.46 1.84
26.39 95.35 18.63 1.77
0 95.37 20.94 2.04
0 94.93 27.03 2.44
0.16 94.65 27.78 1.75
2.76 94.5 26.82 2.86
10.46 94.41 24.55 2.51
42.25 94.41 21.6 2.88
95.43 94.32 19.66 1.93
9.21 94.37 20.29 2.41
0.47 94.54 21.78 2.25
69.64 94.91 18.92 1.53
106.76 94.8 17.48 1.65
5.65 94.54 19.28 1.45
4.8 94.5 21.8 1.44
0 94.67 24.17 1.7
13.6 94.56 25.25 3.03
16.44 94.59 26.37 3.24
0.08 94.48 27.13 3.19
9.36 94.36 27.16 2.77
21.93 94.24 27.27 2.45
42.42 94.43 24.79 2.41
0.45 94.53 25.55 2.06
17.92 94.69 24.5 1.81
59.42 94.85 22.97 1.51
66.01 94.62 23.99 2.62
582.39 93.79 23 2.48
27.3 93.76 24.78 2.97
58.94 93.94 24.32 2.53
0.56 93.88 24.4 1.85
0 94.16 25.67 2.2
0.46 94.23 28.52 2.63
59.96 94.03 28.02 3.46
19.64 94.44 25.54 2.12
15.95 94.78 26.13 1.73
0 94.9 27.18 1.88
0 94.83 28.24 2.07
0.01 94.56 28.47 2.92
37.87 94.33 26.53 2.78
38.92 94.32 22.99 2.58
56.8 95.05 21.47 2.17
20.12 95.04 21.41 1.58
2.9 94.58 23.73 1.21
2.06 94.69 23.88 1.62
0.49 94.91 24.19 1.92
25.7 94.58 22.3 2.52
1.04 94.78 23.07 2.37
0 95.28 23.26 1.63
0 94.85 23.59 1.63
65.34 94.45 23.68 2.82
0.05 94.62 25.25 1.94
0.7 94.69 26.08 2.45
32.35 94.43 25.3 2.09
811.83 93.86 23.37 2.15
13.85 94.26 24.51 1.48
69.97 94.31 24.52 2.21
36.88 94.15 22.86 1.94
3.41 94.2 23.93 2.13
26.5 94.07 22.8 1.55
40.7 93.9 20.77 1.56
9.89 93.99 23.27 1.45
9.49 94.39 24.1 2.47
45.07 94.77 22.95 2.02
0.35 94.92 23.61 1.7
23.78 94.85 22.19 1.65
19.86 94.75 21.78 1.58
279.18 94.82 19.73 2.14
68.1 94.97 20.69 1.87
31.56 95.12 21.58 1.73
24.71 95.15 21.96 1.8
7.07 94.79 22.42 1.8
1.01 94.52 25.47 1.95
40.47 94.97 22.86 2.18
275.23 94.86 19.42 2.06
0.03 94.88 20.43 3.44
0 94.97 18.49 3.48
0 95.29 19.29 2.09
18.05 95.03 16.78 2.81
6.6 95.44 16.22 2.72
0 95.59 14.81 2.16
0 95.3 17.14 2.12
0.61 95.3 17.46 1.66
3.5 95.13 19.79 1.84
9.51 95.18 19.39 1.88
6.17 95.08 19.96 2.52
2.58 94.92 21.01 2.77
0.04 94.79 20.5 3.51
0 94.71 19.29 1.74
0 94.51 21.3 2.13
0.93 95.04 18.71 2.64
6.01 95.09 18.58 2.04
73.65 94.98 17.04 1.75
0.03 95.21 16.69 2.12
0 95.61 15.66 1.79
0 95.86 16.37 1.69
2.81 95.8 18.44 2.3
5.37 95.62 18.86 2.08
0.83 95.2 19.21 2.67
0.02 95.02 17.42 2.31
0 94.46 19.25 2.2
0.17 94.91 16 2.91
0 95.29 15.46 1.76
0.74 94.65 19.28 3.02
25.63 94.67 17.06 3.48
0 94.86 17.94 3.72
0.12 95.14 18.32 2.47
14.82 95.12 16.31 2.43
27.08 95.4 13.31 2
0.06 95.37 10.25 2.26
0 95.26 9.38 3.39
0 95.09 10.32 2.37
0 95.22 13.67 2.6
0.07 95.38 15.6 3.72
0 96.14 9.24 2.52
0 96.49 8 1.97
0 96.26 9.68 2.42
0 95.57 14.02 3.57
0 95.34 15.15 3.1
0 95.65 14.04 1.97
19.91 95.94 12.27 1.53
122.19 96.56 8.86 3.26
24.46 96.59 5.33 2.78
0.74 96.38 5.08 2.94
0.9 96.02 4.67 2.23
0 95.89 6.35 2.92
0.01 96.48 4.95 1.23
28.74 96.52 6.73 1.79
0.1 96.86 5.49 1.69
0 96.64 6 1.69
3.42 95.99 8.75 1.75
0.05 95.78 9.08 1.3
0 95.49 11.42 2.45
0.01 96.18 7.43 1.92
8.44 96.29 4.25 1.83
0.08 96.28 5.3 1.76
0 96.09 6.93 1.88
0 96.16 7.97 1.34
0 95.54 10.26 1.62
0.02 95.39 10.94 1.85
0 96.24 6.99 4.39
0 96.78 2.07 3.57
0 96.24 5.19 2.33
0 95.35 8.22 2.92
