0.55 95.19 -16.5 1.23
0.02 95.87 -17.19 1.39
22.16 95.71 -19.19 1.44
7.23 95.95 -18.42 2.85
0 96.25 -19.92 1.86
0.01 96.45 -20.45 1.85
0.06 96.55 -18.07 1.18
23.32 95.92 -16.94 0.89
7.1 96.12 -16.87 1.05
0 96.38 -16.58 1.23
0 96.37 -16.02 2.64
0 95.79 -18.45 2.75
0 95.81 -15.97 3.29
2.55 95.61 -15.69 1.07
0 96.7 -15.51 1.24
0 96.25 -13.7 1.06
0 95.93 -11.04 0.93
0.01 95.85 -6.87 1.03
0 95.34 1.01 3.11
0.07 96.58 -9.51 4.37
0 96.47 -12.85 2.49
0 96.19 -11.28 4.63
0 95.66 -7.93 3.53
0 95.08 -7.95 4.25
0 96.08 -9.27 3.24
0 99.35 -4.51 2.85
1.16 94.97 -3.56 2.06
0.01 95.62 -10.79 3.98
0 95.19 -5.2 4.78
0 95.24 -4.96 1.65
0 95.83 -8.41 1.38
0.72 95.98 -10.82 1.79
0 96 -14.15 2.31
0 95.94 -12.89 2.35
0 95.9 -13.5 2.16
0 96.25 -13.75 1.3
0.01 96.12 -11.31 2.01
2.59 95.18 -3.32 2.65
0 95.28 -4.69 1.36
0 95.91 -7.05 2.36
0 96.51 -10.28 2.51
0 96.92 -11.97 2.82
0 96.64 -11.95 1.82
0.03 96 -9.93 2.25
0 96.43 -10.46 2.27
0 96.6 -12.3 1.64
0 96.13 -10.48 1.35
0.01 95.72 -8.8 2.99
0 95.53 -8.33 2.65
0 94.98 -3.82 1.98
0 94.84 -7.08 1.62
0 94.99 -6.31 1.79
0 94.99 -4.15 2.47
0 93.95 1.92 1.8
2.45 94.34 -2.87 1.59
0 95.42 -6.42 2.03
0.21 95.58 -5.06 1.7
2.92 95.22 -6.02 1.96
1 95.88 -7.96 2
0.1 95.54 -7.61 1.99
0.33 95.29 -2.73 3.4
0 95.36 -2.12 2.59
60.13 94.95 -2.24 2.67
2.2 96.08 -10 3.39
0 96.76 -12.23 1.58
0.01 97.03 -12.45 1.44
3.13 97.32 -10.18 2.28
0.01 96.54 -9.69 2.52
0 95.17 -4.65 2.28
0.18 94.08 2.33 2.85
0.48 95.27 -4.66 4.1
0 95.85 -2.85 1.73
51.65 95.24 -0.11 1.99
0.75 95.28 -2.64 5.51
0.01 95.71 -4.62 2.64
0 96.12 -5.32 2.18
0 95.11 -2.99 2.63
0.25 93.73 4.15 2.37
44.13 94.41 -0.97 3.38
0 94.75 0.15 2.72
0.04 94.73 4.16 3.69
0 95.4 2.62 2.41
0 95.96 -0.49 2.41
0.03 95.95 -3.32 3.27
1.32 95.45 -2.68 1.64
4.4 96.05 -2.31 1.5
0 95.92 3.24 1.42
0.06 95.68 6.16 1.67
3.7 95.11 8.92 3.8
2.08 94.87 7.61 4.52
0 95.32 1.75 5.07
0 95.36 -0.19 4
0 94.99 4.45 3.77
0 94.7 9.12 3.73
5.02 95.36 2.59 2.17
0.01 95.98 1.88 2.03
0 95.4 6.97 3.22
0.22 94.2 12.92 5.06
25.51 95 2.75 2.59
0 95.31 3.39 2.8
1.03 95.24 2.02 1.87
57.1 95.08 0.61 3.12
0.02 95.87 -1.1 4.75
0 95.97 2.33 2.51
0.63 95.29 4.56 2.36
7.48 95.57 2.92 1.83
0 95.52 4.99 2.48
31.37 94.82 11.05 2.46
27.79 95.32 8.57 1.56
0.17 95.69 8.09 1.98
0.11 95.93 9.61 1.84
0.61 95.68 9.14 1.83
0.1 95.58 8.27 1.76
0 95.15 12.72 3.09
2.58 94.9 13.23 3.96
24.22 94.78 4.75 3.3
7.21 94.39 2.68 3.4
0.07 94.52 5.15 5.73
1.32 94.67 7.2 4.71
8.46 94.9 11.88 2.24
0 94.35 17.43 1.92
0 94.1 18.86 3.79
0.27 94.61 16.82 2.1
2.58 94.1 80.45 2.23
200.62 93.79 9.94 2.29
4.4 94.26 13.43 3.85
53.12 94.27 11.48 1.42
8.82 94.49 14.9 2.36
49.49 94.31 11.62 3.47
13.08 94.23 9.22 2.01
1.47 95.25 9.72 2.1
0 95.49 13.12 1.51
0 95.42 16.29 1.36
3.01 95.02 17.57 3.54
7.96 94.9 20.54 2.51
0.88 95.08 19.82 2.16
15.28 94.62 17.41 2.44
213.06 93.78 12.29 2.4
0.27 93.5 18.34 4.37
0 94.32 21.53 2.38
0 94.47 24.32 2.37
0.29 94.46 22.62 1.9
0.63 94.13 21.65 2.31
12.03 94.37 17.46 3.45
0.38 94.96 21.25 2.82
0.11 95.36 22.13 2.14
4.74 95.3 19.22 1.72
83.78 94.69 15.73 2.17
68.02 94.32 16.75 1.78
85.22 94.78 15.36 1.65
5.39 95.37 16.75 1.09
3.39 95.27 18.12 1.4
0.47 95.39 19.33 1.41
0 95.42 21.45 1.77
0.01 95.21 22.78 2.04
0 94.92 23.8 2.14
0 94.92 24.03 2.22
0 95.03 24.64 3.38
0 95.16 24.5 3.29
0 95.25 24.72 2.04
1.39 95.13 21.6 2.17
0.04 94.84 21.51 3.42
0.41 94.5 23.72 1.84
25.97 94.25 23.69 2.67
67.58 94.15 22.46 2.7
0.43 94.06 23.94 2.33
12.49 94.16 23.73 1.64
90.31 94.21 21.01 1.9
36.43 94.31 20.47 1.7
0.79 94.4 22.76 1.03
0.05 94.79 23.13 2.45
0.02 94.36 23.72 1.48
4.44 94.72 20.27 2.11
0 94.8 23.24 1.5
0 94.65 25.89 1.94
0 94.64 26.87 2.74
0 94.57 26.16 1.64
10.47 94.41 21.79 1.45
26.32 94.32 22.58 1.46
0.16 94.38 24.08 1.39
0.08 94.14 26 1.22
79.94 94.1 22.39 2.21
1.5 94.11 24.92 1.33
0.04 94.11 27.89 1.72
3.52 94.08 27.41 1.55
0 94.09 26.86 2.72
0.02 94.23 25.31 2.48
6.64 94.52 21.49 1.63
1.84 94.71 22.6 1.97
0.99 94.67 22.35 2.38
45.25 94.44 21.84 1.51
125.4 94.44 20.81 1.4
341.14 94.71 20.11 1.35
3.68 94.98 22.42 0.93
0 94.91 24.13 2.22
81.48 94.47 22.61 2.37
4.35 94.23 25.04 2.71
1.42 94.47 26.21 2.31
2.02 94.43 27.36 2.32
9.43 94.53 26.22 2.37
112.61 94.46 23.75 1.81
0.98 94.69 24.75 1.44
1.17 94.79 25.99 1.56
14.22 94.82 26.95 1.22
2.63 94.94 27.57 1.57
0.53 94.8 28.14 1.99
7.99 94.72 27.31 2.56
44.4 94.35 26.82 2.29
358.79 93.96 26.05 2.45
9.46 93.99 21.99 1.22
43.92 93.94 25.5 1.08
218.69 94.28 21.82 1.27
0 94.89 21.22 1.84
0.02 94.77 22.73 1.31
5.95 94.03 24.98 2.96
52.78 94.28 22.96 1.7
66.79 94.67 22.23 2.78
0 95.42 20.36 1.52
25.11 95.02 20.38 1.39
74.12 94.33 22.53 1.94
31.31 94.4 22.89 2.01
0 94.62 21.83 1.86
0 94.34 24.79 2.36
41.06 94.07 25.02 1.92
1.35 93.96 26.58 2.11
15.81 93.86 24.52 3.28
0 94.38 22.44 2.82
0 94.73 22.27 1.68
9.26 94.73 23.08 1.9
6.41 94.89 23.29 2.12
116.63 95.06 22.7 1.77
0.77 95.36 22.83 1.66
152.39 95.26 18.65 1.58
74.46 95.22 18.99 1.34
0.56 95.21 20.22 1.27
0 95.15 22.36 1.62
0.07 95.37 21.82 1.78
1.14 95.58 21.7 1.44
0 95.29 21.06 1.57
0.95 95.09 19.63 1.53
26.52 94.69 20.47 1.47
4.71 94.8 20.64 0.95
0.72 94.84 22.12 1.72
11.76 95.35 20 1.62
8.18 95.49 20.99 1.11
0.02 95.38 19.96 1.11
0 95.08 19.87 1.69
0 94.86 22.67 1.58
0.83 95.07 23.66 1.76
0 95.64 18.42 1.51
0 95.45 17.52 1.36
1.4 94.99 18.28 1.27
4.96 94.67 19.11 1.23
0.14 94.91 19.48 1.47
0 95.05 20.7 1
2.53 95.1 22.22 1.26
0 95.2 22.83 1.81
4.87 94.99 21.31 2.05
101.98 95.38 14.91 1.94
308.1 95.49 8.93 1.66
166.58 95.35 12.37 1.35
0 95.07 16.07 1.4
51.94 95.32 14.67 1.87
202.51 95.94 9.53 2.21
0 95.82 10.05 2.34
0 95.61 12.42 1.33
0.83 95.34 14.74 1.23
5.83 95.08 15.5 2.43
0.18 95.29 12.89 2.57
0 95.25 11.1 4.69
0 96.08 9.33 2.38
0 95.66 10.13 1.39
0.02 95.36 15.07 1.73
0.81 95.69 12.74 1.37
298.12 95.44 7.3 2.29
86.33 95.38 7.63 2.21
0 95.49 9.17 1.44
0 95.1 13.23 1.14
0 94.99 16.86 2.36
0 95.13 18.08 2.42
0 95.07 17.84 2.19
0 94.63 17.36 3.31
19.26 95.21 11.31 1.79
146.75 95.65 5.24 2.02
0 95.74 8.26 1.41
0 95.31 9.66 1.62
0 95.51 8.72 3.14
0 95 8.04 2.67
0 95.81 2.88 2.6
0 96.39 1.02 0.83
19.44 96.32 -0.15 1.33
65.44 96.37 0.67 1.01
0 96.23 1.84 1.06
0 95.68 4.5 1.38
0 95.39 9.08 1.26
8.66 95.58 8.85 1.83
3.6 96.12 3.65 3.08
0 96.48 -0.26 2.9
0 97.13 -1.29 1.98
0 96.31 0.95 1.34
0 96.19 4.5 2.02
0 96.18 5.56 1.13
0 96.25 5.78 1.25
0 96.07 6.17 1.87
0 96.59 2.32 3.26
0 96.12 1.54 1.81
0 95.69 5.42 1.43
0 95.8 4.56 1.19
0 95.48 6.77 1.65
0 95.17 7.48 1.26
4.97 95.35 3.3 1.99
0.22 95.85 0.28 3.31
0 95.52 -1.02 1.42
0 95.07 0.64 1.22
18.14 94.55 1.1 3.9
1.08 94.98 -0.59 1.76
0.61 96 -1.2 4.23
0 96.97 -4.73 2.78
0.03 96.3 -2.92 2.29
0 95.65 0.47 1.4
0 95.56 1.37 1.79
0 95.25 5 2.87
0 94.79 3.4 2.23
0 94.55 5.82 1.76
0.21 94.71 2.25 3.86
0 95.46 -2.24 1.9
0 95.3 -1.91 1.77
0.01 95.56 -1.83 4.12
0 95.83 -5.96 2.75
0.26 94.99 -5.58 2.54
0 95.36 -7.08 6.32
0.16 95.5 -7.5 1.22
0.1 95.38 -6.43 1.31
0 95.03 -2.81 1.91
0.02 94.62 -3.32 1.78
0.04 95.21 -7.41 3.57
0 95.29 -5.39 2.1
0 94.28 3.4 2.33
0 95.67 -2.72 2.69
0 96.22 -5.52 3.18
0 94.94 -4.92 2.43
0 94.91 -6.58 1.33
0 94.37 -4.61 1.63
2.38 94.27 -8.63 3.67
0 95.27 -12.05 1.67
0.73 95.64 -13.96 1.74
0.05 96.37 -15.17 2.87
0 96.27 -16.16 3.37
0 95.97 -15.39 3.12
0 94.66 -8.4 3.67
0 94.52 -6.49 1.37
0 94.57 -4.17 1.76
0 94.84 -2.47 2.42
0 95.08 -0.7 1.89
0 94.82 -6.88 1.4
0.15 95.39 -10.45 2.77
0 96.66 -16.67 2.79
0 96.62 -15.66 3.33
0 95.72 -14.52 3.28
0 94.62 -11.98 2.65
0 94.3 -8.85 2.14
0 94.95 -11.81 3.1
4.67 95.19 -12.4 1.83
0.02 95.38 -12.8 4.37
0.12 95.9 -11.16 4.76
0 95.92 -11.49 3.33
0 96.07 -12.49 2.66
0 95.69 -12.84 0.79
0.01 95.29 -12.76 1.35
0.02 95.46 -11.5 4.98
0 96.06 -10.2 4.25
0.01 95.39 -8.03 1.66
0.16 95.26 -9.48 3.78
0 95.82 -13.59 4.16
0 95.08 -11.16 3
0 94.63 -12.49 3.82
0 94.78 -12.36 2
0.01 94.78 -11.02 3.32
0.02 95.77 -15.21 3.38
0 96.19 -17.58 3.35
0 96 -15.02 2.55
0 95.83 -14.06 2.4
0 95.56 -14.57 3.03
0 95.53 -14.42 3.65
0 95.43 -12.49 2.1
0 95.25 -12.69 1.47
0 95.26 -13.16 3.33
0.03 95.52 -14.72 3.5
0.01 95.67 -14.25 1.6
0.05 95.84 -14.56 2.2
0 96.26 -14.95 1.62
0 96.55 -13.9 3.06
0.02 96.09 -13.9 3.4
0 95.81 -14.89 3.76
0 95.6 -10.92 3.95
0 95.23 -4.05 2.6
0 94.92 -4.85 1.84
0 94.85 -7.54 1.51
0 94.71 -6.16 2.15
0 94.96 -5.48 2.34
0.02 94.13 -3.42 4.97
0.02 94.72 -3.24 2.63
0 94.39 -6.36 2.11
0.39 94.55 -7.35 3.34
0.1 95.34 -10.54 1.9
0.86 95.31 -9.76 0.99
2.71 95.58 -13.17 3.96
0 95.7 -12.46 2.12
0.12 95.61 -11.68 1.82
0.09 95.57 -11.8 1.44
0 94.85 -3.64 3.01
0.61 94.84 -5.1 1.87
3.28 95.29 -4.76 2.67
0 95.26 -4 1.91
0 95.14 -0.39 1.7
0 95.43 -0.55 1.58
0 95.04 1.59 2.15
0 94.57 2.41 3.55
5.43 94.37 0.96 1.98
0.14 95.09 -3.84 2.81
0 95.72 -4.57 1.64
6.48 95.12 -1.9 4.36
0.53 95.93 -9.01 3.59
0.04 95.42 -7.79 3.08
0 95.11 -6.76 3.51
0 95.11 -6.65 2.24
0 95.23 -4.27 3.27
0 94.88 -0.67 2
0.08 94.39 1.76 2.61
0 95.21 -1.64 3.44
0 94.93 -1.45 4.57
0 94.98 -3.86 4.46
0 95.32 -1.9 3.91
0 95.07 -0.1 4
0 94.45 2.49 2.89
0 93.74 7.36 2.2
0.02 94.48 2.71 4.27
0 95.61 -2.05 3.9
0 95.3 -5.12 4.3
0 95.06 -3.27 3.18
0 94.46 3.45 3.07
0 94.14 4.75 5.01
0 94.54 2.1 4.09
0 94.72 -0.53 2.3
3.74 95.33 -3.64 4.48
0 95.42 -2.74 3.26
0 95.14 -1.9 2.56
0 95.3 -2.34 4.76
0 97.79 -0.45 2.68
0 97.75 0.99 2.99
0 97.59 3.05 3.04
0 97.86 2.87 1.98
0 97.53 7.33 3.15
0 97.2 8.26 2.15
0 96.8 10.7 4.36
0 98.1 2.23 4.06
0 98.02 2.47 2.36
0 97.57 6.02 2.7
0 97.47 7.85 1.26
0 94.96 10.09 2.38
0.05 94.23 10.57 5.53
0.9 94.6 8.06 5.1
0 94.59 8.15 3.9
0 94.44 8.77 3.29
1.13 95.11 5.41 3.6
0 94.8 9.37 3.56
0 94.19 14.6 3.53
0 94.29 13.75 1.57
0.03 93.56 16.27 3.37
0 94.4 10.64 5.53
0 94.11 12.28 4.28
1.39 94.14 8.47 7.09
0.35 94.79 7.03 5.16
0 94.61 9.67 2.09
0 94.06 13.71 4.03
60.28 94.79 7.27 2.18
3.08 94.67 6.39 2.02
16.75 94.41 5.06 3.13
7.35 93.98 6.2 3.69
0.08 93.56 8.68 1.81
6.57 93.58 9.63 2.94
1.22 94.26 7.46 2.91
0 93.76 9.83 1.34
34.51 93.14 8.93 1.72
3.5 93.11 9.41 2.05
0.66 94.01 13.72 3.5
0.16 94.26 11.47 4.35
0 94.59 12.77 2.78
1.73 94.13 12.74 2.73
128.92 93.35 9.45 2.98
0.1 93.41 11.2 3.97
0.01 93.92 13.49 3.17
1.29 93.92 14.85 3.73
12.55 93.72 16.96 3.06
0 93.98 18.28 2.57
0.11 93.67 16.32 5.01
0.51 93.6 12.67 5.82
0 93.79 15.16 6.66
0 93.89 16.5 4.7
0 94.44 13.14 3.2
0 94.41 14.05 2.26
0.01 93.3 17.71 2.3
15.56 93.08 19.18 3.54
11.93 94.26 13.48 2.93
3.77 94.36 11.8 3.16
0.36 94.23 12.98 4.44
0 94.08 17.76 3.41
0 94.2 18.85 2.91
0 94.34 21.27 3.3
3.5 94.26 20.43 4.19
8.21 94.2 18.79 5.21
0.02 94.04 19.88 2.66
0.42 93.87 23.26 4.7
7.57 93.95 22.53 2.83
33.85 93.54 18.77 3.39
5.93 93.47 17.45 3.14
0.03 93.91 19.77 3.14
7.73 93.62 20.49 5.8
2.91 93.75 19.06 3.93
0.23 94 19.64 1.81
0.87 93.87 23.06 1.81
10.26 93.24 24.25 2.96
11.22 92.96 22.01 2.67
12.87 93.21 21.79 2.15
0 93.63 22.72 2.49
44.38 93.59 20.56 1.98
158.05 93.73 15.88 2.76
4.46 93.93 19.58 1.92
5.22 93.95 21.55 1.27
81.34 93.74 20.63 2.09
47.82 93.73 18.77 2.01
118.4 93.93 17.45 1.91
0.57 94.1 20.37 1.92
0 94.02 23.83 1.23
0 93.86 26.03 1.76
0.03 93.58 27.44 2.78
0 93.51 27.31 2.79
10.43 93.28 22.36 2.16
45.47 93.57 16.1 2.53
0.92 94.25 19.15 2.76
0 94.58 20.82 1.49
3.63 94.01 22.33 3.17
5.97 93.31 23.2 2.72
20.4 93.47 24.72 2.72
0.02 93.62 24.89 2.97
41.09 93.52 23.95 2.47
40.72 93.63 22.38 1.28
0.19 93.53 23.67 2.25
0 93.66 23.83 2.56
0 93.78 25.58 2.81
52.18 93.29 22.46 2.4
0.45 93.01 24.97 3.45
93.94 93.08 18 1.88
14.83 93.13 18.76 2.71
11.54 93.81 21.13 1.82
21.26 93.96 23.07 2.3
7.12 94.03 24.02 1.93
5.5 94.05 23.74 2.29
1.14 93.85 24.24 1.23
29.64 93.98 21.89 1.79
10.28 93.95 22.26 1.63
49.68 93.8 21.53 1.66
11.07 93.87 21 1.31
57.1 93.93 21.67 1.47
390.77 93.8 20.17 2.31
52.2 93.7 20.99 1.34
59.41 93.62 21.99 1.91
11.13 93.6 23.03 1.99
0.14 93.67 25.44 1.38
24.18 93.64 25.96 2.03
407.36 93.44 22.33 2.12
51.43 93.4 22.52 2.51
7.6 93.59 23.17 1.91
0.42 93.82 24.75 1.31
110.61 94.01 21.19 1.72
65.48 93.65 21.09 1.53
0.02 93.72 23.55 1.79
0.19 93.85 24.36 2.05
0.52 94.2 23.28 2.03
0.03 93.79 23.77 2
0 93.76 24.14 1.57
0.02 93.97 24.3 1.53
4.77 93.95 23.64 1.33
5.68 93.98 23.89 1.67
7.3 93.65 23.81 1.64
6.03 93.76 25.44 2
0 94.16 24.65 1.21
0 93.98 26.13 1.05
0 93.7 26.22 1.75
11.36 93.46 25.77 1.66
111.35 93.84 20.96 1.93
263.11 93.88 18.18 1.96
10.89 93.9 21.18 1.38
8.68 94.06 20.74 1.3
0.08 94.33 21.41 1.67
0.09 94.45 22.19 1.17
0 94.45 23.18 1.26
0.54 94.32 23.26 1.31
12.98 94.55 21.19 1.6
0 94.54 20.66 1.38
37.95 94.5 19.9 1.32
3.72 94.73 19.86 1.52
0.86 94.81 21.16 1.21
9.14 94.61 19.53 1.99
5.02 94.29 20.84 1.29
0.57 94.18 22.04 1.43
0 94.13 23.14 1.32
10.94 93.88 22.48 2.88
0.96 94.42 19.11 1.82
0 94.21 20.09 1.5
3.94 94.74 18.14 2.63
0.24 94.66 18.73 1.62
0 94.73 18.01 1.46
0 94.25 19.48 1.28
11.34 93.9 18.52 3.09
2.44 94.53 13.67 1.72
0.11 95.09 13.27 1.72
2.69 95.33 13.56 1.95
5.29 94.79 16.71 2.15
0.25 94.53 17.48 1.95
0.05 94.13 19.62 3.25
9.31 94.18 17.36 2.09
12.72 94.44 13.98 1.41
40.33 94.78 12.46 2
0 95.17 9.16 2.32
0 95.6 9.58 2.34
0 95.42 10.49 1.38
0 95.08 12 1.66
0 94.68 13.54 1.5
0 94.78 14.68 2.47
0 94.64 15.04 2.01
0 94.4 17.76 2.86
0.03 94.68 18.14 1.81
0.1 94.83 19.13 3.22
0.03 94.64 18.34 2.13
9.24 94.48 15.27 1.8
0.1 94.95 8.26 3.1
0 95.44 6.51 2.54
0 95.5 7.02 2.94
0 95.96 8.01 3.58
0 95.6 9.41 1.53
0 94.92 11.2 2.3
0 94.36 12.12 2.98
0 94.95 9.92 1.75
0 94.91 10.73 1.26
0 94.67 14.43 2.08
0.07 95.11 13.67 2.88
0 95.62 9.4 1.18
0 95.34 12.14 1.49
0 94.75 14.45 1.41
62.27 94.19 10.43 1.66
2.72 94.13 9.16 2.39
0.74 93.76 8 2.84
0.77 94.26 8.52 4.2
0 95.24 5.18 1.88
0 95.29 8.58 1.34
0 95.07 10.97 2
0.01 94.92 14.24 3.3
0 94.87 13.59 1.85
0.23 94.76 11.8 1.52
37.62 95.34 4.44 3.36
0.01 95.66 2.07 3.27
0 95.65 4.22 1.8
0 95.21 5.78 1.44
0.74 95.07 7.18 2.59
0 95.36 6.55 1.65
0 95 7.24 1.51
0 94.82 8.98 3.17
0 95.02 10.13 4.09
3.34 95.22 10.87 2.73
0.06 95.8 4.7 1.5
0.67 95.47 7.94 1.58
2.55 95.25 9.74 3.23
0.14 95.96 2.34 2.66
0.04 95.8 0.77 0.97
0 95.72 3.17 1.2
0 95.69 3.45 1.47
0 95.49 2.09 1.13
0 94.84 2.48 1.1
0 94.26 4.37 2.09
0 94.54 5.22 3.31
0.02 95.33 -1.97 2.61
0 95.41 -4.58 1.82
0 95.44 -3.69 1.44
0 95.67 -1.71 1.63
27.65 95.03 0.34 0.72
3.51 94.84 -0.97 2.56
0.92 95.04 -5.4 3.52
0 95.52 -6.63 2.44
0 95.5 -4.13 1.98
11.56 95.14 -5.68 2.81
0.18 95.73 -7.67 2.69
0 95.44 -8.36 0.87
0.06 95.41 -6.45 1.44
0.3 94.78 0.36 2.32
0 94.86 -0.57 1.4
0 95.7 -3.8 2.02
0 96.23 -8.4 1.49
0 96.5 -8.28 1.91
0.07 95.75 -7.58 0.87
0.02 95.06 -5.18 1.05
0 95.26 -6.31 1.2
0 95.59 -8.27 0.79
0.76 95.8 -8.8 0.85
0.8 95.77 -6.32 0.76
0.67 96.06 -8.2 2.31
0.02 96.36 -12.06 3.47
0 95.97 -11.38 2.89
0.01 95.15 -6.65 5.25
0 95.21 -3.71 2.92
0 95.65 -6.73 1.78
0.01 94.94 -4.06 2.68
0 95.68 -9.6 4.43
0 95.88 -13.3 3.07
0 95.99 -12.22 3.88
0 95.75 -10.48 2.01
0 95.81 -10.33 2.17
0 95.7 -11 1.06
0 95.37 -10.17 1.98
0 95.34 -9.51 4.36
0 95.56 -11.53 2.83
0 95.1 -9.52 3.53
0 95.26 -12.53 2.08
0 95.76 -11.78 1.88
0 96 -10.19 2.12
0 95.54 -6.76 2.36
0 95.93 -10.74 1.5
0 96.24 -14.54 1.02
0.09 95.68 -12.49 0.65
0.01 95.49 -9.87 1.58
0.1 95.88 -11.24 1.92
0.32 95.3 -11.68 2.64
0.09 95.48 -12.67 4.22
0 95.69 -11.96 2.67
0 95.49 -10.96 1.64
0 96.29 -14.28 1.2
0.12 96.17 -14.6 0.79
0 95.76 -11.97 1.42
0 95.72 -13.02 0.93
0.07 95.78 -12.18 3.28
0 95.86 -12.45 2.93
0 95.01 -6.83 3.31
0 95.27 -8.46 2.48
0 95.19 -8.69 2.45
0 94.91 -10.19 0.75
0.05 94.75 -8.24 1.36
0.11 94.95 -11.71 1.06
0 95.1 -10.36 1.24
0 95.55 -11.14 1.21
0.01 96.22 -14.22 3.04
0 96.08 -17.8 3.38
0 95.73 -17.71 2.61
0 95.22 -16.84 2.13
0 95.08 -16.15 2.92
0 94.68 -13.74 3.31
0 94.79 -13.34 1.65
0 95.31 -14.74 1.49
0 95.54 -14.52 1.81
0 95.92 -15.31 1.6
0.04 95.54 -16.79 1.32
0.24 95.08 -16.3 4.12
0 95.87 -17.63 4.26
0 95.85 -15.93 2.89
0 94.89 -13.16 3.16
0 94.97 -9.95 2.56
0.13 94.42 -6.37 2.5
0.02 95.06 -13.47 4.97
0 95.26 -16.15 4.96
0 94.84 -12.84 5.35
0 95.01 -10.69 3.19
0 95.34 -10.8 3.13
0 95.39 -10.75 1.56
0 95.08 -8.62 2.99
0.03 94.81 -3.99 2.39
0.09 95.39 -8.88 2.97
0 95.33 -10.2 2.9
0.03 95.41 -11.83 3.26
0 95.54 -13.31 4.64
0 95.43 -10.35 3.5
0 94.84 -5.57 2.9
0 94.96 -8.57 2.34
0 94.71 -9.88 1.16
17.43 94.34 -8.49 2.16
0 95.28 -7.58 2.51
6.83 95.15 -6.66 2.16
0.02 95.6 -9.04 3.31
0 95.53 -8.14 2.87
0 95 -6.04 1.31
0 94.62 -1.87 2.58
0 94.78 -0.16 2.27
17.6 95.36 -4.26 1.04
0.36 95.56 -7.85 1.7
0.23 95.48 -6.45 1.45
0.05 94.85 -1.74 2.1
29.97 94.16 -4.05 1.79
25.5 94.24 -4.24 2.63
0.03 94.87 -4.39 4.01
0 95.58 -8.66 4.05
0 95.27 -8.6 1.9
0.22 95.18 -8.01 4.32
0 95.65 -8.14 3.94
0 95.32 -5.95 1.73
0 94.67 -1.88 3.08
0 95.21 -0.87 2.06
0 94.82 3.03 3.26
2.92 93.91 5.91 4.59
8.28 94.63 -3 3.79
14.55 95.46 -7.99 1.86
0 95.2 -2.46 2.28
0 95.14 0.01 2.15
0 94.52 4.34 3.47
0 95.08 2.07 1.77
3.7 94.2 1.74 4.9
0 94.64 -0.57 5.89
0 95.08 0.45 3.39
0 94.77 5.2 2.36
0 94.99 8.24 3.47
0 95.14 9.73 3.5
0.21 94.15 9.82 7.93
0.46 94.79 0.85 5.06
0.34 94.79 -0.82 4.6
0 94.75 -0.02 2.11
2.53 94.65 1.45 3.01
0 94.31 4.06 4.65
0 94.13 4.63 5.14
0 94.39 3.46 5.06
0.08 94.73 4 2.39
0 94.26 10.42 3.71
0 94.41 10.35 5.05
0 94.27 13.13 3.3
4.23 94.02 13.73 5.89
3.17 94.4 7.53 4.45
0 93.84 12.11 3.34
0 93.69 14.13 3.02
0 93.67 15.62 3.15
4.38 94.33 8.94 3.95
0 94.6 8.77 2.49
0 93.68 16.39 4.48
0 93.73 18.65 4.17
2.27 94.1 15.15 4.34
18.97 94.61 13.52 3.68
1.23 94.07 12.82 2.56
0.15 93.42 14.49 1.86
0.27 93.38 18.18 4.03
210.79 93.9 12.47 3.27
65.78 93.84 9.29 4.6
0 93.23 11.1 3.31
0.09 92.96 11.37 7.41
0 94.16 9.64 2.97
0 94.15 13.06 2.66
0.23 93.89 17.93 3.77
0.39 94.48 16.55 2.54
13.84 93.99 17.63 2.29
0 94.04 20.78 1.98
0.67 94.2 20.26 2.58
0 94.26 17.91 3.03
0 93.89 17.65 2.25
3.71 93.89 16.29 1.87
0 94.11 18.22 2.09
0.05 94.34 20.13 2.42
2.57 94.58 19.78 2.87
95.73 94.58 13.93 1.83
17.61 94.07 13.8 2.95
19.43 93.84 10.84 2.63
2.65 93.82 11.93 4.27
0.01 93.56 12.01 3.48
4.36 93.32 12.44 5.39
0.02 93.77 15.91 1.44
0 93.67 22.43 3.9
6.74 94.24 20.12 2.88
4.81 94.57 18.23 1.82
0.09 94.43 20.28 4.02
1.28 94.15 19.83 4.12
2.47 94.28 17.19 3.02
0 94.27 17.09 3.14
0 94.08 18.19 2.5
0 93.73 20.01 2.62
0 94.15 20.63 2.48
0 94.27 23.09 2.57
10.02 94.3 20.78 2.59
56.18 94.73 14.68 2.71
0.15 94.8 16.82 1.57
11.87 94.34 16.95 2.99
8.02 94.12 16.48 3.29
57.21 93.87 15.67 2.25
12.4 93.59 19.05 3.88
0.73 93.79 20.86 2.04
4.03 93.37 19.91 2.53
8.7 93.24 22.2 2.06
21.37 93.23 22.5 2.31
41.35 93.09 21.6 3.43
11.07 93.24 17.47 3.26
2.33 92.94 16.47 3.17
18.16 93.04 16.62 2.88
243.56 93.66 13.55 2.2
311.64 93.88 14.01 1.94
213.53 93.9 15.3 2.86
5.87 93.76 19.04 1.66
3.39 93.64 22.06 1.73
4.94 93.82 21.78 1.76
19.51 93.57 21.35 1.6
20.18 93.61 21.43 1.56
2.45 93.77 21.55 1.3
29.69 93.73 21.18 1.53
0.48 93.48 22.46 2
61.52 93.52 21.93 2.17
36.69 93.88 20.75 2.49
8.18 94.24 22.72 1.98
1.16 94.41 23.02 1.72
1.8 94.14 20.66 1.85
47.64 93.72 21.29 2.05
0 93.59 23.73 2.16
1.43 93.2 24.68 4.26
2.42 93.24 22.93 3.96
0.88 93.21 22.7 2.72
0.04 93.57 23.43 1.61
1.16 93.7 23.24 1.51
0.67 93.6 23.54 1.52
14.51 93.57 24.03 1.66
23.46 93.56 25.17 2.07
19.67 93.59 25.22 1.92
143.45 93.2 21.57 1.84
30.27 93.01 19.45 2.76
72.52 93.4 18.83 3.29
9.8 93.91 20.57 2.49
0 93.92 21.24 1.83
0 93.94 22.64 1.43
0 94.17 24.55 1.25
0 94.25 24.96 2.02
0.07 94.06 25.01 2.39
1.9 93.94 25.28 1.46
4.1 93.87 25.4 1.65
45.51 93.8 23.92 1.39
371.25 93.41 21.88 3.36
0 93.9 23.22 1.2
0 94.1 23.99 1.69
5.9 94.01 24.18 1.84
42.49 93.62 25.6 3.95
1.87 94.02 24.13 1.69
111.86 93.54 22.86 2.02
16.44 93.27 23.77 4.03
0.27 93.9 22.05 1.2
55.2 94.19 19.84 1.5
127.22 94.35 18.81 1.73
95.91 94.29 19.73 1.27
11.86 94.3 22.02 1.57
77 94.36 21.85 1.71
0 94.54 23.06 1.13
0 94.36 24.18 1.16
0 93.97 25.98 2.08
7.45 93.9 24.53 1.76
4.29 94.17 23.38 1.17
0 94 24.66 1.52
10.07 94.09 20.64 2.35
28.63 94.13 17.91 2.18
0.92 94.25 19.82 1.46
2.6 93.93 19.05 1.92
8.98 94 21.12 1.82
0 94.33 22.11 1.59
0.03 93.92 23.28 3.12
111.46 93.94 23.22 2.31
1.59 94.05 21.02 1.65
8.44 94.02 20.17 2.58
4.7 94.61 16.75 1.96
0.02 94.75 16.42 1.9
0 94.5 20.77 2.41
0 94.43 22.15 1.94
0.19 94.29 22.49 2.54
1.5 94.33 22.15 1.23
8.09 94.22 21.74 1.65
0.49 93.8 22.85 1.99
0.79 93.94 23.75 2.72
0 94.18 24.72 1.98
0 94.31 25.14 2.46
0.62 94.33 24.91 1.88
237.22 94.27 16.47 3.06
18.52 94.63 13.8 2.43
0.19 94.67 12.9 2.18
0.67 94.77 16.3 1.66
0 94.69 19.59 1.93
18.6 94.8 17.97 1.39
0.86 94.72 17.26 1.11
0 94.65 18.86 0.99
0 94.58 20.94 1.23
29.04 94.26 19.35 2.53
115.17 94.28 13.16 4
0.41 94.41 11.78 2.88
0 94.79 14.09 1.37
0.06 95.25 14.4 0.98
0 95.35 14.04 1.26
0 94.72 14.67 2.45
0 94.24 16.49 2.99
0.18 94.21 16.22 1.78
0 94.43 17.99 1.78
2.04 94.34 18.27 2.34
0.6 94.37 17.42 1.32
2.97 94.7 15.96 1.4
0.34 94.99 15.84 1.24
27.47 94.87 14.61 1.85
1.69 95.11 14.72 1.62
40 94.73 10.44 1.58
27.48 94.73 10.12 7.12
0.52 94.91 11.43 3.35
0 94.91 11.91 1.8
0 94.74 13.01 1.55
0.3 94.54 14.59 2.23
0.55 94.39 13.56 3.19
0 94.53 13.47 2.49
0 95.07 11.11 1.84
0 95.47 12.02 1.01
0 95.32 14.03 1.46
0 94.82 16.09 2.78
19.08 94.4 12.77 3.41
0 94.91 9.12 2.51
0.04 94.51 10.95 2.45
0 94.34 13.17 2.52
0.05 94.74 8.66 3.88
0 95.14 7.05 2.23
0.01 95.24 7.43 2.01
25.43 94.61 9.35 3.97
0 94.65 4.47 3.77
0 94.75 6 2.69
0 94.59 7.75 2.07
0 94.98 7.05 1.24
73.73 95.25 1.87 1.18
84.44 94.7 2.27 1.81
0 94.4 6.56 2.04
0 94.15 9.78 3.72
0 94.77 8.92 1.91
0 94.8 11.29 2.22
5.13 94.67 10.62 3.02
0 95.59 3.12 1.43
1.82 95.46 0.08 2.52
0.03 95.06 -0.11 2.49
0.02 94.9 -0.37 2.23
0 94.85 2.25 1.45
0 95.04 1.05 2.01
8.77 95.12 0.18 1.54
192.92 94.77 -0.84 68.58
57.53 95.01 -0.79 3.11
0 95.02 -3.26 0.68
0 94.7 -0.86 1.87
0 94.94 -0.59 1.14
0 95.34 -2.14 0.94
56.89 95.04 -2.24 0.71
108.2 93.78 -2.54 5.47
0.15 94.25 -4.31 3.37
0 94.32 -6.33 4.57
0 95.1 -4.74 2.65
0 95.36 -6.16 0.83
20.22 94.85 -2.73 1.02
0 94.76 -4.65 65.94
0.01 94.45 -4.78 3.4
0.01 95.04 -3.13 3.28
0 95.08 -4.45 1.6
0 94.75 -2.43 1.97
5.66 95.24 -5.48 2.05
0 95.15 -7.13 2.38
0 94.62 -5.67 2.08
0 94.57 -2.9 3.78
0 94.64 -7.43 3
0 93.72 -4.25 3.41
0.02 94.48 -6.58 4.61
0.02 95.02 -9.3 2.43
0 95.71 -13.14 2.36
0.1 95.35 -14.11 1.44
0.18 94.28 -5.08 3.22
1.12 94.48 -7.9 4.18
0 94.74 -10.83 2.15
0 94.77 -13.11 3.48
0 94.71 -14.74 2.97
0 94.88 -16.15 2.83
0.01 94.9 -17.39 3.73
0 95.03 -11.41 3.64
0.05 95.62 -13.63 1.37
0.03 95.78 -13.44 0.79
0.08 95.21 -11.41 1.95
0.02 95.24 -8.28 1.43
21.52 95.32 -10.7 0.92
0.48 95.11 -9.57 0.99
0.86 95.47 -11.92 1.22
0 95.83 -13.06 3.89
0 95.9 -15.29 2
0.01 95.36 -14.68 0.82
0.15 95.47 -12.38 57.77
3.66 95.48 -10.43 3.57
0.01 95.93 -15.96 2.74
0 95.72 -19.75 2.78
0 94.9 -17.88 4.88
0 96.02 -18.87 2.15
0 95.76 -18.48 1.09
0 95.18 -13.46 1.23
8.08 95.18 -14.68 0.79
17.39 95.24 -12.85 4.02
0 94.85 -15.26 3.68
0.02 94.32 -14.95 2.38
0 94.76 -18.15 3.88
0 95.87 -18.73 3.67
0 96.44 -15.91 2.52
0 95.5 -16.61 1.07
0 95.33 -14.17 1.66
0 95.21 -14.73 1.25
0 95.12 -14.76 1.33
0.02 95.53 -16.83 1.78
0 95.35 -14.99 2.39
0 95.2 -14.58 1.09
0.33 94.85 -12.93 0.69
0 94.93 -11.68 1.72
0 94.93 -13.18 0.74
0 95.38 -10.45 2.03
1 95.1 -13.3 1.39
0 95.83 -14.5 2.2
0 96.08 -11.61 2.18
0 95.12 -6.73 2.11
0 95.61 -9.72 0.9
13.8 95.61 -9.29 0.91
1.27 95.69 -9.49 1.43
0 95.44 -13.58 1.08
0.02 94.32 -7.58 2.89
0.02 94.9 -13.72 4.29
0 94.95 -15.41 1.43
0.14 95.27 -14.54 1.18
0.04 95.18 -11.08 1.6
0 94.77 -6.18 1.07
0 95.03 -7.1 1.06
0.04 94.94 -5.24 1.47
0.95 94.86 -5.85 1.82
0.5 95.49 -8.1 3.86
0 95.58 -10.53 2.7
1.34 94.57 -9.3 3.27
0 95.35 -9.64 2.84
0.01 94.9 -7.72 2.01
0.71 95.2 -15.1 3.99
0 96.02 -18.25 4.24
0 95.88 -16.83 1.46
0.22 95.02 -12.12 2.17
0 95.63 -13.07 2.05
0.07 95.67 -12.64 1.79
0 94.97 -7.58 69.9
0 94.76 -4.75 2.9
0 95.39 -9.3 2.54
0 95.32 -10.37 1.36
0 94.6 -6.56 2.41
0.02 94.61 -5.64 4.02
0 95.32 -11.35 4.02
0 95.45 -12.79 2.37
0.01 95.4 -11.74 1.8
0 95.27 -7.89 3.59
0 95.5 -7.32 3.15
0 95.44 -5.05 1.45
0 95.56 -6.89 1.82
4.86 95.37 -7.19 1.73
0.17 94.55 -0.09 3.3
0 94.48 0.76 2.74
0.14 93.97 -2.56 5.96
0 95.73 -8.27 5.23
0 95.73 -5.98 1.58
0 94.69 -0.22 3.65
0 95.01 1.51 2.08
0 94.41 5.47 3.07
0 94.35 3.69 1.79
0 93.74 5.36 2.29
0 93.64 -0.07 2.23
0 93.77 -2.97 5.68
0 95.19 -1.05 1.85
0 94.47 4.6 3.86
17.72 94.43 -0.11 3.61
0 95.59 -6.2 4
0 95.09 0.04 3
0 94.65 5.19 2.97
0 95.04 5.44 3.06
0 93.63 7.78 3.84
0.49 93.71 -2.33 4.03
40.57 94.48 -7.87 2.24
0.26 94.88 -7.35 2.66
0 93.64 1.24 5.96
0 94.62 -3.22 2.46
20.25 94.3 -5.4 3.65
0 95.01 -5.14 2.63
0 94.85 -2.25 1.51
0 93.88 4.43 4.01
0.93 94.09 1.3 4.41
0 94.93 -1.31 3.96
0 95.14 -2.3 2.27
0.5 95 -0.23 1.71
18.1 94.73 0.96 2.03
117.37 94.87 0.05 2.71
0 94.38 3.79 2.44
0 94.43 5.33 2.66
15.53 94.59 -0.87 2.37
63.51 94.86 -1.35 3.2
0 94.62 -0.64 2.5
0.26 93.73 1.83 2.78
25.05 93.76 0.4 3.9
2.83 94.73 -0.22 3.81
0.92 94.58 1.19 4.06
0 94.62 2.1 3.54
0 94.15 8.48 3.44
0.18 93.69 6.89 4.51
0 93.95 2.89 5.05
0 93.65 4.11 2.49
5.8 93.96 3.74 3.17
59.65 94.26 1.01 2026.15
1.88 95.25 0.5 5.15
0 95.27 2.12 2.37
0 94.94 5.28 3
0 94.59 8.54 2.06
0.23 94.04 12.14 4.75
87.29 94.12 6.56 2.25
0.57 94.05 7.53 3.7
0.02 94.13 8.61 5.52
0 94.17 10.18 1.69
0 94.1 13.92 2.29
2.58 93.91 12.34 3.36
0.11 94.15 11.72 6.16
0.23 94.61 11.16 5.92
0.26 94.67 11.32 2.05
0.69 94.52 12.39 2.38
3.43 94.73 12.98 2.03
0 94.46 17.2 2.63
0 94.68 20.76 1.48
0 94.59 22.19 2.52
0 94.6 22.11 3
0.1 94.33 22.4 4.54
21.44 94.02 14.25 2.25
16.8 93.18 14.6 4.16
0 92.81 17.73 5.12
0 93.37 16.6 2.83
0 93.38 19.07 2.7
0.33 94.03 16.41 4.88
0 94.91 16.21 2.44
0 94.79 17.71 2.22
0.53 94.15 19.06 3.03
0 93.6 20.14 3.38
17.77 93 15.81 6.02
0.01 92.98 17.85 4.54
0 93.36 19.48 2.52
0 94.22 20.06 2.25
3.76 94 24.48 3.97
1.18 94.61 18.12 2.27
0 94.2 21.19 2.26
1.49 93.91 22.05 3.46
1.23 93.73 20.02 4.06
0.61 93.55 19.57 3.04
0 93.84 19.08 4.48
0 93.65 23.81 3.42
0.03 93.27 25.56 4.05
0 93.95 20.15 2.45
3.73 93.65 18.96 3.3
0.03 93.93 19.3 3.58
10.38 94.49 17.91 2.4
22.9 94.33 19.32 1.99
10.57 94.13 19.63 3.21
3.35 93.96 22.01 2.85
0.68 93.83 22.33 3.6
89.3 94.22 16.44 1.93
1.55 94.44 17.47 1.64
8.2 94.17 15.88 2.25
2.23 93.93 17.6 1.74
0.02 93.96 22.89 3.37
0.13 93.95 24.3 3.8
2.37 93.86 24.73 2.75
231.71 93.88 18.7 2.77
4.29 93.58 21.13 1.67
49.4 93.28 20.46 1.89
0.16 93.62 23.43 1.68
0 94.14 23.5 2.23
0.03 94.29 24.13 1.9
1.69 94.03 22.22 1.36
10.08 93.7 21.93 1.59
106.79 93.55 21.1 2.07
41.5 93.27 21.56 2.29
273.03 93.02 19.92 1.73
80.96 93.18 21.74 2.94
105.74 93.58 20.75 1.98
105.75 93.61 22.36 2.71
16.93 93.56 23.43 3.62
55.68 93.33 23.34 2.11
150.68 92.93 22.55 2.65
0.03 92.91 24.28 3.47
2.09 92.92 24.22 2.49
0.74 93.26 24.62 2.25
1.02 93.45 24.5 2.16
6.09 93.25 25.88 3.67
35.62 93.56 24.24 1.83
52.63 93.77 22.23 1.77
1.05 93.98 22.81 1.44
0.44 93.97 22.69 1.18
8.05 93.93 23.21 2.18
21.23 94.11 22.54 2.05
0.09 94.08 24.7 1.53
203.78 93.39 21.97 1.48
75.75 93.26 22.77 3.05
0 93.81 23.5 2.16
0.16 93.68 22.81 2.09
128.55 93.63 20.9 2.6
1.98 93.85 21.62 1.63
0.28 93.83 23.92 1.5
43.84 93.7 23.58 2.24
13.34 93.28 23.73 2.18
0.55 93.37 23.83 2.84
0.01 93.68 24.26 1.76
0.03 93.68 25.14 1.55
66.42 93.46 22.68 1.26
4.4 93.41 25.11 2.13
0.22 93.36 24.96 1.38
1.02 93.15 26.23 1.5
6.56 93.25 26.33 1.75
13.82 93.53 25.5 2.56
0.25 93.77 25.86 2.55
1.2 93.57 25.83 2.67
25.86 93.23 26.27 2.78
16.19 93.08 25.64 1.99
8.22 93.23 26.19 2.71
14.15 93.52 26.07 2.57
7.66 93.3 26.4 2.34
12.89 93.49 24.07 1.87
1.03 93.87 25.93 1.41
4.39 93.95 27.31 2.88
27.47 93.67 25.07 2.91
2.84 93.67 25.86 2.95
16.79 93.62 26.49 2.02
2.43 93.69 25.88 2.06
303.76 93.14 24.55 1.55
0.04 97.89 25.62 2.74
0 94.18 22.08 2.73
0 94.43 21.64 1.87
2.76 94.4 20.73 0.94
1.2 93.97 23.9 2.37
0.15 94.14 22.85 2.18
0 94.34 22.7 1.75
0.03 94.33 22.91 1.31
13.17 94.04 22.14 1.55
7.03 94.14 19.4 2.07
9.08 94.05 19.44 1.69
176.45 93.45 18.71 1.34
26.85 93.72 14.8 3.24
0.11 94.37 15.95 2.52
64.46 94.44 16.34 1.98
0.85 94.69 15.39 1.81
4.36 94.85 15.8 1.5
0 94.93 16.01 1.32
4.95 94.8 16.81 1.47
172.4 94.76 14.01 1.76
51.93 94.83 14.07 1.16
3.73 94.88 16.15 1.08
1.57 94.82 17.81 1.35
5.24 94.35 18.26 1.63
0.07 94.45 17.62 1.3
0 94.49 17.25 2.41
1.47 94.27 20.17 2.57
22.69 93.62 19.51 3.51
0.21 93.98 19.13 3.44
0 94.6 14.07 1.81
0.79 94.27 16.48 1.53
4.24 94.85 16.3 1.63
8.83 95.26 14.81 0.8
5.79 94.32 19.55 3.11
0 94.75 18.07 1.5
0.04 94.73 18.9 1.38
1.28 94.6 18.29 2.7
29.52 94.98 12.6 3.16
0 95.21 8.84 2.46
0 95.03 10.89 1.92
0 94.69 12.1 2
0 94.02 17.66 3.39
0 94.09 16.69 2.8
0 95.03 13.07 1.46
0.6 94.92 13.99 1.73
145.18 94.95 11.11 2.14
0.01 95.06 10.77 3.04
0 94.83 9.53 1.74
0 94.17 17.3 3.92
0 95.21 13.59 1.14
0.01 95.17 15.39 2.25
0.03 95.45 12.61 2.26
0.23 94.95 11.46 1.79
0 93.98 15.46 3.04
5.37 94.05 13.33 4.25
0 94.49 10.62 3.59
0 94.98 11.73 1.72
19.8 94.96 11.17 2.48
2.22 95.84 4.01 4.88
0 95.86 2.97 1.11
0 95.45 7.18 1.31
0 95.46 7.2 1.26
0 95.25 11.03 2.81
50.07 95.44 9.25 1.52
1.05 95.48 7.19 1.99
0 95.32 6.05 1.15
39.1 95.18 5.28 2.1
25.97 95.13 1.49 2.32
0.01 95.33 4.01 3.7
0.01 95.59 5.88 2.77
0 95.13 4.9 1.34
0 94.59 7.55 2.05
3.22 95.12 6.02 1.54
1.83 95.67 4.49 2.68
0 95.6 3.95 1.78
0 95.69 4.67 0.78
0 95.45 4.67 1.25
0.74 94.92 8.77 2.3
1.08 95.23 7.4 3.31
0 95.57 5.64 1.78
0.02 94.83 6.62 2.47
0.15 94.42 5.91 3.93
0.01 94.8 3.04 2.79
0 94.86 2.93 2.39
0.07 95.42 2.21 3.46
0 95.4 -1.49 4.11
0 95.45 1.22 2.41
0 95.34 1.79 1.71
0 94.73 1.81 2.2
0 94.5 3.07 3.44
0 94.47 3.01 2.16
0.09 94.63 1.87 3.59
0.01 95.01 -3.12 4.51
0.03 95.22 -3.63 6.04
0 95.12 -3.69 3.9
0 95.15 -2.04 2.55
0 95.34 -2.8 0.94
0 95.1 1.38 1.88
0 94.81 1.59 2.01
0.02 94.48 -0.35 2.17
0 94.33 -3.94 4.83
0 94.46 -7.24 3.59
0 94.7 -10.18 6.76
0 94.89 -5.44 3.58
0 94.5 0.59 3.25
0 95.13 -2.41 2.15
1605.44 94.88 -0.61 3.03
1605.44 94.65 -0.48 1.35
1605.44 94.92 2.15 2.34
1605.44 94.94 1.47 2.43
1605.44 95.15 -1.37 2.67
1605.44 94.72 -1.89 1.02
1605.44 94.8 -4.39 1.32
1605.45 94.79 -3.84 2.32
1605.45 95 -5.85 3.03
1605.55 94.46 -7.7 3.16
1605.62 94.47 -8.58 2.2
1605.44 94.62 -11.6 4.28
1605.44 94.93 -11.49 2.67
1605.44 95.3 -8.67 3.11
1605.44 95.87 -7.99 1.59
1605.44 95.82 -9.64 1.44
1606.25 96.1 -12.01 2.36
1605.54 95.73 -13.46 2.57
1605.54 95.61 -12.24 2.7
1605.44 96.01 -11.31 1.93
1605.44 96.04 -10.33 1.13
1605.44 95.75 -10.07 0.86
1605.44 95.91 -9.17 1.19
1605.44 95.83 -9.46 0.86
1605.47 95.28 -6.55 2.86
1605.48 95.76 -10.19 3.91
1605.44 95.43 -10.85 1.46
1605.44 94.97 -10.49 2.79
1605.44 94.25 -5.78 3.93
1605.44 94.07 -4.89 3.57
1605.44 93.69 -3.08 4.49
1605.44 94.09 -3.46 3.02
1605.44 94.36 -2.89 3.16
1605.44 94.96 -4.65 2.57
1606.24 94.85 -7.45 1.79
1607.34 95.12 -8.55 1.89
1605.46 94.82 -7.03 2.78
1605.44 95.35 -6.78 2.29
1605.44 95.8 -14.02 2.9
1605.44 95.4 -13.71 2.51
1605.44 95.41 -11.22 2.34
1605.44 95.5 -9.82 2.17
1605.44 96.01 -12.36 1.73
1605.44 95.73 -12.72 1.53
1605.44 95.76 -10.92 1.96
1605.44 95.56 -7.45 1.92
1614.56 95.61 -10.04 1.57
1605.44 95.55 -10.23 1.59
1605.44 95.79 -8 1.98
1605.69 94.81 -6.31 4.36
1605.44 95.32 -10.15 4.04
1605.44 95.49 -9.69 2.36
1605.44 94.82 -6.02 1.75
1605.44 94.02 -1.07 3.17
1605.44 94.6 -3.17 2.04
1605.44 95.52 -8.78 2.76
1605.44 95.06 -7.28 3.95
1605.44 94.5 -4.3 4.04
1605.44 95.08 -6.98 3.64
1605.44 93.77 -0.89 4.99
1605.44 94.5 -6.78 3.34
1605.44 94.6 -6.87 1.85
0.19 94.19 -3.93 2.03
0.03 94.22 -4.06 5.4
0 95.08 -12.59 3.84
0 95.24 -11.23 2.1
0 95.41 -11.77 1.47
0 95.66 -9.91 1.66
1.8 95.35 -10.69 1.44
12.15 95.41 -12.56 2.69
0 96.02 -14.78 3.08
0 95.82 -14.2 1.32
0 95.25 -11.57 1.29
0 95.9 -12.79 1.36
0 95.83 -12.48 2.05
0.05 95.03 -5.57 3.03
0 95.09 -5.83 1.83
0.05 95.68 -6.44 2.14
0 96.22 -9.23 1.63
0.76 95.75 -9.08 1.42
0.9 95.51 -9.09 1.91
0 95.43 -7.33 1.32
0 95.39 -4.33 2.11
0.43 95.92 -7.94 1.57
0.07 95.73 -5.31 1.22
0 95.27 -1.61 1.53
0 95.12 2.47 1.71
0.49 94.85 4.07 3.6
1.46 95.53 -3.33 3.89
0.03 95.22 -6.9 1.9
0 95.1 -5.12 1.54
0.23 95.03 -5.38 2.39
0.83 95.04 -6.01 1.84
2.47 95.36 -5.46 2.81
0 95.4 -6.81 2.97
0 95.56 -7.36 3.07
0 95.56 -5.72 2.43
0 95.09 -5.47 2.04
0 95.38 -5.07 2.17
0 94.85 -2.09 2.24
0 94.65 1.48 3.56
0 95.32 -1.58 4.29
0 94.91 -1.73 1.81
0 94.42 2.33 3.6
0 94.13 7.26 2.63
0 94.49 4.96 2.26
0 94.04 8.08 5.34
0 95.16 4 2.06
0.07 95.09 3.56 5.1
0 95.4 3.86 4.87
0 94.8 6.99 3.29
0 94.87 7.89 3.17
0 95.1 7.98 2.57
0 94.12 13.02 4.81
0 94.12 12.35 2.5
0.01 94.13 11.49 2.68
0 94.16 10.74 3.2
75.9 93.93 11.34 3
36.34 94.42 9.69 2.15
0 94.62 11.32 2.35
0.58 94.71 9.26 1.93
0 94.18 11.92 2.74
0 94.9 7.88 3.74
0 95.3 2.53 4.6
0 94.47 6.41 4.54
0 95.06 5.4 4.04
0 94.45 13.68 4.03
0 94.41 14.3 1.59
0 94.25 15 2.7
0 94.5 11.42 4.47
0 95.2 9.3 2.11
0.94 94.82 10.55 2.08
0.46 94.52 11.74 1.91
0 94.65 13.78 1.5
0 94.56 17.95 3.29
0 95.15 12.85 2.93
0 94.44 13.68 2.27
8.28 94.45 7.42 2.99
0.02 95.14 7.75 2.74
28.33 94.93 7.3 2.52
0.04 94.51 9.44 163.77
0 94.62 11.7 3.83
0 94.3 14.01 2.58
0.67 93.97 16.35 3.66
3.33 94.21 17.81 4.05
0.26 94.68 16.81 3.64
40.24 94.96 11.47 3.19
0 95.24 12.51 2.72
0 95.09 13.38 1.89
0 94.46 15.01 1.57
0 93.9 19.13 1.81
4.02 93.86 18.36 4.56
183.29 94.51 6.68 4.98
11.02 94.08 7.71 5.68
6.99 94.31 5.12 5.67
0.08 94.54 7.87 4.53
0.09 93.95 11.94 2.35
30.58 94 7.64 4.22
0.51 94.53 11.45 1.87
76.62 94.8 10.24 2.45
2.27 94.69 12.01 1.8
214.3 93.84 8.81 2.57
50.37 92.97 15.13 4
0 93.17 17.32 4.05
0.05 93.52 13.82 3.63
0 93.28 13.87 3.44
0.04 94.07 16.66 3.04
1.74 94.41 16.37 1.98
2.21 94.05 18.53 3.01
56.63 93.68 16.75 2.58
2.31 93.74 17.48 3.1
0.02 93.86 19.09 2.16
0 93.85 21.99 2.26
0.21 94.15 25.4 3.59
45.12 94.01 17.66 2.61
0.36 93.58 16.9 5.52
0 93.05 21.36 4.37
30.09 92.85 18.45 2.67
1.24 93.27 21.82 1.97
0 93.37 24.03 27.87
0.1 93.94 25.21 2.38
0 93.89 28.2 4.02
3.65 94.11 23.63 2.54
0.35 94.25 21.8 2.51
0 94.13 22.53 2.09
0.58 93.92 22.53 1.96
14.27 93.78 23.5 2.25
390.87 93.93 15.85 2.37
104.48 93.78 13.11 3.25
14.31 93.46 16.17 2.92
27.31 93.76 15.51 1.97
36.71 94.17 15.24 1.79
8.93 94.27 18.31 2.34
12.18 94.07 20.08 2.72
8.04 94.11 20.81 2.63
0.02 93.97 21.76 2.09
3.35 93.78 23.25 1.5
209.9 93.57 20.29 1.77
63.13 93.45 19.72 1.93
97.53 93.6 19.01 2.41
3.89 93.88 19.05 1.92
24.42 94 19.22 1.88
4.35 94.12 19.29 1.54
240.73 94.21 18.07 2.67
1.25 94.08 21.41 1.93
0.06 93.67 23.61 2.34
13.45 93.47 22.51 2.95
13.08 93.56 21.72 3.68
0.27 94.01 21.87 3.88
0.51 93.92 22.87 3.17
0 93.99 24.31 1.94
0 93.95 24.85 1.58
16.06 93.89 23 2.52
68.86 93.58 20.44 2.26
21.88 93.32 23.13 2.17
0.05 93.81 25.09 2.47
0.64 93.86 25.71 2.91
1.01 93.73 26.07 2.37
3.03 93.52 25.3 2.81
18.45 93.47 23.01 3.44
0 93.67 23.8 3.06
0 93.39 24.22 3.95
3.01 93.48 22.46 2.85
4.83 93.67 21.59 2.72
0.42 93.59 22.91 2.54
2.12 93.66 23.75 1.76
18.14 93.6 23.56 2.44
94.8 93.67 21.91 28.24
6.16 93.91 22.55 27.66
0.21 93.99 26.43 1.69
0.58 94.09 28.73 2.02
2.23 93.7 29.34 4.42
78.85 93.59 24.06 2.25
0.2 93.9 22.19 1.66
0 93.61 25.2 2.84
0.07 93.98 23.02 2.05
0 94.03 23.13 1.56
0.01 94.21 23.46 1.64
4.66 94.06 25.94 2.47
3.48 93.6 27.41 3.22
6.33 93.62 26.1 3.52
15.61 93.77 24.79 1.86
0 93.86 26.49 2.3
0 93.84 27.27 2.71
4.81 93.72 26.19 2.54
7.99 93.7 25.64 1.88
88.94 93.97 19.68 2.52
1.08 93.9 22.01 1.88
0 94.19 22.21 2.56
0 94.29 21.68 1.36
0.01 94.14 22.52 1.88
48.87 93.88 21.3 2.24
16.69 93.64 21.07 1.55
1.32 93.84 22.01 3.71
0.26 94.03 21.02 2.15
13.18 94.05 19.27 1.9
8.58 93.95 18.84 1.58
10.08 94.01 20.07 2.21
4.86 94.12 20.32 1.71
1.94 94.24 21.54 2.22
6.3 94.45 21.21 1.79
1.24 94.39 22.66 1.89
0.69 94.06 23.7 2.34
3.82 94.07 24.23 1.89
96.77 93.98 22.68 2.44
70.84 93.84 22.39 1.77
67.65 94.1 19.54 2.16
1.06 94.39 19.9 2.56
0 94.49 21.08 1.79
0 94.59 23.02 1.58
5 94.7 20.71 1.69
2.92 94.74 20.98 1.54
0.63 94.7 20.72 1.84
8.8 94.53 19.93 1.81
7.25 94.49 19.57 1.74
242.9 94.47 15.6 2.41
1.14 94.08 17.43 1.62
0 93.78 20.16 2.28
0 94.3 18.72 1.41
0 94.3 20.6 1.45
1.83 93.91 20.61 3.02
0.02 94.2 18.59 3.06
0 94.38 15.89 1.33
0.01 94.63 17.13 1.5
0.09 94.61 18.76 1.89
32.6 94.68 16.53 1.38
0.33 94.48 18.38 2.38
0.08 94.79 16.51 3.11
0 94.89 14.41 3.36
0 94.94 13.18 1.3
0 95.03 16.35 1.26
0 94.99 16.97 1.75
25.15 94.3 16.3 2.35
27.57 94.29 13.97 2.89
0.02 94.88 13.93 1.44
0.38 94.89 16.22 1.88
93.23 95.1 11.96 1.89
22.85 94.86 12.8 1.53
0 94.75 13.7 1.59
42.86 94.11 14.1 2.3
0.05 94.68 13.44 2.27
0.71 94.57 14.18 2.6
23.64 95.4 5.71 3.88
0.09 95.44 5.34 1.71
26.73 94.58 6.6 1.87
16.87 94.48 7.72 2.28
0 94.79 8.93 1.62
120.3 95 7.05 1.53
21.25 95.5 7.75 2.46
0 95.29 8.76 1.96
0 94.88 12.19 1.63
0 94.75 14.18 2.43
0 94.95 16.33 2.12
0 95.2 13.56 1.51
0.46 95.11 14.1 2.59
0.79 96.07 8.2 3.19
0 95.63 4.28 1.41
0 94.7 8.35 2.33
0 94.24 9.67 4.29
0 94.76 9.65 3.01
0 94.51 12.85 2.59
0 94.62 13.47 2.12
0 94.31 16.46 4.26
0 95.17 7.29 2.68
0 95.51 3.29 1.79
0 94.94 5.93 1.62
0 94.19 11.5 3.08
0 93.92 14.16 3.24
0 94.14 11.22 1.81
0 95.62 3.99 4.67
0 95.99 2.03 1.46
0 95.4 3.91 1.65
0.04 95.12 8.33 1.8
4.66 95.34 8.15 20.36
2.59 95.06 5.22 1.37
1861.32 94.71 6.53 3.56
1861.36 94.88 3.29 3.71
1861.31 94.65 6.75 2.45
1861.31 94.26 8.24 3.77
1861.32 94.64 6.21 3.08
1861.31 95.91 -1.21 2.76
1861.31 95.86 -1.74 1.37
1861.31 95.46 0.41 1.74
1861.31 95.25 4.27 1.64
1861.31 94.94 4.07 1.32
1861.32 94.59 2.75 3.49
1861.35 95.04 -4.74 5.78
1861.31 95.02 -1.84 2.95
1861.31 95.38 -2.09 1.54
1861.31 95.49 -1.67 1.46
1861.45 95.34 0.88 1.99
1861.31 95.67 -1.07 1.45
1861.31 95.59 -0.49 1.5
1861.31 94.9 1.94 2.96
1861.31 94.34 3.25 3.9
1861.31 94.86 0.65 2.73
1861.31 95.37 -1.73 2.07
1861.36 95.13 1.76 3.19
1861.31 95.53 -2.95 1.95
1861.31 94.61 -2 2.31
1861.31 94.16 163.38 5.18
1861.31 95.27 -3.11 2.07
1861.31 94.78 -1.34 1.35
1861.33 94.6 -0.14 2.21
1861.59 94.75 -1.71 5.71
0 95.3 -11.79 6.8
0 95.05 -10.98 3.86
0 94.81 -11.44 5.88
0 94.94 -11.02 4.39
0 95.04 -10.48 3.35
0 95.24 -10.17 1.83
1.55 95.28 -9.65 1.43
0 95.79 -10.03 1.46
0.03 95.64 -7.47 3.06
1.58 95.04 -5.28 4.84
0.06 95.44 -9.35 2.99
0.01 95.05 -10.29 4.03
0 95.2 -10.76 2.59
0 95.25 -8.84 1.61
0.18 95.19 -9.08 3.43
0 95.28 -12.84 3.28
0.01 95.3 -11 2.08
0 95.21 -7.64 2.73
0.11 94.97 -6.52 4.71
0 95.29 -10.56 3.86
0 94.93 -10.05 3.29
0 94.73 -3.22 2.32
0 94.78 -3 3.2
0 95.62 -5.65 3.78
0 95.85 -5.13 2.48
0 95.59 -8.22 1.15
0 95.2 -4 2.5
0 94.61 -4.85 2.02
0 93.96 -3.89 3.64
0.08 94.66 -7.08 69.42
0.02 95.39 -11.3 5.29
0.09 95.36 -11.39 2.76
0 95.3 -7.05 3
0 94.06 -2.33 3.95
0 94.32 -2.88 1.73
0.35 94.68 -2.8 5.37
0 95.2 -7.52 3.05
0 95.57 -9.31 1.63
0 95.45 -8.4 2
0 95.33 -5.62 2.33
0.04 94.9 -4.6 2.74
0 95.93 -7.75 2.31
0 96.03 -8.68 1.73
0 95.58 -5.09 1.92
0 95.78 -9.04 1.67
0.26 95.41 -9.9 1.73
1.61 95.39 -10.23 3.55
0 95.5 -8.88 2.1
1.23 94.4 -4.94 3.66
0.01 95.03 -8.18 1.77
0.03 94.95 -7.05 2.39
0.59 95.5 -7.5 1.96
0 94.95 -7.74 1.81
0 94.45 -3.46 3.27
0 95.32 -7.06 1.87
1 94.92 -4.3 1.22
4.28 95.54 -8.78 3.89
0 96.05 -12.23 2.72
0 95.88 -11.93 2.18
0.06 95.3 -8.53 3.87
0 95.93 -10.62 3.53
0 96.19 -9.12 1.45
0 95.99 -8.16 1.56
0 95.82 -7.58 1.58
0.07 95.71 -4.75 2.67
0.04 95.64 -6.96 3.26
0 95.52 -4.18 2.69
0 94.91 -1.35 2.89
0.02 95.73 -10.81 5.18
0 95.81 -11.48 3.47
0 95.1 -5.73 2.64
0 94.47 -2.87 2.41
0.01 94.5 -6.34 3.48
0 94.69 -6.48 2.21
0 94.3 -4.32 1.8
0 94.14 -0.7 2.44
0.01 94.81 -3.9 1.22
8.68 94.57 -1.58 2.45
0.01 95.18 -1.95 4.64
0 95.81 -3.72 2.24
0 95.27 -3.68 2.98
6.45 94.44 -0.37 3.79
12.87 93.94 -0.77 6.1
0.1 94.38 -6.29 5.86
0 94.64 -6.43 1.89
0 94.28 -6.25 2.01
0.29 94.77 -7.79 3.17
0 95.14 -9.32 3.7
0 95.76 -7.26 1.81
2.41 94.8 -2.43 5.15
0 94.5 -0.91 3.21
0.03 94.11 -3.08 2.53
0.09 94.79 -7.11 6.25
0 95.28 -6.48 2.53
0 95 -3.38 2.9
0 94.34 1.67 4.45
0 94.67 1.63 2.95
1.79 95.27 -3.49 2.91
0 96.04 -9.92 5.72
0 95.37 -4.12 3.52
0 95.02 -4.17 3.59
0 94.54 -3.19 2.92
0 106.3 158.38 163.33
0 94.62 0.57 3.55
0 94.28 5.68 4.1
0 94.22 5.7 3.11
0 94.98 2.57 2.43
0 94.23 6.87 2.95
0 94.51 6.59 3.95
0 94.64 5.49 2.55
0 94.58 6.23 4.11
0 95.5 1.87 4.2
0 95.68 3.33 3.03
0 95.86 3.94 1.47
0 95.62 8.04 2.77
0 95.44 12.52 4.19
0 94.64 13.14 4.91
0 94.23 12.1 3.82
0 94.35 10.45 3.1
0 93.87 14.47 4.18
3.71 94.89 6.39 3.04
0 94.97 4.52 1.56
190.79 93.47 2.05 2.31
0.52 94.26 3.32 2.22
1.44 94.19 4.93 1.7
0.1 94.73 3.55 4.97
0 95.82 -1.11 4.11
0 95.78 0.04 3.46
0 95.01 4.35 2.45
0.05 94.75 7.67 2.92
0.08 94.97 7.66 1.93
12.86 95.17 6.85 3.97
185.27 95.8 -1.29 4.61
0.28 95.38 2.86 1.93
0 93.79 11.52 1.87
0.53 92.95 14.15 3.84
0.76 93.82 8.16 5.99
0 93.89 11.04 2.06
0.03 94.17 12.51 2.75
0.01 94.65 10.33 3.33
0.01 94.27 10.95 3.03
0.04 94.18 11.17 2.19
0 94.41 13.92 3.95
0 94.62 13.94 5.33
0 94.89 14.36 2.52
0 94.28 20.54 4.17
0 93.91 23.59 4.31
12.87 93.61 20.31 3.59
8.7 94.23 16.44 2.7
0 94.27 19.04 2.31
0 94.18 21.05 2.81
15 93.98 16.91 3.63
12.42 94.03 15.51 2
0 94.35 12.62 5.4
0 94.13 13.52 4.24
0 93.6 14.36 5.79
0 94.13 12.14 2.55
0.23 94.06 12.66 5.17
14.47 94.36 7.22 1.96
0 94.72 8.52 1.41
76.53 94.59 7.87 2.57
55.88 93.67 7.22 2.02
14.37 92.46 10.9 4.2
0.28 92.55 18.94 3.55
1.07 93.88 15.48 5.66
0.01 94.46 15.41 4.25
0 93.89 18.46 3.22
14.06 93.04 18.83 3.45
15.84 93.25 14.2 5.53
0.86 93.63 12.96 6.1
0 94.47 18.29 4.21
0 94.11 21.35 2.69
0 93.96 22.14 2.54
0.74 93.89 22.13 1.99
0.07 93.72 24.72 3.05
0.3 93.62 25.75 3.99
6.14 93.79 23.43 2.53
0.13 93.79 22.8 2.92
2.99 93.43 23.75 3.78
0.37 93.77 21.24 3.73
0 93.84 19.85 2.3
0 93.02 24.71 6.24
4.16 93.54 22.4 2.87
1.1 94.1 18.7 4.21
0 94.3 21.37 2.73
82.44 93.54 17.62 2.8
29.46 93.01 19.11 2.55
36.16 93.53 18.26 2.5
0.16 93.84 19.42 3.85
2.67 93.6 19.35 2.55
3.27 93.6 18.73 2.14
80.66 93.34 16.71 2.6
154.72 92.88 14.93 2
38.63 92.95 16.04 1.6
87.71 93.86 16.7 2.27
0.8 94.11 20.34 1.61
8.19 93.94 21.75 2.32
0.17 93.65 22.77 1.89
107.36 93.7 18.94 2.59
3.73 93.85 18.49 3.86
78.84 94.32 16.41 2.82
0.03 94.41 21.28 2.38
0 94.02 23.22 1.57
3.63 93.73 24.13 2.51
0.24 93.87 23.82 2.42
9.29 93.68 23.95 2.68
14.94 93.41 21.4 2.28
67.83 93.39 20.67 2.45
1.17 93.82 21.8 1.51
3.72 93.85 23.8 2.08
170.49 94.06 17.12 2.03
40.57 93.45 17.94 1.55
42.8 93.03 18.64 2.96
3.58 93.59 16.24 3.54
0.06 94.15 18.29 2.14
70.46 94.11 19.32 1.86
10.24 94.24 20.09 1.43
0 94.21 22.36 2.04
0.19 94.06 23.97 2.11
2.67 94.21 24.78 2.06
0.17 94.44 25.9 2.33
3.22 94.27 23.95 2.53
0.52 94.01 25.16 1.83
0.79 93.53 26.27 2.55
0.17 93.37 26.26 3.36
7.45 93.68 25.92 2.8
34.81 94.1 22.68 2.24
41.56 94.3 20.17 2.16
20.56 94.13 21.2 1.67
148.94 93.94 21.69 1.64
52.5 94.07 22.15 1.8
22.04 93.98 22.84 2.45
17.98 93.72 23.55 2.11
77.04 93.71 22.57 1.73
6.55 93.71 22.46 1.3
11.79 93.53 22.41 1.46
3.35 93.34 23.91 1.95
3.93 93.75 25 2.18
16.23 93.82 24.65 1.92
29.64 93.58 23.74 2.44
173.97 93.57 23.26 2.22
162.79 93.98 20.64 2.5
5.87 94.18 22.1 1.65
1.31 93.97 23 1.66
17.49 93.47 25.17 3.16
0.09 93.49 22.5 1.91
1.38 93.35 24.51 2.84
2.56 93.5 25.17 3.43
15.83 93.88 24.35 1.84
12.55 94.44 22.25 2.59
23.25 94.48 23.05 1.59
7.98 94.4 23.79 2.31
0 94.44 23.75 2.31
0 94.26 23.98 1.44
0 94.09 24.36 1.52
0 93.76 25.44 1.71
0.8 93.57 25.27 2.5
0.02 93.87 23.63 2.39
0 93.91 23.57 1.47
0.56 105.27 183.34 162.6
72.96 105.62 182.92 162.75
124.15 94.34 19.91 1.81
15.31 94.07 19.29 2.22
7.4 93.89 19.71 2.42
55.06 94 19.4 1.85
9.27 94.32 20.06 1.92
37.08 94.55 19.27 2.09
6.29 94.49 19.79 1.97
48.42 94.37 19.26 2.4
0.03 94.29 20.3 2.64
31.39 94.14 19.86 1.91
3.09 94.28 18.34 1.29
11.66 94.42 18.42 1.53
197.02 94.62 17.32 1.54
106.24 94.67 17.83 2.4
1.39 94.65 20.48 2.52
0.15 94.8 19.33 1.88
15.41 94.61 17.76 1.37
61.99 94.46 16.46 2.14
0.01 94.6 17.1 1.98
0 94.47 19.29 1.31
1.72 94.62 20.53 2.41
27.73 95.33 15.38 2.06
1.63 95.23 14.06 1.57
58.12 94.67 12.89 1.72
7.44 94.61 14.11 2.3
0 94.54 19.6 2.31
0 94.86 19.39 2.32
0 94.96 18.86 2.84
0 94.81 19.26 2.27
3.4 94.79 19.75 1.48
6.74 94.88 18.75 2.2
0.01 94.97 16.45 2.27
3.62 94.43 16.4 2.26
3.6 94.22 19.19 2.36
44.31 94.06 17.51 2.77
18.54 94.21 13.48 1.99
24.88 94.12 14.94 1.92
9.07 94.15 15.59 3.41
0 94.37 14.2 2.41
0 94.6 15.99 2.65
0.13 95.42 13.67 1.62
2.42 95.87 11.02 1.94
4.85 94.73 14.6 3.19
47.3 94.02 11.03 5.51
0.03 93.93 13.51 4.6
0 94.91 11.1 1.55
0 95.22 14.08 2.52
0 94.75 17.64 3.56
0 94.65 17.55 1.93
0 94.42 17.78 3.06
0 94.74 9.82 4.06
0.34 94.07 5.68 3.42
2.29 94.25 5.39 5.48
2.35 94.57 9.76 4.96
0 94.95 12.1 2.38
0 95.03 12.9 1.75
0 94.77 13.81 1.68
0 94.71 14.46 1.49
0 94.73 15.4 2.58
5.22 94.88 13 2.88
0 95.63 5.35 2.57
0 94.5 10.42 2.79
38.46 95.11 4.72 1.61
12.27 95.42 4.74 1.95
1.09 98.74 59.16 27.1
0 98.23 59.54 27.04
0 95.67 6.9 1.98
0 95.55 4.6 1.65
6.84 94.34 7.32 5.67
0 94.42 3.54 4.02
0 95.01 1.51 3.68
0 95.34 -0.16 3.94
0 95.75 0.58 2.75
0 95.8 3.12 1.46
0 95.16 5.69 1.61
0 94.98 6.25 1.11
0 94.9 9.24 4.13
0 95.12 9.91 3.29
0.32 96.28 0.89 3.82
61.93 96.35 -4.29 2.49
37.85 95.97 -4.37 3.23
7.04 95.46 -3.93 1.83
0.17 95.47 -3.69 1.23
0 95.61 -3.78 1.32
0 95.77 -2.57 1.5
0.06 95.61 0.51 1.18
0.01 94.91 2.36 1.85
0 94.28 5.27 2.71
0.62 95.17 1.83 2.12
3.82 94.97 -2.85 2.52
0 95.68 -5.3 2.18
5.97 95.55 -7.03 2.32
10.1 95.56 -8.18 2.01
4.09 95.54 -8.89 1.95
3.72 96.02 -8.89 1.48
18.38 96.5 -11.71 2.59
10.73 96.57 -13.33 2.81
0.07 96.44 -15.24 2.01
0.01 95.59 -14.69 2.51
0 95.5 -14.11 2.61
0.05 94.99 -11.6 1.34
0.21 95.45 -10.15 1.29
5.59 95.17 -5.08 2.63
0 95.05 -6.79 1.64
0.3 94.38 -2.68 2.29
0.08 94.21 -5.88 5.11
0.21 94.52 -7.79 5.66
0 94.88 -4.98 3.75
0 95.54 -5.25 2.19
0 95.67 -7.72 1.45
0 95.82 -9.16 0.97
0 95.39 -3.17 2.33
1.16 95.06 0.27 3.12
0.01 95.36 -1.76 3.59
0 95.67 -6.85 1.52
0 95.32 -6.4 1.46
0 95.45 -6.7 0.9
5.4 94.75 -5.15 2.99
0.03 94.83 -6.72 4.58
0.03 95.4 -8.73 5.58
0 95.45 -7.46 2.99
0 95.93 -5.38 1.91
0 95.88 -5.91 1.41
0 95.02 -2.96 2.4
0 95.26 -4.91 1.77
0 95.34 -7.51 1.72
0 95.27 -5.14 2.36
0 95.35 -8.94 2.37
0.01 94.3 -6.98 3.05
0 95.38 -12.84 3.41
0 96.09 -14.53 1.99
0 95.83 -7.55 2.4
0.2 95.41 -5.36 1.56
3.42 95.68 -7.36 1.2
0 95.65 -7.93 2.06
0 94.8 -2.07 2.43
0.01 94.81 -5.37 1.29
2.37 95.01 -8.29 1.89
0 95.46 -10.89 3.78
0 95.26 -12.07 2.49
0 95.57 -9.98 2.87
0 95.39 -9.65 3.57
0 95.2 -10.29 2.84
0 94.97 -10.09 2.02
0 95.71 -12.43 3.11
0 95.95 -13.17 2.69
0 95.42 -12.75 3.1
0.06 94.78 -11.51 4.19
0.08 94.51 -10.75 2.7
0 94.58 -11.89 1.71
17.45 95.23 -16.02 2.32
1.36 95.21 -19.25 2.35
0 94.83 -19.17 4.42
0 95.43 -18.38 1.71
0 95.94 -17.9 1.46
0.56 95.89 -17.45 2.15
0.43 96.39 -20.87 3.03
0 96.27 -23.86 4.87
0 95.8 -15.15 4.66
0 95.23 -9.77 2.94
0 95.1 -11.51 3.56
0 95.17 -9.73 3.8
0 95.73 -13.03 1.84
0 96.16 -16.36 1.53
0 95.93 -16.53 2.26
0 95.99 -13.1 3.1
0 95.87 -10.73 2.92
0 95.52 -8.97 2.05
0 95.3 -8.49 2.57
0 95.51 -8.62 3.69
0 95.44 -8.64 3.66
0 95.34 -7.2 2.8
0 94.46 -7.02 2.96
0.01 94.11 -4.41 3.4
0 94.75 -3.19 2.84
0 94.41 1.76 2.74
0.04 94.32 1.93 2.34
1.89 94.63 0.35 3.15
28.97 95.36 -8.45 5.95
0 95.38 -12.46 5.41
0 94.74 -9.52 3.78
0 94.64 -5.19 4.07
0 94.57 -2.44 3.68
0 94.56 -3.98 3.82
0.09 95.4 -7.04 3.64
0 95.36 -9.36 4
0 95.18 -9.65 2.58
0.01 95.34 -6.98 3.29
0 96.22 -10.76 2.2
0 95.83 -9.26 2.45
0 95.77 -8.6 3.22
0.06 95.1 -6.71 3.16
0.02 95.2 -7.28 2.02
0.1 95.51 -8.4 3.88
0.06 95.72 -8.86 3.32
0.03 94.82 -0.74 2.8
0 94.46 1.83 2.02
0 94.43 0.45 2.86
0.16 94.81 -0.95 1.48
18.89 94.62 0.32 4.14
0.02 94.63 -1.4 2.71
4.05 94.91 -4.57 4.15
0 95.65 -8.17 4.69
0 95.74 -7.88 3.85
0.02 95.52 -6.94 3.37
0 94.99 -5.36 2.05
0 94.36 -0.96 4.16
0 95.13 -1.95 2.55
0 94.95 1.69 2.58
0 94.4 5.01 2.7
0 94.26 8.41 3.3
0 93.84 10.28 5.26
0 94.31 7.31 4.53
0 95.19 3.66 1.92
0 95.41 5.84 1.82
0 95.05 8.76 2.73
0 95.42 5.09 4.29
0.01 95.97 1.68 4.73
0 95.97 1.93 3.36
0 95.65 2.95 3.26
0 95.26 7.44 3.23
0 94.67 9.59 2.51
0 94.04 11.29 3.74
0.36 94.52 7.12 3.72
0 94.46 8.98 3.29
0 93.54 15.34 4.66
6.35 93.82 10.16 5.07
0.49 94.88 5.9 4.23
0 94.87 8.11 3.71
0 94.06 10.55 3.74
0.06 94.37 10.11 2.51
0.45 93.73 12.63 4.87
0 94.11 10.12 4.96
0 94.03 11.8 5.88
0 94.32 6.98 3.08
0 94.96 4.97 3.25
0 94.41 7.19 4.49
12.63 93.58 9.6 2.78
0.1 93.34 10.82 5.3
0 94.45 10.95 3.32
0.29 93.95 15.6 5.3
8.41 93.9 10.7 4.23
1.45 93.9 6.05 4.59
3.32 94.19 6.6 2.47
1.51 94.5 7.81 3.62
0.02 94.16 13.99 2.98
0 93.35 15.56 6.35
0 93.88 10.5 6.3
0 94.41 11.08 3.1
0 93.86 14.7 4.72
0.53 94.72 10.1 3.32
45.59 94.94 7.66 2.13
2.73 94.54 11.63 1.71
0 94.69 12.42 2.35
45.16 93.86 12.66 2.39
0.04 93.48 16.87 2.64
45.17 93.21 21.2 4.28
188.99 94.03 10.63 2.3
37.63 93.16 11.52 4.91
0 93.63 15.82 3.15
10.02 93.58 15.82 5.11
0.02 93.93 12.75 6.32
0 94.68 15.25 2.65
0 94.11 18.79 4.65
1.52 94.32 16.67 2.66
0 94 17.22 2.23
0.9 93.17 20.11 4.09
140.26 93.93 11.35 4.99
0 94.77 14.6 3.45
27.81 94.39 12.02 3.87
0.74 94.24 12.67 3.53
0 93.72 18.48 3.64
0 93.85 23.15 3.55
0 94.11 24.2 4.05
0 94.33 22.67 3.58
0 94.48 22.5 3.43
0.02 95.22 19.18 3.71
0.02 95.14 17.94 2.54
35.95 94.23 15.05 2.05
28.58 93.18 15.59 4.67
4.96 93.45 18.74 3.42
0.19 93.95 18.71 4.8
0 93.87 21.67 4.85
0.07 93.48 24.29 4.04
0 93.87 19.04 4.35
0 93.57 22.32 4.7
8.61 94.38 17.24 1.99
0 94.43 19.82 1.37
0 94.04 23.29 2.6
0.01 93.71 24.39 3.27
0.02 93.86 23.17 2.65
0.14 94.11 23.31 1.96
14.01 94.27 19.7 3.37
3.12 94.32 19.36 1.98
0.05 94.06 22.11 2.96
13.24 93.73 21.07 3.96
89.25 93.49 20.49 4.39
43.68 94.01 17.8 2.44
13 93.91 19.13 1.93
2.86 93.58 19.56 1.88
88.03 93.48 15.15 1.92
14.8 93.5 18.25 1.84
2.09 93.11 19.74 2.18
66.32 93.15 20.33 1.81
1.8 93.7 20.27 2.99
0.01 93.79 23.44 2.6
14.17 93.43 25.3 2.79
31.02 93.47 23.91 2.32
17.42 93.49 22.71 2.11
13.63 93.78 20.97 3.12
3.12 93.81 21.07 4.01
0 93.96 24.44 3.16
0 93.91 24.64 1.79
18.09 93.64 23.18 2.69
51.52 93.72 19.24 2.95
122.3 93.58 20.48 2.03
62.49 93.64 20.08 1.9
0 93.8 20.54 1.73
0.16 93.75 22.26 1.51
0 93.86 25.41 2.64
0 94.02 25.01 3.05
1.56 94.24 25.35 1.94
0 94.33 26.83 1.56
0 94.25 27.42 2.69
0 94 27.03 2.74
0 93.78 28.17 1.86
0 93.53 29.1 2.3
4.1 93.21 29.55 3.39
107.25 93.54 21.68 2.03
0.57 93.84 24.29 2.46
0.79 94.19 22.42 2.81
4.81 93.87 19.72 2.19
2.71 93.74 18.96 2.46
4.31 94 21.6 1.69
0.09 93.99 23.84 2.04
11.25 94.05 24.26 2.55
172.66 94.19 20.87 1.95
877.64 93.7 20.64 2.71
31.5 93.45 23.42 1.7
5.98 93.34 26.94 3.05
0.25 93.88 25.62 1.96
444.26 93.91 20.07 2.98
1.81 93.78 22.21 1.46
3.94 93.56 24.1 2.24
20.43 93.54 23.6 2.17
14.71 93.91 23.08 1.79
130.69 94.15 23.44 2.12
33.64 94.3 22.07 1.61
16.03 94.41 22.59 2.1
0.16 94.41 24.61 1.8
0 94.33 25.98 1.33
0 94.27 26.99 1.73
0 94.16 27.01 1.95
521.21 93.9 25.25 1.86
164.81 94.3 23.47 2.53
0 94.39 22.02 1.16
0 94 24.01 2.34
0 93.79 26.6 3.33
0.68 93.81 28.72 3.01
9.98 93.92 25.32 2.47
0 93.87 24.76 1.78
0 94.14 23.9 1.88
4.05 94.04 23.47 1.59
136.92 93.89 21.16 2.07
9.94 93.75 22.44 1.32
229.81 93.71 20.17 1.8
8.82 94.16 21.16 2.31
11.58 94.27 21.74 1.76
0.6 94.41 22.73 1.91
1.21 94.49 23.29 1.64
9.96 93.99 21.32 1.66
12.35 93.82 23.34 2.51
147.35 94.58 17.44 3.88
0 94.85 18.03 2.24
3.88 94.5 17.91 2.07
1.49 94.48 18.64 2.1
0 94.65 17.91 1.98
0 94.1 17.51 1.87
12.32 93.03 16.41 3.99
19.78 92.87 15.45 2.56
3.75 93.52 19.12 1.73
11.93 94.04 18.37 1.17
139.69 94.29 17.58 1.53
33.14 94.23 17.14 1.28
13.88 94.1 18.86 1.47
1.91 93.84 19.02 1.67
4.68 93.94 17.95 1.63
63.7 94.24 16.17 1.93
10.75 94.39 16.04 1.67
38 94.75 15 2.29
9.95 94.99 15.69 1.38
3.61 94.91 17.23 1.34
74.27 94.72 18.52 1.56
0.02 94.62 19.5 1.76
3.07 94.72 18.14 2.08
1.7 95.13 15.77 1.87
19.37 95.28 13.62 1.94
0.09 95.31 13.57 2.6
0 95.15 13.79 1.36
0.64 94.92 14.5 2.28
3.44 94.57 16.53 2.21
2.05 94.27 18.62 1.95
1.16 93.99 20.4 3.36
0.04 94.69 16.99 2.37
9.63 94.47 16.96 1.93
1.52 95.23 11.72 5
0 95.64 8.06 2.23
0.03 94.83 10.2 2.2
0.06 94.49 15.8 2.28
4.25 94.34 19.12 3.46
1.44 94.38 16.09 2.26
0.8 94.39 15.1 3.16
106.23 94.95 7 2.35
7.49 95.02 5.82 1.86
0.41 95.56 8.34 1.46
48.86 94.68 10.91 2.99
0.52 94.94 5.87 5.07
0 95.14 4.87 1.8
0.38 94.73 6.23 1.64
0 95.29 5.58 31.88
0.62 95.25 7.68 1.44
0 94.85 12.41 1.48
0 94.93 13.81 1.77
0.12 95.1 14.97 2.38
3.26 94.57 14.43 4.51
0 95.05 9.99 2.35
0 94.8 12.56 1.87
0 94.67 13.16 2.47
1.22 95.58 4.05 2.55
41.03 94.94 5.13 1.92
45.8 95.64 1.8 2.59
0 95.25 2.46 1.54
0 94.61 3.72 1.46
0 94.25 8.66 3.24
0 95.42 2.76 2
13.21 95.44 2.61 1.16
5.92 95.65 2.13 3.38
0.17 95.7 0.53 2.85
2.25 95.41 -0.32 3.6
0 96.22 -5.09 3.28
0 95.84 -3.18 2.4
0 95.15 0.94 3.27
0 94.57 2.32 1.76
0 93.7 4.45 1.75
0 94.76 1.28 2.43
0.13 95.52 -1.22 2.02
4 95.77 -1.82 3.38
0 96.12 -4.07 1.53
0 95.48 -1.57 2.41
1.57 94.06 2.91 3.8
1.47 94.28 -1.03 1.92
0.18 94.82 -1.31 1.3
0 94.28 4.56 3.86
0 94.99 1.14 5.13
0 95.21 -3.07 2.12
0 94.99 0.35 2.85
0 94.9 -0.75 2.22
0.15 94.39 -0.06 2.78
1.55 94.88 -4.77 1.92
31.33 95.39 -7.54 1.86
60.37 95.74 -9.64 2.51
0 96.11 -11.53 2.89
0 95.79 -10.57 2.65
0 95.3 -8.09 3.14
0 94.97 -5.74 1.94
0 94.51 -2.63 3.54
0 95.31 -6.45 3.1
0 95.75 -4.8 1.57
0.06 96 -5.42 1.77
2.81 94.87 -1.2 3.42
0 95.63 -3.76 3.79
0 95.35 0.8 3.02
0 94.61 3.29 3.48
0 94.74 -1.17 2.86
0.37 95.34 -5.84 3.6
0 94.78 -5.43 3.21
0 95.01 -6.44 2.53
1.91 94.42 -4.06 3.61
0 95.37 -7.36 2.27
0 95.51 -7.72 1.44
0 94.88 -5.44 2.71
8.84 95.25 -3.63 2.41
0 95.86 -9.34 3.24
0 95.77 -10.21 1.96
0.01 95.76 -8.89 2.77
0 94.97 -4.37 2.71
0 94.95 -4.23 1.08
0 95.11 -3.72 0.93
0 95.17 -3.02 1.01
0.02 95.49 -2.81 1.48
0.07 95.55 -5.14 2.68
3.29 95.21 -9.84 3.61
0 95.59 -10.62 2.26
0 95.46 -9.81 1.32
0.03 95.29 -4.23 4.31
0.6 95.96 -9.45 3.55
0 95.81 -11.02 2.2
0 95.52 -9.65 4.2
0 95.74 -8.57 3.22
0 95.26 -6.85 1.95
0 95.14 -5.94 1.65
0 94.94 -2.06 3.37
0 95.12 -4.41 2.31
0 94.78 -1.27 3.25
0 95.39 -5.04 1.4
0 95.68 -6.85 1.44
0 95.21 -2.88 1.89
9.08 95.28 -3.91 1.52
8.47 94.85 -4.78 2.09
0.01 95 -7.69 3.47
0 95.24 -10.53 4.16
0 94.98 -10.3 3.07
0.01 94.72 -11.17 2.72
0 94.88 -10.58 4.77
0 95.8 -11.95 2.05
0.07 95.77 -13.39 1.3
0.02 95.67 -12.93 1.45
0.12 95.48 -10.9 2.18
0 95.8 -11.18 1.85
16.43 95.49 -12.69 2.35
0 95.54 -13.51 2.13
0 95.19 -12.75 4.34
0 95.85 -13.71 2.54
0 95.98 -13.82 1.44
0 96.09 -12.41 1.15
0 95.47 -7.54 1.54
0.03 94.77 -3.92 4.5
0 95.27 -6.78 3.62
0 94.72 -7.19 2.96
0.13 95.59 -11.79 4.06
0 95.87 -10.09 3.63
0 95.32 -7.81 2.91
0 96.05 -8.25 3.3
0 95.46 -5.29 2.15
0 94.88 -3.37 1.66
0.19 94.54 -0.75 2.51
0 94.91 -6.04 3.48
0.01 95.83 -6.74 1.95
0.01 95.78 -7.75 1.04
0.02 95.57 -8.8 5.86
0.01 95.11 -9.84 5.76
0 95.29 -9.35 4.6
0 95.4 -6.85 3.15
0 95.38 -5.98 1.87
0 95.88 -4.4 1.43
0 95.71 -3.18 1.74
0 94.55 2.72 3.84
1.37 94.91 -3.08 4.22
0 95.48 -6.85 3.2
0 94.87 -4.95 2.81
0 93.84 -1.97 4.84
0 95.61 -7.19 4.03
6.39 95.38 -6.53 2.88
7.02 94.77 -3.84 4.42
0 95.27 -4.82 3.99
0 95 -2.29 3.68
0 94.96 -0.95 3.41
0 95.15 -0.42 1.64
0 94.82 1.52 3
0 94.78 0.81 3.02
0.24 95.17 -4.65 3.57
0 94.37 -0.46 2.56
0 94.47 -0.14 1.37
0.02 94.67 -3.61 2.34
0.1 95.08 -5.51 3.8
0.03 94.83 -7.44 4.01
0 94.85 -5.28 4.73
0 94.39 -0.61 3.59
0 94.2 0.71 2.95
0 94.4 3.6 2.07
0 94.69 3.99 3.02
0 95.49 -0.66 4.39
0 95.5 0.83 2.97
0 95.47 1.43 1.93
0 95.18 2.97 1.47
0 94.82 3.59 1.91
0.71 94.71 4.16 1.89
0 95.25 5.38 1.75
0.11 95.34 4.46 2.06
0.54 95.41 1.71 3.36
0 95.22 1.67 1.85
0 94.99 2.98 2.13
0.5 95.38 1.33 1.37
3.9 95.03 1.3 1.3
1.17 94.89 2.89 2.68
0.7 94.83 1.55 2.05
0 95 2.68 2.56
0 94.79 5.21 2.39
0 94.72 9.23 3.8
0.07 95.54 3.71 2.6
0 95.33 4.23 1.79
0 94.74 5.79 1.69
0 94.76 9.32 2.06
0 94.66 12.5 2.82
0 94.35 16.46 3.71
0.33 94.07 14.47 3.54
1.59 94.16 11.34 3.36
0.54 94.23 10.3 2.67
0 95.02 8.51 3.15
0 94.97 8.78 2.29
0 93.97 13.29 4.1
0 94.55 7.86 3.92
0 94.46 7.02 2.44
0 93.81 12.43 4.01
0 93.42 15.26 3.03
0 93.88 16.35 3.19
0.2 94.21 14.23 3.29
2.19 93.12 14.22 5.1
0.19 93.32 7.47 5.71
1.63 93.64 7.75 3.1
1.67 94.03 9.28 3.41
0 94.46 9.91 2.18
0.01 93.78 13.21 5.22
0 94.02 9.88 2.84
0 94.36 8.86 3.44
0.01 95 8.6 3.74
0 95.04 10.33 4.98
0 94.23 15.03 4.71
0 93.7 16.87 3.26
0 93.37 20.8 4.27
0 94.23 16.82 2.51
0 94.54 18.09 2.62
0 94.5 21.58 3.65
1.48 94.41 19.21 5
8.23 94.38 14.81 3.69
17.04 94.09 9.37 6.07
0 94.32 10.58 6.41
0 94.19 18.07 4.46
0 93.89 20.61 2.43
0 93.6 20.75 4.02
0.18 93.65 19.39 3.07
0.02 93.81 14.97 4.99
0 93.66 12.62 4.88
0.86 93.89 12.17 4.72
0.11 94.6 13.67 5.06
0 94.56 16.33 2.42
0 93.76 19.95 1.74
0 93.59 24.01 2.07
0 93.6 28.82 3.66
1.59 93.97 26.59 3.33
1.87 94.23 23.77 2.61
4.35 94.6 14.92 3.52
180.96 94.69 9.34 2.34
0.02 94.45 16.45 2.41
0.01 94.05 19.56 2.11
0.04 94.58 15.09 3.02
0 94.08 19.37 2.49
0 93.69 21.88 2.72
0 94.02 22.44 4.02
16.61 94.32 17.09 2.53
0.47 93.78 19.94 3.21
7.81 93.33 20.39 3.04
0 93.83 17.83 3.5
107.7 94.13 11.09 1.77
0 94.24 15.51 2.14
0 94.25 19.91 2.49
0 94.38 21.58 2.14
22.99 94.07 15.43 2.26
0.5 93.82 18.61 2.78
0.25 93.71 21.74 3.94
0 93.82 20.96 3.81
0 94.17 18.95 2.04
3.62 94.31 18.38 1.74
37.45 94.6 18.35 1.69
0 94.63 20.67 2.02
0 94.21 26.86 2.35
0.14 93.94 26.99 1.32
1.03 93.77 26.15 3.1
13.26 93.68 23.66 2.1
45.79 93.69 20.29 2.47
51.95 93.57 19.26 1.84
5.31 93.64 19.85 2.41
0.32 93.81 21.39 2.3
90.52 94.18 18.13 1.41
105.49 94.07 16.88 1.67
3.89 93.81 18.8 1.35
2.84 93.78 21.83 1.28
0 93.95 24.01 1.62
9.95 93.8 25.27 3.42
26.34 93.82 26.9 3.33
0.06 93.72 27.27 2.82
6.93 93.62 27.34 2.73
22.63 93.5 27.01 2.07
19.55 93.68 25.06 2.68
0.33 93.79 25.62 2.13
15.62 93.95 24 1.75
38.79 94.1 22.17 1.48
33.31 93.86 23.88 2.59
562.57 93.05 22.67 2.39
23.8 93.01 24.5 2.68
31.53 93.18 24.69 2.66
0.38 93.16 24.21 1.98
0 93.43 25.22 1.8
0.26 93.49 28.53 2.31
97.25 93.28 27.57 3.38
14.43 93.73 24.71 1.95
9.44 94.05 25.94 1.51
0 94.16 27.18 1.65
0 94.08 28.2 1.74
0.01 93.8 28.63 2.62
21.41 93.59 26.45 2.86
26.69 93.6 22.09 2.48
31.76 94.33 21.18 1.92
17.86 94.31 21.01 1.56
2.18 93.84 23.7 1.21
0.9 93.97 23.95 1.59
0.36 94.17 24.07 2.04
17.42 93.81 22.5 2.65
0.61 94.05 22.92 2.45
0 94.55 23.23 1.46
0 94.1 23.71 1.62
115.85 93.71 22.92 3.37
0.03 93.86 25.12 1.82
0.54 93.93 25.99 2.27
26.97 93.69 25.05 1.93
744.21 93.14 22.76 1.74
18.59 93.54 23.59 1.44
44.44 93.57 24.21 2.17
22.72 93.43 22.4 2.03
1.74 93.48 23.74 2.22
16.63 93.35 22.47 1.45
39.11 93.16 20.31 1.56
15.35 93.25 23.01 1.31
7.77 93.65 23.94 2.46
29.21 94.01 22.76 1.96
0.27 94.16 23.4 1.66
13.01 94.1 22.08 1.55
14.57 94.03 21.41 1.51
330.8 94.1 19.15 2.5
54.33 94.25 20.28 2.04
21.09 94.39 21.27 1.89
17.31 94.41 21.59 2.05
5.17 94.03 22.18 1.75
1.16 93.78 25.67 2.03
20.69 94.24 22.76 2.17
330.52 94.15 18.84 2.08
0.02 94.15 20.14 3.87
0 94.23 18.18 3.58
0 94.54 18.84 2.04
14.01 94.25 16.35 2.67
3.79 94.7 15.88 2.7
0 94.81 14.52 1.98
0 94.55 17.07 2.35
0.37 94.55 17.24 1.63
1.68 94.38 19.81 1.9
6.1 94.4 19.38 1.81
4.64 94.3 19.74 2.28
2.84 94.15 20.74 2.59
0.03 94.05 20.16 3.71
0 93.97 19.2 1.76
0 93.75 21.33 1.92
1.4 94.31 18.06 2.75
3.92 94.32 18.3 2.11
77.64 94.21 16.43 1.57
0.02 94.47 16.49 2.16
0 94.86 15.55 1.52
0 95.09 16.06 1.73
2.55 95.03 18.11 2.47
3.65 94.84 18.46 2.17
0.44 94.44 19.14 2.88
0.01 94.27 17.61 2.55
0 93.72 19.27 1.87
0.11 94.18 15.69 2.95
0 94.53 15.18 1.61
0.6 93.86 19.3 2.95
10.77 93.92 16.68 3.54
0 94.09 17.63 3.52
0.09 94.4 17.91 2.39
17.32 94.36 15.69 2.43
31.91 94.65 12.95 1.79
0.03 94.59 9.99 2.23
0 94.49 9.01 3.64
0 94.33 10.13 2.74
0 94.43 13.55 2.2
0.06 94.63 15.03 3.71
0 95.38 8.82 2.66
0 95.7 8 2.07
0 95.45 9.58 2.33
0 94.76 14.12 3.82
0 94.55 14.98 2.69
0 94.88 13.96 2.04
10.95 95.17 11.98 1.63
84.18 95.82 8.56 3.46
24.94 95.84 4.75 2.5
0.51 95.6 4.94 3.26
0.57 95.23 4.43 2.44
0 95.11 5.89 3.04
0.01 95.68 4.67 1.09
27.67 95.71 6.85 1.79
0.05 96.06 5.48 1.8
0 95.86 5.73 1.73
2.91 95.18 8.67 1.75
0.04 95.01 8.85 1.28
0 94.7 11.58 2.28
0.01 95.43 6.84 1.68
12.03 95.51 3.75 1.7
0.07 95.51 5.29 1.61
0 95.29 7.16 1.74
0 95.38 7.73 1.24
0 94.75 9.95 1.59
0.02 94.6 11.13 1.91
0 95.48 6.46 4.77
0 95.99 1.79 3.82
0 95.43 5.31 2.39
0 94.54 8.44 2.76
