1.08 96.44 -15.06 1.51
0.02 97.11 -16.47 1.77
21.28 96.99 -18.6 1.45
6.2 97.16 -17.6 3.18
0 97.51 -19.38 2.06
0.01 97.69 -19.03 1.92
0.12 97.78 -16.69 1.49
15.99 97.2 -15.42 1.1
8.18 97.33 -14.81 1.36
0 97.62 -14.93 1.38
0 97.6 -15.59 2.48
0 97.03 -18.51 2.75
0 97.06 -16 2.55
0.78 96.88 -15.44 1.17
0 97.97 -14.62 1.37
0 97.55 -13.86 1.04
0 97.19 -10.7 1.07
0.02 97.11 -6.6 1.26
0 96.57 0.58 2.89
0.07 97.74 -8.61 4.54
0 97.72 -12.31 2.42
0 97.43 -10.73 3.02
0 96.91 -8.04 2.65
0 96.3 -7.85 3.54
0 97.33 -9.12 3.08
0 110.32 -4.79 2.86
4.49 96.18 -3.26 2.36
0.01 96.85 -9.99 3.42
0 96.4 -5.16 3.6
0 96.44 -5.42 1.55
0 97.04 -8.38 1.62
0.26 97.24 -10.92 1.82
0 97.26 -14.12 1.9
0 97.2 -13.03 2.06
0 97.15 -13.17 1.8
0 97.49 -13.09 1.44
0.02 97.44 -11.09 2.02
4.24 96.48 -3.3 2.66
0 96.5 -3.75 1.84
0 97.11 -6.28 2.26
0 97.7 -9.48 3.25
0 98.13 -11.52 3.65
0 97.89 -11.3 1.81
0.04 97.26 -10.04 1.95
0 97.65 -9.67 2.29
0 97.84 -12.14 1.73
0 97.4 -10 1.74
0.01 96.93 -7.81 2.74
0 96.77 -8.23 2.11
0 96.21 -3.94 1.74
0 96.07 -5.49 1.55
0 96.16 -4.26 1.92
0 96.3 -4.35 2.31
0 95.22 1.37 2.24
6.28 95.48 -0.56 1.88
0 96.59 -5.05 2.58
0.24 96.8 -4.52 1.68
3.81 96.48 -4.99 2.11
1.94 97.05 -6.3 2.46
0.13 96.8 -6.87 1.98
0.34 96.51 -2.77 3.09
0 96.65 -2.12 2.73
20.62 96.13 -0.5 2.59
4.38 97.26 -8.03 3.25
0 97.98 -9.97 2
0.01 98.23 -10.39 1.98
2.6 98.53 -9.15 2.62
0.01 97.75 -8.79 2.49
0 96.42 -3.71 2.46
0.21 95.37 2.62 3.44
0.72 96.4 -3.33 4.35
0 97.14 -2.89 1.87
39.35 96.54 -0.61 1.8
2.01 96.45 -2.14 4.43
0.02 96.93 -4.02 2.2
0 97.32 -4.62 2.05
0 96.39 -2.67 2.69
0.39 94.94 4.11 2.9
42.04 95.53 -0.31 3.32
0 95.98 0.65 2.58
0.06 95.9 4.74 3.65
0 96.64 2.95 2.66
0 97.11 0.32 2.68
0.03 97.15 -2.79 2.94
0.45 96.66 -1.97 1.97
1.4 97.26 -1.5 1.91
0 97.15 3.46 1.72
0.08 96.96 5.79 2.02
5.39 96.38 8.9 4.08
2.28 96.04 8.06 3.87
0 96.48 3.28 4.99
0 96.54 0.83 3.75
0 96.27 4.62 3.67
0 95.87 9.52 3.31
5.84 96.49 3.69 2.37
0.01 97.16 2.54 2.12
0 96.65 7.35 3.25
0.38 95.48 11.97 5.24
41.48 96.2 2.48 2.54
0 96.5 4.13 2.74
3.11 96.45 3.07 2.02
30.8 96.24 1.27 2.86
0.04 97.04 -0.09 4.75
0 97.19 2.36 2.23
0.18 96.52 5.17 2.83
10.32 96.72 3.7 1.64
0 96.77 5.64 2.67
13.1 96.02 11.19 2.84
66.34 96.47 8.29 1.67
0.18 96.82 8.76 1.75
0.13 97.04 10.51 2.08
0.74 96.8 9.84 2.41
0.11 96.74 8.87 1.88
0 96.36 13.03 2.89
2.78 96.15 13.78 4.13
57.9 95.96 4.98 2.9
10.69 95.51 3.48 3.09
0.12 95.64 5.91 5.22
2.83 95.8 7.6 4.05
5.71 96.06 11.87 2.45
0 95.51 17.1 1.96
0 95.22 19.09 3.54
0.62 95.77 17.16 2.06
4.64 95.28 189.38 2.69
255.48 94.85 11.52 2.88
8.85 95.35 13.59 4.01
20.67 95.43 12.14 1.72
2.5 95.68 15.61 2.26
58.79 95.5 10.94 2.73
9.9 95.36 10.22 2.16
2.35 96.36 10.45 2.52
0 96.64 13.32 1.6
0 96.61 15.93 1.58
3.14 96.22 17.38 3.02
4.87 96.07 20.2 2.53
1.31 96.28 19.11 2.66
37.37 95.85 15.65 2.63
117.72 94.94 12.71 2.44
0.37 94.63 18.71 4.27
0 95.44 22.45 2.43
0 95.6 24.27 2.64
0.32 95.58 22.52 1.89
2.9 95.22 21.12 2.47
9.42 95.38 17.53 3.76
0.97 96 21.55 3.44
0.13 96.44 22.08 2.08
6.19 96.44 19.52 1.8
71.54 95.91 15.6 2.27
47.43 95.47 16.57 2.15
72.92 95.88 15.19 1.71
16.36 96.48 16.68 1.44
2.35 96.43 18.34 1.57
0.63 96.54 19.24 1.62
0 96.59 20.67 1.67
0.01 96.4 21.51 2.12
0 96.09 22.74 2.2
0 96.09 23.05 2.42
0 96.2 24.07 2.87
0 96.31 24.59 2.78
0 96.37 24.86 1.89
2.05 96.26 22 2.06
0.07 96.04 21.15 2.64
0.49 95.69 22.32 2.03
13.92 95.45 22.68 2.85
46.88 95.3 22.32 2.69
0.9 95.15 23.93 2.27
12.51 95.25 24.29 1.72
105.05 95.36 21.23 1.83
13.24 95.43 20.58 1.67
1.75 95.5 22.92 1.4
0.14 95.86 23.47 2.68
0.02 95.48 23.68 1.93
12.67 95.79 20.99 2.24
0 95.92 23.28 1.51
0 95.8 25.1 1.92
0 95.79 25.85 2.15
0 95.71 25.43 1.77
40.29 95.51 22.24 1.68
109.19 95.43 22.36 1.37
0.39 95.48 24.1 1.39
0.08 95.3 24.63 1.48
135.26 95.18 22 1.93
3.93 95.16 25.28 1.64
0.04 95.2 27.66 1.43
13.54 95.17 26.9 2.01
0 95.15 26.96 2.62
0.04 95.31 25.34 2.4
20.33 95.62 21.99 1.88
5.12 95.79 22.9 1.82
1.16 95.78 22.73 1.96
70.66 95.61 21.1 1.76
73.11 95.56 21.33 1.38
221.79 95.81 20.59 1.23
6.6 96.06 22.81 1.17
0 96.02 24.33 1.78
78.5 95.62 22.94 2.18
7.06 95.41 24.77 2.9
1.41 95.61 25.89 2.34
3.03 95.56 26.99 2.15
16.39 95.68 25.59 2.23
349.17 95.55 22.94 1.61
2.03 95.77 24.45 1.47
2.95 95.89 25.95 1.54
3.82 95.94 26.54 1.57
2.84 96.07 27.41 1.67
0.82 95.93 27.71 2.27
14.52 95.83 26.96 2.06
13.03 95.47 26.98 2.31
122.01 95.07 26.71 2.49
6.94 95.04 23.46 1.49
28.22 95.04 25.69 1.32
172.42 95.34 22.49 1.54
0 95.96 22.06 1.91
0.02 95.87 23.16 1.51
11.88 95.2 24.29 2.33
68.44 95.36 23.43 1.59
174.96 95.75 22.28 2.39
0 96.53 21.21 1.52
14.9 96.17 21.3 1.54
131.25 95.46 22.4 2.01
20.11 95.5 22.93 2.08
0 95.73 22.47 1.87
0 95.46 24.93 2.01
16.79 95.18 24.81 1.71
1.82 95.07 26.05 1.98
34.89 94.96 24.65 2.55
0 95.46 22.75 2.48
0 95.83 23.18 1.62
11.4 95.86 23.68 2.23
8.06 96.07 23.68 2.29
146.43 96.2 22.51 1.86
1.99 96.46 23.58 1.62
215.77 96.35 19.26 1.5
87.15 96.31 18.89 1.36
0.77 96.33 20.33 1.33
0 96.27 22.52 1.52
0.08 96.46 22.13 1.4
1.33 96.62 22.24 1.77
0 96.34 21.49 1.64
2.43 96.16 20.81 1.25
25.31 95.78 21.41 1.49
12.35 95.91 21.38 1.47
1.07 95.97 22.28 1.65
36.72 96.45 20.86 1.48
3.17 96.57 21.5 1.37
0.02 96.47 20.17 1.18
0 96.22 19.96 1.46
0 96.01 22.23 1.51
4.51 96.15 23.29 1.46
0 96.69 18.99 1.87
0 96.56 17.55 1.31
1.64 96.14 18 1.29
12.69 95.76 19.52 1.44
0.35 95.99 20.04 1.3
0 96.13 21.29 1.11
2.16 96.2 22.56 1.3
0 96.32 22.68 1.41
3.34 96.13 21.95 2.23
132.24 96.45 15.86 2.14
244.82 96.57 9.92 2.07
212.23 96.46 12.27 1.26
0 96.19 15.97 1.35
41.08 96.37 14.96 1.9
213.62 97.03 10.13 2.59
0 96.97 10.43 1.84
0 96.76 13.04 1.39
0.71 96.51 15.01 1.46
6.95 96.28 15.72 2.52
0.37 96.44 14.15 2.07
0 96.36 11.92 3.85
0 97.21 9.67 2.64
0 96.82 10.48 1.4
0.02 96.53 14.95 1.7
0.94 96.8 13.96 1.42
400.09 96.49 9.1 2.27
77.35 96.45 7.52 3.21
0 96.61 9.81 1.93
0 96.26 12.97 1.28
0 96.15 16.53 2.02
0 96.32 17.56 2.4
0 96.26 17.02 2.28
0 95.8 16.59 2.47
21.41 96.31 12.17 2.05
131.52 96.75 6.35 2.3
0 96.91 8.35 1.35
0 96.45 10.38 1.42
0 96.62 9.6 2.55
0 96.2 8.44 2.71
0 96.95 4.17 2.56
0 97.58 1.73 1.2
21.4 97.54 0.45 1.25
56.59 97.52 1.84 1.27
0 97.42 2.81 1.24
0 96.9 4.54 1.34
0 96.6 9.19 1.63
6.16 96.72 10.21 2.19
4.43 97.25 4.21 3.22
0 97.64 0.89 3.42
0 98.34 -0.72 2.58
0 97.53 0.85 1.54
0 97.37 4.75 1.7
0 97.35 6.04 1.4
0 97.41 6.21 1.4
0 97.21 6.35 1.71
0 97.71 3.21 3.39
0 97.34 2.03 1.83
0 96.86 5.96 1.79
0 96.96 5.07 1.22
0 96.65 7.15 1.64
0 96.33 7.89 1.49
6.32 96.44 4.72 2.65
0.3 97 0.8 3.05
0 96.72 -0.69 1.27
0 96.32 0.66 1.42
56.33 95.67 1.46 3.34
1.55 96.22 -0.17 1.94
1.56 97.18 -0.09 3.17
0 98.17 -3.76 2.34
0.03 97.56 -2.76 2.12
0 96.85 0.71 1.49
0 96.81 1.42 1.78
0 96.48 5.36 2.85
0 96 4.18 2.06
0 95.76 5.86 1.69
0.24 95.87 2.8 3.92
0 96.67 -2.15 1.87
0 96.59 -1.42 1.87
0.01 96.75 -0.91 3.48
0 97.05 -5.62 2.05
0.34 96.26 -5.31 1.99
0 96.55 -5.54 5.42
0.25 96.75 -6.98 1.69
0.25 96.65 -6.43 1.35
0 96.28 -2.4 1.91
0.05 95.82 -1.42 1.8
0.06 96.37 -6.13 3.16
0 96.59 -5.92 2.03
0 95.53 2.4 2.3
0 96.81 -1.81 3.15
0 97.42 -5.1 2.9
0 96.16 -4.31 2.02
0 96.11 -5.79 1.67
0 95.69 -4.77 1.83
1.23 95.42 -6.71 3.81
0 96.53 -10.88 2.01
1.3 96.84 -12.56 2.42
0.15 97.6 -14.23 2.85
0 97.51 -15.22 3.14
0 97.22 -14.38 2.99
0 95.92 -8.93 2.74
0 95.75 -5.81 1.65
0 95.77 -3.69 1.67
0 96.03 -3.11 2.14
0 96.29 -0.85 1.78
0 96.01 -5.79 1.41
0.22 96.58 -9.04 2.68
0 97.88 -15.26 3.32
0 97.87 -15.35 3.01
0 96.95 -14.33 2.73
0 95.84 -11.66 2.55
0 95.5 -8.52 1.96
0 96.14 -10.88 2.94
1.67 96.41 -11.62 1.84
0.03 96.55 -11.76 4.35
0.3 97.03 -10.53 4.83
0 97.62 -10.55 2.85
0 97.8 -11.61 2.34
0 97.41 -12.03 1.14
0.01 97.01 -12.03 1.5
0.02 97.13 -10.99 3.79
0 97.75 -9.7 3.18
0.01 97.12 -8 1.82
0.19 96.94 -8.49 3.04
0 97.55 -12.36 3.16
0 96.82 -10.82 2.21
0 96.33 -10.99 3.36
0 96.54 -12.49 1.71
0.01 96.49 -10.6 2.17
0.03 97.5 -13.8 2.55
0 97.95 -16.62 3.3
0 97.75 -15.02 1.91
0 97.56 -13.84 2.17
0 97.29 -14.08 2.34
0 97.26 -13.78 2.81
0 97.17 -12.4 1.79
0 96.98 -12.29 1.47
0 96.98 -12.32 2.57
0.04 97.25 -13.67 3.23
0.01 97.43 -13.73 1.8
0.12 97.59 -14.06 2.01
0 98.03 -14.31 1.54
0 98.32 -13.57 2.19
0.02 97.84 -13.34 2.41
0 97.54 -13.54 3.22
0 97.32 -10.92 2.59
0 96.89 -3.96 2.37
0 96.58 -4.34 1.46
0 96.51 -6.83 1.25
0 96.4 -5.78 1.94
0 96.64 -5.26 1.94
0.03 95.9 -3.72 3.67
0.04 96.36 -2.2 2.4
0 96.12 -5.74 1.84
0.89 96.18 -6.12 2.76
0.18 97.05 -9.27 1.87
1.19 97.06 -9.01 1.42
1.14 97.28 -12.05 3.44
0 97.44 -11.5 2.04
0.17 97.34 -10.66 1.86
0.12 97.33 -11.32 1.5
0 96.62 -4.65 2.62
0.74 96.53 -4.74 1.56
1.79 96.95 -3.84 2.32
0 96.95 -4.11 1.66
0 96.79 -0.26 1.78
0 97.13 -0.55 1.49
0 96.76 1.08 1.76
0 96.29 2.12 3.1
2.71 96.03 2.02 2.27
0.34 96.76 -2.58 2.6
0 97.46 -4.33 1.61
6.61 96.88 -1.71 3.43
0.67 97.54 -7.78 3.69
0.07 97.1 -6.85 3.1
0 96.79 -5.52 2.65
0 96.81 -5.65 1.99
0 96.92 -3.79 2.47
0 96.59 -0.93 1.75
0.13 96.05 2.43 2.34
0 96.82 -0.55 3.32
0 96.57 -0.28 3.7
0 96.63 -2.3 3.87
0 97 -0.93 3.22
0 96.71 0.86 2.9
0 96.16 2.6 2.71
0 95.39 7.52 2.02
0.02 96.05 3.63 3.83
0 97.26 -1.01 3.77
0 96.97 -3.52 4.16
0 96.75 -2.45 2.76
0 96.18 3.39 2.8
0 95.76 5.96 4.13
0 96.22 2.98 2.97
0 96.35 1.28 2.36
1.06 96.97 -1.82 3.47
0 97.1 -1.67 2.7
0 96.81 -1 2.19
0 96.94 -1.03 3.81
0 102.95 0.51 2.28
0 102.9 1.72 2.33
0 102.72 3.84 2.46
0 103.01 3.47 1.83
0 102.65 7.68 2.56
0 102.36 8.69 1.88
0 101.9 11.05 3.28
0 103.17 3.81 4.07
0 103.15 3.51 2.43
0 102.7 6.31 2.1
0 102.62 8.21 1.49
0 96.64 10.26 2.64
0.08 95.95 10.92 4.6
1.16 96.21 8.91 3.75
0 96.26 8.71 3.5
0 96.01 10.51 3.7
3.12 96.72 6.61 2.97
0 96.43 9.72 2.81
0 95.79 15.4 3.16
0 95.86 14.6 1.74
0.08 95.13 16.35 2.74
0 95.94 11.77 4.36
0 95.79 12.43 3.74
3.63 95.65 9.66 5.65
0.91 96.31 7.67 4.91
0 96.26 10.33 2.25
0 95.62 14.55 3.51
56.87 96.35 8.5 2.41
3.87 96.24 7.59 2.04
11.92 95.98 6.46 2.54
2.85 95.56 7.39 3.5
0.21 95.16 9.44 1.93
9.92 95.14 9.74 2.32
1.73 95.83 8.56 2.87
0 95.38 10.29 1.82
50.25 94.79 8.95 1.51
11.32 94.7 9.95 2.25
1.59 95.56 14.34 3.41
0.26 95.81 13.01 3.44
0 96.16 13.56 2.6
1.89 95.78 13.3 2.65
153.38 95.03 10.13 2.89
0.12 94.99 11.6 2.82
0.02 95.49 14.12 2.44
1.97 95.6 15.09 3.41
26.52 95.28 16.76 2.45
0 95.54 18.73 1.86
0.16 95.21 17.73 3.77
0.55 95.14 14.3 5.33
0 95.31 16.47 5.52
0 95.45 17.32 3.63
0 95.99 14.7 3.32
0 95.99 15.33 1.91
0.01 94.94 17.76 2.59
28.51 94.69 18.29 3.42
13.87 95.8 14.9 2.79
1.1 95.94 13.28 3.02
0.43 95.85 13.7 3.6
0 95.67 18.77 2.94
0 95.79 19.87 2.64
0 95.94 21.84 2.99
3.48 95.9 21.17 3.7
9.83 95.85 19.39 4.28
0.04 95.63 20.8 2.91
0.49 95.48 24.08 4.75
8.51 95.53 23 2.5
35.84 95.08 20.02 2.82
10.78 94.99 17.93 2.48
0.04 95.47 20.11 2.34
5.23 95.22 20.98 4.16
7.59 95.26 20.06 3.12
0.41 95.54 20.59 1.85
0.96 95.41 23.52 2.01
40.98 94.81 24.64 2.91
15.99 94.51 22.22 2.33
30.36 94.75 21.55 1.95
0 95.15 23.35 2.39
50.54 95.12 21.06 1.93
214.77 95.29 16.77 1.93
10.14 95.45 19.87 2.01
19.23 95.51 21.71 1.56
60.16 95.34 20.48 1.91
78.52 95.31 18.62 1.98
91.58 95.52 17.51 1.58
1.01 95.63 20.53 1.42
0 95.58 22.78 1.38
0 95.44 24.91 2.11
0.05 95.16 26.39 2.57
0 95.07 27.06 2.61
7.84 94.84 23.04 2.27
88.42 95.04 17.56 2.47
1.24 95.73 20.47 2.3
0 96.1 21.4 1.65
9.7 95.47 21.97 2.77
18.81 94.81 22.32 2.09
5.49 95.05 24.62 2.41
0.05 95.22 24.3 2.9
22.86 95.13 23.28 2.45
38 95.17 22.64 1.64
0.24 95.03 24.01 2.04
0 95.13 24.67 2.16
0 95.28 25.79 1.97
33.33 94.85 22.65 2.01
0.9 94.52 25.49 2.78
121.75 94.61 19.26 1.6
24.88 94.69 19.8 2.33
4.66 95.34 22.07 1.69
11.42 95.53 23.8 2.12
8.93 95.6 24.38 2.18
12.85 95.61 23.91 2.2
1.24 95.4 24.22 1.47
67.8 95.49 22.7 1.82
14.05 95.48 23.33 1.42
37.5 95.36 22.91 1.58
22.57 95.41 22.05 1.51
35.88 95.45 22.85 1.22
209.74 95.29 21.46 1.36
89.49 95.25 21.59 1.35
109.51 95.21 22.22 1.8
47.05 95.15 23.55 1.86
0.53 95.21 25.18 1.48
28.27 95.22 25.59 2.02
463.75 95.02 22.67 2.31
119.13 94.93 23.33 2.05
12.53 95.17 23.36 1.96
1.44 95.35 25.2 1.59
41.79 95.53 23.08 1.38
154.21 95.18 21.31 1.52
0.02 95.24 23.8 1.58
0.49 95.38 25 1.79
1.02 95.75 23.7 1.64
0.08 95.39 23.91 2.05
0 95.32 24.17 1.86
0.03 95.53 24.42 1.63
7.47 95.54 23.4 1.33
13.39 95.55 23.97 1.43
25.27 95.12 24.05 1.49
14 95.24 25.66 1.68
0 95.66 25.33 1.18
0 95.51 25.81 1.35
0 95.25 25.81 1.71
15.5 95 25.53 1.78
55.29 95.32 22.57 1.81
319.12 95.39 19.3 1.53
28.33 95.4 22.08 1.4
26.53 95.59 21.56 1.17
0.21 95.84 22.17 1.35
0.25 96 22.41 1.3
0 95.99 23.72 1.34
0.99 95.86 23.99 1.65
44.75 96.08 21.61 1.61
0 96.1 21.08 1.19
20.74 96.08 20.71 1.48
4.67 96.3 20.92 1.39
0.42 96.39 21.6 1.31
23.56 96.19 19.8 1.45
14.46 95.85 21.28 1.19
1.49 95.75 22.74 1.4
0 95.68 23.64 1.39
42 95.42 23.13 2.45
1.43 95.94 19.85 1.64
0 95.75 20.31 1.37
3.2 96.26 19.12 1.68
0.29 96.2 19.35 1.2
0 96.25 18.7 1.19
0 95.83 19.66 1.26
20.47 95.43 19.33 2.48
3.71 96.09 14.65 1.89
0.15 96.66 14.37 1.76
4.08 96.95 14.06 1.69
19.75 96.42 17.04 1.81
0.26 96.14 17.79 2.02
0.07 95.74 20.19 2.76
12.87 95.77 18.16 1.84
7.75 95.98 15.88 1.57
41.7 96.32 13.82 2.26
0 96.73 10.85 2.36
0 97.17 10.65 1.88
0 97 11.12 1.31
0 96.65 12.31 1.48
0 96.24 13.58 1.49
0 96.32 14.67 1.88
0 96.26 15.11 1.67
0 95.99 17.67 2.36
0.12 96.26 18.58 1.79
0.12 96.45 18.98 2.41
0.03 96.29 18.08 2.1
4.31 96.09 16.34 2
0.25 96.51 10.89 2.81
0 97.06 7.78 2.35
0 97.09 8.37 2.58
0 97.56 8.72 2.61
0 97.22 9.88 1.39
0 96.54 11.78 2.07
0 95.93 13.55 2.89
0 96.54 10.85 2.04
0 96.54 10.84 1.31
0 96.32 14.28 2.2
0.1 96.67 14.62 2.29
0 97.22 10.17 1.29
0 96.94 12.16 1.5
0 96.35 14.47 1.23
58.97 95.82 11.32 1.51
6.96 95.71 10.35 1.63
1.48 95.33 10 2.26
0.87 95.83 10.15 3.6
0 96.88 5.99 2.12
0 96.94 8.89 1.45
0 96.75 11.18 2.04
0.01 96.58 14.52 2.8
0 96.5 13.89 1.83
0.27 96.36 11.97 1.26
23.3 96.9 6.04 3.37
0.01 97.27 3.52 3.03
0 97.32 4.71 1.66
0 96.88 6.39 1.39
0.76 96.72 8.17 2.23
0 97 6.99 1.38
0 96.66 7.37 1.42
0 96.48 9.57 2.63
0 96.69 11.03 3.41
3.27 96.85 12.52 2.45
0.29 97.45 6.78 1.54
0.82 97.16 8.08 1.35
2.35 96.87 10.74 2.38
0.35 97.55 4.53 2.96
0.04 97.42 3.11 1.51
0 97.36 3.87 1.64
0 97.32 3.84 1.49
0 97.13 2.6 1.16
0 96.5 2.87 1.24
0 95.92 4.65 1.88
0 96.16 6.57 2.69
0.05 96.98 -0.11 2.46
0 97.12 -3.2 1.51
0 97.18 -2.53 1.33
0 97.34 1 1.87
62.92 96.74 1.31 0.97
8.83 96.46 0.22 2.73
1.19 96.71 -3.94 3.09
0 97.23 -5.45 1.96
0 97.22 -3.59 1.57
16.14 96.77 -4.42 2.23
0.25 97.43 -7.07 2.86
0 97.17 -7.8 0.99
0.07 97.17 -6 1.41
0.42 96.45 0.53 1.56
0 96.55 -0.95 1.12
0 97.35 -2.24 2.27
0 97.93 -6.87 1.67
0 98.21 -7.2 1.95
0.09 97.49 -7.25 0.95
0.03 96.75 -5.24 0.99
0 96.96 -5.78 1.38
0 97.31 -7.33 1.02
1.22 97.57 -7.76 0.8
1.31 97.48 -4.62 0.93
0.93 97.75 -6.15 2.45
0.02 98.08 -10.78 3.66
0 97.71 -10.6 2.61
0.01 96.87 -6.6 3.43
0 96.88 -3.06 2.14
0 97.38 -6.1 1.41
0.01 96.69 -3.27 2.58
0 97.37 -7.79 3.98
0 97.61 -11.64 3.1
0 97.74 -11.59 3.03
0 97.47 -10.07 1.95
0 97.53 -9.88 1.77
0 97.43 -10.43 1.02
0 97.09 -9.66 1.65
0 97.02 -8.81 3.26
0 97.33 -10.7 2.07
0 96.81 -8.8 2.35
0 97.01 -11.87 1.49
0 97.51 -11.98 1.38
0 97.78 -10.99 1.4
0 97.28 -7.76 1.46
0 97.64 -9.77 1.73
0 98.02 -13.98 1.17
0.12 97.47 -12.51 1.07
0.01 97.21 -9.83 1.59
0.27 97.62 -10.68 1.73
0.68 97.06 -11.23 2.07
0.18 97.19 -11.76 3.33
0 97.44 -11.42 2.08
0 97.22 -10.88 1.6
0 98.05 -13.4 1.35
0.15 97.96 -14.26 1
0 97.51 -11.65 1.14
0 97.49 -12.9 1.06
0.1 97.51 -12.06 2.65
0 97.67 -12.01 2.39
0 96.73 -6.84 2.33
0 96.98 -8.58 1.71
0 96.9 -8.69 1.64
0 96.66 -9.88 0.99
0.05 96.45 -8.15 1.12
0.09 96.68 -10.29 1.03
0 96.84 -10.18 1.12
0 97.28 -10.55 1.06
0.01 97.93 -12.53 3.18
0 97.84 -16.47 2.82
0 97.52 -16.86 2.23
0 97 -16.24 1.92
0 96.83 -15.26 2.36
0 96.44 -13.41 2.36
0 96.52 -12.47 1.61
0 97.06 -13.3 1.53
0 97.3 -13.95 1.37
0 97.69 -14.59 1.48
0.06 97.34 -16.24 1.29
0.41 96.8 -14.84 3.22
0 97.62 -16.27 3.66
0 97.63 -14.94 2.58
0 96.62 -12.18 2.39
0 96.72 -9.58 2.04
0.2 96.15 -5.68 2.13
0.03 96.72 -11.02 4.47
0 97 -14.55 4.01
0 96.58 -11.63 3.77
0 96.74 -9.41 2.65
0 97.1 -10.13 2.32
0 97.12 -10.02 1.73
0 96.89 -8.2 2.19
0.03 96.53 -3.57 1.84
0.15 97.07 -7.21 2.81
0 97.05 -9.57 2.44
0.04 97.12 -10.27 2.83
0 97.26 -11.67 4.03
0 97.17 -9.37 2.76
0 96.57 -5.82 2.37
0 96.65 -6.88 1.83
0 96.46 -8.2 1.28
14.58 96.01 -6.38 2.17
0 96.99 -6.66 2.18
3.32 96.82 -6.04 1.88
0.04 97.31 -7.55 3.01
0 97.26 -7.7 1.94
0 96.74 -5.43 1.85
0 96.36 -1.14 2.54
0 96.47 0.6 1.98
5.58 97.01 -2.93 1.64
0.47 97.24 -6.02 2
0.27 97.23 -5.39 1.51
0.07 96.6 -1.23 1.68
36.23 95.83 -2.11 1.21
32.48 95.86 -3.14 2.19
0.03 96.53 -3.78 2.79
0 97.28 -6.87 3.01
0 97.03 -7.44 1.76
0.21 96.84 -6.57 4.02
0 97.36 -6.62 3.29
0 97.04 -4.95 1.79
0 96.35 -0.72 2.58
0 96.92 -0.05 1.85
0 96.58 2.7 2.88
5.53 95.63 5.6 3.68
5.57 96.23 -1.56 3.33
11.05 97.13 -6.57 2.52
0 96.88 -1.75 2
0 96.82 0.39 1.8
0 96.19 5 3.17
0 96.75 3.18 1.59
7.12 95.84 1.8 3.6
0 96.24 0.96 5.11
0 96.74 1.23 3.11
0 96.41 4.99 2.06
0 96.58 9.02 2.76
0 96.84 9.54 2.85
0.28 95.78 11.2 6.09
0.54 96.43 2.77 4.24
0.32 96.42 0.7 4.1
0 96.46 0.65 1.89
5.5 96.29 2.29 2.35
0 95.93 4.91 3.48
0 95.71 5.54 4.18
0 96.01 4.83 4.01
0.09 96.41 4.08 2.4
0 95.95 9.58 3.32
0 95.99 11.73 3.78
0 95.94 13.19 3.21
11.44 95.62 14.52 4.68
6.49 95.99 8.74 3.84
0 95.42 12.84 2.79
0 95.31 14.36 2.91
0 95.28 16.04 3.04
1.23 95.86 10.95 3.29
0 96.26 9.74 2.39
0 95.35 16.07 3.67
0 95.38 18.14 3.83
1.64 95.84 14.17 3.77
65.25 96.32 12.95 2.93
2.64 95.73 12.24 2.06
0.4 95.03 14.11 1.8
0.38 95.05 17.25 3.24
149.94 95.44 13.08 2.24
105.4 95.39 10.19 4.05
0 94.87 11.7 3.01
0.1 94.53 13.03 5.85
0 95.81 10.67 2.82
0 95.82 13.04 2.26
0.39 95.48 18.03 3.38
0.43 96.04 17.48 2.25
10.84 95.54 18.26 2.12
0 95.59 21.16 1.88
1.18 95.71 20.91 2.18
0 95.79 18.71 3.24
0 95.42 18.17 2.07
1 95.44 16.97 1.51
0 95.64 18.33 1.8
0.05 95.95 20.1 2.2
3.6 96.08 21.08 2.31
51.2 96.15 16.06 1.61
28.36 95.73 13.57 2.24
16.52 95.48 12.43 2.77
6.34 95.42 13.6 3.52
0.01 95.14 13.39 2.61
11.74 94.87 13.2 4.11
0.07 95.36 16.33 1.71
0 95.29 21.95 3.46
31.69 95.8 20.54 2.85
6.55 96.18 19.16 1.83
0.11 96.06 20.66 3.07
2.22 95.76 20.08 3.52
8.81 95.86 17.99 2.59
0 95.83 17.89 2.57
0 95.65 18.75 2.44
0 95.26 21.02 2.29
0 95.75 21.03 2.19
0 95.89 23.09 2.14
9.76 95.87 21.78 2.6
67.38 96.28 15.79 2.49
0.19 96.39 17.72 1.65
11.03 96.02 17.1 2.68
17.99 95.71 17.85 2.58
149.31 95.51 15.76 1.94
13.68 95.17 19.28 2.92
1.9 95.34 21.07 1.87
7.68 94.96 20.37 2.08
14.28 94.8 22.41 2.1
33.35 94.81 22.49 2.42
117.58 94.67 21.56 3
17.99 94.8 17.96 2.33
1.75 94.51 17.98 2.85
10.39 94.58 17.86 2.03
105.31 95.19 15.34 1.85
332.42 95.41 15.33 1.9
121.4 95.42 16.22 2.34
3.96 95.31 19.81 1.46
6.25 95.18 22.99 1.56
12.54 95.37 21.73 1.79
104.28 95.13 21.69 1.39
12.76 95.17 22.35 1.55
3.39 95.34 22.19 1.42
39.1 95.32 21.18 1.57
1.07 95.1 22.38 2.19
37.71 95.11 22.69 2.44
30.13 95.48 21.47 1.81
10.02 95.85 22.97 2.11
1.42 96 23.2 1.66
2.75 95.76 21.04 2.08
94.15 95.31 20.73 1.84
0 95.12 23.98 1.85
3.79 94.76 25.02 3.17
5.62 94.74 23.52 2.74
0.63 94.7 23.56 2.56
0.07 95.09 24.04 1.63
1.38 95.25 23.69 1.57
0.76 95.12 24.31 1.45
19.16 95.12 24.85 1.86
33.87 95.13 25.6 2.04
40.6 95.19 24.34 1.88
192.36 94.76 21.04 1.72
36.09 94.47 20.5 2.33
55.75 94.87 20.32 2.58
7.9 95.37 22.11 2.59
0 95.41 21.99 1.54
0 95.45 23.23 1.62
0 95.71 24.9 1.43
0 95.84 24.72 1.96
0.18 95.66 24.68 2.11
2.23 95.47 25.33 1.41
5.67 95.4 25.93 1.6
50.3 95.37 24.58 1.72
571.05 94.9 22.77 3.29
0 95.44 24.16 1.34
0 95.67 24.39 1.56
8.51 95.6 24.57 1.99
101.43 95.22 25.25 2.83
2.77 95.55 24.72 1.52
150.53 95.16 23.45 2.04
32.52 94.78 24.6 2.96
0.37 95.42 22.78 1.56
111.08 95.73 20.12 1.31
188.19 95.86 19.24 1.58
263.77 95.8 20.41 1.28
29.94 95.86 21.99 1.51
219.24 95.87 21.89 1.6
0 96.06 23.48 1.08
0 95.89 24.5 1.07
0 95.54 25.67 1.76
13.42 95.41 25.28 1.74
22.18 95.68 24.05 1.18
0 95.57 24.59 1.44
13.62 95.64 21.42 1.99
25.35 95.64 19.17 2.02
1.21 95.78 20.69 1.55
3.15 95.51 19.42 1.67
3.5 95.53 21.47 1.42
0 95.91 22.59 1.67
0.05 95.53 23.4 2.7
139.78 95.47 23.58 1.96
4.4 95.57 22.26 1.4
26.02 95.53 21.28 2.03
9.01 96.18 17.5 1.73
0.04 96.34 17.25 1.68
0 96.13 20.14 2.15
0 96.06 21.88 1.98
0.2 95.9 22.13 2.3
1.82 95.92 21.67 1.42
19.84 95.83 21.5 1.35
0.67 95.29 22.89 1.81
1.6 95.44 24.38 2.06
0 95.74 24.68 1.66
0 95.86 25.42 1.95
0.74 95.89 25.16 1.98
209.35 95.79 18.76 2.66
53.17 96.18 14.14 2.43
0.42 96.24 14.23 1.63
1.05 96.38 16.56 1.68
0 96.3 19.7 1.99
39.85 96.43 17.85 1.4
2.24 96.31 17.4 1.01
0 96.23 18.9 1.14
0 96.18 20.91 1.39
47.86 95.86 19.68 1.9
85.39 95.82 14.61 2.91
0.43 95.98 13.02 2.22
0 96.37 14.31 1.41
0.15 96.83 14.72 1.02
0 96.92 14.6 1.22
0 96.23 15.56 2.01
0 95.76 16.37 2.16
0.32 95.78 16.54 1.43
0 96.02 18.1 1.55
2.4 95.95 18.6 1.9
0.81 95.94 17.85 1.41
6.35 96.24 16.63 1.27
0.41 96.6 16.39 1.31
16.54 96.48 15.8 1.63
4.28 96.69 16.03 1.23
68.85 96.33 12.03 1.59
51.77 96.25 10.23 5.34
1.15 96.44 12.26 3.11
0 96.49 11.7 1.44
0 96.36 13.01 1.33
0.37 96.15 14.74 1.81
1.24 95.96 14.31 2.23
0 96.1 13.57 1.76
0 96.63 12.12 1.41
0 97.08 12.59 1.07
0 96.94 13.9 1.32
0 96.46 15.48 1.97
47.97 95.99 13.72 2.54
0 96.53 9.36 1.85
0.03 96.18 10.99 2.24
0 95.95 13.37 1.75
0.07 96.32 10.16 3
0 96.77 7.6 1.78
0.01 96.92 8.21 1.75
57.81 96.26 9.64 2.87
0 96.32 5.2 2.88
0 96.38 6.26 2.04
0 96.26 8.17 1.85
0 96.6 7.46 1.52
66.94 96.92 3.28 1.12
73.17 96.33 2.93 1.94
0 96.04 6.65 1.63
0 95.75 9.66 2.36
0 96.41 9.28 1.52
0 96.46 11.03 1.89
9.59 96.27 11.47 2.37
0 97.24 4.66 1.67
1.54 97.13 1.3 1.94
0.06 96.76 1.07 2.51
0.04 96.58 0.76 1.95
0 96.57 2.47 1.43
0 96.79 2.02 1.75
21.57 96.74 3.15 1.41
175.63 96.24 2.21 119.66
59.51 96.56 -0.02 2.73
0 96.68 -1.44 1.19
0 96.35 0.25 1.4
0 96.58 0.98 1.29
0 97.04 -0.48 1.12
44.07 96.72 -0.6 0.8
162.12 95.32 -1.52 4.19
0.4 95.89 -3.17 2.82
0 95.95 -4.89 3.6
0 96.78 -4.07 2.39
0 97.1 -5.27 1.21
20.04 96.52 -2.01 1.37
0 96.44 -4.42 117.59
0.02 96.19 -3.67 2.44
0.01 96.72 -2.25 2.46
0 96.78 -3.97 1.22
0 96.41 -1.32 1.78
5.2 96.9 -4.35 2.03
0 96.87 -6.05 1.9
0 96.34 -4.43 1.94
0 96.23 -1.94 2.85
0 96.34 -6.27 2.33
0 95.47 -2.9 3.03
0.02 96.14 -4.81 3.49
0.02 96.73 -7.87 1.82
0 97.45 -11.43 2.26
0.13 97.18 -12.3 1.85
0.45 96.05 -4.28 2.62
2.92 96.15 -6.48 3.58
0 96.47 -9.45 1.6
0 96.49 -11.63 2.65
0 96.47 -13.35 2.1
0 96.61 -14.64 2
0.01 96.62 -15.63 3.51
0 96.72 -10.82 3.27
0.05 97.35 -11.79 1.29
0.03 97.52 -12.13 1.03
0.1 97.01 -10.59 1.59
0.02 96.96 -7.78 1.14
16.74 97.01 -8.47 1.4
0.69 96.82 -7.49 1.36
0.46 97.2 -10.44 1.15
0 97.53 -11.45 3.25
0 97.66 -13.75 2.1
0.01 97.13 -14.06 0.9
0.18 97.25 -11.27 197.03
4.4 97.17 -8.78 2.79
0.01 97.68 -14.54 2.69
0 97.53 -18.46 2.26
0 96.7 -17.45 3.61
0 97.83 -17.62 2.21
0 97.58 -17.46 1.2
0 96.94 -12.98 1.11
3.52 96.91 -12.89 1
20.03 96.95 -11.69 3.16
0 96.59 -14.77 2.82
0.03 96.07 -14.83 1.61
0 96.47 -16.23 3.14
0 97.62 -17.69 3.36
0 98.21 -15.64 1.99
0 97.25 -15.87 1.45
0 97.05 -14.08 1.5
0 96.98 -14.76 1.19
0 96.86 -14.08 1.48
0.03 97.3 -15.93 1.68
0 97.12 -15.22 1.66
0 96.98 -14.37 1.25
0.46 96.6 -12.07 0.89
0 96.68 -11.21 1.55
0 96.71 -12.57 0.91
0 97.12 -10.16 1.83
1.65 96.87 -12.15 1.69
0 97.56 -13.5 2.33
0 97.84 -11.66 1.52
0 96.85 -8.08 1.88
0 97.35 -8.98 1.34
8.62 97.38 -8.65 0.95
0.4 97.37 -8.3 1.68
0 97.18 -11.96 1.19
0.02 96.03 -7.68 2.21
0.03 96.6 -12.38 3.6
0 96.7 -14.09 1.45
0.25 97.03 -13.68 1.12
0.06 96.96 -11.26 1.59
0 96.48 -6.28 1.16
0 96.77 -6.97 1.16
0.05 96.73 -5.37 1.44
1.71 96.64 -4.87 1.43
1.3 97.14 -6.62 3.61
0 97.35 -9.63 2.08
2.47 96.36 -7.83 2.25
0 97.07 -8.58 2.68
0.02 96.62 -7.51 1.58
1.08 96.9 -13.62 3.59
0 97.78 -16.85 4.21
0 97.69 -15.38 1.44
0.31 96.77 -10.86 1.98
0 97.38 -12.02 2.19
0.11 97.44 -11.41 1.71
0 96.7 -6.49 74.84
0 96.45 -3.85 2.63
0 97.09 -7.8 2.11
0 97.07 -9.53 1.49
0 96.4 -6.28 2.16
0.03 96.29 -4.01 3.68
0 97.03 -9.51 2.96
0 97.21 -11.36 2.02
0.02 97.13 -10.86 1.63
0 97.01 -7.57 2.67
0 97.21 -6.28 2.4
0 97.14 -4.24 1.59
0 97.27 -5.51 1.59
5.55 97.15 -6.22 1.66
0.37 96.24 0.07 2.45
0 96.14 1.18 2.29
0.27 95.62 -1.18 4.9
0 97.37 -6.83 5.22
0 97.48 -5.21 1.61
0 96.36 -0.31 2.46
0 96.67 1.91 2.24
0 96.08 5.63 2.83
0 95.99 3.61 1.46
0 95.42 4.56 1.89
0 95.3 1.44 2.32
0 95.37 -1.46 4.95
0 96.93 -1.23 1.94
0 96.2 4.1 3.36
31.61 96.04 0.79 3.2
0 97.27 -5.07 3.96
0 96.85 0.13 2.81
0 96.31 5.6 2.53
0 96.74 5.48 2.5
0 95.26 8.08 3.01
0.61 95.36 -1.21 3.61
17.1 96.14 -5.66 2.89
0.33 96.61 -5.89 2.62
0 95.35 1.59 5.05
0 96.31 -2 2.59
24.05 95.97 -4.05 3.03
0 96.68 -4.14 3.02
0 96.55 -1.25 1.62
0 95.61 4.65 3.71
1.41 95.71 2.89 3.12
0 96.6 -0.02 3.04
0 96.81 -0.9 2.16
0.49 96.73 0.43 1.73
7.11 96.42 2.15 2.17
94.55 96.49 0.91 2.42
0 96.05 4.68 2.62
0 96.03 6.79 2.58
16.29 96.23 1.15 2.09
55.15 96.47 -0.01 2.96
0 96.26 0.59 2.7
0.27 95.46 2.17 2.34
14.06 95.42 1.77 3.04
6.14 96.34 1.12 3.32
0.59 96.22 2.12 2.98
0 96.25 3.18 3.27
0 95.8 8.19 2.42
0.22 95.26 8.17 3.92
0 95.58 4.03 4.27
0 95.29 5.59 2.31
4.57 95.54 5.12 3.09
34.71 95.91 2.33 546.47
4.51 96.86 2.07 4.28
0 96.89 3.5 1.88
0 96.56 6.12 2.34
0 96.25 9.38 2.05
0.24 95.73 12.58 4.36
67.48 95.72 7.94 2.28
1.2 95.63 8.27 2.6
0.04 95.7 9.56 4.24
0 95.78 11.03 1.67
0 95.77 14.05 2.02
7.27 95.58 12.61 3.21
0.28 95.69 12.75 5.54
0.53 96.16 11.98 4.99
0.9 96.25 12.52 2.03
1.38 96.12 12.57 1.86
4.88 96.32 13.53 1.74
0 96.1 17.29 2.72
0 96.24 20.92 1.73
0 96.14 22.62 1.96
0 96.2 22.1 2.54
0.14 95.98 21.95 3.78
15.33 95.62 15.14 2.16
21.14 94.73 15.66 3.51
0 94.32 18.77 3.8
0 94.9 17.46 2.33
0 95 19.07 2.32
0.69 95.54 17.89 4.1
0 96.47 17.37 2.5
0 96.41 18.32 2.09
0.69 95.8 18.78 2.78
0 95.25 19.11 3.02
20.36 94.58 15.97 4.32
0.01 94.61 18.22 3.89
0 94.88 19.81 2.44
0 95.81 20.38 1.97
5.13 95.63 23.7 3.44
1.92 96.14 18.63 2.12
0 95.81 21.29 2.09
2.62 95.59 20.98 3.44
1.97 95.41 19.24 3.47
0.91 95.09 19.55 2.57
0 95.37 20.36 3.74
0 95.23 24.39 2.95
0.03 94.86 25.57 4.46
0 95.5 20.93 2.28
10.86 95.32 19.27 2.94
0.06 95.44 20.75 2.85
14.88 96.1 18.47 2.17
44.61 95.98 18.47 2.36
4.44 95.79 19.25 2.78
3.74 95.58 22 2.77
0.81 95.43 22.73 3.42
37.35 95.76 17.68 2.4
5.21 96 17.7 1.66
20.22 95.72 16.12 1.86
5.05 95.52 18.04 1.89
0.02 95.59 22.52 3.22
0.14 95.59 24.1 3.58
2.73 95.45 24.59 2.63
108.7 95.37 20.11 2.33
7.37 95.08 22.02 1.6
49.43 94.78 21.14 1.79
0.24 95.12 23.93 1.87
0 95.64 24.43 2.2
0.06 95.8 24.88 1.86
1.45 95.57 23.18 1.52
6.08 95.25 22.81 1.94
35.98 95.13 21.88 2.36
67.04 94.91 21.24 2.34
108.57 94.57 21.1 1.96
65.61 94.71 22.63 2.09
69.12 95.13 21.64 1.75
205.73 95.23 22.15 2.68
24.18 95.19 23.12 3.03
79.23 94.9 23.03 2.15
221.78 94.39 23 2.56
0.08 94.39 25.02 2.77
2.9 94.38 25.07 2.3
1.93 94.74 25.23 1.99
1.2 95.01 25.17 2.23
6.86 94.87 25.43 3.42
63.62 95.1 24.46 1.86
111.84 95.31 22.21 1.34
2.06 95.49 22.81 1.27
0.64 95.48 23.25 1.16
14.2 95.46 23.87 1.8
28.81 95.64 23.55 1.93
0.3 95.64 24.52 1.75
204.96 94.97 22.29 2.02
163.83 94.76 23.28 2.6
0 95.38 23.94 2.07
0.24 95.29 22.83 2.2
83.19 95.14 22.25 1.92
3.15 95.36 22.75 1.74
0.29 95.38 24.33 1.51
14.15 95.26 24.25 1.79
10.76 94.81 24.23 1.75
1.15 94.84 25.03 2.66
0.01 95.17 25.03 1.73
0.04 95.22 25.47 1.61
38.09 95.01 23.32 1.44
14.04 94.9 25.86 2.03
0.27 94.87 25.83 1.41
1.63 94.69 26.4 1.87
7.81 94.81 26.08 2
20.23 95.11 25.77 2.65
0.36 95.35 25.79 2.35
1.2 95.14 26.11 2.38
15.35 94.76 26.96 2.49
29.94 94.6 25.59 1.78
11.33 94.79 26.44 2.16
20.92 95.02 26.92 1.99
12.64 94.8 27.19 1.92
15.65 94.98 25.49 1.64
1.69 95.41 26.41 1.46
5.39 95.52 27.17 2.37
51.01 95.25 24.97 2.48
4.5 95.23 26.02 2.54
23.37 95.19 27.09 2.25
3.35 95.2 26.97 1.86
207.79 94.69 25.15 1.61
0.08 107.13 26.59 2.25
0 95.68 23.28 2.28
0 95.94 22.7 1.68
3.25 95.93 22.02 0.99
2.39 95.54 24.37 2.25
0.31 95.66 23.69 1.78
0 95.84 23.39 1.48
0.08 95.83 23.66 1.45
16.44 95.59 22.71 1.79
27.05 95.66 20.31 1.96
6.3 95.64 19.83 1.49
274.55 95.03 18.58 1.32
20.58 95.18 16.56 2.87
0.13 95.9 16.47 2.25
20.88 95.98 17.5 1.82
2.09 96.24 16.76 1.56
9.44 96.4 16.98 1.54
0 96.48 16.9 1.28
8.9 96.37 17.43 1.36
143.89 96.34 15.02 1.3
29.31 96.4 15.47 1.29
10.09 96.45 16.93 1.26
1.75 96.4 18.41 1.31
12.29 95.95 19.13 1.82
0.29 96 17.76 1.48
0 96.11 18.06 2.19
1.71 95.89 20.36 2.47
46.26 95.24 20.21 2.83
0.3 95.52 20.44 2.89
0 96.17 14.71 1.61
0.88 95.86 16.77 1.55
8.11 96.38 17.21 1.34
8.14 96.86 16.51 1
5.22 95.94 19.73 2.61
0 96.3 18.77 1.34
0.07 96.34 19.28 1.32
3.27 96.22 18.56 2.27
63.22 96.51 13.86 2.48
0 96.79 9.58 2.19
0 96.62 11.43 1.97
0 96.32 12.46 1.85
0 95.66 17.29 2.92
0 95.71 16.65 2.51
0 96.58 13.9 1.29
0.73 96.55 14.52 1.77
171.72 96.51 11.68 1.89
0.02 96.65 11.04 2.34
0 96.51 10.02 1.57
0 95.83 16.82 3.13
0 96.79 14.53 1.29
0.01 96.84 15.18 2.12
0.03 97.02 13.33 2.25
0.28 96.6 11.6 1.51
0 95.62 15.51 2.44
10.46 95.59 14.5 3.35
0 96.08 11.56 2.68
0 96.57 12.24 1.43
49.72 96.62 10.72 1.98
5.49 97.42 5.36 3.81
0 97.52 3.42 1.24
0 97.08 6.75 1.29
0 97.14 7.56 1.39
0 96.92 10.79 2.3
38.49 97.05 9.74 1.3
3.44 97.07 8.09 1.76
0 96.96 6.77 0.97
23.81 96.84 6.49 1.87
64.61 96.75 3.24 1.91
0.01 96.94 4.65 3.17
0.01 97.19 6.58 2.42
0 96.77 5.46 1.23
0 96.24 7.36 1.67
8.01 96.72 6.35 1.49
1.47 97.29 4.82 2.05
0 97.25 4.09 1.29
0 97.32 4.96 0.84
0 97.11 5.29 1.18
0.3 96.56 8.23 1.71
3.01 96.81 8.11 2.74
0 97.22 6.26 1.58
0.02 96.5 6.62 2.17
0.16 96.04 7.1 3.24
0.01 96.47 4.16 2.53
0 96.56 3.55 2.07
0.18 97.01 3.97 3.23
0 97.06 -0.49 3.36
0 97.14 1.17 2.01
0 97 1.85 1.51
0 96.43 2.42 2.32
0 96.14 3.53 2.58
0 96.13 3.52 1.83
0.16 96.23 2.96 2.78
0.01 96.65 -1.77 3.48
0.03 96.82 -2.28 5.06
0 96.75 -2.94 3.2
0 96.82 -2.32 2.03
0 97.01 -2.48 1.16
0 96.76 1.06 1.62
0 96.44 1.6 1.42
0.03 96.09 0.2 1.9
0 95.97 -2.83 3.77
0 96.11 -5.56 3.05
0 96.39 -8.58 5.26
0 96.57 -5.29 3.06
0 96.16 0.4 2.69
0 96.77 -1.85 2.16
8690.78 96.55 -1.37 2.08
8690.78 96.29 -0.66 1.27
8690.78 96.55 1.74 1.73
8690.78 96.55 1.71 2.02
8690.78 96.81 -0.7 2.34
8690.78 96.39 -1.32 1.16
8690.78 96.5 -4 1.22
8690.8 96.44 -2.61 1.82
8690.79 96.64 -4.47 2.84
8690.97 96.14 -6.43 2.84
8691.11 96.19 -7.51 1.95
8690.78 96.3 -10.26 3.39
8690.78 96.65 -10.75 2.53
8690.78 96.99 -8.32 2.36
8690.78 97.59 -8.07 1.32
8690.78 97.53 -9.03 1.26
8691.12 97.8 -10.74 2.28
8690.97 97.45 -12.13 2.56
8691.05 97.31 -11.01 2.96
8690.8 97.7 -10.13 2.38
8690.78 97.76 -9.66 1.26
8690.78 97.48 -9.84 1.03
8690.78 97.6 -8.55 1.42
8690.78 97.59 -9.13 1.07
8690.82 96.96 -6.39 2.14
8690.92 97.44 -9.1 3.72
8690.78 97.16 -10.35 1.6
8690.78 96.68 -10.52 2.25
8690.78 95.96 -5.6 2.91
8690.78 95.74 -4.88 2.58
8690.78 95.34 -2.07 3.74
8690.78 95.67 -3.37 2.66
8690.78 95.97 -3.27 2.98
8690.78 96.53 -4.95 2.3
8691.88 96.51 -7.76 1.71
8695.37 96.73 -7.71 1.94
8690.82 96.5 -6.88 2.9
8690.78 96.92 -5.65 2.77
8690.78 97.44 -13.25 2.72
8690.78 97.07 -14.19 2.36
8690.78 97.06 -11.59 2.19
8690.78 97.13 -9.5 2.26
8690.78 97.67 -11.46 2.28
8690.78 97.38 -12.79 1.57
8690.78 97.41 -11.29 1.79
8690.78 97.18 -7.86 1.74
8695.96 97.21 -9.29 1.62
8690.78 97.2 -10.65 1.61
8690.78 97.43 -8.23 2
8691.5 96.49 -6.43 3.51
8690.79 96.9 -9.23 4.58
8690.78 97.14 -9.29 2.86
8690.78 96.46 -5.78 1.94
8690.78 95.68 -1.7 3.51
8690.78 96.14 -2.63 2.51
8690.78 97.09 -7.52 3.5
8690.78 96.77 -7.76 3.71
8690.78 96.06 -2.54 4.6
8690.78 96.78 -7.02 3.44
8690.78 95.39 -0.42 5.37
8690.78 96.1 -5.72 2.9
8690.78 96.25 -6.09 1.82
0.36 95.83 -3.07 2.13
0.09 95.79 -3.73 4.6
0 96.7 -11.03 3.93
0 96.91 -11.4 2.06
0 97.06 -11.21 1.6
0 97.28 -9.34 1.78
1.67 96.99 -9.89 1.69
6.16 97 -11.54 3.25
0 97.64 -13.04 3.57
0 97.49 -13.35 1.51
0 96.91 -11.35 1.59
0 97.51 -11.36 1.71
0 97.53 -11.36 1.85
0.05 96.67 -4.72 2.96
0 96.69 -4.95 1.9
0.13 97.27 -5.46 1.97
0 97.83 -7.38 2.23
0.8 97.42 -8.67 1.78
1.25 97.13 -7.79 1.68
0 97.1 -7.13 1.74
0 97.01 -4.63 1.94
2.23 97.5 -6.1 1.65
0.13 97.35 -3.94 1.39
0 96.88 -1.14 1.57
0 96.73 1.9 2.08
0.58 96.42 4.62 4.22
3.67 97.09 -1.96 4.35
0.04 96.86 -5.59 1.62
0 96.69 -4.04 1.71
0.24 96.64 -4.08 2.07
0.4 96.62 -4.5 1.67
1.9 96.92 -3.51 2.89
0 96.99 -5.18 3.2
0 97.18 -6.51 2.54
0 97.18 -5.25 2.25
0 96.68 -4.12 2.01
0 96.97 -4.55 2.47
0 96.52 -2.25 2.38
0 96.18 2.75 3.89
0 96.86 -0.13 3.96
0 96.5 -1.08 2
0 96.02 2.13 2.88
0 95.65 7.66 2.55
0 96.11 5.25 2.4
0 95.53 8.18 4.24
0 96.71 4.83 2.15
0.08 96.6 4.1 3.71
0 96.93 4.21 4.95
0 96.36 6.69 2.58
0 96.35 8.35 3.26
0 96.68 8.2 2.67
0 95.66 13.16 4.62
0 95.6 12.41 2.55
0.02 95.6 11.92 2.36
0 95.73 11.7 2.88
52.08 95.43 11.94 2.95
22.26 95.88 10.54 2.81
0 96.11 11.41 2.12
1.5 96.24 9.98 2.1
0 95.71 12.21 2.41
0 96.36 9.1 3.88
0 96.81 3.7 4.56
0 95.97 6.73 4.62
0 96.59 5.58 3.62
0 95.97 13.16 3.67
0 95.9 14.86 1.78
0 95.79 14.6 2.27
0 95.95 12.8 4.19
0 96.74 9.93 2.08
0.92 96.36 10.98 1.75
0.44 96.08 11.89 1.98
0 96.19 13.88 2
0 96.05 18.12 3.55
0 96.64 14.04 3.34
0 95.97 13.94 2.23
8.24 95.92 10.1 2.54
0.02 96.62 9.69 3.12
19.21 96.5 8.49 2.76
0.05 96.03 10.24 871.34
0 96.1 12.31 3.58
0 95.81 14.83 2.8
1.01 95.51 17.42 3.98
6.67 95.78 17.91 4.66
0.29 96.21 17.3 4.04
26.49 96.49 12.23 3.38
0 96.71 13.15 2.45
0 96.55 14.24 2.23
0 95.96 15.59 1.65
0 95.41 18.92 2.23
4.01 95.31 19.4 4.59
134.42 95.97 8.03 4.99
5.4 95.62 9.83 4.44
12.32 95.8 5.94 5.39
0.09 96.05 8.09 4.17
0.24 95.49 12.17 2.59
50.97 95.44 9.17 3.74
1.62 96.01 12.66 2.14
59.27 96.34 11.29 2.43
2.97 96.26 12.83 2.18
281.47 95.31 9.45 2.65
87.8 94.44 15.14 3.94
0 94.6 18.5 3.84
0.08 94.96 15.2 3.59
0 94.75 15 3.17
0.07 95.52 17.18 2.7
1.92 95.9 17.19 2.12
2.2 95.5 19.84 3.17
109.59 95.2 16.94 2.64
6.16 95.2 17.56 2.55
0.02 95.31 19.61 2.31
0 95.37 21.98 2.64
0.31 95.66 25.17 3.94
47.09 95.57 17.49 2.96
0.75 95.05 17.48 5.07
0 94.49 21.76 4.08
13.03 94.26 19.34 2.87
0.33 94.73 23.16 3.29
0 94.78 24.75 69.1
0.11 95.43 25.22 2.63
0 95.38 27.39 3.38
5.34 95.56 24.04 2.85
1.29 95.71 22.14 2.78
0 95.57 22.61 2.15
1.56 95.36 22.85 1.84
36.62 95.22 23.83 2.38
227.29 95.35 17.15 2.8
168.31 95.18 14.32 3.29
32.17 94.93 16.84 2.59
51.51 95.27 16.27 2.44
50.68 95.66 15.97 1.89
20.38 95.7 18.79 2.02
25.73 95.47 20.48 2.55
9.92 95.52 21.49 2.24
0.02 95.4 22.29 2.01
4.12 95.21 23.84 2
83.22 95.04 20.97 1.95
127.94 94.93 20.28 2.53
107.79 95.02 19.71 2.3
6.17 95.31 20 1.84
52.54 95.46 19.76 1.87
5.08 95.59 19.43 1.65
100.62 95.63 19.04 1.97
1.43 95.49 21.99 1.91
0.1 95.13 23.97 2.4
10.88 94.98 23.28 3.43
29.26 94.98 22.82 3.84
0.65 95.38 22.6 3.91
0.99 95.32 23.32 3.08
0 95.41 24.6 1.78
0 95.39 25.1 1.76
16.19 95.36 23.82 2.51
137.05 95.08 21.02 2.42
25.64 94.8 23.48 2.63
0.27 95.26 25.08 2.08
0.87 95.37 25.27 3.02
2.33 95.21 25.48 2.33
3.84 95.01 25.09 3
14.5 94.9 24.3 3.78
0 95.09 24.06 2.62
0 94.78 24.75 3.23
3.8 94.88 23.32 2.88
6.85 95.07 22.7 2.76
0.56 95 23.64 2.49
2.31 95.1 24.44 2
22.94 95.09 24.06 2.61
172.09 95.16 22.34 69.16
13.95 95.38 22.87 68.41
0.53 95.46 26.13 1.83
0.85 95.55 28.46 2.4
2.75 95.19 29.27 4.44
104.44 95.02 24.72 2.46
0.25 95.33 22.61 1.58
0 95.05 24.92 2.4
0.12 95.41 23.21 1.64
0 95.46 22.89 1.83
0.01 95.66 23.43 1.89
4 95.55 25.38 2.26
4.61 95.09 27.21 3.25
8.08 95.11 25.88 3.79
14.28 95.27 24.08 2.25
0 95.35 25.82 2.62
0 95.32 27.27 2.86
2.45 95.14 27.27 2.6
16.09 95.08 26.25 1.99
91.88 95.35 20.87 2.57
1.51 95.34 22.57 2.09
0 95.59 23.16 2.63
0 95.73 22.36 1.69
0.01 95.62 23.08 2.01
29.81 95.36 22.52 2.06
35.55 95.08 21.97 2.16
6.53 95.22 23.07 3.32
0.29 95.44 22.05 2.06
29.87 95.52 19.2 1.85
28.34 95.44 19.28 1.65
15.69 95.45 20.49 2.19
11.04 95.58 20.98 1.75
2.74 95.71 21.45 1.86
8.09 95.9 21.46 1.57
0.33 95.83 22.9 1.58
0.59 95.52 24.77 2.27
6.64 95.48 24.68 2.13
26.95 95.45 23.93 2.04
36.7 95.29 23.38 2.23
211.81 95.52 19.81 2.16
2.65 95.82 20.13 2.26
0 95.95 21.09 1.74
0 96.04 22.81 1.99
6.63 96.18 21.29 1.76
3.83 96.22 21.12 1.49
0.87 96.19 21.44 2.2
10.7 96.01 20.32 1.59
12.7 95.99 20.38 1.95
282.83 95.9 16.63 2.2
1.48 95.56 17.9 1.96
0 95.21 20.64 2.57
0 95.78 19.14 1.57
0 95.79 20.47 1.58
3.62 95.39 20.92 2.79
0.04 95.64 19.18 2.87
0 95.82 16.43 1.44
0.01 96.11 17.73 1.71
0.1 96.11 18.93 1.97
18.37 96.16 17.65 1.34
0.32 96 19.17 2.47
0.14 96.27 16.59 3
0 96.37 14.55 2.55
0 96.44 13.96 1.61
0 96.5 16.36 1.34
0 96.47 17.33 2.03
8.19 95.82 17.24 2.33
48.32 95.75 15.17 2.68
0.05 96.36 14.59 1.67
0.45 96.41 16.62 2.11
85.89 96.55 13.27 1.93
27.23 96.32 13.4 1.79
0 96.27 13.84 1.57
60.36 95.66 14.68 2.49
0.11 96.18 13.72 2.18
0.96 96.11 14.32 2.72
20.85 96.84 7.49 3.9
0.12 96.99 6.19 1.71
66.11 96.13 7.13 1.59
47.45 95.97 7.65 2.43
0 96.31 8.79 1.53
70.87 96.55 8.08 1.41
9.92 96.97 8.85 2.35
0 96.82 9.5 2.04
0 96.4 12.63 1.85
0 96.3 14.09 2.43
0 96.45 16.59 2.5
0 96.75 14.01 1.65
0.59 96.62 14.71 2.87
0.42 97.56 9.66 4
0 97.14 5.35 2.03
0 96.25 8.29 2.24
0 95.75 10.76 4.83
0 96.33 10.05 3.3
0 96.02 13.12 2.37
0 96.14 13.74 2.34
0 95.87 16.52 3.83
0 96.63 8.78 3.26
0 97.06 4.2 2.15
0 96.55 5.78 1.82
0 95.76 11.21 3.36
0 95.46 13.86 3.3
0 95.64 12.37 2.16
0 97.1 5.62 5.17
0 97.56 2.59 1.66
0 97.01 3.71 1.61
0.05 96.71 7.93 1.79
4.64 96.83 9.26 24.28
2.1 96.6 6.8 1.73
9356.18 96.22 7.57 2.99
9356.23 96.4 4.72 4.08
9356.17 96.21 6.76 2.58
9356.17 95.85 8.19 3.62
9356.18 96.15 7.43 3.31
9356.17 97.44 0.44 3.47
9356.17 97.44 -1.32 1.74
9356.17 97.02 0.73 1.79
9356.17 96.79 3.86 1.72
9356.17 96.47 4.26 1.78
9356.18 96.11 2.72 3.01
9356.21 96.58 -3.34 5.59
9356.17 96.62 -2.05 2.87
9356.17 96.95 -2.15 1.68
9356.17 97.07 -1.13 1.56
9356.33 96.89 1.25 1.99
9356.17 97.25 -1.48 1.85
9356.17 97.18 -0.58 1.4
9356.17 96.52 1.58 2.66
9356.17 95.93 3.68 3.58
9356.17 96.41 1.1 2.64
9356.17 96.97 -1.47 2.07
9356.25 96.72 1.17 2.59
9356.17 97.1 -2.07 1.9
9356.17 96.25 -2.58 1.9
9356.17 95.76 871.11 4.55
9356.17 96.84 -1.71 2.08
9356.17 96.38 -1.62 1.51
9356.19 96.21 -0.45 2.04
9356.96 96.27 -0.59 4.79
0 96.87 -10.39 6.17
0 96.68 -10.35 3.54
0 96.4 -10.36 4.93
0 96.56 -10.4 3.89
0 96.66 -10.46 3.45
0 96.87 -9.19 2.32
2.91 96.91 -8.92 1.77
0 97.45 -10.36 1.56
0.03 97.34 -7.5 2.69
2.52 96.63 -3.86 4.61
0.07 97.08 -8.55 2.94
0.02 96.67 -9.4 3.77
0 96.84 -10.51 2.6
0 96.88 -8.64 1.85
0.27 96.79 -8.25 3.8
0 96.89 -11.71 3.71
0.01 96.96 -10.73 2.24
0 96.94 -8.37 2.37
0.14 96.54 -5.56 3.98
0 96.89 -9.37 3.61
0 96.56 -9.6 3.57
0 96.33 -3.83 2.68
0 96.33 -2.63 3.2
0 97.19 -4.91 3.64
0 97.45 -5.31 2.41
0 97.23 -7.38 1.58
0 96.8 -4.55 2.18
0 96.19 -5.11 1.9
0 95.52 -3.39 3.12
0.09 96.24 -5.9 75.24
0.03 96.97 -9.59 5.15
0.11 97.01 -10.57 2.86
0 96.94 -6.86 3.05
0 95.69 -2.47 3.7
0 95.92 -2.97 1.85
0.9 96.22 -2.28 4.36
0 96.81 -7.29 3.14
0 97.18 -9.01 1.67
0 97.09 -9.11 1.66
0 96.93 -5.91 2.31
0.07 96.46 -3.72 3.49
0 97.52 -6.99 2.42
0 97.72 -8.78 1.68
0 97.23 -5.58 1.82
0 97.35 -7.9 1.95
0.31 97.02 -8.41 1.92
2.88 96.98 -9.31 3.34
0 97.13 -8.84 1.84
3.02 95.99 -4.65 3.26
0.02 96.69 -8.08 2.14
0.04 96.58 -7.34 1.87
1.53 97.09 -7.05 2.66
0 96.6 -8.17 1.76
0 96.02 -3.49 3.01
0 96.93 -5.7 2.01
2.34 96.57 -4.97 1.6
2.9 97.11 -7.88 3.7
0 97.68 -11.37 2.85
0 97.54 -11.48 1.85
0.08 96.91 -7.59 3.31
0 97.53 -9.59 3.53
0 97.82 -9.18 1.97
0 97.62 -7.69 1.59
0 97.45 -7.38 1.49
0.08 97.3 -4.67 2.3
0.05 97.21 -5.5 3.37
0 97.12 -3.79 2.75
0 96.46 -1.24 3.12
0.03 97.31 -9.42 5.54
0 97.46 -11.6 3.42
0 96.72 -5.98 2.76
0 96.02 -3.3 2.03
0.01 96.05 -5.13 3.12
0 96.28 -5.86 2.61
0 95.92 -4.97 1.88
0 95.68 0.15 2.29
0.02 96.37 -2.49 1.74
14.46 96.11 -0.72 2.88
0.01 96.7 -1.17 4.28
0 97.38 -3.01 2.79
0 96.94 -3.75 3.01
17.55 96.14 -0.2 3.52
24.13 95.56 -0.29 5.14
0.12 95.95 -4.85 5.45
0 96.25 -5.73 2.11
0 95.87 -5.04 1.83
0.82 96.3 -6.14 3.13
0 96.73 -8.21 3.36
0 97.4 -6.26 2.01
3.58 96.47 -2.54 4.66
0 96.09 -0.29 3.17
0.03 95.65 -2.09 2.49
0.12 96.32 -5.81 5.69
0 96.89 -5.91 3.1
0 96.65 -3.05 3.11
0 95.98 1.71 4.33
0 96.25 2.36 2.77
1.84 96.79 -2.24 3.5
0 97.63 -8.58 5.92
0 97 -4.19 3.21
0 96.59 -3.08 3.85
0 96.11 -2.66 2.93
0 157.84 867.76 871.01
0 96.26 0.33 3.62
0 95.88 5.89 3.55
0 95.77 6.17 3.36
0 96.51 3.98 2.61
0 95.83 6.48 2.92
0 96.04 7.05 3.56
0 96.17 6.42 2.62
0 96.1 7.03 3.79
0 97.08 2.58 3.9
0 97.27 2.96 2.66
0 97.47 3.78 1.77
0 97.22 7.53 3
0 97 12.72 4.12
0 96.22 13.39 5.19
0 95.72 12.48 3.66
0 95.91 10.79 3.42
0 95.44 14.15 4.25
8.73 96.36 7.17 3.42
0 96.51 5.52 1.7
199.62 94.95 2.88 2.5
0.8 95.77 4.95 2.49
1.57 95.73 5.78 1.91
0.15 96.21 5.07 4.15
0 97.38 0.12 4.2
0 97.37 0.81 3.07
0 96.6 5 3.21
0.12 96.31 8.22 3.08
0.14 96.51 8.71 2.71
27.53 96.7 7.55 3.24
186.87 97.23 0.65 4.22
0.91 96.9 3.99 2.28
0 95.31 11.02 1.99
0.52 94.44 14.43 4.54
3.1 95.33 9.4 5.2
0 95.39 12.15 2.65
0.04 95.69 12.91 2.72
0.03 96.12 11.38 3.79
0.01 95.79 11.89 2.88
0.03 95.66 12.21 2.78
0 95.96 14.45 4.07
0 96.09 15.07 4.79
0 96.41 14.91 2.69
0 95.78 20.91 4.23
0 95.39 24.45 4.39
24.26 95.14 20.67 4.74
32.38 95.72 16.54 2.37
0 95.79 19 2.16
0 95.69 20.61 2.75
7.95 95.47 17.95 3.88
34.7 95.56 15.61 2.24
0 95.78 14.04 4.83
0 95.67 13.99 4.66
0 95.07 15.69 5.55
0 95.67 13.01 2.56
0.61 95.56 13.66 4.66
28.07 95.88 7.85 2.43
0 96.25 9.23 1.79
57.35 96.14 9.23 2.35
80.46 95.21 7.82 1.87
12.75 93.93 11.2 3.58
0.35 94.02 19.29 3.5
1.66 95.28 17.13 5.31
0.02 95.94 16.61 4.19
0 95.39 18.74 3.35
21.51 94.56 19.35 4.68
35.31 94.69 15.8 4.95
1.19 95.09 14.3 5.53
0 95.91 18.28 4.09
0 95.58 21.62 3.58
0 95.43 22.43 2.91
2.95 95.36 22.54 2.96
0.06 95.2 24.47 3.52
0.26 95.12 25.6 4.16
3.34 95.23 25.09 3.09
0.15 95.24 23.48 3.23
3.88 94.96 23.23 4.04
0.79 95.21 21.16 3.28
0 95.35 20.36 2.87
0 94.56 24.93 6.79
10.71 94.97 23.11 3
2.45 95.52 19.87 3.81
0 95.76 21.7 3.31
64.54 95.05 18.47 3.46
49.34 94.51 18.58 2.49
79.28 95 18.47 2.47
0.35 95.34 19.79 3.17
1.52 95.04 20.05 2.77
7.01 95.08 18.55 1.98
143.69 94.86 16.7 2.5
242.16 94.34 16.3 2.46
52.16 94.41 16.95 1.86
85.63 95.27 17.67 2.23
0.36 95.55 20.68 2.09
32.67 95.4 22.17 1.92
0.42 95.11 23.03 1.84
240.7 95.09 20.45 2.35
6.11 95.3 19.11 3.01
92.04 95.74 16.92 2.62
0.08 95.83 21.3 2.39
0 95.49 23.62 2.14
4.42 95.24 23.78 3.21
0.27 95.38 23.47 2.58
9.9 95.18 23.57 3.28
13.83 94.88 21.86 2.43
122.27 94.82 20.9 1.8
1.1 95.27 22.04 1.66
4.04 95.35 23.71 2.21
191.38 95.47 17.71 2.25
24.98 94.9 18.14 1.94
32.87 94.44 19.2 3.3
5.11 95 17.64 3.06
0.15 95.59 18.83 2.35
69.15 95.6 19.67 2.11
19.66 95.72 20.51 1.87
0 95.71 22.19 1.95
0.24 95.57 23.52 2.06
3.18 95.72 24.49 2.14
0.2 95.96 25.63 2.46
3.6 95.79 23.89 2.7
0.6 95.47 25.45 2.24
1.54 94.92 26.38 2.13
0.2 94.72 26.8 3.46
7.57 95.1 26.52 2.59
15.33 95.5 24.9 2.21
21.38 95.68 21.93 2.31
13.31 95.55 22.32 1.61
47.31 95.39 23.12 1.83
122.67 95.55 22.7 2.16
51.34 95.49 23.03 2.31
24.87 95.19 24.11 2.4
42.06 95.15 23.21 2.35
12.54 95.15 23.28 1.67
19.25 94.97 23.17 1.96
10.83 94.8 24.25 1.95
10.58 95.16 25.48 2.58
22.99 95.27 24.67 2.21
44.49 95.04 24.57 2.38
80.64 95 24.25 2.26
324.91 95.37 22.06 2.48
12.37 95.6 22.56 1.69
1.62 95.43 23.71 1.87
32 94.95 24.92 2.96
0.14 94.91 23.81 2.3
1.25 94.77 25.31 2.34
2.5 94.96 25.75 3.03
15.57 95.36 24.4 2.57
18.74 95.89 23.02 2.33
62.25 95.93 23.16 1.93
14.83 95.81 24.25 2.1
0 95.85 24 1.75
0 95.67 24.49 1.59
0 95.51 24.71 1.47
0 95.21 25.77 1.85
2.06 94.99 25.9 2.14
0.04 95.27 24.24 2.28
0 95.34 24.09 1.87
1.89 156.96 886.72 870.72
43.84 157.22 887 870.85
61.13 95.83 20.56 2.17
26.32 95.52 19.59 2.32
3.98 95.31 20.84 2.22
41.24 95.43 20.29 1.78
9.35 95.74 20.44 1.78
17.23 95.96 20.47 1.91
11.23 95.88 20.79 2.52
31.12 95.76 20.74 2.37
0.04 95.7 20.98 2.29
15.56 95.56 20.09 1.84
10.21 95.72 19.17 1.6
16.25 95.87 19.33 1.79
112.93 96.06 18.01 1.73
91.58 96.08 19.1 2.08
2.8 96.05 21.25 2.15
0.39 96.22 20.36 2.08
10.39 96.09 18.78 1.44
33.78 95.88 18.27 2.2
0.02 96.04 17.65 1.78
0 95.95 19.36 1.54
2.18 96.1 20.99 2.37
18.62 96.75 16.84 2.37
1.93 96.68 15.68 1.71
35.01 96.13 13.88 1.83
22.36 96.08 14.4 2.97
0 96.01 19.62 2.32
0 96.35 19.82 2.56
0 96.49 19.23 2.67
0 96.32 19.59 2.34
3.8 96.29 19.37 1.61
10.67 96.34 18.73 1.92
0.01 96.41 17.16 1.89
2.22 95.93 17.05 2.32
3.62 95.73 19.64 2.7
45 95.61 18.29 3.18
44.95 95.68 15.4 2.15
43.15 95.65 14.94 1.82
16.59 95.6 15.98 2.9
0 95.89 14.49 2.4
0 96.07 16.95 2.6
0.23 96.91 13.96 1.49
2.74 97.4 11.64 1.84
8.33 96.27 15.55 3.25
61.5 95.5 11.46 5.22
0.05 95.45 14.12 4.23
0 96.44 11.68 2.23
0 96.76 14.32 2.48
0 96.26 17.9 3.63
0 96.14 18.2 2.42
0 95.92 18.29 3.42
0 96.24 11.2 3.62
0.37 95.57 6.56 3.03
3.21 95.74 6.13 5.06
7.17 96.04 10.21 4.35
0 96.45 11.84 2.31
0 96.53 13.11 1.93
0 96.27 13.96 1.97
0 96.22 14.81 1.89
0 96.25 15.48 2.52
1.68 96.36 14.54 3.09
0 97.16 6.79 2.75
0 96.05 10.54 2.87
19.3 96.61 6.46 2.15
34.46 96.94 5.42 1.95
1.5 105.99 141.61 68.92
0 105.46 141.9 68.8
0 97.16 7.43 2.53
0 97.15 4.6 1.68
9.1 95.92 7.58 4.59
0 95.95 4.51 3.03
0 96.56 2.45 3.23
0 96.89 0.67 3.86
0 97.33 0.59 2.63
0 97.38 2.91 1.54
0 96.71 4.9 1.61
0 96.51 6.11 1.35
0 96.52 8.75 3.37
0 96.68 10.49 3.23
1.02 97.79 2.07 3.93
55.05 97.87 -2.88 3.55
32.57 97.45 -2.87 3.55
5.03 96.99 -2.44 2.2
0.27 97.05 -2.45 1.53
0 97.24 -2.64 1.23
0 97.38 -0.33 1.35
0.15 97.22 1.73 1.4
0.01 96.51 3.74 1.9
0 95.84 6.25 2.64
0.17 96.68 2.88 2.48
4.59 96.57 -1.69 2.53
0 97.23 -3.76 2.59
4.37 97.15 -4.88 2.31
9.14 97.15 -6.47 2.36
6.08 97.15 -7.79 2.06
7.84 97.64 -8.25 1.83
21.65 98.1 -10.69 2.72
7.74 98.16 -11.97 3.29
0.07 98.07 -14.11 2.14
0.01 97.19 -13.6 2.68
0 97.12 -13.53 2.9
0.05 96.66 -11.63 1.33
0.22 97.11 -9.3 1.55
17.1 96.79 -5.35 2.08
0 96.71 -7.73 1.63
0.36 96.02 -2.94 2.49
0.11 95.8 -4.46 4.55
0.27 96.07 -6.72 5.48
0 96.45 -4.4 3.6
0 97.13 -4.86 2.1
0 97.29 -7.58 1.46
0 97.47 -8.82 1.02
0 97.04 -3.63 2.27
5.33 96.68 1.22 2.89
0.02 96.89 -0.27 4.28
0 97.26 -5.99 1.88
0 96.92 -5.95 1.43
0 97.03 -6.3 1.18
3.45 96.36 -4.64 2.67
0.03 96.42 -5.89 3.98
0.04 96.97 -7.54 5.43
0 97.09 -7.4 2.85
0 97.53 -5.55 1.85
0 97.53 -5.98 1.62
0 96.65 -3.09 2.47
0 96.86 -4.95 1.65
0 96.98 -7.59 1.46
0 96.85 -4.98 2.12
0 96.97 -8.72 2.17
0.01 95.95 -6.79 3.23
0 96.98 -11.77 4.06
0 97.76 -13.94 2.16
0 97.48 -8.82 1.83
0.21 97.03 -5.71 1.59
1.22 97.27 -6.84 1.57
0 97.29 -7.92 1.78
0 96.41 -2.59 2.7
0.01 96.39 -5.29 1.39
1.84 96.6 -7.65 1.91
0 97.06 -9.81 3.48
0 96.91 -11.48 2.6
0 97.16 -9.71 3.12
0 97.01 -9.52 2.79
0 96.81 -9.89 2.64
0 96.56 -9.59 2.27
0 97.33 -11.28 3.08
0 97.58 -12.36 2.56
0 97.05 -12.18 3.25
0.07 96.38 -10.86 3.47
0.1 96.15 -10.54 2.46
0 96.21 -11.11 1.81
11.78 96.83 -13.6 2.65
2.18 96.84 -17.44 2.89
0 96.47 -18.08 3.83
0 97.11 -17.66 1.87
0 97.62 -17.23 1.42
0.87 97.55 -16.54 1.69
0.6 98.06 -19.48 3.25
0 97.96 -22.81 5.02
0 97.41 -15.24 4.23
0 96.85 -10.44 2.81
0 96.72 -11.02 3.07
0 96.82 -9.47 2.92
0 97.33 -11.71 1.92
0 97.8 -14.94 2.07
0 97.6 -15.98 2.24
0 97.64 -13.04 2.92
0 97.5 -10.8 2.43
0 97.13 -9.03 2.24
0 96.88 -8.01 2.52
0 97.1 -7.73 3.49
0 97.02 -8.14 3.73
0 96.96 -6.86 2.62
0 96.06 -6.44 2.53
0.01 95.66 -3.22 3.46
0 96.36 -2.71 2.64
0 96.05 1.08 2.94
0.1 95.97 1.01 2.16
2.41 96.15 1.05 2.73
33.17 96.86 -7.09 5.93
0 96.98 -11.54 4.9
0 96.36 -8.85 3.71
0 96.2 -4.75 4.17
0 96.18 -1.87 3.84
0 96.11 -2.45 3.7
0.11 96.99 -5.93 3.45
0 96.98 -8.04 3.87
0 96.88 -8.92 2.73
0.01 96.93 -5.74 3.35
0 97.85 -9.63 2.4
0 97.47 -8.2 2.68
0 97.4 -7.55 2.78
0.07 96.73 -5.87 3.16
0.02 96.8 -5.98 1.98
0.11 97.08 -7.19 4.03
0.06 97.36 -7.96 3.44
0.03 96.42 -0.78 3.12
0 96.02 2.94 2.7
0 95.98 1.71 2.27
0.18 96.38 0.55 1.44
60.66 96.18 1.37 3.39
0.03 96.22 -0.43 2.26
3.43 96.45 -2.67 4.16
0 97.23 -6.53 4.61
0 97.35 -6.44 3.42
0.02 97.12 -5.65 3.38
0 96.61 -4.82 2.03
0 95.98 -0.79 3.91
0 96.7 -0.84 2.63
0 96.53 1.33 2.18
0 95.98 5.04 3.21
0 95.81 8.8 3.68
0 95.45 9.93 4.97
0 95.8 8.34 3.79
0 96.72 4.66 2.06
0 96.95 5.75 2.06
0 96.56 9 2.76
0 96.9 6.5 4.59
0.02 97.48 3.03 5.17
0 97.52 2.95 3.35
0 97.18 3.47 3.01
0 96.75 7.99 2.84
0 96.2 9.54 2.25
0 95.55 11.79 4.55
1.88 96.03 8.29 3.29
0 96.05 9.02 3.09
0 95.12 15.51 5.05
16.48 95.31 11.66 4.9
0.88 96.4 7.55 3.77
0 96.43 8.49 3.3
0 95.59 11.37 3.88
0.08 95.9 10.92 2.94
1.16 95.31 12.66 4.71
0 95.59 11.09 3.97
0 95.57 12.6 5.68
0 95.84 8.15 3.29
0 96.47 5.9 3.62
0 96.08 6.88 4.42
41.34 95.16 8.12 2.74
0.16 94.86 10.73 4.64
0 95.98 11.9 3.9
0.26 95.52 15.3 4.87
29.58 95.41 10.77 3.5
2.01 95.38 7.21 4.3
10.29 95.72 6.95 2.56
4.95 96.09 8.88 3.41
0.04 95.69 13.87 2.8
0 94.82 16.24 5.64
0 95.37 12.26 5.83
0 95.93 11.75 2.82
0 95.44 14.51 4.72
0.68 96.18 11.97 3.06
16.93 96.42 10.12 2.01
0.93 96.01 13.23 1.9
0 96.15 13.62 2.4
20.3 95.4 13.74 2.81
0.1 94.99 17.26 2.89
12.67 94.7 21.54 3.93
131.53 95.46 12.3 2.89
118.22 94.55 11.1 5.21
0 95.11 16.03 3.26
22.27 95.17 14.98 4.46
0.05 95.38 14 5.99
0 96.18 16.32 2.9
0 95.65 18.51 4.39
0.62 95.76 17.57 2.25
0 95.49 17.58 2.2
1.38 94.71 20.05 5.04
226.49 95.37 12.17 3.96
0 96.34 14.87 3.8
24.62 95.97 12.32 4.02
1.91 95.71 13.22 3.53
0 95.22 18.11 3.15
0 95.34 23.64 3.77
0 95.65 23.98 4.65
0 95.87 22.64 4.2
0 96.04 22.16 3.9
0.02 96.63 19.94 3.55
0.03 96.56 19.21 2.76
43.66 95.74 15.34 1.78
17.81 94.67 16.57 4.7
18.12 94.96 18.61 3.31
0.21 95.41 19.14 4.06
0 95.38 22.05 4.26
0.06 94.97 24.2 4.53
0 95.31 19.94 4.08
0 95.02 22.68 3.97
25.3 95.82 17.28 2.51
0 95.88 20.27 1.95
0 95.51 23.66 2.89
0.01 95.19 24.41 3.43
0.02 95.33 22.8 2.84
0.12 95.6 23.09 2.47
22.73 95.72 19.99 3.12
6.67 95.79 19.44 1.92
0.06 95.51 21.95 2.31
17.42 95.24 21.98 3.95
119.76 95.01 20.15 4.73
31.38 95.44 18.6 2.44
6.72 95.35 20.1 2.01
3.61 95.01 20.18 1.97
172.61 94.92 15.99 2.38
22.01 94.93 18.19 2.14
2.09 94.57 20.42 2.53
32.54 94.6 20.91 2.02
3.22 95.13 21.7 2.79
0.02 95.24 23.71 2.34
19.19 94.93 25.06 2.94
26.57 94.93 24.45 2.9
41.77 94.95 23.22 2.38
25.68 95.17 21.65 2.57
6.88 95.2 21.75 3.52
0 95.37 24.41 2.73
0 95.35 25.08 2.12
27.63 95.11 23.61 2.45
56.52 95.24 20.04 3.22
93.17 95.09 20.62 2.61
48.23 95.07 21.02 2.04
0 95.22 21.32 1.99
0.21 95.2 22.76 1.68
0 95.34 25.53 2.84
0 95.53 24.76 2.69
1.74 95.72 25.14 1.89
0 95.81 26.5 2.01
0 95.75 26.65 2.91
0 95.49 26.35 2.67
0 95.24 27.74 2.17
0 95 28.78 2.71
4.79 94.68 29.11 3.91
81.45 94.91 23.25 2.22
1.79 95.24 24.89 2.52
0.93 95.58 23.77 2.65
5.75 95.28 20.6 2.02
5.65 95.13 20.68 2.1
1.92 95.43 22.22 1.85
0.12 95.46 23.9 2.13
42.02 95.56 23.28 2.6
246.37 95.62 21.3 2.54
801.16 95.14 21.92 2.61
41 94.93 23.64 1.79
7.11 94.81 26.61 2.71
0.32 95.28 26.57 2.19
465.05 95.3 21.66 2.64
5.29 95.2 22.63 1.57
1.22 94.97 24.27 2.19
32.89 94.96 24.53 2.4
31.62 95.34 24.01 1.87
155.82 95.61 24.06 1.94
64.24 95.71 22.64 1.82
44.24 95.8 23.21 1.89
0.38 95.81 24.95 1.53
0 95.77 26.39 1.56
0 95.73 27.1 1.9
0 95.64 26.83 2.15
162.3 95.35 26.01 2.31
196.86 95.7 23.76 2.26
0 95.82 22.8 1.46
0 95.49 23.88 2.35
0 95.27 27.39 3.83
0.71 95.26 28.96 3.97
13.7 95.31 26.21 2.36
0 95.27 25.23 1.8
0 95.53 24.64 2.03
3.68 95.46 23.46 1.53
45.35 95.31 22.6 2.07
2.82 95.19 23.2 1.53
290.39 95.14 20.71 1.71
22.45 95.55 21.62 2.29
15.87 95.69 22.29 1.64
0.93 95.81 23.48 1.77
1.77 95.92 23.81 1.53
13.74 95.48 21.67 1.71
16.98 95.25 23.89 1.88
118.58 95.96 18.55 3.95
0 96.27 18.47 2.14
3.18 95.94 18.69 2.16
4.13 95.89 19.42 2.15
0 96.04 18.88 2.47
0 95.48 18.62 2.62
24.85 94.42 16.87 4.02
30.58 94.3 16 2.54
14.71 94.98 19.22 1.49
37.76 95.51 18.63 1.2
67.42 95.77 17.97 1.57
82.75 95.68 17.87 1.56
20.1 95.54 19.53 1.74
2.86 95.3 19.19 1.66
6.65 95.37 18.61 1.77
30.98 95.66 17.67 1.46
13.9 95.84 17.2 1.79
44.74 96.21 16.22 1.91
20.05 96.46 16.67 1.51
1.7 96.42 17.57 1.48
21.69 96.22 19.3 2.08
0.04 96.08 20.37 1.78
3.79 96.14 19.43 1.9
2.01 96.56 17.16 2.26
15.66 96.71 15.04 2.57
0.1 96.75 14.73 2.38
0 96.63 14.86 1.59
0.99 96.46 15.05 2.11
3.73 96.08 17.17 2.34
4.25 95.77 18.86 2.3
1.5 95.51 20.47 3.7
0.05 96.17 18.02 2.1
8.52 95.99 17.59 1.91
2.48 96.65 13.1 4.26
0 97.12 9.21 2.43
0.04 96.37 10.47 2.67
0.06 96 16.15 2.03
5.1 95.87 19.15 3.86
5.31 95.89 15.64 1.82
0.74 95.85 16.34 3.44
68.56 96.44 8.59 2.41
21.66 96.51 7.6 2.25
0.49 97.11 9.02 1.63
63.96 96.3 10.41 2.6
1.2 96.41 7.06 4.49
0 96.7 5.52 2.01
0.74 96.26 7.37 2.11
0 96.8 6.55 81.62
0.17 96.81 7.87 1.73
0 96.37 12.43 1.68
0 96.45 13.87 1.81
0.17 96.63 15.58 3.12
10.5 96.13 14.31 3.65
0 96.58 10.56 2
0 96.36 12.09 2.02
0 96.17 13.93 2.65
1.51 97.09 5.96 3.06
37.47 96.48 5.91 1.82
46.29 97.13 2.67 3.21
0 96.8 3.06 1.41
0 96.17 4.33 1.46
0 95.77 9.11 3.12
0 96.96 4.4 2.27
37.49 97.01 3.47 1.44
18.7 97.17 3.3 2.9
0.19 97.31 0.96 2.68
3.18 96.97 0.67 3.41
0 97.8 -4.04 2.91
0 97.45 -2.53 2.77
0 96.71 1.32 3.31
0 96.17 2.4 1.93
0 95.26 4.45 1.73
0 96.23 2.82 3.55
0.16 97.13 -0.42 2.08
9.15 97.33 -1 3.31
0 97.72 -3.05 1.93
0 97.16 -1.89 2.3
2.65 95.67 3.02 3.85
1.9 95.88 -0.65 1.69
0.29 96.4 -0.03 1.7
0 95.91 4.29 3.56
0 96.51 2.41 4.67
0 96.86 -2.65 2.13
0 96.54 0.96 2.28
0 96.53 -0.28 2.6
0.4 95.92 2.22 2.45
3.08 96.41 -3.3 2.48
24.81 97.02 -6.6 1.61
59.8 97.33 -8.36 2.91
0 97.73 -11.09 2.98
0 97.43 -10.58 2.84
0 96.94 -7.91 2.53
0 96.59 -5.43 2.2
0 96.12 -1.78 3.54
0 96.89 -5.04 3.48
0 97.33 -4.04 1.83
0.07 97.64 -4.44 1.97
4.91 96.47 -0.22 3.66
0 97.22 -2.7 3.45
0 96.94 0.36 2.67
0 96.2 2.87 3.52
0 96.24 -0.5 2.48
0.34 96.9 -4.8 3.45
0 96.41 -4.71 3.21
0 96.61 -5.99 2.13
2.47 95.99 -3.12 3.41
0 96.96 -7.02 2.2
0 97.11 -7.72 1.33
0 96.55 -5.36 3
4.99 96.8 -3.21 2.44
0 97.42 -7.79 3.48
0 97.39 -9.83 2.35
0.01 97.36 -8.94 2.96
0 96.6 -4.69 2.59
0 96.53 -4.02 1.27
0 96.69 -3.87 1.07
0 96.74 -3.54 1.32
0.04 97.09 -3.26 1.15
0.08 97.08 -4.39 2.59
3.25 96.73 -8.82 4
0 97.17 -9.46 2.79
0 97.13 -9.89 1.33
0.03 96.89 -5.06 3.05
2.93 97.54 -8.7 3.56
0 97.47 -11.2 2.11
0 97.14 -9.12 3.71
0 97.39 -9.13 2.97
0 96.88 -7.75 1.76
0 96.75 -6.81 1.47
0 96.53 -2.78 3.03
0 96.69 -4.47 2.43
0 96.37 -1.95 2.63
0 96.97 -5.07 1.57
0 97.3 -6.69 1.27
0 96.81 -3.93 1.24
7.22 96.81 -3.72 1.74
10.72 96.39 -4.12 2.25
0.01 96.59 -7.02 3.34
0 96.86 -9.7 3.42
0 96.6 -9.67 2.66
0.01 96.33 -10.62 2.75
0 96.46 -9.71 4.06
0 97.43 -11.21 2.11
0.11 97.42 -12.85 1.45
0.02 97.33 -12.22 1.46
0.2 97.11 -10.17 1.94
0 97.43 -10.9 1.7
15.15 97.09 -11.84 2.93
0 97.2 -13.19 2.3
0 96.78 -11.67 4.51
0 97.48 -13.43 2.48
0 97.62 -13.81 1.63
0 97.73 -12.39 1.38
0 97.14 -8.13 1.97
0.04 96.34 -3.16 4.94
0 96.93 -6.26 3.6
0 96.35 -6.49 2.68
0.2 97.12 -10.1 4.34
0 97.51 -9.56 3.37
0 96.91 -6.98 3.04
0 97.65 -7.56 3.35
0 97.05 -5.17 2.2
0 96.47 -3.74 1.83
0.38 96.09 -0.38 2.36
0 96.45 -4.41 3.45
0.01 97.41 -6.06 2.88
0.01 97.36 -7.16 1.13
0.02 97.13 -7.73 5.37
0.01 96.68 -8.71 5.61
0 96.87 -8.62 4.67
0 96.99 -7 2.88
0 96.98 -6.35 1.68
0 97.45 -4.75 1.97
0 97.35 -3.6 2.2
0 96.17 2.2 3.44
4.34 96.42 -2.15 4.47
0 97.09 -6.42 3.01
0 96.53 -5.24 2.6
0 95.39 -2 4.53
0 97.17 -6.69 4.72
10.13 97.04 -5.99 2.74
20.77 96.32 -3.36 4.41
0 96.85 -3.97 3.56
0 96.56 -1.8 3.37
0 96.5 -0.49 3.14
0 96.73 -0.63 1.58
0 96.38 1.92 3.01
0 96.31 1.75 2.94
1.33 96.72 -3.66 4.12
0 95.96 -0.74 2.72
0 96.01 0.41 1.81
0.04 96.21 -2.02 2.46
0.16 96.64 -4.17 3.85
0.03 96.4 -6.41 3.65
0 96.4 -4.4 4.25
0 95.9 0.39 3.85
0 95.72 1.19 3.14
0 95.94 3.6 1.97
0 96.18 5.41 2.94
0 97 0.83 4.52
0 97.04 1.32 2.83
0 97.01 1.92 2.49
0 96.75 3.12 1.82
0 96.36 3.83 1.68
0.93 96.26 4.98 2.28
0 96.78 6.14 2.1
0.09 96.89 5.8 2.54
0.7 96.89 2.9 3.48
0 96.76 2.2 2.38
0 96.5 3.45 2.22
0.62 96.9 2.87 1.81
5.77 96.61 1.64 1.52
2.72 96.41 3.3 2.24
0.28 96.32 3 2.31
0 96.51 3.7 2.64
0 96.33 5.93 2.42
0 96.23 9.72 3.59
0.06 97.02 5.02 2.76
0 96.85 5.34 2.47
0 96.24 6.16 1.77
0 96.25 9.6 2.07
0 96.19 13.05 3.34
0 95.89 16.54 4.02
0.47 95.66 13.68 3.51
2.18 95.67 10.77 3.5
0.76 95.77 10.58 2.85
0 96.46 9.73 3.96
0 96.5 9.56 1.96
0 95.49 13.21 3.29
0 96.03 9.12 4.31
0 95.97 7.94 2.67
0 95.34 12.73 4.41
0 94.9 15.49 3.29
0 95.32 16.99 3.26
0.17 95.68 15.2 3.02
1.22 94.58 15.55 4.63
0.31 94.74 9.32 5.88
2.11 95.2 8.37 3.31
2.1 95.51 10.64 3.71
0 95.94 10.89 2.41
0.01 95.28 14.31 5.11
0 95.54 10.96 3
0 95.82 10.48 3.18
0.01 96.49 9.77 3.46
0 96.52 11.33 4.64
0 95.68 15.77 4.49
0 95.12 17.86 3.24
0 94.79 21.16 4.33
0 95.67 17.98 2.68
0 96.09 18.06 2.55
0 96.04 21.1 3.96
1.66 95.98 18.94 5.3
22.09 95.89 15.39 3.13
22.67 95.59 11.1 5.81
0 95.8 12.02 6.2
0 95.67 18.35 3.88
0 95.36 21.1 2.67
0 95.17 20.21 4.61
0.46 95.11 19.17 3.18
0.04 95.23 16.55 4.98
0 95.13 14.54 4.33
1.19 95.31 13.67 4.84
0.22 96.03 14.9 4.88
0 96.01 17.18 2.4
0 95.25 20.24 1.91
0 95.07 23.8 2.64
0 95.07 28.45 4.49
1.36 95.39 27.31 3.52
0.55 95.68 24.71 3.33
4.6 95.98 17.76 3.64
187.3 96.12 10.87 2.45
0.02 95.93 16.72 2.25
0.01 95.48 20.04 2.2
0.09 96 16.22 3.52
0 95.61 18.75 2.44
0 95.24 21.07 3
0 95.43 22.54 3.59
27.62 95.81 17.22 2.71
0.67 95.27 20.1 3.05
26.01 94.76 20.19 3.03
0 95.25 17.69 3.39
84.8 95.6 11.95 2
0 95.7 16.29 2.51
0 95.69 20.66 2.68
0 95.86 21.85 2.37
24.61 95.58 15.93 2.31
1.29 95.27 18.72 2.56
0.4 95.14 22.79 3.95
0 95.22 21.94 3.72
0 95.61 19.77 1.86
12.64 95.76 18.49 1.89
22.29 96.05 18.83 1.82
0 96.06 21.22 2.04
0 95.59 27.34 2.59
0.12 95.32 28.53 2.12
5.57 95.18 27.52 2.78
7.07 95.09 25.49 2.93
42.1 95.1 22.81 3.34
143.49 95.03 19.99 2.04
11.07 95.06 20.72 2.36
0.48 95.23 22.36 2.25
52.81 95.6 19.57 1.57
109.8 95.5 17.93 1.6
7.12 95.23 19.54 1.49
6.26 95.19 21.57 1.51
0 95.36 24.3 1.76
11.66 95.28 25.35 2.79
8.94 95.31 26.05 3.29
0.07 95.21 27.02 3.57
8.69 95.05 27.2 3
17.93 94.93 27.62 2.86
70.28 95.13 24.49 2.24
0.43 95.23 25.52 2
14.85 95.38 25.11 1.84
88.68 95.55 23.56 1.5
106.71 95.35 24 2.64
585.38 94.49 23.36 2.55
25.24 94.47 25.17 3.39
76.68 94.66 24.05 2.36
0.59 94.56 24.73 1.73
0 94.86 26.23 2.61
0.55 94.93 28.74 3
33.05 94.73 28.53 3.76
19.8 95.1 26.27 2.37
19.3 95.47 26.24 1.84
0 95.59 27.27 2.1
0 95.54 28.17 2.38
0.01 95.27 28.22 3.19
46.33 95.03 26.66 2.83
38.44 94.99 24.01 2.83
79.04 95.72 21.78 2.44
18.31 95.73 21.63 1.6
2.71 95.27 23.71 1.17
3.71 95.36 23.91 1.68
0.45 95.61 24.48 1.81
28.7 95.3 22.13 2.44
1.21 95.45 23.24 2.33
0 95.97 23.44 1.75
0 95.56 23.63 1.6
31.36 95.15 24.36 2.5
0.06 95.33 25.43 2.07
0.66 95.42 26.03 2.62
30.79 95.14 25.64 2.25
943.67 94.54 23.89 2.54
10.08 94.95 25.24 1.54
73.95 95 24.94 2.21
46.99 94.82 23.43 1.91
4.67 94.88 24.12 2.1
33.06 94.76 23.22 1.62
39.29 94.59 21.1 1.57
5.86 94.69 23.6 1.53
8.43 95.1 24.47 2.55
50.58 95.49 23.28 2.09
0.33 95.63 23.88 1.7
32.04 95.56 22.25 1.72
18.1 95.44 22.19 1.63
251.8 95.5 20.23 1.87
81.51 95.64 20.97 1.75
30.47 95.8 21.86 1.6
26.09 95.84 22.33 1.64
7.07 95.5 22.63 1.85
0.75 95.22 25.39 1.95
62.66 95.65 23.04 2.34
231.01 95.54 19.88 2.13
0.04 95.56 20.89 3.06
0 95.67 18.92 3.53
0 96.01 19.75 2.16
19.19 95.77 17.06 3.11
8.04 96.14 16.64 2.7
0 96.31 15.25 2.38
0 96 17.46 1.98
0.85 96 17.87 1.71
5.53 95.84 19.77 1.84
10.88 95.91 19.44 1.94
5.78 95.82 20.27 2.72
2.22 95.65 21.27 3
0.04 95.48 21.03 3.41
0 95.41 19.55 1.74
0 95.22 21.39 2.33
0.54 95.72 19.4 2.63
5.76 95.82 18.96 1.98
71.75 95.7 17.59 1.97
0.04 95.9 17.04 2.11
0 96.31 15.91 2.07
0 96.58 16.73 1.69
2.42 96.52 18.92 2.28
5.53 96.36 19.4 2.12
1.11 95.91 19.48 2.65
0.02 95.73 17.51 2.16
0 95.17 19.42 2.53
0.17 95.6 16.6 2.87
0 96.02 15.88 1.99
0.65 95.4 19.32 3.07
46.34 95.38 17.35 3.39
0 95.61 18.25 3.89
0.12 95.84 18.96 2.61
13.89 95.86 16.76 2.4
26.17 96.11 13.63 2.13
0.09 96.11 10.59 2.31
0 95.98 9.92 3.22
0 95.82 10.71 2.04
0 95.97 13.87 2.95
0.07 96.08 16.38 3.79
0 96.86 9.62 2.46
0 97.22 8.26 1.92
0 97.02 9.79 2.47
0 96.34 13.99 3.52
0 96.1 15.32 3.5
0 96.36 14.34 1.96
25.46 96.67 12.61 1.48
165.76 97.25 9.15 3.17
21.07 97.3 5.91 3.15
0.65 97.12 5.24 2.79
0.98 96.76 5 2.16
0 96.63 6.93 2.92
0.01 97.23 5.38 1.33
31.92 97.28 6.66 1.81
0.12 97.61 5.67 1.56
0 97.38 6.44 1.68
3.05 96.74 9.03 1.92
0.04 96.51 9.42 1.26
0 96.23 11.42 2.61
0.01 96.9 8.08 2.18
5.21 97.02 4.61 1.98
0.07 97.01 5.41 1.95
0 96.84 6.85 2.03
0 96.88 8.42 1.44
0 96.29 10.63 1.7
0.02 96.14 10.89 1.84
0 96.94 7.73 4.15
0 97.52 2.39 3.38
0 96.99 5.21 2.33
0 96.12 8.41 3.21
