1.03 96.14 -14.67 1.51
0.04 96.82 -15.89 1.82
26.86 96.68 -17.86 1.58
6.55 96.9 -17.66 3.27
0 97.26 -19.69 1.92
0.01 97.43 -19.61 1.95
0.1 97.52 -17.28 1.49
15.59 96.92 -15.71 1.08
6.34 97.07 -14.87 1.49
0 97.37 -15.16 1.48
0 97.36 -15.48 2.55
0 96.8 -18.51 2.98
0 96.84 -16.45 2.66
0.97 96.62 -15.08 1.32
0 97.72 -14.56 1.42
0 97.31 -13.64 1.14
0 96.96 -10.56 1.16
0.02 96.87 -6.74 1.25
0 96.34 0.02 2.56
0.12 97.46 -8.28 4.57
0 97.49 -12.49 2.83
0 97.22 -11.09 3.43
0 96.7 -8.46 2.91
0 96.09 -8.27 3.82
0 97.11 -9.29 3.18
0 105.09 -5.65 2.7
2.97 95.93 -3.57 2.26
0.02 96.63 -9.91 3.46
0 96.2 -5.47 3.69
0 96.2 -5.55 1.62
0 96.77 -8.2 1.67
0.41 96.95 -10.48 1.93
0 97 -13.75 2.08
0 96.95 -12.94 2.08
0 96.89 -12.97 1.92
0 97.22 -12.96 1.44
0.03 97.17 -11.18 2.08
6.94 96.25 -3.86 2.54
0 96.24 -3.96 1.79
0 96.83 -6.16 2.34
0 97.42 -9.3 3.21
0 97.84 -11.18 3.64
0 97.62 -11.27 1.86
0.06 97.01 -10.1 1.97
0 97.39 -9.8 2.45
0 97.59 -12.16 1.76
0 97.15 -10.23 1.75
0.01 96.69 -8 2.94
0 96.53 -8.41 2.16
0 95.97 -4.24 1.75
0 95.79 -5.16 1.68
0 95.89 -3.87 1.85
0 96.04 -4.01 2.36
0 94.99 1.12 2.12
6.14 95.2 -0.55 1.8
0 96.28 -4.35 2.63
0.41 96.51 -3.79 1.84
5.27 96.2 -4.72 2.03
2.77 96.77 -6.17 2.56
0.22 96.52 -6.64 2.15
0.67 96.27 -2.79 3.25
0 96.42 -2.32 2.67
24.42 95.89 -0.71 2.59
3.14 97 -7.77 3.47
0 97.69 -9.89 2
0.02 97.93 -10.1 1.98
5.03 98.25 -9.03 2.67
0.02 97.51 -9 2.62
0 96.2 -4.1 2.43
0.3 95.15 2.02 3.26
0.82 96.16 -3.18 4.23
0 96.88 -2.74 2.01
43.19 96.29 -0.59 1.88
1.79 96.25 -2.26 4.62
0.02 96.67 -3.99 2.26
0 97.05 -4.43 2.24
0 96.16 -2.81 2.7
0.63 94.7 3.86 2.7
35.32 95.28 -0.06 3.34
0 95.74 0.81 2.63
0.07 95.68 4.59 3.64
0 96.4 2.84 2.64
0 96.84 0.47 2.66
0.04 96.9 -2.59 3.13
0.5 96.39 -1.67 2.06
1.62 96.98 -1.09 2.04
0 96.9 3.44 1.72
0.14 96.71 5.78 2.09
7.67 96.14 8.58 3.77
3.25 95.81 7.85 3.94
0 96.26 3.2 4.94
0 96.3 0.84 3.83
0 96.03 4.34 3.53
0 95.63 9.27 3.25
8.25 96.21 3.75 2.45
0.02 96.92 2.48 2.21
0 96.41 7.11 3.29
0.38 95.25 11.98 5.16
36.69 95.91 3.03 2.63
0 96.24 4.23 2.82
2.55 96.17 3.27 2.07
34.44 96.01 1.47 3.05
0.03 96.81 -0.08 4.67
0 96.95 2.2 2.29
0.23 96.29 4.85 2.79
9.55 96.45 3.96 1.82
0 96.52 5.54 2.57
14.47 95.78 11.1 2.64
57.25 96.2 8.59 1.73
0.34 96.56 8.82 1.86
0.24 96.78 10.45 2.17
1.34 96.55 9.75 2.32
0.13 96.5 8.72 2.04
0 96.12 12.64 3.07
5.59 95.91 13.24 4.17
49.02 95.71 4.99 3.09
7.27 95.27 3.58 3.31
0.13 95.43 5.82 5.31
1.93 95.59 7.77 4.28
4.7 95.84 11.96 2.46
0 95.28 17.2 2.02
0 95 19.08 3.61
0.85 95.52 16.92 2.19
7.14 95.03 213.57 2.58
242.72 94.6 11.74 2.86
7.01 95.13 13.91 3.86
24.97 95.17 12.8 1.89
3.15 95.43 15.65 2.39
55.11 95.26 11.19 3.07
10.16 95.13 10.18 2.26
1.57 96.11 10.72 2.56
0 96.39 13.4 1.72
0 96.36 15.99 1.65
3.25 96 16.95 3.02
4.7 95.85 19.89 2.47
2.62 96.04 18.78 2.6
40.7 95.6 15.83 2.5
136.84 94.72 12.78 2.41
0.27 94.44 18.61 4.24
0 95.22 22.01 2.47
0 95.4 23.49 2.45
0.54 95.35 22.04 2
1.99 94.97 21.1 2.41
8.39 95.15 17.89 3.82
0.77 95.77 21.51 3.22
0.21 96.19 22.04 2.14
10.16 96.2 19.17 1.8
86.74 95.66 15.56 2.21
43.59 95.24 16.86 2.18
61.22 95.63 15.53 1.81
11.45 96.24 16.75 1.46
4 96.19 18.01 1.6
1.15 96.29 19.09 1.63
0 96.36 20.55 1.77
0.02 96.16 21.35 2.15
0 95.86 22.5 2.22
0 95.85 22.86 2.39
0 95.98 23.72 2.85
0 96.09 24.06 2.74
0 96.15 24.27 1.92
4.04 96.03 21.26 2.05
0.14 95.8 20.86 2.69
0.85 95.45 22.33 1.99
20.1 95.22 22.51 2.8
44.26 95.08 21.96 2.64
0.74 94.93 23.71 2.38
28.02 95.01 23.97 1.82
107.55 95.11 20.84 1.87
17.6 95.19 20.34 1.72
1.75 95.27 22.64 1.4
0.11 95.62 23.41 2.62
0.04 95.25 23.63 1.82
8.61 95.53 21.25 2.34
0 95.69 23.1 1.6
0 95.57 24.93 1.97
0 95.56 25.51 2.28
0 95.47 25.2 1.83
26.17 95.27 22.39 1.69
73.46 95.18 22.68 1.44
0.5 95.23 24.29 1.53
0.14 95.07 24.91 1.42
122.85 94.95 22.07 1.94
3.68 94.93 25.25 1.69
0.07 94.97 27.58 1.57
10.07 94.94 26.92 1.89
0 94.93 26.91 2.6
0.07 95.07 25.62 2.46
14.29 95.37 22.27 1.85
4.05 95.54 23.23 1.95
1.96 95.53 22.78 2.05
80.22 95.36 21.07 1.73
91.74 95.32 21.18 1.46
267.45 95.56 20.6 1.29
10.01 95.81 22.84 1.34
0 95.79 24.16 1.91
92.02 95.4 22.71 2.15
10.12 95.18 24.67 2.74
3.01 95.39 25.69 2.24
4.8 95.35 26.78 2.26
26.55 95.46 25.29 2.22
311.72 95.3 23 1.66
3.12 95.54 24.47 1.51
2.46 95.65 25.97 1.59
4.84 95.71 26.63 1.55
3.33 95.85 27.41 1.76
1.59 95.72 27.66 2.3
10.83 95.62 26.81 2.09
15.92 95.26 26.82 2.31
150 94.85 26.79 2.5
8.11 94.78 23.94 1.54
33.96 94.81 25.89 1.38
182.6 95.1 22.66 1.51
0 95.73 22.12 1.89
0.03 95.64 23.01 1.55
13.6 94.99 24.14 2.37
73.3 95.14 23.34 1.61
172.67 95.53 22.13 2.54
0 96.29 20.93 1.51
19.16 95.93 20.91 1.6
130.43 95.23 22.34 2.01
23.66 95.26 22.96 2.03
0 95.5 22.3 1.87
0 95.25 24.49 2.11
17.01 94.95 24.84 1.8
1.88 94.86 25.89 2.01
48.75 94.75 24.33 2.73
0 95.24 22.38 2.44
0 95.6 22.9 1.65
9.55 95.64 23.24 2.2
13.9 95.83 23.25 2.13
204.99 95.96 22.41 1.78
1.98 96.23 23.32 1.69
255.12 96.11 19.11 1.61
82.41 96.08 18.92 1.49
0.74 96.1 20.11 1.37
0 96.05 22.1 1.59
0.11 96.23 21.88 1.46
2.18 96.38 21.91 1.77
0 96.11 21.29 1.74
2.28 95.92 20.63 1.4
29.49 95.56 21.19 1.56
13.39 95.67 21.11 1.39
2.1 95.74 22.02 1.7
22.85 96.21 20.74 1.49
3.81 96.33 21.38 1.41
0.02 96.22 20.09 1.27
0 95.98 19.85 1.53
0 95.79 21.96 1.58
2.54 95.91 23.2 1.57
0 96.42 19.22 1.94
0 96.31 17.88 1.45
2.46 95.9 18.25 1.34
9.47 95.54 19.45 1.53
0.28 95.75 19.96 1.41
0 95.9 21.09 1.22
5.27 95.97 22.27 1.33
0 96.09 22.42 1.57
4.89 95.9 21.47 2.13
137.28 96.18 16.07 2.07
240.92 96.3 10.09 2.12
207.56 96.2 12.39 1.43
0 95.96 16.01 1.36
49.72 96.12 14.86 1.89
214.16 96.78 10.01 2.56
0 96.75 10.31 2.02
0 96.52 12.8 1.54
1.73 96.28 14.58 1.54
8.3 96.06 15.2 2.43
0.44 96.22 13.69 2.16
0 96.14 11.58 3.87
0 96.98 9.65 2.53
0 96.59 10.23 1.49
0.02 96.31 14.42 1.74
1.39 96.55 13.79 1.43
362.45 96.22 9.43 2.32
63.35 96.21 8.17 3.03
0 96.37 9.81 1.86
0 96.04 12.92 1.4
0 95.94 16.09 2.05
0 96.11 17.03 2.31
0 96.05 16.6 2.21
0 95.59 16.14 2.53
31.39 96.04 12.13 1.89
146.88 96.49 6.69 2.41
0 96.68 8.26 1.41
0 96.22 10.12 1.63
0 96.4 9.37 2.66
0 95.98 8.29 2.75
0 96.67 4.57 2.57
0 97.31 2.07 1.29
24.32 97.25 0.96 1.38
49.08 97.26 1.86 1.33
0 97.17 2.83 1.28
0 96.66 4.92 1.39
0 96.39 9.2 1.58
5.8 96.48 10.03 1.93
9.14 96.98 4.37 3.15
0 97.4 1.01 3.46
0 98.09 -0.76 2.34
0 97.29 0.71 1.59
0 97.14 4.39 1.75
0 97.12 5.67 1.38
0 97.17 5.94 1.38
0 96.97 6.03 1.74
0 97.45 3.1 3.21
0 97.11 1.92 1.85
0 96.63 5.53 1.73
0 96.72 4.85 1.31
0 96.43 6.76 1.62
0 96.11 7.42 1.47
7.31 96.2 4.55 2.71
0.43 96.76 0.77 3.12
0 96.47 -0.86 1.34
0 96.07 0.7 1.47
39.46 95.46 1.75 3.45
1.55 95.97 0.01 1.97
1.26 96.94 -0.2 3.45
0 97.92 -3.86 2.46
0.05 97.33 -2.92 2.21
0 96.61 0.38 1.48
0 96.58 1.12 1.79
0 96.26 4.53 2.62
0 95.76 3.69 2.03
0 95.53 5.17 1.67
0.38 95.65 2.52 4.06
0 96.43 -2.24 1.86
0 96.33 -1.66 1.85
0.02 96.53 -1.48 3.6
0 96.8 -5.7 2.24
0.35 96.01 -5.35 2.14
0 96.33 -5.65 5.6
0.2 96.48 -6.7 1.69
0.18 96.38 -5.8 1.38
0 96.05 -2.49 1.92
0.04 95.59 -1.72 1.82
0.07 96.13 -5.71 3.36
0 96.35 -6.09 2.06
0 95.33 1.55 2.22
0 96.55 -1.9 3.17
0 97.19 -5.14 3.07
0 95.92 -4.67 2.19
0 95.86 -5.63 1.77
0 95.43 -4.57 1.83
1.38 95.18 -6.63 3.79
0 96.27 -10.75 2.02
1.11 96.52 -11.82 2.3
0.13 97.32 -13.95 3.08
0 97.28 -15.2 3.38
0 97 -14.54 3.24
0 95.7 -8.74 3.03
0 95.52 -5.99 1.78
0 95.55 -4.19 1.73
0 95.81 -3.06 2.36
0 96.05 -1.34 1.8
0 95.75 -5.75 1.36
0.24 96.31 -8.57 2.83
0 97.62 -15.04 3.52
0 97.63 -15.41 2.99
0 96.72 -14.35 2.76
0 95.63 -11.72 2.57
0 95.27 -8.46 2.2
0 95.92 -11.03 2.98
2.03 96.16 -11.42 2.06
0.04 96.33 -12.01 4.29
0.2 96.82 -10.9 4.75
0 97.31 -10.87 2.98
0 97.48 -11.79 2.36
0 97.08 -11.87 1.16
0.02 96.69 -12.04 1.63
0.04 96.85 -11.21 3.88
0 97.47 -10.17 3.37
0.02 96.84 -8.55 1.83
0.26 96.64 -8.72 3.25
0 97.26 -12.68 3.44
0 96.53 -11.07 2.4
0 96.04 -11.24 3.51
0 96.23 -12.35 1.8
0.01 96.18 -10.8 2.34
0.04 97.18 -13.75 2.82
0 97.63 -16.57 3.4
0 97.43 -15.08 1.95
0 97.26 -13.9 2.27
0 97 -14.25 2.57
0 96.96 -13.87 3.01
0 96.87 -12.48 1.93
0 96.68 -12.29 1.66
0 96.67 -12.47 2.63
0.06 96.94 -13.62 3.31
0.02 97.11 -13.67 1.8
0.12 97.27 -13.86 2.13
0 97.7 -14.15 1.68
0 98 -13.36 2.36
0.03 97.53 -13.19 2.57
0 97.24 -13.68 3.26
0 97.04 -10.94 2.89
0 96.62 -4.48 2.46
0 96.28 -4.82 1.66
0 96.2 -7.03 1.46
0 96.11 -6.03 1.99
0 96.31 -5.27 2.01
0.04 95.62 -4.18 3.54
0.03 96.06 -2.54 2.45
0 95.78 -5.62 1.93
0.63 95.85 -5.99 2.93
0.35 96.72 -8.96 1.93
2.4 96.72 -8.65 1.4
1.45 96.96 -11.72 3.59
0 97.12 -11.61 2.1
0.32 97 -10.46 1.86
0.25 97.01 -11.28 1.6
0 96.36 -5.11 2.75
0.71 96.23 -4.92 1.68
1.66 96.62 -3.82 2.42
0 96.65 -4.25 1.75
0 96.5 -0.73 1.67
0 96.81 -0.68 1.55
0 96.46 0.63 1.86
0 96.01 1.63 2.99
2.52 95.73 1.34 2.11
0.23 96.43 -2.48 2.8
0 97.12 -4.08 1.7
10.95 96.57 -2 3.39
1.54 97.18 -7.45 3.78
0.06 96.77 -6.65 3.08
0 96.49 -5.56 2.87
0 96.51 -5.77 2.12
0 96.62 -3.68 2.66
0 96.29 -0.99 1.87
0.15 95.75 2.35 2.45
0 96.52 -0.52 3.36
0 96.29 -0.47 3.77
0 96.33 -2.35 3.91
0 96.71 -0.93 3.29
0 96.41 0.66 2.95
0 95.86 2.41 2.63
0 95.11 6.92 2.02
0.03 95.75 3.74 3.96
0 96.95 -0.84 4.03
0 96.67 -3.4 4.33
0 96.44 -2.29 2.84
0 95.89 3.28 2.8
0 95.48 5.58 4.3
0 95.91 2.86 3.14
0 96.01 1.34 2.42
1.34 96.66 -1.87 3.84
0 96.79 -1.7 2.71
0 96.5 -1.02 2.27
0 96.64 -0.86 4
0 102.65 0.44 2.3
0 102.59 1.79 2.45
0 102.42 3.8 2.57
0 102.7 3.63 2
0 102.37 7.46 2.54
0 102.07 8.59 2
0 101.63 10.76 3.35
0 102.85 3.89 4.09
0 102.84 3.6 2.45
0 102.41 6.15 2.2
0 102.32 8.14 1.56
0 96.35 9.91 2.78
0.08 95.67 10.64 4.7
1.35 95.93 8.88 4.03
0 95.98 8.45 3.54
0 95.7 10.26 3.53
3.77 96.42 6.53 3.15
0 96.15 9.57 2.92
0 95.53 14.7 3.09
0 95.57 14.26 1.86
0.08 94.85 16.13 2.93
0 95.62 11.85 4.55
0 95.52 12.35 3.82
3.33 95.38 9.65 5.93
0.64 96.01 7.97 4.78
0 95.96 10.35 2.3
0 95.34 14.16 3.4
55.53 96.03 8.47 2.45
3.03 95.94 7.5 2.06
10.88 95.68 6.6 2.71
3.63 95.28 7.41 3.47
0.24 94.85 9.24 1.91
19.09 94.85 9.42 2.37
1.23 95.51 8.5 2.87
0 95.07 10.42 1.84
55.75 94.48 9.14 1.62
9.27 94.4 10.02 2.39
1.47 95.29 14.39 3.31
0.22 95.53 12.86 3.51
0 95.87 13.55 2.58
3.83 95.48 12.85 2.66
135.03 94.72 10.1 2.8
0.18 94.7 11.58 3.04
0.02 95.2 14.15 2.54
3.93 95.31 14.72 3.38
36.49 95 16.54 2.52
0 95.25 18.43 2.06
0.16 94.95 17.16 3.96
0.97 94.91 13.93 5.54
0 95.07 16.23 5.57
0 95.17 17.3 3.78
0 95.68 14.83 3.34
0 95.69 15.25 2.11
0.02 94.63 17.99 2.61
19.3 94.4 18.38 3.41
13.21 95.5 14.87 3
1.4 95.65 13.18 3.06
0.6 95.57 13.64 3.81
0 95.4 18.41 3.13
0 95.52 19.52 2.84
0 95.66 21.34 3.04
6.2 95.63 20.6 3.66
16.52 95.57 18.88 4.18
0.07 95.38 20.11 2.85
0.56 95.22 23.4 4.31
13.4 95.25 22.56 2.56
33.15 94.81 19.65 3.06
9.82 94.71 17.74 2.62
0.07 95.19 19.87 2.49
6.4 94.95 20.55 4.23
7.85 94.98 19.84 3.21
0.26 95.25 20.36 1.91
1.61 95.15 23.14 2.18
27.11 94.54 24.05 2.86
22.57 94.24 21.86 2.36
34.41 94.47 21.52 2.08
0 94.87 23 2.45
67.46 94.81 20.94 2
180.38 94.99 16.74 2.01
7.63 95.16 19.85 1.97
12.12 95.22 21.71 1.69
51.2 95.02 21 2.07
81.45 95 19.03 1.95
93.9 95.21 17.73 1.69
1.99 95.35 20.62 1.61
0 95.28 23.03 1.51
0 95.17 24.91 2.07
0.04 94.89 26.19 2.56
0 94.8 26.67 2.65
10.06 94.55 22.77 2.2
101.21 94.73 17.59 2.43
2.25 95.43 20.21 2.44
0 95.8 21.26 1.73
8.6 95.17 22.01 2.83
14.19 94.53 22.52 2.2
6.94 94.78 24.48 2.44
0.05 94.94 24.08 2.82
29.98 94.85 23.29 2.4
36.4 94.89 22.53 1.58
0.33 94.75 23.8 2.06
0 94.85 24.55 2.28
0 95 25.67 2.07
52.34 94.58 22.66 2.06
0.79 94.26 25.11 2.85
118.69 94.32 19.14 1.84
19.55 94.41 19.73 2.51
5.77 95.06 21.96 1.74
11.84 95.25 23.48 2.16
11.1 95.32 24.1 2.2
13.53 95.34 23.62 2.25
1.56 95.12 24.2 1.54
60.58 95.21 22.7 1.9
19.11 95.19 23.05 1.52
36.02 95.07 22.78 1.65
17.35 95.11 21.97 1.59
50.15 95.15 22.69 1.37
206.96 94.99 21.36 1.53
89.07 94.95 21.46 1.38
99.43 94.91 22.1 1.76
30.89 94.87 23.49 1.86
0.45 94.93 25.4 1.57
44.11 94.92 25.61 2.04
513.66 94.7 22.49 2.17
89.28 94.65 23.41 2.14
23.16 94.88 23.28 2.02
0.91 95.08 25.01 1.58
51.81 95.25 22.62 1.48
171.89 94.89 21.47 1.62
0.03 94.96 23.76 1.63
0.39 95.1 24.8 1.87
1.55 95.45 23.55 1.71
0.07 95.09 23.74 2.05
0 95.04 24.22 1.9
0.04 95.25 24.28 1.63
10.47 95.24 23.28 1.41
14.18 95.25 23.83 1.5
18.87 94.83 24.14 1.7
15.15 94.97 25.43 1.69
0 95.38 25.15 1.28
0 95.23 25.78 1.41
0 94.96 25.81 1.77
10.01 94.71 25.5 1.74
80.28 95.01 22.62 1.77
307.36 95.08 19.66 1.63
28.03 95.1 22.08 1.58
22.39 95.3 21.49 1.29
0.21 95.56 22.09 1.47
0.2 95.72 22.28 1.39
0 95.71 23.43 1.41
1.16 95.58 23.6 1.69
27.04 95.78 21.53 1.62
0 95.8 21.09 1.32
43.46 95.78 20.65 1.45
10.26 96 20.62 1.48
0.76 96.09 21.32 1.32
23.92 95.89 19.62 1.54
12.33 95.55 21.15 1.28
1.37 95.46 22.41 1.46
0 95.4 23.43 1.41
27.17 95.14 22.99 2.52
2.77 95.65 19.84 1.84
0 95.47 20.1 1.46
7.03 95.95 19.08 1.94
0.52 95.9 19.36 1.4
0 95.95 18.85 1.37
0 95.53 19.61 1.37
14.04 95.15 19.27 2.46
7.16 95.79 14.54 1.92
0.3 96.37 14.29 1.79
7.53 96.65 13.76 1.71
16.18 96.14 16.72 1.79
0.48 95.87 17.2 2.01
0.14 95.48 19.71 2.76
9.08 95.48 18.14 1.88
11.27 95.66 16.03 1.6
60.62 96.01 14.04 2.33
0 96.42 10.81 2.38
0 96.87 10.44 2.02
0 96.7 10.98 1.41
0 96.36 12.2 1.54
0 95.95 13.49 1.58
0 96.03 14.55 1.99
0 95.97 14.94 1.84
0 95.72 17.33 2.45
0.08 96 18.09 1.93
0.19 96.17 18.49 2.44
0.04 96.01 17.72 2.05
5.21 95.81 16.04 1.86
0.2 96.21 10.94 2.95
0 96.76 7.81 2.35
0 96.8 8.12 2.54
0 97.27 8.48 2.64
0 96.93 9.45 1.6
0 96.27 11.21 2.11
0 95.67 12.98 2.85
0 96.24 10.57 1.84
0 96.25 10.7 1.39
0 96.05 13.96 2.06
0.18 96.37 14.41 2.27
0 96.91 10.36 1.34
0 96.65 12.08 1.49
0 96.07 14.07 1.37
65.07 95.53 11.15 1.54
6.58 95.42 9.96 1.85
1.37 95.06 9.43 2.45
1.18 95.56 9.96 3.57
0 96.57 6.19 2.07
0 96.65 8.8 1.47
0 96.46 10.83 1.92
0.02 96.3 13.99 2.66
0 96.22 13.45 1.79
0.36 96.07 11.78 1.35
31.56 96.58 6 3.25
0.01 96.98 3.32 3.02
0 97.03 4.45 1.67
0 96.59 6.06 1.52
1.17 96.44 7.71 2.27
0 96.7 6.67 1.4
0 96.37 7.07 1.5
0 96.21 8.94 2.48
0 96.41 10.76 3.22
4.07 96.57 11.9 2.39
0.17 97.13 6.69 1.59
1.15 96.86 8.31 1.41
2.32 96.57 10.41 2.33
0.4 97.21 4.62 3.02
0.07 97.1 3.07 1.55
0 97.05 3.84 1.59
0 97 4.07 1.5
0 96.82 2.64 1.21
0 96.2 2.72 1.28
0 95.64 4.27 1.87
0 95.88 6.13 2.83
0.04 96.67 -0.2 2.5
0 96.78 -2.96 1.62
0 96.85 -2.03 1.43
0 97.01 1.33 1.81
65.83 96.41 2.05 1.03
9 96.11 0.6 2.66
2.54 96.4 -3.75 3.34
0 96.93 -5.58 2
0 96.92 -3.64 1.64
12.53 96.45 -3.99 2.54
0.16 97.12 -6.91 2.89
0 96.84 -7.48 1.07
0.12 96.85 -5.67 1.48
0.31 96.17 0.14 1.64
0 96.25 -0.91 1.27
0 97 -2.14 2.37
0 97.58 -6.45 1.82
0 97.87 -6.98 2.11
0.12 97.17 -7.12 1.04
0.04 96.43 -4.97 1.07
0 96.64 -5.79 1.42
0 96.98 -7.29 1
2.42 97.23 -7.29 0.95
2.48 97.16 -4.25 0.99
1.89 97.42 -6.08 2.59
0.04 97.77 -10.81 3.74
0 97.42 -10.85 2.68
0.01 96.6 -6.9 3.52
0 96.59 -3.3 2.28
0 97.06 -6.02 1.53
0.01 96.39 -3.54 2.57
0 97.07 -8.13 3.99
0 97.31 -11.93 3.05
0 97.46 -11.95 3.1
0 97.17 -10.44 1.96
0 97.23 -10.04 1.81
0 97.12 -10.47 1.15
0 96.79 -9.83 1.69
0 96.74 -8.82 3.44
0 97.02 -10.81 2.2
0 96.51 -9.13 2.52
0 96.69 -11.57 1.74
0 97.19 -11.57 1.56
0 97.47 -10.8 1.58
0 96.98 -7.88 1.63
0 97.29 -9.61 1.69
0 97.68 -13.41 1.27
0.26 97.16 -11.96 1.16
0.01 96.9 -9.65 1.67
0.18 97.29 -10.57 1.78
0.82 96.75 -10.96 2.34
0.16 96.89 -11.94 3.57
0 97.14 -11.6 2.31
0 96.9 -10.89 1.6
0 97.71 -13.11 1.41
0.3 97.63 -13.9 1.07
0 97.19 -11.33 1.35
0 97.16 -12.48 1.19
0.12 97.19 -11.63 2.78
0 97.37 -12.02 2.53
0 96.45 -7.44 2.43
0 96.68 -8.69 1.87
0 96.59 -8.7 1.78
0 96.35 -9.81 1.08
0.09 96.13 -8.23 1.2
0.23 96.34 -9.87 1.07
0 96.53 -9.81 1.21
0 96.94 -10.13 1.21
0.02 97.59 -12.35 3.29
0 97.51 -16.35 3.09
0 97.2 -16.9 2.32
0 96.68 -16.07 1.98
0 96.52 -15.18 2.6
0 96.13 -13.49 2.46
0 96.19 -12.37 1.66
0 96.72 -13.04 1.58
0 96.97 -13.68 1.53
0 97.35 -14.44 1.62
0.12 97 -15.78 1.47
0.81 96.48 -14.59 3.39
0 97.31 -16.36 3.79
0 97.33 -15.09 2.72
0 96.33 -12.33 2.58
0 96.43 -9.79 2.1
0.4 95.86 -6.39 2.19
0.04 96.42 -11.37 4.68
0 96.71 -14.74 4.24
0 96.3 -11.77 4.12
0 96.44 -9.82 2.65
0 96.79 -9.97 2.49
0 96.79 -9.91 1.81
0 96.58 -8.36 2.23
0.06 96.23 -3.93 1.99
0.13 96.76 -7.24 2.9
0 96.75 -9.66 2.63
0.06 96.81 -10.26 2.91
0 96.96 -11.78 4.13
0 96.88 -9.58 2.88
0 96.28 -5.99 2.41
0 96.31 -6.88 1.9
0 96.12 -7.8 1.4
13.16 95.69 -6.1 2.24
0 96.67 -6.48 2.49
3.25 96.5 -5.85 2.05
0.03 96.99 -7.59 3.09
0 96.94 -7.5 2.12
0 96.44 -5.5 1.94
0 96.06 -1.66 2.55
0 96.16 0.16 2.03
7.04 96.67 -2.81 1.63
0.85 96.89 -5.63 2.05
0.4 96.89 -5.02 1.57
0.08 96.27 -1.35 1.79
31.53 95.51 -2.41 1.35
25.73 95.56 -2.97 2.47
0.05 96.22 -3.57 3.06
0 96.97 -6.93 3.24
0 96.7 -7.22 1.89
0.43 96.55 -6.51 4.24
0 97.07 -6.76 3.46
0 96.72 -4.91 1.83
0 96.05 -0.98 2.76
0 96.6 0.01 2.1
0 96.3 2.42 2.91
8.44 95.34 5.16 3.66
6.28 95.88 -1.37 3.34
14.28 96.8 -6.32 2.55
0 96.57 -1.8 1.94
0 96.51 0.31 1.86
0 95.92 4.61 3.1
0 96.42 3.38 1.84
7.82 95.56 2.04 3.83
0 95.97 0.92 5.18
0 96.44 1.37 3.06
0 96.12 5 2.18
0 96.29 8.75 2.91
0 96.54 9.46 2.94
0.41 95.51 10.78 6.23
0.85 96.14 2.59 4.42
0.68 96.12 0.71 4.11
0 96.11 0.94 2.08
7.66 95.96 2.43 2.68
0 95.65 4.89 3.68
0 95.42 5.74 4.5
0 95.72 4.9 4.23
0.1 96.09 4.66 2.53
0 95.67 9.55 3.36
0 95.71 11.55 3.97
0 95.65 13.07 3.16
11.19 95.33 14.08 4.6
9.98 95.71 8.53 4.02
0 95.14 12.6 2.82
0 95.04 14.1 2.91
0 94.99 15.86 3.09
1.61 95.53 11 3.31
0 95.96 9.71 2.49
0 95.09 15.69 3.81
0 95.11 17.63 3.88
2.79 95.53 14.09 3.71
55.07 96 12.84 3.01
3.13 95.42 12.22 2.08
0.35 94.74 14.19 1.95
0.38 94.76 17.28 3.29
163.27 95.14 13.05 2.35
92.32 95.09 10.29 4.35
0 94.59 11.42 3.03
0.12 94.27 12.8 5.97
0 95.51 10.66 2.88
0 95.51 13 2.45
0.3 95.22 17.43 3.25
0.72 95.72 17.45 2.41
11.47 95.25 18.31 2.17
0 95.31 20.91 1.95
2.36 95.4 20.72 2.35
0 95.49 18.67 3.14
0 95.12 18.4 2.12
1.26 95.13 17.03 1.59
0 95.35 18.3 1.93
0.09 95.67 19.76 2.31
2.37 95.77 20.83 2.27
62.25 95.82 15.86 1.76
26.34 95.43 13.66 2.52
17.22 95.18 12.25 2.86
7.67 95.13 13.27 3.62
0.02 94.86 13.12 2.73
8.24 94.6 13.41 4.29
0.05 95.06 16.53 1.9
0 95.03 21.71 3.47
19.69 95.5 20.42 2.86
12.66 95.88 18.69 1.92
0.16 95.78 20.13 3.18
1.87 95.47 19.87 3.55
6.83 95.57 17.78 2.71
0 95.54 17.64 2.59
0 95.37 18.41 2.51
0 94.98 20.74 2.37
0 95.42 21.03 2.28
0 95.6 23.03 2.36
19.56 95.59 21.13 2.69
59.14 95.99 15.63 2.47
0.27 96.1 17.32 1.89
17.54 95.7 16.85 2.6
14.71 95.42 17.56 2.69
149.95 95.2 15.82 2.11
18.55 94.9 19.28 3.05
1.54 95.05 21.06 1.9
10.49 94.68 20.22 2.13
20.34 94.53 22.09 2.09
30.17 94.53 22.37 2.37
102.8 94.39 21.2 3.15
15.73 94.52 17.79 2.55
2.15 94.24 17.66 2.89
11.25 94.3 17.68 2.24
133.73 94.88 15.09 2.01
307.8 95.11 15.12 1.9
117.41 95.14 16.34 2.39
4.28 95.03 19.69 1.6
5.2 94.9 22.78 1.69
12.83 95.06 21.99 1.84
59.58 94.82 21.88 1.52
28.12 94.87 22.2 1.6
5.39 95.04 22.12 1.44
48.01 95.02 21.31 1.69
1.05 94.81 22.35 2.27
62.94 94.82 22.3 2.32
46.69 95.18 21.14 1.96
11.15 95.55 22.66 2.1
2.05 95.71 22.9 1.73
3.65 95.46 20.7 2.01
99.43 95.02 20.7 1.88
0 94.85 23.74 1.9
3.02 94.49 24.79 3.33
5.76 94.48 23.45 2.83
0.57 94.42 23.57 2.41
0.06 94.8 23.88 1.73
2.49 94.96 23.38 1.63
1.29 94.84 23.94 1.51
28.88 94.83 24.36 1.8
22.6 94.84 25.18 2.03
56.93 94.89 24.3 1.84
184.83 94.45 21.47 1.77
45.38 94.19 20.51 2.22
53.5 94.58 20.4 2.53
6.51 95.08 22.04 2.52
0 95.12 21.85 1.72
0 95.16 23.05 1.6
0 95.42 24.78 1.43
0 95.54 24.61 2.02
0.15 95.37 24.6 2.19
3.35 95.19 25.23 1.51
6.13 95.12 25.73 1.61
91.23 95.07 24.27 1.72
579.15 94.61 22.84 3.35
0 95.16 23.88 1.43
0 95.38 24.22 1.65
15.91 95.32 24.15 1.96
108.33 94.94 25.05 2.92
5.42 95.26 24.44 1.68
200.03 94.86 23.35 2.11
48.86 94.52 24.32 3.04
0.67 95.12 22.54 1.59
148.99 95.42 19.86 1.47
250.34 95.55 19.06 1.68
202.7 95.49 20.6 1.44
30.96 95.54 22.23 1.6
213.54 95.56 22.2 1.74
0 95.76 23.39 1.23
0 95.59 24.51 1.24
0 95.26 25.59 1.91
12.9 95.14 25 1.75
12.84 95.39 23.95 1.28
0 95.28 24.49 1.58
13.64 95.33 21.54 1.96
29.89 95.33 19.29 2.06
2.2 95.49 20.56 1.63
5.06 95.22 19.09 1.72
4.83 95.24 21.24 1.5
0 95.62 22.35 1.75
0.04 95.25 23.14 2.67
98.6 95.2 23.39 2.11
3.66 95.28 22.11 1.64
20.5 95.25 21.11 2.21
9.54 95.89 17.45 1.97
0.03 96.04 17.01 1.8
0 95.85 19.88 2.26
0 95.78 21.56 1.98
0.23 95.63 21.65 2.24
2.56 95.63 21.67 1.54
21.26 95.53 21.47 1.46
0.66 95 22.93 1.82
2.47 95.16 24.15 2.14
0 95.46 24.49 1.77
0 95.59 24.89 2.05
1.19 95.61 24.67 1.93
228.78 95.49 18.33 2.74
46.08 95.87 14.31 2.48
0.32 95.95 14.1 1.8
0.9 96.1 16.39 1.83
0 96.03 19.08 2.01
54.52 96.12 17.69 1.49
2.28 96.01 17.56 1.17
0 95.94 19.06 1.17
0 95.89 20.68 1.46
51.62 95.57 19.3 1.95
88.88 95.53 14.5 3.15
0.81 95.7 12.76 2.21
0 96.09 13.98 1.51
0.15 96.53 14.48 1.1
0 96.61 14.52 1.27
0 95.94 15.33 2.12
0 95.48 16.22 2.27
0.63 95.48 16.33 1.57
0 95.74 17.77 1.63
4.08 95.66 18.08 1.92
1.01 95.65 17.56 1.44
9.47 95.94 16.51 1.35
0.79 96.28 16.31 1.37
22.42 96.19 15.56 1.65
5.12 96.39 15.76 1.36
59.6 96.04 11.92 1.7
35.22 95.98 10.6 5.54
0.89 96.16 12.11 3.05
0 96.19 11.75 1.53
0 96.06 12.93 1.47
0.39 95.86 14.56 1.91
1.01 95.68 14.01 2.41
0 95.82 13.42 1.94
0 96.32 12.04 1.5
0 96.78 12.49 1.16
0 96.65 13.69 1.44
0 96.18 15.17 2.1
38.43 95.72 13.38 2.78
0 96.24 9.2 1.99
0.08 95.89 10.69 2.27
0 95.67 13.01 1.96
0.06 96.04 9.78 3.26
0 96.47 7.52 1.88
0.02 96.61 8.2 1.8
59.46 95.98 9.38 3.18
0 96.03 5.1 2.94
0 96.08 6.09 2.1
0 95.97 7.85 1.88
0 96.28 7.45 1.52
73.37 96.57 3.54 1.24
67.42 96.02 3.34 1.96
0 95.75 6.62 1.73
0 95.47 9.29 2.41
0 96.1 9.16 1.64
0 96.17 10.65 1.89
10.03 95.98 11.3 2.59
0 96.92 4.64 1.79
1.56 96.8 1.64 2.1
0.06 96.45 0.97 2.49
0.03 96.26 0.81 2.08
0 96.24 2.63 1.46
0 96.43 2.34 1.84
24.54 96.38 3.41 1.58
192.26 95.89 1.94 234.24
49.46 96.25 0.28 3.12
0 96.37 -1.2 1.15
0 96.06 0.42 1.56
0 96.27 0.9 1.32
0 96.71 -0.27 1.19
53.18 96.4 -0.52 0.96
131.02 95.08 -1.65 4.55
0.27 95.62 -3.23 3.03
0 95.68 -4.89 3.82
0 96.48 -4.11 2.39
0 96.79 -4.91 1.28
19.46 96.22 -1.86 1.43
0 96.13 -4.19 232.06
0.02 95.89 -3.5 2.69
0.02 96.42 -2.24 2.67
0 96.47 -3.79 1.31
0 96.11 -1.65 1.66
6.21 96.57 -4.09 2.23
0 96.58 -6.17 1.94
0 96.05 -4.7 1.9
0 95.96 -2.34 3.05
0 96.04 -6.16 2.46
0 95.18 -3.38 3.07
0.04 95.86 -4.96 3.83
0.03 96.42 -8.07 1.94
0 97.12 -11.43 2.42
0.2 96.86 -12.37 1.77
0.38 95.77 -4.85 2.58
2.75 95.87 -6.61 3.83
0 96.15 -9.7 1.71
0 96.18 -11.73 2.86
0 96.15 -13.47 2.2
0 96.3 -14.5 2.2
0.02 96.34 -15.76 3.74
0 96.44 -11.2 3.17
0.09 97.01 -11.7 1.38
0.07 97.19 -12.09 1.03
0.2 96.7 -10.48 1.69
0.06 96.65 -7.47 1.23
18.95 96.65 -8 1.38
0.71 96.48 -6.86 1.37
0.81 96.86 -9.81 1.39
0 97.23 -11.44 3.44
0 97.35 -13.78 2.12
0.02 96.81 -13.68 0.99
0.3 96.93 -11.18 124.99
5.73 96.85 -8.95 2.93
0.01 97.35 -14.36 2.86
0 97.21 -18.49 2.55
0 96.4 -17.55 3.78
0 97.5 -17.48 2.24
0 97.27 -17.35 1.3
0 96.64 -13.13 1.23
4.27 96.59 -12.6 1.08
17.59 96.66 -11.65 3.41
0 96.3 -14.63 3
0.04 95.77 -14.78 1.78
0 96.15 -16.37 3.19
0 97.34 -17.86 3.4
0 97.91 -15.79 2.1
0 96.96 -16.18 1.51
0 96.75 -14.08 1.61
0 96.66 -14.55 1.29
0 96.53 -13.98 1.47
0.04 96.97 -15.71 1.85
0 96.81 -14.99 1.77
0 96.66 -14.26 1.24
0.34 96.29 -11.67 1.08
0 96.35 -11.23 1.59
0 96.39 -12.22 1.01
0 96.78 -9.96 1.9
1.34 96.54 -11.42 1.79
0 97.24 -13.17 2.42
0 97.54 -11.59 1.73
0 96.57 -8.08 1.97
0 97.01 -8.77 1.29
10.38 97.04 -8.06 0.99
0.49 97.03 -8.06 1.8
0 96.86 -11.88 1.26
0.03 95.74 -7.92 2.38
0.03 96.29 -12.23 3.77
0 96.37 -14.19 1.48
0.5 96.7 -13.17 1.31
0.12 96.65 -10.85 1.65
0 96.17 -6.08 1.23
0 96.46 -6.91 1.27
0.11 96.43 -5.22 1.59
1.96 96.33 -4.85 1.56
1.13 96.82 -6.79 3.63
0 97.03 -9.77 2.16
4.03 96.05 -7.92 2.42
0 96.75 -8.51 2.84
0.04 96.31 -7.62 1.76
0.77 96.58 -13.45 3.68
0 97.46 -16.91 4.21
0 97.36 -15.37 1.52
0.24 96.46 -11.07 2.06
0 97.05 -11.83 2.14
0.21 97.12 -11.47 1.87
0 96.41 -6.77 87.46
0 96.16 -4.44 2.58
0 96.76 -7.91 2.25
0 96.75 -9.55 1.47
0 96.1 -6.42 2.21
0.05 96 -4.31 3.71
0 96.72 -9.52 3.13
0 96.88 -11.24 2.17
0.02 96.8 -10.64 1.82
0 96.71 -7.64 2.82
0 96.9 -6.26 2.68
0 96.83 -4.54 1.6
0 96.91 -5.23 1.7
5.69 96.8 -5.71 1.77
0.29 95.95 0.07 2.58
0 95.85 0.8 2.31
0.4 95.35 -1.51 4.97
0 97.08 -6.91 5.16
0 97.18 -5.43 1.68
0 96.08 -0.5 2.68
0 96.38 1.76 2.12
0 95.8 5.09 2.75
0 95.68 3.63 1.63
0 95.12 4.76 1.93
0 94.96 2.15 2.44
0 95.07 -0.91 5.23
0 96.62 -0.95 2.05
0 95.93 3.73 3.32
34.77 95.72 0.67 3.12
0 96.94 -4.84 3.87
0 96.57 -0.03 2.87
0 96.03 4.88 2.53
0 96.43 5.43 2.54
0 94.98 7.76 3.2
0.66 95.03 -0.9 3.79
19.54 95.78 -5.51 2.86
0.71 96.28 -5.7 2.72
0 95.07 1.47 4.8
0 95.98 -1.75 2.76
21.16 95.64 -3.71 3.24
0 96.36 -3.95 2.93
0 96.24 -1.27 1.64
0 95.34 4.46 3.69
1.26 95.4 3.06 3.51
0 96.29 -0.01 3.21
0 96.48 -0.94 2.17
1.11 96.4 0.54 1.86
7.5 96.11 1.89 2.15
82.17 96.15 1.23 2.56
0 95.78 4.65 2.57
0 95.71 6.79 2.63
18.28 95.88 1.61 2.19
47.84 96.14 0.36 3.12
0 95.94 0.77 2.71
0.4 95.14 2.28 2.5
15.72 95.12 1.77 3.39
4.15 96.04 1.1 3.5
0.65 95.94 1.94 3.15
0 95.96 3.24 3.34
0 95.52 8.2 2.6
0.32 94.95 8.29 4.03
0 95.28 4.24 4.22
0 94.94 5.92 2.45
4.06 95.21 5.6 3.09
33.47 95.57 2.84 690.75
2.9 96.54 2.25 4.49
0 96.58 3.47 2.05
0 96.25 6.09 2.38
0 95.96 9.1 2.1
0.45 95.47 11.85 4.13
57.83 95.42 7.95 2.37
1.54 95.35 8.15 2.86
0.03 95.43 9.54 4.43
0 95.47 10.84 1.72
0 95.46 14.08 2.13
6.69 95.29 12.29 3.22
0.22 95.42 12.89 5.47
0.39 95.86 12.46 5.14
0.57 95.94 12.51 2.09
1.24 95.8 12.74 2.1
10.1 96.02 13.49 1.89
0 95.83 16.89 2.72
0 95.97 20.35 1.77
0 95.86 22.16 2.03
0 95.91 21.69 2.63
0.17 95.7 21.48 3.84
17.74 95.34 14.82 2.22
15.82 94.47 15.56 3.72
0 94.06 18.41 3.92
0 94.6 17.25 2.35
0 94.7 19.04 2.57
0.56 95.26 17.85 4.23
0 96.15 17.37 2.49
0 96.1 18.12 2.22
0.64 95.51 18.62 2.8
0 94.98 18.77 3.08
18.04 94.32 15.87 4.72
0.01 94.34 18.07 3.96
0 94.59 19.66 2.47
0 95.5 20.35 2.1
3.31 95.36 23.23 3.33
2.93 95.84 18.77 2.24
0 95.52 21.14 2.17
5.12 95.29 20.8 3.31
3.31 95.12 18.99 3.32
0.9 94.83 19.16 2.6
0 95.11 20.14 3.91
0 94.97 23.81 3.04
0.06 94.61 24.89 4.29
0 95.2 20.73 2.34
8.06 95.01 19.09 3.03
0.05 95.14 20.72 2.89
29.52 95.78 18.23 2.16
68.67 95.67 18.32 2.26
6.49 95.49 18.99 2.67
7.44 95.3 21.43 2.61
1.29 95.16 22.06 3.18
55.19 95.47 17.41 2.3
4.62 95.7 17.57 1.77
21.29 95.42 16.03 2.04
5.05 95.23 17.8 1.91
0.02 95.3 22.25 3.16
0.18 95.3 23.75 3.62
3.07 95.18 24.09 2.6
127.55 95.09 19.69 2.28
8.58 94.8 21.72 1.82
43.76 94.48 21.28 1.91
0.22 94.85 23.7 1.85
0 95.35 24.21 2.21
0.05 95.5 24.68 1.87
2.64 95.3 22.6 1.54
7.89 94.96 22.34 1.91
50.46 94.83 21.64 2.33
63.36 94.6 21.16 2.35
126.64 94.3 20.74 1.99
56.2 94.43 22.39 2.17
69.15 94.83 21.57 1.96
243.8 94.95 21.85 2.56
22.49 94.91 22.92 2.97
128.86 94.62 22.73 2.08
208.4 94.12 23.06 2.61
0.06 94.13 24.83 2.82
5.13 94.12 24.66 2.27
1.83 94.46 24.99 1.99
1.78 94.72 24.89 2.23
10.24 94.59 25.21 3.31
68.04 94.81 24.22 1.82
97.72 95.01 22.18 1.5
3.05 95.19 22.61 1.4
0.8 95.19 22.99 1.34
11.48 95.17 23.79 1.85
24.87 95.34 23.55 1.99
0.19 95.35 24.55 1.79
234.02 94.66 22.14 1.87
145.11 94.49 23.13 2.64
0 95.1 23.54 2.06
0.35 95 22.66 2.08
74.34 94.85 22.16 2.05
3.34 95.07 22.6 1.74
0.53 95.09 24.05 1.64
21.02 94.98 23.86 1.94
9.59 94.54 24.08 1.9
0.94 94.57 24.81 2.62
0.01 94.89 24.84 1.82
0.07 94.93 25.11 1.65
41.35 94.72 22.97 1.4
10.54 94.62 25.69 2.02
0.28 94.6 25.55 1.51
1.98 94.41 26.05 1.9
10.76 94.53 26.02 2.17
41.27 94.83 25.03 2.56
0.47 95.07 25.38 2.32
2.26 94.86 25.72 2.43
30.53 94.5 26.33 2.48
49.34 94.34 25.11 1.79
7.45 94.52 26.05 2.26
36.91 94.76 26.21 2.02
15.02 94.55 26.37 2.04
11.35 94.72 24.88 1.73
1.98 95.12 26.13 1.56
9.35 95.24 26.83 2.44
59.42 94.98 24.69 2.47
5.57 94.97 25.64 2.57
15.77 94.92 26.66 2.21
3.76 94.93 26.47 1.9
261.87 94.42 25.06 1.7
0.07 108.59 26.19 2.34
0 95.39 23 2.34
0 95.66 22.37 1.72
6.27 95.63 21.7 1.05
2.47 95.27 23.95 2.24
0.25 95.39 23.07 1.77
0 95.55 22.99 1.64
0.08 95.55 23.31 1.54
13.85 95.3 22.6 1.8
18.06 95.35 20.47 2.05
5 95.34 19.92 1.62
274.31 94.72 18.8 1.38
18.06 94.88 16.64 2.88
0.22 95.62 16.52 2.35
31.33 95.7 17.03 1.93
1.82 95.94 16.57 1.65
12.66 96.1 16.77 1.62
0 96.18 16.81 1.4
17.64 96.07 17.21 1.41
171.13 96.03 14.8 1.44
32.36 96.1 15.17 1.31
11.12 96.16 16.75 1.35
2.91 96.12 18.09 1.4
9.71 95.67 18.8 1.8
0.18 95.71 17.65 1.52
0 95.83 17.63 2.28
2.88 95.61 19.87 2.42
58.9 94.98 19.59 2.87
0.59 95.25 19.75 2.83
0 95.88 14.54 1.68
1.47 95.58 16.52 1.58
11.65 96.07 17.06 1.34
11.26 96.53 16.39 1.05
7.12 95.67 19.49 2.64
0 96.01 18.33 1.36
0.14 96.04 18.99 1.45
3.26 95.93 18.08 2.21
73.84 96.22 13.6 2.63
0 96.5 9.49 2.3
0 96.33 11.05 1.99
0 96.03 12.22 1.87
0 95.4 16.68 2.96
0 95.43 16.11 2.46
0 96.27 13.89 1.32
0.78 96.25 14.54 1.69
161.69 96.21 11.83 1.98
0.02 96.36 10.83 2.42
0 96.2 10.1 1.69
0 95.58 16.21 3.02
0 96.47 14.49 1.25
0.02 96.54 15.04 2.11
0.05 96.72 13.3 2.16
0.52 96.3 11.79 1.6
0 95.35 14.94 2.45
9.49 95.32 13.99 3.44
0 95.8 11.18 2.75
0 96.27 11.88 1.55
49.31 96.31 10.7 1.93
5.86 97.09 5.51 3.79
0 97.21 3.48 1.39
0 96.78 6.62 1.29
0 96.84 7.43 1.43
0 96.64 10.28 2.26
32.38 96.76 9.36 1.46
2.43 96.76 7.78 1.82
0 96.65 6.63 1.02
30.75 96.53 6.13 1.96
62.16 96.44 2.8 2.07
0.01 96.67 4.53 3.18
0.01 96.9 6.23 2.32
0 96.47 5.21 1.35
0 95.96 6.97 1.73
8.59 96.4 6.19 1.51
1.72 96.99 4.85 2.17
0 96.95 3.94 1.38
0 97.01 4.81 0.87
0 96.8 5.22 1.23
0.44 96.28 8.13 1.76
2.04 96.53 7.75 2.77
0 96.93 5.88 1.66
0.03 96.22 6.13 2.03
0.26 95.76 6.36 3.29
0.02 96.17 3.98 2.47
0 96.25 3.39 2.14
0.18 96.7 3.82 3.17
0 96.78 -0.68 3.51
0 96.84 1.19 2.13
0 96.68 1.83 1.56
0 96.14 2.16 2.18
0 95.86 3.28 2.72
0 95.84 3.07 1.89
0.14 95.94 2.68 2.95
0.02 96.36 -1.91 3.54
0.05 96.54 -2.45 4.96
0 96.46 -3.07 3.09
0 96.51 -2.24 1.97
0 96.71 -2.46 1.16
0 96.48 0.73 1.61
0 96.15 1.24 1.56
0.04 95.78 0.1 1.93
0 95.67 -2.96 3.78
0 95.82 -5.87 3.13
0 96.13 -8.73 5.59
0 96.3 -5.43 3.04
0 95.89 0.15 2.68
0 96.46 -1.91 2.12
4900 96.27 -1.64 2.11
4900 96 -1.07 1.3
4900 96.27 1.34 1.76
4900 96.24 1.16 1.85
4900 96.5 -0.84 2.41
4900 96.09 -1.79 1.12
4900 96.18 -3.92 1.2
4900.03 96.14 -2.54 1.97
4900.02 96.34 -4.6 2.88
4900.19 95.84 -6.55 2.87
4900.31 95.88 -7.4 2.18
4900 96 -10.21 3.68
4900 96.35 -10.65 2.58
4900 96.7 -8.42 2.47
4900 97.28 -8.04 1.43
4900 97.2 -8.95 1.33
4900.63 97.46 -10.53 2.39
4900.17 97.13 -12.23 2.48
4900.19 96.99 -11.26 2.83
4900.01 97.38 -10.24 2.32
4900 97.45 -9.82 1.29
4900 97.17 -9.86 1.05
4900 97.28 -8.55 1.39
4900 97.28 -9.09 1.09
4900.06 96.67 -6.63 2.37
4900.09 97.14 -9.27 3.79
4900 96.84 -10.48 1.62
4900 96.38 -10.43 2.33
4900 95.68 -6.01 2.98
4900 95.46 -5.09 2.74
4900 95.07 -2.45 3.88
4900 95.42 -3.16 2.69
4900 95.74 -3.38 2.71
4900 96.27 -4.67 2.26
4900.81 96.24 -7.45 1.64
4903.21 96.45 -7.48 1.88
4900.07 96.27 -6.92 2.57
4900 96.66 -5.73 2.53
4900 97.16 -12.76 2.68
4900 96.82 -13.82 2.22
4900 96.8 -11.42 2.03
4900 96.87 -9.52 2.1
4900 97.39 -11.02 2.19
4900 97.11 -12.33 1.52
4900 97.15 -11.02 1.75
4900 96.93 -7.93 1.62
4905.33 96.91 -8.71 1.51
4900 96.94 -10.07 1.67
4900 97.16 -7.93 1.89
4900.55 96.24 -6.18 3.45
4900.01 96.65 -9.04 4.3
4900 96.9 -9.28 2.51
4900 96.22 -6.09 1.76
4900 95.46 -2.37 3.09
4900 95.89 -2.71 2.28
4900 96.81 -7.1 3.15
4900 96.54 -7.81 3.48
4900 95.83 -3.19 4.05
4900 96.53 -6.78 3.21
4900 95.19 -1.33 4.59
4900 95.84 -5.78 2.88
4900 95.97 -6.12 1.67
0.52 95.57 -2.92 1.99
0.05 95.54 -3.5 4.64
0 96.44 -10.83 3.84
0 96.65 -11.06 2.12
0 96.78 -10.86 1.56
0 96.98 -9 1.67
1.8 96.69 -9.36 1.66
6.93 96.72 -11.2 3.05
0 97.37 -13.12 3.27
0 97.22 -13.22 1.52
0 96.64 -11.3 1.54
0 97.22 -11.16 1.65
0 97.26 -11.1 1.85
0.07 96.43 -5.12 2.74
0 96.43 -5.2 1.84
0.08 96.99 -5.45 2.05
0 97.53 -7.07 2.07
1.34 97.13 -8.29 1.7
0.9 96.85 -7.67 1.71
0 96.84 -7.05 1.72
0 96.75 -4.37 1.91
1.29 97.19 -5.67 1.61
0.17 97.07 -3.54 1.37
0 96.64 -0.85 1.52
0 96.5 1.63 1.84
1.13 96.2 3.92 3.58
3.56 96.83 -1.93 3.99
0.06 96.6 -5.62 1.66
0 96.41 -3.91 1.73
0.29 96.37 -3.97 2.13
0.48 96.34 -4.56 1.62
1.9 96.65 -3.53 2.87
0 96.74 -5.31 3.03
0 96.91 -6.23 2.6
0 96.91 -5.19 2.19
0 96.41 -3.95 2.03
0 96.69 -4.14 2.28
0 96.27 -1.97 2.32
0 95.94 2.39 3.38
0 96.6 -0.2 3.68
0 96.23 -0.93 1.95
0 95.78 2.38 2.89
0 95.4 7.34 2.43
0 95.82 5.44 2.36
0 95.31 8.07 4.2
0 96.43 5.1 2.16
0.14 96.35 4.02 3.71
0 96.68 4.43 4.53
0 96.12 6.76 2.55
0 96.1 8.1 3.06
0 96.43 8.04 2.55
0 95.45 12.44 4.11
0 95.36 12.14 2.41
0.02 95.37 11.72 2.31
0 95.48 11.39 2.78
56.3 95.18 11.73 2.68
20.76 95.63 10.6 2.49
0 95.86 11.4 2.09
1.64 95.97 10.03 2.09
0 95.48 11.98 2.44
0 96.08 9.29 3.58
0 96.56 4.22 4.3
0 95.73 7.19 4.48
0 96.34 6.01 3.56
0 95.77 12.86 3.46
0 95.65 14.59 1.67
0 95.56 14.47 2.38
0 95.69 12.77 4.02
0 96.46 10.23 2.21
1.85 96.1 10.9 1.78
0.98 95.82 11.76 1.91
0 95.94 13.7 1.91
0 95.83 17.5 3.24
0 96.36 14.23 3.08
0 95.72 13.79 2.13
10.2 95.65 9.95 2.42
0.03 96.33 9.97 2.85
20.55 96.23 8.51 2.53
0.08 95.8 10.03 492.47
0 95.87 12.09 3.29
0 95.58 14.51 2.64
1.76 95.28 16.81 3.67
10.52 95.56 17.44 4.08
0.49 95.98 16.68 3.63
36.91 96.25 11.94 3.03
0 96.45 13.03 2.5
0 96.3 14.16 2.1
0 95.71 15.53 1.68
0 95.18 18.61 2.13
8.66 95.1 18.54 4.3
124.4 95.72 8.34 4.64
6.46 95.39 9.52 4.56
9.34 95.59 6.23 5.12
0.16 95.83 8.15 3.86
0.23 95.24 11.83 2.42
39.78 95.17 9.58 3.54
1.18 95.76 12.58 2.09
53.72 96.05 11.55 2.46
3.28 95.99 12.88 2.06
265.01 95.05 9.29 2.46
68.2 94.23 15.45 3.73
0 94.39 17.99 3.62
0.09 94.74 14.98 3.48
0 94.5 14.87 2.91
0.14 95.26 17.37 2.68
3.03 95.66 16.93 2.16
2.89 95.28 19.3 2.92
83.93 94.96 17.1 2.55
4.52 94.96 17.91 2.57
0.04 95.07 19.65 2.24
0 95.12 22.16 2.56
0.31 95.43 24.91 3.61
52.32 95.31 17.42 2.74
0.78 94.84 17.38 4.69
0 94.28 21.74 3.97
19.01 94.04 19.03 2.94
0.42 94.51 22.7 2.83
0 94.53 24.8 55.59
0.15 95.18 25.16 2.57
0 95.16 27.03 3.16
8.96 95.34 23.54 2.69
1.04 95.48 21.54 2.54
0 95.32 22.42 2.17
1.79 95.12 22.62 1.91
22.46 94.98 23.8 2.3
259.56 95.09 17.32 2.56
142.7 94.94 14.6 3.13
25.39 94.69 16.91 2.61
46.46 95.01 16.21 2.27
42.62 95.4 15.99 1.8
19.34 95.46 18.83 1.95
29.4 95.23 20.56 2.42
15.17 95.28 21.16 2.21
0.03 95.17 22.13 1.93
6.77 94.98 23.44 1.89
90.77 94.79 20.89 1.91
129.5 94.69 20.35 2.29
89.09 94.78 19.89 2.37
7.77 95.05 20 1.87
70.31 95.21 19.55 1.83
7.84 95.34 19.27 1.57
119.59 95.39 18.81 2.01
2.72 95.26 21.75 1.92
0.08 94.9 23.66 2.29
11.47 94.75 22.8 3.07
27.92 94.76 22.59 3.51
0.52 95.16 22.52 3.56
1.13 95.09 23.19 2.78
0 95.18 24.46 1.8
0 95.16 24.83 1.77
30.18 95.11 23.28 2.41
151.33 94.83 20.73 2.27
20.91 94.57 23.19 2.4
0.15 95.02 24.92 2.05
1.86 95.14 25.08 2.78
1.66 94.98 25.45 2.33
6.01 94.78 24.93 2.81
20.22 94.69 23.9 3.46
0 94.88 23.68 2.56
0 94.56 24.54 3.16
3.46 94.64 23.16 2.78
11.83 94.84 22.55 2.65
0.79 94.77 23.36 2.39
2.88 94.86 24.14 1.92
43.84 94.86 23.83 2.52
117.52 94.91 22.29 55.65
16.83 95.13 22.96 55.01
0.54 95.23 26.21 1.82
0.65 95.33 28.45 2.21
4.02 94.97 29.12 4.19
117.16 94.79 24.61 2.34
0.5 95.1 22.51 1.53
0 94.83 24.6 2.23
0.17 95.16 23.13 1.71
0 95.21 23.08 1.76
0.02 95.41 23.68 1.88
9.7 95.32 25.46 2.25
3.62 94.87 26.89 3.1
9.44 94.88 25.63 3.46
30.49 95.04 23.95 2.09
0 95.12 25.67 2.41
0 95.09 26.87 2.65
2.99 94.91 26.95 2.34
15.61 94.83 26.19 1.91
109.86 95.1 20.68 2.5
0.99 95.11 22.29 2.04
0 95.35 23.08 2.46
0 95.48 22.26 1.64
0.02 95.37 22.82 1.96
34.26 95.12 22.11 2.09
36.78 94.85 21.82 1.91
4.05 94.99 22.67 3.09
0.49 95.2 21.79 2.03
33.86 95.28 19.09 1.78
19.24 95.2 19.35 1.72
13.89 95.21 20.42 2.07
16.03 95.34 20.77 1.75
6.09 95.48 21.21 1.87
7.61 95.66 21.26 1.57
0.42 95.6 22.79 1.65
1.43 95.3 24.26 2.21
13.21 95.25 24.35 1.97
34.48 95.22 23.33 2.03
41.67 95.05 23.09 2.01
175.29 95.28 19.78 2.13
2.16 95.58 20.09 2.26
0 95.72 20.97 1.74
0 95.81 22.56 1.87
12.5 95.94 20.92 1.8
6.96 95.98 20.84 1.48
1.71 95.94 21.03 1.97
19.6 95.77 20.04 1.55
14.7 95.74 20.07 1.81
273.42 95.64 16.62 2.13
1.55 95.32 17.97 2
0 94.98 20.51 2.29
0 95.52 19.23 1.52
0 95.55 20.42 1.55
3.08 95.16 20.83 2.61
0.03 95.41 19.02 2.74
0 95.57 16.56 1.45
0.02 95.85 17.76 1.66
0.2 95.86 18.8 1.92
23.04 95.91 17.51 1.34
0.6 95.76 18.98 2.3
0.28 96.03 16.44 2.72
0 96.14 14.47 2.55
0 96.19 13.74 1.52
0 96.27 16.05 1.29
0 96.24 16.93 1.88
10.87 95.58 16.61 2.27
44.03 95.5 15.21 2.58
0.05 96.11 14.7 1.59
0.82 96.17 16.54 1.97
92.59 96.29 13.29 1.78
27.99 96.07 13.62 1.66
0 96.01 13.96 1.63
49 95.42 14.82 2.48
0.13 95.93 13.72 1.97
0.64 95.88 14.11 2.5
18.59 96.55 7.86 3.74
0.08 96.73 6.3 1.73
55.48 95.87 7.35 1.5
47.48 95.7 8.17 2.2
0 96.06 8.92 1.47
101.47 96.27 8.44 1.4
11.23 96.71 8.93 2.3
0 96.59 9.17 1.9
0 96.17 12 1.74
0 96.08 13.59 2.2
0 96.21 16.03 2.15
0 96.49 13.96 1.57
0.74 96.39 14.37 2.61
0.7 97.29 9.6 3.64
0 96.89 5.36 1.99
0 96.02 8.09 2.11
0 95.54 10.14 4.17
0 96.1 9.78 3
0 95.79 12.52 2.18
0 95.91 13.29 2.15
0 95.64 15.84 3.53
0 96.34 9.03 2.88
0 96.77 4.81 2.09
0 96.3 5.86 1.79
0 95.55 10.96 2.88
0 95.25 13.36 2.89
0 95.41 12.05 2
0 96.83 5.88 4.68
0 97.3 2.76 1.68
0 96.75 3.94 1.6
0.07 96.47 8.05 1.71
4.96 96.57 9.14 32.67
2.16 96.33 7.05 1.65
5431.57 95.98 7.4 2.92
5431.64 96.17 4.7 3.95
5431.56 95.98 6.5 2.35
5431.56 95.62 7.66 3.31
5431.57 95.9 7.01 3.03
5431.56 97.16 0.49 3.16
5431.56 97.18 -1.11 1.59
5431.56 96.77 0.79 1.79
5431.56 96.56 3.55 1.57
5431.56 96.24 3.9 1.57
5431.57 95.87 2.71 2.96
5431.62 96.34 -3.1 5.43
5431.56 96.38 -1.78 2.65
5431.56 96.7 -2 1.58
5431.56 96.82 -0.99 1.59
5431.89 96.64 1.33 1.91
5431.56 97 -1.18 1.65
5431.56 96.93 -0.63 1.4
5431.56 96.28 1.16 2.5
5431.56 95.7 3.1 3.25
5431.56 96.16 0.76 2.4
5431.56 96.71 -1.47 1.97
5431.7 96.49 0.83 2.39
5431.56 96.82 -2.24 1.77
5431.56 96 -2.49 1.93
5431.56 95.54 491.85 3.98
5431.56 96.56 -1.67 2.11
5431.56 96.12 -1.38 1.46
5431.6 95.97 -0.74 1.95
5432.22 96.05 -0.89 4.83
0 96.64 -10.46 5.93
0 96.44 -10.6 3.3
0 96.18 -10.4 4.82
0 96.32 -10.22 3.9
0 96.42 -10.19 3.19
0 96.6 -8.99 2.03
5.06 96.63 -8.43 1.72
0 97.18 -9.93 1.49
0.05 97.09 -7.61 2.49
4.46 96.4 -4.23 4.33
0.1 96.83 -8.77 2.78
0.03 96.43 -9.41 3.6
0 96.59 -10.34 2.38
0 96.61 -8.68 1.63
0.31 96.54 -8.19 3.57
0 96.65 -11.59 3.48
0.01 96.69 -10.38 2.07
0 96.67 -8.11 2.29
0.19 96.29 -5.85 3.8
0 96.65 -9.5 3.37
0 96.33 -9.51 3.26
0 96.11 -4.09 2.3
0 96.09 -3.42 2.75
0 96.95 -5.02 3.54
0 97.19 -5.34 2.23
0 96.98 -7.7 1.42
0 96.57 -4.85 2.06
0 95.95 -5.24 1.81
0 95.29 -3.84 2.98
0.16 95.97 -5.9 87.44
0.04 96.74 -9.71 4.92
0.15 96.76 -10.68 2.61
0 96.69 -6.98 2.84
0 95.48 -3.23 3.27
0 95.67 -3.27 1.76
0.79 95.97 -2.36 4.3
0 96.56 -7.17 2.91
0 96.91 -8.92 1.58
0 96.83 -8.75 1.68
0 96.69 -5.96 2.24
0.06 96.22 -4.06 2.93
0 97.25 -6.81 2.32
0 97.46 -8.51 1.7
0 96.99 -5.68 1.72
0 97.07 -7.86 1.69
0.44 96.74 -8.18 1.7
2.09 96.72 -8.9 3.31
0 96.89 -8.82 1.86
2.72 95.76 -4.69 3.13
0.02 96.43 -7.79 2
0.06 96.31 -7.08 1.87
1.42 96.81 -6.71 2.53
0 96.34 -8.03 1.72
0 95.79 -3.92 2.78
0 96.65 -5.8 1.93
2.78 96.32 -4.62 1.48
2.57 96.84 -7.72 3.63
0 97.41 -11.37 2.7
0 97.27 -11.4 1.81
0.11 96.67 -7.72 3.15
0 97.28 -9.74 3.3
0 97.57 -9.25 1.69
0 97.35 -8.04 1.53
0 97.18 -7.44 1.42
0.12 97.04 -4.52 2.35
0.08 96.96 -5.62 3.39
0 96.89 -3.89 2.64
0 96.22 -1.75 2.67
0.04 97.03 -9.09 5.22
0 97.21 -11.46 3.19
0 96.49 -6.3 2.45
0 95.77 -3.13 1.97
0.01 95.79 -5.22 2.98
0 96.01 -5.76 2.35
0 95.67 -4.66 1.85
0 95.42 -0.1 2.1
0.04 96.08 -2.09 1.63
12.95 95.86 -0.81 2.54
0.01 96.45 -1.24 3.86
0 97.11 -3.01 2.49
0 96.69 -3.68 2.78
18.15 95.91 -0.61 3.09
23.67 95.35 -0.8 4.98
0.18 95.76 -5.29 5.2
0 95.99 -5.92 1.98
0 95.61 -5.13 1.85
0.51 96.03 -5.79 3.11
0 96.47 -8.06 3.22
0 97.14 -6.44 1.99
5.84 96.24 -2.84 4.27
0 95.86 -0.56 3.02
0.05 95.39 -1.85 2.47
0.08 96.08 -5.69 5.45
0 96.63 -5.98 2.69
0 96.4 -3.33 2.88
0 95.75 1.12 3.91
0 95.99 2.03 2.53
1.75 96.51 -2.04 3.25
0 97.37 -8.42 5.52
0 96.76 -4.09 3.09
0 96.33 -2.91 3.67
0 95.84 -2.48 2.74
0 130.84 488.61 492.2
0 96.02 0.32 3.28
0 95.64 5.7 3.39
0 95.51 6.07 3.04
0 96.23 4.03 2.47
0 95.59 6.35 2.64
0 95.8 6.73 3.35
0 95.92 6.22 2.57
0 95.86 7.02 3.71
0 96.82 2.75 3.84
0 97 3.21 2.61
0 97.21 3.89 1.76
0 96.99 7.34 2.71
0 96.79 11.96 3.74
0 96 12.76 4.61
0 95.49 12.34 3.44
0 95.67 10.61 3.12
0 95.2 13.92 3.81
10.83 96.07 7.39 3.2
0 96.24 5.54 1.72
192.96 94.68 2.95 2.39
0.58 95.5 5.04 2.46
2.17 95.46 6.09 1.82
0.15 95.96 5.23 4.16
0 97.11 0.19 4.04
0 97.11 0.87 2.96
0 96.36 4.78 2.85
0.1 96.07 7.91 2.93
0.28 96.25 8.39 2.34
35.18 96.42 7.55 3.08
172.68 96.95 0.59 4.04
0.92 96.64 4.25 2.31
0 95.07 11.2 1.91
1.03 94.23 14.08 3.91
2.02 95.11 9.44 5.3
0 95.15 12.03 2.45
0.05 95.45 12.77 2.5
0.03 95.86 11.35 3.45
0.02 95.56 11.58 2.86
0.08 95.41 12.07 2.58
0 95.74 14.14 3.77
0 95.85 15.03 4.59
0 96.17 14.83 2.74
0 95.58 20.31 3.84
0 95.19 23.62 3.99
34.62 94.91 20.03 4.06
26.68 95.47 16.48 2.34
0 95.55 18.79 2.14
0 95.45 20.34 2.7
12 95.25 17.41 3.52
33.94 95.32 15.51 2.18
0 95.56 13.9 4.66
0 95.46 13.94 4.39
0 94.85 15.34 5.09
0 95.41 12.89 2.59
0.6 95.32 13.44 4.34
24.1 95.59 8.34 2.31
0 95.99 9.13 1.8
80.19 95.87 8.76 2.24
74.5 94.96 7.72 1.85
11.45 93.71 11.52 3.48
0.48 93.8 18.81 3.3
1.42 95.05 17.06 4.85
0.04 95.71 16.31 3.9
0 95.17 18.39 3.13
22.96 94.32 19.04 4.09
46.69 94.47 15.63 4.75
1.1 94.89 14.23 5.29
0 95.7 18.07 3.71
0 95.37 21.02 3.18
0 95.22 21.81 2.81
2.18 95.15 21.97 2.61
0.15 94.99 23.7 3.18
0.62 94.9 25.02 3.75
5.37 95 24.63 2.92
0.25 95 23.26 3.06
4.24 94.74 22.88 3.67
1.08 94.99 20.88 3.21
0 95.11 20.16 2.72
0 94.35 24.47 6.05
12.72 94.72 23.01 2.86
2.18 95.29 19.98 3.74
0 95.54 21.4 2.97
71.5 94.82 17.78 2.98
41.31 94.28 18.68 2.46
59.18 94.76 18.44 2.54
0.46 95.11 19.45 3.09
1.86 94.82 19.93 2.54
8.34 94.83 18.58 2.01
127.74 94.59 16.79 2.44
197.37 94.1 16.07 2.22
42.51 94.17 16.95 1.77
80.27 95.02 17.74 2.18
0.45 95.31 20.62 1.97
22.97 95.16 21.96 1.94
0.51 94.88 22.7 1.82
170.97 94.86 20.32 2.51
5.5 95.07 19.2 3.07
88.41 95.49 16.77 2.57
0.07 95.6 21.17 2.25
0 95.26 23.32 2.02
6.15 95.01 23.52 2.81
0.45 95.15 23.28 2.52
12.51 94.95 23.3 2.86
21.4 94.65 21.67 2.19
105.84 94.58 20.82 1.88
1.7 95.03 22.01 1.64
5.19 95.11 23.59 2.11
186.8 95.21 17.83 2.16
22.07 94.66 18.35 1.87
27.18 94.22 19.3 2.95
3.82 94.77 17.76 2.94
0.13 95.35 18.97 2.34
51.64 95.36 19.54 1.97
12.6 95.47 20.53 1.76
0 95.47 22.16 2.02
0.33 95.33 23.45 2.04
3.07 95.47 24.48 2.1
0.26 95.71 25.51 2.3
4.26 95.54 23.87 2.59
0.79 95.24 25.4 2.18
2.55 94.68 26.35 2.16
0.36 94.49 26.89 3.24
15.31 94.87 26.36 2.5
26.57 95.25 24.51 2.26
30.11 95.43 21.6 2.23
19.78 95.3 22.13 1.68
65 95.15 22.56 1.74
100.44 95.3 22.4 2
65.88 95.24 22.82 2.24
24.96 94.97 23.83 2.22
49.42 94.92 23.1 2.1
11.63 94.92 23.2 1.63
22.61 94.74 23.05 1.86
7.5 94.57 24.11 1.99
11.62 94.92 25.34 2.29
44.74 95.03 24.65 2.14
68.63 94.81 24.26 2.2
81.07 94.75 24.4 2.16
317.66 95.12 21.85 2.31
13.32 95.35 22.52 1.64
2.45 95.19 23.57 1.81
34.21 94.73 24.68 2.76
0.26 94.69 23.25 2.01
2.89 94.56 24.77 2.36
5.25 94.74 25.06 2.84
26.74 95.13 24.01 2.34
24.13 95.66 22.87 2.23
56.68 95.7 22.87 1.78
28.03 95.58 24.02 2.02
0 95.61 23.97 1.82
0 95.43 24.34 1.55
0 95.27 24.71 1.53
0 94.97 25.67 1.82
1.66 94.77 25.49 2.07
0.03 95.04 23.96 2.15
0 95.1 24.01 1.78
1.38 129.86 510.3 491.85
41.77 130.17 510.31 491.99
71.28 95.59 20.35 1.95
26.38 95.28 19.61 2.23
4.47 95.08 20.63 2.09
38.58 95.18 20.24 1.78
15.81 95.5 20.25 1.72
21.77 95.71 20.17 1.86
12.52 95.63 20.63 2.26
28.04 95.52 20.65 2.23
0.06 95.46 20.89 2.22
17.48 95.33 20.26 1.81
8.6 95.47 19.19 1.5
29.89 95.63 19.16 1.66
123.82 95.8 17.94 1.67
86.27 95.83 18.75 2.01
2.27 95.81 21.04 2.08
0.31 95.97 20.25 1.99
19.12 95.84 18.33 1.45
61.7 95.63 17.76 2.09
0.03 95.79 17.8 1.83
0 95.72 19.23 1.55
2.24 95.87 20.64 2.2
21.12 96.5 16.64 2.24
3.79 96.45 15.28 1.75
38.84 95.89 13.59 1.71
16.24 95.85 14.43 2.71
0 95.8 19.15 2.17
0 96.12 19.18 2.35
0 96.26 18.62 2.49
0 96.09 19 2.17
5.54 96.06 19.13 1.57
14.3 96.1 18.66 1.84
0.01 96.17 16.92 1.93
3.92 95.69 16.77 2.18
5.59 95.5 19.33 2.46
57.66 95.37 17.99 2.88
50.35 95.42 15.31 2.03
44.23 95.39 15.21 1.8
28.57 95.38 15.65 2.73
0 95.66 14.34 2.31
0 95.84 16.48 2.4
0.32 96.65 13.97 1.49
5.22 97.14 11.44 1.8
12.19 96.05 14.97 2.98
57.42 95.28 11.46 4.98
0.04 95.22 14 3.93
0 96.2 12.06 2.15
0 96.52 14.25 2.26
0 96.04 17.11 3.24
0 95.92 17.45 2.19
0 95.7 17.69 3.08
0 96.01 11.04 3.6
0.62 95.34 6.34 3.05
2.42 95.53 6.2 4.78
4.62 95.81 10.11 4.08
0 96.23 11.82 2.19
0 96.29 12.89 1.82
0 96.04 13.33 1.71
0 95.98 14.37 1.69
0 96.02 14.94 2.4
2.04 96.11 13.94 2.79
0 96.87 7.1 2.69
0 95.81 10.29 2.52
22.05 96.31 6.55 1.98
27.08 96.67 5.61 1.92
2.97 103.97 115.87 56.42
0 103.45 116.35 56.39
0 96.88 7.66 2.32
0 96.88 5.04 1.64
8.45 95.7 7.3 4.39
0 95.71 4.49 3.14
0 96.31 2.45 3.01
0 96.65 0.83 3.54
0 97.07 0.81 2.4
0 97.14 2.84 1.47
0 96.47 4.83 1.58
0 96.28 5.89 1.28
0 96.29 8.43 3.24
0 96.44 9.77 2.83
0.91 97.48 2.29 3.83
67.31 97.55 -2.97 3.31
37.28 97.16 -2.93 3.35
6.5 96.71 -2.34 2.08
0.23 96.79 -2.51 1.39
0 96.97 -2.57 1.26
0 97.11 -0.34 1.33
0.15 96.97 1.73 1.33
0.02 96.26 3.51 1.7
0 95.61 5.88 2.39
0.21 96.4 3.11 2.35
6.08 96.28 -1.11 2.56
0 96.93 -3.17 2.46
4.6 96.85 -4.3 2.26
12.98 96.84 -5.84 2.23
9.79 96.86 -7.07 1.96
10.58 97.34 -7.67 1.89
23.76 97.78 -10.28 2.75
7.93 97.86 -11.71 3.2
0.13 97.78 -13.91 2.16
0.02 96.92 -13.51 2.69
0 96.86 -13.45 2.76
0.08 96.4 -11.22 1.34
0.39 96.83 -8.91 1.45
14.63 96.54 -4.87 2
0 96.45 -7.28 1.59
0.51 95.78 -2.78 2.27
0.12 95.58 -4.6 4.36
0.28 95.86 -6.82 5.08
0 96.24 -4.68 3.32
0 96.87 -4.93 1.95
0 97.02 -7.29 1.39
0 97.2 -8.21 1.07
0 96.81 -3.36 2.02
3.21 96.44 0.83 2.52
0.02 96.63 -0.59 3.66
0 96.98 -5.87 1.89
0 96.65 -5.94 1.29
0 96.76 -6.03 1.16
3.96 96.12 -4.51 2.63
0.05 96.19 -5.95 3.9
0.06 96.74 -7.83 4.93
0 96.86 -7.66 2.58
0 97.27 -5.75 1.78
0 97.29 -6.17 1.56
0 96.42 -3.6 2.2
0 96.61 -5.35 1.57
0 96.72 -7.58 1.42
0 96.6 -5.31 1.9
0 96.7 -8.45 1.98
0.01 95.7 -6.71 2.86
0 96.67 -11.14 3.68
0 97.5 -13.98 1.94
0 97.23 -8.86 1.74
0.37 96.78 -5.73 1.47
1.5 97 -6.66 1.59
0 97.05 -7.94 1.73
0 96.19 -3.24 2.36
0.01 96.13 -5.28 1.37
1.54 96.32 -7.47 1.85
0 96.81 -9.77 3.27
0 96.67 -11.48 2.4
0 96.91 -9.89 2.77
0 96.78 -9.75 2.86
0 96.57 -10.1 2.5
0 96.32 -9.88 1.95
0 97.05 -11.19 2.84
0 97.32 -12.63 2.48
0 96.82 -12.58 2.97
0.09 96.15 -11.04 3.36
0.15 95.89 -10.37 2.27
0 95.91 -10.69 1.71
10.82 96.49 -12.97 2.52
3.48 96.55 -17.18 2.79
0 96.23 -18.03 3.84
0 96.84 -17.45 1.75
0 97.33 -16.71 1.37
1.76 97.26 -15.91 1.7
1.06 97.79 -19.2 3.17
0 97.7 -22.83 4.64
0 97.22 -15.72 4.06
0 96.63 -10.58 2.67
0 96.48 -11.13 2.87
0 96.56 -9.84 2.73
0 97.04 -11.51 1.89
0 97.5 -14.63 1.95
0 97.33 -15.59 2.22
0 97.38 -12.98 2.76
0 97.25 -10.72 2.37
0 96.89 -9.17 2.05
0 96.64 -8.45 2.39
0 96.86 -7.95 3.24
0 96.78 -8.23 3.52
0 96.72 -7.04 2.53
0 95.83 -6.74 2.44
0.01 95.42 -3.48 3.26
0 96.11 -2.91 2.46
0 95.81 0.38 2.52
0.1 95.72 0.93 1.98
4.67 95.88 0.83 2.56
36.71 96.58 -6.79 5.63
0 96.74 -11.57 4.79
0 96.14 -8.89 3.6
0 95.98 -4.73 3.84
0 95.96 -2.19 3.38
0 95.88 -2.79 3.45
0.16 96.74 -5.91 3.22
0 96.73 -8.25 3.44
0 96.6 -8.73 2.58
0.01 96.67 -5.78 3.07
0 97.58 -9.48 2.43
0 97.22 -8.46 2.46
0 97.14 -7.52 2.65
0.12 96.47 -6.09 2.81
0.03 96.53 -5.96 1.96
0.17 96.83 -7.17 3.9
0.1 97.1 -7.88 3.27
0.05 96.2 -0.9 2.81
0 95.77 2.61 2.34
0 95.69 2.09 2.23
0.38 96.09 0.91 1.48
42.27 95.93 1.46 3.42
0.04 95.95 -0.63 2.18
2.78 96.19 -2.62 3.92
0 96.98 -6.47 4.33
0 97.09 -6.52 3.35
0.03 96.87 -5.63 3.19
0 96.35 -4.72 1.95
0 95.74 -1.07 3.55
0 96.44 -0.91 2.52
0 96.29 1.33 2.22
0 95.75 4.85 2.84
0 95.6 8.06 3.29
0 95.23 9.44 4.43
0 95.55 8.03 3.51
0 96.45 4.89 2.02
0 96.7 5.98 1.89
0 96.33 8.72 2.58
0 96.63 6.61 4.23
0.04 97.23 3.05 4.7
0 97.26 2.8 2.98
0 96.93 3.34 2.79
0 96.51 7.54 2.67
0 95.96 9.33 2.22
0 95.32 11.15 3.96
1.08 95.79 8.28 3.23
0 95.8 9.09 3
0 94.9 14.79 4.51
14.85 95.08 11.33 4.57
1.76 96.15 7.39 3.64
0 96.19 8.41 3.03
0 95.36 10.77 3.54
0.14 95.63 10.65 2.71
0.85 95.08 12.22 4.29
0 95.36 10.97 3.9
0 95.36 12.37 5.17
0 95.54 8.62 3.04
0 96.18 6.41 3.34
0 95.82 6.96 4.1
33.81 94.91 8.4 2.52
0.17 94.63 10.72 4.26
0 95.72 11.87 3.55
0.61 95.3 15 4.41
23.45 95.17 10.59 3.55
1.65 95.15 7.39 4.13
10 95.48 7.09 2.42
3.76 95.85 8.31 3.02
0.03 95.46 13.59 2.63
0 94.61 15.69 5.28
0 95.14 12.23 5.47
0 95.68 11.61 2.69
0 95.21 14.2 4.2
0.98 95.89 12.43 3
19.93 96.13 10.64 2.07
1.38 95.75 13.26 1.83
0 95.88 13.8 2.37
19.97 95.15 13.98 2.66
0.08 94.73 17.5 2.78
16.56 94.47 21.19 3.77
150.8 95.2 12.06 2.79
97.41 94.33 11.55 5.02
0 94.87 15.9 2.98
29.11 94.92 15.04 4.13
0.05 95.17 13.84 5.64
0 95.94 15.98 2.76
0 95.43 18.15 4.06
1.05 95.53 17.09 2.2
0 95.25 17.34 2.19
0.98 94.49 19.66 4.33
185.53 95.15 12.12 4
0 96.11 14.44 3.65
32.5 95.74 12.09 3.6
1.73 95.48 12.99 3.26
0 95 17.99 3.06
0 95.13 22.97 3.62
0 95.44 23.4 4.2
0 95.65 22.01 3.69
0 95.81 21.6 3.53
0.03 96.38 19.61 3.23
0.04 96.3 19.14 2.61
42.69 95.48 15.38 1.86
19.63 94.46 16.39 4.36
12.55 94.74 18.57 3.22
0.27 95.18 19 3.8
0 95.17 21.45 4
0.15 94.77 23.49 4.05
0 95.08 19.84 3.91
0 94.79 22.25 3.69
20.58 95.55 17.52 2.39
0 95.64 20.28 1.81
0 95.29 23.21 2.72
0.01 94.98 23.64 3.08
0.03 95.09 22.6 2.72
0.3 95.37 22.7 2.33
29.4 95.48 19.83 3.12
8.65 95.54 19.38 2.05
0.09 95.28 21.66 2.32
17.28 95 21.76 3.79
138.39 94.78 20.08 4.19
33.2 95.2 18.71 2.37
8.12 95.12 19.97 1.97
6.96 94.78 19.74 1.94
166.03 94.65 15.76 2.24
20.74 94.69 18.38 2.17
2.92 94.33 20.23 2.28
34.75 94.37 20.74 1.88
2.61 94.9 21.56 2.71
0.02 95 23.65 2.31
18.32 94.7 24.65 2.76
43.56 94.7 23.91 2.64
37.9 94.72 22.83 2.24
24.38 94.93 21.58 2.58
8.87 94.98 21.43 3.42
0 95.15 24.18 2.58
0 95.11 24.82 2.05
25.9 94.86 23.29 2.43
82.79 94.99 19.54 2.95
98.46 94.85 20.53 2.32
43.41 94.84 20.91 2.09
0 94.98 21.24 1.94
0.2 94.97 22.67 1.75
0 95.11 25.05 2.62
0 95.28 24.57 2.63
2.9 95.48 25.01 1.89
0 95.58 26.27 1.95
0 95.52 26.4 2.73
0 95.27 26.07 2.59
0 95 27.64 2.15
0 94.77 28.63 2.55
6.6 94.47 28.81 3.51
78.97 94.67 23.14 2.11
1.42 95 24.86 2.38
1.46 95.32 23.61 2.49
10.17 95.02 20.54 1.97
4.88 94.89 20.38 2.07
1.89 95.19 22.26 1.78
0.08 95.22 23.82 2.09
32.51 95.31 23.27 2.38
347.32 95.34 21.14 2.31
805.65 94.87 21.74 2.4
58.14 94.67 23.65 1.74
11.73 94.59 26.42 2.55
0.62 95.05 26.23 1.97
480.95 95.04 21.59 2.42
4.46 94.96 22.78 1.59
1.74 94.75 24.31 2.02
23.99 94.72 24.47 2.21
35.69 95.09 24.1 1.86
172.28 95.37 23.68 2
67.54 95.47 22.53 1.69
31.64 95.56 23.39 1.92
0.38 95.57 24.94 1.62
0 95.53 26.26 1.51
0 95.49 26.95 1.81
0 95.41 26.77 2.05
220.48 95.12 25.76 2.11
174.64 95.45 23.77 2.25
0 95.57 22.77 1.53
0 95.26 23.84 2.25
0 95.06 27 3.46
1.44 95.06 28.64 3.37
27.78 95.09 25.84 2.16
0 95.05 25.05 1.7
0 95.28 24.57 1.91
8.58 95.22 23.31 1.59
51.36 95.07 22.63 2.01
3.47 94.95 23 1.47
276.79 94.88 20.69 1.6
22.54 95.29 21.78 2.27
10.88 95.44 22.33 1.69
0.79 95.57 23.49 1.82
3.86 95.68 23.84 1.54
20.87 95.23 21.62 1.55
12.32 95.01 23.9 1.88
101.11 95.71 18.7 3.7
0 96.04 18.27 2.05
4.49 95.71 18.45 2.08
3.19 95.66 19.21 2
0 95.79 18.81 2.15
0 95.24 18.74 2.32
19.08 94.2 17.3 3.77
28.25 94.08 16.12 2.47
9.07 94.73 19.19 1.48
29.29 95.25 18.86 1.23
89.8 95.51 18.32 1.61
73.22 95.45 17.87 1.53
13.15 95.31 19.4 1.64
3.8 95.07 19.15 1.66
5.86 95.13 18.39 1.65
32.22 95.42 17.61 1.52
11.51 95.59 17.19 1.74
71.47 95.94 16.1 1.89
22.58 96.2 16.63 1.51
2.08 96.17 17.59 1.47
26.92 95.98 19.23 1.84
0.03 95.85 20.05 1.66
7.92 95.88 19.14 1.85
4.65 96.3 17.02 2.08
19.01 96.46 14.88 2.35
0.21 96.51 14.47 2.32
0 96.39 14.52 1.54
1.61 96.22 14.64 2.01
4.82 95.85 16.86 2.15
5.55 95.53 18.58 2.11
2.7 95.29 20.16 3.23
0.07 95.92 17.76 2.07
15.07 95.75 17.45 1.71
2.28 96.41 13.07 4.27
0 96.87 9.1 2.31
0.04 96.13 10.35 2.39
0.1 95.77 15.63 1.95
5.71 95.65 18.49 3.32
3.85 95.64 15.81 1.95
1.65 95.6 16.54 3.12
77.06 96.14 9.09 2.24
19.75 96.24 7.97 2.19
0.84 96.84 9.24 1.67
74.55 96.05 10.52 2.65
1.22 96.18 6.91 4.31
0 96.45 5.48 1.92
0.46 96.01 7.27 1.91
0 96.53 6.83 77.44
0.21 96.56 8 1.68
0 96.14 12.5 1.57
0 96.23 13.73 1.76
0.34 96.41 14.87 2.67
9.54 95.91 14.14 3.51
0 96.32 10.62 2.03
0 96.13 11.89 1.92
0 95.93 13.88 2.44
2.83 96.78 6.51 2.98
44.42 96.21 6.26 1.72
47.68 96.83 3.11 3.24
0 96.53 3.36 1.47
0 95.91 4.22 1.41
0 95.54 8.75 2.8
0 96.68 4.61 2.11
37.6 96.76 3.42 1.34
17.12 96.93 3.22 2.85
0.31 97.05 0.82 2.57
2.33 96.71 0.88 3.18
0 97.55 -4 2.97
0 97.2 -2.8 2.44
0 96.48 0.78 2.92
0 95.91 2.32 1.77
0 95.03 4.47 1.72
0 95.94 3.01 3.18
0.24 96.83 0.22 2.07
8.26 97.06 -0.57 3.22
0 97.45 -2.89 1.76
0 96.9 -1.53 2.21
4.37 95.43 2.87 3.53
1.54 95.62 -0.65 1.63
0.25 96.14 -0.12 1.56
0 95.68 4.18 3.2
0 96.27 2.31 4.42
0 96.6 -2.48 2.06
0 96.28 1.16 2.19
0 96.28 -0.08 2.28
0.32 95.66 2.46 2.26
2.95 96.13 -2.15 2.47
25.96 96.74 -5.99 1.75
56.9 97.06 -8.29 2.99
0 97.48 -10.91 2.9
0 97.18 -10.28 2.56
0 96.7 -8.02 2.36
0 96.35 -5.75 1.97
0 95.88 -2.11 3.11
0 96.64 -5.01 3.15
0 97.09 -4.39 1.62
0.17 97.37 -4.49 1.76
7.32 96.24 -0.43 3.43
0 96.98 -2.87 3.18
0 96.73 -0.31 2.38
0 95.99 1.88 2.94
0 95.97 -0.67 2.38
0.76 96.65 -4.77 3.35
0 96.16 -4.97 2.83
0 96.35 -5.5 2.18
2.75 95.74 -3.01 3.38
0 96.71 -6.87 2.07
0 96.85 -7.76 1.33
0 96.31 -5.68 2.6
4.47 96.53 -3.12 2.36
0 97.15 -7.63 3.18
0 97.13 -9.76 2.11
0.01 97.1 -8.73 2.79
0 96.38 -5.02 2.35
0 96.28 -4.09 1.18
0 96.43 -3.83 1.02
0 96.5 -3.55 1.22
0.03 96.84 -3.42 1.15
0.12 96.79 -4.01 2.38
2.82 96.46 -8.29 3.86
0 96.91 -9.44 2.55
0 96.87 -9.64 1.31
0.05 96.67 -5.17 2.91
1.83 97.24 -8.16 3.48
0 97.21 -10.93 2
0 96.91 -9.31 3.54
0 97.15 -9.12 2.67
0 96.65 -7.9 1.72
0 96.51 -6.85 1.42
0 96.31 -3.39 2.72
0 96.45 -4.64 2.17
0 96.14 -2.35 2.47
0 96.7 -4.99 1.48
0 97.02 -6.35 1.25
0 96.57 -3.89 1.34
9.69 96.54 -3.67 1.62
8.7 96.15 -4.3 2.18
0.02 96.35 -6.92 3.27
0 96.61 -9.54 3.3
0 96.35 -9.7 2.54
0.02 96.06 -10.15 2.64
0 96.23 -9.68 3.96
0 97.15 -11.06 2.01
0.21 97.15 -12.59 1.41
0.04 97.05 -11.78 1.4
0.25 96.86 -9.71 1.85
0 97.16 -10.7 1.63
18.16 96.82 -11.6 2.83
0 96.95 -13.35 2.17
0 96.56 -12.11 4.14
0 97.23 -13.33 2.37
0 97.35 -13.76 1.46
0 97.47 -12.21 1.37
0 96.9 -8.06 1.8
0.06 96.13 -3.63 4.44
0 96.69 -6.57 3.26
0 96.09 -6.65 2.45
0.16 96.85 -9.84 4.06
0 97.27 -9.91 3.11
0 96.67 -7.51 2.76
0 97.41 -7.73 3.07
0 96.82 -5.9 2.02
0 96.23 -3.97 1.71
0.39 95.85 -0.68 2.14
0 96.2 -4.52 3.18
0.01 97.14 -5.98 2.54
0.01 97.09 -6.98 1.13
0.04 96.89 -7.73 5.05
0.02 96.45 -8.72 5.15
0 96.63 -8.48 4.35
0 96.74 -6.95 2.71
0 96.72 -6 1.59
0 97.18 -4.34 1.76
0 97.11 -3.5 2.01
0 95.95 1.47 3.08
3.88 96.15 -2.11 4.09
0 96.84 -6.38 2.86
0 96.26 -4.98 2.49
0 95.15 -1.64 4.3
0 96.92 -6.41 4.06
12.24 96.8 -6.18 2.54
19.14 96.09 -3.47 4.01
0 96.61 -4.04 3.38
0 96.34 -2.06 3.08
0 96.26 -0.54 2.96
0 96.48 -0.57 1.62
0 96.15 1.64 2.8
0 96.06 1.6 2.71
0.75 96.44 -3.37 3.93
0 95.73 -0.7 2.53
0 95.73 0.57 1.66
0.03 95.93 -1.67 2.42
0.18 96.38 -3.88 3.74
0.05 96.13 -6.08 3.42
0 96.17 -4.44 4.09
0 95.67 0.3 3.61
0 95.48 1.3 2.85
0 95.71 3.6 1.94
0 95.95 5.14 2.77
0 96.75 0.94 4.26
0 96.79 1.25 2.65
0 96.74 1.96 2.2
0 96.5 3.05 1.78
0 96.11 3.77 1.68
0.8 96.02 4.89 2.11
0 96.53 6 1.92
0.23 96.63 5.67 2.32
1.48 96.62 2.79 3.12
0 96.51 2.11 2.11
0 96.24 3.53 2.02
1.2 96.63 2.98 1.77
9.69 96.35 1.69 1.44
3.12 96.16 3.26 2.18
0.4 96.08 2.82 2.14
0 96.26 3.51 2.39
0 96.1 5.69 2.42
0 96 9.17 3.26
0.15 96.75 5.12 2.68
0 96.6 5.48 2.34
0 95.99 6.45 1.77
0 96.02 9.5 1.92
0 95.96 12.75 3
0 95.67 15.93 3.58
0.96 95.42 13.53 3.29
1.71 95.42 11.28 3.28
0.67 95.53 10.67 2.68
0 96.19 9.83 3.47
0 96.24 9.53 2.08
0 95.27 12.83 3.2
0 95.78 9.22 4.02
0 95.71 7.98 2.56
0 95.12 12.25 3.89
0 94.67 15.15 3
0 95.1 16.6 3.1
0.4 95.41 15.19 2.96
1.37 94.36 15.03 4.42
0.31 94.53 9.37 5.56
1.74 94.97 8.39 3.04
1.84 95.27 10.4 3.38
0 95.7 10.91 2.4
0.02 95.06 13.93 4.75
0 95.28 11.09 2.92
0 95.58 10.24 3.17
0.01 96.26 9.65 3.25
0 96.29 11.2 4.31
0 95.47 15.37 4.12
0 94.9 17.61 3.07
0 94.58 20.86 4.02
0 95.4 18.16 2.68
0 95.84 17.92 2.54
0 95.81 20.59 3.64
3.3 95.75 18.58 4.89
21.45 95.66 15.13 3.01
20.45 95.38 10.8 5.56
0 95.57 12.11 5.73
0 95.46 18.14 3.67
0 95.13 20.66 2.49
0 94.95 19.75 4.22
0.44 94.89 19.02 2.96
0.03 95.01 16.25 4.65
0 94.89 14.25 4.17
0.86 95.07 13.83 4.58
0.18 95.79 15.04 4.44
0 95.78 16.99 2.32
0 95.02 20.18 1.95
0 94.85 23.5 2.49
0 94.88 27.82 4.02
3.31 95.18 26.69 3.31
0.69 95.44 24.45 3.15
7.79 95.7 17.86 3.4
180.67 95.86 11.01 2.38
0.03 95.7 16.74 2.27
0.01 95.25 19.98 2.24
0.07 95.73 16.68 3.32
0 95.35 19.06 2.45
0 94.98 21.33 2.81
0 95.19 22.75 3.4
29.32 95.57 17.16 2.47
1.25 95.03 19.92 2.87
22.59 94.52 20.11 3
0 95 18.05 3.23
80.13 95.32 12.17 2.01
0 95.47 16.19 2.32
0 95.45 20.46 2.38
0 95.62 21.63 2.3
27.13 95.34 15.62 2.22
0.84 95.05 18.78 2.49
0.77 94.93 22.31 3.62
0 94.97 21.91 3.42
0 95.36 19.81 1.96
9.45 95.51 18.72 1.83
20.61 95.8 18.86 1.78
0 95.83 21.04 1.95
0 95.39 26.76 2.39
0.3 95.1 28.07 1.93
3.14 94.96 27.21 2.76
12.89 94.87 25 2.7
42.4 94.87 22.62 3.06
106.93 94.79 20.05 2.02
15.62 94.82 20.68 2.28
0.88 94.99 22.29 2.13
77.86 95.35 19.26 1.58
131.31 95.23 17.79 1.63
7.25 94.99 19.35 1.52
7.48 94.95 21.59 1.5
0 95.12 24.21 1.73
9.35 95.05 25.08 2.9
11.46 95.08 25.87 3.16
0.1 94.99 26.63 3.17
19.19 94.83 26.79 2.75
33.16 94.71 27.08 2.59
51.06 94.88 24.59 2.24
0.66 94.98 25.44 1.94
27.66 95.14 24.74 1.73
63.88 95.3 23.45 1.5
87.93 95.09 23.95 2.48
524.69 94.25 23.43 2.5
44.58 94.26 24.68 3.02
95.09 94.42 23.92 2.26
1 94.34 24.71 1.84
0 94.64 25.78 2.22
0.45 94.71 28.44 2.75
38.26 94.5 28.4 3.45
38.32 94.87 25.81 2.28
26.21 95.23 25.98 1.75
0 95.36 27.14 1.97
0 95.32 27.87 2.17
0.02 95.05 28.01 2.94
60.3 94.8 26.53 2.57
36.21 94.74 24.2 2.56
87.8 95.46 21.7 2.28
29.02 95.49 21.58 1.43
5.64 95.04 23.66 1.19
2.66 95.12 23.77 1.54
1.06 95.37 24.3 1.83
34.29 95.07 21.88 2.17
0.98 95.22 23.09 2.12
0 95.73 23.42 1.68
0 95.33 23.48 1.61
39.77 94.93 23.88 2.57
0.05 95.09 25.16 2.01
0.91 95.19 25.81 2.41
45.63 94.91 25.36 2.11
857.61 94.29 24.06 2.33
12.54 94.71 25.2 1.49
76.56 94.77 24.72 2.17
36.6 94.59 23.37 1.87
5.24 94.65 24.19 1.96
43.45 94.52 23.03 1.65
50.58 94.35 20.95 1.53
6.19 94.46 23.41 1.53
9.59 94.86 24.36 2.37
66.63 95.25 22.97 2.02
0.53 95.38 23.63 1.64
28.31 95.31 22.27 1.67
18.57 95.19 22.21 1.6
261.6 95.26 20.15 1.86
61.55 95.4 21.04 1.71
27.28 95.55 21.94 1.64
45.01 95.59 22.16 1.66
7.78 95.26 22.56 1.7
1.24 94.99 25.32 1.86
55.39 95.41 22.99 2.13
260.66 95.29 20.12 2.03
0.03 95.34 20.77 3.01
0 95.45 18.76 3.24
0 95.79 19.37 1.99
29.42 95.56 16.58 2.67
11.06 95.9 16.64 2.63
0 96.08 15.3 2.26
0 95.76 17.48 1.91
0.88 95.76 17.99 1.7
4.87 95.59 19.99 1.82
9.21 95.65 19.5 1.84
8.87 95.58 19.98 2.44
2.59 95.42 20.94 2.65
0.06 95.27 20.74 3.3
0 95.19 19.31 1.69
0 95 21.05 2.1
0.6 95.46 19.54 2.45
4.31 95.56 19.44 1.93
82.3 95.47 17.67 1.8
0.03 95.66 17.06 2.09
0 96.07 16.16 1.85
0 96.33 16.99 1.65
3.41 96.25 19.22 2.15
5.25 96.12 19.11 1.94
0.86 95.69 19.25 2.52
0.02 95.51 17.41 2.1
0 94.95 19.06 2.23
0.15 95.37 16.51 2.75
0 95.78 15.66 1.86
0.95 95.17 18.94 2.83
29.88 95.16 17.32 3.23
0 95.39 17.65 3.5
0.25 95.59 18.85 2.29
12.91 95.61 16.83 2.22
23 95.86 13.9 2.04
0.05 95.87 10.72 2.23
0 95.75 9.96 3.17
0 95.58 10.74 2.04
0 95.73 13.89 2.67
0.07 95.83 16.4 3.39
0 96.6 9.78 2.42
0 96.97 8.41 1.88
0 96.78 9.78 2.37
0 96.12 13.39 3.23
0 95.89 14.82 3.06
0 96.13 14.01 1.88
32.59 96.42 12.52 1.36
156.07 96.97 9.21 3.18
30.05 97.03 5.8 2.88
0.54 96.87 5.38 2.62
0.79 96.52 4.78 2.06
0 96.39 6.56 2.61
0.02 96.97 5.41 1.25
31.98 97.01 6.94 1.66
0.17 97.35 5.88 1.59
0 97.12 6.65 1.58
5.15 96.5 9.09 1.74
0.05 96.26 9.53 1.26
0 96.01 11.06 2.35
0.02 96.62 8.19 2
9.12 96.74 4.98 1.98
0.12 96.75 5.69 1.84
0 96.61 6.83 1.87
0 96.64 8.06 1.31
0 96.06 10.18 1.64
0.02 95.92 10.52 1.76
0 96.71 7.25 4.01
0 97.28 2.55 3.35
0 96.77 4.98 2.22
0 95.91 7.68 2.81
