0.5 94.85 -17.16 1.19
0.01 95.51 -17.77 1.3
20.46 95.36 -19.69 1.42
7.31 95.6 -18.74 2.82
0 95.88 -20.05 1.96
0 96.09 -20.68 1.9
0.05 96.2 -18.37 1.13
24.67 95.55 -17.37 0.88
6.98 95.77 -17.51 0.99
0 96.01 -16.97 1.18
0 96 -16.34 2.74
0 95.42 -18.56 2.79
0 95.43 -15.96 3.53
2.81 95.25 -15.96 1.04
0 96.33 -15.83 1.22
0 95.87 -13.84 1.03
0 95.55 -11.17 0.93
0 95.47 -6.83 1.03
0 94.97 1.06 3.31
0.06 96.26 -10.05 4.4
0 96.1 -13.17 2.51
0 95.82 -11.46 4.96
0 95.28 -7.91 3.74
0 94.71 -8.11 4.38
0 95.7 -9.36 3.4
0 97.08 -4.25 2.97
0.56 94.62 -3.76 2.17
0.01 95.25 -11.15 4.18
0 94.82 -5.27 5.09
0 94.89 -4.95 1.75
0 95.48 -8.69 1.36
0.76 95.62 -11.1 1.78
0 95.64 -14.45 2.38
0 95.57 -13.05 2.48
0 95.54 -13.83 2.23
0 95.89 -14.1 1.29
0.01 95.73 -11.51 2
1.49 94.79 -3.29 2.7
0 94.92 -5.05 1.36
0 95.56 -7.52 2.35
0 96.17 -10.75 2.41
0 96.57 -12.34 2.76
0 96.28 -12.2 1.84
0.03 95.63 -10 2.33
0 96.08 -10.82 2.25
0 96.23 -12.52 1.66
0 95.76 -10.67 1.29
0.01 95.36 -9.17 3.01
0 95.16 -8.39 2.84
0 94.61 -3.86 2
0 94.49 -7.8 1.61
0 94.66 -7.12 1.74
0 94.61 -4.25 2.53
0 93.58 1.86 1.73
1.33 94.02 -3.67 1.57
0 95.1 -7.1 1.85
0.16 95.23 -5.56 1.67
2.39 94.86 -6.62 1.95
0.53 95.55 -8.6 1.9
0.08 95.19 -8.08 1.94
0.26 94.93 -3 3.47
0 94.97 -2.04 2.66
67.29 94.61 -2.81 2.72
1.94 95.74 -10.76 3.36
0 96.42 -12.99 1.48
0.01 96.69 -13.23 1.32
2.6 96.98 -10.63 2.24
0 96.18 -9.95 2.5
0 94.79 -4.73 2.3
0.2 93.69 2.36 2.91
0.43 94.94 -5.26 4.11
0 95.48 -2.96 1.68
51.21 94.86 -0.08 2
0.41 94.92 -2.9 5.83
0.01 95.36 -4.94 2.76
0 95.77 -5.75 2.2
0 94.73 -3.04 2.6
0.19 93.37 4.14 2.29
46.9 94.09 -1.33 3.47
0 94.38 -0.12 2.78
0.06 94.39 3.86 3.74
0 95.03 2.44 2.39
0 95.63 -0.91 2.39
0.04 95.6 -3.66 3.38
1.49 95.11 -3.11 1.55
4.83 95.7 -2.73 1.4
0 95.57 3.1 1.34
0.04 95.31 6.16 1.59
2.79 94.73 9 3.84
1.8 94.52 7.41 4.76
0 94.97 1.2 5.17
0 95.01 -0.62 4.08
0 94.6 4.49 3.91
0 94.37 8.9 3.89
4.04 95.04 2.21 2.13
0 95.64 1.61 2.03
0 95.03 6.95 3.26
0.19 93.82 13.01 5.18
21.06 94.67 2.51 2.6
0 94.97 3.03 2.89
0.63 94.89 1.51 1.85
62.28 94.75 0.19 3.22
0.01 95.52 -1.46 4.85
0 95.61 2.21 2.58
0.69 94.93 4.31 2.29
6.73 95.24 2.59 1.8
0 95.15 4.84 2.53
35.35 94.47 10.84 2.44
18.46 94.99 8.5 1.62
0.13 95.37 7.86 2.04
0.08 95.61 9.29 1.78
0.43 95.36 8.87 1.77
0.17 95.24 8.05 1.7
0 94.79 12.64 3.05
1.84 94.53 13.16 3.92
16.11 94.44 4.58 3.39
9.59 94.06 2.28 3.42
0.06 94.19 4.82 5.95
1.28 94.34 6.92 4.95
9.31 94.56 11.8 2.24
0 94.01 17.45 1.88
0 93.77 18.69 3.96
0.13 94.28 16.62 2.07
1.48 93.77 45.68 2.2
190.91 93.48 9.3 2.27
4.34 93.95 13.19 3.92
58.37 93.94 11.08 1.34
9.87 94.16 14.6 2.39
46.29 93.97 11.62 3.61
13.22 93.9 8.92 2.02
1.83 94.93 9.43 2.01
0 95.16 13.08 1.48
0 95.07 16.34 1.34
3.59 94.66 17.65 3.61
8.73 94.56 20.65 2.48
0.47 94.73 20.04 2.08
7.96 94.25 17.92 2.44
230.63 93.44 12.11 2.48
0.37 93.15 18.17 4.51
0 93.99 21.4 2.38
0 94.13 24.54 2.41
0.25 94.13 22.68 1.9
0.24 93.82 21.77 2.34
12.11 94.08 17.31 3.44
0.25 94.65 21.1 2.75
0.1 95.05 22.04 2.14
3.58 94.96 19.15 1.73
84.9 94.33 15.73 2.22
73.54 93.98 16.69 1.68
88.5 94.46 15.26 1.66
5 95.04 16.68 1.01
3.18 94.94 18.16 1.37
0.3 95.05 19.38 1.36
0 95.08 21.72 1.75
0.01 94.87 23.15 1.99
0 94.58 24.17 2.09
0 94.58 24.3 2.19
0 94.68 24.9 3.49
0 94.81 24.64 3.45
0 94.92 24.84 2.14
0.81 94.8 21.66 2.19
0.02 94.49 21.69 3.59
0.31 94.15 24.1 1.78
27.39 93.9 24.05 2.68
68.9 93.81 22.56 2.73
0.34 93.73 23.92 2.34
8.29 93.85 23.62 1.59
81.67 93.88 21.11 1.94
39.5 93.99 20.58 1.75
0.49 94.08 22.79 1.01
0.03 94.49 22.95 2.43
0.01 94.04 23.61 1.48
3.05 94.42 19.97 2.03
0 94.47 23.27 1.47
0 94.32 26.11 1.88
0 94.3 27.23 2.82
0 94.24 26.43 1.63
6.16 94.09 21.68 1.42
11.82 94.01 22.53 1.47
0.08 94.07 24 1.37
0.07 93.8 26.26 1.18
65.95 93.78 22.47 2.31
0.81 93.81 24.84 1.23
0.03 93.8 27.94 1.75
1.56 93.77 27.45 1.63
0 93.79 26.74 2.84
0.01 93.92 25.18 2.52
5.25 94.2 21.15 1.63
1.12 94.4 22.38 1.99
0.86 94.35 22.15 2.47
40.33 94.1 21.93 1.49
128.92 94.12 20.66 1.39
345.73 94.4 19.96 1.35
2.03 94.67 22.29 0.84
0 94.58 24.11 2.3
75.99 94.12 22.58 2.45
4.36 93.89 25.1 2.72
0.98 94.13 26.32 2.29
1.28 94.1 27.48 2.36
7.11 94.18 26.41 2.44
54.93 94.14 24.01 1.88
0.47 94.38 24.83 1.43
0.76 94.48 26.01 1.56
15.76 94.49 27.09 1.18
4.41 94.61 27.63 1.49
0.27 94.47 28.28 1.9
7.11 94.39 27.51 2.64
49.69 94.02 26.77 2.27
394.27 93.64 25.76 2.45
9.84 93.69 21.46 1.15
45.17 93.62 25.44 1.03
216.7 93.97 21.67 1.33
0 94.57 20.98 1.89
0.02 94.45 22.65 1.29
4.67 93.69 25.2 3.11
44.1 93.96 22.97 1.79
34.72 94.35 22.22 2.97
0 95.09 20.2 1.56
27.91 94.69 20.16 1.34
62.18 93.99 22.54 1.99
31.2 94.08 22.8 2.06
0 94.3 21.65 1.86
0 94.01 24.83 2.45
46.79 93.74 25 1.93
1.52 93.63 26.67 2.15
8.04 93.53 24.44 3.44
0 94.06 22.33 2.95
0 94.41 22.1 1.67
11.3 94.39 22.91 1.88
4.93 94.55 23.24 2.15
93.99 94.73 22.71 1.82
0.4 95.04 22.64 1.69
122.41 94.94 18.53 1.56
68.16 94.91 19.05 1.31
0.78 94.89 20.19 1.26
0 94.81 22.42 1.68
0.07 95.05 21.72 1.84
1.37 95.28 21.55 1.35
0 94.98 20.9 1.53
0.52 94.77 19.41 1.56
25.38 94.37 20.27 1.47
2.32 94.48 20.47 0.9
0.39 94.51 22.02 1.75
7.68 95.04 19.78 1.65
9.05 95.18 20.8 1.07
0.02 95.06 19.88 1.07
0 94.75 19.88 1.74
0 94.53 22.86 1.59
0.3 94.76 23.74 1.84
0 95.34 18.1 1.41
0 95.13 17.43 1.34
1.31 94.65 18.28 1.25
3.74 94.35 18.91 1.23
0.09 94.59 19.29 1.49
0 94.74 20.53 0.94
1.69 94.78 22.19 1.27
0 94.87 22.85 1.83
5.03 94.66 21.19 2.05
94.45 95.08 14.5 1.95
322.54 95.19 8.63 1.56
148.25 95.03 12.43 1.33
0 94.74 16.16 1.44
52.03 95.02 14.58 1.91
196.21 95.63 9.36 2.18
0 95.47 9.93 2.43
0 95.27 12.3 1.28
0.55 94.99 14.74 1.17
6.56 94.72 15.53 2.47
0.1 94.94 12.51 2.69
0 94.92 10.77 4.96
0 95.75 9.11 2.38
0 95.32 10.03 1.35
0.02 95.01 15.27 1.78
0.83 95.38 12.32 1.35
272.17 95.14 6.66 2.28
90.36 95.07 7.53 2.03
0 95.16 9.03 1.35
0 94.75 13.39 1.14
0 94.64 17.11 2.46
0 94.77 18.38 2.53
0 94.71 18.17 2.2
0 94.28 17.69 3.51
22.48 94.9 10.83 1.83
146.64 95.34 4.78 1.92
0 95.39 8.24 1.48
0 94.97 9.5 1.66
0 95.17 8.37 3.26
0 94.65 7.84 2.72
0 95.5 2.22 2.68
0 96.04 0.62 0.74
17.83 95.97 -0.5 1.31
66.89 96.04 0.31 0.93
0 95.89 1.56 1.02
0 95.32 4.26 1.37
0 95.02 8.91 1.21
9.15 95.25 8.4 1.92
2.16 95.8 3.35 3.16
0 96.14 -0.68 2.91
0 96.78 -1.52 1.93
0 95.94 0.98 1.38
0 95.84 4.53 2.16
0 95.84 5.59 1.16
0 95.9 5.75 1.31
0 95.74 6.19 2
0 96.26 1.98 3.29
0 95.76 1.44 1.83
0 95.35 5.32 1.4
0 95.45 4.5 1.19
0 95.13 6.81 1.72
0 94.83 7.41 1.27
4.77 95.03 2.85 1.89
0.17 95.52 0.07 3.41
0 95.17 -1.15 1.43
0 94.71 0.47 1.16
11.55 94.22 0.78 4.02
1.38 94.62 -0.84 1.75
0.38 95.65 -1.64 4.41
0 96.61 -5.1 2.84
0.03 95.92 -3 2.38
0 95.29 0.39 1.42
0 95.19 1.38 1.84
0 94.88 5.09 3.07
0 94.43 3.25 2.32
0 94.19 5.96 1.84
0.19 94.36 2.04 3.94
0 95.11 -2.42 1.98
0 94.92 -2.12 1.76
0.01 95.2 -2.1 4.33
0 95.48 -6.25 2.89
0.39 94.61 -5.91 2.59
0 95 -7.66 6.5
0.18 95.15 -7.87 1.15
0.07 95.02 -6.79 1.26
0 94.65 -3.01 1.95
0.02 94.27 -3.93 1.79
0.04 94.87 -8.1 3.63
0 94.9 -5.31 2.12
0 93.9 3.69 2.36
0 95.34 -3.18 2.68
0 95.86 -5.78 3.26
0 94.58 -5.19 2.52
0 94.56 -7.03 1.24
0 93.99 -4.87 1.57
2.63 93.94 -9.35 3.72
0 94.9 -12.63 1.57
0.83 95.3 -14.72 1.63
0.03 96.01 -15.73 2.77
0 95.9 -16.56 3.46
0 95.59 -15.73 3.26
0 94.28 -8.46 3.85
0 94.15 -6.74 1.31
0 94.21 -4.2 1.85
0 94.48 -2.45 2.5
0 94.72 -0.69 1.93
0 94.48 -7.4 1.4
0.17 95.05 -11.16 2.77
0 96.3 -17.3 2.69
0 96.25 -15.88 3.48
0 95.36 -14.77 3.43
0 94.26 -12.1 2.77
0 93.95 -9.18 2.14
0 94.6 -12.15 3.21
5.17 94.83 -12.82 1.82
0.02 95.03 -13.1 4.48
0.08 95.57 -11.4 4.86
0 95.5 -11.74 3.45
0 95.64 -12.69 2.81
0 95.26 -13.17 0.73
0.01 94.86 -13.03 1.37
0.02 95.04 -11.65 5.3
0 95.64 -10.34 4.45
0.01 94.95 -7.99 1.67
0.16 94.85 -9.84 3.9
0 95.38 -13.92 4.36
0 94.63 -11.25 3.17
0 94.2 -12.91 3.93
0 94.33 -12.56 2.07
0.01 94.35 -11.21 3.55
0.02 95.34 -15.69 3.5
0 95.75 -17.91 3.37
0 95.56 -15.06 2.74
0 95.39 -14.22 2.5
0 95.11 -14.71 3.18
0 95.09 -14.68 3.79
0 95 -12.61 2.2
0 94.82 -12.9 1.47
0 94.83 -13.54 3.55
0.03 95.09 -15.08 3.55
0.01 95.23 -14.49 1.61
0.02 95.41 -14.88 2.27
0 95.82 -15.35 1.62
0 96.11 -14.15 3.21
0.02 95.66 -14.27 3.6
0 95.37 -15.28 3.88
0 95.16 -10.98 4.2
0 94.8 -3.94 2.74
0 94.5 -4.91 1.91
0 94.43 -7.86 1.53
0 94.28 -6.2 2.21
0 94.54 -5.68 2.43
0.02 93.67 -3.27 5.32
0.01 94.31 -3.54 2.72
0 93.97 -6.7 2.15
0.36 94.15 -7.85 3.44
0.04 94.92 -11.04 1.87
0.49 94.89 -10.18 0.88
2.91 95.17 -13.68 4.05
0 95.27 -12.78 2.15
0.08 95.19 -12.1 1.87
0.05 95.12 -12 1.43
0 94.4 -3.28 3.04
0.94 94.42 -5.24 1.87
3.87 94.88 -5.16 2.73
0 94.83 -4.02 1.98
0 94.72 -0.3 1.81
0 95 -0.64 1.61
0 94.6 1.79 2.21
0 94.12 2.63 3.77
5.8 93.95 0.75 1.95
0.12 94.69 -4.36 2.82
0 95.29 -4.79 1.64
5.68 94.67 -2.02 4.62
0.28 95.55 -9.5 3.49
0.03 95.01 -8.2 3.17
0 94.69 -7.17 3.66
0 94.68 -6.97 2.33
0 94.81 -4.5 3.41
0 94.45 -0.66 2.02
0.07 93.97 1.49 2.66
0 94.81 -2 3.54
0 94.52 -1.79 4.77
0 94.57 -4.3 4.73
0 94.9 -2.2 4.09
0 94.66 -0.39 4.22
0 94.01 2.52 3.01
0 93.32 7.36 2.24
0.02 94.1 2.21 4.42
0 95.2 -2.5 3.88
0 94.88 -5.63 4.38
0 94.64 -3.58 3.29
0 94.01 3.5 3.22
0 93.73 4.46 5.24
0 94.12 1.74 4.29
0 94.33 -1.11 2.23
4.13 94.92 -4.19 4.61
0 94.99 -3.06 3.43
0 94.73 -2.23 2.65
0 94.89 -2.79 4.96
0 96.29 -0.72 2.81
0 96.27 0.77 3.16
0 96.11 2.78 3.19
0 96.37 2.64 1.97
0 96.04 7.26 3.37
0 95.71 8.1 2.16
0 95.32 10.45 4.62
0 96.63 1.72 4.04
0 96.53 2.09 2.33
0 96.08 5.96 2.82
0 95.98 7.71 1.2
0 94.53 10.14 2.38
0.04 93.79 10.57 5.72
1.1 94.19 7.72 5.3
0 94.16 8.08 4.02
0 94.06 8.23 3.3
0.49 94.71 5.05 3.67
0 94.38 9.29 3.71
0 93.79 14.56 3.64
0 93.9 13.58 1.52
0.02 93.16 16.28 3.46
0 94.03 10.24 5.72
0 93.68 12.31 4.39
0.77 93.77 8.02 7.42
0.23 94.42 6.78 5.17
0 94.19 9.5 2.05
0 93.67 13.51 4.23
58.74 94.42 6.99 2.11
3.16 94.29 6.06 1.97
17.59 94.02 4.66 3.23
8.03 93.58 5.88 3.8
0.03 93.16 8.49 1.77
3.49 93.2 9.59 3.1
1.61 93.87 7.16 2.88
0 93.35 9.64 1.24
28.21 92.73 8.8 1.72
1.76 92.71 9.29 2.04
0.46 93.62 13.42 3.59
0.2 93.88 10.91 4.55
0 94.2 12.51 2.86
1.2 93.72 12.68 2.82
122.69 92.93 9.25 3.03
0.09 93.01 11.05 4.19
0 93.53 13.27 3.35
0.69 93.48 14.93 3.85
6.39 93.33 17.04 3.24
0 93.59 18.19 2.66
0.13 93.28 16.02 5.38
0.43 93.19 12.3 5.99
0 93.4 14.83 6.97
0 93.5 16.15 4.92
0 94.07 12.62 3.23
0 94.01 13.71 2.3
0.01 92.89 17.6 2.22
13.92 92.68 19.31 3.62
11.22 93.88 13.07 2.95
4.15 93.97 11.38 3.26
0.37 93.82 12.73 4.62
0 93.68 17.5 3.44
0 93.8 18.51 2.91
0 93.94 21.07 3.29
2.98 93.83 20.38 4.39
6.08 93.78 18.75 5.47
0.01 93.63 19.87 2.69
0.46 93.45 23.31 4.99
6.3 93.55 22.42 2.85
37.23 93.15 18.42 3.45
4.98 93.1 17.32 3.31
0.02 93.51 19.69 3.29
7.68 93.21 20.48 6.12
1.51 93.37 18.75 4.16
0.28 93.62 19.39 1.81
0.75 93.48 23.03 1.72
4.95 92.84 24.37 3.01
9.47 92.58 22.04 2.75
7.06 92.83 21.87 2.22
0 93.26 22.57 2.57
36.85 93.21 20.45 1.99
160.43 93.35 15.66 2.92
3.35 93.56 19.52 1.92
3.07 93.56 21.45 1.19
85.42 93.35 20.44 2.09
36.09 93.34 18.67 2.04
127.07 93.53 17.37 1.94
0.26 93.72 20.33 1.96
0 93.63 24.12 1.14
0 93.46 26.42 1.71
0.04 93.18 27.88 2.86
0 93.12 27.5 2.81
12.19 92.9 22.18 2.16
35.87 93.22 15.66 2.54
0.59 93.88 18.83 2.79
0 94.21 20.66 1.44
2 93.66 22.37 3.23
3.14 92.94 23.37 2.84
22.61 93.07 24.84 2.76
0.01 93.21 25.25 3.09
42.87 93.12 24.12 2.5
47.75 93.24 22.27 1.24
0.19 93.16 23.57 2.37
0 93.3 23.63 2.64
0 93.41 25.49 2.95
49.58 92.89 22.54 2.55
0.36 92.62 24.91 3.6
83.54 92.69 17.64 1.86
15.53 92.74 18.39 2.76
13.3 93.42 20.91 1.85
24.1 93.56 22.92 2.3
7.3 93.63 23.99 1.87
3.27 93.65 23.79 2.29
1.76 93.47 24.23 1.19
26.56 93.6 21.67 1.77
7.46 93.57 22.05 1.65
52.46 93.41 21.2 1.67
11.34 93.5 20.72 1.26
61.19 93.56 21.37 1.46
427.36 93.44 19.84 2.45
44.4 93.32 20.86 1.4
49.14 93.23 21.98 1.96
5.31 93.21 22.94 2
0.06 93.29 25.45 1.33
28.34 93.25 26.01 2.11
383.86 93.06 22.26 2.11
44.49 93.02 22.22 2.57
4.22 93.19 23.05 1.89
0.22 93.44 24.61 1.27
120.3 93.64 20.84 1.77
36.58 93.28 21.01 1.53
0.03 93.33 23.46 1.82
0.11 93.47 24.19 2.13
0.26 93.82 23.17 2.11
0.02 93.4 23.78 2
0 93.38 24.07 1.54
0.02 93.59 24.29 1.5
4.91 93.55 23.73 1.32
3.13 93.59 23.88 1.72
3.6 93.29 23.72 1.61
3.26 93.39 25.41 2.11
0 93.78 24.48 1.23
0 93.6 26.13 0.99
0 93.31 26.31 1.72
15.61 93.07 25.77 1.66
118.24 93.48 20.4 1.94
238.81 93.52 17.85 2
5.68 93.54 20.9 1.36
5.11 93.68 20.52 1.3
0.04 93.95 21.18 1.72
0.06 94.06 22.12 1.12
0 94.06 23.1 1.24
0.36 93.94 23.09 1.25
8.19 94.18 21.06 1.62
0 94.15 20.49 1.4
34.52 94.11 19.74 1.29
2.21 94.34 19.67 1.54
0.85 94.42 21.15 1.25
4.77 94.22 19.57 2.12
2.65 93.9 20.75 1.31
0.31 93.79 21.94 1.4
0 93.74 23.08 1.31
6.76 93.5 22.25 3.01
0.52 94.04 18.84 1.79
0 93.82 20.04 1.55
3.01 94.37 17.76 2.74
0.17 94.28 18.52 1.65
0 94.35 17.76 1.46
0 93.85 19.42 1.26
9.99 93.51 18.19 3.28
1.28 94.14 13.31 1.7
0.06 94.7 12.9 1.77
1.5 94.92 13.54 2.04
2.26 94.37 16.71 2.22
0.2 94.12 17.53 1.98
0.03 93.71 19.66 3.35
12.6 93.79 17.03 2.12
13.75 94.07 13.31 1.37
35.58 94.4 11.94 1.98
0 94.79 8.64 2.28
0 95.21 9.28 2.42
0 95.02 10.3 1.37
0 94.68 11.9 1.69
0 94.29 13.49 1.47
0 94.4 14.61 2.55
0 94.24 14.99 2.02
0 93.99 17.79 2.99
0.02 94.28 17.94 1.74
0.09 94.41 19.15 3.36
0.04 94.22 18.58 2.17
10.72 94.08 14.96 1.82
0.06 94.57 7.45 3.12
0 95.04 6.11 2.6
0 95.1 6.69 3.04
0 95.56 7.83 3.77
0 95.19 9.33 1.51
0 94.51 11.16 2.34
0 93.97 11.87 3.12
0 94.56 9.68 1.79
0 94.51 10.67 1.23
0 94.24 14.46 2.09
0.04 94.73 13.33 3.06
0 95.23 9.08 1.15
0 94.94 12.15 1.54
0 94.35 14.49 1.42
63.25 93.78 10.21 1.68
1.51 93.73 8.85 2.52
0.68 93.36 7.57 2.92
0.78 93.87 8.04 4.42
0 94.83 4.85 1.86
0 94.87 8.48 1.32
0 94.64 10.95 2.02
0.01 94.49 14.31 3.47
0 94.46 13.62 1.89
0.29 94.37 11.64 1.59
39.95 94.96 3.94 3.46
0 95.26 1.71 3.34
0 95.23 4.12 1.85
0 94.8 5.68 1.44
0.94 94.65 6.94 2.63
0 94.95 6.45 1.69
0 94.58 7.17 1.51
0 94.39 8.98 3.36
0 94.59 9.96 4.29
2.98 94.81 10.53 2.82
0.02 95.4 4.01 1.47
0.73 95.05 7.71 1.63
2.79 94.84 9.44 3.48
0.07 95.58 1.68 2.53
0.03 95.4 0.12 0.82
0 95.32 2.96 1.17
0 95.29 3.18 1.46
0 95.08 1.88 1.12
0 94.43 2.33 1.05
0 93.83 4.31 2.16
0 94.13 4.87 3.51
0.02 94.92 -2.59 2.65
0 94.99 -5.1 1.84
0 95.01 -4.25 1.45
0 95.27 -2.66 1.56
16.85 94.61 -0.28 0.66
1.85 94.46 -1.48 2.56
0.53 94.63 -5.91 3.57
0 95.08 -6.98 2.6
0 95.07 -4.37 2.08
11.91 94.74 -6.24 2.83
0.24 95.31 -7.96 2.67
0 95.01 -8.75 0.83
0.06 94.97 -6.82 1.4
0.4 94.35 0.26 2.44
0 94.44 -0.68 1.42
0 95.3 -4.4 1.98
0 95.82 -9.06 1.4
0 96.08 -8.69 1.86
0.07 95.32 -7.78 0.84
0.02 94.64 -5.3 1.05
0 94.84 -6.57 1.17
0 95.17 -8.65 0.77
0.39 95.36 -9.32 0.81
0.43 95.35 -6.99 0.7
0.39 95.64 -8.83 2.33
0.02 95.93 -12.43 3.45
0 95.53 -11.54 3.05
0.01 94.71 -6.62 5.65
0 94.79 -3.94 3.1
0 95.22 -7.06 1.81
0.01 94.5 -4.29 2.77
0 95.26 -10.09 4.56
0 95.45 -13.75 3.13
0 95.54 -12.37 4.09
0 95.31 -10.55 2.08
0 95.38 -10.51 2.28
0 95.27 -11.3 1.03
0 94.94 -10.35 2.13
0 94.91 -9.83 4.56
0 95.11 -11.81 2.97
0 94.67 -9.74 3.76
0 94.82 -12.94 2.13
0 95.32 -12 1.92
0 95.56 -10.26 2.22
0 95.1 -6.6 2.5
0 95.52 -11.2 1.45
0 95.8 -14.91 0.98
0.05 95.23 -12.62 0.54
0.01 95.06 -9.93 1.64
0.07 95.46 -11.49 1.98
0.2 94.86 -11.93 2.72
0.08 95.05 -12.92 4.41
0 95.25 -12.11 2.79
0 95.06 -11.14 1.7
0 95.86 -14.72 1.16
0.07 95.73 -14.9 0.75
0 95.32 -12.27 1.45
0 95.28 -13.27 0.86
0.06 95.35 -12.48 3.39
0 95.4 -12.62 3.07
0 94.57 -6.82 3.54
0 94.83 -8.57 2.64
0 94.76 -8.82 2.62
0 94.47 -10.38 0.71
0.04 94.33 -8.49 1.37
0.07 94.53 -12.37 1.04
0 94.67 -10.66 1.25
0 95.13 -11.58 1.19
0.01 95.81 -14.86 3.02
0 95.65 -18.33 3.4
0 95.28 -18.01 2.73
0 94.77 -17.16 2.21
0 94.64 -16.55 2.96
0 94.23 -13.96 3.49
0 94.36 -13.75 1.7
0 94.88 -15.37 1.47
0 95.1 -14.89 1.92
0 95.49 -15.68 1.67
0.02 95.09 -17.24 1.28
0.11 94.66 -16.9 4.25
0 95.43 -18.06 4.42
0 95.4 -16.19 2.99
0 94.45 -13.47 3.32
0 94.52 -10.1 2.69
0.06 93.98 -6.58 2.53
0.02 94.65 -14.12 5.09
0 94.82 -16.59 5.13
0 94.4 -13.23 5.64
0 94.57 -11.04 3.37
0 94.9 -11.2 3.28
0 94.96 -11.12 1.51
0 94.62 -8.75 3.11
0.02 94.38 -4.17 2.47
0.11 94.97 -9.49 3.03
0 94.9 -10.5 2.99
0.03 94.98 -12.33 3.39
0 95.11 -13.75 4.81
0 95 -10.6 3.67
0 94.4 -5.53 3.04
0 94.55 -9.09 2.41
0 94.28 -10.54 1.09
18.12 93.93 -9.17 2.19
0 94.86 -7.88 2.51
7.76 94.74 -6.86 2.23
0.01 95.18 -9.43 3.38
0 95.1 -8.37 3.02
0 94.56 -6.26 1.17
0 94.18 -1.99 2.56
0 94.37 -0.36 2.3
19.41 94.96 -4.72 0.93
0.24 95.15 -8.5 1.58
0.27 95.05 -6.86 1.44
0.06 94.42 -1.98 2.13
29.2 93.76 -4.56 1.88
25.43 93.83 -4.66 2.65
0.03 94.45 -4.73 4.22
0 95.16 -9.18 4.2
0 94.83 -9.11 1.88
0.17 94.76 -8.57 4.39
0 95.21 -8.57 4.08
0 94.88 -6.34 1.72
0 94.25 -2.2 3.2
0 94.78 -1.19 2.07
0 94.37 3.15 3.33
1.57 93.47 6.06 4.78
9.59 94.25 -3.6 3.85
13.99 95.05 -8.57 1.75
0 94.78 -2.68 2.38
0 94.72 -0.18 2.2
0 94.09 4.22 3.64
0 94.67 1.7 1.75
2.66 93.78 1.57 5.14
0 94.24 -1.02 6.07
0 94.67 0.14 3.49
0 94.36 5.25 2.47
0 94.59 8.06 3.61
0 94.71 9.72 3.65
0.19 93.74 9.46 8.42
0.4 94.38 0.31 5.2
0.25 94.38 -1.28 4.75
0 94.33 -0.41 2.08
1.24 94.26 1.1 3.11
0 93.89 3.79 4.86
0 93.74 4.21 5.35
0 93.99 3.02 5.26
0.14 94.32 3.78 2.36
0 93.82 10.61 3.82
0 94.01 9.97 5.38
0 93.85 13.13 3.34
2.21 93.62 13.51 6.23
1.53 94 7.25 4.63
0 93.44 11.9 3.52
0 93.28 14.16 3.15
0 93.27 15.4 3.17
4.82 93.97 8.3 4.1
0 94.18 8.51 2.5
0 93.25 16.57 4.57
0 93.3 18.99 4.2
2.08 93.66 15.53 4.55
8.61 94.18 13.7 3.76
0.69 93.65 13.02 2.66
0.09 93.02 14.58 1.81
0.35 92.95 18.43 4.21
220.13 93.52 12.26 3.44
54.69 93.46 8.99 4.65
0 92.82 10.98 3.46
0.13 92.56 10.86 7.88
0 93.74 9.25 3.08
0 93.74 12.99 2.72
0.27 93.48 18.03 3.9
0.33 94.1 16.22 2.57
17.26 93.6 17.29 2.29
0 93.65 20.72 2.07
0.31 93.83 19.98 2.63
0 93.88 17.64 3.04
0 93.52 17.38 2.34
4.11 93.51 16.18 1.97
0 93.73 18.24 2.16
0.04 93.94 20.24 2.47
3.51 94.21 19.37 3
105.25 94.19 13.37 1.84
15.21 93.66 13.82 3.06
19.9 93.43 10.45 2.59
1.32 93.41 11.47 4.46
0.01 93.17 11.64 3.66
3.14 92.93 12.14 5.66
0.02 93.37 15.75 1.32
0 93.25 22.67 3.98
2.76 93.86 19.93 2.93
2.85 94.17 18.11 1.84
0.09 94.01 20.36 4.25
1.42 93.74 19.75 4.25
1.15 93.89 16.98 3.18
0 93.88 16.82 3.29
0 93.68 18.08 2.51
0 93.34 19.71 2.67
0 93.77 20.45 2.5
0 93.87 23.11 2.59
7.98 93.91 20.44 2.58
52.57 94.34 14.4 2.82
0.15 94.41 16.65 1.49
11.32 93.93 16.98 3.13
6.49 93.72 16.13 3.41
31.78 93.47 15.62 2.28
14.06 93.19 18.85 4.04
0.44 93.41 20.74 2.09
2.26 92.97 19.91 2.66
7.04 92.85 22.17 2.09
20.43 92.83 22.42 2.26
23.22 92.7 21.58 3.5
9.12 92.85 17.31 3.45
2.54 92.55 16.06 3.27
19.83 92.66 16.21 2.96
263.41 93.29 13.07 2.2
317.68 93.51 13.67 2.01
240.16 93.52 15.02 3
6.9 93.37 18.87 1.67
3.76 93.26 21.8 1.72
2.64 93.45 21.67 1.72
7.03 93.19 21.26 1.63
17.09 93.23 21.3 1.59
1.65 93.38 21.5 1.26
28.55 93.34 21.13 1.48
0.34 93.07 22.47 1.9
60.22 93.11 21.84 2.18
33.64 93.48 20.64 2.64
11.72 93.84 22.67 1.96
1.12 94.01 23.01 1.69
1.72 93.73 20.65 1.85
32.82 93.32 21.49 2.14
0 93.2 23.71 2.24
0.85 92.81 24.56 4.48
1.75 92.86 22.69 4.25
0.97 92.84 22.38 2.83
0.03 93.19 23.23 1.57
0.86 93.31 23.12 1.51
0.56 93.22 23.43 1.54
17.27 93.18 23.89 1.67
27.8 93.17 25.13 2.08
9.99 93.2 25.48 1.95
132.22 92.82 21.61 1.85
30.29 92.65 19.09 2.89
83.05 93.04 18.37 3.45
11.95 93.55 20.19 2.48
0 93.55 21.04 1.82
0 93.57 22.5 1.38
0 93.79 24.47 1.2
0 93.85 25.08 2
0.04 93.67 25.11 2.4
1.79 93.56 25.22 1.45
4.59 93.49 25.17 1.67
37.64 93.41 23.68 1.26
322.07 93.04 21.57 3.38
0 93.51 23.01 1.18
0 93.7 23.92 1.71
3.83 93.61 24.19 1.86
27.14 93.22 25.71 4.19
1.02 93.64 23.97 1.68
92.13 93.14 22.69 2.06
8.42 92.89 23.52 4.29
0.17 93.52 21.89 1.13
30.97 93.81 19.82 1.52
95.94 93.99 18.75 1.75
62.02 93.92 19.52 1.25
6.63 93.92 21.94 1.58
37.95 94 21.79 1.7
0 94.16 23.01 1.13
0 93.98 24.09 1.17
0 93.57 26.06 2.11
5.56 93.52 24.45 1.8
1.6 93.8 23.24 1.18
0 93.62 24.56 1.53
13.95 93.72 20.23 2.44
29.18 93.77 17.5 2.19
0.59 93.88 19.6 1.44
2.19 93.53 19.01 1.97
9.63 93.63 21.08 1.92
0 93.94 22.02 1.58
0.04 93.51 23.33 3.22
106.34 93.56 23.05 2.38
0.89 93.67 20.64 1.63
4.56 93.65 19.83 2.67
3.39 94.23 16.44 1.95
0.02 94.36 16.23 1.94
0 94.08 21.01 2.47
0 94.01 22.34 1.95
0.31 93.88 22.73 2.58
1.48 93.93 22.2 1.14
4.45 93.82 21.76 1.71
0.74 93.44 22.78 2.02
0.42 93.57 23.54 2.89
0 93.79 24.8 2.07
0 93.92 25.21 2.56
0.53 93.94 24.91 1.89
241.15 93.91 15.79 3.17
9.8 94.25 13.6 2.49
0.16 94.28 12.49 2.25
0.82 94.36 16.2 1.67
0 94.28 19.71 1.93
9.34 94.39 18.12 1.38
0.44 94.32 17.22 1.11
0 94.26 18.8 0.96
0 94.18 20.97 1.22
22.44 93.86 19.31 2.64
116.13 93.9 12.72 4.22
0.31 94.02 11.45 3.02
0 94.4 14.09 1.37
0.03 94.86 14.3 0.98
0 94.97 13.83 1.26
0 94.35 14.42 2.51
0 93.86 16.42 3.12
0.08 93.82 16.08 1.8
0 94.03 17.92 1.8
1.63 93.94 18.32 2.43
0.6 93.97 17.38 1.29
1.44 94.32 15.76 1.41
0.24 94.59 15.67 1.26
29.63 94.46 14.31 1.92
0.81 94.72 14.34 1.66
35.05 94.33 10.03 1.55
28.24 94.35 9.95 7.48
0.4 94.53 11.18 3.45
0 94.52 11.83 1.85
0 94.33 12.96 1.56
0.46 94.14 14.45 2.3
0.48 94 13.3 3.44
0 94.14 13.4 2.6
0 94.68 10.75 1.93
0 95.06 11.85 1
0 94.91 14.04 1.46
0 94.4 16.35 2.92
13.09 94 12.53 3.59
0 94.5 8.95 2.61
0.02 94.09 10.85 2.45
0 93.93 13.03 2.61
0.06 94.35 8.21 4.09
0 94.74 6.82 2.36
0.01 94.82 7.12 2.06
17.2 94.19 9.18 4.13
0 94.22 4.24 4.04
0 94.34 5.83 2.83
0 94.16 7.72 2.15
0 94.58 6.79 1.2
74.06 94.85 1.36 1.13
88.65 94.3 1.98 1.73
0 93.98 6.45 2.11
0 93.74 9.77 4.01
0 94.36 8.75 2
0 94.38 11.36 2.32
3.67 94.28 10.34 3.21
0 95.19 2.66 1.34
1.91 95.06 -0.37 2.58
0.03 94.64 -0.45 2.57
0.01 94.49 -0.72 2.28
0 94.43 2.11 1.46
0 94.62 0.52 2.05
4.72 94.73 -0.78 1.53
194.72 94.44 -1.66 33.15
59.53 94.64 -1.08 3.12
0 94.61 -3.98 0.6
0 94.28 -1.3 1.97
0 94.53 -1.13 1.12
0 94.93 -2.86 0.9
58.07 94.63 -2.83 0.68
98.02 93.39 -2.83 5.72
0.1 93.84 -4.68 3.47
0 93.9 -6.74 4.77
0 94.68 -4.98 2.76
0 94.93 -6.59 0.75
20.79 94.43 -3.04 0.98
0 94.35 -4.98 30.41
0 94.01 -5.31 3.51
0.01 94.62 -3.46 3.42
0 94.65 -4.85 1.67
0 94.33 -2.8 2.08
5.63 94.83 -5.94 2.05
0 94.72 -7.34 2.57
0 94.18 -5.92 2.16
0 94.15 -3.23 3.99
0 94.21 -7.94 3.11
0 93.27 -4.58 3.6
0.02 94.06 -7.18 4.78
0.02 94.59 -9.8 2.54
0 95.29 -13.71 2.32
0.12 94.89 -14.73 1.34
0.11 93.82 -5.22 3.37
0.62 94.06 -8.37 4.26
0 94.31 -11.31 2.25
0 94.34 -13.59 3.62
0 94.27 -15.23 3.21
0 94.45 -16.73 2.96
0.01 94.46 -17.88 3.85
0 94.6 -11.6 3.86
0.04 95.2 -14.3 1.38
0.02 95.35 -13.96 0.75
0.05 94.75 -11.81 1.93
0.01 94.81 -8.75 1.47
21.46 94.92 -11.58 0.81
0.58 94.69 -10.34 0.93
0.84 95.04 -12.64 1.17
0 95.4 -13.57 4.01
0 95.47 -15.74 2.01
0.01 94.92 -15.08 0.81
0.12 95.03 -12.81 30.75
3.38 95.06 -11 3.74
0.01 95.5 -16.53 2.74
0 95.27 -20.18 2.81
0 94.43 -18.13 5.09
0 95.57 -19.32 2.15
0 95.29 -18.94 1.05
0 94.74 -13.68 1.24
8.92 94.75 -15.36 0.73
16.73 94.8 -13.25 4.25
0 94.41 -15.5 3.84
0.02 93.87 -15.11 2.49
0 94.33 -18.74 4.13
0 95.42 -19.02 3.93
0 95.99 -16.09 2.58
0 95.05 -16.86 1
0 94.9 -14.38 1.65
0 94.77 -15.04 1.3
0 94.69 -15.21 1.33
0.02 95.09 -17.27 1.79
0 94.9 -15.09 2.5
0 94.75 -14.93 1.07
0.42 94.41 -13.47 0.62
0 94.5 -12.05 1.75
0 94.49 -13.56 0.74
0 94.96 -10.68 2.07
1.14 94.67 -13.93 1.31
0 95.39 -14.93 2.22
0 95.63 -11.78 2.26
0 94.67 -6.47 2.22
0 95.17 -10.15 0.86
14.76 95.18 -9.83 0.9
1.4 95.27 -9.98 1.39
0 95 -14.17 1.05
0.02 93.89 -7.65 3.05
0.02 94.47 -14.32 4.45
0 94.52 -15.94 1.43
0.07 94.83 -15.05 1.17
0.02 94.73 -11.31 1.64
0 94.34 -6.38 1.07
0 94.59 -7.26 1.05
0.02 94.48 -5.44 1.42
0.85 94.41 -6.38 1.87
0.29 95.08 -8.72 3.96
0 95.13 -10.91 2.83
0.69 94.12 -9.86 3.43
0 94.92 -10.06 2.85
0.01 94.46 -7.94 2.1
0.89 94.78 -15.73 4.13
0 95.58 -18.69 4.4
0 95.43 -17.3 1.42
0.28 94.58 -12.6 2.21
0 95.2 -13.57 2.04
0.04 95.22 -13.1 1.76
0 94.53 -7.88 115.53
0 94.33 -5.09 2.98
0 94.96 -9.89 2.63
0 94.88 -10.69 1.35
0 94.14 -6.73 2.43
0.02 94.19 -6.15 4.11
0 94.89 -12.04 4.26
0 95.01 -13.35 2.42
0 94.96 -12.19 1.83
0 94.83 -8.16 3.73
0 95.07 -7.75 3.25
0 95.01 -5.24 1.46
0 95.15 -7.47 1.84
5.05 94.93 -7.75 1.75
0.14 94.12 -0.39 3.44
0 94.06 0.61 2.87
0.08 93.54 -3.03 6.29
0 95.32 -8.79 5.31
0 95.29 -6.19 1.58
0 94.26 -0.3 3.88
0 94.59 1.38 2.18
0 93.98 5.49 3.2
0 93.94 3.65 1.85
0 93.32 5.3 2.37
0 93.23 -0.76 2.19
0 93.38 -3.64 5.81
0 94.75 -1.16 1.83
0 94.02 4.83 3.99
12.65 94.03 -0.45 3.83
0 95.17 -6.64 4.07
0 94.62 0.15 3.08
0 94.23 5.24 3.06
0 94.61 5.36 3.21
0 93.21 7.68 4.03
0.63 93.31 -2.87 4.04
45.36 94.08 -8.61 2.16
0.15 94.44 -7.86 2.65
0 93.2 1.07 6.28
0 94.2 -3.69 2.45
21.34 93.89 -5.97 3.79
0 94.6 -5.53 2.62
0 94.42 -2.58 1.5
0 93.44 4.29 4.11
1.07 93.69 0.68 4.64
0 94.51 -1.71 4.15
0 94.73 -2.71 2.33
0.33 94.57 -0.5 1.67
20.08 94.3 0.64 2.02
125.41 94.48 -0.24 2.75
0 93.94 3.59 2.55
0 94.04 4.82 2.75
16.16 94.19 -1.6 2.42
65.6 94.46 -1.83 3.27
0 94.21 -1.04 2.43
0.34 93.3 1.64 2.9
26.3 93.35 -0.03 3.98
2.58 94.33 -0.59 3.94
1.04 94.16 0.92 4.3
0 94.21 1.78 3.66
0 93.73 8.44 3.61
0.18 93.3 6.31 4.73
0 93.54 2.4 5.37
0 93.26 3.55 2.48
7.08 93.57 3.14 3.2
67.67 93.86 0.48 2246.15
1.93 94.86 -0.03 5.32
0 94.86 1.68 2.43
0 94.53 4.96 3.16
0 94.17 8.3 2.06
0.19 93.6 12.23 4.94
92.77 93.71 6.26 2.22
0.32 93.64 7.35 3.91
0.01 93.73 8.3 5.77
0 93.76 9.93 1.69
0 93.68 13.82 2.31
1.4 93.48 12.33 3.53
0.07 93.75 11.35 6.44
0.17 94.23 10.75 6.13
0.14 94.28 10.94 2.06
0.69 94.13 12.28 2.48
1.85 94.33 12.77 2.06
0 94.04 17.27 2.62
0 94.28 20.76 1.44
0 94.2 22.07 2.65
0 94.19 22.21 3.12
0.11 93.91 22.66 4.78
23.6 93.62 14.08 2.23
20.07 92.78 14.29 4.25
0 92.42 17.44 5.48
0 92.98 16.34 3.01
0 92.97 19.01 2.72
0.26 93.65 15.92 5.09
0 94.53 15.84 2.42
0 94.38 17.53 2.24
0.65 93.73 19.17 3.08
0 93.17 20.51 3.45
16.58 92.59 15.8 6.32
0 92.57 17.75 4.65
0 92.98 19.3 2.62
0 93.82 19.94 2.34
5.16 93.58 24.79 4.25
0.74 94.23 17.94 2.3
0 93.79 21.19 2.27
0.69 93.48 22.48 3.55
0.88 93.3 20.35 4.26
0.69 93.15 19.65 3.24
0 93.45 18.73 4.68
0 93.25 23.76 3.48
0.02 92.85 25.76 4.11
0 93.57 19.87 2.51
3.03 93.24 18.77 3.41
0.02 93.56 18.68 3.71
5.89 94.09 17.76 2.5
11.47 93.91 19.57 1.99
11.27 93.71 19.83 3.36
2.29 93.54 22.23 2.9
0.62 93.41 22.45 3.79
94.86 93.84 16.11 1.93
0.71 94.05 17.46 1.62
4.38 93.78 15.88 2.3
1.34 93.53 17.55 1.69
0.02 93.54 23.05 3.49
0.2 93.53 24.48 3.92
3.76 93.45 24.92 2.79
250.75 93.51 18.44 2.85
4.05 93.2 20.92 1.61
48.3 92.9 20.24 1.89
0.19 93.25 23.3 1.71
0 93.77 23.26 2.26
0.02 93.92 23.92 1.91
1.43 93.64 22.17 1.31
10.98 93.32 21.79 1.54
115.54 93.15 20.98 2.05
43.93 92.87 21.58 2.28
297.86 92.62 19.63 1.63
82.08 92.79 21.6 3.08
111.74 93.2 20.53 2.01
69.7 93.19 22.51 2.74
22.06 93.14 23.52 3.74
37.45 92.93 23.48 2.14
129.34 92.56 22.37 2.68
0.02 92.53 24.11 3.71
1.3 92.55 24.06 2.58
0.39 92.89 24.43 2.33
0.97 93.05 24.48 2.19
6.1 92.84 26.05 3.77
28.27 93.18 24.16 1.86
39.61 93.39 22.19 1.82
0.54 93.61 22.82 1.45
0.4 93.59 22.55 1.16
9.23 93.56 22.93 2.26
22.38 93.73 22.18 2.05
0.05 93.69 24.67 1.47
197.8 92.99 21.88 1.46
52.95 92.88 22.62 3.22
0 93.41 23.53 2.26
0.14 93.26 22.91 2.17
140.23 93.26 20.48 2.71
2.16 93.48 21.32 1.6
0.23 93.44 23.83 1.51
47.24 93.3 23.47 2.3
15.62 92.89 23.62 2.19
0.44 92.99 23.51 3
0 93.31 24.08 1.78
0.02 93.29 25.11 1.56
71.3 93.07 22.57 1.26
2.41 93.03 24.91 2.18
0.29 92.97 24.82 1.38
0.93 92.76 26.27 1.42
6.54 92.85 26.32 1.67
7.43 93.12 25.6 2.57
0.23 93.36 25.96 2.62
1.04 93.17 25.79 2.74
23.26 92.84 26.22 2.84
8.11 92.69 25.71 2
11.18 92.83 26.14 2.78
8.33 93.13 26 2.68
5.45 92.91 26.36 2.41
13.01 93.11 23.76 1.89
0.8 93.48 25.76 1.37
3.53 93.55 27.33 2.95
18.58 93.26 25.18 3.01
2.17 93.27 25.84 3.04
22.46 93.22 26.38 1.98
2.65 93.3 25.56 2.05
314.68 92.75 24.25 1.49
0.03 95.05 25.3 2.86
0 93.81 21.75 2.84
0 94.06 21.33 1.91
1.91 94.02 20.4 0.97
1 93.57 23.79 2.4
0.12 93.75 22.67 2.29
0 93.96 22.48 1.77
0.02 93.95 22.69 1.3
13.17 93.65 21.9 1.49
3.49 93.77 19.05 2.05
10.99 93.65 19.24 1.7
153.31 93.05 18.58 1.32
32.72 93.36 14.22 3.32
0.08 93.99 15.73 2.57
69.25 94.06 16.11 2.03
0.52 94.31 15 1.86
2.22 94.46 15.45 1.46
0 94.54 15.71 1.32
2.26 94.41 16.64 1.52
172.34 94.38 13.77 1.84
54.72 94.43 13.71 1.1
1.77 94.48 15.92 1.05
1.36 94.41 17.68 1.38
4.11 93.94 18.1 1.66
0.05 94.06 17.5 1.29
0 94.07 17.12 2.5
1.25 93.85 20.32 2.73
13.02 93.2 19.53 3.66
0.12 93.6 18.84 3.63
0 94.2 13.81 1.86
0.69 93.87 16.36 1.53
2.27 94.47 15.97 1.68
9.04 94.87 14.29 0.73
6.03 93.9 19.53 3.31
0 94.36 17.93 1.56
0.02 94.32 18.77 1.34
0.66 94.18 18.35 2.84
17.3 94.6 12.28 3.34
0 94.82 8.61 2.48
0 94.63 10.78 1.98
0 94.27 12.05 2.08
0 93.59 17.99 3.55
0 93.68 16.72 2.87
0 94.65 12.71 1.46
0.93 94.51 13.75 1.74
133.63 94.57 10.88 2.25
0 94.66 10.67 3.19
0 94.41 9.3 1.76
0 93.73 17.58 4.15
0 94.82 13.18 1.13
0.01 94.75 15.4 2.35
0.02 95.07 12.24 2.33
0.16 94.54 11.28 1.87
0 93.55 15.72 3.21
4.69 93.66 13.08 4.51
0 94.09 10.37 3.79
0 94.58 11.58 1.76
11.49 94.54 11.32 2.72
1.15 95.46 3.48 5.15
0 95.45 2.8 1.08
0 95.04 7.31 1.34
0 95.04 7.05 1.23
0 94.81 11.24 2.99
53.27 95.03 9.13 1.54
0.57 95.08 6.95 2.04
0 94.91 5.86 1.23
42.18 94.76 5 2.17
16.56 94.72 1.01 2.36
0 94.92 3.82 3.95
0 95.19 5.72 2.92
0 94.72 4.74 1.35
0 94.16 7.59 2.14
1.68 94.73 5.91 1.66
1.74 95.26 4.26 2.81
0 95.18 3.85 1.86
0 95.29 4.53 0.8
0 95.03 4.45 1.3
0.79 94.5 8.9 2.46
0.69 94.83 7.23 3.47
0 95.15 5.5 1.83
0.02 94.4 6.69 2.63
0.13 94.01 5.7 4.14
0.01 94.38 2.74 2.89
0 94.43 2.48 2.38
0.04 95.03 1.55 3.57
0 94.97 -1.77 4.32
0 95.02 1.22 2.5
0 94.93 1.74 1.77
0 94.29 1.75 2.27
0 94.08 2.91 3.61
0 94.05 2.97 2.26
0.1 94.23 1.56 3.76
0.01 94.6 -3.54 4.75
0.03 94.81 -4.02 6.39
0 94.7 -3.91 4.11
0 94.73 -2.01 2.79
0 94.92 -2.97 0.94
0 94.68 1.47 1.96
0 94.4 1.54 2.14
0.02 94.08 -0.55 2.3
0 93.91 -4.3 5.04
0 94.04 -7.69 3.75
0 94.26 -10.62 7.11
0 94.46 -5.5 3.79
0 94.06 0.71 3.44
0 94.73 -2.62 2.23
574.8 94.45 -0.33 3.28
574.8 94.23 -0.39 1.39
574.8 94.51 2.28 2.48
574.8 94.54 1.47 2.65
574.8 94.73 -1.53 2.82
574.8 94.29 -2.01 1.01
574.8 94.38 -4.64 1.37
574.82 94.37 -4.34 2.46
574.81 94.59 -6.27 3.07
574.92 94.04 -8.11 3.29
574.96 94.03 -8.99 2.21
574.8 94.19 -12.06 4.48
574.8 94.49 -11.77 2.82
574.8 94.86 -8.82 3.31
574.8 95.43 -8.16 1.62
574.8 95.4 -10.02 1.46
575.62 95.68 -12.55 2.37
574.92 95.3 -13.79 2.7
574.88 95.19 -12.52 2.75
574.81 95.59 -11.62 1.93
574.8 95.61 -10.57 1.12
574.8 95.32 -10.22 0.85
574.8 95.49 -9.44 1.15
574.8 95.39 -9.59 0.84
574.84 94.86 -6.62 3.03
574.83 95.34 -10.51 4.05
574.8 95 -11.07 1.5
574.8 94.53 -10.61 2.95
574.8 93.81 -5.77 4.19
574.8 93.64 -4.88 3.81
574.8 93.25 -3.36 4.65
574.8 93.68 -3.68 3.11
574.8 93.94 -2.85 3.33
574.8 94.56 -4.84 2.63
575.9 94.43 -7.6 1.82
576.43 94.71 -9.03 1.85
574.81 94.37 -7 2.88
574.8 94.95 -7.25 2.27
574.8 95.38 -14.46 2.99
574.8 94.96 -13.81 2.58
574.8 94.98 -11.35 2.42
574.8 95.08 -10.06 2.24
574.8 95.59 -12.85 1.65
574.8 95.3 -13 1.56
574.8 95.33 -11.02 2.01
574.8 95.14 -7.45 2
585.27 95.21 -10.55 1.57
574.8 95.13 -10.38 1.58
574.8 95.36 -8.13 2
574.95 94.37 -6.59 4.52
574.81 94.91 -10.5 4.03
574.8 95.06 -9.89 2.31
574.8 94.38 -6.15 1.78
574.8 93.57 -0.91 3.15
574.8 94.21 -3.45 1.98
574.8 95.12 -9.37 2.73
574.8 94.6 -7.11 4.05
574.8 94.09 -4.67 4.09
574.8 94.63 -7.13 3.76
574.8 93.32 -0.72 5.24
574.8 94.09 -7.25 3.44
574.8 94.18 -7.25 1.88
0.1 93.76 -4.38 2.04
0.02 93.82 -4.42 5.59
0 94.66 -13.16 3.92
0 94.81 -11.36 2.13
0 95 -12.16 1.45
0 95.26 -10.31 1.64
2.12 94.93 -11.13 1.38
13.71 95.01 -12.97 2.66
0 95.6 -15.27 3.04
0 95.39 -14.59 1.33
0 94.83 -11.85 1.25
0 95.49 -13.41 1.31
0 95.39 -12.98 2.09
0.08 94.6 -5.88 3.07
0 94.68 -6.28 1.88
0.03 95.27 -6.99 2.2
0 95.81 -10 1.52
0.7 95.33 -9.43 1.35
1.2 95.1 -9.65 1.94
0 95 -7.52 1.27
0 94.97 -4.45 2.19
0.16 95.53 -8.61 1.55
0.04 95.32 -5.81 1.17
0 94.85 -1.87 1.55
0 94.69 2.64 1.7
0.32 94.43 4.03 3.64
0.81 95.13 -3.86 3.91
0.03 94.8 -7.26 1.94
0 94.69 -5.6 1.53
0.38 94.62 -5.87 2.43
1.04 94.64 -6.52 1.9
2.53 94.96 -6.1 2.79
0 94.99 -7.37 2.92
0 95.15 -7.82 3.16
0 95.14 -6.05 2.48
0 94.68 -5.95 2.05
0 94.98 -5.41 2.18
0 94.41 -2.24 2.17
0 94.26 1.04 3.7
0 94.92 -2.04 4.43
0 94.5 -2.08 1.79
0 94 2.26 3.72
0 93.74 7.11 2.69
0 94.08 4.69 2.25
0 93.65 7.93 5.57
0 94.77 3.65 2.05
0.05 94.7 3.35 5.4
0 95.01 3.66 4.91
0 94.39 6.95 3.44
0 94.49 7.77 3.18
0 94.69 7.93 2.59
0 93.71 13.14 5
0 93.73 12.26 2.5
0 93.75 11.3 2.84
0 93.76 10.45 3.29
79.01 93.55 11.22 3.12
38.65 94.05 9.39 2.06
0 94.24 11.19 2.41
0.29 94.32 8.87 1.89
0 93.79 11.85 2.83
0 94.54 7.38 3.81
0 94.91 2.01 4.69
0 94.08 6.23 4.59
0 94.67 5.21 4.19
0 94.05 13.87 4.19
0 94.03 14.1 1.57
0 93.85 15.05 2.74
0 94.13 11.04 4.53
0 94.81 9.03 2.09
0.72 94.42 10.48 2.18
0.32 94.12 11.74 1.94
0 94.26 13.73 1.39
0 94.17 17.96 3.32
0 94.78 12.41 2.9
0 94.05 13.52 2.36
9.66 94.09 6.54 3.14
0.03 94.77 7.05 2.65
31.47 94.53 6.88 2.52
0.04 94.12 9.14 60.95
0 94.23 11.46 3.96
0 93.9 13.79 2.61
0.38 93.57 16.21 3.64
1.61 93.79 17.97 3.99
0.23 94.28 16.68 3.7
39.74 94.56 11.29 3.3
0 94.87 12.28 2.72
0 94.72 13.14 1.84
0 94.08 14.87 1.54
0 93.51 19.26 1.74
2.76 93.49 18.03 4.68
195.28 94.14 6.19 5.02
11.78 93.67 7.15 5.87
8.05 93.92 4.75 5.78
0.07 94.14 7.73 4.69
0.05 93.55 11.9 2.35
33.84 93.63 7.08 4.39
0.28 94.15 11.11 1.81
86.22 94.42 9.79 2.49
2.83 94.28 11.7 1.8
195.36 93.47 8.67 2.57
46.75 92.59 14.94 4.04
0 92.8 16.96 4.17
0.05 93.15 13.41 3.66
0 92.9 13.49 3.55
0.02 93.7 16.37 3.17
1.57 94.03 16.12 1.95
2.24 93.67 18.18 2.99
50.02 93.29 16.49 2.55
1.66 93.36 17.29 3.22
0.01 93.49 18.86 2.21
0 93.46 21.85 2.19
0.24 93.76 25.42 3.6
44.19 93.61 17.64 2.58
0.25 93.18 16.7 5.79
0 92.67 21.13 4.45
31.5 92.48 18.22 2.64
1.37 92.89 21.53 1.77
0 93.01 23.72 17.75
0.14 93.56 25.15 2.38
0 93.5 28.58 4.29
2.39 93.73 23.65 2.59
0.16 93.87 21.87 2.5
0 93.77 22.55 2.12
0.27 93.55 22.46 2.01
11.13 93.41 23.36 2.29
420.99 93.58 15.41 2.29
96.68 93.42 12.7 3.28
12.76 93.08 15.83 3.05
22.75 93.38 15.31 1.91
40.57 93.8 14.99 1.78
6.29 93.9 18.13 2.4
7.17 93.72 19.91 2.76
7.51 93.75 20.66 2.67
0.03 93.6 21.63 2.16
2.46 93.41 23.1 1.4
229.94 93.2 20.11 1.8
48.89 93.07 19.49 1.84
102.19 93.24 18.63 2.43
2.74 93.52 18.77 1.91
12.68 93.63 19.15 1.94
4.53 93.75 19.27 1.55
262.28 93.84 17.95 2.83
0.81 93.71 21.31 1.91
0.08 93.29 23.53 2.33
15.41 93.08 22.42 2.93
10.63 93.19 21.42 3.72
0.19 93.65 21.65 3.94
0.33 93.55 22.78 3.25
0 93.63 24.25 1.95
0 93.57 24.84 1.55
12.59 93.51 22.97 2.58
45.48 93.19 20.38 2.29
20.42 92.93 23.13 2.1
0.02 93.44 25.12 2.55
0.34 93.46 25.93 2.99
0.89 93.35 26.22 2.33
2.78 93.13 25.31 2.81
17.47 93.09 22.75 3.5
0 93.3 23.76 3.19
0 93.03 24 4.14
4.13 93.12 22.17 2.93
3.06 93.31 21.26 2.76
0.39 93.23 22.68 2.59
3.35 93.29 23.55 1.73
12.71 93.21 23.39 2.38
84 93.29 21.65 18.11
3.2 93.54 22.37 17.57
0.11 93.61 26.42 1.63
0.74 93.7 28.81 2.03
2.04 93.31 29.37 4.43
65.72 93.22 23.91 2.29
0.13 93.53 22.13 1.69
0 93.23 25.28 3.02
0.04 93.62 22.93 2.12
0 93.67 23.13 1.52
0.01 93.84 23.38 1.6
3.14 93.67 26.01 2.5
4.49 93.21 27.54 3.26
8.16 93.23 26.08 3.49
11.3 93.38 24.96 1.76
0 93.47 26.75 2.31
0 93.45 27.38 2.7
5.31 93.36 25.9 2.58
5.52 93.35 25.39 1.88
83.09 93.61 19.41 2.49
1.45 93.53 21.83 1.86
0 93.83 21.83 2.59
0 93.93 21.45 1.3
0.01 93.75 22.4 1.9
54.7 93.5 20.98 2.31
11.82 93.27 20.82 1.49
0.5 93.48 21.78 3.82
0.23 93.67 20.69 2.17
7.2 93.66 19.26 1.97
5.62 93.57 18.62 1.56
8.51 93.65 19.87 2.23
2.26 93.74 20.1 1.68
0.97 93.87 21.56 2.28
5.42 94.08 21.18 1.82
1.37 94.02 22.57 1.92
0.46 93.68 23.59 2.4
1.78 93.71 24.14 1.83
107.21 93.6 22.48 2.52
79.41 93.47 22.11 1.67
37.05 93.74 19.44 2.2
0.68 94.02 19.79 2.65
0 94.11 21.04 1.83
0 94.21 23 1.52
3.15 94.32 20.59 1.69
1.9 94.36 20.96 1.57
0.36 94.32 20.6 1.85
6.63 94.14 19.87 1.9
6.38 94.11 19.32 1.76
240.43 94.11 15.33 2.48
0.96 93.7 17.26 1.52
0 93.41 19.96 2.31
0 93.92 18.48 1.38
0 93.92 20.57 1.44
1.63 93.52 20.54 3.17
0.01 93.82 18.29 3.1
0 94.01 15.54 1.31
0.01 94.25 16.88 1.48
0.06 94.23 18.59 1.87
34.06 94.3 16.24 1.39
0.31 94.08 18.23 2.43
0.03 94.41 16.37 3.21
0 94.51 14.22 3.56
0 94.55 12.97 1.25
0 94.64 16.26 1.26
0 94.6 16.89 1.74
28.01 93.91 16.23 2.39
21.63 93.92 13.63 2.97
0.01 94.5 13.65 1.41
0.27 94.5 16.02 1.9
88.53 94.74 11.57 1.9
20.43 94.48 12.5 1.5
0 94.36 13.56 1.59
40.16 93.7 13.84 2.3
0.03 94.29 13.31 2.35
0.96 94.16 14.13 2.71
28.92 95.05 5.02 3.92
0.12 95.04 5.01 1.71
21.04 94.19 6.28 1.93
8.25 94.1 7.57 2.27
0 94.4 8.84 1.65
124.2 94.61 6.59 1.56
23.74 95.12 7.35 2.47
0 94.89 8.59 2
0 94.48 12.24 1.62
0 94.34 14.32 2.46
0 94.56 16.29 2.1
0 94.8 13.34 1.54
0.46 94.72 13.9 2.65
0.78 95.69 7.68 3.11
0 95.24 3.85 1.27
0 94.28 8.41 2.37
0 93.84 9.47 4.36
0 94.34 9.52 2.99
0 94.12 12.8 2.67
0 94.22 13.47 2.13
0 93.89 16.6 4.46
0 94.8 6.68 2.58
0 95.12 2.77 1.7
0 94.52 5.87 1.61
0 93.78 11.5 3.06
0 93.51 14.17 3.24
0 93.76 10.89 1.77
0 95.25 3.31 4.74
0 95.58 1.79 1.44
0 94.99 3.77 1.64
0.04 94.71 8.27 1.8
5.58 94.96 7.69 20.37
3.03 94.67 4.62 1.32
729.66 94.32 6.19 3.74
729.71 94.48 2.86 3.68
729.65 94.24 6.73 2.52
729.65 93.85 8.3 3.84
729.66 94.25 5.77 3.12
729.65 95.52 -1.74 2.68
729.65 95.45 -2.02 1.35
729.65 95.05 0.25 1.74
729.65 94.85 4.42 1.71
729.65 94.54 3.97 1.3
729.66 94.2 2.61 3.66
729.72 94.64 -5.32 5.93
729.65 94.61 -1.96 3.03
729.65 94.97 -2.22 1.55
729.65 95.08 -1.97 1.46
729.75 94.94 0.48 1.99
729.65 95.26 -1.24 1.39
729.65 95.18 -0.58 1.53
729.65 94.48 2.03 3.11
729.65 93.91 3.18 4.13
729.65 94.46 0.5 2.8
729.65 94.95 -2 2.11
729.68 94.7 1.85 3.37
729.65 95.14 -3.28 1.97
729.65 94.18 -2 2.42
729.65 93.74 60.55 5.5
729.65 94.87 -3.71 2.04
729.65 94.36 -1.56 1.35
729.66 94.18 -0.06 2.28
729.8 94.34 -2.05 5.91
0 94.89 -12.27 6.99
0 94.63 -11.21 3.99
0 94.38 -11.79 6.21
0 94.52 -11.31 4.61
0 94.63 -10.61 3.45
0 94.83 -10.54 1.76
0.74 94.87 -10.06 1.4
0 95.36 -10.24 1.51
0.03 95.19 -7.62 3.09
0.89 94.62 -5.63 4.95
0.05 95.02 -9.59 3.03
0.01 94.63 -10.59 4.15
0 94.77 -11.03 2.62
0 94.82 -9.02 1.65
0.16 94.78 -9.5 3.4
0 94.85 -13.24 3.26
0.01 94.87 -11.2 2.09
0 94.76 -7.56 2.86
0.11 94.56 -6.8 4.9
0 94.87 -10.92 3.96
0 94.5 -10.25 3.33
0 94.3 -3.06 2.33
0 94.38 -3.08 3.27
0 95.21 -5.81 3.83
0 95.44 -5.14 2.62
0 95.16 -8.44 1.1
0 94.77 -3.93 2.6
0 94.19 -4.88 2.08
0 93.55 -4.03 3.77
0.07 94.26 -7.43 114.98
0.02 94.98 -11.82 5.39
0.09 94.94 -11.65 2.8
0 94.87 -7.16 3.04
0 93.63 -2.08 4.1
0 93.9 -2.88 1.75
0.21 94.28 -3.1 5.61
0 94.78 -7.71 3.13
0 95.15 -9.47 1.62
0 95.03 -8.41 2.12
0 94.92 -5.55 2.37
0.03 94.5 -4.85 2.74
0 95.52 -8.08 2.3
0 95.58 -8.86 1.74
0 95.15 -5.18 1.96
0 95.38 -9.51 1.64
0.27 95 -10.47 1.75
1.8 94.99 -10.69 3.64
0 95.07 -9.06 2.15
0.79 93.98 -5.11 3.76
0.01 94.6 -8.45 1.7
0.03 94.54 -7.3 2.5
0.32 95.09 -7.91 1.81
0 94.51 -7.74 1.86
0 94.03 -3.5 3.44
0 94.91 -7.43 1.89
0.51 94.49 -4.41 1.17
4.76 95.14 -9.18 3.98
0 95.63 -12.56 2.75
0 95.45 -12.19 2.24
0.06 94.88 -8.88 4.04
0 95.51 -10.96 3.61
0 95.77 -9.22 1.44
0 95.57 -8.33 1.59
0 95.41 -7.75 1.64
0.07 95.31 -4.95 2.74
0.04 95.24 -7.37 3.26
0 95.1 -4.27 2.78
0 94.51 -1.34 2.99
0.02 95.34 -11.42 5.25
0 95.38 -11.55 3.62
0 94.67 -5.72 2.72
0 94.08 -2.98 2.52
0.01 94.11 -6.67 3.64
0 94.28 -6.7 2.16
0 93.88 -4.4 1.8
0 93.74 -1.09 2.5
0.01 94.42 -4.53 1.15
7 94.17 -1.79 2.48
0.01 94.79 -2.19 4.85
0 95.41 -3.97 2.19
0 94.83 -3.69 3.01
3.27 93.99 -0.25 3.91
11.48 93.5 -0.82 6.32
0.1 93.95 -6.61 6.04
0 94.23 -6.68 1.87
0 93.87 -6.72 2.05
0.19 94.38 -8.48 3.17
0 94.73 -9.73 3.81
0 95.33 -7.48 1.78
1.47 94.36 -2.35 5.39
0 94.08 -1.13 3.24
0.03 93.72 -3.52 2.55
0.12 94.39 -7.58 6.44
0 94.86 -6.66 2.5
0 94.56 -3.37 2.93
0 93.9 1.79 4.61
0 94.27 1.29 3.07
2.27 94.89 -4.02 2.89
0 95.64 -10.4 5.74
0 94.94 -4.24 3.6
0 94.61 -4.6 3.62
0 94.13 -3.48 2.96
0 98.63 55.08 60.45
0 94.19 0.61 3.65
0 93.86 5.57 4.26
0 93.82 5.5 3.15
0 94.59 2.13 2.42
0 93.81 6.95 3.09
0 94.11 6.39 4.11
0 94.24 5.17 2.56
0 94.19 5.85 4.25
0 95.1 1.57 4.29
0 95.28 3.26 3.09
0 95.45 3.89 1.42
0 95.2 8.18 2.78
0 95.01 12.69 4.29
0 94.21 13.33 5.01
0 93.84 12.04 3.93
0 93.94 10.42 3.09
0 93.46 14.53 4.26
1.84 94.53 6.01 2.95
0 94.58 4.23 1.57
192.23 93.1 1.79 2.27
0.64 93.88 2.83 2.13
1.93 93.8 4.5 1.7
0.12 94.35 2.89 5.15
0 95.43 -1.56 4.09
0 95.37 -0.28 3.55
0 94.59 4.21 2.41
0.03 94.35 7.47 2.92
0.03 94.57 7.39 1.8
6.79 94.79 6.53 4.16
186.55 95.45 -1.79 4.74
0.12 94.99 2.38 1.82
0 93.4 11.53 1.9
0.41 92.55 14.14 3.91
0.35 93.43 7.75 6.15
0 93.51 10.66 1.98
0.02 93.77 12.44 2.86
0.01 94.28 9.97 3.35
0.01 93.88 10.76 3.13
0.02 93.81 10.82 2.19
0 94 13.87 4
0 94.24 13.5 5.52
0 94.49 14.13 2.48
0 93.88 20.61 4.27
0 93.52 23.56 4.41
7.1 93.2 20.41 3.53
3.69 93.85 16.43 2.77
0 93.87 19.14 2.35
0 93.79 21.13 2.87
15.5 93.58 16.62 3.61
6.51 93.63 15.54 2.01
0 93.98 12.18 5.65
0 93.72 13.4 4.22
0 93.22 13.99 5.98
0 93.73 11.84 2.54
0.12 93.66 12.31 5.45
11.78 93.98 6.83 1.88
0 94.33 8.32 1.38
81.6 94.2 7.5 2.7
49.47 93.27 7.02 2.08
14.58 92.08 10.7 4.39
0.28 92.16 18.9 3.65
1.29 93.52 14.94 5.82
0.01 94.07 15.1 4.34
0 93.49 18.47 3.32
11.92 92.65 18.67 3.28
7.86 92.87 13.72 5.77
1.19 93.25 12.51 6.23
0 94.09 18.29 4.34
0 93.72 21.42 2.67
0 93.58 22.2 2.45
0.32 93.5 22.18 1.87
0.05 93.32 25.09 3.03
0.2 93.22 25.94 4.02
6.1 93.42 22.96 2.38
0.11 93.42 22.6 2.91
3.26 93.02 24.02 3.75
0.19 93.39 21.21 3.89
0 93.45 19.68 2.19
0 92.6 24.76 6.31
1.93 93.18 22.09 2.95
0.79 93.73 18.32 4.33
0 93.92 21.28 2.66
81.23 93.13 17.61 2.86
25.88 92.62 19.19 2.55
27.4 93.15 18.24 2.43
0.08 93.44 19.46 4.01
3.1 93.22 19.16 2.55
1.87 93.22 18.83 2.17
65.9 92.95 16.72 2.62
142.28 92.5 14.63 1.95
45.27 92.58 15.76 1.54
85.99 93.5 16.46 2.3
0.97 93.74 20.26 1.6
3.66 93.56 21.72 2.37
0.09 93.27 22.86 1.9
89.72 93.34 18.57 2.65
4.07 93.48 18.19 4.08
78.83 93.96 16.26 2.85
0.02 94.04 21.3 2.4
0 93.64 23.2 1.45
3.62 93.34 24.31 2.44
0.21 93.48 23.95 2.38
14.69 93.28 24.05 2.64
13.01 93.02 21.35 2.27
55.59 93.02 20.67 2.59
1 93.45 21.77 1.49
5.55 93.47 23.83 2.08
162.24 93.7 16.97 1.99
44.16 93.07 17.83 1.52
44.35 92.66 18.45 3.03
4.74 93.23 15.81 3.67
0.03 93.79 18.07 2.06
70.81 93.72 19.3 1.85
8.84 93.87 19.98 1.37
0 93.82 22.43 2.06
0.19 93.67 24.16 2.13
4.12 93.83 24.91 2.04
0.21 94.05 26.03 2.38
5.06 93.88 23.98 2.53
0.66 93.63 25.05 1.7
0.37 93.18 26.23 2.62
0.12 93.03 26.02 3.3
5.67 93.31 25.81 2.81
35.35 93.75 22.25 2.27
44.21 93.96 19.76 2.12
20.63 93.76 20.92 1.68
162.38 93.56 21.49 1.64
37.69 93.68 22.08 1.81
10.99 93.59 22.87 2.48
18.43 93.34 23.45 2.06
84.16 93.34 22.36 1.63
5.22 93.35 22.2 1.23
8.66 93.16 22.23 1.39
1.98 92.96 23.84 1.96
1.83 93.38 24.8 2.19
9.16 93.45 24.6 1.84
19.99 93.2 23.61 2.46
186.89 93.21 22.87 2.24
131.8 93.62 20.28 2.53
3.7 93.82 21.93 1.64
1.23 93.59 22.84 1.67
15.14 93.09 25.23 3.26
0.05 93.11 22.29 1.93
0.91 92.98 24.4 2.9
1.84 93.12 25.23 3.54
14.33 93.49 24.34 1.7
9.07 94.06 22.08 2.65
13.31 94.11 23.02 1.53
3.62 94.04 23.63 2.4
0 94.08 23.62 2.41
0 93.9 23.82 1.42
0 93.73 24.2 1.53
0 93.38 25.33 1.69
0.49 93.2 25.15 2.61
0.01 93.5 23.44 2.45
0 93.54 23.34 1.41
0.34 97.59 80.87 59.59
77.34 97.94 80.48 59.74
132.85 93.96 19.73 1.78
12.02 93.69 19.13 2.19
8.59 93.53 19.49 2.51
57.27 93.64 19.19 1.86
7.65 93.96 19.98 1.97
40.57 94.2 19.01 2.13
5.67 94.14 19.53 1.91
59.38 94.01 18.85 2.4
0.04 93.93 20.09 2.71
33.64 93.77 19.64 1.91
2 93.92 18.08 1.25
8.88 94.06 18.2 1.49
205.6 94.25 17.18 1.49
115.39 94.31 17.53 2.48
1.29 94.29 20.26 2.6
0.09 94.44 18.98 1.85
14.02 94.24 17.59 1.4
60.27 94.1 16.07 2.17
0.01 94.23 16.85 1.98
0 94.09 19.29 1.26
2.54 94.23 20.41 2.48
28.65 94.97 15.02 2
1.11 94.85 13.73 1.54
65.09 94.29 12.7 1.73
4.52 94.23 14.01 2.24
0 94.15 19.62 2.35
0 94.46 19.4 2.34
0 94.56 18.91 2.89
0 94.41 19.34 2.34
4.28 94.41 19.87 1.45
6.77 94.51 18.71 2.3
0 94.6 16.2 2.31
3.48 94.04 16.19 2.28
4.75 93.83 18.9 2.27
42.36 93.66 17.26 2.73
11.48 93.84 12.9 2
23.24 93.73 14.74 1.95
4.62 93.77 15.4 3.55
0 93.98 13.94 2.38
0 94.23 15.58 2.65
0.07 95.04 13.39 1.65
1.78 95.47 10.84 2.02
2.99 94.31 14.54 3.22
42.19 93.63 10.81 5.65
0.04 93.53 13.25 4.83
0 94.52 10.72 1.43
0 94.82 13.88 2.53
0 94.34 17.69 3.62
0 94.25 17.48 1.86
0 94.03 17.76 3.09
0 94.35 9.36 4.13
0.29 93.68 5.37 3.48
2.97 93.86 5.11 5.66
2.08 94.19 9.61 5.19
0 94.56 12.1 2.42
0 94.64 12.83 1.74
0 94.38 13.83 1.64
0 94.32 14.3 1.44
0 94.33 15.47 2.61
5.8 94.51 12.59 2.97
0 95.25 4.83 2.55
0 94.1 10.28 2.86
42.08 94.74 4.1 1.5
7.42 95.03 4.42 1.96
0.64 96.92 38.57 16.71
0 96.42 39.03 16.65
0 95.3 6.57 1.96
0 95.14 4.39 1.67
6.02 93.92 7.29 6.05
0 94.02 3.2 4.2
0 94.6 1.15 3.83
0 94.93 -0.5 4.04
0 95.35 0.39 2.89
0 95.39 3.13 1.46
0 94.75 5.88 1.65
0 94.58 6.22 1.08
0 94.47 9.41 4.32
0 94.71 9.87 3.39
0.16 95.91 0.39 3.75
57.67 95.98 -4.63 2.26
36.3 95.6 -4.75 3.15
7.89 95.08 -4.35 1.74
0.21 95.07 -3.98 1.19
0 95.18 -4.1 1.34
0 95.36 -3.16 1.54
0.03 95.19 0.18 1.16
0.01 94.49 2.08 1.96
0 93.87 5.08 2.77
0.69 94.79 1.41 2.09
4.11 94.57 -3.49 2.53
0 95.29 -6.04 2.09
7.38 95.15 -7.9 2.3
8.92 95.16 -8.96 1.94
2.98 95.13 -9.56 1.92
1.95 95.62 -9.53 1.37
16.13 96.11 -12.21 2.51
11.75 96.17 -13.79 2.71
0.05 96.02 -15.72 1.93
0.01 95.18 -15.12 2.51
0 95.08 -14.42 2.57
0.04 94.56 -11.78 1.34
0.17 95.03 -10.59 1.28
2.95 94.76 -5.32 2.76
0 94.62 -6.93 1.64
0.31 93.94 -3.09 2.21
0.09 93.78 -6.33 5.3
0.24 94.11 -8.09 5.88
0 94.45 -5.11 3.97
0 95.12 -5.39 2.27
0 95.26 -8.03 1.49
0 95.4 -9.58 0.94
0 94.95 -3.2 2.39
0.49 94.63 -0.02 3.17
0 94.97 -2.18 3.55
0 95.26 -7.29 1.41
0 94.91 -6.62 1.52
0 95.04 -7.01 0.87
5.52 94.33 -5.37 3.14
0.02 94.42 -6.98 4.8
0.03 95 -9.08 5.74
0 95.01 -7.45 3.13
0 95.52 -5.41 1.95
0 95.45 -5.95 1.38
0 94.59 -2.93 2.41
0 94.85 -5.02 1.81
0 94.91 -7.66 1.81
0 94.86 -5.28 2.46
0 94.93 -9.34 2.48
0.01 93.87 -7.25 3.05
0 94.99 -13.49 3.39
0 95.65 -14.83 1.96
0 95.4 -7.36 2.53
0.17 94.99 -5.49 1.58
3.79 95.27 -7.69 1.1
0 95.21 -8.1 2.16
0 94.37 -1.95 2.45
0.01 94.41 -5.7 1.28
2.89 94.6 -8.62 1.92
0 95.04 -11.28 3.92
0 94.82 -12.31 2.57
0 95.16 -10.05 3.01
0 94.96 -9.74 3.72
0 94.78 -10.47 2.97
0 94.55 -10.23 2.11
0 95.29 -12.86 3.2
0 95.53 -13.4 2.76
0 94.99 -12.81 3.16
0.06 94.36 -11.72 4.4
0.08 94.09 -11.07 2.79
0 94.17 -12.3 1.72
19.94 94.84 -16.93 2.27
0.86 94.79 -19.92 2.26
0 94.4 -19.54 4.52
0 95 -18.8 1.66
0 95.51 -18.43 1.48
0.29 95.47 -18.01 2.27
0.31 95.96 -21.48 3.08
0 95.84 -24.23 4.97
0 95.37 -15.06 4.83
0 94.8 -9.72 3.08
0 94.68 -11.74 3.8
0 94.74 -9.82 4.06
0 95.32 -13.64 1.81
0 95.75 -16.96 1.44
0 95.51 -16.9 2.28
0 95.56 -13.25 3.21
0 95.44 -10.84 3.03
0 95.1 -9.03 2.06
0 94.89 -8.58 2.64
0 95.09 -8.95 3.77
0 95.03 -8.9 3.66
0 94.92 -7.33 2.85
0 94.04 -7.25 3.09
0.01 93.7 -4.77 3.42
0 94.33 -3.26 2.94
0 93.97 1.95 2.79
0.02 93.88 1.99 2.43
1.25 94.25 0.03 3.37
25.7 94.99 -9.03 6.02
0 94.97 -12.79 5.59
0 94.31 -9.71 3.92
0 94.23 -5.37 4.16
0 94.14 -2.52 3.82
0 94.16 -4.45 3.92
0.09 94.99 -7.5 3.74
0 94.93 -9.79 4.11
0 94.74 -10.08 2.52
0.01 94.94 -7.54 3.33
0 95.8 -11.2 2.2
0 95.41 -9.55 2.47
0 95.35 -9 3.36
0.06 94.68 -6.99 3.22
0.02 94.79 -7.75 2.02
0.09 95.11 -8.8 3.95
0.05 95.3 -9.17 3.31
0.02 94.39 -0.83 2.8
0 94.06 1.44 1.97
0 94.04 -0.1 2.99
0.1 94.42 -1.56 1.48
11.19 94.22 -0.08 4.37
0.02 94.23 -1.7 2.85
4.57 94.51 -5.25 4.24
0 95.24 -8.7 4.72
0 95.32 -8.32 3.96
0.03 95.1 -7.37 3.43
0 94.57 -5.62 2.08
0 93.94 -1 4.33
0 94.72 -2.32 2.62
0 94.54 1.72 2.71
0 93.98 4.99 2.66
0 93.84 8.44 3.27
0 93.41 10.52 5.5
0 93.93 6.99 4.83
0 94.8 3.25 1.9
0 95.02 5.7 1.81
0 94.66 8.66 2.82
0 95.05 4.61 4.35
0.01 95.59 1.28 4.75
0 95.58 1.62 3.47
0 95.26 2.83 3.35
0 94.88 7.41 3.38
0 94.27 9.55 2.6
0 93.65 11.19 3.67
0.14 94.13 6.72 3.82
0 94.04 8.91 3.41
0 93.11 15.51 4.7
4.31 93.43 9.73 5.27
0.22 94.48 5.4 4.46
0 94.46 7.96 3.88
0 93.66 10.43 3.75
0.05 93.97 9.85 2.41
0.31 93.31 12.68 5.07
0 93.73 9.71 5.29
0 93.62 11.55 6.09
0 93.95 6.46 3.05
0 94.58 4.48 3.23
0 93.97 7.21 4.6
6.23 93.17 9.83 2.78
0.09 92.94 10.8 5.6
0 94.05 10.69 3.21
0.2 93.53 15.74 5.49
3.93 93.52 10.64 4.47
1.85 93.52 5.63 4.62
1.49 93.8 6.39 2.5
0.79 94.08 7.76 3.76
0.01 93.76 14.12 3.06
0 92.96 15.41 6.61
0 93.49 9.91 6.5
0 94.01 10.82 3.18
0 93.44 14.73 4.88
0.45 94.36 9.41 3.38
50.44 94.57 6.81 2.12
2.91 94.17 11.18 1.7
0 94.33 11.99 2.32
48.87 93.46 12.34 2.4
0.02 93.09 16.66 2.62
49.81 92.82 21.11 4.38
192.59 93.67 10.3 2.15
19.03 92.8 11.56 4.84
0 93.25 15.8 3.2
5.17 93.16 15.99 5.41
0.01 93.55 12.38 6.49
0 94.29 15.03 2.61
0 93.71 18.95 4.75
1.56 93.95 16.53 2.77
0 93.61 17.18 2.26
1.11 92.76 20.15 4.01
121.74 93.55 11.09 5.23
0 94.35 14.77 3.53
26.35 93.97 12.08 4.02
0.41 93.85 12.57 3.61
0 93.32 18.55 3.69
0 93.45 23.2 3.54
0 93.69 24.6 4.08
0 93.92 23 3.55
0 94.07 22.84 3.45
0.03 94.86 18.99 3.88
0.02 94.78 17.55 2.49
34.38 93.85 14.88 2.05
31.01 92.78 15.25 4.77
3.01 93.05 18.69 3.44
0.27 93.56 18.53 5.07
0 93.46 21.82 5.05
0.05 93.09 24.52 4.11
0 93.5 18.74 4.52
0 93.2 22.26 4.95
4.86 94.01 17.21 1.87
0 94.06 19.74 1.26
0 93.66 23.28 2.53
0.01 93.31 24.64 3.28
0.03 93.48 23.29 2.67
0.1 93.72 23.52 1.89
11.19 93.91 19.55 3.46
1.84 93.94 19.25 1.96
0.05 93.69 22.1 3.04
15.18 93.33 20.76 4.01
74.74 93.09 20.52 4.43
45.53 93.64 17.51 2.45
13.54 93.54 18.89 1.96
1.82 93.2 19.53 1.91
63.76 93.11 15.15 1.91
12.44 93.13 18.31 1.78
2.01 92.73 19.66 2.16
70.88 92.78 20.21 1.83
2.01 93.33 19.87 3.05
0 93.41 23.34 2.66
16.62 93.04 25.42 2.8
28.04 93.08 23.84 2.21
11.77 93.11 22.64 2.08
9.94 93.42 20.8 3.3
1.62 93.44 20.93 4.13
0 93.59 24.47 3.31
0 93.53 24.59 1.76
17.97 93.25 23.17 2.75
42.99 93.32 19.11 2.96
124.9 93.18 20.43 1.98
67.08 93.27 19.84 1.85
0 93.44 20.31 1.69
0.22 93.38 22.09 1.47
0 93.48 25.53 2.68
0 93.63 25.16 3.16
1.35 93.86 25.45 1.94
0 93.94 26.95 1.47
0 93.85 27.76 2.68
0 93.6 27.34 2.73
0 93.4 28.33 1.77
0 93.15 29.27 2.26
4.23 92.83 29.7 3.3
115.49 93.19 21.29 1.98
0.34 93.48 24.14 2.48
0.7 93.84 22.03 2.86
3.72 93.52 19.47 2.24
2.34 93.39 18.54 2.5
4.87 93.63 21.41 1.65
0.12 93.6 23.83 2.04
5.14 93.66 24.56 2.63
125.71 93.83 20.92 1.93
868.36 93.35 20.29 2.78
24.62 93.08 23.32 1.69
4.91 92.96 27.05 3.11
0.16 93.52 25.4 2
432.86 93.56 19.62 3.06
0.96 93.41 22.07 1.47
4.27 93.19 24.05 2.35
26.23 93.18 23.26 2.14
8.95 93.54 22.79 1.75
115.41 93.78 23.39 2.15
30.69 93.94 21.88 1.59
10.68 94.05 22.39 2.12
0.09 94.05 24.49 1.81
0 93.96 25.95 1.3
0 93.9 27.06 1.72
0 93.78 27.11 1.95
571.1 93.53 25.05 1.78
151.92 93.95 23.35 2.59
0 94.02 21.8 1.09
0 93.61 24.08 2.36
0 93.4 26.61 3.27
0.47 93.42 28.83 2.91
5.64 93.55 25.12 2.5
0 93.5 24.56 1.81
0 93.79 23.64 1.86
2.81 93.67 23.44 1.58
151.57 93.53 20.79 2.04
10.99 93.38 22.28 1.28
211.64 93.35 20 1.86
4.67 93.8 20.97 2.27
15.67 93.9 21.54 1.78
0.72 94.06 22.45 1.93
0.59 94.12 23.06 1.66
8.04 93.61 21.16 1.68
16.77 93.45 23.06 2.64
162.45 94.24 17.09 3.93
0 94.48 17.88 2.26
4.47 94.13 17.7 2.03
0.87 94.12 18.45 2.1
0 94.3 17.62 1.92
0 93.74 17.14 1.71
9.97 92.68 16.16 4.12
17.51 92.5 15.29 2.66
2.43 93.14 19.06 1.74
7.32 93.66 18.23 1.16
146.52 93.91 17.36 1.51
22.77 93.85 16.91 1.23
15.43 93.73 18.66 1.41
1.37 93.46 18.95 1.66
5.83 93.56 17.76 1.62
68.33 93.87 15.75 2.03
13.6 94.02 15.66 1.65
33.97 94.38 14.67 2.38
7.16 94.62 15.38 1.36
3.86 94.53 17.06 1.28
82.41 94.33 18.27 1.51
0.01 94.24 19.21 1.75
1.82 94.36 17.76 2.14
0.95 94.77 15.32 1.81
22.33 94.91 13.15 1.87
0.08 94.94 13.27 2.63
0 94.77 13.56 1.33
0.39 94.51 14.48 2.31
5.17 94.17 16.36 2.2
1.29 93.87 18.47 1.88
0.77 93.59 20.39 3.43
0.04 94.31 16.67 2.39
8.88 94.08 16.74 2.02
1.69 94.87 11.19 5.14
0 95.26 7.69 2.19
0.05 94.43 10.02 2.13
0.05 94.1 15.74 2.35
5.37 93.93 19.18 3.51
0.79 93.99 16.06 2.34
0.57 94.01 14.53 3.23
117.41 94.58 6.35 2.35
4.26 94.64 5.14 1.76
0.34 95.16 7.98 1.42
43.53 94.26 10.92 3.07
0.35 94.55 5.48 5.21
0 94.74 4.6 1.74
0.43 94.34 5.72 1.57
0 94.91 5.16 17.48
0.69 94.84 7.45 1.36
0 94.46 12.12 1.43
0 94.53 13.56 1.72
0.07 94.7 14.96 2.36
1.49 94.15 14.46 4.74
0 94.66 9.65 2.42
0 94.39 12.58 1.86
0 94.29 12.66 2.45
0.83 95.21 3.29 2.44
40.34 94.55 4.72 1.96
44.13 95.27 1.43 2.4
0 94.86 2.17 1.57
0 94.21 3.52 1.5
0 93.85 8.47 3.44
0 95.03 2.15 1.97
6.49 95.03 2.33 1.17
2.76 95.26 1.68 3.49
0.15 95.29 0.32 2.85
2.96 95.01 -0.83 3.68
0 95.8 -5.46 3.34
0 95.41 -3.27 2.42
0 94.73 0.94 3.38
0 94.16 2.19 1.76
0 93.29 4.17 1.71
0 94.39 0.74 2.21
0.13 95.12 -1.7 1.99
2.69 95.37 -2.24 3.42
0 95.72 -4.48 1.54
0 95.04 -1.75 2.39
0.87 93.64 2.71 3.82
1.98 93.87 -1.37 1.99
0.21 94.42 -1.79 1.27
0 93.85 4.54 4
0 94.6 0.67 5.38
0 94.78 -3.37 2.11
0 94.59 -0.09 2.93
0 94.47 -1.02 2.24
0.1 94 -0.89 2.89
1.6 94.49 -5.58 1.8
30.93 94.98 -8.03 1.91
57.66 95.34 -10.09 2.42
0 95.68 -11.71 2.92
0 95.36 -10.65 2.74
0 94.87 -8.12 3.29
0 94.54 -5.72 1.98
0 94.09 -2.86 3.67
0 94.91 -6.92 3.07
0 95.33 -4.83 1.63
0.03 95.58 -5.72 1.78
1.63 94.45 -1.49 3.51
0 95.21 -3.99 4.01
0 94.92 1.07 3.17
0 94.18 3.67 3.6
0 94.36 -1.44 3.03
0.27 94.93 -6.22 3.67
0 94.36 -5.71 3.25
0 94.59 -6.79 2.62
2.43 94.02 -4.45 3.68
0 94.95 -7.61 2.33
0 95.09 -7.87 1.5
0 94.44 -5.53 2.71
9.83 94.86 -3.88 2.51
0 95.46 -9.88 3.32
0 95.35 -10.39 1.97
0.01 95.35 -9.04 2.85
0 94.53 -4.19 2.81
0 94.54 -4.44 1.08
0 94.7 -3.87 0.95
0 94.76 -3.04 1.01
0.01 95.08 -2.73 1.57
0.06 95.17 -5.56 2.72
4.04 94.83 -10.3 3.51
0 95.19 -11.09 2.17
0 95.02 -10.11 1.33
0.02 94.86 -4.36 4.58
0.22 95.57 -9.95 3.64
0 95.38 -11.19 2.24
0 95.1 -9.82 4.41
0 95.31 -8.52 3.33
0 94.83 -6.8 1.97
0 94.72 -5.92 1.72
0 94.52 -1.88 3.61
0 94.71 -4.48 2.34
0 94.36 -1.22 3.43
0 94.99 -5.28 1.4
0 95.26 -7.19 1.51
0 94.8 -2.8 1.99
8.9 94.89 -4.03 1.48
8.34 94.45 -5.02 2.1
0.01 94.58 -8.04 3.52
0 94.82 -10.92 4.36
0 94.56 -10.61 3.19
0.01 94.31 -11.64 2.77
0 94.47 -10.91 5.03
0 95.38 -12.24 2.09
0.04 95.34 -13.74 1.27
0.01 95.25 -13.37 1.46
0.09 95.05 -11.38 2.27
0 95.38 -11.5 1.89
15.27 95.08 -13.08 2.28
0 95.1 -13.62 2.13
0 94.76 -13 4.43
0 95.42 -13.93 2.62
0 95.55 -13.98 1.49
0 95.66 -12.61 1.11
0 95.03 -7.46 1.51
0.03 94.35 -4.08 4.63
0 94.83 -6.9 3.73
0 94.3 -7.71 3.01
0.16 95.21 -12.42 4.03
0 95.44 -10.2 3.74
0 94.9 -8.04 3.02
0 95.62 -8.42 3.44
0 95.04 -5.14 2.22
0 94.46 -3.38 1.66
0.14 94.14 -0.97 2.63
0 94.52 -6.55 3.58
0.01 95.42 -7.01 1.89
0.01 95.37 -8.02 1.04
0.02 95.17 -9.16 6.07
0.01 94.7 -10.24 6.01
0 94.88 -9.67 4.75
0 94.98 -6.92 3.27
0 94.97 -6.14 1.92
0 95.47 -4.6 1.37
0 95.28 -3.24 1.7
0 94.12 2.99 3.98
0.65 94.53 -3.57 4.33
0 95.06 -7.05 3.33
0 94.44 -5.09 2.85
0 93.44 -2.39 5.05
0 95.2 -7.48 4.04
5.23 94.94 -6.67 2.94
3.51 94.37 -4.05 4.52
0 94.85 -5.09 4.11
0 94.59 -2.36 3.85
0 94.56 -1.09 3.47
0 94.74 -0.53 1.64
0 94.41 1.46 3.07
0 94.39 0.4 3.1
0.09 94.77 -5.11 3.45
0 93.95 -0.41 2.61
0 94.09 -0.45 1.34
0.01 94.28 -4.29 2.32
0.09 94.68 -6.01 3.77
0.03 94.44 -7.91 4.22
0 94.45 -5.56 4.98
0 93.99 -0.91 3.68
0 93.8 0.51 2.99
0 94 3.45 2.09
0 94.3 3.64 3.15
0 95.1 -1.17 4.5
0 95.11 0.68 3.04
0 95.08 1.22 1.86
0 94.77 2.9 1.42
0 94.43 3.4 1.96
0.89 94.31 3.82 1.82
0 94.85 5.05 1.74
0.07 94.95 4.01 1.96
0.31 95.04 1.33 3.43
0 94.83 1.52 1.82
0 94.6 2.76 2.14
0.33 94.99 0.85 1.27
2.46 94.63 1.12 1.28
0.62 94.49 2.73 2.87
0.76 94.44 1.13 2.03
0 94.62 2.38 2.58
0 94.38 5.11 2.45
0 94.33 9.11 3.91
0.05 95.17 3.29 2.59
0 94.94 3.81 1.65
0 94.35 5.55 1.68
0 94.37 9.2 2.11
0 94.26 12.37 2.82
0 93.93 16.65 3.8
0.18 93.65 14.81 3.63
1.58 93.77 11.26 3.49
0.63 93.83 10.02 2.67
0 94.65 8.07 3.11
0 94.57 8.52 2.31
0 93.57 13.37 4.35
0 94.18 7.37 3.92
0 94.08 6.64 2.41
0 93.4 12.5 4.14
0 93.03 15.24 3.02
0 93.5 16.24 3.25
0.14 93.84 13.85 3.37
2.35 92.74 13.88 5.28
0.24 92.94 6.89 5.82
2.19 93.24 7.54 3.12
2.44 93.66 8.82 3.35
0 94.08 9.6 2.13
0.01 93.39 12.9 5.32
0 93.64 9.42 2.85
0 93.98 8.37 3.52
0.01 94.62 8.25 3.88
0 94.66 10.07 5.15
0 93.85 14.85 4.81
0 93.33 16.63 3.31
0 92.99 20.68 4.39
0 93.87 16.31 2.42
0 94.14 18.07 2.61
0 94.09 21.86 3.75
1.04 93.99 19.39 5.2
4.48 93.98 14.7 3.88
15.18 93.68 8.97 6.23
0 93.93 10.04 6.56
0 93.8 18.08 4.65
0 93.51 20.5 2.42
0 93.18 21.09 4
0.09 93.27 19.42 3.13
0.01 93.44 14.52 5.13
0 93.27 12.11 5.07
1.12 93.53 11.63 4.71
0.09 94.24 13.27 5.17
0 94.18 16.13 2.42
0 93.38 19.94 1.67
0 93.2 24.13 1.96
0 93.19 29.12 3.59
1.06 93.6 26.46 3.35
2.06 93.86 23.4 2.5
3.8 94.26 13.95 3.58
185.15 94.33 8.85 2.29
0.03 94.07 16.35 2.42
0 93.68 19.38 2.09
0.03 94.22 14.65 2.92
0 93.69 19.43 2.51
0 93.3 22.02 2.74
0 93.67 22.22 4.24
12.27 93.92 17.18 2.6
0.27 93.39 19.97 3.28
3.56 92.97 20.4 3.04
0 93.47 17.65 3.58
117.86 93.76 10.83 1.74
0 93.86 15.36 2.14
0 93.88 19.68 2.46
0 93.99 21.57 2.1
21.83 93.67 15.41 2.32
0.51 93.43 18.57 2.88
0.13 93.34 21.45 4
0 93.46 20.54 3.85
0 93.8 18.64 2.05
1.88 93.94 18.22 1.75
39.47 94.23 18.19 1.69
0 94.25 20.54 2.05
0 93.85 26.85 2.34
0.1 93.58 26.69 1.2
0.37 93.4 25.83 3.13
13.15 93.31 23.23 1.96
44.68 93.32 19.69 2.33
36.89 93.19 19.03 1.75
2.73 93.28 19.61 2.49
0.18 93.44 21.03 2.33
89.58 93.82 17.85 1.4
95.45 93.71 16.66 1.69
2.82 93.44 18.75 1.33
1.56 93.41 21.97 1.26
0 93.58 23.96 1.59
12.79 93.41 25.31 3.46
29.27 93.43 27.12 3.29
0.06 93.32 27.5 2.71
4.27 93.25 27.43 2.65
18.58 93.13 27 1.95
9.75 93.31 25.23 2.75
0.29 93.42 25.65 2.19
13.42 93.58 23.73 1.77
32.1 93.73 21.86 1.49
18.4 93.48 23.86 2.62
581.37 92.69 22.4 2.36
18.59 92.62 24.39 2.58
15.06 92.79 24.84 2.79
0.22 92.79 24 2.01
0 93.05 25.03 1.7
0.21 93.12 28.46 2.19
109.11 92.91 27.3 3.28
8.56 93.38 24.43 1.86
5.05 93.68 25.95 1.49
0 93.8 27.16 1.57
0 93.7 28.41 1.63
0 93.42 28.91 2.55
11.5 93.22 26.43 2.9
33.65 93.26 21.38 2.41
16.54 93.98 20.98 1.83
15.24 93.95 20.91 1.6
1.31 93.47 23.72 1.22
0.38 93.62 23.93 1.61
0.19 93.8 23.92 2.09
15.51 93.42 22.64 2.78
0.54 93.7 22.81 2.55
0 94.18 23.08 1.41
0 93.72 23.69 1.63
128.38 93.33 22.73 3.47
0.02 93.48 25.11 1.77
0.54 93.54 26.13 2.24
22.89 93.31 24.9 1.88
679.4 92.79 22.42 1.58
21.14 93.17 23.2 1.43
47.48 93.21 24 2.19
21.29 93.07 22.04 2.03
0.83 93.12 23.58 2.29
9.83 92.99 22.26 1.39
35.83 92.79 20.14 1.56
17.07 92.87 22.85 1.27
11.77 93.27 23.68 2.46
23.65 93.62 22.57 1.92
0.29 93.79 23.27 1.68
8.05 93.73 22.03 1.54
19.97 93.67 21.12 1.5
337.23 93.74 18.86 2.62
51.59 93.9 20.07 2.11
24.87 94.03 21.06 1.94
10.09 94.05 21.41 2.13
7.2 93.65 22.06 1.77
1.13 93.41 25.68 2.05
10.7 93.89 22.57 2.14
339.65 93.8 18.49 2.06
0.01 93.78 19.85 4.11
0 93.85 17.94 3.69
0 94.15 18.71 2.08
9.89 93.84 16.42 2.66
1.95 94.33 15.58 2.76
0 94.42 14.19 1.91
0 94.18 16.8 2.44
0.23 94.17 16.89 1.61
0.79 94.01 19.7 1.89
7.27 94.02 19.28 1.83
4.61 93.9 19.59 2.26
2.84 93.75 20.67 2.57
0.03 93.68 19.88 3.81
0 93.59 19.07 1.79
0 93.37 21.36 1.91
1.63 93.95 17.57 2.81
5.03 93.94 17.86 2.15
73.44 93.83 16.09 1.51
0.01 94.1 16.2 2.17
0 94.49 15.26 1.46
0 94.71 15.71 1.74
2.83 94.65 17.66 2.52
4.4 94.45 18.19 2.19
0.3 94.05 19.01 2.91
0 93.89 17.51 2.65
0 93.34 19.26 1.83
0.13 93.81 15.26 3.01
0 94.14 14.96 1.52
0.73 93.45 19.36 3.02
4.88 93.53 16.48 3.68
0 93.67 17.67 3.59
0.05 94.03 17.49 2.44
17.73 93.96 15.39 2.49
32.23 94.28 12.64 1.78
0.02 94.2 9.7 2.25
0 94.1 8.61 3.74
0 93.94 9.84 2.91
0 94.02 13.37 2.12
0.09 94.26 14.45 3.82
0 95 8.5 2.68
0 95.31 7.71 2.1
0 95.04 9.49 2.35
0 94.34 14.36 3.93
0 94.13 15.06 2.64
0 94.49 13.85 2.07
5.35 94.78 11.76 1.7
61.83 95.47 8.34 3.5
23.7 95.47 4.41 2.39
0.74 95.21 4.74 3.37
0.63 94.82 4.26 2.5
0 94.72 5.62 3.17
0 95.28 4.34 1.07
24.97 95.31 6.75 1.84
0.03 95.66 5.24 1.86
0 95.47 5.33 1.76
2.67 94.78 8.41 1.71
0.07 94.62 8.57 1.31
0 94.29 11.64 2.32
0.01 95.06 6.39 1.58
12.14 95.13 3.42 1.6
0.06 95.13 5.08 1.53
0 94.88 7.2 1.72
0 94.99 7.55 1.26
0 94.35 9.88 1.57
0.02 94.19 11.24 1.95
0 95.1 6.13 4.96
0 95.59 1.51 3.92
0 95.02 5.34 2.43
0 94.12 8.57 2.79
