0.36 95.03 -16.79 1.12
0.01 95.7 -17.31 1.25
21.81 95.55 -19.37 1.39
7.49 95.78 -18.49 2.67
0 96.07 -19.96 1.73
0 96.28 -20.68 1.74
0.04 96.39 -18.21 1.05
25.7 95.75 -17.21 0.8
7.39 95.95 -17.3 0.9
0 96.2 -16.9 1.15
0 96.19 -15.99 2.58
0 95.61 -18.31 2.58
0 95.63 -15.77 3.39
3.06 95.44 -15.7 0.94
0 96.52 -15.65 1.16
0 96.06 -13.56 1.04
0 95.74 -11.11 0.82
0 95.67 -6.93 0.89
0 95.16 1.39 3.18
0.04 96.43 -9.62 4.26
0 96.29 -12.74 2.32
0 96.01 -11.21 4.92
0 95.48 -7.71 3.64
0 94.91 -7.66 4.35
0 95.9 -9.19 3.15
0 97.65 -4.17 2.82
0.7 94.8 -3.4 1.87
0.01 95.44 -10.88 4.04
0 95.02 -5.04 5.03
0 95.08 -4.7 1.58
0 95.66 -8.25 1.25
0.82 95.81 -10.72 1.72
0 95.83 -14.05 2.35
0 95.76 -12.72 2.35
0 95.73 -13.45 2.18
0 96.08 -13.81 1.23
0.01 95.93 -11.2 1.94
1.57 95 -3.11 2.65
0 95.11 -4.71 1.17
0 95.74 -7.07 2.34
0 96.35 -10.32 2.23
0 96.75 -12 2.48
0 96.47 -12.03 1.75
0.02 95.82 -9.77 2.31
0 96.27 -10.45 2.18
0 96.42 -12.17 1.56
0 95.96 -10.41 1.2
0 95.55 -8.85 2.99
0 95.35 -8.23 2.73
0 94.8 -3.59 2.06
0 94.67 -7.39 1.58
0 94.83 -6.76 1.75
0 94.8 -4.08 2.46
0 93.76 2.33 1.66
1.5 94.19 -3.3 1.49
0 95.28 -6.81 1.9
0.13 95.41 -5.21 1.66
2.2 95.04 -6.17 1.91
0.6 95.73 -8.26 1.82
0.06 95.37 -7.68 1.95
0.21 95.11 -2.46 3.41
0 95.17 -2.06 2.48
70.94 94.79 -2.47 2.65
1.79 95.92 -10.37 3.36
0 96.6 -12.69 1.44
0.01 96.87 -12.88 1.28
2.66 97.16 -10.35 2.12
0 96.37 -9.76 2.48
0 94.99 -4.8 2.19
0.12 93.89 2.46 2.59
0.31 95.12 -4.82 4.01
0 95.67 -2.78 1.62
55.63 95.06 0.13 2
0.46 95.11 -2.59 5.65
0.01 95.55 -4.62 2.71
0 95.95 -5.35 2.12
0 94.93 -3 2.59
0.16 93.55 4.29 2.27
46.65 94.26 -1.1 3.31
0 94.58 0.06 2.7
0.03 94.57 4.2 3.64
0 95.22 2.69 2.31
0 95.81 -0.58 2.31
0.02 95.78 -3.36 3.23
1.57 95.29 -2.78 1.49
5.31 95.88 -2.5 1.33
0 95.75 3.3 1.34
0.04 95.5 6.37 1.51
2.34 94.93 9.06 3.75
1.68 94.7 7.68 4.58
0 95.16 1.53 5.03
0 95.2 -0.32 4.01
0 94.81 4.51 3.74
0 94.54 9.25 3.81
4.53 95.22 2.38 2.07
0 95.82 1.84 1.93
0 95.23 6.95 3.13
0.14 94.01 13.29 4.9
24.06 94.84 2.8 2.53
0 95.15 3.31 2.72
0.63 95.07 1.87 1.78
63.12 94.92 0.58 3.07
0.01 95.71 -1.25 4.68
0 95.8 2.5 2.55
0.76 95.11 4.64 2.2
6.92 95.41 2.73 1.85
0 95.35 4.91 2.37
36.32 94.65 11.23 2.34
21.63 95.16 8.63 1.45
0.11 95.54 7.96 2
0.07 95.78 9.5 1.72
0.38 95.53 9.09 1.65
0.07 95.42 8.25 1.66
0 94.97 12.8 3.12
1.61 94.72 13.28 3.88
18.45 94.61 4.81 3.32
5.33 94.23 2.6 3.4
0.05 94.37 5.12 5.73
0.91 94.51 7.19 4.71
9.44 94.74 11.94 2.13
0 94.18 17.58 1.88
0 93.94 18.95 3.72
0.16 94.45 16.95 2.07
1.56 93.94 55.03 2.06
188.46 93.65 9.64 2.03
3.01 94.11 13.45 3.76
61.96 94.11 11.23 1.24
10.65 94.33 14.83 2.31
48.92 94.15 11.85 3.53
13.76 94.07 9.04 1.88
1.07 95.1 9.54 1.95
0 95.33 13.08 1.44
0 95.25 16.43 1.24
2.45 94.84 17.79 3.67
8.76 94.74 20.78 2.54
0.53 94.91 20.14 2
9.26 94.44 17.78 2.36
234.18 93.62 12.23 2.32
0.2 93.34 18.37 4.33
0 94.17 21.44 2.32
0 94.31 24.52 2.29
0.19 94.3 22.82 1.83
0.37 93.98 21.81 2.25
13.05 94.24 17.42 3.27
0.24 94.81 21.28 2.67
0.07 95.22 22.27 2.13
2.96 95.14 19.31 1.65
80.85 94.52 15.82 2.1
74.13 94.16 16.79 1.64
94.16 94.63 15.39 1.57
3.46 95.22 16.82 0.99
3.22 95.11 18.15 1.33
0.29 95.23 19.43 1.33
0 95.26 21.67 1.78
0.01 95.04 23.17 2.02
0 94.76 24.15 2.13
0 94.75 24.39 2.15
0 94.86 24.9 3.51
0 95 24.62 3.42
0 95.1 24.84 2.01
0.84 94.97 21.68 2.18
0.02 94.68 21.67 3.61
0.26 94.33 24.09 1.79
27.46 94.08 24.01 2.58
74.95 93.98 22.66 2.7
0.28 93.9 24.12 2.29
8.01 94.01 23.74 1.59
89.14 94.06 21.06 1.88
42.92 94.16 20.47 1.64
0.49 94.24 22.78 0.89
0.03 94.65 23.16 2.37
0.01 94.2 23.89 1.33
2.85 94.58 20.1 2.06
0 94.65 23.3 1.46
0 94.49 26.19 1.95
0 94.47 27.23 2.87
0 94.41 26.41 1.56
6.45 94.26 21.61 1.36
15.68 94.18 22.61 1.48
0.1 94.23 24.07 1.36
0.05 93.97 26.33 1.14
71.44 93.95 22.5 2.26
0.92 93.97 24.87 1.24
0.02 93.96 28 1.75
2.08 93.93 27.61 1.35
0 93.95 26.95 2.67
0.02 94.08 25.32 2.46
4.28 94.37 21.44 1.52
1.15 94.57 22.53 1.95
0.63 94.52 22.34 2.46
35.58 94.27 22.14 1.41
135.61 94.29 20.79 1.36
376.91 94.57 20.02 1.37
2.22 94.84 22.36 0.81
0 94.76 24.15 2.29
80.43 94.31 22.6 2.4
2.78 94.07 25.17 2.65
0.88 94.3 26.39 2.34
1.24 94.27 27.56 2.32
5.79 94.37 26.5 2.36
68.54 94.31 23.9 1.82
0.58 94.54 24.84 1.39
0.74 94.64 26.03 1.54
17.31 94.66 27.05 1.11
1.84 94.79 27.62 1.53
0.31 94.64 28.31 1.92
7.21 94.56 27.4 2.72
53.51 94.19 26.88 2.29
425.75 93.8 25.95 2.41
9.7 93.85 21.52 1.14
46.77 93.79 25.39 0.98
237.09 94.14 21.59 1.13
0 94.74 21.04 1.77
0.01 94.62 22.71 1.2
3.72 93.87 25.22 3.1
48.05 94.14 22.84 1.68
40.62 94.52 22.32 2.75
0 95.27 20.25 1.49
25.73 94.87 20.33 1.32
58.01 94.17 22.62 1.84
33.51 94.25 22.98 1.95
0 94.47 21.79 1.84
0 94.18 24.91 2.39
47.53 93.91 25.14 1.95
0.94 93.8 26.86 2.11
9.44 93.7 24.7 3.41
0 94.23 22.54 2.87
0 94.58 22.12 1.69
7.29 94.57 23.13 1.77
4.05 94.73 23.36 2.06
102.42 94.91 22.83 1.72
0.47 95.21 22.79 1.61
133.35 95.11 18.58 1.58
75.13 95.08 19 1.29
0.39 95.06 20.31 1.21
0 94.99 22.45 1.59
0.04 95.22 21.86 1.86
0.74 95.44 21.71 1.35
0 95.14 21.09 1.51
0.58 94.94 19.36 1.56
26.18 94.54 20.32 1.42
2.83 94.65 20.57 0.76
0.43 94.68 22.26 1.68
9.03 95.2 19.87 1.65
9.56 95.35 20.97 1.01
0.01 95.23 19.97 1.07
0 94.93 19.88 1.7
0 94.7 22.88 1.55
0.48 94.92 23.82 1.78
0 95.51 18.33 1.4
0 95.3 17.46 1.34
0.91 94.83 18.31 1.25
3.17 94.52 19.11 1.09
0.09 94.76 19.42 1.48
0 94.91 20.67 0.92
1.56 94.95 22.24 1.21
0 95.04 23.02 1.88
4.59 94.83 21.33 2.01
93.14 95.24 14.71 1.87
324.99 95.36 8.65 1.53
161.75 95.2 12.32 1.33
0 94.92 16.06 1.37
52.58 95.18 14.67 1.82
202.19 95.8 9.43 2.07
0 95.66 10.05 2.4
0 95.45 12.37 1.25
0.51 95.17 14.82 1.11
4.04 94.91 15.61 2.4
0.11 95.13 12.84 2.66
0 95.1 11.12 4.83
0 95.93 9.39 2.29
0 95.5 10.17 1.36
0.01 95.19 15.24 1.69
0.53 95.54 12.6 1.34
287.88 95.3 6.84 2.26
92.01 95.23 7.5 1.96
0 95.33 9 1.29
0 94.94 13.28 1.03
0 94.83 17.05 2.42
0 94.96 18.33 2.37
0 94.9 18.17 2.14
0 94.46 17.69 3.5
12.84 95.07 11.28 1.71
147.51 95.51 4.99 1.9
0 95.58 8.31 1.35
0 95.15 9.59 1.59
0 95.35 8.7 3.24
0 94.83 8.1 2.59
0 95.67 2.63 2.55
0 96.23 0.89 0.68
18.71 96.16 -0.38 1.32
71.45 96.22 0.4 0.93
0 96.07 1.63 0.97
0 95.51 4.53 1.39
0 95.21 9.16 1.14
9.5 95.43 8.68 1.71
2.18 95.97 3.56 2.97
0 96.32 -0.49 2.61
0 96.97 -1.33 1.82
0 96.13 1.07 1.2
0 96.03 4.54 2.04
0 96.02 5.52 0.99
0 96.09 5.75 1.14
0 95.92 6.22 1.83
0 96.44 2.23 3.25
0 95.96 1.48 1.78
0 95.53 5.47 1.28
0 95.64 4.5 1.13
0 95.32 6.79 1.61
0 95.01 7.58 1.15
4.31 95.2 3.07 1.75
0.14 95.7 0.22 3.29
0 95.35 -0.96 1.42
0 94.89 0.77 1.14
12.05 94.39 1.08 3.99
0.74 94.81 -0.66 1.65
0.38 95.84 -1.29 4.44
0 96.8 -4.8 2.86
0.02 96.12 -2.82 2.27
0 95.48 0.6 1.34
0 95.39 1.49 1.74
0 95.08 5.15 2.81
0 94.62 3.38 2.23
0 94.38 6 1.72
0.14 94.55 2.27 3.69
0 95.3 -2.09 1.85
0 95.12 -1.86 1.72
0.01 95.4 -1.78 4.17
0 95.67 -5.85 2.88
0.18 94.81 -5.43 2.66
0 95.19 -7.27 6.47
0.11 95.33 -7.56 1.04
0.06 95.2 -6.41 1.3
0 94.85 -2.77 1.88
0.02 94.45 -3.57 1.72
0.03 95.05 -7.61 3.59
0 95.1 -5.11 2.07
0 94.1 4.06 2.35
0 95.51 -2.75 2.46
0 96.05 -5.45 3.17
0 94.77 -4.79 2.46
0 94.75 -6.62 1.18
0 94.18 -4.41 1.55
2.62 94.12 -8.95 3.56
0 95.09 -12.15 1.56
0.5 95.48 -14.32 1.55
0.03 96.2 -15.26 2.83
0 96.1 -16.26 3.27
0 95.8 -15.5 2.94
0 94.48 -8.18 3.83
0 94.34 -6.5 1.23
0 94.4 -4.12 1.72
0 94.67 -2.18 2.39
0 94.91 -0.4 1.9
0 94.65 -6.97 1.4
0.1 95.23 -10.71 2.72
0 96.49 -16.87 2.52
0 96.44 -15.6 3.35
0 95.55 -14.42 3.34
0 94.45 -12 2.56
0 94.13 -8.75 2.09
0 94.78 -11.88 3.02
5.5 95.02 -12.49 1.72
0.01 95.21 -12.91 4.27
0.08 95.74 -11.07 4.64
0 95.61 -11.56 3.38
0 95.76 -12.62 2.67
0 95.37 -12.97 0.65
0.01 94.97 -12.85 1.21
0.01 95.14 -11.49 5.2
0 95.75 -10.08 4.46
0.01 95.07 -7.84 1.58
0.1 94.96 -9.53 3.91
0 95.5 -13.73 4.33
0 94.75 -11.15 3.15
0 94.31 -12.71 3.86
0 94.46 -12.18 2.04
0 94.47 -10.94 3.58
0.01 95.45 -15.44 3.53
0 95.86 -17.73 3.27
0 95.68 -14.92 2.66
0 95.51 -13.99 2.35
0 95.23 -14.59 3.1
0 95.21 -14.45 3.81
0 95.11 -12.37 2.08
0 94.94 -12.69 1.38
0 94.94 -13.16 3.48
0.02 95.2 -14.93 3.51
0.01 95.35 -14.3 1.47
0.03 95.52 -14.59 2.14
0 95.94 -14.96 1.58
0 96.23 -13.91 3.25
0.01 95.77 -13.89 3.59
0 95.49 -15.11 3.86
0 95.28 -10.86 4.23
0 94.92 -3.94 2.55
0 94.62 -4.8 1.87
0 94.54 -7.51 1.51
0 94.4 -6.15 2.17
0 94.66 -5.42 2.41
0.01 93.8 -3.18 5.33
0.01 94.42 -3.33 2.64
0 94.08 -6.42 2.14
0.26 94.25 -7.57 3.44
0.06 95.03 -10.83 1.9
0.52 95 -9.9 0.88
3.16 95.27 -13.39 4.05
0 95.39 -12.58 2.09
0.08 95.3 -11.87 1.76
0.05 95.25 -11.86 1.36
0 94.52 -3.18 3.11
0.43 94.53 -5.05 1.95
3.6 94.99 -4.86 2.72
0 94.95 -3.84 1.92
0 94.84 -0.28 1.62
0 95.12 -0.41 1.56
0 94.72 1.89 2.21
0 94.26 2.61 3.63
6.33 94.06 0.95 1.92
0.09 94.8 -4.03 2.8
0 95.4 -4.58 1.6
4.85 94.79 -1.78 4.58
0.31 95.65 -9.31 3.58
0.02 95.12 -7.95 3.01
0 94.8 -6.96 3.69
0 94.8 -6.75 2.2
0 94.92 -4.31 3.43
0 94.57 -0.48 2.03
0.05 94.09 1.77 2.65
0 94.91 -1.84 3.38
0 94.63 -1.61 4.74
0 94.68 -4.16 4.48
0 95.01 -2.07 4.03
0 94.78 -0.21 4.3
0 94.14 2.57 2.91
0 93.44 7.57 2.24
0.01 94.2 2.67 4.27
0 95.31 -2.23 3.83
0 95 -5.48 4.22
0 94.75 -3.43 3.24
0 94.14 3.54 3.07
0 93.84 4.63 5.14
0 94.24 2.05 4.35
0 94.44 -0.93 2.29
4.53 95.03 -4 4.67
0 95.11 -2.94 3.36
0 94.84 -2.01 2.62
0 95 -2.62 4.94
0 96.61 -0.61 2.74
0 96.58 0.83 3.08
0 96.42 2.93 3.12
0 96.69 2.75 1.98
0 96.35 7.35 3.24
0 96.02 8.25 2.2
0 95.62 10.87 4.61
0 96.94 1.89 4.04
0 96.85 2.29 2.34
0 96.39 6.04 2.82
0 96.29 7.85 1.17
0 94.66 10.17 2.19
0.03 93.92 10.55 5.78
0.62 94.3 7.96 5.42
0 94.29 8.09 3.95
0 94.16 8.51 3.17
0.66 94.82 5.19 3.74
0 94.5 9.4 3.73
0 93.9 14.63 3.64
0 94.01 13.68 1.48
0.02 93.27 16.38 3.49
0 94.13 10.44 5.82
0 93.8 12.29 4.4
0.85 93.86 8.32 7.34
0.22 94.52 6.85 5.28
0 94.31 9.52 2.03
0 93.77 13.68 4.15
63.56 94.52 6.97 2.11
3.07 94.39 6.15 2
18.91 94.13 4.68 3.23
8.62 93.69 5.9 3.68
0.04 93.27 8.56 1.77
3.9 93.29 9.75 3.05
0.89 93.98 7.24 2.94
0 93.46 9.73 1.18
29.16 92.84 8.97 1.74
2.12 92.82 9.26 1.9
0.41 93.73 13.67 3.49
0.11 93.98 11.27 4.56
0 94.31 12.65 2.8
1.08 93.84 12.73 2.67
130.06 93.05 9.34 3
0.07 93.12 11.18 4.21
0 93.64 13.39 3.3
0.77 93.61 14.85 3.77
7.51 93.44 17.12 3.17
0 93.7 18.31 2.72
0.08 93.39 16.18 5.19
0.33 93.31 12.4 5.81
0 93.51 14.93 6.89
0 93.6 16.42 4.93
0 94.17 12.79 3.11
0 94.12 13.79 2.28
0.01 93 17.69 2.19
14.83 92.78 19.47 3.51
11.87 93.99 13.2 2.89
4.56 94.08 11.51 3.12
0.24 93.93 12.89 4.58
0 93.79 17.71 3.54
0 93.9 18.82 2.94
0 94.05 21.39 3.4
2.28 93.96 20.42 4.26
6.16 93.9 18.79 5.48
0.01 93.75 19.79 2.55
0.29 93.58 23.19 4.66
5.2 93.66 22.61 2.92
31.02 93.26 18.66 3.5
4.53 93.2 17.45 3.25
0.02 93.62 19.8 3.31
8.46 93.33 20.5 6.24
1.76 93.47 18.96 4.06
0.17 93.73 19.53 1.74
0.56 93.59 23.07 1.7
6.48 92.95 24.29 2.95
8.11 92.68 22.11 2.73
7.81 92.93 21.87 2.14
0 93.36 22.73 2.44
41.04 93.31 20.49 1.96
145.86 93.45 15.66 2.96
3.2 93.66 19.54 1.88
3.23 93.67 21.58 1.14
91.3 93.45 20.66 2.09
37.68 93.44 18.76 2.01
123 93.64 17.42 1.98
0.33 93.82 20.34 2.01
0 93.73 24.03 1.14
0 93.57 26.27 1.64
0.02 93.29 27.72 2.8
0 93.23 27.5 2.83
9.73 93 22.35 2.11
29.29 93.31 15.78 2.56
0.57 93.98 18.93 2.88
0 94.31 20.76 1.42
2.24 93.75 22.49 3.29
3.66 93.04 23.42 2.86
24.84 93.18 24.8 2.79
0.01 93.33 25.04 2.93
44.88 93.23 24.15 2.46
36.62 93.35 22.43 1.15
0.13 93.26 23.7 2.25
0 93.39 23.69 2.62
0 93.51 25.64 3.02
51.95 93.01 22.39 2.42
0.3 92.74 24.98 3.59
91.67 92.8 17.79 1.91
11.69 92.84 18.66 2.75
13.17 93.53 20.96 1.82
23.5 93.67 23.03 2.33
4.87 93.74 24.04 1.85
3.67 93.76 23.8 2.3
0.79 93.57 24.29 1.12
19.75 93.71 21.73 1.76
7.47 93.67 22.08 1.65
54.08 93.51 21.24 1.64
7.57 93.6 20.8 1.24
57.25 93.66 21.45 1.51
446.71 93.53 19.87 2.56
41.46 93.42 20.88 1.27
50.17 93.34 21.96 1.92
6.62 93.32 22.91 2.03
0.08 93.39 25.49 1.31
15.89 93.35 26.11 1.96
387.73 93.16 22.32 2.08
37.74 93.13 22.37 2.62
4.54 93.3 23.2 1.84
0.26 93.54 24.75 1.2
129.75 93.74 20.82 1.79
42.75 93.38 20.98 1.49
0.01 93.44 23.55 1.83
0.12 93.57 24.31 2.05
0.31 93.92 23.27 2.1
0.02 93.51 23.82 1.97
0 93.48 24.18 1.45
0.01 93.69 24.33 1.48
3.06 93.66 23.74 1.28
3.47 93.7 23.93 1.69
4.42 93.38 23.76 1.62
3.67 93.49 25.49 2.05
0 93.88 24.57 1.14
0 93.7 26.32 0.93
0 93.42 26.36 1.73
8.52 93.18 25.91 1.61
120.49 93.57 20.66 1.99
262.33 93.62 17.81 2.08
6.61 93.64 20.98 1.32
5.36 93.78 20.6 1.3
0.05 94.05 21.31 1.72
0.06 94.17 22.21 1.11
0 94.17 23.15 1.21
0.33 94.04 23.25 1.17
9.74 94.28 21.14 1.57
0 94.25 20.62 1.39
36.35 94.22 19.71 1.27
2.23 94.45 19.68 1.51
0.9 94.53 21.11 1.12
5.54 94.33 19.46 2.08
3.07 94 20.82 1.26
0.35 93.9 21.98 1.41
0 93.85 23.09 1.28
6.71 93.6 22.43 2.94
0.57 94.14 19 1.84
0 93.92 20.15 1.47
2.82 94.47 18.04 2.87
0.15 94.38 18.66 1.68
0 94.45 17.87 1.5
0 93.96 19.51 1.25
10.14 93.62 18.44 3.22
1.45 94.25 13.57 1.65
0.07 94.81 13.13 1.66
1.61 95.04 13.51 1.98
3.1 94.49 16.71 2.24
0.16 94.24 17.57 1.88
0.03 93.84 19.56 3.38
6.88 93.89 17.26 2.13
12.56 94.17 13.56 1.34
36.18 94.5 12.17 1.87
0 94.89 8.84 2.31
0 95.32 9.45 2.4
0 95.13 10.43 1.35
0 94.79 12.02 1.68
0 94.4 13.61 1.46
0 94.5 14.81 2.62
0 94.35 15.15 2.08
0 94.11 17.98 2.96
0.02 94.39 18.33 1.79
0.07 94.53 19.42 3.43
0.02 94.35 18.46 2.1
10.28 94.19 15.2 1.74
0.06 94.67 7.73 3.14
0 95.15 6.25 2.57
0 95.21 6.8 3.01
0 95.67 7.95 3.85
0 95.31 9.46 1.52
0 94.63 11.26 2.37
0 94.07 11.95 2.91
0 94.67 9.82 1.65
0 94.62 10.81 1.2
0 94.36 14.62 2.06
0.04 94.83 13.6 2.98
0 95.33 9.25 1.12
0 95.05 12.2 1.43
0 94.46 14.61 1.41
60.77 93.89 10.26 1.68
1.68 93.84 9.06 2.54
0.48 93.47 7.68 2.94
0.52 93.97 8.25 4.3
0 94.94 5.04 1.79
0 94.99 8.6 1.29
0 94.76 11.05 1.98
0.01 94.62 14.31 3.43
0 94.58 13.63 1.84
0.16 94.47 11.97 1.55
38.12 95.06 4.12 3.33
0 95.37 1.8 3.29
0 95.35 4.2 1.81
0 94.91 5.74 1.4
0.5 94.76 7.12 2.7
0 95.06 6.59 1.7
0 94.7 7.38 1.5
0 94.52 9 3.32
0 94.72 10 4.33
3.17 94.93 10.67 2.8
0.03 95.51 4.34 1.46
0.44 95.17 7.96 1.6
2.42 94.95 9.65 3.42
0.09 95.68 1.84 2.59
0.02 95.51 0.26 0.83
0 95.43 3.05 1.03
0 95.4 3.43 1.45
0 95.19 2.03 1.09
0 94.54 2.5 1.03
0 93.95 4.48 2.14
0 94.25 5.07 3.37
0.02 95.03 -2.26 2.62
0 95.1 -4.86 1.88
0 95.12 -3.97 1.43
0 95.38 -2.31 1.58
19.62 94.72 0.04 0.61
2.13 94.56 -1.25 2.51
0.55 94.74 -5.7 3.55
0 95.2 -6.8 2.51
0 95.19 -4.12 2.07
10.79 94.84 -5.97 2.91
0.13 95.42 -7.75 2.6
0 95.13 -8.43 0.81
0.04 95.09 -6.49 1.42
0.22 94.47 0.59 2.53
0 94.55 -0.3 1.43
0 95.41 -4.05 1.88
0 95.93 -8.73 1.41
0 96.19 -8.51 1.84
0.05 95.43 -7.59 0.81
0.02 94.75 -5.14 1.03
0 94.95 -6.31 1.1
0 95.28 -8.4 0.7
0.45 95.48 -9.05 0.83
0.47 95.46 -6.71 0.7
0.4 95.75 -8.62 2.15
0.01 96.04 -12.29 3.35
0 95.65 -11.47 2.85
0 94.83 -6.55 5.72
0 94.91 -3.73 3.07
0 95.34 -6.77 1.85
0 94.62 -4.13 2.64
0 95.37 -9.86 4.51
0 95.57 -13.55 2.99
0 95.66 -12.23 4.05
0 95.43 -10.42 1.96
0 95.5 -10.31 2.23
0 95.39 -10.98 1.03
0 95.06 -10.14 2.01
0 95.03 -9.55 4.63
0 95.23 -11.59 3
0 94.78 -9.48 3.82
0 94.94 -12.58 2.19
0 95.44 -11.63 1.99
0 95.68 -9.78 2.29
0 95.22 -6.29 2.59
0 95.63 -10.86 1.43
0 95.92 -14.68 0.94
0.06 95.35 -12.55 0.49
0 95.17 -9.89 1.47
0.07 95.57 -11.3 1.92
0.2 94.97 -11.76 2.71
0.06 95.16 -12.78 4.34
0 95.37 -11.99 2.73
0 95.17 -10.81 1.6
0 95.97 -14.42 1.13
0.07 95.85 -14.61 0.69
0 95.44 -11.96 1.42
0 95.4 -13.02 0.84
0.04 95.46 -12.11 3.4
0 95.53 -12.46 3
0 94.69 -6.52 3.54
0 94.95 -8.23 2.64
0 94.87 -8.55 2.62
0 94.59 -10.16 0.63
0.03 94.44 -8 1.41
0.07 94.64 -11.97 1.07
0 94.78 -10.29 1.23
0 95.24 -11.2 1.2
0.01 95.91 -14.53 2.93
0 95.76 -18.01 3.49
0 95.4 -17.81 2.63
0 94.89 -16.88 2.13
0 94.75 -16.23 3.01
0 94.36 -13.63 3.56
0 94.47 -13.42 1.61
0 94.99 -14.96 1.46
0 95.22 -14.57 1.85
0 95.61 -15.36 1.54
0.03 95.21 -16.83 1.27
0.14 94.77 -16.55 4.33
0 95.55 -17.85 4.33
0 95.53 -16.08 2.87
0 94.57 -13.25 3.29
0 94.65 -9.89 2.65
0.07 94.1 -6.2 2.6
0.01 94.76 -13.9 5
0 94.94 -16.42 5.13
0 94.52 -13.01 5.67
0 94.7 -10.81 3.32
0 95.02 -10.83 3.3
0 95.07 -10.79 1.46
0 94.75 -8.59 3.21
0.02 94.49 -3.85 2.51
0.07 95.08 -9.1 2.95
0 95.02 -10.18 2.94
0.02 95.09 -12.12 3.3
0 95.23 -13.63 4.72
0 95.11 -10.5 3.62
0 94.52 -5.37 3.02
0 94.66 -8.88 2.47
0 94.39 -10.28 1.09
18.43 94.04 -9.02 2.08
0 94.98 -7.79 2.51
7.7 94.85 -6.83 2.15
0.01 95.3 -9.35 3.35
0 95.22 -8.2 3.09
0 94.68 -6.06 1.12
0 94.31 -1.86 2.59
0 94.48 -0.14 2.35
20.94 95.07 -4.56 0.85
0.23 95.26 -8.32 1.62
0.15 95.17 -6.76 1.4
0.03 94.53 -1.72 2.21
29.59 93.86 -4.4 1.9
25.07 93.94 -4.46 2.66
0.02 94.57 -4.44 4.27
0 95.28 -9.01 4.28
0 94.95 -8.81 1.9
0.14 94.87 -8.22 4.29
0 95.33 -8.42 4.04
0 95 -6.09 1.69
0 94.36 -2 3.14
0 94.9 -0.96 2.04
0 94.5 3.24 3.32
1.75 93.6 6.13 4.85
8.35 94.35 -3.25 3.9
15.24 95.16 -8.27 1.63
0 94.9 -2.57 2.34
0 94.84 0.05 2.24
0 94.21 4.31 3.51
0 94.78 1.8 1.74
2.34 93.89 1.77 5.2
0 94.34 -0.87 6.05
0 94.78 0.32 3.44
0 94.47 5.31 2.35
0 94.7 8.17 3.6
0 94.83 9.88 3.62
0.14 93.86 9.67 8.3
0.3 94.5 0.5 5.23
0.21 94.5 -1.11 4.69
0 94.44 -0.14 2.13
1.51 94.36 1.28 3.12
0 94.01 3.91 4.89
0 93.84 4.46 5.26
0 94.1 3.18 5.27
0.06 94.43 3.93 2.33
0 93.94 10.71 3.76
0 94.13 10.15 5.28
0 93.97 13.19 3.31
2.55 93.73 13.73 6.21
1.87 94.11 7.32 4.5
0 93.55 12.08 3.42
0 93.4 14.16 2.97
0 93.37 15.71 3.14
5.3 94.07 8.54 4.12
0 94.3 8.58 2.46
0 93.38 16.62 4.69
0 93.43 18.91 4.25
2.15 93.79 15.38 4.43
11.27 94.29 13.7 3.89
0.75 93.76 12.98 2.69
0.1 93.13 14.6 1.83
0.19 93.08 18.42 4.18
222.97 93.62 12.39 3.53
61.14 93.56 9.12 4.67
0 92.94 11.08 3.3
0.06 92.68 11.15 7.68
0 93.85 9.47 2.9
0 93.85 13.16 2.68
0.16 93.6 18.1 3.9
0.25 94.21 16.42 2.56
13.2 93.71 17.6 2.32
0 93.76 20.81 1.94
0.39 93.93 20.27 2.63
0 93.98 17.8 2.93
0 93.62 17.56 2.25
4.52 93.61 16.08 1.9
0 93.84 18.22 2.11
0.03 94.05 20.24 2.43
1.91 94.31 19.63 3.03
104.21 94.3 13.48 1.86
15.47 93.77 13.87 3.04
19.73 93.55 10.51 2.55
1.59 93.52 11.7 4.41
0.01 93.28 11.79 3.68
3.43 93.03 12.25 5.67
0.02 93.48 15.78 1.31
0 93.37 22.62 4.02
3.95 93.96 20.16 2.86
2.91 94.28 18.11 1.75
0.06 94.13 20.3 4.18
0.89 93.85 19.88 4.26
1.48 94 17.1 3.04
0 93.98 17.06 3.25
0 93.79 18.21 2.5
0 93.44 19.93 2.68
0 93.87 20.6 2.55
0 93.98 23.13 2.65
7 94 20.91 2.56
57.02 94.45 14.52 2.73
0.1 94.52 16.76 1.47
9.43 94.04 16.98 3.02
5.21 93.83 16.31 3.48
37.64 93.58 15.64 2.27
10.23 93.3 19.1 4.14
0.46 93.51 20.89 2.03
2.44 93.08 19.81 2.61
5.63 92.96 22.3 2.02
18.25 92.94 22.62 2.3
28.08 92.81 21.8 3.53
10.14 92.96 17.46 3.43
2.24 92.66 16.26 3.2
19.94 92.76 16.49 3.09
277.17 93.39 13.24 2.3
311.85 93.6 13.77 1.9
235.22 93.62 15.06 2.96
6.01 93.48 18.91 1.67
2.3 93.36 21.97 1.75
3.02 93.55 21.77 1.73
11.33 93.29 21.19 1.64
17.3 93.33 21.17 1.51
1.52 93.49 21.36 1.26
20.01 93.44 21.21 1.48
0.31 93.19 22.51 1.92
60.37 93.23 21.84 2.06
34.92 93.59 20.66 2.58
5.65 93.94 22.78 1.92
0.76 94.12 23.08 1.71
1.19 93.85 20.65 1.74
37.38 93.43 21.42 2.05
0 93.31 23.75 2.22
0.9 92.91 24.74 4.5
1.54 92.96 22.92 4.25
0.94 92.94 22.59 2.76
0.02 93.3 23.39 1.57
0.73 93.42 23.28 1.44
0.43 93.32 23.45 1.52
9.53 93.28 23.97 1.58
19.1 93.28 25.21 2.05
11.74 93.31 25.44 1.92
131.05 92.92 21.65 1.86
22.28 92.74 19.28 2.89
73.13 93.13 18.49 3.48
9.6 93.65 20.23 2.46
0 93.65 21.13 1.88
0 93.67 22.58 1.38
0 93.89 24.52 1.19
0 93.96 25.06 2.01
0.04 93.77 25.15 2.46
1.24 93.66 25.38 1.44
2.78 93.59 25.43 1.64
31.55 93.52 23.95 1.31
323.99 93.13 21.71 3.35
0 93.62 23.12 1.1
0 93.81 23.98 1.67
3.6 93.72 24.2 1.74
26.5 93.33 25.75 4.23
1.12 93.75 24.13 1.69
93.07 93.25 22.75 1.93
9.8 93 23.72 4.26
0.17 93.62 21.98 1.06
35.3 93.91 19.83 1.51
103.68 94.09 18.73 1.76
71.42 94.02 19.52 1.21
7.22 94.02 22 1.55
46.33 94.09 21.76 1.7
0 94.26 22.97 1.09
0 94.09 24.14 1.11
0 93.68 26.13 2.13
5.77 93.62 24.41 1.75
2.5 93.89 23.27 1.12
0 93.72 24.82 1.48
6.99 93.81 20.54 2.45
28.45 93.87 17.61 2.22
0.57 93.98 19.68 1.41
1.66 93.64 19.06 1.96
10.38 93.73 21.11 1.9
0 94.05 22.1 1.49
0.02 93.63 23.33 3.23
120.15 93.66 23.26 2.35
0.99 93.77 20.83 1.66
5.47 93.74 20.04 2.66
3.63 94.33 16.69 1.97
0.01 94.47 16.33 1.91
0 94.2 21.01 2.42
0 94.13 22.29 1.9
0.13 93.99 22.7 2.63
0.98 94.03 22.34 1.14
4.91 93.93 21.86 1.68
0.34 93.53 22.89 2.03
0.47 93.67 23.74 2.84
0 93.9 24.79 2
0 94.03 25.21 2.55
0.4 94.04 25.04 1.85
239.59 94 16.12 3.12
11.33 94.35 13.74 2.37
0.12 94.39 12.68 2.3
0.47 94.48 16.35 1.58
0 94.39 19.74 1.89
11.1 94.5 18 1.33
0.52 94.43 17.2 1.07
0 94.37 18.86 0.93
0 94.29 21.07 1.12
24.45 93.97 19.4 2.7
124.86 94 12.91 4.23
0.26 94.13 11.61 3.07
0 94.5 14.16 1.32
0.04 94.96 14.45 0.92
0 95.07 13.99 1.24
0 94.45 14.58 2.54
0 93.96 16.68 3.21
0.1 93.92 16.29 1.85
0 94.14 18.15 1.82
1.3 94.05 18.33 2.44
0.4 94.08 17.41 1.28
1.74 94.42 15.88 1.4
0.21 94.7 15.77 1.16
28.16 94.58 14.4 1.88
1 94.82 14.56 1.72
33.49 94.44 10.11 1.55
20.36 94.45 10.05 7.53
0.34 94.63 11.32 3.39
0 94.62 12.06 1.87
0 94.44 13.1 1.57
0.21 94.25 14.7 2.3
0.36 94.11 13.57 3.36
0 94.24 13.57 2.64
0 94.79 10.99 1.9
0 95.17 11.99 0.94
0 95.03 14.22 1.48
0 94.52 16.34 2.97
14.9 94.11 12.68 3.57
0 94.62 9.25 2.65
0.02 94.21 11.15 2.53
0 94.04 13.33 2.69
0.03 94.46 8.48 3.98
0 94.85 7 2.27
0.01 94.94 7.35 2.05
15.98 94.31 9.45 4.17
0 94.35 4.38 3.95
0 94.46 6.11 2.84
0 94.28 7.73 2.09
0 94.69 7.09 1.12
73.85 94.96 1.54 1.18
88.99 94.41 2.04 1.8
0 94.1 6.65 2.13
0 93.85 10.02 4.09
0 94.48 8.96 1.96
0 94.5 11.51 2.27
4.22 94.38 10.55 3.08
0 95.3 2.82 1.34
1.9 95.17 -0.24 2.65
0.02 94.75 -0.32 2.41
0.01 94.6 -0.59 2.26
0 94.54 2.21 1.44
0 94.72 0.89 2.05
5.26 94.83 -0.55 1.52
194.2 94.52 -1.47 41.86
59.14 94.73 -1.03 3.11
0 94.72 -3.64 0.51
0 94.4 -1.07 1.92
0 94.64 -0.83 1.06
0 95.04 -2.43 0.86
58.36 94.73 -2.58 0.6
103.06 93.48 -2.7 5.65
0.1 93.95 -4.52 3.4
0 94.02 -6.64 4.71
0 94.79 -4.82 2.65
0 95.04 -6.37 0.68
20.23 94.54 -2.87 0.85
0 94.46 -4.59 39.09
0 94.13 -4.93 3.61
0.01 94.74 -3.23 3.44
0 94.77 -4.39 1.68
0 94.44 -2.5 2
5.43 94.94 -5.72 1.97
0 94.84 -7.37 2.45
0 94.3 -5.88 2.1
0 94.27 -2.88 3.95
0 94.33 -7.59 3.14
0 93.4 -4.4 3.41
0.01 94.17 -6.83 4.83
0.01 94.71 -9.47 2.57
0 95.4 -13.43 2.37
0.07 95.02 -14.43 1.35
0.11 93.95 -5.06 3.4
0.69 94.18 -8.1 4.26
0 94.43 -10.95 2.28
0 94.45 -13.34 3.64
0 94.39 -14.93 3.15
0 94.57 -16.42 3.01
0.01 94.57 -17.72 3.61
0 94.71 -11.36 3.67
0.03 95.31 -13.98 1.35
0.02 95.47 -13.63 0.69
0.05 94.88 -11.5 2.06
0.01 94.93 -8.26 1.49
22.96 95.03 -11.22 0.8
0.33 94.81 -10.19 0.86
0.9 95.15 -12.29 1.17
0 95.51 -13.37 3.98
0 95.58 -15.62 1.9
0.01 95.03 -14.81 0.75
0.09 95.14 -12.58 35.92
2.75 95.16 -10.63 3.71
0 95.61 -16.22 2.66
0 95.39 -19.96 2.85
0 94.56 -17.79 5.21
0 95.7 -19.14 2.07
0 95.42 -18.62 1.02
0 94.85 -13.41 1.23
9.17 94.87 -15.05 0.68
17.85 94.92 -13.05 4.11
0 94.53 -15.34 3.84
0.01 94 -14.86 2.56
0 94.45 -18.48 3.99
0 95.55 -18.89 3.56
0 96.12 -15.86 2.62
0 95.17 -16.63 0.91
0 95.02 -14.08 1.67
0 94.89 -14.57 1.21
0 94.81 -14.74 1.26
0.01 95.21 -16.98 1.72
0 95.02 -14.87 2.57
0 94.87 -14.44 1.02
0.24 94.53 -13.01 0.55
0 94.62 -11.55 1.75
0 94.61 -13.28 0.62
0 95.07 -10.47 2.06
0.7 94.78 -13.63 1.25
0 95.51 -14.72 2.08
0 95.76 -11.49 2.29
0 94.79 -6.26 2.09
0 95.29 -9.81 0.76
14.65 95.3 -9.41 0.87
1.53 95.39 -9.73 1.28
0 95.12 -13.86 1.01
0.01 94.01 -7.33 3.01
0.01 94.59 -13.9 4.38
0 94.64 -15.54 1.39
0.08 94.95 -14.73 1.12
0.02 94.86 -10.96 1.54
0 94.45 -6.02 0.98
0 94.71 -7.06 0.97
0.02 94.61 -5.09 1.44
0.61 94.54 -5.91 1.88
0.31 95.19 -8.22 3.86
0 95.26 -10.54 2.85
0.8 94.24 -9.47 3.53
0 95.04 -9.79 2.83
0.01 94.58 -7.58 2.05
0.52 94.89 -15.32 4.01
0 95.7 -18.49 4.13
0 95.55 -17.12 1.43
0.16 94.7 -12.21 2.19
0 95.32 -13.22 2
0.04 95.35 -12.79 1.75
0 94.66 -7.66 49.7
0 94.45 -4.62 2.98
0 95.08 -9.45 2.61
0 95.01 -10.46 1.3
0 94.27 -6.5 2.48
0.01 94.3 -5.82 4.06
0 95.02 -11.63 4.25
0 95.13 -13.04 2.42
0 95.08 -11.86 1.77
0 94.96 -7.76 3.81
0 95.19 -7.44 3.27
0 95.13 -5.09 1.37
0 95.26 -7.18 1.85
4.27 95.06 -7.44 1.69
0.11 94.24 0.09 3.52
0 94.18 0.89 2.81
0.09 93.66 -2.67 6.12
0 95.43 -8.48 5.17
0 95.41 -6.08 1.52
0 94.38 0 3.93
0 94.71 1.53 1.97
0 94.11 5.65 3.13
0 94.05 3.76 1.8
0 93.44 5.69 2.37
0 93.34 -0.55 2.15
0 93.48 -3.38 5.77
0 94.87 -0.95 1.77
0 94.15 4.87 3.99
14.43 94.14 -0.21 3.67
0 95.29 -6.46 4.01
0 94.76 0.01 3.01
0 94.35 5.3 3.09
0 94.74 5.52 3.17
0 93.33 7.87 3.99
0.34 93.41 -2.53 4.09
46.37 94.19 -8.38 2.02
0.15 94.57 -7.67 2.61
0 93.32 1.27 6.22
0 94.32 -3.51 2.34
19.05 93.99 -5.75 3.72
0 94.71 -5.34 2.49
0 94.54 -2.44 1.44
0 93.57 4.51 4.05
0.65 93.8 1.01 4.63
0 94.63 -1.56 4.16
0 94.85 -2.59 2.25
0.31 94.7 -0.35 1.67
21.32 94.42 0.79 1.98
125.62 94.59 -0.24 2.75
0 94.08 3.59 2.31
0 94.15 5.08 2.62
14.03 94.3 -1.41 2.42
68.36 94.57 -1.73 3.21
0 94.33 -0.95 2.43
0.17 93.41 1.8 2.81
28.17 93.46 0.14 4.08
2.5 94.44 -0.53 3.83
0.96 94.28 1.06 4.27
0 94.33 1.86 3.55
0 93.85 8.65 3.68
0.12 93.4 6.75 4.57
0 93.65 2.69 5.15
0 93.37 3.73 2.52
5.72 93.68 3.38 3.18
64.99 93.97 0.64 2466.72
1.3 94.97 0.13 5.33
0 94.98 1.85 2.45
0 94.65 5.17 3.16
0 94.29 8.49 2.04
0.15 93.74 12.21 4.9
95.74 93.83 6.2 2.23
0.35 93.76 7.4 3.92
0.01 93.84 8.43 5.81
0 93.88 10.09 1.66
0 93.8 13.93 2.33
1.58 93.61 12.37 3.27
0.07 93.87 11.5 6.25
0.15 94.33 10.95 6.11
0.16 94.39 11.1 2.03
0.46 94.23 12.35 2.43
2.04 94.44 12.93 2.06
0 94.16 17.28 2.58
0 94.39 20.94 1.38
0 94.31 22.31 2.63
0 94.31 22.26 3.05
0.07 94.03 22.64 4.66
21.8 93.73 14.12 2.26
14.25 92.89 14.42 4.28
0 92.53 17.68 5.39
0 93.09 16.53 2.91
0 93.08 19.11 2.73
0.22 93.75 16.17 4.99
0 94.64 15.99 2.43
0 94.5 17.65 2.18
0.38 93.85 19.19 3.06
0 93.3 20.48 3.43
18.35 92.7 15.81 6.38
0 92.69 17.86 4.7
0 93.08 19.56 2.46
0 93.93 20.02 2.25
2.82 93.71 24.8 4.02
0.73 94.34 17.99 2.29
0 93.91 21.23 2.28
0.87 93.61 22.32 3.43
0.76 93.43 20.23 4.21
0.42 93.26 19.66 3.09
0 93.57 18.88 4.58
0 93.36 23.87 3.55
0.02 92.98 25.71 3.88
0 93.67 20.1 2.44
2.37 93.35 19.02 3.32
0.02 93.66 19.15 3.77
6.23 94.2 17.89 2.42
13.59 94.03 19.58 1.86
11.77 93.83 19.78 3.3
2.08 93.67 22.11 2.88
0.44 93.54 22.38 3.64
100.41 93.95 16.25 1.76
0.91 94.17 17.42 1.59
4.95 93.89 15.82 2.3
1.39 93.64 17.56 1.69
0.01 93.67 23.05 3.34
0.09 93.66 24.4 3.79
1.65 93.57 24.88 2.77
262.76 93.62 18.47 2.93
2.81 93.31 21.03 1.64
52.39 93.01 20.28 1.89
0.11 93.35 23.4 1.59
0 93.87 23.37 2.23
0.02 94.02 24.06 1.9
1.42 93.75 22.08 1.3
10.19 93.43 21.84 1.49
125.38 93.26 20.95 1.95
31.26 92.98 21.74 2.26
320.76 92.73 19.77 1.67
90.65 92.9 21.58 3.18
116.88 93.31 20.57 1.96
79.32 93.31 22.46 2.71
11.8 93.26 23.57 3.77
42.36 93.05 23.52 2.08
139.07 92.66 22.47 2.64
0.02 92.64 24.17 3.58
1.27 92.66 24.13 2.51
0.45 93 24.59 2.31
0.66 93.17 24.37 2.08
4.03 92.96 26.08 3.73
27.37 93.28 24.32 1.79
42.66 93.5 22.28 1.85
0.63 93.72 22.88 1.46
0.28 93.7 22.64 1.11
5.55 93.66 23.14 2.27
17.92 93.84 22.34 2.07
0.05 93.8 24.8 1.45
193.33 93.1 21.97 1.29
60.63 92.99 22.73 3.09
0 93.53 23.48 2.12
0.1 93.38 22.82 2.01
142.24 93.36 20.64 2.75
1.34 93.58 21.41 1.58
0.18 93.55 23.94 1.44
51.22 93.41 23.55 2.3
13.28 93 23.68 2.29
0.36 93.1 23.64 2.82
0 93.41 24.15 1.71
0.02 93.4 25.19 1.5
73.85 93.18 22.61 1.18
2.71 93.14 25.01 2.13
0.15 93.08 24.82 1.32
0.66 92.87 26.3 1.39
4.39 92.96 26.51 1.63
8.21 93.24 25.62 2.51
0.16 93.48 25.99 2.58
0.77 93.29 25.92 2.72
24.14 92.96 26.31 2.86
9.59 92.8 25.84 2.06
6.13 92.94 26.29 2.85
8.58 93.25 26.07 2.72
5.82 93.02 26.43 2.44
12.42 93.22 23.94 1.91
0.65 93.59 26 1.37
2.78 93.67 27.51 3
19.76 93.38 25.17 3.02
1.82 93.39 26 3.04
12.48 93.34 26.54 1.94
1.69 93.41 25.87 2.13
318.03 92.86 24.53 1.52
0.03 95.8 25.6 2.84
0 93.92 21.91 2.8
0 94.16 21.56 1.89
1.71 94.13 20.54 0.86
0.78 93.69 23.96 2.42
0.1 93.86 22.88 2.27
0 94.07 22.74 1.77
0.02 94.06 22.91 1.21
12.76 93.75 22.13 1.46
4.57 93.88 19.22 2.08
9.41 93.76 19.4 1.73
150.75 93.16 18.76 1.32
26.79 93.46 14.42 3.34
0.07 94.1 15.87 2.55
75.75 94.17 16.21 1.96
0.53 94.42 15.17 1.84
2.61 94.57 15.65 1.46
0 94.65 15.9 1.28
2.88 94.52 16.75 1.45
176.7 94.48 13.81 1.85
58.29 94.54 13.84 1.13
2.21 94.6 16.07 0.98
1.01 94.53 17.79 1.31
3.38 94.06 18.12 1.53
0.04 94.16 17.7 1.2
0 94.2 17.16 2.39
0.94 93.98 20.21 2.51
14.37 93.33 19.45 3.66
0.13 93.7 19.06 3.55
0 94.31 14.07 1.81
0.51 93.98 16.54 1.49
2.55 94.57 16.19 1.72
7.58 94.98 14.48 0.72
4.89 94.03 19.57 3.17
0 94.48 18.06 1.51
0.02 94.44 18.95 1.38
0.78 94.31 18.35 2.79
20.05 94.71 12.4 3.27
0 94.93 8.73 2.51
0 94.75 10.92 1.83
0 94.39 12.1 1.98
0 93.72 17.86 3.45
0 93.8 16.93 2.88
0 94.75 12.97 1.5
0.42 94.63 13.93 1.72
146.69 94.67 10.97 2.14
0.01 94.77 10.81 3.18
0 94.53 9.45 1.73
0 93.86 17.55 4.14
0 94.93 13.47 1.09
0.01 94.88 15.53 2.22
0.02 95.17 12.59 2.25
0.14 94.66 11.45 1.8
0 93.68 15.55 3.18
3.52 93.77 13.23 4.4
0 94.2 10.58 3.82
0 94.7 11.8 1.75
13.72 94.66 11.27 2.52
1.34 95.56 3.73 5.16
0 95.57 2.89 1
0 95.16 7.37 1.28
0 95.16 7.22 1.21
0 94.94 11.19 2.9
55.53 95.14 9.26 1.51
0.65 95.19 7.1 2.03
0 95.02 5.94 1.14
40.22 94.88 5.15 2.11
18.4 94.84 1.27 2.38
0 95.04 3.92 3.74
0 95.3 5.84 2.84
0 94.84 4.88 1.33
0 94.28 7.77 2.11
1.95 94.83 6.03 1.48
1.87 95.37 4.5 2.8
0 95.3 4.02 1.9
0 95.4 4.73 0.72
0 95.15 4.59 1.21
0.83 94.62 9 2.42
0.69 94.94 7.35 3.43
0 95.28 5.61 1.79
0.01 94.53 6.8 2.54
0.09 94.12 5.85 4.05
0.01 94.5 2.86 2.84
0 94.55 3.06 2.49
0.04 95.13 1.98 3.49
0 95.09 -1.63 4.2
0 95.14 1.28 2.45
0 95.04 1.82 1.72
0 94.42 1.71 2.15
0 94.21 3.09 3.61
0 94.17 3.03 2.22
0.06 94.34 1.74 3.75
0.01 94.71 -3.33 4.74
0.02 94.92 -3.84 6.25
0 94.82 -3.79 4.1
0 94.85 -1.96 2.64
0 95.04 -2.82 0.83
0 94.8 1.6 1.93
0 94.52 1.82 2.12
0.01 94.2 -0.39 2.16
0 94.03 -4.07 5.12
0 94.16 -7.51 3.66
0 94.39 -10.47 7.02
0 94.58 -5.4 3.62
0 94.19 0.68 3.36
0 94.84 -2.46 2.09
932.4 94.58 -0.34 3.25
932.4 94.35 -0.3 1.34
932.4 94.63 2.39 2.48
932.4 94.65 1.59 2.52
932.4 94.85 -1.46 2.67
932.4 94.41 -1.84 0.98
932.4 94.49 -4.39 1.32
932.41 94.49 -4.03 2.37
932.41 94.71 -6.09 3.06
932.48 94.16 -7.89 3.19
932.52 94.15 -8.78 2.19
932.4 94.31 -11.86 4.38
932.4 94.61 -11.63 2.57
932.4 94.99 -8.66 3.23
932.4 95.55 -7.85 1.63
932.4 95.52 -9.65 1.46
933.27 95.8 -12.24 2.35
932.48 95.42 -13.75 2.5
932.47 95.3 -12.46 2.58
932.41 95.7 -11.54 1.76
932.4 95.73 -10.38 1.06
932.4 95.44 -10.03 0.77
932.4 95.61 -9.25 1.13
932.4 95.51 -9.49 0.77
932.43 94.98 -6.41 2.96
932.43 95.45 -10.33 3.83
932.4 95.12 -10.85 1.35
932.4 94.65 -10.41 2.88
932.4 93.94 -5.68 4.15
932.4 93.77 -4.76 3.78
932.4 93.38 -3.15 4.65
932.4 93.8 -3.41 3.09
932.4 94.06 -2.69 3.23
932.4 94.67 -4.46 2.65
932.99 94.54 -7.29 1.83
933.67 94.82 -8.66 1.92
932.41 94.5 -7.04 2.8
932.4 95.05 -6.88 2.19
932.4 95.49 -14.21 2.91
932.4 95.08 -13.56 2.58
932.4 95.1 -11 2.4
932.4 95.19 -9.74 2.16
932.4 95.7 -12.54 1.58
932.4 95.42 -12.63 1.49
932.4 95.45 -10.76 2.01
932.4 95.26 -7.2 1.99
942.35 95.32 -10.21 1.58
932.4 95.24 -10.15 1.56
932.4 95.48 -7.92 1.99
932.56 94.48 -6.12 4.62
932.41 95.02 -10.32 3.93
932.4 95.18 -9.69 2.33
932.4 94.5 -5.87 1.74
932.4 93.7 -0.59 3.21
932.4 94.31 -3.15 1.99
932.4 95.23 -9.07 2.61
932.4 94.74 -7.13 4.09
932.4 94.2 -4.51 4
932.4 94.76 -6.88 3.75
932.4 93.46 -0.79 5
932.4 94.2 -6.85 3.47
932.4 94.29 -6.93 1.9
0.11 93.88 -4.05 2.02
0.02 93.93 -3.99 5.59
0 94.78 -12.9 3.77
0 94.93 -11.17 2.07
0 95.11 -11.84 1.44
0 95.37 -10 1.67
1.59 95.05 -10.96 1.38
13.33 95.12 -12.86 2.56
0 95.72 -15.15 3.02
0 95.5 -14.32 1.21
0 94.94 -11.45 1.19
0 95.6 -13.02 1.27
0 95.51 -12.72 2.11
0.03 94.72 -5.55 3.12
0 94.79 -5.78 1.8
0.03 95.38 -6.47 2.13
0 95.93 -9.59 1.51
0.49 95.44 -9.14 1.34
0.66 95.21 -9.27 1.98
0 95.11 -7.28 1.18
0 95.08 -4.17 2.15
0.25 95.64 -8.45 1.58
0.05 95.43 -5.73 1.21
0 94.97 -1.74 1.52
0 94.81 2.74 1.64
0.3 94.55 4.15 3.58
0.9 95.24 -3.52 3.83
0.02 94.91 -7.15 1.97
0 94.8 -5.28 1.46
0.16 94.73 -5.62 2.46
0.9 94.74 -6.27 1.87
2.66 95.07 -5.85 2.81
0 95.1 -7.04 2.98
0 95.26 -7.47 3.22
0 95.26 -5.66 2.49
0 94.79 -5.75 2.02
0 95.09 -5.19 2.09
0 94.53 -1.98 2.25
0 94.36 1.43 3.53
0 95.03 -1.85 4.45
0 94.62 -1.8 1.74
0 94.11 2.4 3.82
0 93.85 7.35 2.66
0 94.2 4.94 2.21
0 93.75 8.2 5.66
0 94.88 3.82 2.04
0.04 94.8 3.51 5.5
0 95.11 3.78 4.99
0 94.51 7.15 3.51
0 94.59 7.94 3.21
0 94.8 8.02 2.56
0 93.83 13.2 4.97
0 93.84 12.55 2.53
0.01 93.86 11.57 2.74
0 93.88 10.66 3.28
82.78 93.65 11.25 3.05
41.8 94.15 9.52 2.05
0 94.34 11.39 2.41
0.35 94.43 9.21 1.88
0 93.9 11.97 2.8
0 94.64 7.65 3.77
0 95.02 2.21 4.67
0 94.18 6.24 4.53
0 94.77 5.3 4.15
0 94.16 13.95 4.17
0 94.13 14.34 1.56
0 93.96 15.24 2.8
0 94.23 11.16 4.62
0 94.92 9.13 2.1
0.59 94.53 10.46 2.13
0.29 94.23 11.73 1.88
0 94.36 13.84 1.38
0 94.27 18.14 3.3
0 94.89 12.57 2.89
0 94.15 13.76 2.26
6.66 94.18 6.93 3.15
0.01 94.87 7.28 2.75
29.6 94.64 7.05 2.51
0.03 94.23 9.39 96.59
0 94.34 11.7 3.98
0 94.01 13.95 2.53
0.41 93.69 16.29 3.67
1.97 93.92 17.87 4.06
0.17 94.39 16.96 3.57
42.65 94.68 11.39 3.18
0 94.97 12.48 2.81
0 94.82 13.22 1.83
0 94.19 14.89 1.54
0 93.62 19.27 1.7
2.49 93.58 18.5 4.62
201.52 94.25 6.32 5.09
12.42 93.78 7.34 6.04
4.9 94.02 4.93 5.83
0.05 94.25 7.86 4.71
0.06 93.66 12.03 2.3
23.07 93.73 7.22 4.4
0.32 94.25 11.22 1.8
80.64 94.53 10 2.44
1.55 94.4 11.84 1.67
205.69 93.57 8.69 2.61
44.12 92.69 15.16 4.1
0 92.9 17.3 4.15
0.03 93.25 13.6 3.66
0 93 13.69 3.57
0.02 93.8 16.57 3.11
1.14 94.14 16.32 1.92
1.81 93.77 18.48 3.07
49.25 93.39 16.79 2.61
1.48 93.46 17.46 3.25
0.01 93.6 19.03 2.09
0 93.57 22.04 2.17
0.15 93.86 25.64 3.56
43.11 93.72 17.77 2.54
0.23 93.3 16.84 5.69
0 92.77 21.37 4.49
34.81 92.58 18.34 2.58
1.51 93 21.65 1.72
0 93.11 23.94 18.31
0.07 93.67 25.27 2.29
0 93.61 28.46 4.19
2.25 93.83 23.66 2.43
0.21 93.98 21.85 2.48
0 93.86 22.56 2.03
0.34 93.65 22.55 1.95
13.07 93.51 23.45 2.21
428.03 93.68 15.54 2.34
92.77 93.52 12.79 3.27
9.58 93.18 16.1 2.97
21.12 93.48 15.35 1.87
33.37 93.9 15.06 1.79
5.66 94 18.22 2.47
7.42 93.81 20 2.82
5.31 93.85 20.76 2.79
0.01 93.7 21.69 2.1
2.11 93.51 23.28 1.39
248.53 93.3 20.17 1.69
45.59 93.17 19.62 1.84
98.09 93.33 18.92 2.41
3.09 93.62 18.83 1.94
14.55 93.73 19.11 1.86
2.85 93.85 19.3 1.53
281.41 93.94 17.81 2.84
0.77 93.82 21.33 1.95
0.04 93.39 23.63 2.36
12.67 93.19 22.43 2.9
8.3 93.29 21.58 3.73
0.17 93.75 21.76 3.96
0.32 93.65 22.84 3.29
0 93.73 24.3 2
0 93.68 24.87 1.52
12.84 93.62 22.91 2.53
51.99 93.3 20.36 2.22
21.51 93.04 23.13 2.11
0.03 93.54 25.17 2.59
0.38 93.58 25.84 2.89
0.66 93.46 26.23 2.41
1.95 93.25 25.44 2.78
18.46 93.21 22.81 3.37
0 93.4 23.9 3.16
0 93.13 24.25 4.16
2.16 93.21 22.37 2.81
2.97 93.41 21.42 2.72
0.27 93.33 22.88 2.56
1.47 93.39 23.71 1.71
11.91 93.32 23.59 2.42
90.2 93.39 21.93 18.82
3.68 93.64 22.51 18.24
0.13 93.72 26.55 1.65
0.42 93.81 28.83 1.92
1.45 93.42 29.43 4.52
73.01 93.32 23.96 2.18
0.12 93.63 22.12 1.68
0 93.33 25.41 2.98
0.04 93.72 23.03 2.14
0 93.77 23.15 1.5
0.01 93.94 23.42 1.56
2.88 93.78 26.13 2.55
2.55 93.32 27.59 3.25
4.29 93.34 26.34 3.55
10.77 93.49 25.05 1.79
0 93.58 26.7 2.24
0 93.56 27.4 2.74
5.26 93.45 26.09 2.6
5.41 93.45 25.6 1.85
84.27 93.71 19.42 2.54
0.8 93.63 22.02 1.82
0 93.93 22.12 2.58
0 94.03 21.62 1.27
0.01 93.86 22.5 1.83
50.48 93.6 21.16 2.24
11.5 93.37 20.92 1.43
0.77 93.58 21.89 3.89
0.17 93.77 20.94 2.17
7.94 93.77 19.38 1.91
5.72 93.68 18.77 1.52
9.51 93.75 20.06 2.24
2.86 93.84 20.28 1.7
1.14 93.97 21.66 2.32
5.78 94.18 21.21 1.86
1.51 94.12 22.7 1.96
0.42 93.79 23.53 2.37
2.23 93.81 24.24 1.88
117.29 93.71 22.53 2.57
78.66 93.57 22.29 1.74
41.31 93.83 19.51 2.14
0.67 94.12 19.89 2.62
0 94.21 21.18 1.77
0 94.31 23.27 1.48
3.06 94.43 20.7 1.63
1.8 94.47 21.05 1.53
0.38 94.43 20.67 1.77
5.57 94.25 19.92 1.85
4.69 94.22 19.52 1.7
233.82 94.21 15.37 2.49
1.07 93.81 17.33 1.53
0 93.51 20.18 2.26
0 94.03 18.68 1.37
0 94.02 20.73 1.4
1.2 93.63 20.57 3.1
0.01 93.93 18.64 3.17
0 94.11 15.87 1.28
0.01 94.35 17.05 1.43
0.05 94.33 18.88 1.89
35.56 94.41 16.32 1.39
0.21 94.2 18.24 2.36
0.05 94.52 16.66 3.19
0 94.62 14.54 3.56
0 94.66 13.1 1.23
0 94.75 16.55 1.24
0 94.71 17.04 1.67
29.7 94.02 16.2 2.34
23.37 94.02 13.71 2.97
0.01 94.6 13.81 1.39
0.24 94.61 16.22 1.82
96.67 94.84 11.65 1.93
22.53 94.59 12.65 1.48
0 94.47 13.71 1.56
40.96 93.82 13.97 2.21
0.03 94.4 13.41 2.32
0.53 94.28 14.22 2.56
22.24 95.14 5.28 3.93
0.06 95.15 5.18 1.71
18.75 94.29 6.52 1.99
10.1 94.2 7.65 2.32
0 94.51 9.04 1.65
127.09 94.71 6.77 1.55
24.13 95.22 7.51 2.51
0 95.01 8.69 1.95
0 94.59 12.24 1.59
0 94.46 14.32 2.49
0 94.67 16.51 2.11
0 94.91 13.55 1.45
0.3 94.83 14.11 2.51
0.86 95.8 7.97 3.05
0 95.35 4.13 1.26
0 94.41 8.44 2.39
0 93.96 9.63 4.28
0 94.46 9.72 3.03
0 94.23 13.03 2.7
0 94.34 13.55 2.08
0 94.02 16.63 4.43
0 94.9 6.98 2.64
0 95.23 3.02 1.71
0 94.64 6.01 1.55
0 93.9 11.77 3.18
0 93.63 14.51 3.39
0 93.86 11.1 1.74
0 95.35 3.66 4.6
0 95.7 1.92 1.37
0 95.1 4.05 1.66
0.03 94.82 8.54 1.83
3.9 95.07 8.07 14.18
2.46 94.78 4.86 1.28
1093.29 94.43 6.41 3.73
1093.32 94.59 3.01 3.64
1093.28 94.36 6.9 2.44
1093.28 93.97 8.47 3.92
1093.29 94.35 6.15 3.06
1093.28 95.63 -1.54 2.63
1093.28 95.56 -1.77 1.28
1093.28 95.17 0.39 1.7
1093.28 94.96 4.48 1.61
1093.28 94.65 4.23 1.21
1093.29 94.3 2.88 3.58
1093.31 94.75 -5.01 5.81
1093.28 94.72 -1.75 3.01
1093.28 95.08 -2.01 1.5
1093.28 95.19 -1.72 1.41
1093.37 95.04 0.99 2.03
1093.28 95.38 -0.84 1.39
1093.28 95.3 -0.34 1.5
1093.28 94.6 2.21 3.03
1093.28 94.04 3.33 4
1093.28 94.57 0.71 2.83
1093.28 95.07 -1.62 2.09
1093.31 94.82 2.09 3.42
1093.28 95.25 -3.01 2
1093.28 94.3 -1.77 2.39
1093.28 93.87 96.33 5.47
1093.28 94.98 -3.29 2.07
1093.28 94.48 -1.13 1.3
1093.29 94.3 0.09 2.28
1093.45 94.46 -1.81 5.93
0 95 -12.02 7.03
0 94.75 -10.98 3.99
0 94.51 -11.64 6.1
0 94.63 -11.15 4.43
0 94.74 -10.5 3.32
0 94.94 -10.4 1.78
0.91 94.98 -9.85 1.32
0 95.48 -9.89 1.42
0.02 95.32 -7.3 3.27
0.95 94.74 -5.49 4.98
0.04 95.14 -9.43 3.04
0.01 94.75 -10.43 4.14
0 94.89 -10.72 2.67
0 94.94 -8.72 1.58
0.12 94.89 -9.15 3.39
0 94.98 -13.08 3.18
0 94.99 -11.1 2.06
0 94.89 -7.45 2.84
0.07 94.67 -6.61 4.96
0 94.99 -10.75 3.98
0 94.62 -10.13 3.27
0 94.42 -2.96 2.31
0 94.49 -2.74 3.34
0 95.33 -5.79 3.83
0 95.56 -5.05 2.48
0 95.28 -8.27 1.06
0 94.89 -3.65 2.61
0 94.31 -4.64 2.06
0 93.66 -3.78 3.84
0.05 94.37 -7.33 49.04
0.01 95.09 -11.6 5.34
0.06 95.05 -11.52 2.78
0 94.99 -6.98 3.04
0 93.75 -2.08 4.15
0 94.02 -2.75 1.7
0.22 94.38 -2.74 5.67
0 94.89 -7.54 3.04
0 95.27 -9.33 1.65
0 95.14 -8.2 2.05
0 95.03 -5.5 2.32
0.02 94.61 -4.6 2.67
0 95.63 -7.88 2.31
0 95.7 -8.58 1.72
0 95.27 -4.71 1.99
0 95.49 -9.19 1.67
0.17 95.11 -10.21 1.73
1.13 95.1 -10.45 3.58
0 95.19 -8.78 2.17
0.77 94.1 -4.88 3.82
0.01 94.71 -8.13 1.7
0.02 94.65 -6.81 2.54
0.36 95.21 -7.49 1.82
0 94.64 -7.56 1.81
0 94.15 -3.18 3.37
0 95.03 -7.32 1.82
0.6 94.61 -4.06 1.14
4.6 95.24 -8.94 3.93
0 95.74 -12.36 2.69
0 95.57 -11.95 2.29
0.04 94.99 -8.6 4.07
0 95.63 -10.76 3.57
0 95.88 -8.99 1.34
0 95.69 -8.09 1.55
0 95.52 -7.51 1.6
0.04 95.42 -4.67 2.75
0.03 95.35 -7.22 3.21
0 95.22 -4.22 2.64
0 94.61 -1.19 2.91
0.01 95.44 -11.09 5.1
0 95.49 -11.4 3.48
0 94.79 -5.45 2.67
0 94.18 -2.66 2.52
0 94.21 -6.56 3.57
0 94.39 -6.61 2.17
0 94 -4.1 1.76
0 93.85 -0.66 2.54
0.01 94.52 -4.22 1.11
7.91 94.28 -1.74 2.41
0 94.89 -2.06 4.83
0 95.52 -3.81 2.16
0 94.96 -3.65 3.03
3.86 94.12 -0.33 4.01
8.86 93.63 -0.71 6.42
0.07 94.07 -6.49 5.99
0 94.34 -6.48 1.86
0 93.98 -6.4 2.04
0.19 94.48 -8.12 3.21
0 94.84 -9.53 3.81
0 95.45 -7.46 1.74
1.47 94.48 -2.31 5.37
0 94.2 -0.9 3.28
0.02 93.83 -3.25 2.55
0.07 94.5 -7.37 6.46
0 94.97 -6.54 2.45
0 94.69 -3.41 2.88
0 94.03 1.84 4.56
0 94.38 1.71 3.05
1.57 94.99 -3.73 2.77
0 95.75 -10.21 5.79
0 95.06 -4 3.65
0 94.72 -4.37 3.53
0 94.24 -3.27 2.95
0 101.27 90.93 96.16
0 94.31 0.66 3.58
0 93.98 5.74 4.29
0 93.93 5.68 3.11
0 94.7 2.29 2.42
0 93.93 7.03 2.99
0 94.22 6.67 4.12
0 94.35 5.42 2.53
0 94.29 6.17 4.19
0 95.21 1.74 4.28
0 95.39 3.48 3.16
0 95.56 4.02 1.38
0 95.32 8.28 2.78
0 95.14 12.64 4.31
0 94.34 13.19 4.99
0 93.95 12.06 3.93
0 94.06 10.43 3.07
0 93.57 14.69 4.27
2.2 94.63 6.21 3.01
0 94.69 4.31 1.48
188.97 93.2 1.83 2.3
0.37 93.99 2.92 2.17
0.97 93.91 4.73 1.63
0.07 94.45 3.31 5.17
0 95.54 -1.37 4.14
0 95.49 -0.08 3.59
0 94.71 4.25 2.3
0.03 94.46 7.69 2.91
0.05 94.68 7.54 1.84
7.74 94.88 6.79 4.24
190.97 95.54 -1.75 4.77
0.16 95.1 2.58 1.84
0 93.51 11.65 1.82
0.33 92.67 14.21 3.74
0.46 93.54 7.92 6.21
0 93.61 10.91 1.97
0.02 93.89 12.47 2.75
0.01 94.38 10.14 3.26
0.01 93.99 10.84 3.04
0.02 93.91 11.07 2.03
0 94.12 13.88 4
0 94.34 13.77 5.51
0 94.6 14.37 2.47
0 94 20.61 4.26
0 93.64 23.6 4.39
7.71 93.32 20.39 3.43
5.09 93.95 16.42 2.81
0 93.98 19.08 2.35
0 93.89 21.31 2.81
15.72 93.69 16.9 3.69
8.12 93.75 15.52 1.9
0 94.08 12.4 5.53
0 93.84 13.43 4.19
0 93.33 14.2 5.95
0 93.84 12.06 2.53
0.14 93.77 12.6 5.32
12.01 94.09 7.06 1.86
0 94.44 8.42 1.27
71.79 94.3 7.73 2.63
52.39 93.38 7.16 2.06
14.99 92.19 10.81 4.39
0.19 92.27 19.03 3.58
0.75 93.62 15.18 5.9
0.01 94.18 15.24 4.34
0 93.61 18.51 3.2
11.06 92.76 18.84 3.28
9.45 92.98 13.94 5.72
0.6 93.35 12.75 6.35
0 94.2 18.4 4.32
0 93.83 21.45 2.49
0 93.69 22.25 2.48
0.43 93.61 22.17 1.78
0.04 93.44 24.94 3
0.18 93.34 25.96 4.07
6.41 93.52 23.26 2.47
0.08 93.53 22.74 2.85
2.07 93.14 23.97 3.84
0.22 93.5 21.42 3.84
0 93.56 19.84 2.18
0 92.73 24.76 6.24
2.46 93.28 22.36 2.83
0.7 93.83 18.42 4.35
0 94.03 21.44 2.64
88.25 93.26 17.56 2.65
26.26 92.72 19.29 2.56
31.32 93.25 18.24 2.52
0.1 93.55 19.4 4.06
2.81 93.33 19.25 2.53
1.99 93.33 18.74 2.17
69.71 93.06 16.68 2.64
143.63 92.6 14.65 1.93
31.44 92.68 15.86 1.56
93.75 93.6 16.44 2.29
0.88 93.84 20.28 1.47
4.84 93.67 21.67 2.45
0.1 93.37 22.77 1.89
92.15 93.44 18.61 2.59
2.56 93.58 18.42 4.04
74.56 94.05 16.35 2.92
0.02 94.14 21.32 2.42
0 93.74 23.18 1.43
2.38 93.45 24.28 2.4
0.16 93.59 23.96 2.38
6.42 93.39 24.15 2.62
12.64 93.13 21.33 2.32
61.81 93.12 20.61 2.62
1.08 93.55 21.73 1.47
2.55 93.57 23.87 2.06
166.28 93.8 16.93 2.01
45.87 93.18 17.85 1.43
48.65 92.76 18.5 2.92
2.61 93.33 15.9 3.71
0.03 93.89 18.17 2.12
78.85 93.83 19.25 1.81
9.99 93.97 19.98 1.31
0 93.93 22.42 2.03
0.13 93.78 24.08 2.11
1.91 93.93 24.84 2.04
0.11 94.16 25.99 2.3
2.23 93.99 23.98 2.49
0.35 93.73 25.16 1.77
0.46 93.27 26.27 2.68
0.1 93.13 26.17 3.44
4.68 93.42 25.81 2.93
37.16 93.85 22.21 2.2
44.33 94.05 19.86 2.17
20.7 93.86 21 1.68
176.99 93.67 21.44 1.6
44.17 93.79 22.07 1.68
13.09 93.7 22.8 2.51
12.98 93.45 23.49 2.1
83.3 93.44 22.48 1.64
4.58 93.45 22.34 1.23
8.78 93.27 22.28 1.34
2.07 93.06 23.9 1.94
2.33 93.48 25.01 2.12
9.7 93.56 24.69 1.9
22.01 93.31 23.62 2.53
204.1 93.3 23.08 2.22
117.85 93.72 20.38 2.57
4.29 93.92 22.04 1.66
0.85 93.7 22.88 1.58
11.79 93.2 25.36 3.25
0.05 93.22 22.35 1.84
0.85 93.09 24.5 3
1.6 93.23 25.2 3.6
11.32 93.6 24.53 1.71
8.62 94.17 22.14 2.7
14.22 94.21 23.2 1.55
4.65 94.14 23.8 2.38
0 94.18 23.78 2.45
0 94 23.97 1.39
0 93.83 24.35 1.52
0 93.49 25.45 1.67
0.5 93.3 25.27 2.61
0.01 93.6 23.63 2.44
0 93.64 23.58 1.37
0.34 100.23 116.71 95.35
83.46 100.58 116.04 95.49
141.14 94.06 19.85 1.77
11.49 93.79 19.27 2.24
8.04 93.63 19.48 2.5
61.54 93.74 19.21 1.86
7.57 94.06 20.03 1.95
40.88 94.29 19.08 2.17
4.11 94.23 19.63 1.87
50.49 94.11 18.95 2.47
0.02 94.03 20.2 2.77
35.87 93.87 19.87 1.94
1.88 94.02 18.16 1.22
7.2 94.16 18.25 1.51
224.59 94.35 17.13 1.52
109.46 94.41 17.61 2.51
0.94 94.39 20.39 2.65
0.09 94.54 19.21 1.85
14.68 94.34 17.62 1.32
63.13 94.2 16.16 2.13
0.01 94.33 17 2.05
0 94.2 19.33 1.23
1.2 94.34 20.58 2.45
29.29 95.07 15.11 2.03
1.01 94.96 13.8 1.51
61.2 94.39 12.71 1.72
5.27 94.34 14.06 2.16
0 94.26 19.8 2.35
0 94.58 19.47 2.29
0 94.68 18.92 2.94
0 94.52 19.33 2.26
2.27 94.51 19.95 1.45
4.35 94.6 18.83 2.28
0 94.71 16.43 2.38
3.39 94.15 16.38 2.28
2.41 93.93 19.32 2.36
40.08 93.77 17.45 2.71
11.64 93.94 13.11 1.96
17.19 93.84 15 1.95
5.37 93.87 15.73 3.62
0 94.09 14.33 2.47
0 94.33 16.07 2.73
0.08 95.14 13.74 1.65
1.52 95.58 10.96 1.94
2.95 94.44 14.46 3.26
45.84 93.73 11.02 5.62
0.02 93.64 13.47 4.73
0 94.62 11.01 1.38
0 94.93 14.19 2.61
0 94.46 17.84 3.65
0 94.36 17.63 1.88
0 94.14 17.83 3.02
0 94.46 9.62 4.21
0.22 93.79 5.61 3.55
1.67 93.97 5.25 5.68
1.55 94.29 9.72 5.2
0 94.67 12.24 2.43
0 94.74 12.99 1.73
0 94.49 14.01 1.68
0 94.43 14.65 1.42
0 94.45 15.55 2.62
6.22 94.61 12.89 2.86
0 95.36 4.97 2.54
0 94.21 10.57 2.87
42.51 94.84 4.39 1.53
8.55 95.14 4.58 1.97
0.66 97.14 40.29 17.57
0 96.63 40.62 17.49
0 95.4 6.82 1.86
0 95.26 4.57 1.64
6.76 94.04 7.35 5.96
0 94.13 3.39 4.3
0 94.72 1.39 3.87
0 95.05 -0.32 4.04
0 95.46 0.62 2.79
0 95.51 3.22 1.44
0 94.87 5.92 1.58
0 94.69 6.43 1.04
0 94.6 9.49 4.38
0 94.82 9.98 3.41
0.19 96.01 0.63 3.87
62.52 96.09 -4.63 2.3
39.24 95.7 -4.76 3.25
6.78 95.19 -4.34 1.77
0.12 95.18 -3.99 1.18
0 95.3 -4.09 1.32
0 95.47 -3.12 1.54
0.04 95.31 0.23 1.12
0.01 94.61 2.05 1.82
0 93.99 5.13 2.81
0.75 94.9 1.56 2.04
2.57 94.68 -3.16 2.52
0 95.4 -5.7 2.11
5.8 95.26 -7.61 2.34
9.55 95.27 -8.66 1.97
2.57 95.24 -9.21 1.96
2.22 95.73 -8.95 1.37
17.89 96.22 -11.97 2.59
11.29 96.28 -13.71 2.73
0.04 96.14 -15.49 2
0.01 95.29 -14.88 2.44
0 95.19 -14.18 2.54
0.03 94.68 -11.62 1.33
0.13 95.15 -10.36 1.23
3.38 94.87 -4.96 2.81
0 94.73 -6.42 1.66
0.2 94.06 -2.32 2.35
0.05 93.9 -6.11 5.3
0.14 94.22 -7.96 5.74
0 94.57 -5.03 3.77
0 95.24 -5.28 2.24
0 95.37 -7.66 1.44
0 95.51 -9.23 0.94
0 95.08 -3.05 2.43
0.69 94.75 0.25 3.35
0 95.07 -1.95 3.59
0 95.37 -6.92 1.43
0 95.02 -6.43 1.49
0 95.15 -6.74 0.8
5.93 94.45 -5.23 3.05
0.02 94.53 -6.84 4.72
0.02 95.1 -8.86 5.74
0 95.13 -7.36 3.08
0 95.63 -5.22 1.91
0 95.57 -5.71 1.37
0 94.71 -2.67 2.47
0 94.96 -4.62 1.82
0 95.03 -7.33 1.79
0 94.97 -4.91 2.49
0 95.05 -8.82 2.46
0 93.99 -6.86 3.13
0 95.09 -13.12 3.31
0 95.77 -14.53 2.02
0 95.52 -7.1 2.59
0.13 95.1 -5.06 1.57
3.99 95.38 -7.42 1.09
0 95.34 -7.78 2.12
0 94.49 -1.59 2.46
0 94.52 -5.13 1.26
2.34 94.71 -8.4 1.86
0 95.16 -11.08 3.9
0 94.94 -12.14 2.47
0 95.27 -9.96 2.8
0 95.08 -9.54 3.77
0 94.89 -10.24 2.88
0 94.67 -10.07 1.96
0 95.41 -12.64 3.15
0 95.65 -13.23 2.71
0 95.11 -12.79 3.08
0.04 94.48 -11.56 4.39
0.05 94.21 -10.65 2.84
0 94.29 -12.08 1.71
18.39 94.95 -16.67 2.28
0.84 94.91 -19.66 2.22
0 94.51 -19.36 4.59
0 95.12 -18.48 1.7
0 95.62 -18.01 1.47
0.33 95.58 -17.68 2.25
0.27 96.08 -21.13 2.93
0 95.95 -24.02 4.9
0 95.48 -14.95 4.77
0 94.92 -9.47 2.95
0 94.8 -11.5 3.68
0 94.86 -9.59 4.1
0 95.43 -13.21 1.82
0 95.86 -16.66 1.41
0 95.62 -16.64 2.27
0 95.68 -13.02 3.15
0 95.56 -10.66 3.06
0 95.21 -8.85 2.04
0 95 -8.43 2.59
0 95.2 -8.69 3.8
0 95.14 -8.63 3.71
0 95.03 -7.18 2.87
0 94.16 -6.97 3.12
0 93.81 -4.52 3.44
0 94.45 -3.23 2.94
0 94.1 2.21 2.78
0.02 94.01 2.33 2.41
1.16 94.35 0.36 3.27
27.81 95.08 -8.74 6.05
0 95.08 -12.58 5.54
0 94.43 -9.63 3.74
0 94.35 -5.25 4.09
0 94.27 -2.49 3.71
0 94.27 -4.18 3.9
0.06 95.1 -7.15 3.77
0 95.05 -9.53 4.18
0 94.86 -9.72 2.61
0 95.05 -7.07 3.36
0 95.91 -10.97 2.1
0 95.53 -9.37 2.44
0 95.47 -8.75 3.36
0.04 94.8 -6.74 3.25
0.01 94.9 -7.48 2.05
0.06 95.22 -8.62 3.83
0.04 95.41 -9.01 3.35
0.02 94.51 -0.54 2.8
0 94.16 1.83 1.94
0 94.14 0.16 3.06
0.1 94.53 -1.29 1.48
13.63 94.34 0.13 4.32
0.01 94.34 -1.51 2.86
4.13 94.62 -4.9 4.18
0 95.36 -8.52 4.83
0 95.44 -8.14 3.98
0.01 95.21 -7.18 3.39
0 94.69 -5.41 2.07
0 94.06 -0.87 4.3
0 94.83 -2.11 2.51
0 94.66 1.86 2.64
0 94.1 5.11 2.66
0 93.96 8.55 3.33
0 93.54 10.49 5.44
0 94.03 7.24 4.76
0 94.91 3.45 1.91
0 95.12 5.91 1.78
0 94.76 8.86 2.74
0 95.15 4.8 4.3
0.01 95.69 1.37 4.72
0 95.69 1.78 3.42
0 95.36 2.89 3.42
0 94.98 7.43 3.34
0 94.38 9.76 2.55
0 93.76 11.45 3.69
0.21 94.24 6.93 3.89
0 94.16 9.04 3.35
0 93.24 15.45 4.68
3.93 93.54 9.99 5.14
0.29 94.59 5.64 4.35
0 94.58 8.12 3.9
0 93.77 10.55 3.82
0.04 94.09 10.08 2.49
0.29 93.43 12.77 4.98
0 93.83 10.06 5.19
0 93.74 11.74 6.05
0 94.05 6.68 3.12
0 94.69 4.71 3.23
0 94.09 7.3 4.55
7.59 93.28 10 2.88
0.07 93.05 10.92 5.54
0 94.16 10.77 3.3
0.18 93.65 15.79 5.53
5.02 93.62 10.8 4.35
1.04 93.62 5.78 4.76
1.96 93.91 6.54 2.45
0.92 94.21 7.64 3.77
0.01 93.87 14.11 3.06
0 93.06 15.65 6.63
0 93.6 10.19 6.53
0 94.12 11.05 3.21
0 93.55 14.91 4.84
0.35 94.46 9.64 3.41
53.32 94.67 6.99 2.15
3.17 94.27 11.26 1.67
0 94.43 12.15 2.36
53.81 93.57 12.33 2.27
0.02 93.2 16.78 2.59
54.61 92.93 21.3 4.43
203.29 93.77 10.28 2.21
22.84 92.89 11.52 4.89
0 93.36 15.81 3.17
6.02 93.28 16.04 5.32
0.01 93.65 12.55 6.5
0 94.4 15.11 2.63
0 93.82 18.95 4.85
1.68 94.05 16.57 2.79
0 93.72 17.21 2.22
0.66 92.88 20.28 4.02
132.14 93.66 11.2 5.26
0 94.48 14.56 3.31
26.97 94.1 11.96 3.87
0.45 93.96 12.6 3.6
0 93.43 18.66 3.86
0 93.57 23.22 3.53
0 93.82 24.29 3.97
0 94.04 22.77 3.52
0 94.19 22.65 3.36
0.01 94.96 19.13 3.8
0.01 94.88 17.71 2.55
34.25 93.95 15.05 2.13
30.75 92.89 15.48 4.73
3.06 93.17 18.86 3.48
0.13 93.67 18.72 5.04
0 93.59 21.68 5.09
0.04 93.2 24.47 4.01
0 93.6 18.92 4.43
0 93.3 22.41 4.96
5.56 94.11 17.16 1.91
0 94.16 19.71 1.27
0 93.77 23.33 2.59
0 93.43 24.54 3.31
0.01 93.59 23.36 2.61
0.09 93.83 23.44 1.83
9.49 94 19.75 3.43
1.91 94.04 19.43 1.98
0.03 93.79 22.31 3.18
9.3 93.45 21 3.99
81.43 93.21 20.64 4.41
47 93.74 17.62 2.46
14.72 93.64 18.96 1.9
1.75 93.31 19.51 1.82
72.23 93.22 14.91 1.81
14.17 93.23 18.18 1.75
1.71 92.84 19.59 2.12
77.34 92.89 20.25 1.78
1.25 93.43 19.99 3.07
0 93.52 23.45 2.67
10.07 93.15 25.52 2.77
29.42 93.19 23.97 2.23
11.63 93.22 22.73 2.07
11.29 93.52 20.83 3.24
1.88 93.55 21.03 4.19
0 93.69 24.53 3.3
0 93.64 24.63 1.69
13.59 93.37 23.16 2.74
45.96 93.44 19.18 2.91
131.18 93.29 20.51 1.92
66.15 93.37 19.92 1.86
0 93.54 20.43 1.68
0.11 93.48 22.22 1.44
0 93.59 25.49 2.61
0 93.74 25.09 3.15
1.01 93.97 25.45 1.96
0 94.05 27 1.43
0 93.96 27.66 2.66
0 93.71 27.27 2.79
0 93.5 28.33 1.79
0 93.26 29.22 2.2
2.75 92.94 29.79 3.39
114.35 93.29 21.34 2.01
0.35 93.58 24.18 2.48
0.51 93.94 22.2 2.91
3.05 93.62 19.58 2.26
1.8 93.49 18.65 2.61
4.95 93.74 21.45 1.69
0.06 93.71 23.86 1.99
6.66 93.77 24.48 2.55
142.58 93.93 20.72 1.8
916.18 93.44 20.41 2.78
23.64 93.18 23.4 1.67
3.83 93.07 27.11 3.21
0.16 93.62 25.52 1.92
442.9 93.66 19.72 3.16
1.11 93.51 22.09 1.41
4.66 93.3 24.09 2.25
14.66 93.28 23.48 2.17
10.05 93.65 22.85 1.79
126.03 93.88 23.39 2.15
22.2 94.04 21.99 1.57
12.37 94.15 22.4 2.17
0.1 94.15 24.55 1.86
0 94.07 25.88 1.25
0 94.01 26.97 1.69
0 93.89 27.05 1.9
618.1 93.63 25.18 1.8
168.38 94.05 23.43 2.63
0 94.13 21.85 1.03
0 93.73 24.05 2.37
0 93.52 26.44 3.31
0.42 93.54 28.7 2.93
5.98 93.66 25.25 2.58
0 93.61 24.78 1.79
0 93.88 23.83 1.89
2.51 93.77 23.58 1.59
164.32 93.63 20.79 2.11
12.07 93.48 22.31 1.27
222.64 93.44 20.06 1.85
5.38 93.9 21.05 2.36
8.6 94 21.63 1.77
0.42 94.16 22.62 1.94
0.7 94.22 23.23 1.66
6.66 93.72 21.29 1.68
9.09 93.55 23.29 2.69
155.28 94.33 17.15 3.93
0 94.59 18.03 2.3
3.6 94.24 17.82 2.07
0.94 94.22 18.54 2.13
0 94.4 17.73 1.91
0 93.84 17.25 1.76
10 92.77 16.23 3.98
17.87 92.6 15.28 2.52
2.33 93.25 19.14 1.82
7.42 93.77 18.26 1.15
155.64 94.02 17.45 1.52
23.69 93.96 17 1.22
12.97 93.83 18.75 1.44
1.52 93.56 19.01 1.68
3.4 93.67 17.91 1.62
73.99 93.97 15.86 2.03
8.1 94.13 15.85 1.65
25.47 94.48 14.76 2.4
6.87 94.73 15.49 1.35
4.1 94.63 17.2 1.32
89.7 94.44 18.41 1.47
0.01 94.34 19.46 1.8
1.86 94.46 17.98 2.12
1.01 94.87 15.56 1.81
17.88 95.01 13.42 1.82
0.06 95.04 13.41 2.7
0 94.88 13.64 1.31
0.39 94.63 14.44 2.36
2.36 94.28 16.5 2.24
1.25 93.98 18.76 1.93
0.72 93.71 20.5 3.36
0.03 94.41 16.89 2.48
8.56 94.19 16.88 1.94
1.04 94.96 11.54 5.22
0 95.36 7.89 2.22
0.02 94.54 10.28 2.16
0.04 94.21 15.9 2.36
2.98 94.05 19.33 3.48
0.87 94.11 16.23 2.32
0.5 94.11 14.89 3.15
111.33 94.68 6.57 2.4
4.56 94.75 5.39 1.76
0.26 95.27 8.21 1.4
42.44 94.38 11.08 3.07
0.32 94.66 5.7 5.3
0 94.85 4.81 1.79
0.27 94.44 6.14 1.55
0 95.02 5.36 19.94
0.75 94.95 7.72 1.38
0 94.56 12.6 1.48
0 94.64 14.03 1.8
0.07 94.82 15.02 2.26
1.93 94.27 14.53 4.77
0 94.77 9.98 2.44
0 94.5 12.84 1.85
0 94.39 13.23 2.51
0.76 95.31 3.56 2.45
40.13 94.65 4.93 1.99
46.96 95.38 1.51 2.46
0 94.97 2.3 1.57
0 94.32 3.66 1.45
0 93.96 8.75 3.29
0 95.14 2.42 1.97
7.85 95.14 2.47 1.07
3.53 95.37 2 3.56
0.11 95.41 0.56 2.96
1.65 95.12 -0.45 3.74
0 95.92 -5.28 3.36
0 95.54 -3.26 2.37
0 94.85 1.03 3.36
0 94.27 2.43 1.74
0 93.4 4.65 1.79
0 94.49 0.94 2.26
0.09 95.23 -1.48 2.01
2.84 95.48 -2.04 3.43
0 95.83 -4.27 1.43
0 95.17 -1.41 2.5
0.94 93.76 3.05 3.93
1.07 93.98 -0.93 1.99
0.13 94.53 -1.47 1.2
0 93.98 4.74 4.03
0 94.71 0.97 5.26
0 94.91 -3.09 2.15
0 94.7 0.37 3.07
0 94.59 -0.83 2.16
0.1 94.1 -0.52 2.93
1.02 94.6 -5.29 1.73
34.08 95.09 -7.83 1.88
64.38 95.45 -9.89 2.36
0 95.8 -11.67 2.83
0 95.48 -10.62 2.61
0 94.99 -8.06 3.38
0 94.66 -5.72 1.9
0 94.21 -2.72 3.64
0 95.02 -6.73 3.09
0 95.45 -4.93 1.49
0.03 95.7 -5.61 1.75
1.71 94.57 -1.34 3.36
0 95.33 -3.97 3.89
0 95.04 1.11 3.2
0 94.31 3.65 3.64
0 94.46 -1.21 2.96
0.23 95.04 -6.01 3.67
0 94.47 -5.39 3.34
0 94.71 -6.54 2.63
1.31 94.13 -4.2 3.65
0 95.07 -7.37 2.32
0 95.21 -7.56 1.44
0 94.57 -5.29 2.75
10.04 94.97 -3.65 2.39
0 95.57 -9.7 3.21
0 95.47 -10.26 1.88
0 95.46 -8.84 2.67
0 94.66 -4.18 2.82
0 94.65 -4.11 1.02
0 94.82 -3.57 0.86
0 94.88 -2.75 0.91
0.01 95.19 -2.56 1.57
0.04 95.27 -5.29 2.76
2.98 94.93 -10.15 3.56
0 95.3 -10.81 2.16
0 95.14 -9.62 1.32
0.02 94.98 -3.71 4.74
0.35 95.68 -9.63 3.52
0 95.5 -10.9 2.24
0 95.22 -9.66 4.33
0 95.43 -8.33 3.36
0 94.95 -6.4 2.03
0 94.84 -5.53 1.7
0 94.64 -1.59 3.51
0 94.82 -4.24 2.35
0 94.48 -0.78 3.48
0 95.09 -4.87 1.37
0 95.38 -6.82 1.47
0 94.91 -2.45 2.07
9.02 95 -3.92 1.51
8.34 94.56 -4.82 2.03
0.01 94.69 -7.74 3.52
0 94.94 -10.64 4.4
0 94.67 -10.28 3.23
0.01 94.42 -11.22 2.72
0 94.58 -10.7 4.92
0 95.5 -12.11 2.04
0.04 95.46 -13.44 1.26
0.01 95.37 -13.09 1.47
0.08 95.17 -11.04 2.26
0 95.49 -11.13 1.9
17.08 95.19 -12.85 2.19
0 95.22 -13.51 2.09
0 94.88 -12.83 4.38
0 95.54 -13.7 2.54
0 95.67 -13.73 1.37
0 95.78 -12.37 1.06
0 95.16 -7.35 1.42
0.02 94.46 -3.9 4.42
0 94.95 -6.76 3.73
0 94.41 -7.04 3.15
0.09 95.31 -12.18 4.07
0 95.57 -10.07 3.77
0 95.02 -7.74 2.89
0 95.74 -8.32 3.29
0 95.15 -5.13 2.15
0 94.58 -3.05 1.64
0.12 94.25 -0.6 2.59
0 94.63 -6.29 3.54
0 95.53 -6.83 1.73
0 95.48 -7.87 0.99
0.01 95.28 -8.98 6.07
0.01 94.81 -10.01 5.85
0 94.99 -9.48 4.59
0 95.1 -6.74 3.25
0 95.08 -5.81 1.95
0 95.58 -4.23 1.31
0 95.4 -2.96 1.63
0 94.25 3.09 4.08
0.82 94.63 -3.15 4.2
0 95.18 -6.89 3.26
0 94.56 -4.79 2.91
0 93.54 -1.78 4.92
0 95.31 -7.3 4
4.45 95.07 -6.6 2.97
4.22 94.48 -3.82 4.53
0 94.97 -4.91 4.17
0 94.7 -2.3 3.81
0 94.67 -1.01 3.55
0 94.86 -0.23 1.62
0 94.53 1.54 3.04
0 94.5 0.79 3.09
0.14 94.88 -4.86 3.5
0 94.07 -0.34 2.55
0 94.19 -0.2 1.24
0.01 94.39 -3.94 2.32
0.07 94.79 -5.84 3.86
0.02 94.54 -7.66 4.1
0 94.56 -5.42 4.83
0 94.1 -0.78 3.51
0 93.91 0.62 2.94
0 94.11 3.74 2.12
0 94.41 3.76 3.04
0 95.21 -0.97 4.38
0 95.21 0.77 3.05
0 95.19 1.36 1.85
0 94.88 3.01 1.37
0 94.54 3.67 1.98
0.51 94.42 4.09 1.85
0 94.96 5.34 1.67
0.07 95.06 4.25 2.02
0.32 95.14 1.49 3.42
0 94.94 1.6 1.73
0 94.71 2.92 2.15
0.31 95.1 0.96 1.27
2.39 94.74 1.25 1.23
0.7 94.6 2.84 2.78
0.81 94.55 1.28 2
0 94.72 2.52 2.61
0 94.5 5.1 2.33
0 94.43 9.34 3.95
0.04 95.27 3.39 2.56
0 95.05 4 1.64
0 94.46 5.69 1.66
0 94.48 9.33 2.08
0 94.38 12.49 2.72
0 94.06 16.57 3.69
0.2 93.77 14.66 3.57
1.41 93.87 11.45 3.32
0.39 93.94 10.36 2.68
0 94.76 8.25 3.03
0 94.68 8.65 2.36
0 93.68 13.45 4.33
0 94.28 7.64 3.88
0 94.18 6.89 2.42
0 93.52 12.47 3.96
0 93.14 15.34 3.05
0 93.61 16.36 3.17
0.12 93.94 14.1 3.37
2.47 92.84 14.1 5.28
0.13 93.05 7.07 5.69
1.19 93.35 7.61 3.1
1.21 93.76 9.1 3.43
0 94.19 9.7 2.12
0.01 93.5 13.1 5.36
0 93.74 9.69 2.8
0 94.08 8.62 3.5
0 94.73 8.39 3.85
0 94.77 10.16 5.18
0 93.96 15 4.89
0 93.43 16.72 3.28
0 93.1 20.86 4.3
0 93.97 16.64 2.49
0 94.25 18.19 2.64
0 94.21 21.83 3.56
0.92 94.12 19.37 4.87
5.3 94.1 14.76 3.85
17.07 93.81 9.03 6.17
0 94.04 10.31 6.56
0 93.92 18.05 4.7
0 93.62 20.69 2.39
0 93.3 20.96 3.92
0.11 93.37 19.53 3.06
0.01 93.54 14.75 5.02
0 93.39 12.28 5.08
0.63 93.63 11.87 4.81
0.07 94.34 13.39 5.26
0 94.29 16.2 2.45
0 93.49 19.9 1.68
0 93.31 24.19 1.97
0 93.32 29.05 3.56
0.98 93.7 26.65 3.32
2.27 93.96 23.76 2.46
2.83 94.35 14.35 3.52
177.84 94.43 8.96 2.35
0.01 94.18 16.42 2.47
0 93.78 19.55 2.07
0.03 94.32 14.73 2.97
0 93.8 19.48 2.49
0 93.41 22.04 2.66
0 93.76 22.49 4.14
13.15 94.05 17.04 2.5
0.28 93.5 19.93 3.32
4.65 93.07 20.53 3.06
0 93.57 17.89 3.58
113.07 93.87 10.79 1.68
0 93.97 15.33 2.07
0 93.99 19.85 2.56
0 94.1 21.59 2.09
22.15 93.79 15.36 2.22
0.34 93.54 18.57 2.83
0.15 93.45 21.69 4.07
0 93.56 20.85 3.94
0 93.9 18.82 2.06
2.18 94.04 18.36 1.69
43.8 94.34 18.25 1.66
0 94.36 20.6 2.02
0 93.95 26.91 2.33
0.09 93.68 26.73 1.13
0.6 93.51 25.93 3.23
13.09 93.41 23.39 1.95
47.34 93.43 19.75 2.33
37.27 93.3 19.11 1.82
3.19 93.38 19.67 2.42
0.19 93.54 21.28 2.34
96.89 93.93 17.82 1.34
101.4 93.81 16.63 1.68
3.12 93.55 18.6 1.3
1.71 93.51 21.84 1.18
0 93.69 23.97 1.57
7.9 93.52 25.35 3.62
30.88 93.54 27.23 3.41
0.04 93.44 27.42 2.71
4.15 93.35 27.54 2.78
18.83 93.23 27.01 1.93
11.82 93.41 25.2 2.83
0.21 93.52 25.69 2.16
10.73 93.68 23.87 1.74
33.37 93.84 21.81 1.45
20.1 93.59 23.86 2.6
564.26 92.79 22.54 2.36
18.72 92.74 24.49 2.61
18.75 92.9 24.92 2.73
0.23 92.9 24.17 2.02
0 93.17 25.13 1.66
0.17 93.22 28.65 2.19
115.47 93.02 27.42 3.41
9.39 93.48 24.41 1.89
5.68 93.78 25.9 1.41
0 93.9 27.22 1.56
0 93.81 28.2 1.61
0 93.53 28.73 2.51
12.99 93.33 26.43 2.94
18.58 93.35 21.7 2.47
19.69 94.08 21.06 1.84
13.53 94.06 20.83 1.58
1.32 93.57 23.7 1.21
0.53 93.72 24.03 1.6
0.21 93.9 24.09 2.1
11.98 93.53 22.66 2.76
0.41 93.79 22.9 2.52
0 94.29 23.26 1.37
0 93.83 23.84 1.62
140.92 93.44 22.63 3.66
0.02 93.59 25.11 1.77
0.35 93.65 25.99 2.21
20.4 93.42 25.02 1.88
741.78 92.89 22.46 1.58
20.55 93.27 23.18 1.43
30.2 93.31 24.15 2.15
16.4 93.17 22.25 2.09
1.03 93.22 23.67 2.29
10.45 93.09 22.39 1.39
36.23 92.89 20.12 1.58
18.12 92.98 22.96 1.24
5.73 93.38 23.92 2.47
18.44 93.73 22.76 1.93
0.17 93.9 23.39 1.64
8.13 93.84 22.05 1.5
10.24 93.77 21.27 1.47
359.39 93.84 18.9 2.68
50.91 94 20.1 2.14
14.93 94.13 21.15 1.96
10.48 94.15 21.47 2.17
3.52 93.76 22.11 1.74
1.1 93.52 25.82 2.09
12.45 93.98 22.78 2.21
353.37 93.89 18.54 2.12
0.01 93.89 20.09 4.08
0 93.96 18.12 3.67
0 94.26 18.71 2.03
10.73 93.96 16.21 2.68
2.27 94.43 15.78 2.67
0 94.53 14.43 1.91
0 94.29 17.11 2.48
0.23 94.28 17.17 1.62
1 94.11 19.83 1.93
4.19 94.13 19.41 1.78
3.02 94.02 19.71 2.19
2.89 93.87 20.69 2.56
0.02 93.78 20.1 3.82
0 93.7 19.25 1.78
0 93.48 21.43 1.85
1.63 94.05 17.77 2.84
2.84 94.04 18.13 2.15
77.46 93.94 16.14 1.51
0.01 94.2 16.45 2.17
0 94.59 15.52 1.4
0 94.82 15.93 1.75
2.03 94.75 17.98 2.58
2.51 94.56 18.37 2.25
0.28 94.16 19.21 3.02
0 94 17.79 2.68
0 93.45 19.38 1.74
0.08 93.91 15.63 2.98
0 94.25 15.12 1.56
0.4 93.58 19.42 2.95
6.43 93.65 16.57 3.58
0 93.8 17.6 3.46
0.05 94.13 17.82 2.4
18.59 94.08 15.42 2.47
34.98 94.38 12.79 1.69
0.02 94.3 9.92 2.22
0 94.22 8.92 3.77
0 94.05 10.11 2.92
0 94.15 13.55 2.03
0.04 94.36 14.84 3.76
0 95.11 8.64 2.74
0 95.42 8.06 2.12
0 95.16 9.58 2.29
0 94.47 14.29 3.99
0 94.25 15 2.56
0 94.6 14.03 2.1
6.52 94.89 11.89 1.7
69.74 95.56 8.44 3.57
24.12 95.57 4.52 2.42
0.37 95.32 4.9 3.46
0.4 94.94 4.4 2.57
0 94.83 5.8 3.14
0 95.39 4.6 1.03
27.39 95.43 6.92 1.8
0.03 95.77 5.52 1.84
0 95.58 5.63 1.76
2.21 94.89 8.68 1.79
0.03 94.73 8.76 1.26
0 94.41 11.77 2.22
0.01 95.16 6.6 1.61
12.99 95.24 3.49 1.65
0.04 95.24 5.29 1.56
0 95 7.31 1.69
0 95.1 7.73 1.19
0 94.46 9.93 1.59
0.01 94.31 11.34 1.94
0 95.21 6.37 4.97
0 95.7 1.69 3.96
0 95.14 5.45 2.43
0 94.25 8.71 2.74
