1.68 97.55 -14.6 1.8
0.01 98.22 -16.33 1.95
17.52 98.13 -18.75 1.48
6.14 98.22 -17.09 3.43
0 98.59 -18.69 2.13
0.02 98.78 -18.55 1.94
0.17 98.86 -15.84 1.68
13.1 98.31 -14.45 1.17
10.19 98.4 -13.63 1.44
0 98.71 -14.54 1.4
0 98.66 -15.34 2.48
0 98.1 -18.22 2.83
0 98.13 -15.68 2.34
0.37 97.97 -15.6 1.17
0 99.07 -14.39 1.5
0 98.66 -14.18 1.05
0 98.28 -11.09 1.15
0.04 98.19 -7.05 1.49
0 97.62 0.4 3.31
0.05 98.79 -8.1 4.48
0 98.79 -11.65 2.3
0 98.49 -10.12 2.5
0 97.97 -7.62 2.48
0 97.34 -7.21 3.38
0 98.4 -8.74 3.08
0 138.7 -4.64 2.94
6.55 97.23 -2.82 2.4
0.01 97.91 -9.6 3.27
0 97.43 -4.7 3.34
0 97.49 -5.2 1.5
0 98.11 -8.2 1.78
0.11 98.35 -11.07 1.88
0 98.35 -14.08 1.87
0 98.29 -13.01 2.05
0 98.23 -12.92 1.76
0 98.58 -12.75 1.56
0.01 98.57 -10.88 2.21
4.1 97.57 -2.84 2.86
0 97.56 -3.11 1.98
0 98.19 -6.01 2.38
0 98.76 -8.93 3.66
0 99.2 -11.27 3.9
0 98.98 -11.11 1.78
0.03 98.34 -10.07 2.02
0 98.71 -9.12 2.47
0 98.93 -11.76 1.85
0 98.5 -9.64 2.04
0 97.97 -7.19 2.7
0 97.83 -7.97 1.98
0 97.27 -3.54 1.92
0 97.14 -4.61 1.7
0 97.21 -3.57 2.21
0 97.41 -4.82 2.52
0 96.28 1.51 2.99
9.28 96.51 0.01 2.42
0 97.65 -4.76 3.07
0.15 97.88 -4.62 1.7
3 97.58 -4.39 2.23
2.1 98.12 -5.53 2.76
0.09 97.9 -6.46 2.08
0.22 97.55 -2.41 3.1
0 97.75 -2.22 2.92
8.31 97.16 0.37 2.78
7.49 98.31 -7.08 3.4
0 99.06 -8.94 2.4
0.01 99.32 -9.44 2.4
1.51 99.62 -8.57 2.89
0.01 98.81 -8.17 2.51
0 97.48 -3.44 2.66
0.14 96.44 2.95 3.86
0.93 97.42 -2.61 4.64
0 98.25 -2.95 2.08
39.46 97.62 -0.73 2.28
3.31 97.46 -1.58 4.12
0.03 97.99 -3.58 2.12
0 98.38 -4.14 1.99
0 97.47 -2.47 2.92
0.33 95.97 4.35 3.23
42.61 96.51 0.09 3.49
0 97.05 0.92 2.81
0.06 96.91 5.23 3.62
0 97.7 3.34 2.88
0 98.15 0.72 2.9
0.02 98.21 -2.4 2.82
0.17 97.73 -1.73 2.19
1.09 98.33 -1.35 2.05
0 98.2 3.44 1.97
0.05 98.04 5.54 2.34
3.87 97.45 8.86 4.68
1.62 97.04 8.51 3.91
0 97.5 4.24 5.18
0 97.56 1.52 3.77
0 97.35 4.72 3.79
0 96.89 9.92 3.36
5.87 97.51 4.11 2.67
0.01 98.19 2.96 2.22
0 97.7 7.61 3.33
0.44 96.53 11.86 5.54
50.5 97.25 2.58 2.5
0 97.53 4.64 2.8
2.94 97.51 3.54 2.03
20 97.25 1.7 2.71
0.11 98.05 0.49 4.9
0 98.24 2.73 2.2
0.06 97.56 5.81 3.04
12.92 97.76 4.01 1.72
0 97.85 5.72 2.87
9.35 97.05 11.08 3.39
85.99 97.48 8.04 1.55
0.11 97.81 9.1 1.69
0.08 98.03 11.11 2.22
0.48 97.79 10.37 2.71
0.07 97.75 9.42 1.9
0 97.38 13.55 3
1.69 97.2 14.38 4.61
83.69 96.99 5.41 2.86
6.74 96.49 4.36 3.07
0.14 96.59 6.55 5.03
5.12 96.77 7.88 3.69
5.83 97.06 11.79 2.63
0 96.49 16.95 2.29
0 96.19 19.15 3.42
0.63 96.76 17.65 2.19
4.34 96.3 186.25 3.05
309.6 95.81 12.15 3.24
12.12 96.29 13.61 4.08
10.13 96.44 12.15 1.75
0.86 96.69 15.77 2.29
71.41 96.5 10.96 2.48
15.45 96.35 10.63 2.16
2.5 97.35 10.58 2.75
0 97.65 13.2 1.7
0 97.64 15.89 1.71
1.86 97.24 17.63 3.24
4.39 97.06 20.14 2.98
0.86 97.3 18.92 3.02
48.61 96.91 14.74 3.22
81.15 95.93 12.91 2.58
0.21 95.6 18.86 4.09
0 96.41 22.76 2.65
0 96.56 24.8 2.91
0.21 96.54 22.99 1.96
2.74 96.18 20.96 2.54
16.78 96.28 17.23 4.04
1.83 96.92 21.82 3.88
0.08 97.4 22.36 2.3
4.29 97.42 20.2 2.03
55.29 96.95 15.77 2.48
58.98 96.47 16.34 2.57
57.31 96.86 15.22 1.65
15.98 97.46 16.79 1.57
1.37 97.43 18.65 1.8
0.42 97.54 19.41 1.87
0 97.6 20.39 1.96
0.01 97.41 21.05 2.47
0 97.08 22.22 2.61
0 97.09 22.64 2.83
0 97.21 23.9 3.17
0 97.31 24.84 2.67
0 97.35 25.26 1.86
1.33 97.24 22.75 2.11
0.05 97.06 21.39 2.46
0.34 96.7 21.58 2.57
7.2 96.47 21.88 3.23
75.3 96.29 22.02 2.82
1.22 96.11 23.73 2.52
7.1 96.22 24.43 1.77
113.18 96.36 21.41 1.75
6.8 96.41 20.62 1.5
2.66 96.46 23.15 1.45
0.26 96.8 23.66 2.85
0.01 96.45 23.74 2.17
31.61 96.76 21 2.44
0 96.89 23.27 1.61
0 96.79 24.82 2.21
0 96.79 25.38 2.12
0 96.7 25.07 1.87
40.62 96.48 22.35 1.77
131.21 96.4 22.26 1.43
0.36 96.44 24.05 1.49
0.04 96.29 24.18 1.94
158.01 96.14 21.96 1.99
5.68 96.09 25.53 1.85
0.03 96.14 27.65 1.35
16.42 96.11 26.84 1.97
0 96.06 27.08 2.56
0.03 96.26 25.12 2.35
23.72 96.59 22.21 1.87
11.08 96.74 22.9 1.72
0.76 96.75 22.99 1.81
102.62 96.61 20.91 1.93
54.18 96.54 21.67 1.41
180.26 96.78 21.02 1.27
9.11 97.01 23 1.28
0 96.99 24.53 1.59
83.88 96.62 23.08 2.32
6.17 96.4 24.59 3.49
0.82 96.59 25.58 2.71
3.11 96.53 26.74 2.44
13.2 96.66 25.54 2.37
460.97 96.51 22.6 1.59
2.4 96.73 24.37 1.51
5.03 96.85 25.88 1.49
1.23 96.92 26.21 1.7
1.87 97.05 27.13 1.81
0.57 96.9 27.32 2.52
17.09 96.77 26.76 2.01
4.58 96.43 27.1 2.48
54.34 96.01 27 2.67
6.36 95.99 23.83 1.74
21.53 95.99 25.64 1.49
165.89 96.28 22.52 1.52
0 96.91 22.33 1.88
0.01 96.84 23.32 1.59
10.56 96.18 24.01 2.4
81.33 96.31 23.56 1.62
242.93 96.68 22.24 1.99
0 97.49 21.59 1.57
7.82 97.17 21.87 1.74
178.15 96.44 22.35 2.06
28.31 96.46 23.01 2.19
0 96.7 22.7 1.85
0 96.43 24.91 1.99
7.53 96.14 24.67 1.85
1.36 96.03 25.7 2.12
36.02 95.92 24.72 2.48
0 96.39 22.98 2.31
0 96.8 23.54 1.67
7.77 96.84 24.18 2.56
5.92 97.08 23.96 2.81
141.12 97.18 22.61 2.02
2.59 97.43 24.02 1.57
223.86 97.32 19.61 1.68
104.63 97.28 18.78 1.42
0.63 97.3 20.46 1.44
0 97.24 22.68 1.54
0.06 97.42 22.37 1.37
0.91 97.57 22.77 2.05
0 97.27 21.85 1.7
3.47 97.12 21.46 1.15
26.86 96.73 21.94 1.54
26.98 96.88 21.75 1.7
0.71 96.94 22.6 1.64
51.84 97.41 21.38 1.4
1.5 97.53 22.01 1.43
0.02 97.44 20.35 1.18
0 97.2 20.09 1.38
0 96.99 22.17 1.67
4.37 97.1 23.2 1.26
0 97.65 19.26 2.17
0 97.55 17.17 1.31
1.12 97.13 17.8 1.39
31.94 96.72 19.78 1.53
0.62 96.95 20.29 1.23
0 97.08 21.62 1.14
1.12 97.16 22.7 1.32
0 97.3 22.69 1.46
1.9 97.11 22.34 2.44
121.07 97.43 16.34 2.21
248.6 97.56 10.35 2.21
224.85 97.44 12.16 1.29
0 97.18 15.72 1.24
33.16 97.33 15.13 2.01
213.13 98 10.61 2.77
0 97.97 10.74 1.77
0 97.76 13.25 1.52
0.37 97.51 15.25 1.58
4.05 97.3 16.17 2.64
0.46 97.44 15.16 1.95
0 97.32 12.52 3.48
0 98.2 10.14 2.73
0 97.82 10.8 1.55
0.02 97.53 14.97 1.83
0.65 97.79 14.55 1.56
457.84 97.45 10.02 2.34
88.73 97.4 7.22 3.66
0 97.59 9.98 2.21
0 97.27 12.63 1.41
0 97.14 16.48 2.01
0 97.34 17.64 2.57
0 97.28 16.93 2.63
0 96.79 16.6 2.39
14.15 97.3 12.96 2.32
120.65 97.74 6.84 2.58
0 97.93 8.48 1.4
0 97.44 10.92 1.41
0 97.6 10.18 2.62
0 97.2 8.61 2.65
0 97.98 4.78 2.6
0 98.64 1.95 1.28
16.87 98.61 0.71 1.21
53.57 98.55 2.71 1.45
0 98.45 3.45 1.28
0 97.96 4.65 1.52
0 97.63 9.58 1.75
5.11 97.73 10.88 2.29
2.81 98.25 4.69 3.11
0 98.65 1.6 3.46
0 99.38 -0.24 2.88
0 98.58 0.86 1.56
0 98.38 5.06 1.61
0 98.37 6.34 1.58
0 98.42 6.72 1.44
0 98.2 6.59 1.66
0 98.72 3.84 3.47
0 98.38 2.24 1.96
0 97.86 6.49 2
0 97.97 5.3 1.31
0 97.65 7.35 1.74
0 97.33 8.32 1.6
5.9 97.41 5.59 2.88
0.36 98 1.25 3.19
0 97.76 -0.2 1.3
0 97.38 0.82 1.56
87.61 96.65 1.86 3.32
1.42 97.28 0.4 2.12
2.77 98.2 0.78 2.96
0 99.22 -2.99 2.35
0.02 98.64 -2.36 2.08
0 97.89 1.15 1.55
0 97.88 1.41 1.71
0 97.52 5.79 2.75
0 97.03 4.92 2.07
0 96.8 6.35 1.85
0.16 96.87 3.54 3.88
0 97.72 -1.65 1.79
0 97.68 -1.15 2.19
0.01 97.77 -0.01 3.29
0 98.1 -4.97 1.91
0.26 97.35 -4.87 1.99
0 97.57 -4.5 5.51
0.32 97.83 -6.72 1.75
0.57 97.76 -6.37 1.53
0 97.36 -2.25 2.03
0.07 96.86 -0.72 2.1
0.06 97.4 -5.66 3.17
0 97.69 -6.08 2.29
0 96.56 2.27 2.42
0 97.83 -1.41 3.23
0 98.47 -4.86 2.78
0 97.2 -4.03 1.84
0 97.15 -5.38 1.87
0 96.8 -4.58 2.37
0.8 96.42 -5.81 3.77
0 97.63 -10.15 2.35
1.5 97.95 -12.23 2.92
0.3 98.71 -13.68 3.02
0 98.59 -14.64 3.09
0 98.29 -13.6 2.78
0 96.99 -8.99 2.43
0 96.81 -5.3 1.82
0 96.81 -3.42 1.61
0 97.06 -3.29 2.03
0 97.34 -0.81 1.69
0 97.06 -5.38 1.59
0.2 97.64 -8.53 2.7
0 98.97 -14.62 3.66
0 98.96 -14.89 2.78
0 98.02 -13.86 2.69
0 96.89 -11.72 2.47
0 96.54 -8.04 2.02
0 97.18 -10.23 2.85
0.88 97.48 -11.14 1.69
0.02 97.56 -11.05 4.21
0.64 98.01 -9.77 4.78
0 98.8 -9.93 2.75
0 99.01 -11.63 2.11
0 98.63 -12.06 1.3
0.01 98.22 -12.01 1.4
0.02 98.3 -10.56 3.22
0 98.92 -9.24 2.9
0.01 98.3 -7.63 2
0.14 98.12 -7.75 2.86
0 98.74 -11.61 2.96
0 98.02 -10.4 2.02
0 97.51 -10.2 3.22
0 97.77 -12.26 1.78
0 97.69 -10.5 1.84
0.02 98.72 -13.49 2.27
0 99.18 -16.42 3.35
0 98.97 -15.33 1.67
0 98.77 -13.75 2.07
0 98.49 -13.83 2.15
0 98.45 -13.24 2.62
0 98.37 -12.02 1.7
0 98.19 -12.04 1.55
0 98.17 -11.72 2.39
0.03 98.45 -13.08 3.2
0.01 98.65 -13.45 1.89
0.17 98.81 -13.96 1.9
0 99.26 -13.94 1.58
0 99.55 -13.52 2.05
0.01 99.06 -13.15 2.17
0 98.74 -12.88 3.22
0 98.51 -10.66 2.25
0 98.02 -3.6 2.55
0 97.73 -3.85 1.46
0 97.69 -6.3 1.2
0 97.57 -5.8 1.98
0 97.82 -5.13 1.94
0.02 97.1 -3.56 3.46
0.11 97.51 -1.48 2.32
0 97.34 -5.32 1.73
1.78 97.34 -5.34 2.77
0.12 98.25 -8.76 2.1
0.76 98.29 -8.91 1.56
0.66 98.48 -11.63 3.3
0 98.66 -11.2 2.03
0.11 98.56 -10.48 1.95
0.08 98.55 -11.21 1.58
0 97.82 -4.79 2.76
0.49 97.71 -4.6 1.57
1.12 98.11 -3.33 2.34
0 98.12 -3.88 1.74
0 97.93 0.05 1.86
0 98.32 -0.42 1.51
0 97.94 1.03 1.8
0 97.47 2.01 2.99
3.81 97.19 2.67 2.53
0.72 97.94 -2.15 2.6
0 98.68 -4.36 1.71
4.81 98.1 -1.47 3.43
0.4 98.72 -7.34 4.18
0.13 98.28 -6.49 2.93
0 97.97 -4.83 2.44
0 98 -5.14 1.88
0 98.09 -3.64 2.25
0 97.77 -1.06 1.97
0.18 97.2 2.37 2.14
0 97.96 -0.19 3.27
0 97.7 0.42 3.46
0 97.77 -1.58 3.58
0 98.16 -0.54 3.18
0 97.84 1.44 2.91
0 97.35 2.49 2.87
0 96.53 7.6 2.01
0.01 97.16 4.06 3.64
0 98.42 -0.47 3.97
0 98.13 -2.82 4.1
0 97.92 -2.14 2.82
0 97.37 3.09 2.73
0 96.88 6.52 3.76
0 97.38 3.63 2.79
0 97.52 2.02 2.61
0.38 98.13 -0.96 3.28
0 98.26 -1.24 2.52
0 97.97 -0.77 2.2
0 98.08 -0.48 3.64
0 105.66 0.9 2.17
0 105.6 1.89 2.18
0 105.41 4.26 2.42
0 105.72 3.74 1.76
0 105.31 7.94 2.51
0 105.07 8.76 1.98
0 104.56 11.42 3.04
0 105.86 4.52 4.45
0 105.85 3.99 2.6
0 105.38 6.55 2.07
0 105.32 8.36 1.74
0 97.79 10.44 2.73
0.1 97.12 11.12 4.48
0.83 97.32 9.51 3.55
0 97.41 9.09 3.41
0 97.13 11.24 3.99
2.74 97.84 7.31 2.95
0 97.55 9.89 2.69
0 96.87 15.97 3.18
0 96.96 15.07 1.89
0.1 96.22 16.24 2.93
0 97.02 12.11 4.34
0 96.95 12.16 3.76
5.53 96.7 10.29 5.34
1.83 97.39 7.68 5.23
0 97.4 10.45 2.44
0 96.72 14.79 3.45
48.59 97.47 8.98 2.64
3.29 97.33 8.35 2.27
10.73 97.08 7.06 2.36
1.48 96.65 8.15 3.43
0.21 96.27 10.06 2.27
7.51 96.24 10.32 2.4
1.16 96.93 9.18 3.2
0 96.52 10.4 2.06
57.03 95.95 8.76 1.6
16.39 95.79 10.18 2.23
2.3 96.64 14.71 3.26
0.23 96.9 13.82 3.15
0 97.25 14.1 2.64
1.15 96.93 13.82 2.62
162.04 96.21 10.4 3.19
0.08 96.1 11.67 2.48
0.04 96.59 14.34 2.3
1.29 96.75 15.22 3.55
30.92 96.37 16.79 2.28
0 96.63 19.1 1.78
0.14 96.29 18.53 3.32
0.35 96.2 15.34 5.15
0 96.34 17.36 5.21
0 96.54 17.83 3.57
0 97.08 15.36 3.26
0 97.1 15.9 1.82
0.01 96.1 17.54 3.19
31 95.8 17.85 3.9
15.39 96.89 15.57 2.88
0.46 97.03 14.01 3.06
0.31 96.96 14.06 3.3
0 96.76 19.11 2.63
0 96.88 20.5 2.5
0 97.03 22.68 3.04
1.91 97.02 21.75 3.53
9.89 96.98 20.01 3.98
0.02 96.73 21.53 3.13
0.28 96.58 24.68 4.62
7.8 96.61 23.61 2.67
36.63 96.16 20.51 2.56
14.74 96.05 18.25 2.21
0.03 96.56 20.4 2.23
4.72 96.32 21.28 3.98
9.76 96.32 20.61 3
0.57 96.61 21.06 1.95
0.62 96.48 23.79 2.26
53.86 95.88 24.84 2.98
20.94 95.59 22.09 2.63
37.32 95.82 21.39 1.92
0 96.21 23.68 2.38
41.05 96.2 21.48 2.03
202.34 96.37 17.23 1.9
21.86 96.51 19.85 1.99
33.09 96.6 21.82 1.63
72.53 96.46 20.32 1.75
132.25 96.43 18.42 2.01
81.77 96.63 17.47 1.61
0.69 96.72 20.46 1.3
0 96.67 22.18 1.51
0 96.54 24.28 2.38
0.04 96.24 25.73 2.8
0 96.13 26.87 2.72
5.23 95.92 23.16 2.55
77.72 96.1 18.35 2.61
0.84 96.78 21.3 2.39
0 97.17 21.81 1.76
15.91 96.52 21.72 2.61
38.64 95.87 21.67 1.87
1.76 96.14 24.26 2.63
0.06 96.35 23.6 3.2
13.96 96.24 22.71 2.96
22.3 96.25 22.66 1.77
0.15 96.07 24.27 2.02
0 96.16 24.95 2.16
0 96.32 25.96 1.9
22.9 95.93 22.44 1.84
1.18 95.56 25.68 2.83
131.11 95.67 19.9 1.64
40.06 95.76 20.38 2.29
2.44 96.41 22.31 1.77
7.45 96.61 24.08 2.45
5.39 96.7 24.29 2.67
10.93 96.7 23.91 2.64
0.81 96.49 24.05 1.71
56.26 96.56 23.14 1.84
24.78 96.55 23.8 1.39
28.07 96.44 23.39 1.77
32.53 96.49 22.56 1.52
21.96 96.52 23.41 1.1
139.65 96.33 22.2 1.09
111.83 96.34 22.01 1.27
119.88 96.32 22.36 1.9
44.55 96.22 23.78 2.2
0.52 96.29 24.91 1.74
18.52 96.32 25.09 2.28
416.66 96.14 22.91 2.63
195.29 96.01 23.63 2.26
9.04 96.28 23.69 2.25
4.31 96.41 25.33 1.83
29.93 96.59 23.73 1.31
200.15 96.26 21.33 1.52
0.01 96.31 23.8 1.52
0.88 96.44 25.21 1.73
0.85 96.84 23.93 1.5
0.14 96.49 23.8 2.14
0 96.41 24.11 2.07
0.02 96.61 24.49 1.85
6.57 96.64 23.31 1.61
18.15 96.65 24.02 1.4
34.16 96.15 24.12 1.47
22.28 96.27 25.83 1.59
0 96.72 25.55 1.18
0 96.58 25.67 1.48
0 96.33 25.74 2.02
8.87 96.07 25.51 1.83
28.54 96.38 23.31 1.87
316.6 96.47 19.44 1.46
36.65 96.45 22.42 1.46
37.67 96.66 21.87 1.24
0.25 96.9 22.61 1.34
0.43 97.08 22.65 1.44
0 97.06 24.01 1.43
1.91 96.92 24.45 1.83
54.76 97.16 21.99 1.61
0 97.19 21.24 1.16
9.77 97.18 20.93 1.51
2.82 97.4 21.39 1.32
0.21 97.5 21.86 1.32
31.7 97.31 19.9 1.23
27.98 96.94 21.51 1.18
2.2 96.84 23.12 1.6
0 96.75 23.87 1.57
49.06 96.48 23.57 2.5
0.99 97.02 20.21 1.64
0 96.83 20.38 1.38
1.72 97.35 19.68 1.58
0.18 97.29 19.42 1.11
0 97.33 18.78 1.15
0 96.93 19.57 1.35
33.31 96.51 19.66 2.27
2.99 97.18 15.4 1.94
0.1 97.76 14.83 1.6
2.79 98.07 14.46 1.56
19.35 97.53 17.35 1.86
0.16 97.25 18.13 2.08
0.05 96.84 20.58 2.91
8.13 96.87 18.72 1.98
4.13 97.07 16.69 1.77
33.36 97.42 14.31 2.37
0 97.83 11.68 2.58
0 98.27 11.22 1.84
0 98.1 11.47 1.31
0 97.75 12.53 1.44
0 97.32 13.67 1.58
0 97.4 14.97 1.9
0 97.37 15.24 1.8
0 97.08 17.88 2.22
0.36 97.35 19.57 1.88
0.07 97.56 19.27 2.4
0.02 97.42 18.03 2.43
2.54 97.2 16.96 2.41
0.41 97.62 11.46 2.89
0 98.19 8.33 2.25
0 98.2 8.95 2.5
0 98.67 9.12 2.42
0 98.34 10.47 1.58
0 97.66 12.09 2.16
0 97.01 14.3 2.87
0 97.64 11.55 2.12
0 97.67 11.07 1.43
0 97.46 14.21 2.38
0.08 97.76 15.33 2.21
0 98.35 10.33 1.35
0 98.05 12.08 1.55
0 97.46 14.65 1.36
48.79 96.95 11.88 1.62
10.04 96.82 11.24 1.43
2.91 96.41 11.13 2.13
0.5 96.91 10.98 3.48
0 98.03 6.26 2.24
0 98.08 8.99 1.59
0 97.91 11.52 2.36
0.01 97.73 14.97 2.96
0 97.63 14.24 2.06
0.19 97.48 12.1 1.17
12.41 98.01 6.92 3.53
0.02 98.38 4.42 3.02
0 98.46 5.21 1.8
0 98.02 6.76 1.47
0.48 97.86 8.91 2.25
0 98.14 7.46 1.48
0 97.81 7.63 1.43
0 97.61 10.05 2.53
0 97.84 11.45 3.26
2.4 97.98 13.49 2.59
0.29 98.6 7.88 1.58
0.57 98.34 8.07 1.45
1.84 98 11.5 2.27
0.54 98.68 5.48 3.53
0.03 98.57 4.08 1.81
0 98.49 4.09 1.72
0 98.46 3.98 1.55
0 98.28 2.76 1.15
0 97.65 3.26 1.4
0 97.06 4.97 1.9
0 97.29 7.46 2.43
0.07 98.13 0.91 2.68
0 98.32 -2.93 1.41
0 98.39 -2.36 1.38
0 98.53 1.57 2.01
75.8 97.94 1.51 1.06
12.51 97.61 0.43 3.02
0.74 97.88 -3.41 2.92
0 98.41 -4.88 1.91
0 98.42 -3.6 1.58
17.41 97.94 -4.24 2.15
0.15 98.6 -6.83 3.04
0 98.37 -7.48 1.08
0.05 98.39 -5.94 1.5
0.27 97.61 0.79 1.41
0 97.72 -0.96 1.11
0 98.53 -1.73 2.63
0 99.14 -6.38 1.8
0 99.42 -6.97 2.16
0.06 98.71 -7.31 0.94
0.02 97.95 -5.55 0.98
0 98.14 -5.68 1.45
0 98.52 -6.91 1.23
0.8 98.8 -7.55 0.89
0.94 98.68 -4.37 1.08
0.6 98.94 -5.64 2.54
0.02 99.29 -10.28 3.62
0 98.91 -10.38 2.32
0 98.03 -6.39 2.93
0 98.03 -2.23 2.15
0 98.58 -5.72 1.56
0 97.89 -2.73 2.66
0 98.53 -6.82 3.87
0 98.8 -10.72 3.23
0 98.94 -11.11 2.88
0 98.65 -9.55 1.92
0 98.71 -9.39 1.86
0 98.63 -9.95 1.15
0 98.28 -9.64 1.54
0 98.19 -8.38 3.15
0 98.55 -10.2 2.08
0 97.99 -8.43 2.17
0 98.23 -11.69 1.33
0 98.75 -12.41 1.23
0 99.02 -11.34 1.34
0 98.47 -8.3 1.29
0 98.85 -9.42 2.08
0 99.28 -14.27 1.17
0.07 98.7 -13.2 1.29
0 98.41 -10.34 1.38
0.61 98.84 -10.76 1.83
0.91 98.28 -11.49 1.69
0.23 98.37 -11.27 2.91
0 98.64 -11.05 1.98
0 98.42 -10.84 1.66
0 99.3 -13.14 1.44
0.1 99.21 -14.36 1.01
0 98.73 -12.03 1.03
0 98.72 -13.1 1.04
0.09 98.71 -12.2 2.43
0 98.91 -11.92 2.35
0 97.91 -6.38 2.14
0 98.17 -8.41 1.55
0 98.09 -8.69 1.53
0 97.88 -9.92 1.12
0.03 97.65 -8.19 1.18
0.05 97.89 -10.25 1.08
0 98.06 -10.33 1.03
0 98.49 -10.44 1.13
0.01 99.14 -11.81 3.32
0 99.06 -15.9 2.83
0 98.76 -16.56 2.24
0 98.23 -16.15 1.76
0 98.04 -15.08 2.21
0 97.66 -13.12 2.11
0 97.74 -12.29 1.49
0 98.29 -12.91 1.53
0 98.54 -13.95 1.12
0 98.93 -14.48 1.43
0.04 98.6 -16.17 1.34
0.27 98.01 -14.38 3.29
0 98.84 -15.75 3.46
0 98.85 -14.4 2.46
0 97.82 -11.79 2.34
0 97.93 -9.12 2.06
0.14 97.34 -5.04 2.28
0.02 97.87 -9.86 4.3
0 98.19 -13.71 3.97
0 97.76 -10.91 3.45
0 97.94 -8.61 2.57
0 98.33 -9.5 2.39
0 98.33 -9.69 1.86
0 98.13 -8.07 2.23
0.02 97.72 -2.93 1.77
0.13 98.25 -6.36 2.96
0 98.25 -9.23 2.27
0.03 98.31 -9.65 2.82
0 98.45 -10.94 3.83
0 98.36 -8.81 2.64
0 97.76 -5.66 2.42
0 97.86 -6.43 1.94
0 97.69 -7.84 1.38
18.71 97.18 -5.64 2.24
0 98.19 -6.56 2.07
2.03 97.99 -6.11 1.8
0.11 98.49 -7.01 2.99
0 98.47 -7.75 1.78
0 97.94 -5.21 2.06
0 97.55 -0.64 2.76
0 97.65 0.93 1.99
2.29 98.2 -2.5 2.11
0.31 98.44 -5.44 2.45
0.18 98.46 -5.31 1.51
0.06 97.81 -0.91 1.72
39.53 97 -1.14 1.06
40.96 97 -2.62 2.18
0.02 97.69 -3.68 2.49
0 98.47 -6.09 2.84
0 98.26 -6.94 1.8
0.14 98 -5.95 4.04
0 98.54 -5.89 3.32
0 98.24 -4.48 2.04
0 97.51 -0.24 2.38
0 98.11 0.27 1.96
0 97.79 2.67 3.25
5.83 96.8 5.51 3.78
3.27 97.41 -0.98 3.63
8.18 98.31 -5.87 2.85
0 98.04 -1.26 2.17
0 97.99 0.65 1.93
0 97.33 5.49 3.25
0 97.92 3.63 1.56
9.7 96.99 1.75 3.12
0 97.34 1.72 5
0 97.89 1.52 3.28
0 97.55 4.82 2.12
0 97.68 9.53 2.77
0 98.01 9.51 2.82
0.21 96.89 11.93 5.62
0.4 97.56 3.74 4.04
0.18 97.56 1.4 4.17
0 97.67 0.86 1.98
5.67 97.44 2.76 2.2
0 97.06 5.27 3.3
0 96.81 6.08 3.79
0 97.12 5.41 3.85
0.06 97.58 3.88 2.63
0 97.11 8.78 3.5
0 97.09 12.1 3.49
0 97.11 13.02 3.43
16.17 96.73 14.78 4.73
6.24 97.1 9.24 3.81
0 96.52 13.33 2.75
0 96.42 14.36 3
0 96.41 16.07 3.21
0.42 96.95 11.72 3.26
0 97.42 10.03 2.63
0 96.48 15.8 3.71
0 96.52 17.53 4.32
0.98 97.05 13.15 4.08
84.55 97.49 12.76 3.26
2.91 96.89 11.95 2.05
0.64 96.16 13.83 1.92
0.31 96.19 16.57 3.41
105.81 96.54 13.39 2.13
142.24 96.47 10.34 3.86
0 96.01 11.76 2.84
0.07 95.61 13.9 5.36
0 96.95 11.27 2.93
0 96.98 13.11 2.34
0.33 96.58 18.14 3.47
0.28 97.15 18.01 2.26
8.59 96.63 18.43 2.07
0 96.68 21.25 1.84
0.79 96.78 21.29 2.22
0 96.86 19.12 3.61
0 96.51 18.18 2.01
0.32 96.53 16.98 1.35
0 96.72 18.08 1.73
0.03 97.05 20.1 2.21
2.49 97.15 21.75 2.39
30.27 97.27 17.16 1.56
36.52 96.87 13.45 2.17
15.85 96.63 13.25 3.02
7.34 96.53 14.54 3.41
0.01 96.23 14.3 2.48
15.43 95.95 13.49 3.68
0.14 96.47 16.36 2.01
0 96.41 21.61 3.72
30.3 96.89 20.91 3.07
4.33 97.29 19.85 1.82
0.08 97.19 21 2.98
2.03 96.86 20.41 3.63
14.14 96.95 18.55 2.39
0 96.91 18.44 2.61
0 96.74 19.13 2.5
0 96.33 21.67 2.4
0 96.87 21.26 2.08
0 97.01 22.82 2.27
5.74 96.95 22.43 2.74
89.22 97.38 16.16 2.37
0.13 97.5 18.24 1.84
8.95 97.18 17.11 2.73
29.47 96.82 18.29 2.54
184.74 96.65 15.86 2.08
10.58 96.26 19.56 2.94
3.41 96.41 21.26 1.96
11 96.05 20.5 2.1
12.27 95.87 22.76 2.21
31.86 95.89 22.84 2.71
128.47 95.75 21.82 2.9
24.35 95.87 18.37 2
1.2 95.6 18.6 2.9
11.5 95.66 18.49 1.88
57.53 96.29 16.29 1.75
318.36 96.5 16.09 1.75
83.84 96.47 16.84 2.13
3.16 96.39 20.13 1.52
8.08 96.25 23.24 1.61
17.13 96.47 21.72 1.88
101.19 96.22 21.78 1.36
6.25 96.26 22.7 1.5
3.64 96.44 22.29 1.69
39.02 96.42 21.14 1.9
1.29 96.21 22.2 2.74
20.78 96.22 22.93 2.93
18.82 96.59 21.95 1.71
7.4 96.97 23.28 2.55
1.01 97.1 23.45 1.85
1.95 96.88 21.43 2.4
108.86 96.42 20.4 2.04
0 96.17 24.14 1.73
7.08 95.83 25.23 3
5.81 95.79 23.77 2.33
0.57 95.75 23.88 2.51
0.1 96.16 24.28 1.73
0.89 96.33 24.19 1.56
0.49 96.18 24.84 1.45
13.09 96.19 25.58 2.03
42.91 96.21 25.84 2.36
41.52 96.29 24 2.24
240.91 95.86 20.59 1.75
31.79 95.5 20.83 2.11
41.41 95.9 20.88 2.36
4.79 96.41 22.71 2.92
0 96.47 22.39 1.51
0 96.5 23.53 1.73
0 96.78 25.01 1.51
0 96.95 24.57 2.16
0.32 96.77 24.38 2.3
1.53 96.53 25.27 1.47
5.12 96.47 26.22 1.6
31.92 96.46 25.01 2.33
587.17 95.96 23.19 3.41
0 96.51 24.63 1.39
0 96.75 24.59 1.7
5.68 96.7 24.75 2.19
135.77 96.31 25.24 2.66
1.9 96.62 25.22 1.4
143.7 96.28 23.58 2.3
29.53 95.81 25.15 2.62
0.32 96.49 23.16 1.76
105.97 96.82 20.5 1.26
175.24 96.95 19.63 1.54
356.65 96.87 20.57 1.38
38.05 96.97 21.92 1.42
294.41 96.94 21.76 1.59
0 97.12 23.73 1.04
0 96.95 24.61 1.05
0 96.63 25.57 1.76
20.44 96.46 25.46 1.83
22.02 96.74 24.33 1.18
0 96.64 24.75 1.53
11.38 96.72 22.01 1.87
23.17 96.71 19.62 2.15
0.82 96.84 21.06 1.56
2.25 96.61 19.7 1.81
1.66 96.59 21.67 1.28
0 97 22.84 1.79
0.04 96.63 23.3 2.81
170.63 96.53 23.95 1.99
7.45 96.64 22.9 1.36
48.06 96.58 21.84 1.86
14.89 97.28 17.91 1.72
0.04 97.44 17.65 1.66
0 97.26 19.83 2.21
0 97.18 21.68 2.19
0.13 97 21.98 2.35
1.36 97.02 21.64 1.67
25.29 96.94 21.54 1.41
0.84 96.34 22.98 1.79
1.74 96.48 24.84 1.87
0 96.81 24.61 1.53
0 96.92 25.65 1.82
0.5 96.96 25.34 2.06
183.98 96.85 20.14 2.71
87.63 97.28 14.17 2.21
0.75 97.33 14.94 1.47
0.92 97.5 16.86 1.71
0 97.41 19.97 2.16
40.23 97.56 17.73 1.55
2.85 97.43 17.33 0.99
0 97.33 18.9 1.27
0 97.29 20.84 1.64
58.47 96.97 20.11 2.04
94.48 96.89 15.35 2.51
0.27 97.07 13.7 2.08
0 97.47 14.48 1.43
0.19 97.94 15.21 1.05
0 98.02 14.95 1.23
0 97.29 16.12 2.07
0 96.82 16.62 2
0.21 96.87 16.83 1.42
0 97.12 18.49 1.49
1.63 97.06 18.92 2.03
0.64 97.04 18.14 1.65
4.87 97.33 16.94 1.24
0.26 97.72 16.68 1.32
9.7 97.6 16.49 1.62
4.08 97.79 16.97 1.21
98.01 97.44 12.82 1.6
83.12 97.28 10.18 4.99
1.84 97.5 12.75 3.27
0 97.6 11.72 1.39
0 97.49 13.03 1.37
0.27 97.27 14.89 1.66
2.16 97.06 14.56 1.85
0 97.19 13.74 1.73
0 97.73 12.66 1.4
0 98.22 12.71 1.06
0 98.07 13.94 1.28
0 97.6 15.27 1.89
58 97.1 14.29 2.35
0 97.66 9.83 1.86
0.02 97.31 11.34 2.33
0 97.07 14 1.71
0.06 97.42 11.07 2.68
0 97.9 8.26 1.74
0.01 98.1 8.5 1.77
72.97 97.39 10.17 2.74
0 97.48 5.62 2.56
0 97.52 6.49 1.84
0 97.42 8.33 1.87
0 97.74 7.71 1.79
51.87 98.1 3.66 1.2
70.38 97.46 2.99 2.08
0 97.17 6.84 1.58
0 96.86 9.9 2.02
0 97.56 9.55 1.44
0 97.62 11.04 1.97
10.92 97.38 12.12 2.12
0 98.4 5.27 1.84
1.17 98.31 1.6 1.79
0.08 97.94 1.49 2.45
0.05 97.75 1.16 1.88
0 97.78 2.56 1.44
0 98 2.46 1.62
19.43 97.91 4.43 1.36
160.93 97.34 3.61 81.05
69.11 97.66 0.2 2.81
0 97.84 -0.69 1.35
0 97.5 0.57 1.29
0 97.74 1.96 1.42
0 98.23 0.41 1.15
40.07 97.91 0.25 0.78
219.99 96.36 -0.92 3.56
0.86 97 -2.42 2.93
0 97.07 -4.12 3.41
0 97.94 -3.6 2.38
0 98.3 -5.07 1.36
19.19 97.69 -1.81 1.44
0 97.61 -4.11 78.96
0.04 97.39 -3.46 2.23
0.01 97.88 -1.67 2.33
0 97.97 -3.53 1.11
0 97.57 -0.83 1.79
4.93 98.06 -3.84 2.11
0 98.06 -5.67 1.76
0 97.53 -3.98 1.99
0 97.38 -1.22 2.46
0 97.52 -5.55 2.35
0 96.67 -2.38 2.75
0.02 97.28 -3.81 3.43
0.01 97.93 -7.08 1.88
0 98.66 -10.6 2.34
0.09 98.43 -11.35 2.16
0.77 97.24 -3.58 2.59
4.04 97.3 -5.65 3.47
0 97.67 -8.6 1.52
0 97.67 -11.02 2.41
0 97.69 -12.58 1.72
0 97.83 -13.95 1.98
0.01 97.8 -14.7 3.4
0 97.88 -10.34 3.04
0.03 98.56 -10.94 1.27
0.02 98.74 -11.46 1.12
0.07 98.25 -10.1 1.73
0.01 98.16 -7.29 1.22
11.64 98.21 -7.57 1.83
0.61 98.02 -6.99 1.54
0.23 98.43 -10.02 1.2
0 98.72 -10.8 3.02
0 98.88 -12.96 2.21
0.01 98.36 -13.76 0.99
0.12 98.49 -10.71 589.97
4.54 98.35 -7.85 2.53
0 98.89 -13.63 2.81
0 98.77 -17.71 2.29
0 97.93 -16.9 3.4
0 99.07 -16.73 2.54
0 98.84 -16.97 1.27
0 98.16 -12.6 1.13
1.6 98.12 -12.39 1.06
21.07 98.14 -11.18 2.7
0 97.79 -14.35 2.7
0.02 97.28 -14.63 1.51
0 97.68 -15.33 2.99
0 98.82 -16.85 3.14
0 99.41 -14.87 2.12
0 98.45 -15.09 1.74
0 98.25 -13.51 1.67
0 98.2 -14.41 1.17
0 98.07 -13.69 1.65
0.02 98.53 -15.68 1.56
0 98.34 -15.26 1.61
0 98.21 -14.11 1.34
0.31 97.8 -11.96 1
0 97.9 -11.04 1.67
0 97.93 -12.51 0.99
0 98.35 -10.39 1.83
1.99 98.11 -12.05 1.89
0 98.77 -13.42 2.18
0 99.06 -11.75 1.49
0 98.03 -8.58 1.69
0 98.58 -8.9 1.46
5.03 98.61 -8.4 1.04
0.24 98.56 -8.02 1.94
0 98.4 -11.36 1.16
0.01 97.2 -7.52 2.05
0.03 97.79 -11.82 3.68
0 97.92 -13.38 1.61
0.17 98.26 -13.61 0.99
0.04 98.19 -11.43 1.66
0 97.67 -6.61 1.2
0 97.99 -7.13 1.24
0.03 97.95 -4.94 1.64
1.91 97.86 -3.9 1.47
2.07 98.29 -5.57 3.66
0 98.57 -8.99 2.03
2.29 97.57 -7.17 2.07
0 98.26 -8.02 2.92
0.01 97.81 -7.25 1.58
0.9 98.1 -13 3.46
0 98.99 -16.16 4.22
0 98.94 -14.82 1.65
0.21 97.97 -10.25 2.04
0 98.58 -11.41 2.36
0.07 98.66 -10.77 1.81
0 97.9 -6.16 49.85
0 97.62 -2.9 2.53
0 98.3 -7.02 2.07
0 98.29 -9.21 1.62
0 97.64 -5.9 2.44
0.02 97.45 -3.12 3.74
0 98.23 -8.39 2.72
0 98.44 -10.57 2.09
0.04 98.35 -10.53 1.56
0 98.2 -7.18 2.64
0 98.39 -5.65 2.3
0 98.32 -3.77 1.82
0 98.49 -5.01 1.52
5.91 98.39 -5.79 1.77
0.58 97.39 0.34 2.27
0 97.29 1.44 2.33
0.28 96.76 -0.5 4.8
0 98.5 -5.98 5.62
0 98.69 -4.82 1.95
0 97.51 -0.33 2.12
0 97.82 2.12 2.3
0 97.21 6 2.87
0 97.13 3.73 1.38
0 96.57 4.3 2.07
0 96.48 1.42 2.48
0 96.49 -1.04 4.84
0 98.13 -1.42 2.16
0 97.38 3.82 3.41
31.74 97.17 1.29 3.3
0 98.44 -4.61 4.15
0 98.04 0.13 2.79
0 97.44 6.04 2.63
0 97.91 5.53 2.44
0 96.38 8.22 2.92
0.42 96.53 -1.03 4.04
8.04 97.32 -4.86 3.48
0.2 97.81 -5.31 2.87
0 96.52 1.89 5.15
0 97.5 -1.6 2.76
26.81 97.15 -3.5 3.02
0 97.85 -3.84 3.19
0 97.73 -0.8 1.89
0 96.77 5 3.93
1.29 96.85 3.48 2.78
0 97.76 0.55 2.84
0 97.98 -0.35 2.17
0.28 97.93 0.62 1.75
5.62 97.6 2.65 2.38
105.19 97.64 1.1 2.35
0 97.21 4.75 2.66
0 97.17 7.41 2.67
15.99 97.41 1.76 2.15
58.88 97.62 0.42 2.91
0 97.41 0.87 3.05
0.18 96.66 2.05 2.29
13.76 96.57 2.13 2.68
6.82 97.45 1.84 3.22
0.5 97.35 2.76 2.83
0 97.38 3.66 3.08
0 96.94 8.03 2.24
0.16 96.36 8.7 3.87
0 96.72 4.45 4.11
0 96.46 6.05 2.29
2.88 96.67 5.63 3.19
28.85 97.07 2.48 176.65
5.8 97.98 2.76 4.03
0 98.04 4.18 1.88
0 97.69 6.48 2.21
0 97.39 9.47 2.05
0.15 96.87 12.82 4.21
63.21 96.84 8.15 2.33
1.37 96.73 8.66 2.37
0.05 96.78 10.03 3.88
0 96.9 11.51 1.91
0 96.93 14.19 2.15
10.83 96.74 12.76 3.3
0.49 96.74 13.24 5.48
0.9 97.24 12.18 5.03
2.7 97.35 13.08 2.11
1.27 97.24 12.6 1.7
3.26 97.43 13.97 1.62
0 97.21 17.54 2.75
0 97.33 21.33 1.92
0 97.22 22.94 2
0 97.3 22.08 2.58
0.11 97.11 21.86 3.82
13.57 96.73 15.47 2.49
21.9 95.79 16.01 3.26
0 95.37 19.15 3.32
0 95.98 17.82 2.26
0 96.12 18.91 2.51
0.92 96.6 18.36 4.08
0 97.56 17.85 2.8
0 97.54 18.72 2.09
0.42 96.93 18.75 2.97
0 96.37 18.69 3.19
24.58 95.66 15.79 3.96
0.02 95.7 18.59 3.79
0 95.96 20.21 2.62
0 96.92 20.55 1.88
2.93 96.74 23.53 3.31
1.56 97.22 18.97 2.12
0 96.92 21.34 2.35
1.79 96.75 20.54 3.82
1.53 96.57 18.99 3.63
0.78 96.17 19.89 2.41
0 96.42 21.08 3.55
0 96.3 24.85 2.94
0.02 95.94 25.93 4.49
0 96.58 21.4 2.42
10.03 96.47 19.7 2.79
0.08 96.5 21.58 2.89
9.68 97.23 18.95 2.18
41.65 97.12 18.29 2.83
2.17 96.94 18.9 2.97
2.3 96.7 22.02 3.21
0.54 96.54 23.02 3.44
17.67 96.83 18.51 2.57
5.21 97.09 17.9 1.72
26.84 96.81 16.33 1.82
8.61 96.62 18.31 2.06
0.02 96.72 22.3 3.36
0.1 96.71 24.07 3.66
1.91 96.54 24.48 2.91
61.72 96.43 20.54 2.33
6.43 96.13 22.57 1.72
59.16 95.83 21.51 1.81
0.21 96.16 24.37 1.91
0 96.69 25.04 2.31
0.08 96.85 25.19 1.9
0.87 96.64 23.81 1.67
3.12 96.32 23.29 2.23
14.68 96.24 22.1 2.69
73.77 96.04 21.09 2.79
73.41 95.66 21.48 2.21
60.35 95.78 22.96 2.11
60.02 96.22 22.1 1.79
218.85 96.36 22.02 3.04
20.77 96.32 22.84 3.52
71.66 96 22.76 2.6
284.55 95.4 23.23 2.56
0.15 95.41 25.32 2.61
2.01 95.4 25.79 2.22
2.72 95.77 25.73 1.91
0.83 96.09 25.3 2.23
4.38 95.98 24.98 3.77
68.73 96.17 24.48 1.98
126.31 96.38 22.35 1.17
1.91 96.55 23.06 1.2
0.58 96.55 23.79 1.12
14.86 96.52 24.39 1.66
34.98 96.71 24.18 1.95
0.9 96.73 24.5 2.05
180.06 96.08 22.59 2.33
232.08 95.8 23.63 2.3
0 96.47 24.15 2.1
0.18 96.4 22.73 2.37
115.18 96.19 22.85 1.88
2.65 96.41 23.27 1.81
0.18 96.45 24.54 1.57
5.36 96.35 24.6 1.94
7.32 95.87 24.3 1.8
1.53 95.86 25.59 2.61
0.02 96.22 25.28 1.71
0.03 96.29 25.67 1.66
25.82 96.1 23.9 1.73
23.64 95.94 26.19 2.15
0.17 95.93 26.08 1.39
1.67 95.76 26.4 2.2
4.89 95.89 25.99 2.19
13.13 96.2 26.11 2.95
0.31 96.46 25.84 2.54
0.74 96.22 26.36 2.44
8.61 95.81 27.26 2.58
26.72 95.66 25.76 1.95
6.8 95.87 26.72 2.27
15.73 96.07 27.59 1.98
18.65 95.84 27.6 1.82
28.42 96.02 26.39 1.75
2.96 96.47 26.73 1.46
3.8 96.61 27.27 2.44
57.62 96.35 25.05 2.57
6.3 96.31 26.23 2.64
15.51 96.26 27.31 2.5
2.11 96.25 27.7 1.91
144.57 95.75 25.73 1.73
0.09 107.93 27.36 2.23
0 96.72 23.98 2.34
0 97 23.38 1.72
2.09 97.01 22.74 0.97
2.15 96.62 24.9 2.3
0.42 96.71 24.55 1.67
0 96.89 23.96 1.48
0.1 96.89 24.2 1.49
14.43 96.66 23.21 2.09
32.84 96.74 20.55 2.07
3.25 96.75 19.88 1.52
284.1 96.14 18.61 1.5
13 96.22 17.31 2.9
0.08 96.97 16.77 2.23
7.87 97.05 18.09 1.81
4.62 97.33 17.33 1.65
9.97 97.49 17.46 1.64
0 97.57 17.33 1.25
5.93 97.46 17.78 1.33
101.38 97.44 15.74 1.12
27.86 97.5 16.37 1.33
10.39 97.54 17.43 1.3
1.13 97.51 18.9 1.42
25.09 97.05 19.66 1.95
0.27 97.09 17.95 1.61
0 97.22 18.39 2.15
1.12 97.01 20.57 2.47
39.89 96.35 20.85 2.87
0.19 96.57 21.36 2.8
0 97.28 15.12 1.58
0.57 96.97 17.22 1.66
8.61 97.47 17.75 1.35
5.22 97.98 17.38 1.11
3.3 97.06 20.01 2.5
0 97.38 19.28 1.44
0.05 97.46 19.58 1.54
4.24 97.35 18.79 2.36
74.81 97.58 14.74 2.46
0 97.89 10.12 2.23
0 97.72 11.68 2.03
0 97.45 12.65 1.92
0 96.78 17.44 2.92
0 96.81 17.16 2.67
0 97.68 14.42 1.45
0.54 97.68 14.75 1.89
171.18 97.61 11.96 1.81
0.03 97.75 11.26 2.23
0 97.68 10.11 1.72
0 96.96 16.89 3.24
0 97.9 15.13 1.5
0.01 97.99 15.4 2.13
0.02 98.13 13.82 2.4
0.18 97.75 11.56 1.46
0 96.74 15.45 2.49
16.49 96.66 15.32 2.98
0 97.18 12.28 2.61
0 97.67 12.59 1.52
58.22 97.78 10.6 1.8
6.9 98.53 6.12 3.71
0 98.67 3.6 1.34
0 98.22 6.52 1.48
0 98.31 7.74 1.54
0 98.07 10.88 2.23
34.44 98.17 10.27 1.28
5.15 98.19 8.79 1.72
0 98.11 7.07 0.87
12.56 98.01 7.01 1.94
77.11 97.89 4.41 1.76
0.02 98.05 5.16 2.97
0.02 98.29 7.21 2.49
0 97.9 5.99 1.28
0 97.38 7.64 1.75
10.72 97.84 6.71 1.57
1.54 98.43 5.31 1.98
0 98.39 4.42 1.3
0 98.45 5.32 0.92
0 98.27 5.61 1.11
0.14 97.69 7.94 1.48
6.86 97.9 8.72 2.66
0 98.36 6.9 1.67
0.01 97.65 6.85 2.17
0.11 97.15 8.17 3.16
0.01 97.62 4.81 2.57
0 97.73 4.27 2.21
0.23 98.15 4.96 3.47
0 98.22 0.1 3.15
0 98.32 1.03 2.05
0 98.15 1.76 1.54
0 97.59 2.76 2.56
0 97.28 3.96 2.35
0 97.28 3.62 1.74
0.21 97.33 3.45 2.54
0.01 97.77 -0.91 3.29
0.02 97.92 -1.51 4.71
0 97.88 -2.53 3.25
0 97.98 -2.53 1.83
0 98.18 -2.36 1.28
0 97.9 1.16 1.72
0 97.57 1.88 1.34
0.05 97.22 0.52 1.94
0 97.09 -2.23 3.79
0 97.26 -4.67 3.03
0 97.54 -7.69 4.88
0 97.71 -4.9 2.96
0 97.29 0.56 2.55
0 97.91 -1.56 2.16
8432.29 97.7 -1.64 1.83
8432.29 97.43 -0.53 1.38
8432.29 97.68 1.85 1.71
8432.29 97.67 2.22 2.02
8432.29 97.97 -0.44 2.25
8432.29 97.57 -0.96 1.3
8432.29 97.69 -3.82 1.17
8432.31 97.6 -2.09 1.57
8432.3 97.79 -3.69 2.85
8432.53 97.3 -5.8 2.59
8432.76 97.38 -6.98 2.13
8432.29 97.47 -9.68 3.15
8432.29 97.83 -10.32 2.49
8432.29 98.16 -7.82 2.16
8432.29 98.79 -7.75 1.4
8432.29 98.74 -8.78 1.31
8432.44 99.02 -9.98 2.29
8432.54 98.65 -11.64 2.45
8432.84 98.49 -10.32 3.07
8432.31 98.88 -9.66 2.42
8432.29 98.96 -9.24 1.38
8432.29 98.69 -9.79 1.09
8432.29 98.79 -8.28 1.55
8432.29 98.81 -9.16 1.17
8432.32 98.12 -6.29 1.94
8432.62 98.6 -8.63 3.49
8432.29 98.35 -10.14 1.71
8432.29 97.86 -10.64 2.08
8432.29 97.12 -5.39 2.63
8432.29 96.89 -4.86 2.28
8432.29 96.48 -1.31 3.66
8432.29 96.84 -3.42 2.58
8432.29 97.16 -3.23 2.85
8432.29 97.71 -4.95 2.21
8432.98 97.74 -7.84 1.73
8441.74 97.94 -7.3 1.89
8432.32 97.72 -7.22 2.65
8432.29 98.1 -4.95 2.98
8432.29 98.66 -12.93 2.68
8432.29 98.3 -14.15 2.34
8432.29 98.27 -11.7 2.14
8432.29 98.33 -9.42 2.18
8432.29 98.9 -11.13 2.44
8432.29 98.63 -12.89 1.52
8432.29 98.64 -11.41 1.82
8432.29 98.38 -7.85 1.73
8435.13 98.43 -9.08 1.94
8432.29 98.42 -10.94 1.72
8432.29 98.65 -8.5 1.99
8433.84 97.71 -6.29 3.34
8432.3 98.09 -9.18 4.39
8432.29 98.35 -9.19 2.97
8432.29 97.66 -5.59 2.02
8432.29 96.87 -1.42 3.75
8432.29 97.3 -2.34 2.65
8432.29 98.28 -6.92 3.75
8432.29 98.01 -7.87 3.66
8432.29 97.22 -1.62 4.44
8432.29 98.04 -7.22 3.51
8432.29 96.57 -0.18 5.15
8432.29 97.3 -5.07 2.89
8432.29 97.46 -5.47 1.88
0.55 97.04 -2.48 2.28
0.22 96.95 -3.39 4.45
0 97.91 -10.32 3.81
0 98.14 -11.21 1.97
0 98.29 -10.95 1.51
0 98.51 -9.13 1.89
0.96 98.23 -9.64 1.92
2.96 98.2 -11.1 3.34
0 98.85 -12.16 3.71
0 98.74 -12.81 1.62
0 98.14 -10.98 1.67
0 98.74 -10.78 1.83
0 98.79 -10.92 1.94
0.04 97.87 -4.06 2.88
0 97.89 -4.24 1.85
0.33 98.48 -4.53 1.88
0 99.06 -6.56 2.66
0.48 98.67 -8.56 1.9
0.89 98.34 -7.13 1.62
0 98.34 -7.11 1.85
0 98.22 -4.83 1.73
2.29 98.7 -5.44 1.72
0.15 98.57 -3.34 1.38
0 98.07 -0.9 1.62
0 97.91 1.69 2.2
0.44 97.57 5.06 4.25
5.67 98.26 -1.19 4.35
0.03 98.08 -5.14 1.72
0 97.88 -3.67 1.65
0.16 97.85 -3.58 1.91
0.2 97.81 -3.75 1.58
1.93 98.09 -2.36 2.9
0 98.18 -4.2 3.23
0 98.39 -5.87 2.52
0 98.37 -4.83 2.25
0 97.87 -3.48 2.23
0 98.16 -4.29 2.55
0 97.74 -2.41 2.66
0 97.32 3.54 3.78
0 98.01 0.77 3.82
0 97.68 -0.64 2.14
0 97.2 1.93 2.71
0 96.78 8.22 2.57
0 97.31 5.52 2.5
0 96.65 8.42 4.14
0 97.86 5.31 2.29
0.06 97.73 4.62 3.24
0 98.05 4.54 4.93
0 97.51 6.78 2.6
0 97.45 8.3 3.21
0 97.84 8.33 2.75
0 96.77 13.38 4.48
0 96.71 12.7 2.44
0.03 96.7 12.05 2.19
0 96.88 12.46 3.02
54.81 96.54 12.22 2.85
15.26 96.99 10.98 3.17
0 97.21 11.53 2.18
1.64 97.39 10.67 2.37
0 96.84 12.65 2.47
0 97.48 9.56 4.04
0 97.95 4.12 4.23
0 97.1 6.56 4.62
0 97.73 5.7 3.46
0 97.08 12.94 3.4
0 97 15.37 1.9
0 96.92 14.48 2.35
0 97.04 13.16 4.15
0 97.89 10.26 2.02
0.55 97.51 11.3 1.55
0.25 97.23 12.03 2.16
0 97.32 14.16 2.34
0 97.14 18.31 3.57
0 97.77 14.5 3.63
0 97.09 14.43 2.2
5.1 97.04 11.48 2.54
0.01 97.75 10.66 3.47
15.26 97.65 9.3 2.62
0.04 97.14 11.07 845.3
0 97.2 13.03 3.36
0 96.92 15.61 2.8
1.06 96.63 18.02 4.16
5.96 96.91 18.14 5
0.19 97.34 17.93 4.24
16.44 97.62 13.02 3.27
0 97.81 13.84 2.55
0 97.65 14.74 2.28
0 97.07 15.9 1.74
0 96.51 18.96 2.41
2.39 96.36 20.4 4.23
108.14 97.04 8.77 5.08
4.71 96.76 11.03 3.85
14.75 96.9 6.35 5.1
0.06 97.17 8.4 3.8
0.34 96.64 12.41 2.58
59.86 96.53 9.76 3.38
3.32 97.12 13.36 2.26
45.81 97.5 11.82 2.04
2.31 97.42 13.39 2.22
324.57 96.42 10.04 2.81
106.85 95.5 15.3 3.83
0 95.64 19.3 3.59
0.09 96.02 16.26 3.57
0 95.84 15.66 3.03
0.05 96.61 17.52 2.46
1.16 97.01 17.84 2.14
1.64 96.58 20.78 3.13
115.8 96.32 17.37 2.86
13.71 96.3 17.73 2.29
0.01 96.39 20.13 2.32
0 96.5 21.75 2.65
0.26 96.76 25.35 3.89
46.62 96.71 17.69 3.37
1.01 96.13 17.95 4.66
0 95.54 22.22 3.96
6.8 95.31 20 2.76
0.11 95.8 23.9 3.63
0 95.83 25.18 123.22
0.07 96.53 25.4 2.71
0 96.47 27.31 3.33
3.68 96.64 24.47 2.85
1.18 96.78 22.82 2.87
0 96.65 23.11 2.12
1.52 96.43 23.31 1.82
34.96 96.29 24.18 2.34
159.85 96.43 17.71 2.99
200.52 96.23 14.86 3.23
48.73 96.03 17.42 2.36
68.72 96.39 16.82 2.56
42.63 96.77 16.72 1.91
33.87 96.76 19.07 1.88
34.08 96.52 20.83 2.55
5.9 96.58 21.99 2.15
0.01 96.46 22.67 2.04
4.23 96.26 24.46 2.15
52.72 96.13 21.34 1.84
113.36 96.02 20.71 2.61
103.59 96.08 20.27 2.16
6.16 96.37 20.72 1.92
44.21 96.54 20.24 1.84
3.38 96.68 19.81 1.59
66 96.69 19.49 1.74
1.14 96.55 22.55 1.91
0.09 96.2 24.44 2.46
5.98 96.08 23.84 3.73
46.32 96.04 23.22 3.82
1.11 96.41 23.15 3.86
1.61 96.37 23.54 2.96
0 96.46 24.81 1.85
0 96.47 25.32 1.87
9.98 96.45 24.3 2.53
160.2 96.2 21.34 2.59
50.58 95.89 23.45 2.98
0.26 96.34 25.05 2.15
0.54 96.49 25.03 3.14
4.99 96.29 25.24 2.52
2.66 96.11 25.06 3.11
13.27 95.96 24.95 3.83
0 96.14 24.42 2.43
0 95.82 25.07 2.91
2.35 95.92 23.79 2.81
6.1 96.12 23.36 2.69
0.51 96.04 24.11 2.38
1.52 96.17 25.04 2.02
16.95 96.2 24.48 2.9
229.73 96.26 22.71 123.6
14.79 96.48 23.13 122.6
0.68 96.54 26.08 2.1
0.65 96.64 28.2 2.46
1.97 96.28 29.3 4.46
119.26 96.07 25.04 2.58
0.15 96.39 22.87 1.5
0 96.1 25.04 2.22
0.11 96.49 23.43 1.5
0 96.54 22.81 1.93
0.01 96.74 23.37 1.94
2.07 96.66 24.96 2.3
2.69 96.18 26.95 3.41
6.78 96.21 25.83 3.98
8.15 96.38 23.86 2.81
0 96.45 25.43 2.81
0 96.39 27.34 3.05
1.45 96.2 27.91 2.57
30.92 96.14 26.49 2.07
66.2 96.39 21.9 2.82
0.95 96.39 23.22 2.11
0 96.64 23.95 2.6
0 96.8 22.76 1.81
0.01 96.72 23.44 1.96
15.79 96.46 23.31 2.14
48.1 96.15 22.38 2.31
6.46 96.25 23.79 3.13
0.19 96.49 22.77 2.13
34.96 96.62 19.41 1.75
36.1 96.54 19.93 1.72
16.25 96.51 21.04 2.19
9.88 96.67 21.54 1.82
1.68 96.8 21.83 1.88
14.77 96.98 21.72 1.53
0.11 96.91 23.17 1.53
0.3 96.59 25.22 2.31
4.41 96.54 25.1 2.23
9.06 96.52 24.75 2.01
26.83 96.36 23.9 2.48
281.97 96.59 20.11 2.08
5.02 96.88 20.43 2.04
0 97.04 21.22 1.78
0 97.12 22.98 2.03
4.4 97.28 21.85 1.9
2.58 97.33 21.49 1.51
0.57 97.3 22.12 2.33
6.43 97.12 20.7 1.44
18.37 97.09 21.04 2.01
253.4 96.98 17.17 2.22
1.64 96.65 18.16 2.03
0 96.28 20.9 2.62
0 96.88 19.44 1.65
0 96.9 20.67 1.69
6.49 96.48 21.09 2.72
0.11 96.71 19.87 2.86
0 96.91 16.84 1.44
0.01 97.21 18.05 1.74
0.06 97.22 19.35 2
11.09 97.27 18.27 1.41
0.2 97.11 19.7 2.47
0.09 97.36 17.03 2.89
0 97.47 15.1 2.41
0 97.55 14.49 1.67
0 97.59 16.92 1.36
0 97.57 17.76 2.15
3.24 96.94 17.77 2.45
88.35 96.86 15.57 2.57
0.06 97.48 14.9 1.59
0.29 97.54 16.93 2.2
85.47 97.65 13.89 2.2
30.2 97.43 13.83 1.93
0 97.39 13.94 1.58
75.41 96.79 14.89 2.55
0.17 97.29 14.17 2.16
0.55 97.24 14.63 2.7
13.73 97.94 8.44 4.11
0.07 98.14 6.62 1.64
68.93 97.28 7.54 1.7
58.94 97.09 7.55 2.46
0 97.44 8.93 1.52
39.28 97.71 8.7 1.38
5.12 98.07 9.68 2.33
0 97.95 10.12 1.99
0 97.52 12.98 1.89
0 97.43 14.32 2.53
0 97.55 17.08 2.73
0 97.9 14.25 1.77
0.45 97.73 15.42 3.02
0.23 98.68 10.67 4.32
0 98.28 6.17 2.41
0 97.4 8.29 2.34
0 96.84 11.5 4.78
0 97.47 10.6 3.23
0 97.13 13.96 2.38
0 97.27 13.96 2.46
0 97.01 16.98 3.71
0 97.75 9.52 3.79
0 98.24 4.47 2.33
0 97.73 5.63 1.93
0 96.89 11.17 3.34
0 96.58 14.35 3.36
0 96.74 12.89 2.18
0 98.22 6.47 5.26
0 98.74 2.98 1.73
0 98.19 3.63 1.67
0.03 97.87 7.81 1.92
3.01 97.95 9.86 18.15
1.29 97.75 7.41 1.89
9639.56 97.34 8.28 2.59
9639.58 97.51 5.51 4.06
9639.54 97.34 7.17 2.59
9639.54 96.99 8.54 3.51
9639.55 97.26 8.66 3.59
9639.54 98.6 1.35 3.71
9639.54 98.62 -1.04 1.85
9639.54 98.18 0.91 1.82
9639.54 97.93 3.79 1.84
9639.54 97.61 4.72 1.95
9639.55 97.22 2.98 2.72
9639.57 97.71 -2.59 5.3
9639.54 97.79 -1.87 2.84
9639.54 98.13 -2.09 1.75
9639.54 98.26 -0.84 1.49
9639.65 98.05 1.82 1.93
9639.54 98.42 -1.6 2
9639.54 98.36 -0.43 1.48
9639.54 97.7 1.67 2.48
9639.54 97.09 4.5 3.44
9639.54 97.56 1.46 2.57
9639.54 98.16 -1.15 2.03
9639.61 97.9 1.33 2.32
9639.54 98.28 -1.75 1.91
9639.54 97.46 -2.82 1.89
9639.54 96.92 845.69 4.08
9639.54 98.03 -0.78 2.17
9639.54 97.58 -1.58 1.56
9639.56 97.38 -0.58 2.06
9641.53 97.39 0.45 4.43
0 98.01 -9.54 6.17
0 97.87 -9.65 3.48
0 97.57 -9.51 4.55
0 97.75 -9.8 3.55
0 97.84 -10.11 3.34
0 98.09 -8.83 2.37
2.28 98.13 -8.84 1.81
0 98.67 -10.34 1.65
0.02 98.57 -7.09 2.81
2.2 97.78 -2.71 4.37
0.04 98.28 -8.02 2.96
0.01 97.86 -8.84 3.55
0 98.06 -10.18 2.46
0 98.11 -8.77 1.86
0.28 97.98 -7.58 3.82
0 98.08 -10.88 3.83
0 98.19 -10.49 2.45
0 98.21 -8.91 2.43
0.1 97.7 -4.74 3.62
0 98.08 -8.52 3.46
0 97.76 -9.3 3.41
0 97.51 -3.8 2.72
0 97.48 -2.26 3.08
0 98.35 -4.44 3.64
0 98.62 -4.9 2.4
0 98.43 -6.91 1.71
0 97.97 -4.71 2.06
0 97.36 -5.16 1.9
0 96.67 -3.12 2.91
0.06 97.41 -5.2 50.47
0.02 98.13 -8.62 5.1
0.08 98.21 -9.92 3.05
0 98.14 -6.63 3.04
0 96.86 -2.58 3.51
0 97.11 -2.82 1.92
1.49 97.37 -1.79 4.09
0 98 -6.9 3.13
0 98.39 -8.83 1.81
0 98.31 -9.78 1.42
0 98.11 -6.07 2.36
0.1 97.62 -3.55 3.44
0 98.72 -6.74 2.45
0 98.97 -8.85 1.9
0 98.43 -5.61 1.76
0 98.55 -7.36 2.17
0.22 98.23 -8.01 1.96
3.91 98.16 -8.78 3.4
0 98.33 -8.06 1.92
4.49 97.15 -4.41 2.93
0.03 97.92 -7.79 2.41
0.03 97.8 -7.22 1.79
2.22 98.28 -6.66 2.69
0 97.82 -8.41 1.88
0 97.18 -3.38 2.83
0 98.14 -5.15 2.03
2.76 97.78 -4.82 1.88
3.07 98.28 -7.34 3.69
0 98.89 -10.83 2.9
0 98.78 -11.27 1.83
0.06 98.1 -7.12 3.07
0 98.72 -8.97 3.51
0 99.02 -8.9 2.15
0 98.82 -7.01 1.63
0 98.67 -7.1 1.52
0.06 98.48 -4.7 1.96
0.04 98.37 -4.63 3.23
0 98.29 -3.56 2.68
0 97.6 -0.75 3.06
0.02 98.5 -8.72 5.65
0 98.68 -11.37 3.32
0 97.9 -5.76 2.76
0 97.17 -3.38 1.91
0 97.21 -4.74 2.96
0 97.46 -5.53 2.87
0 97.11 -4.97 2.02
0 96.84 0.45 2.49
0.01 97.56 -1.91 1.82
18.84 97.26 -0.42 2.68
0 97.85 -0.85 4
0 98.56 -2.64 3.16
0 98.17 -4.12 3.1
20.3 97.36 -0.24 3.75
27.27 96.73 0.28 4.97
0.08 97.09 -3.76 5.27
0 97.44 -4.93 2.35
0 97.06 -4.3 1.76
1.97 97.47 -5.1 3.22
0 97.92 -7.58 3.3
0 98.62 -5.64 2.11
3.78 97.68 -2.5 4.33
0 97.26 0.44 3.16
0.02 96.81 -1.8 2.45
0.07 97.46 -5.1 5.48
0 98.08 -5.34 3.37
0 97.86 -2.83 3.21
0 97.17 2.1 4.37
0 97.41 3.1 2.56
1.56 97.96 -1.58 3.75
0 98.81 -7.87 5.84
0 98.19 -4.1 3.05
0 97.76 -2.59 3.77
0 97.28 -2.33 2.86
0 157.19 842.09 844.98
0 97.46 0.18 3.49
0 97.04 6.23 3.41
0 96.93 6.28 3.38
0 97.68 4.58 2.77
0 96.99 6.32 2.81
0 97.18 7.45 3.02
0 97.32 6.89 2.63
0 97.22 7.54 3.48
0 98.25 2.84 4.05
0 98.45 2.72 2.64
0 98.67 3.68 1.92
0 98.4 7.35 3.07
0 98.14 13.08 3.95
0 97.36 13.86 5.25
0 96.82 12.71 3.49
0 97.06 10.93 3.64
0 96.58 14.12 4.53
8.81 97.48 7.79 3.72
0 97.66 6.02 1.68
199.46 96.07 3.35 2.7
0.67 96.9 5.78 2.57
1.04 96.88 6.22 1.91
0.13 97.33 5.91 3.84
0 98.55 0.91 4.43
0 98.56 1.35 2.98
0 97.77 5.43 3.41
0.22 97.45 8.92 3.14
0.09 97.67 9.41 2.89
33.24 97.85 8.2 2.91
182.33 98.35 1.66 4.22
0.82 98.03 4.8 2.38
0 96.43 11.03 2.19
0.31 95.54 14.63 4.66
3.78 96.43 10.08 4.87
0 96.5 12.8 2.74
0.05 96.82 13.07 2.72
0.03 97.23 11.98 3.96
0.01 96.9 12.31 2.89
0.02 96.76 12.97 2.83
0 97.09 14.85 3.98
0 97.18 15.87 4.6
0 97.53 15.22 2.66
0 96.86 21.23 4.08
0 96.46 25.38 4.2
20.75 96.25 21.25 4.82
30.81 96.83 16.92 2.3
0 96.9 19.16 2.18
0 96.79 20.78 2.93
3.97 96.57 19.06 4.1
41.71 96.7 15.73 2.36
0 96.85 14.85 4.51
0 96.79 14.48 4.83
0 96.15 16.52 5.3
0 96.81 13.73 2.5
0.79 96.66 14.42 4.47
36.99 97.03 8.04 2.41
0 97.39 9.64 1.83
34.56 97.31 10.2 2.17
99.51 96.35 8.24 1.8
15.75 95.01 11.37 3.27
0.26 95.09 19.49 3.28
1.46 96.32 18.1 5.26
0.01 97.04 17.31 4.01
0 96.48 19.05 3.31
25.46 95.67 19.9 4.94
36.69 95.76 16.66 4.28
1.12 96.16 15.08 5.26
0 96.97 18.65 3.85
0 96.64 22.23 3.66
0 96.5 23.06 3.08
2.75 96.45 22.9 3.36
0.03 96.28 24.42 3.62
0.13 96.2 25.88 4.07
1.92 96.28 26.02 3.34
0.1 96.33 23.96 3.28
2.73 96.07 23.1 4.34
0.89 96.29 21.34 3.08
0 96.45 20.67 2.93
0 95.66 25.34 6.97
11.09 96.04 23.7 3.11
3.2 96.59 20.36 3.72
0 96.83 22.14 3.52
51.74 96.17 19.33 3.78
54.64 95.62 18.44 2.72
101.5 96.1 18.56 2.61
0.44 96.44 20.13 2.94
0.95 96.12 20.71 2.91
7.11 96.19 18.63 1.91
169.83 96 16.78 2.66
251.7 95.42 17.04 2.65
55.04 95.49 17.5 1.9
71.19 96.33 18.26 2.19
0.18 96.62 21.09 2.2
30.83 96.48 22.72 1.82
0.4 96.2 23.31 2
279.47 96.13 21.17 2.23
7.17 96.37 19.59 2.63
77.86 96.81 17.57 2.56
0.14 96.89 21.72 2.33
0 96.57 23.96 2.37
3.16 96.35 23.73 3.52
0.17 96.48 23.37 2.93
6.44 96.27 23.57 3.63
15.5 95.97 22.22 2.55
123.03 95.89 21.18 1.6
0.74 96.36 22.27 1.65
2.65 96.44 23.85 2.41
192.97 96.53 17.97 2.37
24.08 95.97 18.31 1.93
32.28 95.48 19.49 3.32
3.76 96.06 18.23 2.9
0.24 96.66 19.35 2.37
66.45 96.7 19.9 2.17
22.91 96.82 20.81 2.05
0 96.82 22.2 1.98
0.17 96.68 23.37 2.2
2 96.82 24.36 2.38
0.14 97.07 25.62 2.44
2.44 96.9 23.94 2.85
0.38 96.55 25.65 2.42
1.23 95.97 26.57 1.94
0.13 95.73 27.23 3.68
4.48 96.14 27.2 2.52
7.01 96.56 25.97 2.28
10.84 96.74 23.08 2.57
7.61 96.62 23.19 1.59
18.15 96.47 23.9 1.88
111.75 96.65 23.42 2.54
46.17 96.6 23.36 2.5
29.48 96.28 24.54 2.66
30.3 96.22 23.9 2.51
21.48 96.23 23.88 1.79
25.52 96.04 23.59 2.15
24.64 95.88 24.51 2.17
11.35 96.21 26.07 2.77
15.89 96.33 25.14 2.23
36.33 96.12 25.23 2.45
103.74 96.07 24.67 2.41
290.39 96.43 22.71 2.43
13.88 96.66 23.05 1.83
1.13 96.51 24.22 1.82
34.66 96.03 24.99 3.07
0.11 95.97 24.59 2.37
0.72 95.82 26.13 2.21
1.46 96.03 26.14 3
9.02 96.45 24.8 2.98
29.53 96.97 23.52 2.36
71.52 97 23.57 2.04
11.21 96.87 24.91 2.05
0 96.91 24.43 1.67
0 96.72 25.08 1.63
0 96.57 25.16 1.42
0 96.29 26.12 1.91
3.73 96.04 26.41 1.99
0.05 96.32 24.96 2.31
0 96.4 24.65 1.98
1.74 156.19 861.71 845.07
30.9 156.46 862.28 845.13
42.4 96.93 21.38 2.28
46.01 96.59 20.21 2.46
2.55 96.37 21.41 2.26
31.67 96.49 20.92 1.77
8.42 96.81 21.06 1.91
8.14 97.02 21.42 1.97
11.32 96.94 21.56 2.83
16.44 96.8 21.75 2.52
0.03 96.75 21.6 2.15
14.73 96.62 20.64 1.84
9.43 96.8 19.67 1.76
10.8 96.95 19.98 1.77
87.53 97.14 18.62 1.72
62.22 97.14 20.05 2.04
3.82 97.1 21.93 2
0.69 97.29 21.13 2.12
5.8 97.2 19.47 1.41
17.12 96.96 19.48 2.26
0.01 97.12 18.12 1.78
0 97.05 19.57 1.73
1.67 97.2 21.44 2.51
15.13 97.83 17.63 2.63
1.22 97.77 16.57 1.74
18.68 97.21 14.78 1.82
32.56 97.16 14.75 3.04
0 97.08 20 2.36
0 97.44 20.52 2.55
0 97.62 19.84 2.66
0 97.43 20.04 2.43
2.48 97.4 19.52 1.82
8.86 97.42 18.86 1.81
0.02 97.49 17.88 1.78
1.14 97.03 17.7 2.32
2.24 96.82 20.5 2.83
33.11 96.74 19.12 3.51
49.62 96.78 16.27 2.19
32.91 96.78 15.17 1.78
12.9 96.68 16.61 2.55
0 97.01 15.16 2.43
0 97.15 18.09 2.76
0.23 98.03 14.6 1.46
1.72 98.54 12.14 1.64
6.3 97.41 16.42 3.43
78.01 96.58 11.82 4.85
0.04 96.55 14.6 4.07
0 97.57 12.12 2.42
0 97.9 14.56 2.44
0 97.37 18.56 3.67
0 97.24 19.1 2.59
0 97.02 18.99 3.53
0 97.35 12.22 3.51
0.24 96.68 7.27 2.86
2.17 96.83 6.74 4.78
6.62 97.12 10.56 3.89
0 97.56 11.84 2.29
0 97.65 13.28 1.99
0 97.38 14.34 2.06
0 97.33 15.25 2.06
0 97.37 15.76 2.64
0.65 97.46 15.43 3.24
0 98.32 7.29 2.87
0 97.18 10.84 2.76
14.12 97.76 7.31 2.57
44.42 98.09 5.87 1.93
1 114.36 246.25 119.3
0 113.82 246.19 119.19
0 98.3 7.96 2.85
0 98.34 4.42 1.62
9.2 97.06 7.92 4.08
0 97.09 5.25 2.78
0 97.71 3.21 3.01
0 98.04 1.03 3.78
0 98.49 0.81 2.52
0 98.55 3.09 1.73
0 97.85 4.72 1.57
0 97.65 6.5 1.62
0 97.69 8.8 3.26
0 97.82 11.37 3.34
0.91 98.96 2.78 4.35
45.76 99.05 -1.99 4.13
31.45 98.6 -1.86 3.81
2.97 98.14 -1.55 2.52
0.24 98.23 -1.81 1.67
0 98.45 -2.2 1.37
0 98.58 0.48 1.37
0.19 98.41 1.86 1.68
0.01 97.69 4.32 1.94
0 96.99 7 2.7
0.05 97.83 3.57 2.67
2.95 97.77 -1.18 2.61
0 98.43 -3.21 3.01
2.54 98.37 -4.17 2.56
9.98 98.37 -6.05 2.84
4.29 98.39 -7.48 2.32
6.66 98.87 -7.95 2.04
19.3 99.33 -10.15 3.02
5.84 99.37 -11.16 3.58
0.05 99.32 -13.36 2.42
0.01 98.4 -12.94 2.79
0 98.32 -12.93 3.09
0.04 97.9 -11.76 1.33
0.14 98.35 -9.06 1.68
21.72 97.99 -5.46 1.89
0 97.94 -7.9 1.77
0.26 97.22 -2.22 2.58
0.09 96.95 -3.5 4.05
0.18 97.2 -6.07 5.01
0 97.59 -3.69 3.37
0 98.3 -4.43 2.08
0 98.51 -7.4 1.35
0 98.7 -8.73 1.03
0 98.24 -3.79 2.23
7.12 97.87 1.88 2.88
0.04 98.03 0.63 4.4
0 98.46 -5.43 2.11
0 98.11 -5.69 1.41
0 98.23 -6.13 1.29
3.42 97.55 -4.76 2.4
0.02 97.58 -5.21 3.66
0.03 98.13 -6.74 5.09
0 98.28 -7.14 2.66
0 98.71 -5.44 1.77
0 98.75 -5.92 1.71
0 97.84 -2.7 2.58
0 98.04 -4.38 1.61
0 98.2 -7.44 1.46
0 98.02 -4.94 1.94
0 98.18 -8.47 2.04
0 97.16 -6.87 3.18
0 98.19 -11.3 4.23
0 98.99 -13.62 2.24
0 98.69 -9.28 1.73
0.14 98.24 -5.91 1.48
0.5 98.46 -6.21 1.81
0 98.5 -7.51 1.75
0 97.58 -2.83 2.66
0 97.58 -4.88 1.49
1 97.81 -7.43 1.77
0 98.25 -9.31 3.32
0 98.12 -10.96 2.57
0 98.34 -9.38 3.11
0 98.19 -9.01 2.56
0 98 -9.46 2.52
0 97.75 -9.27 2.3
0 98.54 -10.68 2.88
0 98.78 -11.61 2.48
0 98.24 -11.66 3.23
0.05 97.56 -10.21 3.13
0.07 97.36 -10.38 2.24
0 97.44 -10.83 1.76
8.59 98.06 -12.94 3.06
1.84 98.08 -16.64 3.01
0 97.69 -17.65 3.51
0 98.36 -17.08 2.11
0 98.89 -17.06 1.49
0.57 98.81 -16.48 1.64
0.38 99.31 -18.86 3.2
0 99.2 -22.1 4.74
0 98.59 -15.01 3.99
0 98.04 -10.38 2.67
0 97.93 -10.6 2.79
0 98.03 -9.09 2.66
0 98.55 -11.19 2.1
0 99.05 -14.35 2.38
0 98.84 -15.9 2.13
0 98.85 -12.87 2.7
0 98.69 -10.62 2.41
0 98.32 -8.72 2.33
0 98.06 -7.6 2.47
0 98.27 -7.2 3.31
0 98.19 -7.63 3.51
0 98.15 -6.38 2.57
0 97.24 -6.07 2.36
0 96.81 -2.67 3.37
0 97.55 -2.47 2.55
0 97.26 1.14 3.27
0.13 97.19 1.18 2.42
1.63 97.29 1.65 2.59
38.06 98.01 -6.37 6.04
0 98.16 -10.95 4.75
0 97.53 -8.36 3.47
0 97.34 -4.21 4.04
0 97.36 -1.33 3.77
0 97.26 -1.49 3.56
0.08 98.18 -5.11 3.25
0 98.18 -7.01 3.76
0 98.14 -8.53 2.88
0 98.12 -5.11 3.33
0 99.07 -9.04 2.49
0 98.69 -7.57 2.64
0 98.61 -6.96 2.51
0.05 97.93 -5.47 3.17
0.01 98.01 -5.5 2.08
0.07 98.25 -6.69 3.9
0.04 98.58 -7.54 3.66
0.02 97.59 -0.65 3.07
0 97.17 3.43 2.83
0 97.16 2.13 2.08
0.11 97.55 1.24 1.37
81.8 97.34 1.96 2.71
0.02 97.4 0.01 2.1
4.08 97.61 -1.76 4.06
0 98.41 -5.63 4.65
0 98.54 -5.63 3.36
0.01 98.31 -5.04 3.33
0 97.81 -4.46 2.12
0 97.16 -0.44 3.81
0 97.89 -0.25 2.64
0 97.71 1.25 2.14
0 97.14 5.24 3.42
0 96.95 9.44 3.72
0 96.62 9.74 4.83
0 96.9 9.07 3.7
0 97.88 5.14 2.12
0 98.09 5.86 2.09
0 97.67 9.31 2.75
0 98.02 7.06 4.49
0.01 98.61 3.75 5.23
0 98.67 3.53 3.25
0 98.31 3.76 2.9
0 97.85 8.3 2.73
0 97.33 9.9 2.33
0 96.65 12.26 4.61
1.82 97.15 9.16 2.98
0 97.22 8.88 2.78
0 96.26 15.92 5.19
19.55 96.41 12.44 4.6
0.59 97.54 8.49 3.62
0 97.58 8.94 3.19
0 96.7 11.8 3.65
0.05 97.05 11.55 3.11
2.6 96.46 13.02 4.54
0 96.69 11.84 3.53
0 96.69 13.39 5.33
0 97.01 8.41 3.59
0 97.64 6.22 3.84
0 97.3 6.85 4.46
57.58 96.31 7.55 2.71
0.22 95.98 10.44 4.11
0 97.12 12.25 3.97
0.14 96.67 15.32 4.74
34.33 96.51 11.29 2.97
1.49 96.47 7.89 4.09
10.56 96.86 7.18 2.52
7.25 97.25 9.47 3.49
0.11 96.82 14.01 2.94
0 95.9 16.55 5.12
0 96.47 13.33 5.44
0 97.07 12.36 2.74
0 96.59 14.57 4.53
0.6 97.32 12.46 3.28
8.69 97.56 10.9 2.21
0.44 97.13 13.71 2.07
0 97.26 14.22 2.81
12.93 96.56 13.97 2.87
0.18 96.11 17.26 3.04
4.26 95.79 21.68 3.98
106.21 96.54 13.28 3.2
181.16 95.57 10.77 5.58
0 96.19 16.34 3.26
24.57 96.34 14.65 4.29
0.06 96.45 14.71 5.73
0 97.29 17.03 3.15
0 96.77 18.61 4.37
0.27 96.83 18.31 2.24
0 96.6 17.94 2.08
1.12 95.84 20.4 5.27
274.47 96.45 12.72 3.51
0 97.49 15.12 3.88
20.09 97.14 12.47 4.07
2.93 96.79 13.78 3.5
0 96.32 18.14 3.07
0 96.42 24.24 3.75
0 96.77 23.93 4.81
0 97 22.52 4.53
0 97.17 22.14 4.14
0.01 97.7 20.53 3.37
0.02 97.65 19.92 3.06
45.78 96.86 15.71 1.79
13.19 95.76 17.31 4.43
18.44 96.04 19.03 3.26
0.14 96.48 19.67 3.75
0 96.47 22.48 4.13
0.03 96.04 24.68 4.62
0 96.39 20.56 4
0 96.09 22.96 3.76
24.1 96.91 17.72 2.62
0 96.96 20.68 2.11
0 96.59 24.04 3.02
0 96.28 24.65 3.59
0.01 96.42 22.82 2.97
0.06 96.7 23.09 2.82
26.2 96.81 20.44 3.06
8.67 96.89 19.63 1.94
0.05 96.59 22.24 2.16
12.09 96.35 22.63 3.86
127.65 96.12 20.19 4.88
28.18 96.52 19.06 2.58
5.26 96.43 20.64 2.02
2.35 96.08 20.9 2.02
184.69 96.02 16.37 2.36
20.95 96.01 18.2 2.16
1.58 95.64 20.91 2.71
24.54 95.67 21.36 2.07
3.97 96.2 22.52 2.74
0.04 96.32 23.98 2.34
13.59 96.02 25.13 3.3
23.52 96.01 24.92 3.31
93.13 96.03 23.32 2.57
37.15 96.22 22 2.28
9.78 96.25 22.18 3.28
0 96.42 24.49 2.63
0 96.43 25.24 2.13
29.55 96.2 24.07 2.36
47.96 96.37 20.8 3.38
79.85 96.2 20.84 2.86
64.27 96.13 21.32 2.08
0 96.29 21.66 2.03
0.17 96.28 23.06 1.75
0 96.43 25.59 2.88
0 96.64 24.75 2.65
1.13 96.82 25.19 1.86
0 96.89 26.61 2.21
0 96.86 26.21 3.28
0 96.59 26.05 2.91
0 96.31 27.5 2.49
0 96.08 28.43 2.89
3.03 95.75 29.05 4.22
71.08 95.94 24.06 2.37
2.75 96.28 25.35 2.5
0.63 96.64 24.64 2.73
3.67 96.36 21.2 2.06
7.47 96.19 21.75 2.1
1.21 96.51 22.72 1.87
0.07 96.56 24.13 2.22
41.85 96.68 23 2.72
204.97 96.73 21.63 2.6
833.79 96.22 22.57 2.84
42.89 96.03 23.78 1.88
4.94 95.88 26.61 2.81
0.21 96.33 27.1 2.29
466.24 96.36 22.37 2.49
10.95 96.27 22.76 1.51
0.45 96.03 24.44 2.05
33.28 96.01 25.1 2.58
41.54 96.41 24.38 1.85
129.77 96.69 24.56 2.01
67.01 96.77 23.19 1.87
55.53 96.86 23.47 1.85
0.6 96.86 25.33 1.48
0 96.83 26.68 1.6
0 96.81 27.2 2.05
0 96.74 26.87 2.29
59.47 96.41 26.54 2.57
242.35 96.76 24.05 2.17
0 96.9 23.26 1.54
0 96.58 23.82 2.41
0 96.34 27.69 3.84
0.42 96.33 29.19 4.27
9.55 96.34 27.12 2.39
0 96.31 25.91 1.83
0 96.57 25.22 1.97
1.98 96.51 23.82 1.47
28.65 96.37 23.22 2.12
1.29 96.26 23.78 1.63
324.82 96.22 21.08 1.67
30.95 96.61 21.8 2.35
9.54 96.76 22.72 1.58
0.81 96.87 23.99 1.75
1.1 96.99 24.15 1.51
10.27 96.57 22.04 1.75
10.63 96.31 24.4 1.71
105 97 19.07 3.87
0 97.34 18.91 2.1
2.16 97.02 19.28 2.3
8.4 96.95 19.98 2.2
0 97.1 19.52 2.8
0 96.53 19.2 3.11
40.96 95.44 16.93 4.05
30.11 95.35 16.29 2.41
14.4 96.06 19.64 1.51
57.19 96.61 18.62 1.18
43.68 96.87 18.3 1.59
82.35 96.76 18.57 1.75
15.32 96.61 20.27 1.83
2.45 96.39 19.67 1.66
3.92 96.44 19.23 1.86
31.23 96.74 18.39 1.38
8.95 96.93 17.93 1.86
27.86 97.32 16.98 1.9
21.95 97.56 17.39 1.52
1.56 97.53 17.98 1.6
9.62 97.32 19.81 2.19
0.11 97.16 21.3 1.85
2.39 97.21 20.29 1.97
1.24 97.66 18.06 2.56
9.79 97.8 16.08 2.94
0.06 97.82 15.6 2.43
0 97.73 15.45 1.7
0.71 97.59 15.58 2.25
2.44 97.2 17.76 2.56
5.07 96.88 19.44 2.57
1.04 96.61 20.91 3.87
0.03 97.28 18.74 2.06
5.17 97.11 18.18 1.97
2.31 97.72 14.01 4.07
0 98.24 9.95 2.47
0.02 97.51 10.77 2.71
0.04 97.1 16.55 2.18
3.07 96.98 19.83 3.92
5.61 97 15.97 1.77
0.41 96.95 17.02 3.39
46.2 97.58 9.01 2.52
28.76 97.65 8.33 2.53
0.32 98.27 9.48 1.63
60.03 97.47 10.41 2.65
1.54 97.51 7.88 4.38
0 97.85 6.06 2.11
1.21 97.4 8.03 2.24
0 97.95 7.04 114.74
0.05 97.96 8.13 1.86
0 97.5 12.96 1.85
0 97.57 14.32 1.85
0.11 97.76 16.23 3.3
11.93 97.27 14.69 3.38
0 97.72 11.04 2.03
0 97.5 12.28 2.09
0 97.29 14.5 2.82
0.97 98.26 6.49 3.26
31.04 97.64 6.28 1.87
46.32 98.27 2.97 3.55
0 97.96 3.36 1.32
0 97.32 4.67 1.47
0 96.88 9.77 2.92
0 98.14 4.86 2.53
39.58 98.18 3.98 1.4
23.49 98.31 4.22 2.81
0.12 98.5 1.27 2.61
2.21 98.14 1.17 3.32
0 98.99 -3.43 2.91
0 98.64 -2.19 2.6
0 97.87 1.5 3.14
0 97.35 2.38 1.85
0 96.41 4.62 1.72
0 97.37 3.12 3.96
0.11 98.34 -0.23 2.16
12.78 98.5 -0.88 3.28
0 98.92 -2.59 1.99
0 98.4 -2.29 2.5
2.2 96.84 3.48 3.7
1.12 97.06 0.1 1.8
0.28 97.59 0.65 1.92
0 97.1 4.57 3.59
0 97.65 3.31 4.28
0 98.09 -2.34 2.31
0 97.72 1.11 2.32
0 97.73 -0.33 2.62
0.77 97.07 2.82 2.51
2.94 97.6 -3.15 2.89
21.37 98.25 -6.42 1.55
56.2 98.54 -7.69 2.88
0 98.93 -10.53 3.05
0 98.64 -10.38 2.72
0 98.15 -7.86 2.41
0 97.79 -5.39 2.19
0 97.29 -0.9 3.48
0 98.05 -4.44 3.39
0 98.5 -3.76 1.93
0.04 98.87 -3.89 1.96
6.51 97.64 0.4 3.64
0 98.39 -2.18 3.31
0 98.1 0.56 2.6
0 97.36 2.75 3.44
0 97.39 0.14 2.51
0.19 98.08 -4.18 3.47
0 97.6 -4.22 3.14
0 97.81 -5.98 2.08
2.3 97.14 -2.89 3.2
0 98.15 -6.43 2.19
0 98.3 -7.46 1.39
0 97.76 -4.95 3.02
3.44 97.96 -2.68 2.54
0 98.6 -7.02 3.54
0 98.59 -9.65 2.29
0 98.55 -8.96 2.91
0 97.79 -5.14 2.5
0 97.71 -3.89 1.36
0 97.87 -3.84 1.11
0 97.92 -3.6 1.37
0.07 98.28 -3.82 1.11
0.05 98.26 -4.11 2.81
2.57 97.87 -8.31 4.32
0 98.35 -8.61 3.17
0 98.36 -9.8 1.39
0.02 98.07 -4.71 2.76
2.84 98.73 -8.22 3.64
0 98.7 -11.07 2.21
0 98.34 -8.56 3.48
0 98.6 -9.04 2.88
0 98.07 -7.89 1.81
0 97.94 -6.84 1.48
0 97.7 -3.12 2.7
0 97.86 -4.5 2.45
0 97.53 -1.91 2.37
0 98.16 -4.88 1.56
0 98.52 -6.55 1.24
0 97.99 -4.22 1.08
4.63 97.98 -3.79 1.89
13.48 97.53 -3.56 2.11
0.01 97.78 -6.52 3.2
0 98.06 -9.25 3.13
0 97.81 -9.51 2.35
0.01 97.53 -10.58 2.67
0 97.62 -9.14 3.88
0 98.65 -10.93 2.15
0.07 98.66 -12.51 1.57
0.01 98.56 -11.88 1.4
0.26 98.34 -9.84 1.76
0 98.65 -10.6 1.79
13.81 98.29 -11.42 2.93
0 98.43 -12.67 2.59
0 97.96 -11.07 4.4
0 98.7 -13.01 2.47
0 98.84 -13.64 1.74
0 98.95 -12.13 1.56
0 98.37 -8.43 2.08
0.03 97.49 -2.55 4.94
0 98.15 -5.76 3.52
0 97.54 -5.6 2.7
0.18 98.28 -9.11 4.55
0 98.72 -9.11 3.27
0 98.09 -6.22 2.86
0 98.85 -7.06 3.23
0 98.21 -4.64 2.26
0 97.65 -3.74 1.91
0.56 97.24 -0.04 2.11
0 97.6 -3.73 3.42
0 98.59 -5.81 3.04
0 98.56 -6.89 1.28
0.02 98.29 -7.22 4.91
0.01 97.84 -8 5.43
0 98.04 -8.21 4.44
0 98.17 -7.01 2.81
0 98.18 -6.21 1.76
0 98.64 -4.89 1.97
0 98.56 -3.73 2.47
0 97.34 2.17 3.33
5.04 97.56 -1.18 4.57
0 98.29 -6.03 2.93
0 97.76 -5.31 2.69
0 96.55 -1.64 4.4
0 98.35 -6.34 4.74
9.98 98.27 -5.56 2.78
30.58 97.46 -2.69 4.46
0 98.01 -3.49 3.47
0 97.72 -1.53 3.09
0 97.65 -0.13 3.01
0 97.9 -0.23 1.77
0 97.53 2.14 2.83
0 97.45 2.43 2.81
1.29 97.89 -3.11 4.46
0 97.13 -0.87 2.74
0 97.17 0.77 2.01
0.05 97.37 -1.37 2.59
0.25 97.81 -3.65 3.83
0.02 97.57 -5.66 3.46
0 97.54 -3.85 4
0 97.02 0.9 3.77
0 96.85 1.47 3.14
0 97.09 3.69 2.09
0 97.29 5.93 2.91
0 98.14 1.68 4.4
0 98.19 1.7 2.71
0 98.16 2.18 2.65
0 97.93 3.23 1.99
0 97.51 4.09 1.65
0.56 97.4 5.37 2.35
0 97.92 6.75 2.24
0.05 98.04 6.58 2.71
0.44 98.03 3.69 3.82
0 97.91 2.59 2.52
0 97.65 3.85 2.38
0.4 98.06 3.53 1.96
4.07 97.79 2.05 1.64
2.32 97.55 3.74 2
0.13 97.44 3.98 2.43
0 97.64 4.53 2.63
0 97.47 6.3 2.51
0 97.34 10.47 3.63
0.03 98.15 5.84 2.93
0 97.99 5.98 2.65
0 97.37 6.44 1.78
0 97.36 10.02 2.27
0 97.31 13.55 3.35
0 97.03 16.84 4.24
0.31 96.84 13.35 3.97
3.73 96.79 10.51 3.5
0.56 96.9 10.86 2.85
0 97.57 10.44 4.3
0 97.64 10.16 1.88
0 96.61 13.42 3.09
0 97.14 9.73 4.41
0 97.1 8.4 2.71
0 96.47 13.07 4.37
0 95.98 15.97 3.41
0 96.4 17.4 3.13
0.09 96.8 15.93 3.04
1.01 95.66 16.48 4.28
0.36 95.81 10.33 5.76
1.25 96.35 8.92 3.38
1.33 96.6 11.72 3.81
0 97.04 11.71 2.51
0.01 96.38 15.16 4.94
0 96.68 11.52 3.22
0 96.93 11.39 3.01
0 97.6 10.57 3.43
0 97.61 11.84 4.28
0 96.73 16.45 4.34
0 96.18 18.41 3.15
0 95.84 21.72 4.18
0 96.77 18.65 2.87
0 97.23 18.06 2.77
0 97.17 21.07 4.04
1.02 97.13 18.78 5.39
24.5 97.02 15.92 3.14
21.38 96.7 11.98 5.51
0 96.9 12.81 6.13
0 96.75 18.56 3.55
0 96.45 21.73 2.76
0 96.31 19.95 4.9
0.66 96.18 19.31 3.22
0.07 96.28 17.4 4.74
0 96.23 15.54 4.09
0.73 96.38 14.54 4.89
0.3 97.1 15.37 5
0 97.09 17.98 2.43
0 96.35 20.16 2.12
0 96.16 23.56 2.81
0 96.14 28.63 4.8
0.7 96.45 27.99 3.6
0.21 96.75 25.21 3.52
2.83 97.05 18.97 3.87
179.82 97.23 11.64 2.59
0.01 97.03 16.93 2.33
0.02 96.55 20.3 2.16
0.12 97.1 16.44 3.94
0 96.75 18.3 2.43
0 96.39 20.72 3.24
0 96.49 22.69 3.53
37.21 96.91 17.33 2.73
0.47 96.37 20.36 3.03
28.41 95.84 20.33 3.08
0 96.31 17.92 3.35
66.21 96.7 12.43 2.04
0 96.79 16.91 2.63
0 96.76 21.34 2.72
0 96.96 22.06 2.56
24.52 96.7 16.46 2.4
1.21 96.34 19.06 2.46
0.27 96.19 23.83 3.85
0 96.29 22.64 3.8
0 96.7 20.2 1.87
11.67 96.86 19.03 1.96
15.25 97.14 19.6 1.83
0 97.13 21.81 2
0 96.61 28.07 2.69
0.06 96.35 29.48 2.33
5.4 96.23 28.54 2.7
3.54 96.15 26.6 3.14
43.89 96.16 23.82 3.53
192.31 96.13 20.3 2.27
12.5 96.12 21.17 2.25
0.36 96.3 22.89 2.27
31.13 96.68 20.63 1.73
95.37 96.59 18.74 1.46
8.17 96.3 20.16 1.49
6.67 96.25 21.73 1.58
0 96.41 24.65 1.95
6.59 96.37 25.53 2.88
3.49 96.41 25.84 3.62
0.05 96.31 26.74 4.06
5.36 96.1 27.51 3.2
16.9 95.98 28.08 3.04
97.49 96.21 24.12 2.21
0.3 96.3 25.7 1.97
8.47 96.46 26.05 1.88
80.18 96.63 24.62 1.57
99.2 96.46 24.39 2.72
631.65 95.56 23.79 2.82
16.64 95.54 25.91 3.67
82.84 95.75 24.13 2.39
0.55 95.61 25.16 1.7
0 95.92 26.95 2.79
0.73 95.99 29.11 3.24
15.75 95.79 28.8 3.94
13.42 96.13 27.35 2.26
18.85 96.53 26.71 1.9
0 96.65 27.47 2.41
0 96.62 28.06 2.89
0.01 96.36 27.99 3.58
70.51 96.1 26.73 3
33.21 96.03 24.87 3.08
84.6 96.79 22.35 2.71
13.48 96.8 22.16 1.53
1.7 96.34 23.86 1.16
3.51 96.41 24.39 1.8
0.26 96.69 24.85 1.82
22.53 96.4 22.42 2.33
1.52 96.5 23.78 2.34
0 97.04 23.84 1.87
0 96.65 23.96 1.67
10.12 96.23 24.97 2.4
0.08 96.41 25.74 2.38
0.47 96.51 26.11 2.89
35.5 96.22 26.21 2.53
1256.47 95.59 24.26 2.94
5.87 96.01 25.91 1.52
90.18 96.07 25.37 2.18
68.31 95.87 24.04 1.86
4.8 95.93 24.44 2.02
34.27 95.81 23.86 1.74
34.42 95.66 21.73 1.64
4.06 95.76 24.05 1.64
5.81 96.17 25.06 2.67
67.83 96.59 23.99 2.27
0.21 96.72 24.39 1.78
58.63 96.65 22.21 1.7
12.7 96.5 22.8 1.58
205.78 96.56 21.15 1.67
125.01 96.69 21.51 1.7
21.18 96.87 22.18 1.5
25.8 96.92 22.93 1.52
6.21 96.59 23.01 1.9
0.46 96.28 25.5 1.93
83.93 96.71 23.71 2.25
196.72 96.6 20.23 2.03
0.11 96.61 21.5 2.62
0 96.73 19.52 3.28
0 97.1 20.26 2.23
17.63 96.88 17.36 3.17
8.52 97.22 17.19 2.63
0 97.43 15.66 2.39
0 97.08 17.84 1.97
0.72 97.09 18.37 1.64
5.49 96.93 20.02 1.73
9.14 97.02 19.67 1.93
3.98 96.94 20.9 2.95
2.07 96.76 21.73 3.23
0.03 96.55 21.72 3.21
0 96.49 19.89 1.68
0 96.3 21.56 2.4
0.23 96.8 19.9 2.77
4.31 96.94 19.14 2.02
79.95 96.81 18.13 2.16
0.11 96.98 17.57 2.03
0 97.41 16.22 2.26
0 97.7 17.07 1.67
1.86 97.63 19.17 2.06
5.22 97.48 20.05 2.17
2.03 96.99 19.96 2.67
0.04 96.82 17.8 2.01
0 96.23 19.64 2.6
0.15 96.66 17.24 2.92
0 97.12 16.48 2.13
0.43 96.52 19.45 3.09
52.94 96.47 17.9 3.15
0 96.73 18.63 3.96
0.08 96.93 19.7 2.65
15.97 96.99 17.02 2.5
32.97 97.21 13.96 2.23
0.22 97.23 10.87 2.21
0 97.09 10.58 3.08
0 96.94 11.05 1.94
0 97.12 13.97 3.08
0.05 97.18 17.22 3.82
0 97.99 10 2.45
0 98.35 8.66 1.96
0 98.2 9.85 2.48
0 97.48 14.13 3.33
0 97.24 15.66 3.74
0 97.47 14.9 1.93
27.27 97.79 13.28 1.49
190.49 98.37 9.51 3.28
15.58 98.41 6.77 3.45
0.39 98.26 5.62 2.69
0.85 97.92 5.61 2.05
0 97.75 7.81 2.79
0.01 98.39 5.91 1.47
40.51 98.45 6.53 1.73
0.16 98.77 5.97 1.56
0 98.54 6.8 1.72
1.97 97.89 9.32 1.94
0.03 97.64 9.76 1.27
0 97.35 11.52 2.59
0.01 98.04 8.66 2.67
2.36 98.18 4.68 2.23
0.05 98.16 5.45 2.15
0 97.98 6.68 2.08
0 98 8.85 1.43
0 97.42 11.13 1.75
0.02 97.29 10.96 1.82
0 98.04 8.54 3.81
0 98.66 2.92 3.38
0 98.14 5.42 2.29
0 97.25 8.76 3.27
