0.42 94.85 -17.24 1.19
0.01 95.51 -17.81 1.29
20.15 95.36 -19.76 1.41
7.34 95.6 -18.74 2.81
0 95.87 -20 2
0 96.09 -20.62 1.91
0.04 96.19 -18.36 1.13
24.88 95.55 -17.38 0.89
7.04 95.76 -17.59 0.97
0 96.01 -16.97 1.16
0 96 -16.34 2.75
0 95.41 -18.51 2.79
0 95.43 -15.87 3.54
2.84 95.24 -15.99 1.03
0 96.33 -15.86 1.21
0 95.86 -13.84 1.03
0 95.54 -11.18 0.91
0 95.46 -6.77 1.04
0 94.96 1.23 3.37
0.05 96.26 -10.08 4.42
0 96.1 -13.15 2.44
0 95.81 -11.41 4.95
0 95.28 -7.84 3.72
0 94.71 -8.07 4.37
0 95.69 -9.31 3.38
0 96.88 -4.13 3
0.5 94.61 -3.7 2.21
0.01 95.24 -11.15 4.18
0 94.81 -5.21 5.11
0 94.89 -4.88 1.75
0 95.47 -8.72 1.34
0.75 95.62 -11.1 1.76
0 95.63 -14.48 2.37
0 95.56 -13.04 2.49
0 95.54 -13.86 2.24
0 95.89 -14.11 1.28
0.01 95.73 -11.48 2.01
1.24 94.78 -3.2 2.73
0 94.92 -5.04 1.34
0 95.56 -7.52 2.36
0 96.17 -10.76 2.41
0 96.57 -12.36 2.79
0 96.27 -12.19 1.86
0.03 95.62 -9.96 2.34
0 96.07 -10.81 2.22
0 96.23 -12.53 1.64
0 95.76 -10.65 1.28
0 95.36 -9.17 2.99
0 95.15 -8.36 2.86
0 94.61 -3.82 2.01
0 94.49 -7.94 1.6
0 94.65 -7.25 1.74
0 94.6 -4.24 2.55
0 93.57 1.9 1.73
1.19 94.02 -3.78 1.54
0 95.1 -7.21 1.83
0.13 95.23 -5.63 1.66
2.15 94.86 -6.69 1.96
0.45 95.55 -8.65 1.88
0.06 95.18 -8.12 1.93
0.2 94.92 -2.98 3.47
0 94.96 -1.95 2.69
68.5 94.61 -2.85 2.73
1.97 95.74 -10.84 3.36
0 96.42 -13.07 1.47
0.01 96.69 -13.34 1.3
2.39 96.98 -10.66 2.25
0 96.17 -9.95 2.49
0 94.78 -4.69 2.29
0.16 93.68 2.43 2.94
0.37 94.94 -5.29 4.13
0 95.47 -2.94 1.69
51.23 94.86 -0.07 1.99
0.36 94.91 -2.88 5.86
0.01 95.36 -4.94 2.79
0 95.77 -5.79 2.19
0 94.72 -3.01 2.61
0.16 93.37 4.13 2.28
46.79 94.09 -1.37 3.49
0 94.38 -0.14 2.8
0.05 94.38 3.88 3.79
0 95.02 2.45 2.39
0 95.63 -0.93 2.38
0.03 95.6 -3.67 3.4
1.53 95.1 -3.15 1.54
4.91 95.7 -2.79 1.4
0 95.56 3.1 1.32
0.03 95.3 6.21 1.58
2.45 94.72 9.06 3.9
1.69 94.51 7.46 4.78
0 94.97 1.18 5.19
0 95.01 -0.64 4.07
0 94.59 4.52 3.96
0 94.36 8.93 3.92
3.9 95.04 2.19 2.1
0 95.64 1.58 2.03
0 95.03 6.97 3.3
0.16 93.81 13.06 5.22
20.75 94.67 2.5 2.61
0 94.96 3.01 2.9
0.53 94.89 1.44 1.84
63.51 94.74 0.17 3.25
0.01 95.51 -1.48 4.88
0 95.61 2.22 2.59
0.7 94.92 4.32 2.31
6.78 95.24 2.54 1.79
0 95.15 4.85 2.57
35.3 94.46 10.83 2.46
17.53 94.99 8.48 1.63
0.1 95.37 7.83 2.04
0.06 95.61 9.28 1.77
0.35 95.36 8.87 1.76
0.14 95.23 8.05 1.68
0 94.78 12.68 3.05
1.47 94.52 13.23 3.92
15.2 94.43 4.6 3.41
10.86 94.06 2.24 3.41
0.05 94.19 4.81 6.03
1.36 94.33 6.91 5
9.65 94.56 11.81 2.24
0 94.01 17.48 1.88
0 93.77 18.72 4.01
0.11 94.27 16.63 2.07
1.26 93.77 42.59 2.22
188.24 93.49 9.22 2.26
4.58 93.94 13.17 3.98
58.85 93.93 11.01 1.33
9.98 94.15 14.58 2.38
46.08 93.96 11.66 3.61
13.24 93.89 8.92 2.01
2.03 94.92 9.39 1.99
0 95.15 13.08 1.48
0 95.07 16.35 1.34
3.68 94.65 17.73 3.66
8.98 94.55 20.71 2.47
0.39 94.72 20.1 2.08
7.02 94.25 17.98 2.45
233.05 93.43 12.09 2.51
0.42 93.14 18.18 4.52
0 93.98 21.41 2.37
0 94.12 24.64 2.42
0.2 94.13 22.73 1.9
0.22 93.82 21.8 2.35
12.09 94.08 17.32 3.43
0.23 94.65 21.12 2.75
0.08 95.05 22.05 2.14
2.87 94.96 19.18 1.74
85.6 94.33 15.74 2.25
74.55 93.98 16.71 1.67
89.9 94.46 15.25 1.67
4.35 95.04 16.68 1
3 94.93 18.19 1.36
0.25 95.05 19.4 1.35
0 95.08 21.78 1.74
0.01 94.86 23.23 1.98
0 94.57 24.26 2.1
0 94.57 24.38 2.19
0 94.67 24.98 3.53
0 94.81 24.69 3.48
0 94.92 24.91 2.16
0.66 94.79 21.71 2.2
0.01 94.49 21.74 3.64
0.25 94.15 24.17 1.76
27.29 93.89 24.14 2.68
69.2 93.8 22.64 2.73
0.3 93.73 23.95 2.34
6.74 93.84 23.64 1.58
79.93 93.88 21.15 1.95
39.85 93.99 20.63 1.78
0.43 94.07 22.83 0.99
0.03 94.49 22.95 2.45
0.01 94.03 23.61 1.48
2.9 94.42 19.91 2.02
0 94.47 23.29 1.47
0 94.31 26.15 1.87
0 94.3 27.33 2.83
0 94.24 26.49 1.62
5.77 94.09 21.65 1.41
10.68 94.01 22.5 1.47
0.07 94.06 23.99 1.35
0.06 93.79 26.28 1.17
64.89 93.78 22.48 2.33
0.72 93.81 24.82 1.2
0.03 93.79 27.96 1.75
1.37 93.76 27.47 1.64
0 93.78 26.75 2.86
0.01 93.92 25.17 2.52
5.23 94.2 21.09 1.64
1.04 94.4 22.35 2
0.7 94.35 22.14 2.48
37.44 94.1 21.97 1.48
128.8 94.12 20.66 1.38
348.63 94.4 19.92 1.35
1.72 94.67 22.27 0.81
0 94.58 24.12 2.31
74.7 94.12 22.6 2.47
3.6 93.88 25.14 2.72
0.78 94.12 26.38 2.29
1.07 94.09 27.55 2.35
5.92 94.18 26.46 2.47
49.03 94.14 24.04 1.91
0.41 94.38 24.83 1.43
0.67 94.47 26.01 1.56
16.03 94.48 27.11 1.17
3.57 94.61 27.66 1.47
0.23 94.46 28.3 1.89
6.96 94.38 27.59 2.65
50.45 94.02 26.8 2.27
399.92 93.63 25.72 2.47
9.95 93.69 21.36 1.13
45.41 93.62 25.43 1.02
217.23 93.97 21.65 1.34
0 94.57 20.94 1.91
0.01 94.45 22.65 1.28
3.85 93.68 25.28 3.15
42.4 93.95 22.97 1.8
30.82 94.34 22.28 3
0 95.09 20.19 1.57
27.67 94.69 20.18 1.32
60.19 93.99 22.58 2.01
30.87 94.08 22.81 2.07
0 94.29 21.65 1.87
0 94 24.9 2.49
48.45 93.74 25 1.92
1.47 93.62 26.71 2.15
7.05 93.53 24.48 3.44
0 94.06 22.36 2.99
0 94.4 22.1 1.67
12.15 94.39 22.94 1.88
4.14 94.54 23.29 2.17
91.8 94.72 22.72 1.82
0.36 95.04 22.63 1.69
118.98 94.94 18.49 1.55
67.99 94.9 19.04 1.28
0.67 94.88 20.21 1.25
0 94.8 22.47 1.69
0.05 95.05 21.72 1.85
1.11 95.28 21.55 1.33
0 94.98 20.9 1.52
0.47 94.77 19.37 1.57
25.01 94.37 20.26 1.47
2.05 94.47 20.47 0.9
0.33 94.51 22.03 1.75
7.34 95.04 19.76 1.66
9.28 95.18 20.79 1.06
0.02 95.06 19.9 1.05
0 94.75 19.89 1.76
0 94.52 22.91 1.59
0.27 94.76 23.79 1.84
0 95.34 18.05 1.39
0 95.12 17.39 1.34
1.06 94.65 18.24 1.24
3.22 94.34 18.9 1.22
0.08 94.59 19.26 1.49
0 94.74 20.5 0.93
1.31 94.78 22.21 1.27
0 94.86 22.88 1.83
4.84 94.65 21.24 2.06
95.14 95.08 14.45 1.95
327.27 95.19 8.57 1.56
146.42 95.03 12.41 1.32
0 94.74 16.17 1.46
51.76 95.02 14.58 1.91
196.96 95.63 9.35 2.17
0 95.47 9.9 2.41
0 95.27 12.31 1.27
0.43 94.98 14.76 1.16
6.69 94.71 15.59 2.49
0.09 94.94 12.5 2.69
0 94.92 10.79 5.01
0 95.74 9.09 2.4
0 95.31 10.03 1.35
0.02 95 15.32 1.76
0.68 95.38 12.26 1.33
270.27 95.14 6.55 2.29
92.5 95.06 7.49 2
0 95.15 9.02 1.34
0 94.75 13.44 1.11
0 94.63 17.2 2.46
0 94.76 18.48 2.56
0 94.7 18.26 2.23
0 94.27 17.79 3.56
18.73 94.9 10.82 1.85
145.12 95.34 4.7 1.91
0 95.39 8.25 1.47
0 94.97 9.5 1.65
0 95.17 8.36 3.27
0 94.64 7.85 2.71
0 95.5 2.15 2.69
0 96.04 0.56 0.73
17.61 95.97 -0.57 1.31
67.74 96.04 0.26 0.91
0 95.88 1.52 1.01
0 95.32 4.21 1.37
0 95.01 8.92 1.23
9.2 95.25 8.38 1.95
1.75 95.8 3.33 3.2
0 96.14 -0.71 2.92
0 96.78 -1.53 1.95
0 95.94 1.01 1.38
0 95.83 4.56 2.19
0 95.83 5.62 1.15
0 95.9 5.77 1.31
0 95.73 6.24 2.01
0 96.26 1.97 3.31
0 95.76 1.44 1.82
0 95.35 5.35 1.4
0 95.45 4.52 1.18
0 95.12 6.83 1.72
0 94.83 7.44 1.28
4.98 95.03 2.81 1.85
0.14 95.52 0.07 3.42
0 95.16 -1.14 1.44
0 94.7 0.47 1.14
11.01 94.22 0.73 4.04
1.17 94.62 -0.83 1.76
0.34 95.65 -1.64 4.43
0 96.61 -5.11 2.82
0.02 95.91 -2.97 2.37
0 95.29 0.42 1.42
0 95.18 1.47 1.88
0 94.87 5.17 3.13
0 94.42 3.27 2.34
0 94.18 6.04 1.84
0.15 94.36 2.06 3.94
0 95.1 -2.4 2
0 94.92 -2.07 1.77
0.01 95.2 -2.06 4.34
0 95.47 -6.25 2.89
0.32 94.61 -5.91 2.57
0 94.99 -7.69 6.54
0.18 95.14 -7.91 1.13
0.06 95.02 -6.85 1.24
0 94.65 -3.01 1.93
0.02 94.27 -4.04 1.79
0.03 94.87 -8.18 3.62
0 94.89 -5.2 2.14
0 93.89 3.79 2.34
0 95.34 -3.2 2.65
0 95.85 -5.77 3.26
0 94.58 -5.21 2.52
0 94.56 -7.07 1.21
0 93.98 -4.89 1.56
2.64 93.94 -9.44 3.72
0 94.9 -12.7 1.53
0.81 95.31 -14.84 1.62
0.02 96.01 -15.78 2.76
0 95.89 -16.57 3.46
0 95.59 -15.73 3.24
0 94.27 -8.45 3.83
0 94.15 -6.77 1.25
0 94.2 -4.16 1.84
0 94.47 -2.44 2.47
0 94.72 -0.65 1.92
0 94.47 -7.48 1.4
0.14 95.05 -11.27 2.76
0 96.3 -17.34 2.65
0 96.24 -15.86 3.51
0 95.35 -14.76 3.46
0 94.25 -12.06 2.78
0 93.94 -9.22 2.12
0 94.59 -12.14 3.25
5.22 94.83 -12.85 1.81
0.02 95.02 -13.09 4.54
0.08 95.56 -11.37 4.94
0 95.49 -11.7 3.49
0 95.63 -12.66 2.85
0 95.25 -13.2 0.7
0.01 94.84 -13.04 1.36
0.02 95.02 -11.63 5.38
0 95.62 -10.28 4.49
0.01 94.93 -7.89 1.65
0.13 94.83 -9.82 3.92
0 95.36 -13.9 4.36
0 94.61 -11.2 3.16
0 94.18 -12.91 3.93
0 94.31 -12.58 2.06
0 94.34 -11.18 3.58
0.02 95.32 -15.71 3.5
0 95.73 -17.91 3.38
0 95.54 -15.01 2.77
0 95.37 -14.18 2.53
0 95.1 -14.67 3.18
0 95.07 -14.69 3.78
0 94.98 -12.59 2.2
0 94.8 -12.89 1.44
0 94.81 -13.55 3.56
0.03 95.07 -15.1 3.56
0.01 95.21 -14.48 1.62
0.02 95.39 -14.88 2.28
0 95.8 -15.39 1.61
0 96.09 -14.17 3.21
0.01 95.64 -14.29 3.63
0 95.36 -15.28 3.9
0 95.14 -10.95 4.21
0 94.78 -3.86 2.71
0 94.48 -4.84 1.88
0 94.42 -7.87 1.52
0 94.26 -6.15 2.21
0 94.53 -5.67 2.45
0.02 93.64 -3.16 5.43
0.01 94.29 -3.51 2.74
0 93.96 -6.72 2.16
0.32 94.14 -7.91 3.46
0.04 94.9 -11.1 1.86
0.41 94.87 -10.23 0.86
2.93 95.15 -13.74 4.07
0 95.26 -12.77 2.16
0.06 95.18 -12.12 1.87
0.04 95.11 -11.97 1.43
0 94.37 -3.19 3.03
0.84 94.41 -5.24 1.87
3.98 94.87 -5.17 2.74
0 94.82 -3.99 1.99
0 94.71 -0.24 1.83
0 94.99 -0.59 1.64
0 94.58 1.88 2.23
0 94.1 2.74 3.83
5.87 93.94 0.78 1.96
0.11 94.67 -4.38 2.8
0 95.27 -4.83 1.64
4.96 94.65 -1.95 4.68
0.23 95.54 -9.56 3.49
0.02 95 -8.23 3.21
0 94.67 -7.17 3.66
0 94.66 -6.98 2.34
0 94.79 -4.5 3.42
0 94.43 -0.61 2.01
0.06 93.96 1.49 2.69
0 94.79 -2.01 3.57
0 94.51 -1.8 4.81
0 94.56 -4.33 4.8
0 94.88 -2.21 4.12
0 94.65 -0.4 4.24
0 93.99 2.57 3.03
0 93.31 7.43 2.26
0.01 94.08 2.18 4.44
0 95.18 -2.52 3.85
0 94.87 -5.67 4.4
0 94.62 -3.61 3.32
0 93.99 3.56 3.25
0 93.71 4.48 5.27
0 94.11 1.74 4.33
0 94.32 -1.16 2.22
4.2 94.91 -4.22 4.61
0 94.98 -3.07 3.46
0 94.71 -2.23 2.64
0 94.87 -2.83 5.01
0 96.15 -0.74 2.84
0 96.12 0.77 3.2
0 95.96 2.77 3.23
0 96.23 2.63 1.98
0 95.89 7.3 3.43
0 95.56 8.12 2.17
0 95.17 10.5 4.66
0 96.49 1.68 4.06
0 96.39 2.05 2.34
0 95.93 5.97 2.84
0 95.83 7.73 1.18
0 94.52 10.2 2.39
0.03 93.77 10.61 5.75
1.01 94.17 7.71 5.31
0 94.14 8.1 4.04
0 94.04 8.22 3.32
0.42 94.69 5.03 3.68
0 94.36 9.31 3.74
0 93.77 14.61 3.67
0 93.89 13.58 1.52
0.01 93.14 16.33 3.44
0 94.02 10.22 5.78
0 93.66 12.35 4.42
0.69 93.75 7.99 7.49
0.21 94.41 6.76 5.2
0 94.18 9.49 2.05
0 93.65 13.54 4.27
58.85 94.41 6.95 2.09
3.17 94.28 6.01 1.95
17.82 94 4.59 3.23
8.07 93.57 5.86 3.84
0.03 93.15 8.46 1.75
2.89 93.18 9.59 3.13
1.75 93.86 7.11 2.88
0 93.34 9.62 1.21
27 92.71 8.8 1.72
1.58 92.69 9.3 2.03
0.41 93.61 13.41 3.64
0.18 93.86 10.89 4.61
0 94.19 12.49 2.89
0.96 93.71 12.74 2.86
122.29 92.91 9.24 3.03
0.07 92.99 11.07 4.22
0 93.52 13.26 3.38
0.57 93.46 14.98 3.87
5.53 93.31 17.08 3.26
0 93.58 18.21 2.66
0.11 93.26 16.06 5.42
0.34 93.18 12.3 6.02
0 93.38 14.83 7.04
0 93.48 16.15 4.95
0 94.06 12.57 3.26
0 94 13.67 2.31
0.01 92.87 17.59 2.2
13.81 92.66 19.4 3.64
11.28 93.87 13.05 2.96
4.22 93.95 11.35 3.28
0.3 93.8 12.73 4.63
0 93.67 17.51 3.43
0 93.78 18.49 2.92
0 93.92 21.07 3.31
2.77 93.82 20.42 4.48
5.45 93.76 18.78 5.53
0.01 93.61 19.91 2.71
0.49 93.43 23.36 5.09
5.35 93.53 22.47 2.86
38.86 93.14 18.39 3.45
4.66 93.08 17.31 3.34
0.02 93.5 19.7 3.3
7.69 93.19 20.53 6.2
1.34 93.35 18.74 4.2
0.31 93.61 19.38 1.81
0.6 93.46 23.08 1.71
4.51 92.82 24.43 3.03
8.25 92.56 22.09 2.77
6.22 92.81 21.9 2.2
0 93.24 22.61 2.6
35.57 93.2 20.46 1.99
167.73 93.34 15.63 2.96
3.07 93.54 19.51 1.94
2.77 93.55 21.44 1.17
85.94 93.33 20.41 2.09
32.98 93.32 18.66 2.04
129.89 93.52 17.35 1.94
0.22 93.7 20.3 1.95
0 93.61 24.15 1.12
0 93.44 26.49 1.71
0.03 93.16 27.96 2.89
0 93.1 27.56 2.82
11.24 92.88 22.18 2.17
33.27 93.21 15.6 2.55
0.48 93.87 18.8 2.8
0 94.2 20.65 1.43
1.79 93.65 22.39 3.26
2.83 92.93 23.41 2.87
23 93.05 24.87 2.78
0.01 93.19 25.31 3.11
43 93.1 24.16 2.52
50.95 93.23 22.24 1.24
0.19 93.15 23.58 2.38
0 93.28 23.61 2.65
0 93.4 25.48 2.97
47.67 92.88 22.57 2.58
0.32 92.61 24.96 3.63
82.3 92.68 17.61 1.83
14.94 92.72 18.35 2.77
13.07 93.41 20.91 1.85
23.83 93.55 22.94 2.31
7.45 93.61 24.01 1.85
2.86 93.63 23.8 2.29
1.42 93.45 24.25 1.18
28.79 93.59 21.61 1.77
6.5 93.55 22.03 1.65
52.5 93.4 21.16 1.67
11.47 93.48 20.69 1.25
58.26 93.55 21.36 1.45
437.69 93.43 19.8 2.47
42.1 93.3 20.85 1.42
46.67 93.21 21.99 1.98
4.6 93.2 22.95 2
0.05 93.27 25.46 1.31
22.99 93.23 26.06 2.1
373.89 93.05 22.29 2.12
40.89 93.01 22.2 2.57
3.54 93.18 23.07 1.89
0.2 93.42 24.62 1.27
121.58 93.62 20.84 1.78
33.01 93.26 21.01 1.53
0.03 93.32 23.46 1.82
0.1 93.45 24.2 2.15
0.22 93.8 23.18 2.13
0.02 93.38 23.81 2.01
0 93.36 24.07 1.53
0.02 93.57 24.31 1.5
4.04 93.53 23.76 1.3
2.74 93.57 23.9 1.73
3.24 93.27 23.7 1.6
2.85 93.37 25.41 2.13
0 93.77 24.46 1.23
0 93.59 26.15 0.98
0 93.3 26.33 1.72
17.95 93.06 25.79 1.67
117.73 93.47 20.32 1.95
236.52 93.51 17.77 2.01
5.01 93.52 20.87 1.35
5.02 93.66 20.5 1.29
0.03 93.94 21.16 1.71
0.05 94.05 22.13 1.1
0 94.05 23.11 1.24
0.3 93.92 23.1 1.25
7.92 94.17 21.06 1.62
0 94.14 20.48 1.39
32.66 94.1 19.73 1.28
1.81 94.33 19.66 1.54
0.83 94.4 21.18 1.27
4.21 94.2 19.58 2.16
2.38 93.88 20.75 1.31
0.28 93.78 21.95 1.39
0 93.73 23.09 1.31
5.87 93.49 22.26 3.02
0.43 94.02 18.82 1.77
0 93.81 20.07 1.54
2.52 94.36 17.73 2.75
0.14 94.27 18.51 1.66
0 94.34 17.72 1.44
0 93.84 19.43 1.25
9.96 93.5 18.22 3.33
1.08 94.13 13.28 1.7
0.05 94.69 12.87 1.77
1.25 94.9 13.58 2.07
1.98 94.36 16.74 2.24
0.16 94.1 17.61 2.01
0.02 93.69 19.69 3.36
13.84 93.77 16.99 2.13
13.32 94.06 13.21 1.36
35.09 94.39 11.89 1.97
0 94.78 8.6 2.28
0 95.2 9.25 2.43
0 95.01 10.28 1.37
0 94.67 11.88 1.69
0 94.28 13.48 1.46
0 94.39 14.6 2.55
0 94.22 15.02 2.01
0 93.97 17.82 3.01
0.02 94.27 17.93 1.72
0.07 94.4 19.19 3.4
0.03 94.2 18.65 2.2
10.47 94.06 14.94 1.83
0.06 94.56 7.37 3.11
0 95.02 6.06 2.62
0 95.09 6.68 3.08
0 95.54 7.85 3.81
0 95.18 9.34 1.48
0 94.49 11.2 2.33
0 93.95 11.89 3.15
0 94.55 9.68 1.84
0 94.49 10.69 1.23
0 94.23 14.53 2.11
0.03 94.71 13.32 3.13
0 95.21 9.04 1.14
0 94.92 12.18 1.55
0 94.33 14.55 1.42
64.31 93.76 10.21 1.69
1.35 93.72 8.83 2.53
0.56 93.35 7.56 2.92
0.78 93.85 8.02 4.46
0 94.82 4.8 1.85
0 94.85 8.5 1.32
0 94.62 11.02 2.05
0.01 94.47 14.37 3.53
0 94.44 13.65 1.9
0.23 94.35 11.64 1.57
40.47 94.95 3.89 3.51
0 95.25 1.7 3.38
0 95.22 4.14 1.86
0 94.78 5.71 1.45
0.76 94.63 6.97 2.64
0 94.93 6.47 1.7
0 94.56 7.21 1.5
0 94.37 9.06 3.44
0 94.57 9.99 4.37
2.83 94.79 10.54 2.82
0.02 95.38 3.96 1.47
0.59 95.03 7.7 1.65
2.91 94.83 9.45 3.53
0.07 95.57 1.59 2.52
0.03 95.39 0.02 0.8
0 95.3 2.94 1.16
0 95.28 3.14 1.46
0 95.06 1.87 1.13
0 94.41 2.34 1.05
0 93.82 4.37 2.18
0 94.12 4.89 3.53
0.02 94.91 -2.63 2.67
0 94.98 -5.17 1.84
0 94.99 -4.33 1.45
0 95.26 -2.81 1.55
15.47 94.59 -0.38 0.65
1.64 94.45 -1.55 2.57
0.44 94.62 -5.96 3.56
0 95.06 -6.98 2.61
0 95.05 -4.36 2.09
12.04 94.73 -6.32 2.82
0.27 95.29 -7.95 2.68
0 95 -8.8 0.81
0.05 94.95 -6.85 1.4
0.44 94.33 0.31 2.47
0 94.42 -0.65 1.41
0 95.29 -4.46 1.99
0 95.81 -9.15 1.39
0 96.07 -8.7 1.86
0.06 95.3 -7.79 0.84
0.02 94.62 -5.31 1.05
0 94.82 -6.55 1.16
0 95.15 -8.66 0.77
0.33 95.35 -9.41 0.79
0.36 95.34 -7.09 0.68
0.32 95.63 -8.88 2.34
0.02 95.92 -12.44 3.46
0 95.51 -11.5 3.08
0 94.69 -6.55 5.7
0 94.78 -3.93 3.1
0 95.21 -7.08 1.8
0 94.48 -4.21 2.8
0 95.24 -10.09 4.6
0 95.43 -13.75 3.16
0 95.52 -12.31 4.13
0 95.3 -10.5 2.1
0 95.36 -10.5 2.3
0 95.26 -11.34 1
0 94.92 -10.33 2.15
0 94.89 -9.84 4.55
0 95.09 -11.83 2.96
0 94.65 -9.71 3.78
0 94.8 -13 2.11
0 95.3 -12.03 1.91
0 95.54 -10.25 2.21
0 95.08 -6.53 2.52
0 95.5 -11.26 1.45
0 95.78 -14.95 0.97
0.04 95.21 -12.63 0.52
0 95.05 -9.89 1.66
0.06 95.44 -11.49 1.99
0.18 94.84 -11.92 2.72
0.07 95.03 -12.9 4.46
0 95.23 -12.08 2.78
0 95.04 -11.15 1.71
0 95.84 -14.75 1.15
0.06 95.71 -14.94 0.74
0 95.31 -12.27 1.44
0 95.27 -13.3 0.84
0.05 95.34 -12.52 3.4
0 95.38 -12.61 3.08
0 94.56 -6.75 3.58
0 94.82 -8.56 2.66
0 94.74 -8.81 2.64
0 94.45 -10.38 0.69
0.03 94.32 -8.49 1.37
0.06 94.52 -12.44 1.02
0 94.65 -10.69 1.25
0 95.11 -11.65 1.18
0.01 95.79 -14.9 3.04
0 95.63 -18.37 3.38
0 95.26 -18 2.74
0 94.75 -17.2 2.22
0 94.62 -16.58 2.94
0 94.22 -13.96 3.51
0 94.34 -13.78 1.7
0 94.86 -15.45 1.47
0 95.08 -14.91 1.92
0 95.47 -15.69 1.65
0.02 95.07 -17.29 1.25
0.09 94.64 -16.95 4.25
0 95.42 -18.07 4.45
0 95.38 -16.17 2.98
0 94.43 -13.48 3.31
0 94.5 -10.06 2.71
0.05 93.96 -6.52 2.52
0.02 94.63 -14.14 5.1
0 94.8 -16.6 5.15
0 94.38 -13.24 5.66
0 94.56 -11.04 3.37
0 94.88 -11.24 3.27
0 94.94 -11.16 1.49
0 94.6 -8.71 3.14
0.02 94.36 -4.14 2.49
0.1 94.96 -9.53 3
0 94.88 -10.49 2.99
0.03 94.96 -12.34 3.42
0 95.09 -13.77 4.85
0 94.98 -10.58 3.69
0 94.38 -5.48 3.06
0 94.54 -9.14 2.42
0 94.27 -10.65 1.06
18.53 93.92 -9.27 2.21
0 94.85 -7.9 2.51
8.05 94.73 -6.88 2.23
0.01 95.16 -9.45 3.39
0 95.09 -8.39 3.03
0 94.54 -6.27 1.13
0 94.16 -1.93 2.57
0 94.35 -0.35 2.31
19.75 94.95 -4.74 0.9
0.2 95.14 -8.59 1.57
0.22 95.04 -6.9 1.43
0.05 94.4 -1.97 2.14
29.36 93.74 -4.62 1.89
25.77 93.82 -4.71 2.66
0.02 94.44 -4.75 4.23
0 95.15 -9.21 4.21
0 94.81 -9.18 1.88
0.13 94.74 -8.62 4.4
0 95.2 -8.59 4.09
0 94.87 -6.36 1.72
0 94.23 -2.21 3.2
0 94.77 -1.2 2.05
0 94.35 3.23 3.36
1.35 93.45 6.13 4.82
9.54 94.24 -3.67 3.88
13.87 95.04 -8.64 1.72
0 94.77 -2.67 2.4
0 94.71 -0.17 2.19
0 94.07 4.27 3.69
0 94.66 1.65 1.74
2.34 93.77 1.57 5.18
0 94.22 -1.05 6.09
0 94.65 0.12 3.52
0 94.34 5.28 2.47
0 94.58 8.07 3.63
0 94.69 9.76 3.68
0.16 93.72 9.47 8.53
0.32 94.37 0.27 5.23
0.2 94.37 -1.31 4.79
0 94.32 -0.47 2.06
1.08 94.24 1.06 3.12
0 93.88 3.79 4.9
0 93.72 4.17 5.38
0 93.97 2.99 5.3
0.11 94.3 3.75 2.36
0 93.8 10.69 3.84
0 93.99 9.97 5.41
0 93.83 13.18 3.38
1.91 93.61 13.56 6.3
1.32 93.99 7.25 4.66
0 93.42 11.89 3.54
0 93.26 14.21 3.17
0 93.25 15.42 3.18
4.9 93.96 8.23 4.14
0 94.17 8.49 2.5
0 93.23 16.66 4.58
0 93.29 19.1 4.19
1.97 93.64 15.61 4.61
7.64 94.16 13.74 3.76
0.59 93.63 13.07 2.7
0.08 93.01 14.6 1.81
0.3 92.94 18.52 4.26
223.47 93.51 12.26 3.48
53.91 93.45 8.98 4.67
0 92.8 11 3.51
0.1 92.54 10.84 7.96
0 93.73 9.24 3.1
0 93.72 13 2.74
0.3 93.47 18.1 3.94
0.27 94.09 16.17 2.57
16.51 93.59 17.25 2.28
0 93.63 20.74 2.08
0.26 93.82 19.98 2.63
0 93.87 17.63 3.06
0 93.51 17.34 2.36
4.18 93.5 16.15 2.01
0 93.72 18.27 2.18
0.03 93.92 20.32 2.48
3.96 94.2 19.33 3.03
105.63 94.18 13.32 1.83
15.09 93.64 13.86 3.03
20.17 93.41 10.42 2.57
1.16 93.39 11.45 4.48
0.01 93.15 11.63 3.69
3.02 92.91 12.09 5.72
0.01 93.36 15.72 1.3
0 93.23 22.75 4.01
2.44 93.84 19.96 2.93
2.36 94.16 18.12 1.85
0.08 93.99 20.41 4.32
1.49 93.72 19.78 4.25
1.03 93.87 17 3.21
0 93.87 16.83 3.31
0 93.66 18.1 2.5
0 93.33 19.7 2.67
0 93.76 20.45 2.51
0 93.85 23.14 2.57
6.86 93.89 20.46 2.56
52.7 94.33 14.39 2.86
0.12 94.39 16.66 1.46
10.12 93.91 17.05 3.17
5.8 93.7 16.12 3.43
28.7 93.45 15.63 2.28
12.48 93.18 18.85 4.06
0.4 93.4 20.75 2.11
1.92 92.95 19.94 2.69
7.23 92.84 22.19 2.11
21.04 92.82 22.43 2.26
21.08 92.68 21.65 3.5
8.91 92.84 17.32 3.46
2.38 92.53 16.05 3.3
19.6 92.64 16.19 2.97
265.31 93.28 13.03 2.2
321.26 93.5 13.65 2.03
248.09 93.51 14.97 3.03
6.74 93.35 18.87 1.66
3.34 93.25 21.79 1.7
2.34 93.44 21.66 1.72
6.42 93.18 21.24 1.62
15.45 93.22 21.3 1.6
1.34 93.37 21.49 1.25
28.86 93.32 21.09 1.45
0.33 93.06 22.48 1.87
58.25 93.1 21.85 2.21
32.88 93.46 20.64 2.67
9.72 93.82 22.71 1.96
0.91 94 23.04 1.69
1.65 93.72 20.69 1.87
31.02 93.3 21.54 2.14
0 93.19 23.73 2.25
0.77 92.79 24.59 4.52
1.73 92.85 22.69 4.3
0.99 92.83 22.35 2.87
0.03 93.18 23.22 1.55
0.69 93.3 23.11 1.51
0.45 93.2 23.43 1.55
14.12 93.16 23.91 1.69
30.4 93.15 25.16 2.1
8.6 93.19 25.52 1.97
133.15 92.81 21.59 1.84
28.74 92.64 19.04 2.94
85.97 93.03 18.3 3.51
12.77 93.54 20.13 2.5
0 93.54 21.02 1.82
0 93.56 22.49 1.37
0 93.77 24.46 1.19
0 93.83 25.11 2
0.04 93.65 25.15 2.4
1.44 93.54 25.23 1.46
4.05 93.48 25.17 1.69
32.65 93.4 23.7 1.24
318.02 93.03 21.54 3.38
0 93.5 22.99 1.17
0 93.68 23.92 1.73
3.17 93.59 24.25 1.89
26.51 93.2 25.76 4.23
0.85 93.63 23.96 1.68
86.03 93.12 22.69 2.06
7.19 92.88 23.54 4.34
0.14 93.51 21.9 1.12
26.88 93.8 19.84 1.53
92.8 93.98 18.74 1.74
59.59 93.91 19.48 1.24
5.8 93.91 21.92 1.59
33.78 93.98 21.76 1.7
0 94.15 23 1.12
0 93.97 24.07 1.16
0 93.56 26.08 2.11
5.23 93.5 24.46 1.8
1.46 93.78 23.24 1.18
0 93.6 24.59 1.52
11.9 93.71 20.2 2.47
29.13 93.76 17.42 2.19
0.49 93.86 19.57 1.43
1.77 93.52 19.04 1.99
9.65 93.61 21.1 1.94
0 93.93 22.03 1.59
0.03 93.49 23.36 3.26
107.03 93.55 23.06 2.4
0.8 93.66 20.61 1.61
4.12 93.63 19.82 2.68
3.25 94.21 16.43 1.93
0.02 94.35 16.23 1.94
0 94.06 21.09 2.49
0 94 22.4 1.96
0.25 93.86 22.82 2.6
1.2 93.92 22.23 1.11
3.88 93.81 21.78 1.71
0.6 93.42 22.77 2.04
0.36 93.56 23.53 2.93
0 93.77 24.85 2.09
0 93.9 25.28 2.59
0.43 93.92 24.97 1.88
239.06 93.89 15.74 3.19
8.8 94.24 13.6 2.52
0.14 94.27 12.45 2.25
0.74 94.35 16.21 1.66
0 94.26 19.76 1.92
8.05 94.38 18.16 1.38
0.39 94.31 17.21 1.1
0 94.24 18.79 0.96
0 94.16 21.01 1.22
21.53 93.84 19.36 2.66
116.66 93.89 12.68 4.25
0.25 94 11.42 3.04
0 94.38 14.13 1.36
0.03 94.85 14.3 0.98
0 94.95 13.8 1.26
0 94.34 14.38 2.51
0 93.85 16.42 3.14
0.07 93.8 16.08 1.79
0 94.01 17.93 1.8
1.35 93.92 18.39 2.45
0.53 93.96 17.4 1.29
1.21 94.31 15.75 1.42
0.19 94.58 15.67 1.25
28.85 94.45 14.31 1.94
0.7 94.7 14.31 1.64
34.36 94.32 9.99 1.53
29.59 94.34 9.93 7.57
0.36 94.52 11.17 3.48
0 94.5 11.82 1.85
0 94.32 12.98 1.56
0.38 94.12 14.46 2.32
0.42 93.99 13.31 3.46
0 94.12 13.4 2.6
0 94.67 10.7 1.94
0 95.05 11.84 1
0 94.9 14.08 1.45
0 94.38 16.45 2.94
12.34 93.99 12.55 3.61
0 94.49 8.94 2.62
0.02 94.08 10.88 2.45
0 93.92 13.08 2.61
0.05 94.33 8.21 4.1
0 94.72 6.81 2.37
0.01 94.81 7.12 2.08
16.25 94.17 9.23 4.13
0 94.21 4.24 4.09
0 94.33 5.85 2.85
0 94.14 7.77 2.16
0 94.57 6.77 1.17
74.2 94.84 1.29 1.12
90.53 94.29 1.92 1.7
0 93.97 6.44 2.11
0 93.72 9.82 4.07
0 94.35 8.76 2.02
0 94.36 11.46 2.37
3.51 94.26 10.35 3.24
0 95.17 2.61 1.32
1.93 95.05 -0.43 2.58
0.03 94.62 -0.47 2.6
0.01 94.47 -0.75 2.29
0 94.41 2.1 1.47
0 94.61 0.43 2.05
3.99 94.72 -0.96 1.51
196.12 94.43 -1.75 29.03
61.05 94.63 -1.11 3.14
0 94.6 -4.1 0.59
0 94.27 -1.36 1.97
0 94.51 -1.19 1.11
0 94.91 -2.99 0.89
58.24 94.61 -2.94 0.66
97.78 93.37 -2.84 5.79
0.09 93.82 -4.69 3.45
0 93.89 -6.76 4.8
0 94.66 -4.97 2.8
0 94.91 -6.63 0.75
20.85 94.42 -3.07 0.97
0 94.33 -5.01 26.28
0 93.99 -5.36 3.52
0.01 94.6 -3.49 3.43
0 94.64 -4.89 1.68
0 94.31 -2.76 2.14
5.53 94.82 -6 2.04
0 94.7 -7.33 2.58
0 94.16 -5.92 2.17
0 94.13 -3.23 4.01
0 94.2 -7.98 3.11
0 93.25 -4.53 3.65
0.02 94.04 -7.21 4.78
0.01 94.58 -9.83 2.53
0 95.27 -13.73 2.31
0.1 94.87 -14.79 1.33
0.1 93.8 -5.16 3.41
0.55 94.04 -8.39 4.25
0 94.29 -11.32 2.26
0 94.32 -13.6 3.65
0 94.25 -15.27 3.25
0 94.43 -16.79 2.97
0.01 94.44 -17.9 3.85
0 94.58 -11.56 3.93
0.03 95.18 -14.37 1.38
0.01 95.33 -14 0.75
0.04 94.73 -11.87 1.92
0.01 94.8 -8.78 1.48
21.53 94.91 -11.72 0.79
0.5 94.68 -10.46 0.92
0.82 95.03 -12.74 1.15
0 95.39 -13.59 4.03
0 95.45 -15.77 2.02
0.01 94.9 -15.13 0.81
0.1 95.01 -12.84 27.94
3.26 95.04 -11.04 3.79
0 95.48 -16.58 2.73
0 95.25 -20.21 2.77
0 94.41 -18.12 5.13
0 95.56 -19.38 2.14
0 95.27 -18.97 1.04
0 94.72 -13.68 1.25
9.15 94.74 -15.46 0.72
16.91 94.78 -13.26 4.28
0 94.39 -15.5 3.86
0.02 93.85 -15.1 2.49
0 94.31 -18.77 4.17
0 95.4 -19 3.99
0 95.97 -16.05 2.59
0 95.03 -16.82 0.97
0 94.88 -14.37 1.63
0 94.75 -15.06 1.29
0 94.67 -15.25 1.32
0.02 95.07 -17.29 1.79
0 94.88 -15.06 2.5
0 94.73 -14.93 1.07
0.46 94.4 -13.56 0.59
0 94.48 -12.08 1.74
0 94.47 -13.61 0.71
0 94.94 -10.67 2.07
1.13 94.65 -14.06 1.29
0 95.38 -14.95 2.24
0 95.62 -11.74 2.26
0 94.65 -6.39 2.24
0 95.16 -10.16 0.84
14.91 95.17 -9.9 0.89
1.42 95.26 -10 1.37
0 94.98 -14.18 1.04
0.01 93.87 -7.6 3.05
0.02 94.46 -14.36 4.47
0 94.5 -15.94 1.43
0.06 94.82 -15.13 1.16
0.02 94.71 -11.32 1.66
0 94.32 -6.37 1.06
0 94.57 -7.25 1.02
0.02 94.47 -5.47 1.41
0.73 94.4 -6.42 1.87
0.26 95.06 -8.71 4.01
0 95.12 -10.92 2.84
0.59 94.11 -9.89 3.45
0 94.9 -10.08 2.84
0.01 94.45 -7.91 2.11
1 94.77 -15.8 4.14
0 95.56 -18.71 4.44
0 95.41 -17.34 1.42
0.31 94.57 -12.62 2.19
0 95.19 -13.61 2.02
0.03 95.21 -13.13 1.75
0 94.51 -7.86 93.94
0 94.32 -5.09 3
0 94.95 -9.94 2.63
0 94.87 -10.7 1.33
0 94.12 -6.7 2.44
0.01 94.17 -6.14 4.13
0 94.88 -12.08 4.28
0 94.99 -13.4 2.42
0 94.95 -12.21 1.83
0 94.82 -8.14 3.75
0 95.06 -7.77 3.23
0 95 -5.23 1.43
0 95.14 -7.54 1.83
4.94 94.92 -7.82 1.76
0.13 94.1 -0.41 3.45
0 94.04 0.65 2.88
0.07 93.52 -3.04 6.34
0 95.31 -8.81 5.35
0 95.27 -6.17 1.56
0 94.24 -0.25 3.9
0 94.58 1.42 2.21
0 93.97 5.54 3.21
0 93.93 3.68 1.85
0 93.31 5.31 2.38
0 93.22 -0.89 2.17
0 93.37 -3.75 5.78
0 94.73 -1.18 1.82
0 94 4.92 4.03
11.98 94.02 -0.43 3.84
0 95.16 -6.7 4.09
0 94.61 0.19 3.1
0 94.21 5.3 3.09
0 94.59 5.4 3.26
0 93.2 7.72 4.05
0.59 93.29 -2.92 4.03
46.49 94.07 -8.68 2.15
0.12 94.43 -7.93 2.65
0 93.18 1.08 6.36
0 94.19 -3.74 2.45
21.51 93.88 -6.06 3.8
0 94.58 -5.56 2.63
0 94.41 -2.59 1.5
0 93.42 4.33 4.13
1.05 93.68 0.62 4.66
0 94.5 -1.74 4.16
0 94.72 -2.75 2.34
0.26 94.56 -0.5 1.67
20.56 94.29 0.61 2
128.67 94.47 -0.28 2.76
0 93.93 3.53 2.54
0 94.03 4.78 2.74
15.53 94.18 -1.7 2.42
66.85 94.45 -1.9 3.28
0 94.2 -1.07 2.44
0.27 93.28 1.64 2.93
26.4 93.33 -0.06 3.98
2.46 94.32 -0.61 3.96
1.03 94.15 0.92 4.33
0 94.2 1.76 3.67
0 93.71 8.48 3.64
0.14 93.29 6.28 4.72
0 93.52 2.36 5.45
0 93.25 3.48 2.47
7.18 93.57 3.06 3.2
69.67 93.85 0.41 2284.35
2.12 94.85 -0.09 5.36
0 94.85 1.63 2.43
0 94.52 4.94 3.19
0 94.16 8.31 2.06
0.15 93.58 12.31 5
95.28 93.7 6.23 2.21
0.27 93.63 7.37 3.91
0.01 93.72 8.29 5.8
0 93.75 9.91 1.69
0 93.66 13.84 2.31
1.24 93.46 12.38 3.55
0.06 93.74 11.33 6.48
0.16 94.22 10.7 6.17
0.12 94.27 10.9 2.04
0.62 94.12 12.28 2.49
1.52 94.32 12.76 2.07
0 94.02 17.33 2.62
0 94.27 20.81 1.43
0 94.19 22.11 2.67
0 94.18 22.27 3.14
0.09 93.89 22.74 4.84
22.97 93.6 14.08 2.22
21.34 92.76 14.26 4.25
0 92.41 17.46 5.53
0 92.97 16.34 3.03
0 92.95 19.06 2.69
0.23 93.64 15.88 5.13
0 94.52 15.79 2.43
0 94.37 17.54 2.24
0.68 93.71 19.21 3.09
0 93.16 20.63 3.48
16.51 92.57 15.85 6.35
0 92.55 17.77 4.66
0 92.97 19.31 2.63
0 93.81 19.95 2.36
5.94 93.57 24.89 4.33
0.61 94.22 17.93 2.3
0 93.78 21.24 2.27
0.59 93.47 22.53 3.59
0.73 93.28 20.44 4.32
0.62 93.13 19.72 3.26
0 93.44 18.72 4.7
0 93.23 23.8 3.46
0.02 92.84 25.86 4.14
0 93.56 19.89 2.52
2.61 93.22 18.82 3.45
0.02 93.55 18.63 3.71
4.88 94.08 17.78 2.52
9.8 93.9 19.61 1.97
11.22 93.69 19.9 3.42
1.83 93.53 22.32 2.94
0.5 93.4 22.52 3.87
95.47 93.82 16.09 1.94
0.62 94.04 17.48 1.61
3.72 93.77 15.89 2.28
1.17 93.51 17.56 1.68
0.02 93.53 23.14 3.54
0.16 93.52 24.55 3.93
3.08 93.44 25 2.81
254.01 93.5 18.44 2.87
3.65 93.19 20.93 1.59
48.25 92.89 20.23 1.88
0.17 93.23 23.32 1.71
0 93.75 23.27 2.26
0.02 93.91 23.92 1.9
1.3 93.63 22.21 1.31
11.06 93.3 21.83 1.52
116.27 93.13 21 2.07
41.7 92.85 21.62 2.28
302.28 92.61 19.62 1.62
82.55 92.78 21.61 3.1
112.61 93.19 20.53 2
65.48 93.18 22.57 2.77
19.71 93.12 23.6 3.79
34.7 92.92 23.54 2.15
127.34 92.55 22.35 2.68
0.02 92.52 24.13 3.73
1.06 92.54 24.1 2.6
0.35 92.88 24.45 2.34
0.78 93.04 24.52 2.21
5.27 92.82 26.12 3.8
26.59 93.16 24.2 1.88
37.99 93.38 22.2 1.83
0.46 93.6 22.86 1.45
0.33 93.58 22.56 1.15
8.35 93.54 22.93 2.29
23.57 93.72 22.14 2.05
0.04 93.68 24.69 1.46
194.78 92.98 21.89 1.46
50.68 92.87 22.63 3.25
0 93.4 23.58 2.28
0.11 93.25 22.94 2.2
141.14 93.25 20.43 2.75
1.94 93.46 21.31 1.6
0.18 93.43 23.87 1.5
47.45 93.28 23.51 2.31
15.94 92.88 23.64 2.19
0.39 92.98 23.49 3.02
0 93.3 24.1 1.78
0.02 93.28 25.15 1.55
72.01 93.06 22.59 1.28
2.19 93.02 24.92 2.19
0.28 92.95 24.82 1.38
0.76 92.75 26.33 1.39
6.05 92.84 26.34 1.65
6.18 93.11 25.67 2.59
0.19 93.35 26.04 2.64
0.84 93.16 25.84 2.75
21.78 92.82 26.28 2.85
6.9 92.68 25.78 2
12.75 92.81 26.17 2.79
6.92 93.12 26.03 2.68
4.98 92.9 26.42 2.41
13.34 93.1 23.76 1.88
0.66 93.47 25.77 1.36
2.85 93.54 27.4 2.98
16.93 93.24 25.23 3.03
1.83 93.26 25.88 3.06
25.63 93.2 26.39 1.98
2.83 93.29 25.54 2.03
314.25 92.74 24.23 1.46
0.03 94.82 25.31 2.85
0 93.8 21.75 2.86
0 94.05 21.32 1.92
1.54 94.01 20.4 0.97
0.98 93.56 23.84 2.4
0.11 93.74 22.69 2.31
0 93.95 22.5 1.76
0.01 93.94 22.69 1.29
12.84 93.64 21.91 1.47
3.24 93.76 19.02 2.06
11.81 93.64 19.23 1.68
150.96 93.04 18.58 1.3
33.68 93.35 14.15 3.33
0.07 93.98 15.73 2.57
69.8 94.05 16.14 2.03
0.46 94.3 14.97 1.84
1.92 94.45 15.43 1.45
0 94.53 15.69 1.31
1.93 94.4 16.66 1.54
173.3 94.37 13.76 1.85
55.25 94.42 13.69 1.09
1.54 94.47 15.92 1.03
1.08 94.4 17.69 1.37
3.59 93.93 18.12 1.67
0.04 94.04 17.53 1.28
0 94.06 17.18 2.52
1 93.83 20.38 2.77
11.06 93.18 19.58 3.7
0.1 93.58 18.9 3.67
0 94.19 13.8 1.87
0.55 93.85 16.38 1.55
1.93 94.46 15.95 1.68
8.72 94.86 14.25 0.7
5.75 93.89 19.58 3.32
0 94.35 17.96 1.57
0.01 94.31 18.81 1.31
0.59 94.17 18.43 2.88
15.79 94.59 12.27 3.34
0 94.81 8.6 2.47
0 94.62 10.82 1.99
0 94.25 12.08 2.1
0 93.57 18.09 3.58
0 93.67 16.77 2.89
0 94.64 12.67 1.45
0.77 94.5 13.74 1.74
132.83 94.55 10.84 2.25
0 94.64 10.71 3.23
0 94.4 9.29 1.76
0 93.71 17.71 4.18
0 94.81 13.14 1.11
0.01 94.73 15.43 2.37
0.02 95.06 12.23 2.33
0.13 94.52 11.3 1.89
0 93.53 15.78 3.22
4.18 93.65 13.11 4.56
0 94.07 10.37 3.82
0 94.57 11.6 1.75
10.53 94.53 11.37 2.79
1.01 95.45 3.42 5.2
0 95.43 2.79 1.06
0 95.03 7.37 1.34
0 95.02 7.07 1.21
0 94.79 11.36 3.05
54.73 95.02 9.19 1.52
0.52 95.07 6.96 2.04
0 94.9 5.87 1.23
42.86 94.75 5 2.18
15.8 94.7 1.02 2.36
0 94.9 3.84 3.99
0 95.18 5.75 2.97
0 94.7 4.76 1.33
0 94.14 7.65 2.14
1.49 94.72 5.93 1.65
1.7 95.25 4.27 2.83
0 95.16 3.89 1.87
0 95.28 4.54 0.79
0 95.02 4.47 1.31
0.78 94.48 8.97 2.49
0.63 94.82 7.27 3.49
0 95.14 5.54 1.82
0.01 94.38 6.77 2.66
0.11 93.99 5.74 4.16
0.01 94.36 2.73 2.91
0 94.42 2.47 2.37
0.03 95.02 1.51 3.57
0 94.95 -1.77 4.33
0 95.01 1.25 2.5
0 94.91 1.77 1.79
0 94.28 1.8 2.28
0 94.07 2.91 3.62
0 94.03 3.02 2.27
0.09 94.22 1.58 3.79
0.01 94.58 -3.56 4.81
0.02 94.8 -4.02 6.5
0 94.69 -3.9 4.14
0 94.72 -1.97 2.84
0 94.91 -2.96 0.93
0 94.66 1.54 1.97
0 94.38 1.57 2.14
0.01 94.07 -0.53 2.31
0 93.9 -4.29 5.1
0 94.03 -7.68 3.78
0 94.25 -10.64 7.14
0 94.44 -5.47 3.84
0 94.05 0.79 3.47
0 94.71 -2.59 2.27
525.68 94.44 -0.26 3.32
525.68 94.22 -0.3 1.39
525.68 94.49 2.38 2.49
525.68 94.53 1.54 2.69
525.68 94.71 -1.49 2.85
525.68 94.28 -1.98 0.99
525.68 94.36 -4.65 1.38
525.69 94.36 -4.35 2.47
525.69 94.58 -6.28 3.07
525.78 94.03 -8.13 3.32
525.81 94.02 -9.02 2.17
525.68 94.18 -12.08 4.48
525.68 94.47 -11.77 2.83
525.68 94.85 -8.79 3.32
525.68 95.42 -8.12 1.61
525.68 95.39 -10.03 1.45
526.47 95.67 -12.57 2.39
525.77 95.29 -13.8 2.74
525.75 95.18 -12.52 2.77
525.68 95.57 -11.62 1.93
525.68 95.6 -10.54 1.11
525.68 95.3 -10.2 0.85
525.68 95.48 -9.43 1.14
525.68 95.37 -9.57 0.83
525.71 94.84 -6.56 3.03
525.71 95.32 -10.49 4.1
525.68 94.99 -11.01 1.5
525.68 94.51 -10.56 2.96
525.68 93.79 -5.71 4.23
525.68 93.62 -4.82 3.85
525.68 93.24 -3.37 4.65
525.68 93.67 -3.69 3.1
525.68 93.92 -2.79 3.36
525.68 94.54 -4.83 2.63
526.85 94.42 -7.59 1.82
527.29 94.7 -9.06 1.85
525.69 94.35 -6.91 2.93
525.68 94.94 -7.24 2.26
525.68 95.36 -14.48 3.01
525.68 94.95 -13.8 2.59
525.68 94.97 -11.32 2.44
525.68 95.07 -10.05 2.25
525.68 95.57 -12.89 1.64
525.68 95.29 -13.03 1.58
525.68 95.31 -10.99 2.01
525.68 95.13 -7.4 2.01
536.49 95.21 -10.65 1.57
525.68 95.11 -10.41 1.56
525.68 95.35 -8.12 2
525.81 94.35 -6.6 4.56
525.68 94.9 -10.52 4.03
525.68 95.05 -9.89 2.3
525.68 94.37 -6.12 1.78
525.68 93.55 -0.8 3.15
525.68 94.19 -3.45 1.96
525.68 95.11 -9.42 2.74
525.68 94.58 -7.04 4.1
525.68 94.07 -4.64 4.1
525.68 94.61 -7.15 3.8
525.68 93.3 -0.62 5.29
525.68 94.08 -7.27 3.46
525.68 94.17 -7.28 1.89
0.08 93.75 -4.4 2.05
0.02 93.81 -4.4 5.61
0 94.64 -13.2 3.92
0 94.8 -11.35 2.12
0 94.98 -12.21 1.44
0 95.25 -10.35 1.64
2.17 94.92 -11.19 1.37
14.11 95 -13 2.66
0 95.59 -15.28 3.06
0 95.37 -14.62 1.32
0 94.82 -11.85 1.25
0 95.48 -13.48 1.29
0 95.37 -13.03 2.09
0.06 94.58 -5.83 3.09
0 94.66 -6.28 1.88
0.03 95.26 -7 2.2
0 95.8 -10.08 1.5
0.6 95.32 -9.47 1.34
1.33 95.09 -9.72 1.94
0 94.98 -7.48 1.27
0 94.96 -4.43 2.21
0.14 95.52 -8.69 1.54
0.04 95.31 -5.85 1.16
0 94.84 -1.88 1.54
0 94.68 2.72 1.72
0.26 94.41 4.14 3.68
0.72 95.12 -3.88 3.93
0.03 94.78 -7.29 1.95
0 94.68 -5.64 1.54
0.31 94.61 -5.92 2.44
0.98 94.63 -6.55 1.92
2.57 94.95 -6.11 2.8
0 94.98 -7.39 2.92
0 95.14 -7.87 3.17
0 95.13 -6.08 2.48
0 94.67 -6.01 2.03
0 94.97 -5.44 2.21
0 94.39 -2.25 2.16
0 94.24 1.02 3.74
0 94.91 -2.06 4.49
0 94.49 -2.11 1.79
0 93.98 2.26 3.75
0 93.73 7.16 2.7
0 94.07 4.7 2.26
0 93.63 7.99 5.6
0 94.76 3.61 2.04
0.04 94.69 3.35 5.44
0 95 3.66 4.95
0 94.38 6.96 3.46
0 94.48 7.79 3.18
0 94.67 7.98 2.61
0 93.69 13.24 5.08
0 93.72 12.28 2.51
0 93.74 11.33 2.85
0 93.74 10.47 3.33
78.66 93.54 11.25 3.15
39.29 94.04 9.38 2.05
0 94.22 11.22 2.43
0.25 94.31 8.82 1.87
0 93.77 11.88 2.83
0 94.53 7.35 3.82
0 94.9 1.91 4.7
0 94.07 6.2 4.59
0 94.66 5.18 4.22
0 94.03 13.94 4.21
0 94.02 14.12 1.58
0 93.83 15.1 2.74
0 94.12 10.99 4.56
0 94.8 9 2.08
0.57 94.4 10.48 2.2
0.25 94.11 11.77 1.95
0 94.24 13.75 1.38
0 94.15 18.05 3.33
0 94.77 12.35 2.9
0 94.04 13.53 2.37
9.16 94.08 6.43 3.15
0.03 94.77 6.97 2.66
31.45 94.52 6.87 2.53
0.04 94.11 9.12 56.07
0 94.22 11.46 4
0 93.89 13.8 2.62
0.32 93.55 16.23 3.64
1.39 93.77 18.03 4
0.18 94.27 16.75 3.74
39.73 94.55 11.29 3.33
0 94.86 12.25 2.72
0 94.71 13.12 1.85
0 94.07 14.85 1.52
0 93.49 19.32 1.74
2.19 93.47 18.12 4.68
199.55 94.13 6.11 5.04
11.75 93.66 7.13 5.91
7.95 93.9 4.72 5.8
0.06 94.13 7.74 4.74
0.04 93.53 11.94 2.35
36.32 93.63 6.97 4.43
0.25 94.14 11.06 1.78
87.22 94.41 9.73 2.49
2.41 94.27 11.68 1.82
194.07 93.46 8.66 2.58
47.96 92.57 14.91 4.04
0 92.78 16.98 4.18
0.04 93.13 13.4 3.66
0 92.89 13.46 3.58
0.01 93.69 16.37 3.2
1.42 94.02 16.13 1.95
2.02 93.66 18.19 2.99
49.43 93.28 16.47 2.52
1.5 93.35 17.27 3.24
0.01 93.48 18.83 2.22
0 93.45 21.86 2.19
0.21 93.74 25.49 3.63
42.86 93.59 17.68 2.61
0.22 93.17 16.71 5.84
0 92.66 21.11 4.47
31.82 92.47 18.22 2.62
1.39 92.88 21.52 1.75
0 93 23.71 16.27
0.11 93.55 25.19 2.38
0 93.48 28.66 4.35
2.06 93.72 23.71 2.6
0.14 93.86 21.92 2.52
0 93.76 22.56 2.12
0.24 93.54 22.47 2
10.99 93.4 23.39 2.29
427 93.57 15.35 2.29
97.66 93.41 12.63 3.3
12.97 93.07 15.8 3.07
22.7 93.36 15.31 1.9
39.17 93.79 14.96 1.78
5.79 93.89 18.12 2.42
5.92 93.71 19.9 2.78
7.4 93.74 20.7 2.69
0.03 93.59 21.63 2.17
1.98 93.4 23.13 1.39
233.69 93.19 20.1 1.81
45.04 93.06 19.49 1.82
102.65 93.23 18.59 2.42
2.55 93.51 18.75 1.9
10.71 93.62 19.16 1.95
3.66 93.74 19.31 1.55
263.58 93.83 17.97 2.88
0.64 93.7 21.33 1.91
0.07 93.27 23.57 2.33
16.04 93.06 22.45 2.93
9.07 93.18 21.42 3.74
0.17 93.64 21.65 3.97
0.29 93.54 22.78 3.26
0 93.62 24.27 1.94
0 93.56 24.88 1.54
11.69 93.5 23.02 2.6
42.36 93.17 20.4 2.31
20.05 92.92 23.18 2.1
0.02 93.42 25.17 2.57
0.28 93.45 26 3.02
0.77 93.34 26.26 2.32
2.28 93.12 25.38 2.84
17.09 93.08 22.76 3.51
0 93.28 23.78 3.21
0 93.02 24.02 4.17
4.1 93.11 22.17 2.95
2.52 93.3 21.26 2.78
0.31 93.22 22.7 2.59
2.71 93.28 23.59 1.73
11.74 93.2 23.41 2.37
83.15 93.28 21.64 16.62
2.7 93.53 22.35 16.09
0.1 93.6 26.44 1.62
0.75 93.69 28.85 2.06
1.69 93.29 29.41 4.45
64.08 93.21 23.91 2.29
0.1 93.51 22.14 1.7
0 93.22 25.32 3.03
0.03 93.61 22.94 2.13
0 93.66 23.14 1.51
0.01 93.83 23.35 1.59
2.45 93.66 26.03 2.5
4.99 93.19 27.59 3.27
6.71 93.22 26.15 3.52
9.42 93.36 25.02 1.75
0 93.46 26.82 2.34
0 93.44 27.43 2.71
5.2 93.34 25.89 2.6
4.93 93.34 25.4 1.89
81.21 93.6 19.38 2.49
1.66 93.52 21.83 1.86
0 93.82 21.79 2.6
0 93.92 21.44 1.3
0.01 93.74 22.41 1.9
55.48 93.48 20.98 2.33
11.07 93.25 20.84 1.5
0.45 93.47 21.81 3.85
0.18 93.66 20.69 2.17
5.98 93.65 19.3 2
5.56 93.56 18.64 1.56
8.37 93.63 19.9 2.24
1.97 93.73 20.09 1.67
0.81 93.85 21.59 2.29
5.22 94.06 21.21 1.82
1.39 94.01 22.57 1.92
0.36 93.67 23.63 2.41
1.51 93.7 24.16 1.83
108.83 93.59 22.49 2.52
78.48 93.45 22.12 1.66
34.29 93.73 19.45 2.19
0.61 94.01 19.84 2.66
0 94.09 21.06 1.83
0 94.2 23.02 1.51
2.6 94.31 20.63 1.67
1.57 94.35 20.99 1.58
0.3 94.31 20.63 1.87
6.13 94.13 19.9 1.91
5.49 94.1 19.33 1.77
242.23 94.11 15.29 2.51
0.94 93.68 17.26 1.49
0 93.4 19.95 2.3
0 93.91 18.46 1.38
0 93.9 20.59 1.44
1.43 93.5 20.59 3.18
0.01 93.81 18.26 3.09
0 94 15.5 1.3
0.01 94.24 16.87 1.48
0.05 94.22 18.58 1.86
34.26 94.29 16.22 1.39
0.24 94.07 18.24 2.45
0.03 94.4 16.39 3.24
0 94.5 14.21 3.58
0 94.54 12.98 1.25
0 94.63 16.27 1.26
0 94.59 16.93 1.76
28.07 93.89 16.3 2.4
21.08 93.9 13.6 3
0.01 94.49 13.61 1.42
0.22 94.49 16.04 1.89
87.75 94.73 11.52 1.9
20.23 94.47 12.46 1.5
0 94.35 13.56 1.58
40.02 93.69 13.83 2.29
0.03 94.27 13.32 2.37
1.1 94.15 14.21 2.74
29.46 95.04 4.92 3.92
0.13 95.02 4.97 1.72
20.45 94.18 6.22 1.94
7.27 94.09 7.54 2.29
0 94.39 8.84 1.65
123.87 94.6 6.52 1.56
24.12 95.11 7.29 2.47
0 94.88 8.61 2.01
0 94.46 12.31 1.62
0 94.32 14.43 2.47
0 94.55 16.32 2.11
0 94.79 13.35 1.55
0.39 94.7 13.94 2.68
0.78 95.68 7.65 3.11
0 95.23 3.81 1.25
0 94.27 8.45 2.37
0 93.83 9.51 4.4
0 94.32 9.54 2.99
0 94.1 12.85 2.68
0 94.2 13.55 2.15
0 93.87 16.69 4.49
0 94.8 6.6 2.58
0 95.11 2.67 1.69
0 94.51 5.9 1.62
0 93.76 11.58 3.08
0 93.5 14.24 3.24
0 93.75 10.89 1.76
0 95.24 3.24 4.78
0 95.57 1.78 1.42
0 94.97 3.75 1.64
0.03 94.7 8.3 1.8
5.44 94.96 7.65 16.95
3.04 94.66 4.54 1.31
665.66 94.3 6.18 3.76
665.7 94.47 2.83 3.67
665.65 94.23 6.75 2.52
665.65 93.83 8.37 3.87
665.66 94.23 5.76 3.1
665.65 95.51 -1.79 2.69
665.65 95.44 -2.05 1.35
665.65 95.04 0.27 1.75
665.65 94.83 4.52 1.73
665.65 94.52 4 1.29
665.66 94.19 2.62 3.7
665.71 94.62 -5.38 5.98
665.65 94.59 -1.98 3.04
665.65 94.96 -2.2 1.56
665.65 95.06 -1.99 1.46
665.73 94.93 0.44 1.98
665.65 95.25 -1.25 1.38
665.65 95.17 -0.56 1.53
665.65 94.46 2.14 3.16
665.65 93.89 3.22 4.17
665.65 94.45 0.52 2.8
665.65 94.94 -1.99 2.12
665.67 94.69 1.95 3.39
665.65 95.12 -3.28 1.98
665.65 94.16 -1.94 2.44
665.65 93.72 55.71 5.59
665.65 94.85 -3.74 2.03
665.65 94.35 -1.56 1.35
665.66 94.16 0.02 2.29
665.78 94.33 -2.05 5.93
0 94.88 -12.28 7.04
0 94.62 -11.18 4.02
0 94.37 -11.79 6.25
0 94.5 -11.31 4.65
0 94.61 -10.6 3.47
0 94.82 -10.57 1.76
0.63 94.86 -10.09 1.39
0 95.35 -10.27 1.52
0.02 95.17 -7.6 3.1
0.75 94.61 -5.61 4.98
0.04 95 -9.57 3.05
0.01 94.61 -10.61 4.17
0 94.76 -11.07 2.63
0 94.81 -9.01 1.66
0.13 94.77 -9.53 3.39
0 94.84 -13.28 3.25
0 94.86 -11.23 2.09
0 94.74 -7.49 2.87
0.09 94.54 -6.78 4.95
0 94.85 -10.93 3.97
0 94.48 -10.26 3.34
0 94.28 -2.99 2.33
0 94.37 -3.01 3.29
0 95.2 -5.8 3.86
0 95.43 -5.11 2.65
0 95.15 -8.42 1.09
0 94.76 -3.84 2.62
0 94.18 -4.84 2.09
0 93.53 -3.98 3.78
0.06 94.25 -7.43 93.38
0.02 94.96 -11.84 5.44
0.07 94.92 -11.62 2.81
0 94.85 -7.11 3.05
0 93.61 -1.96 4.15
0 93.88 -2.81 1.77
0.19 94.26 -3.08 5.63
0 94.76 -7.68 3.13
0 95.14 -9.47 1.61
0 95.01 -8.37 2.14
0 94.9 -5.5 2.37
0.03 94.48 -4.84 2.75
0 95.51 -8.09 2.3
0 95.57 -8.86 1.74
0 95.14 -5.14 1.97
0 95.37 -9.56 1.64
0.22 94.99 -10.54 1.77
1.85 94.98 -10.72 3.66
0 95.05 -9.04 2.15
0.69 93.97 -5.08 3.79
0.01 94.58 -8.44 1.68
0.03 94.52 -7.32 2.51
0.29 95.08 -7.93 1.8
0 94.5 -7.67 1.86
0 94.02 -3.43 3.46
0 94.9 -7.42 1.91
0.44 94.47 -4.42 1.15
4.91 95.13 -9.19 3.96
0 95.62 -12.57 2.75
0 95.44 -12.17 2.24
0.05 94.86 -8.86 4.07
0 95.5 -10.95 3.63
0 95.75 -9.18 1.44
0 95.56 -8.3 1.59
0 95.39 -7.73 1.66
0.05 95.3 -4.95 2.75
0.04 95.22 -7.39 3.26
0 95.08 -4.23 2.79
0 94.49 -1.26 3.01
0.02 95.33 -11.46 5.29
0 95.36 -11.51 3.68
0 94.65 -5.66 2.73
0 94.06 -2.95 2.54
0 94.09 -6.65 3.66
0 94.27 -6.68 2.16
0 93.87 -4.38 1.78
0 93.73 -1.1 2.52
0.01 94.41 -4.61 1.14
6.84 94.16 -1.76 2.48
0 94.78 -2.17 4.91
0 95.4 -3.95 2.19
0 94.81 -3.63 3.04
2.81 93.97 -0.17 3.96
11.62 93.49 -0.75 6.36
0.08 93.93 -6.6 6.05
0 94.21 -6.64 1.87
0 93.86 -6.75 2.06
0.17 94.37 -8.56 3.15
0 94.71 -9.76 3.83
0 95.32 -7.45 1.78
1.2 94.34 -2.27 5.46
0 94.07 -1.11 3.23
0.02 93.71 -3.56 2.54
0.14 94.37 -7.6 6.51
0 94.84 -6.64 2.52
0 94.54 -3.3 2.96
0 93.88 1.88 4.66
0 94.26 1.31 3.1
2.1 94.88 -4.05 2.87
0 95.62 -10.43 5.78
0 94.93 -4.24 3.59
0 94.6 -4.63 3.64
0 94.12 -3.5 2.97
0 98.27 50.17 55.56
0 94.17 0.67 3.68
0 93.85 5.6 4.29
0 93.81 5.54 3.16
0 94.58 2.09 2.44
0 93.79 7.05 3.12
0 94.1 6.43 4.15
0 94.22 5.18 2.54
0 94.17 5.86 4.26
0 95.08 1.57 4.31
0 95.27 3.29 3.1
0 95.44 3.92 1.42
0 95.18 8.26 2.8
0 95 12.8 4.33
0 94.19 13.4 5.05
0 93.83 12.09 3.95
0 93.92 10.46 3.12
0 93.45 14.57 4.31
1.59 94.53 5.97 2.95
0 94.56 4.21 1.58
193.92 93.09 1.77 2.26
0.69 93.87 2.79 2.13
1.56 93.79 4.46 1.7
0.1 94.34 2.86 5.18
0 95.42 -1.57 4.09
0 95.36 -0.29 3.58
0 94.57 4.24 2.42
0.03 94.34 7.5 2.93
0.03 94.56 7.41 1.78
5.8 94.78 6.52 4.22
188.15 95.44 -1.85 4.8
0.1 94.98 2.34 1.8
0 93.38 11.56 1.89
0.32 92.54 14.21 3.95
0.32 93.41 7.73 6.14
0 93.5 10.65 1.97
0.02 93.76 12.49 2.9
0 94.27 9.96 3.37
0.01 93.86 10.76 3.15
0.02 93.79 10.79 2.19
0 93.98 13.9 4
0 94.23 13.49 5.55
0 94.48 14.1 2.45
0 93.86 20.69 4.3
0 93.5 23.62 4.46
5.87 93.19 20.49 3.57
3.22 93.84 16.43 2.79
0 93.85 19.18 2.36
0 93.78 21.17 2.86
15.46 93.57 16.63 3.63
5.89 93.62 15.56 2.01
0 93.97 12.18 5.68
0 93.71 13.41 4.22
0 93.21 14.02 6.03
0 93.72 11.84 2.53
0.11 93.65 12.33 5.51
11.76 93.97 6.8 1.87
0 94.32 8.31 1.37
79.43 94.18 7.52 2.71
48.67 93.26 7.04 2.09
14.61 92.07 10.69 4.42
0.23 92.15 19.01 3.66
1.17 93.51 14.91 5.86
0.01 94.06 15.12 4.37
0 93.48 18.51 3.34
10.97 92.63 18.73 3.3
6.83 92.85 13.71 5.79
1.06 93.24 12.49 6.27
0 94.08 18.33 4.37
0 93.71 21.49 2.67
0 93.57 22.28 2.44
0.28 93.48 22.24 1.87
0.04 93.31 25.22 3.04
0.16 93.21 26.01 4.05
5.93 93.41 22.93 2.36
0.09 93.41 22.61 2.93
3.27 93 24.1 3.74
0.16 93.38 21.26 3.91
0 93.44 19.71 2.18
0 92.58 24.84 6.36
1.7 93.17 22.09 2.96
0.71 93.72 18.28 4.32
0 93.91 21.3 2.67
80.89 93.12 17.65 2.89
25.92 92.6 19.23 2.54
26.65 93.13 18.28 2.4
0.07 93.42 19.53 4.06
2.95 93.21 19.17 2.56
1.56 93.21 18.89 2.19
62.96 92.94 16.75 2.63
143.35 92.48 14.6 1.95
47.09 92.57 15.74 1.53
86.53 93.49 16.43 2.31
0.93 93.73 20.26 1.59
3.14 93.55 21.75 2.38
0.07 93.25 22.91 1.9
90 93.33 18.52 2.62
4.05 93.46 18.19 4.12
80.71 93.95 16.24 2.85
0.02 94.03 21.31 2.41
0 93.62 23.24 1.44
2.94 93.32 24.37 2.46
0.17 93.47 24 2.38
11.87 93.27 24.14 2.65
11.86 93.01 21.36 2.27
54.78 93.01 20.67 2.62
0.95 93.44 21.77 1.49
4.48 93.45 23.87 2.08
158.78 93.69 16.95 1.97
45.07 93.06 17.83 1.51
44.73 92.65 18.45 3.04
5.15 93.22 15.76 3.69
0.03 93.78 18.06 2.06
71.38 93.71 19.31 1.85
8.85 93.85 19.99 1.36
0 93.81 22.46 2.07
0.16 93.65 24.23 2.15
3.77 93.81 24.96 2.05
0.17 94.04 26.08 2.4
4.11 93.87 24.03 2.54
0.58 93.62 25.06 1.67
0.31 93.17 26.24 2.64
0.1 93.02 26 3.31
4.5 93.3 25.84 2.81
34.44 93.74 22.22 2.26
43.93 93.95 19.73 2.11
20.39 93.75 20.91 1.68
164.15 93.55 21.52 1.64
36.26 93.67 22.12 1.83
9.41 93.58 22.92 2.49
18.87 93.32 23.5 2.06
84.62 93.33 22.35 1.63
4.76 93.33 22.17 1.21
7.97 93.15 22.23 1.38
1.73 92.95 23.87 1.95
1.62 93.37 24.81 2.19
7.5 93.44 24.64 1.83
18.61 93.19 23.61 2.48
189.11 93.2 22.81 2.25
131.67 93.62 20.24 2.54
3.48 93.81 21.91 1.63
1 93.58 22.84 1.67
14.95 93.07 25.27 3.27
0.04 93.1 22.31 1.93
0.71 92.97 24.44 2.91
1.47 93.1 25.31 3.57
13.03 93.48 24.39 1.68
8.2 94.05 22.06 2.68
11.48 94.09 23.05 1.53
3.11 94.03 23.63 2.4
0 94.07 23.61 2.43
0 93.89 23.82 1.42
0 93.72 24.18 1.53
0 93.37 25.33 1.69
0.44 93.19 25.19 2.62
0.01 93.49 23.46 2.46
0 93.53 23.33 1.4
0.28 97.23 76.01 54.67
78.42 97.58 75.63 54.83
134.79 93.94 19.74 1.77
10.89 93.68 19.14 2.18
8.33 93.52 19.5 2.54
57.93 93.63 19.18 1.86
6.96 93.95 20.01 1.99
41.27 94.19 18.99 2.13
5.35 94.13 19.51 1.91
61.12 94 18.8 2.42
0.03 93.92 20.08 2.74
34.22 93.76 19.59 1.91
1.73 93.91 18.05 1.24
7.28 94.04 18.18 1.48
206.73 94.24 17.18 1.48
119.78 94.3 17.51 2.5
1.37 94.28 20.26 2.61
0.08 94.43 18.95 1.85
13.34 94.23 17.6 1.4
58.19 94.1 16.03 2.18
0.01 94.22 16.8 1.98
0 94.07 19.31 1.24
2.13 94.22 20.44 2.5
28.74 94.97 14.98 1.99
0.9 94.84 13.7 1.53
67.09 94.28 12.7 1.73
4.23 94.22 14.02 2.24
0 94.13 19.65 2.35
0 94.45 19.45 2.36
0 94.54 18.97 2.93
0 94.39 19.41 2.36
3.46 94.39 19.91 1.43
5.75 94.49 18.74 2.31
0 94.59 16.2 2.32
3.35 94.03 16.21 2.29
3.81 93.82 18.9 2.27
40.29 93.64 17.31 2.75
10.12 93.83 12.83 2
23.41 93.72 14.75 1.96
3.99 93.76 15.41 3.58
0 93.97 13.93 2.38
0 94.21 15.56 2.65
0.06 95.03 13.37 1.66
1.43 95.46 10.86 2.05
2.45 94.3 14.58 3.23
41.45 93.62 10.81 5.68
0.03 93.52 13.26 4.87
0 94.5 10.64 1.4
0 94.8 13.89 2.54
0 94.33 17.74 3.64
0 94.24 17.54 1.83
0 94.01 17.85 3.1
0 94.34 9.34 4.12
0.23 93.67 5.37 3.48
3.21 93.85 5.09 5.7
2 94.18 9.62 5.22
0 94.55 12.14 2.42
0 94.62 12.84 1.73
0 94.36 13.91 1.63
0 94.3 14.32 1.44
0 94.31 15.56 2.63
5.92 94.5 12.62 2.95
0 95.24 4.78 2.55
0 94.08 10.31 2.88
42.99 94.73 4.03 1.47
6.7 95.02 4.39 1.97
0.52 96.7 35.66 15.25
0 96.2 36.09 15.18
0 95.29 6.55 1.96
0 95.13 4.39 1.68
5.93 93.9 7.36 6.12
0 94.01 3.19 4.19
0 94.59 1.12 3.85
0 94.92 -0.53 4.05
0 95.33 0.38 2.92
0 95.38 3.18 1.46
0 94.74 5.97 1.66
0 94.57 6.26 1.07
0 94.45 9.5 4.36
0 94.7 9.93 3.41
0.14 95.9 0.36 3.74
56.36 95.97 -4.66 2.25
35.69 95.59 -4.79 3.17
7.72 95.07 -4.41 1.74
0.19 95.06 -4 1.19
0 95.17 -4.11 1.34
0 95.34 -3.22 1.55
0.03 95.17 0.17 1.15
0.01 94.47 2.1 2
0 93.85 5.12 2.79
0.7 94.78 1.37 2.08
3.82 94.56 -3.58 2.52
0 95.29 -6.12 2.08
7.22 95.15 -8.04 2.3
8.58 95.16 -9.04 1.93
2.76 95.12 -9.63 1.92
1.64 95.61 -9.58 1.36
15.74 96.1 -12.23 2.51
11.93 96.16 -13.83 2.7
0.04 96.01 -15.72 1.93
0.01 95.17 -15.15 2.49
0 95.07 -14.4 2.59
0.04 94.55 -11.78 1.35
0.14 95.01 -10.61 1.28
2.55 94.74 -5.33 2.8
0 94.6 -6.88 1.63
0.26 93.93 -3.13 2.19
0.08 93.77 -6.34 5.35
0.23 94.09 -8.09 5.96
0 94.44 -5.07 4.01
0 95.11 -5.37 2.27
0 95.24 -8.02 1.5
0 95.38 -9.61 0.93
0 94.94 -3.15 2.41
0.44 94.61 0 3.19
0 94.96 -2.16 3.56
0 95.25 -7.29 1.4
0 94.9 -6.61 1.54
0 95.03 -7.04 0.86
5.49 94.31 -5.36 3.17
0.02 94.4 -6.97 4.83
0.03 94.98 -9.06 5.79
0 94.99 -7.38 3.16
0 95.51 -5.32 1.97
0 95.43 -5.9 1.37
0 94.57 -2.85 2.42
0 94.84 -4.95 1.82
0 94.9 -7.62 1.81
0 94.85 -5.23 2.48
0 94.92 -9.34 2.49
0 93.85 -7.27 3.05
0 94.98 -13.56 3.39
0 95.64 -14.81 1.96
0 95.39 -7.23 2.57
0.14 94.98 -5.47 1.59
3.85 95.26 -7.69 1.07
0 95.2 -8.07 2.19
0 94.36 -1.82 2.47
0 94.4 -5.72 1.26
3.06 94.59 -8.62 1.93
0 95.03 -11.28 3.93
0 94.81 -12.3 2.57
0 95.15 -10 3.05
0 94.95 -9.69 3.73
0 94.77 -10.4 3
0 94.54 -10.15 2.15
0 95.28 -12.85 3.23
0 95.52 -13.35 2.79
0 94.98 -12.71 3.18
0.04 94.35 -11.68 4.44
0.06 94.07 -11.08 2.8
0 94.16 -12.34 1.72
20.73 94.84 -17.07 2.27
0.76 94.78 -19.97 2.25
0 94.38 -19.54 4.54
0 94.99 -18.82 1.65
0 95.5 -18.48 1.48
0.25 95.45 -18.05 2.29
0.29 95.95 -21.52 3.09
0 95.82 -24.23 5.01
0 95.35 -14.97 4.89
0 94.78 -9.63 3.09
0 94.66 -11.71 3.86
0 94.72 -9.76 4.09
0 95.31 -13.69 1.8
0 95.74 -17 1.42
0 95.49 -16.91 2.27
0 95.55 -13.24 3.24
0 95.43 -10.78 3.05
0 95.08 -8.97 2.06
0 94.87 -8.51 2.65
0 95.07 -8.92 3.8
0 95.02 -8.88 3.67
0 94.9 -7.29 2.85
0 94.02 -7.19 3.09
0 93.69 -4.77 3.43
0 94.31 -3.2 2.97
0 93.95 2.11 2.83
0.02 93.86 2.08 2.45
1.02 94.24 0.08 3.4
24.92 94.98 -9.08 6.06
0 94.95 -12.78 5.64
0 94.29 -9.7 3.94
0 94.22 -5.36 4.17
0 94.12 -2.45 3.86
0 94.14 -4.44 3.96
0.08 94.97 -7.51 3.75
0 94.92 -9.78 4.13
0 94.73 -10.08 2.52
0 94.92 -7.59 3.33
0 95.78 -11.22 2.18
0 95.39 -9.52 2.47
0 95.34 -9 3.39
0.05 94.67 -6.97 3.27
0.01 94.78 -7.77 2.01
0.07 95.09 -8.8 3.96
0.04 95.28 -9.18 3.31
0.02 94.38 -0.81 2.81
0 94.04 1.43 1.94
0 94.03 -0.19 3.01
0.08 94.41 -1.66 1.46
10.6 94.2 -0.09 4.39
0.02 94.22 -1.69 2.87
4.71 94.5 -5.3 4.27
0 95.23 -8.73 4.72
0 95.31 -8.33 3.97
0.03 95.09 -7.38 3.43
0 94.55 -5.63 2.07
0 93.92 -0.93 4.39
0 94.71 -2.32 2.63
0 94.52 1.77 2.73
0 93.96 5.05 2.65
0 93.82 8.51 3.27
0 93.39 10.64 5.58
0 93.92 7.02 4.88
0 94.79 3.2 1.89
0 95 5.7 1.81
0 94.64 8.71 2.84
0 95.04 4.59 4.38
0.01 95.58 1.26 4.78
0 95.57 1.62 3.52
0 95.24 2.85 3.36
0 94.87 7.46 3.42
0 94.26 9.59 2.62
0 93.64 11.26 3.67
0.13 94.12 6.71 3.83
0 94.03 8.92 3.44
0 93.09 15.6 4.72
3.61 93.41 9.77 5.33
0.19 94.47 5.38 4.48
0 94.44 7.99 3.92
0 93.65 10.49 3.77
0.04 93.96 9.88 2.4
0.28 93.29 12.77 5.15
0 93.72 9.72 5.36
0 93.61 11.57 6.14
0 93.94 6.39 3.04
0 94.57 4.42 3.24
0 93.96 7.24 4.65
5.49 93.16 9.88 2.78
0.08 92.92 10.86 5.68
0 94.04 10.69 3.22
0.15 93.51 15.82 5.55
3.48 93.5 10.7 4.51
1.95 93.5 5.6 4.64
1.32 93.79 6.4 2.54
0.68 94.07 7.81 3.82
0.01 93.74 14.17 3.07
0 92.94 15.47 6.68
0 93.47 9.88 6.53
0 94 10.83 3.2
0 93.42 14.81 4.93
0.37 94.35 9.32 3.36
51.25 94.57 6.69 2.11
2.92 94.16 11.12 1.68
0 94.32 11.93 2.3
49.62 93.44 12.3 2.41
0.02 93.08 16.65 2.61
50.55 92.8 21.19 4.39
194.27 93.66 10.27 2.12
17.09 92.79 11.55 4.79
0 93.24 15.83 3.22
4.61 93.15 16.05 5.48
0.01 93.53 12.36 6.5
0 94.28 15.05 2.6
0 93.69 19.03 4.77
1.54 93.94 16.56 2.79
0 93.6 17.21 2.27
1.24 92.74 20.21 4.03
120.98 93.54 11.08 5.27
0 94.33 14.83 3.52
25.9 93.95 12.11 4.06
0.36 93.84 12.59 3.61
0 93.31 18.59 3.68
0 93.44 23.28 3.54
0 93.67 24.69 4.09
0 93.9 23.08 3.58
0 94.05 22.94 3.46
0.03 94.85 19.01 3.91
0.02 94.77 17.52 2.47
32.94 93.84 14.89 2.04
31.72 92.76 15.26 4.82
2.8 93.04 18.74 3.44
0.22 93.55 18.57 5.13
0 93.45 21.89 5.08
0.04 93.07 24.62 4.12
0 93.48 18.74 4.57
0 93.19 22.33 5
4.16 94 17.23 1.86
0 94.05 19.76 1.25
0 93.65 23.33 2.53
0 93.3 24.75 3.3
0.03 93.47 23.33 2.67
0.08 93.7 23.6 1.87
9.54 93.9 19.6 3.49
1.73 93.93 19.3 1.94
0.04 93.68 22.16 3.06
15.71 93.32 20.75 4.06
73.33 93.08 20.6 4.49
45.81 93.63 17.47 2.44
13.64 93.52 18.88 1.98
1.49 93.19 19.56 1.91
60.09 93.11 15.14 1.9
12.22 93.12 18.32 1.76
1.83 92.71 19.69 2.18
71.75 92.77 20.24 1.82
2.03 93.32 19.86 3.06
0 93.4 23.35 2.67
18.09 93.03 25.51 2.81
27.09 93.07 23.87 2.21
10.94 93.1 22.68 2.07
9.57 93.41 20.83 3.34
1.43 93.43 20.96 4.15
0 93.58 24.53 3.34
0 93.52 24.62 1.76
18.23 93.24 23.22 2.77
41.03 93.31 19.14 3
126.15 93.17 20.44 2
68.47 93.26 19.83 1.81
0 93.43 20.3 1.68
0.19 93.37 22.1 1.46
0 93.46 25.61 2.71
0 93.62 25.2 3.19
1.08 93.85 25.46 1.93
0 93.93 26.98 1.46
0 93.84 27.84 2.69
0 93.59 27.41 2.74
0 93.39 28.36 1.75
0 93.14 29.31 2.27
3.79 92.81 29.77 3.31
114.66 93.18 21.24 1.98
0.3 93.47 24.12 2.5
0.56 93.83 21.99 2.86
3.12 93.51 19.44 2.24
2.35 93.38 18.5 2.51
5.04 93.62 21.41 1.64
0.13 93.59 23.85 2.05
4.46 93.64 24.64 2.66
118.69 93.82 20.92 1.95
873.83 93.34 20.25 2.8
22.1 93.06 23.33 1.7
4.06 92.94 27.09 3.13
0.13 93.51 25.42 2.02
436.91 93.55 19.57 3.09
0.86 93.4 22.05 1.47
4.31 93.18 24.04 2.4
27.46 93.17 23.24 2.13
8.15 93.53 22.75 1.74
113.06 93.77 23.42 2.14
30.14 93.93 21.87 1.59
10.27 94.04 22.35 2.13
0.08 94.04 24.48 1.8
0 93.95 25.96 1.31
0 93.88 27.08 1.73
0 93.76 27.14 1.95
578.04 93.52 25.06 1.78
151.33 93.94 23.36 2.61
0 94.01 21.78 1.07
0 93.6 24.11 2.37
0 93.38 26.65 3.29
0.38 93.41 28.87 2.9
4.71 93.54 25.1 2.5
0 93.49 24.58 1.81
0 93.78 23.61 1.86
2.21 93.66 23.44 1.57
154.55 93.52 20.72 2.04
11.18 93.37 22.27 1.27
209.6 93.34 19.99 1.89
4.14 93.8 20.96 2.26
17.61 93.89 21.51 1.77
0.65 94.05 22.43 1.92
0.49 94.11 23.04 1.66
7.11 93.59 21.16 1.69
18.29 93.44 23.06 2.66
168.65 94.23 17.06 3.95
0 94.47 17.89 2.28
4.12 94.12 17.72 2.01
0.79 94.11 18.44 2.1
0 94.29 17.59 1.93
0 93.74 17.08 1.69
9.56 92.67 16.11 4.11
17.09 92.49 15.29 2.66
2.2 93.13 19.07 1.75
7.08 93.65 18.22 1.15
146.03 93.9 17.3 1.5
21.24 93.84 16.88 1.22
16.67 93.71 18.66 1.4
1.27 93.44 18.98 1.66
6.61 93.55 17.77 1.62
69.14 93.86 15.7 2.05
14.81 94.01 15.64 1.65
31.96 94.37 14.64 2.38
6.33 94.61 15.35 1.36
3.84 94.51 17.05 1.26
83.52 94.32 18.25 1.52
0.01 94.22 19.21 1.74
1.48 94.35 17.74 2.13
0.77 94.76 15.3 1.82
21.44 94.9 13.1 1.85
0.06 94.93 13.26 2.64
0 94.76 13.57 1.32
0.32 94.5 14.54 2.32
4.17 94.15 16.38 2.21
1.1 93.86 18.48 1.88
0.63 93.58 20.44 3.46
0.03 94.3 16.67 2.39
8.26 94.06 16.75 2.05
1.52 94.85 11.16 5.15
0 95.24 7.68 2.2
0.04 94.41 10.04 2.13
0.04 94.08 15.83 2.36
5.21 93.91 19.25 3.53
0.76 93.98 16.11 2.35
0.45 94 14.5 3.24
118.52 94.57 6.26 2.36
3.73 94.64 5.04 1.75
0.28 95.15 7.96 1.42
42.11 94.24 10.96 3.05
0.3 94.54 5.48 5.23
0 94.72 4.57 1.72
0.48 94.33 5.67 1.56
0 94.9 5.12 15.6
0.7 94.83 7.44 1.35
0 94.44 12.11 1.42
0 94.52 13.56 1.71
0.06 94.68 15.04 2.38
1.31 94.13 14.48 4.78
0 94.65 9.63 2.42
0 94.37 12.65 1.86
0 94.28 12.62 2.44
0.68 95.2 3.17 2.43
39.36 94.54 4.68 1.96
44.54 95.27 1.37 2.35
0 94.85 2.14 1.58
0 94.2 3.52 1.51
0 93.84 8.5 3.48
0 95.02 2.09 1.98
5.55 95.01 2.32 1.16
2.45 95.24 1.66 3.48
0.12 95.27 0.35 2.86
3.29 95 -0.87 3.68
0 95.79 -5.48 3.34
0 95.4 -3.23 2.44
0 94.72 1 3.4
0 94.15 2.2 1.77
0 93.28 4.12 1.69
0 94.39 0.66 2.18
0.1 95.11 -1.77 1.97
2.5 95.36 -2.27 3.44
0 95.71 -4.51 1.53
0 95.03 -1.73 2.39
0.72 93.62 2.78 3.82
2.12 93.86 -1.39 2
0.19 94.4 -1.81 1.26
0 93.83 4.6 4.05
0 94.59 0.67 5.42
0 94.77 -3.37 2.12
0 94.58 -0.12 2.95
0 94.45 -0.99 2.28
0.08 93.99 -0.97 2.91
1.4 94.48 -5.7 1.78
30.85 94.97 -8.08 1.91
57.57 95.33 -10.11 2.39
0 95.67 -11.7 2.92
0 95.34 -10.63 2.76
0 94.85 -8.08 3.32
0 94.52 -5.65 1.99
0 94.07 -2.85 3.68
0 94.89 -6.97 3.07
0 95.31 -4.79 1.64
0.02 95.56 -5.71 1.8
1.37 94.44 -1.46 3.52
0 95.19 -3.99 4.03
0 94.9 1.18 3.2
0 94.17 3.82 3.64
0 94.35 -1.41 3.04
0.21 94.92 -6.22 3.66
0 94.34 -5.72 3.27
0 94.58 -6.83 2.62
2.12 94.01 -4.46 3.71
0 94.94 -7.61 2.33
0 95.08 -7.83 1.5
0 94.42 -5.42 2.75
10.16 94.85 -3.87 2.5
0 95.45 -9.9 3.37
0 95.34 -10.35 1.98
0 95.33 -9.01 2.89
0 94.52 -4.08 2.83
0 94.52 -4.41 1.09
0 94.69 -3.82 0.96
0 94.75 -2.99 1.01
0.01 95.06 -2.66 1.58
0.05 95.16 -5.62 2.74
4.09 94.82 -10.36 3.5
0 95.18 -11.1 2.18
0 95.01 -10.11 1.33
0.02 94.85 -4.32 4.62
0.2 95.56 -9.98 3.68
0 95.37 -11.15 2.26
0 95.08 -9.79 4.44
0 95.29 -8.44 3.38
0 94.81 -6.72 1.97
0 94.7 -5.88 1.71
0 94.5 -1.79 3.64
0 94.69 -4.41 2.35
0 94.35 -1.18 3.43
0 94.97 -5.28 1.4
0 95.25 -7.2 1.52
0 94.78 -2.75 1.99
8.86 94.88 -4 1.48
8.59 94.44 -5 2.09
0.01 94.57 -8.05 3.52
0 94.8 -10.94 4.38
0 94.54 -10.62 3.2
0.01 94.3 -11.69 2.77
0 94.46 -10.91 5.08
0 95.37 -12.25 2.09
0.03 95.33 -13.76 1.27
0.01 95.24 -13.43 1.45
0.07 95.04 -11.42 2.28
0 95.36 -11.5 1.89
15.2 95.07 -13.11 2.25
0 95.08 -13.58 2.12
0 94.75 -12.98 4.45
0 95.41 -13.91 2.65
0 95.54 -13.93 1.51
0 95.65 -12.59 1.09
0 95.01 -7.39 1.52
0.03 94.33 -4.03 4.67
0 94.81 -6.87 3.74
0 94.29 -7.75 3.02
0.17 95.19 -12.5 4.03
0 95.43 -10.14 3.77
0 94.88 -8 3.06
0 95.61 -8.38 3.48
0 95.02 -5.02 2.23
0 94.45 -3.34 1.66
0.12 94.13 -0.94 2.66
0 94.51 -6.55 3.62
0 95.41 -7 1.88
0 95.36 -8.03 1.02
0.02 95.16 -9.17 6.12
0.01 94.68 -10.25 6.08
0 94.87 -9.68 4.8
0 94.97 -6.86 3.29
0 94.95 -6.15 1.92
0 95.46 -4.61 1.37
0 95.26 -3.21 1.72
0 94.1 3.15 4.02
0.56 94.52 -3.59 4.35
0 95.05 -7.03 3.36
0 94.43 -5.08 2.85
0 93.42 -2.42 5.08
0 95.19 -7.48 4.09
4.93 94.92 -6.62 2.98
3.09 94.35 -4.04 4.54
0 94.84 -5.08 4.13
0 94.57 -2.32 3.89
0 94.55 -1.07 3.48
0 94.73 -0.53 1.63
0 94.39 1.51 3.09
0 94.38 0.42 3.11
0.08 94.76 -5.13 3.42
0 93.93 -0.39 2.6
0 94.08 -0.47 1.32
0.01 94.28 -4.39 2.31
0.08 94.67 -6.03 3.78
0.02 94.43 -7.96 4.27
0 94.43 -5.55 5.03
0 93.98 -0.92 3.7
0 93.79 0.52 3.01
0 93.99 3.46 2.09
0 94.29 3.68 3.18
0 95.09 -1.2 4.53
0 95.09 0.73 3.05
0 95.07 1.24 1.86
0 94.75 2.93 1.4
0 94.42 3.42 1.97
0.96 94.3 3.8 1.81
0 94.84 5.06 1.76
0.06 94.94 3.98 1.93
0.25 95.03 1.31 3.44
0 94.81 1.53 1.83
0 94.59 2.75 2.14
0.27 94.98 0.8 1.25
2 94.62 1.12 1.28
0.52 94.48 2.74 2.89
0.75 94.43 1.1 2.03
0 94.61 2.39 2.6
0 94.37 5.13 2.45
0 94.31 9.17 3.94
0.04 95.16 3.27 2.59
0 94.93 3.78 1.63
0 94.34 5.52 1.68
0 94.36 9.21 2.12
0 94.25 12.41 2.86
0 93.92 16.72 3.83
0.15 93.63 14.87 3.65
1.58 93.76 11.29 3.5
0.67 93.82 10.01 2.68
0 94.64 8.04 3.13
0 94.56 8.5 2.32
0 93.56 13.46 4.39
0 94.17 7.35 3.91
0 94.06 6.61 2.39
0 93.38 12.57 4.19
0 93.02 15.29 3.03
0 93.48 16.31 3.27
0.11 93.83 13.83 3.38
2.34 92.72 13.91 5.29
0.2 92.93 6.86 5.87
2.33 93.22 7.55 3.12
2.38 93.64 8.81 3.36
0 94.07 9.59 2.13
0.01 93.37 12.93 5.35
0 93.62 9.41 2.85
0 93.97 8.38 3.52
0 94.61 8.25 3.9
0 94.64 10.08 5.2
0 93.84 14.89 4.84
0 93.32 16.67 3.33
0 92.98 20.73 4.42
0 93.86 16.25 2.41
0 94.12 18.11 2.6
0 94.07 21.96 3.8
0.84 93.98 19.46 5.26
3.98 93.97 14.72 3.88
15.01 93.67 8.95 6.26
0 93.92 9.99 6.6
0 93.79 18.12 4.67
0 93.5 20.53 2.44
0 93.16 21.22 4.03
0.08 93.25 19.48 3.15
0.01 93.42 14.52 5.19
0 93.26 12.09 5.1
1.27 93.51 11.56 4.69
0.08 94.23 13.24 5.2
0 94.17 16.13 2.44
0 93.36 19.95 1.66
0 93.18 24.18 1.94
0 93.18 29.19 3.56
0.83 93.59 26.51 3.35
2.1 93.85 23.38 2.48
3.37 94.25 13.81 3.59
186.76 94.32 8.77 2.29
0.03 94.05 16.36 2.4
0 93.66 19.39 2.07
0.03 94.21 14.56 2.9
0 93.68 19.44 2.51
0 93.28 22.05 2.76
0 93.65 22.21 4.25
11.21 93.91 17.19 2.62
0.23 93.37 20.01 3.29
3.18 92.96 20.43 3.03
0 93.46 17.62 3.59
121.4 93.75 10.78 1.73
0 93.85 15.34 2.14
0 93.87 19.67 2.47
0 93.98 21.61 2.09
21.6 93.66 15.43 2.35
0.54 93.42 18.59 2.89
0.11 93.33 21.47 4.01
0 93.45 20.52 3.86
0 93.79 18.61 2.05
1.57 93.93 18.22 1.74
40.01 94.22 18.17 1.69
0 94.24 20.54 2.07
0 93.84 26.9 2.34
0.08 93.57 26.71 1.19
0.34 93.39 25.81 3.13
12.44 93.29 23.25 1.95
44.41 93.31 19.61 2.32
36.28 93.18 19.04 1.75
2.37 93.27 19.59 2.5
0.15 93.43 21 2.35
88.55 93.81 17.83 1.38
93.36 93.7 16.63 1.7
2.69 93.43 18.74 1.33
1.33 93.4 21.99 1.26
0 93.57 23.97 1.58
14.1 93.4 25.33 3.46
29.62 93.41 27.18 3.3
0.05 93.3 27.58 2.74
3.49 93.24 27.48 2.65
16.76 93.12 27.04 1.94
8.79 93.3 25.26 2.76
0.24 93.41 25.66 2.2
11.69 93.57 23.71 1.79
32.4 93.72 21.82 1.49
15.62 93.47 23.89 2.65
596.45 92.67 22.38 2.36
16.99 92.61 24.44 2.57
13.24 92.78 24.9 2.82
0.18 92.78 23.98 2
0 93.04 25.05 1.72
0.19 93.1 28.5 2.17
110.33 92.89 27.3 3.28
7.29 93.37 24.43 1.84
4.32 93.66 25.99 1.5
0 93.78 27.17 1.56
0 93.68 28.44 1.62
0 93.4 28.96 2.56
10.17 93.21 26.42 2.92
30.94 93.25 21.28 2.4
14.47 93.97 20.96 1.81
13.81 93.94 20.9 1.63
1.06 93.45 23.74 1.23
0.34 93.61 23.94 1.6
0.15 93.79 23.93 2.1
14.15 93.41 22.7 2.83
0.52 93.68 22.83 2.58
0 94.17 23.07 1.41
0 93.71 23.71 1.63
130.55 93.32 22.73 3.48
0.02 93.47 25.12 1.75
0.44 93.52 26.18 2.25
21.01 93.3 24.92 1.88
677.88 92.78 22.36 1.56
20.59 93.16 23.16 1.43
46.91 93.19 24.01 2.19
19.48 93.06 22.02 2.04
0.73 93.11 23.58 2.3
8.58 92.98 22.24 1.37
34.83 92.78 20.14 1.57
17.45 92.86 22.86 1.26
9.85 93.26 23.67 2.46
20.16 93.61 22.61 1.92
0.24 93.78 23.31 1.69
7.11 93.72 22.06 1.54
18.44 93.66 21.09 1.5
341.33 93.74 18.82 2.66
52.89 93.89 20.06 2.12
25.95 94.02 21.04 1.94
8.26 94.04 21.4 2.13
5.91 93.64 22.07 1.78
1.07 93.4 25.73 2.06
9.19 93.88 22.6 2.15
341.79 93.79 18.44 2.07
0.01 93.77 19.84 4.15
0 93.84 17.94 3.7
0 94.13 18.72 2.08
9.01 93.82 16.46 2.67
1.69 94.32 15.58 2.76
0 94.4 14.16 1.89
0 94.17 16.79 2.45
0.19 94.16 16.85 1.6
0.69 94 19.71 1.89
6.65 94.01 19.3 1.83
3.78 93.89 19.62 2.27
2.83 93.73 20.72 2.6
0.02 93.66 19.89 3.82
0 93.57 19.1 1.79
0 93.35 21.42 1.92
1.64 93.95 17.51 2.82
5.27 93.92 17.78 2.16
72.5 93.81 16.01 1.49
0.01 94.09 16.19 2.17
0 94.47 15.22 1.45
0 94.7 15.67 1.73
2.43 94.64 17.61 2.54
3.82 94.43 18.2 2.2
0.27 94.04 19.03 2.91
0 93.88 17.52 2.65
0 93.32 19.3 1.82
0.12 93.8 15.24 3.02
0 94.13 14.96 1.5
0.59 93.44 19.47 3.05
4.4 93.52 16.5 3.7
0 93.66 17.73 3.62
0.04 94.02 17.47 2.45
17.63 93.95 15.41 2.53
32.41 94.27 12.62 1.77
0.02 94.18 9.7 2.25
0 94.09 8.59 3.75
0 93.93 9.83 2.94
0 94.01 13.4 2.12
0.07 94.25 14.42 3.85
0 94.99 8.48 2.69
0 95.3 7.69 2.11
0 95.03 9.52 2.36
0 94.32 14.45 3.97
0 94.11 15.12 2.65
0 94.48 13.87 2.07
4.68 94.77 11.75 1.71
59.5 95.46 8.33 3.49
23.65 95.46 4.38 2.37
0.75 95.2 4.73 3.39
0.67 94.81 4.28 2.51
0 94.7 5.64 3.19
0 95.27 4.32 1.06
24.61 95.3 6.76 1.85
0.02 95.65 5.22 1.87
0 95.46 5.29 1.77
2.32 94.76 8.4 1.69
0.06 94.61 8.54 1.31
0 94.28 11.74 2.32
0.01 95.05 6.35 1.57
11.93 95.12 3.38 1.58
0.05 95.12 5.06 1.52
0 94.87 7.23 1.73
0 94.98 7.57 1.25
0 94.33 9.93 1.56
0.02 94.18 11.33 1.95
0 95.09 6.15 4.98
0 95.57 1.48 3.94
0 95.01 5.4 2.44
0 94.1 8.62 2.77
