0.99 96.15 -15.15 1.47
0.03 96.83 -16.4 1.74
23.2 96.7 -18.45 1.5
6.42 96.89 -17.74 3.17
0 97.24 -19.56 2
0.01 97.42 -19.42 1.93
0.11 97.51 -17.09 1.45
16.8 96.92 -15.74 1.07
7.37 97.06 -15.14 1.37
0 97.35 -15.24 1.39
0 97.34 -15.62 2.53
0 96.77 -18.51 2.83
0 96.81 -16.15 2.69
1.08 96.6 -15.36 1.21
0 97.7 -14.73 1.37
0 97.28 -13.76 1.08
0 96.93 -10.69 1.09
0.02 96.84 -6.66 1.23
0 96.31 0.44 2.81
0.09 97.47 -8.65 4.54
0 97.46 -12.47 2.57
0 97.18 -10.93 3.39
0 96.66 -8.17 2.86
0 96.05 -8.02 3.74
0 97.07 -9.2 3.15
0 106.59 -5.03 2.82
3.46 95.92 -3.42 2.3
0.01 96.59 -10.08 3.52
0 96.16 -5.27 3.8
0 96.18 -5.41 1.59
0 96.77 -8.34 1.6
0.37 96.96 -10.77 1.86
0 96.99 -14.02 2.02
0 96.93 -12.99 2.11
0 96.88 -13.16 1.89
0 97.22 -13.15 1.42
0.02 97.16 -11.17 2.04
4.91 96.21 -3.49 2.63
0 96.23 -3.96 1.77
0 96.84 -6.37 2.31
0 97.43 -9.55 3.14
0 97.85 -11.49 3.55
0 97.61 -11.38 1.83
0.05 96.99 -10.05 2
0 97.38 -9.84 2.34
0 97.57 -12.18 1.73
0 97.13 -10.16 1.69
0.01 96.67 -8.02 2.84
0 96.5 -8.31 2.21
0 95.95 -4.04 1.77
0 95.8 -5.63 1.61
0 95.89 -4.43 1.88
0 96.02 -4.21 2.35
0 94.96 1.34 2.14
5.77 95.22 -0.91 1.81
0 96.31 -5.03 2.52
0.3 96.52 -4.37 1.74
4.15 96.2 -5.07 2.06
2.09 96.78 -6.5 2.43
0.16 96.52 -6.91 2.04
0.45 96.25 -2.79 3.2
0 96.38 -2.17 2.7
27.35 95.87 -0.83 2.61
3.62 97 -8.23 3.35
0 97.7 -10.28 1.94
0.01 97.95 -10.6 1.9
3.46 98.26 -9.27 2.6
0.01 97.49 -8.99 2.54
0 96.16 -3.97 2.43
0.24 95.1 2.37 3.31
0.72 96.15 -3.48 4.28
0 96.86 -2.84 1.9
41.94 96.26 -0.54 1.85
1.78 96.21 -2.26 4.65
0.02 96.66 -4.1 2.29
0 97.05 -4.67 2.14
0 96.12 -2.75 2.69
0.46 94.68 4.02 2.77
40.15 95.28 -0.33 3.35
0 95.72 0.63 2.62
0.06 95.66 4.59 3.67
0 96.38 2.85 2.62
0 96.85 0.24 2.64
0.04 96.89 -2.82 3.06
0.59 96.39 -1.98 1.95
1.87 96.98 -1.49 1.9
0 96.89 3.41 1.67
0.1 96.69 5.83 2
5.91 96.11 8.79 3.94
2.57 95.79 7.91 3.99
0 96.23 3.03 4.99
0 96.28 0.68 3.81
0 96 4.51 3.64
0 95.62 9.36 3.36
6.53 96.23 3.54 2.37
0.01 96.91 2.42 2.14
0 96.38 7.22 3.27
0.36 95.22 12.08 5.21
37.63 95.92 2.68 2.58
0 96.24 4.04 2.79
2.62 96.18 2.97 2.02
35.69 95.99 1.22 2.97
0.03 96.79 -0.24 4.73
0 96.93 2.29 2.29
0.26 96.27 4.96 2.76
9.79 96.46 3.67 1.72
0 96.5 5.51 2.62
16.13 95.76 11.11 2.72
57.81 96.21 8.42 1.69
0.23 96.56 8.68 1.82
0.17 96.79 10.36 2.08
0.93 96.55 9.7 2.31
0.12 96.49 8.73 1.92
0 96.1 12.84 2.98
3.67 95.88 13.51 4.12
49.66 95.7 4.94 3.03
9.36 95.27 3.38 3.21
0.12 95.4 5.76 5.34
2.3 95.56 7.59 4.24
5.73 95.82 11.9 2.43
0 95.26 17.17 1.97
0 94.98 19.04 3.61
0.66 95.52 17.01 2.11
5.25 95.03 188.89 2.6
243.5 94.61 11.34 2.8
7.72 95.12 13.67 3.95
26.53 95.17 12.25 1.74
3.58 95.42 15.51 2.32
56.24 95.24 11.11 2.95
10.26 95.12 10.06 2.18
2 96.11 10.44 2.48
0 96.39 13.32 1.63
0 96.35 16 1.58
3.24 95.97 17.25 3.09
5.25 95.83 20.13 2.5
1.69 96.02 19.1 2.58
36.04 95.59 15.97 2.56
137.44 94.69 12.67 2.44
0.33 94.4 18.61 4.29
0 95.2 22.17 2.44
0 95.36 24.01 2.54
0.4 95.34 22.36 1.93
2.26 94.98 21.18 2.43
9.21 95.15 17.64 3.75
0.82 95.77 21.49 3.29
0.15 96.2 22.07 2.11
7.28 96.19 19.35 1.79
78.52 95.64 15.6 2.24
48.88 95.22 16.69 2.11
70.74 95.63 15.32 1.74
13.24 96.23 16.7 1.4
3.07 96.18 18.2 1.55
0.79 96.29 19.2 1.59
0 96.34 20.74 1.71
0.01 96.14 21.63 2.12
0 95.84 22.81 2.19
0 95.83 23.12 2.38
0 95.95 24.04 2.93
0 96.07 24.4 2.84
0 96.13 24.64 1.93
2.64 96.01 21.69 2.07
0.09 95.78 21.1 2.77
0.61 95.43 22.52 1.98
17.66 95.2 22.77 2.81
47.71 95.06 22.22 2.68
0.78 94.92 23.85 2.32
17.38 95.01 24.1 1.74
102.63 95.11 21.08 1.86
17.87 95.18 20.49 1.7
1.63 95.26 22.8 1.35
0.12 95.62 23.39 2.63
0.03 95.24 23.66 1.83
9.9 95.54 20.97 2.25
0 95.67 23.22 1.54
0 95.56 25.15 1.93
0 95.55 25.88 2.27
0 95.46 25.46 1.77
31.25 95.27 22.23 1.66
85.51 95.18 22.49 1.41
0.41 95.23 24.15 1.44
0.1 95.05 24.91 1.42
123 94.95 22.08 1.97
3.57 94.93 25.22 1.61
0.05 94.96 27.66 1.52
10.81 94.93 26.97 1.92
0 94.92 26.92 2.63
0.04 95.07 25.43 2.43
16.44 95.37 22 1.85
4.26 95.54 22.96 1.89
1.43 95.53 22.68 2.05
70.54 95.35 21.19 1.71
86.16 95.32 21.2 1.41
253.1 95.57 20.52 1.27
7.27 95.82 22.76 1.2
0 95.78 24.25 1.89
82.53 95.38 22.82 2.2
7.88 95.16 24.77 2.82
1.93 95.37 25.87 2.3
3.47 95.32 26.97 2.21
19.14 95.44 25.57 2.25
303.64 95.3 23.09 1.66
2.25 95.53 24.5 1.48
2.54 95.65 25.97 1.56
5.56 95.7 26.64 1.52
3.13 95.83 27.44 1.68
1.03 95.7 27.76 2.24
12.27 95.59 26.97 2.14
18.28 95.24 26.9 2.31
163.18 94.83 26.63 2.49
7.65 94.8 23.41 1.47
32.15 94.8 25.74 1.31
180.85 95.1 22.46 1.51
0 95.72 21.96 1.9
0.03 95.63 23.05 1.5
11.59 94.95 24.34 2.43
67.97 95.13 23.35 1.63
161.97 95.51 22.22 2.51
0 96.28 21 1.52
17.91 95.92 21.03 1.54
124.12 95.21 22.4 2.01
22.39 95.26 22.93 2.06
0 95.49 22.32 1.87
0 95.22 24.76 2.1
20.33 94.94 24.84 1.77
1.81 94.83 26.06 2.01
37.49 94.73 24.51 2.72
0 95.22 22.57 2.52
0 95.59 22.96 1.64
10.76 95.62 23.44 2.18
9.82 95.82 23.48 2.21
163.09 95.95 22.5 1.82
1.86 96.22 23.38 1.65
221.04 96.11 19.12 1.55
83.92 96.08 18.91 1.4
0.76 96.09 20.24 1.34
0 96.03 22.36 1.56
0.09 96.22 21.99 1.47
1.6 96.39 22.05 1.72
0 96.11 21.36 1.67
2.21 95.92 20.58 1.34
27 95.54 21.21 1.51
11.41 95.67 21.18 1.38
1.37 95.73 22.16 1.68
28.07 96.2 20.7 1.5
4.08 96.33 21.38 1.35
0.02 96.22 20.11 1.2
0 95.97 19.92 1.52
0 95.77 22.2 1.55
3.31 95.91 23.31 1.54
0 96.44 18.98 1.84
0 96.31 17.66 1.37
1.94 95.89 18.12 1.3
10.26 95.52 19.43 1.45
0.3 95.75 19.93 1.37
0 95.89 21.14 1.13
3.17 95.96 22.42 1.31
0 96.08 22.61 1.51
4.1 95.89 21.69 2.17
129.76 96.2 15.79 2.1
251.87 96.32 9.84 2.04
203.35 96.21 12.33 1.33
0 95.95 16.01 1.36
45.36 96.13 14.89 1.9
211.87 96.78 10 2.54
0 96.73 10.33 1.97
0 96.51 12.87 1.43
1.04 96.26 14.82 1.45
7.35 96.03 15.52 2.49
0.37 96.2 13.81 2.18
0 96.12 11.67 3.98
0 96.97 9.61 2.57
0 96.57 10.35 1.43
0.02 96.28 14.8 1.72
1.11 96.55 13.72 1.42
372.06 96.24 8.95 2.29
73.68 96.21 7.75 3.01
0 96.36 9.73 1.84
0 96.01 13 1.31
0 95.91 16.44 2.08
0 96.07 17.47 2.39
0 96.01 17 2.25
0 95.55 16.56 2.61
24.94 96.06 12.01 1.97
138.34 96.5 6.3 2.3
0 96.66 8.31 1.39
0 96.2 10.19 1.52
0 96.38 9.39 2.66
0 95.95 8.33 2.73
0 96.69 4.11 2.58
0 97.32 1.74 1.18
22.08 97.26 0.53 1.31
54.99 97.26 1.67 1.26
0 97.16 2.68 1.23
0 96.64 4.65 1.36
0 96.35 9.17 1.57
6.39 96.47 9.95 2.07
5.79 96.99 4.18 3.19
0 97.39 0.76 3.38
0 98.08 -0.82 2.42
0 97.27 0.83 1.54
0 97.12 4.6 1.77
0 97.1 5.86 1.36
0 97.16 6.06 1.38
0 96.96 6.22 1.75
0 97.46 3.04 3.31
0 97.08 1.93 1.84
0 96.61 5.73 1.72
0 96.71 4.93 1.25
0 96.4 6.98 1.64
0 96.09 7.67 1.46
6.57 96.2 4.45 2.58
0.33 96.75 0.71 3.12
0 96.46 -0.8 1.31
0 96.05 0.66 1.41
44.82 95.44 1.5 3.46
1.53 95.95 -0.17 1.93
1.32 96.92 -0.29 3.41
0 97.91 -3.94 2.44
0.04 97.29 -2.84 2.19
0 96.59 0.56 1.48
0 96.55 1.32 1.8
0 96.22 5.03 2.8
0 95.74 3.9 2.08
0 95.51 5.62 1.7
0.29 95.62 2.62 3.97
0 96.41 -2.2 1.88
0 96.31 -1.57 1.85
0.01 96.5 -1.24 3.62
0 96.79 -5.71 2.21
0.35 95.99 -5.38 2.11
0 96.3 -5.81 5.6
0.22 96.48 -6.96 1.63
0.2 96.37 -6.23 1.35
0 96.02 -2.5 1.92
0.04 95.57 -1.8 1.81
0.06 96.12 -6.19 3.29
0 96.32 -5.89 2.05
0 95.28 2.25 2.29
0 96.55 -1.99 3.1
0 97.17 -5.18 3
0 95.9 -4.53 2.14
0 95.85 -5.86 1.66
0 95.41 -4.69 1.8
1.45 95.17 -6.97 3.8
0 96.26 -11.02 1.96
1.18 96.55 -12.53 2.29
0.13 97.32 -14.29 2.93
0 97.25 -15.36 3.26
0 96.96 -14.59 3.1
0 95.66 -8.8 2.97
0 95.49 -5.97 1.65
0 95.52 -3.92 1.71
0 95.78 -3.01 2.26
0 96.03 -1 1.81
0 95.75 -5.94 1.39
0.22 96.31 -9.1 2.74
0 97.61 -15.4 3.32
0 97.6 -15.43 3.05
0 96.69 -14.38 2.82
0 95.59 -11.73 2.58
0 95.25 -8.57 2.07
0 95.89 -11.07 2.98
2.21 96.14 -11.68 1.92
0.03 96.3 -12 4.34
0.23 96.79 -10.75 4.81
0 97.27 -10.79 2.97
0 97.44 -11.79 2.41
0 97.05 -12.1 1.1
0.01 96.66 -12.15 1.52
0.03 96.8 -11.15 3.99
0 97.42 -9.93 3.39
0.02 96.78 -8.2 1.8
0.22 96.6 -8.72 3.21
0 97.2 -12.65 3.39
0 96.47 -10.95 2.39
0 95.99 -11.29 3.48
0 96.19 -12.44 1.78
0.01 96.14 -10.73 2.39
0.03 97.14 -13.99 2.76
0 97.59 -16.74 3.34
0 97.39 -15.05 2.02
0 97.21 -13.91 2.24
0 96.95 -14.22 2.51
0 96.91 -13.92 2.98
0 96.82 -12.45 1.89
0 96.63 -12.36 1.53
0 96.63 -12.51 2.7
0.05 96.9 -13.81 3.29
0.01 97.07 -13.79 1.78
0.11 97.23 -14.07 2.08
0 97.66 -14.37 1.59
0 97.96 -13.56 2.37
0.02 97.48 -13.38 2.6
0 97.19 -13.79 3.3
0 96.98 -10.94 2.88
0 96.56 -4.16 2.43
0 96.24 -4.59 1.58
0 96.17 -7.02 1.35
0 96.06 -5.92 1.99
0 96.29 -5.32 2.02
0.03 95.55 -3.84 3.82
0.03 96.02 -2.48 2.46
0 95.76 -5.8 1.91
0.72 95.83 -6.27 2.9
0.23 96.69 -9.36 1.89
1.54 96.69 -9.01 1.35
1.47 96.93 -12.11 3.56
0 97.08 -11.68 2.08
0.21 96.98 -10.75 1.86
0.16 96.97 -11.38 1.53
0 96.28 -4.66 2.72
0.74 96.19 -4.85 1.64
1.98 96.6 -3.98 2.4
0 96.6 -4.15 1.73
0 96.45 -0.44 1.74
0 96.78 -0.6 1.53
0 96.41 0.99 1.85
0 95.94 2 3.14
2.96 95.69 1.63 2.18
0.27 96.41 -2.74 2.7
0 97.09 -4.29 1.64
8.03 96.52 -1.85 3.54
0.92 97.19 -7.85 3.71
0.06 96.75 -6.93 3.11
0 96.45 -5.72 2.84
0 96.46 -5.84 2.08
0 96.57 -3.84 2.65
0 96.24 -0.92 1.83
0.13 95.71 2.3 2.42
0 96.49 -0.7 3.36
0 96.24 -0.52 3.84
0 96.29 -2.54 3.98
0 96.66 -1.07 3.34
0 96.37 0.65 3.07
0 95.81 2.52 2.72
0 95.06 7.28 2.05
0.02 95.72 3.52 3.95
0 96.92 -1.12 3.88
0 96.63 -3.71 4.25
0 96.4 -2.52 2.85
0 95.83 3.37 2.85
0 95.43 5.65 4.32
0 95.87 2.8 3.18
0 96 1.03 2.37
1.52 96.63 -2.1 3.73
0 96.75 -1.83 2.78
0 96.47 -1.14 2.27
0 96.6 -1.16 4.01
0 102.26 0.35 2.35
0 102.21 1.63 2.47
0 102.03 3.71 2.59
0 102.32 3.44 1.92
0 101.97 7.55 2.64
0 101.68 8.58 1.96
0 101.23 10.88 3.46
0 102.49 3.6 4.08
0 102.46 3.39 2.43
0 102.02 6.21 2.22
0 101.93 8.12 1.48
0 96.3 10.12 2.66
0.08 95.61 10.77 4.77
1.22 95.88 8.77 4.03
0 95.93 8.55 3.58
0 95.68 10.17 3.59
3.06 96.39 6.4 3.11
0 96.1 9.62 2.95
0 95.47 15.05 3.19
0 95.54 14.36 1.76
0.07 94.81 16.25 2.89
0 95.61 11.63 4.59
0 95.46 12.39 3.85
3.26 95.34 9.47 5.95
0.72 96 7.68 4.9
0 95.92 10.24 2.25
0 95.3 14.29 3.55
56.66 96.02 8.32 2.4
3.51 95.91 7.38 2.04
12.22 95.65 6.3 2.68
3.75 95.24 7.22 3.52
0.21 94.83 9.25 1.9
12.42 94.82 9.6 2.42
1.54 95.49 8.38 2.87
0 95.04 10.26 1.76
49.66 94.45 9.01 1.58
9.57 94.37 9.9 2.28
1.44 95.25 14.26 3.4
0.24 95.5 12.73 3.59
0 95.84 13.44 2.63
2.52 95.44 13.07 2.68
142.87 94.68 10.02 2.87
0.14 94.66 11.52 3.06
0.02 95.17 14.03 2.58
2.54 95.26 14.94 3.45
28.06 94.96 16.71 2.56
0 95.22 18.56 2.02
0.16 94.9 17.33 4.02
0.7 94.84 13.94 5.48
0 95.01 16.2 5.71
0 95.13 17.19 3.83
0 95.66 14.51 3.32
0 95.67 15.12 2.03
0.01 94.6 17.82 2.56
23.44 94.36 18.44 3.44
13.53 95.48 14.68 2.88
1.56 95.61 13.03 3.06
0.5 95.52 13.58 3.79
0 95.35 18.5 3.08
0 95.47 19.59 2.75
0 95.62 21.57 3.05
4.35 95.57 20.88 3.77
11.71 95.52 19.13 4.39
0.05 95.32 20.45 2.87
0.51 95.16 23.74 4.62
9.94 95.21 22.78 2.57
35 94.77 19.71 2.98
9.9 94.68 17.79 2.63
0.05 95.15 19.97 2.5
6.01 94.9 20.77 4.42
7.17 94.95 19.83 3.27
0.34 95.22 20.37 1.86
1.2 95.1 23.33 2.04
31.79 94.49 24.39 2.91
17.37 94.2 22.07 2.39
29.81 94.44 21.57 2.03
0 94.84 23.13 2.43
55.61 94.8 20.94 1.96
196.25 94.97 16.63 2.07
8.34 95.14 19.82 1.99
14.66 95.19 21.68 1.57
59.51 95 20.67 1.99
73.89 94.98 18.78 1.98
96.28 95.19 17.57 1.66
1.28 95.32 20.54 1.55
0 95.25 23.02 1.4
0 95.12 25.08 2.05
0.05 94.84 26.48 2.6
0 94.76 26.97 2.65
9.08 94.52 22.84 2.23
87.17 94.73 17.36 2.46
1.54 95.42 20.19 2.41
0 95.78 21.27 1.66
8.56 95.16 22.03 2.85
15.29 94.5 22.51 2.22
7.98 94.73 24.59 2.46
0.05 94.9 24.32 2.89
27.81 94.81 23.37 2.43
38.58 94.85 22.55 1.57
0.27 94.72 23.88 2.08
0 94.83 24.51 2.26
0 94.97 25.71 2.12
41.78 94.53 22.66 2.09
0.8 94.21 25.28 2.91
116.08 94.29 19.03 1.72
21.54 94.37 19.62 2.44
6.03 95.02 21.9 1.73
13.09 95.21 23.58 2.16
9.6 95.28 24.23 2.15
11.93 95.29 23.79 2.23
1.4 95.09 24.21 1.47
61.12 95.18 22.58 1.84
14.9 95.16 23.08 1.49
38.72 95.04 22.67 1.61
19.3 95.09 21.87 1.51
43.69 95.13 22.62 1.3
234.26 94.97 21.24 1.55
85.03 94.93 21.46 1.36
99.08 94.88 22.15 1.8
36.38 94.84 23.45 1.87
0.46 94.89 25.29 1.5
33.69 94.89 25.64 2.03
472.74 94.69 22.56 2.24
99.2 94.62 23.24 2.14
15.52 94.85 23.29 1.97
1.07 95.04 25.06 1.55
54.4 95.22 22.66 1.46
148.73 94.86 21.34 1.56
0.02 94.93 23.75 1.62
0.41 95.06 24.84 1.86
1.15 95.43 23.59 1.72
0.07 95.06 23.83 2.04
0 95 24.18 1.84
0.03 95.21 24.35 1.62
8.26 95.21 23.39 1.35
12.58 95.22 23.91 1.49
20.63 94.81 24.04 1.58
13.26 94.94 25.55 1.73
0 95.35 25.17 1.22
0 95.2 25.83 1.33
0 94.93 25.86 1.73
13.55 94.68 25.55 1.75
71.2 95 22.34 1.81
304.83 95.07 19.27 1.62
26.24 95.08 21.95 1.46
22.93 95.27 21.42 1.23
0.2 95.53 22.03 1.44
0.21 95.69 22.33 1.31
0 95.67 23.55 1.35
0.97 95.55 23.75 1.61
33.9 95.76 21.53 1.62
0 95.77 21.02 1.26
30.08 95.75 20.58 1.45
6.3 95.97 20.67 1.44
0.59 96.06 21.45 1.31
22.15 95.86 19.71 1.56
12.45 95.52 21.18 1.24
1.34 95.43 22.53 1.42
0 95.36 23.5 1.38
32.56 95.1 22.98 2.54
1.81 95.62 19.73 1.73
0 95.44 20.21 1.42
4.52 95.94 18.96 1.9
0.36 95.88 19.26 1.32
0 95.93 18.65 1.29
0 95.5 19.62 1.3
16.69 95.12 19.18 2.57
4.64 95.76 14.46 1.88
0.2 96.34 14.18 1.77
5 96.61 13.9 1.74
16.43 96.09 16.89 1.84
0.34 95.82 17.55 2.01
0.09 95.42 19.96 2.83
11.5 95.45 18.02 1.88
9.67 95.65 15.64 1.55
47.55 96 13.7 2.26
0 96.4 10.59 2.36
0 96.84 10.42 1.99
0 96.67 10.98 1.35
0 96.33 12.23 1.53
0 95.92 13.54 1.52
0 96 14.62 2
0 95.93 15.04 1.77
0 95.67 17.57 2.46
0.09 95.95 18.33 1.84
0.14 96.12 18.83 2.53
0.03 95.96 18.01 2.09
5.35 95.76 16.08 1.93
0.21 96.19 10.53 2.89
0 96.73 7.6 2.38
0 96.77 8.1 2.62
0 97.24 8.54 2.75
0 96.89 9.66 1.47
0 96.22 11.51 2.11
0 95.62 13.16 2.9
0 96.21 10.62 1.94
0 96.21 10.78 1.33
0 95.99 14.19 2.14
0.12 96.34 14.4 2.37
0 96.89 10.12 1.29
0 96.61 12.13 1.5
0 96.03 14.33 1.31
61.65 95.49 11.14 1.54
6.34 95.39 10.04 1.81
1.34 95.01 9.52 2.4
0.97 95.51 9.85 3.68
0 96.54 5.94 2.07
0 96.6 8.82 1.45
0 96.41 11.03 1.99
0.01 96.25 14.31 2.83
0 96.17 13.7 1.82
0.31 96.04 11.88 1.33
28.03 96.57 5.79 3.34
0.01 96.94 3.25 3.06
0 96.98 4.55 1.68
0 96.54 6.19 1.45
0.92 96.39 7.87 2.29
0 96.66 6.82 1.42
0 96.33 7.24 1.46
0 96.15 9.28 2.66
0 96.35 10.81 3.44
3.51 96.52 12.07 2.47
0.21 97.1 6.44 1.55
0.94 96.82 8.12 1.4
2.39 96.53 10.47 2.48
0.34 97.2 4.24 2.94
0.05 97.08 2.76 1.45
0 97.02 3.76 1.57
0 96.98 3.85 1.49
0 96.79 2.54 1.18
0 96.16 2.76 1.23
0 95.58 4.48 1.91
0 95.84 6.22 2.83
0.04 96.64 -0.42 2.5
0 96.76 -3.32 1.59
0 96.82 -2.52 1.38
0 96.99 0.71 1.82
58.79 96.38 1.4 0.96
8.27 96.11 0.17 2.69
1.58 96.36 -4.09 3.24
0 96.88 -5.66 2.04
0 96.87 -3.69 1.65
14.31 96.43 -4.46 2.41
0.21 97.08 -7.1 2.85
0 96.81 -7.78 1
0.09 96.81 -5.97 1.43
0.38 96.11 0.37 1.69
0 96.2 -0.9 1.21
0 96.99 -2.44 2.28
0 97.56 -6.96 1.7
0 97.85 -7.28 2
0.1 97.13 -7.26 0.97
0.03 96.4 -5.15 1.03
0 96.61 -5.87 1.37
0 96.95 -7.46 0.98
1.56 97.2 -7.75 0.86
1.64 97.13 -4.75 0.93
1.21 97.39 -6.42 2.49
0.03 97.73 -10.97 3.67
0 97.37 -10.8 2.68
0.01 96.53 -6.71 3.71
0 96.54 -3.25 2.3
0 97.02 -6.18 1.5
0.01 96.34 -3.48 2.6
0 97.02 -8.17 4.05
0 97.26 -11.98 3.09
0 97.4 -11.8 3.17
0 97.12 -10.26 1.96
0 97.18 -10.01 1.84
0 97.08 -10.55 1.06
0 96.74 -9.79 1.71
0 96.69 -8.93 3.47
0 96.97 -10.86 2.22
0 96.46 -9.02 2.57
0 96.65 -11.88 1.65
0 97.15 -11.83 1.51
0 97.42 -10.83 1.56
0 96.93 -7.66 1.64
0 97.28 -9.87 1.69
0 97.65 -13.87 1.19
0.16 97.11 -12.32 1.04
0.01 96.86 -9.77 1.62
0.21 97.26 -10.73 1.77
0.68 96.7 -11.21 2.24
0.16 96.84 -11.96 3.54
0 97.09 -11.57 2.24
0 96.86 -10.91 1.61
0 97.68 -13.44 1.35
0.2 97.59 -14.2 0.99
0 97.15 -11.6 1.25
0 97.12 -12.79 1.08
0.1 97.15 -11.94 2.78
0 97.31 -12.08 2.52
0 96.39 -7.05 2.51
0 96.63 -8.62 1.88
0 96.55 -8.71 1.8
0 96.31 -9.91 0.99
0.07 96.1 -8.21 1.17
0.14 96.32 -10.36 1.05
0 96.49 -10.1 1.16
0 96.92 -10.51 1.13
0.02 97.57 -12.72 3.2
0 97.47 -16.63 2.98
0 97.15 -17 2.32
0 96.63 -16.28 1.97
0 96.47 -15.38 2.51
0 96.08 -13.5 2.53
0 96.16 -12.57 1.64
0 96.69 -13.44 1.54
0 96.94 -13.95 1.49
0 97.32 -14.65 1.55
0.08 96.97 -16.18 1.36
0.52 96.45 -14.98 3.39
0 97.26 -16.51 3.79
0 97.27 -15.14 2.67
0 96.28 -12.38 2.56
0 96.37 -9.72 2.13
0.26 95.81 -6.03 2.2
0.03 96.38 -11.49 4.62
0 96.65 -14.85 4.22
0 96.23 -11.86 4.11
0 96.39 -9.74 2.73
0 96.74 -10.19 2.49
0 96.76 -10.1 1.73
0 96.52 -8.32 2.31
0.04 96.18 -3.76 1.97
0.14 96.72 -7.47 2.86
0 96.7 -9.7 2.57
0.05 96.77 -10.49 2.92
0 96.91 -11.94 4.15
0 96.82 -9.58 2.9
0 96.22 -5.86 2.46
0 96.3 -7.13 1.92
0 96.09 -8.32 1.3
14.42 95.66 -6.58 2.2
0 96.64 -6.73 2.33
3.8 96.47 -6.07 1.98
0.03 96.96 -7.78 3.08
0 96.9 -7.7 2.13
0 96.39 -5.55 1.81
0 96.01 -1.43 2.55
0 96.12 0.33 2.04
7.68 96.66 -3.08 1.56
0.59 96.88 -6.16 1.97
0.32 96.87 -5.42 1.53
0.07 96.24 -1.36 1.77
33.7 95.48 -2.5 1.34
29.22 95.53 -3.25 2.35
0.04 96.19 -3.81 3.04
0 96.93 -7.15 3.23
0 96.67 -7.54 1.82
0.28 96.51 -6.77 4.14
0 97.01 -6.89 3.44
0 96.68 -5.1 1.79
0 96.01 -0.98 2.71
0 96.57 -0.15 1.96
0 96.23 2.65 2.94
6.17 95.29 5.48 3.8
6.28 95.88 -1.72 3.39
12.52 96.78 -6.7 2.45
0 96.53 -1.87 2.02
0 96.48 0.3 1.87
0 95.86 4.76 3.2
0 96.4 3.08 1.7
6.9 95.51 1.86 3.86
0 95.92 0.72 5.24
0 96.4 1.16 3.14
0 96.08 5.02 2.15
0 96.25 8.81 2.91
0 96.49 9.53 2.97
0.32 95.45 10.85 6.41
0.65 96.1 2.43 4.41
0.44 96.09 0.49 4.18
0 96.1 0.64 1.98
5.91 95.94 2.2 2.56
0 95.6 4.77 3.71
0 95.38 5.46 4.43
0 95.68 4.65 4.24
0.1 96.06 4.26 2.44
0 95.61 9.68 3.39
0 95.67 11.46 4.03
0 95.6 13.14 3.2
10.29 95.3 14.24 4.83
7.28 95.67 8.49 4
0 95.1 12.64 2.88
0 94.99 14.24 2.94
0 94.95 15.89 3.07
1.78 95.53 10.66 3.39
0 95.92 9.59 2.43
0 95.02 15.99 3.83
0 95.05 18.05 3.89
2.13 95.48 14.28 3.84
55.21 95.97 12.99 3.05
2.62 95.39 12.32 2.13
0.35 94.7 14.19 1.85
0.38 94.71 17.38 3.37
162.36 95.12 12.97 2.42
95.5 95.06 10.09 4.23
0 94.54 11.52 3.07
0.11 94.22 12.71 6.12
0 95.47 10.5 2.87
0 95.48 13.02 2.38
0.35 95.17 17.81 3.4
0.53 95.71 17.32 2.35
11.73 95.22 18.17 2.16
0 95.27 21.01 1.93
1.52 95.39 20.74 2.29
0 95.47 18.57 3.19
0 95.1 18.16 2.12
1.45 95.11 16.9 1.59
0 95.32 18.31 1.89
0.07 95.62 19.99 2.27
3.14 95.76 20.79 2.37
61.19 95.82 15.69 1.7
26.06 95.39 13.63 2.43
17.05 95.15 12.14 2.78
6.38 95.09 13.24 3.67
0.02 94.82 13.1 2.78
9.49 94.56 13.16 4.36
0.06 95.03 16.33 1.74
0 94.97 21.94 3.52
23.99 95.47 20.43 2.87
8.35 95.85 18.86 1.86
0.13 95.73 20.43 3.24
2.03 95.43 19.96 3.61
7.17 95.53 17.8 2.7
0 95.51 17.68 2.66
0 95.33 18.56 2.48
0 94.95 20.78 2.36
0 95.41 20.96 2.27
0 95.56 23.07 2.27
12.93 95.55 21.39 2.63
62.63 95.96 15.58 2.52
0.22 96.07 17.45 1.72
13.32 95.67 17 2.7
15.5 95.39 17.55 2.72
137.27 95.17 15.77 2.04
15.43 94.85 19.23 3.1
1.62 95.02 21.03 1.9
8.03 94.64 20.27 2.17
15.66 94.48 22.26 2.1
30.57 94.49 22.44 2.39
101.54 94.35 21.44 3.12
16.17 94.48 17.82 2.54
2.01 94.19 17.65 2.92
11.74 94.27 17.61 2.21
133.47 94.87 15 1.95
321.89 95.09 15.07 1.92
133.9 95.11 16.12 2.43
4.38 94.99 19.66 1.54
5.55 94.86 22.79 1.63
11.77 95.05 21.81 1.8
76.89 94.8 21.71 1.46
18.53 94.85 22.17 1.57
3.9 95.01 22.09 1.41
40.76 94.99 21.22 1.6
1.01 94.77 22.38 2.18
49.15 94.79 22.45 2.36
36.22 95.15 21.25 1.96
10.57 95.52 22.82 2.09
1.64 95.67 23.06 1.69
2.99 95.43 20.87 2.03
89.85 94.98 20.8 1.89
0 94.81 23.86 1.91
3.19 94.45 24.88 3.38
5.4 94.44 23.4 2.95
0.65 94.39 23.43 2.53
0.07 94.77 23.89 1.66
1.75 94.93 23.51 1.58
0.95 94.81 24.07 1.49
22.4 94.8 24.56 1.82
28.78 94.81 25.39 2.04
43.69 94.86 24.45 1.87
184.26 94.43 21.26 1.75
38.6 94.17 20.35 2.36
57.97 94.56 20.13 2.66
7.85 95.06 21.87 2.56
0 95.1 21.83 1.64
0 95.13 23.08 1.58
0 95.39 24.81 1.4
0 95.51 24.72 1.98
0.16 95.33 24.7 2.17
2.64 95.15 25.28 1.45
5.76 95.09 25.77 1.61
63.2 95.05 24.37 1.67
545.65 94.59 22.66 3.32
0 95.12 23.93 1.35
0 95.35 24.28 1.61
10.7 95.28 24.38 1.96
96.24 94.9 25.22 3.02
3.53 95.23 24.54 1.6
163.5 94.82 23.32 2.07
36.09 94.47 24.37 3.14
0.46 95.1 22.59 1.52
116.42 95.41 19.99 1.39
201.83 95.54 19.12 1.64
219.07 95.48 20.38 1.34
28.38 95.53 22.07 1.55
199.67 95.55 21.99 1.67
0 95.74 23.39 1.14
0 95.57 24.46 1.14
0 95.22 25.69 1.86
12.44 95.1 25.09 1.75
16.43 95.36 23.92 1.22
0 95.24 24.55 1.5
13.6 95.31 21.33 2.03
27.59 95.32 19.02 2.05
1.51 95.46 20.52 1.57
3.79 95.18 19.25 1.72
4.69 95.21 21.34 1.51
0 95.58 22.43 1.69
0.05 95.2 23.3 2.75
120.48 95.16 23.45 2.07
3.77 95.25 22.02 1.52
21.27 95.22 21.06 2.17
8.61 95.86 17.37 1.84
0.03 96.01 17.05 1.75
0 95.8 20.15 2.23
0 95.73 21.82 1.97
0.22 95.58 22.03 2.31
2.09 95.59 21.74 1.43
19.07 95.5 21.52 1.43
0.65 94.98 22.89 1.84
1.79 95.13 24.2 2.18
0 95.42 24.62 1.75
0 95.54 25.21 2.05
0.89 95.57 24.96 1.95
219.9 95.47 18.27 2.75
46.27 95.86 14.14 2.46
0.36 95.91 13.99 1.76
0.98 96.06 16.46 1.73
0 95.98 19.47 1.99
42.23 96.09 17.82 1.43
2.12 95.98 17.44 1.08
0 95.91 18.95 1.13
0 95.85 20.84 1.39
46.6 95.53 19.5 2
89.89 95.5 14.36 3.15
0.55 95.66 12.75 2.3
0 96.05 14.17 1.44
0.14 96.5 14.58 1.05
0 96.59 14.48 1.24
0 95.92 15.35 2.11
0 95.45 16.32 2.31
0.41 95.45 16.41 1.53
0 95.7 17.97 1.61
2.94 95.62 18.38 1.97
0.86 95.61 17.69 1.4
6.9 95.92 16.5 1.31
0.53 96.26 16.28 1.33
20.19 96.15 15.55 1.67
4.24 96.36 15.74 1.32
61.24 96 11.78 1.63
42.57 95.94 10.34 5.65
0.97 96.13 12.09 3.13
0 96.16 11.74 1.52
0 96.02 12.98 1.41
0.38 95.82 14.65 1.9
1.07 95.64 14.09 2.43
0 95.78 13.5 1.92
0 96.3 11.94 1.5
0 96.75 12.47 1.09
0 96.61 13.85 1.38
0 96.13 15.47 2.13
40.33 95.67 13.47 2.75
0 96.2 9.26 1.98
0.05 95.84 10.87 2.28
0 95.62 13.2 1.93
0.07 96 9.81 3.22
0 96.43 7.49 1.88
0.02 96.57 8.09 1.8
53.89 95.93 9.5 3.12
0 95.99 5.06 3.04
0 96.04 6.15 2.15
0 95.92 8.01 1.89
0 96.26 7.39 1.48
69.96 96.56 3.17 1.17
72.9 95.99 2.97 1.93
0 95.7 6.62 1.72
0 95.43 9.54 2.57
0 96.07 9.18 1.62
0 96.12 10.94 1.94
9.12 95.94 11.28 2.54
0 96.89 4.43 1.68
1.6 96.78 1.24 2.08
0.06 96.41 0.86 2.51
0.03 96.23 0.62 2.03
0 96.21 2.49 1.45
0 96.42 1.97 1.82
20.88 96.38 2.8 1.49
184.27 95.91 1.68 152.11
56.02 96.23 -0.03 2.92
0 96.34 -1.64 1.11
0 96.01 0.14 1.52
0 96.24 0.71 1.28
0 96.69 -0.67 1.12
48.96 96.37 -0.82 0.85
143.37 95.02 -1.71 4.5
0.31 95.56 -3.36 2.96
0 95.62 -5.1 3.81
0 96.44 -4.19 2.43
0 96.74 -5.27 1.18
19.87 96.18 -2.07 1.34
0 96.1 -4.4 149.92
0.02 95.84 -3.78 2.65
0.01 96.38 -2.38 2.64
0 96.43 -4 1.3
0 96.07 -1.59 1.77
5.61 96.55 -4.44 2.1
0 96.53 -6.24 1.99
0 95.99 -4.69 1.95
0 95.9 -2.22 3.05
0 96 -6.41 2.47
0 95.12 -3.25 3.12
0.03 95.81 -5.12 3.76
0.02 96.38 -8.15 1.94
0 97.09 -11.68 2.33
0.15 96.81 -12.59 1.77
0.39 95.7 -4.59 2.7
2.62 95.82 -6.73 3.74
0 96.11 -9.75 1.71
0 96.14 -11.88 2.84
0 96.11 -13.6 2.27
0 96.26 -14.81 2.18
0.02 96.28 -15.93 3.62
0 96.38 -11.05 3.3
0.07 96.99 -12.04 1.33
0.05 97.16 -12.32 0.99
0.13 96.65 -10.68 1.67
0.03 96.61 -7.77 1.21
18.06 96.65 -8.65 1.33
0.69 96.46 -7.59 1.32
0.63 96.84 -10.46 1.24
0 97.19 -11.68 3.41
0 97.31 -13.99 2.09
0.01 96.77 -14.03 0.92
0.22 96.89 -11.4 147.21
4.73 96.82 -9.09 2.95
0.01 97.31 -14.7 2.75
0 97.16 -18.66 2.42
0 96.34 -17.55 3.84
0 97.46 -17.76 2.21
0 97.22 -17.58 1.22
0 96.58 -13.1 1.17
4.41 96.55 -13.05 1
18.79 96.61 -11.85 3.37
0 96.24 -14.8 3
0.03 95.72 -14.83 1.77
0 96.12 -16.55 3.26
0 97.27 -17.9 3.44
0 97.85 -15.75 2.09
0 96.9 -16.1 1.42
0 96.7 -14.12 1.55
0 96.62 -14.72 1.23
0 96.5 -14.16 1.46
0.03 96.93 -16 1.75
0 96.76 -15.12 1.79
0 96.61 -14.39 1.23
0.41 96.24 -12.07 0.92
0 96.32 -11.3 1.59
0 96.34 -12.56 0.92
0 96.76 -10.14 1.89
1.47 96.51 -12.09 1.68
0 97.2 -13.54 2.35
0 97.49 -11.65 1.68
0 96.5 -7.89 1.95
0 96.98 -9.04 1.26
9.94 97.01 -8.57 0.96
0.55 97.01 -8.4 1.69
0 96.82 -12.18 1.2
0.02 95.69 -7.76 2.36
0.03 96.25 -12.53 3.76
0 96.34 -14.33 1.46
0.32 96.67 -13.65 1.19
0.08 96.6 -11.11 1.62
0 96.13 -6.21 1.18
0 96.42 -6.98 1.19
0.07 96.37 -5.32 1.5
1.72 96.28 -5.02 1.53
1.14 96.79 -6.91 3.66
0 96.99 -9.82 2.19
2.85 96 -8.07 2.45
0 96.71 -8.71 2.76
0.02 96.27 -7.59 1.7
0.95 96.55 -13.79 3.68
0 97.42 -17.07 4.23
0 97.32 -15.59 1.47
0.28 96.41 -11.12 2.04
0 97.02 -12.12 2.15
0.14 97.08 -11.62 1.77
0 96.35 -6.74 82.19
0 96.11 -4.21 2.65
0 96.74 -8.08 2.22
0 96.71 -9.67 1.46
0 96.04 -6.38 2.21
0.04 95.95 -4.35 3.74
0 96.68 -9.8 3.16
0 96.85 -11.54 2.12
0.02 96.77 -10.92 1.72
0 96.66 -7.66 2.84
0 96.86 -6.44 2.6
0 96.79 -4.46 1.58
0 96.9 -5.63 1.66
5.51 96.77 -6.21 1.71
0.31 95.9 0.03 2.6
0 95.81 0.97 2.35
0.29 95.29 -1.51 5.08
0 97.04 -7.07 5.21
0 97.13 -5.4 1.63
0 96.02 -0.37 2.7
0 96.33 1.79 2.19
0 95.74 5.42 2.84
0 95.65 3.62 1.56
0 95.08 4.71 1.96
0 94.95 1.45 2.35
0 95.04 -1.51 5.15
0 96.57 -1.12 1.96
0 95.86 4.05 3.42
30.79 95.7 0.61 3.24
0 96.92 -5.16 3.94
0 96.5 0.07 2.86
0 95.98 5.29 2.59
0 96.39 5.44 2.59
0 94.93 7.91 3.2
0.63 95.01 -1.29 3.72
21.22 95.78 -5.93 2.8
0.44 96.25 -6.04 2.66
0 95.01 1.48 5.1
0 95.96 -2.1 2.64
22.71 95.62 -4.15 3.19
0 96.33 -4.23 2.94
0 96.2 -1.41 1.61
0 95.27 4.54 3.75
1.32 95.38 2.71 3.44
0 96.25 -0.2 3.23
0 96.46 -1.12 2.18
0.69 96.37 0.37 1.77
8.73 96.07 1.89 2.15
93.42 96.14 0.89 2.51
0 95.72 4.55 2.59
0 95.69 6.57 2.62
16.81 95.88 1.02 2.17
53.48 96.13 -0.08 3.06
0 95.91 0.48 2.68
0.32 95.1 2.15 2.46
16.12 95.08 1.57 3.28
4.99 96.01 0.92 3.46
0.66 95.89 1.92 3.19
0 95.92 3.05 3.34
0 95.47 8.23 2.62
0.26 94.93 8.01 4.04
0 95.25 3.92 4.37
0 94.94 5.48 2.38
4.68 95.2 5.07 3.1
37.89 95.56 2.31 794.27
3.62 96.52 1.9 4.48
0 96.55 3.29 2
0 96.22 5.98 2.45
0 95.91 9.16 2.07
0.31 95.4 12.28 4.35
66.72 95.39 7.77 2.32
1.24 95.31 8.13 2.84
0.03 95.39 9.41 4.48
0 95.44 10.84 1.69
0 95.43 14.03 2.1
6.4 95.24 12.46 3.25
0.24 95.38 12.65 5.61
0.44 95.84 12.02 5.17
0.67 95.92 12.34 2.06
1.27 95.78 12.6 2.02
6.37 95.99 13.43 1.83
0 95.78 17.14 2.71
0 95.93 20.69 1.71
0 95.82 22.39 2.06
0 95.87 21.95 2.64
0.15 95.65 21.85 3.92
17.1 95.3 14.9 2.19
19.07 94.42 15.47 3.67
0 94.02 18.49 4.04
0 94.58 17.26 2.41
0 94.67 19.05 2.45
0.6 95.23 17.65 4.25
0 96.14 17.19 2.49
0 96.08 18.16 2.16
0.67 95.47 18.76 2.82
0 94.92 19.15 3.09
19.18 94.26 15.91 4.7
0.01 94.28 18.11 4.01
0 94.56 19.7 2.47
0 95.48 20.32 2.06
4.48 95.3 23.65 3.5
2.2 95.82 18.61 2.19
0 95.48 21.23 2.14
3.32 95.25 21.07 3.4
2.35 95.07 19.27 3.5
0.89 94.78 19.42 2.65
0 95.06 20.1 3.91
0 94.91 24.11 3.05
0.04 94.55 25.34 4.36
0 95.18 20.74 2.32
8.94 94.98 19.15 3.02
0.05 95.12 20.51 2.96
19.15 95.76 18.31 2.21
50.11 95.64 18.54 2.28
5.95 95.45 19.22 2.8
4.92 95.25 21.82 2.72
0.97 95.11 22.45 3.37
50.17 95.44 17.41 2.32
4.49 95.67 17.63 1.7
18.77 95.4 16.06 1.98
4.64 95.19 17.9 1.87
0.02 95.26 22.48 3.23
0.16 95.26 24.01 3.63
2.92 95.13 24.44 2.64
131.64 95.06 19.77 2.38
7.46 94.77 21.79 1.68
47.38 94.46 21.09 1.85
0.23 94.81 23.77 1.85
0 95.33 24.22 2.21
0.05 95.48 24.7 1.87
1.89 95.26 22.85 1.5
7.27 94.93 22.52 1.89
50.5 94.8 21.69 2.31
62.78 94.57 21.24 2.34
137.05 94.26 20.81 1.94
64.04 94.4 22.43 2.24
74.31 94.81 21.49 1.86
205.3 94.9 22.08 2.64
23.35 94.86 23.09 3.09
92.58 94.58 22.97 2.12
206.37 94.09 22.95 2.59
0.07 94.09 24.85 2.89
3.51 94.08 24.81 2.32
1.76 94.44 25.05 2.03
1.41 94.69 24.99 2.23
8.08 94.54 25.41 3.42
60.99 94.78 24.34 1.85
98.67 94.99 22.2 1.45
2.28 95.17 22.74 1.34
0.69 95.17 23.08 1.23
12.7 95.14 23.74 1.87
26.29 95.32 23.39 1.96
0.22 95.32 24.55 1.73
214.34 94.64 22.19 1.9
145.2 94.45 23.15 2.68
0 95.06 23.75 2.09
0.27 94.96 22.78 2.16
85.53 94.82 22.01 2.06
3.13 95.04 22.54 1.72
0.37 95.06 24.17 1.56
20.37 94.94 24.02 1.9
10.96 94.5 24.11 1.85
1 94.54 24.78 2.68
0.01 94.86 24.86 1.77
0.05 94.9 25.3 1.62
43.03 94.69 23.1 1.4
11.38 94.59 25.69 2.04
0.28 94.56 25.62 1.44
1.71 94.37 26.26 1.83
8.85 94.49 26.08 2.02
26.25 94.79 25.48 2.61
0.39 95.03 25.66 2.37
1.54 94.82 25.93 2.44
21.52 94.45 26.65 2.53
34.68 94.3 25.43 1.81
9.93 94.47 26.27 2.26
25.42 94.72 26.56 2.08
12.78 94.5 26.8 2.02
13.49 94.68 25.08 1.7
1.7 95.09 26.24 1.49
6.68 95.2 27.07 2.46
50.7 94.93 24.89 2.54
4.61 94.92 25.86 2.61
20.53 94.87 26.85 2.21
3.44 94.89 26.63 1.9
239.27 94.38 25.02 1.64
0.07 106.79 26.3 2.35
0 95.37 23 2.37
0 95.63 22.42 1.72
4.19 95.61 21.73 1.01
2.26 95.22 24.15 2.27
0.27 95.35 23.35 1.83
0 95.53 23.15 1.57
0.07 95.52 23.42 1.46
15.11 95.27 22.58 1.76
21.18 95.34 20.23 2
6.38 95.31 19.79 1.56
260.58 94.7 18.66 1.34
21.07 94.87 16.33 2.92
0.16 95.59 16.41 2.32
30.13 95.66 17.17 1.89
1.8 95.91 16.5 1.63
9.88 96.08 16.73 1.56
0 96.16 16.74 1.33
11.37 96.04 17.27 1.39
157.29 96.01 14.8 1.42
33.35 96.07 15.17 1.28
9.54 96.12 16.76 1.27
2.17 96.08 18.21 1.35
10.2 95.62 18.9 1.8
0.22 95.68 17.7 1.47
0 95.78 17.81 2.26
2.11 95.56 20.18 2.48
47.01 94.92 19.91 2.94
0.38 95.21 20.02 2.96
0 95.84 14.55 1.66
1.09 95.54 16.63 1.56
8.83 96.05 17.02 1.38
9.36 96.52 16.22 0.99
6.01 95.62 19.62 2.7
0 95.98 18.51 1.37
0.09 96 19.12 1.36
3.06 95.89 18.36 2.31
62.98 96.19 13.59 2.63
0 96.46 9.44 2.26
0 96.3 11.22 1.98
0 95.99 12.32 1.88
0 95.34 17.15 3.01
0 95.38 16.46 2.53
0 96.25 13.76 1.32
0.76 96.22 14.44 1.74
163.87 96.19 11.65 1.96
0.02 96.32 10.92 2.47
0 96.16 9.97 1.63
0 95.51 16.69 3.21
0 96.45 14.37 1.25
0.01 96.5 15.16 2.14
0.04 96.7 13.2 2.23
0.35 96.26 11.64 1.58
0 95.29 15.33 2.53
9.43 95.28 14.16 3.51
0 95.76 11.29 2.84
0 96.24 12.04 1.51
45.41 96.28 10.78 2.05
5.27 97.08 5.2 3.95
0 97.18 3.37 1.28
0 96.75 6.77 1.3
0 96.8 7.46 1.39
0 96.58 10.66 2.37
37.97 96.72 9.54 1.39
2.75 96.74 7.85 1.81
0 96.62 6.62 1.02
28.33 96.5 6.19 1.93
58.46 96.41 2.83 2.02
0.01 96.62 4.52 3.26
0.01 96.86 6.35 2.45
0 96.43 5.29 1.28
0 95.91 7.25 1.75
7.66 96.38 6.24 1.51
1.59 96.96 4.77 2.18
0 96.91 4.02 1.39
0 96.98 4.86 0.84
0 96.77 5.18 1.21
0.41 96.23 8.28 1.82
2.33 96.49 7.88 2.83
0 96.89 6.04 1.64
0.02 96.16 6.46 2.18
0.2 95.71 6.68 3.36
0.01 96.13 3.93 2.55
0 96.21 3.37 2.13
0.17 96.68 3.64 3.24
0 96.73 -0.7 3.51
0 96.79 1.18 2.11
0 96.65 1.83 1.56
0 96.08 2.25 2.26
0 95.81 3.37 2.75
0 95.79 3.3 1.9
0.15 95.9 2.7 2.95
0.01 96.31 -2.02 3.65
0.04 96.49 -2.53 5.18
0 96.42 -3.1 3.26
0 96.47 -2.25 2.1
0 96.67 -2.53 1.13
0 96.43 0.99 1.65
0 96.11 1.47 1.55
0.03 95.76 0.08 1.95
0 95.63 -3.04 3.93
0 95.78 -5.91 3.15
0 96.06 -8.86 5.59
0 96.24 -5.36 3.14
0 95.83 0.34 2.77
0 96.43 -1.96 2.15
6377.95 96.22 -1.35 2.23
6377.95 95.96 -0.78 1.29
6377.95 96.22 1.66 1.83
6377.95 96.21 1.48 2.03
6377.95 96.47 -0.84 2.42
6377.95 96.05 -1.57 1.13
6377.95 96.15 -4.04 1.23
6377.97 96.1 -2.76 1.94
6377.96 96.31 -4.72 2.88
6378.12 95.8 -6.66 2.9
6378.25 95.84 -7.63 2.06
6377.95 95.96 -10.44 3.61
6377.95 96.3 -10.83 2.58
6377.95 96.65 -8.42 2.51
6377.95 97.24 -8.07 1.39
6377.95 97.17 -9.1 1.31
6378.44 97.44 -10.86 2.33
6378.12 97.09 -12.35 2.55
6378.16 96.96 -11.27 2.89
6377.96 97.35 -10.34 2.31
6377.95 97.41 -9.82 1.25
6377.95 97.13 -9.89 1.02
6377.95 97.25 -8.65 1.38
6377.95 97.23 -9.16 1.05
6377.99 96.62 -6.49 2.32
6378.05 97.1 -9.32 3.79
6377.95 96.8 -10.48 1.59
6377.95 96.33 -10.5 2.35
6377.95 95.62 -5.77 3.09
6377.95 95.41 -4.94 2.78
6377.95 95.01 -2.35 3.9
6377.95 95.36 -3.32 2.72
6377.95 95.66 -3.26 2.92
6377.95 96.22 -4.83 2.32
6378.94 96.18 -7.62 1.7
6381.64 96.4 -7.76 1.91
6377.99 96.18 -6.9 2.78
6377.95 96.61 -5.85 2.62
6377.95 97.11 -13.2 2.74
6377.95 96.75 -14.01 2.33
6377.95 96.73 -11.49 2.15
6377.95 96.81 -9.56 2.2
6377.95 97.34 -11.45 2.18
6377.95 97.05 -12.64 1.56
6377.95 97.09 -11.16 1.8
6377.95 96.87 -7.84 1.73
6383.8 96.88 -9.22 1.57
6377.95 96.87 -10.41 1.63
6377.95 97.11 -8.11 1.96
6378.53 96.16 -6.35 3.6
6377.95 96.59 -9.29 4.41
6377.95 96.82 -9.36 2.67
6377.95 96.14 -5.93 1.85
6377.95 95.36 -1.83 3.32
6377.95 95.84 -2.74 2.37
6377.95 96.77 -7.57 3.29
6377.95 96.45 -7.7 3.67
6377.95 95.76 -3 4.34
6377.95 96.45 -6.94 3.39
6377.95 95.09 -0.78 5.07
6377.95 95.78 -5.91 2.95
6377.95 95.92 -6.23 1.77
0.39 95.51 -3.16 2.07
0.07 95.48 -3.72 4.72
0 96.38 -11.19 3.89
0 96.58 -11.28 2.08
0 96.73 -11.18 1.57
0 96.95 -9.32 1.73
1.77 96.65 -9.83 1.65
7.29 96.68 -11.57 3.11
0 97.32 -13.31 3.41
0 97.16 -13.44 1.49
0 96.58 -11.39 1.53
0 97.18 -11.51 1.64
0 97.2 -11.44 1.88
0.06 96.35 -4.99 2.9
0 96.37 -5.19 1.88
0.1 96.95 -5.63 2.02
0 97.5 -7.56 2.09
0.99 97.08 -8.61 1.7
1.11 96.8 -7.95 1.72
0 96.77 -7.14 1.68
0 96.69 -4.51 1.96
1.65 97.17 -6.22 1.62
0.13 97.02 -4 1.36
0 96.57 -1.11 1.55
0 96.42 1.89 1.95
0.75 96.12 4.3 3.92
3.35 96.78 -2.15 4.17
0.05 96.54 -5.78 1.67
0 96.37 -4.17 1.7
0.27 96.32 -4.24 2.14
0.49 96.3 -4.75 1.68
2 96.6 -3.81 2.87
0 96.68 -5.47 3.1
0 96.86 -6.55 2.63
0 96.85 -5.31 2.25
0 96.36 -4.26 2.02
0 96.65 -4.5 2.37
0 96.19 -2.14 2.33
0 95.88 2.43 3.68
0 96.55 -0.37 3.91
0 96.18 -1.14 1.96
0 95.71 2.23 2.98
0 95.35 7.48 2.52
0 95.78 5.26 2.37
0 95.24 8.12 4.37
0 96.39 4.8 2.15
0.09 96.3 3.99 3.9
0 96.62 4.23 4.79
0 96.06 6.74 2.67
0 96.05 8.2 3.18
0 96.37 8.11 2.62
0 95.37 12.89 4.48
0 95.31 12.28 2.49
0.02 95.31 11.77 2.39
0 95.42 11.44 2.89
56.54 95.13 11.78 2.87
23.68 95.59 10.43 2.61
0 95.81 11.38 2.14
1.4 95.93 9.87 2.07
0 95.41 12.09 2.47
0 96.06 8.98 3.77
0 96.51 3.7 4.48
0 95.68 6.84 4.57
0 96.29 5.69 3.66
0 95.69 13.13 3.65
0 95.6 14.68 1.72
0 95.49 14.6 2.36
0 95.65 12.6 4.17
0 96.42 9.94 2.13
1.24 96.05 10.89 1.81
0.62 95.77 11.83 1.95
0 95.88 13.79 1.9
0 95.76 17.87 3.41
0 96.33 13.93 3.19
0 95.66 13.84 2.21
9.09 95.62 9.64 2.56
0.02 96.31 9.5 2.97
21.06 96.18 8.32 2.65
0.06 95.73 10.04 640.27
0 95.81 12.14 3.51
0 95.51 14.6 2.72
1.19 95.21 17.06 3.83
7.6 95.48 17.74 4.37
0.36 95.92 17 3.85
31.64 96.19 12.02 3.24
0 96.41 13.01 2.5
0 96.26 14.09 2.14
0 95.66 15.49 1.65
0 95.11 18.84 2.14
5.49 95.03 18.94 4.5
137.88 95.67 7.94 4.87
6.51 95.32 9.42 4.65
10.74 95.52 5.92 5.33
0.12 95.76 8.08 4.12
0.22 95.19 12.01 2.5
44.8 95.14 9.08 3.75
1.3 95.71 12.46 2.08
60.2 96.02 11.22 2.45
3.08 95.94 12.72 2.09
265.89 95.01 9.3 2.58
76.18 94.16 15.24 3.88
0 94.32 18.15 3.8
0.08 94.67 14.92 3.55
0 94.45 14.79 3.12
0.09 95.22 17.16 2.75
2.3 95.61 16.98 2.11
2.47 95.22 19.46 3.07
93.01 94.9 16.94 2.6
5 94.91 17.65 2.64
0.03 95.02 19.54 2.27
0 95.07 22.03 2.56
0.31 95.37 25.1 3.78
48.68 95.25 17.48 2.84
0.71 94.77 17.36 5.01
0 94.21 21.69 4.09
17.43 93.98 19.1 2.86
0.48 94.45 22.81 2.95
0 94.49 24.66 58.72
0.13 95.13 25.19 2.57
0 95.09 27.38 3.4
6.24 95.28 23.81 2.76
1.07 95.42 21.89 2.67
0 95.28 22.53 2.15
1.56 95.07 22.72 1.89
28.53 94.93 23.75 2.34
260.43 95.06 17.02 2.65
151.54 94.9 14.24 3.23
27.34 94.64 16.75 2.66
46.26 94.97 16.14 2.32
46.39 95.36 15.87 1.84
18.47 95.41 18.73 2.04
24.92 95.19 20.45 2.53
11.43 95.24 21.28 2.28
0.02 95.12 22.16 1.99
4.88 94.92 23.61 1.89
102.88 94.75 20.84 1.91
118.59 94.64 20.23 2.37
100.37 94.73 19.66 2.34
6.4 95.02 19.86 1.86
54.44 95.16 19.61 1.86
6.06 95.3 19.35 1.61
125.9 95.34 18.83 2.08
1.82 95.21 21.82 1.91
0.09 94.84 23.81 2.35
11.65 94.68 23.01 3.24
26.85 94.7 22.58 3.71
0.55 95.11 22.46 3.79
0.94 95.04 23.22 2.99
0 95.13 24.51 1.8
0 95.11 24.97 1.74
20.82 95.06 23.53 2.48
131.91 94.78 20.85 2.35
22.81 94.51 23.34 2.48
0.19 94.97 25.03 2.13
1.15 95.08 25.27 2.93
1.87 94.92 25.55 2.34
4.54 94.72 25.06 2.91
16.85 94.62 23.98 3.63
0 94.81 23.89 2.66
0 94.51 24.59 3.31
3.71 94.6 23.13 2.85
8.21 94.79 22.48 2.72
0.63 94.72 23.43 2.46
2.59 94.81 24.23 1.94
28.6 94.8 23.91 2.55
141.17 94.86 22.25 58.81
13.77 95.09 22.85 58.13
0.5 95.17 26.2 1.81
0.77 95.27 28.5 2.29
3.19 94.9 29.22 4.35
104.68 94.73 24.59 2.4
0.32 95.05 22.52 1.58
0 94.77 24.85 2.41
0.13 95.12 23.15 1.72
0 95.17 22.99 1.77
0.01 95.36 23.52 1.85
5.85 95.26 25.49 2.29
4.26 94.8 27.13 3.2
8.57 94.82 25.81 3.64
19.65 94.98 24.14 2.13
0 95.06 25.87 2.5
0 95.03 27.14 2.77
3 94.86 27 2.5
14.44 94.8 26.13 1.95
96.86 95.07 20.64 2.54
1.32 95.06 22.39 2.05
0 95.31 22.99 2.56
0 95.44 22.23 1.63
0.02 95.32 22.91 1.98
34.43 95.07 22.2 2.1
33.63 94.79 21.79 1.99
4.96 94.95 22.78 3.3
0.36 95.16 21.81 2.06
28.33 95.23 19.18 1.84
22.47 95.14 19.24 1.67
14.47 95.16 20.4 2.15
12.14 95.29 20.8 1.74
3.68 95.42 21.38 1.91
7.53 95.61 21.36 1.6
0.48 95.55 22.82 1.65
0.86 95.24 24.45 2.27
8.51 95.2 24.5 2.04
38.92 95.16 23.55 2.09
43.17 95 23.14 2.09
178.52 95.24 19.76 2.15
2.23 95.53 20.08 2.3
0 95.67 21.04 1.75
0 95.75 22.74 1.89
8.38 95.89 21.08 1.77
4.78 95.93 21 1.5
1.11 95.89 21.2 2.07
13.32 95.72 20.18 1.61
12.71 95.69 20.15 1.87
274.17 95.61 16.49 2.21
1.46 95.27 17.86 1.93
0 94.93 20.52 2.44
0 95.48 19.1 1.53
0 95.5 20.46 1.55
3.14 95.1 20.85 2.77
0.03 95.35 19.03 2.85
0 95.53 16.38 1.43
0.01 95.81 17.66 1.67
0.13 95.81 18.85 1.94
21.83 95.86 17.44 1.35
0.42 95.7 19 2.41
0.18 95.98 16.51 2.92
0 96.08 14.49 2.66
0 96.14 13.77 1.54
0 96.21 16.24 1.31
0 96.18 17.14 1.94
11.43 95.52 16.9 2.32
43.84 95.46 15.02 2.68
0.05 96.06 14.53 1.61
0.57 96.12 16.52 2.03
88.41 96.25 13.09 1.87
26.68 96.03 13.38 1.71
0 95.96 13.86 1.59
53.63 95.35 14.64 2.47
0.11 95.88 13.68 2.12
0.85 95.81 14.23 2.64
20.96 96.54 7.35 3.84
0.1 96.68 6.1 1.72
56.96 95.82 7.13 1.59
43.51 95.66 7.83 2.34
0 96.01 8.85 1.52
87.81 96.23 8.05 1.42
11.95 96.67 8.72 2.35
0 96.52 9.28 1.98
0 96.1 12.36 1.78
0 96 13.94 2.35
0 96.15 16.35 2.33
0 96.44 13.92 1.61
0.64 96.32 14.5 2.75
0.56 97.25 9.42 3.77
0 96.84 5.19 1.93
0 95.95 8.23 2.21
0 95.46 10.39 4.54
0 96.03 9.9 3.15
0 95.73 12.87 2.34
0 95.85 13.55 2.25
0 95.57 16.29 3.8
0 96.32 8.64 3.04
0 96.74 4.26 2.08
0 96.23 5.83 1.79
0 95.46 11.16 3.15
0 95.17 13.72 3.15
0 95.34 12.09 2.06
0 96.79 5.45 4.94
0 97.25 2.56 1.64
0 96.69 3.81 1.62
0.05 96.4 8.03 1.76
4.86 96.53 9.05 27.41
2.24 96.29 6.65 1.66
6940.34 95.92 7.36 3.05
6940.39 96.1 4.51 3.99
6940.32 95.91 6.67 2.48
6940.32 95.54 8.02 3.54
6940.33 95.85 7.09 3.18
6940.32 97.13 0.21 3.27
6940.32 97.13 -1.32 1.64
6940.32 96.71 0.7 1.78
6940.32 96.49 3.81 1.66
6940.32 96.17 4.1 1.65
6940.33 95.81 2.71 3.07
6940.37 96.28 -3.47 5.57
6940.32 96.31 -1.95 2.81
6940.32 96.64 -2.1 1.63
6940.32 96.76 -1.17 1.56
6940.54 96.58 1.2 1.96
6940.32 96.94 -1.34 1.72
6940.32 96.87 -0.6 1.41
6940.32 96.2 1.49 2.65
6940.32 95.62 3.42 3.53
6940.32 96.1 0.91 2.57
6940.32 96.65 -1.52 2.04
6940.42 96.42 1.13 2.61
6940.32 96.78 -2.26 1.86
6940.32 95.93 -2.47 1.98
6940.32 95.45 639.88 4.46
6940.32 96.52 -1.91 2.1
6940.32 96.06 -1.52 1.47
6940.35 95.9 -0.5 2.04
6940.98 95.98 -0.86 4.93
0 96.57 -10.62 6.18
0 96.37 -10.54 3.5
0 96.1 -10.53 5.03
0 96.24 -10.44 3.97
0 96.35 -10.39 3.35
0 96.55 -9.28 2.15
3.48 96.58 -8.86 1.71
0 97.12 -10.19 1.52
0.04 97.01 -7.55 2.67
3.03 96.32 -4.19 4.55
0.08 96.76 -8.74 2.89
0.02 96.36 -9.54 3.75
0 96.52 -10.5 2.52
0 96.56 -8.69 1.75
0.28 96.48 -8.36 3.67
0 96.58 -11.84 3.57
0.01 96.63 -10.66 2.16
0 96.6 -8.18 2.39
0.16 96.23 -5.8 4.02
0 96.58 -9.6 3.56
0 96.25 -9.64 3.43
0 96.03 -3.85 2.5
0 96.03 -2.96 3.05
0 96.88 -5.05 3.63
0 97.13 -5.3 2.37
0 96.91 -7.6 1.47
0 96.49 -4.58 2.19
0 95.88 -5.13 1.88
0 95.22 -3.62 3.14
0.12 95.92 -6.08 82.33
0.03 96.67 -9.88 5.1
0.12 96.69 -10.73 2.76
0 96.62 -6.94 2.97
0 95.38 -2.69 3.59
0 95.61 -3.07 1.81
0.79 95.92 -2.4 4.48
0 96.49 -7.3 3.04
0 96.86 -9.04 1.63
0 96.77 -8.9 1.72
0 96.62 -5.89 2.29
0.07 96.16 -3.96 3.2
0 97.2 -7.04 2.37
0 97.39 -8.69 1.69
0 96.91 -5.55 1.81
0 97.03 -8.06 1.82
0.36 96.69 -8.55 1.82
2.45 96.66 -9.31 3.36
0 96.82 -8.86 1.88
2.66 95.68 -4.7 3.27
0.02 96.36 -8.02 2.04
0.05 96.26 -7.23 1.94
1.38 96.77 -7.02 2.52
0 96.27 -8.07 1.75
0 95.71 -3.64 2.97
0 96.6 -5.93 1.97
2.28 96.25 -4.78 1.51
2.99 96.79 -7.96 3.71
0 97.35 -11.51 2.78
0 97.21 -11.53 1.88
0.09 96.6 -7.78 3.33
0 97.21 -9.8 3.45
0 97.5 -9.21 1.8
0 97.29 -7.9 1.57
0 97.13 -7.44 1.48
0.1 96.98 -4.64 2.37
0.06 96.9 -5.75 3.36
0 96.81 -3.88 2.71
0 96.15 -1.45 2.93
0.03 96.99 -9.52 5.39
0 97.14 -11.54 3.35
0 96.41 -6.07 2.64
0 95.71 -3.2 2.07
0.01 95.74 -5.34 3.12
0 95.96 -5.92 2.46
0 95.6 -4.79 1.86
0 95.37 -0.07 2.25
0.02 96.05 -2.57 1.63
13.15 95.8 -0.87 2.71
0.01 96.4 -1.31 4.19
0 97.07 -3.11 2.61
0 96.61 -3.71 2.93
16.14 95.82 -0.35 3.41
22.51 95.26 -0.53 5.22
0.14 95.66 -5.2 5.42
0 95.93 -5.91 2.03
0 95.55 -5.25 1.87
0.61 95.99 -6.27 3.13
0 96.42 -8.32 3.36
0 97.08 -6.46 1.98
4.11 96.15 -2.63 4.61
0 95.78 -0.48 3.13
0.04 95.34 -2.15 2.49
0.11 96.02 -5.95 5.69
0 96.57 -6.02 2.88
0 96.33 -3.18 3.01
0 95.67 1.5 4.22
0 95.93 2.12 2.72
1.85 96.48 -2.37 3.33
0 97.31 -8.72 5.75
0 96.68 -4.16 3.21
0 96.28 -3.19 3.76
0 95.79 -2.69 2.87
0 141.22 636.33 639.95
0 95.95 0.36 3.5
0 95.57 5.78 3.57
0 95.46 6.06 3.22
0 96.2 3.79 2.54
0 95.52 6.49 2.84
0 95.74 6.86 3.55
0 95.87 6.2 2.59
0 95.8 6.9 3.81
0 96.77 2.53 3.92
0 96.95 3.08 2.69
0 97.15 3.83 1.72
0 96.92 7.54 2.88
0 96.7 12.44 4
0 95.92 13.15 4.96
0 95.43 12.38 3.61
0 95.6 10.68 3.27
0 95.13 14.1 4.1
8.77 96.05 7.11 3.29
0 96.2 5.39 1.7
196.75 94.64 2.79 2.44
0.7 95.46 4.74 2.44
1.82 95.42 5.75 1.85
0.15 95.91 4.89 4.26
0 97.07 -0.04 4.13
0 97.06 0.71 3.09
0 96.29 4.83 2.99
0.1 96 8.02 3.01
0.18 96.2 8.44 2.47
28.45 96.39 7.43 3.29
182.03 96.93 0.35 4.22
0.83 96.59 3.91 2.24
0 95.01 11.14 1.95
0.69 94.16 14.27 4.24
2.4 95.04 9.23 5.35
0 95.1 11.95 2.51
0.04 95.39 12.8 2.66
0.02 95.82 11.21 3.62
0.01 95.49 11.65 2.91
0.05 95.37 12 2.64
0 95.66 14.28 3.95
0 95.8 14.88 4.8
0 96.11 14.8 2.69
0 95.5 20.66 4.1
0 95.11 24.05 4.25
25.65 94.84 20.41 4.36
26.93 95.43 16.5 2.41
0 95.49 18.94 2.17
0 95.39 20.57 2.75
10.27 95.18 17.6 3.72
31.12 95.26 15.56 2.19
0 95.5 13.78 4.86
0 95.38 13.91 4.52
0 94.78 15.38 5.44
0 95.36 12.84 2.57
0.57 95.26 13.42 4.63
24.64 95.57 7.92 2.33
0 95.94 9.09 1.75
68.12 95.83 8.87 2.35
74.89 94.9 7.7 1.89
12.52 93.65 11.26 3.64
0.4 93.73 19.08 3.44
1.55 95 16.86 5.2
0.02 95.65 16.34 4.1
0 95.1 18.59 3.27
20.75 94.26 19.17 4.32
37.14 94.41 15.51 4.97
1.15 94.81 14.08 5.53
0 95.63 18.2 3.99
0 95.3 21.38 3.33
0 95.15 22.18 2.82
2.36 95.08 22.29 2.71
0.09 94.92 24.26 3.34
0.38 94.83 25.42 4
4.42 94.94 24.68 2.96
0.18 94.95 23.3 3.13
3.94 94.67 23.19 3.88
0.84 94.93 21.06 3.33
0 95.05 20.21 2.74
0 94.27 24.74 6.47
10.81 94.68 22.96 2.95
2.2 95.24 19.73 3.83
0 95.47 21.54 3.11
68.79 94.75 18.13 3.22
43.47 94.22 18.69 2.49
65.55 94.71 18.43 2.49
0.37 95.05 19.64 3.24
1.83 94.76 19.91 2.66
6.95 94.79 18.6 2.01
129.26 94.55 16.74 2.5
214.78 94.05 16.03 2.31
47.72 94.12 16.82 1.79
83.94 94.98 17.56 2.22
0.46 95.26 20.61 1.99
25.8 95.11 22.04 1.98
0.43 94.82 22.89 1.84
198.17 94.81 20.19 2.44
5.66 95.01 19.04 3.16
89.75 95.45 16.79 2.63
0.07 95.55 21.26 2.34
0 95.2 23.46 2.01
5.06 94.95 23.74 2.98
0.33 95.08 23.45 2.53
11.14 94.88 23.53 3.05
16.3 94.59 21.73 2.33
109.52 94.54 20.84 1.92
1.3 94.98 22 1.63
4.58 95.05 23.68 2.16
185.47 95.18 17.67 2.19
26.02 94.61 18.18 1.87
32.11 94.16 19.15 3.14
4.6 94.72 17.48 3.09
0.13 95.3 18.79 2.31
62.84 95.3 19.58 2.03
15.77 95.43 20.46 1.77
0 95.41 22.21 1.99
0.27 95.27 23.56 2.06
3.21 95.42 24.53 2.12
0.22 95.65 25.63 2.39
3.94 95.49 23.89 2.64
0.67 95.18 25.38 2.16
1.79 94.64 26.35 2.2
0.25 94.45 26.75 3.36
10.13 94.82 26.38 2.59
21.63 95.21 24.46 2.24
27.24 95.4 21.57 2.26
16.55 95.26 22.09 1.65
67.01 95.1 22.73 1.77
105.56 95.25 22.52 2.06
52.36 95.19 22.93 2.3
23.84 94.9 23.93 2.29
49.42 94.87 23.08 2.18
11.38 94.87 23.13 1.61
19.27 94.69 23.02 1.86
8.47 94.51 24.16 1.96
10.36 94.88 25.35 2.43
29 94.98 24.66 2.14
51.15 94.75 24.35 2.33
92.55 94.71 24.15 2.22
300.84 95.09 21.79 2.42
12.13 95.31 22.47 1.66
1.9 95.14 23.56 1.83
31.28 94.66 24.86 2.92
0.17 94.63 23.43 2.15
1.77 94.5 25.01 2.41
3.39 94.68 25.44 3.02
19.36 95.07 24.25 2.39
19.08 95.61 22.86 2.34
54.43 95.64 23.05 1.83
18.43 95.53 24.1 2.1
0 95.56 23.95 1.85
0 95.39 24.36 1.55
0 95.22 24.66 1.5
0 94.92 25.68 1.82
1.75 94.71 25.67 2.17
0.03 94.99 24.05 2.25
0 95.05 23.98 1.79
1.53 140.27 657.07 639.57
46.92 140.57 657.17 639.7
73.35 95.54 20.4 2.05
24.35 95.23 19.55 2.27
4.69 95.03 20.61 2.21
42.47 95.14 20.15 1.79
11.31 95.46 20.32 1.78
21.5 95.67 20.2 1.92
11.21 95.6 20.59 2.35
33.18 95.48 20.5 2.33
0.05 95.41 20.85 2.32
18.3 95.28 20.11 1.84
8.66 95.43 19.06 1.52
20.23 95.58 19.14 1.71
127.4 95.76 17.89 1.68
92.51 95.79 18.8 2.1
2.45 95.77 21.06 2.18
0.33 95.93 20.17 2.02
13.94 95.79 18.49 1.44
46.65 95.59 17.83 2.16
0.02 95.75 17.62 1.83
0 95.66 19.3 1.51
2.23 95.81 20.79 2.32
20.58 96.46 16.57 2.28
2.51 96.39 15.32 1.71
39.82 95.84 13.64 1.78
18.03 95.79 14.37 2.8
0 95.73 19.45 2.27
0 96.06 19.54 2.46
0 96.19 18.97 2.63
0 96.03 19.35 2.28
4.47 96 19.34 1.58
11.59 96.05 18.71 1.93
0.01 96.13 16.97 1.95
2.95 95.63 16.86 2.26
4.37 95.43 19.45 2.57
49.1 95.31 18.07 3.02
43.52 95.38 15.09 2.09
41.09 95.34 15.02 1.83
19.66 95.32 15.8 2.91
0 95.6 14.38 2.36
0 95.78 16.63 2.53
0.25 96.61 13.9 1.51
3.54 97.09 11.48 1.84
9.07 95.97 15.23 3.15
57.64 95.21 11.39 5.19
0.05 95.15 13.99 4.19
0 96.14 11.71 2.11
0 96.45 14.26 2.41
0 95.97 17.59 3.49
0 95.85 17.85 2.27
0 95.63 18.02 3.26
0 95.95 10.94 3.68
0.46 95.28 6.35 3.08
2.91 95.46 6.04 5.02
5.67 95.75 10.11 4.35
0 96.16 11.87 2.28
0 96.23 13 1.87
0 95.98 13.72 1.84
0 95.92 14.6 1.77
0 95.95 15.29 2.48
2.29 96.06 14.12 2.97
0 96.84 6.68 2.71
0 95.75 10.43 2.75
22.83 96.29 6.24 2.02
28.58 96.63 5.38 1.95
1.93 104.29 121.34 58.87
0 103.76 121.72 58.79
0 96.86 7.42 2.39
0 96.83 4.74 1.66
8.53 95.62 7.45 4.69
0 95.65 4.36 3.2
0 96.25 2.3 3.22
0 96.59 0.6 3.76
0 97.02 0.65 2.57
0 97.07 2.91 1.5
0 96.4 4.99 1.6
0 96.21 6.04 1.29
0 96.21 8.72 3.43
0 96.37 10.16 3.11
0.88 97.47 1.96 3.87
59.73 97.54 -3.11 3.32
34.69 97.14 -3.1 3.43
5.87 96.67 -2.62 2.11
0.25 96.73 -2.64 1.44
0 96.92 -2.78 1.25
0 97.06 -0.66 1.37
0.14 96.9 1.56 1.35
0.01 96.19 3.47 1.84
0 95.54 5.99 2.56
0.24 96.37 2.8 2.39
5.05 96.24 -1.67 2.54
0 96.91 -3.8 2.49
4.79 96.82 -5.01 2.29
10.41 96.81 -6.52 2.27
7.06 96.82 -7.73 2.01
8.16 97.31 -8.17 1.81
21.78 97.76 -10.7 2.71
8.26 97.83 -12.08 3.2
0.09 97.74 -14.22 2.13
0.01 96.87 -13.73 2.66
0 96.8 -13.6 2.82
0.06 96.34 -11.49 1.33
0.28 96.78 -9.29 1.48
14.54 96.48 -5.17 2.13
0 96.38 -7.46 1.61
0.4 95.7 -2.88 2.38
0.11 95.49 -4.71 4.57
0.28 95.78 -6.9 5.38
0 96.15 -4.58 3.53
0 96.81 -4.95 2.06
0 96.97 -7.51 1.44
0 97.14 -8.67 1.03
0 96.72 -3.47 2.2
3.98 96.37 0.95 2.79
0.02 96.58 -0.59 3.98
0 96.94 -6.08 1.83
0 96.6 -6.02 1.39
0 96.71 -6.28 1.14
3.87 96.05 -4.67 2.71
0.04 96.11 -6.03 4.04
0.05 96.67 -7.82 5.28
0 96.78 -7.5 2.78
0 97.21 -5.61 1.84
0 97.22 -6.04 1.57
0 96.34 -3.25 2.36
0 96.55 -5.1 1.64
0 96.66 -7.59 1.48
0 96.54 -5.12 2.08
0 96.65 -8.68 2.13
0.01 95.63 -6.8 3.07
0 96.64 -11.73 3.85
0 97.43 -14.06 2.05
0 97.16 -8.66 1.88
0.27 96.71 -5.68 1.55
1.62 96.95 -6.87 1.52
0 96.97 -7.94 1.81
0 96.1 -2.74 2.55
0.01 96.08 -5.33 1.37
1.86 96.28 -7.69 1.89
0 96.75 -9.96 3.45
0 96.59 -11.57 2.52
0 96.85 -9.81 2.97
0 96.7 -9.63 2.92
0 96.5 -10.03 2.62
0 96.25 -9.76 2.13
0 97 -11.42 3
0 97.26 -12.58 2.55
0 96.74 -12.39 3.14
0.08 96.07 -11.02 3.53
0.11 95.83 -10.53 2.43
0 95.88 -11.08 1.77
12.34 96.49 -13.75 2.56
2.52 96.51 -17.62 2.79
0 96.15 -18.22 3.91
0 96.78 -17.71 1.8
0 97.28 -17.17 1.4
1.13 97.22 -16.47 1.76
0.73 97.73 -19.59 3.2
0 97.63 -22.97 4.87
0 97.12 -15.39 4.23
0 96.54 -10.41 2.78
0 96.41 -11.14 3.09
0 96.5 -9.64 2.98
0 97 -11.84 1.9
0 97.46 -15.05 1.95
0 97.27 -15.93 2.24
0 97.31 -13.04 2.89
0 97.18 -10.78 2.47
0 96.82 -9.08 2.15
0 96.57 -8.24 2.48
0 96.79 -7.95 3.43
0 96.71 -8.26 3.65
0 96.65 -6.98 2.62
0 95.75 -6.64 2.56
0.01 95.36 -3.48 3.39
0 96.04 -2.84 2.61
0 95.73 0.93 2.77
0.1 95.65 1.1 2.12
3.08 95.84 0.86 2.74
33.64 96.55 -7.19 5.83
0 96.67 -11.69 4.94
0 96.05 -8.96 3.69
0 95.9 -4.81 4.05
0 95.88 -2.06 3.67
0 95.81 -2.8 3.63
0.13 96.68 -6.09 3.4
0 96.66 -8.31 3.74
0 96.54 -8.98 2.65
0.01 96.62 -5.95 3.24
0 97.52 -9.75 2.39
0 97.15 -8.44 2.57
0 97.08 -7.7 2.8
0.09 96.41 -6.08 3.04
0.02 96.48 -6.16 1.98
0.13 96.77 -7.36 3.97
0.08 97.04 -8.06 3.37
0.04 96.12 -0.83 2.98
0 95.71 2.66 2.49
0 95.66 1.64 2.33
0.24 96.05 0.44 1.46
48.2 95.87 1.24 3.51
0.03 95.9 -0.64 2.3
3.3 96.14 -2.94 4.08
0 96.92 -6.75 4.52
0 97.03 -6.68 3.45
0.02 96.8 -5.84 3.32
0 96.29 -4.87 2
0 95.67 -0.91 3.83
0 96.39 -1.03 2.59
0 96.22 1.38 2.25
0 95.68 4.96 3.01
0 95.52 8.49 3.49
0 95.15 9.82 4.84
0 95.5 8.07 3.8
0 96.41 4.59 2.03
0 96.64 5.83 1.97
0 96.26 8.86 2.7
0 96.6 6.33 4.43
0.02 97.18 2.84 4.96
0 97.21 2.75 3.23
0 96.87 3.36 2.97
0 96.45 7.76 2.84
0 95.9 9.46 2.28
0 95.25 11.49 4.24
1.39 95.73 8.11 3.33
0 95.74 9.03 3.1
0 94.82 15.24 4.81
14.47 95.02 11.33 4.82
1.13 96.1 7.25 3.8
0 96.12 8.41 3.27
0 95.29 11.05 3.75
0.1 95.59 10.7 2.8
0.92 95.01 12.5 4.6
0 95.3 10.89 4.1
0 95.28 12.4 5.55
0 95.52 8.13 3.17
0 96.16 5.93 3.47
0 95.75 6.94 4.32
34.57 94.85 8.42 2.67
0.16 94.56 10.74 4.61
0 95.67 11.75 3.69
0.37 95.22 15.23 4.78
24.5 95.11 10.69 3.63
1.87 95.09 7.1 4.28
9.42 95.42 6.93 2.5
4.02 95.78 8.54 3.31
0.03 95.4 13.79 2.77
0 94.54 15.94 5.63
0 95.08 11.99 5.77
0 95.63 11.6 2.81
0 95.14 14.42 4.55
0.77 95.87 11.85 3.07
21.88 96.11 9.94 2.04
1.31 95.71 13.01 1.85
0 95.85 13.51 2.38
23.45 95.09 13.66 2.72
0.09 94.69 17.27 2.81
18.35 94.41 21.35 3.93
145 95.17 12 2.77
99.99 94.28 11.31 5.1
0 94.82 15.96 3.15
23.22 94.86 15.11 4.45
0.05 95.1 13.76 5.91
0 95.89 16.05 2.82
0 95.36 18.42 4.32
0.88 95.47 17.28 2.29
0 95.2 17.45 2.2
1.21 94.42 19.91 4.67
198.88 95.09 12.02 4.12
0 96.03 14.7 3.71
27.73 95.67 12.21 3.87
1.71 95.42 13.06 3.44
0 94.93 18.12 3.18
0 95.05 23.35 3.69
0 95.36 23.84 4.43
0 95.57 22.45 3.94
0 95.74 22.03 3.71
0.02 96.34 19.71 3.47
0.03 96.27 19 2.67
42.3 95.44 15.3 1.84
19.92 94.38 16.36 4.59
14.38 94.67 18.61 3.3
0.24 95.12 19.03 4.08
0 95.09 21.81 4.26
0.09 94.69 23.97 4.31
0 95.02 19.77 4.07
0 94.74 22.48 3.98
21.14 95.52 17.36 2.39
0 95.59 20.21 1.82
0 95.23 23.45 2.79
0.01 94.9 24.16 3.29
0.02 95.04 22.78 2.78
0.18 95.31 22.99 2.35
23.74 95.43 19.88 3.17
6.88 95.5 19.4 1.97
0.07 95.22 21.86 2.39
17.14 94.94 21.76 3.91
122.52 94.71 20.16 4.5
34.16 95.16 18.52 2.41
8.09 95.07 19.91 1.99
4.63 94.72 19.95 1.95
157.73 94.62 15.82 2.28
20.33 94.65 18.27 2.11
2.38 94.28 20.27 2.4
37.95 94.31 20.77 1.94
2.87 94.85 21.44 2.79
0.02 94.95 23.65 2.36
18.52 94.64 24.95 2.86
32.58 94.64 24.18 2.73
36.36 94.66 23.02 2.3
23.86 94.89 21.53 2.66
7.02 94.93 21.54 3.55
0 95.1 24.34 2.74
0 95.06 24.93 2.05
25.77 94.81 23.44 2.48
64.54 94.94 19.76 3.1
99 94.79 20.57 2.43
48.34 94.79 20.86 2.04
0 94.93 21.18 1.94
0.21 94.91 22.65 1.68
0 95.05 25.35 2.74
0 95.23 24.73 2.72
2.16 95.43 25.13 1.9
0 95.52 26.46 1.93
0 95.46 26.68 2.82
0 95.2 26.36 2.65
0 94.95 27.77 2.12
0 94.71 28.78 2.6
5.46 94.4 29.07 3.7
84.6 94.63 22.99 2.16
1.5 94.96 24.8 2.47
1.12 95.3 23.51 2.62
7.18 94.99 20.45 2.03
5.06 94.85 20.32 2.13
2.24 95.15 22.14 1.8
0.1 95.17 23.86 2.11
34.3 95.26 23.42 2.52
271.28 95.32 21.2 2.39
812.73 94.84 21.67 2.56
45.31 94.63 23.61 1.76
8.6 94.52 26.59 2.7
0.41 95 26.31 2.09
468.62 95.02 21.41 2.61
4.52 94.92 22.62 1.57
1.76 94.69 24.25 2.14
28.65 94.67 24.36 2.3
30.84 95.05 23.91 1.85
157.93 95.32 23.85 1.98
62.47 95.43 22.52 1.75
35.83 95.52 23.19 1.93
0.34 95.52 24.89 1.6
0 95.48 26.29 1.51
0 95.44 27.04 1.85
0 95.35 26.84 2.09
229.94 95.06 25.81 2.18
183.05 95.42 23.72 2.3
0 95.53 22.68 1.45
0 95.2 23.89 2.31
0 94.98 27.16 3.63
0.95 94.98 28.83 3.63
17.66 95.04 25.96 2.3
0 95 25.1 1.76
0 95.25 24.51 1.97
5.26 95.17 23.41 1.56
59.65 95.02 22.41 2.05
3.99 94.9 23.03 1.48
277.26 94.85 20.62 1.68
20.96 95.26 21.61 2.29
14.08 95.4 22.22 1.68
0.86 95.53 23.37 1.81
2.36 95.63 23.74 1.55
15.62 95.18 21.6 1.65
15.31 94.96 23.8 1.97
117.31 95.68 18.44 3.86
0 95.99 18.33 2.12
3.77 95.66 18.5 2.11
3.42 95.61 19.24 2.09
0 95.76 18.72 2.29
0 95.2 18.5 2.41
21.07 94.15 16.95 3.94
28.53 94.02 15.96 2.52
11.27 94.69 19.19 1.51
31.24 95.21 18.67 1.21
84.23 95.47 18.03 1.58
72.66 95.39 17.76 1.51
17.05 95.25 19.39 1.67
3.01 95.01 19.15 1.65
6.29 95.08 18.43 1.71
35.82 95.38 17.43 1.54
13.03 95.55 17.03 1.75
52.87 95.91 16 1.95
20.03 96.16 16.51 1.49
2.08 96.12 17.52 1.45
30.51 95.92 19.16 1.93
0.03 95.79 20.12 1.73
5.03 95.85 19.14 1.91
2.77 96.27 16.9 2.15
17.61 96.42 14.77 2.41
0.14 96.46 14.47 2.38
0 96.33 14.6 1.54
1.14 96.15 14.85 2.1
4.23 95.78 16.97 2.26
4.44 95.47 18.71 2.19
1.87 95.22 20.35 3.5
0.05 95.87 17.78 2.12
10.94 95.69 17.45 1.85
2.34 96.36 12.88 4.37
0 96.82 9 2.36
0.04 96.07 10.38 2.5
0.08 95.7 15.92 2.04
5.33 95.58 18.91 3.62
4.23 95.59 15.76 1.93
1.04 95.56 16.21 3.3
77.19 96.12 8.53 2.34
19.15 96.21 7.46 2.18
0.61 96.8 8.99 1.62
65.35 95.98 10.51 2.66
1.12 96.12 6.83 4.5
0 96.39 5.41 1.95
0.59 95.96 7.15 1.98
0 96.5 6.5 74.63
0.24 96.5 7.88 1.67
0 96.07 12.43 1.61
0 96.16 13.8 1.79
0.22 96.34 15.25 2.87
9.19 95.83 14.26 3.73
0 96.27 10.48 2.06
0 96.06 12.08 1.97
0 95.87 13.79 2.56
1.92 96.77 5.86 2.97
40.21 96.17 5.92 1.8
46.73 96.81 2.69 3.14
0 96.48 3.07 1.45
0 95.86 4.2 1.45
0 95.47 8.91 3.04
0 96.65 4.22 2.18
33.95 96.7 3.33 1.37
16.46 96.87 3.09 2.95
0.23 96.99 0.84 2.66
2.86 96.66 0.59 3.36
0 97.49 -4.18 2.98
0 97.14 -2.71 2.61
0 96.41 1.08 3.18
0 95.85 2.36 1.86
0 94.96 4.43 1.73
0 95.92 2.66 3.27
0.19 96.8 -0.33 2.07
8.12 97.01 -0.98 3.29
0 97.4 -3.15 1.83
0 96.83 -1.73 2.28
3.05 95.36 2.94 3.74
1.78 95.56 -0.72 1.71
0.27 96.09 -0.26 1.6
0 95.6 4.28 3.48
0 96.21 2.18 4.66
0 96.54 -2.66 2.1
0 96.23 0.93 2.33
0 96.21 -0.28 2.45
0.34 95.61 1.97 2.44
2.88 96.1 -3.14 2.4
25.92 96.69 -6.54 1.7
58.47 97.01 -8.52 2.89
0 97.41 -11.09 2.94
0 97.11 -10.47 2.72
0 96.62 -7.96 2.55
0 96.27 -5.57 2.09
0 95.81 -2.02 3.39
0 96.58 -5.24 3.32
0 97.02 -4.26 1.73
0.1 97.31 -4.6 1.87
5.39 96.17 -0.43 3.56
0 96.91 -2.9 3.41
0 96.64 0.2 2.62
0 95.9 2.61 3.32
0 95.93 -0.66 2.51
0.48 96.59 -4.95 3.44
0 96.09 -4.9 3.07
0 96.29 -5.9 2.2
2.54 95.68 -3.22 3.44
0 96.65 -7.02 2.17
0 96.79 -7.75 1.34
0 96.23 -5.48 2.83
5.36 96.49 -3.25 2.41
0 97.1 -7.96 3.36
0 97.07 -9.86 2.22
0.01 97.04 -8.87 2.88
0 96.29 -4.74 2.53
0 96.22 -4.08 1.22
0 96.38 -3.84 1.03
0 96.44 -3.47 1.25
0.03 96.78 -3.25 1.2
0.09 96.77 -4.38 2.53
3.18 96.42 -8.79 3.9
0 96.85 -9.63 2.63
0 96.8 -9.81 1.32
0.04 96.59 -5 3.17
2.23 97.21 -8.64 3.54
0 97.14 -11.1 2.08
0 96.83 -9.26 3.73
0 97.07 -9.06 2.9
0 96.57 -7.68 1.78
0 96.43 -6.71 1.48
0 96.23 -2.89 2.99
0 96.38 -4.53 2.32
0 96.06 -2.01 2.66
0 96.65 -5.06 1.52
0 96.98 -6.61 1.29
0 96.5 -3.78 1.37
8.32 96.5 -3.73 1.67
9.76 96.09 -4.29 2.2
0.02 96.28 -7.09 3.34
0 96.54 -9.78 3.48
0 96.29 -9.78 2.68
0.01 96.01 -10.56 2.71
0 96.15 -9.84 4.13
0 97.1 -11.27 2.07
0.14 97.09 -12.85 1.41
0.03 97 -12.18 1.44
0.2 96.79 -10.13 1.95
0 97.1 -10.89 1.69
16.39 96.77 -11.89 2.82
0 96.88 -13.29 2.23
0 96.48 -11.98 4.36
0 97.16 -13.46 2.45
0 97.29 -13.81 1.55
0 97.41 -12.36 1.34
0 96.82 -8.02 1.86
0.05 96.04 -3.42 4.73
0 96.61 -6.44 3.49
0 96.03 -6.67 2.64
0.18 96.81 -10.26 4.2
0 97.19 -9.76 3.31
0 96.6 -7.29 2.93
0 97.34 -7.72 3.25
0 96.74 -5.44 2.13
0 96.16 -3.78 1.77
0.36 95.79 -0.55 2.32
0 96.14 -4.69 3.37
0.01 97.09 -6.13 2.64
0.01 97.04 -7.19 1.12
0.03 96.82 -7.89 5.33
0.01 96.37 -8.88 5.48
0 96.56 -8.69 4.56
0 96.68 -6.98 2.86
0 96.66 -6.2 1.67
0 97.13 -4.58 1.82
0 97.04 -3.52 2.08
0 95.86 2.03 3.38
3.75 96.11 -2.3 4.32
0 96.78 -6.48 2.99
0 96.2 -5.13 2.59
0 95.09 -1.91 4.5
0 96.86 -6.67 4.4
10.32 96.72 -6.13 2.7
18.21 96.02 -3.47 4.27
0 96.54 -4.12 3.56
0 96.26 -1.96 3.32
0 96.2 -0.57 3.11
0 96.42 -0.59 1.6
0 96.07 1.77 2.95
0 96.01 1.55 2.88
0.97 96.4 -3.72 3.97
0 95.65 -0.68 2.64
0 95.69 0.37 1.7
0.03 95.89 -2.14 2.43
0.16 96.33 -4.27 3.8
0.04 96.08 -6.45 3.63
0 96.1 -4.54 4.27
0 95.61 0.2 3.73
0 95.42 1.15 3.02
0 95.64 3.58 1.97
0 95.89 5.11 2.9
0 96.7 0.65 4.42
0 96.73 1.22 2.79
0 96.7 1.86 2.31
0 96.44 3.07 1.76
0 96.05 3.76 1.71
0.89 95.96 4.82 2.17
0 96.47 5.97 1.99
0.14 96.58 5.55 2.39
0.93 96.59 2.69 3.34
0 96.46 2.1 2.22
0 96.19 3.4 2.13
0.8 96.59 2.68 1.74
6.8 96.3 1.6 1.47
2.62 96.11 3.22 2.29
0.38 96.03 2.73 2.21
0 96.21 3.49 2.55
0 96.03 5.75 2.43
0 95.94 9.45 3.5
0.09 96.72 4.86 2.71
0 96.55 5.22 2.33
0 95.94 6.19 1.76
0 95.96 9.52 2.01
0 95.89 12.86 3.16
0 95.6 16.32 3.83
0.61 95.35 13.75 3.44
1.92 95.37 11.02 3.42
0.71 95.47 10.55 2.77
0 96.16 9.58 3.68
0 96.19 9.43 2.05
0 95.2 13.09 3.38
0 95.73 8.97 4.16
0 95.66 7.8 2.6
0 95.05 12.53 4.19
0 94.61 15.33 3.16
0 95.04 16.76 3.2
0.25 95.38 15.04 3.04
1.42 94.29 15.17 4.63
0.3 94.47 9.07 5.76
1.99 94.9 8.28 3.19
2.04 95.21 10.35 3.55
0 95.65 10.76 2.38
0.02 94.99 14.02 5
0 95.23 10.83 2.95
0 95.53 10.16 3.22
0.01 96.2 9.55 3.43
0 96.23 11.14 4.58
0 95.4 15.52 4.39
0 94.85 17.63 3.19
0 94.52 21 4.22
0 95.37 17.86 2.66
0 95.78 18.01 2.55
0 95.74 21 3.82
2.18 95.68 18.84 5.13
19.85 95.6 15.22 3.17
21.04 95.3 10.75 5.76
0 95.51 11.83 6.06
0 95.39 18.24 3.89
0 95.07 20.87 2.57
0 94.87 20.15 4.41
0.42 94.83 19.14 3.1
0.03 94.95 16.21 4.88
0 94.84 14.17 4.37
1.07 95.02 13.5 4.73
0.2 95.74 14.78 4.75
0 95.72 17 2.38
0 94.96 20.19 1.9
0 94.78 23.73 2.51
0 94.8 28.29 4.22
1.99 95.12 26.98 3.43
0.78 95.39 24.46 3.18
5.62 95.69 17.36 3.54
184.68 95.83 10.69 2.41
0.02 95.64 16.68 2.28
0.01 95.2 19.94 2.2
0.08 95.7 16.21 3.38
0 95.3 18.94 2.45
0 94.93 21.26 2.9
0 95.15 22.58 3.59
26.36 95.51 17.2 2.61
0.84 94.97 20.02 3.02
22.7 94.48 20.18 3.03
0 94.96 17.82 3.35
87.02 95.29 11.9 1.97
0 95.42 16.15 2.4
0 95.4 20.47 2.55
0 95.56 21.74 2.31
25.14 95.28 15.76 2.28
1.04 94.99 18.72 2.57
0.51 94.86 22.47 3.84
0 94.93 21.77 3.62
0 95.32 19.66 1.92
10.23 95.47 18.55 1.86
23.65 95.76 18.77 1.79
0 95.78 21.08 2.01
0 95.33 27.07 2.49
0.18 95.05 28.16 1.95
4.09 94.9 27.22 2.81
9.79 94.82 25.06 2.75
42.16 94.82 22.4 3.13
118.12 94.74 19.91 2
11.89 94.77 20.58 2.35
0.59 94.94 22.18 2.21
65.83 95.31 19.27 1.55
115.41 95.21 17.74 1.63
6.79 94.94 19.38 1.49
6.12 94.91 21.63 1.48
0 95.08 24.23 1.73
10.94 94.99 25.25 2.91
12.16 95.02 26.11 3.25
0.09 94.92 26.93 3.33
11.69 94.77 27.08 2.88
23.09 94.65 27.36 2.66
56.34 94.84 24.62 2.3
0.51 94.94 25.51 2
19.18 95.1 24.82 1.79
73.64 95.26 23.32 1.5
90.13 95.05 23.96 2.58
562.77 94.2 23.28 2.51
31.31 94.19 24.91 3.16
78.43 94.37 24.08 2.37
0.7 94.28 24.64 1.8
0 94.58 25.93 2.36
0.48 94.65 28.6 2.82
43.67 94.45 28.35 3.6
25.14 94.83 25.9 2.28
20.54 95.18 26.11 1.77
0 95.31 27.21 2
0 95.26 28.08 2.22
0.01 94.99 28.22 3.03
46.99 94.75 26.58 2.75
37.12 94.71 23.78 2.68
75.26 95.44 21.66 2.32
21.68 95.45 21.53 1.54
3.59 94.99 23.7 1.18
2.95 95.08 23.86 1.62
0.62 95.33 24.36 1.85
29.26 95.01 22.1 2.38
1.06 95.18 23.14 2.28
0 95.69 23.39 1.68
0 95.27 23.59 1.61
45.56 94.87 24 2.64
0.05 95.04 25.29 2.01
0.75 95.13 25.96 2.5
34.84 94.85 25.46 2.16
881.44 94.25 23.78 2.36
12.18 94.66 24.99 1.51
71.13 94.72 24.76 2.2
40.24 94.54 23.26 1.91
4.62 94.6 24.09 2.07
34.11 94.48 23.04 1.61
42.95 94.3 20.94 1.55
7.25 94.41 23.45 1.5
9.11 94.81 24.34 2.48
52.97 95.2 23.09 2.05
0.39 95.33 23.72 1.67
27.94 95.26 22.23 1.68
18.33 95.15 22.08 1.6
266.05 95.22 20.04 1.96
70.73 95.36 20.9 1.78
28.83 95.51 21.8 1.66
31.13 95.55 22.17 1.7
7.33 95.21 22.54 1.79
0.97 94.94 25.4 1.93
53.95 95.37 22.98 2.24
253.75 95.26 19.81 2.09
0.03 95.28 20.73 3.16
0 95.39 18.76 3.44
0 95.72 19.5 2.09
21.83 95.48 16.82 2.9
8.58 95.85 16.52 2.68
0 96.02 15.16 2.29
0 95.71 17.4 2.01
0.79 95.71 17.81 1.7
4.85 95.55 19.84 1.84
9.87 95.61 19.44 1.89
6.83 95.52 20.09 2.57
2.45 95.36 21.09 2.83
0.05 95.21 20.8 3.42
0 95.13 19.42 1.72
0 94.93 21.27 2.2
0.68 95.43 19.25 2.58
5.18 95.52 19.01 1.98
75.27 95.41 17.45 1.86
0.03 95.62 16.95 2.11
0 96.02 15.94 1.92
0 96.28 16.72 1.68
2.85 96.21 18.9 2.26
5.32 96.06 19.17 2.07
0.93 95.62 19.35 2.64
0.02 95.45 17.49 2.19
0 94.89 19.28 2.34
0.16 95.32 16.43 2.84
0 95.72 15.69 1.88
0.77 95.1 19.2 2.98
35.66 95.1 17.25 3.37
0 95.32 17.97 3.71
0.16 95.55 18.76 2.47
13.84 95.56 16.64 2.35
25.53 95.82 13.62 2.06
0.07 95.81 10.54 2.27
0 95.69 9.79 3.27
0 95.52 10.63 2.14
0 95.66 13.83 2.75
0.07 95.79 16.18 3.65
0 96.56 9.56 2.48
0 96.92 8.26 1.92
0 96.71 9.76 2.42
0 96.04 13.82 3.46
0 95.81 15.11 3.25
0 96.07 14.17 1.95
26.31 96.37 12.49 1.46
151.04 96.95 9.08 3.22
24.77 97 5.7 2.97
0.62 96.82 5.24 2.8
0.88 96.46 4.84 2.16
0 96.33 6.66 2.83
0.01 96.92 5.28 1.27
31.09 96.96 6.78 1.76
0.12 97.3 5.71 1.61
0 97.07 6.39 1.65
3.77 96.44 8.99 1.83
0.05 96.21 9.36 1.27
0 95.93 11.32 2.49
0.01 96.59 7.93 2.05
7.39 96.71 4.61 1.94
0.09 96.71 5.48 1.86
0 96.54 6.88 1.94
0 96.58 8.2 1.37
0 95.99 10.39 1.66
0.02 95.85 10.81 1.82
0 96.65 7.39 4.2
0 97.22 2.34 3.43
0 96.69 5.14 2.3
0 95.82 8.16 3.02
