0.96 95.98 -15.48 1.47
0.03 96.65 -16.66 1.7
22.44 96.52 -18.68 1.5
6.51 96.72 -17.91 3.17
0 97.05 -19.6 2.06
0.01 97.25 -19.55 1.97
0.11 97.34 -17.27 1.44
17.53 96.73 -15.95 1.07
7.28 96.89 -15.47 1.34
0 97.17 -15.47 1.37
0 97.16 -15.77 2.61
0 96.59 -18.54 2.89
0 96.62 -16.14 2.83
1.26 96.42 -15.49 1.22
0 97.52 -14.91 1.37
0 97.09 -13.83 1.08
0 96.74 -10.78 1.09
0.02 96.66 -6.67 1.25
0 96.13 0.48 2.93
0.09 97.31 -8.9 4.56
0 97.28 -12.63 2.59
0 96.99 -11.03 3.59
0 96.47 -8.16 2.99
0 95.87 -8.11 3.83
0 96.88 -9.23 3.23
0 105.77 -4.94 2.87
3.04 95.75 -3.51 2.36
0.01 96.41 -10.26 3.63
0 95.97 -5.29 3.98
0 96.01 -5.37 1.65
0 96.6 -8.47 1.6
0.41 96.78 -10.89 1.86
0 96.81 -14.16 2.08
0 96.74 -13.06 2.19
0 96.7 -13.32 1.96
0 97.04 -13.32 1.42
0.02 96.96 -11.26 2.06
4.48 96.02 -3.48 2.66
0 96.06 -4.17 1.74
0 96.67 -6.61 2.33
0 97.26 -9.78 3.1
0 97.68 -11.66 3.53
0 97.44 -11.52 1.87
0.05 96.8 -10.09 2.05
0 97.21 -10.03 2.35
0 97.39 -12.29 1.74
0 96.95 -10.27 1.67
0.01 96.49 -8.23 2.87
0 96.32 -8.34 2.32
0 95.77 -4.06 1.8
0 95.62 -6 1.63
0 95.73 -4.87 1.87
0 95.83 -4.26 2.41
0 94.77 1.31 2.13
5.31 95.06 -1.37 1.8
0 96.15 -5.36 2.44
0.29 96.35 -4.6 1.74
3.91 96.03 -5.36 2.07
1.9 96.62 -6.83 2.39
0.15 96.34 -7.14 2.03
0.43 96.07 -2.92 3.25
0 96.19 -2.14 2.75
31.89 95.71 -1.16 2.64
3.54 96.83 -8.63 3.37
0 97.53 -10.68 1.91
0.01 97.78 -11.01 1.85
3.35 98.09 -9.49 2.6
0.01 97.32 -9.15 2.54
0 95.97 -4.05 2.44
0.24 94.91 2.35 3.35
0.71 95.99 -3.79 4.3
0 96.68 -2.88 1.91
42.44 96.08 -0.53 1.89
1.64 96.04 -2.39 4.85
0.02 96.49 -4.26 2.37
0 96.88 -4.89 2.17
0 95.93 -2.79 2.7
0.42 94.51 3.99 2.71
40.53 95.12 -0.5 3.42
0 95.54 0.51 2.68
0.06 95.49 4.44 3.72
0 96.2 2.76 2.62
0 96.69 0.04 2.63
0.04 96.72 -2.97 3.14
0.69 96.22 -2.19 1.93
2.18 96.81 -1.71 1.87
0 96.71 3.32 1.64
0.09 96.51 5.83 1.98
5.59 95.92 8.8 3.98
2.49 95.62 7.8 4.14
0 96.06 2.75 5.06
0 96.11 0.46 3.87
0 95.81 4.5 3.74
0 95.45 9.23 3.45
6.13 96.07 3.34 2.36
0.01 96.74 2.27 2.16
0 96.2 7.18 3.32
0.36 95.03 12.15 5.29
34.78 95.76 2.62 2.61
0 96.07 3.86 2.85
2.3 96.01 2.7 2.02
39.23 95.82 1.02 3.05
0.03 96.62 -0.43 4.79
0 96.75 2.23 2.34
0.3 96.09 4.81 2.74
9.53 96.3 3.5 1.73
0 96.32 5.4 2.66
18.28 95.59 10.97 2.73
51.99 96.05 8.4 1.71
0.22 96.4 8.55 1.87
0.16 96.63 10.19 2.07
0.88 96.39 9.56 2.27
0.13 96.32 8.61 1.9
0 95.92 12.8 2.99
3.49 95.7 13.46 4.13
45.16 95.53 4.87 3.11
10.4 95.11 3.2 3.25
0.12 95.24 5.59 5.49
2.36 95.4 7.46 4.39
6.23 95.65 11.85 2.44
0 95.09 17.17 1.98
0 94.82 18.93 3.72
0.58 95.35 16.89 2.12
4.76 94.86 166.58 2.6
237.46 94.46 11.01 2.79
7.77 94.96 13.55 4
29.84 95.01 12.07 1.72
4.22 95.25 15.34 2.35
54.7 95.07 11.15 3.06
10.8 94.95 9.89 2.19
2.2 95.96 10.28 2.43
0 96.23 13.29 1.63
0 96.18 16.02 1.58
3.51 95.79 17.29 3.18
5.8 95.66 20.17 2.5
1.52 95.85 19.19 2.55
32.73 95.41 16.24 2.58
149.11 94.52 12.57 2.49
0.38 94.23 18.51 4.34
0 95.04 22.05 2.45
0 95.2 24.1 2.56
0.39 95.18 22.38 1.95
1.91 94.82 21.25 2.44
9.74 95.01 17.58 3.76
0.78 95.62 21.42 3.24
0.15 96.05 22.03 2.12
6.81 96.02 19.32 1.82
80.69 95.47 15.61 2.29
52.6 95.05 16.67 2.08
71.16 95.48 15.29 1.76
11.88 96.07 16.68 1.36
3.09 96.01 18.2 1.54
0.73 96.12 19.21 1.57
0 96.17 20.88 1.73
0.01 95.97 21.82 2.11
0 95.67 22.98 2.19
0 95.67 23.25 2.38
0 95.78 24.15 3.03
0 95.9 24.43 2.94
0 95.97 24.69 1.99
2.37 95.85 21.71 2.1
0.08 95.61 21.19 2.89
0.58 95.26 22.71 1.97
18.94 95.02 22.93 2.83
50.92 94.89 22.23 2.7
0.78 94.76 23.79 2.34
16.27 94.86 24 1.73
98.11 94.94 21.09 1.89
20.04 95.02 20.53 1.73
1.53 95.1 22.82 1.33
0.11 95.47 23.3 2.63
0.03 95.08 23.58 1.82
9.53 95.39 20.8 2.23
0 95.51 23.22 1.54
0 95.39 25.25 1.92
0 95.38 26.05 2.34
0 95.3 25.58 1.77
27.31 95.11 22.17 1.64
73.97 95.03 22.47 1.42
0.36 95.08 24.11 1.43
0.09 94.89 25.07 1.41
114.14 94.79 22.12 2.04
3.28 94.78 25.16 1.56
0.05 94.8 27.69 1.55
9.31 94.78 27.01 1.94
0 94.77 26.85 2.7
0.04 94.92 25.36 2.46
14.97 95.22 21.82 1.84
4 95.39 22.85 1.92
1.38 95.37 22.59 2.11
67.33 95.19 21.25 1.71
91.05 95.16 21.11 1.42
258.81 95.41 20.44 1.28
6.67 95.66 22.69 1.16
0 95.62 24.23 1.95
81.06 95.21 22.78 2.26
7.33 94.99 24.8 2.84
1.84 95.2 25.91 2.3
3.27 95.16 27.02 2.25
17.23 95.27 25.66 2.31
268.45 95.15 23.23 1.72
2 95.38 24.54 1.49
2.42 95.49 25.96 1.57
6.61 95.54 26.69 1.49
3.25 95.67 27.46 1.66
0.91 95.53 27.8 2.2
11.47 95.43 27.07 2.2
21.59 95.07 26.87 2.31
187.36 94.67 26.47 2.52
8.07 94.65 23.15 1.43
33.74 94.64 25.71 1.29
181.38 94.95 22.37 1.53
0 95.57 21.82 1.93
0.03 95.48 22.98 1.49
10.57 94.78 24.46 2.55
65.06 94.97 23.32 1.67
147.47 95.36 22.2 2.62
0 96.12 20.88 1.55
19.44 95.76 20.9 1.52
118.02 95.05 22.41 2.05
23.61 95.1 22.88 2.08
0 95.33 22.2 1.87
0 95.06 24.76 2.17
23.86 94.78 24.83 1.79
1.89 94.67 26.09 2.04
33.25 94.57 24.44 2.82
0 95.07 22.51 2.6
0 95.43 22.85 1.65
11.85 95.45 23.34 2.17
9.34 95.65 23.43 2.25
152.23 95.79 22.51 1.85
1.7 96.06 23.25 1.68
206.12 95.96 19.02 1.55
81.11 95.92 18.93 1.4
0.78 95.93 20.21 1.34
0 95.86 22.36 1.6
0.09 96.07 21.93 1.52
1.56 96.24 21.96 1.68
0 95.96 21.27 1.66
2.04 95.77 20.44 1.38
26.93 95.39 21.08 1.52
10.35 95.51 21.07 1.35
1.23 95.56 22.09 1.71
25.1 96.05 20.56 1.52
4.65 96.18 21.28 1.33
0.02 96.07 20.08 1.18
0 95.81 19.92 1.56
0 95.6 22.29 1.57
2.77 95.76 23.36 1.59
0 96.3 18.82 1.8
0 96.15 17.61 1.37
1.91 95.72 18.12 1.3
9.87 95.37 19.32 1.45
0.28 95.6 19.82 1.39
0 95.74 21.02 1.11
3.02 95.8 22.37 1.32
0 95.91 22.6 1.56
4.3 95.72 21.61 2.18
125.03 96.05 15.59 2.1
262.23 96.17 9.69 1.99
192.79 96.05 12.36 1.34
0 95.79 16.04 1.39
46.08 95.98 14.83 1.92
208.53 96.63 9.92 2.52
0 96.56 10.25 2.04
0 96.34 12.78 1.43
0.99 96.09 14.79 1.44
7.76 95.85 15.52 2.51
0.34 96.03 13.58 2.25
0 95.96 11.5 4.14
0 96.8 9.5 2.58
0 96.4 10.28 1.43
0.02 96.11 14.85 1.74
1.1 96.4 13.47 1.41
355.45 96.1 8.63 2.31
76.52 96.06 7.73 2.91
0 96.2 9.65 1.8
0 95.84 13.07 1.31
0 95.73 16.54 2.14
0 95.89 17.61 2.45
0 95.84 17.16 2.29
0 95.38 16.71 2.75
25.01 95.91 11.79 1.99
138.65 96.35 6.06 2.27
0 96.49 8.29 1.42
0 96.04 10.09 1.55
0 96.22 9.2 2.76
0 95.77 8.21 2.75
0 96.53 3.79 2.63
0 97.15 1.54 1.14
21.18 97.09 0.39 1.31
55.41 97.1 1.5 1.22
0 96.99 2.54 1.22
0 96.47 4.55 1.37
0 96.17 9.1 1.55
6.68 96.31 9.7 2.1
5.32 96.83 4.05 3.24
0 97.22 0.56 3.39
0 97.9 -0.94 2.4
0 97.09 0.83 1.55
0 96.94 4.59 1.86
0 96.93 5.84 1.37
0 96.99 6.03 1.41
0 96.8 6.22 1.81
0 97.3 2.86 3.33
0 96.9 1.85 1.85
0 96.44 5.65 1.71
0 96.54 4.88 1.26
0 96.23 6.95 1.67
0 95.92 7.6 1.47
6.46 96.05 4.21 2.52
0.32 96.58 0.61 3.2
0 96.29 -0.87 1.34
0 95.87 0.58 1.39
40.87 95.27 1.35 3.56
1.57 95.77 -0.26 1.94
1.27 96.75 -0.52 3.54
0 97.73 -4.14 2.49
0.04 97.11 -2.89 2.23
0 96.42 0.5 1.49
0 96.36 1.32 1.84
0 96.04 5.03 2.89
0 95.56 3.8 2.13
0 95.33 5.67 1.75
0.28 95.45 2.53 4.02
0 96.24 -2.28 1.92
0 96.12 -1.67 1.87
0.01 96.32 -1.39 3.75
0 96.61 -5.85 2.3
0.36 95.8 -5.52 2.16
0 96.12 -6.11 5.75
0.24 96.3 -7.14 1.59
0.2 96.19 -6.38 1.34
0 95.83 -2.62 1.94
0.04 95.4 -2.19 1.84
0.06 95.96 -6.54 3.35
0 96.13 -5.84 2.09
0 95.09 2.33 2.29
0 96.39 -2.24 3.09
0 96.99 -5.33 3.06
0 95.72 -4.71 2.2
0 95.68 -6.09 1.62
0 95.22 -4.8 1.8
1.61 95.01 -7.36 3.83
0 96.08 -11.33 1.92
1.2 96.39 -12.9 2.23
0.12 97.15 -14.57 2.91
0 97.07 -15.56 3.34
0 96.78 -14.76 3.19
0 95.48 -8.8 3.08
0 95.31 -6.13 1.62
0 95.34 -3.98 1.75
0 95.61 -3 2.31
0 95.85 -1.03 1.83
0 95.58 -6.24 1.4
0.23 96.14 -9.47 2.77
0 97.43 -15.73 3.29
0 97.42 -15.53 3.15
0 96.51 -14.49 2.94
0 95.41 -11.79 2.66
0 95.07 -8.73 2.1
0 95.72 -11.25 3.07
2.53 95.97 -11.88 1.93
0.03 96.13 -12.16 4.43
0.23 96.63 -10.88 4.89
0 97.05 -10.94 3.06
0 97.22 -11.93 2.5
0 96.83 -12.29 1.06
0.01 96.43 -12.31 1.54
0.03 96.58 -11.24 4.2
0 97.19 -10.03 3.55
0.02 96.55 -8.18 1.81
0.22 96.38 -8.9 3.32
0 96.97 -12.83 3.53
0 96.24 -10.99 2.49
0 95.76 -11.53 3.55
0 95.95 -12.54 1.82
0.01 95.92 -10.86 2.54
0.03 96.92 -14.26 2.85
0 97.36 -16.93 3.38
0 97.16 -15.08 2.13
0 96.98 -13.98 2.32
0 96.71 -14.28 2.62
0 96.68 -14.05 3.08
0 96.59 -12.51 1.96
0 96.4 -12.46 1.55
0 96.4 -12.71 2.82
0.05 96.67 -13.99 3.35
0.01 96.84 -13.91 1.8
0.1 97 -14.23 2.14
0 97.43 -14.58 1.61
0 97.72 -13.69 2.47
0.02 97.26 -13.58 2.75
0 96.96 -14.01 3.4
0 96.75 -10.96 3.05
0 96.34 -4.11 2.51
0 96.02 -4.63 1.63
0 95.95 -7.2 1.39
0 95.83 -5.97 2.03
0 96.07 -5.41 2.09
0.03 95.31 -3.76 4.04
0.03 95.81 -2.64 2.52
0 95.54 -5.96 1.94
0.72 95.62 -6.52 2.98
0.2 96.47 -9.62 1.9
1.4 96.47 -9.23 1.29
1.61 96.71 -12.37 3.63
0 96.86 -11.86 2.11
0.2 96.76 -10.97 1.89
0.14 96.74 -11.48 1.53
0 96.04 -4.52 2.75
0.79 95.97 -4.95 1.67
2.27 96.38 -4.18 2.46
0 96.38 -4.17 1.78
0 96.23 -0.43 1.79
0 96.56 -0.64 1.56
0 96.18 1.07 1.92
0 95.71 2.09 3.26
3.31 95.48 1.47 2.16
0.27 96.19 -3.01 2.72
0 96.87 -4.41 1.66
7.87 96.29 -1.91 3.71
0.83 96.98 -8.1 3.69
0.06 96.53 -7.14 3.16
0 96.23 -5.94 2.95
0 96.24 -6.04 2.14
0 96.35 -3.96 2.75
0 96.02 -0.93 1.85
0.13 95.49 2.12 2.47
0 96.28 -0.9 3.43
0 96.02 -0.72 3.99
0 96.07 -2.79 4.15
0 96.44 -1.24 3.47
0 96.16 0.48 3.22
0 95.58 2.5 2.78
0 94.84 7.24 2.09
0.02 95.52 3.26 4.06
0 96.7 -1.34 3.9
0 96.41 -3.98 4.31
0 96.18 -2.69 2.94
0 95.6 3.37 2.94
0 95.22 5.46 4.47
0 95.65 2.61 3.33
0 95.8 0.73 2.35
1.78 96.41 -2.4 3.85
0 96.53 -2.01 2.89
0 96.25 -1.33 2.33
0 96.38 -1.4 4.16
0 101.55 0.18 2.43
0 101.5 1.52 2.59
0 101.33 3.56 2.7
0 101.61 3.32 1.93
0 101.27 7.51 2.79
0 100.97 8.49 1.99
0 100.53 10.75 3.63
0 101.79 3.34 4.1
0 101.76 3.18 2.43
0 101.31 6.16 2.31
0 101.22 8.05 1.46
0 96.08 10.12 2.68
0.08 95.37 10.75 4.89
1.25 95.67 8.59 4.18
0 95.7 8.49 3.66
0 95.48 9.87 3.6
2.62 96.18 6.21 3.19
0 95.88 9.54 3.06
0 95.26 14.97 3.27
0 95.33 14.24 1.74
0.07 94.6 16.22 2.97
0 95.41 11.41 4.75
0 95.23 12.36 3.93
3.01 95.15 9.22 6.18
0.71 95.8 7.55 4.94
0 95.7 10.14 2.24
0 95.1 14.14 3.67
55.6 95.82 8.14 2.36
3.44 95.71 7.2 2.03
12.57 95.45 6.09 2.76
4.16 95.03 7.07 3.59
0.18 94.62 9.15 1.89
11.14 94.62 9.57 2.54
1.72 95.29 8.21 2.88
0 94.83 10.16 1.71
46.82 94.23 8.95 1.6
8.53 94.16 9.84 2.28
1.35 95.04 14.1 3.46
0.25 95.29 12.43 3.73
0 95.63 13.3 2.68
2.38 95.23 13.04 2.75
138.12 94.46 9.9 2.91
0.14 94.45 11.44 3.21
0.02 94.96 13.91 2.7
2.27 95.03 14.96 3.53
25.22 94.76 16.74 2.67
0 95.01 18.49 2.1
0.16 94.7 17.14 4.24
0.68 94.63 13.73 5.6
0 94.81 16.02 5.91
0 94.93 17.01 3.99
0 95.46 14.24 3.34
0 95.46 14.92 2.08
0.01 94.39 17.77 2.54
21.76 94.15 18.53 3.51
13.18 95.28 14.46 2.92
1.83 95.41 12.8 3.13
0.49 95.3 13.45 3.91
0 95.14 18.32 3.1
0 95.26 19.38 2.78
0 95.41 21.45 3.07
4.35 95.35 20.81 3.9
11.07 95.29 19.09 4.53
0.04 95.1 20.4 2.89
0.55 94.94 23.71 4.75
9.75 95 22.71 2.61
37.24 94.57 19.48 3.04
9.6 94.48 17.69 2.73
0.04 94.94 19.91 2.6
6.1 94.69 20.73 4.64
6.46 94.75 19.64 3.42
0.37 95.02 20.21 1.88
1.16 94.9 23.28 2.02
27.55 94.28 24.39 2.95
16.44 94 22.04 2.47
27.04 94.24 21.6 2.07
0 94.64 23.03 2.49
51.98 94.6 20.88 1.98
195.12 94.77 16.52 2.19
8.11 94.94 19.77 1.99
13.2 94.99 21.62 1.53
61.79 94.79 20.6 2.01
69.84 94.77 18.75 2
101.76 94.98 17.53 1.7
1.12 95.12 20.49 1.59
0 95.05 23.17 1.37
0 94.91 25.28 2.03
0.05 94.63 26.68 2.67
0 94.55 27.03 2.68
9.56 94.32 22.7 2.25
80.96 94.54 17.13 2.48
1.44 95.23 20 2.46
0 95.59 21.18 1.64
7.94 94.98 22.04 2.89
14.06 94.31 22.6 2.3
9.48 94.52 24.61 2.51
0.04 94.68 24.45 2.96
29.41 94.59 23.44 2.47
42.65 94.65 22.46 1.55
0.27 94.52 23.82 2.15
0 94.63 24.37 2.33
0 94.78 25.65 2.22
42.38 94.32 22.67 2.18
0.8 94.01 25.22 3.02
109.68 94.09 18.83 1.73
21.82 94.17 19.4 2.5
6.79 94.82 21.75 1.76
14.54 95 23.47 2.19
9.93 95.07 24.17 2.13
10.52 95.09 23.77 2.26
1.43 94.88 24.2 1.46
57.64 94.98 22.44 1.84
14.23 94.96 22.94 1.51
39.89 94.84 22.46 1.64
19.39 94.89 21.71 1.48
45.82 94.94 22.46 1.31
256.31 94.78 21.07 1.65
80.86 94.73 21.38 1.4
91.46 94.67 22.13 1.84
31.01 94.63 23.4 1.89
0.39 94.69 25.3 1.49
33.03 94.69 25.66 2.08
454.22 94.49 22.52 2.24
94.02 94.42 23.07 2.2
13.84 94.64 23.25 1.99
1.01 94.84 24.97 1.54
61.39 95.02 22.44 1.5
133.6 94.66 21.31 1.57
0.03 94.73 23.69 1.65
0.39 94.86 24.72 1.92
1.02 95.22 23.51 1.78
0.07 94.85 23.81 2.05
0 94.8 24.13 1.82
0.03 95.01 24.34 1.62
7.77 95 23.44 1.36
11.55 95.02 23.9 1.53
18.37 94.62 23.99 1.59
12.21 94.74 25.51 1.8
0 95.15 25.05 1.25
0 95 25.83 1.3
0 94.73 25.91 1.74
15.62 94.48 25.55 1.76
76.64 94.81 22.03 1.82
289.42 94.88 19.09 1.66
23.81 94.89 21.8 1.46
20.56 95.07 21.29 1.25
0.18 95.33 21.9 1.47
0.2 95.48 22.29 1.29
0 95.47 23.48 1.35
0.92 95.35 23.63 1.59
29.83 95.56 21.46 1.63
0 95.57 20.93 1.29
30.4 95.54 20.48 1.43
5.72 95.77 20.54 1.46
0.62 95.86 21.43 1.34
20.09 95.66 19.72 1.65
11.44 95.32 21.11 1.26
1.24 95.22 22.45 1.42
0 95.16 23.44 1.39
28.56 94.9 22.87 2.63
1.64 95.43 19.59 1.73
0 95.23 20.16 1.45
4.37 95.74 18.75 1.99
0.34 95.68 19.13 1.37
0 95.73 18.5 1.3
0 95.29 19.57 1.3
16.25 94.92 19.02 2.68
4.19 95.56 14.28 1.87
0.18 96.13 13.97 1.79
4.52 96.4 13.87 1.8
14.02 95.87 16.87 1.9
0.33 95.6 17.56 2.04
0.08 95.2 19.94 2.9
12.94 95.24 17.85 1.93
10.29 95.45 15.29 1.55
45.98 95.8 13.42 2.25
0 96.2 10.31 2.36
0 96.64 10.24 2.06
0 96.47 10.86 1.37
0 96.12 12.16 1.55
0 95.71 13.51 1.52
0 95.8 14.59 2.06
0 95.72 15 1.8
0 95.46 17.55 2.54
0.08 95.74 18.21 1.82
0.14 95.9 18.81 2.65
0.03 95.73 18.11 2.14
5.93 95.55 15.88 1.95
0.2 95.99 10.05 2.93
0 96.52 7.38 2.42
0 96.56 7.89 2.69
0 97.02 8.44 2.88
0 96.68 9.6 1.48
0 96 11.44 2.14
0 95.41 12.98 2.98
0 96 10.48 1.97
0 95.99 10.74 1.34
0 95.77 14.2 2.16
0.11 96.14 14.22 2.5
0 96.68 9.94 1.28
0 96.4 12.12 1.53
0 95.82 14.34 1.33
62.59 95.27 11.03 1.57
5.86 95.18 9.85 1.9
1.29 94.8 9.26 2.48
1.01 95.3 9.58 3.82
0 96.32 5.75 2.07
0 96.38 8.74 1.45
0 96.18 11.02 2.03
0.01 96.02 14.32 2.95
0 95.96 13.69 1.85
0.31 95.83 11.76 1.36
30.17 96.37 5.53 3.4
0.01 96.73 3.05 3.13
0 96.76 4.49 1.72
0 96.32 6.12 1.47
0.92 96.17 7.73 2.33
0 96.45 6.75 1.47
0 96.11 7.2 1.47
0 95.92 9.25 2.79
0 96.13 10.7 3.56
3.37 96.3 11.85 2.53
0.18 96.89 6.07 1.55
0.93 96.6 8.02 1.46
2.55 96.32 10.31 2.64
0.31 97 3.88 2.89
0.05 96.87 2.39 1.38
0 96.81 3.63 1.55
0 96.77 3.71 1.49
0 96.57 2.42 1.18
0 95.95 2.68 1.22
0 95.36 4.44 1.95
0 95.62 6.02 2.95
0.04 96.42 -0.75 2.54
0 96.54 -3.61 1.62
0 96.59 -2.81 1.4
0 96.78 0.18 1.78
52.67 96.16 1.12 0.94
7.56 95.91 -0.09 2.7
1.44 96.15 -4.37 3.29
0 96.66 -5.87 2.14
0 96.65 -3.84 1.71
14.17 96.22 -4.76 2.46
0.25 96.86 -7.25 2.87
0 96.58 -7.97 0.98
0.09 96.58 -6.14 1.43
0.42 95.89 0.29 1.78
0 95.98 -0.94 1.24
0 96.78 -2.77 2.28
0 97.35 -7.3 1.67
0 97.63 -7.5 2.01
0.1 96.91 -7.38 0.96
0.03 96.18 -5.21 1.04
0 96.39 -6 1.36
0 96.73 -7.66 0.98
1.38 96.97 -8.02 0.86
1.46 96.91 -5.11 0.9
1.1 97.18 -6.79 2.52
0.03 97.51 -11.19 3.67
0 97.13 -10.9 2.78
0.01 96.3 -6.7 3.96
0 96.32 -3.35 2.41
0 96.8 -6.35 1.54
0.01 96.1 -3.58 2.66
0 96.8 -8.45 4.14
0 97.03 -12.23 3.14
0 97.16 -11.89 3.31
0 96.89 -10.31 2.02
0 96.95 -10.1 1.92
0 96.85 -10.71 1.06
0 96.51 -9.92 1.79
0 96.46 -9.09 3.6
0 96.73 -11.03 2.31
0 96.24 -9.17 2.72
0 96.42 -12.1 1.7
0 96.92 -11.95 1.55
0 97.19 -10.88 1.63
0 96.7 -7.6 1.74
0 97.06 -10.12 1.67
0 97.42 -14.07 1.17
0.14 96.87 -12.39 0.99
0.01 96.64 -9.81 1.67
0.21 97.04 -10.88 1.82
0.63 96.47 -11.34 2.31
0.16 96.62 -12.1 3.68
0 96.86 -11.65 2.33
0 96.63 -11.02 1.65
0 97.45 -13.66 1.33
0.18 97.36 -14.36 0.98
0 96.92 -11.76 1.28
0 96.89 -12.91 1.06
0.1 96.93 -12.11 2.86
0 97.07 -12.19 2.61
0 96.16 -7.09 2.65
0 96.41 -8.69 1.98
0 96.32 -8.78 1.92
0 96.07 -10.02 0.98
0.06 95.88 -8.36 1.2
0.13 96.09 -10.72 1.04
0 96.26 -10.26 1.18
0 96.69 -10.74 1.14
0.02 97.35 -13.06 3.22
0 97.25 -16.92 3.03
0 96.92 -17.17 2.4
0 96.4 -16.47 2.02
0 96.24 -15.6 2.56
0 95.85 -13.63 2.63
0 95.94 -12.8 1.66
0 96.47 -13.79 1.54
0 96.71 -14.14 1.56
0 97.09 -14.86 1.59
0.07 96.73 -16.41 1.35
0.46 96.22 -15.3 3.5
0 97.03 -16.75 3.9
0 97.04 -15.28 2.74
0 96.05 -12.57 2.67
0 96.14 -9.79 2.22
0.23 95.57 -6.17 2.23
0.03 96.16 -11.86 4.72
0 96.42 -15.09 4.36
0 96 -12.06 4.31
0 96.16 -9.95 2.82
0 96.51 -10.39 2.59
0 96.53 -10.31 1.71
0 96.28 -8.4 2.42
0.04 95.96 -3.87 2.04
0.14 96.5 -7.81 2.9
0 96.48 -9.87 2.64
0.05 96.55 -10.76 3.02
0 96.68 -12.2 4.27
0 96.59 -9.72 3.02
0 95.99 -5.84 2.55
0 96.08 -7.44 1.99
0 95.87 -8.67 1.27
15.14 95.45 -6.95 2.25
0 96.41 -6.9 2.37
4.39 96.25 -6.18 2.04
0.03 96.73 -8.01 3.14
0 96.68 -7.83 2.23
0 96.16 -5.69 1.73
0 95.78 -1.52 2.57
0 95.9 0.18 2.07
8.96 96.45 -3.32 1.5
0.55 96.67 -6.5 1.93
0.32 96.64 -5.63 1.53
0.07 96.01 -1.48 1.82
33.08 95.27 -2.8 1.41
29 95.32 -3.47 2.41
0.04 95.97 -3.99 3.2
0 96.71 -7.44 3.35
0 96.44 -7.81 1.84
0.27 96.29 -7.07 4.2
0 96.79 -7.13 3.54
0 96.46 -5.31 1.8
0 95.79 -1.19 2.79
0 96.34 -0.34 1.99
0 96 2.7 3.03
5.57 95.06 5.54 3.93
6.86 95.68 -2.04 3.47
12.42 96.56 -7 2.39
0 96.31 -1.99 2.09
0 96.26 0.19 1.91
0 95.63 4.68 3.3
0 96.18 2.89 1.72
6.52 95.3 1.79 4.02
0 95.71 0.48 5.37
0 96.18 0.99 3.21
0 95.86 5.04 2.22
0 96.05 8.69 3.02
0 96.27 9.53 3.09
0.31 95.24 10.63 6.74
0.64 95.88 2.14 4.53
0.42 95.87 0.23 4.28
0 95.88 0.44 1.99
5.26 95.73 2.03 2.63
0 95.39 4.63 3.87
0 95.18 5.26 4.59
0 95.47 4.42 4.39
0.1 95.84 4.15 2.46
0 95.39 9.77 3.48
0 95.46 11.22 4.24
0 95.38 13.12 3.25
9.2 95.09 14.1 5.04
6.43 95.46 8.32 4.13
0 94.89 12.51 2.99
0 94.77 14.22 3.02
0 94.74 15.74 3.11
2.09 95.34 10.31 3.49
0 95.7 9.42 2.46
0 94.79 16.04 3.91
0 94.83 18.16 3.93
2.12 95.25 14.45 3.99
48.19 95.74 13.08 3.13
2.39 95.17 12.42 2.21
0.33 94.49 14.23 1.86
0.39 94.49 17.52 3.51
169.87 94.92 12.86 2.55
89.82 94.87 9.92 4.3
0 94.32 11.41 3.17
0.11 94.01 12.41 6.41
0 95.25 10.31 2.96
0 95.26 12.98 2.45
0.37 94.95 17.8 3.48
0.52 95.51 17.13 2.39
12.68 95.02 17.98 2.17
0 95.07 20.95 1.98
1.32 95.19 20.58 2.35
0 95.27 18.42 3.21
0 94.9 18.01 2.17
1.72 94.91 16.82 1.67
0 95.12 18.3 1.94
0.06 95.41 20.03 2.32
3.58 95.57 20.55 2.46
66.75 95.61 15.38 1.72
24.76 95.17 13.65 2.52
17.66 94.93 11.92 2.78
5.71 94.88 12.97 3.79
0.02 94.61 12.9 2.9
8.56 94.35 13 4.54
0.05 94.82 16.25 1.7
0 94.75 22.04 3.6
20.26 95.27 20.33 2.9
7.71 95.64 18.77 1.89
0.13 95.51 20.44 3.42
2.08 95.22 19.92 3.7
6.32 95.33 17.69 2.8
0 95.3 17.53 2.77
0 95.12 18.47 2.49
0 94.75 20.59 2.41
0 95.2 20.88 2.29
0 95.35 23.06 2.31
12.4 95.35 21.17 2.63
60.96 95.76 15.4 2.59
0.21 95.86 17.32 1.7
13.26 95.45 17.01 2.8
15.17 95.18 17.32 2.8
121.83 94.96 15.76 2.08
15.15 94.64 19.14 3.21
1.54 94.82 20.97 1.95
7.39 94.43 20.24 2.25
14.85 94.28 22.23 2.12
29.74 94.28 22.41 2.38
89.13 94.14 21.42 3.16
15.25 94.28 17.74 2.66
2.11 93.99 17.4 3
12.76 94.07 17.38 2.29
147.7 94.67 14.73 1.97
321.74 94.9 14.89 1.95
150.54 94.91 15.98 2.52
4.77 94.79 19.55 1.56
5.57 94.66 22.61 1.64
10.73 94.85 21.78 1.79
64.44 94.6 21.67 1.48
18.38 94.64 22.1 1.59
3.67 94.81 22.04 1.4
41.64 94.78 21.18 1.6
0.95 94.55 22.38 2.16
50.74 94.57 22.36 2.39
35.6 94.94 21.18 2.08
10.88 95.31 22.79 2.1
1.62 95.46 23.05 1.7
2.89 95.21 20.86 2.05
81.48 94.77 20.91 1.95
0 94.6 23.83 1.96
3.04 94.24 24.81 3.54
4.98 94.24 23.26 3.13
0.71 94.2 23.25 2.59
0.07 94.58 23.77 1.65
1.66 94.73 23.43 1.59
0.91 94.61 23.99 1.5
21.45 94.6 24.48 1.83
31.56 94.6 25.34 2.07
39.13 94.65 24.58 1.91
180.39 94.23 21.29 1.77
39.24 93.98 20.13 2.43
63.67 94.37 19.88 2.77
8.97 94.88 21.64 2.57
0 94.91 21.71 1.66
0 94.94 22.99 1.56
0 95.19 24.75 1.38
0 95.3 24.76 2
0.15 95.12 24.74 2.2
2.6 94.96 25.23 1.46
5.87 94.89 25.64 1.64
60.58 94.84 24.23 1.63
513.8 94.4 22.49 3.35
0 94.92 23.78 1.35
0 95.14 24.21 1.65
9.8 95.07 24.36 2
88.12 94.68 25.29 3.17
3.2 95.03 24.43 1.61
153.17 94.61 23.23 2.11
32.2 94.27 24.23 3.31
0.43 94.91 22.48 1.49
103.82 95.21 19.98 1.42
186.26 95.35 19.08 1.65
196.81 95.28 20.27 1.34
25.71 95.33 22.04 1.57
178.36 95.35 21.97 1.68
0 95.54 23.35 1.15
0 95.37 24.4 1.16
0 95.01 25.72 1.9
11.96 94.9 25 1.77
13.84 95.17 23.83 1.23
0 95.04 24.51 1.52
14.05 95.11 21.14 2.09
27.93 95.12 18.79 2.07
1.42 95.26 20.38 1.56
3.66 94.98 19.22 1.77
5.18 95.01 21.31 1.57
0 95.38 22.37 1.7
0.05 94.99 23.3 2.83
114.86 94.96 23.37 2.12
3.51 95.06 21.81 1.53
19.14 95.02 20.86 2.24
7.99 95.65 17.2 1.86
0.03 95.8 16.92 1.79
0 95.58 20.26 2.29
0 95.51 21.89 2
0.23 95.36 22.13 2.34
2.07 95.38 21.77 1.4
17.27 95.28 21.53 1.48
0.67 94.79 22.85 1.87
1.6 94.94 24.08 2.3
0 95.21 24.65 1.81
0 95.34 25.21 2.13
0.87 95.36 24.92 1.95
221.63 95.28 17.9 2.83
42.27 95.66 14.05 2.49
0.35 95.71 13.76 1.82
1.01 95.84 16.4 1.74
0 95.77 19.49 1.99
37.72 95.88 17.89 1.44
1.91 95.77 17.41 1.09
0 95.7 18.92 1.12
0 95.64 20.83 1.41
43.05 95.32 19.48 2.08
92.74 95.3 14.12 3.29
0.53 95.45 12.55 2.39
0 95.84 14.15 1.44
0.13 96.29 14.53 1.05
0 96.39 14.37 1.25
0 95.72 15.2 2.16
0 95.25 16.28 2.4
0.35 95.25 16.33 1.55
0 95.49 17.92 1.63
2.84 95.41 18.38 2.04
0.86 95.41 17.65 1.4
6.01 95.72 16.38 1.33
0.5 96.05 16.19 1.34
21.49 95.94 15.39 1.72
3.72 96.16 15.52 1.35
58.76 95.79 11.54 1.62
44.29 95.74 10.27 5.91
0.97 95.93 11.95 3.21
0 95.96 11.71 1.56
0 95.81 12.95 1.43
0.4 95.61 14.57 1.97
1.04 95.43 13.94 2.57
0 95.57 13.46 2.01
0 96.1 11.73 1.57
0 96.54 12.36 1.1
0 96.4 13.83 1.39
0 95.91 15.6 2.23
36.03 95.46 13.33 2.87
0 95.99 9.16 2.07
0.04 95.62 10.82 2.29
0 95.41 13.14 2.01
0.07 95.79 9.56 3.35
0 96.22 7.38 1.97
0.02 96.35 7.93 1.85
49.76 95.71 9.44 3.26
0 95.76 4.93 3.19
0 95.83 6.06 2.24
0 95.7 7.98 1.95
0 96.05 7.25 1.47
70.33 96.35 2.89 1.16
75.13 95.78 2.83 1.89
0 95.49 6.55 1.77
0 95.21 9.53 2.75
0 95.86 9.09 1.69
0 95.9 10.99 2.02
8.29 95.73 11.14 2.67
0 96.68 4.17 1.64
1.65 96.56 1.01 2.13
0.06 96.19 0.67 2.56
0.03 96.01 0.42 2.08
0 95.99 2.42 1.46
0 96.19 1.71 1.86
18.4 96.18 2.29 1.5
185.87 95.74 1.22 132.12
56.96 96.04 -0.17 2.97
0 96.12 -2.01 1.07
0 95.79 -0.1 1.59
0 96.02 0.42 1.28
0 96.47 -1.04 1.1
50.19 96.15 -1.12 0.85
137.77 94.81 -1.87 4.7
0.31 95.34 -3.54 3.07
0 95.41 -5.32 3.97
0 96.22 -4.3 2.51
0 96.51 -5.48 1.15
20.05 95.96 -2.23 1.33
0 95.88 -4.54 129.85
0.02 95.61 -4.05 2.75
0.01 96.16 -2.57 2.75
0 96.21 -4.2 1.35
0 95.85 -1.8 1.85
5.64 96.34 -4.67 2.12
0 96.3 -6.36 2.08
0 95.76 -4.87 1.99
0 95.68 -2.42 3.18
0 95.77 -6.66 2.56
0 94.88 -3.44 3.23
0.03 95.59 -5.44 3.9
0.02 96.16 -8.42 2.02
0 96.86 -11.99 2.32
0.15 96.56 -12.92 1.72
0.37 95.46 -4.69 2.78
2.4 95.6 -6.99 3.82
0 95.89 -10.02 1.78
0 95.91 -12.14 2.95
0 95.88 -13.87 2.41
0 96.03 -15.12 2.29
0.02 96.05 -16.2 3.71
0 96.16 -11.15 3.42
0.06 96.76 -12.39 1.35
0.04 96.93 -12.59 0.98
0.12 96.41 -10.89 1.69
0.03 96.39 -7.99 1.25
18.08 96.43 -9.1 1.27
0.7 96.24 -7.98 1.29
0.64 96.61 -10.82 1.24
0 96.96 -11.95 3.51
0 97.08 -14.23 2.12
0.01 96.54 -14.21 0.93
0.21 96.66 -11.62 138.24
4.74 96.6 -9.4 3.08
0.01 97.09 -14.98 2.78
0 96.92 -18.9 2.47
0 96.1 -17.69 3.99
0 97.22 -17.98 2.24
0 96.97 -17.81 1.21
0 96.35 -13.23 1.2
4.99 96.33 -13.42 0.98
18.27 96.38 -12.06 3.52
0 96.01 -14.91 3.12
0.03 95.49 -14.92 1.85
0 95.89 -16.88 3.42
0 97.04 -18.05 3.6
0 97.62 -15.79 2.17
0 96.66 -16.2 1.39
0 96.48 -14.19 1.57
0 96.38 -14.84 1.26
0 96.27 -14.39 1.46
0.03 96.7 -16.21 1.78
0 96.52 -15.15 1.88
0 96.38 -14.55 1.22
0.46 96.01 -12.37 0.9
0 96.09 -11.52 1.61
0 96.11 -12.75 0.92
0 96.53 -10.26 1.92
1.54 96.28 -12.42 1.65
0 96.98 -13.76 2.37
0 97.25 -11.71 1.76
0 96.27 -7.76 2.01
0 96.76 -9.25 1.22
10.58 96.78 -8.82 0.97
0.64 96.8 -8.66 1.69
0 96.59 -12.49 1.19
0.02 95.46 -7.81 2.46
0.03 96.03 -12.85 3.88
0 96.11 -14.61 1.47
0.28 96.44 -13.9 1.2
0.07 96.37 -11.21 1.65
0 95.9 -6.31 1.19
0 96.19 -7.05 1.18
0.06 96.13 -5.39 1.5
1.64 96.05 -5.27 1.58
1.07 96.58 -7.22 3.75
0 96.75 -10.03 2.27
2.56 95.76 -8.37 2.57
0 96.49 -8.94 2.79
0.02 96.04 -7.7 1.77
1.04 96.33 -14.12 3.77
0 97.19 -17.31 4.33
0 97.08 -15.84 1.47
0.31 96.18 -11.39 2.07
0 96.79 -12.37 2.15
0.12 96.84 -11.87 1.78
0 96.12 -6.94 85.42
0 95.89 -4.42 2.7
0 96.52 -8.4 2.28
0 96.48 -9.85 1.46
0 95.8 -6.46 2.25
0.04 95.73 -4.63 3.82
0 96.46 -10.15 3.31
0 96.62 -11.83 2.17
0.02 96.55 -11.15 1.75
0 96.43 -7.8 2.95
0 96.64 -6.67 2.68
0 96.57 -4.59 1.58
0 96.69 -5.93 1.69
5.61 96.54 -6.45 1.74
0.31 95.67 -0.13 2.7
0 95.59 0.86 2.44
0.27 95.07 -1.78 5.29
0 96.82 -7.33 5.28
0 96.9 -5.51 1.65
0 95.8 -0.43 2.84
0 96.12 1.72 2.23
0 95.52 5.39 2.9
0 95.43 3.61 1.62
0 94.86 4.7 2.02
0 94.73 1.1 2.35
0 94.83 -1.84 5.25
0 96.35 -1.18 1.97
0 95.63 4.14 3.51
27.98 95.5 0.44 3.35
0 96.7 -5.38 3.98
0 96.26 0.11 2.91
0 95.76 5.27 2.66
0 96.16 5.41 2.7
0 94.72 7.83 3.33
0.66 94.8 -1.57 3.78
24.33 95.57 -6.31 2.76
0.4 96.02 -6.32 2.69
0 94.78 1.39 5.29
0 95.74 -2.34 2.65
23.04 95.41 -4.42 3.3
0 96.12 -4.43 2.93
0 95.98 -1.58 1.62
0 95.03 4.48 3.82
1.39 95.17 2.37 3.61
0 96.04 -0.42 3.35
0 96.24 -1.34 2.22
0.65 96.14 0.24 1.77
10.07 95.85 1.69 2.13
98.63 95.93 0.75 2.55
0 95.49 4.39 2.63
0 95.49 6.28 2.67
16.92 95.67 0.65 2.21
54.8 95.92 -0.32 3.1
0 95.7 0.27 2.67
0.33 94.88 2.05 2.56
17.3 94.87 1.33 3.36
4.54 95.8 0.73 3.57
0.72 95.67 1.78 3.36
0 95.7 2.87 3.41
0 95.25 8.21 2.75
0.25 94.73 7.7 4.17
0 95.03 3.67 4.57
0 94.73 5.2 2.38
5.22 95 4.78 3.12
42.7 95.35 2.04 942.67
3.57 96.31 1.63 4.61
0 96.34 3.05 2.07
0 96.01 5.81 2.56
0 95.69 9 2.07
0.3 95.17 12.27 4.44
69.83 95.18 7.57 2.3
1.13 95.1 8.03 2.98
0.03 95.18 9.26 4.64
0 95.23 10.69 1.71
0 95.21 13.99 2.13
5.8 95.02 12.45 3.36
0.23 95.17 12.46 5.77
0.43 95.64 11.81 5.32
0.63 95.71 12.13 2.07
1.22 95.57 12.55 2.09
5.7 95.78 13.32 1.87
0 95.55 17.17 2.71
0 95.72 20.67 1.69
0 95.62 22.29 2.15
0 95.66 21.97 2.73
0.15 95.43 21.95 4.07
18.02 95.08 14.79 2.2
20.82 94.21 15.28 3.75
0 93.82 18.3 4.24
0 94.38 17.1 2.51
0 94.45 19.04 2.49
0.6 95.03 17.37 4.41
0 95.94 16.98 2.49
0 95.86 18.06 2.19
0.73 95.25 18.81 2.88
0 94.7 19.34 3.17
18.6 94.05 15.9 4.91
0.01 94.06 18.05 4.08
0 94.37 19.6 2.53
0 95.27 20.26 2.12
5.17 95.09 23.8 3.66
2.01 95.62 18.53 2.21
0 95.27 21.22 2.17
2.9 95.02 21.27 3.47
2.14 94.84 19.45 3.63
0.91 94.58 19.47 2.76
0 94.86 19.9 4.04
0 94.7 24.04 3.09
0.04 94.33 25.42 4.38
0 94.98 20.59 2.38
8.02 94.76 19.08 3.11
0.05 94.93 20.19 3.06
17.33 95.55 18.23 2.27
44.63 95.42 18.67 2.27
6.54 95.23 19.3 2.92
4.65 95.04 21.9 2.78
0.95 94.89 22.46 3.47
55.09 95.24 17.23 2.31
3.88 95.47 17.63 1.7
16.83 95.19 16.06 2.02
4.37 94.98 17.85 1.86
0.02 95.04 22.56 3.32
0.17 95.04 24.1 3.7
3.03 94.92 24.5 2.68
145.06 94.87 19.59 2.43
7.18 94.57 21.66 1.67
46.72 94.27 20.99 1.85
0.24 94.62 23.71 1.85
0 95.13 24.09 2.23
0.05 95.29 24.57 1.88
1.84 95.06 22.79 1.48
7.93 94.72 22.43 1.86
57.2 94.59 21.6 2.31
62 94.36 21.26 2.35
154.16 94.05 20.62 1.9
64.42 94.2 22.32 2.34
78.39 94.61 21.36 1.89
184.52 94.69 22.15 2.68
24.3 94.64 23.15 3.2
84.29 94.37 23.02 2.16
195.82 93.89 22.86 2.62
0.07 93.89 24.75 3.03
3.23 93.89 24.72 2.38
1.62 94.24 24.96 2.07
1.39 94.48 24.95 2.26
8.07 94.32 25.48 3.49
56.55 94.58 24.28 1.88
89.82 94.79 22.19 1.5
2.04 94.98 22.76 1.35
0.67 94.97 23.01 1.23
12.88 94.95 23.61 1.93
27.42 95.12 23.21 1.98
0.21 95.11 24.54 1.71
213.24 94.43 22.14 1.89
132.98 94.25 23.07 2.78
0 94.85 23.74 2.14
0.25 94.74 22.81 2.21
93.76 94.63 21.79 2.15
3.12 94.85 22.37 1.72
0.36 94.86 24.11 1.56
23.13 94.73 23.94 1.97
12.1 94.3 24.03 1.89
1 94.35 24.58 2.76
0.01 94.67 24.75 1.79
0.04 94.7 25.26 1.62
46.11 94.49 23.04 1.42
10.39 94.39 25.57 2.08
0.29 94.36 25.51 1.45
1.63 94.17 26.25 1.78
8.96 94.29 26.07 1.99
23.52 94.58 25.5 2.64
0.38 94.82 25.7 2.43
1.5 94.61 25.9 2.49
21.72 94.25 26.57 2.57
30.85 94.09 25.45 1.83
11.38 94.26 26.22 2.33
23.28 94.52 26.47 2.15
11.97 94.3 26.73 2.07
14.25 94.48 24.87 1.72
1.63 94.89 26.13 1.48
6.36 94.99 27.08 2.54
46.38 94.72 24.94 2.61
4.47 94.71 25.83 2.67
23.38 94.66 26.74 2.2
3.57 94.69 26.42 1.9
247.47 94.17 24.87 1.61
0.07 105.02 26.12 2.41
0 95.17 22.82 2.45
0 95.43 22.24 1.76
3.94 95.41 21.54 1.03
2.14 95.01 24.08 2.28
0.27 95.15 23.23 1.9
0 95.33 23.02 1.6
0.07 95.33 23.28 1.46
14.74 95.06 22.46 1.74
18.41 95.14 20.04 2.02
7.42 95.1 19.69 1.57
246.58 94.49 18.63 1.34
23.66 94.68 16.02 2.98
0.15 95.39 16.3 2.36
34.01 95.46 17.03 1.92
1.71 95.71 16.27 1.66
8.86 95.87 16.52 1.55
0 95.95 16.57 1.34
9.85 95.84 17.18 1.43
157.5 95.8 14.68 1.47
35.94 95.87 14.97 1.25
8.36 95.92 16.63 1.25
2.11 95.87 18.13 1.37
9.97 95.41 18.8 1.81
0.19 95.48 17.65 1.47
0 95.56 17.73 2.32
2.04 95.34 20.22 2.57
41.8 94.7 19.9 3.06
0.35 95 19.85 3.07
0 95.64 14.41 1.71
1.06 95.33 16.58 1.58
7.98 95.86 16.85 1.41
9.58 96.31 15.95 0.96
6.21 95.4 19.62 2.81
0 95.78 18.42 1.42
0.08 95.79 19.05 1.36
2.79 95.67 18.38 2.41
56.95 95.99 13.42 2.75
0 96.26 9.32 2.29
0 96.09 11.14 2.02
0 95.77 12.29 1.94
0 95.11 17.3 3.12
0 95.17 16.46 2.59
0 96.05 13.58 1.34
0.79 96 14.33 1.75
156.35 95.98 11.53 2.02
0.02 96.11 10.88 2.58
0 95.94 9.85 1.67
0 95.28 16.83 3.34
0 96.25 14.17 1.25
0.01 96.27 15.19 2.2
0.04 96.49 13.01 2.26
0.33 96.04 11.56 1.64
0 95.07 15.4 2.63
9.29 95.07 14.01 3.67
0 95.55 11.14 2.96
0 96.03 11.94 1.55
40.27 96.06 10.88 2.19
4.78 96.88 4.94 4.12
0 96.96 3.28 1.27
0 96.53 6.82 1.32
0 96.58 7.38 1.38
0 96.36 10.77 2.49
39.53 96.51 9.49 1.41
2.51 96.53 7.72 1.85
0 96.41 6.51 1.06
30.73 96.28 6 1.98
52.28 96.2 2.57 2.07
0.01 96.4 4.42 3.4
0.01 96.65 6.27 2.54
0 96.22 5.21 1.3
0 95.69 7.27 1.81
6.96 96.18 6.19 1.57
1.6 96.74 4.68 2.27
0 96.69 3.98 1.45
0 96.77 4.78 0.85
0 96.55 5.07 1.25
0.45 96.01 8.34 1.91
2.28 96.28 7.8 2.93
0 96.67 5.98 1.67
0.02 95.94 6.49 2.26
0.19 95.5 6.54 3.49
0.01 95.91 3.76 2.61
0 95.99 3.16 2.15
0.15 96.47 3.3 3.31
0 96.51 -0.86 3.65
0 96.57 1.17 2.18
0 96.44 1.81 1.61
0 95.86 2.21 2.3
0 95.59 3.28 2.86
0 95.57 3.24 1.96
0.15 95.69 2.53 3.07
0.01 96.1 -2.24 3.81
0.04 96.28 -2.75 5.4
0 96.2 -3.21 3.39
0 96.26 -2.22 2.22
0 96.45 -2.6 1.13
0 96.21 1.04 1.71
0 95.89 1.42 1.63
0.03 95.55 -0.02 2.03
0 95.41 -3.23 4.08
0 95.56 -6.15 3.27
0 95.83 -9.1 5.81
0 96.01 -5.38 3.28
0 95.61 0.41 2.88
0 96.21 -2.05 2.21
5341.8 95.99 -1.22 2.37
5341.8 95.74 -0.72 1.32
5341.8 96.01 1.74 1.92
5341.8 96 1.48 2.14
5341.8 96.25 -0.93 2.52
5341.8 95.83 -1.66 1.12
5341.8 95.93 -4.16 1.26
5341.83 95.89 -3.02 2.03
5341.82 96.09 -4.94 2.92
5341.98 95.58 -6.88 2.98
5342.1 95.61 -7.84 2.08
5341.8 95.74 -10.68 3.76
5341.8 96.07 -10.96 2.67
5341.8 96.42 -8.48 2.63
5341.8 97.01 -8.12 1.43
5341.8 96.96 -9.29 1.33
5342.33 97.22 -11.11 2.35
5341.97 96.87 -12.53 2.62
5342.01 96.74 -11.43 2.91
5341.81 97.13 -10.5 2.29
5341.8 97.19 -9.93 1.25
5341.8 96.9 -9.96 1.01
5341.8 97.03 -8.78 1.36
5341.8 97 -9.24 1.04
5341.85 96.4 -6.55 2.43
5341.9 96.88 -9.5 3.88
5341.8 96.58 -10.57 1.61
5341.8 96.11 -10.54 2.45
5341.8 95.39 -5.78 3.24
5341.8 95.18 -4.95 2.93
5341.8 94.79 -2.52 4
5341.8 95.15 -3.43 2.77
5341.8 95.45 -3.23 2.99
5341.8 96.02 -4.89 2.35
5342.91 95.97 -7.67 1.71
5345.47 96.2 -7.98 1.89
5341.84 95.95 -6.9 2.8
5341.8 96.41 -6.09 2.59
5341.8 96.9 -13.4 2.79
5341.8 96.53 -14.02 2.36
5341.8 96.52 -11.54 2.19
5341.8 96.6 -9.69 2.21
5341.8 97.12 -11.69 2.12
5341.8 96.84 -12.76 1.57
5341.8 96.87 -11.18 1.82
5341.8 96.65 -7.83 1.76
5348.37 96.68 -9.47 1.58
5341.8 96.66 -10.46 1.63
5341.8 96.89 -8.15 1.97
5342.36 95.94 -6.48 3.7
5341.81 96.39 -9.5 4.36
5341.8 96.61 -9.47 2.6
5341.8 95.93 -6.02 1.84
5341.8 95.14 -1.77 3.28
5341.8 95.64 -2.89 2.3
5341.8 96.57 -7.85 3.23
5341.8 96.22 -7.61 3.72
5341.8 95.55 -3.24 4.3
5341.8 96.23 -7.04 3.45
5341.8 94.87 -0.77 5.11
5341.8 95.58 -6.16 3.01
5341.8 95.71 -6.42 1.78
0.35 95.29 -3.36 2.07
0.07 95.28 -3.88 4.84
0 96.17 -11.49 3.91
0 96.37 -11.31 2.1
0 96.52 -11.37 1.55
0 96.74 -9.5 1.71
1.92 96.45 -10.02 1.61
8.25 96.48 -11.75 3.06
0 97.11 -13.57 3.36
0 96.94 -13.63 1.5
0 96.37 -11.51 1.51
0 96.98 -11.84 1.6
0 96.97 -11.68 1.9
0.06 96.14 -5.15 2.91
0 96.17 -5.42 1.89
0.1 96.74 -5.88 2.06
0 97.29 -7.94 2.02
0.98 96.87 -8.77 1.65
1.25 96.59 -8.25 1.74
0 96.55 -7.22 1.65
0 96.48 -4.56 1.99
1.39 96.97 -6.54 1.61
0.12 96.81 -4.22 1.32
0 96.36 -1.22 1.55
0 96.21 1.97 1.93
0.7 95.91 4.26 3.88
3.11 96.58 -2.43 4.14
0.05 96.32 -6 1.71
0 96.16 -4.41 1.69
0.28 96.11 -4.5 2.17
0.55 96.1 -5.01 1.72
2.08 96.4 -4.11 2.86
0 96.47 -5.75 3.06
0 96.65 -6.78 2.69
0 96.64 -5.48 2.28
0 96.16 -4.52 2.03
0 96.45 -4.65 2.37
0 95.97 -2.21 2.3
0 95.68 2.17 3.71
0 96.36 -0.6 3.98
0 95.97 -1.3 1.96
0 95.5 2.2 3.06
0 95.15 7.4 2.55
0 95.57 5.15 2.37
0 95.05 8.06 4.52
0 96.2 4.62 2.14
0.09 96.11 3.89 4.07
0 96.43 4.15 4.79
0 95.85 6.73 2.75
0 95.86 8.09 3.16
0 96.16 8.08 2.63
0 95.16 12.91 4.55
0 95.12 12.21 2.48
0.02 95.12 11.64 2.47
0 95.21 11.29 2.96
58.57 94.94 11.71 2.92
24.82 95.4 10.28 2.53
0 95.62 11.33 2.19
1.24 95.74 9.68 2.05
0 95.21 12.04 2.52
0 95.87 8.72 3.77
0 96.31 3.44 4.48
0 95.48 6.75 4.57
0 96.09 5.62 3.74
0 95.48 13.2 3.71
0 95.41 14.56 1.7
0 95.29 14.61 2.41
0 95.47 12.35 4.2
0 96.23 9.81 2.12
1.19 95.85 10.85 1.87
0.59 95.57 11.83 1.96
0 95.68 13.77 1.84
0 95.57 17.85 3.39
0 96.14 13.7 3.15
0 95.47 13.76 2.24
9.5 95.44 9.17 2.63
0.03 96.12 9.16 2.91
22.63 95.98 8.13 2.62
0.06 95.53 9.89 536.83
0 95.61 12.02 3.56
0 95.31 14.48 2.72
1.1 95.01 16.93 3.79
6.7 95.27 17.8 4.3
0.35 95.72 16.92 3.86
32.1 95.99 11.92 3.26
0 96.22 12.88 2.51
0 96.07 13.96 2.11
0 95.47 15.41 1.64
0 94.91 18.9 2.1
5.21 94.84 18.75 4.5
143.88 95.49 7.7 4.87
7.12 95.12 9.11 4.77
11.13 95.32 5.75 5.37
0.11 95.56 8.02 4.18
0.2 94.99 11.98 2.49
46.59 94.96 8.8 3.82
1.2 95.52 12.26 2.05
63.91 95.83 11 2.45
3.15 95.74 12.59 2.09
254.84 94.83 9.24 2.57
73.32 93.96 15.16 3.87
0 94.13 17.93 3.84
0.08 94.49 14.72 3.57
0 94.26 14.59 3.17
0.08 95.04 17.04 2.81
2.3 95.41 16.84 2.1
2.51 95.03 19.24 3.03
86.42 94.7 16.83 2.57
4.8 94.72 17.58 2.71
0.03 94.83 19.42 2.29
0 94.87 21.96 2.51
0.31 95.17 25.1 3.76
47.88 95.05 17.49 2.83
0.67 94.57 17.26 5.13
0 94.02 21.57 4.12
18.55 93.8 18.98 2.84
0.57 94.26 22.62 2.79
0 94.31 24.5 56.26
0.13 94.94 25.18 2.57
0 94.89 27.57 3.55
5.75 95.09 23.79 2.76
0.91 95.23 21.91 2.66
0 95.1 22.55 2.17
1.36 94.88 22.68 1.92
25.09 94.74 23.71 2.35
280.22 94.88 16.79 2.59
145.9 94.72 14.03 3.24
26.84 94.45 16.59 2.72
44.04 94.77 16.05 2.26
45.25 95.17 15.77 1.83
17.46 95.23 18.64 2.08
22.53 95.01 20.38 2.55
11.39 95.05 21.21 2.31
0.03 94.93 22.09 2.03
4.69 94.74 23.53 1.82
116.12 94.56 20.74 1.92
108.18 94.45 20.12 2.28
100.94 94.55 19.48 2.35
5.83 94.83 19.73 1.86
48.24 94.97 19.58 1.89
5.95 95.11 19.37 1.6
139.05 95.16 18.77 2.19
1.71 95.03 21.77 1.91
0.09 94.65 23.78 2.34
12.81 94.48 22.95 3.21
25.29 94.52 22.4 3.7
0.53 94.93 22.35 3.8
0.9 94.86 23.15 3
0 94.94 24.48 1.81
0 94.92 24.96 1.72
19.82 94.87 23.48 2.51
119.41 94.58 20.8 2.37
23.43 94.31 23.31 2.44
0.16 94.78 25.03 2.18
1.04 94.88 25.38 2.96
1.86 94.73 25.64 2.33
4.4 94.52 25.08 2.92
16.81 94.43 23.82 3.63
0 94.63 23.85 2.74
0 94.33 24.47 3.41
4.04 94.41 22.98 2.88
7.59 94.61 22.31 2.73
0.61 94.54 23.31 2.47
2.66 94.62 24.14 1.92
26.77 94.6 23.81 2.53
131.9 94.67 22.12 56.38
12.23 94.9 22.77 55.72
0.46 94.98 26.2 1.79
0.83 95.07 28.53 2.29
3.13 94.7 29.23 4.34
98.32 94.55 24.5 2.41
0.3 94.86 22.48 1.6
0 94.58 24.88 2.48
0.12 94.94 23.11 1.77
0 94.99 23.01 1.74
0.01 95.18 23.49 1.83
5.57 95.06 25.52 2.31
4.77 94.6 27.16 3.21
8.69 94.62 25.81 3.62
18.78 94.78 24.23 2.09
0 94.86 26 2.5
0 94.83 27.16 2.75
3.28 94.68 26.81 2.5
13.96 94.63 26 1.95
93.9 94.89 20.51 2.53
1.51 94.87 22.3 2.03
0 95.13 22.79 2.56
0 95.25 22.1 1.6
0.02 95.13 22.83 1.98
38.04 94.88 22.02 2.15
31.17 94.61 21.66 1.94
4.18 94.77 22.66 3.35
0.35 94.98 21.63 2.08
25.32 95.04 19.19 1.87
20.13 94.95 19.16 1.67
13.49 94.98 20.32 2.16
10.58 95.1 20.68 1.73
3.27 95.23 21.4 1.96
7.49 95.42 21.35 1.62
0.57 95.36 22.77 1.68
0.82 95.04 24.36 2.29
7.41 95.02 24.44 1.99
45.89 94.97 23.41 2.13
47.26 94.81 22.98 2.02
159.16 95.06 19.72 2.16
2.15 95.35 20.05 2.35
0 95.47 21.02 1.77
0 95.56 22.72 1.85
7.8 95.7 21.02 1.77
4.49 95.74 20.99 1.52
1.02 95.7 21.13 2.07
12.75 95.52 20.15 1.65
12.18 95.5 20.02 1.87
269.72 95.43 16.33 2.25
1.39 95.07 17.78 1.87
0 94.74 20.4 2.41
0 95.29 18.99 1.52
0 95.3 20.46 1.55
3.13 94.9 20.82 2.83
0.03 95.17 18.86 2.85
0 95.35 16.21 1.42
0.01 95.62 17.53 1.65
0.12 95.62 18.76 1.92
23.17 95.67 17.28 1.36
0.41 95.5 18.91 2.43
0.16 95.78 16.45 2.96
0 95.89 14.4 2.78
0 95.94 13.66 1.5
0 96.02 16.19 1.31
0 95.99 17.09 1.94
13.13 95.32 16.84 2.34
41.75 95.27 14.83 2.72
0.04 95.87 14.39 1.59
0.54 95.92 16.43 2.02
86.76 96.07 12.88 1.87
25.42 95.84 13.25 1.69
0 95.77 13.79 1.6
51.74 95.15 14.52 2.47
0.1 95.68 13.64 2.16
0.97 95.61 14.23 2.68
23.2 96.36 7.01 3.85
0.12 96.48 5.93 1.72
51.93 95.62 6.97 1.63
38.64 95.47 7.79 2.31
0 95.81 8.81 1.54
91.67 96.03 7.84 1.44
13.36 96.48 8.53 2.36
0 96.32 9.2 2
0 95.9 12.35 1.76
0 95.79 14.02 2.36
0 95.96 16.29 2.3
0 96.24 13.82 1.63
0.64 96.12 14.4 2.77
0.58 97.06 9.16 3.69
0 96.64 4.98 1.85
0 95.74 8.25 2.22
0 95.26 10.25 4.52
0 95.82 9.82 3.1
0 95.53 12.84 2.37
0 95.64 13.54 2.25
0 95.36 16.34 3.88
0 96.14 8.33 2.98
0 96.54 4.02 2.03
0 96.02 5.81 1.78
0 95.25 11.16 3.1
0 94.96 13.72 3.12
0 95.15 11.89 2.02
0 96.61 5.12 4.95
0 97.04 2.45 1.62
0 96.48 3.74 1.62
0.05 96.19 8 1.77
5.2 96.34 8.8 27.28
2.45 96.09 6.34 1.62
5879.93 95.72 7.17 3.13
5879.98 95.9 4.28 3.95
5879.92 95.7 6.64 2.5
5879.92 95.33 8.02 3.56
5879.93 95.65 6.87 3.18
5879.92 96.93 -0.06 3.2
5879.92 96.92 -1.45 1.61
5879.92 96.51 0.63 1.79
5879.92 96.29 3.9 1.7
5879.92 95.97 4.04 1.62
5879.93 95.61 2.66 3.17
5879.97 96.07 -3.76 5.64
5879.92 96.1 -1.99 2.83
5879.92 96.43 -2.14 1.64
5879.92 96.55 -1.32 1.55
5880.12 96.38 1.01 1.95
5879.92 96.73 -1.41 1.68
5879.92 96.66 -0.63 1.44
5879.92 95.99 1.55 2.73
5879.92 95.41 3.38 3.63
5879.92 95.9 0.82 2.58
5879.92 96.44 -1.64 2.05
5880 96.2 1.2 2.69
5879.92 96.58 -2.43 1.87
5879.92 95.71 -2.44 2.05
5879.92 95.24 536.42 4.59
5879.92 96.32 -2.21 2.08
5879.92 95.85 -1.6 1.47
5879.94 95.68 -0.46 2.07
5880.53 95.77 -1.03 5.05
0 96.36 -10.86 6.29
0 96.15 -10.64 3.57
0 95.88 -10.7 5.2
0 96.03 -10.56 4.1
0 96.14 -10.41 3.39
0 96.34 -9.46 2.09
3.06 96.37 -9.05 1.68
0 96.9 -10.26 1.54
0.04 96.78 -7.6 2.69
2.74 96.11 -4.37 4.59
0.08 96.54 -8.87 2.91
0.02 96.14 -9.7 3.79
0 96.31 -10.63 2.52
0 96.34 -8.81 1.74
0.27 96.27 -8.57 3.63
0 96.37 -12.03 3.54
0.01 96.41 -10.75 2.16
0 96.37 -8.12 2.46
0.16 96.03 -5.95 4.11
0 96.37 -9.78 3.6
0 96.03 -9.73 3.41
0 95.81 -3.75 2.46
0 95.83 -3.05 3.04
0 96.68 -5.14 3.66
0 96.92 -5.27 2.43
0 96.7 -7.74 1.43
0 96.28 -4.54 2.24
0 95.67 -5.14 1.91
0 95.01 -3.72 3.2
0.11 95.72 -6.25 85.48
0.03 96.46 -10.15 5.16
0.12 96.47 -10.84 2.77
0 96.4 -6.99 2.97
0 95.16 -2.62 3.63
0 95.4 -3.05 1.82
0.74 95.72 -2.55 4.61
0 96.28 -7.36 3.07
0 96.65 -9.11 1.62
0 96.55 -8.87 1.78
0 96.41 -5.85 2.31
0.07 95.95 -4.15 3.13
0 97 -7.21 2.36
0 97.17 -8.76 1.71
0 96.69 -5.6 1.82
0 96.83 -8.31 1.79
0.36 96.49 -8.86 1.82
2.58 96.46 -9.52 3.42
0 96.6 -8.91 1.92
2.49 95.47 -4.8 3.32
0.02 96.15 -8.12 1.99
0.05 96.05 -7.34 2.01
1.28 96.56 -7.2 2.42
0 96.06 -8.05 1.78
0 95.51 -3.69 3.03
0 96.4 -6.14 1.98
2.04 96.03 -4.79 1.46
3.32 96.59 -8.15 3.74
0 97.14 -11.67 2.79
0 97 -11.64 1.91
0.09 96.39 -7.96 3.41
0 97 -9.97 3.48
0 97.29 -9.23 1.78
0 97.08 -7.98 1.58
0 96.92 -7.52 1.51
0.09 96.78 -4.74 2.4
0.06 96.7 -5.98 3.35
0 96.6 -3.93 2.75
0 95.95 -1.44 2.94
0.03 96.79 -9.81 5.41
0 96.92 -11.55 3.43
0 96.19 -6.07 2.64
0 95.51 -3.22 2.13
0.01 95.54 -5.52 3.2
0 95.75 -6.02 2.42
0 95.39 -4.78 1.85
0 95.17 -0.3 2.28
0.02 95.85 -2.88 1.57
12.26 95.6 -0.99 2.67
0.01 96.2 -1.44 4.28
0 96.86 -3.25 2.57
0 96.39 -3.7 2.94
14.26 95.59 -0.32 3.46
21.85 95.04 -0.57 5.34
0.14 95.45 -5.38 5.5
0 95.72 -6.01 2.02
0 95.35 -5.5 1.89
0.61 95.79 -6.61 3.12
0 96.21 -8.52 3.42
0 96.86 -6.57 1.97
3.8 95.93 -2.59 4.7
0 95.57 -0.59 3.12
0.04 95.15 -2.38 2.49
0.13 95.82 -6.18 5.78
0 96.36 -6.1 2.84
0 96.11 -3.18 3.02
0 95.45 1.55 4.28
0 95.73 1.94 2.76
1.97 96.29 -2.63 3.29
0 97.11 -8.95 5.74
0 96.47 -4.21 3.23
0 96.07 -3.41 3.75
0 95.59 -2.82 2.87
0 133.71 532.57 536.46
0 95.73 0.4 3.52
0 95.36 5.73 3.65
0 95.26 5.96 3.21
0 96 3.55 2.53
0 95.31 6.55 2.89
0 95.54 6.76 3.6
0 95.67 6.03 2.58
0 95.6 6.72 3.87
0 96.56 2.38 3.99
0 96.75 3.07 2.73
0 96.94 3.81 1.7
0 96.7 7.61 2.86
0 96.49 12.49 4.03
0 95.7 13.2 4.95
0 95.23 12.34 3.64
0 95.4 10.64 3.26
0 94.93 14.11 4.13
7.76 95.87 6.95 3.23
0 96 5.23 1.7
197.14 94.46 2.67 2.41
0.77 95.27 4.5 2.4
1.84 95.22 5.56 1.85
0.15 95.72 4.56 4.38
0 96.87 -0.25 4.12
0 96.85 0.56 3.15
0 96.08 4.76 2.93
0.1 95.8 7.93 3
0.16 96 8.29 2.36
25.6 96.19 7.28 3.38
180.98 96.75 0.09 4.3
0.71 96.4 3.71 2.19
0 94.81 11.19 1.96
0.67 93.96 14.25 4.23
2.09 94.84 9.02 5.43
0 94.9 11.74 2.43
0.04 95.19 12.76 2.72
0.02 95.63 11.03 3.6
0.01 95.29 11.51 2.96
0.04 95.17 11.8 2.6
0 95.46 14.23 3.94
0 95.61 14.67 4.89
0 95.91 14.65 2.65
0 95.29 20.66 4.1
0 94.91 23.99 4.27
22.94 94.63 20.42 4.26
22.95 95.23 16.51 2.45
0 95.29 18.99 2.2
0 95.2 20.61 2.77
10.97 94.98 17.43 3.69
27.27 95.06 15.57 2.19
0 95.31 13.55 4.98
0 95.17 13.85 4.48
0 94.59 15.18 5.5
0 95.16 12.68 2.57
0.52 95.07 13.24 4.77
22.97 95.37 7.75 2.26
0 95.74 8.98 1.72
71.04 95.63 8.67 2.4
71.22 94.71 7.6 1.92
13.07 93.45 11.18 3.73
0.4 93.54 19.05 3.47
1.6 94.82 16.59 5.26
0.02 95.45 16.17 4.12
0 94.9 18.57 3.29
19.72 94.06 19.1 4.17
33.11 94.22 15.25 5.06
1.2 94.62 13.84 5.59
0 95.44 18.21 4.02
0 95.1 21.4 3.26
0 94.95 22.19 2.77
2 94.88 22.28 2.62
0.09 94.72 24.4 3.3
0.36 94.63 25.49 3.99
4.6 94.76 24.39 2.86
0.18 94.77 23.19 3.12
4.14 94.46 23.31 3.83
0.75 94.74 21.04 3.41
0 94.85 20.12 2.66
0 94.06 24.77 6.46
9.5 94.5 22.8 2.97
2.12 95.06 19.53 3.88
0 95.28 21.49 3.05
68.58 94.55 18.1 3.22
41.12 94.02 18.74 2.5
59.65 94.52 18.42 2.47
0.33 94.85 19.65 3.34
1.98 94.57 19.81 2.65
6.25 94.59 18.68 2.04
119.59 94.35 16.77 2.52
204.81 93.86 15.85 2.27
50.71 93.93 16.67 1.75
81.79 94.8 17.43 2.23
0.51 95.07 20.57 1.95
21.97 94.92 22.03 2.01
0.38 94.63 22.91 1.86
181.3 94.63 19.97 2.47
5.82 94.83 18.91 3.29
89.37 95.27 16.72 2.64
0.07 95.36 21.27 2.33
0 95.01 23.44 1.95
5.03 94.75 23.83 2.92
0.32 94.88 23.52 2.53
11.48 94.69 23.6 3
16.03 94.4 21.7 2.31
99.87 94.35 20.84 2.01
1.24 94.79 21.99 1.62
4.68 94.86 23.71 2.16
180.53 95 17.6 2.15
28.23 94.42 18.15 1.83
32.62 93.98 19.06 3.14
5.08 94.54 17.25 3.15
0.12 95.12 18.7 2.27
61.34 95.11 19.57 2.02
14.51 95.23 20.41 1.73
0 95.21 22.25 2.01
0.27 95.07 23.67 2.09
3.46 95.22 24.6 2.12
0.22 95.46 25.7 2.41
4.07 95.29 23.92 2.64
0.69 94.99 25.32 2.08
1.57 94.46 26.33 2.24
0.24 94.27 26.63 3.33
9.68 94.63 26.34 2.59
23.07 95.03 24.2 2.26
29.46 95.22 21.33 2.23
17.2 95.08 21.94 1.65
76.75 94.91 22.59 1.76
93.12 95.06 22.5 2.07
46.16 94.99 22.96 2.33
24.9 94.71 23.88 2.26
54.44 94.68 22.97 2.1
11.08 94.68 22.99 1.56
17.99 94.5 22.92 1.81
7.78 94.32 24.12 1.97
9.13 94.69 25.25 2.41
26.2 94.79 24.66 2.08
46.66 94.56 24.26 2.33
103.09 94.53 23.93 2.23
279.73 94.91 21.57 2.42
10.98 95.13 22.39 1.66
1.86 94.95 23.47 1.82
30.22 94.47 24.89 2.97
0.16 94.44 23.28 2.13
1.68 94.31 24.93 2.46
3.24 94.48 25.43 3.08
19.23 94.88 24.24 2.3
18.51 95.42 22.75 2.37
48.73 95.46 23.02 1.78
16.02 95.35 24.02 2.14
0 95.38 23.88 1.92
0 95.2 24.27 1.55
0 95.04 24.58 1.51
0 94.73 25.62 1.81
1.67 94.53 25.59 2.22
0.03 94.81 23.95 2.28
0 94.87 23.86 1.74
1.34 132.74 554.15 536.01
49.61 133.04 554.25 536.16
79.97 95.34 20.31 2.01
23.62 95.04 19.49 2.24
5.16 94.85 20.48 2.26
43.11 94.96 20.04 1.8
10.86 95.28 20.29 1.82
24.1 95.49 20.04 1.94
10.78 95.42 20.45 2.3
37.95 95.3 20.28 2.33
0.05 95.23 20.74 2.36
20.09 95.09 20.01 1.84
7.5 95.25 18.93 1.49
18.57 95.4 19.02 1.66
133.36 95.58 17.84 1.64
96.63 95.61 18.63 2.15
2.47 95.59 20.95 2.21
0.31 95.75 19.98 2
13.87 95.6 18.38 1.44
47.76 95.41 17.6 2.17
0.02 95.56 17.49 1.83
0 95.46 19.3 1.49
2.31 95.62 20.73 2.35
21.66 96.28 16.35 2.24
2.35 96.2 15.1 1.69
44.19 95.65 13.54 1.77
16.13 95.6 14.33 2.73
0 95.53 19.44 2.27
0 95.86 19.53 2.45
0 95.99 18.98 2.66
0 95.82 19.36 2.31
4.46 95.8 19.4 1.57
10.94 95.86 18.69 1.98
0.01 95.94 16.84 1.98
3.05 95.44 16.76 2.27
4.4 95.24 19.31 2.51
48.12 95.1 17.97 3
38.84 95.2 14.76 2.08
39.71 95.14 14.95 1.85
17.39 95.13 15.69 2.97
0 95.4 14.26 2.34
0 95.59 16.41 2.53
0.23 96.42 13.78 1.53
3.36 96.89 11.39 1.88
8.23 95.77 15.17 3.15
55.18 95.02 11.28 5.24
0.05 94.95 13.86 4.29
0 95.94 11.52 2.02
0 96.25 14.15 2.4
0 95.77 17.58 3.49
0 95.65 17.79 2.2
0 95.43 18 3.25
0 95.75 10.71 3.71
0.44 95.08 6.19 3.11
3.23 95.26 5.91 5.09
5.19 95.56 10.03 4.43
0 95.97 11.88 2.3
0 96.04 12.93 1.85
0 95.78 13.71 1.79
0 95.72 14.49 1.73
0 95.75 15.31 2.5
2.68 95.87 13.88 2.97
0 96.65 6.43 2.69
0 95.54 10.37 2.74
25.57 96.1 5.91 1.94
25.43 96.43 5.24 1.94
1.76 103.71 115.94 55.91
0 103.19 116.34 55.84
0 96.67 7.28 2.35
0 96.62 4.68 1.67
7.97 95.4 7.44 4.87
0 95.45 4.19 3.3
0 96.05 2.12 3.28
0 96.38 0.43 3.79
0 96.81 0.59 2.63
0 96.87 2.95 1.51
0 96.2 5.12 1.63
0 96.01 6.04 1.28
0 95.99 8.81 3.54
0 96.17 10.13 3.14
0.76 97.28 1.74 3.84
58.2 97.35 -3.28 3.18
34.25 96.95 -3.28 3.38
6.24 96.48 -2.82 2.06
0.26 96.53 -2.8 1.41
0 96.7 -2.93 1.27
0 96.85 -0.98 1.4
0.13 96.69 1.36 1.33
0.01 95.98 3.33 1.89
0 95.33 5.89 2.57
0.29 96.18 2.61 2.35
5.13 96.04 -1.96 2.54
0 96.71 -4.14 2.44
5.26 96.62 -5.44 2.29
10.23 96.61 -6.88 2.23
6.59 96.62 -8.01 1.99
7.22 97.1 -8.45 1.76
20.51 97.56 -10.91 2.69
8.77 97.63 -12.29 3.14
0.09 97.53 -14.42 2.1
0.01 96.67 -13.94 2.65
0 96.59 -13.71 2.81
0.06 96.12 -11.55 1.34
0.27 96.56 -9.49 1.47
12.88 96.27 -5.25 2.21
0 96.17 -7.47 1.61
0.4 95.49 -3.05 2.32
0.12 95.28 -4.94 4.66
0.29 95.57 -7.07 5.46
0 95.94 -4.64 3.63
0 96.61 -5 2.09
0 96.76 -7.63 1.45
0 96.93 -8.84 1.02
0 96.5 -3.45 2.21
3.42 96.15 0.78 2.8
0.02 96.39 -0.82 3.89
0 96.73 -6.29 1.78
0 96.39 -6.12 1.42
0 96.51 -6.42 1.12
4.02 95.83 -4.8 2.78
0.04 95.9 -6.16 4.16
0.05 96.46 -8 5.32
0 96.56 -7.49 2.83
0 97 -5.59 1.87
0 97 -6.07 1.55
0 96.12 -3.25 2.36
0 96.34 -5.15 1.65
0 96.45 -7.65 1.53
0 96.33 -5.22 2.12
0 96.44 -8.85 2.17
0.01 95.41 -6.95 3.03
0 96.44 -12.02 3.79
0 97.21 -14.21 2.02
0 96.94 -8.52 1.96
0.26 96.5 -5.75 1.55
1.87 96.74 -7 1.47
0 96.75 -8.01 1.87
0 95.89 -2.71 2.52
0.01 95.88 -5.49 1.36
2.12 96.08 -7.84 1.9
0 96.54 -10.16 3.5
0 96.37 -11.68 2.53
0 96.64 -9.84 3.02
0 96.48 -9.66 3.02
0 96.29 -10.1 2.69
0 96.04 -9.83 2.16
0 96.79 -11.63 3.03
0 97.05 -12.69 2.6
0 96.52 -12.41 3.16
0.08 95.86 -11.11 3.65
0.11 95.61 -10.68 2.45
0 95.67 -11.27 1.76
13.78 96.29 -14.21 2.53
2.32 96.3 -17.95 2.72
0 95.94 -18.42 3.97
0 96.56 -17.89 1.78
0 97.07 -17.41 1.42
1 97 -16.73 1.84
0.69 97.51 -19.89 3.22
0 97.41 -23.15 4.89
0 96.9 -15.35 4.33
0 96.33 -10.34 2.84
0 96.2 -11.24 3.21
0 96.28 -9.69 3.1
0 96.8 -12.16 1.89
0 97.26 -15.34 1.89
0 97.05 -16.1 2.23
0 97.1 -13.11 2.95
0 96.97 -10.79 2.54
0 96.61 -9.08 2.13
0 96.37 -8.3 2.51
0 96.58 -8.11 3.47
0 96.51 -8.37 3.63
0 96.43 -7.03 2.64
0 95.54 -6.75 2.61
0.01 95.15 -3.7 3.38
0 95.83 -2.89 2.65
0 95.51 1.04 2.79
0.09 95.43 1.18 2.18
2.86 95.65 0.72 2.84
32.26 96.37 -7.47 5.85
0 96.46 -11.85 5.05
0 95.84 -9.06 3.75
0 95.7 -4.88 4.06
0 95.66 -2.09 3.7
0 95.61 -3.04 3.67
0.13 96.47 -6.33 3.42
0 96.45 -8.53 3.75
0 96.32 -9.17 2.61
0.01 96.41 -6.26 3.23
0 97.31 -9.97 2.38
0 96.94 -8.6 2.56
0 96.86 -7.9 2.87
0.09 96.2 -6.24 3.06
0.02 96.28 -6.42 1.97
0.13 96.57 -7.57 3.98
0.08 96.83 -8.23 3.36
0.04 95.9 -0.89 2.94
0 95.51 2.41 2.4
0 95.46 1.36 2.4
0.23 95.85 0.13 1.46
42.61 95.67 1.05 3.61
0.03 95.69 -0.81 2.37
3.63 95.94 -3.29 4.11
0 96.71 -7.02 4.51
0 96.82 -6.91 3.51
0.03 96.59 -6.06 3.34
0 96.08 -5.01 2.01
0 95.45 -0.93 3.91
0 96.18 -1.23 2.61
0 96.02 1.4 2.33
0 95.46 4.96 2.96
0 95.31 8.47 3.44
0 94.93 9.91 4.94
0 95.31 7.9 3.95
0 96.21 4.37 2.01
0 96.44 5.78 1.95
0 96.07 8.8 2.73
0 96.41 6.08 4.41
0.02 96.99 2.64 4.92
0 97.01 2.59 3.27
0 96.67 3.29 2.99
0 96.26 7.72 2.92
0 95.7 9.45 2.34
0 95.06 11.4 4.14
1.16 95.53 7.91 3.37
0 95.53 8.98 3.14
0 94.6 15.29 4.79
13.03 94.82 11.08 4.9
0.98 95.9 6.98 3.9
0 95.91 8.33 3.34
0 95.09 10.94 3.72
0.09 95.39 10.56 2.72
0.9 94.8 12.53 4.68
0 95.11 10.68 4.28
0 95.07 12.27 5.61
0 95.33 7.87 3.14
0 95.97 5.7 3.44
0 95.53 6.97 4.38
30.61 94.64 8.58 2.65
0.16 94.36 10.72 4.74
0 95.47 11.6 3.6
0.35 95.01 15.29 4.86
21.38 94.91 10.68 3.76
2.04 94.9 6.9 4.29
8.19 95.22 6.85 2.52
3.58 95.57 8.48 3.38
0.03 95.19 13.84 2.81
0 94.34 15.81 5.74
0 94.88 11.69 5.84
0 95.43 11.47 2.85
0 94.93 14.44 4.59
0.75 95.69 11.48 3.1
25.19 95.92 9.51 2.06
1.48 95.52 12.75 1.83
0 95.66 13.28 2.37
25.68 94.89 13.49 2.7
0.08 94.49 17.16 2.79
21.57 94.21 21.29 3.97
149.24 94.98 11.79 2.67
89.92 94.09 11.36 5.06
0 94.62 15.95 3.16
20.82 94.65 15.23 4.59
0.04 94.91 13.56 5.96
0 95.69 15.92 2.79
0 95.15 18.5 4.35
0.95 95.29 17.19 2.35
0 95 17.42 2.22
1.33 94.21 19.93 4.57
186.44 94.9 11.9 4.25
0 95.82 14.76 3.72
27.44 95.46 12.22 3.92
1.59 95.23 13.01 3.45
0 94.73 18.16 3.2
0 94.85 23.34 3.66
0 95.15 24 4.39
0 95.36 22.56 3.91
0 95.53 22.19 3.7
0.03 96.16 19.6 3.53
0.03 96.09 18.79 2.63
40.76 95.24 15.24 1.86
21.6 94.18 16.19 4.61
12.59 94.47 18.62 3.31
0.24 94.93 18.95 4.22
0 94.88 21.85 4.35
0.09 94.49 24.08 4.29
0 94.84 19.61 4.15
0 94.55 22.43 4.1
18.42 95.34 17.39 2.31
0 95.4 20.18 1.74
0 95.03 23.44 2.75
0.01 94.71 24.25 3.28
0.03 94.85 22.83 2.79
0.17 95.11 23.09 2.3
22.12 95.25 19.83 3.22
6.25 95.31 19.36 1.96
0.07 95.04 21.87 2.45
18.31 94.74 21.58 3.93
115.02 94.51 20.21 4.5
35.56 94.97 18.37 2.42
8.63 94.88 19.78 2.01
4.32 94.54 19.92 1.96
142.08 94.44 15.78 2.23
18.72 94.46 18.31 2.06
2.39 94.09 20.22 2.38
41.03 94.13 20.71 1.93
2.94 94.66 21.23 2.82
0.02 94.76 23.6 2.4
19.96 94.44 25.01 2.88
31.58 94.45 24.12 2.66
34.21 94.47 22.95 2.27
22.12 94.71 21.45 2.75
6.38 94.75 21.45 3.61
0 94.91 24.36 2.82
0 94.88 24.88 2.02
25.95 94.62 23.43 2.53
60.87 94.74 19.69 3.11
101.41 94.59 20.54 2.4
52.14 94.6 20.71 2
0 94.75 21.05 1.9
0.22 94.73 22.57 1.66
0 94.85 25.39 2.76
0 95.03 24.81 2.79
2.1 95.23 25.17 1.9
0 95.32 26.52 1.88
0 95.26 26.83 2.82
0 95 26.49 2.66
0 94.76 27.83 2.07
0 94.52 28.84 2.58
5.52 94.2 29.13 3.64
88.11 94.45 22.77 2.13
1.36 94.78 24.71 2.47
1.09 95.12 23.3 2.64
6.88 94.81 20.31 2.04
4.97 94.67 20.08 2.16
2.6 94.96 22.06 1.77
0.12 94.98 23.87 2.11
29.41 95.06 23.61 2.56
246.97 95.14 21.21 2.35
814.34 94.66 21.47 2.59
42.99 94.44 23.56 1.77
8.32 94.33 26.64 2.74
0.38 94.82 26.18 2.1
462.3 94.84 21.17 2.64
4.15 94.73 22.55 1.57
2.01 94.51 24.21 2.19
30.64 94.49 24.18 2.27
28.11 94.86 23.76 1.83
148.55 95.13 23.8 2.01
60.13 95.25 22.43 1.73
32.18 95.34 23.09 1.95
0.32 95.34 24.84 1.61
0 95.29 26.27 1.5
0 95.25 27.06 1.85
0 95.16 26.9 2.08
265.77 94.88 25.7 2.13
176.33 95.24 23.67 2.33
0 95.35 22.56 1.41
0 95 23.93 2.32
0 94.79 27.13 3.57
0.9 94.79 28.86 3.51
16.09 94.85 25.83 2.3
0 94.81 25.01 1.77
0 95.07 24.36 1.94
4.99 94.99 23.39 1.56
69.59 94.84 22.21 2.03
4.71 94.71 22.94 1.45
266.25 94.67 20.55 1.72
19.15 95.08 21.51 2.26
16.02 95.22 22.12 1.69
0.9 95.35 23.23 1.82
2.08 95.45 23.62 1.56
14.75 94.99 21.53 1.66
17.15 94.78 23.68 2.05
125.86 95.5 18.27 3.86
0 95.8 18.26 2.13
3.83 95.47 18.39 2.09
3.24 95.43 19.13 2.08
0 95.58 18.56 2.25
0 95.02 18.3 2.31
20.21 93.97 16.82 3.98
26.79 93.83 15.89 2.56
9.86 94.5 19.18 1.53
28.17 95.02 18.62 1.21
90.52 95.28 17.93 1.56
65.04 95.2 17.66 1.48
17.29 95.07 19.3 1.62
2.75 94.82 19.14 1.65
6.82 94.9 18.33 1.69
39.38 95.19 17.2 1.61
14.38 95.36 16.83 1.74
52.05 95.72 15.83 2
18.28 95.97 16.36 1.47
2.28 95.92 17.45 1.42
35.86 95.73 19.02 1.87
0.03 95.6 19.98 1.72
4.64 95.67 18.93 1.94
2.52 96.09 16.67 2.11
18.64 96.24 14.52 2.35
0.13 96.27 14.31 2.4
0 96.14 14.46 1.52
1.04 95.95 14.83 2.12
4.32 95.58 16.89 2.25
4.02 95.28 18.64 2.14
1.76 95.02 20.36 3.5
0.05 95.68 17.6 2.14
10.48 95.49 17.35 1.9
2.38 96.18 12.61 4.45
0 96.63 8.81 2.34
0.04 95.87 10.29 2.44
0.08 95.5 15.89 2.08
5.64 95.37 18.94 3.6
3.68 95.39 15.81 2
0.99 95.37 15.94 3.29
83.57 95.94 8.2 2.33
17.14 96.02 7.12 2.13
0.58 96.6 8.83 1.6
62.41 95.77 10.55 2.72
1.03 95.93 6.63 4.58
0 96.18 5.27 1.9
0.63 95.76 6.88 1.93
0 96.3 6.3 68.64
0.29 96.3 7.78 1.63
0 95.88 12.31 1.58
0 95.96 13.67 1.76
0.2 96.13 15.22 2.82
8.01 95.62 14.3 3.85
0 96.08 10.32 2.1
0 95.85 12.11 1.96
0 95.68 13.52 2.52
1.81 96.58 5.47 2.89
39.92 95.97 5.74 1.81
45.81 96.63 2.52 3.02
0 96.29 2.94 1.47
0 95.66 4.1 1.47
0 95.27 8.81 3.11
0 96.45 3.89 2.16
29.69 96.5 3.18 1.36
14.46 96.67 2.87 2.99
0.23 96.78 0.74 2.65
3.18 96.46 0.34 3.37
0 97.28 -4.37 3.03
0 96.92 -2.77 2.58
0 96.2 1.05 3.18
0 95.65 2.29 1.84
0 94.75 4.29 1.7
0 95.74 2.36 3.1
0.19 96.59 -0.54 2.05
7.46 96.81 -1.18 3.31
0 97.19 -3.36 1.8
0 96.61 -1.8 2.27
2.74 95.14 2.87 3.7
1.98 95.36 -0.87 1.75
0.28 95.88 -0.51 1.57
0 95.38 4.3 3.55
0 96.02 1.96 4.77
0 96.32 -2.8 2.1
0 96.03 0.7 2.38
0 95.99 -0.4 2.44
0.32 95.42 1.52 2.49
2.74 95.9 -3.51 2.35
25.79 96.48 -6.77 1.73
56.49 96.81 -8.75 2.83
0 97.2 -11.14 2.96
0 96.89 -10.47 2.74
0 96.41 -7.98 2.63
0 96.06 -5.58 2.08
0 95.59 -2.13 3.41
0 96.37 -5.49 3.26
0 96.81 -4.31 1.74
0.09 97.1 -4.74 1.87
4.94 95.95 -0.58 3.57
0 96.7 -3.04 3.51
0 96.42 0.33 2.68
0 95.69 2.75 3.33
0 95.74 -0.78 2.59
0.46 96.39 -5.14 3.46
0 95.88 -5.08 3.06
0 96.08 -6.07 2.25
2.61 95.48 -3.43 3.48
0 96.44 -7.12 2.18
0 96.58 -7.8 1.38
0 96.01 -5.48 2.8
5.94 96.29 -3.35 2.44
0 96.9 -8.22 3.38
0 96.86 -9.93 2.2
0.01 96.83 -8.91 2.93
0 96.07 -4.68 2.55
0 96.01 -4.19 1.22
0 96.17 -3.88 1.05
0 96.23 -3.46 1.23
0.03 96.57 -3.22 1.25
0.09 96.58 -4.59 2.56
3.49 96.23 -9 3.84
0 96.65 -9.84 2.58
0 96.58 -9.94 1.33
0.04 96.37 -5.03 3.32
1.88 97.01 -8.85 3.59
0 96.93 -11.14 2.11
0 96.61 -9.35 3.83
0 96.85 -8.99 2.95
0 96.35 -7.64 1.78
0 96.22 -6.68 1.51
0 96.01 -2.84 3.06
0 96.18 -4.55 2.32
0 95.85 -2.01 2.73
0 96.45 -5.16 1.51
0 96.77 -6.74 1.33
0 96.29 -3.72 1.43
8.36 96.3 -3.78 1.64
9.68 95.89 -4.4 2.2
0.02 96.07 -7.26 3.36
0 96.33 -9.97 3.58
0 96.07 -9.97 2.72
0.01 95.8 -10.79 2.72
0 95.95 -10 4.28
0 96.89 -11.42 2.08
0.12 96.88 -13.02 1.4
0.03 96.78 -12.38 1.43
0.19 96.58 -10.35 1.98
0 96.89 -11.02 1.72
15.82 96.56 -12.08 2.75
0 96.66 -13.33 2.23
0 96.27 -12.14 4.37
0 96.95 -13.54 2.5
0 97.08 -13.85 1.58
0 97.19 -12.41 1.33
0 96.6 -7.96 1.83
0.05 95.83 -3.53 4.75
0 96.39 -6.52 3.5
0 95.82 -6.93 2.66
0.2 96.62 -10.57 4.17
0 96.98 -9.83 3.36
0 96.39 -7.45 2.96
0 97.13 -7.81 3.31
0 96.53 -5.37 2.16
0 95.95 -3.8 1.75
0.35 95.58 -0.68 2.35
0 95.95 -4.97 3.4
0.01 96.89 -6.27 2.56
0.01 96.84 -7.31 1.12
0.03 96.62 -8.08 5.42
0.01 96.17 -9.09 5.58
0 96.36 -8.84 4.61
0 96.47 -6.99 2.91
0 96.45 -6.24 1.7
0 96.93 -4.65 1.77
0 96.82 -3.53 2.06
0 95.64 2.14 3.43
3.28 95.92 -2.51 4.34
0 96.57 -6.57 3.05
0 95.98 -5.18 2.61
0 94.89 -2.09 4.59
0 96.66 -6.8 4.35
9.82 96.5 -6.19 2.73
16.24 95.81 -3.57 4.29
0 96.33 -4.27 3.61
0 96.06 -2.02 3.38
0 96 -0.63 3.14
0 96.21 -0.64 1.62
0 95.87 1.72 2.96
0 95.81 1.34 2.9
0.82 96.2 -3.93 3.89
0 95.44 -0.67 2.63
0 95.5 0.23 1.67
0.03 95.7 -2.5 2.41
0.16 96.12 -4.51 3.77
0.04 95.88 -6.67 3.73
0 95.9 -4.69 4.4
0 95.41 0.04 3.76
0 95.22 1.06 3.02
0 95.44 3.5 1.98
0 95.69 4.91 2.96
0 96.5 0.39 4.45
0 96.53 1.16 2.81
0 96.5 1.76 2.25
0 96.24 3.03 1.72
0 95.86 3.67 1.74
0.98 95.75 4.64 2.11
0 96.28 5.81 1.98
0.13 96.38 5.31 2.31
0.85 96.4 2.5 3.36
0 96.25 2.03 2.19
0 96 3.3 2.13
0.75 96.39 2.44 1.67
6.23 96.09 1.54 1.46
2.3 95.91 3.16 2.37
0.42 95.83 2.52 2.2
0 96.02 3.35 2.54
0 95.82 5.68 2.45
0 95.74 9.37 3.55
0.09 96.53 4.67 2.7
0 96.35 5.02 2.24
0 95.75 6.09 1.76
0 95.76 9.47 2.04
0 95.69 12.79 3.13
0 95.39 16.38 3.85
0.56 95.14 13.91 3.49
1.99 95.17 11.03 3.45
0.77 95.27 10.41 2.75
0 95.98 9.37 3.62
0 95.99 9.3 2.08
0 95 13.13 3.51
0 95.54 8.72 4.13
0 95.47 7.61 2.56
0 94.84 12.54 4.21
0 94.41 15.31 3.12
0 94.85 16.68 3.22
0.24 95.19 14.85 3.09
1.51 94.1 14.97 4.69
0.29 94.28 8.78 5.8
2.21 94.69 8.2 3.18
2.22 95.02 10.13 3.5
0 95.45 10.61 2.35
0.02 94.79 13.86 5.02
0 95.04 10.61 2.95
0 95.34 9.9 3.25
0.01 96.01 9.38 3.49
0 96.03 11 4.63
0 95.21 15.43 4.42
0 94.66 17.51 3.21
0 94.33 20.95 4.26
0 95.19 17.6 2.62
0 95.58 18 2.55
0 95.53 21.12 3.86
2.06 95.47 18.92 5.22
17.54 95.4 15.15 3.27
19.65 95.1 10.52 5.82
0 95.32 11.55 6.13
0 95.19 18.23 3.96
0 94.88 20.79 2.56
0 94.66 20.31 4.38
0.39 94.63 19.17 3.12
0.03 94.76 15.96 4.94
0 94.64 13.88 4.45
1.2 94.84 13.22 4.68
0.2 95.56 14.56 4.79
0 95.53 16.89 2.39
0 94.76 20.15 1.88
0 94.59 23.75 2.44
0 94.59 28.41 4.12
1.9 94.93 26.88 3.42
0.91 95.21 24.23 3.09
5.58 95.52 16.83 3.56
186.26 95.65 10.44 2.39
0.03 95.44 16.63 2.28
0.01 95.01 19.83 2.19
0.08 95.52 15.99 3.31
0 95.1 18.99 2.46
0 94.73 21.36 2.91
0 94.97 22.48 3.68
24.45 95.31 17.23 2.63
0.77 94.78 20.03 3.04
19.82 94.29 20.2 3.02
0 94.78 17.76 3.37
92.06 95.11 11.79 1.96
0 95.22 16.07 2.38
0 95.22 20.35 2.51
0 95.37 21.72 2.29
24.59 95.08 15.75 2.32
0.99 94.8 18.72 2.62
0.45 94.68 22.31 3.82
0 94.75 21.57 3.63
0 95.13 19.49 1.94
8.82 95.28 18.51 1.85
24.6 95.57 18.71 1.78
0 95.59 21.01 2.03
0 95.14 27.05 2.47
0.17 94.87 27.98 1.86
3.42 94.72 27.03 2.83
10.16 94.63 24.82 2.64
42.08 94.63 22.03 3.01
107.53 94.55 19.79 1.97
10.69 94.59 20.45 2.38
0.54 94.76 21.99 2.23
67.32 95.13 19.11 1.55
111.16 95.02 17.63 1.64
6.28 94.76 19.34 1.47
5.53 94.72 21.72 1.47
0 94.89 24.2 1.72
12.35 94.8 25.25 2.96
14.05 94.82 26.22 3.24
0.08 94.72 27.02 3.27
10.63 94.58 27.11 2.82
22.78 94.46 27.31 2.57
49.82 94.65 24.7 2.35
0.49 94.75 25.53 2.03
18.88 94.91 24.67 1.8
66.49 95.07 23.17 1.51
78.54 94.85 23.98 2.6
572.21 94.02 23.15 2.5
29.6 93.99 24.84 3.07
69.46 94.17 24.19 2.45
0.64 94.1 24.52 1.83
0 94.39 25.81 2.29
0.48 94.46 28.55 2.73
50.82 94.25 28.19 3.53
22.65 94.65 25.74 2.2
18.49 95 26.12 1.75
0 95.12 27.19 1.95
0 95.06 28.16 2.15
0.01 94.79 28.34 2.98
42.91 94.56 26.56 2.76
38.66 94.53 23.41 2.63
66.66 95.26 21.57 2.25
21.17 95.26 21.49 1.56
3.31 94.8 23.71 1.2
2.51 94.9 23.87 1.62
0.56 95.14 24.27 1.88
27.79 94.81 22.19 2.44
1.07 95 23.11 2.32
0 95.5 23.33 1.66
0 95.08 23.58 1.62
54.04 94.68 23.85 2.71
0.05 94.85 25.27 1.98
0.75 94.93 26.02 2.48
34.07 94.66 25.38 2.13
846.71 94.08 23.59 2.27
12.91 94.48 24.77 1.5
71.37 94.53 24.64 2.2
39.09 94.36 23.07 1.92
4.05 94.42 24.01 2.1
30.59 94.29 22.93 1.58
42.02 94.12 20.87 1.56
8.42 94.22 23.36 1.48
9.47 94.62 24.22 2.47
49.86 95 23.02 2.04
0.38 95.14 23.67 1.69
26.36 95.08 22.21 1.67
19.39 94.97 21.94 1.59
270.68 95.04 19.9 2.04
69.77 95.18 20.81 1.82
30.53 95.33 21.7 1.69
28.33 95.37 22.07 1.74
7.35 95.02 22.49 1.8
0.99 94.75 25.43 1.93
47.62 95.19 22.92 2.21
263.17 95.08 19.64 2.07
0.03 95.1 20.58 3.28
0 95.2 18.63 3.46
0 95.53 19.4 2.09
20.14 95.27 16.81 2.85
7.7 95.67 16.38 2.7
0 95.82 14.99 2.23
0 95.52 17.27 2.06
0.71 95.52 17.64 1.68
4.2 95.36 19.82 1.84
9.81 95.41 19.41 1.89
6.62 95.32 20.03 2.55
2.52 95.16 21.05 2.8
0.05 95.02 20.65 3.46
0 94.94 19.35 1.73
0 94.74 21.28 2.17
0.79 95.25 19 2.6
5.66 95.33 18.8 2.01
74.47 95.21 17.26 1.81
0.03 95.43 16.83 2.11
0 95.83 15.8 1.86
0 96.09 16.55 1.68
2.87 96.02 18.68 2.27
5.45 95.86 19.02 2.07
0.89 95.43 19.28 2.64
0.02 95.25 17.45 2.24
0 94.69 19.26 2.27
0.16 95.13 16.22 2.88
0 95.53 15.58 1.82
0.77 94.89 19.23 3
30.76 94.9 17.17 3.42
0 95.11 17.96 3.72
0.14 95.36 18.55 2.47
14.26 95.36 16.49 2.39
26.14 95.63 13.48 2.03
0.07 95.61 10.4 2.27
0 95.5 9.59 3.32
0 95.33 10.48 2.25
0 95.46 13.75 2.68
0.07 95.6 15.9 3.68
0 96.37 9.41 2.5
0 96.72 8.13 1.94
0 96.51 9.72 2.42
0 95.82 13.91 3.51
0 95.59 15.13 3.18
0 95.88 14.1 1.96
23.39 96.17 12.39 1.49
137.32 96.77 8.98 3.24
24.66 96.81 5.53 2.88
0.69 96.62 5.16 2.86
0.9 96.26 4.76 2.18
0 96.13 6.51 2.87
0.01 96.72 5.12 1.26
29.93 96.76 6.75 1.78
0.11 97.1 5.6 1.65
0 96.88 6.2 1.67
3.66 96.23 8.87 1.78
0.05 96.02 9.23 1.28
0 95.73 11.36 2.47
0.01 96.41 7.7 1.99
7.87 96.52 4.45 1.89
0.09 96.52 5.39 1.81
0 96.33 6.9 1.91
0 96.39 8.08 1.36
0 95.79 10.32 1.64
0.02 95.64 10.86 1.84
0 96.46 7.19 4.28
0 97.02 2.21 3.49
0 96.48 5.16 2.31
0 95.61 8.18 2.97
