1.53 94.24 -16.37 1.48
0.07 94.91 -17.7 1.79
24.33 94.71 -18.96 1.7
6.57 95.05 -19.45 3.62
0 95.36 -21.05 2.16
0.01 95.54 -21.28 2.29
0.1 95.63 -19.11 1.62
19 94.98 -17.37 1.17
4.57 95.21 -16.7 1.72
0 95.49 -16.81 1.72
0 95.5 -17.34 3.16
0 94.94 -20.12 3.69
0 94.95 -17.93 3.51
1.25 94.73 -16.25 1.75
0 95.81 -15.95 1.66
0 95.4 -14.8 1.14
0 95.09 -11 1.6
0.01 94.99 -7.07 1.51
0 94.5 -1.53 2.73
0.33 95.66 -10.46 4.72
0 95.62 -14.68 4.02
0 95.35 -12.97 4.84
0 94.83 -9.58 4.12
0 94.25 -10.4 4.5
0 95.22 -10.66 4.11
0 98.62 -6.76 2.97
1.62 94.13 -5.52 2.7
0.05 94.76 -11.8 4.28
0 94.36 -6.83 4.67
0 94.37 -6.69 2.16
0 94.93 -9.69 1.95
0.74 95.06 -11.85 2.2
0 95.1 -15.29 2.47
0 95.05 -14.26 2.62
0 95.02 -14.52 2.35
0 95.32 -14.57 1.59
0.04 95.19 -12.69 2.32
6.3 94.32 -5.25 2.49
0 94.42 -6.04 2.03
0 95 -8.18 2.49
0 95.6 -11.53 3.29
0 96 -12.85 3.54
0 95.73 -12.7 2.09
0.15 95.11 -11.32 2.19
0 95.53 -11.87 2.9
0 95.69 -13.69 2.11
0 95.23 -11.88 1.89
0.02 94.84 -9.95 3.29
0 94.64 -9.5 2.65
0 94.11 -5.51 1.79
0 93.93 -6.5 1.88
0 94.09 -5.67 1.88
0 94.12 -4.57 2.58
0 93.13 0.17 2.06
3.06 93.43 -2.3 2.01
0 94.45 -5.5 2.15
0.88 94.65 -4.85 1.93
8.35 94.31 -6.13 2.01
1.83 94.93 -8.15 2.5
0.34 94.61 -8.29 2.12
1.49 94.45 -4.74 3.66
0 94.5 -3.16 2.85
32.6 94.07 -2.84 2.81
2.09 95.17 -10.35 3.53
0 95.81 -12.2 1.81
0.03 96.03 -12.15 1.82
6.68 96.36 -10.69 2.59
0.02 95.65 -10.71 2.9
0 94.32 -5.19 2.59
0.85 93.26 0.87 3.68
1.54 94.39 -5.69 4.29
0 94.96 -3.69 2.12
39.61 94.41 -1.11 2.16
0.93 94.45 -3.97 5.77
0.02 94.82 -5.74 2.52
0 95.21 -6.47 2.56
0 94.24 -3.74 2.78
0.68 92.9 3.53 2.49
36.8 93.55 -1.21 3.81
0 93.87 -0.15 2.87
0.17 93.91 2.9 3.73
0 94.54 1.46 2.74
0 95.04 -1.12 2.77
0.15 95.06 -4.1 3.65
0.57 94.55 -3.08 2.26
1.77 95.12 -2.17 1.96
0 95.06 2.51 1.67
0.16 94.84 4.89 2.28
12.87 94.25 7.7 3.42
5.09 94.04 6.11 4.79
0 94.45 0.85 5.29
0 94.49 -0.91 4.21
0 94.1 3.68 3.78
0 93.86 7.54 3.58
5.16 94.45 2.3 2.54
0.02 95.12 1.11 2.49
0 94.54 6.46 3.43
0.59 93.38 11.39 5.46
18.36 94.1 2.35 2.92
0 94.43 2.74 3.21
2.72 94.33 1.79 2.35
43.29 94.25 -0.35 3.44
0.02 95 -1.75 4.95
0 95.1 0.95 2.58
0.28 94.45 3.24 2.51
5.91 94.64 3.07 1.96
0 94.64 4.41 2.59
21.47 93.98 10.03 2.67
27.01 94.44 8.29 1.96
0.74 94.8 7.97 2.1
0.39 95.05 8.97 2.17
2.09 94.82 8.29 2.29
0.51 94.72 7.35 2.21
0 94.31 11.54 3.02
10.42 94.07 11.76 4.16
25.86 93.93 3.49 3.4
8.1 93.54 1.87 3.72
0.21 93.73 4.06 5.82
1.53 93.88 6.33 4.97
4.28 94.08 11.2 2.64
0 93.54 16.44 2.17
0 93.31 17.71 4.09
0.33 93.79 15.44 2.26
4.86 93.28 82.68 2.62
226.72 92.93 10.03 3.18
5.63 93.46 12.85 3.94
35.86 93.43 11.99 2.17
4.22 93.66 14.38 2.82
43.91 93.5 10.29 3.95
13.13 93.39 8.82 2.65
1.72 94.39 9.76 2.53
0 94.63 12.85 1.78
0 94.58 15.57 1.8
6.43 94.22 15.91 3.03
4.8 94.11 19.16 2.37
1.73 94.27 18.33 2.54
20.03 93.8 16.78 2.54
178.19 92.98 11.94 2.67
0.33 92.72 17.66 4.73
0 93.51 20.96 2.75
0 93.68 22.8 2.55
1.44 93.66 21.3 2.18
0.54 93.31 20.93 2.48
8.61 93.58 17.05 4.12
0.52 94.15 20.19 2.94
0.52 94.51 20.96 2.22
19.44 94.45 17.83 1.9
106.39 93.84 15.06 2.28
48.32 93.51 16.26 2.2
48.09 93.94 15.06 1.97
13.46 94.52 16.13 1.35
6.29 94.44 17.27 1.66
1.24 94.56 18.56 1.66
0 94.61 20.54 1.76
0.05 94.42 21.39 2.01
0 94.13 22.44 2.1
0 94.12 22.47 2.42
0 94.22 23.15 2.93
0 94.34 23.37 2.98
0 94.44 23.3 2.24
3.62 94.3 20.29 2.17
0.05 94.02 20.55 2.93
1.56 93.71 22.63 2.01
29.26 93.46 22.44 2.93
39.26 93.37 21 2.66
0.7 93.28 22.79 2.5
46.92 93.35 22.84 1.92
88.61 93.39 20.12 2.04
19.16 93.49 19.92 1.87
1.51 93.61 22.09 1.65
0.07 93.97 22.3 2.59
0.07 93.57 22.61 1.91
5.42 93.85 20.5 2.12
0 93.98 22.65 1.65
0 93.86 24.75 1.91
0 93.85 25.38 2.48
0 93.77 25.13 1.99
13.83 93.58 22.27 1.72
24.54 93.5 22.66 1.46
0.22 93.55 23.93 1.67
0.35 93.37 25.37 1.46
78.23 93.29 21.95 2.19
1.86 93.31 24.69 1.69
0.19 93.32 27.22 1.83
4.36 93.31 26.39 2.27
0 93.32 25.94 3.16
0.05 93.42 24.94 2.69
9.18 93.68 21.2 1.95
2.25 93.87 22.44 2.16
3.95 93.83 21.62 2.24
75.59 93.62 20.58 1.95
128.4 93.62 20.16 1.67
202.67 93.88 20.11 1.32
6.92 94.14 22.16 1.44
0 94.08 23.5 2.18
92.86 93.66 22.03 2.31
12.68 93.44 24.26 2.87
6.2 93.68 25.09 2.1
4.98 93.66 26.11 2.5
21.01 93.73 24.91 2.33
128.79 93.63 23.56 1.75
1.26 93.87 24.39 1.66
1.78 93.98 25.67 1.71
5.58 94.02 26.44 1.52
13.06 94.16 27.09 1.65
1.14 94.03 27.43 2.04
9.49 93.95 26.43 2.05
20.26 93.58 25.96 2.19
196.69 93.17 26.02 2.5
8.94 93.13 23.27 1.47
44.23 93.15 25.74 1.4
153.59 93.46 22.15 1.76
0 94.06 21.13 2.05
0.09 93.95 22.13 1.79
17.87 93.26 23.78 2.57
66.78 93.48 22.81 1.81
81.69 93.9 21.08 3.21
0 94.59 19.77 1.59
37.01 94.2 19.31 1.68
96.12 93.5 21.71 2.36
34.39 93.59 21.86 2.27
0 93.81 21.01 1.91
0 93.55 23.57 2.31
20.14 93.28 24.4 1.97
3.37 93.18 25.25 2.22
20.42 93.09 22.94 3.3
0 93.59 21.16 2.77
0 93.91 21.88 1.72
14.81 93.92 21.76 2.28
22 94.07 22.12 2.15
119.25 94.24 21.81 2
0.96 94.54 21.98 1.97
167.55 94.44 18.45 1.66
50.92 94.4 18.94 1.71
1.83 94.4 19.32 1.63
0 94.34 21.32 1.82
0.29 94.55 21.14 1.67
4.36 94.74 20.77 1.68
0 94.47 20.17 1.87
1.2 94.25 19.92 1.6
22.76 93.89 20.13 1.78
5.52 93.98 20.1 1.45
1.44 94.05 20.88 1.96
10.58 94.53 19.6 1.6
3.77 94.66 20.41 1.5
0.03 94.52 19.4 1.39
0 94.26 19.47 1.74
0 94.07 21.66 1.76
0.57 94.27 22.57 1.98
0 94.75 18.24 1.83
0 94.59 17.79 1.46
6.46 94.17 18.45 1.47
11.34 93.87 18.56 1.85
0.18 94.08 19.14 1.56
0 94.23 20.18 1.36
12.39 94.3 21.43 1.49
0 94.39 21.6 1.82
10.28 94.19 20 2.11
113.45 94.48 14.79 2.13
258.7 94.57 9.47 1.89
164.61 94.47 12.78 1.5
0 94.23 16.04 1.52
63.07 94.45 14.12 2.1
190.06 95.07 9.17 2.64
0 94.98 9.63 2.66
0 94.76 11.9 1.77
4.07 94.51 13.81 1.67
15.49 94.27 14.14 2.39
0.3 94.45 11.58 2.53
0 94.44 9.8 4.67
0 95.23 8.25 2.43
0 94.82 9.34 1.52
0.03 94.55 14.08 2.17
3.69 94.82 12.44 1.57
267 94.54 7.97 2.37
53.45 94.53 8.24 2.89
0 94.64 9.33 1.94
0 94.28 12.79 1.83
0 94.17 15.67 2.43
0 94.32 16.58 2.62
0 94.27 16.23 2.15
0 93.84 15.66 2.74
82.16 94.33 10.26 1.94
165.89 94.77 5.28 2.31
0 94.89 7.6 1.86
0 94.48 9.08 2.16
0 94.67 7.66 3.1
0 94.19 7.09 3.24
0 94.9 2.77 2.78
0 95.47 0.89 1.25
22.31 95.38 0.44 1.48
42.61 95.44 0.87 1.17
0 95.34 1.84 1.43
0 94.83 4.16 1.34
0 94.58 8.03 1.39
7.18 94.73 8.24 2.07
11.31 95.23 3.19 3.36
0 95.61 -0.54 3.94
0 96.24 -2.05 2.22
0 95.45 -0.03 1.92
0 95.34 3.69 2.11
0 95.33 4.98 1.71
0 95.39 5.17 1.75
0 95.22 5.24 2.23
0 95.7 1.47 3.09
0 95.26 1.15 2.07
0 94.86 4.33 1.9
0 94.94 4.05 1.61
0 94.65 6.07 1.92
0 94.35 6.28 1.62
4.48 94.5 3.03 2.92
0.85 94.99 -0.43 3.51
0 94.64 -2.04 1.51
0 94.22 -0.31 1.52
20.85 93.73 0.51 3.87
3.69 94.12 -1.32 2.23
0.82 95.13 -2.47 4.02
0 96.07 -5.82 2.83
0.12 95.43 -4.07 2.57
0 94.79 -0.84 1.74
0 94.71 0.08 1.91
0 94.4 3.5 2.95
0 93.92 2.42 2.31
0 93.7 4.3 2.13
1.01 93.88 0.98 4.9
0 94.59 -3.71 2.22
0 94.43 -3.21 1.9
0.05 94.71 -3.46 4.47
0 94.95 -7.42 2.65
1 94.11 -7.04 2.68
0 94.51 -8.08 5.95
0.31 94.6 -7.88 1.96
0.18 94.48 -6.56 1.43
0 94.17 -3.45 2.26
0.04 93.76 -2.82 2.01
0.14 94.37 -7.63 3.96
0 94.43 -7.26 2.07
0 93.5 0.56 2.33
0 94.8 -3.58 3.65
0 95.35 -6.83 3.58
0 94.07 -6.28 2.73
0 94.03 -7.42 2.01
0 93.51 -5.74 1.92
2.16 93.42 -8.79 4.21
0 94.35 -12.73 2.12
1.53 94.63 -13.26 2.14
0.06 95.42 -15.97 3.01
0 95.38 -17.11 4.32
0 95.1 -16.26 4.53
0 93.81 -9.44 3.97
0 93.66 -7.18 2.2
0 93.72 -5.15 2.27
0 93.99 -3.55 3.2
0 94.22 -2.24 2.14
0 93.93 -7.18 1.44
0.53 94.49 -10.37 3.24
0 95.73 -17.51 3.99
0 95.72 -16.71 3.56
0 94.84 -15.74 3.32
0 93.79 -12.64 3.31
0 93.46 -9.86 2.71
0 94.09 -12.83 3.49
2.8 94.3 -13.1 2.42
0.1 94.53 -13.96 4.74
0.19 95.07 -13.07 4.97
0 95.44 -12.83 3.37
0 95.57 -13.22 2.79
0 95.17 -13.11 1.41
0.05 94.8 -13.34 2.17
0.1 95.01 -12.61 4.56
0 95.62 -12.13 3.9
0.05 94.95 -9.91 2.09
0.68 94.79 -10.78 3.69
0 95.35 -14.62 4.23
0 94.61 -12.09 3.11
0 94.16 -13.27 4.08
0 94.28 -13.49 2.14
0.02 94.29 -12.25 2.93
0.1 95.27 -15.86 3.32
0 95.7 -18.11 3.79
0 95.5 -16.21 2.4
0 95.36 -15.32 2.76
0 95.08 -15.63 3.31
0 95.05 -15.26 3.73
0 94.96 -13.74 2.55
0 94.77 -13.6 2.11
0 94.77 -14.41 3.33
0.15 95.03 -15.12 3.72
0.05 95.17 -15.07 2.07
0.06 95.34 -15.57 2.67
0 95.76 -15.82 1.98
0 96.05 -14.7 2.87
0.07 95.6 -15.01 3.14
0 95.33 -15.61 3.64
0 95.15 -11.85 3.83
0 94.79 -5.36 3.31
0 94.46 -6.32 2.29
0 94.36 -8.82 1.85
0 94.23 -7.27 2.31
0 94.44 -6.38 2.18
0.1 93.68 -5.16 3.64
0.02 94.23 -4.3 2.75
0 93.87 -7 2.13
0.78 94.02 -7.53 3.19
0.13 94.8 -10.54 1.92
2 94.78 -9.75 1.29
1.52 95.08 -13.5 3.86
0 95.18 -13.11 2.35
0.32 95.08 -11.93 2.14
0.17 95.07 -12.56 1.85
0 94.43 -5.79 2.79
2.17 94.35 -5.83 1.68
2.45 94.78 -5.52 2.65
0 94.78 -5.35 2.13
0 94.66 -1.6 2.01
0 94.93 -1.87 1.63
0 94.57 -0.08 1.99
0 94.09 1.12 3.17
2.51 93.89 -0.2 2.1
0.21 94.6 -4.38 3.11
0 95.18 -4.87 1.9
19.83 94.65 -3.25 3.84
1.16 95.33 -8.89 3.16
0.11 94.92 -8.13 3.21
0 94.63 -7.46 3.28
0 94.62 -7.57 2.67
0 94.75 -4.99 3.12
0 94.42 -2.08 2.06
0.32 93.91 0.79 2.48
0 94.72 -2.04 3.66
0 94.47 -2.08 4.41
0 94.5 -4.1 4.5
0 94.85 -2.32 3.8
0 94.59 -0.85 3.44
0 93.96 1.48 2.81
0 93.28 5.79 2.04
0.07 94.02 1.73 4.56
0 95.12 -2.52 4.51
0 94.81 -5.15 4.68
0 94.56 -3.6 3.04
0 93.99 2.53 3.16
0 93.66 3.79 5.15
0 94.05 1.12 3.53
0 94.18 -0.31 2.29
1.52 94.82 -3.87 4.31
0 94.92 -3.19 3.09
0 94.65 -2.6 2.62
0 94.81 -2.51 4.35
0 97.81 -0.89 2.6
0 97.77 0.61 2.9
0 97.62 2.65 2.84
0 97.86 2.46 1.87
0 97.6 6.43 2.9
0 97.26 7.55 2.06
0 96.88 8.95 3.8
0 98.07 2.23 3.83
0 98.03 2.07 2.23
0 97.62 5.34 2.44
0 97.51 7.03 1.55
0 94.49 8.92 3.03
0.12 93.78 10.01 4.89
2.77 94.15 7.4 4.62
0 94.12 7.37 3.87
0 93.94 8.09 3.4
1.36 94.63 4.97 3.27
0 94.34 8.47 3.23
0 93.76 13.12 3.02
0 93.81 13 1.88
0.04 93.13 15.1 3.4
0 93.91 10.29 4.58
0 93.66 11.68 3.87
1.74 93.7 7.85 6.69
0.46 94.3 7.01 4.54
0 94.12 9.53 2.17
0 93.6 12.77 3.62
49.64 94.27 7.52 2.29
2.38 94.17 6.5 2.22
8.86 93.91 5.72 3.11
4.12 93.51 6.29 3.79
0.08 93.06 8.53 1.96
14.56 93.1 8.91 2.71
1.64 93.74 7.6 2.74
0 93.27 9.81 1.82
55.18 92.67 8.37 1.69
4.24 92.63 9.23 2.67
1.1 93.57 12.94 3.5
0.34 93.81 10.67 3.8
0 94.11 12.3 2.62
6.93 93.64 11.63 2.88
114.61 92.88 9.14 3.07
0.47 92.94 10.51 3.57
0.01 93.45 13.08 2.88
2.53 93.44 14.21 3.74
18.43 93.28 15.78 2.97
0 93.51 17.33 2.31
0.31 93.23 15.1 5.14
2.54 93.19 11.95 6.21
0 93.38 14.59 6.12
0 93.45 15.74 4.32
0 93.96 13.23 3.37
0 93.91 14.09 2.41
0.05 92.82 17.67 2.55
12.67 92.68 17.6 3.62
8.67 93.75 13.13 2.97
1.67 93.89 11.62 3.3
1.59 93.78 12.4 4.53
0 93.64 16.84 3.15
0 93.76 18 2.77
0 93.9 19.96 2.96
13.6 93.82 19.29 3.71
17.68 93.74 17.83 4.42
0.03 93.6 19.21 2.81
1.05 93.42 22.53 4.5
27.5 93.5 21.07 2.42
37.28 93.1 18.09 3.31
8.49 93.03 16.75 3.02
0.08 93.45 18.97 2.95
4.83 93.19 19.45 4.4
3.62 93.3 18.35 3.9
0.25 93.54 19.09 2.21
4.28 93.43 22.05 2.22
10.35 92.82 23.18 2.91
26.48 92.55 20.86 2.46
18.02 92.78 21.3 2.57
0 93.18 21.6 2.67
52.23 93.1 20.02 2.12
137.79 93.28 15.95 2.25
6.61 93.48 19.24 1.95
6.04 93.49 20.9 1.82
48.16 93.27 20.33 2.19
99.45 93.25 18.56 2.04
100.88 93.46 17.48 1.82
0.88 93.63 20.39 1.92
0 93.56 23.47 1.68
0 93.42 25.35 2.08
0.07 93.16 26.48 2.66
0 93.09 26.1 2.65
23.9 92.83 21.84 2.27
100.66 93.05 16.42 2.31
2.43 93.76 18.87 2.42
0 94.1 20.3 1.71
4.51 93.54 21.39 2.68
6.67 92.86 22.36 2.29
8.01 93.03 24.18 2.5
0.02 93.17 24.36 3.17
35.31 93.09 23.34 2.43
52.64 93.18 21.84 1.72
0.45 93.08 22.85 2.38
0 93.21 23.48 2.5
0 93.33 24.78 2.28
96.11 92.85 22.05 2.52
0.87 92.56 24.08 3.11
79.02 92.62 17.71 1.98
26.28 92.69 18.11 2.79
11.01 93.35 20.9 1.91
17.18 93.53 22.28 2.12
17.47 93.58 23.36 2.2
10.76 93.6 23 2.21
5.67 93.41 23.68 1.57
31.56 93.51 22.07 1.85
29.68 93.48 22.06 1.67
34.68 93.36 21.66 1.74
17.51 93.4 20.95 1.57
100.08 93.46 21.59 1.52
200.03 93.33 20.48 1.68
71.1 93.23 20.9 1.54
70.91 93.16 21.66 1.85
17.9 93.15 22.93 1.79
0.13 93.22 25.13 1.63
96.47 93.2 25.13 2.47
509.81 92.99 21.64 2.09
80.21 92.96 22.28 2.3
14.35 93.14 22.48 2.19
0.43 93.38 24.09 1.58
62.88 93.56 21.02 1.65
81.63 93.18 21.19 1.71
0.1 93.27 23 1.82
0.25 93.41 23.64 2.16
0.84 93.73 22.61 1.94
0.04 93.35 23.06 2.09
0 93.32 23.78 1.93
0.1 93.53 23.65 1.6
14.69 93.5 23 1.65
8.79 93.52 23.32 1.76
7.84 93.18 23.71 1.88
9.36 93.32 24.84 1.96
0 93.7 24.34 1.56
0 93.54 25.22 1.48
0 93.25 25.55 1.82
11.56 93.01 24.87 1.8
118.66 93.34 21.16 1.65
236.11 93.39 19.14 1.62
14.8 93.43 21.22 1.62
8.68 93.6 20.51 1.43
0.09 93.87 20.97 1.75
0.12 94 21.44 1.46
0 94 22.64 1.49
1.53 93.89 22.45 1.77
10.13 94.06 20.71 1.73
0 94.06 20.29 1.51
81.71 94.03 19.82 1.39
9.85 94.25 19.56 1.66
1.23 94.34 20.63 1.5
11.71 94.13 19.39 1.8
5.78 93.82 20.26 1.52
0.72 93.74 21.33 1.58
0 93.68 22.63 1.52
17.29 93.46 21.7 2.8
1.96 93.93 18.73 1.98
0 93.77 19.12 1.75
16.29 94.23 17.47 2.13
0.87 94.19 18.2 1.61
0 94.23 17.95 1.5
0 93.79 18.85 1.51
10.24 93.46 17.69 2.74
4.6 94.05 13.01 1.99
0.25 94.62 12.6 2.12
5.9 94.85 12.87 1.94
6.35 94.34 16.05 1.85
1.24 94.08 16.13 2.13
0.1 93.69 19.08 2.91
12.75 93.73 17.15 2.06
23.59 93.93 14.65 1.7
48.85 94.29 12.46 2.47
0 94.68 9.01 2.32
0 95.11 9.08 2.28
0 94.94 9.96 1.58
0 94.6 11.4 1.77
0 94.22 12.82 1.85
0 94.31 13.73 2.14
0 94.2 13.91 1.96
0 93.95 16.34 2.78
0.04 94.24 16.45 1.95
0.51 94.37 17.33 2.59
0.13 94.18 17.42 2.11
10.47 94.03 14.48 1.85
0.13 94.49 8.54 3.36
0 94.96 6.51 2.52
0 95.03 6.45 2.8
0 95.49 7.17 2.88
0 95.14 8.27 1.92
0 94.47 9.92 2.17
0 93.93 11.18 3.3
0 94.47 9.18 1.84
0 94.45 9.76 1.46
0 94.23 12.92 1.96
0.15 94.63 12.82 2.51
0 95.13 9.15 1.5
0 94.88 11.36 1.73
0 94.3 13.1 1.55
61.77 93.73 10.15 1.63
3.5 93.66 8.13 2.24
2.36 93.32 7.48 2.92
2.39 93.82 8.06 4.04
0 94.74 4.97 2.21
0 94.83 7.66 1.41
0 94.61 9.72 1.93
0.05 94.45 13.15 2.74
0 94.42 12.89 1.84
1.07 94.32 10.61 1.75
47.11 94.83 4.3 3.29
0.01 95.19 1.6 3.23
0 95.19 3.43 1.83
0 94.75 4.99 1.6
3.63 94.62 6.01 2.31
0 94.88 5.48 1.49
0 94.54 5.86 1.62
0 94.36 7.79 2.5
0 94.54 9.52 3.08
6.17 94.76 9.96 2.58
0.04 95.3 4.35 1.65
2.88 95 7.54 1.56
3.18 94.79 8.88 2.71
0.19 95.41 2.9 2.59
0.19 95.28 1.37 1.2
0 95.24 2.97 1.78
0 95.2 3.03 1.67
0 95 1.68 1.31
0 94.38 1.61 1.37
0 93.8 2.95 1.95
0 94.09 4.33 3.56
0.04 94.83 -2.58 2.52
0 94.89 -4.46 1.81
0 94.95 -3.41 1.61
0 95.14 -0.59 1.79
36.05 94.53 1.21 1.11
4.49 94.32 -0.67 2.52
2.16 94.56 -5.44 3.81
0 95.03 -7.32 2.41
0 95.03 -5.11 1.91
12.22 94.62 -5.49 2.88
0.18 95.25 -8.54 2.9
0 94.93 -8.77 1.16
0.31 94.92 -6.92 1.62
0.44 94.32 -1.58 1.8
0 94.39 -2.13 1.49
0 95.16 -4.11 2.28
0 95.68 -8.2 1.56
0 95.98 -8.61 2.07
0.32 95.26 -8.13 1.18
0.12 94.55 -5.51 1.2
0 94.77 -7.55 1.68
0 95.08 -8.91 1.03
1.34 95.28 -8.51 1.05
1.43 95.28 -5.63 1.04
1.52 95.56 -8.27 2.97
0.1 95.87 -12.55 3.96
0 95.52 -12.35 3.34
0.02 94.72 -7.78 4.3
0 94.74 -4.49 2.97
0 95.15 -7.56 1.74
0.02 94.48 -5.37 2.93
0 95.21 -10.55 4.23
0 95.4 -14.1 3.32
0 95.54 -13.56 3.61
0 95.28 -11.8 2.42
0 95.34 -11.44 2.16
0 95.21 -11.93 1.43
0 94.9 -11.31 2.14
0 94.87 -10.42 4.05
0 95.07 -12.31 2.77
0 94.62 -10.9 3.01
0 94.77 -13.09 2.22
0 95.26 -12.73 1.87
0 95.52 -12.06 1.96
0 95.07 -9.05 1.93
0 95.4 -11.09 1.65
0 95.7 -14.61 1.28
0.23 95.22 -12.44 1.21
0.02 95.02 -10.29 2.2
0.13 95.38 -11.87 1.99
0.59 94.83 -12.22 2.99
0.2 95.02 -13.53 4.14
0 95.22 -12.81 3
0 94.99 -12.11 1.9
0 95.75 -14.99 1.47
0.28 95.67 -15.22 1.23
0 95.28 -12.82 1.79
0 95.23 -13.46 1.39
0.25 95.31 -13.21 3.3
0 95.38 -13.24 2.99
0 94.56 -9.14 2.81
0 94.79 -10.07 2.27
0 94.71 -9.85 2.18
0 94.42 -11.11 1.29
0.23 94.24 -9.87 1.34
0.53 94.44 -11.98 1.13
0 94.61 -11.29 1.47
0 95.04 -11.55 1.5
0.05 95.7 -14.62 3.29
0 95.58 -18.41 3.39
0 95.24 -18.54 2.91
0 94.72 -17.46 2.37
0 94.58 -16.87 3.05
0 94.2 -15.04 2.9
0 94.28 -14.06 1.95
0 94.78 -15.27 1.69
0 95.02 -15.23 2.1
0 95.4 -16.3 2.13
0.09 95.02 -17.5 1.76
0.35 94.59 -16.8 3.85
0 95.38 -18.27 4.32
0 95.38 -16.63 3.43
0 94.43 -13.92 3.38
0 94.5 -11.38 2.41
0.21 93.95 -8.51 2.46
0.1 94.59 -14.06 5.18
0 94.8 -16.72 4.82
0 94.38 -13.62 5.05
0 94.52 -11.66 3.15
0 94.84 -11.72 3.04
0 94.88 -11.54 2.05
0 94.6 -9.75 2.35
0.1 94.34 -5.58 2.12
0.2 94.9 -9.77 3.4
0 94.85 -11.5 3.16
0.15 94.92 -12.37 3.26
0 95.06 -13.62 4.61
0 94.97 -11.1 3.53
0 94.37 -7 2.74
0 94.41 -8.59 2
0 94.19 -9.14 1.54
12.04 93.85 -7.49 2.3
0 94.77 -7.74 2.68
4.05 94.63 -6.53 2.44
0.02 95.1 -9.34 3.22
0 95.03 -8.67 2.41
0 94.51 -6.78 2
0 94.14 -3.23 2.45
0 94.3 -1.16 2.01
9.17 94.81 -4.15 1.55
1.07 94.99 -7.11 1.77
1.02 94.95 -5.98 1.7
0.19 94.36 -2.55 1.88
26.4 93.65 -3.95 1.65
19.78 93.75 -4.4 2.83
0.12 94.39 -5.11 3.76
0 95.08 -9.05 3.63
0 94.75 -8.7 2.07
1.02 94.72 -8.65 4.7
0 95.17 -8.56 3.92
0 94.82 -6.59 1.89
0 94.2 -2.7 3.33
0 94.72 -1.68 2.41
0 94.35 1.62 3.09
4.92 93.46 4.75 3.81
11.12 94.06 -3.08 3.33
13.27 94.92 -8 2.57
0 94.7 -3.02 2.13
0 94.65 -0.94 2.02
0 94.08 3.43 3.22
0 94.55 2.28 2
9.43 93.75 1.15 4.35
0 94.18 -0.83 5.7
0 94.6 0.04 3.16
0 94.3 4.33 2.63
0 94.53 7.44 3.36
0 94.66 8.55 3.19
0.86 93.73 8.92 7.14
2.19 94.32 0.42 4.78
1.67 94.3 -1.19 4.3
0 94.22 -0.07 2.18
3.38 94.15 1.32 2.86
0 93.84 3.82 4.16
0 93.66 4.4 5.3
0 93.93 3.24 4.64
0.41 94.25 4.08 2.68
0 93.83 9.25 3.74
0 93.95 9.77 4.8
0 93.8 12.31 3.09
7.3 93.57 12.69 4.82
4.39 93.94 7.14 4.54
0 93.39 11.36 3.41
0 93.24 13.34 3.32
0 93.22 14.56 3.25
1.8 93.81 9.02 3.34
0 94.11 8.62 2.65
0 93.25 14.98 3.95
0 93.29 17.18 4.08
3.85 93.64 14.48 3.99
20.64 94.15 12.68 3.17
2.27 93.59 12.13 2.08
0.2 92.96 13.91 1.99
0.88 92.94 17.19 3.61
196.39 93.41 12.09 2.53
48.74 93.38 8.88 4.42
0 92.76 10.34 3.43
0.43 92.53 10.62 7.16
0 93.69 9.16 3.36
0 93.67 12.34 2.74
0.25 93.45 16.68 3.12
1.91 93.97 16.38 2.66
27.29 93.52 17.22 2.38
0 93.59 19.89 2.27
0.94 93.71 19.43 2.71
0 93.79 17.45 3.2
0 93.4 17.59 2.3
1.46 93.4 16.61 1.78
0 93.64 17.64 2.09
0.23 93.9 18.85 2.53
3.04 94.07 19.44 2.38
93.95 94.05 14.18 1.95
17.15 93.62 13.11 3.35
18.47 93.37 10.88 2.96
3.34 93.34 11.35 4.22
0.05 93.1 11.4 3.14
3.96 92.88 12.61 4.87
0.03 93.28 16.13 1.79
0 93.24 21.36 3.49
8.11 93.77 19.01 2.91
11.33 94.1 17.86 2.18
0.41 93.96 19.47 3.59
1.8 93.7 18.98 3.98
2.55 93.81 16.25 3.09
0 93.82 16.14 3.07
0 93.62 17.1 2.49
0 93.27 19.21 2.45
0 93.66 20.14 2.22
0 93.84 22.57 2.59
33.84 93.87 18.84 2.85
36.48 94.26 14.16 2.62
0.65 94.33 15.96 2.11
36.54 93.87 16.16 3
14.33 93.66 15.84 2.88
70.53 93.4 15.47 2.45
28.9 93.16 18.25 3.25
0.96 93.34 20.06 2.11
7.91 92.94 19.6 2.4
12.69 92.81 21.18 2.09
22.03 92.8 21.61 2.19
58.18 92.68 19.91 3.17
9.46 92.8 16.7 3.22
4.6 92.5 15.87 3.11
17.65 92.6 15.74 2.38
194.31 93.15 13.22 1.92
264.52 93.42 13.87 2.03
139.36 93.45 15.55 2.68
8.28 93.31 18.79 1.75
7.79 93.2 21.44 1.75
6.55 93.33 21.68 1.83
13.59 93.09 21.75 1.66
62.18 93.15 21.65 1.8
8.88 93.31 21.68 1.47
82.99 93.27 20.95 1.83
0.75 93.04 22.11 2.33
105.15 93.05 21.49 2.4
48.8 93.4 20.47 2.36
33.89 93.79 21.8 2.1
4.79 93.96 22.17 1.8
4.22 93.67 19.99 2.14
50.05 93.27 20.74 2.28
0 93.15 23.07 2.13
1.84 92.79 23.7 3.71
3.04 92.81 22.02 3.27
0.65 92.76 22.31 2.52
0.06 93.1 22.89 1.89
4.42 93.24 22.58 1.8
3.11 93.14 23.07 1.58
55.48 93.11 23.11 1.85
23.61 93.11 24.28 2.03
29.97 93.15 24.58 1.76
132.9 92.75 21.49 1.84
80.14 92.54 19.34 2.23
68.21 92.94 19.25 2.6
9.08 93.43 20.93 2.29
0 93.44 20.89 1.74
0 93.47 22.26 1.62
0 93.71 24.2 1.44
0 93.8 24.36 2.07
0.09 93.63 24.15 2.17
8.79 93.49 24.52 1.56
13.59 93.42 24.49 1.68
131.33 93.35 22.77 1.57
413.33 92.97 21.75 3.47
0 93.44 22.72 1.67
0 93.65 23.43 1.84
15.08 93.56 23.26 2.09
52.07 93.2 24.78 3.29
3.78 93.56 23.39 1.87
164.48 93.08 22.79 2.54
26.77 92.86 22.89 3.62
0.73 93.43 21.38 1.64
103.68 93.7 19.34 1.59
147.6 93.85 18.68 1.75
87.26 93.79 20.11 1.54
16.55 93.81 22.12 1.65
88.82 93.87 22.29 1.67
0 94.07 23 1.47
0 93.9 23.88 1.51
0 93.53 25.19 2.07
9.53 93.46 24.23 1.79
3.16 93.71 23 1.44
0 93.57 23.33 1.79
34.97 93.62 20.28 2.03
27.36 93.64 18.45 2.07
2.48 93.8 19.54 1.71
10.89 93.47 18.25 1.86
6.66 93.55 20.54 1.71
0 93.87 21.44 2.01
0.07 93.48 22.68 2.69
54.57 93.52 22.34 2.22
1.98 93.57 20.61 1.88
10.12 93.59 19.46 2.59
4.78 94.15 15.98 2.18
0.04 94.28 15.86 2.09
0 94.05 19.48 2.43
0 94 21.24 2.05
0.92 93.87 21.18 2.19
6.63 93.89 21.21 1.61
12.46 93.78 20.98 1.81
2.13 93.35 22.39 1.9
1.11 93.5 23.03 2.52
0 93.74 23.91 2.04
0 93.87 23.94 2.34
2.57 93.9 23.43 2.01
269.42 93.81 15.92 2.93
21.63 94.16 13.38 2.62
0.3 94.21 12.66 2.16
1.43 94.31 15.43 2.17
0 94.26 18.26 2.13
27.83 94.33 17.48 1.75
1.05 94.25 17.2 1.42
0 94.2 18.56 1.28
0 94.13 19.9 1.56
36.21 93.8 18.27 2.09
80.63 93.83 12.79 3.64
1.86 93.96 11.32 2.46
0 94.34 12.96 1.7
0.07 94.77 13.52 1.26
0 94.87 13.54 1.42
0 94.25 14.23 2.31
0 93.79 15.33 2.5
0.23 93.75 15.27 1.79
0 93.98 16.68 1.78
7.43 93.9 17.07 2.05
1.78 93.91 16.73 1.47
4.99 94.22 15.52 1.46
1.15 94.5 15.36 1.64
40.67 94.39 14.24 1.71
2.34 94.65 14.1 1.55
53.53 94.28 10.53 1.91
32.46 94.32 9.94 6.02
0.81 94.46 10.92 3.21
0 94.44 11.07 1.78
0 94.28 12.13 1.71
1.22 94.09 13.56 2.15
1.09 93.94 12.44 3.14
0 94.08 12.51 2.4
0 94.58 10.68 1.82
0 95 11.36 1.35
0 94.86 12.66 1.59
0 94.36 14.69 2.32
21.16 93.97 11.82 3.2
0 94.45 7.83 2.35
0.18 94.05 9.44 2.18
0 93.89 11.7 2.34
0.1 94.27 7.75 4.3
0 94.66 6.39 2.4
0.05 94.75 6.7 1.92
46.15 94.17 7.85 4.02
0 94.18 3.86 3.36
0 94.27 4.7 2.38
0 94.11 6.92 2.09
0 94.49 6.25 1.8
79.68 94.73 2.23 1.2
59.83 94.21 2.82 1.99
0 93.94 5.79 1.93
0 93.69 8.18 2.77
0 94.29 8.07 1.98
0 94.33 9.6 2.02
5.04 94.23 9.66 3.19
0 95.07 3.12 1.69
1.34 94.96 0.49 2.4
0.09 94.59 -0.32 2.87
0.03 94.41 -0.51 2.28
0 94.36 2.01 1.5
0 94.54 1.12 2.04
17.55 94.55 1.78 1.81
177.3 94.23 -0.43 87.62
39.64 94.52 -0.6 3.05
0 94.53 -2.78 1.19
0 94.24 -0.89 2.04
0 94.42 -0.92 1.51
0 94.84 -1.87 1.33
53.45 94.54 -1.72 1.26
83.94 93.38 -3.12 5.32
0.19 93.81 -4.81 3.87
0 93.87 -6.56 4.54
0 94.63 -5.5 2.67
0 94.89 -6.2 1.31
20.16 94.37 -2.91 1.75
0 94.27 -5.65 85.24
0.01 94 -5.16 3.11
0.05 94.56 -3.72 3.06
0 94.59 -5.54 1.42
0 94.27 -3.67 1.63
8.43 94.72 -5.51 2.57
0 94.67 -7.39 2.5
0 94.12 -5.91 2.06
0 94.11 -4.28 3.88
0 94.15 -8.15 2.72
0 93.24 -5.16 3.58
0.1 94.02 -7.41 4.42
0.07 94.52 -10.09 2.36
0 95.2 -13.77 2.42
0.42 94.86 -14.27 1.57
0.27 93.82 -6.41 2.64
1.79 94.02 -8.67 4.45
0 94.25 -11.89 1.92
0 94.28 -13.86 3.19
0 94.2 -15.32 2.67
0 94.38 -16.55 2.61
0.05 94.45 -17.78 4.78
0 94.6 -12.86 3.56
0.23 95.08 -13.69 1.5
0.09 95.26 -13.94 1.16
0.2 94.73 -11.76 1.66
0.04 94.75 -9.38 1.23
17.27 94.75 -9.74 1.09
1.43 94.6 -7.99 1.5
0.94 94.94 -11.51 1.58
0 95.35 -13.51 3.97
0 95.42 -15.35 2.4
0.05 94.87 -14.79 1.09
0.62 94.98 -12.52 59.64
8.94 95 -11.24 3.21
0.02 95.43 -16.37 3.17
0 95.24 -20.29 3.13
0 94.43 -19.34 4.1
0 95.51 -18.89 2.65
0 95.28 -19.06 1.31
0 94.7 -14.52 1.25
4.89 94.67 -14.26 1.22
11.19 94.76 -13.5 4.3
0 94.37 -15.75 3.55
0.1 93.83 -16.05 2.12
0 94.23 -18.69 3.74
0 95.4 -19.58 4.24
0 95.95 -17.29 2.42
0 95.01 -17.95 1.88
0 94.83 -15.3 1.9
0 94.71 -16.08 1.66
0 94.6 -15.85 1.68
0.1 95.01 -17.39 2.28
0 94.84 -15.95 2.14
0 94.68 -15.99 1.34
0.48 94.36 -13.3 1.45
0 94.41 -12.89 1.87
0 94.44 -13.26 1.39
0 94.83 -10.94 1.94
1.97 94.58 -12.26 2
0 95.32 -14.64 2.73
0 95.58 -12.77 2.14
0 94.66 -8.64 2.44
0 95.06 -10.24 1.42
12.96 95.08 -9.25 1.11
0.6 95.14 -9.71 2
0 94.92 -14.17 1.37
0.07 93.86 -9.27 2.98
0.06 94.39 -14.39 4.36
0 94.42 -16.44 1.58
0.2 94.76 -14.13 1.71
0.07 94.68 -11.95 1.77
0 94.27 -7.31 1.51
0 94.53 -7.73 1.59
0.07 94.47 -6.08 1.62
2.33 94.37 -6.69 1.81
0.65 94.98 -9.7 3.7
0 95.06 -11.75 2.53
2.21 94.09 -10.02 2.66
0 94.82 -10.39 3.01
0.02 94.4 -9.24 2.08
0.77 94.69 -15.51 4.18
0 95.52 -18.73 4.66
0 95.34 -16.9 1.55
0.38 94.54 -13.1 2.42
0 95.12 -13.8 2.37
0.12 95.16 -13.38 2.13
0 94.46 -8.77 336.5
0 94.26 -6.5 2.75
0 94.85 -10.15 2.62
0 94.78 -11.09 1.6
0 94.11 -7.62 2.22
0.07 94.13 -6.87 3.99
0 94.8 -12.18 3.81
0 94.91 -13.17 2.4
0.01 94.86 -12.53 2.1
0 94.77 -9.4 3.25
0 94.99 -8.16 3.2
0 94.93 -6.03 1.98
0 94.98 -6.71 1.89
8.33 94.81 -6.81 1.91
0.28 94.08 -1.38 3.05
0 93.99 -0.71 2.82
0.24 93.51 -3.47 5.98
0 95.23 -9.04 5.16
0 95.23 -6.59 1.85
0 94.23 -1.92 3.19
0 94.52 0.46 2.46
0 93.93 4.02 3.01
0 93.84 3.05 2.06
0 93.27 4.19 2.17
0 93.1 1.7 2.69
0 93.3 -2.03 6.25
0 94.69 -1.5 2.35
0 94 3.1 3.36
20.12 93.91 -0.73 3.59
0 95.04 -6.09 3.88
0 94.61 -0.32 2.98
0 94.18 3.99 2.58
0 94.53 4.6 2.76
0 93.15 6.87 3.72
1.62 93.18 -2.43 4.08
25.24 93.9 -7.33 2.7
0.61 94.34 -7.17 2.92
0 93.17 0.56 5.07
0 94.08 -3.03 2.75
21.6 93.76 -4.64 3.8
0 94.48 -5.33 2.95
0 94.33 -2.5 1.7
0 93.42 3.54 3.87
2.24 93.6 1.1 4.26
0 94.41 -1.58 3.63
0 94.58 -2.24 2.38
2.12 94.47 -0.51 1.79
8.37 94.21 0.74 2.25
79.66 94.33 0.62 2.67
0 93.89 4.21 3.05
0 93.89 5.12 2.95
27.34 94.01 0.05 2.26
39.68 94.31 -0.73 3.21
0 94.08 -0.51 2.57
1.19 93.23 1.49 2.82
15.41 93.28 0.16 3.78
3.68 94.22 -0.3 3.96
1.22 94.09 0.58 3.71
0 94.12 1.94 3.76
0 93.67 7.41 2.87
0.8 93.21 6.03 4.88
0 93.45 2.54 4.84
0 93.09 4.73 2.52
6.78 93.4 4.2 3.06
46.07 93.72 1.55 797.59
1.91 94.73 0.59 4.64
0 94.72 2.07 2.3
0 94.43 4.73 2.55
0 94.11 7.84 2.14
1.14 93.58 10.81 4.04
51.59 93.6 7 2.26
1 93.57 7 3.52
0.03 93.67 8.19 5.09
0 93.66 9.7 1.83
0 93.62 13.27 2.25
3.54 93.44 11.59 3.93
0.14 93.68 11.46 6.09
0.35 94.13 11.18 5.4
0.27 94.16 11.15 2.21
1.26 94 12.15 2.52
8.44 94.22 12.49 2.03
0 94.01 16.14 2.66
0 94.21 19.4 1.79
0 94.12 20.86 2.37
0 94.12 20.95 3
0.38 93.87 21.16 4.22
30.94 93.54 14.05 2.16
19.02 92.73 14.41 4.14
0 92.36 16.69 4.69
0 92.86 15.85 2.78
0 92.92 18.47 3.08
0.54 93.56 16.15 4.81
0 94.39 16.3 2.36
0 94.29 17.14 2.52
1.23 93.67 18.45 3.07
0 93.15 18.6 3.12
11.8 92.55 15.12 5.44
0.01 92.54 17.13 4.18
0 92.87 18.42 2.82
0 93.72 19.64 2.37
3.82 93.56 22.98 3.79
3.42 94.1 17.78 2.25
0 93.72 20.34 2.28
2.15 93.44 21.34 3.48
3.06 93.27 19.05 3.6
1.38 93.1 18.48 3.24
0 93.39 18.69 4.58
0 93.21 22.6 3.18
0.1 92.83 24.16 4.41
0 93.46 19.28 2.51
8.91 93.21 17.89 3.31
0.05 93.44 18.48 3.31
23.55 93.99 17.07 2.42
36.27 93.86 18.45 2.5
10.99 93.66 18.84 2.88
12.72 93.49 21.08 2.57
2.9 93.35 21.35 3.25
72.06 93.74 16.08 2.34
1.92 93.94 17.21 1.91
18.09 93.67 15.67 2.38
3.82 93.44 17.13 1.92
0.03 93.48 21.86 3.46
0.63 93.48 23.59 4.06
10.8 93.41 23.74 2.58
177.62 93.37 18.44 2.31
8.8 93.1 20.5 1.89
34.89 92.8 20.42 1.98
0.37 93.17 22.61 2.05
0 93.67 22.87 2.3
0.05 93.81 23.57 1.98
4.1 93.57 21.73 1.51
14.66 93.22 21.19 1.88
69.22 93.07 20.77 2.28
82.67 92.82 20.54 2.27
139.06 92.57 19.45 1.79
47.33 92.71 21.49 2.29
81.3 93.09 20.44 2.36
123.04 93.15 21.63 2.53
49.16 93.09 22.58 3.06
74.37 92.87 22.41 2.1
142.18 92.47 22.28 2.8
0.04 92.48 23.74 3.5
6.67 92.46 23.28 2.41
0.92 92.79 23.79 2.16
4.65 92.97 24.11 2.45
26.13 92.8 24.82 3.41
57.75 93.1 23.33 1.79
57.58 93.29 21.72 1.61
1.8 93.49 22 1.46
1.68 93.48 22.05 1.58
16.86 93.46 22.68 1.94
22.06 93.62 22.6 2.04
0.09 93.61 24.12 1.86
271.88 92.89 21.4 1.96
69.45 92.81 22.21 3.15
0 93.33 22.81 2.29
0.51 93.21 22.5 2.32
91.52 93.16 20.95 2.16
3.94 93.36 21.46 1.76
1.29 93.36 22.93 1.96
33.1 93.23 22.76 2.21
13.06 92.83 23.32 1.96
0.91 92.93 23.49 3.11
0.01 93.2 23.74 2.01
0.08 93.21 24.11 1.81
53.73 92.99 22.12 1.41
4.95 92.94 24.58 2.16
0.71 92.9 24.65 1.65
3.77 92.7 25.25 1.92
24.16 92.81 25.2 2.24
28.6 93.07 24.24 2.62
0.97 93.3 24.65 2.45
5.42 93.11 24.56 2.58
61.44 92.79 24.84 2.52
26.3 92.65 24.19 1.79
8.77 92.79 25.16 2.46
36.62 93.06 24.93 2.29
12.91 92.87 25.08 2.23
10.3 93.04 23.22 1.84
4.05 93.42 24.85 1.65
17.26 93.49 25.7 2.51
50.75 93.21 24.21 2.57
8.48 93.23 24.47 2.65
18.65 93.18 25.39 2.14
4.4 93.23 24.7 1.92
312.32 92.7 24.15 1.79
0.1 97.7 24.43 2.78
0 93.72 21.44 2.66
0 93.96 20.89 1.91
10.19 93.89 20.09 1.29
2.45 93.52 22.73 2.29
0.25 93.68 21.59 2.09
0 93.87 21.46 1.96
0.04 93.86 21.96 1.83
15.71 93.57 21.24 1.89
6.14 93.63 19.22 1.96
5.77 93.56 19.06 1.8
228.83 92.96 18.4 1.59
29.09 93.21 15.04 3.02
0.41 93.9 15.4 2.54
41.39 93.96 15.6 2.26
1.57 94.19 15.09 1.96
6.42 94.35 15.32 1.82
0 94.43 15.47 1.63
6.69 94.31 16.17 1.48
156.77 94.25 13.87 1.66
31.29 94.32 13.76 1.3
4.98 94.39 15.48 1.55
7.76 94.33 17.03 1.71
10.53 93.87 17.77 1.9
0.14 93.97 16.55 1.75
0 94.02 16.46 2.68
6.51 93.78 19.43 2.91
53.65 93.16 18.7 3.03
0.46 93.55 17.59 3.18
0 94.1 12.97 1.97
3.9 93.8 15.48 1.64
8.77 94.32 16 1.4
17.41 94.73 14.92 1.21
13.81 93.86 18.92 3.33
0 94.27 17.01 1.57
0.05 94.24 17.8 1.58
1.6 94.1 17.17 2.43
36.23 94.49 12.17 3.22
0 94.72 8.32 2.52
0 94.55 9.8 2.39
0 94.2 11.37 2.21
0 93.56 16.33 3.35
0 93.63 15.12 2.52
0 94.49 12.93 1.42
2.51 94.43 13.65 1.81
122.54 94.45 11.19 2.31
0.01 94.57 9.93 2.8
0 94.33 9.3 1.86
0 93.73 15.84 3.4
0 94.67 13.36 1.42
0.05 94.68 14.4 2.51
0.14 94.97 11.75 2.39
0.81 94.46 11.04 1.86
0 93.52 14.7 2.85
13.19 93.59 12.17 4.16
0 94.01 9.49 3.01
0 94.48 10.52 1.9
24.83 94.46 10.49 2.35
2.86 95.31 3.95 4.15
0 95.35 2.78 1.7
0 94.95 6.05 1.47
0 94.97 6.51 1.55
0 94.77 9.61 2.47
26.08 94.96 8.05 1.83
1.2 94.97 6.43 1.99
0 94.8 5.56 1.36
43.79 94.67 4.53 2.22
27.05 94.61 0.25 2.33
0.01 94.87 3.4 3.85
0.01 95.11 4.91 2.43
0 94.64 3.98 1.61
0 94.12 5.92 2.06
4.13 94.61 5.08 2.04
2.36 95.15 3.56 2.51
0 95.09 2.84 1.53
0 95.18 3.73 1.11
0 94.93 4.05 1.44
0.85 94.44 7.37 2.06
1.38 94.76 6.45 3.11
0 95.08 4.55 1.91
0.07 94.34 4.97 2.26
0.66 93.96 4.55 3.86
0.05 94.3 2.61 2.74
0 94.36 1.37 2.18
0.09 94.91 1.56 3.67
0 94.92 -2.16 4.42
0 94.97 0.51 2.62
0 94.83 1.15 1.73
0 94.24 1.26 2.45
0 94.01 2.23 3.45
0 93.98 1.98 2.16
0.22 94.15 0.95 3.32
0.05 94.53 -3.66 3.94
0.12 94.75 -4.36 5.11
0 94.62 -4.39 3.27
0 94.65 -2.79 2.41
0 94.84 -3.41 1.41
0 94.62 -0.15 1.78
0 94.32 0 1.97
0.06 93.98 -1.17 2.43
0 93.83 -5 3.83
0 93.96 -7.97 3.61
0 94.25 -10.65 6.73
0 94.45 -6.43 3.61
0 94.04 -0.26 3.06
0 94.62 -3.24 2.29
1103.04 94.41 -1.94 2.58
1103.04 94.17 -2.02 1.51
1103.04 94.44 0.47 2.2
1103.04 94.43 0.1 2.17
1103.04 94.63 -2.14 2.78
1103.04 94.21 -2.87 1.23
1103.04 94.28 -4.95 1.43
1103.11 94.31 -4.54 2.59
1103.09 94.5 -6.35 2.97
1103.39 93.99 -8.3 3.14
1103.55 93.97 -8.95 2.67
1103.04 94.12 -11.91 4.58
1103.04 94.44 -11.96 3.32
1103.04 94.82 -9.59 3.21
1103.04 95.36 -9.33 1.71
1103.04 95.29 -10.61 1.6
1104.19 95.54 -12.64 2.34
1103.36 95.21 -13.72 2.75
1103.22 95.09 -12.63 3.06
1103.05 95.48 -11.68 2.37
1103.04 95.53 -11.39 1.49
1103.04 95.24 -10.93 1.15
1103.04 95.38 -9.74 1.39
1103.04 95.33 -10.08 1.21
1103.19 94.8 -8.18 3.04
1103.1 95.28 -11.09 4.23
1103.04 94.94 -12.03 1.96
1103.04 94.47 -11.63 2.81
1103.04 93.78 -7.03 3.5
1103.04 93.58 -6.4 3.23
1103.04 93.2 -3.68 4.5
1103.04 93.61 -4.06 3.2
1103.04 93.9 -4.15 3.03
1103.04 94.46 -5.99 2.5
1104.33 94.36 -8.57 1.68
1105.64 94.59 -8.99 1.81
1103.07 94.36 -7.96 2.45
1103.04 94.86 -7.9 2.57
1103.04 95.28 -14.47 2.86
1103.04 94.9 -14.68 2.41
1103.04 94.91 -12.64 2.16
1103.04 95.01 -10.88 2.3
1103.04 95.49 -12.66 2.14
1103.04 95.21 -13.53 1.66
1103.04 95.26 -11.99 1.94
1103.04 95.07 -8.96 1.72
1109.38 95.05 -9.7 1.44
1103.04 95.06 -10.59 1.95
1103.04 95.28 -8.62 1.9
1103.36 94.34 -7.53 3.72
1103.06 94.84 -10.59 4.4
1103.04 95.02 -10.48 2.35
1103.04 94.35 -7.42 1.81
1103.04 93.59 -3.8 2.86
1103.04 94.13 -4.08 2.17
1103.04 94.99 -8.91 2.98
1103.04 94.59 -8.37 3.29
1103.04 94.04 -5.28 4.05
1103.04 94.59 -7.66 3.15
1103.04 93.32 -2.15 4.84
1103.04 94 -7.7 2.97
1103.04 94.1 -7.33 1.63
0.31 93.71 -4.42 1.94
0.04 93.78 -5.49 5.1
0 94.57 -12.85 4.26
0 94.75 -11.99 2.44
0 94.89 -12.23 1.59
0 95.09 -10.21 1.56
2.97 94.78 -10.14 1.55
9.36 94.88 -12.43 3.04
0 95.49 -15.04 2.91
0 95.3 -14.86 1.75
0 94.75 -12.93 1.66
0 95.34 -13.23 1.77
0 95.31 -12.49 2.05
0.25 94.54 -6.98 2.57
0 94.58 -7.24 2.08
0.05 95.15 -7.79 2.36
0 95.65 -9.32 1.85
3.4 95.22 -9.46 1.6
1.28 94.98 -9.61 1.79
0 94.93 -8.5 1.74
0 94.89 -5.53 1.98
0.31 95.33 -7.14 1.5
0.22 95.19 -4.61 1.22
0 94.8 -1.7 1.62
0 94.66 1.06 1.72
1.68 94.38 2.46 3.26
1.97 95.03 -4.17 3.86
0.15 94.73 -7.17 1.63
0 94.59 -5.58 1.82
1.12 94.52 -5.55 2.26
1.29 94.51 -6.36 1.76
1.47 94.84 -6.01 2.76
0 94.89 -7.71 2.92
0 95.04 -8.03 2.67
0 95.05 -6.93 2.41
0 94.58 -5.51 2.19
0 94.85 -5.34 2.22
0 94.37 -2.75 2.17
0 94.18 0.39 3.42
0 94.82 -2.11 3.57
0 94.4 -2.32 2.07
0 93.95 1.83 3.06
0 93.65 5.74 2.49
0 93.98 4.4 2.47
0 93.59 6.64 4.74
0 94.65 3.82 2.12
0.26 94.61 2.95 4.1
0 94.92 3.42 4.21
0 94.34 5.99 2.67
0 94.38 6.76 3.04
0 94.62 7.03 2.6
0 93.68 11.37 3.91
0 93.64 10.99 2.36
0.01 93.66 10.35 2.61
0 93.68 9.78 2.87
63.87 93.46 10.94 2.8
18.39 93.92 9.41 2.13
0 94.13 10.27 2.16
1.03 94.19 8.6 2.15
0 93.72 10.86 2.74
0 94.37 7.54 3.48
0 94.8 3.03 4.48
0 94.01 6.74 4.57
0 94.59 5.3 3.71
0 94.03 12.23 3.62
0 93.93 13.06 1.56
0 93.8 13.69 2.44
0 93.98 11.44 3.82
0 94.68 9.32 2.25
4.62 94.31 10.33 2
2.09 94.04 11.26 1.97
0 94.18 13.07 1.68
0 94.12 16.31 3.15
0 94.61 13.1 2.92
0 93.97 12.54 2.39
21.8 93.92 7.81 2.6
0.1 94.59 8.4 2.3
33.69 94.42 7.1 2.41
0.19 94.05 8.82 113.61
0 94.14 10.62 3.3
0 93.83 13.03 2.7
1.56 93.51 15.33 3.41
4.83 93.76 16.96 3.61
1.3 94.25 14.9 3.53
34.33 94.47 10.7 3.09
0 94.73 11.8 2.48
0 94.59 13.19 1.98
0 93.97 14.94 1.74
0 93.45 18.11 2.03
17.33 93.46 15.78 4.49
111.55 94.02 7.21 4.46
8.42 93.64 7.19 4.81
12.08 93.87 4.88 5.21
0.42 94.08 7.15 3.87
0.12 93.47 10.99 2.51
35.86 93.48 8.54 3.65
0.58 94.02 11.41 2.13
75.76 94.25 10.37 2.63
8.23 94.18 11.86 2.05
196.02 93.35 8.57 2.22
43.86 92.54 14.75 3.74
0 92.75 15.83 3.96
0.16 93.07 13.22 3.69
0 92.8 13.5 2.99
0.05 93.58 16.17 2.9
6.99 93.93 15.38 2.2
6 93.59 17.15 2.66
61.31 93.22 16.09 2.54
3.28 93.28 17.15 2.68
0.07 93.38 18.79 2.46
0 93.39 21.45 2.53
0.62 93.71 23.81 3.48
62.47 93.54 16.78 2.49
0.82 93.12 16.14 5.16
0 92.61 20.71 3.97
14.83 92.4 17.88 3.26
0.49 92.83 21.37 2.42
0 92.91 23.38 36.02
0.49 93.47 24.31 2.68
0 93.44 27.14 3.59
10.29 93.66 22.58 2.82
0.5 93.79 20.76 2.42
0 93.65 21.98 2.34
0.71 93.45 21.77 2.25
9.02 93.32 22.99 2.44
317.05 93.44 16.05 2.24
93.59 93.3 13.6 3.02
18.25 92.99 15.81 2.91
37.91 93.29 15.18 2.2
60.03 93.69 15.19 1.81
13.82 93.8 18.12 1.89
37.15 93.6 19.73 2.3
19.68 93.63 19.76 2.05
0.1 93.51 21.25 2.12
13.72 93.32 22.01 1.78
100.09 93.1 19.97 2.12
115.18 93 19.35 2.01
82.17 93.13 18.56 2.68
6.12 93.38 19.03 1.82
45.09 93.51 19.02 1.97
18.23 93.65 18.51 1.51
142.34 93.73 18.15 2.15
5.39 93.61 20.77 1.86
0.13 93.22 22.56 2.24
18.24 93.03 21.75 2.88
27.98 93.13 21.15 3.36
0.38 93.55 21.43 3.44
0.97 93.47 22.35 2.74
0 93.53 23.64 1.92
0 93.48 24.13 1.84
30 93.41 22.17 2.37
84.81 93.1 20.1 2.25
20.56 92.88 22.46 2.1
0.03 93.35 24.22 2.1
1.31 93.41 24.87 2.8
2.26 93.29 25.41 2.21
10.68 93.07 24.09 2.65
22.8 93.03 22.51 3.7
0 93.23 22.63 2.95
0 92.95 23.14 3.57
8.18 93.02 21.68 2.98
15.58 93.21 20.95 2.63
1.56 93.15 21.97 2.56
10.31 93.2 22.69 1.91
33.97 93.15 22.52 2.47
74.42 93.22 21.16 35.86
13.41 93.44 22.35 35.32
0.26 93.54 25.72 1.79
0.94 93.64 28.14 2.07
8.96 93.25 28.58 3.91
78.14 93.15 23.68 2.51
0.6 93.45 21.75 1.67
0 93.18 24.04 2.57
0.15 93.5 22.46 1.92
0 93.55 22.95 1.65
0.03 93.72 23.62 1.96
22.85 93.62 25.15 2.29
5.77 93.17 26.2 2.94
26.66 93.17 24.46 2.98
59.01 93.33 23.56 1.88
0 93.42 25.46 2.22
0 93.4 26.17 2.45
5.46 93.27 25.55 2.16
15.3 93.22 25.01 1.9
127.55 93.47 19.66 2.24
1.13 93.46 21.09 2.09
0 93.72 21.46 2.42
0 93.81 20.94 1.56
0.05 93.66 21.74 2.16
62.44 93.41 20.56 2.21
22.65 93.18 20.54 1.65
1 93.39 21.12 3.12
1.3 93.57 19.9 2.1
33.68 93.58 18.09 1.72
8.88 93.49 18.12 1.76
7.43 93.55 19.17 2.05
6.01 93.66 19.7 1.84
3.66 93.79 20.48 1.97
8.47 93.98 20.52 1.64
0.49 93.92 21.95 1.77
3.36 93.62 23.21 2.16
5.56 93.6 23.47 1.82
41.4 93.55 22.01 2.19
68.44 93.39 21.5 1.76
90.22 93.64 18.88 2.33
1.48 93.93 18.99 2.57
0 94.04 20.1 2.08
0 94.13 21.54 1.84
13.04 94.24 19.72 2.07
8.12 94.27 20 1.62
1.42 94.22 19.82 1.84
23.99 94.06 19.16 1.81
19.24 94.03 18.82 1.76
246.18 93.97 15.78 2.11
1.16 93.62 17.14 1.96
0 93.33 19.42 2.42
0 93.82 18.23 1.5
0 93.84 19.58 1.69
4.5 93.46 19.93 2.82
0.02 93.73 17.32 2.75
0 93.88 15.17 1.56
0.05 94.14 16.59 1.73
0.31 94.15 17.7 1.99
30.25 94.19 16.42 1.41
1.56 94.01 18 2.34
0.1 94.33 15.27 2.82
0 94.43 13.14 2.96
0 94.46 12.48 1.49
0 94.56 15 1.38
0 94.53 15.82 2
16.43 93.83 15.37 2.35
25.46 93.8 14 2.53
0.02 94.38 13.72 1.55
1.37 94.44 15.45 2.16
86.07 94.58 12.23 1.66
19.01 94.35 12.81 1.57
0 94.26 13.09 1.86
46.42 93.65 13.98 2.88
0.08 94.2 12.74 2.05
0.79 94.12 13.03 2.77
30.95 94.85 6.23 3.63
0.09 94.93 5.18 1.69
39.94 94.1 6.49 1.48
21.22 93.97 7.83 1.9
0 94.3 8.12 1.62
128.25 94.48 7.49 1.5
13.4 95 7.78 2.42
0 94.81 7.97 2.05
0 94.41 11.14 1.83
0 94.3 12.76 2.22
0 94.48 15 1.85
0 94.71 12.93 1.71
1.73 94.65 12.89 2.75
0.61 95.57 7.52 3.27
0 95.12 3.69 1.71
0 94.22 7.57 2.09
0 93.81 8.38 4
0 94.29 8.45 2.84
0 94.05 11.06 2.25
0 94.15 12.12 2.1
0 93.84 14.9 3.76
0 94.61 7.51 2.33
0 94.95 3.99 1.84
0 94.49 5.28 1.81
0 93.77 9.6 2.39
0 93.49 11.98 2.54
0 93.7 10.67 2.1
0 95.11 3.82 4.5
0 95.48 1.56 1.91
0 94.93 3.17 1.6
0.17 94.68 7.12 1.66
10.45 94.82 7.42 81.64
4.11 94.54 5.67 1.7
1438.32 94.23 5.85 3.26
1438.54 94.41 3.05 3.92
1438.31 94.2 5.67 2.55
1438.31 93.8 6.51 3.04
1438.34 94.18 5.03 3.27
1438.31 95.37 -1.39 2.8
1438.31 95.35 -2.41 1.59
1438.31 94.97 -0.42 1.95
1438.31 94.79 2.77 1.72
1438.31 94.47 2.64 1.61
1438.34 94.13 1.74 3.35
1438.52 94.56 -5.03 5.62
1438.31 94.55 -2.44 2.84
1438.31 94.87 -3.06 1.63
1438.31 94.99 -2.27 1.73
1438.87 94.85 -0.3 2.03
1438.31 95.19 -2.28 1.6
1438.31 95.1 -1.73 1.62
1438.31 94.42 -0.04 2.72
1438.31 93.86 2.05 3.68
1438.31 94.37 -0.45 2.52
1438.31 94.86 -3.15 2.04
1438.4 94.66 -0.17 2.66
1438.31 95 -3.91 1.73
1438.31 94.13 -3.41 2.2
1438.31 93.69 111.9 4.13
1438.31 94.74 -4 1.99
1438.31 94.28 -2.76 1.52
1438.35 94.13 -1.7 1.97
1438.67 94.29 -2.79 5.44
0 94.84 -12.47 5.89
0 94.58 -12.28 3.45
0 94.35 -12.01 5.63
0 94.48 -11.51 4.63
0 94.59 -10.94 3.56
0 94.73 -10.19 1.73
2.28 94.76 -9.63 1.91
0 95.29 -10.79 1.61
0.14 95.16 -8.77 2.21
3.48 94.57 -6.09 4.54
0.26 94.96 -10.26 2.91
0.07 94.56 -10.76 3.89
0 94.71 -11.54 2.4
0 94.73 -10.08 1.62
0.63 94.71 -9.88 3.69
0 94.78 -13.04 3.54
0.02 94.79 -10.96 2.21
0 94.73 -8.57 2.57
0.51 94.49 -7.37 3.99
0 94.8 -11.2 3.6
0 94.45 -10.53 3.38
0 94.27 -4.47 2.3
0 94.3 -5.15 2.65
0 95.13 -6.15 3.6
0 95.35 -5.94 2.5
0 95.11 -9.25 1.34
0 94.73 -6.03 2.2
0 94.13 -6.14 2.02
0 93.5 -5.48 3.25
0.42 94.16 -7.4 336.34
0.1 94.92 -11.91 4.92
0.39 94.89 -12.13 2.7
0 94.82 -8.24 2.89
0 93.63 -4.23 3.05
0 93.85 -3.92 1.85
0.51 94.21 -4.13 4.61
0 94.73 -8.37 3.13
0 95.05 -9.95 1.62
0 94.97 -9.32 2.03
0 94.86 -6.6 2.47
0.06 94.42 -5.61 2.77
0 95.4 -8.38 2.24
0 95.54 -9.55 1.75
0 95.12 -7.39 1.66
0 95.22 -9.54 1.46
1.17 94.87 -9.69 1.59
2.54 94.91 -10.42 3.5
0 95.02 -10.09 1.99
2.41 93.94 -6.18 3.16
0.02 94.54 -9.18 1.95
0.15 94.46 -8.4 2.07
0.74 94.98 -8.67 2.16
0 94.46 -9.07 1.83
0 93.99 -5.52 3.1
0 94.79 -7.55 1.98
1.82 94.45 -5.27 1.42
3.05 95.04 -9.26 4.07
0 95.55 -12.76 2.99
0 95.36 -12.89 1.94
0.29 94.83 -9.78 3.27
0 95.43 -11.51 3.36
0 95.7 -10.52 1.68
0 95.48 -9.53 1.75
0 95.31 -8.65 1.52
0.31 95.23 -5.68 2.73
0.19 95.16 -7.39 3.46
0 95.06 -4.83 2.97
0 94.44 -2.89 2.83
0.1 95.21 -11.24 5.05
0 95.32 -12.7 3.27
0 94.65 -7.62 2.55
0 93.99 -4.11 2.18
0.02 94.01 -6.87 3.3
0 94.18 -7.02 2.13
0 93.81 -5.46 2.05
0 93.63 -1.88 2.01
0.02 94.27 -3.51 1.46
7.23 94.08 -2.11 2.63
0.02 94.69 -2.62 3.9
0 95.29 -4.51 2.17
0 94.78 -4.41 2.67
10.7 94 -1.44 2.64
21.11 93.52 -2.3 5.21
0.48 93.95 -7.11 5.75
0 94.14 -7.64 1.99
0 93.77 -6.96 1.94
0.34 94.24 -8 3.2
0 94.64 -9.83 3.39
0 95.23 -7.75 2.05
7.55 94.34 -3.66 4.27
0 94.02 -2 3.14
0.12 93.62 -3.51 2.56
0.11 94.31 -7.72 5.41
0 94.77 -7.48 2.51
0 94.5 -4.25 2.69
0 93.86 0.14 3.81
0 94.18 0.02 2.59
3.83 94.73 -3.79 3.4
0 95.53 -10.18 5.1
0 94.9 -5.09 3.32
0 94.51 -4.57 3.59
0 94.04 -3.74 2.89
0 102.25 107.73 113.01
0 94.14 -0.23 3.39
0 93.81 4.88 3.75
0 93.72 4.97 3.04
0 94.43 2.35 2.13
0 93.77 5.66 2.77
0 94.03 5.22 3.46
0 94.14 4.52 2.78
0 94.12 5.15 4.13
0 95.02 1.39 3.84
0 95.2 2.32 2.66
0 95.36 3.19 1.74
0 95.16 6.55 2.47
0 94.98 10.95 3.67
0 94.16 12.07 4.26
0 93.77 11.28 3.49
0 93.86 9.77 2.92
0 93.41 13.48 3.45
5.62 94.34 6.47 2.91
0 94.45 4.32 1.84
179.1 92.95 2.16 2.22
0.67 93.73 3.6 2.19
6.95 93.67 5.03 1.87
0.28 94.25 2.85 4.73
0 95.3 -1.5 3.83
0 95.26 -0.61 3.01
0 94.52 3.7 2.61
0.06 94.28 6.53 2.81
0.1 94.46 6.78 1.99
24.57 94.64 6.03 2.98
150 95.25 -0.83 3.76
0.31 94.88 2.75 2.18
0 93.33 10.72 2.11
2.59 92.51 12.97 3.83
0.72 93.36 7.82 5.67
0 93.42 10.23 2.24
0.1 93.7 11.7 2.58
0.01 94.16 9.88 3.3
0.05 93.81 10.33 3.1
0.18 93.7 10.42 2.63
0 93.95 13.24 3.71
0 94.15 13.38 4.94
0 94.43 13.63 2.83
0 93.86 19.22 3.74
0 93.48 22.22 3.7
31.71 93.16 18.8 3.31
11.03 93.75 16.19 2.36
0 93.81 18.49 2.2
0 93.73 19.78 2.9
18.81 93.53 15.64 3.14
14.5 93.55 15.13 2.39
0 93.89 11.93 5.33
0 93.68 13.1 4.27
0 93.17 13.32 5.14
0 93.63 11.27 2.75
0.29 93.6 11.56 4.73
15.68 93.84 6.93 2.25
0 94.21 8.08 1.85
139.76 94.07 6.74 2.45
49.9 93.2 6.41 2.02
11.09 92.03 10.69 3.78
1.23 92.13 17.27 3.69
2.27 93.42 14.98 4.79
0.02 93.99 14.64 3.73
0 93.43 17.43 3.27
32.75 92.59 17.68 3.23
21.74 92.79 13.56 5.34
2.8 93.22 12.32 5.27
0 94.02 17.21 3.74
0 93.68 19.84 3.12
0 93.52 20.65 2.46
0.96 93.45 21.12 2.29
0.35 93.29 23.01 2.91
1.45 93.19 24.29 3.48
8.3 93.34 22.79 2.45
0.62 93.3 22.11 3.04
7.49 93 22.46 3.37
0.53 93.33 19.9 3.48
0 93.38 18.93 2.54
0 92.59 23.77 5.78
4.79 93.06 21.67 2.96
1.68 93.64 18.93 4.01
0 93.85 20.2 2.78
74.65 93.06 16.64 2.97
29.62 92.57 18.25 2.49
31.87 93.07 17.45 2.64
0.22 93.39 18.47 3.2
4.15 93.14 18.81 2.52
8.56 93.12 17.99 2.14
104.59 92.85 16.23 2.41
131.58 92.42 14.9 2.04
55.63 92.49 15.85 1.75
54.65 93.38 17 2.22
1.1 93.64 19.94 2.08
14.97 93.48 21.34 1.92
0.27 93.2 22.06 1.84
89.5 93.24 19.18 2.97
7.84 93.41 17.71 3.67
78.85 93.83 16.09 2.56
0.04 93.94 20.63 2.19
0 93.57 22.63 1.9
15.93 93.29 23.06 2.47
1.19 93.43 22.93 2.45
45.74 93.24 22.54 2.58
38.91 92.96 20.99 2.01
54.08 92.93 20.42 1.95
1.58 93.34 21.75 1.61
18.42 93.42 22.95 2.1
226.17 93.55 17.37 2.08
22.89 92.99 17.88 1.98
21.18 92.58 18.4 3.05
5.6 93.12 16.59 3.11
0.07 93.67 17.98 2.08
34.6 93.65 19.05 1.89
5.9 93.76 19.89 1.73
0 93.74 21.8 2.1
0.85 93.61 23.18 1.95
9.42 93.76 24.25 1.98
0.77 93.99 25.21 2.35
15.33 93.83 23.28 2.56
1.98 93.55 24.5 1.93
1.16 93.07 25.74 2.23
0.6 92.9 25.87 2.91
33.93 93.23 25.37 2.35
53.07 93.61 22.86 2.51
50.81 93.79 19.79 1.98
25.02 93.63 20.81 1.67
78.83 93.47 21.24 1.75
48.32 93.59 21.52 2.09
34.38 93.51 22.33 2.27
40.57 93.28 22.76 1.88
76.52 93.26 22.1 1.68
12.24 93.25 22.2 1.45
26.05 93.08 21.98 1.74
5.69 92.9 23.02 2.02
4.37 93.28 23.96 2.14
41.41 93.37 23.63 1.84
40.74 93.13 23.37 1.99
81.44 93.11 23.28 2.26
265.52 93.48 20.55 2.14
5.87 93.68 21.78 1.6
5.35 93.49 22.69 2.02
28.22 93.03 24.06 2.92
0.18 93.03 21.71 2.05
6.6 92.91 23.23 2.48
11.48 93.06 23.87 2.82
52.85 93.45 22.73 1.98
31.88 93.98 21.83 2.03
55.07 94.04 21.55 1.51
10.4 93.95 22.86 2.2
0 93.97 22.9 2
0 93.79 23.2 1.55
0 93.61 23.83 1.64
0 93.3 24.76 1.8
1.08 93.14 24.18 2.26
0.03 93.41 22.5 2.26
0 93.46 22.61 1.74
1.49 101.28 131.72 112.33
40.37 101.61 132.04 112.57
78.1 93.88 19 1.92
30.34 93.62 18.42 2.17
8.57 93.44 19.45 2.15
30.47 93.53 19.08 1.86
19.92 93.84 19.35 1.73
33.79 94.07 18.83 1.84
13.27 94.01 19.43 2.01
47.4 93.89 19.24 2.01
0.13 93.82 19.79 2.2
17.48 93.67 19.36 1.85
5.22 93.79 18.36 1.42
33.53 93.95 18.19 1.54
116.08 94.13 17.32 1.57
79.55 94.18 17.64 2
1.75 94.18 19.8 2.2
0.19 94.31 18.78 1.96
25.46 94.13 17.19 1.63
95.63 93.96 16.31 2.1
0.04 94.11 17.05 1.75
0 94.01 18.69 1.6
6.62 94.17 19.44 2.21
31.17 94.82 15.32 2
5.86 94.75 13.61 1.77
55.59 94.19 12.53 1.69
8.82 94.16 13.6 2.6
0 94.11 18.21 2.28
0 94.39 18.07 2.28
0 94.49 17.57 2.39
0 94.35 18.04 2.2
15.45 94.35 18.63 1.61
19.56 94.42 17.83 2.06
0.01 94.49 15.37 1.98
8.09 93.96 15.46 2.14
17.73 93.78 17.9 2.15
80.45 93.6 16.47 2.63
28.72 93.72 13.7 2.1
53.12 93.65 14.11 1.82
14.29 93.69 13.97 2.73
0 93.92 12.91 2.31
0 94.15 14.39 2.46
0.26 94.92 12.79 1.58
9.81 95.36 10.3 1.96
13.74 94.25 13.97 2.84
45.21 93.6 10.22 5.25
0.07 93.5 12.85 4.24
0 94.45 10.92 2
0 94.75 12.9 2.15
0 94.28 15.96 3.15
0 94.2 16.02 2.07
0 93.98 16.23 3.13
0 94.28 9.05 3.76
1.6 93.6 4.84 3.19
3.52 93.82 4.91 4.84
3.46 94.14 9.2 4.33
0 94.51 11.12 2.28
0 94.56 12.08 1.83
0 94.32 11.96 1.59
0 94.26 12.74 1.56
0 94.27 13.84 2.36
2.57 94.42 11.59 3.05
0 95.07 5.76 2.41
0 94.05 9.27 2.42
32.47 94.54 4.61 1.74
21.8 94.88 4.69 1.74
2.8 99.34 73.82 34.93
0 98.85 74.6 35.04
0 95.14 6.34 2.18
0 95.05 4.27 1.74
5.81 93.89 6.27 4.94
0 93.94 2.95 3.52
0 94.52 0.85 3.14
0 94.85 -0.53 3.63
0 95.27 -0.06 2.66
0 95.33 2.15 1.53
0 94.69 4.46 1.77
0 94.51 4.94 1.4
0 94.45 7.7 3.35
0 94.65 8.51 2.76
0.56 95.7 0.78 3.43
75.18 95.74 -4.11 2.44
37.91 95.37 -3.98 2.69
12.46 94.9 -3.22 1.66
0.37 94.96 -3.44 1.29
0 95.1 -3.57 1.49
0 95.26 -1.7 1.41
0.07 95.12 0.69 1.41
0.03 94.42 2.3 1.8
0 93.82 4.52 2.25
0.24 94.63 1.9 2.26
12.97 94.44 -2.33 2.55
0 95.11 -4.77 2.16
10.43 94.98 -5.71 2.19
13.64 94.97 -7.35 1.85
9.75 94.98 -8.31 1.82
7.54 95.47 -9.63 1.69
19.23 95.9 -11.94 2.3
10.05 95.99 -12.98 2.74
0.3 95.88 -15.7 1.87
0.05 95.07 -15.1 2.86
0 95 -15.12 2.55
0.21 94.51 -11.8 1.39
0.99 94.93 -10.19 1.47
10.1 94.71 -6 2.14
0 94.57 -8.94 1.69
1.11 93.91 -4.57 2.06
0.25 93.75 -6.47 4.62
0.61 94.11 -8.48 5.27
0 94.44 -5.97 3.77
0 95.04 -6.03 2.15
0 95.16 -8.97 1.52
0 95.32 -9.58 1.1
0 94.92 -4.01 1.9
1.14 94.58 -0.79 2.16
0.01 94.87 -2.75 3.12
0 95.13 -7.94 1.73
0 94.82 -7.2 1.3
0 94.92 -6.98 1.21
4.36 94.27 -5.56 2.97
0.12 94.37 -7.43 4.32
0.15 94.95 -9.77 4.86
0 95 -8.78 2.7
0 95.45 -6.99 1.9
0 95.42 -7.66 1.54
0 94.56 -5.23 2.03
0 94.78 -7.12 1.65
0 94.86 -9.12 1.65
0 94.79 -7.19 1.91
0 94.85 -10.59 2.2
0.02 93.83 -7.86 2.72
0 94.82 -12.58 3.5
0 95.6 -15.8 1.85
0 95.36 -9.71 1.83
0.93 94.92 -6.91 1.53
2.14 95.18 -8.18 1.62
0 95.17 -9.51 1.9
0 94.36 -4.97 2.14
0.02 94.33 -6.94 1.52
2.31 94.49 -8.73 2.08
0 94.96 -11.54 3.59
0 94.79 -12.82 2.76
0 95.09 -11.06 2.91
0 94.94 -11.16 3.29
0 94.73 -11.83 2.66
0 94.48 -11.56 2.04
0 95.18 -13.21 2.89
0 95.47 -14.48 2.64
0 94.98 -14.1 3.14
0.24 94.31 -12.66 3.83
0.38 94.02 -11.94 2.3
0 94.04 -11.99 1.72
14.49 94.61 -14.66 2.15
3.05 94.67 -19.35 2.57
0 94.36 -19.84 4.11
0 94.92 -19.07 1.73
0 95.4 -18.31 1.41
1.21 95.34 -17.62 1.93
0.8 95.87 -21.46 3.33
0 95.8 -24.66 4.68
0 95.41 -17.01 4.36
0 94.8 -11.54 3.28
0 94.62 -12.67 3.24
0 94.66 -11.4 3.03
0 95.19 -13.84 1.92
0 95.59 -16.7 1.75
0 95.43 -17.26 2.34
0 95.5 -14.11 3.02
0 95.4 -11.88 2.56
0 95.05 -10.41 2.16
0 94.82 -10.09 2.58
0 95.04 -9.89 3.19
0 94.97 -9.86 3.48
0 94.87 -8.37 2.69
0 94 -8.55 2.63
0.02 93.63 -5.33 3.26
0 94.26 -4.29 2.42
0 93.94 -0.94 2.29
0.05 93.85 -0.19 2
5.7 94.14 -1.09 2.92
33.85 94.85 -8.61 5.36
0 94.91 -13.36 5.03
0 94.3 -10.16 4.18
0 94.19 -5.88 4.04
0 94.11 -3.4 3.4
0 94.1 -5 3.51
0.41 94.91 -8.17 3.32
0 94.86 -10.38 3.36
0 94.67 -10.45 2.39
0.02 94.85 -7.91 2.98
0 95.71 -11.33 2.71
0 95.34 -10.36 2.47
0 95.27 -9.59 2.79
0.31 94.6 -7.87 2.56
0.07 94.69 -8 2.11
0.45 95.02 -9.09 4.02
0.28 95.22 -9.46 3.05
0.14 94.35 -2.22 2.63
0 93.98 0.55 2.18
0 93.89 0.95 2.31
0.6 94.27 -0.5 1.6
17.45 94.13 -0.25 3.96
0.1 94.11 -2.27 2.33
3.52 94.42 -5.05 4.03
0 95.14 -8.44 4.2
0 95.25 -8.47 3.62
0.1 95.02 -7.43 3.42
0 94.49 -6.12 2.09
0 93.89 -2.38 3.53
0 94.62 -2.59 2.68
0 94.47 0.43 2.63
0 93.92 3.88 2.65
0 93.8 6.84 2.97
0 93.38 8.84 4.35
0 93.84 6.27 3.81
0 94.66 3.67 1.79
0 94.92 5.19 1.92
0 94.59 7.46 2.61
0 94.9 4.79 3.95
0.02 95.47 1.55 4.35
0 95.47 1.2 2.92
0 95.16 2.28 2.82
0 94.79 6.46 2.92
0 94.2 8.1 2.42
0 93.59 9.4 3.62
0.31 94.04 6.33 3.28
0 93.98 8.24 3.17
0 93.07 14.17 4.35
16.66 93.37 8.76 4.63
0.66 94.38 5.26 3.99
0 94.38 7.01 3.05
0 93.61 9.14 3.2
0.23 93.86 8.96 2.35
0.64 93.28 11.15 4.11
0 93.66 8.95 4.36
0 93.59 10.95 5.18
0 93.78 7.32 2.81
0 94.39 5.24 3.05
0 93.93 6.5 4.21
16.66 93.13 8.38 2.42
0.34 92.9 9.87 4.49
0 93.94 10.58 3
1.37 93.5 14.37 4.37
10.5 93.46 9.4 4.16
2.88 93.43 5.81 3.87
3.61 93.71 6.01 2.34
2.71 94.03 7.05 2.73
0.02 93.71 12.77 2.72
0 92.92 13.82 5.31
0 93.43 9.92 5.7
0 93.92 9.98 2.76
0 93.42 13.16 4.13
2.12 94.15 10.68 3.14
26.86 94.38 8.89 2.06
2.14 94.03 12.15 1.81
0 94.15 12.61 2.31
18.87 93.37 13.41 2.64
0.05 93 16.8 2.71
20.26 92.77 19.86 3.81
156.17 93.53 10.6 2.31
42.5 92.73 11.64 5.05
0 93.16 14.98 2.94
13.18 93.13 14.95 4.51
0.02 93.49 12.26 6.03
0 94.19 14.49 2.61
0 93.68 17.67 3.86
1.64 93.84 15.94 2.22
0 93.52 16.4 2.34
1.09 92.73 18.77 3.75
116.67 93.47 11.02 4.46
0 94.28 14.01 4.03
35.61 93.92 11.67 3.67
0.93 93.78 11.93 3.38
0 93.29 17.37 3.01
0 93.4 21.68 3.61
0 93.66 23.26 4
0 93.87 21.68 3.28
0 94.04 21.29 3.48
0.1 94.71 18.37 3.42
0.1 94.61 17.69 2.41
50.86 93.75 14.2 1.88
21.8 92.73 14.71 4.18
6.52 93.02 17.55 3.24
0.92 93.5 17.62 4.06
0 93.42 20.78 4.07
0.35 93.06 22.68 3.97
0 93.4 18.43 3.92
0 93.13 20.94 3.79
22.1 93.86 16.83 2.05
0 93.95 19.33 1.5
0 93.6 22.22 2.36
0.02 93.27 22.93 2.93
0.1 93.4 22.05 2.73
0.71 93.65 22.24 2.3
39.78 93.81 18.4 3.06
4.12 93.84 18.38 2.05
0.22 93.6 20.6 2.28
30.48 93.27 20.25 3.6
81.75 93.05 19.26 3.87
31.6 93.54 17.65 2.34
8.63 93.44 18.81 1.95
8.53 93.1 18.67 2.11
123.54 92.97 15.4 2.22
11.93 93.03 18.34 2.22
5.11 92.65 19.36 2.2
31.38 92.7 19.77 2
3.35 93.25 19.95 2.83
0.01 93.33 22.64 2.41
24.59 93 23.61 2.75
34.17 93.02 22.81 2.35
23.51 93.05 21.65 2.09
12.18 93.3 20.55 2.87
4.16 93.37 20.09 3.53
0 93.53 23.39 2.83
0 93.44 23.94 2.13
37.81 93.15 22.19 2.56
71.36 93.22 18.3 2.67
90.23 93.13 19.78 1.99
47.24 93.2 19.69 2.24
0 93.32 20.04 1.82
0.51 93.29 21.61 1.83
0 93.4 24.21 2.6
0 93.55 24.45 2.73
7.72 93.77 24.82 1.94
0 93.88 25.97 1.86
0 93.81 26.42 2.6
0 93.56 26.02 2.43
0 93.33 27.44 1.93
0 93.09 28.37 2.41
16.84 92.79 28.17 2.99
101.84 93.05 21.86 1.89
0.78 93.38 24.05 2.29
3.5 93.68 22.13 2.43
17.53 93.36 19.36 1.97
3.96 93.24 18.8 1.93
2.11 93.51 21.44 1.68
0.09 93.52 23.2 2.17
16.35 93.58 23.23 2.35
215.98 93.66 20.98 2.11
663.03 93.23 20.57 2.28
78.02 92.98 23.06 1.8
22.43 92.91 25.93 2.46
0.73 93.42 24.78 2.04
370.75 93.41 20.38 2.22
2.14 93.3 22.24 1.63
2.46 93.1 23.75 2.09
37.28 93.08 22.98 2.02
18.48 93.43 23.27 1.86
145.55 93.7 22.56 2.13
54.47 93.81 21.78 1.69
14.12 93.92 22.82 1.79
0.24 93.93 24.27 1.73
0 93.87 25.8 1.54
0 93.81 26.76 1.77
0 93.72 26.54 2.06
306.44 93.47 24.57 1.8
115.04 93.82 23.11 2.11
0 93.9 21.91 1.62
0 93.55 23.45 2.18
0 93.35 26.32 2.99
2.81 93.37 28.18 2.89
21.8 93.46 24.66 2.03
0 93.42 23.61 1.78
0 93.66 23.28 1.79
19.08 93.57 22.69 1.71
56.98 93.4 21.89 1.88
3.94 93.28 22.14 1.43
217.06 93.23 20.09 1.57
11.18 93.65 21.08 2.01
14.17 93.78 21.62 1.84
1.27 93.92 22.38 1.95
2.16 94 22.94 1.61
29.67 93.52 20.76 1.5
18.35 93.37 22.71 2.04
102.54 94.1 17.55 3.59
0 94.37 17.16 2.06
7.44 94.05 17.16 2.17
1.88 94.02 18.19 2.03
0 94.15 17.64 1.88
0 93.59 17.7 1.91
12.83 92.6 16.7 4.34
22.48 92.43 15.4 2.91
4.68 93.05 18.4 1.47
13.23 93.55 18.41 1.34
135.61 93.8 17.64 1.64
45.45 93.76 16.93 1.45
9.63 93.64 18.39 1.56
2.78 93.38 18.31 1.77
5.09 93.46 16.99 1.65
31.28 93.75 16.25 1.75
17.46 93.91 15.47 1.71
112.52 94.23 14.97 2.03
17.88 94.48 15.62 1.48
2.83 94.44 16.81 1.44
33.79 94.27 18.11 1.64
0.02 94.16 18.45 1.73
9.22 94.22 17.49 2.08
4.65 94.62 15.31 1.76
37.69 94.78 13.18 2.17
0.36 94.82 12.93 2.24
0 94.66 13.17 1.56
1.75 94.45 13.71 1.98
16.79 94.1 15.56 1.9
3.78 93.81 17.27 1.79
3.39 93.55 19.18 3.13
0.17 94.2 16.25 2.1
17.94 94 16.47 1.82
3.29 94.76 10.92 4.62
0 95.12 7.44 2.1
0.15 94.36 9.07 2.18
0.28 94.03 14.29 2.07
12.97 93.89 17.53 3.18
1.68 93.9 15.04 2.27
3.8 93.91 14.66 3.05
112.18 94.39 7.66 1.97
10.63 94.49 6.49 2.07
1.6 95.04 8.02 1.66
70.42 94.21 10.01 3.2
1.26 94.46 5.13 4.4
0 94.64 4.39 1.85
0.41 94.25 5.54 1.77
0 94.76 5.44 39.62
0.24 94.76 6.93 1.63
0 94.39 11.07 1.44
0 94.48 12.33 1.72
0.26 94.62 13.58 2.48
3.89 94.12 13.73 3.83
0 94.56 9.23 2.23
0 94.35 10.84 1.91
0 94.2 11.96 2.24
3.9 94.98 4.96 2.62
57.2 94.44 5.2 1.73
31.93 95.08 2.25 2.72
0 94.74 2.29 1.49
0 94.12 3.17 1.52
0 93.79 7.42 3.07
0 94.88 2.89 1.92
22.5 94.95 2.21 1.49
6.66 95.15 1.36 2.93
0.84 95.19 -0.54 2.49
3.21 94.92 -0.83 3.27
0 95.69 -5.55 3.17
0 95.33 -3.9 2.33
0 94.66 -0.31 2.99
0 94.1 1.49 1.73
0 93.25 3.63 1.76
0 94.21 1.72 2.65
0.58 94.97 -0.65 2.16
6.52 95.26 -1.75 3.15
0 95.6 -4.26 1.92
0 94.99 -2.56 2.1
4.04 93.59 1.44 3.31
2.88 93.79 -2.29 1.72
0.37 94.31 -2.06 1.58
0 93.82 3.25 3.13
0 94.52 0.26 4.94
0 94.72 -3.87 1.95
0 94.48 -0.6 2.04
0 94.42 -1.32 2.15
0.23 93.87 0.22 2.15
3.81 94.34 -3.41 2.42
24.07 94.87 -7.23 1.96
41.84 95.23 -10.12 3.04
0 95.61 -11.94 3.29
0 95.29 -11.02 2.78
0 94.82 -9.11 2.42
0 94.47 -6.9 2.04
0 94.02 -3.34 3.24
0 94.83 -6.43 3.07
0 95.25 -5.32 1.83
0.12 95.47 -5.85 1.69
7.08 94.4 -2.06 3.59
0 95.15 -4.06 3.72
0 94.9 -1.21 2.47
0 94.16 1.02 2.71
0 94.21 -2.21 2.67
1.83 94.84 -6.51 3.49
0 94.3 -6.38 2.68
0 94.5 -6.49 2.46
7.21 93.95 -4.71 3.48
0 94.86 -8.31 2.17
0 95 -9.39 1.56
0 94.42 -7.33 2.19
4.4 94.74 -4.46 2.65
0 95.33 -9.53 2.96
0 95.27 -11.12 2.14
0.02 95.27 -9.63 3.1
0 94.52 -5.77 2.28
0 94.46 -5.62 1.2
0 94.62 -5.1 1.25
0 94.7 -4.55 1.37
0.02 95.02 -4.22 1.29
0.31 94.99 -5.2 2.27
4.96 94.67 -9.54 3.48
0 95.07 -11.36 2.29
0 94.97 -11.23 1.35
0.12 94.83 -6.92 3.14
0.46 95.41 -9.7 3.42
0 95.31 -12.31 2.09
0 95.04 -10.82 3.96
0 95.26 -10.26 2.61
0 94.79 -9.2 1.74
0 94.65 -7.83 1.57
0 94.48 -4.21 3.05
0 94.63 -5.86 2.19
0 94.32 -3.41 2.79
0 94.87 -6.36 1.52
0 95.15 -7.58 1.39
0 94.75 -4.7 1.5
11.06 94.73 -4.47 1.41
5.69 94.38 -5.82 2.44
0.05 94.51 -8.69 3.42
0 94.75 -11.24 3.69
0 94.5 -11.39 2.77
0.05 94.23 -11.75 2.87
0 94.43 -11.45 4.47
0 95.27 -12.29 2.15
0.14 95.24 -14.15 1.41
0.07 95.14 -13.15 1.45
0.41 94.98 -11.46 2.06
0 95.28 -12.35 1.73
11.17 94.98 -13.1 2.99
0 95.04 -14.42 2.36
0 94.72 -13.74 4.13
0 95.35 -14.69 2.46
0 95.46 -15.22 1.53
0 95.58 -13.28 1.56
0 95 -8.77 1.77
0.15 94.33 -5.46 4.47
0 94.78 -7.88 3.19
0 94.23 -8.98 2.29
0.19 95.07 -11.71 3.88
0 95.38 -11.48 3.17
0 94.84 -9.72 2.84
0 95.55 -9.32 3.23
0 94.99 -7.25 2.16
0 94.4 -5.15 1.69
0.56 94.07 -2.42 2.2
0 94.42 -6.95 3.14
0.02 95.3 -7.63 2.56
0.02 95.24 -8.1 1.33
0.1 95.09 -9.41 5.18
0.05 94.66 -10.53 5.41
0 94.82 -9.87 4.47
0 94.91 -8.05 2.94
0 94.87 -7.05 1.67
0 95.37 -5.46 1.67
0 95.24 -4.43 1.87
0 94.1 0.4 2.94
1.79 94.4 -3.99 4.21
0 94.98 -7.73 3.03
0 94.36 -5.89 2.59
0 93.39 -3.24 4.63
0 95.1 -7.71 3.64
16.14 94.88 -7.3 2.41
9.18 94.3 -5.02 3.98
0 94.78 -5.79 3.36
0 94.53 -3.33 3.28
0 94.47 -1.56 3.06
0 94.66 -1.73 1.79
0 94.33 0.34 2.75
0 94.29 -0.71 2.84
0.17 94.65 -5.06 3.73
0 93.9 -1.26 2.73
0 93.94 -0.66 1.83
0.03 94.15 -3.3 2.45
0.38 94.57 -5.65 3.37
0.14 94.33 -7.77 3.7
0 94.39 -5.93 4.53
0 93.93 -1.05 3.87
0 93.71 0.26 2.92
0 93.93 2.42 1.96
0 94.22 3.39 3.01
0 94.99 -0.86 4.29
0 95 -0.08 2.69
0 94.95 0.75 2.04
0 94.68 2.17 1.85
0 94.32 2.53 1.67
1.43 94.23 3.57 1.91
0 94.76 4.32 1.85
0.53 94.83 4.19 2.18
1.24 94.86 1.48 3
0 94.72 1.06 2.01
0 94.46 2.48 2.04
1.53 94.82 1.62 1.66
12.34 94.52 0.95 1.45
3.08 94.4 2.32 2.61
0.57 94.33 1.25 2.23
0 94.5 1.99 2.14
0 94.3 4.62 2.64
0 94.25 7.6 3.14
0.35 95 3.78 2.67
0 94.82 3.98 2.2
0 94.23 5.66 1.81
0 94.28 8.54 1.95
0 94.19 11.54 2.79
0 93.87 15.45 3.5
0.67 93.59 13.91 3.19
2.02 93.7 10.64 3.37
1.07 93.77 9.5 2.47
0 94.48 8.43 3
0 94.46 8.37 2.12
0 93.52 11.83 3.42
0 94.06 7.38 3.93
0 93.96 6.5 2.54
0 93.34 11.39 3.87
0 92.97 14 2.8
0 93.42 14.99 3.29
0.96 93.67 13.57 2.98
1.53 92.66 13.14 4.68
0.69 92.85 7.15 5.48
3.35 93.17 7.47 3.17
4.67 93.56 8.61 3.25
0 93.97 9.49 2.32
0.05 93.32 12.2 4.68
0 93.53 9.3 2.95
0 93.87 8.1 3.4
0.02 94.52 8.04 3.53
0 94.57 9.8 4.15
0 93.8 13.92 4.09
0 93.25 16.1 3.25
0 92.94 19.5 4.04
0 93.7 16.42 2.44
0 94.07 17.02 2.63
0 94.02 20.07 3.71
5.67 93.93 18.18 5.31
12.52 93.9 14.03 3.44
13.67 93.6 9.27 5.92
0 93.85 10.35 5.94
0 93.74 17.41 3.79
0 93.44 19.21 2.43
0 93.16 19.42 3.9
0.22 93.21 18.17 3.03
0.02 93.36 14.03 4.73
0 93.16 12.12 4.26
1.1 93.42 12.01 4.46
0.18 94.12 13.59 4.24
0 94.07 15.71 2.18
0 93.3 19.73 1.89
0 93.15 22.83 2.14
0 93.18 27.55 3.66
7.79 93.52 25.26 3.29
0.75 93.77 22.97 2.86
17.03 94.03 15.66 3.33
186.39 94.15 9.89 2.12
0.1 93.99 15.9 2.34
0.01 93.59 18.82 2.43
0.07 94.02 16.11 2.92
0 93.59 19.16 2.47
0 93.22 21.53 2.81
0 93.56 21.77 3.93
35.87 93.84 16.68 2.47
1.06 93.32 19.4 2.76
8.12 92.86 19.37 3
0 93.33 17.22 3.22
82.7 93.59 11.63 2.05
0 93.76 15.45 2.23
0 93.76 19.25 2.05
0 93.9 20.78 2.3
26.68 93.58 14.93 2.21
0.72 93.36 18.21 2.69
0.45 93.27 20.46 3.39
0 93.32 20.3 3.28
0 93.66 18.59 2.07
8.91 93.81 17.6 1.87
16.19 94.1 18.03 1.76
0 94.15 20.18 1.92
0 93.77 25.65 2.28
0.71 93.48 26.45 1.67
0.71 93.31 25.68 2.77
28.04 93.22 22.56 2.18
45.57 93.2 20.57 2.55
54.54 93.11 18.77 1.73
7.67 93.17 19.76 2.44
0.61 93.33 20.96 2.11
95.83 93.65 18.18 1.76
134 93.54 16.92 1.53
4.22 93.31 18.9 1.48
5.28 93.3 21.58 1.6
0 93.47 23.63 1.72
14.3 93.36 24.4 2.85
17.1 93.38 25.4 2.83
0.27 93.29 26.23 2.63
17.27 93.18 25.92 2.27
67.43 93.06 25.93 2.16
22.18 93.21 24.5 2.23
1.25 93.32 25.14 2.06
61.54 93.47 23.48 1.69
30.86 93.61 22.62 1.6
65.99 93.38 23.36 2.31
433.07 92.6 22.36 2.26
51.88 92.56 23.3 2.63
37.86 92.72 23.51 2.44
0.78 92.71 23.56 2.07
0 92.97 24.34 1.88
0.43 93.04 27.23 2.43
50.56 92.84 27.39 3.03
35.56 93.26 24.48 2.09
16.29 93.57 25.46 1.68
0 93.7 26.71 1.83
0 93.63 28.07 1.92
0.02 93.36 28.14 2.72
29.33 93.13 26.31 2.36
71.57 93.11 22.61 2.39
46.65 93.81 21.22 2.01
58.76 93.81 21.11 1.3
6.38 93.38 23.34 1.24
1.08 93.5 23.29 1.6
0.76 93.7 23.29 1.86
38.72 93.34 21.42 2.15
0.96 93.59 22.26 2.17
0 94.07 22.55 1.74
0 93.63 22.76 1.62
46.38 93.24 23.07 2.58
0.05 93.4 24.72 1.93
2.36 93.48 25.49 2.21
73.51 93.23 24.18 1.94
519.98 92.66 23.36 1.99
19.32 93.06 24.06 1.56
86.8 93.12 23.49 2.31
38.32 92.97 21.95 1.83
2.05 93.02 23.4 1.99
38.03 92.88 21.93 1.67
56.98 92.69 20.18 1.43
6.96 92.79 22.45 1.59
32.07 93.17 23.3 2.38
69.31 93.54 21.85 2.02
0.96 93.69 22.47 1.7
22.12 93.62 21.68 1.7
47.34 93.54 21.26 1.62
214.34 93.61 19.4 1.9
39.7 93.76 20.28 1.68
42.46 93.89 21.05 1.72
52.36 93.91 21.27 1.77
21.03 93.56 21.74 1.72
2.4 93.34 24.66 1.81
37 93.77 21.65 1.84
290.49 93.65 19.28 1.8
0.02 93.69 19.23 3.42
0 93.78 17.29 3.41
0 94.07 18.28 2.14
24.92 93.8 16 2.31
5.48 94.23 15.25 3
0 94.35 14.05 2.14
0 94.07 16.17 1.99
1.03 94.06 16.82 1.75
2.38 93.89 19.4 1.87
14.99 93.92 18.65 1.96
18.83 93.83 18.9 2.42
3.07 93.68 19.94 2.31
0.11 93.6 19.17 3.55
0 93.5 18.12 1.8
0 93.31 20.16 2.07
0.98 93.78 18.24 2.44
5.88 93.84 18.7 2.04
96.56 93.75 17.04 1.79
0.02 93.99 15.62 2.19
0 94.38 15.11 1.82
0 94.6 15.93 1.76
9.44 94.54 17.98 2.03
10.38 94.37 17.71 1.83
0.64 94 17.97 2.37
0.01 93.82 16.23 2.31
0 93.28 18.1 2.2
0.23 93.72 14.81 2.97
0 94.05 14.45 1.69
2.95 93.41 17.76 2.82
11.06 93.45 15.91 3.56
0 93.6 16.75 3.6
0.17 93.9 16.96 2.23
16.06 93.86 15.4 2.06
21.01 94.17 12.78 2.09
0.04 94.13 9.21 2.36
0 94.01 8.14 3.26
0 93.84 9.28 2.33
0 93.94 12.74 2.61
0.24 94.15 14.32 3.42
0 94.86 8.67 2.31
0 95.21 7.09 2.02
0 94.95 8.82 2.44
0 94.3 12.82 3.12
0 94.09 14 2.73
0 94.4 12.96 1.84
14.37 94.68 11.59 1.51
87.45 95.28 8.28 3.07
27.52 95.29 4.65 2.44
1.2 95.09 4.4 2.63
1.15 94.72 3.44 2.08
0 94.62 4.87 2.69
0.02 95.16 4.07 1.33
27.67 95.21 6.2 1.77
0.07 95.56 4.68 1.8
0 95.33 5.49 1.59
7.96 94.71 8.04 1.56
0.2 94.51 8.62 1.42
0 94.25 10.02 2.41
0.05 94.86 6.76 1.56
15.57 94.96 4.16 1.71
0.33 94.99 4.74 1.56
0 94.82 6.22 1.75
0 94.89 6.74 1.41
0 94.29 8.85 1.52
0.03 94.13 9.51 1.86
0 95.01 5.24 4.37
0 95.49 1.43 3.35
0 94.96 4.13 2.31
0 94.1 6.82 2.82
